2
20
1
4
2
38
2
30
7
52
8
87
1
9
4
38
5
31
7
3
1
3
8
79
7
78
1
41
1
68
4
6
3
59
5
89
1
31
0
3
7
64
3
32
2
29
4
67
1
40
0
10
5
51
3
84
0
70
0
52
1
43
8
17
7
8
5
55
0
28
1
29
0
31
1
28
1
41
7
66
2
29
2
58
6
85
6
22
0
88
4
11
1
21
4
99
3
39
1
83
3
38
1
30
4
91
3
99
1
46
3
3
2
53
7
98
4
37
7
72
1
91
8
62
0
33
1
91
0
17
1
21
1
88
1
39
0
80
3
31
2
99
1
69
2
67
2
46
0
29
7
69
1
84
1
71
0
73
7
21
2
59
3
84
4
79
6
47
0
19
1
65
0
88
4
73
4
42
4
9
6
42
4
91
0
57
4
21
1
55
1
35
4
0
2
12
0
7
7
96
2
91
0
73
3
63
6
76
8
43
8
20
4
35
3
38
1
9
6
15
4
92
1
77
5
61
1
23
4
41
7
21
1
15
3
28
1
81
3
75
5
97
1
3
0
27
0
57
7
28
5
88
5
29
1
89
1
51
0
74
0
62
4
41
2
71
1
30
1
12
1
11
5
34
3
84
2
9
1
7
2
11
4
0
6
16
1
35
1
98
1
61
5
78
3
74
0
9
1
86
0
88
4
6
1
25
1
77
1
49
1
69
2
31
4
51
1
99
3
59
3
69
4
12
2
1
0
58
1
85
1
85
1
71
1
2
1
71
5
39
0
51
2
67
1
92
4
59
9
18
3
31
8
70
1
72
0
35
0
49
1
51
2
49
3
66
8
53
1
34
9
3
5
91
3
18
0
23
2
3
7
45
4
56
1
91
2
81
1
9
1
81
8
40
6
31
0
15
1
18
4
25
1
43
5
89
5
31
0
5
1
43
9
48
1
45
2
99
9
3
1
24
0
46
3
71
9
39
0
29
1
41
1
41
0
65
4
40
1
99
1
31
1
21
3
91
0
61
6
85
1
45
4
26
7
71
3
19
1
39
9
24
0
40
7
64
8
62
6
38
0
57
1
54
7
35
6
31
6
77
1
54
1
31
6
61
9
78
8
24
3
75
3
55
1
11
7
92
0
27
2
59
2
24
1
81
2
83
3
59
2
3
2
64
1
5
1
48
3
5
2
99
3
31
1
86
1
18
2
9
2
66
6
77
0
87
2
1
2
77
1
19
6
38
1
62
2
32
4
73
3
21
2
5
2
54
2
40
1
38
5
13
3
84
4
36
2
78
1
99
1
62
1
77
3
0
4
94
3
7
1
47
0
83
3
29
7
3
7
72
2
11
4
71
7
66
1
72
3
82
0
72
3
84
0
18
1
33
1
68
1
11
6
15
1
91
7
51
4
56
1
11
7
91
8
50
3
48
3
70
0
53
8
16
2
29
1
91
8
16
2
25
3
68
2
71
1
9
9
42
4
98
3
81
0
77
8
20
0
70
4
87
1
75
1
45
3
1
5
51
1
9
3
55
2
24
4
91
8
20
4
61
4
58
1
96
3
32
8
57
3
81
6
64
1
34
3
58
3
66
0
77
8
10
0
54
1
25
0
15
1
69
6
68
1
19
8
17
3
34
4
25
1
72
4
26
5
84
7
19
3
59
1
63
3
9
0
73
0
40
3
21
1
51
2
98
2
82
1
49
5
62
2
27
1
84
2
77
8
38
0
31
1
44
1
51
1
15
0
2
3
37
8
54
1
74
1
49
2
91
1
37
1
37
7
41
1
96
4
52
0
3
1
8
4
28
0
0
3
49
1
69
0
64
2
37
8
16
4
61
2
78
0
94
0
98
1
94
8
73
0
20
4
68
4
79
9
51
7
31
1
67
1
18
4
36
2
51
0
8
4
94
1
26
1
91
6
95
1
16
1
67
5
99
2
41
1
87
9
64
1
99
1
21
9
10
4
3
0
66
2
81
1
39
1
88
3
19
1
21
4
50
1
87
2
42
1
75
0
20
5
88
1
31
2
4
2
41
1
3
3
61
8
70
1
35
1
93
2
31
5
81
0
64
0
32
0
47
1
51
1
24
8
58
4
82
2
96
2
81
3
17
1
85
3
32
9
69
1
68
0
14
0
63
2
94
2
37
1
70
5
15
8
20
1
62
1
68
7
77
2
45
4
31
8
80
6
8
9
14
0
16
7
29
0
11
0
62
3
65
2
62
1
7
1
48
2
93
0
96
1
94
4
45
4
99
1
17
1
65
1
11
1
11
5
29
4
35
1
71
1
1
0
8
6
53
0
70
3
59
2
41
2
24
0
39
2
22
5
61
9
31
1
31
1
55
2
51
2
0
1
25
1
94
9
26
1
71
8
50
4
31
2
64
1
18
2
65
1
61
1
75
0
46
1
91
3
83
9
0
1
20
1
8
0
36
1
6
1
38
3
92
0
89
5
71
1
2
4
7
1
0
5
8
1
73
1
80
3
54
0
28
2
39
3
45
9
29
3
31
2
88
0
84
0
59
1
54
4
23
1
91
0
72
4
99
0
17
3
55
3
99
1
11
1
99
6
1
1
31
3
0
3
99
1
99
1
85
6
11
1
68
5
49
1
92
7
99
6
31
1
49
4
61
8
58
1
51
3
79
1
64
1
73
3
25
3
78
4
88
3
99
4
58
2
61
1
71
4
37
0
57
1
21
1
24
2
28
2
41
4
96
6
74
1
45
1
77
0
93
1
34
4
55
2
58
2
0
1
39
3
1
2
32
3
98
5
54
1
94
0
57
8
29
0
59
1
33
3
0
2
55
3
29
1
91
3
89
7
15
3
71
1
55
1
56
3
82
1
25
9
54
0
42
1
75
0
59
4
70
0
41
1
5
8
41
1
13
1
34
4
78
1
77
1
9
2
91
2
61
1
96
9
73
1
16
2
88
3
71
3
71
1
31
0
28
7
37
0
33
1
49
7
99
3
11
1
36
3
1
9
21
7
4
1
71
0
41
6
19
6
37
2
98
5
6
1
1
3
49
1
49
1
4
2
15
1
33
0
82
5
46
7
54
0
87
1
64
1
96
2
93
1
43
7
42
1
18
0
8
1
41
2
49
2
26
0
59
0
25
4
49
6
37
0
0
1
66
6
51
1
21
3
5
2
84
4
71
1
45
3
28
4
79
1
99
1
21
2
11
1
63
6
88
7
59
1
11
2
34
0
88
6
88
1
61
3
84
4
14
0
7
1
81
5
92
2
22
3
31
7
99
6
18
8
94
3
83
1
98
6
43
3
51
6
31
0
87
1
78
1
99
0
41
9
8
1
31
3
19
0
15
2
61
7
23
7
45
0
87
3
0
0
64
1
1
1
21
0
89
0
89
3
11
5
72
4
29
7
1
3
1
1
81
2
56
2
4
1
71
9
28
8
4
2
27
4
1
2
61
1
17
5
89
2
50
6
8
5
13
0
89
6
35
0
23
3
65
1
9
7
35
8
76
5
85
1
76
2
31
0
80
1
41
1
19
7
69
1
41
1
34
2
6
0
27
2
83
4
51
1
11
1
21
1
54
3
39
1
63
0
58
2
85
3
37
1
77
6
74
0
93
2
5
0
59
1
46
0
88
9
32
2
64
4
51
7
51
3
47
2
17
1
19
2
38
0
62
3
77
3
75
2
98
3
68
1
34
2
49
4
1
0
40
2
25
1
69
3
88
5
3
4
86
1
62
1
7
0
52
6
3
4
31
1
41
1
74
0
59
4
71
2
62
2
16
2
97
1
66
1
86
0
87
1
89
2
67
1
62
1
76
3
18
7
79
9
77
0
8
4
0
0
89
1
99
1
51
3
10
1
17
1
51
1
49
1
3
1
96
0
50
2
84
9
11
8
30
6
95
0
1
1
67
0
54
6
9
2
21
1
94
2
15
1
41
0
45
2
98
8
34
1
61
1
12
0
27
9
11
3
61
1
77
1
66
1
79
3
61
5
89
8
90
8
42
4
1
0
60
7
61
0
32
0
57
0
42
7
21
8
63
3
46
9
41
4
86
4
42
1
53
1
45
1
68
1
78
1
66
2
76
2
26
3
29
0
22
7
31
1
63
9
40
6
1
2
44
0
32
4
61
2
81
1
86
2
65
4
64
3
36
2
74
3
49
1
45
1
49
1
5
7
95
0
27
6
28
7
29
4
31
0
87
1
13
7
39
1
99
1
36
7
11
6
8
0
47
0
23
7
98
0
82
0
24
9
38
3
11
1
12
5
56
3
69
6
47
7
51
1
17
0
64
1
76
0
59
1
31
0
6
1
15
4
92
4
85
0
14
3
27
2
14
3
39
9
54
0
14
1
66
4
37
9
22
1
8
1
43
2
31
0
26
4
7
1
79
1
66
6
67
2
48
0
27
2
48
1
22
1
55
9
0
4
94
1
14
4
96
1
72
7
72
1
11
9
68
4
70
2
58
7
76
3
76
8
66
7
94
8
30
1
35
5
69
1
9
0
94
8
84
2
65
8
59
7
14
1
78
