2
20
1
4
2
38
2
30
3
52
4
87
1
9
4
38
1
34
3
3
3
7
4
79
3
78
1
41
1
68
4
2
3
59
1
89
2
34
0
3
3
64
3
32
2
29
4
67
1
40
0
10
1
51
3
84
0
70
0
52
1
43
5
13
3
8
1
55
0
28
1
25
0
31
1
28
1
41
3
66
2
29
2
58
2
81
2
22
0
88
4
13
1
21
4
99
3
38
1
83
3
38
1
30
4
93
3
96
1
42
3
3
2
53
3
94
4
37
3
72
1
91
4
62
0
33
1
93
0
17
1
25
1
88
3
38
0
80
3
31
2
95
1
67
2
67
2
46
3
28
3
66
1
84
1
71
0
73
3
21
2
55
3
88
4
79
2
47
0
19
1
65
0
88
4
77
4
42
4
9
2
42
4
93
0
59
4
22
1
55
1
31
4
0
2
12
0
7
4
92
2
92
0
73
3
63
2
76
4
47
4
21
4
31
3
38
2
9
2
19
4
92
1
77
1
61
1
23
4
41
3
24
3
19
3
24
3
81
3
75
1
97
1
3
0
27
0
59
3
28
1
84
1
28
1
89
1
54
0
74
0
62
4
45
2
71
1
30
1
12
1
11
1
34
3
84
2
5
1
7
2
15
4
0
2
16
1
35
3
98
1
62
1
78
3
78
0
9
1
86
0
88
4
6
1
25
3
77
1
49
3
67
2
32
4
53
1
99
3
59
3
69
4
16
2
1
0
58
4
89
3
81
1
74
1
2
1
71
1
37
0
51
2
67
1
92
4
57
5
18
3
31
4
69
1
72
0
35
0
49
1
51
2
48
3
66
4
53
1
34
5
4
1
94
3
14
0
23
2
3
3
45
4
52
2
93
2
81
1
5
3
81
4
38
2
31
0
15
2
18
4
29
1
43
1
88
1
31
0
5
2
47
5
48
3
45
2
98
5
4
1
28
0
46
3
72
5
39
3
29
1
41
1
43
0
65
4
40
1
97
1
35
1
21
3
94
0
61
2
85
2
45
4
26
3
75
3
17
1
39
5
24
0
40
3
68
4
66
2
34
0
57
2
54
3
35
2
33
2
77
1
54
1
31
2
65
5
74
4
24
3
75
3
55
1
11
3
96
0
27
2
55
2
24
1
81
2
83
3
57
2
3
2
64
1
5
1
48
3
5
2
99
3
34
1
86
1
18
2
8
2
62
2
77
3
83
2
4
2
73
1
15
2
38
1
62
2
32
4
73
3
25
2
5
2
54
2
40
1
38
1
13
3
84
4
36
2
78
3
98
1
62
2
77
3
0
4
98
3
7
1
43
0
83
3
28
3
7
3
72
2
12
4
71
3
62
1
72
3
82
0
72
3
84
0
18
1
33
1
68
2
12
2
15
1
95
3
51
4
56
1
12
3
93
4
46
3
48
3
70
0
53
4
19
2
25
1
91
4
16
2
21
3
68
2
73
3
8
5
42
4
94
3
81
0
77
4
19
0
70
4
87
1
79
1
45
3
1
1
51
1
8
3
55
2
24
4
91
4
19
4
61
4
58
1
96
3
32
4
57
3
82
2
64
1
34
3
58
3
66
0
77
4
12
0
54
1
21
0
15
1
66
2
68
1
15
5
13
3
34
0
29
1
76
4
22
1
84
3
15
3
58
1
67
3
6
0
73
0
40
3
21
1
53
2
98
2
86
1
45
1
62
2
27
3
84
2
77
4
38
0
31
1
44
1
51
1
11
0
2
3
37
4
51
2
74
2
49
2
91
1
33
1
33
3
41
2
96
4
52
0
3
3
8
4
28
0
0
3
49
1
68
0
64
2
37
4
16
4
63
2
78
0
94
0
98
1
94
4
77
0
20
4
64
4
76
5
55
3
33
1
67
1
18
4
36
2
51
0
8
4
94
1
26
1
91
2
95
1
16
1
67
1
98
2
45
1
83
5
64
1
97
2
24
5
14
4
3
0
66
2
81
1
39
1
84
3
18
1
23
4
50
1
87
2
42
1
75
0
20
1
84
1
34
2
8
2
41
2
7
3
61
4
68
3
31
1
97
2
33
1
84
0
64
0
32
0
47
1
51
1
24
4
58
4
82
2
96
2
84
3
13
1
85
3
32
5
72
1
68
0
14
0
63
2
94
2
37
1
70
1
15
4
24
1
62
1
68
3
73
2
45
4
35
4
79
2
8
5
14
0
16
3
26
0
11
0
62
3
65
2
62
1
3
1
48
2
93
0
96
1
94
4
49
4
99
1
13
1
69
1
11
1
11
1
29
4
39
1
75
1
4
0
8
2
53
0
70
3
59
2
44
2
24
0
39
2
22
1
61
5
35
1
34
1
51
2
51
2
0
1
25
1
94
5
26
1
71
4
54
4
31
2
64
1
18
2
69
1
61
2
75
0
46
1
93
3
83
5
1
1
20
3
4
0
36
1
2
1
38
3
96
0
89
1
71
1
2
4
7
1
0
1
4
1
73
1
80
3
54
2
28
2
39
3
41
5
25
3
31
2
84
0
84
0
57
1
54
4
23
1
93
0
72
4
99
0
17
3
51
3
97
3
11
1
99
2
1
1
31
3
0
3
95
1
99
2
85
2
11
1
64
1
49
1
96
3
98
2
32
1
49
4
61
4
54
1
51
3
79
1
64
3
73
3
29
3
78
4
88
3
96
4
58
2
64
1
71
4
33
0
57
1
25
1
24
2
24
2
44
4
96
2
74
2
41
2
77
0
93
1
34
0
59
2
54
2
0
1
39
3
3
2
32
3
98
1
58
1
94
1
58
4
25
0
57
2
37
3
0
2
59
3
29
1
91
3
89
4
15
3
71
2
55
1
56
3
86
2
25
5
52
0
42
1
71
0
59
4
70
0
41
2
5
4
41
1
17
1
34
4
78
1
77
1
8
2
95
2
61
1
92
5
73
1
16
2
88
3
75
3
73
3
34
1
28
3
37
0
33
2
48
3
97
3
11
2
36
3
5
5
25
3
8
1
73
0
41
2
18
2
37
2
98
1
2
2
4
3
46
1
45
2
4
2
19
1
33
0
82
1
42
4
58
0
87
1
64
1
92
2
97
1
43
3
46
1
18
0
8
1
45
2
45
2
22
1
59
0
25
4
46
2
33
0
0
2
66
2
54
2
21
3
5
2
84
4
72
4
49
3
24
4
79
1
97
1
21
2
15
1
63
2
88
3
57
2
11
2
34
1
88
2
84
1
61
3
84
4
18
0
7
1
84
1
92
2
26
3
34
3
97
2
18
4
91
3
87
3
98
2
43
3
51
2
31
2
87
3
78
1
98
0
41
5
8
1
31
3
19
0
15
2
62
3
23
3
45
1
87
3
0
0
64
2
4
1
21
3
89
0
89
3
11
1
72
4
27
3
1
3
1
1
81
2
56
2
4
2
71
5
24
4
1
2
27
4
1
2
61
3
17
1
89
2
50
2
8
1
13
3
85
2
35
0
23
3
69
1
9
4
35
4
79
1
85
1
76
2
31
0
80
1
41
2
19
3
65
2
45
2
38
2
2
0
28
2
83
4
55
1
11
1
22
1
54
3
39
1
63
2
58
2
81
3
37
1
77
2
74
0
93
2
1
0
58
1
46
0
88
5
32
2
64
4
51
3
53
3
47
2
17
1
19
2
35
0
62
3
73
3
75
2
98
3
68
1
34
2
47
4
2
0
40
2
21
1
69
3
84
1
3
4
82
1
66
1
7
0
52
2
3
4
31
1
44
1
74
2
59
4
74
2
62
2
16
2
97
2
66
1
86
2
83
1
87
2
63
3
62
1
76
3
18
3
79
5
77
0
8
4
0
0
88
1
97
1
53
3
10
3
17
2
51
1
49
1
3
1
92
0
50
2
84
5
7
4
29
2
95
0
1
1
67
0
54
2
8
2
21
1
94
2
15
1
41
0
45
2
98
4
31
3
64
1
12
0
27
5
11
3
63
2
77
2
62
1
77
3
61
1
88
4
91
4
46
4
2
0
60
3
61
0
32
0
59
0
42
3
21
4
63
3
46
5
39
4
86
4
42
1
53
1
49
1
68
1
74
2
66
2
76
2
26
3
29
0
22
3
34
1
67
5
44
2
4
2
44
0
32
4
64
2
84
1
82
2
69
4
64
3
36
2
74
3
49
1
41
3
49
1
1
5
95
1
23
2
28
3
25
4
35
0
87
3
13
3
39
1
96
1
36
3
11
2
8
0
47
0
23
3
98
0
82
0
24
5
38
3
11
3
12
1
56
3
68
2
47
3
54
1
13
0
64
2
76
0
59
2
33
0
6
1
11
4
92
4
85
0
14
3
27
2
14
3
35
5
52
0
14
3
63
4
37
5
22
1
8
1
47
1
31
0
26
4
7
3
77
3
66
2
67
2
48
2
27
2
48
2
22
1
55
5
1
4
98
2
14
4
92
1
72
3
72
1
11
5
68
4
70
2
58
4
72
3
76
4
69
3
94
4
26
1
31
1
69
3
9
0
94
4
84
2
65
4
59
3
14
1
78
