2
20
1
4
2
38
2
30
4
52
5
87
1
9
4
38
2
33
4
3
2
6
5
79
4
78
1
41
1
68
4
3
3
59
2
89
1
33
0
3
4
64
3
32
2
29
4
67
1
40
0
10
2
51
3
84
0
70
0
52
1
43
6
14
4
8
2
55
0
28
1
26
0
31
1
28
1
41
4
66
2
29
2
58
3
82
3
22
0
88
4
12
1
21
4
99
3
39
1
83
3
38
1
30
4
92
3
97
1
43
3
3
2
53
4
95
4
37
4
72
1
91
5
62
0
33
1
92
0
17
1
24
1
88
2
39
0
80
3
31
2
96
1
68
2
67
2
46
2
29
4
67
1
84
1
71
0
73
4
21
2
56
3
87
4
79
3
47
0
19
1
65
0
88
4
76
4
42
4
9
3
42
4
92
0
58
4
21
1
55
1
32
4
0
2
12
0
7
5
93
2
91
0
73
3
63
3
76
5
46
5
21
4
32
3
38
1
9
3
18
4
92
1
77
2
61
1
23
4
41
4
23
2
18
3
25
2
81
3
75
2
97
1
3
0
27
0
58
4
28
2
85
2
29
1
89
1
53
0
74
0
62
4
44
2
71
1
30
1
12
1
11
2
34
3
84
2
6
1
7
2
14
4
0
3
16
1
35
2
98
1
61
2
78
3
77
0
9
1
86
0
88
4
6
1
25
2
77
1
49
2
68
2
31
4
52
1
99
3
59
3
69
4
15
2
1
0
58
3
88
2
82
1
73
1
2
1
71
2
38
0
51
2
67
1
92
4
58
6
18
3
31
5
69
1
72
0
35
0
49
1
51
2
49
3
66
5
53
1
34
6
4
2
93
3
15
0
23
2
3
4
45
4
53
1
92
2
81
1
6
2
81
5
39
3
31
0
15
1
18
4
28
1
43
2
89
2
31
0
5
1
46
6
48
2
45
2
99
6
4
1
27
0
46
3
71
6
39
2
29
1
41
1
42
0
65
4
40
1
98
1
34
1
21
3
93
0
61
3
85
1
45
4
26
4
74
3
18
1
39
6
24
0
40
4
67
5
65
3
35
0
57
1
54
4
35
3
32
3
77
1
54
1
31
3
64
6
75
5
24
3
75
3
55
1
11
4
95
0
27
2
56
2
24
1
81
2
83
3
58
2
3
2
64
1
5
1
48
3
5
2
99
3
33
1
86
1
18
2
9
2
63
3
77
2
84
2
3
2
74
1
16
3
38
1
62
2
32
4
73
3
24
2
5
2
54
2
40
1
38
2
13
3
84
4
36
2
78
2
99
1
62
1
77
3
0
4
97
3
7
1
44
0
83
3
29
4
6
4
72
2
11
4
71
4
63
1
72
3
82
0
72
3
84
0
18
1
33
1
68
1
11
3
15
1
94
4
51
4
56
1
11
4
92
5
47
3
48
3
70
0
53
5
18
2
26
1
91
5
16
2
22
3
68
2
72
2
9
6
42
4
95
3
81
0
77
5
19
0
70
4
87
1
78
1
45
3
1
2
51
1
9
3
55
2
24
4
91
5
19
4
61
4
58
1
96
3
32
5
57
3
81
3
64
1
34
3
58
3
66
0
77
5
11
0
54
1
22
0
15
1
67
3
68
1
16
6
14
3
34
1
28
1
75
4
23
2
84
4
16
3
59
1
66
3
7
0
73
0
40
3
21
1
52
2
98
2
85
1
46
2
62
2
27
2
84
2
77
5
38
0
31
1
44
1
51
1
12
0
2
3
37
5
52
1
74
1
49
2
91
1
34
1
34
4
41
1
96
4
52
0
3
2
8
4
28
0
0
3
49
1
69
0
64
2
37
5
16
4
62
2
78
0
94
0
98
1
94
5
76
0
20
4
65
4
77
6
54
4
32
1
67
1
18
4
36
2
51
0
8
4
94
1
26
1
91
3
95
1
16
1
67
2
99
2
44
1
84
6
64
1
98
1
23
6
13
4
3
0
66
2
81
1
39
1
85
3
19
1
22
4
50
1
87
2
42
1
75
0
20
2
85
1
33
2
7
2
41
1
6
3
61
5
69
2
32
1
96
2
32
2
83
0
64
0
32
0
47
1
51
1
24
5
58
4
82
2
96
2
83
3
14
1
85
3
32
6
71
1
68
0
14
0
63
2
94
2
37
1
70
2
15
5
23
1
62
1
68
4
74
2
45
4
34
5
79
3
8
6
14
0
16
4
27
0
11
0
62
3
65
2
62
1
4
1
48
2
93
0
96
1
94
4
48
4
99
1
14
1
68
1
11
1
11
2
29
4
38
1
74
1
3
0
8
3
53
0
70
3
59
2
43
2
24
0
39
2
22
2
61
6
34
1
33
1
52
2
51
2
0
1
25
1
94
6
26
1
71
5
53
4
31
2
64
1
18
2
68
1
61
1
75
0
46
1
92
3
83
6
1
1
20
2
5
0
36
1
3
1
38
3
95
0
89
2
71
1
2
4
7
1
0
2
5
1
73
1
80
3
54
1
28
2
39
3
42
6
26
3
31
2
85
0
84
0
58
1
54
4
23
1
92
0
72
4
99
0
17
3
52
3
98
2
11
1
99
3
1
1
31
3
0
3
96
1
99
1
85
3
11
1
65
2
49
1
95
4
99
3
31
1
49
4
61
5
55
1
51
3
79
1
64
2
73
3
28
3
78
4
88
3
97
4
58
2
63
1
71
4
34
0
57
1
24
1
24
2
25
2
43
4
96
3
74
1
42
1
77
0
93
1
34
1
58
2
55
2
0
1
39
3
2
2
32
3
98
2
57
1
94
0
57
5
26
0
58
1
36
3
0
2
58
3
29
1
91
3
89
5
15
3
71
1
55
1
56
3
85
1
25
6
53
0
42
1
72
0
59
4
70
0
41
1
5
5
41
1
16
1
34
4
78
1
77
1
9
2
94
2
61
1
93
6
73
1
16
2
88
3
74
3
72
2
33
0
28
4
37
0
33
1
49
4
98
3
11
1
36
3
4
6
24
4
7
1
72
0
41
3
19
3
37
2
98
2
3
1
3
3
47
1
46
1
4
2
18
1
33
0
82
2
43
5
57
0
87
1
64
1
93
2
96
1
43
4
45
1
18
0
8
1
44
2
46
2
23
1
59
0
25
4
47
3
34
0
0
1
66
3
53
1
21
3
5
2
84
4
71
3
48
3
25
4
79
1
98
1
21
2
14
1
63
3
88
4
58
1
11
2
34
0
88
3
85
1
61
3
84
4
17
0
7
1
83
2
92
2
25
3
33
4
98
3
18
5
92
3
86
2
98
3
43
3
51
3
31
1
87
2
78
1
99
0
41
6
8
1
31
3
19
0
15
2
61
4
23
4
45
0
87
3
0
0
64
1
3
1
21
2
89
0
89
3
11
2
72
4
28
4
1
3
1
1
81
2
56
2
4
1
71
6
25
5
2
2
27
4
1
2
61
2
17
2
89
2
50
3
8
2
13
2
86
3
35
0
23
3
68
1
9
5
35
5
78
2
85
1
76
2
31
0
80
1
41
1
19
4
66
1
44
1
37
2
3
0
27
2
83
4
54
1
11
1
21
1
54
3
39
1
63
1
58
2
82
3
37
1
77
3
74
0
93
2
2
0
59
1
46
0
88
6
32
2
64
4
51
4
52
3
47
2
17
1
19
2
35
0
62
3
74
3
75
2
98
3
68
1
34
2
48
4
1
0
40
2
22
1
69
3
85
2
3
4
83
1
65
1
7
0
52
3
3
4
31
1
43
1
74
1
59
4
73
2
62
2
16
2
97
1
66
1
86
1
84
1
88
2
64
2
62
1
76
3
18
4
79
6
77
0
8
4
0
0
89
1
98
1
52
3
10
2
17
1
51
1
49
1
3
1
93
0
50
2
84
6
8
5
29
3
95
0
1
1
67
0
54
3
9
2
21
1
94
2
15
1
41
0
45
2
98
5
32
2
63
1
12
0
27
6
11
3
62
1
77
1
63
1
78
3
61
2
89
5
91
5
45
4
1
0
60
4
61
0
32
0
58
0
42
4
21
5
63
3
46
6
39
4
86
4
42
1
53
1
48
1
68
1
75
1
66
2
76
2
26
3
29
0
22
4
33
1
66
6
43
3
3
2
44
0
32
4
63
2
83
1
83
2
68
4
64
3
36
2
74
3
49
1
42
2
49
1
2
6
95
1
24
3
28
4
26
4
34
0
87
2
13
4
39
1
97
1
36
4
11
3
8
0
47
0
23
4
98
0
82
0
24
6
38
3
11
2
12
2
56
3
69
3
47
4
53
1
14
0
64
1
76
0
59
1
32
0
6
1
12
4
92
4
85
0
14
3
27
2
14
3
36
6
53
0
14
2
63
4
37
6
22
1
8
1
46
1
31
0
26
4
7
2
78
2
66
3
67
2
48
1
27
2
48
1
22
1
55
6
1
4
97
1
14
4
93
1
72
4
72
1
11
6
68
4
70
2
58
5
73
3
76
5
68
4
94
5
27
1
32
2
69
2
9
0
94
5
84
2
65
5
59
4
14
1
78
