2
20
1
4
2
38
2
30
8
52
9
87
1
9
4
38
6
31
8
3
1
2
9
79
8
78
1
41
1
68
4
7
3
59
6
89
1
31
0
3
8
63
3
32
2
29
4
67
1
40
0
10
6
51
3
84
0
70
0
52
1
43
9
18
8
8
6
55
0
28
1
29
0
31
1
28
1
41
8
66
2
29
2
58
7
86
7
22
0
88
4
11
1
21
4
99
3
39
1
83
3
38
1
30
4
91
3
99
1
47
3
3
2
53
8
99
4
37
8
72
1
91
9
62
0
33
1
91
0
17
1
21
1
88
1
39
0
80
3
31
2
99
1
69
2
67
2
46
0
29
8
70
1
84
1
71
0
73
8
21
2
59
3
83
4
79
7
47
0
19
1
65
0
88
4
72
4
42
4
9
7
42
4
91
0
57
4
21
1
55
1
36
4
0
2
12
0
7
8
97
2
91
0
73
3
63
7
76
9
42
9
19
4
36
3
38
1
9
7
14
4
92
1
77
6
61
1
23
4
41
8
20
1
14
3
29
1
81
3
75
6
97
1
3
0
27
0
57
8
28
6
89
6
29
1
89
1
51
0
74
0
62
4
41
2
71
1
30
1
12
1
11
6
34
3
84
2
9
1
7
2
11
4
0
7
16
1
35
1
98
1
61
6
78
3
73
0
9
1
86
0
88
4
6
1
25
1
77
1
49
1
69
2
31
4
51
1
99
3
59
3
69
4
11
2
1
0
58
1
84
1
86
1
71
1
2
1
71
6
39
0
51
2
67
1
92
4
59
9
18
3
31
9
71
1
72
0
35
0
49
1
51
2
49
3
66
9
53
1
34
9
3
6
91
3
19
0
23
2
3
7
45
4
57
1
91
2
81
1
9
1
81
9
41
7
31
0
15
1
18
4
24
1
43
6
89
6
31
0
5
1
42
9
48
1
45
2
99
9
3
1
23
0
46
3
71
9
39
0
29
1
41
1
41
0
65
4
40
1
99
1
31
1
21
3
91
0
61
7
85
1
45
4
26
8
70
3
19
1
39
9
24
0
40
8
63
9
61
7
39
0
57
1
54
7
35
7
31
7
77
1
54
1
31
7
61
9
79
9
24
3
75
3
55
1
11
8
91
0
27
2
59
2
24
1
81
2
83
3
59
2
3
2
64
1
5
1
48
3
5
2
99
3
31
1
86
1
18
2
9
2
67
7
77
0
88
2
1
2
78
1
19
7
38
1
62
2
32
4
73
3
21
2
5
2
54
2
40
1
38
6
13
3
84
4
36
2
78
1
99
1
62
1
77
3
0
4
93
3
7
1
48
0
83
3
29
8
2
8
72
2
11
4
71
8
67
1
72
3
82
0
72
3
84
0
18
1
33
1
68
1
11
7
15
1
91
8
51
4
56
1
11
8
90
9
51
3
48
3
70
0
53
9
16
2
29
1
91
9
16
2
26
3
68
2
71
1
9
9
42
4
99
3
81
0
77
9
21
0
70
4
87
1
74
1
45
3
1
6
51
1
9
3
55
2
24
4
91
9
21
4
61
4
58
1
96
3
32
9
57
3
81
7
64
1
34
3
58
3
66
0
77
9
9
0
54
1
26
0
15
1
69
7
68
1
19
9
18
3
34
5
24
1
71
4
27
6
84
8
20
3
59
1
62
3
9
0
73
0
40
3
21
1
51
2
98
2
81
1
49
6
62
2
27
1
84
2
77
9
38
0
31
1
44
1
51
1
16
0
2
3
37
9
54
1
74
1
49
2
91
1
38
1
38
8
41
1
96
4
52
0
3
1
8
4
28
0
0
3
49
1
69
0
64
2
37
9
16
4
61
2
78
0
94
0
98
1
94
9
72
0
20
4
69
4
79
10
51
8
30
1
67
1
18
4
36
2
51
0
8
4
94
1
26
1
91
7
95
1
16
1
67
6
99
2
41
1
88
9
64
1
99
1
21
9
9
4
3
0
66
2
81
1
39
1
89
3
19
1
21
4
50
1
87
2
42
1
75
0
20
6
89
1
31
2
3
2
41
1
2
3
61
9
71
1
36
1
92
2
31
6
81
0
64
0
32
0
47
1
51
1
24
9
58
4
82
2
96
2
81
3
18
1
85
3
32
9
68
1
68
0
14
0
63
2
94
2
37
1
70
6
15
9
19
1
62
1
68
8
78
2
45
4
31
9
81
7
8
9
14
0
16
8
30
0
11
0
62
3
65
2
62
1
8
1
48
2
93
0
96
1
94
4
44
4
99
1
18
1
64
1
11
1
11
6
29
4
34
1
71
1
1
0
8
7
53
0
70
3
59
2
41
2
24
0
39
2
22
6
61
9
30
1
31
1
56
2
51
2
0
1
25
1
94
9
26
1
71
9
49
4
31
2
64
1
18
2
64
1
61
1
75
0
46
1
91
3
83
9
0
1
20
1
9
0
36
1
7
1
38
3
91
0
89
6
71
1
2
4
7
1
0
6
9
1
73
1
80
3
54
0
28
2
39
3
46
9
30
3
31
2
89
0
84
0
59
1
54
4
23
1
91
0
72
4
99
0
17
3
56
3
99
1
11
1
99
7
1
1
31
3
0
3
99
1
99
1
85
7
11
1
69
6
49
1
91
8
99
7
31
1
49
4
61
9
59
1
51
3
79
1
64
1
73
3
24
3
78
4
88
3
99
4
58
2
61
1
71
4
38
0
57
1
21
1
24
2
29
2
41
4
96
7
74
1
46
1
77
0
93
1
34
5
54
2
59
2
0
1
39
3
1
2
32
3
98
6
53
1
94
0
57
9
30
0
59
1
32
3
0
2
54
3
29
1
91
3
89
7
15
3
71
1
55
1
56
3
81
1
25
9
54
0
42
1
76
0
59
4
70
0
41
1
5
9
41
1
12
1
34
4
78
1
77
1
9
2
91
2
61
1
97
9
73
1
16
2
88
3
71
3
71
1
31
0
28
8
37
0
33
1
49
8
99
3
11
1
36
3
1
10
21
8
3
1
71
0
41
7
19
7
37
2
98
6
7
1
1
3
49
1
49
1
4
2
14
1
33
0
82
6
47
8
53
0
87
1
64
1
97
2
92
1
43
8
41
1
18
0
8
1
41
2
49
2
27
0
59
0
25
4
49
7
38
0
0
1
66
7
51
1
21
3
5
2
84
4
71
1
44
3
29
4
79
1
99
1
21
2
11
1
63
7
88
8
60
1
11
2
34
0
88
7
89
1
61
3
84
4
13
0
7
1
81
6
92
2
21
3
31
8
99
7
18
9
94
3
82
1
98
7
43
3
51
7
31
0
87
1
78
1
99
0
41
9
8
1
31
3
19
0
15
2
61
8
23
7
45
0
87
3
0
0
64
1
1
1
21
0
89
0
89
3
11
6
72
4
29
8
1
3
1
1
81
2
56
2
4
1
71
9
29
9
4
2
27
4
1
2
61
1
17
6
89
2
50
7
8
6
13
0
89
7
35
0
23
3
64
1
9
7
35
9
76
6
85
1
76
2
31
0
80
1
41
1
19
8
70
1
41
1
33
2
7
0
27
2
83
4
51
1
11
1
21
1
54
3
39
1
63
0
58
2
86
3
37
1
77
7
74
0
93
2
6
0
59
1
46
0
88
9
32
2
64
4
51
8
50
3
47
2
17
1
19
2
39
0
62
3
78
3
75
2
98
3
68
1
34
2
49
4
1
0
40
2
26
1
69
3
89
6
3
4
87
1
61
1
7
0
52
7
3
4
31
1
41
1
74
0
59
4
71
2
62
2
16
2
97
1
66
1
86
0
88
1
89
2
68
1
62
1
76
3
18
8
80
9
77
0
8
4
0
0
89
1
99
1
51
3
10
1
17
1
51
1
49
1
3
1
97
0
50
2
84
9
12
9
31
7
95
0
1
1
67
0
54
7
9
2
21
1
94
2
15
1
41
0
45
2
98
9
34
1
61
1
12
0
27
9
11
3
61
1
77
1
67
1
79
3
61
6
89
9
89
9
41
4
1
0
60
8
61
0
32
0
57
0
42
8
21
9
63
3
46
9
42
4
86
4
42
1
53
1
44
1
68
1
79
1
66
2
76
2
26
3
29
0
22
8
30
1
62
9
39
7
1
2
44
0
32
4
61
2
81
0
87
2
64
4
64
3
36
2
74
3
49
1
46
1
49
1
6
7
95
0
28
7
28
8
30
4
31
0
87
1
13
8
40
1
99
1
36
8
11
7
8
0
47
0
23
8
98
0
82
0
24
9
38
3
11
1
12
6
56
3
69
7
47
8
50
1
18
0
64
1
76
0
59
1
31
0
6
1
16
4
92
4
85
0
14
3
27
2
14
3
39
9
54
0
14
1
67
4
37
10
22
1
8
1
42
2
31
0
26
4
7
1
79
1
66
7
67
2
48
0
27
2
48
1
22
1
55
9
0
4
93
1
14
4
97
1
72
8
72
1
11
9
68
4
70
2
58
8
77
3
76
9
66
8
94
9
31
1
36
6
69
1
9
0
94
9
84
2
65
9
59
8
13
1
78
