2
20
1
4
2
38
2
30
6
52
7
87
1
9
4
38
4
31
6
3
1
4
7
79
6
78
1
41
1
68
4
5
3
59
4
89
1
31
0
3
6
64
3
32
2
29
4
67
1
40
0
10
4
51
3
84
0
70
0
52
1
43
7
16
6
8
4
55
0
28
1
28
0
31
1
28
1
41
6
66
2
29
2
58
5
84
5
22
0
88
4
11
1
21
4
99
3
39
1
83
3
38
1
30
4
91
3
99
1
45
3
3
2
53
6
97
4
37
6
72
1
91
7
62
0
33
1
91
0
17
1
22
1
88
1
39
0
80
3
31
2
98
1
69
2
67
2
46
0
29
6
69
1
84
1
71
0
73
6
21
2
58
3
85
4
79
5
47
0
19
1
65
0
88
4
74
4
42
4
9
5
42
4
91
0
57
4
21
1
55
1
34
4
0
2
12
0
7
7
95
2
91
0
73
3
63
5
76
7
44
7
21
4
34
3
38
1
9
5
16
4
92
1
77
4
61
1
23
4
41
6
21
1
16
3
27
1
81
3
75
4
97
1
3
0
27
0
57
6
28
4
87
4
29
1
89
1
51
0
74
0
62
4
42
2
71
1
30
1
12
1
11
4
34
3
84
2
8
1
7
2
12
4
0
5
16
1
35
1
98
1
61
4
78
3
75
0
9
1
86
0
88
4
6
1
25
1
77
1
49
1
69
2
31
4
51
1
99
3
59
3
69
4
13
2
1
0
58
1
86
1
84
1
71
1
2
1
71
4
39
0
51
2
67
1
92
4
59
8
18
3
31
7
69
1
72
0
35
0
49
1
51
2
49
3
66
7
53
1
34
8
3
4
91
3
17
0
23
2
3
6
45
4
55
1
91
2
81
1
8
1
81
7
39
5
31
0
15
1
18
4
26
1
43
4
89
4
31
0
5
1
44
8
48
1
45
2
99
8
3
1
25
0
46
3
71
8
39
0
29
1
41
1
41
0
65
4
40
1
99
1
32
1
21
3
91
0
61
5
85
1
45
4
26
6
72
3
19
1
39
8
24
0
40
6
65
7
63
5
37
0
57
1
54
6
35
5
31
5
77
1
54
1
31
5
62
8
77
7
24
3
75
3
55
1
11
6
93
0
27
2
58
2
24
1
81
2
83
3
59
2
3
2
64
1
5
1
48
3
5
2
99
3
31
1
86
1
18
2
9
2
65
5
77
1
86
2
1
2
76
1
18
5
38
1
62
2
32
4
73
3
22
2
5
2
54
2
40
1
38
4
13
3
84
4
36
2
78
1
99
1
62
1
77
3
0
4
95
3
7
1
46
0
83
3
29
6
4
6
72
2
11
4
71
6
65
1
72
3
82
0
72
3
84
0
18
1
33
1
68
1
11
5
15
1
92
6
51
4
56
1
11
6
91
7
49
3
48
3
70
0
53
7
16
2
28
1
91
7
16
2
24
3
68
2
71
1
9
8
42
4
97
3
81
0
77
7
19
0
70
4
87
1
76
1
45
3
1
4
51
1
9
3
55
2
24
4
91
7
19
4
61
4
58
1
96
3
32
7
57
3
81
5
64
1
34
3
58
3
66
0
77
7
11
0
54
1
24
0
15
1
69
5
68
1
18
7
16
3
34
3
26
1
73
4
25
4
84
6
18
3
59
1
64
3
9
0
73
0
40
3
21
1
51
2
98
2
83
1
48
4
62
2
27
1
84
2
77
7
38
0
31
1
44
1
51
1
14
0
2
3
37
7
54
1
74
1
49
2
91
1
36
1
36
6
41
1
96
4
52
0
3
1
8
4
28
0
0
3
49
1
69
0
64
2
37
7
16
4
61
2
78
0
94
0
98
1
94
7
74
0
20
4
67
4
79
8
52
6
31
1
67
1
18
4
36
2
51
0
8
4
94
1
26
1
91
5
95
1
16
1
67
4
99
2
42
1
86
8
64
1
99
1
21
8
11
4
3
0
66
2
81
1
39
1
87
3
19
1
21
4
50
1
87
2
42
1
75
0
20
4
87
1
31
2
5
2
41
1
4
3
61
7
69
1
34
1
94
2
31
4
81
0
64
0
32
0
47
1
51
1
24
7
58
4
82
2
96
2
81
3
16
1
85
3
32
8
70
1
68
0
14
0
63
2
94
2
37
1
70
4
15
7
21
1
62
1
68
6
76
2
45
4
32
7
79
5
8
8
14
0
16
6
29
0
11
0
62
3
65
2
62
1
6
1
48
2
93
0
96
1
94
4
46
4
99
1
16
1
66
1
11
1
11
4
29
4
36
1
72
1
1
0
8
5
53
0
70
3
59
2
41
2
24
0
39
2
22
4
61
8
32
1
31
1
54
2
51
2
0
1
25
1
94
8
26
1
71
7
51
4
31
2
64
1
18
2
66
1
61
1
75
0
46
1
91
3
83
8
0
1
20
1
7
0
36
1
5
1
38
3
93
0
89
4
71
1
2
4
7
1
0
4
7
1
73
1
80
3
54
0
28
2
39
3
44
8
28
3
31
2
87
0
84
0
59
1
54
4
23
1
91
0
72
4
99
0
17
3
54
3
99
1
11
1
99
5
1
1
31
3
0
3
98
1
99
1
85
5
11
1
67
4
49
1
93
6
99
5
31
1
49
4
61
7
57
1
51
3
79
1
64
1
73
3
26
3
78
4
88
3
99
4
58
2
61
1
71
4
36
0
57
1
22
1
24
2
27
2
41
4
96
5
74
1
44
1
77
0
93
1
34
3
56
2
57
2
0
1
39
3
1
2
32
3
98
4
55
1
94
0
57
7
28
0
59
1
34
3
0
2
56
3
29
1
91
3
89
7
15
3
71
1
55
1
56
3
83
1
25
8
54
0
42
1
74
0
59
4
70
0
41
1
5
7
41
1
14
1
34
4
78
1
77
1
9
2
92
2
61
1
95
8
73
1
16
2
88
3
72
3
71
1
31
0
28
6
37
0
33
1
49
6
99
3
11
1
36
3
2
8
22
6
5
1
71
0
41
5
19
5
37
2
98
4
5
1
1
3
49
1
48
1
4
2
16
1
33
0
82
4
45
7
55
0
87
1
64
1
95
2
94
1
43
6
43
1
18
0
8
1
42
2
48
2
25
0
59
0
25
4
49
5
36
0
0
1
66
5
51
1
21
3
5
2
84
4
71
1
46
3
27
4
79
1
99
1
21
2
12
1
63
5
88
6
59
1
11
2
34
0
88
5
87
1
61
3
84
4
15
0
7
1
81
4
92
2
23
3
31
6
99
5
18
7
94
3
84
1
98
5
43
3
51
5
31
0
87
1
78
1
99
0
41
8
8
1
31
3
19
0
15
2
61
6
23
6
45
0
87
3
0
0
64
1
1
1
21
0
89
0
89
3
11
4
72
4
29
6
1
3
1
1
81
2
56
2
4
1
71
8
27
7
4
2
27
4
1
2
61
1
17
4
89
2
50
5
8
4
13
0
88
5
35
0
23
3
66
1
9
7
35
7
76
4
85
1
76
2
31
0
80
1
41
1
19
6
68
1
42
1
35
2
5
0
27
2
83
4
52
1
11
1
21
1
54
3
39
1
63
0
58
2
84
3
37
1
77
5
74
0
93
2
4
0
59
1
46
0
88
8
32
2
64
4
51
6
51
3
47
2
17
1
19
2
37
0
62
3
76
3
75
2
98
3
68
1
34
2
49
4
1
0
40
2
24
1
69
3
87
4
3
4
85
1
63
1
7
0
52
5
3
4
31
1
41
1
74
0
59
4
71
2
62
2
16
2
97
1
66
1
86
1
86
1
89
2
66
1
62
1
76
3
18
6
79
8
77
0
8
4
0
0
89
1
99
1
51
3
10
1
17
1
51
1
49
1
3
1
95
0
50
2
84
8
10
7
29
5
95
0
1
1
67
0
54
5
9
2
21
1
94
2
15
1
41
0
45
2
98
7
34
1
61
1
12
0
27
8
11
3
61
1
77
1
65
1
79
3
61
4
89
7
91
7
43
4
1
0
60
6
61
0
32
0
57
0
42
6
21
7
63
3
46
8
40
4
86
4
42
1
53
1
46
1
68
1
77
1
66
2
76
2
26
3
29
0
22
6
31
1
64
8
41
5
1
2
44
0
32
4
61
2
81
1
85
2
66
4
64
3
36
2
74
3
49
1
44
1
49
1
4
7
95
1
26
5
28
6
28
4
32
0
87
1
13
6
39
1
99
1
36
6
11
5
8
0
47
0
23
6
98
0
82
0
24
8
38
3
11
1
12
4
56
3
69
5
47
6
51
1
16
0
64
1
76
0
59
1
31
0
6
1
14
4
92
4
85
0
14
3
27
2
14
3
38
8
54
0
14
1
65
4
37
8
22
1
8
1
44
2
31
0
26
4
7
1
79
1
66
5
67
2
48
0
27
2
48
1
22
1
55
8
0
4
95
1
14
4
95
1
72
6
72
1
11
8
68
4
70
2
58
7
75
3
76
7
66
6
94
7
29
1
34
4
69
1
9
0
94
7
84
2
65
7
59
6
14
1
78
