8
68
4
59
5
88
4
29
4
62
7
59
6
49
5
79
7
39
8
28
8
17
7
44
8
35
6
86
8
16
7
45
5
59
7
39
5
58
7
49
3
85
6
1
4
19
4
79
7
24
7
7
7
9
4
56
4
89
4
56
5
49
4
74
6
9
4
59
4
49
5
49
5
69
7
69
6
59
4
79
7
39
4
29
8
70
8
89
6
34
6
19
6
98
4
7
6
89
7
45
6
9
5
36
4
24
6
18
8
50
6
35
5
9
6
79
5
57
6
98
6
99
7
89
5
19
8
97
7
36
7
61
4
66
5
9
8
20
7
87
4
95
4
99
4
39
8
8
5
24
8
87
8
70
7
76
8
20
4
19
6
69
0
60
5
35
7
64
6
55
4
73
6
37
4
39
8
20
5
45
8
45
7
9
4
69
5
25
4
56
0
40
4
96
5
78
7
49
5
15
5
99
4
79
4
29
4
69
4
79
5
99
6
89
4
79
5
58
1
70
4
89
8
40
4
99
4
38
6
9
5
36
8
49
8
56
5
41
7
95
0
30
6
34
6
19
5
28
5
89
4
49
4
17
6
89
7
16
7
37
4
79
4
47
4
29
4
24
7
39
8
19
5
88
8
37
7
56
0
40
8
90
5
39
6
18
8
18
4
39
5
74
4
19
5
89
7
59
6
49
6
29
7
69
6
64
5
89
8
67
4
89
8
36
7
99
6
9
5
49
8
15
4
64
8
40
7
29
4
38
7
65
8
80
6
59
7
43
8
16
8
17
6
19
7
7
7
17
4
7
5
57
7
9
7
39
4
5
7
67
6
9
4
76
5
89
8
26
7
19
4
79
7
49
6
19
6
65
4
19
4
69
8
99
8
96
4
49
7
59
8
66
6
19
7
45
6
75
6
77
7
98
8
15
8
77
8
30
5
76
7
99
4
55
6
99
0
80
4
86
7
79
6
59
8
90
4
9
5
9
0
10
5
15
8
80
5
9
7
56
7
9
7
45
7
84
6
58
7
54
7
88
5
69
4
45
6
78
6
45
5
36
8
67
6
49
4
26
7
29
6
96
0
20
5
29
4
37
7
84
7
86
6
59
6
15
6
69
4
89
6
67
5
46
7
59
5
39
7
39
6
9
6
63
5
39
6
64
4
99
8
71
2
91
7
68
4
99
5
84
5
34
6
94
6
9
8
70
7
1
5
18
7
96
7
35
5
35
6
84
4
39
2
44
5
27
4
59
7
28
4
59
4
59
3
28
6
9
8
67
4
65
5
46
8
20
5
98
5
29
4
49
8
79
6
38
7
66
5
8
6
59
5
39
7
31
7
7
6
59
8
38
6
58
7
74
7
79
2
13
8
8
8
46
4
95
8
89
5
37
4
49
0
89
7
19
4
59
5
16
6
29
7
47
6
19
5
89
6
99
5
74
8
70
6
96
6
69
8
80
7
9
7
68
6
59
5
79
0
90
4
39
4
59
8
66
6
89
1
98
8
96
7
67
4
88
8
80
8
88
4
34
7
88
4
39
8
50
6
38
2
45
7
49
5
54
6
9
6
15
7
48
7
88
2
69
6
39
5
79
6
12
7
23
4
9
7
88
6
84
4
87
2
58
8
40
7
19
6
49
7
38
4
9
8
80
7
5
6
56
4
9
4
64
6
29
4
11
5
19
2
27
8
67
5
19
4
49
5
99
6
49
6
49
5
89
6
54
7
49
7
69
4
58
8
5
0
2
5
46
4
37
5
58
6
5
4
89
6
67
5
49
6
29
8
80
4
95
7
47
5
39
8
5
8
80
5
29
7
26
8
76
8
86
6
55
5
88
2
44
4
58
4
67
7
29
8
6
7
9
7
9
7
28
1
21
6
19
4
46
6
84
8
89
4
78
8
88
5
89
7
19
7
15
4
16
8
20
7
49
5
74
7
95
7
75
8
68
5
37
1
46
5
51
6
19
8
60
6
89
5
44
1
36
6
59
8
99
5
95
8
90
4
98
6
75
4
49
4
69
4
99
7
39
4
99
7
99
5
59
7
99
7
48
8
90
6
78
1
11
7
68
6
69
8
10
4
6
8
40
6
74
7
99
8
70
5
99
6
39
5
64
7
99
7
69
4
99
5
99
7
39
7
19
4
39
5
39
5
69
7
35
8
80
7
57
4
86
7
35
8
70
6
4
8
62
7
24
5
69
8
57
0
90
5
78
8
60
7
39
7
44
4
99
7
49
7
85
8
10
6
17
8
28
4
66
4
29
8
97
0
40
8
80
6
19
5
36
7
35
5
36
5
59
0
60
8
10
7
19
5
19
4
16
8
35
4
19
0
77
7
59
4
9
5
98
4
46
6
89
8
70
8
17
5
28
6
79
4
69
7
62
5
88
6
98
5
4
5
9
5
9
4
26
8
8
8
80
8
56
8
17
4
19
0
89
4
38
5
45
1
57
3
70
7
35
6
9
4
18
6
89
6
97
4
39
8
70
8
68
2
79
6
39
7
56
5
29
5
75
4
29
5
28
6
64
4
49
5
15
6
78
6
69
1
91
8
38
4
99
4
85
5
48
5
67
6
47
4
63
8
87
7
62
6
64
5
89
7
95
0
0
4
19
7
74
8
30
7
77
4
66
4
39
4
91
4
39
7
59
4
59
7
85
6
97
4
17
8
95
6
98
4
39
4
12
2
89
4
84
8
65
8
5
5
19
4
47
7
24
8
99
7
65
4
69
7
47
8
80
5
19
4
4
8
8
1
17
5
9
4
47
8
60
8
59
7
49
4
74
4
29
6
69
5
76
1
11
7
9
6
89
6
49
7
81
5
79
7
76
6
9
7
24
7
27
3
31
8
79
5
58
0
80
8
11
6
98
4
7
8
60
5
39
7
27
4
65
7
64
7
7
5
75
5
38
8
40
8
10
8
59
5
74
8
19
8
79
6
94
4
55
8
70
7
29
5
65
3
28
4
77
3
85
5
75
8
25
4
87
8
28
7
59
6
69
4
69
8
36
6
5
4
61
7
49
6
29
4
97
7
91
6
16
4
79
4
79
5
56
1
69
6
39
4
45
5
57
4
69
6
58
5
49
4
48
8
95
8
20
7
7
2
75
6
65
5
29
3
95
8
5
5
69
7
29
5
48
6
59
7
69
4
75
7
46
5
49
7
1
8
9
5
79
0
20
8
68
4
97
4
97
6
29
8
96
2
1
6
99
3
66
7
38
4
59
5
37
4
29
5
99
4
98
8
26
7
39
4
64
5
88
8
89
6
39
4
19
6
57
4
77
5
35
7
89
0
20
5
46
8
37
2
9
5
77
7
29
7
56
7
88
5
29
6
97
7
16
6
85
5
61
8
85
5
65
5
34
4
68
7
24
4
59
7
99
5
59
8
68
0
17
4
6
6
29
4
58
4
34
8
8
8
69
5
35
8
57
4
46
7
89
4
59
4
89
5
75
7
48
6
55
8
86
8
70
8
38
6
18
4
9
4
25
4
39
0
69
6
29
4
84
7
23
8
50
4
39
5
69
5
99
4
46
4
99
8
95
8
60
6
15
8
29
4
39
4
59
0
90
8
40
4
66
4
49
5
29
6
55
5
47
7
75
8
57
7
9
6
76
7
76
7
9
6
19
4
69
6
71
7
67
7
18
7
55
4
79
6
99
0
50
2
88
6
17
7
19
7
39
4
85
8
99
8
68
3
55
4
59
4
34
8
29
8
70
7
46
7
25
4
44
7
69
6
7
5
9
4
52
0
50
8
88
7
48
4
9
5
28
7
28
5
79
4
54
6
41
5
27
7
68
5
19
6
15
7
19
5
34
8
49
8
44
6
29
7
51
0
40
4
76
0
50
6
49
6
44
1
79
5
4
6
77
6
38
7
29
4
94
8
68
5
96
6
59
6
17
6
59
7
67
7
95
4
26
7
89
5
16
5
7
8
77
5
19
6
99
7
77
8
25
4
38
5
46
5
12
1
67
4
14
1
85
4
79
8
70
6
68
5
8
5
36
1
75
6
67
6
34
5
99
8
50
7
38
8
80
7
7
5
98
5
49
8
18
5
65
5
35
8
70
8
57
8
5
5
89
4
69
6
89
5
9
3
18
4
9
5
98
8
91
5
48
5
38
5
19
5
98
2
79
4
19
8
50
5
59
4
28
7
69
6
5
6
89
6
46
4
81
5
49
8
7
8
5
5
96
1
14
7
99
6
19
4
66
7
29
4
29
1
1
4
66
6
99
7
49
8
6
7
58
7
16
6
38
2
41
7
59
6
45
5
87
7
14
4
37
5
49
7
79
8
37
4
36
4
89
2
91
4
68
6
59
4
39
6
75
7
26
7
37
8
49
5
84
5
36
5
9
7
89
7
98
7
39
4
76
8
29
5
26
4
48
6
79
4
38
8
80
8
7
7
95
4
17
7
96
5
16
4
49
5
39
8
70
1
38
4
85
4
29
4
59
6
79
4
84
0
80
7
9
3
78
0
66
6
49
7
68
7
36
4
15
6
39
1
69
5
69
