9
74
9
64
9
94
9
34
9
56
9
64
18
60
17
89
9
44
9
34
17
29
9
36
9
44
9
94
16
28
15
57
9
64
9
44
9
64
19
61
9
73
9
0
16
28
16
88
9
34
9
14
9
14
9
64
9
94
9
64
17
59
14
86
9
14
9
64
16
58
17
59
9
74
9
74
9
64
16
88
9
44
9
34
9
74
9
94
9
44
18
30
9
99
9
14
9
94
15
57
9
14
9
44
9
34
18
30
19
62
9
44
9
14
18
90
9
64
9
99
9
99
9
94
17
29
9
99
9
44
9
56
9
74
9
14
19
32
9
94
9
99
9
99
9
44
9
14
9
34
9
94
9
74
16
88
19
32
16
28
9
74
0
60
9
44
9
74
9
64
9
73
9
44
9
44
19
32
15
57
15
57
9
14
9
74
9
34
9
64
0
40
9
99
17
89
19
61
15
27
9
99
16
88
9
34
9
74
16
88
9
99
9
94
16
88
9
64
1
70
9
94
9
44
9
99
9
38
9
14
9
44
19
61
9
64
9
41
9
99
0
30
9
44
18
30
9
34
9
94
16
58
16
28
9
94
16
28
9
44
16
88
16
58
9
34
9
34
9
44
9
19
9
88
9
44
9
64
0
40
9
94
9
44
9
18
9
18
9
44
14
86
16
28
9
94
9
64
18
60
9
34
9
74
9
74
9
94
9
74
9
94
9
44
9
99
9
14
17
59
15
27
9
74
9
44
9
34
9
44
9
74
19
92
9
64
9
36
16
28
17
29
18
30
9
14
17
29
9
14
9
64
9
14
9
44
9
14
9
74
9
14
16
88
9
94
9
34
19
31
16
88
19
61
18
30
9
74
16
28
9
74
9
99
9
99
16
58
9
64
9
74
18
30
15
57
15
87
17
89
9
99
15
27
17
89
9
34
16
88
9
99
9
64
9
99
0
80
9
94
19
91
9
64
9
94
9
14
9
14
0
10
8
15
19
92
9
14
9
64
9
14
15
57
9
94
9
64
9
64
9
94
9
74
15
57
18
90
15
57
9
26
9
74
18
60
9
34
9
34
9
99
0
20
9
34
9
44
9
94
9
94
9
64
15
27
9
74
9
94
9
74
16
58
9
64
9
44
9
44
9
14
9
63
9
44
9
74
9
99
9
71
2
91
9
74
9
99
9
94
9
44
9
99
9
14
9
74
9
1
17
29
9
99
9
44
9
44
9
94
9
44
2
41
9
34
9
64
9
34
9
64
9
64
3
29
9
14
9
74
9
74
16
58
19
32
9
99
9
34
16
58
19
91
9
44
9
74
9
14
9
64
9
44
9
31
9
14
9
64
9
44
9
64
14
86
19
91
2
13
9
8
16
58
9
99
9
89
9
44
16
58
0
89
19
31
9
64
16
28
9
34
17
59
18
30
9
94
9
99
14
86
9
74
9
99
9
74
19
92
9
14
9
74
9
64
17
89
0
90
9
44
9
64
9
74
9
94
1
99
9
99
9
74
9
88
19
92
9
94
9
44
9
88
9
44
19
62
9
44
2
49
19
61
9
64
9
14
15
27
18
60
9
94
2
69
9
44
17
89
9
12
19
19
9
14
9
94
9
94
4
89
2
58
9
44
19
31
18
60
9
44
9
14
19
92
9
14
9
56
9
14
9
74
9
34
9
6
17
29
2
29
9
74
17
29
16
58
9
99
18
60
18
60
9
94
9
64
19
61
9
74
9
64
9
14
0
2
16
58
9
44
9
58
9
14
9
94
9
74
17
59
9
34
19
92
9
99
17
59
9
44
9
14
19
92
9
34
9
34
16
88
9
94
9
64
9
94
2
49
9
58
9
74
9
34
9
14
9
14
9
14
9
34
1
21
18
30
16
58
9
94
9
94
16
88
9
94
9
94
19
31
15
27
9
16
19
32
19
61
9
73
9
99
15
87
9
74
9
37
1
49
17
51
18
30
9
64
9
94
14
56
1
36
9
64
9
99
9
99
9
94
9
99
15
87
16
58
9
74
9
99
9
44
9
99
9
99
9
64
9
99
18
60
9
94
18
90
1
11
9
74
9
74
9
14
9
14
9
44
14
86
9
99
9
74
9
99
9
44
9
74
9
99
9
74
9
99
9
99
9
44
19
31
9
44
9
44
9
74
9
44
19
92
9
64
9
94
8
24
9
74
9
14
9
62
9
34
9
74
9
64
0
90
17
89
9
64
9
44
14
56
9
99
19
61
9
94
9
14
17
29
9
34
9
74
9
34
9
99
0
40
19
92
18
30
9
44
9
44
9
44
9
64
0
60
9
14
19
31
17
29
16
28
9
44
16
28
0
77
9
64
9
14
9
99
16
58
9
94
9
74
17
29
9
34
18
90
9
74
9
62
9
88
9
99
9
14
9
14
9
14
9
34
9
14
19
92
9
64
17
29
16
28
0
89
9
44
15
57
1
59
3
70
9
44
9
14
16
28
9
94
9
99
9
44
9
74
9
74
2
79
9
44
9
64
9
34
15
87
9
34
9
34
9
74
16
58
15
27
18
90
9
74
1
91
9
44
9
99
9
94
17
59
9
74
17
59
9
63
9
94
9
56
9
63
9
94
9
99
0
0
16
28
14
86
9
34
9
77
9
74
9
44
9
91
9
44
9
64
9
64
9
94
9
99
16
28
8
95
9
99
9
44
4
12
2
89
4
84
9
74
9
14
17
29
16
58
9
34
9
99
8
65
9
74
17
59
19
92
17
29
9
14
9
14
1
17
9
14
16
58
9
64
9
64
19
61
14
86
9
34
9
74
16
88
1
11
9
14
9
94
18
60
9
76
17
89
16
88
9
14
9
34
9
34
3
31
19
91
9
64
0
80
9
6
9
99
9
14
9
64
9
44
9
34
9
74
9
74
9
14
15
87
9
38
9
44
9
14
9
64
14
86
9
19
19
91
9
99
9
64
9
74
9
34
9
74
9
28
16
88
3
85
8
75
9
34
9
94
9
34
9
64
9
74
9
74
9
44
9
14
9
61
19
61
9
34
9
99
9
86
16
28
16
88
16
88
9
64
1
69
9
44
15
57
9
64
9
74
9
64
17
59
9
48
9
99
19
32
9
14
2
71
9
74
9
34
3
99
8
5
9
74
9
34
17
59
9
64
9
74
4
79
16
58
17
59
9
1
9
14
17
89
0
20
9
74
9
99
4
99
9
34
9
99
2
1
9
99
3
66
9
44
9
64
9
37
9
34
9
99
9
99
9
34
9
44
9
74
9
94
9
94
9
44
16
28
9
64
9
77
9
44
9
94
0
20
16
58
9
37
2
9
17
89
9
34
9
64
9
94
9
34
9
97
16
28
9
94
9
61
9
94
8
65
9
44
9
74
9
34
9
64
9
99
9
64
9
68
0
17
9
14
9
34
9
64
9
44
9
14
9
74
8
35
9
56
4
49
9
94
9
64
9
94
15
87
18
60
9
64
9
94
9
74
9
44
18
30
9
14
9
30
9
44
0
69
9
34
9
94
19
19
19
62
9
44
9
74
9
99
16
58
9
99
9
99
9
64
15
27
9
34
9
44
9
64
0
90
9
44
9
66
16
58
9
34
9
64
17
59
15
87
9
64
9
14
16
88
16
88
9
14
18
30
9
74
9
66
9
74
18
30
9
64
16
88
9
99
0
50
2
88
17
29
19
31
9
44
9
94
9
99
9
74
3
59
9
64
9
44
9
34
9
74
16
58
9
34
14
56
9
74
9
14
9
14
16
52
0
50
9
94
18
60
9
14
9
34
9
34
17
89
9
64
9
41
9
27
9
74
17
29
15
27
19
31
9
44
19
61
9
43
9
34
19
51
0
40
16
88
0
50
18
60
14
56
1
79
9
14
17
89
9
44
9
34
9
99
9
68
9
99
9
64
17
29
9
64
9
74
8
95
9
34
9
94
16
28
9
14
17
89
17
29
9
99
17
89
8
25
9
44
16
58
9
12
1
69
14
26
1
81
16
88
9
74
9
74
9
14
9
44
1
79
9
74
9
44
9
99
19
62
9
44
19
92
9
14
9
99
17
59
18
30
9
74
9
44
9
74
9
64
9
14
9
94
9
74
9
94
9
14
3
19
9
14
9
99
9
91
9
48
9
44
17
29
9
99
2
79
16
28
19
62
9
64
9
28
9
74
9
14
9
94
16
58
4
81
17
59
9
14
9
14
9
99
1
19
9
99
18
30
9
74
9
34
9
34
1
1
9
74
9
99
19
61
9
14
9
64
16
28
9
44
2
41
9
64
15
57
9
94
14
26
9
44
17
59
19
91
9
44
4
39
9
94
2
91
9
74
9
64
9
44
15
87
9
34
9
44
9
49
9
94
9
44
9
14
9
94
9
99
9
44
16
88
9
29
9
34
16
58
18
90
9
44
19
92
9
14
9
99
4
17
9
99
16
28
16
58
9
44
9
74
1
39
9
94
9
34
9
64
18
90
9
94
0
80
9
14
3
79
0
66
18
60
9
74
9
44
15
27
9
44
1
69
9
74
