5
65
1
58
2
85
1
29
1
65
4
56
3
46
2
79
4
39
5
25
5
14
4
47
5
32
3
83
5
13
4
42
2
57
4
36
2
55
4
47
0
88
3
3
1
16
1
79
4
21
4
4
4
9
1
53
1
89
1
53
2
49
1
71
3
6
1
58
1
47
2
46
2
69
4
67
3
59
1
76
4
38
1
29
5
69
5
86
3
31
3
19
3
95
1
4
3
89
4
42
3
7
2
33
1
21
3
15
5
49
3
32
2
7
3
79
2
54
3
95
3
96
4
88
2
16
5
94
4
33
4
62
1
63
2
9
5
19
4
84
1
92
1
98
1
37
5
5
2
21
5
84
5
69
4
73
5
18
1
19
3
67
0
60
2
32
4
61
3
52
1
73
3
34
1
38
5
19
2
42
5
42
4
6
1
69
2
22
1
53
0
40
1
93
2
75
4
49
2
12
2
99
1
76
1
29
1
69
1
79
2
97
3
89
1
77
2
55
1
70
1
86
5
38
1
99
1
38
3
9
2
33
5
46
5
53
2
41
4
92
0
30
3
31
3
18
2
25
2
89
1
46
1
14
3
86
4
13
4
34
1
77
1
44
1
29
1
21
4
39
5
19
2
88
5
34
4
53
0
40
5
89
2
39
3
18
5
18
1
39
2
71
1
19
2
87
4
59
3
49
3
27
4
69
3
61
2
87
5
64
1
89
5
33
4
99
3
8
2
47
5
12
1
61
5
39
4
26
1
35
4
62
5
79
3
57
4
46
5
13
5
14
3
16
4
4
4
14
1
4
2
54
4
7
4
39
1
2
4
64
3
6
1
73
2
88
5
23
4
19
1
76
4
46
3
18
3
62
1
18
1
69
5
99
5
93
1
49
4
59
5
63
3
19
4
42
3
72
3
74
4
95
5
12
5
74
5
29
2
73
4
99
1
52
3
98
0
80
1
83
4
78
3
59
5
89
1
9
2
8
0
10
2
15
5
77
2
7
4
53
4
9
4
42
4
81
3
55
4
51
4
85
2
69
1
42
3
75
3
42
2
39
5
64
3
47
1
23
4
29
3
93
0
20
2
28
1
34
4
81
4
83
3
59
3
12
3
68
1
89
3
64
2
43
4
58
2
37
4
37
3
9
3
63
2
36
3
61
1
99
5
71
2
91
4
65
1
96
2
81
2
31
3
91
3
6
5
69
4
1
2
15
4
93
4
32
2
32
3
81
1
36
2
47
2
24
1
58
4
25
1
58
1
59
3
25
3
7
5
64
1
62
2
43
5
19
2
95
2
28
1
48
5
76
3
35
4
63
2
5
3
59
2
39
4
31
4
4
3
59
5
35
3
55
4
71
4
79
2
13
5
8
5
43
1
92
5
89
2
34
1
47
0
87
4
17
1
59
2
13
3
28
4
44
3
17
2
88
3
99
2
71
5
67
3
93
3
69
5
79
4
7
4
65
3
58
2
79
0
90
1
39
1
57
5
63
3
86
1
95
5
93
4
64
1
88
5
78
5
85
1
31
4
88
1
37
5
49
3
35
2
42
4
49
2
51
3
9
3
12
4
45
4
85
2
68
3
39
2
78
3
12
4
26
1
9
4
85
3
81
4
84
2
58
5
37
4
16
3
46
4
35
1
9
5
79
4
2
3
56
1
9
1
61
3
26
1
14
2
19
2
24
5
64
2
19
1
49
2
99
3
47
3
47
2
89
3
51
4
46
4
69
1
55
5
2
0
2
2
43
1
34
2
58
3
2
1
89
3
64
2
49
3
29
5
77
1
92
4
44
2
39
5
2
5
77
2
27
4
23
5
73
5
83
3
52
2
85
2
41
1
58
1
64
4
27
5
3
4
8
4
9
4
25
1
21
3
18
1
43
3
81
5
86
1
75
5
85
2
87
4
19
4
12
1
16
5
19
4
47
2
74
4
92
4
72
5
65
2
37
1
43
2
51
3
19
5
59
3
89
2
41
1
36
3
59
5
99
2
92
5
87
1
95
3
72
1
46
1
68
1
98
4
38
1
99
4
99
2
59
4
96
4
45
5
87
3
75
1
11
4
65
3
69
5
8
1
3
5
39
3
71
4
97
5
69
2
97
3
39
2
61
4
99
4
69
1
99
2
96
4
39
4
19
1
37
2
36
2
69
4
32
5
79
4
54
1
83
4
38
5
68
3
1
5
62
4
21
2
68
5
54
0
90
2
75
5
59
4
37
4
41
1
98
4
48
4
82
5
9
3
14
5
25
1
63
1
26
5
94
0
40
5
79
3
18
2
33
4
32
2
33
2
59
0
60
5
7
4
19
2
19
1
13
5
32
1
16
0
77
4
59
1
7
2
95
1
43
3
89
5
69
5
14
2
25
3
76
1
69
4
62
2
88
3
95
2
1
2
7
2
9
1
23
5
5
5
78
5
53
5
14
1
17
0
89
1
35
2
42
1
54
3
70
4
32
3
6
1
15
3
89
3
94
1
39
5
67
5
65
2
79
3
39
4
53
2
26
2
72
1
27
2
25
3
61
1
47
2
12
3
75
3
69
1
94
5
35
1
98
1
82
2
45
2
64
3
44
1
63
5
84
4
65
3
64
2
89
4
92
0
0
1
16
4
71
5
28
4
77
1
63
1
39
1
91
1
38
4
59
1
56
4
82
3
94
1
14
5
95
3
95
1
37
4
12
2
89
4
84
5
62
5
2
2
18
1
44
4
21
5
99
4
65
1
67
4
44
5
78
2
16
1
1
5
5
1
17
2
8
1
44
5
57
5
56
4
49
1
71
1
26
3
66
2
73
1
11
4
6
3
86
3
46
4
84
2
79
4
73
3
9
4
21
4
24
3
31
5
76
2
55
0
80
5
14
3
95
1
4
5
57
2
37
4
24
1
62
4
61
4
4
2
72
2
38
5
39
5
9
5
56
2
71
5
19
5
76
3
91
1
52
5
69
4
27
2
62
0
29
1
74
3
85
2
75
5
22
1
84
5
25
4
56
3
69
1
67
5
33
3
2
1
61
4
47
3
29
1
94
4
91
3
13
1
79
1
79
2
53
1
69
3
39
1
42
2
54
1
68
3
55
2
46
1
48
5
92
5
19
4
4
2
78
3
62
2
28
3
92
5
5
2
69
4
29
2
45
3
59
4
69
4
72
4
43
2
49
4
1
5
6
2
78
0
20
5
65
1
94
4
94
3
29
5
93
2
1
3
98
3
66
4
35
1
57
2
37
1
28
2
98
1
95
5
23
4
39
1
61
2
85
5
86
3
36
1
17
3
54
1
77
2
32
4
87
0
20
2
43
5
37
2
7
2
74
4
28
4
53
4
85
2
26
3
97
4
13
3
82
2
61
5
82
2
65
2
31
1
65
4
21
1
57
4
99
2
58
5
68
0
17
1
3
3
29
1
55
1
31
5
5
5
66
2
35
5
57
4
43
4
86
1
59
1
89
2
72
4
45
3
52
5
83
5
69
5
35
3
15
1
9
1
22
1
39
0
69
3
29
1
81
4
26
5
47
1
39
2
67
2
98
1
43
1
98
5
92
5
59
3
12
5
26
1
38
1
57
0
90
5
39
1
66
1
48
2
28
3
52
2
44
4
72
5
54
4
9
3
73
4
73
4
8
3
18
1
69
3
71
4
64
4
15
4
52
1
78
3
98
0
50
2
88
3
14
4
16
4
37
1
82
5
99
5
65
3
52
1
58
1
31
5
26
5
68
4
43
4
22
1
41
4
69
3
4
2
9
1
52
0
50
5
85
4
45
1
7
2
25
4
25
2
79
1
51
3
41
2
27
4
65
2
19
3
12
4
17
2
31
5
46
5
44
3
27
4
51
0
40
1
73
0
50
3
47
3
41
1
78
2
1
3
74
3
35
4
29
1
91
5
68
2
93
3
56
3
14
3
59
4
64
4
95
1
23
4
88
2
13
2
4
5
74
2
17
3
99
4
74
5
25
1
35
2
43
2
12
1
64
1
11
1
88
1
76
5
67
3
65
2
5
2
33
1
72
3
64
3
31
2
99
5
49
4
35
5
79
4
4
2
95
2
48
5
15
2
62
2
32
5
68
5
54
5
2
2
89
1
68
3
89
2
7
3
15
1
9
2
95
5
91
2
48
2
35
2
18
2
95
2
77
1
17
5
47
2
59
1
28
4
68
3
2
3
86
3
43
4
81
2
49
5
4
5
2
2
93
1
11
4
96
3
16
1
63
4
27
1
29
1
3
1
63
3
99
4
47
5
3
4
55
4
13
3
35
2
41
4
56
3
42
2
84
4
11
1
34
2
48
4
79
5
34
4
33
1
89
2
91
1
65
3
56
1
38
3
72
4
23
4
34
5
49
2
81
2
33
2
7
4
87
4
95
4
39
1
73
5
29
2
23
1
45
3
79
1
35
5
78
5
4
4
92
4
17
4
93
2
13
1
49
2
38
5
69
1
35
1
82
1
28
1
56
3
78
1
81
0
80
4
8
3
75
0
66
3
48
4
65
4
33
1
12
3
39
1
69
2
69
