9
74
9
64
9
94
9
34
9
56
9
64
15
57
14
86
9
44
9
34
14
26
9
36
9
44
9
94
13
25
12
54
9
64
9
44
9
64
16
58
9
76
9
0
13
25
13
85
9
33
9
14
9
14
9
64
9
94
9
64
14
56
11
83
9
14
9
64
13
55
14
56
9
74
9
74
9
64
13
85
9
44
9
34
9
74
9
94
9
43
15
27
9
99
9
14
9
94
12
54
9
14
9
44
9
33
15
27
17
59
9
44
9
14
15
87
9
64
9
99
9
99
9
94
14
26
9
99
9
44
9
56
9
74
9
14
17
29
9
94
9
99
9
99
9
44
9
14
9
33
9
94
9
74
13
85
17
29
13
25
9
74
0
60
9
44
9
73
9
64
9
73
9
44
9
44
17
29
12
54
12
54
9
14
9
74
9
34
9
64
0
40
9
99
14
86
16
58
12
24
9
99
13
85
9
34
9
74
13
85
9
99
9
94
13
85
9
64
1
70
9
94
9
44
9
99
9
38
9
14
9
44
16
58
9
64
9
41
9
99
0
30
9
43
15
27
9
34
9
94
13
55
13
25
9
94
13
25
9
44
13
85
13
55
9
34
9
33
9
44
9
19
9
88
9
44
9
64
0
40
9
94
9
44
9
18
9
18
9
44
11
83
13
25
9
94
9
64
15
57
9
34
9
74
9
73
9
94
9
74
9
94
9
44
9
99
9
14
14
56
12
24
9
73
9
44
9
34
9
44
9
74
17
89
9
64
9
36
13
25
14
26
15
27
9
14
14
26
9
14
9
64
9
14
9
44
9
14
9
74
9
14
13
85
9
94
9
34
16
28
13
85
16
58
15
27
9
74
13
25
9
74
9
99
9
99
13
55
9
64
9
74
15
27
12
54
12
84
14
86
9
99
12
24
14
86
9
34
13
85
9
99
9
64
9
99
0
80
9
94
16
88
9
64
9
94
9
14
9
14
0
10
8
15
17
89
9
14
9
64
9
14
12
54
9
93
9
64
9
63
9
94
9
74
12
54
15
87
12
54
9
27
9
74
15
57
9
34
9
34
9
99
0
20
9
34
9
44
9
93
9
94
9
64
12
24
9
74
9
94
9
74
13
55
9
64
9
44
9
44
9
14
9
63
9
44
9
73
9
99
9
71
2
91
9
74
9
99
9
93
9
43
9
99
9
14
9
74
9
1
14
26
9
99
9
44
9
44
9
93
9
44
2
41
9
34
9
64
9
34
9
64
9
64
3
29
9
14
9
74
9
74
13
55
17
29
9
99
9
34
13
55
16
88
9
44
9
74
9
14
9
64
9
44
9
31
9
14
9
64
9
44
9
64
11
83
16
88
2
13
9
8
13
55
9
99
9
89
9
44
13
55
0
89
16
28
9
64
13
25
9
34
14
56
15
27
9
94
9
99
11
83
9
74
9
99
9
74
17
89
9
14
9
74
9
64
14
86
0
90
9
44
9
64
9
74
9
94
1
99
9
99
9
74
9
88
17
89
9
94
9
43
9
88
9
44
17
59
9
44
2
49
16
58
9
63
9
14
12
24
15
57
9
94
2
69
9
44
14
86
9
12
16
21
9
14
9
94
9
93
4
89
2
58
9
44
16
28
15
57
9
44
9
14
17
89
9
14
9
56
9
14
9
73
9
34
9
6
14
26
2
29
9
74
14
26
13
55
9
99
15
57
15
57
9
94
9
63
16
58
9
74
9
64
9
14
0
2
13
55
9
44
9
58
9
14
9
94
9
74
14
56
9
34
17
89
9
99
14
56
9
44
9
14
17
89
9
34
9
34
13
85
9
94
9
64
9
94
2
49
9
58
9
74
9
34
9
14
9
14
9
14
9
34
1
21
15
27
13
55
9
93
9
94
13
85
9
94
9
94
16
28
12
24
9
16
17
29
16
58
9
73
9
99
12
84
9
74
9
37
1
49
14
51
15
27
9
64
9
94
11
53
1
36
9
64
9
99
9
99
9
94
9
99
12
84
13
55
9
74
9
99
9
44
9
99
9
99
9
64
9
99
15
57
9
94
15
87
1
11
9
74
9
74
9
14
9
14
9
44
11
83
9
99
9
74
9
99
9
44
9
73
9
99
9
74
9
99
9
99
9
44
16
28
9
44
9
44
9
74
9
44
17
89
9
64
9
94
8
26
9
74
9
13
9
62
9
33
9
74
9
64
0
90
14
86
9
64
9
44
11
53
9
99
16
58
9
94
9
14
14
26
9
34
9
74
9
34
9
99
0
40
17
89
15
27
9
44
9
44
9
44
9
64
0
60
9
14
16
28
14
26
13
25
9
44
13
25
0
77
9
64
9
14
9
99
13
55
9
94
9
74
14
26
9
34
15
87
9
74
9
62
9
88
9
99
9
13
9
14
9
14
9
34
9
14
17
89
9
64
14
26
13
25
0
89
9
44
12
54
1
59
3
70
9
44
9
14
13
25
9
94
9
99
9
44
9
74
9
74
2
79
9
44
9
64
9
34
12
84
9
34
9
34
9
73
13
55
12
24
15
87
9
74
1
91
9
44
9
99
9
94
14
56
9
74
14
56
9
63
9
94
9
56
9
63
9
94
9
99
0
0
13
25
11
83
9
34
9
77
9
74
9
44
9
91
9
44
9
64
9
64
9
94
9
99
13
25
8
95
9
99
9
44
4
12
2
89
4
84
9
74
9
14
14
26
13
55
9
33
9
99
8
65
9
74
14
56
17
89
14
26
9
13
9
14
1
17
9
14
13
55
9
64
9
64
16
58
11
83
9
34
9
74
13
85
1
11
9
14
9
94
15
57
9
76
14
86
13
85
9
14
9
33
9
34
3
31
16
88
9
64
0
80
9
6
9
99
9
14
9
64
9
44
9
34
9
74
9
73
9
14
12
84
9
38
9
44
9
14
9
64
11
83
9
19
16
88
9
99
9
64
9
74
9
34
9
74
9
28
13
85
3
85
8
75
9
34
9
94
9
34
9
64
9
74
9
74
9
44
9
14
9
61
16
58
9
34
9
99
9
86
13
25
13
85
13
85
9
64
1
69
9
44
12
54
9
64
9
74
9
64
14
56
9
48
9
99
17
29
9
14
2
71
9
74
9
34
3
99
8
5
9
74
9
34
14
56
9
64
9
74
4
79
13
55
14
56
9
1
9
14
14
86
0
20
9
74
9
99
4
99
9
34
9
99
2
1
9
99
3
66
9
44
9
64
9
37
9
34
9
99
9
99
9
34
9
44
9
73
9
94
9
94
9
44
13
25
9
64
9
77
9
44
9
94
0
20
13
55
9
37
2
9
14
86
9
34
9
64
9
94
9
34
9
97
13
25
9
94
9
61
9
94
8
65
9
43
9
74
9
33
9
64
9
99
9
64
9
68
0
17
9
14
9
34
9
64
9
43
9
14
9
74
8
35
9
56
4
49
9
94
9
64
9
94
12
84
15
57
9
64
9
94
9
74
9
44
15
27
9
14
9
30
9
44
0
69
9
34
9
93
16
21
17
59
9
44
9
74
9
99
13
55
9
99
9
99
9
64
12
24
9
34
9
44
9
64
0
90
9
44
9
66
13
55
9
34
9
64
14
56
12
84
9
64
9
14
13
85
13
85
9
14
15
27
9
74
9
66
9
74
15
27
9
64
13
85
9
99
0
50
2
88
14
26
16
28
9
44
9
94
9
99
9
74
3
59
9
64
9
43
9
34
9
74
13
55
9
34
11
53
9
74
9
14
9
14
13
52
0
50
9
94
15
57
9
14
9
34
9
34
14
86
9
63
9
41
9
27
9
74
14
26
12
24
16
28
9
43
16
58
9
43
9
34
16
51
0
40
13
85
0
50
15
57
11
53
1
79
9
13
14
86
9
44
9
34
9
99
9
68
9
99
9
64
14
26
9
64
9
74
8
95
9
34
9
94
13
25
9
14
14
86
14
26
9
99
14
86
8
25
9
44
13
55
9
12
1
69
11
23
1
81
13
85
9
74
9
74
9
14
9
44
1
79
9
74
9
43
9
99
17
59
9
44
17
89
9
14
9
99
14
56
15
27
9
74
9
44
9
74
9
64
9
14
9
94
9
74
9
94
9
14
3
19
9
14
9
99
9
91
9
48
9
44
14
26
9
99
2
79
13
25
17
59
9
64
9
28
9
74
9
14
9
94
13
55
4
81
14
56
9
14
9
14
9
99
1
19
9
99
15
27
9
74
9
34
9
34
1
1
9
74
9
99
16
58
9
14
9
64
13
25
9
44
2
41
9
64
12
54
9
94
11
23
9
44
14
56
16
88
9
44
4
39
9
94
2
91
9
74
9
64
9
44
12
84
9
34
9
44
9
49
9
93
9
44
9
14
9
94
9
99
9
44
13
85
9
29
9
34
13
55
15
87
9
44
17
89
9
14
9
99
4
17
9
99
13
25
13
55
9
44
9
74
1
39
9
94
9
34
9
64
15
87
9
93
0
80
9
14
3
79
0
66
15
57
9
74
9
44
12
24
9
44
1
69
9
74
