9
70
6
59
7
89
6
29
6
61
9
61
8
50
7
79
9
41
9
30
9
19
9
42
9
37
8
88
9
18
9
47
7
59
9
41
7
59
9
51
5
83
8
0
6
19
6
79
8
26
9
9
9
11
6
58
6
89
6
58
7
49
6
76
8
10
6
59
6
49
7
49
7
69
9
71
8
60
6
79
9
41
6
29
9
72
9
91
8
36
8
20
8
99
6
9
8
90
9
47
8
10
7
38
6
26
8
20
10
52
8
37
7
9
8
80
7
59
8
99
8
99
9
91
7
19
9
99
9
38
9
59
6
68
7
9
10
22
9
89
6
97
6
99
6
39
9
10
7
26
9
89
9
72
9
78
10
22
6
19
8
70
0
60
7
37
8
66
8
57
6
73
8
39
6
39
10
22
7
47
9
47
9
11
6
69
7
27
6
58
0
40
6
98
7
79
9
51
7
17
7
99
6
79
6
29
6
69
6
79
7
99
8
90
6
79
7
59
1
70
6
89
9
42
6
99
6
38
8
10
7
38
9
51
9
58
7
41
9
97
0
30
8
36
8
20
7
29
7
89
6
49
6
19
8
90
9
18
9
39
6
79
6
49
6
29
6
26
9
41
9
19
7
88
9
39
9
58
0
40
9
92
7
39
8
18
9
18
6
39
7
76
6
19
7
89
9
61
8
50
8
30
9
71
8
66
7
89
9
69
6
89
9
38
9
99
8
10
7
49
9
17
6
66
9
42
9
31
6
39
9
67
10
82
8
60
9
41
9
18
9
19
8
20
9
9
9
19
6
9
7
59
9
11
9
41
6
7
9
69
8
10
6
78
7
89
9
28
9
21
6
79
9
51
8
20
8
67
6
19
6
69
9
99
9
98
6
49
9
61
9
68
8
20
9
47
8
77
8
79
9
99
9
17
9
79
9
32
7
78
9
99
6
57
8
99
0
80
6
88
9
81
8
60
9
92
6
9
7
9
0
10
7
15
10
82
7
9
9
58
9
11
9
47
8
86
8
60
8
56
9
90
7
69
6
47
8
80
8
47
7
34
9
69
8
50
6
28
9
31
8
98
0
20
7
29
6
39
8
86
9
88
8
60
8
17
8
70
6
89
8
69
7
48
9
61
7
39
9
41
8
10
8
63
7
39
8
66
6
99
9
71
2
91
9
70
6
99
7
86
7
36
8
96
8
10
9
72
9
1
7
19
9
98
9
37
7
37
8
86
6
39
2
42
7
29
6
59
9
30
6
59
6
59
3
29
8
10
9
69
6
67
7
48
10
22
7
99
7
29
6
49
9
81
8
40
9
68
7
9
8
60
7
39
9
31
9
9
8
60
9
40
8
60
8
76
9
81
2
13
9
8
9
48
6
97
9
89
7
39
6
49
0
89
9
21
6
59
7
18
8
30
9
49
8
20
7
89
8
99
7
76
9
72
8
98
8
70
10
82
9
11
9
70
8
60
7
79
0
90
6
39
6
59
9
68
8
90
1
99
9
98
9
69
6
88
10
82
9
90
6
36
9
88
6
39
10
52
8
40
2
47
9
51
7
56
8
10
8
17
9
50
9
90
2
69
8
40
7
79
8
12
9
21
6
9
9
90
8
86
4
89
2
58
9
42
9
21
8
50
9
40
6
9
10
82
9
7
8
56
6
9
6
66
8
30
6
11
7
19
2
29
9
69
7
19
6
49
7
99
8
50
8
50
7
89
8
56
9
51
9
71
6
59
9
7
0
2
7
48
6
39
7
58
8
7
6
89
8
69
7
49
8
30
10
82
6
97
9
49
7
39
9
7
10
82
7
29
9
28
9
78
9
88
8
57
7
89
2
46
6
58
6
69
9
31
9
8
9
11
9
11
9
30
1
21
8
20
6
48
8
86
9
91
6
79
9
90
7
89
9
21
9
17
6
16
10
22
9
51
7
74
9
97
9
77
9
70
7
37
1
48
7
51
8
20
9
62
8
90
7
46
1
36
8
60
9
99
7
97
9
92
6
99
8
77
6
49
6
69
6
99
9
41
6
99
9
99
7
59
9
99
9
50
9
92
8
80
1
11
9
70
8
70
9
12
6
8
9
42
8
76
9
99
9
72
7
99
8
40
7
66
9
99
9
71
6
99
7
99
9
41
9
21
6
39
7
39
7
69
9
37
10
82
9
59
6
88
9
33
9
72
8
6
9
62
8
26
7
69
9
59
0
90
7
79
9
62
9
41
8
46
6
99
9
51
9
87
9
12
8
19
9
30
6
68
6
29
9
99
0
40
10
82
8
20
7
38
9
37
7
38
7
59
0
60
9
12
9
21
7
19
6
18
9
37
6
19
0
77
9
61
6
9
7
99
6
48
8
90
9
72
9
19
7
29
8
80
6
69
9
62
7
88
8
99
7
6
7
9
7
9
6
28
9
10
10
82
9
58
9
19
6
19
0
89
6
39
7
47
1
59
3
70
9
37
8
10
6
19
8
90
8
99
6
39
9
72
9
70
2
79
8
40
9
58
7
29
7
77
6
29
7
29
8
66
6
49
7
17
8
80
8
70
1
91
9
40
6
99
6
87
7
49
7
69
8
49
6
63
9
89
9
60
8
64
7
89
9
97
0
0
6
19
8
76
9
32
9
77
6
68
6
39
6
91
6
39
9
61
6
59
9
87
8
99
6
19
8
95
8
99
6
39
4
12
2
89
4
84
9
67
9
7
7
19
6
49
8
26
9
99
8
65
6
69
9
49
10
82
7
19
6
6
9
10
1
17
7
9
6
49
9
62
9
61
9
51
6
76
6
29
8
70
7
78
1
11
9
11
8
90
8
50
9
79
7
79
9
78
8
10
8
26
9
29
3
31
9
81
7
59
0
80
9
9
8
99
6
9
9
62
7
39
9
29
6
67
8
66
9
9
7
77
7
38
9
42
9
12
9
61
7
76
9
19
9
81
8
96
6
57
9
72
9
31
7
67
5
28
6
79
3
85
7
75
9
27
6
89
9
30
9
61
8
70
6
69
9
38
8
7
6
61
9
51
8
30
6
99
9
89
8
18
6
79
6
79
7
58
1
69
8
40
6
47
7
59
6
69
8
60
7
49
6
48
9
97
10
22
9
9
2
73
8
67
7
29
3
97
8
5
7
69
9
31
7
49
8
60
9
71
4
77
9
48
7
49
9
1
9
11
7
79
0
20
9
70
6
99
4
99
8
30
9
98
2
1
8
99
3
66
9
40
6
59
7
37
6
29
7
99
6
99
9
28
9
41
6
66
7
89
9
91
8
40
6
19
8
59
6
77
7
37
9
91
0
20
7
48
9
37
2
9
7
79
9
31
9
58
9
90
7
29
8
97
9
18
8
87
7
61
9
87
7
65
7
36
6
69
8
26
6
59
9
99
7
59
9
68
0
17
6
8
8
30
6
59
6
36
9
10
9
71
7
35
9
56
4
48
9
91
6
59
6
89
7
77
9
50
8
57
9
88
9
72
9
40
8
20
6
9
6
27
6
39
0
69
8
30
6
86
9
21
10
52
6
39
7
69
7
99
6
48
6
99
9
97
9
62
8
17
9
31
6
39
6
59
0
90
9
42
6
66
6
49
7
29
8
57
7
49
9
77
9
59
9
11
8
78
9
78
9
11
8
20
6
69
8
70
9
69
9
20
9
57
6
79
8
99
0
50
2
88
8
19
9
21
9
41
6
87
9
99
9
70
3
57
6
59
6
36
9
31
9
72
9
48
9
27
6
46
9
71
8
9
7
9
6
52
0
50
9
90
9
50
6
9
7
29
9
30
7
79
6
56
8
41
7
27
9
70
7
19
8
17
9
21
7
36
9
51
9
43
8
30
9
51
0
40
6
78
0
50
8
50
8
46
1
79
7
6
8
79
8
40
9
31
6
96
9
68
7
98
8
60
8
19
8
60
9
69
8
95
6
28
9
91
7
18
7
9
9
79
7
19
8
99
9
79
8
25
6
39
7
48
7
12
1
69
6
16
1
83
6
79
9
72
8
70
7
9
7
38
1
77
8
69
8
36
7
99
10
52
9
40
10
82
9
9
7
99
7
49
9
20
7
67
7
37
9
72
9
59
9
7
7
89
6
69
8
90
7
9
3
19
6
9
7
99
9
91
7
48
7
39
7
19
7
99
2
79
6
19
10
52
7
59
6
28
9
71
8
7
8
90
8
48
4
81
7
49
9
9
9
7
7
98
1
16
9
99
8
20
6
68
9
31
6
29
1
1
6
68
8
99
9
51
9
8
9
60
9
18
8
40
2
41
9
61
8
47
7
89
8
16
6
39
7
49
9
81
9
39
4
38
6
89
2
91
6
69
8
60
6
39
8
77
9
28
9
39
9
49
7
86
7
38
7
9
9
91
9
99
9
41
6
78
9
29
7
28
6
49
8
80
6
39
10
82
9
9
9
97
4
17
9
98
7
18
6
49
7
39
9
72
1
39
6
87
6
29
6
59
8
80
6
86
0
80
9
11
3
79
0
66
8
50
9
70
9
38
6
17
8
40
1
69
7
69
