9
72
8
60
9
91
8
30
8
60
9
63
10
52
9
81
9
43
9
32
9
21
9
40
9
39
9
90
9
20
9
49
9
61
9
43
9
61
11
53
7
81
9
0
8
20
8
80
9
28
9
11
9
13
8
60
8
90
8
60
9
51
8
78
9
12
8
60
8
50
9
51
9
71
9
73
9
62
8
80
9
43
8
30
9
74
9
93
9
38
10
22
9
99
8
10
9
92
9
49
9
12
9
40
8
28
10
22
12
54
9
39
9
11
10
82
9
61
9
99
9
99
9
93
9
21
9
99
9
40
9
57
8
70
9
11
12
24
9
91
8
99
8
99
8
40
9
12
9
28
9
91
9
74
9
80
12
24
8
20
9
72
0
60
9
39
9
68
9
59
8
73
9
41
8
40
12
24
9
49
9
49
9
13
8
70
9
29
8
60
0
40
8
99
9
81
11
53
9
19
9
99
8
80
8
30
8
70
8
80
9
99
9
92
8
80
9
61
1
70
8
90
9
44
8
99
8
38
9
12
9
40
11
53
9
60
9
41
9
99
0
30
9
38
10
22
9
31
9
91
8
50
8
20
9
92
9
20
9
41
8
80
8
50
8
30
8
28
9
43
9
19
9
88
9
41
9
60
0
40
9
94
9
41
9
18
9
18
8
40
9
78
8
20
9
91
9
63
10
52
9
32
9
73
9
68
9
91
9
71
8
90
9
40
9
99
9
12
9
51
9
19
8
68
9
44
9
33
8
40
9
69
12
84
9
62
9
39
9
20
9
21
10
22
9
11
9
21
8
10
9
61
9
13
9
43
8
9
9
71
9
12
8
80
9
91
9
30
11
23
8
80
11
53
10
22
9
69
8
20
8
70
9
99
9
99
8
50
9
63
9
70
10
22
9
49
9
79
9
81
9
99
9
19
9
81
9
34
9
80
9
99
8
59
9
99
0
80
8
90
11
83
9
62
9
94
8
10
9
11
0
10
8
15
12
84
9
11
9
60
9
13
9
49
9
88
9
62
9
58
9
92
9
71
8
49
10
82
9
49
9
32
9
71
10
52
8
30
9
33
9
99
0
20
9
31
8
40
9
88
9
90
9
62
9
19
9
72
8
90
9
71
9
50
9
63
9
41
9
43
9
12
9
63
9
41
9
68
8
99
9
71
2
91
9
72
8
99
9
88
9
38
9
98
9
12
9
74
9
1
9
21
9
99
9
39
9
39
9
88
8
40
2
41
9
31
8
60
9
32
8
60
8
60
3
29
9
12
9
71
8
69
9
50
12
24
9
99
9
31
8
50
11
83
9
42
9
70
9
11
9
62
9
41
9
31
9
11
9
62
9
42
9
62
9
78
11
83
2
13
9
8
9
50
8
99
9
89
9
41
8
50
0
89
11
23
8
60
9
20
9
32
9
51
10
22
9
91
9
99
9
78
9
74
9
99
9
72
12
84
9
13
9
72
9
62
9
81
0
90
8
40
8
60
9
70
9
92
1
99
9
99
9
71
8
88
12
84
9
92
8
38
9
88
8
40
12
54
9
42
2
49
11
53
9
58
9
12
9
19
10
52
9
92
2
69
9
42
9
81
9
12
11
21
8
10
9
92
9
88
4
89
2
58
9
44
11
23
10
52
9
42
8
10
12
84
9
9
9
56
8
10
8
68
9
32
8
10
9
21
2
29
9
71
9
21
8
50
9
99
10
52
10
52
9
91
9
58
11
53
9
73
8
60
9
9
0
2
9
50
8
40
9
58
9
9
8
90
9
71
9
51
9
32
12
84
8
99
9
51
9
41
9
9
12
84
9
31
9
30
9
80
9
90
9
59
9
91
2
48
8
58
8
70
9
33
9
10
9
13
9
13
9
32
1
21
10
22
8
50
9
88
9
93
8
80
9
92
9
91
11
23
9
19
8
16
12
24
11
53
9
73
9
99
9
79
9
72
9
37
1
49
9
51
10
22
9
64
9
92
9
48
1
36
9
62
9
99
9
99
9
94
8
99
9
79
8
50
8
70
8
99
9
43
8
99
9
99
9
61
9
99
10
52
9
94
10
82
1
11
9
72
9
72
9
14
8
10
9
44
9
78
9
99
9
74
9
99
9
42
9
68
9
99
9
73
8
99
9
99
9
43
11
23
8
40
9
41
9
71
9
39
12
84
9
61
8
90
9
31
9
74
9
8
9
62
9
28
9
71
9
61
0
90
9
81
9
64
9
43
9
48
8
99
11
53
9
89
9
14
9
21
9
32
8
70
8
30
9
99
0
40
12
84
10
22
9
40
9
39
9
40
9
61
0
60
9
14
11
23
9
21
8
20
9
39
8
20
0
77
9
63
8
10
9
99
8
50
9
92
9
74
9
21
9
31
10
82
8
70
9
62
9
88
9
99
9
8
9
11
9
11
8
30
9
12
12
84
9
60
9
21
8
20
0
89
8
40
9
49
1
59
3
70
9
39
9
12
8
20
9
92
9
99
8
40
9
74
9
72
2
79
9
42
9
60
9
31
9
79
8
30
9
31
9
68
8
50
9
19
10
82
9
72
1
91
9
42
8
99
8
89
9
51
9
71
9
51
8
63
9
91
9
58
9
63
9
91
9
99
0
0
8
20
9
78
9
34
9
77
8
70
8
40
8
91
8
40
9
63
8
60
9
89
9
99
8
20
8
95
9
99
8
40
4
12
2
89
4
84
9
69
9
9
9
21
8
50
9
28
9
99
8
65
8
70
9
51
12
84
9
21
8
8
9
12
1
17
9
11
8
50
9
64
9
63
11
53
8
78
8
30
9
72
9
80
1
11
9
13
9
92
10
52
9
77
9
81
9
80
9
12
9
28
9
31
3
31
11
83
9
61
0
80
9
7
9
99
8
10
9
64
9
41
9
31
8
69
9
68
9
11
9
79
9
38
9
44
9
14
9
63
9
78
9
19
11
83
9
98
8
59
9
74
9
33
9
69
7
28
8
80
3
85
8
75
9
29
8
90
9
32
9
63
9
72
8
70
9
40
9
9
8
61
11
53
9
32
8
99
9
87
9
20
8
80
8
80
9
60
1
69
9
42
8
49
9
61
8
70
9
62
9
51
8
48
9
99
12
24
9
11
2
71
9
69
9
31
3
99
8
5
9
71
9
33
9
51
9
62
9
73
4
79
9
50
9
51
9
1
9
13
9
81
0
20
9
72
8
99
4
99
9
32
9
99
2
1
9
99
3
66
9
42
8
60
9
37
8
30
9
99
8
99
9
30
9
43
8
68
9
91
9
93
9
42
8
20
9
61
8
77
9
39
9
93
0
20
9
50
9
37
2
9
9
81
9
33
9
60
9
92
9
31
9
97
9
20
9
89
9
61
9
89
8
65
9
38
8
70
9
28
8
60
9
99
9
61
9
68
0
17
8
10
9
32
8
60
8
38
9
12
9
73
8
35
9
56
4
49
9
93
8
60
8
90
9
79
10
52
9
59
9
90
9
74
9
42
10
22
8
10
8
29
8
40
0
69
9
32
8
88
11
21
12
54
8
40
9
71
9
99
8
50
8
99
9
99
9
64
9
19
9
33
8
40
8
60
0
90
9
44
8
66
8
50
9
31
9
59
9
51
9
79
9
61
9
13
9
80
9
80
9
13
10
22
8
70
9
68
9
71
10
22
9
59
8
80
9
99
0
50
2
88
9
21
11
23
9
43
8
89
9
99
9
72
3
59
8
60
8
38
9
33
9
74
9
50
9
29
8
48
9
73
9
11
9
11
8
52
0
50
9
92
10
52
8
10
9
31
9
32
9
81
8
58
9
41
9
27
9
72
9
21
9
19
11
23
9
38
11
53
9
43
9
32
11
51
0
40
8
80
0
50
10
52
9
48
1
79
9
8
9
81
9
42
9
33
8
98
9
68
9
99
9
62
9
21
9
62
9
71
8
95
8
30
9
93
9
20
9
11
9
81
9
21
9
99
9
81
8
25
8
40
9
50
9
12
1
69
8
18
1
81
8
80
9
74
9
72
9
11
9
40
1
79
9
71
9
38
9
99
12
54
9
42
12
84
9
11
9
99
9
51
10
22
9
69
9
39
9
74
9
61
9
9
9
91
8
70
9
92
9
11
3
19
8
10
9
99
9
91
9
48
9
41
9
21
9
99
2
79
8
20
12
54
9
61
8
28
9
73
9
9
9
92
9
50
4
81
9
51
9
11
9
9
9
99
1
18
9
99
10
22
8
70
9
33
8
30
1
1
8
70
9
99
11
53
9
10
9
62
9
20
9
42
2
41
9
63
9
49
9
91
9
18
8
40
9
51
11
83
9
41
4
39
8
90
2
91
8
70
9
62
8
40
9
79
9
30
9
41
9
49
9
88
9
40
9
11
9
93
9
99
9
43
8
80
9
29
9
30
8
50
10
82
8
40
12
84
9
11
9
99
4
17
9
99
9
20
8
50
9
41
9
74
1
39
8
89
8
30
8
60
10
82
8
88
0
80
9
13
3
79
0
66
10
52
9
72
9
40
8
19
9
42
1
69
9
71
