9
74
9
64
9
94
9
34
19
46
9
64
19
64
19
94
9
44
9
34
19
34
9
26
9
44
9
94
19
34
19
64
9
64
9
44
9
64
19
64
27
21
9
0
19
34
19
94
9
34
9
14
9
14
9
64
9
94
9
64
19
64
19
94
9
14
9
64
19
64
19
64
9
74
9
74
9
64
19
94
9
44
9
34
9
74
9
94
9
44
19
34
9
99
9
14
9
94
19
64
9
14
9
44
9
34
19
34
19
64
9
44
9
14
19
94
9
64
9
99
9
99
9
94
19
34
9
99
9
44
19
46
9
74
9
14
19
34
9
94
9
99
9
99
9
44
9
14
9
34
9
94
9
74
19
94
19
34
19
34
9
74
0
60
9
44
9
74
9
64
9
73
9
44
9
44
19
34
19
64
19
64
9
14
9
74
9
34
9
64
0
40
9
99
19
94
19
64
19
34
9
99
19
94
9
34
9
74
19
94
9
99
9
94
19
94
9
64
1
70
9
94
9
44
9
99
9
38
9
14
9
44
19
64
9
64
9
41
9
99
0
30
9
44
19
34
9
34
9
94
19
64
19
34
9
94
19
34
9
44
19
94
19
64
9
34
9
34
9
44
9
19
9
88
9
44
9
64
0
40
9
94
9
44
9
18
9
18
9
44
19
94
19
34
9
94
9
64
19
64
9
34
9
74
9
74
9
94
9
74
9
94
9
44
9
99
9
14
19
64
19
34
9
74
9
44
9
34
9
44
9
74
19
94
9
64
9
36
19
34
19
34
19
34
9
14
19
34
9
14
9
64
9
14
9
44
9
14
9
74
9
14
19
94
9
94
9
34
19
34
19
94
19
64
19
34
9
74
19
34
9
74
9
99
9
99
19
64
9
64
9
74
19
34
19
64
19
94
19
94
9
99
19
34
19
94
9
34
19
94
9
99
9
64
9
99
0
80
9
94
19
94
9
64
9
94
9
14
9
14
0
10
8
15
19
94
9
14
9
64
9
14
19
64
9
94
9
64
9
64
9
94
9
74
19
64
19
94
19
64
9
26
9
74
19
64
9
34
9
34
9
99
0
20
9
34
9
44
9
94
9
94
9
64
19
34
9
74
9
94
9
74
19
64
9
64
9
44
9
44
9
14
9
63
9
44
9
74
9
99
9
70
2
91
9
74
9
99
9
94
9
44
9
99
9
14
9
74
9
1
19
34
9
99
9
44
9
44
9
94
9
44
2
41
9
34
9
64
9
34
9
64
9
64
3
29
9
14
9
74
9
74
19
64
19
34
9
99
9
34
19
64
19
94
9
44
9
74
9
14
9
64
9
44
9
31
9
14
9
64
9
44
9
64
19
94
19
94
2
13
9
8
19
64
9
99
9
89
9
44
19
64
0
89
19
34
9
64
19
34
9
34
19
64
19
34
9
94
9
99
19
94
9
74
9
99
9
74
19
94
9
14
9
74
9
64
19
94
0
90
9
44
9
64
9
74
9
94
1
99
9
99
9
74
9
88
19
94
9
94
9
44
9
88
9
44
19
64
9
44
2
49
19
64
9
64
9
14
19
34
19
64
9
94
2
69
9
44
19
94
9
12
19
16
9
14
9
94
9
94
4
89
2
58
9
44
19
34
19
64
9
44
9
14
19
94
9
14
9
56
9
14
9
74
9
34
9
0
19
34
2
29
9
74
19
34
19
64
9
99
19
64
19
64
9
94
9
64
19
64
9
74
9
64
9
14
0
2
19
64
9
44
9
58
9
14
9
94
9
74
19
64
9
34
19
94
9
99
19
64
9
44
9
14
19
94
9
34
9
34
19
94
9
94
9
64
9
94
2
49
9
58
9
74
9
34
9
14
9
14
9
14
9
34
1
21
19
34
19
64
9
94
9
94
19
94
9
94
9
94
19
34
19
34
9
16
19
34
19
64
9
73
9
99
19
94
9
74
9
37
1
49
19
51
19
34
9
64
9
94
19
64
1
36
9
64
9
99
9
99
9
94
9
99
19
94
19
64
9
74
9
99
9
44
9
99
9
99
9
64
9
99
19
64
9
94
19
94
1
11
9
74
9
74
9
14
9
14
9
44
19
94
9
99
9
74
9
99
9
44
9
74
9
99
9
74
9
99
9
99
9
44
19
34
9
44
9
44
9
74
9
44
19
94
9
64
9
94
13
21
9
74
9
14
9
62
9
34
9
74
9
64
0
90
19
94
9
64
9
44
19
64
9
99
19
64
9
94
9
14
19
34
9
34
9
74
9
34
9
99
0
40
19
94
19
34
9
44
9
44
9
44
9
64
0
60
9
14
19
34
19
34
19
34
9
44
19
34
0
77
9
64
9
14
9
99
19
64
9
94
9
74
19
34
9
34
19
94
9
74
9
62
9
88
9
99
9
14
9
14
9
14
9
34
9
14
19
94
9
64
19
34
19
34
0
89
9
44
19
64
1
59
3
70
9
44
9
14
19
34
9
94
9
99
9
44
9
74
9
74
2
79
9
44
9
64
9
34
19
94
9
34
9
34
9
74
19
64
19
34
19
94
9
74
1
91
9
44
9
99
9
94
19
64
9
74
19
64
9
63
9
94
9
56
9
63
9
94
9
99
0
0
19
34
19
94
9
34
9
77
9
74
9
44
9
91
9
44
9
64
9
64
9
94
9
99
19
34
8
95
9
99
9
44
4
12
2
89
4
84
9
74
9
14
19
34
19
64
9
34
9
99
8
65
9
74
19
64
19
94
19
34
9
14
9
14
1
17
9
14
19
64
9
64
9
64
19
64
19
94
9
34
9
74
19
94
1
11
9
14
9
94
19
64
9
76
19
94
19
94
9
14
9
34
9
34
3
31
19
94
9
64
0
80
9
6
9
99
9
14
9
64
9
44
9
34
9
74
9
74
9
14
19
94
9
38
9
44
9
14
9
64
19
94
9
19
19
94
9
99
9
64
9
74
9
34
9
74
9
28
19
94
3
85
8
75
9
34
9
94
9
34
9
64
9
74
9
74
9
44
9
14
9
61
19
64
9
34
9
99
9
86
19
34
19
94
19
94
9
64
1
69
9
44
19
64
9
64
9
74
9
64
19
64
9
48
9
99
19
34
9
14
2
71
9
74
9
34
3
99
8
5
9
74
9
34
19
64
9
64
9
74
4
79
19
64
19
64
9
1
9
14
19
94
0
20
9
74
9
99
4
99
9
34
9
99
2
1
9
99
3
66
9
44
9
64
9
37
9
34
9
99
9
99
9
34
9
44
9
74
9
94
9
94
9
44
19
34
9
64
9
77
9
44
9
94
0
20
19
64
9
37
2
9
19
94
9
34
9
64
9
94
9
34
9
97
19
34
9
94
9
61
9
94
8
65
9
44
9
74
9
34
9
64
9
99
9
64
9
68
0
17
9
14
9
34
9
64
9
44
9
14
9
74
8
35
9
56
4
49
9
94
9
64
9
94
19
94
19
64
9
64
9
94
9
74
9
44
19
34
9
14
9
30
9
44
0
69
9
34
9
94
19
16
19
64
9
44
9
74
9
99
19
64
9
99
9
99
9
64
19
34
9
34
9
44
9
64
0
90
9
44
9
66
19
64
9
34
9
64
19
64
19
94
9
64
9
14
19
94
19
94
9
14
19
34
9
74
9
66
9
74
19
34
9
64
19
94
9
99
0
50
2
88
19
34
19
34
9
44
9
94
9
99
9
74
3
59
9
64
9
44
9
34
9
74
19
64
9
34
19
64
9
74
9
14
9
14
19
52
0
50
9
94
19
64
9
14
9
34
9
34
19
94
9
64
9
41
9
27
9
74
19
34
19
34
19
34
9
44
19
64
9
43
9
34
19
51
0
40
19
94
0
50
19
64
19
64
1
79
9
14
19
94
9
44
9
34
9
99
9
68
9
99
9
64
19
34
9
64
9
74
8
95
9
34
9
94
19
34
9
14
19
94
19
34
9
99
19
94
8
25
9
44
19
64
9
12
1
69
19
34
1
81
19
94
9
74
9
74
9
14
9
44
1
79
9
74
9
44
9
99
19
64
9
44
19
94
9
14
9
99
19
64
19
34
9
74
9
44
9
74
9
64
9
14
9
94
9
74
9
94
9
14
3
19
9
14
9
99
9
91
9
48
9
44
19
34
9
99
2
79
19
34
19
64
9
64
9
28
9
74
9
14
9
94
19
64
4
81
19
64
9
14
9
14
9
99
1
19
9
99
19
34
9
74
9
34
9
34
1
1
9
74
9
99
19
64
9
14
9
64
19
34
9
44
2
41
9
64
19
64
9
94
19
34
9
44
19
64
19
94
9
44
4
39
9
94
2
91
9
74
9
64
9
44
19
94
9
34
9
44
9
49
9
94
9
44
9
14
9
94
9
99
9
44
19
94
9
29
9
34
19
64
19
94
9
44
19
94
9
14
9
99
4
17
9
99
19
34
19
64
9
44
9
74
1
39
9
94
9
34
9
64
19
94
9
94
0
80
9
14
3
79
0
66
19
64
9
74
9
44
19
34
9
44
1
69
9
74
