7
67
3
59
4
87
3
29
3
63
6
58
5
48
4
79
6
39
7
27
7
16
6
45
7
34
5
85
7
15
6
44
4
59
6
38
4
57
6
49
2
86
5
1
3
18
3
79
6
23
6
6
6
9
3
55
3
89
3
55
4
49
3
73
5
8
3
59
3
49
4
48
4
69
6
69
5
59
3
78
6
39
3
29
7
69
7
88
5
33
5
19
5
97
3
6
5
89
6
44
5
9
4
35
3
23
5
17
7
49
5
34
4
9
5
79
4
56
5
97
5
98
6
89
4
18
7
96
6
35
6
61
3
65
4
9
7
19
6
86
3
94
3
99
3
39
7
7
4
23
7
86
7
69
6
75
7
19
3
19
5
69
0
60
4
34
6
63
5
54
3
73
5
36
3
39
7
19
4
44
7
44
6
8
3
69
4
24
3
55
0
40
3
95
4
77
6
49
4
14
4
99
3
78
3
29
3
69
3
79
4
99
5
89
3
79
4
57
1
70
3
88
7
39
3
99
3
38
5
9
4
35
7
48
7
55
4
41
6
94
0
30
5
33
5
19
4
27
4
89
3
48
3
16
5
88
6
15
6
36
3
79
3
46
3
29
3
23
6
39
7
19
4
88
7
36
6
55
0
40
7
89
4
39
5
18
7
18
3
39
4
73
3
19
4
89
6
59
5
49
5
29
6
69
5
63
4
89
7
66
3
89
7
35
6
99
5
9
4
49
7
14
3
63
7
39
6
28
3
37
6
64
7
79
5
59
6
44
7
15
7
16
5
18
6
6
6
16
3
6
4
56
6
9
6
39
3
4
6
66
5
8
3
75
4
89
7
25
6
19
3
78
6
48
5
19
5
64
3
19
3
69
7
99
7
95
3
49
6
59
7
65
5
19
6
44
5
74
5
76
6
97
7
14
7
76
7
29
4
75
6
99
3
54
5
99
0
80
3
85
6
79
5
59
7
89
3
9
4
9
0
10
4
15
7
79
4
9
6
55
6
9
6
44
6
83
5
57
6
53
6
87
4
69
3
44
5
77
5
44
4
37
7
66
5
49
3
25
6
29
5
95
0
20
4
29
3
36
6
83
6
85
5
59
5
14
5
69
3
89
5
66
4
45
6
59
4
39
6
39
5
9
5
63
4
38
5
63
3
99
7
71
2
91
6
67
3
98
4
83
4
33
5
93
5
8
7
69
6
1
4
17
6
95
6
34
4
34
5
83
3
38
2
45
4
26
3
59
6
27
3
59
3
59
3
27
5
9
7
66
3
64
4
45
7
19
4
97
4
29
3
49
7
78
5
37
6
65
4
7
5
59
4
39
6
31
6
6
5
59
7
37
5
57
6
73
6
79
2
13
7
8
7
45
3
94
7
89
4
36
3
49
0
89
6
19
3
59
4
15
5
29
6
46
5
19
4
89
5
99
4
73
7
69
5
95
5
69
7
79
6
9
6
67
5
59
4
79
0
90
3
39
3
59
7
65
5
88
1
97
7
95
6
66
3
88
7
79
7
87
3
33
6
88
3
39
7
49
5
37
2
44
6
49
4
53
5
9
5
14
6
47
6
87
2
69
5
39
4
79
5
12
6
24
3
9
6
87
5
83
4
86
2
58
7
39
6
18
5
48
6
37
3
9
7
79
6
4
5
56
3
9
3
63
5
28
3
12
4
19
2
26
7
66
4
19
3
49
4
99
5
49
5
49
4
89
5
53
6
48
6
69
3
57
7
4
0
2
4
45
3
36
4
58
5
4
3
89
5
66
4
49
5
29
7
79
3
94
6
46
4
39
7
4
7
79
4
29
6
25
7
75
7
85
5
54
4
87
2
43
3
58
3
66
6
29
7
5
6
9
6
9
6
27
1
21
5
19
3
45
5
83
7
88
3
77
7
87
4
89
6
19
6
14
3
16
7
19
6
49
4
74
6
94
6
74
7
67
4
37
1
45
4
51
5
19
7
59
5
89
4
43
1
36
5
59
7
99
4
94
7
89
3
97
5
74
3
48
3
69
3
99
6
39
3
99
6
99
4
59
6
98
6
47
7
89
5
77
1
11
6
67
5
69
7
9
3
5
7
39
5
73
6
99
7
69
4
99
5
39
4
63
6
99
6
69
3
99
4
98
6
39
6
19
3
39
4
38
4
69
6
34
7
79
6
56
3
85
6
36
7
69
5
3
7
62
6
23
4
69
7
56
0
90
4
77
7
59
6
39
6
43
3
99
6
49
6
84
7
9
5
16
7
27
3
65
3
28
7
96
0
40
7
79
5
19
4
35
6
34
4
35
4
59
0
60
7
9
6
19
4
19
3
15
7
34
3
18
0
77
6
59
3
9
4
97
3
45
5
89
7
69
7
16
4
27
5
78
3
69
6
62
4
88
5
97
4
3
4
9
4
9
3
25
7
7
7
79
7
55
7
16
3
19
0
89
3
37
4
44
1
56
3
70
6
34
5
8
3
17
5
89
5
96
3
39
7
69
7
67
2
79
5
39
6
55
4
28
4
74
3
29
4
27
5
63
3
49
4
14
5
77
5
69
1
92
7
37
3
99
3
84
4
47
4
66
5
46
3
63
7
86
6
63
5
64
4
89
6
94
0
0
3
18
6
73
7
29
6
77
3
65
3
39
3
91
3
39
6
59
3
58
6
84
5
96
3
16
7
95
5
97
3
39
4
12
2
89
4
84
7
64
7
4
4
19
3
46
6
23
7
99
6
65
3
69
6
46
7
79
4
18
3
3
7
7
1
17
4
9
3
46
7
59
7
58
6
49
3
73
3
28
5
68
4
75
1
11
6
8
5
88
5
48
6
82
4
79
6
75
5
9
6
23
6
26
3
31
7
78
4
57
0
80
7
12
5
97
3
6
7
59
4
39
6
26
3
64
6
63
6
6
4
74
4
38
7
39
7
9
7
58
4
73
7
19
7
78
5
93
3
54
7
69
6
29
4
64
2
28
3
76
3
85
4
75
7
24
3
86
7
27
6
58
5
69
3
69
7
35
5
4
3
61
6
49
5
29
3
96
6
91
5
15
3
79
3
79
4
55
1
69
5
39
3
44
4
56
3
69
5
57
4
48
3
48
7
94
7
19
6
6
2
76
5
64
4
29
3
94
7
5
4
69
6
29
4
47
5
59
6
69
4
74
6
45
4
49
6
1
7
8
4
79
0
20
7
67
3
96
4
96
5
29
7
95
2
1
5
99
3
66
6
37
3
59
4
37
3
29
4
99
3
97
7
25
6
39
3
63
4
87
7
88
5
38
3
19
5
56
3
77
4
34
6
89
0
20
4
45
7
37
2
9
4
76
6
29
6
55
6
87
4
28
5
97
6
15
5
84
4
61
7
84
4
65
4
33
3
67
6
23
3
59
6
99
4
59
7
68
0
17
3
5
5
29
3
57
3
33
7
7
7
68
4
35
7
57
4
45
6
88
3
59
3
89
4
74
6
47
5
54
7
85
7
69
7
37
5
17
3
9
3
24
3
39
0
69
5
29
3
83
6
24
7
49
3
39
4
69
4
99
3
45
3
99
7
94
7
59
5
14
7
28
3
39
3
59
0
90
7
39
3
66
3
49
4
29
5
54
4
46
6
74
7
56
6
9
5
75
6
75
6
9
5
19
3
69
5
71
6
66
6
17
6
54
3
79
5
99
0
50
2
88
5
16
6
18
6
39
3
84
7
99
7
67
3
54
3
59
3
33
7
28
7
69
6
45
6
24
3
43
6
69
5
6
4
9
3
52
0
50
7
87
6
47
3
9
4
27
6
27
4
79
3
53
5
41
4
27
6
67
4
19
5
14
6
19
4
33
7
48
7
44
5
29
6
51
0
40
3
75
0
50
5
49
5
43
1
79
4
3
5
76
5
37
6
29
3
93
7
68
4
95
5
58
5
16
5
59
6
66
6
95
3
25
6
89
4
15
4
6
7
76
4
19
5
99
6
76
7
25
3
37
4
45
4
12
1
66
3
13
1
86
3
78
7
69
5
67
4
7
4
35
1
74
5
66
5
33
4
99
7
49
6
37
7
79
6
6
4
97
4
49
7
17
4
64
4
34
7
69
7
56
7
4
4
89
3
69
5
89
4
9
3
17
3
9
4
97
7
91
4
48
4
37
4
19
4
97
2
79
3
19
7
49
4
59
3
28
6
69
5
4
5
88
5
45
4
81
4
49
7
6
7
4
4
95
1
13
6
98
5
18
3
65
6
29
3
29
1
1
3
65
5
99
6
49
7
5
6
57
6
15
5
37
2
41
6
58
5
44
4
86
6
13
3
36
4
49
6
79
7
36
4
35
3
89
2
91
3
67
5
58
3
39
5
74
6
25
6
36
7
49
4
83
4
35
4
9
6
89
6
97
6
39
3
75
7
29
4
25
3
47
5
79
3
37
7
79
7
6
6
94
4
17
6
95
4
15
3
49
4
39
7
69
1
37
3
84
3
29
3
58
5
79
3
83
0
80
6
9
3
77
0
66
5
49
6
67
6
35
3
14
5
39
1
69
4
69
