9
74
9
64
9
94
9
34
9
56
9
64
16
58
15
87
9
44
9
34
15
27
9
36
9
44
9
94
14
26
13
55
9
64
9
44
9
64
17
59
8
75
9
0
14
26
14
86
9
34
9
14
9
14
9
64
9
94
9
64
15
57
12
84
9
14
9
64
14
56
15
57
9
74
9
74
9
64
14
86
9
44
9
34
9
74
9
94
9
44
16
28
9
99
9
14
9
94
13
55
9
14
9
44
9
34
16
28
18
60
9
44
9
14
16
88
9
64
9
99
9
99
9
94
15
27
9
99
9
44
9
56
9
74
9
14
18
30
9
94
9
99
9
99
9
44
9
14
9
34
9
94
9
74
14
86
18
30
14
26
9
74
0
60
9
44
9
74
9
64
9
73
9
44
9
44
18
30
13
55
13
55
9
14
9
74
9
34
9
64
0
40
9
99
15
87
17
59
13
25
9
99
14
86
9
34
9
74
14
86
9
99
9
94
14
86
9
64
1
70
9
94
9
44
9
99
9
38
9
14
9
44
17
59
9
64
9
41
9
99
0
30
9
44
16
28
9
34
9
94
14
56
14
26
9
94
14
26
9
44
14
86
14
56
9
34
9
34
9
44
9
19
9
88
9
44
9
64
0
40
9
94
9
44
9
18
9
18
9
44
12
84
14
26
9
94
9
64
16
58
9
34
9
74
9
74
9
94
9
74
9
94
9
44
9
99
9
14
15
57
13
25
9
74
9
44
9
34
9
44
9
74
18
90
9
64
9
36
14
26
15
27
16
28
9
14
15
27
9
14
9
64
9
14
9
44
9
14
9
74
9
14
14
86
9
94
9
34
17
29
14
86
17
59
16
28
9
74
14
26
9
74
9
99
9
99
14
56
9
64
9
74
16
28
13
55
13
85
15
87
9
99
13
25
15
87
9
34
14
86
9
99
9
64
9
99
0
80
9
94
17
89
9
64
9
94
9
14
9
14
0
10
8
15
18
90
9
14
9
64
9
14
13
55
9
94
9
64
9
64
9
94
9
74
13
55
16
88
13
55
9
26
9
74
16
58
9
34
9
34
9
99
0
20
9
34
9
44
9
94
9
94
9
64
13
25
9
74
9
94
9
74
14
56
9
64
9
44
9
44
9
14
9
63
9
44
9
74
9
99
9
71
2
91
9
74
9
99
9
94
9
44
9
99
9
14
9
74
9
1
15
27
9
99
9
44
9
44
9
94
9
44
2
41
9
34
9
64
9
34
9
64
9
64
3
29
9
14
9
74
9
74
14
56
18
30
9
99
9
34
14
56
17
89
9
44
9
74
9
14
9
64
9
44
9
31
9
14
9
64
9
44
9
64
12
84
17
89
2
13
9
8
14
56
9
99
9
89
9
44
14
56
0
89
17
29
9
64
14
26
9
34
15
57
16
28
9
94
9
99
12
84
9
74
9
99
9
74
18
90
9
14
9
74
9
64
15
87
0
90
9
44
9
64
9
74
9
94
1
99
9
99
9
74
9
88
18
90
9
94
9
44
9
88
9
44
18
60
9
44
2
49
17
59
9
64
9
14
13
25
16
58
9
94
2
69
9
44
15
87
9
12
17
21
9
14
9
94
9
94
4
89
2
58
9
44
17
29
16
58
9
44
9
14
18
90
9
14
9
56
9
14
9
74
9
34
9
6
15
27
2
29
9
74
15
27
14
56
9
99
16
58
16
58
9
94
9
64
17
59
9
74
9
64
9
14
0
2
14
56
9
44
9
58
9
14
9
94
9
74
15
57
9
34
18
90
9
99
15
57
9
44
9
14
18
90
9
34
9
34
14
86
9
94
9
64
9
94
2
49
9
58
9
74
9
34
9
14
9
14
9
14
9
34
1
21
16
28
14
56
9
94
9
94
14
86
9
94
9
94
17
29
13
25
9
16
18
30
17
59
9
73
9
99
13
85
9
74
9
37
1
49
15
51
16
28
9
64
9
94
12
54
1
36
9
64
9
99
9
99
9
94
9
99
13
85
14
56
9
74
9
99
9
44
9
99
9
99
9
64
9
99
16
58
9
94
16
88
1
11
9
74
9
74
9
14
9
14
9
44
12
84
9
99
9
74
9
99
9
44
9
74
9
99
9
74
9
99
9
99
9
44
17
29
9
44
9
44
9
74
9
44
18
90
9
64
9
94
9
26
9
74
9
14
9
62
9
34
9
74
9
64
0
90
15
87
9
64
9
44
12
54
9
99
17
59
9
94
9
14
15
27
9
34
9
74
9
34
9
99
0
40
18
90
16
28
9
44
9
44
9
44
9
64
0
60
9
14
17
29
15
27
14
26
9
44
14
26
0
77
9
64
9
14
9
99
14
56
9
94
9
74
15
27
9
34
16
88
9
74
9
62
9
88
9
99
9
14
9
14
9
14
9
34
9
14
18
90
9
64
15
27
14
26
0
89
9
44
13
55
1
59
3
70
9
44
9
14
14
26
9
94
9
99
9
44
9
74
9
74
2
79
9
44
9
64
9
34
13
85
9
34
9
34
9
74
14
56
13
25
16
88
9
74
1
91
9
44
9
99
9
94
15
57
9
74
15
57
9
63
9
94
9
56
9
63
9
94
9
99
0
0
14
26
12
84
9
34
9
77
9
74
9
44
9
91
9
44
9
64
9
64
9
94
9
99
14
26
8
95
9
99
9
44
4
12
2
89
4
84
9
74
9
14
15
27
14
56
9
34
9
99
8
65
9
74
15
57
18
90
15
27
9
14
9
14
1
17
9
14
14
56
9
64
9
64
17
59
12
84
9
34
9
74
14
86
1
11
9
14
9
94
16
58
9
76
15
87
14
86
9
14
9
34
9
34
3
31
17
89
9
64
0
80
9
6
9
99
9
14
9
64
9
44
9
34
9
74
9
74
9
14
13
85
9
38
9
44
9
14
9
64
12
84
9
19
17
89
9
99
9
64
9
74
9
34
9
74
9
28
14
86
3
85
8
75
9
34
9
94
9
34
9
64
9
74
9
74
9
44
9
14
9
61
17
59
9
34
9
99
9
86
14
26
14
86
14
86
9
64
1
69
9
44
13
55
9
64
9
74
9
64
15
57
9
48
9
99
18
30
9
14
2
71
9
74
9
34
3
99
8
5
9
74
9
34
15
57
9
64
9
74
4
79
14
56
15
57
9
1
9
14
15
87
0
20
9
74
9
99
4
99
9
34
9
99
2
1
9
99
3
66
9
44
9
64
9
37
9
34
9
99
9
99
9
34
9
44
9
74
9
94
9
94
9
44
14
26
9
64
9
77
9
44
9
94
0
20
14
56
9
37
2
9
15
87
9
34
9
64
9
94
9
34
9
97
14
26
9
94
9
61
9
94
8
65
9
44
9
74
9
34
9
64
9
99
9
64
9
68
0
17
9
14
9
34
9
64
9
44
9
14
9
74
8
35
9
56
4
49
9
94
9
64
9
94
13
85
16
58
9
64
9
94
9
74
9
44
16
28
9
14
9
30
9
44
0
69
9
34
9
94
17
21
18
60
9
44
9
74
9
99
14
56
9
99
9
99
9
64
13
25
9
34
9
44
9
64
0
90
9
44
9
66
14
56
9
34
9
64
15
57
13
85
9
64
9
14
14
86
14
86
9
14
16
28
9
74
9
66
9
74
16
28
9
64
14
86
9
99
0
50
2
88
15
27
17
29
9
44
9
94
9
99
9
74
3
59
9
64
9
44
9
34
9
74
14
56
9
34
12
54
9
74
9
14
9
14
14
52
0
50
9
94
16
58
9
14
9
34
9
34
15
87
9
64
9
41
9
27
9
74
15
27
13
25
17
29
9
44
17
59
9
43
9
34
17
51
0
40
14
86
0
50
16
58
12
54
1
79
9
14
15
87
9
44
9
34
9
99
9
68
9
99
9
64
15
27
9
64
9
74
8
95
9
34
9
94
14
26
9
14
15
87
15
27
9
99
15
87
8
25
9
44
14
56
9
12
1
69
12
24
1
81
14
86
9
74
9
74
9
14
9
44
1
79
9
74
9
44
9
99
18
60
9
44
18
90
9
14
9
99
15
57
16
28
9
74
9
44
9
74
9
64
9
14
9
94
9
74
9
94
9
14
3
19
9
14
9
99
9
91
9
48
9
44
15
27
9
99
2
79
14
26
18
60
9
64
9
28
9
74
9
14
9
94
14
56
4
81
15
57
9
14
9
14
9
99
1
19
9
99
16
28
9
74
9
34
9
34
1
1
9
74
9
99
17
59
9
14
9
64
14
26
9
44
2
41
9
64
13
55
9
94
12
24
9
44
15
57
17
89
9
44
4
39
9
94
2
91
9
74
9
64
9
44
13
85
9
34
9
44
9
49
9
94
9
44
9
14
9
94
9
99
9
44
14
86
9
29
9
34
14
56
16
88
9
44
18
90
9
14
9
99
4
17
9
99
14
26
14
56
9
44
9
74
1
39
9
94
9
34
9
64
16
88
9
94
0
80
9
14
3
79
0
66
16
58
9
74
9
44
13
25
9
44
1
69
9
74
