8
65
6
67
6
39
8
99
6
9
5
86
7
99
6
47
5
19
7
87
7
69
7
54
5
39
8
70
6
79
7
56
4
86
5
89
5
94
5
39
6
29
6
37
8
60
4
79
8
65
4
19
4
24
8
17
8
60
5
99
5
49
6
89
7
47
6
59
6
69
8
90
8
6
4
89
8
27
7
9
8
70
6
96
5
46
6
57
5
17
6
79
4
95
4
7
7
17
4
56
6
59
7
79
5
27
6
96
4
95
7
76
5
79
7
59
0
20
7
9
5
85
6
19
6
87
8
8
5
46
8
35
5
69
8
25
6
49
6
88
6
25
7
65
8
8
6
39
4
39
7
59
7
29
7
49
7
79
5
36
5
29
6
4
6
79
6
14
7
84
5
29
8
8
0
70
4
36
6
29
8
88
6
14
7
48
7
66
4
38
4
69
4
6
6
39
4
37
8
8
6
9
4
59
7
24
8
28
8
20
7
99
8
90
8
85
7
9
6
88
6
55
4
74
6
75
5
67
5
76
4
48
5
37
6
89
6
49
4
69
5
79
4
74
8
87
6
38
5
44
8
98
6
48
6
18
8
46
8
90
8
10
8
46
7
6
6
99
0
30
4
46
4
49
4
29
4
89
0
80
4
19
6
9
7
49
4
46
5
46
6
79
7
9
8
86
4
49
6
99
7
89
8
9
4
4
7
87
4
59
6
95
8
10
6
89
4
76
6
87
7
29
6
39
7
54
7
96
8
96
4
79
4
69
6
24
7
45
4
89
5
35
6
89
8
29
5
98
4
39
7
19
7
7
8
70
6
41
8
97
7
58
7
49
7
19
4
4
7
75
8
15
0
80
8
89
8
30
7
99
5
69
4
35
7
99
8
30
5
37
6
29
6
29
7
39
8
85
0
0
4
77
5
35
4
28
6
39
4
97
0
50
4
85
6
79
7
84
8
49
4
79
6
19
7
59
8
88
6
69
4
39
4
39
7
37
8
20
5
29
5
99
7
49
6
54
8
45
4
36
7
84
4
26
5
78
8
47
5
76
4
67
4
95
8
66
6
25
8
59
5
19
7
69
7
59
4
54
0
80
7
49
4
39
6
64
8
9
8
29
4
39
6
98
8
40
6
69
8
67
7
97
5
98
7
25
7
29
6
85
4
29
5
47
7
79
8
57
8
7
6
85
8
70
4
18
7
55
5
64
5
49
8
39
5
24
7
96
6
87
7
65
7
79
4
99
8
70
5
39
4
39
7
99
5
49
8
30
4
39
7
69
8
77
6
9
5
44
8
88
4
99
8
70
5
74
4
6
6
84
7
71
6
68
5
47
8
58
6
14
4
84
8
80
7
79
5
8
5
59
6
44
6
69
7
94
7
77
6
79
4
19
6
7
6
96
8
21
6
4
7
19
8
30
6
96
4
9
5
69
6
99
4
96
5
24
7
67
6
24
5
25
8
80
4
86
1
49
5
9
4
89
6
9
7
28
4
46
6
59
6
79
7
92
8
76
7
27
5
99
5
19
4
8
5
8
7
69
4
19
7
34
8
80
4
9
4
89
5
7
7
16
7
29
0
20
8
90
6
89
8
10
6
48
7
44
5
25
5
37
5
24
2
89
7
49
5
89
8
28
5
56
7
66
4
12
5
67
7
15
7
39
5
49
8
17
7
49
8
96
6
9
5
79
6
19
3
58
8
76
4
66
5
45
4
19
5
74
6
59
4
45
5
27
6
38
5
29
7
99
4
48
8
80
5
29
0
0
5
6
5
49
5
9
5
56
5
56
7
39
5
69
4
57
5
15
7
19
8
30
4
48
8
28
6
99
4
55
6
44
8
17
4
39
6
69
6
29
4
89
4
18
5
29
4
6
0
60
0
50
6
27
4
67
7
89
7
15
5
58
6
9
5
48
7
11
4
0
5
69
4
86
4
4
5
79
6
85
6
66
8
98
4
69
7
65
5
59
7
28
4
89
5
79
7
57
8
77
5
79
6
29
5
9
6
59
6
85
8
75
7
49
6
89
6
6
4
79
7
19
5
89
5
9
5
99
5
54
4
98
6
49
4
39
6
79
8
80
5
46
7
18
6
21
4
75
5
85
6
17
8
48
5
49
4
69
6
78
5
6
7
79
4
69
8
85
7
29
6
4
8
17
0
30
6
75
6
74
2
9
4
99
7
59
4
25
5
69
6
49
6
79
4
16
5
5
6
19
4
99
7
88
7
87
4
79
7
59
4
98
4
39
5
99
8
90
8
40
8
10
4
79
8
20
7
38
6
9
5
49
8
70
0
30
5
59
8
37
4
79
7
89
4
89
8
40
8
99
6
16
6
4
7
39
6
59
4
89
6
14
6
55
7
54
8
47
6
76
7
9
7
37
6
79
5
49
7
57
5
24
8
36
8
96
8
25
7
79
8
87
8
99
0
10
4
4
4
86
6
49
7
86
6
69
7
49
4
89
8
60
7
99
4
9
5
1
7
59
5
89
7
79
5
47
5
79
7
17
7
84
4
35
7
39
8
60
7
59
4
64
4
6
4
7
6
39
4
68
5
69
5
45
7
45
6
5
8
60
4
78
5
59
4
9
6
19
6
57
6
86
5
99
4
4
5
39
5
49
8
10
4
39
6
35
7
35
6
36
7
69
4
59
5
94
8
80
8
10
8
85
4
9
2
89
6
46
7
55
6
35
4
14
4
25
7
66
5
87
4
45
8
75
0
0
5
45
4
80
8
60
7
15
4
44
4
86
5
39
7
33
7
7
5
5
8
70
6
57
4
39
5
94
8
68
6
55
5
65
7
84
4
68
4
39
5
66
4
9
4
29
8
90
7
88
8
69
6
59
8
30
5
9
1
28
5
18
4
69
6
84
4
7
7
17
5
79
4
19
8
80
6
6
8
85
2
0
4
19
5
39
6
85
8
7
4
94
5
79
8
10
5
97
7
56
4
99
5
47
5
79
4
59
8
20
6
79
7
74
7
19
4
59
6
9
4
44
4
88
8
30
6
7
6
69
4
39
4
29
6
59
4
69
6
19
7
9
8
19
6
9
8
35
5
39
4
66
6
67
7
54
7
89
7
5
5
79
8
40
7
9
5
58
5
99
8
88
5
39
7
79
4
19
5
87
8
50
7
75
7
4
7
39
8
69
8
86
4
25
4
29
4
99
8
29
6
89
7
29
6
97
8
20
4
88
6
59
6
7
5
64
8
99
5
49
6
99
5
56
8
45
5
48
4
19
6
79
5
64
6
64
8
7
7
18
6
89
6
89
8
69
7
49
6
66
4
24
8
20
5
39
4
29
5
79
4
86
4
28
8
20
6
86
6
98
7
85
4
4
5
7
4
49
7
34
7
84
7
89
4
39
5
49
6
69
5
69
5
9
0
10
8
90
4
18
7
74
7
96
5
76
5
46
7
49
7
65
4
89
4
65
5
59
4
25
5
19
6
56
5
39
5
99
8
17
6
59
6
99
6
99
4
56
6
69
7
19
7
9
4
89
7
74
5
15
5
59
8
99
6
58
7
89
7
39
8
10
8
60
4
45
8
10
4
64
5
9
7
76
5
85
5
9
5
49
8
90
5
9
8
25
5
29
5
93
4
49
8
99
6
69
8
99
4
99
7
74
6
69
4
99
4
81
1
91
8
20
8
80
4
39
7
9
8
30
7
39
5
69
5
9
0
80
4
24
7
46
7
39
5
34
4
2
6
79
4
64
8
28
8
99
5
44
6
65
7
55
7
55
4
66
7
27
7
15
5
19
4
89
7
19
0
20
7
74
8
19
8
98
8
90
5
14
7
99
6
95
4
29
5
8
5
79
6
89
5
49
5
87
4
69
4
49
5
63
8
10
7
16
5
14
5
57
8
86
8
58
8
65
6
39
6
99
7
85
0
70
7
59
8
75
4
39
4
74
7
89
7
54
4
54
6
67
8
60
5
79
6
55
7
11
5
68
8
20
5
56
6
39
7
69
1
79
4
59
4
37
6
49
2
28
4
49
0
70
6
79
5
48
7
9
6
39
7
26
4
79
5
39
7
79
5
49
5
29
7
9
4
54
5
9
7
19
8
26
6
89
8
67
8
37
0
70
6
75
5
39
6
9
7
17
6
98
0
40
8
22
7
44
6
29
4
35
8
45
5
79
6
24
6
88
5
4
8
87
5
44
8
25
4
76
4
9
6
19
6
65
7
19
8
29
6
9
4
76
6
57
8
87
8
36
4
98
7
58
4
29
7
69
6
29
8
70
5
59
5
8
4
34
4
99
6
56
7
48
7
77
4
84
8
8
4
8
8
69
8
20
5
45
8
59
6
99
6
84
7
59
6
19
4
5
6
65
4
19
4
7
0
40
4
99
5
79
4
99
8
66
8
79
7
4
5
49
4
19
5
44
1
79
0
60
4
19
7
64
6
29
7
59
5
9
5
89
6
45
5
48
4
6
7
87
4
58
6
89
6
16
7
59
4
58
4
36
5
49
8
36
4
64
7
79
4
69
7
54
5
47
4
19
8
5
