9
68
9
70
9
41
9
99
9
11
8
89
9
99
9
50
8
20
9
90
9
72
9
57
8
40
9
73
9
81
9
59
7
89
8
90
8
97
8
40
9
31
9
40
9
63
7
79
9
68
7
19
7
27
9
20
9
63
8
99
8
50
9
91
9
50
9
61
9
71
9
93
9
9
7
89
9
30
9
12
9
73
9
99
8
49
9
60
8
20
9
81
7
98
7
9
9
20
7
59
9
61
10
82
8
30
9
99
7
98
9
79
8
80
9
62
0
20
9
12
8
88
9
21
9
90
9
11
8
49
9
38
8
70
9
28
9
51
9
91
9
28
9
68
9
11
9
41
7
39
9
62
9
32
10
52
10
82
8
39
8
30
9
7
9
81
9
17
9
87
8
30
9
11
0
70
7
39
9
31
9
91
9
17
9
48
9
69
7
39
7
69
7
9
9
41
7
39
9
11
9
11
7
59
9
27
9
31
11
23
9
99
9
93
9
88
9
12
9
91
9
58
7
77
9
78
8
70
8
79
7
49
8
40
9
91
9
51
7
69
8
80
7
77
9
90
9
41
8
47
9
99
9
51
9
21
9
49
9
93
9
13
9
49
9
9
9
99
0
30
7
49
7
49
7
29
7
89
0
80
7
19
9
11
10
52
7
49
8
49
9
81
9
12
9
89
7
49
9
99
9
92
9
12
7
7
9
90
7
59
9
98
9
13
9
91
7
79
9
90
9
32
9
41
9
57
9
99
9
99
7
79
7
69
9
27
9
48
7
89
8
38
9
91
9
32
8
99
7
39
10
22
9
10
9
73
9
39
9
99
9
61
10
52
10
22
7
7
9
78
9
18
0
80
9
92
9
33
9
99
8
70
7
38
9
99
9
33
8
40
9
31
9
31
9
42
9
88
0
0
7
79
8
38
7
29
9
41
7
99
0
50
7
88
9
81
9
87
10
52
7
79
9
21
9
62
9
91
9
71
7
39
7
39
9
40
11
23
8
30
8
99
10
52
9
57
9
48
7
39
9
87
7
29
8
80
9
50
8
79
7
69
7
98
9
69
9
28
9
62
8
20
9
72
9
62
7
57
0
80
10
52
7
39
9
67
9
12
9
32
7
39
9
99
9
43
9
71
9
70
9
99
8
99
9
28
9
32
9
88
7
29
8
50
10
82
9
60
9
10
9
88
9
73
7
19
9
58
8
67
8
50
9
42
8
27
9
96
9
90
9
68
10
82
7
99
9
73
8
40
7
39
9
99
8
50
9
33
7
39
9
72
9
80
9
11
8
47
9
91
7
99
9
73
8
77
7
9
9
87
9
71
9
71
8
50
9
61
9
17
7
87
11
83
10
82
8
10
8
60
9
47
9
71
9
97
9
80
9
81
7
19
9
10
9
99
11
21
9
7
10
22
9
27
9
99
7
9
8
70
9
99
7
99
8
27
9
70
9
27
8
28
11
83
7
89
1
49
8
10
7
89
9
11
9
31
7
49
9
61
9
81
9
92
9
79
9
30
8
99
8
20
7
9
8
10
9
72
7
19
9
37
11
83
7
9
7
89
8
10
9
19
9
32
0
20
9
93
9
91
9
13
9
51
9
47
8
25
8
40
8
27
2
89
10
52
8
90
9
31
8
59
9
69
7
12
8
70
9
18
9
42
8
50
9
20
10
52
9
99
9
11
8
80
9
21
3
59
9
79
7
69
8
48
7
19
8
77
9
61
7
48
8
30
9
41
8
30
9
99
7
49
11
83
8
30
0
0
8
9
8
50
8
10
8
59
8
59
9
42
8
70
7
59
8
18
10
22
9
33
7
49
9
31
9
99
7
58
9
47
9
20
7
39
9
71
9
31
7
89
7
19
8
30
7
9
0
60
0
50
9
30
7
69
9
92
9
18
8
60
9
11
8
50
9
11
4
0
8
70
7
89
7
7
8
80
9
88
9
69
9
99
4
69
9
68
8
60
9
31
7
89
8
80
9
60
9
80
8
80
9
31
8
10
9
61
9
88
9
78
10
52
9
91
9
9
7
79
10
22
8
90
8
10
8
99
8
57
7
99
9
51
7
39
9
81
11
83
8
49
9
21
9
21
7
78
8
88
9
20
9
51
8
50
7
69
9
78
8
9
10
82
7
69
9
88
9
32
9
7
9
20
0
30
9
78
9
77
2
9
7
99
9
62
7
28
8
70
9
51
9
81
7
19
8
8
9
21
7
99
9
91
9
90
7
79
9
62
7
98
7
39
8
99
9
93
9
43
9
13
7
79
11
23
9
41
9
11
8
50
9
73
0
30
8
60
9
40
7
79
9
92
7
89
9
43
9
99
9
19
9
7
9
42
9
61
7
89
9
17
9
58
9
57
9
50
9
79
9
12
9
40
9
81
8
50
9
60
8
27
9
39
9
99
9
28
10
82
9
90
9
99
0
10
7
7
7
89
9
51
9
89
9
71
10
52
7
89
9
63
9
99
7
9
8
1
9
62
8
90
10
82
8
50
8
80
9
20
9
87
7
38
9
42
9
63
9
62
7
67
7
9
7
9
9
41
7
69
8
70
8
48
9
48
9
8
9
63
7
79
8
60
7
9
9
21
9
60
9
89
8
99
7
7
8
40
8
50
9
13
7
39
9
38
9
38
9
39
9
72
7
59
8
97
11
83
9
13
9
88
7
9
2
89
9
49
9
58
9
38
7
17
7
28
9
66
8
87
7
48
8
75
0
0
8
48
4
80
9
63
9
18
7
47
7
89
8
40
9
30
9
10
8
8
9
73
9
57
7
39
8
97
9
71
9
58
8
68
9
87
7
69
7
39
8
69
7
9
7
29
9
93
9
91
9
72
9
61
9
33
8
10
1
29
8
20
7
69
9
87
7
9
9
20
8
80
7
19
11
83
9
9
9
88
2
0
7
19
8
40
9
88
9
10
7
97
8
80
9
13
8
99
9
59
7
99
8
50
8
80
7
59
11
23
9
81
9
77
10
22
4
59
9
11
7
47
7
89
9
33
9
7
9
71
7
39
7
29
9
61
7
69
9
21
9
12
10
22
9
11
9
38
8
40
7
69
9
70
9
57
9
92
9
8
8
80
9
43
9
12
8
60
8
99
9
91
8
40
10
82
7
19
8
90
11
53
9
78
9
7
9
42
9
72
9
89
7
28
7
29
7
99
9
32
9
91
9
32
9
99
11
23
7
89
9
61
9
10
8
67
9
99
8
50
9
99
8
59
9
48
8
50
7
19
9
81
8
67
9
67
9
10
9
21
9
91
9
91
9
72
10
52
9
69
7
27
11
23
8
40
7
29
8
80
7
89
7
29
11
23
9
89
9
99
9
88
7
7
8
10
7
49
9
37
9
87
9
92
7
39
8
50
9
71
8
70
8
10
0
10
9
93
7
19
9
77
9
99
8
79
8
49
10
52
9
68
7
89
7
65
8
60
7
28
8
20
9
59
8
40
8
99
9
20
9
61
9
99
9
99
7
59
9
71
10
22
9
12
7
89
9
77
8
18
8
60
9
99
9
61
9
92
9
42
9
13
9
63
7
48
9
13
7
67
8
10
9
79
8
88
8
9
8
50
9
93
8
10
9
28
8
30
8
93
7
49
9
99
9
71
9
99
7
99
9
77
9
71
7
99
7
81
1
91
11
23
11
83
7
39
9
12
9
33
9
42
8
70
8
10
0
80
4
27
9
49
9
42
8
37
7
2
9
81
7
67
9
31
9
99
8
47
9
68
9
58
9
58
7
69
9
27
9
18
8
20
7
89
10
22
0
20
9
77
10
22
9
99
9
93
8
17
9
99
9
98
7
29
8
10
8
80
9
91
8
50
8
90
7
69
7
49
8
63
9
13
9
19
8
17
8
60
9
89
9
61
8
65
9
41
9
99
9
88
0
70
9
62
9
78
7
39
7
77
9
92
9
57
7
57
9
70
9
63
8
80
9
58
9
11
8
70
11
23
8
59
9
41
9
72
1
79
7
59
7
39
9
51
2
29
4
49
0
70
9
81
8
50
9
12
9
41
9
26
7
79
8
40
10
82
8
50
8
30
9
12
7
57
8
10
10
22
9
29
9
91
9
67
9
40
0
70
9
78
8
40
9
11
9
20
9
99
0
40
11
22
9
47
9
31
7
35
9
48
8
80
9
27
9
91
8
7
9
90
8
47
9
28
7
76
7
9
9
21
9
68
10
22
9
32
9
11
7
79
9
60
9
90
9
39
7
99
9
61
7
29
9
72
9
31
9
73
8
60
8
10
7
37
7
99
9
59
9
51
9
80
7
87
9
11
7
9
9
72
11
23
8
48
9
62
9
99
9
87
9
62
9
21
7
8
9
68
7
19
7
9
0
40
7
99
8
80
7
99
9
69
10
82
9
7
8
50
7
19
8
44
1
79
0
60
7
19
9
67
9
31
9
62
8
10
8
90
9
48
8
50
7
9
9
90
7
59
9
91
9
19
9
62
7
59
7
39
8
50
9
39
7
67
10
82
7
69
9
57
8
50
7
19
9
8
