5
62
3
64
3
36
5
99
3
9
2
83
4
96
3
44
2
17
4
84
4
67
4
51
2
38
5
68
3
78
4
53
1
83
2
86
2
91
2
37
3
29
3
34
5
58
1
79
5
62
1
19
1
21
5
14
5
59
2
99
2
49
3
86
4
44
3
59
3
69
5
89
5
3
1
89
5
24
4
9
5
67
3
93
2
43
3
54
2
14
3
78
1
92
1
4
4
14
1
53
3
59
4
78
2
24
3
93
1
92
4
73
2
78
4
58
0
20
4
7
2
82
3
19
3
84
5
5
2
43
5
32
2
67
5
22
3
47
3
85
3
22
4
62
5
5
3
38
1
36
4
59
4
29
4
47
4
76
2
33
2
26
3
1
3
77
3
11
4
81
2
27
5
5
0
70
1
33
3
28
5
85
3
11
4
48
4
63
1
35
1
69
1
3
3
38
1
34
5
5
3
9
1
57
4
21
5
25
5
19
4
99
5
89
5
82
4
6
3
85
3
52
1
71
3
72
2
64
2
73
1
45
2
34
3
89
3
49
1
67
2
77
1
71
5
84
3
35
2
41
5
95
3
45
3
15
5
43
5
87
5
9
5
43
4
3
3
97
0
30
1
43
1
49
1
29
1
89
0
80
1
19
3
6
4
47
1
43
2
43
3
78
4
6
5
83
1
48
3
99
4
86
5
6
1
1
4
84
1
57
3
92
5
8
3
88
1
73
3
84
4
28
3
39
4
51
4
93
5
93
1
79
1
69
3
21
4
42
1
86
2
32
3
86
5
26
2
95
1
37
4
19
4
4
5
67
3
44
5
94
4
55
4
49
4
16
1
1
4
72
5
12
0
80
5
86
5
27
4
96
2
69
1
32
4
99
5
29
2
34
3
29
3
26
4
39
5
82
0
0
1
74
2
32
1
25
3
38
1
94
0
50
1
82
3
79
4
81
5
46
1
76
3
17
4
58
5
85
3
67
1
39
1
37
4
34
5
19
2
29
2
96
4
49
3
51
5
42
1
33
4
81
1
23
2
75
5
44
2
73
1
64
1
92
5
63
3
22
5
56
2
19
4
67
4
58
1
51
0
80
4
49
1
39
3
61
5
6
5
26
1
37
3
95
5
38
3
69
5
64
4
94
2
95
4
22
4
29
3
82
1
29
2
44
4
78
5
54
5
4
3
82
5
69
1
15
4
52
2
61
2
46
5
36
2
21
4
96
3
84
4
62
4
77
1
98
5
69
2
36
1
37
4
99
2
49
5
29
1
39
4
68
5
74
3
9
2
41
5
85
1
96
5
69
2
71
1
3
3
81
4
71
3
65
2
44
5
55
3
11
1
81
5
79
4
79
2
5
2
59
3
41
3
67
4
91
4
74
3
79
1
19
3
4
3
93
5
21
3
1
4
17
5
31
3
93
1
9
2
67
3
99
1
93
2
21
4
64
3
21
2
22
5
79
1
83
1
47
2
6
1
89
3
6
4
25
1
43
3
56
3
76
4
92
5
73
4
24
2
99
2
18
1
5
2
5
4
67
1
18
4
31
5
79
1
9
1
86
2
4
4
13
4
29
0
20
5
87
3
88
5
8
3
45
4
41
2
25
2
34
2
21
2
88
4
48
2
87
5
25
2
53
4
63
1
12
2
64
4
12
4
39
2
48
5
14
4
47
5
93
3
9
2
77
3
16
3
55
5
73
1
63
2
42
1
18
2
71
3
56
1
42
2
24
3
35
2
29
4
97
1
45
5
78
2
28
0
0
2
3
2
46
2
8
2
53
2
53
4
37
2
68
1
54
2
12
4
19
5
29
1
45
5
25
3
97
1
52
3
41
5
14
1
39
3
68
3
27
1
87
1
15
2
29
1
3
0
60
0
50
3
24
1
64
4
89
4
12
2
55
3
6
2
45
4
11
4
0
2
69
1
83
1
1
2
76
3
82
3
63
5
95
4
66
4
62
2
57
4
25
1
86
2
78
4
54
5
74
2
78
3
27
2
9
3
56
3
82
5
72
4
46
3
86
3
3
1
78
4
16
2
87
2
7
2
99
2
51
1
95
3
49
1
39
3
78
5
77
2
43
4
15
3
21
1
72
2
82
3
14
5
45
2
49
1
68
3
78
2
3
4
78
1
69
5
82
4
27
3
1
5
14
0
30
3
72
3
71
2
7
1
97
4
59
1
22
2
69
3
46
3
79
1
13
2
2
3
19
1
99
4
85
4
84
1
79
4
58
1
98
1
39
2
99
5
87
5
39
5
8
1
79
5
18
4
35
3
6
2
46
5
67
0
30
2
59
5
34
1
78
4
87
1
89
5
37
5
97
3
13
3
1
4
39
3
59
1
88
3
11
3
52
4
51
5
44
3
73
4
7
4
34
3
79
2
46
4
54
2
21
5
33
5
93
5
22
4
79
5
84
5
99
0
10
1
1
1
83
3
49
4
83
3
69
4
47
1
89
5
59
4
99
1
9
2
1
4
59
2
86
4
76
2
44
2
78
4
14
4
81
1
32
4
36
5
59
4
58
1
61
1
3
1
4
3
38
1
65
2
67
2
42
4
42
3
2
5
59
1
75
2
57
1
8
3
19
3
54
3
83
2
99
1
1
2
39
2
46
5
9
1
39
3
32
4
32
3
33
4
68
1
57
2
91
5
79
5
8
5
82
1
8
2
86
3
43
4
52
3
32
1
11
1
22
4
66
2
87
1
42
5
75
0
0
2
42
4
80
5
59
4
12
1
41
1
83
2
37
4
36
4
4
2
2
5
68
3
57
1
38
2
91
5
65
3
52
2
62
4
81
1
65
1
39
2
63
1
7
1
28
5
89
4
85
5
66
3
59
5
29
2
7
1
25
2
15
1
69
3
81
1
4
4
14
2
79
1
19
5
78
3
3
5
82
2
0
1
17
2
39
3
82
5
4
1
91
2
76
5
9
2
94
4
53
1
97
2
44
2
77
1
57
5
19
3
78
4
71
4
16
4
59
3
9
1
41
1
85
5
28
3
7
3
69
1
36
1
29
3
59
1
67
3
17
4
9
5
16
3
7
5
32
2
39
1
63
3
64
4
51
4
86
4
2
2
79
5
39
4
8
2
55
2
96
5
85
2
38
4
78
1
16
2
84
5
47
4
72
4
1
4
38
5
66
5
83
1
22
1
29
1
96
5
26
3
89
4
29
3
94
5
19
1
85
3
59
3
4
2
61
5
98
2
47
3
96
2
53
5
42
2
45
1
19
3
76
2
61
3
61
5
4
4
15
3
86
3
88
5
66
4
49
3
63
1
21
5
19
2
36
1
29
2
78
1
83
1
25
5
19
3
83
3
95
4
82
1
1
2
4
1
49
4
31
4
81
4
87
1
39
2
48
3
66
2
68
2
9
0
10
5
87
1
15
4
71
4
93
2
73
2
43
4
49
4
62
1
89
1
65
2
59
1
22
2
16
3
53
2
38
2
99
5
14
3
59
3
98
3
99
1
53
3
68
4
17
4
9
1
87
4
71
2
12
2
59
5
98
3
55
4
87
4
39
5
9
5
58
1
42
5
9
1
61
2
6
4
73
2
82
2
9
2
48
5
87
2
9
5
22
2
28
2
93
1
46
5
97
3
66
5
98
1
98
4
71
3
66
1
99
1
82
1
91
5
19
5
79
1
39
4
9
5
28
4
38
2
67
2
6
0
80
4
21
4
43
4
39
2
31
1
2
3
79
1
61
5
25
5
98
2
41
3
62
4
52
4
52
1
63
4
27
4
12
2
16
1
87
4
16
0
20
4
71
5
16
5
95
5
88
2
11
4
98
3
92
1
26
2
5
2
76
3
89
2
49
2
84
1
66
1
49
2
63
5
8
4
13
2
11
2
54
5
83
5
55
5
65
3
36
3
97
4
82
0
70
4
58
5
72
1
39
1
71
4
88
4
51
1
51
3
64
5
59
2
77
3
52
4
11
2
65
5
19
2
53
3
37
4
69
1
76
1
56
1
34
3
46
2
25
4
48
0
70
3
77
2
45
4
9
3
39
4
26
1
77
2
38
4
79
2
46
2
29
4
7
1
51
2
6
4
19
5
23
3
89
5
67
5
34
0
70
3
72
2
37
3
9
4
14
3
95
0
40
5
22
4
41
3
29
1
35
5
42
2
76
3
21
3
85
2
1
5
84
2
41
5
22
1
76
1
9
3
18
3
62
4
19
5
26
3
7
1
73
3
54
5
84
5
33
1
95
4
55
1
29
4
66
3
28
5
69
2
59
2
5
1
31
1
97
3
53
4
45
4
74
1
81
5
5
1
5
5
66
5
17
2
42
5
56
3
97
3
81
4
57
3
18
1
2
3
62
1
16
1
4
0
40
1
97
2
79
1
96
5
63
5
76
4
1
2
46
1
19
2
44
1
77
0
60
1
19
4
61
3
29
4
57
2
9
2
88
3
42
2
45
1
3
4
84
1
55
3
88
3
13
4
59
1
55
1
33
2
48
5
33
1
61
4
77
1
68
4
51
2
44
1
19
5
2
