8
66
7
68
7
39
9
99
7
9
6
87
8
99
7
48
6
19
8
88
8
70
8
55
6
39
9
71
7
79
8
57
5
87
6
89
6
95
6
39
7
29
7
38
9
61
5
79
8
66
5
19
5
25
9
18
9
61
6
99
6
49
7
89
8
48
7
59
7
69
9
91
9
7
5
89
9
28
8
10
9
71
7
97
6
47
7
58
6
18
7
79
5
96
5
8
8
18
5
57
7
59
8
80
6
28
7
97
5
96
8
77
6
79
8
60
0
20
8
10
6
86
7
19
7
88
9
9
6
47
8
36
6
69
8
26
7
49
7
89
7
26
8
66
9
9
7
39
5
39
8
60
8
30
8
50
8
80
6
37
6
29
7
5
7
79
7
15
8
85
6
29
9
9
0
70
5
37
7
29
9
89
7
15
8
48
8
67
5
39
5
69
5
7
7
39
5
38
9
9
7
9
5
59
8
25
9
29
9
21
8
99
9
91
8
86
8
10
7
89
7
56
5
75
7
76
6
68
6
77
5
49
6
38
7
89
7
49
5
69
6
79
5
75
9
88
7
39
6
45
9
99
7
49
7
19
9
47
9
91
9
11
9
47
8
7
7
99
0
30
5
47
5
49
5
29
5
89
0
80
5
19
7
9
8
50
5
47
6
47
7
79
8
10
9
87
5
49
7
99
8
90
9
10
5
5
8
88
5
59
7
96
9
11
7
89
5
77
7
88
8
30
7
39
8
55
8
97
9
97
5
79
5
69
7
25
8
46
5
89
6
36
7
89
9
30
6
99
5
39
8
20
8
8
9
71
7
41
9
98
8
59
8
50
8
20
5
5
8
76
8
16
0
80
9
90
9
31
8
99
6
69
5
36
8
99
9
31
6
38
7
29
7
29
8
40
8
86
0
0
5
78
6
36
5
29
7
39
5
98
0
50
5
86
7
79
8
85
9
50
5
79
7
19
8
60
9
89
7
69
5
39
5
39
8
38
9
21
6
29
6
99
8
50
7
55
8
46
5
37
8
85
5
27
6
79
9
48
6
77
5
68
5
96
9
67
7
26
9
60
6
19
8
70
8
60
5
55
0
80
8
50
5
39
7
65
9
10
9
30
5
39
7
99
9
41
7
69
9
68
8
98
6
99
8
26
8
30
7
86
5
29
6
48
8
80
9
58
9
8
7
86
9
71
5
19
8
56
6
65
6
49
9
40
6
25
8
96
7
88
8
66
8
80
5
99
9
71
6
39
5
39
8
99
6
49
9
31
5
39
8
70
9
78
7
9
6
45
9
89
5
99
9
71
6
75
5
7
7
85
8
71
7
69
6
48
9
59
7
15
5
85
9
81
8
80
6
9
6
59
7
45
7
69
8
95
8
78
7
79
5
19
7
8
7
97
9
21
7
5
8
20
9
29
7
97
5
9
6
69
7
99
5
97
6
25
8
68
7
25
6
26
9
81
5
87
1
49
6
9
5
89
7
9
8
29
5
47
7
59
7
79
8
92
9
77
8
28
6
99
6
19
5
9
6
9
8
70
5
19
8
35
9
81
5
9
5
89
6
8
8
17
8
30
0
20
9
91
7
89
9
11
7
49
8
45
6
25
6
38
6
25
2
89
8
50
6
89
9
29
6
57
8
67
5
12
6
68
8
16
8
40
6
49
9
18
8
50
9
97
7
9
6
79
7
19
3
59
9
77
5
67
6
46
5
19
6
75
7
59
5
46
6
28
7
39
6
29
8
99
5
49
9
81
6
29
0
0
6
7
6
49
6
9
6
57
6
57
8
40
6
69
5
58
6
16
8
20
9
31
5
49
9
29
7
99
5
56
7
45
9
18
5
39
7
69
7
29
5
89
5
19
6
29
5
7
0
60
0
50
7
28
5
68
8
90
8
16
6
59
7
9
6
49
8
11
4
0
6
69
5
87
5
5
6
79
7
86
7
67
9
99
4
69
8
66
6
59
8
29
5
89
6
79
8
58
9
78
6
79
7
29
6
9
7
59
7
86
8
76
8
50
7
89
7
7
5
79
8
20
6
89
6
9
6
99
6
55
5
99
7
49
5
39
7
79
9
81
6
47
8
19
7
21
5
76
6
86
7
18
9
49
6
49
5
69
7
78
6
7
8
80
5
69
8
86
8
30
7
5
9
18
0
30
7
76
7
75
2
9
5
99
8
60
5
26
6
69
7
49
7
79
5
17
6
6
7
19
5
99
8
89
8
88
5
79
8
60
5
98
5
39
6
99
9
91
9
41
9
11
5
79
9
21
8
39
7
9
6
49
9
71
0
30
6
59
9
38
5
79
8
90
5
89
9
41
9
99
7
17
7
5
8
40
7
59
5
89
7
15
7
56
8
55
9
48
7
77
8
10
8
38
7
79
6
49
8
58
6
25
9
37
9
97
8
26
8
80
9
88
9
99
0
10
5
5
5
87
7
49
8
87
7
69
8
50
5
89
9
61
8
99
5
9
6
1
8
60
6
89
8
80
6
48
6
79
8
18
8
85
5
36
8
40
9
61
8
60
5
65
5
7
5
8
7
39
5
69
6
69
6
46
8
46
7
6
9
61
5
79
6
59
5
9
7
19
7
58
7
87
6
99
5
5
6
39
6
49
9
11
5
39
7
36
8
36
7
37
8
70
5
59
6
95
9
81
9
11
8
86
5
9
2
89
7
47
8
56
7
36
5
15
5
26
8
66
6
87
5
46
8
75
0
0
6
46
4
80
9
61
8
16
5
45
5
87
6
39
8
32
8
8
6
6
9
71
7
57
5
39
6
95
9
69
7
56
6
66
8
85
5
69
5
39
6
67
5
9
5
29
9
91
8
89
9
70
7
59
9
31
6
9
1
29
6
19
5
69
7
85
5
8
8
18
6
79
5
19
9
81
7
7
8
86
2
0
5
19
6
39
7
86
9
8
5
95
6
79
9
11
6
98
8
57
5
99
6
48
6
79
5
59
9
21
7
79
8
75
8
20
4
59
7
9
5
45
5
89
9
31
7
7
7
69
5
39
5
29
7
59
5
69
7
19
8
10
9
20
7
9
8
36
6
39
5
67
7
68
8
55
8
90
8
6
6
79
9
41
8
10
6
59
6
99
9
89
6
39
8
80
5
19
6
88
9
51
8
76
8
5
8
40
9
70
9
87
5
26
5
29
5
99
9
30
7
89
8
30
7
98
9
21
5
89
7
59
7
8
6
65
9
99
6
49
7
99
6
57
8
46
6
49
5
19
7
79
6
65
7
65
9
8
8
19
7
89
7
89
9
70
8
50
7
67
5
25
9
21
6
39
5
29
6
79
5
87
5
29
9
21
7
87
7
99
8
86
5
5
6
8
5
49
8
35
8
85
8
90
5
39
6
49
7
69
6
69
6
9
0
10
9
91
5
19
8
75
8
97
6
77
6
47
8
50
8
66
5
89
5
65
6
59
5
26
6
19
7
57
6
39
6
99
9
18
7
59
7
99
7
99
5
57
7
69
8
20
8
10
5
89
8
75
6
16
6
59
9
99
7
59
8
90
8
40
9
11
9
61
5
46
9
11
5
65
6
9
8
77
6
86
6
9
6
49
9
91
6
9
8
26
6
29
6
93
5
49
9
99
7
69
9
99
5
99
8
75
7
69
5
99
5
81
1
91
9
21
9
81
5
39
8
10
9
31
8
40
6
69
6
9
0
80
4
25
8
47
8
40
6
35
5
2
7
79
5
65
9
29
9
99
6
45
7
66
8
56
8
56
5
67
8
27
8
16
6
19
5
89
8
20
0
20
8
75
9
20
9
99
9
91
6
15
8
99
7
96
5
29
6
9
6
79
7
89
6
49
6
88
5
69
5
49
6
63
9
11
8
17
6
15
6
58
9
87
9
59
8
65
7
39
7
99
8
86
0
70
8
60
8
76
5
39
5
75
8
90
8
55
5
55
7
68
9
61
6
79
7
56
8
11
6
69
9
21
6
57
7
39
8
70
1
79
5
59
5
38
7
49
2
29
4
49
0
70
7
79
6
49
8
10
7
39
8
26
5
79
6
39
8
80
6
49
6
29
8
10
5
55
6
9
8
20
9
27
7
89
9
67
9
38
0
70
7
76
6
39
7
9
8
18
7
99
0
40
9
22
8
45
7
29
5
35
8
46
6
79
7
25
7
89
6
5
9
88
6
45
8
26
5
76
5
9
7
19
7
66
8
20
9
30
7
9
5
77
7
58
9
88
9
37
5
99
8
59
5
29
8
70
7
29
9
71
6
59
6
9
5
35
5
99
7
57
8
49
8
78
5
85
9
9
5
9
9
70
9
21
6
46
9
60
7
99
7
85
8
60
7
19
5
6
7
66
5
19
5
8
0
40
5
99
6
79
5
99
9
67
9
80
8
5
6
49
5
19
6
44
1
79
0
60
5
19
8
65
7
29
8
60
6
9
6
89
7
46
6
49
5
7
8
88
5
59
7
89
7
17
8
60
5
59
5
37
6
49
9
37
5
65
8
80
5
69
8
55
6
48
5
19
8
6
