9
74
9
74
9
44
9
99
9
14
9
94
9
99
19
61
19
31
9
94
9
74
9
64
9
44
9
74
19
92
9
64
9
94
9
94
9
99
9
44
9
34
9
44
9
64
18
90
9
74
18
30
9
34
19
31
9
64
9
99
19
61
9
94
19
61
9
64
9
74
9
94
9
14
9
94
9
34
9
14
9
74
9
99
18
60
9
64
19
31
19
92
9
99
9
14
19
31
9
64
9
64
19
93
9
34
9
99
9
99
18
90
19
91
9
64
0
20
9
14
9
94
19
32
9
94
9
14
18
60
9
44
9
74
9
34
19
62
9
94
9
34
9
74
9
14
9
44
9
44
9
64
9
34
19
63
19
93
9
44
9
34
9
14
19
92
16
28
9
94
9
34
9
14
0
70
9
44
9
34
9
94
16
28
9
48
9
74
9
44
9
74
9
14
9
44
9
44
9
14
9
14
9
64
9
34
9
34
19
34
9
99
9
94
9
94
9
14
9
94
9
64
16
88
17
89
9
74
18
90
18
60
9
44
9
94
19
62
9
74
19
91
16
88
9
94
9
44
16
58
9
99
19
62
19
32
18
60
9
94
9
14
18
60
9
14
9
99
0
30
18
60
18
60
9
34
9
94
0
80
18
30
9
14
19
63
18
60
18
60
19
92
9
14
9
94
18
60
9
99
9
94
9
14
9
14
9
94
9
64
9
99
9
14
9
94
18
90
9
94
9
34
9
44
9
64
9
99
9
99
9
79
9
74
9
34
17
59
9
94
9
44
9
94
9
34
9
99
9
44
19
33
9
14
9
74
9
36
9
99
9
64
19
63
19
33
9
14
17
89
17
29
0
80
9
94
9
34
9
99
9
74
9
44
9
99
9
34
9
44
9
34
9
34
9
44
9
94
0
0
18
90
9
44
9
34
9
44
9
99
0
50
9
94
19
92
9
94
19
63
18
90
19
32
9
64
9
94
9
74
9
44
9
44
9
44
19
34
9
34
9
99
19
63
9
64
17
59
9
44
9
94
9
34
19
91
19
61
18
90
9
74
9
99
9
74
9
34
9
64
19
31
9
74
9
64
9
64
0
80
19
63
9
44
9
74
9
14
9
34
9
44
9
99
9
44
9
74
9
74
9
99
9
99
9
34
9
34
9
94
9
34
19
61
19
93
9
64
9
14
9
94
9
74
18
30
9
64
9
74
19
61
9
44
9
34
9
96
9
94
9
74
19
93
9
99
9
74
9
44
9
44
9
99
19
61
9
34
9
44
9
74
19
91
9
14
16
58
9
94
9
99
9
74
16
88
9
14
9
94
9
71
9
74
19
61
9
64
16
28
9
94
19
94
19
93
9
14
9
64
16
58
9
74
9
99
19
91
19
92
18
30
9
14
9
99
19
21
9
14
19
33
9
26
9
99
9
14
9
74
9
99
9
99
9
34
9
74
9
34
9
34
19
94
9
94
1
49
9
14
9
94
9
14
9
34
18
60
9
64
19
92
9
92
18
90
9
34
9
99
19
31
9
14
9
14
9
74
18
30
9
44
19
94
9
14
9
94
9
14
18
30
9
34
0
20
9
94
9
94
9
14
19
62
16
58
8
25
9
44
9
34
2
89
19
63
9
94
9
34
9
64
9
74
9
12
9
74
17
29
9
44
19
61
19
31
19
63
9
99
9
14
19
91
19
32
3
59
18
90
9
74
17
59
18
30
16
88
9
64
17
59
9
34
9
44
9
34
9
99
18
60
19
94
9
34
0
0
9
14
19
61
9
14
9
64
9
64
9
44
9
74
9
64
17
29
19
33
9
34
18
60
9
34
9
99
9
64
16
58
19
31
9
44
9
74
9
34
9
94
18
30
9
34
9
14
0
60
0
50
9
34
9
74
9
94
17
29
9
64
9
14
19
61
9
11
4
0
9
74
9
94
9
14
19
91
9
94
9
74
9
99
4
69
9
74
9
64
9
34
9
94
19
91
9
64
19
91
19
91
9
34
9
14
9
64
9
94
17
89
19
63
9
94
9
14
18
90
19
33
9
94
9
14
9
99
9
64
9
99
19
62
9
44
19
92
19
94
18
60
19
32
19
21
17
89
9
94
19
31
19
62
19
61
9
74
9
78
9
14
19
93
9
74
9
94
9
34
9
14
19
31
0
30
17
89
16
88
2
9
9
99
9
64
9
34
9
74
19
62
19
92
18
30
9
14
19
32
9
99
9
94
9
94
18
90
9
64
9
98
9
44
9
99
9
94
9
44
9
14
18
90
19
34
9
44
9
14
19
61
9
74
0
30
9
64
9
44
18
90
9
94
9
94
9
44
9
99
18
30
9
14
9
44
9
64
9
94
16
28
9
64
9
64
19
61
18
90
9
14
9
44
19
92
19
61
9
64
9
34
9
44
9
99
9
34
19
93
9
94
9
99
0
10
9
14
9
94
19
62
9
94
9
74
19
63
9
94
9
64
9
99
9
14
9
1
9
64
9
94
19
93
19
61
19
91
19
31
9
94
9
44
9
44
9
64
9
64
9
74
9
14
9
14
9
44
9
74
9
74
17
59
17
59
9
14
9
64
18
90
9
64
9
14
19
32
9
64
9
94
9
99
9
14
9
44
19
61
9
14
9
44
9
44
9
44
9
44
9
74
9
64
9
99
19
94
9
14
9
94
9
14
2
89
18
60
9
64
9
44
16
28
9
34
9
66
9
87
17
59
8
75
0
0
17
59
4
80
9
64
17
29
16
58
9
94
9
44
9
26
9
14
9
14
9
74
9
57
9
44
9
99
9
74
9
64
9
74
9
94
9
74
9
44
9
74
9
14
9
34
9
94
9
94
9
74
9
64
9
34
9
14
1
29
19
31
9
74
9
94
9
14
19
31
19
91
18
30
19
94
9
14
9
94
2
0
18
30
9
44
9
94
9
14
9
99
19
91
9
14
9
99
9
64
9
99
19
61
19
91
9
64
19
34
19
92
16
88
19
33
4
59
9
14
16
58
9
94
9
34
9
7
9
74
9
44
9
34
9
64
9
74
19
32
9
14
19
33
9
14
9
44
9
44
9
74
9
74
9
64
9
94
9
14
19
91
9
44
9
14
9
64
9
99
9
94
9
44
19
93
18
30
9
94
19
64
17
89
9
14
9
44
9
74
9
94
9
34
9
34
9
99
9
34
9
94
9
34
9
99
19
34
9
94
9
64
9
14
9
74
9
99
19
61
9
99
9
64
17
59
19
61
18
30
19
92
9
74
9
74
9
14
19
32
9
94
9
94
9
74
19
63
9
74
9
34
19
34
9
44
9
34
19
91
9
94
9
34
19
34
9
94
9
99
9
94
9
14
9
14
18
60
9
44
9
94
9
94
9
44
19
61
9
74
9
74
9
14
0
10
9
94
18
30
16
88
9
99
18
90
18
60
19
63
9
74
9
94
8
65
9
64
9
34
19
31
9
64
9
44
9
99
19
31
9
64
9
99
9
99
9
64
9
74
19
33
9
14
9
94
16
88
17
29
9
64
9
99
9
64
9
94
9
44
9
14
9
64
17
59
9
14
9
74
9
14
18
90
9
94
9
9
19
61
9
94
9
14
9
34
9
34
9
93
18
60
9
99
9
74
9
99
9
99
16
88
9
74
9
99
9
76
1
91
19
34
19
94
9
44
9
14
9
34
9
44
9
74
9
14
0
80
4
29
18
60
9
44
9
44
9
2
19
92
9
74
9
34
9
99
16
58
9
74
9
64
9
64
9
74
9
27
17
29
19
31
9
94
19
33
0
20
16
88
19
33
9
99
9
94
16
28
9
99
9
99
9
34
9
14
19
91
9
94
19
61
9
94
9
74
18
60
9
63
9
14
18
30
16
28
9
64
9
94
9
64
8
65
9
44
9
99
9
94
0
70
9
64
17
89
9
44
16
88
9
94
9
64
9
64
9
74
9
64
19
91
9
64
9
11
9
74
19
34
9
64
9
44
9
74
1
79
9
64
9
44
19
62
2
29
4
49
0
70
19
92
19
61
9
14
9
44
9
26
18
90
9
44
19
93
19
61
9
34
9
14
9
64
9
14
19
33
9
34
9
94
9
67
9
44
0
70
17
89
9
44
9
14
19
31
9
99
0
40
19
22
16
58
9
34
8
35
17
59
19
91
9
34
9
94
9
14
9
94
16
58
9
34
9
76
9
14
19
32
9
74
19
33
9
34
9
14
18
90
9
64
9
94
9
44
9
99
9
64
9
34
9
74
9
34
9
74
9
64
9
14
9
44
9
99
9
64
19
62
19
91
9
94
9
14
9
14
9
74
19
34
17
59
9
64
9
99
9
94
9
64
19
32
9
14
9
74
18
30
9
14
0
40
9
99
19
91
9
99
9
74
19
93
9
14
19
61
18
30
9
44
1
79
0
60
18
30
9
74
9
34
9
64
9
14
9
94
17
59
19
61
9
14
9
94
9
64
9
94
18
30
9
64
9
64
9
44
19
61
9
44
9
74
19
93
9
74
9
64
19
61
18
30
9
14
