9
72
9
74
9
44
9
99
9
14
9
93
9
99
12
54
12
24
9
94
9
74
9
61
9
44
9
74
13
85
9
63
9
93
9
94
9
99
9
44
9
34
9
44
9
64
11
83
9
72
11
23
9
31
12
24
9
64
9
99
12
54
9
94
12
54
9
64
9
74
9
94
9
13
9
93
9
34
9
14
9
74
9
99
11
53
9
64
12
24
13
85
9
99
9
13
12
24
9
63
9
64
14
86
9
34
9
99
9
99
11
83
12
84
9
64
0
20
9
14
9
92
13
25
9
94
9
14
11
53
9
42
9
74
9
32
13
55
9
94
9
32
9
72
9
14
9
44
9
43
9
64
9
34
14
56
14
86
9
43
9
34
9
11
13
85
9
21
9
91
9
34
9
14
0
70
9
43
9
34
9
94
9
21
9
48
9
73
9
43
9
73
9
13
9
44
9
43
9
14
9
14
9
63
9
31
9
34
15
27
9
99
9
94
9
92
9
14
9
94
9
62
9
81
10
82
9
74
11
83
11
53
9
44
9
94
13
55
9
73
12
84
9
81
9
94
9
44
9
51
9
99
13
55
13
25
11
53
9
94
9
14
11
53
9
13
9
99
0
30
11
53
11
53
9
33
9
93
0
80
11
23
9
14
14
56
11
53
11
53
13
85
9
14
9
93
11
53
9
99
9
94
9
14
9
11
9
94
9
63
9
99
9
14
9
94
11
83
9
94
9
34
9
44
9
61
9
99
9
99
9
79
9
73
9
31
10
52
9
93
9
42
9
94
9
34
9
99
9
43
14
26
9
14
9
74
9
36
9
99
9
64
14
56
14
26
9
11
10
82
10
22
0
80
9
94
9
34
9
99
9
74
9
42
9
99
9
34
9
44
9
34
9
34
9
44
9
92
0
0
11
83
9
42
9
33
9
44
9
99
0
50
9
92
13
85
9
91
14
56
11
83
13
25
9
64
9
94
9
74
9
43
9
43
9
44
15
27
9
34
9
99
14
56
9
61
10
52
9
43
9
91
9
33
12
84
12
54
11
83
9
73
9
99
9
73
9
32
9
64
12
24
9
74
9
64
9
61
0
80
14
56
9
43
9
71
9
14
9
34
9
43
9
99
9
44
9
74
9
74
9
99
9
99
9
32
9
34
9
92
9
33
12
54
14
86
9
64
9
14
9
92
9
74
11
23
9
62
9
71
12
54
9
44
9
31
9
96
9
94
9
72
14
86
9
99
9
74
9
44
9
43
9
99
12
54
9
34
9
43
9
74
12
84
9
14
9
51
9
94
9
99
9
74
9
81
9
13
9
91
9
71
9
74
12
54
9
64
9
21
9
91
15
87
14
86
9
14
9
64
9
51
9
74
9
99
12
84
13
85
11
23
9
14
9
99
15
21
9
11
14
26
9
26
9
99
9
13
9
74
9
99
9
99
9
31
9
74
9
31
9
32
15
87
9
93
1
49
9
14
9
93
9
14
9
34
11
53
9
64
13
85
9
92
11
83
9
34
9
99
12
24
9
13
9
14
9
74
11
23
9
41
15
87
9
13
9
93
9
14
11
23
9
34
0
20
9
94
9
94
9
14
13
55
9
51
8
25
9
44
9
31
2
89
14
56
9
94
9
34
9
63
9
73
9
12
9
74
10
22
9
44
12
54
12
24
14
56
9
99
9
14
12
84
13
25
3
59
11
83
9
73
10
52
11
23
9
81
9
64
10
52
9
34
9
44
9
34
9
99
11
53
15
87
9
34
0
0
9
13
12
54
9
14
9
63
9
63
9
44
9
74
9
63
10
22
14
26
9
34
11
53
9
34
9
99
9
62
9
51
12
24
9
43
9
74
9
34
9
93
11
23
9
34
9
13
0
60
0
50
9
34
9
73
9
94
10
22
9
64
9
14
12
54
9
11
4
0
9
74
9
93
9
11
12
84
9
92
9
73
9
99
4
69
9
72
9
64
9
34
9
93
12
84
9
64
12
84
12
84
9
34
9
14
9
64
9
92
10
82
14
56
9
94
9
13
11
83
14
26
9
94
9
14
9
99
9
61
9
99
13
55
9
43
13
85
15
87
11
53
13
25
13
21
10
82
9
92
12
24
13
55
12
54
9
73
9
78
9
13
14
86
9
73
9
92
9
34
9
11
12
24
0
30
10
82
9
81
2
9
9
99
9
64
9
32
9
74
13
55
13
85
11
23
9
12
13
25
9
99
9
94
9
94
11
83
9
64
9
98
9
43
9
99
9
94
9
44
9
14
11
83
15
27
9
44
9
14
12
54
9
74
0
30
9
64
9
44
11
83
9
94
9
93
9
44
9
99
11
23
9
11
9
44
9
64
9
93
9
21
9
62
9
61
12
54
11
83
9
14
9
44
13
85
12
54
9
64
9
31
9
43
9
99
9
32
14
86
9
94
9
99
0
10
9
11
9
93
13
55
9
93
9
74
14
56
9
93
9
64
9
99
9
13
9
1
9
64
9
94
14
86
12
54
12
84
12
24
9
91
9
42
9
44
9
64
9
64
9
71
9
13
9
13
9
44
9
73
9
74
10
52
10
52
9
12
9
64
11
83
9
64
9
13
13
25
9
64
9
93
9
99
9
11
9
44
12
54
9
14
9
43
9
42
9
42
9
43
9
74
9
63
9
99
15
87
9
14
9
92
9
13
2
89
11
53
9
62
9
42
9
21
9
32
9
66
9
87
10
52
8
75
0
0
10
52
4
80
9
64
10
22
9
51
9
93
9
44
9
26
9
14
9
12
9
74
9
57
9
43
9
99
9
74
9
62
9
72
9
91
9
73
9
43
9
73
9
13
9
33
9
94
9
94
9
74
9
64
9
34
9
14
1
29
12
24
9
73
9
91
9
13
12
24
12
84
11
23
15
87
9
13
9
92
2
0
11
23
9
44
9
92
9
14
9
99
12
84
9
14
9
99
9
63
9
99
12
54
12
84
9
63
15
27
13
85
9
81
14
26
4
59
9
14
9
51
9
93
9
34
9
7
9
74
9
43
9
33
9
64
9
73
13
25
9
14
14
26
9
14
9
42
9
44
9
73
9
74
9
61
9
94
9
12
12
84
9
44
9
14
9
64
9
99
9
94
9
44
14
86
11
23
9
94
15
57
10
82
9
11
9
44
9
74
9
93
9
32
9
33
9
99
9
34
9
94
9
34
9
99
15
27
9
93
9
64
9
14
9
71
9
99
12
54
9
99
9
63
10
52
12
54
11
23
13
85
9
71
9
71
9
14
13
25
9
94
9
94
9
74
14
56
9
73
9
31
15
27
9
44
9
33
12
84
9
93
9
33
15
27
9
93
9
99
9
92
9
11
9
14
11
53
9
41
9
91
9
94
9
43
12
54
9
74
9
74
9
14
0
10
9
94
11
23
9
81
9
99
11
83
11
53
14
56
9
72
9
93
8
65
9
64
9
32
12
24
9
63
9
44
9
99
12
24
9
64
9
99
9
99
9
63
9
74
14
26
9
14
9
93
9
81
10
22
9
64
9
99
9
64
9
94
9
44
9
14
9
64
10
52
9
14
9
71
9
14
11
83
9
92
9
9
12
54
9
94
9
14
9
32
9
34
9
93
11
53
9
99
9
74
9
99
9
99
9
81
9
74
9
99
9
77
1
91
15
27
15
87
9
43
9
14
9
34
9
44
9
74
9
14
0
80
4
29
11
53
9
44
9
41
9
2
13
85
9
71
9
34
9
99
9
51
9
72
9
62
9
62
9
73
9
27
10
22
12
24
9
93
14
26
0
20
9
81
14
26
9
99
9
94
9
21
9
99
9
99
9
33
9
14
12
84
9
94
12
54
9
94
9
73
11
53
9
63
9
14
11
23
9
21
9
64
9
93
9
64
8
65
9
44
9
99
9
92
0
70
9
64
10
82
9
43
9
81
9
94
9
61
9
61
9
74
9
64
12
84
9
62
9
11
9
74
15
27
9
63
9
44
9
74
1
79
9
63
9
43
13
55
2
29
4
49
0
70
13
85
12
54
9
14
9
44
9
26
11
83
9
44
14
86
12
54
9
34
9
14
9
61
9
14
14
26
9
33
9
94
9
67
9
44
0
70
10
82
9
44
9
14
12
24
9
99
0
40
15
22
9
51
9
34
8
35
10
52
12
84
9
31
9
94
9
11
9
94
9
51
9
32
9
76
9
13
13
25
9
72
14
26
9
34
9
14
11
83
9
64
9
94
9
43
9
99
9
64
9
33
9
74
9
34
9
74
9
64
9
14
9
41
9
99
9
63
13
55
12
84
9
91
9
14
9
13
9
74
15
27
10
52
9
64
9
99
9
91
9
64
13
25
9
12
9
72
11
23
9
13
0
40
9
99
12
84
9
99
9
73
14
86
9
11
12
54
11
23
9
44
1
79
0
60
11
23
9
71
9
34
9
64
9
14
9
94
10
52
12
54
9
13
9
94
9
63
9
94
11
23
9
64
9
63
9
43
12
54
9
43
9
71
14
86
9
73
9
61
12
54
11
23
9
12
