9
69
9
71
9
42
9
99
9
12
9
90
9
99
9
51
9
21
9
91
9
73
9
58
9
41
9
74
10
82
9
60
8
90
9
91
9
98
9
41
9
32
9
41
9
64
8
80
9
69
8
20
8
28
9
21
9
64
9
99
9
51
9
92
9
51
9
62
9
72
9
94
9
10
8
90
9
31
9
13
9
74
9
99
9
50
9
61
9
21
10
82
8
99
8
10
9
21
8
60
9
62
11
83
9
31
9
99
8
99
9
80
9
81
9
63
0
20
9
13
9
89
10
22
9
91
9
12
9
50
9
39
9
71
9
29
10
52
9
92
9
29
9
69
9
12
9
42
8
40
9
63
9
33
11
53
11
83
9
40
9
31
9
8
10
82
9
18
9
88
9
31
9
12
0
70
8
40
9
32
9
92
9
18
9
48
9
70
8
40
8
70
8
10
9
42
8
40
9
12
9
12
8
60
9
28
9
32
12
24
9
99
9
94
9
89
9
13
9
92
9
59
8
78
9
79
9
71
9
80
8
50
9
41
9
92
10
52
8
70
9
81
8
78
9
91
9
42
9
48
9
99
10
52
10
22
9
50
9
94
9
14
9
50
9
10
9
99
0
30
8
50
8
50
8
30
8
90
0
80
8
20
9
12
11
53
8
50
9
50
10
82
9
13
9
90
8
50
9
99
9
93
9
13
8
8
9
91
8
60
9
99
9
14
9
92
8
80
9
91
9
33
9
42
9
58
9
99
9
99
8
79
8
70
9
28
9
49
8
90
9
39
9
92
9
33
9
99
8
40
11
23
9
11
9
74
9
38
9
99
9
62
11
53
11
23
8
8
9
79
9
19
0
80
9
93
9
34
9
99
9
71
8
39
9
99
9
34
9
41
9
32
9
32
9
43
9
89
0
0
8
80
9
39
8
30
9
42
8
99
0
50
8
89
10
82
9
88
11
53
8
80
10
22
9
63
9
92
9
72
8
40
8
40
9
41
12
24
9
31
9
99
11
53
9
58
9
49
8
40
9
88
8
30
9
81
9
51
9
80
8
70
8
99
9
70
9
29
9
63
9
21
9
73
9
63
8
58
0
80
11
53
8
40
9
68
9
13
9
33
8
40
9
99
9
44
9
72
9
71
9
99
9
99
9
29
9
33
9
89
8
30
9
51
11
83
9
61
9
11
9
89
9
74
8
20
9
59
9
68
9
51
9
43
9
28
9
96
9
91
9
69
11
83
8
99
9
74
9
41
8
40
9
99
9
51
9
34
8
40
9
73
9
81
9
12
9
48
9
92
8
99
9
74
9
78
8
10
9
88
9
71
9
72
9
51
9
62
9
18
8
88
12
84
11
83
9
11
9
61
9
48
9
72
9
98
9
81
10
82
8
20
9
11
9
99
12
21
9
8
11
23
9
26
9
99
8
10
9
71
9
99
8
99
9
28
9
71
9
28
9
29
12
84
8
90
1
49
9
11
8
90
9
12
9
32
8
50
9
62
10
82
9
92
9
80
9
31
9
99
9
21
8
10
9
11
9
73
8
20
9
38
12
84
8
10
8
90
9
11
9
20
9
33
0
20
9
94
9
92
9
14
10
52
9
48
8
25
9
41
9
28
2
89
11
53
9
91
9
32
9
60
9
70
8
12
9
71
9
19
9
43
9
51
9
21
11
53
9
99
9
12
9
81
10
22
3
59
9
80
8
70
9
49
8
20
9
78
9
62
8
49
9
31
9
42
9
31
9
99
8
50
12
84
9
31
0
0
9
10
9
51
9
11
9
60
9
60
9
43
9
71
8
60
9
19
11
23
9
34
8
50
9
32
9
99
8
59
9
48
9
21
8
40
9
72
9
32
8
90
8
20
9
31
8
10
0
60
0
50
9
31
8
70
9
93
9
19
9
61
9
12
9
51
9
11
4
0
9
71
8
90
8
8
9
81
9
89
9
70
9
99
4
69
9
69
9
61
9
32
8
90
9
81
9
61
9
81
9
81
9
32
9
11
9
62
9
89
9
79
11
53
9
92
9
10
8
80
11
23
9
91
9
11
9
99
9
58
8
99
10
52
8
40
10
82
12
84
9
50
10
22
10
21
8
79
9
89
9
21
10
52
9
51
8
70
9
78
9
10
11
83
8
70
9
89
9
33
9
8
9
21
0
30
9
79
9
78
2
9
8
99
9
63
8
29
9
71
10
52
10
82
8
20
9
9
10
22
8
99
9
92
9
91
8
80
9
63
8
98
8
40
9
99
9
94
9
44
9
14
8
80
12
24
9
42
9
12
9
51
9
74
0
30
9
61
9
41
8
80
9
93
8
90
9
44
9
99
9
20
9
8
9
43
9
62
8
90
9
18
9
59
9
58
9
51
9
80
9
13
9
41
10
82
9
51
9
61
9
28
9
40
9
99
9
29
11
83
9
91
9
99
0
10
8
8
8
90
10
52
9
90
9
72
11
53
8
90
9
64
9
99
8
10
9
1
9
63
9
91
11
83
9
51
9
81
9
21
9
88
8
39
9
43
9
64
9
63
8
68
8
10
8
10
9
42
8
70
9
71
9
49
9
49
9
9
9
64
8
80
9
61
8
10
10
22
9
61
9
90
9
99
8
8
9
41
9
51
9
14
8
40
9
39
9
39
9
40
9
73
8
60
9
98
12
84
9
14
9
89
8
10
2
89
9
50
9
59
9
39
8
18
8
29
9
66
9
87
8
49
8
75
0
0
9
49
4
80
9
64
9
19
8
48
8
90
9
41
9
29
9
11
9
9
9
74
9
57
8
40
9
98
9
72
9
59
9
69
9
88
8
70
8
40
9
70
8
10
8
30
9
94
9
92
9
73
9
62
9
34
9
11
1
29
9
21
8
70
9
88
8
10
9
21
9
81
8
20
12
84
9
10
9
89
2
0
8
20
9
41
9
89
9
11
8
98
9
81
9
14
9
99
9
60
8
99
9
51
9
81
8
60
12
24
10
82
9
78
11
23
4
59
9
12
8
48
8
90
9
34
9
7
9
72
8
40
8
30
9
62
8
70
10
22
9
13
11
23
9
12
9
39
9
41
8
70
9
71
9
58
9
93
9
9
9
81
9
44
9
13
9
61
9
99
9
92
9
41
11
83
8
20
9
91
12
54
9
79
9
8
9
43
9
73
9
90
8
29
8
30
8
99
9
33
9
92
9
33
9
99
12
24
8
90
9
62
9
11
9
68
9
99
9
51
9
99
9
60
9
49
9
51
8
20
10
82
9
68
9
68
9
11
10
22
9
92
9
92
9
73
11
53
9
70
8
28
12
24
9
41
8
30
9
81
8
90
8
30
12
24
9
90
9
99
9
89
8
8
9
11
8
50
9
38
9
88
9
93
8
40
9
51
9
72
9
71
9
11
0
10
9
94
8
20
9
78
9
99
9
80
9
50
11
53
9
69
8
90
8
65
9
61
8
29
9
21
9
60
9
41
9
99
9
21
9
62
9
99
9
99
8
60
9
72
11
23
9
13
8
90
9
78
9
19
9
61
9
99
9
62
9
93
9
43
9
14
9
64
8
49
9
14
8
68
9
11
9
80
9
89
9
9
9
51
9
94
9
11
9
29
9
31
9
93
8
50
9
99
9
72
9
99
8
99
9
78
9
72
8
99
8
80
1
91
12
24
12
84
8
40
9
13
9
34
9
43
9
71
9
11
0
80
4
28
9
50
9
43
9
38
8
2
10
82
8
68
9
32
9
99
9
48
9
69
9
59
9
59
8
70
9
27
9
19
9
21
8
90
11
23
0
20
9
78
11
23
9
99
9
94
9
18
9
99
9
99
8
30
9
11
9
81
9
92
9
51
9
91
8
70
8
50
9
63
9
14
9
20
9
18
9
61
9
90
9
62
8
65
9
42
9
99
9
89
0
70
9
63
9
79
8
40
8
78
9
93
9
58
8
58
9
71
9
64
9
81
9
59
9
11
9
71
12
24
9
60
9
42
9
73
1
79
8
60
8
40
10
52
2
29
4
49
0
70
10
82
9
51
9
13
9
42
9
26
8
80
9
41
11
83
9
51
9
31
9
13
8
58
9
11
11
23
9
30
9
92
9
67
9
41
0
70
9
79
9
41
9
12
9
21
9
99
0
40
12
22
9
48
9
32
8
35
9
49
9
81
9
28
9
92
9
8
9
91
9
48
9
29
8
76
8
10
10
22
9
69
11
23
9
33
9
12
8
80
9
61
9
91
9
40
8
99
9
62
8
30
9
73
9
32
9
74
9
61
9
11
8
38
8
99
9
60
10
52
9
81
8
88
9
12
8
10
9
73
12
24
9
49
9
63
9
99
9
88
9
63
10
22
8
9
9
69
8
20
8
10
0
40
8
99
9
81
8
99
9
70
11
83
9
8
9
51
8
20
9
44
1
79
0
60
8
20
9
68
9
32
9
63
9
11
9
91
9
49
9
51
8
10
9
91
8
60
9
92
9
20
9
63
8
60
8
40
9
51
9
40
8
68
11
83
8
70
9
58
9
51
8
20
9
9
