9
74
9
74
9
44
9
99
9
14
9
94
9
99
19
64
19
34
9
94
9
74
9
64
9
44
9
74
19
94
9
64
9
94
9
94
9
99
9
44
9
34
9
44
9
64
19
94
9
74
19
34
9
34
19
34
9
64
9
99
19
64
9
94
19
64
9
64
9
74
9
94
9
14
9
94
9
34
9
14
9
74
9
99
19
64
9
64
19
34
19
94
9
99
9
14
19
34
9
64
9
64
19
94
9
34
9
99
9
99
19
94
19
94
9
64
0
20
9
14
9
94
19
34
9
94
9
14
19
64
9
44
9
74
9
34
19
64
9
94
9
34
9
74
9
14
9
44
9
44
9
64
9
34
19
64
19
94
9
44
9
34
9
14
19
94
19
32
9
94
9
34
9
14
0
70
9
44
9
34
9
94
19
32
9
48
9
74
9
44
9
74
9
14
9
44
9
44
9
14
9
14
9
64
9
34
9
34
19
34
9
99
9
94
9
94
9
14
9
94
9
64
19
92
19
93
9
74
19
94
19
64
9
44
9
94
19
64
9
74
19
94
19
92
9
94
9
44
19
62
9
99
19
64
19
34
19
64
9
94
9
14
19
64
9
14
9
99
0
30
19
64
19
64
9
34
9
94
0
80
19
34
9
14
19
64
19
64
19
64
19
94
9
14
9
94
19
64
9
99
9
94
9
14
9
14
9
94
9
64
9
99
9
14
9
94
19
94
9
94
9
34
9
44
9
64
9
99
9
99
9
79
9
74
9
34
19
63
9
94
9
44
9
94
9
34
9
99
9
44
19
34
9
14
9
74
9
36
9
99
9
64
19
64
19
34
9
14
19
93
19
33
0
80
9
94
9
34
9
99
9
74
9
44
9
99
9
34
9
44
9
34
9
34
9
44
9
94
0
0
19
94
9
44
9
34
9
44
9
99
0
50
9
94
19
94
9
94
19
64
19
94
19
34
9
64
9
94
9
74
9
44
9
44
9
44
19
34
9
34
9
99
19
64
9
64
19
63
9
44
9
94
9
34
19
94
19
64
19
94
9
74
9
99
9
74
9
34
9
64
19
34
9
74
9
64
9
64
0
80
19
64
9
44
9
74
9
14
9
34
9
44
9
99
9
44
9
74
9
74
9
99
9
99
9
34
9
34
9
94
9
34
19
64
19
94
9
64
9
14
9
94
9
74
19
34
9
64
9
74
19
64
9
44
9
34
9
96
9
94
9
74
19
94
9
99
9
74
9
44
9
44
9
99
19
64
9
34
9
44
9
74
19
94
9
14
19
62
9
94
9
99
9
74
19
92
9
14
9
94
9
71
9
74
19
64
9
64
19
32
9
94
19
94
19
94
9
14
9
64
19
62
9
74
9
99
19
94
19
94
19
34
9
14
9
99
19
21
9
14
19
34
9
26
9
99
9
14
9
74
9
99
9
99
9
34
9
74
9
34
9
34
19
94
9
94
1
49
9
14
9
94
9
14
9
34
19
64
9
64
19
94
9
92
19
94
9
34
9
99
19
34
9
14
9
14
9
74
19
34
9
44
19
94
9
14
9
94
9
14
19
34
9
34
0
20
9
94
9
94
9
14
19
64
19
62
8
25
9
44
9
34
2
89
19
64
9
94
9
34
9
64
9
74
9
12
9
74
19
33
9
44
19
64
19
34
19
64
9
99
9
14
19
94
19
34
3
59
19
94
9
74
19
63
19
34
19
92
9
64
19
63
9
34
9
44
9
34
9
99
19
64
19
94
9
34
0
0
9
14
19
64
9
14
9
64
9
64
9
44
9
74
9
64
19
33
19
34
9
34
19
64
9
34
9
99
9
64
19
62
19
34
9
44
9
74
9
34
9
94
19
34
9
34
9
14
0
60
0
50
9
34
9
74
9
94
19
33
9
64
9
14
19
64
9
11
4
0
9
74
9
94
9
14
19
94
9
94
9
74
9
99
4
69
9
74
9
64
9
34
9
94
19
94
9
64
19
94
19
94
9
34
9
14
9
64
9
94
19
93
19
64
9
94
9
14
19
94
19
34
9
94
9
14
9
99
9
64
9
99
19
64
9
44
19
94
19
94
19
64
19
34
19
21
19
93
9
94
19
34
19
64
19
64
9
74
9
78
9
14
19
94
9
74
9
94
9
34
9
14
19
34
0
30
19
93
19
92
2
9
9
99
9
64
9
34
9
74
19
64
19
94
19
34
9
14
19
34
9
99
9
94
9
94
19
94
9
64
9
98
9
44
9
99
9
94
9
44
9
14
19
94
19
34
9
44
9
14
19
64
9
74
0
30
9
64
9
44
19
94
9
94
9
94
9
44
9
99
19
34
9
14
9
44
9
64
9
94
19
32
9
64
9
64
19
64
19
94
9
14
9
44
19
94
19
64
9
64
9
34
9
44
9
99
9
34
19
94
9
94
9
99
0
10
9
14
9
94
19
64
9
94
9
74
19
64
9
94
9
64
9
99
9
14
9
1
9
64
9
94
19
94
19
64
19
94
19
34
9
94
9
44
9
44
9
64
9
64
9
74
9
14
9
14
9
44
9
74
9
74
19
63
19
63
9
14
9
64
19
94
9
64
9
14
19
34
9
64
9
94
9
99
9
14
9
44
19
64
9
14
9
44
9
44
9
44
9
44
9
74
9
64
9
99
19
94
9
14
9
94
9
14
2
89
19
64
9
64
9
44
19
32
9
34
9
66
9
87
19
63
8
75
0
0
19
63
4
80
9
64
19
33
19
62
9
94
9
44
9
26
9
14
9
14
9
74
9
57
9
44
9
99
9
74
9
64
9
74
9
94
9
74
9
44
9
74
9
14
9
34
9
94
9
94
9
74
9
64
9
34
9
14
1
29
19
34
9
74
9
94
9
14
19
34
19
94
19
34
19
94
9
14
9
94
2
0
19
34
9
44
9
94
9
14
9
99
19
94
9
14
9
99
9
64
9
99
19
64
19
94
9
64
19
34
19
94
19
92
19
34
4
59
9
14
19
62
9
94
9
34
9
7
9
74
9
44
9
34
9
64
9
74
19
34
9
14
19
34
9
14
9
44
9
44
9
74
9
74
9
64
9
94
9
14
19
94
9
44
9
14
9
64
9
99
9
94
9
44
19
94
19
34
9
94
19
64
19
93
9
14
9
44
9
74
9
94
9
34
9
34
9
99
9
34
9
94
9
34
9
99
19
34
9
94
9
64
9
14
9
74
9
99
19
64
9
99
9
64
19
63
19
64
19
34
19
94
9
74
9
74
9
14
19
34
9
94
9
94
9
74
19
64
9
74
9
34
19
34
9
44
9
34
19
94
9
94
9
34
19
34
9
94
9
99
9
94
9
14
9
14
19
64
9
44
9
94
9
94
9
44
19
64
9
74
9
74
9
14
0
10
9
94
19
34
19
92
9
99
19
94
19
64
19
64
9
74
9
94
8
65
9
64
9
34
19
34
9
64
9
44
9
99
19
34
9
64
9
99
9
99
9
64
9
74
19
34
9
14
9
94
19
92
19
33
9
64
9
99
9
64
9
94
9
44
9
14
9
64
19
63
9
14
9
74
9
14
19
94
9
94
9
9
19
64
9
94
9
14
9
34
9
34
9
93
19
64
9
99
9
74
9
99
9
99
19
92
9
74
9
99
9
76
1
91
19
34
19
94
9
44
9
14
9
34
9
44
9
74
9
14
0
80
4
29
19
64
9
44
9
44
9
2
19
94
9
74
9
34
9
99
19
62
9
74
9
64
9
64
9
74
9
27
19
33
19
34
9
94
19
34
0
20
19
92
19
34
9
99
9
94
19
32
9
99
9
99
9
34
9
14
19
94
9
94
19
64
9
94
9
74
19
64
9
63
9
14
19
34
19
32
9
64
9
94
9
64
8
65
9
44
9
99
9
94
0
70
9
64
19
93
9
44
19
92
9
94
9
64
9
64
9
74
9
64
19
94
9
64
9
11
9
74
19
34
9
64
9
44
9
74
1
79
9
64
9
44
19
64
2
29
4
49
0
70
19
94
19
64
9
14
9
44
9
26
19
94
9
44
19
94
19
64
9
34
9
14
9
64
9
14
19
34
9
34
9
94
9
67
9
44
0
70
19
93
9
44
9
14
19
34
9
99
0
40
19
22
19
62
9
34
8
35
19
63
19
94
9
34
9
94
9
14
9
94
19
62
9
34
9
76
9
14
19
34
9
74
19
34
9
34
9
14
19
94
9
64
9
94
9
44
9
99
9
64
9
34
9
74
9
34
9
74
9
64
9
14
9
44
9
99
9
64
19
64
19
94
9
94
9
14
9
14
9
74
19
34
19
63
9
64
9
99
9
94
9
64
19
34
9
14
9
74
19
34
9
14
0
40
9
99
19
94
9
99
9
74
19
94
9
14
19
64
19
34
9
44
1
79
0
60
19
34
9
74
9
34
9
64
9
14
9
94
19
63
19
64
9
14
9
94
9
64
9
94
19
34
9
64
9
64
9
44
19
64
9
44
9
74
19
94
9
74
9
64
19
64
19
34
9
14
