9
74
9
74
9
44
9
99
9
14
9
94
9
99
16
58
16
28
9
94
9
74
9
64
9
44
9
74
17
89
9
64
9
94
9
94
9
99
9
44
9
34
9
44
9
64
15
87
9
74
15
27
9
34
16
28
9
64
9
99
16
58
9
94
16
58
9
64
9
74
9
94
9
14
9
94
9
34
9
14
9
74
9
99
15
57
9
64
16
28
17
89
9
99
9
14
16
28
9
64
9
64
18
90
9
34
9
99
9
99
15
87
16
88
9
64
0
20
9
14
9
94
17
29
9
94
9
14
15
57
9
44
9
74
9
34
17
59
9
94
9
34
9
74
9
14
9
44
9
44
9
64
9
34
18
60
18
90
9
44
9
34
9
14
17
89
13
25
9
94
9
34
9
14
0
70
9
44
9
34
9
94
13
25
9
48
9
74
9
44
9
74
9
14
9
44
9
44
9
14
9
14
9
64
9
34
9
34
19
31
9
99
9
94
9
94
9
14
9
94
9
64
13
85
14
86
9
74
15
87
15
57
9
44
9
94
17
59
9
74
16
88
13
85
9
94
9
44
13
55
9
99
17
59
17
29
15
57
9
94
9
14
15
57
9
14
9
99
0
30
15
57
15
57
9
34
9
94
0
80
15
27
9
14
18
60
15
57
15
57
17
89
9
14
9
94
15
57
9
99
9
94
9
14
9
14
9
94
9
64
9
99
9
14
9
94
15
87
9
94
9
34
9
44
9
64
9
99
9
99
9
79
9
74
9
34
14
56
9
94
9
44
9
94
9
34
9
99
9
44
18
30
9
14
9
74
9
36
9
99
9
64
18
60
18
30
9
14
14
86
14
26
0
80
9
94
9
34
9
99
9
74
9
44
9
99
9
34
9
44
9
34
9
34
9
44
9
94
0
0
15
87
9
44
9
34
9
44
9
99
0
50
9
94
17
89
9
94
18
60
15
87
17
29
9
64
9
94
9
74
9
44
9
44
9
44
19
31
9
34
9
99
18
60
9
64
14
56
9
44
9
94
9
34
16
88
16
58
15
87
9
74
9
99
9
74
9
34
9
64
16
28
9
74
9
64
9
64
0
80
18
60
9
44
9
74
9
14
9
34
9
44
9
99
9
44
9
74
9
74
9
99
9
99
9
34
9
34
9
94
9
34
16
58
18
90
9
64
9
14
9
94
9
74
15
27
9
64
9
74
16
58
9
44
9
34
9
96
9
94
9
74
18
90
9
99
9
74
9
44
9
44
9
99
16
58
9
34
9
44
9
74
16
88
9
14
13
55
9
94
9
99
9
74
13
85
9
14
9
94
9
71
9
74
16
58
9
64
13
25
9
94
19
91
18
90
9
14
9
64
13
55
9
74
9
99
16
88
17
89
15
27
9
14
9
99
19
21
9
14
18
30
9
26
9
99
9
14
9
74
9
99
9
99
9
34
9
74
9
34
9
34
19
91
9
94
1
49
9
14
9
94
9
14
9
34
15
57
9
64
17
89
9
92
15
87
9
34
9
99
16
28
9
14
9
14
9
74
15
27
9
44
19
91
9
14
9
94
9
14
15
27
9
34
0
20
9
94
9
94
9
14
17
59
13
55
8
25
9
44
9
34
2
89
18
60
9
94
9
34
9
64
9
74
9
12
9
74
14
26
9
44
16
58
16
28
18
60
9
99
9
14
16
88
17
29
3
59
15
87
9
74
14
56
15
27
13
85
9
64
14
56
9
34
9
44
9
34
9
99
15
57
19
91
9
34
0
0
9
14
16
58
9
14
9
64
9
64
9
44
9
74
9
64
14
26
18
30
9
34
15
57
9
34
9
99
9
64
13
55
16
28
9
44
9
74
9
34
9
94
15
27
9
34
9
14
0
60
0
50
9
34
9
74
9
94
14
26
9
64
9
14
16
58
9
11
4
0
9
74
9
94
9
14
16
88
9
94
9
74
9
99
4
69
9
74
9
64
9
34
9
94
16
88
9
64
16
88
16
88
9
34
9
14
9
64
9
94
14
86
18
60
9
94
9
14
15
87
18
30
9
94
9
14
9
99
9
64
9
99
17
59
9
44
17
89
19
91
15
57
17
29
17
21
14
86
9
94
16
28
17
59
16
58
9
74
9
78
9
14
18
90
9
74
9
94
9
34
9
14
16
28
0
30
14
86
13
85
2
9
9
99
9
64
9
34
9
74
17
59
17
89
15
27
9
14
17
29
9
99
9
94
9
94
15
87
9
64
9
98
9
44
9
99
9
94
9
44
9
14
15
87
19
31
9
44
9
14
16
58
9
74
0
30
9
64
9
44
15
87
9
94
9
94
9
44
9
99
15
27
9
14
9
44
9
64
9
94
13
25
9
64
9
64
16
58
15
87
9
14
9
44
17
89
16
58
9
64
9
34
9
44
9
99
9
34
18
90
9
94
9
99
0
10
9
14
9
94
17
59
9
94
9
74
18
60
9
94
9
64
9
99
9
14
9
1
9
64
9
94
18
90
16
58
16
88
16
28
9
94
9
44
9
44
9
64
9
64
9
74
9
14
9
14
9
44
9
74
9
74
14
56
14
56
9
14
9
64
15
87
9
64
9
14
17
29
9
64
9
94
9
99
9
14
9
44
16
58
9
14
9
44
9
44
9
44
9
44
9
74
9
64
9
99
19
91
9
14
9
94
9
14
2
89
15
57
9
64
9
44
13
25
9
34
9
66
9
87
14
56
8
75
0
0
14
56
4
80
9
64
14
26
13
55
9
94
9
44
9
26
9
14
9
14
9
74
9
57
9
44
9
99
9
74
9
64
9
74
9
94
9
74
9
44
9
74
9
14
9
34
9
94
9
94
9
74
9
64
9
34
9
14
1
29
16
28
9
74
9
94
9
14
16
28
16
88
15
27
19
91
9
14
9
94
2
0
15
27
9
44
9
94
9
14
9
99
16
88
9
14
9
99
9
64
9
99
16
58
16
88
9
64
19
31
17
89
13
85
18
30
4
59
9
14
13
55
9
94
9
34
9
7
9
74
9
44
9
34
9
64
9
74
17
29
9
14
18
30
9
14
9
44
9
44
9
74
9
74
9
64
9
94
9
14
16
88
9
44
9
14
9
64
9
99
9
94
9
44
18
90
15
27
9
94
19
61
14
86
9
14
9
44
9
74
9
94
9
34
9
34
9
99
9
34
9
94
9
34
9
99
19
31
9
94
9
64
9
14
9
74
9
99
16
58
9
99
9
64
14
56
16
58
15
27
17
89
9
74
9
74
9
14
17
29
9
94
9
94
9
74
18
60
9
74
9
34
19
31
9
44
9
34
16
88
9
94
9
34
19
31
9
94
9
99
9
94
9
14
9
14
15
57
9
44
9
94
9
94
9
44
16
58
9
74
9
74
9
14
0
10
9
94
15
27
13
85
9
99
15
87
15
57
18
60
9
74
9
94
8
65
9
64
9
34
16
28
9
64
9
44
9
99
16
28
9
64
9
99
9
99
9
64
9
74
18
30
9
14
9
94
13
85
14
26
9
64
9
99
9
64
9
94
9
44
9
14
9
64
14
56
9
14
9
74
9
14
15
87
9
94
9
9
16
58
9
94
9
14
9
34
9
34
9
93
15
57
9
99
9
74
9
99
9
99
13
85
9
74
9
99
9
76
1
91
19
31
19
91
9
44
9
14
9
34
9
44
9
74
9
14
0
80
4
29
15
57
9
44
9
44
9
2
17
89
9
74
9
34
9
99
13
55
9
74
9
64
9
64
9
74
9
27
14
26
16
28
9
94
18
30
0
20
13
85
18
30
9
99
9
94
13
25
9
99
9
99
9
34
9
14
16
88
9
94
16
58
9
94
9
74
15
57
9
63
9
14
15
27
13
25
9
64
9
94
9
64
8
65
9
44
9
99
9
94
0
70
9
64
14
86
9
44
13
85
9
94
9
64
9
64
9
74
9
64
16
88
9
64
9
11
9
74
19
31
9
64
9
44
9
74
1
79
9
64
9
44
17
59
2
29
4
49
0
70
17
89
16
58
9
14
9
44
9
26
15
87
9
44
18
90
16
58
9
34
9
14
9
64
9
14
18
30
9
34
9
94
9
67
9
44
0
70
14
86
9
44
9
14
16
28
9
99
0
40
19
22
13
55
9
34
8
35
14
56
16
88
9
34
9
94
9
14
9
94
13
55
9
34
9
76
9
14
17
29
9
74
18
30
9
34
9
14
15
87
9
64
9
94
9
44
9
99
9
64
9
34
9
74
9
34
9
74
9
64
9
14
9
44
9
99
9
64
17
59
16
88
9
94
9
14
9
14
9
74
19
31
14
56
9
64
9
99
9
94
9
64
17
29
9
14
9
74
15
27
9
14
0
40
9
99
16
88
9
99
9
74
18
90
9
14
16
58
15
27
9
44
1
79
0
60
15
27
9
74
9
34
9
64
9
14
9
94
14
56
16
58
9
14
9
94
9
64
9
94
15
27
9
64
9
64
9
44
16
58
9
44
9
74
18
90
9
74
9
64
16
58
15
27
9
14
