9
70
9
72
9
43
9
99
9
13
9
91
9
99
10
52
10
22
9
92
9
74
9
59
9
42
9
74
11
83
9
61
9
91
9
92
9
99
9
42
9
33
9
42
9
64
9
81
9
70
9
21
9
29
10
22
9
64
9
99
10
52
9
93
10
52
9
63
9
73
9
94
9
11
9
91
9
32
9
14
9
74
9
99
9
51
9
62
10
22
11
83
9
99
9
11
10
22
9
61
9
63
12
84
9
32
9
99
9
99
9
81
10
82
9
64
0
20
9
14
9
90
11
23
9
92
9
13
9
51
9
40
9
72
9
30
11
53
9
93
9
30
9
70
9
13
9
43
9
41
9
64
9
34
12
54
12
84
9
41
9
32
9
9
11
83
9
19
9
89
9
32
9
13
0
70
9
41
9
33
9
93
9
19
9
48
9
71
9
41
9
71
9
11
9
43
9
41
9
13
9
13
9
61
9
29
9
33
13
25
9
99
9
94
9
90
9
14
9
93
9
60
9
79
9
80
9
72
9
81
9
51
9
42
9
93
11
53
9
71
10
82
9
79
9
92
9
43
9
49
9
99
11
53
11
23
9
51
9
94
9
14
9
51
9
11
9
99
0
30
9
51
9
51
9
31
9
91
0
80
9
21
9
13
12
54
9
51
9
51
11
83
9
14
9
91
9
51
9
99
9
94
9
14
9
9
9
92
9
61
9
99
9
14
9
93
9
81
9
92
9
34
9
43
9
59
9
99
9
99
9
79
9
71
9
29
9
50
9
91
9
40
9
93
9
34
9
99
9
41
12
24
9
12
9
74
9
37
9
99
9
63
12
54
12
24
9
9
9
80
9
20
0
80
9
94
9
34
9
99
9
72
9
40
9
99
9
34
9
42
9
33
9
33
9
44
9
90
0
0
9
81
9
40
9
31
9
43
9
99
0
50
9
90
11
83
9
89
12
54
9
81
11
23
9
64
9
93
9
73
9
41
9
41
9
42
13
25
9
32
9
99
12
54
9
59
9
50
9
41
9
89
9
31
10
82
10
52
9
81
9
71
9
99
9
71
9
30
9
64
10
22
9
74
9
64
9
59
0
80
12
54
9
41
9
69
9
14
9
34
9
41
9
99
9
44
9
73
9
72
9
99
9
99
9
30
9
34
9
90
9
31
10
52
12
84
9
62
9
12
9
90
9
74
9
21
9
60
9
69
10
52
9
44
9
29
9
96
9
92
9
70
12
84
9
99
9
74
9
42
9
41
9
99
10
52
9
34
9
41
9
74
10
82
9
13
9
49
9
93
9
99
9
74
9
79
9
11
9
89
9
71
9
73
10
52
9
63
9
19
9
89
13
85
12
84
9
12
9
62
9
49
9
73
9
99
10
82
11
83
9
21
9
12
9
99
13
21
9
9
12
24
9
26
9
99
9
11
9
72
9
99
9
99
9
29
9
72
9
29
9
30
13
85
9
91
1
49
9
12
9
91
9
13
9
33
9
51
9
63
11
83
9
92
9
81
9
32
9
99
10
22
9
11
9
12
9
74
9
21
9
39
13
85
9
11
9
91
9
12
9
21
9
34
0
20
9
94
9
93
9
14
11
53
9
49
8
25
9
42
9
29
2
89
12
54
9
92
9
33
9
61
9
71
9
12
9
72
9
20
9
44
10
52
10
22
12
54
9
99
9
13
10
82
11
23
3
59
9
81
9
71
9
50
9
21
9
79
9
63
9
50
9
32
9
43
9
32
9
99
9
51
13
85
9
32
0
0
9
11
10
52
9
12
9
61
9
61
9
44
9
72
9
61
9
20
12
24
9
34
9
51
9
33
9
99
9
60
9
49
10
22
9
41
9
73
9
33
9
91
9
21
9
32
9
11
0
60
0
50
9
32
9
71
9
94
9
20
9
62
9
13
10
52
9
11
4
0
9
72
9
91
9
9
10
82
9
90
9
71
9
99
4
69
9
70
9
62
9
33
9
91
10
82
9
62
10
82
10
82
9
33
9
12
9
63
9
90
9
80
12
54
9
93
9
11
9
81
12
24
9
92
9
12
9
99
9
59
9
99
11
53
9
41
11
83
13
85
9
51
11
23
11
21
9
80
9
90
10
22
11
53
10
52
9
71
9
78
9
11
12
84
9
71
9
90
9
34
9
9
10
22
0
30
9
80
9
79
2
9
9
99
9
64
9
30
9
72
11
53
11
83
9
21
9
10
11
23
9
99
9
93
9
92
9
81
9
64
9
98
9
41
9
99
9
94
9
44
9
14
9
81
13
25
9
43
9
13
10
52
9
74
0
30
9
62
9
42
9
81
9
94
9
91
9
44
9
99
9
21
9
9
9
44
9
63
9
91
9
19
9
60
9
59
10
52
9
81
9
14
9
42
11
83
10
52
9
62
9
29
9
41
9
99
9
30
12
84
9
92
9
99
0
10
9
9
9
91
11
53
9
91
9
73
12
54
9
91
9
64
9
99
9
11
9
1
9
64
9
92
12
84
10
52
10
82
10
22
9
89
9
40
9
44
9
64
9
64
9
69
9
11
9
11
9
43
9
71
9
72
9
50
9
50
9
10
9
64
9
81
9
62
9
11
11
23
9
62
9
91
9
99
9
9
9
42
10
52
9
14
9
41
9
40
9
40
9
41
9
74
9
61
9
99
13
85
9
14
9
90
9
11
2
89
9
51
9
60
9
40
9
19
9
30
9
66
9
87
9
50
8
75
0
0
9
50
4
80
9
64
9
20
9
49
9
91
9
42
9
28
9
12
9
10
9
74
9
57
9
41
9
99
9
73
9
60
9
70
9
89
9
71
9
41
9
71
9
11
9
31
9
94
9
93
9
74
9
63
9
34
9
12
1
29
10
22
9
71
9
89
9
11
10
22
10
82
9
21
13
85
9
11
9
90
2
0
9
21
9
42
9
90
9
12
9
99
10
82
9
14
9
99
9
61
9
99
10
52
10
82
9
61
13
25
11
83
9
79
12
24
4
59
9
13
9
49
9
91
9
34
9
7
9
73
9
41
9
31
9
63
9
71
11
23
9
14
12
24
9
13
9
40
9
42
9
71
9
72
9
59
9
94
9
10
10
82
9
44
9
14
9
62
9
99
9
93
9
42
12
84
9
21
9
92
13
55
9
80
9
9
9
44
9
74
9
91
9
30
9
31
9
99
9
34
9
93
9
34
9
99
13
25
9
91
9
63
9
12
9
69
9
99
10
52
9
99
9
61
9
50
10
52
9
21
11
83
9
69
9
69
9
12
11
23
9
93
9
93
9
74
12
54
9
71
9
29
13
25
9
42
9
31
10
82
9
91
9
31
13
25
9
91
9
99
9
90
9
9
9
12
9
51
9
39
9
89
9
94
9
41
10
52
9
73
9
72
9
12
0
10
9
94
9
21
9
79
9
99
9
81
9
51
12
54
9
70
9
91
8
65
9
62
9
30
10
22
9
61
9
42
9
99
10
22
9
63
9
99
9
99
9
61
9
73
12
24
9
14
9
91
9
79
9
20
9
62
9
99
9
63
9
94
9
44
9
14
9
64
9
50
9
14
9
69
9
12
9
81
9
90
9
9
10
52
9
94
9
12
9
30
9
32
9
93
9
51
9
99
9
73
9
99
9
99
9
79
9
73
9
99
9
79
1
91
13
25
13
85
9
41
9
14
9
34
9
44
9
72
9
12
0
80
4
29
9
51
9
44
9
39
9
2
11
83
9
69
9
33
9
99
9
49
9
70
9
60
9
60
9
71
9
27
9
20
10
22
9
91
12
24
0
20
9
79
12
24
9
99
9
94
9
19
9
99
9
99
9
31
9
12
10
82
9
93
10
52
9
92
9
71
9
51
9
63
9
14
9
21
9
19
9
62
9
91
9
63
8
65
9
43
9
99
9
90
0
70
9
64
9
80
9
41
9
79
9
94
9
59
9
59
9
72
9
64
10
82
9
60
9
11
9
72
13
25
9
61
9
43
9
74
1
79
9
61
9
41
11
53
2
29
4
49
0
70
11
83
10
52
9
14
9
43
9
26
9
81
9
42
12
84
10
52
9
32
9
14
9
59
9
12
12
24
9
31
9
93
9
67
9
42
0
70
9
80
9
42
9
13
10
22
9
99
0
40
13
22
9
49
9
33
8
35
9
50
10
82
9
29
9
93
9
9
9
92
9
49
9
30
9
76
9
11
11
23
9
70
12
24
9
34
9
13
9
81
9
62
9
92
9
41
9
99
9
63
9
31
9
74
9
33
9
74
9
62
9
12
9
39
9
99
9
61
11
53
10
82
9
89
9
13
9
11
9
74
13
25
9
50
9
64
9
99
9
89
9
64
11
23
9
10
9
70
9
21
9
11
0
40
9
99
10
82
9
99
9
71
12
84
9
9
10
52
9
21
9
44
1
79
0
60
9
21
9
69
9
33
9
64
9
12
9
92
9
50
10
52
9
11
9
92
9
61
9
93
9
21
9
64
9
61
9
41
10
52
9
41
9
69
12
84
9
71
9
59
10
52
9
21
9
10
