9
73
9
74
9
44
9
99
9
14
9
94
9
99
13
55
13
25
9
94
9
74
9
62
9
44
9
74
14
86
9
64
9
94
9
94
9
99
9
44
9
34
9
44
9
64
12
84
9
73
12
24
9
32
13
25
9
64
9
99
13
55
9
94
13
55
9
64
9
74
9
94
9
14
9
94
9
34
9
14
9
74
9
99
12
54
9
64
13
25
14
86
9
99
9
14
13
25
9
64
9
64
15
87
9
34
9
99
9
99
12
84
13
85
9
64
0
20
9
14
9
93
14
26
9
94
9
14
12
54
9
43
9
74
9
33
14
56
9
94
9
33
9
73
9
14
9
44
9
44
9
64
9
34
15
57
15
87
9
44
9
34
9
12
14
86
10
22
9
92
9
34
9
14
0
70
9
44
9
34
9
94
10
22
9
48
9
74
9
44
9
74
9
14
9
44
9
44
9
14
9
14
9
64
9
32
9
34
16
28
9
99
9
94
9
93
9
14
9
94
9
63
10
82
11
83
9
74
12
84
12
54
9
44
9
94
14
56
9
74
13
85
10
82
9
94
9
44
10
52
9
99
14
56
14
26
12
54
9
94
9
14
12
54
9
14
9
99
0
30
12
54
12
54
9
34
9
94
0
80
12
24
9
14
15
57
12
54
12
54
14
86
9
14
9
94
12
54
9
99
9
94
9
14
9
12
9
94
9
64
9
99
9
14
9
94
12
84
9
94
9
34
9
44
9
62
9
99
9
99
9
79
9
74
9
32
11
53
9
94
9
43
9
94
9
34
9
99
9
44
15
27
9
14
9
74
9
36
9
99
9
64
15
57
15
27
9
12
11
83
11
23
0
80
9
94
9
34
9
99
9
74
9
43
9
99
9
34
9
44
9
34
9
34
9
44
9
93
0
0
12
84
9
43
9
34
9
44
9
99
0
50
9
93
14
86
9
92
15
57
12
84
14
26
9
64
9
94
9
74
9
44
9
44
9
44
16
28
9
34
9
99
15
57
9
62
11
53
9
44
9
92
9
34
13
85
13
55
12
84
9
74
9
99
9
74
9
33
9
64
13
25
9
74
9
64
9
62
0
80
15
57
9
44
9
72
9
14
9
34
9
44
9
99
9
44
9
74
9
74
9
99
9
99
9
33
9
34
9
93
9
34
13
55
15
87
9
64
9
14
9
93
9
74
12
24
9
63
9
72
13
55
9
44
9
32
9
96
9
94
9
73
15
87
9
99
9
74
9
44
9
44
9
99
13
55
9
34
9
44
9
74
13
85
9
14
10
52
9
94
9
99
9
74
10
82
9
14
9
92
9
71
9
74
13
55
9
64
10
22
9
92
16
88
15
87
9
14
9
64
10
52
9
74
9
99
13
85
14
86
12
24
9
14
9
99
16
21
9
12
15
27
9
26
9
99
9
14
9
74
9
99
9
99
9
32
9
74
9
32
9
33
16
88
9
94
1
49
9
14
9
94
9
14
9
34
12
54
9
64
14
86
9
92
12
84
9
34
9
99
13
25
9
14
9
14
9
74
12
24
9
42
16
88
9
14
9
94
9
14
12
24
9
34
0
20
9
94
9
94
9
14
14
56
10
52
8
25
9
44
9
32
2
89
15
57
9
94
9
34
9
64
9
74
9
12
9
74
11
23
9
44
13
55
13
25
15
57
9
99
9
14
13
85
14
26
3
59
12
84
9
74
11
53
12
24
10
82
9
64
11
53
9
34
9
44
9
34
9
99
12
54
16
88
9
34
0
0
9
14
13
55
9
14
9
64
9
64
9
44
9
74
9
64
11
23
15
27
9
34
12
54
9
34
9
99
9
63
10
52
13
25
9
44
9
74
9
34
9
94
12
24
9
34
9
14
0
60
0
50
9
34
9
74
9
94
11
23
9
64
9
14
13
55
9
11
4
0
9
74
9
94
9
12
13
85
9
93
9
74
9
99
4
69
9
73
9
64
9
34
9
94
13
85
9
64
13
85
13
85
9
34
9
14
9
64
9
93
11
83
15
57
9
94
9
14
12
84
15
27
9
94
9
14
9
99
9
62
9
99
14
56
9
44
14
86
16
88
12
54
14
26
14
21
11
83
9
93
13
25
14
56
13
55
9
74
9
78
9
14
15
87
9
74
9
93
9
34
9
12
13
25
0
30
11
83
10
82
2
9
9
99
9
64
9
33
9
74
14
56
14
86
12
24
9
13
14
26
9
99
9
94
9
94
12
84
9
64
9
98
9
44
9
99
9
94
9
44
9
14
12
84
16
28
9
44
9
14
13
55
9
74
0
30
9
64
9
44
12
84
9
94
9
94
9
44
9
99
12
24
9
12
9
44
9
64
9
94
10
22
9
63
9
62
13
55
12
84
9
14
9
44
14
86
13
55
9
64
9
32
9
44
9
99
9
33
15
87
9
94
9
99
0
10
9
12
9
94
14
56
9
94
9
74
15
57
9
94
9
64
9
99
9
14
9
1
9
64
9
94
15
87
13
55
13
85
13
25
9
92
9
43
9
44
9
64
9
64
9
72
9
14
9
14
9
44
9
74
9
74
11
53
11
53
9
13
9
64
12
84
9
64
9
14
14
26
9
64
9
94
9
99
9
12
9
44
13
55
9
14
9
44
9
43
9
43
9
44
9
74
9
64
9
99
16
88
9
14
9
93
9
14
2
89
12
54
9
63
9
43
10
22
9
33
9
66
9
87
11
53
8
75
0
0
11
53
4
80
9
64
11
23
10
52
9
94
9
44
9
26
9
14
9
13
9
74
9
57
9
44
9
99
9
74
9
63
9
73
9
92
9
74
9
44
9
74
9
14
9
34
9
94
9
94
9
74
9
64
9
34
9
14
1
29
13
25
9
74
9
92
9
14
13
25
13
85
12
24
16
88
9
14
9
93
2
0
12
24
9
44
9
93
9
14
9
99
13
85
9
14
9
99
9
64
9
99
13
55
13
85
9
64
16
28
14
86
10
82
15
27
4
59
9
14
10
52
9
94
9
34
9
7
9
74
9
44
9
34
9
64
9
74
14
26
9
14
15
27
9
14
9
43
9
44
9
74
9
74
9
62
9
94
9
13
13
85
9
44
9
14
9
64
9
99
9
94
9
44
15
87
12
24
9
94
16
58
11
83
9
12
9
44
9
74
9
94
9
33
9
34
9
99
9
34
9
94
9
34
9
99
16
28
9
94
9
64
9
14
9
72
9
99
13
55
9
99
9
64
11
53
13
55
12
24
14
86
9
72
9
72
9
14
14
26
9
94
9
94
9
74
15
57
9
74
9
32
16
28
9
44
9
34
13
85
9
94
9
34
16
28
9
94
9
99
9
93
9
12
9
14
12
54
9
42
9
92
9
94
9
44
13
55
9
74
9
74
9
14
0
10
9
94
12
24
10
82
9
99
12
84
12
54
15
57
9
73
9
94
8
65
9
64
9
33
13
25
9
64
9
44
9
99
13
25
9
64
9
99
9
99
9
64
9
74
15
27
9
14
9
94
10
82
11
23
9
64
9
99
9
64
9
94
9
44
9
14
9
64
11
53
9
14
9
72
9
14
12
84
9
93
9
9
13
55
9
94
9
14
9
33
9
34
9
93
12
54
9
99
9
74
9
99
9
99
10
82
9
74
9
99
9
76
1
91
16
28
16
88
9
44
9
14
9
34
9
44
9
74
9
14
0
80
4
29
12
54
9
44
9
42
9
2
14
86
9
72
9
34
9
99
10
52
9
73
9
63
9
63
9
74
9
27
11
23
13
25
9
94
15
27
0
20
10
82
15
27
9
99
9
94
10
22
9
99
9
99
9
34
9
14
13
85
9
94
13
55
9
94
9
74
12
54
9
63
9
14
12
24
10
22
9
64
9
94
9
64
8
65
9
44
9
99
9
93
0
70
9
64
11
83
9
44
10
82
9
94
9
62
9
62
9
74
9
64
13
85
9
63
9
11
9
74
16
28
9
64
9
44
9
74
1
79
9
64
9
44
14
56
2
29
4
49
0
70
14
86
13
55
9
14
9
44
9
26
12
84
9
44
15
87
13
55
9
34
9
14
9
62
9
14
15
27
9
34
9
94
9
67
9
44
0
70
11
83
9
44
9
14
13
25
9
99
0
40
16
22
10
52
9
34
8
35
11
53
13
85
9
32
9
94
9
12
9
94
10
52
9
33
9
76
9
14
14
26
9
73
15
27
9
34
9
14
12
84
9
64
9
94
9
44
9
99
9
64
9
34
9
74
9
34
9
74
9
64
9
14
9
42
9
99
9
64
14
56
13
85
9
92
9
14
9
14
9
74
16
28
11
53
9
64
9
99
9
92
9
64
14
26
9
13
9
73
12
24
9
14
0
40
9
99
13
85
9
99
9
74
15
87
9
12
13
55
12
24
9
44
1
79
0
60
12
24
9
72
9
34
9
64
9
14
9
94
11
53
13
55
9
14
9
94
9
64
9
94
12
24
9
64
9
64
9
44
13
55
9
44
9
72
15
87
9
74
9
62
13
55
12
24
9
13
