7
64
5
66
5
38
7
99
5
9
4
85
6
98
5
46
4
19
6
86
6
69
6
53
4
39
7
69
5
79
6
55
3
85
4
88
4
93
4
39
5
29
5
36
7
59
3
79
7
64
3
19
3
23
7
16
7
59
4
99
4
49
5
88
6
46
5
59
5
69
7
89
7
5
3
89
7
26
6
9
7
69
5
95
4
45
5
56
4
16
5
79
3
94
3
6
6
16
3
55
5
59
6
79
4
26
5
95
3
94
6
75
4
79
6
59
0
20
6
9
4
84
5
19
5
86
7
7
4
45
7
34
4
69
7
24
5
49
5
87
5
24
6
64
7
7
5
39
3
38
6
59
6
29
6
49
6
78
4
35
4
28
5
3
5
79
5
13
6
83
4
29
7
7
0
70
3
35
5
29
7
87
5
13
6
48
6
65
3
37
3
69
3
5
5
39
3
36
7
7
5
9
3
59
6
23
7
27
7
19
6
99
7
89
7
84
6
8
5
87
5
54
3
73
5
74
4
66
4
75
3
47
4
36
5
89
5
49
3
69
4
79
3
73
7
86
5
37
4
43
7
97
5
47
5
17
7
45
7
89
7
9
7
45
6
5
5
99
0
30
3
45
3
49
3
29
3
89
0
80
3
19
5
8
6
49
3
45
4
45
5
79
6
8
7
85
3
49
5
99
6
88
7
8
3
3
6
86
3
59
5
94
7
9
5
89
3
75
5
86
6
29
5
39
6
53
6
95
7
95
3
79
3
69
5
23
6
44
3
88
4
34
5
88
7
28
4
97
3
39
6
19
6
6
7
69
5
42
7
96
6
57
6
49
6
18
3
3
6
74
7
14
0
80
7
88
7
29
6
98
4
69
3
34
6
99
7
29
4
36
5
29
5
28
6
39
7
84
0
0
3
76
4
34
3
27
5
39
3
96
0
50
3
84
5
79
6
83
7
48
3
78
5
19
6
59
7
87
5
69
3
39
3
39
6
36
7
19
4
29
4
98
6
49
5
53
7
44
3
35
6
83
3
25
4
77
7
46
4
75
3
66
3
94
7
65
5
24
7
58
4
19
6
69
6
59
3
53
0
80
6
49
3
39
5
63
7
8
7
28
3
39
5
97
7
39
5
69
7
66
6
96
4
97
6
24
6
29
5
84
3
29
4
46
6
79
7
56
7
6
5
84
7
69
3
17
6
54
4
63
4
48
7
38
4
23
6
96
5
86
6
64
6
79
3
99
7
69
4
38
3
39
6
99
4
49
7
29
3
39
6
69
7
76
5
9
4
43
7
87
3
98
7
69
4
73
3
5
5
83
6
71
5
67
4
46
7
57
5
13
3
83
7
79
6
79
4
7
4
59
5
43
5
69
6
93
6
76
5
79
3
19
5
6
5
95
7
21
5
3
6
19
7
31
5
95
3
9
4
69
5
99
3
95
4
23
6
66
5
23
4
24
7
79
3
85
1
49
4
8
3
89
5
8
6
27
3
45
5
58
5
78
6
92
7
75
6
26
4
99
4
19
3
7
4
7
6
69
3
19
6
33
7
79
3
9
3
88
4
6
6
15
6
29
0
20
7
89
5
89
7
9
5
47
6
43
4
25
4
36
4
23
2
89
6
49
4
89
7
27
4
55
6
65
3
12
4
66
6
14
6
39
4
49
7
16
6
49
7
95
5
9
4
79
5
18
3
57
7
75
3
65
4
44
3
19
4
73
5
58
3
44
4
26
5
37
4
29
6
99
3
47
7
79
4
29
0
0
4
5
4
48
4
9
4
55
4
55
6
39
4
69
3
56
4
14
6
19
7
29
3
47
7
27
5
99
3
54
5
43
7
16
3
39
5
69
5
29
3
89
3
17
4
29
3
5
0
60
0
50
5
26
3
66
6
89
6
14
4
57
5
8
4
47
6
11
4
0
4
69
3
85
3
3
4
78
5
84
5
65
7
97
4
68
6
64
4
59
6
27
3
88
4
79
6
56
7
76
4
79
5
29
4
9
5
58
5
84
7
74
6
48
5
88
5
5
3
79
6
18
4
89
4
9
4
99
4
53
3
97
5
49
3
39
5
79
7
79
4
45
6
17
5
21
3
74
4
84
5
16
7
47
4
49
3
69
5
78
4
5
6
79
3
69
7
84
6
29
5
3
7
16
0
30
5
74
5
73
2
9
3
99
6
59
3
24
4
69
5
48
5
79
3
15
4
4
5
19
3
99
6
87
6
86
3
79
6
59
3
98
3
39
4
99
7
89
7
39
7
9
3
79
7
19
6
37
5
8
4
48
7
69
0
30
4
59
7
36
3
79
6
89
3
89
7
39
7
99
5
15
5
3
6
39
5
59
3
89
5
13
5
54
6
53
7
46
5
75
6
9
6
36
5
79
4
48
6
56
4
23
7
35
7
95
7
24
6
79
7
86
7
99
0
10
3
3
3
85
5
49
6
85
5
69
6
49
3
89
7
59
6
99
3
9
4
1
6
59
4
88
6
78
4
46
4
79
6
16
6
83
3
34
6
38
7
59
6
59
3
63
3
5
3
6
5
39
3
67
4
69
4
44
6
44
5
4
7
59
3
77
4
59
3
9
5
19
5
56
5
85
4
99
3
3
4
39
4
48
7
9
3
39
5
34
6
34
5
35
6
69
3
59
4
93
7
79
7
9
7
84
3
9
2
88
5
45
6
54
5
34
3
13
3
24
6
66
4
87
3
44
7
75
0
0
4
44
4
80
7
59
6
14
3
43
3
85
4
39
6
34
6
6
4
4
7
69
5
57
3
39
4
93
7
67
5
54
4
64
6
83
3
67
3
39
4
65
3
9
3
29
7
89
6
87
7
68
5
59
7
29
4
9
1
27
4
17
3
69
5
83
3
6
6
16
4
79
3
19
7
79
5
5
7
84
2
0
3
19
4
39
5
84
7
6
3
93
4
78
7
9
4
96
6
55
3
99
4
46
4
79
3
59
7
19
5
79
6
73
6
18
4
59
5
9
3
43
3
87
7
29
5
7
5
69
3
38
3
29
5
59
3
69
5
19
6
9
7
18
5
9
7
34
4
39
3
65
5
66
6
53
6
88
6
4
4
79
7
39
6
9
4
57
4
98
7
87
4
39
6
79
3
18
4
86
7
49
6
74
6
3
6
39
7
68
7
85
3
24
3
29
3
98
7
28
5
89
6
29
5
96
7
19
3
87
5
59
5
6
4
63
7
99
4
49
5
98
4
55
7
44
4
47
3
19
5
78
4
63
5
63
7
6
6
17
5
88
5
89
7
68
6
49
5
65
3
23
7
19
4
38
3
29
4
79
3
85
3
27
7
19
5
85
5
97
6
84
3
3
4
6
3
49
6
33
6
83
6
89
3
39
4
49
5
68
4
69
4
9
0
10
7
89
3
17
6
73
6
95
4
75
4
45
6
49
6
64
3
89
3
65
4
59
3
24
4
18
5
55
4
39
4
99
7
16
5
59
5
99
5
99
3
55
5
69
6
19
6
9
3
89
6
73
4
14
4
59
7
99
5
57
6
89
6
39
7
9
7
59
3
44
7
9
3
63
4
8
6
75
4
84
4
9
4
49
7
89
4
9
7
24
4
29
4
93
3
48
7
99
5
68
7
99
3
99
6
73
5
68
3
99
3
81
1
91
7
19
7
79
3
39
6
9
7
29
6
39
4
69
4
8
0
80
4
23
6
45
6
39
4
33
3
2
5
79
3
63
7
27
7
99
4
43
5
64
6
54
6
54
3
65
6
27
6
14
4
18
3
89
6
18
0
20
6
73
7
18
7
97
7
89
4
13
6
99
5
94
3
28
4
7
4
78
5
89
4
49
4
86
3
68
3
49
4
63
7
9
6
15
4
13
4
56
7
85
7
57
7
65
5
38
5
99
6
84
0
70
6
59
7
74
3
39
3
73
6
89
6
53
3
53
5
66
7
59
4
79
5
54
6
11
4
67
7
19
4
55
5
39
6
69
1
78
3
58
3
36
5
48
2
27
4
49
0
70
5
79
4
47
6
9
5
39
6
26
3
79
4
39
6
79
4
48
4
29
6
9
3
53
4
8
6
19
7
25
5
89
7
67
7
36
0
70
5
74
4
39
5
9
6
16
5
97
0
40
7
22
6
43
5
29
3
35
7
44
4
78
5
23
5
87
4
3
7
86
4
43
7
24
3
76
3
9
5
19
5
64
6
19
7
28
5
9
3
75
5
56
7
86
7
35
3
97
6
57
3
29
6
68
5
29
7
69
4
59
4
7
3
33
3
99
5
55
6
47
6
76
3
83
7
7
3
7
7
68
7
19
4
44
7
58
5
99
5
83
6
59
5
19
3
4
5
64
3
18
3
6
0
40
3
99
4
79
3
98
7
65
7
78
6
3
4
48
3
19
4
44
1
79
0
60
3
19
6
63
5
29
6
59
4
9
4
89
5
44
4
47
3
5
6
86
3
57
5
89
5
15
6
59
3
57
3
35
4
49
7
35
3
63
6
79
3
69
6
53
4
46
3
19
7
4
