6
63
4
65
4
37
6
99
4
9
3
84
5
97
4
45
3
18
5
85
5
68
5
52
3
39
6
69
4
79
5
54
2
84
3
87
3
92
3
38
4
29
4
35
6
59
2
79
6
63
2
19
2
22
6
15
6
59
3
99
3
49
4
87
5
45
4
59
4
69
6
89
6
4
2
89
6
25
5
9
6
68
4
94
3
44
4
55
3
15
4
79
2
93
2
5
5
15
2
54
4
59
5
79
3
25
4
94
2
93
5
74
3
79
5
59
0
20
5
8
3
83
4
19
4
85
6
6
3
44
6
33
3
68
6
23
4
48
4
86
4
23
5
63
6
6
4
39
2
37
5
59
5
29
5
48
5
77
3
34
3
27
4
2
4
78
4
12
5
82
3
28
6
6
0
70
2
34
4
29
6
86
4
12
5
48
5
64
2
36
2
69
2
4
4
39
2
35
6
6
4
9
2
58
5
22
6
26
6
19
5
99
6
89
6
83
5
7
4
86
4
53
2
72
4
73
3
65
3
74
2
46
3
35
4
89
4
49
2
68
3
78
2
72
6
85
4
36
3
42
6
96
4
46
4
16
6
44
6
88
6
9
6
44
5
4
4
98
0
30
2
44
2
49
2
29
2
89
0
80
2
19
4
7
5
48
2
44
3
44
4
79
5
7
6
84
2
49
4
99
5
87
6
7
2
2
5
85
2
58
4
93
6
9
4
89
2
74
4
85
5
29
4
39
5
52
5
94
6
94
2
79
2
69
4
22
5
43
2
87
3
33
4
87
6
27
3
96
2
38
5
19
5
5
6
68
4
43
6
95
5
56
5
49
5
17
2
2
5
73
6
13
0
80
6
87
6
28
5
97
3
69
2
33
5
99
6
29
3
35
4
29
4
27
5
39
6
83
0
0
2
75
3
33
2
26
4
39
2
95
0
50
2
83
4
79
5
82
6
47
2
77
4
18
5
59
6
86
4
68
2
39
2
38
5
35
6
19
3
29
3
97
5
49
4
52
6
43
2
34
5
82
2
24
3
76
6
45
3
74
2
65
2
93
6
64
4
23
6
57
3
19
5
68
5
59
2
52
0
80
5
49
2
39
4
62
6
7
6
27
2
38
4
96
6
39
4
69
6
65
5
95
3
96
5
23
5
29
4
83
2
29
3
45
5
79
6
55
6
5
4
83
6
69
2
16
5
53
3
62
3
47
6
37
3
22
5
96
4
85
5
63
5
78
2
99
6
69
3
37
2
38
5
99
3
49
6
29
2
39
5
69
6
75
4
9
3
42
6
86
2
97
6
69
3
72
2
4
4
82
5
71
4
66
3
45
6
56
4
12
2
82
6
79
5
79
3
6
3
59
4
42
4
68
5
92
5
75
4
79
2
19
4
5
4
94
6
21
4
2
5
18
6
31
4
94
2
9
3
68
4
99
2
94
3
22
5
65
4
22
3
23
6
79
2
84
1
48
3
7
2
89
4
7
5
26
2
44
4
57
4
77
5
92
6
74
5
25
3
99
3
19
2
6
3
6
5
68
2
19
5
32
6
79
2
9
2
87
3
5
5
14
5
29
0
20
6
88
4
89
6
9
4
46
5
42
3
25
3
35
3
22
2
89
5
49
3
88
6
26
3
54
5
64
2
12
3
65
5
13
5
39
3
49
6
15
5
48
6
94
4
9
3
78
4
17
3
56
6
74
2
64
3
43
2
19
3
72
4
57
2
43
3
25
4
36
3
29
5
98
2
46
6
79
3
29
0
0
3
4
3
47
3
9
3
54
3
54
5
38
3
69
2
55
3
13
5
19
6
29
2
46
6
26
4
98
2
53
4
42
6
15
2
39
4
69
4
28
2
88
2
16
3
29
2
4
0
60
0
50
4
25
2
65
5
89
5
13
3
56
4
7
3
46
5
11
4
0
3
69
2
84
2
2
3
77
4
83
4
64
6
96
4
67
5
63
3
58
5
26
2
87
3
79
5
55
6
75
3
79
4
28
3
9
4
57
4
83
6
73
5
47
4
87
4
4
2
79
5
17
3
88
3
8
3
99
3
52
2
96
4
49
2
39
4
79
6
78
3
44
5
16
4
21
2
73
3
83
4
15
6
46
3
49
2
69
4
78
3
4
5
79
2
69
6
83
5
28
4
2
6
15
0
30
4
73
4
72
2
8
2
98
5
59
2
23
3
69
4
47
4
79
2
14
3
3
4
19
2
99
5
86
5
85
2
79
5
59
2
98
2
39
3
99
6
88
6
39
6
9
2
79
6
19
5
36
4
7
3
47
6
68
0
30
3
59
6
35
2
79
5
88
2
89
6
38
6
98
4
14
4
2
5
39
4
59
2
89
4
12
4
53
5
52
6
45
4
74
5
8
5
35
4
79
3
47
5
55
3
22
6
34
6
94
6
23
5
79
6
85
6
99
0
10
2
2
2
84
4
49
5
84
4
69
5
48
2
89
6
59
5
99
2
9
3
1
5
59
3
87
5
77
3
45
3
79
5
15
5
82
2
33
5
37
6
59
5
59
2
62
2
4
2
5
4
39
2
66
3
68
3
43
5
43
4
3
6
59
2
76
3
58
2
9
4
19
4
55
4
84
3
99
2
2
3
39
3
47
6
9
2
39
4
33
5
33
4
34
5
69
2
58
3
92
6
79
6
9
6
83
2
9
2
87
4
44
5
53
4
33
2
12
2
23
5
66
3
87
2
43
6
75
0
0
3
43
4
80
6
59
5
13
2
42
2
84
3
38
5
35
5
5
3
3
6
69
4
57
2
39
3
92
6
66
4
53
3
63
5
82
2
66
2
39
3
64
2
8
2
29
6
89
5
86
6
67
4
59
6
29
3
8
1
26
3
16
2
69
4
82
2
5
5
15
3
79
2
19
6
79
4
4
6
83
2
0
2
18
3
39
4
83
6
5
2
92
3
77
6
9
3
95
5
54
2
98
3
45
3
78
2
58
6
19
4
79
5
72
5
17
4
59
4
9
2
42
2
86
6
29
4
7
4
69
2
37
2
29
4
59
2
68
4
18
5
9
6
17
4
8
6
33
3
39
2
64
4
65
5
52
5
87
5
3
3
79
6
39
5
9
3
56
3
97
6
86
3
39
5
79
2
17
3
85
6
48
5
73
5
2
5
39
6
67
6
84
2
23
2
29
2
97
6
27
4
89
5
29
4
95
6
19
2
86
4
59
4
5
3
62
6
99
3
48
4
97
3
54
6
43
3
46
2
19
4
77
3
62
4
62
6
5
5
16
4
87
4
89
6
67
5
49
4
64
2
22
6
19
3
37
2
29
3
79
2
84
2
26
6
19
4
84
4
96
5
83
2
2
3
5
2
49
5
32
5
82
5
88
2
39
3
49
4
67
3
69
3
9
0
10
6
88
2
16
5
72
5
94
3
74
3
44
5
49
5
63
2
89
2
65
3
59
2
23
3
17
4
54
3
39
3
99
6
15
4
59
4
99
4
99
2
54
4
69
5
18
5
9
2
88
5
72
3
13
3
59
6
99
4
56
5
88
5
39
6
9
6
59
2
43
6
9
2
62
3
7
5
74
3
83
3
9
3
49
6
88
3
9
6
23
3
29
3
93
2
47
6
98
4
67
6
99
2
99
5
72
4
67
2
99
2
81
1
91
6
19
6
79
2
39
5
9
6
29
5
39
3
68
3
7
0
80
4
22
5
44
5
39
3
32
2
2
4
79
2
62
6
26
6
99
3
42
4
63
5
53
5
53
2
64
5
27
5
13
3
17
2
88
5
17
0
20
5
72
6
17
6
96
6
89
3
12
5
99
4
93
2
27
3
6
3
77
4
89
3
49
3
85
2
67
2
49
3
63
6
9
5
14
3
12
3
55
6
84
6
56
6
65
4
37
4
98
5
83
0
70
5
59
6
73
2
39
2
72
5
89
5
52
2
52
4
65
6
59
3
78
4
53
5
11
3
66
6
19
3
54
4
38
5
69
1
77
2
57
2
35
4
47
2
26
4
49
0
70
4
78
3
46
5
9
4
39
5
26
2
78
3
39
5
79
3
47
3
29
5
8
2
52
3
7
5
19
6
24
4
89
6
67
6
35
0
70
4
73
3
38
4
9
5
15
4
96
0
40
6
22
5
42
4
29
2
35
6
43
3
77
4
22
4
86
3
2
6
85
3
42
6
23
2
76
2
9
4
19
4
63
5
19
6
27
4
8
2
74
4
55
6
85
6
34
2
96
5
56
2
29
5
67
4
29
6
69
3
59
3
6
2
32
2
98
4
54
5
46
5
75
2
82
6
6
2
6
6
67
6
18
3
43
6
57
4
98
4
82
5
58
4
19
2
3
4
63
2
17
2
5
0
40
2
98
3
79
2
97
6
64
6
77
5
2
3
47
2
19
3
44
1
78
0
60
2
19
5
62
4
29
5
58
3
9
3
89
4
43
3
46
2
4
5
85
2
56
4
89
4
14
5
59
2
56
2
34
3
49
6
34
2
62
5
78
2
69
5
52
3
45
2
19
6
3
