8
40
7
89
9
20
7
69
9
30
8
90
9
27
8
20
9
80
7
59
9
39
7
78
11
83
9
69
9
78
7
9
9
61
9
18
8
30
9
99
9
8
10
52
8
70
8
40
9
47
9
70
9
99
9
51
7
49
9
61
9
97
8
80
9
90
10
52
0
0
7
19
9
33
9
61
9
99
8
18
9
33
9
71
9
11
8
88
9
51
11
23
10
82
7
49
9
99
9
47
7
39
9
61
9
9
9
31
8
10
9
31
8
40
8
20
8
90
7
59
9
99
9
8
9
31
9
72
9
91
9
79
9
42
9
71
9
7
7
59
7
59
8
30
9
51
7
99
10
52
7
69
9
81
10
22
9
38
9
51
9
90
9
98
9
91
9
77
9
99
9
87
9
69
9
71
9
91
9
81
9
41
8
28
7
49
7
97
7
67
8
20
9
27
7
69
9
73
9
39
9
17
10
82
7
39
9
21
9
62
10
52
8
81
9
99
9
30
7
69
10
22
9
93
9
58
11
83
7
29
9
32
10
52
9
60
9
37
8
70
9
39
9
88
8
60
9
13
8
80
8
20
9
62
8
10
9
58
7
59
8
70
7
19
9
99
0
60
7
69
9
21
9
90
9
9
8
90
7
99
7
29
8
20
9
41
9
72
8
29
9
71
7
67
9
19
8
30
9
33
9
33
9
81
9
41
9
42
8
90
9
99
9
58
11
83
9
41
7
48
8
99
7
19
10
82
10
82
8
19
9
81
9
77
9
67
9
29
9
80
7
99
9
99
9
72
9
71
7
87
9
21
8
20
9
13
9
42
7
89
11
53
9
91
8
60
9
7
8
80
9
31
9
77
9
12
9
87
8
20
9
10
9
39
7
72
7
9
9
79
8
18
7
89
9
10
9
18
9
33
9
11
8
99
9
40
9
99
9
21
9
38
7
89
0
40
9
20
9
69
9
72
9
88
9
47
9
32
9
88
9
61
9
27
9
11
8
99
8
50
9
42
7
49
0
80
7
9
9
89
9
21
8
40
9
99
11
53
7
89
9
7
8
60
9
18
9
21
9
91
9
71
9
81
8
40
0
60
8
90
9
20
9
49
9
61
7
69
9
91
9
41
9
10
7
79
8
59
11
53
9
17
9
27
8
90
8
80
7
19
9
21
9
80
9
40
8
80
9
78
8
90
9
37
8
57
9
97
7
9
9
91
8
80
0
40
9
18
8
8
9
31
9
51
9
59
11
53
9
48
8
40
9
61
9
60
7
69
10
82
9
51
7
19
9
90
9
43
7
89
8
20
9
18
7
91
9
78
9
37
9
37
9
11
9
72
8
80
7
29
8
60
9
30
9
64
9
42
9
98
9
27
8
70
9
51
8
90
8
38
7
89
9
99
9
37
0
40
9
11
9
29
9
58
7
87
9
91
7
99
11
23
8
50
9
41
0
50
9
61
7
9
9
92
8
90
9
42
9
20
9
91
8
20
9
42
8
50
9
91
7
77
9
6
8
90
11
83
9
21
9
72
8
99
7
69
8
38
8
70
7
79
9
40
8
10
8
80
9
20
9
72
8
87
9
41
8
78
8
10
7
38
9
87
8
99
8
60
9
63
8
29
9
51
9
11
11
83
9
16
8
79
8
18
8
49
8
40
2
19
9
47
9
43
9
97
8
50
9
48
7
19
9
19
9
27
9
41
9
41
9
8
7
19
7
59
7
9
10
52
9
29
7
8
7
19
9
93
9
87
0
18
9
98
9
50
9
99
8
40
7
19
7
9
9
80
9
51
9
32
10
52
8
80
9
41
9
12
9
48
9
31
9
18
8
59
1
68
8
90
9
99
9
61
7
37
9
72
9
10
9
90
9
21
9
99
9
61
8
99
8
79
9
88
9
32
9
62
7
69
7
29
9
97
9
27
2
69
7
79
9
19
8
98
8
99
8
30
9
49
7
99
9
31
9
12
9
61
8
30
9
42
8
20
11
23
7
59
1
99
7
9
8
70
9
28
9
32
7
19
3
7
9
8
9
51
9
99
7
89
8
20
9
99
7
59
9
91
8
98
9
8
7
29
8
99
9
93
8
20
8
41
9
62
9
11
9
31
9
68
9
11
9
92
9
60
9
41
9
21
7
79
8
5
9
10
7
39
8
70
9
48
0
90
8
10
8
80
9
20
9
28
7
89
7
99
7
59
9
43
9
62
9
41
9
11
0
30
0
55
9
61
9
81
7
89
9
38
9
33
9
99
9
38
8
80
9
60
8
70
8
50
8
90
8
20
9
21
7
19
0
59
7
69
7
28
2
47
9
17
9
39
0
20
10
52
9
21
11
83
9
61
9
81
8
38
8
8
0
0
9
23
7
39
9
62
9
88
8
40
10
22
8
60
9
91
1
39
9
42
9
92
9
61
7
58
0
10
9
12
9
92
8
79
9
41
9
91
9
31
7
49
0
30
9
62
9
73
8
80
9
12
11
53
8
70
8
39
9
48
9
12
9
11
7
59
9
60
9
92
7
69
8
27
4
9
11
53
9
99
10
82
9
68
9
7
8
50
9
11
8
50
9
29
8
40
9
30
7
59
1
9
9
81
9
78
9
42
0
90
8
80
9
16
8
22
7
9
9
19
9
43
9
99
9
8
8
68
7
29
9
12
7
9
9
99
9
69
9
31
9
97
10
52
9
51
9
39
7
29
9
60
9
12
8
50
9
99
8
70
9
32
9
87
9
30
7
79
10
52
8
50
9
92
9
51
8
99
9
51
8
40
1
98
8
67
8
20
9
67
9
63
9
31
9
50
3
79
4
83
9
51
8
20
8
88
9
50
9
12
9
13
0
10
7
7
9
47
7
79
9
58
9
73
9
32
0
0
8
90
11
83
9
90
9
91
9
90
9
33
8
68
8
99
9
99
11
23
7
79
9
37
9
59
2
19
8
80
9
38
10
22
9
91
9
37
7
79
9
51
9
50
9
23
9
27
9
20
9
99
7
58
7
29
9
90
8
70
8
50
9
63
9
98
7
69
8
37
10
82
0
10
10
52
7
59
9
42
4
39
9
91
8
30
7
69
9
78
7
79
7
19
9
19
9
69
8
65
7
89
7
29
7
19
9
34
9
66
8
10
7
9
7
49
0
40
8
30
9
42
9
63
9
71
10
22
7
49
9
68
7
8
9
18
8
70
9
61
9
81
9
21
7
19
7
29
9
10
7
17
9
20
8
60
7
99
9
39
9
92
9
92
8
10
8
60
8
30
0
3
7
38
3
9
7
69
7
19
9
32
9
78
0
0
11
83
8
37
9
92
7
29
9
99
9
98
9
51
7
69
9
31
11
83
10
82
2
79
7
72
8
50
9
43
0
20
8
77
9
60
9
81
0
60
7
84
9
39
9
33
9
21
9
33
9
20
9
43
11
53
0
98
8
90
8
67
9
68
9
73
7
59
9
90
7
9
9
12
8
47
9
27
9
62
9
61
9
93
9
42
8
79
8
99
9
99
7
57
7
65
11
23
9
67
9
72
9
32
7
99
9
99
7
99
9
31
3
39
1
87
8
97
8
40
9
93
7
98
9
91
9
61
9
91
8
70
7
49
9
61
7
19
7
69
10
22
9
81
10
22
4
49
9
71
8
17
9
12
7
87
9
51
7
69
1
39
7
89
3
29
9
98
9
79
9
29
9
38
8
50
8
50
9
59
7
99
0
50
7
37
8
30
9
12
9
62
8
10
9
32
0
80
9
71
7
39
7
49
9
91
9
81
11
53
9
51
7
79
7
39
9
90
7
9
9
68
8
40
11
83
9
33
9
71
8
40
9
61
9
39
7
99
9
99
9
79
7
59
9
28
8
50
7
89
4
48
8
78
9
99
10
52
7
99
7
39
9
28
7
59
8
1
9
33
10
82
8
50
9
91
7
79
9
99
9
89
9
99
0
3
7
89
8
39
9
81
0
60
8
99
8
99
9
29
7
29
9
87
9
8
7
89
9
81
1
9
7
79
9
28
11
23
8
20
8
40
1
68
9
81
9
93
8
28
9
73
9
91
9
48
9
49
9
21
8
60
9
41
9
81
8
19
8
80
9
8
9
88
1
69
10
82
9
31
9
21
9
7
7
39
7
89
9
19
9
50
9
91
9
81
9
96
7
59
9
13
9
31
8
9
9
11
9
29
9
61
9
63
9
99
9
60
7
87
7
99
9
38
9
31
10
82
7
9
9
78
11
23
9
61
9
87
7
79
9
91
9
41
8
60
8
23
8
27
9
99
7
8
9
60
8
60
0
97
9
11
9
99
8
70
9
10
7
49
8
60
8
37
0
90
0
29
7
59
9
8
9
93
8
80
3
48
11
53
8
17
9
60
9
18
9
88
7
39
9
21
8
80
7
89
9
13
11
23
8
90
8
97
9
12
7
79
8
60
9
99
9
30
8
8
7
59
9
41
8
40
7
19
9
91
9
99
7
41
11
83
11
83
9
71
7
98
7
59
9
39
8
99
7
29
9
11
9
11
9
9
9
56
9
72
