9
42
9
91
10
22
9
71
9
32
9
92
9
29
10
22
10
82
9
61
9
41
9
80
13
85
9
71
9
80
9
11
9
63
9
20
9
32
9
99
9
10
12
54
9
72
9
42
9
49
9
72
9
99
11
53
9
51
9
63
9
97
10
82
9
92
12
54
0
0
9
21
9
34
9
63
9
99
9
20
9
34
9
73
9
13
9
90
11
53
13
25
12
84
9
51
9
99
9
49
9
41
9
63
9
11
9
33
9
12
9
33
9
42
10
22
9
92
9
61
9
99
9
10
9
33
9
74
9
93
9
81
9
44
9
73
9
9
9
61
9
61
9
32
11
53
9
99
12
54
9
71
11
83
12
24
9
40
11
53
9
92
9
99
9
93
9
79
9
99
9
89
9
71
9
73
9
93
11
83
9
43
9
30
9
51
9
99
9
69
10
22
9
29
9
71
9
74
9
41
9
19
12
84
9
41
11
23
9
64
12
54
10
81
9
99
9
32
9
71
12
24
9
94
9
60
13
85
9
31
9
34
12
54
9
62
9
39
9
72
9
41
9
90
9
62
9
14
10
82
10
22
9
64
9
12
9
60
9
61
9
72
9
21
9
99
0
60
9
71
11
23
9
92
9
11
9
92
9
99
9
31
10
22
9
43
9
74
9
31
9
73
9
69
9
21
9
32
9
34
9
34
11
83
9
43
9
42
9
92
9
99
9
60
13
85
9
43
9
50
9
99
9
21
12
84
12
84
9
21
11
83
9
79
9
69
9
31
10
82
9
99
9
99
9
74
9
73
9
89
11
23
10
22
9
14
9
44
9
91
13
55
9
93
9
62
9
9
10
82
9
33
9
79
9
14
9
89
10
22
9
12
9
41
9
72
9
11
9
81
9
20
9
91
9
12
9
20
9
34
9
13
9
99
9
42
9
99
11
23
9
40
9
91
0
40
10
22
9
71
9
74
9
90
9
49
9
34
9
90
9
63
9
29
9
13
9
99
10
52
9
44
9
51
0
80
9
11
9
91
11
23
9
42
9
99
13
55
9
91
9
9
9
62
9
20
11
23
9
93
9
73
11
83
9
42
0
60
9
92
10
22
9
51
9
63
9
71
9
93
9
43
9
12
9
81
9
61
13
55
9
19
9
29
9
92
10
82
9
21
11
23
10
82
9
42
10
82
9
80
9
92
9
39
9
59
9
99
9
11
9
93
10
82
0
40
9
20
9
10
9
33
11
53
9
61
13
55
9
50
9
42
9
63
9
62
9
71
12
84
11
53
9
21
9
92
9
44
9
91
10
22
9
20
9
91
9
80
9
39
9
39
9
13
9
74
10
82
9
31
9
62
9
32
9
64
9
44
9
99
9
29
9
72
11
53
9
92
9
40
9
91
9
99
9
39
0
40
9
13
9
31
9
60
9
87
9
93
9
99
13
25
10
52
9
43
0
50
9
63
9
11
9
94
9
92
9
44
10
22
9
93
10
22
9
44
10
52
9
93
9
79
9
6
9
92
13
85
11
23
9
74
9
99
9
71
9
40
9
72
9
81
9
42
9
12
10
82
10
22
9
74
9
89
9
43
9
80
9
12
9
40
9
89
9
99
9
62
9
64
9
31
11
53
9
13
13
85
9
16
9
81
9
20
9
51
9
42
2
19
9
49
9
44
9
99
10
52
9
50
9
21
9
21
9
29
9
41
9
41
9
10
9
21
9
61
9
11
12
54
9
31
9
10
9
21
9
94
9
89
0
18
9
99
10
52
9
99
9
42
9
21
9
11
10
82
11
53
9
34
12
54
10
82
9
43
9
14
9
50
9
33
9
20
9
61
1
69
9
92
9
99
9
63
9
39
9
74
9
12
9
92
11
23
9
99
9
63
9
99
9
81
9
90
9
34
9
64
9
71
9
31
9
99
9
29
2
69
9
81
9
21
9
99
9
99
9
32
9
51
9
99
9
33
9
14
9
63
9
32
9
44
10
22
13
25
9
61
1
99
9
11
9
72
9
30
9
34
9
21
3
7
9
10
11
53
9
99
9
91
10
22
9
99
9
61
9
93
9
99
9
10
9
31
9
99
9
94
10
22
9
41
9
64
9
13
9
33
9
70
9
13
9
94
9
62
9
43
11
23
9
81
8
5
9
12
9
41
9
72
9
50
0
90
9
12
10
82
10
22
9
30
9
91
9
99
9
61
9
44
9
64
9
43
9
13
0
30
0
55
9
63
11
83
9
91
9
40
9
34
9
99
9
40
10
82
9
62
9
72
10
52
9
92
10
22
11
23
9
21
0
59
9
71
9
30
2
49
9
19
9
41
0
20
12
54
11
23
13
85
9
63
11
83
9
40
9
10
0
0
11
22
9
41
9
64
9
90
9
42
12
24
9
62
9
93
1
39
9
44
9
94
9
63
9
60
0
10
9
14
9
94
9
81
9
43
9
93
9
33
9
51
0
30
9
64
9
74
10
82
9
14
13
55
9
72
9
41
9
50
9
14
9
13
9
61
9
62
9
94
9
71
9
29
4
9
13
53
9
99
12
84
9
70
9
9
10
52
9
13
10
52
9
31
9
42
9
32
9
61
1
9
11
83
9
80
9
44
0
90
10
82
9
16
10
22
9
11
9
21
9
44
9
99
9
10
9
70
9
31
9
14
9
11
9
99
9
71
9
33
9
99
12
54
11
53
9
41
9
31
9
62
9
14
10
52
9
99
9
72
9
34
9
87
9
32
9
81
12
54
10
52
9
94
11
53
9
99
11
53
9
42
1
99
9
69
10
22
9
69
9
64
9
33
10
52
3
79
4
83
11
53
10
22
9
90
10
52
9
14
9
14
0
10
9
9
9
49
9
81
9
60
9
74
9
34
0
0
9
92
13
85
9
92
9
93
9
92
9
34
9
68
9
99
9
99
13
25
9
81
9
39
9
61
2
19
10
82
9
40
12
24
9
93
9
39
9
81
11
53
10
52
11
22
9
27
10
22
9
99
9
60
9
31
9
92
9
72
10
52
9
64
9
99
9
71
9
39
12
84
0
10
12
54
9
61
9
44
4
39
9
93
9
32
9
71
9
80
9
81
9
21
9
21
9
71
8
65
9
91
9
31
9
21
9
34
9
66
9
12
9
9
9
51
0
40
9
32
9
44
9
64
9
73
12
24
9
51
9
70
9
8
9
20
9
72
9
63
11
83
11
23
9
21
9
31
9
12
9
19
10
22
9
62
9
99
9
41
9
94
9
94
9
12
9
62
9
32
0
3
9
40
3
9
9
71
9
21
9
34
9
80
0
0
13
85
9
39
9
94
9
31
9
99
9
99
11
53
9
71
9
33
13
85
12
84
2
79
9
72
10
52
9
44
0
20
9
79
9
62
11
83
0
60
9
84
9
41
9
34
11
23
9
34
10
22
9
44
13
55
0
98
9
92
9
69
9
70
9
74
9
61
9
92
9
11
9
14
9
49
9
29
9
64
9
63
9
94
9
44
9
81
9
99
9
99
9
59
8
65
13
25
9
69
9
74
9
34
9
99
9
99
9
99
9
33
3
39
1
89
9
99
9
42
9
94
9
99
9
93
9
63
9
93
9
72
9
51
9
63
9
21
9
71
12
24
11
83
12
24
4
49
9
73
9
17
9
14
9
87
11
53
9
71
1
39
9
91
3
29
9
99
9
81
9
31
9
40
10
52
10
52
9
61
9
99
0
50
9
39
9
32
9
14
9
64
9
12
9
34
0
80
9
73
9
41
9
51
9
93
11
83
13
55
11
53
9
81
9
41
9
92
9
11
9
70
9
42
13
85
9
34
9
73
9
42
9
63
9
41
9
99
9
99
9
81
9
61
9
30
10
52
9
91
4
49
9
80
9
99
12
54
9
99
9
41
9
30
9
61
9
1
9
34
12
84
10
52
9
93
9
81
9
99
9
91
9
99
0
3
9
91
9
41
11
83
0
60
9
99
9
99
9
31
9
31
9
89
9
10
9
91
11
83
1
9
9
81
9
30
13
25
10
22
9
42
1
69
11
83
9
94
9
28
9
74
9
93
9
50
9
51
11
23
9
62
9
43
11
83
9
21
10
82
9
10
9
90
1
69
12
84
9
33
11
23
9
9
9
41
9
91
9
21
10
52
9
93
11
83
9
96
9
61
9
14
9
33
9
11
9
13
9
31
9
63
9
64
9
99
9
62
9
89
9
99
9
40
9
33
12
84
9
11
9
80
13
25
9
63
9
89
9
81
9
93
9
43
9
62
10
22
9
29
9
99
9
10
9
62
9
62
0
97
9
13
9
99
9
72
9
12
9
51
9
62
9
39
0
90
0
29
9
61
9
10
9
94
10
82
3
49
13
55
9
19
9
62
9
20
9
90
9
41
11
23
10
82
9
91
9
14
13
25
9
92
9
99
9
14
9
81
9
62
9
99
9
32
9
10
9
61
9
43
9
42
9
21
9
93
9
99
9
41
13
85
13
85
9
73
9
99
9
61
9
41
9
99
9
31
9
13
9
13
9
11
9
56
9
74
