9
44
9
94
19
32
9
74
9
34
9
94
9
34
19
32
19
92
9
64
9
44
18
90
19
94
9
74
18
90
9
14
9
64
18
30
9
34
9
99
9
14
19
64
9
74
9
44
17
59
9
74
9
99
19
63
19
61
9
64
9
97
19
92
9
94
19
64
0
0
19
31
9
34
9
64
9
99
18
30
9
34
9
74
9
14
9
94
19
63
19
34
19
94
19
61
9
99
17
59
9
44
9
64
9
14
9
34
9
14
9
34
9
44
19
32
9
94
9
64
9
99
9
14
9
34
9
74
9
94
19
91
9
44
9
74
9
14
9
64
9
64
9
34
19
63
9
99
19
64
9
74
19
93
19
34
9
44
19
63
9
94
9
99
9
94
17
89
9
99
9
94
9
74
9
74
9
94
19
93
9
44
9
34
19
61
9
99
9
74
19
32
9
34
9
74
9
74
9
44
17
29
19
94
9
44
19
33
9
64
19
64
19
81
9
99
9
34
9
74
19
34
9
94
9
64
19
94
9
34
9
34
19
64
9
64
9
44
9
74
9
44
9
94
9
64
9
14
19
92
19
32
9
64
9
14
9
64
9
64
9
74
19
31
9
99
0
60
9
74
19
33
9
94
9
14
9
94
9
99
9
34
19
32
9
44
9
74
9
34
9
74
9
74
19
31
9
34
9
34
9
34
19
93
9
44
9
42
9
94
9
99
9
64
19
94
9
44
18
60
9
99
19
31
19
94
19
94
19
31
19
93
17
89
9
74
9
34
19
92
9
99
9
99
9
74
9
74
9
94
19
33
19
32
9
14
9
44
9
94
19
64
9
94
9
64
9
14
19
92
9
34
17
89
9
14
9
94
19
32
9
14
9
44
9
72
9
14
19
91
18
30
9
94
9
14
18
30
9
34
9
14
9
99
9
44
9
99
19
33
9
44
9
94
0
40
19
32
9
74
9
74
9
94
17
59
9
34
9
94
9
64
9
34
9
14
9
99
19
62
9
44
19
61
0
80
9
14
9
94
19
33
9
44
9
99
19
64
9
94
9
14
9
64
18
30
19
33
9
94
9
74
19
93
9
44
0
60
9
94
19
32
19
61
9
64
9
74
9
94
9
44
9
14
19
91
9
64
19
64
17
29
9
34
9
94
19
92
19
31
19
33
19
92
9
44
19
92
18
90
9
94
9
44
9
64
9
99
9
14
9
94
19
92
0
40
18
30
9
14
9
34
19
63
9
64
19
64
18
60
9
44
9
64
9
64
9
74
19
94
19
63
19
31
9
94
9
44
9
94
19
32
18
30
9
91
18
90
9
44
9
44
9
14
9
74
19
92
9
34
9
64
9
34
9
64
9
44
9
99
9
34
9
74
19
63
9
94
9
44
9
94
9
99
9
44
0
40
9
14
9
34
9
64
9
87
9
94
9
99
19
34
19
62
9
44
0
50
9
64
9
14
9
94
9
94
9
44
19
32
9
94
19
32
9
44
19
62
9
94
17
89
9
6
9
94
19
94
19
33
9
74
9
99
9
74
9
44
9
74
19
91
9
44
9
14
19
92
19
32
9
74
9
94
9
44
18
90
9
14
9
44
9
94
9
99
9
64
9
64
9
34
19
63
9
14
19
94
9
16
19
91
18
30
19
61
9
44
2
19
17
59
9
44
9
99
19
62
18
60
19
31
19
31
9
34
9
41
9
41
9
14
19
31
9
64
9
14
19
64
9
34
9
14
19
31
9
94
9
94
0
18
9
99
19
62
9
99
9
44
19
31
9
14
19
92
19
63
9
34
19
64
19
92
9
44
9
14
18
60
9
34
18
30
9
64
1
69
9
94
9
99
9
64
9
44
9
74
9
14
9
94
19
33
9
99
9
64
9
99
19
91
9
94
9
34
9
64
9
74
9
34
9
99
9
34
2
69
19
91
19
31
9
99
9
99
9
34
19
61
9
99
9
34
9
14
9
64
9
34
9
44
19
32
19
34
9
64
1
99
9
14
9
74
9
34
9
34
19
31
3
7
9
14
19
63
9
99
9
94
19
32
9
99
9
64
9
94
9
99
9
14
9
34
9
99
9
94
19
32
9
41
9
64
9
14
9
34
9
74
9
14
9
94
9
64
9
44
19
33
19
91
8
5
9
14
9
44
9
74
18
60
0
90
9
14
19
92
19
32
9
34
9
94
9
99
9
64
9
44
9
64
9
44
9
14
0
30
0
55
9
64
19
93
9
94
9
44
9
34
9
99
9
44
19
92
9
64
9
74
19
62
9
94
19
32
19
33
19
31
0
59
9
74
9
34
2
49
17
29
9
44
0
20
19
64
19
33
19
94
9
64
19
93
9
44
9
14
0
0
19
22
9
44
9
64
9
94
9
44
19
34
9
64
9
94
1
39
9
44
9
94
9
64
9
64
0
10
9
14
9
94
19
91
9
44
9
94
9
34
19
61
0
30
9
64
9
74
19
92
9
14
19
64
9
74
9
44
18
60
9
14
9
14
9
64
9
64
9
94
9
74
9
34
4
9
19
53
9
99
19
94
9
74
9
14
19
62
9
14
19
62
9
34
9
44
9
34
9
64
1
9
19
93
18
90
9
44
0
90
19
92
9
16
19
22
9
14
19
31
9
44
9
99
9
14
9
74
9
34
9
14
9
14
9
99
9
74
9
34
9
99
19
64
19
63
9
44
9
34
9
64
9
14
19
62
9
99
9
74
9
34
9
87
9
34
19
91
19
64
19
62
9
94
19
63
9
99
19
63
9
44
1
99
9
74
19
32
9
74
9
64
9
34
19
62
3
79
4
83
19
63
19
32
9
94
19
62
9
14
9
14
0
10
9
14
17
59
19
91
9
64
9
74
9
34
0
0
9
94
19
94
9
94
9
94
9
94
9
34
9
68
9
99
9
99
19
34
19
91
9
44
9
64
2
19
19
92
9
44
19
34
9
94
9
44
19
91
19
63
19
62
19
22
9
27
19
32
9
99
9
64
9
34
9
94
9
74
19
62
9
64
9
99
9
74
9
44
19
94
0
10
19
64
9
64
9
44
4
39
9
94
9
34
9
74
18
90
19
91
19
31
19
31
9
74
8
65
9
94
9
34
19
31
9
34
9
66
9
14
9
9
19
61
0
40
9
34
9
44
9
64
9
74
19
34
19
61
9
74
9
8
18
30
9
74
9
64
19
93
19
33
19
31
9
34
9
14
17
29
19
32
9
64
9
99
9
44
9
94
9
94
9
14
9
64
9
34
0
3
9
44
3
9
9
74
19
31
9
34
18
90
0
0
19
94
9
44
9
94
9
34
9
99
9
99
19
63
9
74
9
34
19
94
19
94
2
79
9
72
19
62
9
44
0
20
17
89
9
64
19
93
0
60
9
84
9
44
9
34
19
33
9
34
19
32
9
44
19
64
0
98
9
94
9
74
9
74
9
74
9
64
9
94
9
14
9
14
17
59
9
34
9
64
9
64
9
94
9
44
19
91
9
99
9
99
9
64
8
65
19
34
9
74
9
74
9
34
9
99
9
99
9
99
9
34
3
39
1
89
9
99
9
44
9
94
9
99
9
94
9
64
9
94
9
74
19
61
9
64
19
31
9
74
19
34
19
93
19
34
4
49
9
74
9
17
9
14
9
87
19
63
9
74
1
39
9
94
3
29
9
99
19
91
9
34
9
44
19
62
19
62
9
64
9
99
0
50
9
44
9
34
9
14
9
64
9
14
9
34
0
80
9
74
9
44
19
61
9
94
19
93
19
64
19
63
19
91
9
44
9
94
9
14
9
74
9
44
19
94
9
34
9
74
9
44
9
64
9
44
9
99
9
99
19
91
9
64
9
34
19
62
9
94
4
49
18
90
9
99
19
64
9
99
9
44
9
34
9
64
9
1
9
34
19
94
19
62
9
94
19
91
9
99
9
94
9
99
0
3
9
94
9
44
19
93
0
60
9
99
9
99
9
34
9
34
9
94
9
14
9
94
19
93
1
9
19
91
9
34
19
34
19
32
9
44
1
69
19
93
9
94
9
28
9
74
9
94
18
60
19
61
19
33
9
64
9
44
19
93
19
31
19
92
9
14
9
94
1
69
19
94
9
34
19
33
9
14
9
44
9
94
19
31
19
62
9
94
19
93
9
96
9
64
9
14
9
34
9
14
9
14
9
34
9
64
9
64
9
99
9
64
9
94
9
99
9
44
9
34
19
94
9
14
18
90
19
34
9
64
9
94
19
91
9
94
9
44
9
64
19
22
9
34
9
99
9
14
9
64
9
64
0
97
9
14
9
99
9
74
9
14
19
61
9
64
9
44
0
90
0
29
9
64
9
14
9
94
19
92
3
49
19
64
17
29
9
64
18
30
9
94
9
44
19
33
19
92
9
94
9
14
19
34
9
94
9
99
9
14
19
91
9
64
9
99
9
34
9
14
9
64
9
44
9
44
19
31
9
94
9
99
9
41
19
94
19
94
9
74
9
99
9
64
9
44
9
99
9
34
9
14
9
14
9
14
9
56
9
74
