9
41
8
90
9
21
8
70
9
31
9
91
9
28
9
21
9
81
8
60
9
40
8
79
12
84
9
70
9
79
8
10
9
62
9
19
9
31
9
99
9
9
11
53
9
71
9
41
9
48
9
71
9
99
10
52
8
50
9
62
9
97
9
81
9
91
11
53
0
0
8
20
9
34
9
62
9
99
9
19
9
34
9
72
9
12
9
89
10
52
12
24
11
83
8
50
9
99
9
48
8
40
9
62
9
10
9
32
9
11
9
32
9
41
9
21
9
91
8
60
9
99
9
9
9
32
9
73
9
92
9
80
9
43
9
72
9
8
8
60
8
60
9
31
10
52
8
99
11
53
8
70
10
82
11
23
9
39
10
52
9
91
9
99
9
92
9
78
9
99
9
88
9
70
9
72
9
92
10
82
9
42
9
29
8
50
8
98
8
68
9
21
9
28
8
70
9
74
9
40
9
18
11
83
8
40
10
22
9
63
11
53
9
81
9
99
9
31
8
70
11
23
9
94
9
59
12
84
8
30
9
33
11
53
9
61
9
38
9
71
9
40
9
89
9
61
9
14
9
81
9
21
9
63
9
11
9
59
8
60
9
71
8
20
9
99
0
60
8
70
10
22
9
91
9
10
9
91
8
99
8
30
9
21
9
42
9
73
9
30
9
72
8
68
9
20
9
31
9
34
9
34
10
82
9
42
9
42
9
91
9
99
9
59
12
84
9
42
8
49
9
99
8
20
11
83
11
83
9
20
10
82
9
78
9
68
9
30
9
81
8
99
9
99
9
73
9
72
8
88
10
22
9
21
9
14
9
43
8
90
12
54
9
92
9
61
9
8
9
81
9
32
9
78
9
13
9
88
9
21
9
11
9
40
8
72
8
10
9
80
9
19
8
90
9
11
9
19
9
34
9
12
9
99
9
41
9
99
10
22
9
39
8
90
0
40
9
21
9
70
9
73
9
89
9
48
9
33
9
89
9
62
9
28
9
12
9
99
9
51
9
43
8
50
0
80
8
10
9
90
10
22
9
41
9
99
12
54
8
90
9
8
9
61
9
19
10
22
9
92
9
72
10
82
9
41
0
60
9
91
9
21
9
50
9
62
8
70
9
92
9
42
9
11
8
80
9
60
12
54
9
18
9
28
9
91
9
81
8
20
10
22
9
81
9
41
9
81
9
79
9
91
9
38
9
58
9
98
8
10
9
92
9
81
0
40
9
19
9
9
9
32
10
52
9
60
12
54
9
49
9
41
9
62
9
61
8
70
11
83
10
52
8
20
9
91
9
44
8
90
9
21
9
19
8
91
9
79
9
38
9
38
9
12
9
73
9
81
8
30
9
61
9
31
9
64
9
43
9
99
9
28
9
71
10
52
9
91
9
39
8
90
9
99
9
38
0
40
9
12
9
30
9
59
8
87
9
92
8
99
12
24
9
51
9
42
0
50
9
62
8
10
9
93
9
91
9
43
9
21
9
92
9
21
9
43
9
51
9
92
8
78
9
6
9
91
12
84
10
22
9
73
9
99
8
70
9
39
9
71
8
80
9
41
9
11
9
81
9
21
9
73
9
88
9
42
9
79
9
11
8
39
9
88
9
99
9
61
9
64
9
30
10
52
9
12
12
84
9
16
9
80
9
19
9
50
9
41
2
19
9
48
9
44
9
98
9
51
9
49
8
20
9
20
9
28
9
41
9
41
9
9
8
20
8
60
8
10
11
53
9
30
8
9
8
20
9
94
9
88
0
18
9
99
9
51
9
99
9
41
8
20
8
10
9
81
10
52
9
33
11
53
9
81
9
42
9
13
9
49
9
32
9
19
9
60
1
69
9
91
9
99
9
62
8
38
9
73
9
11
9
91
10
22
9
99
9
62
9
99
9
80
9
89
9
33
9
63
8
70
8
30
9
98
9
28
2
69
8
80
9
20
9
99
9
99
9
31
9
50
8
99
9
32
9
13
9
62
9
31
9
43
9
21
12
24
8
60
1
99
8
10
9
71
9
29
9
33
8
20
3
7
9
9
10
52
9
99
8
90
9
21
9
99
8
60
9
92
9
99
9
9
8
30
9
99
9
94
9
21
9
41
9
63
9
12
9
32
9
69
9
12
9
93
9
61
9
42
10
22
8
80
8
5
9
11
8
40
9
71
9
49
0
90
9
11
9
81
9
21
9
29
8
90
8
99
8
60
9
44
9
63
9
42
9
12
0
30
0
55
9
62
10
82
8
90
9
39
9
34
9
99
9
39
9
81
9
61
9
71
9
51
9
91
9
21
10
22
8
20
0
59
8
70
8
29
2
48
9
18
9
40
0
20
11
53
10
22
12
84
9
62
10
82
9
39
9
9
0
0
10
22
8
40
9
63
9
89
9
41
11
23
9
61
9
92
1
39
9
43
9
93
9
62
8
59
0
10
9
13
9
93
9
80
9
42
9
92
9
32
8
50
0
30
9
63
9
74
9
81
9
13
12
54
9
71
9
40
9
49
9
13
9
12
8
60
9
61
9
93
8
70
9
28
4
9
12
53
9
99
11
83
9
69
9
8
9
51
9
12
9
51
9
30
9
41
9
31
8
60
1
9
10
82
9
79
9
43
0
90
9
81
9
16
9
22
8
10
9
20
9
44
9
99
9
9
9
69
8
30
9
13
8
10
9
99
9
70
9
32
9
98
11
53
10
52
9
40
8
30
9
61
9
13
9
51
9
99
9
71
9
33
9
87
9
31
8
80
11
53
9
51
9
93
10
52
9
99
10
52
9
41
1
99
9
68
9
21
9
68
9
64
9
32
9
51
3
79
4
83
10
52
9
21
9
89
9
51
9
13
9
14
0
10
8
8
9
48
8
80
9
59
9
74
9
33
0
0
9
91
12
84
9
91
9
92
9
91
9
34
9
68
9
99
9
99
12
24
8
80
9
38
9
60
2
19
9
81
9
39
11
23
9
92
9
38
8
80
10
52
9
51
10
22
9
27
9
21
9
99
8
59
8
30
9
91
9
71
9
51
9
64
9
99
8
70
9
38
11
83
0
10
11
53
8
60
9
43
4
39
9
92
9
31
8
70
9
79
8
80
8
20
9
20
9
70
8
65
8
90
8
30
8
20
9
34
9
66
9
11
8
9
8
50
0
40
9
31
9
43
9
64
9
72
11
23
8
50
9
69
8
8
9
19
9
71
9
62
10
82
10
22
8
20
8
30
9
11
8
18
9
21
9
61
8
99
9
40
9
93
9
93
9
11
9
61
9
31
0
3
8
39
3
9
8
70
8
20
9
33
9
79
0
0
12
84
9
38
9
93
8
30
9
99
9
99
10
52
8
70
9
32
12
84
11
83
2
79
8
72
9
51
9
44
0
20
9
78
9
61
10
82
0
60
8
84
9
40
9
34
10
22
9
34
9
21
9
44
12
54
0
98
9
91
9
68
9
69
9
74
8
60
9
91
8
10
9
13
9
48
9
28
9
63
9
62
9
94
9
43
9
80
9
99
9
99
8
58
8
65
12
24
9
68
9
73
9
33
8
99
9
99
8
99
9
32
3
39
1
88
9
98
9
41
9
94
8
99
9
92
9
62
9
92
9
71
8
50
9
62
8
20
8
70
11
23
10
82
11
23
4
49
9
72
9
17
9
13
8
87
10
52
8
70
1
39
8
90
3
29
9
99
9
80
9
30
9
39
9
51
9
51
9
60
8
99
0
50
8
38
9
31
9
13
9
63
9
11
9
33
0
80
9
72
8
40
8
50
9
92
10
82
12
54
10
52
8
80
8
40
9
91
8
10
9
69
9
41
12
84
9
34
9
72
9
41
9
62
9
40
8
99
9
99
9
80
8
60
9
29
9
51
8
90
4
49
9
79
9
99
11
53
8
99
8
40
9
29
8
60
9
1
9
34
11
83
9
51
9
92
8
80
9
99
9
90
9
99
0
3
8
90
9
40
10
82
0
60
9
99
9
99
9
30
8
30
9
88
9
9
8
90
10
82
1
9
8
80
9
29
12
24
9
21
9
41
1
69
10
82
9
94
9
28
9
74
9
92
9
49
9
50
10
22
9
61
9
42
10
82
9
20
9
81
9
9
9
89
1
69
11
83
9
32
10
22
9
8
8
40
8
90
9
20
9
51
9
92
10
82
9
96
8
60
9
14
9
32
9
10
9
12
9
30
9
62
9
64
9
99
9
61
8
88
8
99
9
39
9
32
11
83
8
10
9
79
12
24
9
62
9
88
8
80
9
92
9
42
9
61
9
23
9
28
9
99
8
9
9
61
9
61
0
97
9
12
9
99
9
71
9
11
8
50
9
61
9
38
0
90
0
29
8
60
9
9
9
94
9
81
3
49
12
54
9
18
9
61
9
19
9
89
8
40
10
22
9
81
8
90
9
14
12
24
9
91
9
98
9
13
8
80
9
61
9
99
9
31
9
9
8
60
9
42
9
41
8
20
9
92
9
99
8
41
12
84
12
84
9
72
8
99
8
60
9
40
9
99
8
30
9
12
9
12
9
10
9
56
9
73
