9
44
9
94
17
29
9
74
9
34
9
94
9
34
17
29
17
89
9
64
9
44
15
87
19
92
9
74
15
87
9
14
9
64
15
27
9
34
9
99
9
14
19
61
9
74
9
44
14
56
9
74
9
99
18
60
16
58
9
64
9
97
17
89
9
94
19
61
0
0
16
28
9
34
9
64
9
99
15
27
9
34
9
74
9
14
9
94
18
60
19
32
19
91
16
58
9
99
14
56
9
44
9
64
9
14
9
34
9
14
9
34
9
44
17
29
9
94
9
64
9
99
9
14
9
34
9
74
9
94
16
88
9
44
9
74
9
14
9
64
9
64
9
34
18
60
9
99
19
61
9
74
18
90
19
31
9
44
18
60
9
94
9
99
9
94
14
86
9
99
9
94
9
74
9
74
9
94
18
90
9
44
9
34
16
58
9
99
9
74
17
29
9
34
9
74
9
74
9
44
14
26
19
91
9
44
18
30
9
64
19
61
17
81
9
99
9
34
9
74
19
31
9
94
9
64
19
92
9
34
9
34
19
61
9
64
9
44
9
74
9
44
9
94
9
64
9
14
17
89
17
29
9
64
9
14
9
64
9
64
9
74
16
28
9
99
0
60
9
74
18
30
9
94
9
14
9
94
9
99
9
34
17
29
9
44
9
74
9
34
9
74
9
74
16
28
9
34
9
34
9
34
18
90
9
44
9
42
9
94
9
99
9
64
19
92
9
44
15
57
9
99
16
28
19
91
19
91
16
28
18
90
14
86
9
74
9
34
17
89
9
99
9
99
9
74
9
74
9
94
18
30
17
29
9
14
9
44
9
94
19
62
9
94
9
64
9
14
17
89
9
34
14
86
9
14
9
94
17
29
9
14
9
44
9
72
9
14
16
88
15
27
9
94
9
14
15
27
9
34
9
14
9
99
9
44
9
99
18
30
9
44
9
94
0
40
17
29
9
74
9
74
9
94
14
56
9
34
9
94
9
64
9
34
9
14
9
99
17
59
9
44
16
58
0
80
9
14
9
94
18
30
9
44
9
99
19
62
9
94
9
14
9
64
15
27
18
30
9
94
9
74
18
90
9
44
0
60
9
94
17
29
16
58
9
64
9
74
9
94
9
44
9
14
16
88
9
64
19
62
14
26
9
34
9
94
17
89
16
28
18
30
17
89
9
44
17
89
15
87
9
94
9
44
9
64
9
99
9
14
9
94
17
89
0
40
15
27
9
14
9
34
18
60
9
64
19
62
15
57
9
44
9
64
9
64
9
74
19
91
18
60
16
28
9
94
9
44
9
94
17
29
15
27
9
91
15
87
9
44
9
44
9
14
9
74
17
89
9
34
9
64
9
34
9
64
9
44
9
99
9
34
9
74
18
60
9
94
9
44
9
94
9
99
9
44
0
40
9
14
9
34
9
64
9
87
9
94
9
99
19
32
17
59
9
44
0
50
9
64
9
14
9
94
9
94
9
44
17
29
9
94
17
29
9
44
17
59
9
94
14
86
9
6
9
94
19
92
18
30
9
74
9
99
9
74
9
44
9
74
16
88
9
44
9
14
17
89
17
29
9
74
9
94
9
44
15
87
9
14
9
44
9
94
9
99
9
64
9
64
9
34
18
60
9
14
19
92
9
16
16
88
15
27
16
58
9
44
2
19
14
56
9
44
9
99
17
59
15
57
16
28
16
28
9
34
9
41
9
41
9
14
16
28
9
64
9
14
19
61
9
34
9
14
16
28
9
94
9
94
0
18
9
99
17
59
9
99
9
44
16
28
9
14
17
89
18
60
9
34
19
61
17
89
9
44
9
14
15
57
9
34
15
27
9
64
1
69
9
94
9
99
9
64
9
44
9
74
9
14
9
94
18
30
9
99
9
64
9
99
16
88
9
94
9
34
9
64
9
74
9
34
9
99
9
34
2
69
16
88
16
28
9
99
9
99
9
34
16
58
9
99
9
34
9
14
9
64
9
34
9
44
17
29
19
32
9
64
1
99
9
14
9
74
9
34
9
34
16
28
3
7
9
14
18
60
9
99
9
94
17
29
9
99
9
64
9
94
9
99
9
14
9
34
9
99
9
94
17
29
9
41
9
64
9
14
9
34
9
74
9
14
9
94
9
64
9
44
18
30
16
88
8
5
9
14
9
44
9
74
15
57
0
90
9
14
17
89
17
29
9
34
9
94
9
99
9
64
9
44
9
64
9
44
9
14
0
30
0
55
9
64
18
90
9
94
9
44
9
34
9
99
9
44
17
89
9
64
9
74
17
59
9
94
17
29
18
30
16
28
0
59
9
74
9
34
2
49
14
26
9
44
0
20
19
61
18
30
19
92
9
64
18
90
9
44
9
14
0
0
18
22
9
44
9
64
9
94
9
44
19
31
9
64
9
94
1
39
9
44
9
94
9
64
9
64
0
10
9
14
9
94
16
88
9
44
9
94
9
34
16
58
0
30
9
64
9
74
17
89
9
14
19
62
9
74
9
44
15
57
9
14
9
14
9
64
9
64
9
94
9
74
9
34
4
9
19
53
9
99
19
91
9
74
9
14
17
59
9
14
17
59
9
34
9
44
9
34
9
64
1
9
18
90
15
87
9
44
0
90
17
89
9
16
17
22
9
14
16
28
9
44
9
99
9
14
9
74
9
34
9
14
9
14
9
99
9
74
9
34
9
99
19
61
18
60
9
44
9
34
9
64
9
14
17
59
9
99
9
74
9
34
9
87
9
34
16
88
19
61
17
59
9
94
18
60
9
99
18
60
9
44
1
99
9
74
17
29
9
74
9
64
9
34
17
59
3
79
4
83
18
60
17
29
9
94
17
59
9
14
9
14
0
10
9
14
14
56
16
88
9
64
9
74
9
34
0
0
9
94
19
92
9
94
9
94
9
94
9
34
9
68
9
99
9
99
19
32
16
88
9
44
9
64
2
19
17
89
9
44
19
31
9
94
9
44
16
88
18
60
17
59
18
22
9
27
17
29
9
99
9
64
9
34
9
94
9
74
17
59
9
64
9
99
9
74
9
44
19
91
0
10
19
61
9
64
9
44
4
39
9
94
9
34
9
74
15
87
16
88
16
28
16
28
9
74
8
65
9
94
9
34
16
28
9
34
9
66
9
14
9
9
16
58
0
40
9
34
9
44
9
64
9
74
19
31
16
58
9
74
9
8
15
27
9
74
9
64
18
90
18
30
16
28
9
34
9
14
14
26
17
29
9
64
9
99
9
44
9
94
9
94
9
14
9
64
9
34
0
3
9
44
3
9
9
74
16
28
9
34
15
87
0
0
19
92
9
44
9
94
9
34
9
99
9
99
18
60
9
74
9
34
19
92
19
91
2
79
9
72
17
59
9
44
0
20
14
86
9
64
18
90
0
60
9
84
9
44
9
34
18
30
9
34
17
29
9
44
19
62
0
98
9
94
9
74
9
74
9
74
9
64
9
94
9
14
9
14
14
56
9
34
9
64
9
64
9
94
9
44
16
88
9
99
9
99
9
64
8
65
19
32
9
74
9
74
9
34
9
99
9
99
9
99
9
34
3
39
1
89
9
99
9
44
9
94
9
99
9
94
9
64
9
94
9
74
16
58
9
64
16
28
9
74
19
31
18
90
19
31
4
49
9
74
9
17
9
14
9
87
18
60
9
74
1
39
9
94
3
29
9
99
16
88
9
34
9
44
17
59
17
59
9
64
9
99
0
50
9
44
9
34
9
14
9
64
9
14
9
34
0
80
9
74
9
44
16
58
9
94
18
90
19
62
18
60
16
88
9
44
9
94
9
14
9
74
9
44
19
92
9
34
9
74
9
44
9
64
9
44
9
99
9
99
16
88
9
64
9
34
17
59
9
94
4
49
15
87
9
99
19
61
9
99
9
44
9
34
9
64
9
1
9
34
19
91
17
59
9
94
16
88
9
99
9
94
9
99
0
3
9
94
9
44
18
90
0
60
9
99
9
99
9
34
9
34
9
94
9
14
9
94
18
90
1
9
16
88
9
34
19
32
17
29
9
44
1
69
18
90
9
94
9
28
9
74
9
94
15
57
16
58
18
30
9
64
9
44
18
90
16
28
17
89
9
14
9
94
1
69
19
91
9
34
18
30
9
14
9
44
9
94
16
28
17
59
9
94
18
90
9
96
9
64
9
14
9
34
9
14
9
14
9
34
9
64
9
64
9
99
9
64
9
94
9
99
9
44
9
34
19
91
9
14
15
87
19
32
9
64
9
94
16
88
9
94
9
44
9
64
17
22
9
34
9
99
9
14
9
64
9
64
0
97
9
14
9
99
9
74
9
14
16
58
9
64
9
44
0
90
0
29
9
64
9
14
9
94
17
89
3
49
19
62
14
26
9
64
15
27
9
94
9
44
18
30
17
89
9
94
9
14
19
32
9
94
9
99
9
14
16
88
9
64
9
99
9
34
9
14
9
64
9
44
9
44
16
28
9
94
9
99
9
41
19
92
19
92
9
74
9
99
9
64
9
44
9
99
9
34
9
14
9
14
9
14
9
56
9
74
