3
37
2
87
4
15
2
68
5
25
3
89
5
22
3
18
5
75
2
58
6
34
2
73
6
78
6
64
5
73
2
9
6
56
4
13
3
25
5
99
6
3
5
47
3
65
3
37
4
42
5
65
4
99
4
49
2
47
4
59
4
97
3
79
6
85
5
49
0
0
2
15
6
29
4
59
5
98
3
13
6
29
4
67
6
6
3
83
6
46
6
19
5
79
2
49
5
94
4
42
2
34
4
59
5
4
6
26
3
9
4
29
3
39
3
16
3
89
2
59
5
98
5
3
4
26
6
67
4
89
5
74
6
37
4
69
4
2
2
54
2
59
3
29
4
48
2
99
5
48
2
68
4
79
5
19
4
33
4
47
5
85
4
93
5
86
5
72
6
99
4
82
5
64
4
66
4
89
4
79
4
36
3
23
2
49
2
92
2
62
3
15
5
22
2
66
6
69
6
34
4
12
5
79
2
38
4
19
5
57
5
47
3
81
6
95
5
25
2
64
5
19
6
89
5
53
6
79
2
29
5
28
5
49
4
55
4
32
3
69
4
34
4
83
3
57
6
8
3
79
3
15
5
57
3
6
4
53
2
59
3
69
2
19
5
99
0
60
2
67
6
16
5
85
4
4
3
89
2
94
2
29
3
18
5
36
5
69
3
24
4
69
2
62
6
14
3
29
6
29
6
29
4
76
6
36
6
42
3
86
4
99
6
53
6
78
4
36
2
43
3
98
2
19
5
79
5
79
3
14
4
78
4
72
4
62
4
24
4
75
2
99
5
97
5
69
4
69
2
82
4
17
3
19
6
9
5
37
2
86
6
49
4
89
3
59
4
2
3
76
4
28
4
72
5
9
5
82
3
16
5
5
6
34
2
72
2
8
6
74
3
13
2
89
6
5
6
13
6
29
5
6
3
99
4
35
6
99
6
16
5
33
2
86
0
40
4
15
4
64
5
68
6
83
4
42
6
27
6
83
4
59
5
22
4
9
3
96
3
45
5
38
2
45
0
80
2
8
4
84
4
17
3
37
5
95
6
49
2
85
4
2
3
57
5
13
4
19
4
89
4
69
4
76
3
38
0
60
3
89
4
15
4
44
4
59
2
69
4
86
4
37
5
5
2
75
3
54
6
48
5
12
4
22
3
86
3
79
2
19
5
16
6
75
5
35
3
78
6
73
3
86
5
32
3
52
5
92
2
8
5
86
3
77
0
40
4
13
3
3
4
29
4
49
6
54
6
49
5
43
3
35
4
59
5
55
2
68
5
78
4
47
2
17
4
85
6
39
2
89
3
19
6
13
2
91
5
73
5
32
5
32
5
6
6
67
3
79
2
27
3
59
6
25
5
64
5
38
6
93
4
22
3
68
4
48
3
89
3
33
2
84
4
99
5
32
0
40
4
7
5
24
4
53
2
87
4
89
2
94
6
19
3
48
4
39
0
50
6
56
2
6
5
88
3
86
5
37
5
15
5
86
3
19
5
39
3
49
6
86
2
72
4
6
3
89
6
79
6
16
5
69
3
95
2
67
3
33
3
69
2
78
5
35
3
9
3
79
5
15
5
69
3
82
4
39
3
73
3
9
2
33
4
82
3
96
3
59
6
59
3
24
4
48
4
9
6
79
4
16
3
74
3
13
3
44
3
39
2
19
4
42
6
39
4
92
3
48
5
43
2
19
5
14
5
22
6
41
5
41
6
3
2
19
2
57
2
8
5
48
5
24
2
3
2
14
6
89
4
82
0
18
6
93
4
45
4
99
3
39
2
19
2
9
4
75
6
46
5
28
5
49
3
79
4
37
5
9
4
43
4
28
6
13
3
54
1
63
3
89
5
99
4
59
2
32
5
69
5
5
6
85
4
18
4
98
4
59
3
98
3
74
4
83
5
27
6
57
2
69
2
24
4
92
4
22
2
68
2
75
4
14
3
93
3
99
3
26
5
44
2
99
4
29
5
8
4
57
3
27
5
39
3
19
6
18
2
54
1
99
2
9
3
67
5
23
5
27
2
17
3
7
6
3
4
46
5
96
2
88
3
19
4
95
2
59
5
86
3
93
5
3
2
25
3
99
6
89
3
19
3
41
5
59
4
9
4
29
6
63
4
6
5
88
6
55
4
37
6
16
2
79
5
5
5
5
2
39
3
65
4
43
0
90
3
9
3
77
6
15
6
23
2
89
2
94
2
59
6
39
5
58
4
39
6
6
0
30
0
55
6
56
4
78
2
89
6
33
6
29
6
96
5
33
3
79
4
55
3
68
3
46
3
89
3
19
6
16
2
19
1
59
2
69
2
23
2
42
4
12
5
34
0
20
6
47
4
19
6
78
4
59
4
77
3
33
3
3
0
0
4
24
2
34
5
57
5
83
3
35
6
17
3
57
4
89
1
35
6
37
5
88
4
58
2
53
0
10
5
9
5
89
3
74
4
39
4
87
4
29
2
47
0
30
5
57
6
69
3
75
6
7
6
49
3
68
3
34
5
43
5
9
4
9
2
56
6
55
5
89
2
64
3
22
4
5
6
53
5
96
5
77
5
63
5
2
3
49
4
9
3
45
5
24
3
37
4
25
2
55
1
8
4
77
4
73
5
39
0
90
3
76
4
16
3
22
2
9
4
14
6
39
5
96
6
3
3
63
2
27
5
8
2
7
5
95
5
64
4
29
5
92
5
47
5
46
6
34
2
24
4
55
6
7
3
49
4
94
3
69
5
29
5
87
4
25
2
76
6
47
3
49
5
89
4
46
3
99
4
48
3
39
1
93
3
62
3
19
5
62
6
59
4
28
4
45
3
77
4
83
4
49
3
16
3
83
4
45
5
8
6
9
0
10
2
2
5
42
2
78
5
53
6
69
6
27
0
0
3
89
6
79
4
85
4
89
6
85
6
29
3
68
3
98
6
99
6
18
2
79
5
32
6
54
2
18
3
75
6
33
5
19
4
89
5
32
2
79
4
49
4
45
4
23
5
27
6
15
5
95
2
53
2
25
5
85
3
65
3
48
6
58
4
93
2
69
3
32
5
77
0
10
5
48
2
54
5
39
4
39
4
88
3
25
2
64
6
73
2
79
2
19
4
14
5
64
6
65
2
89
2
27
2
19
5
34
4
66
3
9
2
9
2
48
0
40
3
28
5
39
6
59
4
69
5
17
2
45
6
63
2
8
5
13
3
68
4
59
4
79
4
17
2
14
2
25
5
5
2
12
4
15
3
58
2
97
6
34
5
87
5
88
3
8
3
59
3
25
0
3
2
33
3
8
2
65
2
19
6
27
6
73
0
0
6
79
3
32
5
88
2
26
5
94
4
93
4
49
2
66
4
28
6
79
5
79
2
78
2
72
3
48
6
39
0
20
3
72
6
55
4
76
0
60
2
84
6
34
6
29
4
19
6
29
4
15
6
39
6
48
0
98
3
87
3
62
5
63
6
69
2
59
5
85
2
4
5
9
3
42
5
22
5
57
6
56
6
88
5
39
3
74
3
99
5
99
2
52
2
65
6
19
5
62
6
67
5
29
2
94
6
97
2
99
4
29
3
35
1
82
3
92
3
37
6
88
2
93
5
86
4
57
4
89
3
68
2
49
4
57
2
15
2
67
6
17
4
79
5
19
4
49
4
69
3
17
5
9
2
87
4
46
2
69
1
38
2
87
3
24
6
93
4
74
5
24
6
33
3
49
3
47
6
54
2
96
0
50
2
32
3
29
5
8
5
59
3
7
5
29
0
80
4
68
2
34
2
49
5
86
4
79
6
48
5
46
2
79
2
35
4
85
2
4
6
63
3
35
6
79
6
29
4
68
3
39
4
59
4
34
2
99
5
95
6
74
2
58
5
23
3
47
2
89
4
43
3
73
5
99
5
49
2
99
2
38
6
23
2
59
3
1
6
29
5
79
3
47
4
89
2
76
4
96
5
84
5
99
0
3
2
85
3
34
4
79
0
60
3
98
3
96
5
24
2
25
4
82
6
3
2
89
5
76
1
6
2
79
5
23
6
19
3
19
3
39
1
63
4
79
6
88
3
28
6
69
5
86
5
43
4
44
4
18
3
56
4
39
4
77
3
14
3
79
6
3
4
83
1
66
5
77
4
26
6
16
5
2
2
39
2
89
5
14
6
45
4
86
4
79
6
96
2
59
6
9
4
27
3
4
4
7
6
24
4
58
6
58
6
95
4
55
2
82
2
98
5
33
5
26
5
79
2
4
4
73
6
19
4
57
5
82
2
76
4
88
6
36
3
59
3
23
3
22
5
95
2
3
5
55
3
59
0
97
4
6
5
96
3
65
4
5
2
48
3
58
3
32
0
90
0
29
2
56
5
3
6
89
3
76
3
43
6
49
3
12
5
55
6
13
4
83
2
35
6
16
3
79
2
89
6
9
6
19
3
89
3
92
5
9
2
79
3
57
4
96
4
25
3
3
2
59
4
37
3
38
2
19
4
87
6
96
2
41
6
79
6
78
4
69
2
93
2
56
4
34
3
99
2
24
4
7
4
9
5
4
6
56
5
69
