7
39
6
89
8
19
6
69
9
29
7
89
8
26
7
19
9
79
6
59
9
38
6
77
10
82
9
68
9
77
6
9
9
60
8
17
7
29
9
99
9
7
9
51
7
69
7
39
8
46
9
69
8
99
8
50
6
49
8
60
8
97
7
79
9
89
9
51
0
0
6
19
9
32
8
60
9
99
7
17
9
32
8
70
9
10
7
87
9
50
10
22
9
81
6
49
9
98
8
46
6
38
8
60
9
8
9
30
7
9
8
30
7
39
7
19
7
89
6
59
9
99
9
7
8
30
9
71
8
90
9
78
9
41
8
70
8
6
6
58
6
59
7
29
8
50
6
99
9
51
6
69
8
80
9
21
8
37
8
50
9
89
8
97
9
90
8
76
9
99
8
86
9
68
8
70
8
90
8
80
8
40
7
27
6
49
6
96
6
66
7
19
8
26
6
69
9
72
9
38
8
16
9
81
6
39
8
20
9
61
9
51
7
81
9
99
9
29
6
68
9
21
9
92
9
57
10
82
6
29
9
31
9
51
8
59
8
36
7
69
8
38
8
87
7
59
9
12
7
79
7
19
9
61
7
9
8
57
6
59
7
69
6
19
9
99
0
60
6
69
9
20
9
89
8
8
7
89
6
98
6
29
7
19
9
40
9
71
7
28
8
70
6
66
9
18
7
29
9
32
9
32
8
80
9
40
9
42
7
89
8
99
9
57
10
82
8
40
6
47
7
99
6
19
9
81
9
81
7
18
8
80
8
76
8
66
8
28
8
79
6
99
9
99
9
71
8
70
6
86
8
20
7
19
9
12
9
41
6
89
10
52
8
90
7
59
8
6
7
79
8
30
8
76
9
11
8
86
7
19
9
9
9
38
6
72
6
9
9
78
7
17
6
89
9
9
9
17
9
32
9
10
7
99
8
39
9
99
9
20
9
37
6
89
0
40
8
19
8
68
9
71
9
87
8
46
9
31
9
87
8
60
8
26
8
10
7
99
7
49
9
41
6
49
0
80
6
9
8
88
8
20
7
39
9
99
10
52
6
89
8
6
7
59
9
17
8
20
8
90
8
70
8
80
7
39
0
60
7
89
8
19
8
48
8
60
6
69
8
90
8
40
9
9
6
79
7
58
10
52
8
16
8
26
7
89
7
79
6
19
9
20
9
79
9
39
7
79
9
77
7
89
8
36
7
56
8
96
6
9
9
90
7
79
0
40
8
17
7
7
8
30
8
50
9
58
10
52
9
47
7
39
8
60
9
59
6
69
9
81
8
50
6
19
8
89
9
42
6
89
7
19
9
17
6
91
9
77
8
36
8
36
9
10
9
71
7
79
6
29
7
59
9
29
9
64
9
41
9
97
8
26
7
69
8
50
7
89
7
37
6
88
8
99
8
36
0
40
8
10
9
28
8
57
6
87
8
90
6
98
10
22
7
49
8
40
0
50
9
60
6
9
9
91
7
89
9
41
9
19
9
90
7
19
9
41
7
49
9
90
6
76
8
6
7
89
10
82
9
20
9
71
7
99
6
69
7
37
7
69
6
79
9
39
7
9
7
79
9
19
9
71
7
86
8
40
7
77
7
9
6
37
8
86
7
99
7
59
9
62
7
28
8
50
8
10
10
82
8
16
7
78
7
17
7
48
7
39
2
19
8
46
9
42
8
96
7
49
9
47
6
19
9
18
8
26
9
41
9
41
9
7
6
19
6
59
6
9
9
51
9
28
6
7
6
18
9
92
8
86
0
18
9
97
8
49
8
99
7
39
6
19
6
9
8
79
9
50
9
31
9
51
7
79
8
40
9
11
8
47
8
30
9
17
7
58
1
67
7
89
9
99
8
60
6
36
9
71
9
9
9
89
8
20
8
99
8
60
7
99
7
78
8
87
9
31
9
61
6
69
6
28
8
96
8
26
2
69
6
79
8
18
7
97
7
99
7
29
9
48
6
99
8
30
9
11
8
60
7
29
9
41
7
19
10
22
6
58
1
99
6
9
7
69
9
27
9
31
6
19
3
7
9
7
8
50
9
99
6
89
7
19
8
99
6
59
9
90
7
97
9
7
6
29
7
99
9
92
7
19
7
41
9
61
8
10
8
30
9
67
8
10
9
91
9
59
8
40
9
20
6
79
8
5
9
9
6
39
7
69
8
47
0
90
7
9
7
79
9
19
9
27
6
89
6
98
6
59
9
42
9
61
8
40
9
10
0
30
0
55
9
60
8
80
6
89
9
37
9
32
9
99
9
37
7
79
8
59
7
69
7
49
7
89
7
19
9
20
6
19
0
59
6
69
6
27
2
46
8
16
9
38
0
20
9
51
8
20
10
82
8
60
8
80
7
37
7
7
0
0
8
24
6
38
9
61
9
87
7
39
9
21
7
59
8
90
1
39
9
41
9
91
8
60
6
57
0
10
9
11
9
91
7
78
8
40
8
90
8
30
6
49
0
30
9
61
9
72
7
79
9
11
10
52
7
69
7
38
9
47
9
11
8
10
6
59
9
59
9
91
6
68
7
26
4
9
10
53
9
99
9
81
9
67
8
6
7
49
8
10
7
49
9
28
7
39
8
29
6
59
1
9
8
80
8
77
9
41
0
90
7
79
8
16
7
22
6
9
8
18
9
42
9
99
9
7
7
67
6
29
9
11
6
9
9
99
9
68
8
30
8
96
9
51
9
50
9
38
6
28
8
59
9
11
7
49
8
98
7
69
9
31
9
87
8
29
6
79
9
51
7
49
9
91
8
50
7
99
8
50
7
39
1
97
7
66
7
19
8
66
9
62
8
30
8
49
3
79
4
83
8
50
7
19
7
87
8
49
9
11
9
12
0
10
6
6
8
46
6
79
9
57
9
72
9
31
0
0
7
89
10
82
8
89
8
90
9
89
9
32
7
68
7
99
9
99
10
22
6
79
8
36
9
58
2
19
7
79
9
37
9
21
8
90
8
36
6
79
8
50
8
49
8
23
9
27
9
19
9
99
6
57
6
29
9
89
7
69
7
49
9
62
8
97
6
69
7
36
9
81
0
10
9
51
6
58
9
41
4
39
8
90
7
29
6
68
9
77
6
79
6
19
8
18
9
68
8
65
6
89
6
29
6
19
9
34
8
66
7
9
6
9
6
49
0
40
7
29
9
41
9
62
8
70
9
21
6
49
9
67
6
8
9
17
7
69
8
60
8
80
8
20
6
18
6
29
9
9
6
16
8
19
7
59
6
99
9
38
9
91
9
91
7
9
7
59
7
29
0
3
6
37
3
9
6
69
6
19
9
31
9
77
0
0
10
82
7
36
9
91
6
29
9
98
8
97
8
50
6
69
8
30
10
82
9
81
2
79
6
72
7
49
9
42
0
20
7
76
9
59
8
80
0
60
6
84
9
38
9
32
8
20
9
32
8
19
9
42
10
52
0
98
7
89
7
66
9
67
9
72
6
59
9
89
6
8
9
11
7
46
8
26
9
61
9
60
9
92
9
41
7
78
7
99
9
99
6
56
6
65
10
22
8
66
9
71
9
31
6
98
9
99
6
99
8
30
3
39
1
86
7
96
7
39
9
92
6
97
9
90
8
60
8
90
7
69
6
49
8
60
6
19
6
69
9
21
8
80
9
21
4
49
8
70
7
17
9
11
6
87
8
50
6
69
1
39
6
89
3
28
9
97
8
78
9
28
9
37
7
49
7
49
9
58
6
99
0
50
6
36
7
29
9
11
9
61
7
9
9
31
0
80
8
70
6
38
6
49
9
90
8
80
10
52
9
50
6
79
6
39
8
89
6
8
9
67
7
39
10
82
9
32
8
70
7
39
8
60
8
38
6
99
9
99
9
78
6
59
9
27
7
49
6
89
4
47
7
77
9
99
9
51
6
99
6
39
9
27
6
59
7
1
9
32
9
81
7
49
8
90
6
79
8
99
9
88
9
99
0
3
6
89
7
38
8
80
0
60
7
99
7
99
9
28
6
29
8
86
9
7
6
89
9
80
1
9
6
79
9
27
10
22
7
19
7
39
1
67
8
80
9
92
7
28
9
72
9
90
9
47
8
48
8
20
7
59
8
40
8
80
7
18
7
79
9
7
8
87
1
69
9
81
8
30
9
20
8
6
6
39
6
89
9
18
9
49
8
90
8
80
9
96
6
59
9
12
8
30
7
8
8
10
9
28
8
60
9
62
9
99
8
59
6
86
6
99
9
37
9
30
9
81
6
8
8
77
10
22
8
60
8
86
6
79
8
90
9
40
7
59
7
23
7
26
9
99
6
7
9
59
7
59
0
97
8
10
9
99
7
69
8
9
6
49
7
59
7
36
0
90
0
29
6
59
9
7
9
92
7
79
3
47
10
52
7
16
9
59
9
17
8
87
6
39
9
20
7
79
6
89
9
12
10
22
7
89
7
96
9
11
6
79
7
59
8
99
8
29
7
7
6
59
8
40
7
39
6
19
8
90
9
99
6
41
10
82
10
82
8
70
6
97
6
59
8
38
7
99
6
28
8
10
8
10
9
8
9
56
9
71
