9
44
9
94
15
27
9
74
9
34
9
94
9
34
15
27
15
87
9
64
9
44
13
85
18
90
9
74
13
85
9
14
9
64
13
25
9
34
9
99
9
14
17
59
9
74
9
44
12
54
9
74
9
99
16
58
14
56
9
64
9
97
15
87
9
94
17
59
0
0
14
26
9
34
9
64
9
99
13
25
9
34
9
74
9
14
9
94
16
58
18
30
17
89
14
56
9
99
12
54
9
44
9
64
9
14
9
34
9
14
9
34
9
44
15
27
9
94
9
64
9
99
9
14
9
34
9
74
9
94
14
86
9
44
9
74
9
14
9
64
9
64
9
34
16
58
9
99
17
59
9
74
16
88
17
29
9
44
16
58
9
94
9
99
9
94
12
84
9
99
9
94
9
74
9
74
9
94
16
88
9
44
9
34
14
56
9
99
9
74
15
27
9
34
9
74
9
74
9
44
12
24
17
89
9
44
16
28
9
64
17
59
15
81
9
99
9
34
9
74
17
29
9
94
9
64
18
90
9
34
9
34
17
59
9
64
9
44
9
74
9
44
9
94
9
64
9
14
15
87
15
27
9
64
9
14
9
64
9
64
9
74
14
26
9
99
0
60
9
74
16
28
9
94
9
14
9
94
9
99
9
34
15
27
9
44
9
74
9
34
9
74
9
74
14
26
9
34
9
34
9
34
16
88
9
44
9
42
9
94
9
99
9
64
18
90
9
44
13
55
9
99
14
26
17
89
17
89
14
26
16
88
12
84
9
74
9
34
15
87
9
99
9
99
9
74
9
74
9
94
16
28
15
27
9
14
9
44
9
94
18
60
9
94
9
64
9
14
15
87
9
34
12
84
9
14
9
94
15
27
9
14
9
44
9
72
9
14
14
86
13
25
9
94
9
14
13
25
9
34
9
14
9
99
9
44
9
99
16
28
9
44
9
94
0
40
15
27
9
74
9
74
9
94
12
54
9
34
9
94
9
64
9
34
9
14
9
99
15
57
9
44
14
56
0
80
9
14
9
94
16
28
9
44
9
99
18
60
9
94
9
14
9
64
13
25
16
28
9
94
9
74
16
88
9
44
0
60
9
94
15
27
14
56
9
64
9
74
9
94
9
44
9
14
14
86
9
64
18
60
12
24
9
34
9
94
15
87
14
26
16
28
15
87
9
44
15
87
13
85
9
94
9
44
9
64
9
99
9
14
9
94
15
87
0
40
13
25
9
14
9
34
16
58
9
64
18
60
13
55
9
44
9
64
9
64
9
74
17
89
16
58
14
26
9
94
9
44
9
94
15
27
13
25
9
91
13
85
9
44
9
44
9
14
9
74
15
87
9
34
9
64
9
34
9
64
9
44
9
99
9
34
9
74
16
58
9
94
9
44
9
94
9
99
9
44
0
40
9
14
9
34
9
64
9
87
9
94
9
99
18
30
15
57
9
44
0
50
9
64
9
14
9
94
9
94
9
44
15
27
9
94
15
27
9
44
15
57
9
94
12
84
9
6
9
94
18
90
16
28
9
74
9
99
9
74
9
44
9
74
14
86
9
44
9
14
15
87
15
27
9
74
9
94
9
44
13
85
9
14
9
44
9
94
9
99
9
64
9
64
9
34
16
58
9
14
18
90
9
16
14
86
13
25
14
56
9
44
2
19
12
54
9
44
9
99
15
57
13
55
14
26
14
26
9
34
9
41
9
41
9
14
14
26
9
64
9
14
17
59
9
34
9
14
14
26
9
94
9
94
0
18
9
99
15
57
9
99
9
44
14
26
9
14
15
87
16
58
9
34
17
59
15
87
9
44
9
14
13
55
9
34
13
25
9
64
1
69
9
94
9
99
9
64
9
44
9
74
9
14
9
94
16
28
9
99
9
64
9
99
14
86
9
94
9
34
9
64
9
74
9
34
9
99
9
34
2
69
14
86
14
26
9
99
9
99
9
34
14
56
9
99
9
34
9
14
9
64
9
34
9
44
15
27
18
30
9
64
1
99
9
14
9
74
9
34
9
34
14
26
3
7
9
14
16
58
9
99
9
94
15
27
9
99
9
64
9
94
9
99
9
14
9
34
9
99
9
94
15
27
9
41
9
64
9
14
9
34
9
74
9
14
9
94
9
64
9
44
16
28
14
86
8
5
9
14
9
44
9
74
13
55
0
90
9
14
15
87
15
27
9
34
9
94
9
99
9
64
9
44
9
64
9
44
9
14
0
30
0
55
9
64
16
88
9
94
9
44
9
34
9
99
9
44
15
87
9
64
9
74
15
57
9
94
15
27
16
28
14
26
0
59
9
74
9
34
2
49
12
24
9
44
0
20
17
59
16
28
18
90
9
64
16
88
9
44
9
14
0
0
16
22
9
44
9
64
9
94
9
44
17
29
9
64
9
94
1
39
9
44
9
94
9
64
9
64
0
10
9
14
9
94
14
86
9
44
9
94
9
34
14
56
0
30
9
64
9
74
15
87
9
14
18
60
9
74
9
44
13
55
9
14
9
14
9
64
9
64
9
94
9
74
9
34
4
9
18
53
9
99
17
89
9
74
9
14
15
57
9
14
15
57
9
34
9
44
9
34
9
64
1
9
16
88
13
85
9
44
0
90
15
87
9
16
15
22
9
14
14
26
9
44
9
99
9
14
9
74
9
34
9
14
9
14
9
99
9
74
9
34
9
99
17
59
16
58
9
44
9
34
9
64
9
14
15
57
9
99
9
74
9
34
9
87
9
34
14
86
17
59
15
57
9
94
16
58
9
99
16
58
9
44
1
99
9
74
15
27
9
74
9
64
9
34
15
57
3
79
4
83
16
58
15
27
9
94
15
57
9
14
9
14
0
10
9
14
12
54
14
86
9
64
9
74
9
34
0
0
9
94
18
90
9
94
9
94
9
94
9
34
9
68
9
99
9
99
18
30
14
86
9
44
9
64
2
19
15
87
9
44
17
29
9
94
9
44
14
86
16
58
15
57
16
22
9
27
15
27
9
99
9
64
9
34
9
94
9
74
15
57
9
64
9
99
9
74
9
44
17
89
0
10
17
59
9
64
9
44
4
39
9
94
9
34
9
74
13
85
14
86
14
26
14
26
9
74
8
65
9
94
9
34
14
26
9
34
9
66
9
14
9
9
14
56
0
40
9
34
9
44
9
64
9
74
17
29
14
56
9
74
9
8
13
25
9
74
9
64
16
88
16
28
14
26
9
34
9
14
12
24
15
27
9
64
9
99
9
44
9
94
9
94
9
14
9
64
9
34
0
3
9
44
3
9
9
74
14
26
9
34
13
85
0
0
18
90
9
44
9
94
9
34
9
99
9
99
16
58
9
74
9
34
18
90
17
89
2
79
9
72
15
57
9
44
0
20
12
84
9
64
16
88
0
60
9
84
9
44
9
34
16
28
9
34
15
27
9
44
18
60
0
98
9
94
9
74
9
74
9
74
9
64
9
94
9
14
9
14
12
54
9
34
9
64
9
64
9
94
9
44
14
86
9
99
9
99
9
64
8
65
18
30
9
74
9
74
9
34
9
99
9
99
9
99
9
34
3
39
1
89
9
99
9
44
9
94
9
99
9
94
9
64
9
94
9
74
14
56
9
64
14
26
9
74
17
29
16
88
17
29
4
49
9
74
9
17
9
14
9
87
16
58
9
74
1
39
9
94
3
29
9
99
14
86
9
34
9
44
15
57
15
57
9
64
9
99
0
50
9
44
9
34
9
14
9
64
9
14
9
34
0
80
9
74
9
44
14
56
9
94
16
88
18
60
16
58
14
86
9
44
9
94
9
14
9
74
9
44
18
90
9
34
9
74
9
44
9
64
9
44
9
99
9
99
14
86
9
64
9
34
15
57
9
94
4
49
13
85
9
99
17
59
9
99
9
44
9
34
9
64
9
1
9
34
17
89
15
57
9
94
14
86
9
99
9
94
9
99
0
3
9
94
9
44
16
88
0
60
9
99
9
99
9
34
9
34
9
94
9
14
9
94
16
88
1
9
14
86
9
34
18
30
15
27
9
44
1
69
16
88
9
94
9
28
9
74
9
94
13
55
14
56
16
28
9
64
9
44
16
88
14
26
15
87
9
14
9
94
1
69
17
89
9
34
16
28
9
14
9
44
9
94
14
26
15
57
9
94
16
88
9
96
9
64
9
14
9
34
9
14
9
14
9
34
9
64
9
64
9
99
9
64
9
94
9
99
9
44
9
34
17
89
9
14
13
85
18
30
9
64
9
94
14
86
9
94
9
44
9
64
15
22
9
34
9
99
9
14
9
64
9
64
0
97
9
14
9
99
9
74
9
14
14
56
9
64
9
44
0
90
0
29
9
64
9
14
9
94
15
87
3
49
18
60
12
24
9
64
13
25
9
94
9
44
16
28
15
87
9
94
9
14
18
30
9
94
9
99
9
14
14
86
9
64
9
99
9
34
9
14
9
64
9
44
9
44
14
26
9
94
9
99
9
41
18
90
18
90
9
74
9
99
9
64
9
44
9
99
9
34
9
14
9
14
9
14
9
56
9
74
