6
39
5
89
7
18
5
69
8
28
6
89
8
25
6
19
8
78
5
59
9
37
5
76
9
81
9
67
8
76
5
9
9
59
7
16
6
28
8
99
8
6
8
50
6
68
6
39
7
45
8
68
7
99
7
49
5
49
7
59
7
97
6
79
9
88
8
50
0
0
5
18
9
31
7
59
8
99
6
16
9
31
7
69
9
9
6
86
9
49
9
21
8
80
5
49
8
97
7
45
5
37
7
59
8
7
9
29
6
9
7
29
6
39
6
19
6
89
5
59
8
99
8
6
7
29
9
70
7
89
8
77
9
40
7
69
7
5
5
57
5
59
6
29
7
49
5
99
8
50
5
69
7
79
8
20
7
36
7
49
8
88
7
96
8
89
8
75
9
99
7
85
8
67
7
69
7
89
7
79
7
39
6
26
5
49
5
95
5
65
6
18
8
25
5
69
9
71
9
37
7
15
8
80
5
39
7
19
8
60
8
50
6
81
9
98
8
28
5
67
8
20
9
91
8
56
9
81
5
29
8
30
8
50
7
58
7
35
6
69
7
37
7
86
6
59
9
11
6
79
6
18
8
60
6
9
7
56
5
59
6
69
5
19
8
99
0
60
5
69
9
19
8
88
7
7
6
89
5
97
5
29
6
19
8
39
8
70
6
27
7
69
5
65
9
17
6
29
9
31
9
31
7
79
9
39
9
42
6
89
7
99
8
56
9
81
7
39
5
46
6
99
5
19
8
80
8
80
6
17
7
79
7
75
7
65
7
27
7
78
5
99
8
99
8
70
7
69
5
85
7
19
6
19
9
11
8
40
5
89
9
51
7
89
6
59
7
5
6
79
7
29
7
75
8
10
8
85
6
19
8
8
9
37
5
72
5
9
9
77
6
16
5
89
9
8
8
16
9
31
8
9
6
99
7
38
9
99
9
19
8
36
5
89
0
40
7
18
7
67
8
70
8
86
7
45
9
30
8
86
7
59
8
25
7
9
6
99
6
48
8
40
5
48
0
80
5
9
7
87
7
19
6
39
8
98
9
51
5
88
7
5
6
59
8
16
7
19
7
89
7
69
7
79
6
39
0
60
6
89
7
18
7
47
7
59
5
69
7
89
7
39
8
8
5
78
6
57
9
51
8
15
7
25
6
89
6
79
5
19
8
19
9
78
8
38
6
79
8
76
6
89
8
35
6
55
8
95
5
9
8
89
6
79
0
40
7
16
6
6
7
29
7
49
9
57
9
51
8
46
6
38
7
59
8
58
5
69
8
80
7
49
5
19
7
88
9
41
5
89
6
19
8
16
5
91
8
76
8
35
8
35
8
9
9
70
6
79
5
29
6
59
9
28
8
64
8
40
8
96
7
25
6
69
7
49
6
89
6
36
5
87
7
99
8
35
0
40
7
9
8
27
7
56
5
87
7
89
5
97
9
21
6
49
7
39
0
50
9
59
5
9
8
90
6
89
8
40
8
18
8
89
6
19
8
40
6
49
9
89
5
75
7
6
6
89
9
81
9
19
8
70
6
98
5
69
6
36
6
69
5
79
8
38
6
9
6
79
8
18
8
70
6
85
7
39
6
76
6
9
5
36
7
85
6
99
6
59
9
61
6
27
7
49
7
9
9
81
7
16
6
77
6
16
6
47
6
39
2
19
7
45
9
41
7
95
6
49
8
46
5
19
8
17
8
25
9
41
8
41
8
6
5
19
5
59
5
9
8
50
8
27
5
6
5
17
9
91
7
85
0
18
8
96
7
48
7
99
6
39
5
19
5
9
7
78
9
49
8
30
8
50
6
79
7
39
8
10
7
46
7
29
8
16
6
57
1
66
6
89
8
99
7
59
5
35
8
70
8
8
9
88
7
19
7
99
7
59
6
99
6
77
7
86
8
30
9
60
5
69
5
27
7
95
7
25
2
69
5
78
7
17
6
96
6
99
6
29
8
47
5
99
7
29
8
10
7
59
6
29
8
40
6
19
9
21
5
57
1
99
5
9
6
69
8
26
8
30
5
19
3
7
8
6
7
49
8
99
5
89
6
19
7
98
5
59
8
89
6
96
8
6
5
28
6
99
9
91
6
19
6
41
8
60
7
9
7
29
8
66
7
9
8
90
9
58
7
39
9
19
5
79
8
5
8
8
5
39
6
68
7
46
0
90
6
9
6
79
9
18
8
26
5
89
5
97
5
59
9
41
8
60
7
39
9
9
0
30
0
55
9
59
7
79
5
89
8
36
9
31
9
99
8
36
6
79
7
58
6
69
6
49
6
89
6
19
9
19
5
19
0
59
5
69
5
26
2
45
7
15
8
37
0
20
9
50
7
19
9
81
7
59
7
79
6
36
6
6
0
0
7
24
5
37
8
60
8
86
6
38
9
20
6
59
7
89
1
38
9
40
8
90
7
59
5
56
0
10
8
10
8
90
6
77
7
39
7
89
7
29
5
49
0
30
8
60
9
71
6
78
9
10
9
51
6
69
6
37
8
46
8
10
7
9
5
59
9
58
8
90
5
67
6
25
4
8
9
53
8
99
8
80
8
66
8
5
6
49
7
9
6
48
8
27
6
39
7
28
5
58
1
9
7
79
7
76
8
40
0
90
6
79
7
16
6
22
5
9
7
17
9
41
8
99
8
6
6
66
5
29
8
10
5
9
8
98
8
67
7
29
8
95
8
50
8
49
9
37
5
27
7
58
9
10
6
49
7
97
6
69
8
30
8
87
7
28
5
79
9
50
6
49
8
90
7
49
6
99
7
49
6
39
1
96
6
65
6
19
8
65
9
61
7
29
7
48
3
79
4
83
7
49
6
19
6
86
7
48
8
10
9
11
0
10
5
5
8
45
5
79
8
56
9
71
9
30
0
0
6
89
9
81
7
88
7
89
9
88
9
31
6
68
6
99
9
99
9
21
5
79
8
35
9
57
2
19
6
78
8
36
8
20
7
89
8
35
5
79
7
49
7
48
7
23
8
27
9
18
8
98
5
56
5
28
8
88
6
68
6
49
9
61
7
96
5
69
6
35
8
80
0
10
8
50
5
57
8
40
4
39
7
89
6
28
5
67
8
76
5
79
5
19
7
17
8
67
8
65
5
89
5
29
5
19
8
34
7
66
6
9
5
9
5
49
0
40
6
29
8
40
9
61
7
69
8
20
5
48
8
66
5
8
8
16
6
69
7
59
7
79
7
19
5
17
5
28
8
8
5
15
7
18
6
59
5
99
9
37
8
90
8
90
6
9
6
59
6
28
0
3
5
36
3
9
5
68
5
19
9
30
8
76
0
0
9
81
6
35
8
90
5
29
8
97
7
96
7
49
5
69
7
29
9
81
8
80
2
79
5
72
6
49
9
41
0
20
6
75
9
58
7
79
0
60
5
84
9
37
9
31
7
19
9
31
7
18
9
41
9
51
0
98
6
89
6
65
8
66
9
71
5
59
8
88
5
7
8
10
6
45
8
25
8
60
9
59
9
91
8
40
6
77
6
99
8
99
5
55
5
65
9
21
8
65
9
70
8
30
5
97
9
99
5
99
7
29
3
38
1
85
6
95
6
39
9
91
5
96
8
89
7
59
7
89
6
69
5
49
7
59
5
18
5
69
9
20
7
79
8
20
4
49
7
69
6
17
8
10
5
87
7
49
5
69
1
39
5
89
3
27
8
96
7
77
8
27
8
36
6
49
6
49
9
57
5
99
0
50
5
35
6
29
8
10
8
60
6
9
8
30
0
80
7
69
5
37
5
49
8
89
7
79
9
51
8
49
5
79
5
38
7
88
5
7
8
66
6
38
9
81
9
31
7
69
6
39
7
59
7
37
5
99
8
98
9
77
5
59
8
26
6
49
5
89
4
46
6
76
8
99
8
50
5
99
5
39
8
26
5
59
6
1
9
31
8
80
6
49
7
89
5
79
7
99
8
87
8
99
0
3
5
88
6
37
7
79
0
60
6
99
6
99
8
27
5
28
7
85
8
6
5
89
8
79
1
9
5
79
8
26
9
21
6
19
6
39
1
66
7
79
9
91
6
28
9
71
8
89
8
46
7
47
7
19
6
59
7
39
7
79
6
17
6
79
8
6
7
86
1
69
8
80
7
29
9
19
8
5
5
39
5
89
8
17
9
48
7
89
7
79
9
96
5
59
9
11
7
29
6
7
7
9
9
27
7
59
9
61
9
98
7
58
5
85
5
99
8
36
8
29
8
80
5
7
7
76
9
21
7
59
8
85
5
79
7
89
9
39
6
59
6
23
6
25
8
98
5
6
8
58
6
59
0
97
7
9
8
99
6
68
7
8
5
49
6
59
6
35
0
90
0
29
5
59
8
6
9
91
6
79
3
46
9
51
6
15
8
58
8
16
7
86
5
38
9
19
6
79
5
89
9
11
9
21
6
89
6
95
8
10
5
79
6
59
7
99
7
28
6
6
5
59
7
39
6
39
5
19
7
89
9
99
5
41
9
81
9
81
7
69
5
96
5
59
7
37
6
99
5
27
7
9
7
9
8
7
9
56
8
70
