4
38
3
88
5
16
3
69
6
26
4
89
6
23
4
19
6
76
3
59
7
35
3
74
7
79
7
65
6
74
3
9
7
57
5
14
4
26
6
99
7
4
6
48
4
66
4
38
5
43
6
66
5
99
5
49
3
48
5
59
5
97
4
79
7
86
6
49
0
0
3
16
7
29
5
59
6
99
4
14
7
29
5
68
7
7
4
84
7
47
7
19
6
79
3
49
6
95
5
43
3
35
5
59
6
5
7
27
4
9
5
29
4
39
4
17
4
89
3
59
6
99
6
4
5
27
7
68
5
89
6
75
7
38
5
69
5
3
3
55
3
59
4
29
5
49
3
99
6
49
3
69
5
79
6
19
5
34
5
48
6
86
5
94
6
87
6
73
7
99
5
83
6
65
5
67
5
89
5
79
5
37
4
24
3
49
3
93
3
63
4
16
6
23
3
67
7
69
7
35
5
13
6
79
3
39
5
19
6
58
6
48
4
81
7
96
6
26
3
65
6
19
7
89
6
54
7
79
3
29
6
29
6
49
5
56
5
33
4
69
5
35
5
84
4
58
7
9
4
79
4
16
6
58
4
7
5
54
3
59
4
69
3
19
6
99
0
60
3
68
7
17
6
86
5
5
4
89
3
95
3
29
4
19
6
37
6
69
4
25
5
69
3
63
7
15
4
29
7
29
7
29
5
77
7
37
7
42
4
87
5
99
7
54
7
79
5
37
3
44
4
99
3
19
6
79
6
79
4
15
5
79
5
73
5
63
5
25
5
76
3
99
6
98
6
69
5
69
3
83
5
18
4
19
7
9
6
38
3
87
7
49
5
89
4
59
5
3
4
77
5
29
5
73
6
9
6
83
4
17
6
6
7
35
3
72
3
9
7
75
4
14
3
89
7
6
7
14
7
29
6
7
4
99
5
36
7
99
7
17
6
34
3
87
0
40
5
16
5
65
6
69
7
84
5
43
7
28
7
84
5
59
6
23
5
9
4
97
4
46
6
39
3
46
0
80
3
9
5
85
5
18
4
38
6
96
7
49
3
86
5
3
4
58
6
14
5
19
5
89
5
69
5
77
4
39
0
60
4
89
5
16
5
45
5
59
3
69
5
87
5
38
6
6
3
76
4
55
7
49
6
13
5
23
4
87
4
79
3
19
6
17
7
76
6
36
4
79
7
74
4
87
6
33
4
53
6
93
3
9
6
87
4
78
0
40
5
14
4
4
5
29
5
49
7
55
7
49
6
44
4
36
5
59
6
56
3
69
6
79
5
48
3
18
5
86
7
39
3
89
4
19
7
14
3
91
6
74
6
33
6
33
6
7
7
68
4
79
3
28
4
59
7
26
6
64
6
39
7
94
5
23
4
69
5
49
4
89
4
34
3
85
5
99
6
33
0
40
5
8
6
25
5
54
3
87
5
89
3
95
7
19
4
49
5
39
0
50
7
57
3
7
6
89
4
87
6
38
6
16
6
87
4
19
6
39
4
49
7
87
3
73
5
6
4
89
7
79
7
17
6
69
4
96
3
68
4
34
4
69
3
79
6
36
4
9
4
79
6
16
6
69
4
83
5
39
4
74
4
9
3
34
5
83
4
97
4
59
7
59
4
25
5
49
5
9
7
79
5
16
4
75
4
14
4
45
4
39
2
19
5
43
7
39
5
93
4
49
6
44
3
19
6
15
6
23
7
41
6
41
7
4
3
19
3
58
3
9
6
49
6
25
3
4
3
15
7
89
5
83
0
18
7
94
5
46
5
99
4
39
3
19
3
9
5
76
7
47
6
29
6
49
4
79
5
38
6
9
5
44
5
29
7
14
4
55
1
64
4
89
6
99
5
59
3
33
6
69
6
6
7
86
5
19
5
99
5
59
4
99
4
75
5
84
6
28
7
58
3
69
3
25
5
93
5
23
2
69
3
76
5
15
4
94
4
99
4
27
6
45
3
99
5
29
6
9
5
58
4
28
6
39
4
19
7
19
3
55
1
99
3
9
4
68
6
24
6
28
3
18
3
7
7
4
5
47
6
97
3
89
4
19
5
96
3
59
6
87
4
94
6
4
3
26
4
99
7
89
4
19
4
41
6
59
5
9
5
29
7
64
5
7
6
89
7
56
5
38
7
17
3
79
6
5
6
6
3
39
4
66
5
44
0
90
4
9
4
78
7
16
7
24
3
89
3
95
3
59
7
39
6
59
5
39
7
7
0
30
0
55
7
57
5
79
3
89
7
34
7
29
7
97
6
34
4
79
5
56
4
69
4
47
4
89
4
19
7
17
3
19
0
59
3
69
3
24
2
43
5
13
6
35
0
20
7
48
5
19
7
79
5
59
5
78
4
34
4
4
0
0
5
24
3
35
6
58
6
84
4
36
7
18
4
58
5
89
1
36
7
38
6
89
5
59
3
54
0
10
6
9
6
89
4
75
5
39
5
88
5
29
3
48
0
30
6
58
7
69
4
76
7
8
7
49
4
69
4
35
6
44
6
9
5
9
3
57
7
56
6
89
3
65
4
23
4
6
7
53
6
97
6
78
6
64
6
3
4
49
5
9
4
46
6
25
4
38
5
26
3
56
1
9
5
78
5
74
6
39
0
90
4
77
5
16
4
22
3
9
5
15
7
39
6
97
7
4
4
64
3
28
6
9
3
8
6
96
6
65
5
29
6
93
6
48
6
47
7
35
3
25
5
56
7
8
4
49
5
95
4
69
6
29
6
87
5
26
3
77
7
48
4
49
6
89
5
47
4
99
5
49
4
39
1
94
4
63
4
19
6
63
7
59
5
29
5
46
3
78
4
83
5
49
4
17
4
84
5
46
6
9
7
9
0
10
3
3
6
43
3
79
6
54
7
69
7
28
0
0
4
89
7
79
5
86
5
89
7
86
7
29
4
68
4
99
7
99
7
19
3
79
6
33
7
55
2
19
4
76
7
34
6
19
5
89
6
33
3
79
5
49
5
46
5
23
6
27
7
16
6
96
3
54
3
26
6
86
4
66
4
49
7
59
5
94
3
69
4
33
6
78
0
10
6
49
3
55
6
39
4
39
5
89
4
26
3
65
7
74
3
79
3
19
5
15
6
65
7
65
3
89
3
28
3
19
6
34
5
66
4
9
3
9
3
49
0
40
4
29
6
39
7
59
5
69
6
18
3
46
7
64
3
8
6
14
4
69
5
59
5
79
5
18
3
15
3
26
6
6
3
13
5
16
4
59
3
98
7
35
6
88
6
89
4
9
4
59
4
26
0
3
3
34
3
9
3
66
3
19
7
28
7
74
0
0
7
79
4
33
6
89
3
27
6
95
5
94
5
49
3
67
5
29
7
79
6
79
2
79
3
72
4
49
7
39
0
20
4
73
7
56
5
77
0
60
3
84
7
35
7
29
5
19
7
29
5
16
7
39
7
49
0
98
4
88
4
63
6
64
7
69
3
59
6
86
3
5
6
9
4
43
6
23
6
58
7
57
7
89
6
39
4
75
4
99
6
99
3
53
3
65
7
19
6
63
7
68
6
29
3
95
7
98
3
99
5
29
3
36
1
83
4
93
4
38
7
89
3
94
6
87
5
58
5
89
4
69
3
49
5
58
3
16
3
68
7
18
5
79
6
19
4
49
5
69
4
17
6
9
3
87
5
47
3
69
1
39
3
88
3
25
7
94
5
75
6
25
7
34
4
49
4
48
7
55
3
97
0
50
3
33
4
29
6
9
6
59
4
8
6
29
0
80
5
69
3
35
3
49
6
87
5
79
7
49
6
47
3
79
3
36
5
86
3
5
7
64
4
36
7
79
7
29
5
69
4
39
5
59
5
35
3
99
6
96
7
75
3
59
6
24
4
48
3
89
4
44
4
74
6
99
6
49
3
99
3
39
7
24
3
59
4
1
7
29
6
79
4
48
5
89
3
77
5
97
6
85
6
99
0
3
3
86
4
35
5
79
0
60
4
99
4
97
6
25
3
26
5
83
7
4
3
89
6
77
1
7
3
79
6
24
7
19
4
19
4
39
1
64
5
79
7
89
4
28
7
69
6
87
6
44
5
45
5
19
4
57
5
39
5
78
4
15
4
79
7
4
5
84
1
67
6
78
5
27
7
17
6
3
3
39
3
89
6
15
7
46
5
87
5
79
7
96
3
59
7
9
5
28
4
5
5
8
7
25
5
59
7
59
7
96
5
56
3
83
3
99
6
34
6
27
6
79
3
5
5
74
7
19
5
58
6
83
3
77
5
89
7
37
4
59
4
23
4
23
6
96
3
4
6
56
4
59
0
97
5
7
6
97
4
66
5
6
3
49
4
59
4
33
0
90
0
29
3
57
6
4
7
89
4
77
3
44
7
49
4
13
6
56
7
14
5
84
3
36
7
17
4
79
3
89
7
9
7
19
4
89
4
93
6
9
3
79
4
58
5
97
5
26
4
4
3
59
5
38
4
39
3
19
5
88
7
97
3
41
7
79
7
79
5
69
3
94
3
57
5
35
4
99
3
25
5
8
5
9
6
5
7
56
6
69
