9
44
9
94
18
30
9
74
9
34
9
94
9
34
18
30
18
90
9
64
9
44
16
88
19
93
9
74
16
88
9
14
9
64
16
28
9
34
9
99
9
14
19
62
9
74
9
44
15
57
9
74
9
99
19
61
17
59
9
64
9
97
18
90
9
94
19
62
0
0
17
29
9
34
9
64
9
99
16
28
9
34
9
74
9
14
9
94
19
61
19
33
19
92
17
59
9
99
15
57
9
44
9
64
9
14
9
34
9
14
9
34
9
44
18
30
9
94
9
64
9
99
9
14
9
34
9
74
9
94
17
89
9
44
9
74
9
14
9
64
9
64
9
34
19
61
9
99
19
62
9
74
19
91
19
32
9
44
19
61
9
94
9
99
9
94
15
87
9
99
9
94
9
74
9
74
9
94
19
91
9
44
9
34
17
59
9
99
9
74
18
30
9
34
9
74
9
74
9
44
15
27
19
92
9
44
19
31
9
64
19
62
18
81
9
99
9
34
9
74
19
32
9
94
9
64
19
93
9
34
9
34
19
62
9
64
9
44
9
74
9
44
9
94
9
64
9
14
18
90
18
30
9
64
9
14
9
64
9
64
9
74
17
29
9
99
0
60
9
74
19
31
9
94
9
14
9
94
9
99
9
34
18
30
9
44
9
74
9
34
9
74
9
74
17
29
9
34
9
34
9
34
19
91
9
44
9
42
9
94
9
99
9
64
19
93
9
44
16
58
9
99
17
29
19
92
19
92
17
29
19
91
15
87
9
74
9
34
18
90
9
99
9
99
9
74
9
74
9
94
19
31
18
30
9
14
9
44
9
94
19
63
9
94
9
64
9
14
18
90
9
34
15
87
9
14
9
94
18
30
9
14
9
44
9
72
9
14
17
89
16
28
9
94
9
14
16
28
9
34
9
14
9
99
9
44
9
99
19
31
9
44
9
94
0
40
18
30
9
74
9
74
9
94
15
57
9
34
9
94
9
64
9
34
9
14
9
99
18
60
9
44
17
59
0
80
9
14
9
94
19
31
9
44
9
99
19
63
9
94
9
14
9
64
16
28
19
31
9
94
9
74
19
91
9
44
0
60
9
94
18
30
17
59
9
64
9
74
9
94
9
44
9
14
17
89
9
64
19
63
15
27
9
34
9
94
18
90
17
29
19
31
18
90
9
44
18
90
16
88
9
94
9
44
9
64
9
99
9
14
9
94
18
90
0
40
16
28
9
14
9
34
19
61
9
64
19
63
16
58
9
44
9
64
9
64
9
74
19
92
19
61
17
29
9
94
9
44
9
94
18
30
16
28
9
91
16
88
9
44
9
44
9
14
9
74
18
90
9
34
9
64
9
34
9
64
9
44
9
99
9
34
9
74
19
61
9
94
9
44
9
94
9
99
9
44
0
40
9
14
9
34
9
64
9
87
9
94
9
99
19
33
18
60
9
44
0
50
9
64
9
14
9
94
9
94
9
44
18
30
9
94
18
30
9
44
18
60
9
94
15
87
9
6
9
94
19
93
19
31
9
74
9
99
9
74
9
44
9
74
17
89
9
44
9
14
18
90
18
30
9
74
9
94
9
44
16
88
9
14
9
44
9
94
9
99
9
64
9
64
9
34
19
61
9
14
19
93
9
16
17
89
16
28
17
59
9
44
2
19
15
57
9
44
9
99
18
60
16
58
17
29
17
29
9
34
9
41
9
41
9
14
17
29
9
64
9
14
19
62
9
34
9
14
17
29
9
94
9
94
0
18
9
99
18
60
9
99
9
44
17
29
9
14
18
90
19
61
9
34
19
62
18
90
9
44
9
14
16
58
9
34
16
28
9
64
1
69
9
94
9
99
9
64
9
44
9
74
9
14
9
94
19
31
9
99
9
64
9
99
17
89
9
94
9
34
9
64
9
74
9
34
9
99
9
34
2
69
17
89
17
29
9
99
9
99
9
34
17
59
9
99
9
34
9
14
9
64
9
34
9
44
18
30
19
33
9
64
1
99
9
14
9
74
9
34
9
34
17
29
3
7
9
14
19
61
9
99
9
94
18
30
9
99
9
64
9
94
9
99
9
14
9
34
9
99
9
94
18
30
9
41
9
64
9
14
9
34
9
74
9
14
9
94
9
64
9
44
19
31
17
89
8
5
9
14
9
44
9
74
16
58
0
90
9
14
18
90
18
30
9
34
9
94
9
99
9
64
9
44
9
64
9
44
9
14
0
30
0
55
9
64
19
91
9
94
9
44
9
34
9
99
9
44
18
90
9
64
9
74
18
60
9
94
18
30
19
31
17
29
0
59
9
74
9
34
2
49
15
27
9
44
0
20
19
62
19
31
19
93
9
64
19
91
9
44
9
14
0
0
19
22
9
44
9
64
9
94
9
44
19
32
9
64
9
94
1
39
9
44
9
94
9
64
9
64
0
10
9
14
9
94
17
89
9
44
9
94
9
34
17
59
0
30
9
64
9
74
18
90
9
14
19
63
9
74
9
44
16
58
9
14
9
14
9
64
9
64
9
94
9
74
9
34
4
9
19
53
9
99
19
92
9
74
9
14
18
60
9
14
18
60
9
34
9
44
9
34
9
64
1
9
19
91
16
88
9
44
0
90
18
90
9
16
18
22
9
14
17
29
9
44
9
99
9
14
9
74
9
34
9
14
9
14
9
99
9
74
9
34
9
99
19
62
19
61
9
44
9
34
9
64
9
14
18
60
9
99
9
74
9
34
9
87
9
34
17
89
19
62
18
60
9
94
19
61
9
99
19
61
9
44
1
99
9
74
18
30
9
74
9
64
9
34
18
60
3
79
4
83
19
61
18
30
9
94
18
60
9
14
9
14
0
10
9
14
15
57
17
89
9
64
9
74
9
34
0
0
9
94
19
93
9
94
9
94
9
94
9
34
9
68
9
99
9
99
19
33
17
89
9
44
9
64
2
19
18
90
9
44
19
32
9
94
9
44
17
89
19
61
18
60
19
22
9
27
18
30
9
99
9
64
9
34
9
94
9
74
18
60
9
64
9
99
9
74
9
44
19
92
0
10
19
62
9
64
9
44
4
39
9
94
9
34
9
74
16
88
17
89
17
29
17
29
9
74
8
65
9
94
9
34
17
29
9
34
9
66
9
14
9
9
17
59
0
40
9
34
9
44
9
64
9
74
19
32
17
59
9
74
9
8
16
28
9
74
9
64
19
91
19
31
17
29
9
34
9
14
15
27
18
30
9
64
9
99
9
44
9
94
9
94
9
14
9
64
9
34
0
3
9
44
3
9
9
74
17
29
9
34
16
88
0
0
19
93
9
44
9
94
9
34
9
99
9
99
19
61
9
74
9
34
19
93
19
92
2
79
9
72
18
60
9
44
0
20
15
87
9
64
19
91
0
60
9
84
9
44
9
34
19
31
9
34
18
30
9
44
19
63
0
98
9
94
9
74
9
74
9
74
9
64
9
94
9
14
9
14
15
57
9
34
9
64
9
64
9
94
9
44
17
89
9
99
9
99
9
64
8
65
19
33
9
74
9
74
9
34
9
99
9
99
9
99
9
34
3
39
1
89
9
99
9
44
9
94
9
99
9
94
9
64
9
94
9
74
17
59
9
64
17
29
9
74
19
32
19
91
19
32
4
49
9
74
9
17
9
14
9
87
19
61
9
74
1
39
9
94
3
29
9
99
17
89
9
34
9
44
18
60
18
60
9
64
9
99
0
50
9
44
9
34
9
14
9
64
9
14
9
34
0
80
9
74
9
44
17
59
9
94
19
91
19
63
19
61
17
89
9
44
9
94
9
14
9
74
9
44
19
93
9
34
9
74
9
44
9
64
9
44
9
99
9
99
17
89
9
64
9
34
18
60
9
94
4
49
16
88
9
99
19
62
9
99
9
44
9
34
9
64
9
1
9
34
19
92
18
60
9
94
17
89
9
99
9
94
9
99
0
3
9
94
9
44
19
91
0
60
9
99
9
99
9
34
9
34
9
94
9
14
9
94
19
91
1
9
17
89
9
34
19
33
18
30
9
44
1
69
19
91
9
94
9
28
9
74
9
94
16
58
17
59
19
31
9
64
9
44
19
91
17
29
18
90
9
14
9
94
1
69
19
92
9
34
19
31
9
14
9
44
9
94
17
29
18
60
9
94
19
91
9
96
9
64
9
14
9
34
9
14
9
14
9
34
9
64
9
64
9
99
9
64
9
94
9
99
9
44
9
34
19
92
9
14
16
88
19
33
9
64
9
94
17
89
9
94
9
44
9
64
18
22
9
34
9
99
9
14
9
64
9
64
0
97
9
14
9
99
9
74
9
14
17
59
9
64
9
44
0
90
0
29
9
64
9
14
9
94
18
90
3
49
19
63
15
27
9
64
16
28
9
94
9
44
19
31
18
90
9
94
9
14
19
33
9
94
9
99
9
14
17
89
9
64
9
99
9
34
9
14
9
64
9
44
9
44
17
29
9
94
9
99
9
41
19
93
19
93
9
74
9
99
9
64
9
44
9
99
9
34
9
14
9
14
9
14
9
56
9
74
