1
35
0
85
2
13
0
66
3
23
1
89
4
20
1
16
3
73
0
56
4
32
0
71
4
76
4
62
3
71
0
9
4
54
2
11
1
23
3
99
4
1
3
45
1
63
1
35
3
40
3
63
2
99
2
48
0
45
2
58
2
97
1
79
4
83
3
48
0
0
0
13
4
28
2
57
3
96
1
11
4
27
2
65
4
4
1
81
4
44
4
19
3
79
0
48
3
92
3
40
0
32
2
59
3
2
4
24
1
9
2
27
1
37
1
14
1
87
0
57
3
96
3
1
2
24
4
65
2
87
3
72
4
35
2
69
3
0
0
52
0
59
1
29
2
46
0
98
3
46
0
66
2
78
3
19
2
31
2
45
3
83
2
91
3
84
4
70
4
98
3
80
3
62
2
64
2
89
2
77
2
34
1
21
0
47
1
90
1
60
1
13
4
20
0
64
4
67
4
32
3
10
3
78
0
36
2
17
3
55
3
45
2
80
4
93
3
23
0
62
3
19
4
89
3
51
4
77
0
29
3
26
3
47
2
53
3
30
1
67
2
32
2
81
1
55
4
6
1
78
1
13
3
55
1
4
2
51
0
58
1
68
0
18
3
98
0
60
0
65
4
14
3
83
2
2
1
87
0
92
0
27
1
16
3
34
3
68
1
22
2
68
1
60
4
12
1
29
4
27
4
27
2
74
4
34
4
42
1
84
2
99
4
51
4
76
2
34
0
41
1
96
0
19
3
77
3
77
1
12
2
76
3
70
3
60
2
22
2
73
0
99
3
95
3
69
2
67
1
80
2
15
1
17
4
9
3
35
0
84
4
49
2
89
1
58
3
0
1
74
2
26
3
70
3
7
4
80
1
14
3
3
4
32
0
72
0
6
4
72
1
11
0
89
4
3
4
11
4
28
3
4
1
99
2
33
4
97
4
14
3
31
0
84
0
40
2
13
2
62
3
66
4
81
3
40
4
25
4
81
2
59
4
20
2
9
1
94
1
43
3
36
0
43
0
80
0
6
2
82
2
15
1
35
3
93
4
49
0
83
3
0
1
55
3
11
2
19
2
89
2
67
2
74
1
36
0
60
1
87
2
13
2
42
2
58
0
68
2
84
2
35
3
3
0
73
1
52
4
46
4
10
3
20
1
84
1
77
0
18
3
14
4
73
3
33
1
76
4
71
1
84
4
30
2
50
4
90
0
6
3
84
1
75
0
40
2
11
1
1
2
27
2
49
4
52
4
47
3
41
1
33
2
59
3
53
0
66
3
76
2
45
0
15
2
83
4
37
0
87
1
19
4
11
1
90
3
71
4
30
4
30
3
4
4
65
1
78
0
25
1
57
4
23
3
64
3
36
4
91
3
20
1
66
2
46
1
87
1
31
0
82
2
97
4
30
0
40
2
5
3
22
2
51
0
87
2
89
0
92
4
19
1
46
2
37
0
50
4
54
0
4
3
86
1
84
3
35
3
13
3
84
1
17
3
37
1
47
4
84
1
70
2
6
1
88
4
78
4
14
3
69
1
93
0
65
1
31
1
67
0
76
3
33
1
7
1
77
3
13
3
67
2
80
2
39
1
71
1
8
0
31
3
80
1
94
1
59
4
57
1
22
2
46
2
9
4
79
2
16
1
72
1
11
1
42
1
37
2
19
3
40
4
39
3
90
1
46
3
41
0
18
3
12
4
20
4
41
3
41
4
1
0
19
0
55
0
6
3
46
3
22
0
1
0
12
4
87
3
80
0
18
4
91
2
43
2
97
1
37
0
18
0
7
2
73
4
44
3
26
3
48
1
78
2
35
3
9
2
41
2
26
4
11
1
52
1
61
1
87
3
97
2
59
1
30
3
67
3
3
4
83
2
16
2
96
2
57
1
96
1
72
2
81
3
25
4
55
0
67
0
22
3
90
3
20
2
66
0
73
2
12
1
91
1
99
1
24
3
42
0
99
2
28
3
6
2
55
1
25
3
39
1
17
4
16
0
52
1
97
0
7
1
65
3
21
3
25
0
15
3
7
4
1
2
44
3
94
0
86
1
17
2
93
0
59
3
84
1
91
3
1
0
23
1
98
4
87
1
18
1
41
3
57
2
7
2
28
4
61
2
4
3
86
4
53
2
35
4
14
0
77
3
5
3
3
0
37
1
63
2
41
0
90
1
8
1
75
4
13
4
21
0
89
0
92
0
59
4
37
3
56
2
39
4
4
0
30
0
55
4
54
2
76
0
89
4
31
4
27
4
94
3
31
1
77
2
53
1
66
1
44
1
89
1
18
4
14
0
17
3
57
0
69
0
21
2
40
3
10
3
32
0
20
4
45
2
17
4
76
2
59
2
75
1
31
1
1
0
0
2
24
0
32
3
55
3
81
1
33
4
15
1
55
2
87
0
33
4
35
3
86
2
56
0
51
0
10
3
9
3
87
1
72
2
38
2
85
2
27
0
45
0
30
3
55
4
69
1
73
4
5
4
48
1
66
1
32
3
41
3
9
2
8
0
54
4
53
3
87
0
62
2
20
4
3
4
53
3
94
3
75
3
61
4
0
1
48
2
8
1
43
3
22
1
35
2
23
0
53
1
6
2
75
2
71
3
38
0
90
1
74
2
16
1
22
0
8
2
12
4
39
3
94
4
1
1
61
0
25
3
6
0
5
3
93
3
62
2
28
4
90
3
45
3
44
4
32
0
22
2
53
4
5
1
49
2
92
1
68
3
29
3
87
2
23
0
74
4
45
1
48
3
88
2
44
1
98
2
46
1
37
0
91
2
60
1
17
4
60
4
59
2
26
2
43
3
75
4
83
2
49
1
14
1
81
2
43
3
6
4
8
0
10
1
0
4
40
0
76
3
51
4
69
4
25
0
0
1
88
4
77
2
83
2
87
4
83
4
27
1
69
1
96
4
98
4
16
0
79
4
30
4
52
2
16
1
73
4
31
3
18
2
89
4
30
0
78
2
49
2
43
2
23
3
27
4
13
3
93
0
51
0
23
3
83
1
63
1
46
4
56
2
91
0
67
2
30
3
75
0
10
3
46
0
52
3
38
4
38
2
86
1
23
0
62
4
71
0
78
0
19
2
12
3
62
4
65
0
88
0
25
0
19
3
34
2
66
1
8
0
9
0
46
0
40
1
26
3
39
4
57
2
67
3
15
0
43
4
61
0
8
3
11
1
66
2
58
2
77
2
15
0
12
0
23
3
3
1
10
2
13
1
56
0
95
4
32
3
85
3
86
1
6
1
58
1
23
0
3
0
31
3
6
0
63
0
19
4
25
4
71
0
0
4
78
2
30
3
86
0
24
3
92
2
91
2
47
0
64
2
26
4
77
3
78
2
76
1
70
1
46
4
37
0
20
2
70
4
53
2
74
0
60
0
84
4
32
4
29
2
19
4
27
2
13
4
38
4
46
0
98
1
85
2
60
3
61
4
68
0
58
3
83
0
2
3
7
2
40
4
20
3
55
4
54
4
86
3
37
1
72
1
98
3
97
1
50
0
65
4
18
4
60
4
65
3
28
0
92
4
95
0
98
2
27
3
33
2
80
2
90
1
35
4
86
0
91
3
84
2
55
2
87
1
66
0
49
2
55
0
13
0
65
4
15
2
77
3
19
4
47
2
67
1
17
3
9
0
87
2
44
0
67
1
36
0
85
3
22
4
91
2
72
3
22
4
31
1
47
1
45
4
52
0
94
0
50
1
30
1
28
3
6
3
58
1
5
3
28
0
80
2
66
0
32
0
48
3
84
2
78
4
46
3
44
0
79
0
33
2
83
0
2
4
61
1
33
4
77
4
27
2
66
1
39
2
58
2
32
0
97
3
93
4
72
0
56
3
21
1
45
0
89
4
41
1
71
3
99
3
47
0
99
0
36
4
21
0
57
1
1
4
29
3
79
1
45
2
89
0
74
2
94
3
82
3
97
0
3
0
83
1
32
2
79
0
60
1
96
1
94
3
22
0
23
3
80
4
1
0
88
3
74
1
4
0
79
3
21
4
19
1
19
1
39
1
61
2
79
4
86
1
28
4
67
3
84
3
41
2
42
2
16
1
54
2
38
2
75
1
12
1
78
4
1
2
81
1
64
3
75
2
24
4
14
4
0
0
37
0
87
3
12
4
43
2
84
2
79
4
96
0
57
4
9
2
25
1
2
2
5
4
22
2
56
4
56
4
93
2
53
1
80
0
96
3
31
3
24
3
77
0
2
2
71
4
19
2
55
4
80
0
74
2
86
4
34
1
58
1
23
2
20
3
93
0
1
3
53
1
59
0
97
2
4
3
94
1
63
2
3
0
46
1
56
2
30
0
90
0
27
0
54
3
1
4
87
1
74
3
41
4
47
2
10
3
53
4
11
2
81
0
33
4
14
1
77
0
87
4
8
4
19
1
89
2
90
3
7
0
79
1
55
2
94
2
23
1
1
0
59
2
35
1
36
0
19
2
85
4
94
0
41
4
77
4
76
2
68
0
91
0
54
2
32
1
98
0
22
2
5
2
8
3
2
4
56
3
67
