9
48
8
99
9
49
7
88
7
21
8
30
9
42
7
99
7
61
9
71
8
40
8
87
8
40
9
61
8
70
11
53
9
11
9
63
10
82
7
19
9
18
9
63
9
8
7
39
9
41
8
70
9
97
9
61
8
58
9
41
8
28
9
19
7
59
8
60
8
98
9
38
9
90
7
47
9
41
8
99
8
39
9
10
9
39
9
98
7
79
8
69
9
13
9
21
9
59
8
20
7
68
11
23
9
27
9
61
9
99
8
77
11
53
8
39
8
29
7
8
9
98
9
78
7
49
9
81
8
20
9
8
9
99
7
49
9
38
9
70
9
99
0
0
9
99
9
28
9
21
7
9
9
19
9
73
7
29
7
9
9
80
7
9
7
59
7
19
11
23
7
89
9
77
9
51
8
70
7
69
7
39
9
68
8
80
0
50
8
20
8
50
9
41
8
50
8
10
9
9
9
61
7
19
9
77
7
88
8
50
7
29
9
68
7
9
8
48
8
99
9
42
7
9
8
50
7
19
9
89
7
59
9
62
9
41
9
11
9
31
9
32
9
99
8
75
9
68
7
99
8
10
7
97
9
51
9
91
9
31
7
99
7
49
9
61
10
22
8
80
7
79
7
79
10
52
8
40
7
69
9
51
8
97
7
29
9
61
7
89
9
98
9
99
9
99
8
89
11
23
9
12
9
89
9
32
9
49
9
91
9
33
8
79
7
59
9
11
7
39
7
99
9
42
0
20
9
11
9
63
9
62
8
38
9
28
9
99
9
39
7
99
8
90
8
60
7
58
9
71
7
9
9
29
11
23
9
71
8
50
9
19
9
99
9
12
8
10
0
80
9
40
9
49
11
23
9
88
10
82
8
57
9
70
7
89
9
30
9
71
7
61
9
41
7
67
9
10
9
70
8
10
8
8
8
30
7
97
9
97
9
11
7
17
7
49
7
57
9
90
8
90
2
80
7
28
9
91
9
99
9
99
7
58
9
60
9
38
8
48
0
20
8
90
9
93
9
99
9
7
9
61
8
20
9
61
8
50
8
50
9
98
8
90
9
99
9
81
10
52
8
40
8
27
8
17
7
19
8
80
7
59
8
99
8
60
7
99
9
61
9
43
10
82
9
99
9
42
9
90
7
39
9
11
9
33
8
68
9
50
9
71
9
87
7
29
9
61
9
32
8
80
7
71
9
72
8
30
9
30
8
90
7
21
9
17
2
19
8
10
9
8
9
42
9
57
1
49
7
19
0
10
2
9
9
91
8
90
11
53
9
31
9
47
8
90
7
59
8
49
8
10
7
77
9
12
8
80
9
11
7
59
7
19
8
90
8
90
11
23
8
90
9
63
4
1
7
29
9
77
8
90
9
68
9
88
0
90
9
91
8
29
9
51
9
12
8
48
9
71
9
62
9
67
9
66
8
50
7
38
9
78
8
40
9
11
9
89
8
60
9
69
0
10
8
90
8
10
1
99
8
40
8
30
9
99
8
89
8
90
0
40
7
73
9
99
9
61
4
99
10
82
7
89
10
82
9
70
7
79
9
81
8
89
7
89
8
69
9
18
8
37
9
71
9
61
7
79
9
99
8
72
9
43
11
53
8
50
9
90
9
33
8
90
9
33
7
58
9
21
8
99
8
58
9
9
9
9
9
99
8
88
7
69
9
29
9
43
9
33
8
38
8
9
7
59
7
49
10
22
9
99
9
37
7
39
7
49
9
92
10
82
7
69
11
53
9
99
7
49
7
37
9
39
9
89
7
99
9
48
0
72
9
31
8
10
2
38
7
69
9
28
9
73
8
40
9
8
9
80
9
57
9
88
9
42
9
51
7
39
7
49
9
98
9
20
9
71
8
69
7
49
7
9
9
99
7
89
9
78
8
29
9
17
7
79
9
89
7
39
1
18
9
79
9
72
9
31
9
31
10
52
10
22
8
17
9
17
7
11
7
39
8
90
10
82
7
29
7
48
7
49
0
78
10
52
9
99
7
37
7
99
8
10
8
94
9
88
8
10
6
28
9
62
9
99
8
60
9
41
8
20
1
81
9
8
9
99
8
7
9
8
9
61
9
90
9
41
9
29
9
80
9
81
10
22
11
83
3
81
7
18
8
70
9
80
7
59
9
71
9
79
7
49
9
62
9
60
9
30
9
33
9
71
9
17
9
23
7
89
9
91
9
71
8
90
1
73
10
82
0
60
9
41
8
50
9
99
9
20
9
63
9
71
9
99
8
89
8
80
9
42
7
69
9
91
9
99
8
30
10
82
10
52
7
49
8
93
9
43
7
29
9
98
4
91
9
60
9
93
9
69
7
89
7
69
9
50
9
97
7
89
3
19
10
82
9
28
9
91
9
20
9
79
9
99
7
59
9
99
7
9
9
62
9
61
8
99
9
27
9
42
8
99
10
82
9
81
9
72
9
21
9
31
8
7
8
50
8
29
7
69
9
61
7
98
9
42
0
30
7
77
10
52
9
89
7
29
9
50
8
40
7
49
8
26
9
11
9
12
7
59
7
51
9
99
7
99
9
71
8
60
11
53
1
39
9
68
9
61
9
59
8
10
9
20
7
79
9
92
8
27
9
41
10
52
9
78
8
20
7
9
8
99
8
70
9
28
3
89
9
70
9
40
9
99
9
31
0
98
9
99
7
68
0
0
9
51
9
19
1
67
9
98
9
38
9
49
9
32
9
61
0
10
9
98
4
61
8
60
9
18
4
81
9
40
8
40
7
69
8
40
8
85
8
99
9
87
8
68
9
92
7
29
9
99
9
63
9
33
7
39
7
39
8
38
8
60
7
29
10
52
9
9
9
99
9
62
8
50
9
51
0
70
9
29
9
21
9
12
7
29
8
19
9
8
9
49
7
9
7
62
8
67
7
89
8
40
7
68
7
99
9
87
9
97
9
68
9
99
9
69
9
87
9
63
9
18
7
88
9
68
9
99
7
79
9
57
7
39
9
17
8
10
9
87
7
19
8
39
7
79
9
91
9
81
9
88
8
40
9
8
1
49
8
21
11
83
9
63
9
71
9
68
0
60
9
33
9
49
9
63
0
80
9
49
9
28
8
30
8
50
9
49
8
38
9
99
10
82
7
39
7
79
9
12
8
40
8
40
8
90
8
10
7
79
8
70
7
39
9
63
8
20
7
29
8
75
9
90
9
41
9
21
9
91
8
37
9
20
9
8
9
33
10
82
9
99
7
93
9
38
9
40
9
39
8
7
8
99
9
32
8
17
9
18
9
93
9
21
8
27
9
72
8
70
1
19
9
43
2
87
7
89
8
22
2
14
8
50
0
76
9
49
8
80
7
17
8
90
1
41
9
42
9
60
8
60
7
38
7
9
7
49
9
51
4
89
8
68
8
50
0
0
7
49
8
99
0
0
9
71
9
99
7
51
9
37
9
87
9
91
9
38
7
18
9
13
9
63
9
62
1
91
8
49
7
87
9
91
9
77
9
30
8
90
8
69
2
31
9
21
7
29
4
91
9
91
9
99
4
69
9
39
9
50
9
73
9
61
7
78
8
40
7
49
9
58
9
51
8
30
1
19
9
21
7
99
9
87
3
69
7
37
9
9
3
78
10
22
9
94
9
44
9
13
3
19
8
80
9
73
9
33
9
70
7
77
1
79
3
19
8
90
9
20
2
89
9
11
8
80
10
52
1
49
9
67
9
30
9
72
9
27
10
22
8
60
0
40
0
50
9
68
8
60
0
90
8
70
8
20
1
29
9
99
9
87
9
39
9
99
9
20
9
71
1
9
8
28
8
70
9
90
9
47
9
81
9
62
7
59
7
59
8
20
9
20
9
21
9
78
9
79
7
98
7
59
9
18
7
78
8
50
9
99
9
70
9
18
7
49
7
19
7
17
9
70
7
89
9
61
8
60
9
42
8
80
9
62
9
9
9
81
2
68
3
9
10
82
2
89
8
7
7
29
8
60
2
9
0
50
7
78
8
31
9
12
10
82
9
58
7
69
8
20
9
20
9
49
8
99
9
90
7
79
8
57
9
89
9
91
2
79
10
52
7
9
7
99
9
56
4
60
8
57
9
99
7
59
9
60
9
58
8
40
8
98
9
29
1
56
9
51
10
22
1
9
8
28
8
20
9
90
9
73
9
29
8
17
7
89
9
91
9
28
7
19
9
61
8
4
9
58
7
89
8
30
9
71
7
89
9
61
8
70
2
79
11
23
11
83
7
39
9
63
8
66
9
98
0
20
9
79
9
31
9
68
7
59
9
31
9
57
8
57
8
80
9
43
7
19
8
50
7
37
9
79
9
19
9
42
8
46
2
15
1
49
10
22
10
82
7
49
1
91
7
49
3
89
9
97
9
21
8
20
7
39
8
60
9
99
9
32
8
78
9
81
9
21
9
71
9
48
9
41
0
40
7
87
8
99
8
90
7
78
9
99
9
37
7
61
9
99
9
11
9
99
7
69
7
89
9
42
7
27
9
33
9
71
1
51
9
50
9
63
8
80
9
99
9
63
10
52
9
92
9
37
9
99
