9
46
9
99
10
52
9
91
9
18
9
33
9
44
9
99
9
58
9
74
9
43
9
90
9
43
9
64
9
73
14
56
9
14
9
64
13
85
10
22
9
21
9
64
9
6
9
42
9
44
9
73
9
99
9
64
9
61
9
44
9
31
10
22
9
62
9
63
9
99
9
41
9
93
9
50
9
44
9
99
9
42
9
13
9
42
9
99
10
82
9
72
9
14
12
24
9
62
11
23
9
71
14
26
9
30
9
64
9
99
9
80
14
56
9
42
9
32
9
11
9
99
9
81
10
52
12
84
11
23
9
11
9
99
10
52
9
41
9
73
9
99
0
0
9
99
9
31
12
24
9
12
10
22
9
74
9
32
9
12
11
83
9
12
9
62
10
22
14
26
9
92
9
80
12
54
9
73
9
72
9
42
9
71
11
83
0
50
11
23
11
53
9
44
11
53
9
7
9
12
9
64
10
22
9
80
9
91
11
53
9
32
9
71
9
12
9
51
9
99
9
44
9
12
11
53
10
22
9
92
9
62
9
64
9
44
9
14
9
34
9
34
9
99
8
75
9
71
9
99
9
13
9
99
12
54
9
94
9
34
9
99
10
52
8
58
13
25
11
83
10
82
10
82
13
55
9
43
9
72
12
54
9
99
9
32
9
64
9
92
9
99
9
99
9
99
9
92
14
26
9
14
9
92
9
34
10
52
9
94
9
34
10
82
9
62
9
14
9
42
9
99
9
44
0
20
9
14
9
64
9
64
9
41
9
31
9
99
9
42
9
99
9
93
9
63
9
61
9
74
9
12
9
32
14
26
9
74
11
53
10
22
9
99
9
14
9
13
0
80
9
43
10
52
14
26
9
91
13
85
9
60
9
73
9
92
9
33
9
74
9
58
9
44
9
70
9
13
9
73
9
13
9
11
9
33
9
99
9
99
9
14
9
20
10
52
9
60
9
93
9
93
2
80
9
31
9
94
9
99
9
99
9
61
9
63
9
38
9
51
0
20
9
93
9
94
9
99
9
10
9
64
11
23
9
64
11
53
11
53
9
99
9
93
9
99
12
84
13
55
9
43
9
30
9
20
10
22
11
83
9
62
9
99
9
63
9
99
9
64
9
44
13
85
9
99
9
44
9
93
9
42
9
14
9
34
9
71
11
53
9
74
9
90
9
32
9
64
9
34
11
83
9
68
9
74
9
33
9
33
9
93
10
21
9
20
2
19
9
13
9
11
9
44
9
60
1
49
10
22
0
10
2
9
9
94
9
93
14
56
9
34
9
50
9
93
9
62
10
52
9
13
9
80
9
14
11
83
9
14
9
62
10
22
9
93
9
93
14
26
9
93
9
64
4
1
9
32
9
80
9
93
9
71
9
91
0
90
9
94
9
32
12
54
9
14
9
51
9
74
9
64
9
70
9
66
11
53
9
41
9
81
9
43
9
14
9
92
9
63
9
72
0
10
9
93
9
13
1
99
9
43
9
33
9
99
9
92
9
93
0
40
9
73
9
99
9
64
4
99
13
85
9
92
13
85
9
73
10
82
12
84
9
92
9
92
9
72
9
21
9
40
9
74
9
64
10
82
9
99
9
72
9
44
14
56
11
53
9
93
9
34
9
93
9
34
9
61
12
24
9
99
9
61
9
12
9
12
9
99
9
88
9
72
9
32
9
44
9
34
9
41
9
12
9
62
10
52
13
25
9
99
9
40
9
42
10
52
9
94
13
85
9
72
14
56
9
99
10
52
9
40
9
42
9
92
9
99
9
51
0
72
9
34
9
13
2
39
9
72
9
31
9
74
9
43
9
11
11
83
9
60
9
91
9
44
12
54
9
42
10
52
9
99
11
23
9
74
9
72
10
52
9
12
9
99
9
92
9
81
9
32
9
20
10
82
9
92
9
42
1
18
10
82
9
74
9
34
9
34
13
55
13
25
9
20
9
20
9
11
9
42
9
93
13
85
9
32
9
51
10
52
0
78
13
55
9
99
9
40
9
99
9
13
9
93
9
91
9
13
9
28
9
64
9
99
9
63
9
44
11
23
1
81
9
11
9
99
9
10
9
11
9
64
9
93
9
44
9
32
9
77
12
84
13
25
14
86
3
81
9
21
9
73
11
83
9
62
9
74
9
79
10
52
9
64
9
63
9
33
9
34
9
74
9
20
12
23
9
92
9
94
9
74
9
93
1
73
13
85
0
60
9
44
11
53
9
99
11
23
9
64
9
74
9
99
9
92
11
83
9
44
9
72
9
94
9
99
9
33
13
85
13
55
10
52
9
93
9
44
9
32
9
99
4
91
9
63
9
94
9
72
9
92
9
72
11
53
9
97
9
92
3
19
13
85
9
31
9
94
11
23
10
82
9
99
9
62
9
99
9
12
9
64
9
61
9
99
9
27
9
44
9
99
13
85
12
84
9
74
12
24
9
34
9
10
11
53
9
32
9
72
9
64
9
99
9
44
0
30
9
80
13
55
9
92
9
32
11
53
9
43
10
52
9
26
9
14
9
14
9
62
9
48
9
99
9
99
9
74
9
63
14
56
1
39
9
71
9
64
9
62
9
13
11
23
10
82
9
94
9
30
9
44
13
55
9
81
11
23
9
12
9
99
9
73
9
31
3
89
9
73
9
43
9
99
9
34
0
98
9
99
9
71
0
0
12
54
10
22
1
69
9
99
9
41
10
52
9
34
9
64
0
10
9
99
4
61
9
63
9
21
4
81
9
43
9
43
9
72
9
43
8
85
9
99
9
90
9
71
9
94
9
32
9
99
9
64
9
34
9
42
9
42
9
38
9
63
9
32
13
55
9
12
9
99
9
64
11
53
12
54
0
70
9
32
12
24
9
14
9
32
10
22
9
11
10
52
9
12
9
62
9
70
9
92
9
43
9
71
9
99
9
90
9
99
9
71
9
99
9
69
9
90
9
64
9
21
9
91
9
71
9
99
10
82
9
60
9
42
9
20
9
13
9
90
10
22
9
42
10
82
9
94
12
84
9
91
9
43
9
8
1
49
11
21
14
86
9
64
9
74
9
71
0
60
9
34
10
52
9
64
0
80
10
52
9
31
9
33
11
53
9
49
9
41
9
99
13
85
9
42
10
82
9
14
9
43
9
43
9
93
9
13
10
82
9
73
9
42
9
64
11
23
9
32
8
75
9
93
9
44
12
24
9
94
9
40
11
23
9
11
9
34
13
85
9
99
9
93
9
41
9
43
9
42
9
7
9
99
9
34
9
20
9
21
9
94
12
24
9
30
9
74
9
73
1
19
9
43
2
89
9
92
11
22
2
14
11
53
0
76
10
52
11
83
9
20
9
93
1
41
9
44
9
60
9
63
9
41
9
12
9
49
12
54
4
89
9
71
11
53
0
0
10
52
9
99
0
0
9
74
9
99
10
51
9
37
9
90
9
94
9
41
9
21
9
14
9
64
9
64
1
91
10
52
9
90
9
94
9
80
9
33
9
93
9
72
2
31
12
24
9
32
4
91
9
94
9
99
4
69
9
42
11
53
9
74
9
64
9
81
9
43
10
52
9
61
12
54
9
33
1
19
12
24
9
99
9
90
6
69
9
40
9
12
3
79
13
25
9
94
9
44
9
14
3
19
11
83
9
74
9
34
9
73
9
80
1
79
3
19
9
93
11
23
2
89
9
14
11
83
13
55
1
49
9
70
9
33
9
74
9
30
13
25
9
63
0
40
0
50
9
71
9
63
0
90
9
73
11
23
1
29
9
99
9
86
9
42
9
99
11
23
9
74
1
9
9
31
9
73
9
93
9
50
12
84
9
64
9
62
9
62
11
23
11
23
12
24
9
81
10
82
9
99
9
59
9
21
9
81
11
53
9
99
9
73
9
21
10
52
10
22
9
20
9
73
9
92
9
64
9
63
9
44
11
83
9
64
9
12
12
84
2
68
3
9
13
85
2
89
9
10
9
32
9
63
2
9
0
50
9
81
9
31
9
14
13
82
9
61
9
72
11
23
11
23
10
52
9
99
9
93
10
82
9
57
9
92
9
94
2
79
13
55
9
12
9
99
9
56
4
60
9
60
9
99
9
62
9
63
9
61
9
43
9
99
9
32
1
56
12
54
13
25
1
9
9
31
11
23
9
93
9
74
9
32
9
20
9
92
9
94
9
31
10
22
9
64
9
3
9
58
9
92
9
33
9
74
9
92
9
64
9
73
2
79
14
26
14
86
9
42
9
64
9
66
9
99
0
20
10
82
9
34
9
71
9
62
9
34
9
60
9
60
11
83
9
44
10
22
11
53
9
40
10
82
10
22
9
42
9
46
2
15
1
49
13
25
13
85
10
52
1
91
10
52
3
89
9
99
12
24
11
23
9
42
9
63
9
99
9
34
9
81
12
84
12
24
9
74
9
51
9
44
0
40
9
90
9
99
9
87
9
81
9
99
9
40
9
58
9
99
9
14
9
99
9
72
9
92
9
44
9
30
9
34
9
74
1
51
11
53
9
64
11
83
9
99
9
64
13
55
9
94
9
40
9
99
