7
51
5
99
6
46
4
85
4
21
5
29
7
39
4
97
4
61
6
69
5
39
5
84
5
38
7
58
5
69
8
50
6
9
8
60
7
79
4
19
7
15
8
60
7
11
4
39
6
39
5
69
6
94
7
58
5
55
6
39
5
25
6
16
4
59
5
59
5
95
6
35
6
87
4
44
6
39
5
99
5
36
7
7
6
36
7
95
4
79
5
66
8
10
6
18
8
56
5
19
4
65
8
20
7
24
6
58
7
99
5
74
8
50
5
36
5
26
4
5
8
95
7
75
4
49
7
78
5
18
7
5
7
97
4
49
7
35
6
67
8
99
0
0
6
99
8
25
6
19
4
6
8
16
8
70
4
26
4
7
8
77
4
9
4
59
4
16
8
20
4
86
6
74
6
49
5
69
4
67
4
39
7
65
5
78
0
50
5
19
5
49
7
38
5
49
5
11
6
6
7
58
4
16
7
74
4
85
5
49
4
26
8
65
4
9
5
45
5
99
7
39
4
6
5
49
4
19
6
86
4
57
7
59
7
38
6
9
6
28
7
29
7
97
8
75
7
65
4
98
5
9
4
94
6
49
6
89
8
28
4
99
4
48
6
64
7
19
5
78
4
79
4
76
8
49
5
39
4
69
7
48
5
94
4
26
6
58
4
89
7
95
7
96
8
99
5
86
8
20
7
9
7
86
7
29
7
46
7
88
8
30
5
76
4
59
6
8
4
39
4
99
7
39
0
20
6
9
8
60
7
59
5
35
8
25
8
99
8
36
4
99
5
87
5
58
4
55
7
68
4
9
7
26
8
20
6
69
5
49
7
16
6
99
7
9
5
9
0
80
6
37
8
46
8
20
8
85
7
79
5
54
6
67
4
86
7
27
6
69
4
63
8
38
4
64
6
7
6
67
5
7
5
5
5
29
4
94
6
94
6
9
4
14
4
46
4
54
7
87
5
89
2
80
4
25
7
88
6
98
7
97
4
55
8
57
7
38
5
45
0
20
5
88
8
90
7
99
6
4
6
59
5
19
6
59
5
48
5
47
8
95
5
89
6
96
6
79
7
49
5
39
5
24
5
14
4
17
5
79
4
59
5
97
5
59
4
99
7
58
8
40
8
79
8
98
7
39
6
87
4
39
6
9
8
30
5
65
7
47
6
69
6
84
4
29
6
59
7
29
5
79
4
71
7
69
5
29
8
27
5
88
4
21
7
14
2
17
5
7
6
5
7
39
6
54
1
49
4
19
0
10
2
9
6
88
5
87
8
50
8
28
7
44
5
89
4
59
5
46
5
9
4
74
7
9
5
79
6
9
4
59
4
19
5
89
5
88
8
20
5
87
8
60
4
1
4
29
6
74
5
89
7
65
7
85
0
90
6
89
5
26
7
48
7
9
5
45
8
68
7
59
6
64
7
66
5
49
4
35
7
75
5
39
6
9
6
86
5
59
6
66
0
10
5
89
5
9
1
99
5
38
5
29
6
99
5
86
5
88
0
40
4
73
8
96
6
59
4
99
7
79
4
86
7
79
8
67
4
78
6
79
5
86
4
87
5
66
7
15
5
34
6
69
8
58
4
79
8
96
5
72
8
40
8
50
5
49
7
87
8
30
5
89
8
30
4
55
7
18
5
99
5
55
6
6
6
6
8
97
5
88
4
69
7
26
8
40
8
30
5
35
5
6
4
59
4
48
7
19
8
99
6
34
4
37
4
46
8
89
8
79
4
66
8
50
8
96
4
46
4
34
6
36
7
86
4
99
6
45
0
72
6
29
5
9
2
35
4
67
8
25
8
70
5
39
8
5
6
77
6
54
6
85
7
39
6
49
4
37
4
47
6
95
7
17
6
69
5
66
4
49
4
8
7
96
4
87
8
75
5
26
7
14
4
79
8
86
4
39
1
18
8
76
7
69
8
28
6
29
7
49
7
19
5
14
6
14
4
11
4
39
5
89
7
79
4
29
4
45
4
49
0
78
7
49
8
99
4
34
4
99
5
8
5
94
8
85
5
8
3
28
7
59
8
99
5
59
8
38
5
19
1
81
7
5
8
99
5
4
8
5
6
59
8
87
6
39
8
26
6
83
6
79
7
19
8
80
3
81
4
15
5
69
8
77
4
59
8
68
6
79
4
49
7
59
8
57
8
27
8
30
6
68
6
14
6
23
4
89
6
89
7
68
5
89
1
73
7
79
0
60
6
39
5
49
8
98
7
17
8
60
6
68
7
99
5
86
5
79
7
39
4
69
6
89
7
98
5
27
7
79
7
49
4
49
5
93
8
40
4
27
6
95
4
93
7
57
8
90
6
66
4
86
4
69
7
47
8
97
4
86
3
16
8
79
8
25
6
89
8
17
6
76
6
97
4
59
6
99
4
9
7
59
6
61
5
99
6
27
7
39
5
99
7
79
6
79
7
69
6
19
6
29
5
4
5
49
5
26
4
66
6
59
4
95
7
39
0
30
4
74
8
49
6
86
4
29
6
47
5
39
4
49
5
26
6
8
7
9
4
59
4
53
6
96
4
96
6
69
5
59
8
50
1
39
8
65
6
59
7
56
5
9
8
17
4
76
7
89
5
24
8
38
7
49
8
75
5
17
4
9
5
97
5
69
7
25
3
86
8
67
6
37
6
99
7
28
0
98
6
99
4
65
0
0
6
49
6
16
1
64
7
95
6
35
8
46
7
29
6
59
0
10
6
95
4
61
5
58
6
15
4
81
6
37
5
39
4
69
5
39
7
85
5
99
6
84
5
65
7
89
4
27
8
99
8
60
8
30
4
39
4
39
5
38
5
59
4
28
8
49
8
6
8
97
7
59
5
49
6
48
0
70
8
26
6
19
7
9
4
29
5
16
7
5
7
46
4
7
4
62
5
64
4
87
5
39
4
65
4
99
6
84
7
94
7
65
8
99
8
69
6
84
8
60
6
15
4
85
7
65
8
99
4
79
7
54
4
39
6
14
5
9
7
84
4
19
5
36
4
79
6
88
6
79
7
85
5
39
8
8
1
49
5
21
8
80
8
60
6
69
8
65
0
60
8
30
8
46
8
60
0
80
7
46
7
25
5
29
5
49
6
49
5
35
7
97
8
79
4
38
4
79
7
9
5
38
5
39
5
89
5
8
4
79
5
67
4
39
8
60
5
19
4
27
6
75
8
87
6
39
6
19
6
89
5
34
8
17
7
5
8
30
7
79
6
99
4
93
8
35
6
37
6
36
5
7
5
99
7
29
5
14
8
15
8
90
7
18
5
24
8
69
5
69
1
16
6
44
2
84
4
86
5
22
2
14
5
49
0
76
8
46
5
78
4
14
5
89
1
41
7
39
6
61
5
59
4
35
4
9
4
49
7
48
4
87
5
65
5
48
0
0
4
49
5
99
0
0
6
69
7
99
4
51
8
37
6
84
6
89
7
35
4
15
8
10
8
60
7
59
1
91
5
46
4
84
6
89
6
74
8
27
5
88
5
66
2
34
6
19
4
28
4
91
8
88
8
99
4
69
6
36
8
47
8
70
6
59
4
75
5
39
4
46
7
55
6
49
5
27
1
19
6
19
4
99
7
84
1
69
4
34
8
6
3
75
7
19
7
94
7
44
8
10
3
19
5
79
8
70
8
30
8
67
4
74
1
79
3
18
5
89
6
17
2
89
7
8
5
79
8
49
1
47
6
64
8
27
7
69
7
24
7
19
5
57
0
40
0
50
7
65
5
59
0
90
5
69
5
19
1
29
7
99
8
90
6
36
8
98
6
17
6
68
1
9
5
25
5
67
7
87
7
44
6
79
7
59
4
56
4
59
5
18
7
17
6
19
7
75
7
76
4
95
4
59
8
15
4
75
5
49
6
99
6
67
7
15
4
48
4
19
4
14
7
67
4
89
6
59
5
59
7
39
5
79
7
59
6
6
6
79
2
68
3
9
7
79
2
89
5
4
4
26
5
59
2
9
0
50
4
75
5
31
8
9
7
84
7
55
4
68
5
17
7
17
8
46
5
99
6
87
4
79
5
57
7
86
6
89
2
78
7
49
4
9
4
99
6
56
4
60
5
54
6
99
4
59
6
57
6
55
5
39
5
95
7
26
1
56
6
49
7
19
1
9
5
25
5
19
6
87
8
70
7
26
5
14
4
87
6
88
8
25
4
17
6
59
5
4
7
58
4
87
5
28
6
69
4
89
6
59
5
68
2
76
8
20
8
80
4
39
8
60
5
66
7
95
0
20
7
76
6
29
6
65
4
59
6
29
6
54
5
54
5
78
8
40
4
19
5
48
4
34
7
76
6
16
8
42
5
46
2
15
1
49
7
19
8
79
4
49
1
91
4
49
3
86
7
94
6
19
5
19
4
39
5
59
6
97
7
29
5
75
6
79
8
18
8
68
8
45
6
39
0
40
4
84
5
96
5
92
4
75
6
99
6
34
4
61
8
99
7
8
7
96
4
69
4
87
7
39
4
24
8
30
6
69
1
51
6
47
8
60
5
79
7
99
8
60
7
49
7
89
6
34
6
99
