9
46
9
99
17
59
9
94
9
16
9
34
9
44
9
99
11
51
9
74
9
44
9
94
9
44
9
64
9
74
19
63
9
14
9
64
19
92
17
29
16
28
9
64
9
6
9
44
9
44
9
74
9
99
9
64
9
64
9
44
9
34
17
29
9
64
9
64
9
99
9
44
9
94
15
57
9
44
9
99
9
44
9
14
9
44
9
99
17
89
9
74
9
14
19
31
9
64
18
30
9
74
19
33
9
34
9
64
9
99
15
87
19
63
9
44
9
34
9
14
9
99
16
88
17
59
19
91
18
30
9
14
9
99
17
59
9
44
9
74
9
99
0
0
9
99
9
34
19
31
9
14
17
29
9
74
9
34
9
14
18
90
9
14
9
64
17
29
19
33
9
94
15
87
19
61
9
74
9
74
9
44
9
74
18
90
0
50
18
30
18
60
9
44
18
60
9
6
9
14
9
64
17
29
15
87
9
94
18
60
9
34
9
74
9
14
16
58
9
99
9
44
9
14
18
60
17
29
9
94
9
64
9
64
9
44
9
14
9
34
9
34
9
99
8
75
9
74
9
99
9
14
9
99
19
61
9
94
9
34
9
99
17
59
10
52
19
32
18
90
17
89
17
89
19
62
9
44
9
74
19
61
9
99
9
34
9
64
9
94
9
99
9
99
9
99
9
94
19
33
9
14
9
94
9
34
17
59
9
94
9
34
17
89
9
64
9
14
9
44
9
99
9
44
0
20
9
14
9
64
9
64
9
44
9
34
9
99
9
44
9
99
9
94
9
64
9
64
9
74
9
14
9
34
19
33
9
74
18
60
17
29
9
99
9
14
9
14
0
80
9
44
17
59
19
33
9
94
19
92
9
64
9
74
9
94
9
34
9
74
9
56
9
44
9
74
9
14
9
74
9
14
9
14
9
34
9
99
9
99
9
14
15
27
17
59
9
64
9
94
9
94
2
80
9
34
9
94
9
99
9
99
9
64
9
64
9
38
16
58
0
20
9
94
9
94
9
99
9
14
9
64
18
30
9
64
18
60
18
60
9
99
9
94
9
99
19
91
19
62
9
44
9
34
15
27
17
29
18
90
9
64
9
99
9
64
9
99
9
64
9
44
19
92
9
99
9
44
9
94
9
44
9
14
9
34
9
74
18
60
9
74
9
94
9
34
9
64
9
34
18
90
9
66
9
74
9
34
9
34
9
94
17
21
15
27
2
19
9
14
9
14
9
44
9
64
1
49
17
29
0
10
2
9
9
94
9
94
19
63
9
34
15
57
9
94
9
64
17
59
9
14
15
87
9
14
18
90
9
14
9
64
17
29
9
94
9
94
19
33
9
94
9
64
4
1
9
34
15
87
9
94
9
74
9
94
0
90
9
94
9
34
19
61
9
14
16
58
9
74
9
64
9
74
9
66
18
60
9
44
16
88
9
44
9
14
9
94
9
64
9
74
0
10
9
94
9
14
1
99
9
44
9
34
9
99
9
94
9
94
0
40
9
73
9
99
9
64
4
99
19
92
9
94
19
92
9
74
17
89
19
91
9
94
9
94
9
74
16
28
9
44
9
74
9
64
17
89
9
99
9
72
9
44
19
63
18
60
9
94
9
34
9
94
9
34
9
64
19
31
9
99
9
64
9
14
9
14
9
99
9
88
9
74
9
34
9
44
9
34
9
44
9
14
9
64
17
59
19
32
9
99
9
44
9
44
17
59
9
94
19
92
9
74
19
63
9
99
17
59
9
44
9
44
9
94
9
99
16
58
0
72
9
34
9
14
2
39
9
74
9
34
9
74
9
44
9
14
18
90
9
64
9
94
9
44
19
61
9
44
17
59
9
99
18
30
9
74
9
74
17
59
9
14
9
99
9
94
16
88
9
34
15
27
17
89
9
94
9
44
1
18
17
89
9
74
9
34
9
34
19
62
19
32
15
27
15
27
9
11
9
44
9
94
19
92
9
34
16
58
17
59
0
78
19
62
9
99
9
44
9
99
9
14
9
93
9
94
9
14
9
28
9
64
9
99
9
64
9
44
18
30
1
81
9
14
9
99
9
14
9
14
9
64
9
94
9
44
9
34
9
76
19
91
19
32
19
93
3
81
16
28
9
74
18
90
9
64
9
74
9
79
17
59
9
64
9
64
9
34
9
34
9
74
15
27
19
23
9
94
9
94
9
74
9
94
1
73
19
92
0
60
9
44
18
60
9
99
18
30
9
64
9
74
9
99
9
94
18
90
9
44
9
74
9
94
9
99
9
34
19
92
19
62
17
59
9
93
9
44
9
34
9
99
4
91
9
64
9
94
9
74
9
94
9
74
18
60
9
97
9
94
3
19
19
92
9
34
9
94
18
30
17
89
9
99
9
64
9
99
9
14
9
64
9
61
9
99
9
27
9
44
9
99
19
92
19
91
9
74
19
31
9
34
9
14
18
60
9
34
9
74
9
64
9
99
9
44
0
30
15
87
19
62
9
94
9
34
18
60
9
44
17
59
9
26
9
14
9
14
9
64
9
46
9
99
9
99
9
74
9
64
19
63
1
39
9
74
9
64
9
64
9
14
18
30
17
89
9
94
9
34
9
44
19
62
16
88
18
30
9
14
9
99
9
74
9
34
3
89
9
74
9
44
9
99
9
34
0
98
9
99
9
74
0
0
19
61
17
29
1
69
9
99
9
44
17
59
9
34
9
64
0
10
9
99
4
61
9
64
16
28
4
81
9
44
9
44
9
74
9
44
8
85
9
99
9
94
9
74
9
94
9
34
9
99
9
64
9
34
9
44
9
44
9
38
9
64
9
34
19
62
9
14
9
99
9
64
18
60
19
61
0
70
9
34
19
31
9
14
9
34
17
29
9
14
17
59
9
14
9
62
9
74
9
94
9
44
9
74
9
99
9
94
9
99
9
74
9
99
9
69
9
94
9
64
16
28
9
94
9
74
9
99
17
89
9
64
9
44
15
27
9
14
9
94
17
29
9
44
17
89
9
94
19
91
9
94
9
44
9
8
1
49
18
21
19
93
9
64
9
74
9
74
0
60
9
34
17
59
9
64
0
80
17
59
9
34
9
34
18
60
9
49
9
44
9
99
19
92
9
44
17
89
9
14
9
44
9
44
9
94
9
14
17
89
9
74
9
44
9
64
18
30
9
34
8
75
9
94
9
44
19
31
9
94
9
44
18
30
9
14
9
34
19
92
9
99
9
93
9
44
9
44
9
44
9
7
9
99
9
34
15
27
16
28
9
94
19
31
9
34
9
74
9
74
1
19
9
43
2
89
9
94
18
22
2
14
18
60
0
76
17
59
18
90
15
27
9
94
1
41
9
44
9
60
9
64
9
44
9
14
9
49
19
61
4
89
9
74
18
60
0
0
17
59
9
99
0
0
9
74
9
99
17
51
9
37
9
94
9
94
9
44
16
28
9
14
9
64
9
64
1
91
17
59
9
94
9
94
15
87
9
34
9
94
9
74
2
31
19
31
9
34
4
91
9
94
9
99
4
69
9
44
18
60
9
74
9
64
16
88
9
44
17
59
9
64
19
61
9
34
1
19
19
31
9
99
9
94
9
74
9
44
9
14
3
79
19
32
9
94
9
44
9
14
3
19
18
90
9
74
9
34
9
74
15
87
1
79
3
19
9
94
18
30
2
89
9
14
18
90
19
62
1
49
9
74
9
34
9
74
9
34
19
32
9
64
0
40
0
50
9
74
9
64
0
90
9
74
18
30
1
29
9
99
9
86
9
44
9
99
18
30
9
74
1
9
9
34
9
74
9
94
15
57
19
91
9
64
9
64
9
64
18
30
18
30
19
31
16
88
17
89
9
99
9
59
16
28
16
88
18
60
9
99
9
74
16
28
17
59
17
29
15
27
9
74
9
94
9
64
9
64
9
44
18
90
9
64
9
14
19
91
2
68
3
9
19
92
2
89
9
14
9
34
9
64
2
9
0
50
16
88
9
31
9
14
19
82
9
64
9
74
18
30
18
30
17
59
9
99
9
94
17
89
9
57
9
94
9
94
2
79
19
62
9
14
9
99
9
56
4
60
9
64
9
99
9
64
9
64
9
64
9
44
9
99
9
34
1
56
19
61
19
32
1
9
9
34
18
30
9
94
9
74
9
34
15
27
9
94
9
94
9
34
17
29
9
64
9
3
9
58
9
94
9
34
9
74
9
94
9
64
9
74
2
79
19
33
19
93
9
44
9
64
9
66
9
99
0
20
17
89
9
34
9
74
9
64
9
34
9
64
9
64
18
90
9
44
17
29
18
60
9
44
17
89
17
29
9
42
9
46
2
15
1
49
19
32
19
92
17
59
1
91
17
59
3
89
9
99
19
31
18
30
9
44
9
64
9
99
9
34
16
88
19
91
19
31
9
74
16
58
9
44
0
40
9
94
9
99
9
86
16
88
9
99
9
44
9
56
9
99
9
14
9
99
9
74
9
94
9
44
9
34
9
34
9
74
1
51
18
60
9
64
18
90
9
99
9
64
19
62
9
94
9
44
9
99
