5
51
3
99
4
44
2
83
2
22
3
27
5
37
2
95
2
61
4
69
3
39
3
82
3
36
5
56
3
69
6
48
4
9
6
59
5
77
2
18
5
13
6
58
5
11
2
39
4
37
3
69
4
92
5
56
3
53
4
39
3
23
4
14
2
59
3
59
3
93
4
33
4
85
2
42
4
39
3
98
3
34
5
5
4
34
5
93
2
78
3
64
6
9
4
16
6
54
3
18
2
63
6
19
5
22
4
56
5
99
3
72
6
48
3
34
3
24
2
3
6
93
5
73
2
49
5
76
3
16
5
3
5
95
2
49
5
33
4
65
6
97
0
0
4
99
6
23
4
18
2
4
6
14
6
69
2
24
2
5
6
75
2
7
2
58
2
14
6
18
2
84
4
72
4
47
3
69
2
65
2
38
5
63
3
76
0
50
3
18
3
49
5
36
3
47
3
11
4
4
5
56
2
14
5
72
2
83
3
48
2
24
6
63
2
8
3
43
3
98
5
39
2
4
3
49
2
19
4
84
2
55
5
57
5
36
4
9
4
26
5
27
5
95
6
75
5
63
2
96
3
8
2
92
4
49
4
89
6
26
2
99
2
46
4
66
5
18
3
76
2
77
2
74
6
47
3
38
2
69
5
46
3
92
2
24
4
56
2
89
5
93
5
94
6
99
3
84
6
19
5
7
5
84
5
28
5
44
5
86
6
29
3
74
2
59
4
6
2
39
2
97
5
39
0
20
4
9
6
58
5
59
3
33
6
23
6
97
6
34
2
97
3
85
3
56
2
53
5
66
2
8
5
24
6
18
4
69
3
47
5
14
4
98
5
9
3
9
0
80
4
35
6
44
6
19
6
83
5
79
3
52
4
65
2
84
5
25
4
69
2
65
6
36
2
62
4
5
4
65
3
5
3
3
3
27
2
92
4
92
4
9
2
12
2
44
2
52
5
85
3
89
2
80
2
23
5
86
4
96
5
95
2
53
6
55
5
38
3
43
0
20
3
86
6
89
5
99
4
2
4
59
3
19
4
59
3
46
3
45
6
93
3
87
4
94
4
79
5
47
3
39
3
22
3
12
2
15
3
79
2
59
3
95
3
59
2
99
5
56
6
39
6
77
6
96
5
37
4
85
2
38
4
8
6
29
3
63
5
45
4
69
4
82
2
29
4
57
5
28
3
79
2
71
5
69
3
29
6
25
3
86
2
21
5
12
2
15
3
5
4
3
5
39
4
52
1
49
2
19
0
10
2
9
4
86
3
85
6
49
6
26
5
42
3
89
2
59
3
44
3
7
2
72
5
7
3
78
4
9
2
57
2
19
3
87
3
86
6
18
3
85
6
59
4
1
2
27
4
72
3
87
5
63
5
83
0
90
4
87
3
24
5
46
5
8
3
43
6
66
5
59
4
62
5
66
3
49
2
33
5
73
3
39
4
7
4
84
3
58
4
64
0
10
3
89
3
9
1
98
3
36
3
29
4
97
3
84
3
86
0
40
2
73
6
94
4
57
4
99
5
79
2
84
5
79
6
65
2
76
4
77
3
84
2
85
3
64
5
13
3
32
4
67
6
56
2
79
6
94
3
72
6
39
6
49
3
49
5
85
6
28
3
87
6
29
2
53
5
16
3
99
3
53
4
4
4
4
6
95
3
88
2
67
5
24
6
39
6
29
3
33
3
4
2
59
2
46
5
19
6
99
4
32
2
35
2
44
6
87
6
77
2
64
6
49
6
94
2
44
2
32
4
34
5
84
2
98
4
43
0
72
4
29
3
9
2
33
2
65
6
23
6
69
3
37
6
3
4
75
4
52
4
83
5
39
4
49
2
35
2
45
4
93
5
15
4
69
3
64
2
47
2
6
5
94
2
85
6
73
3
24
5
12
2
77
6
84
2
39
1
18
6
74
5
69
6
26
4
29
5
47
5
17
3
12
4
12
2
11
2
37
3
89
5
77
2
29
2
43
2
49
0
78
5
48
6
98
2
32
2
97
3
6
3
94
6
83
3
6
1
28
5
57
6
99
3
59
6
36
3
17
1
82
5
3
6
99
3
2
6
3
4
59
6
85
4
39
6
24
4
85
4
79
5
17
6
79
3
81
2
13
3
69
6
75
2
59
6
66
4
79
2
49
5
57
6
55
6
25
6
29
4
66
4
12
4
23
2
89
4
89
5
66
3
88
1
73
5
78
0
60
4
39
3
49
6
96
5
15
6
59
4
66
5
97
3
84
3
79
5
37
2
69
4
89
5
96
3
25
5
79
5
49
2
47
3
93
6
39
2
25
4
93
4
95
5
55
6
88
4
64
2
84
2
69
5
45
6
97
2
84
3
14
6
77
6
23
4
88
6
15
4
74
4
95
2
57
4
99
2
8
5
57
4
61
3
97
4
27
5
39
3
99
5
77
4
79
5
69
4
19
4
28
3
2
3
49
3
24
2
64
4
59
2
93
5
38
0
30
2
72
6
47
4
84
2
29
4
45
3
39
2
48
3
26
4
6
5
9
2
59
2
55
4
94
2
94
4
69
3
59
6
49
1
39
6
63
4
58
5
54
3
8
6
15
2
74
5
89
3
22
6
36
5
48
6
73
3
15
2
7
3
95
3
69
5
23
3
84
6
65
4
35
4
98
5
26
0
98
4
98
2
63
0
0
4
49
4
14
1
62
5
93
4
33
6
44
5
29
4
57
0
10
4
93
2
63
3
56
4
13
4
81
4
35
3
37
2
69
3
39
5
85
3
99
4
82
3
63
5
88
2
25
6
99
6
58
6
28
2
38
2
39
3
38
3
57
2
26
6
47
6
4
6
95
5
58
3
49
4
46
0
70
6
24
4
19
5
9
2
27
3
14
5
3
5
44
2
5
2
62
3
62
2
85
3
39
2
63
2
97
4
82
5
92
5
63
6
99
6
69
4
82
6
59
4
13
2
83
5
63
6
99
2
79
5
52
2
37
4
12
3
9
5
82
2
18
3
34
2
79
4
86
4
77
5
83
3
38
6
8
1
48
3
21
6
79
6
59
4
68
6
63
0
60
6
28
6
44
6
59
0
80
5
44
5
23
3
27
3
47
4
49
3
33
5
95
6
77
2
36
2
79
5
9
3
36
3
38
3
89
3
6
2
79
3
65
2
39
6
58
3
19
2
25
4
75
6
85
4
39
4
19
4
89
3
32
6
15
5
3
6
28
5
79
4
99
2
93
6
33
4
35
4
34
3
7
3
99
5
29
3
12
6
13
6
89
5
16
3
22
6
67
3
68
1
14
4
44
2
82
2
84
3
22
2
14
3
49
0
76
6
44
3
76
2
12
3
89
1
41
5
39
4
62
3
59
2
33
2
8
2
49
5
46
4
85
3
63
3
46
0
0
2
48
3
99
0
0
4
68
5
99
2
51
6
37
4
82
4
89
5
33
2
13
6
8
6
58
5
59
1
91
3
44
2
82
4
89
4
72
6
25
3
86
3
64
2
36
4
19
2
26
4
91
6
86
6
99
4
68
4
34
6
45
6
69
4
59
2
73
3
37
2
44
5
53
4
48
3
25
1
19
4
19
2
99
5
82
1
68
2
32
6
4
3
73
5
19
5
94
5
44
6
9
3
19
3
79
6
69
6
29
6
65
2
72
1
78
3
16
3
89
4
15
2
89
5
6
3
77
6
47
1
45
4
62
6
25
5
68
5
22
5
18
3
55
0
40
0
50
5
63
3
59
0
90
3
69
3
17
1
27
5
99
6
91
4
34
6
96
4
15
4
66
1
7
3
23
3
65
5
85
5
42
4
79
5
58
2
54
2
59
3
16
5
15
4
17
5
73
5
74
2
93
2
59
6
13
2
73
3
48
4
99
4
65
5
13
2
46
2
19
2
12
5
65
2
89
4
57
3
59
5
38
3
79
5
59
4
4
4
78
2
68
2
9
5
79
2
88
3
2
2
24
3
58
2
9
0
50
2
73
3
31
6
7
5
84
5
53
2
66
3
15
5
15
6
44
3
99
4
85
2
77
3
57
5
84
4
89
2
76
5
49
2
7
2
99
4
56
4
60
3
52
4
99
2
59
4
55
4
53
3
39
3
93
5
24
1
56
4
47
5
19
1
9
3
23
3
17
4
85
6
69
5
24
3
12
2
85
4
86
6
23
2
15
4
59
3
4
5
58
2
85
3
26
4
69
2
89
4
58
3
66
2
74
6
19
6
79
2
39
6
59
3
66
5
93
0
20
5
74
4
29
4
63
2
58
4
29
4
52
3
52
3
76
6
38
2
19
3
46
2
32
5
74
4
14
6
42
3
46
2
15
1
49
5
19
6
77
2
49
1
92
2
49
3
84
5
92
4
19
3
19
2
38
3
59
4
95
5
28
3
73
4
77
6
16
6
66
6
43
4
37
0
40
2
82
3
94
3
94
2
73
4
98
4
32
2
62
6
98
5
6
5
94
2
69
2
85
5
37
2
22
6
29
4
69
1
51
4
45
6
58
3
79
5
99
6
59
5
49
5
89
4
32
4
99
