9
46
9
99
15
57
9
94
9
16
9
34
9
44
9
99
9
53
9
74
9
44
9
94
9
44
9
64
9
74
19
61
9
14
9
64
18
90
15
27
14
26
9
64
9
6
9
44
9
44
9
74
9
99
9
64
9
64
9
44
9
34
15
27
9
64
9
64
9
99
9
44
9
94
13
55
9
44
9
99
9
44
9
14
9
44
9
99
15
87
9
74
9
14
17
29
9
64
16
28
9
74
19
31
9
34
9
64
9
99
13
85
19
61
9
44
9
34
9
14
9
99
14
86
15
57
17
89
16
28
9
14
9
99
15
57
9
44
9
74
9
99
0
0
9
99
9
34
17
29
9
14
15
27
9
74
9
34
9
14
16
88
9
14
9
64
15
27
19
31
9
94
13
85
17
59
9
74
9
74
9
44
9
74
16
88
0
50
16
28
16
58
9
44
16
58
9
6
9
14
9
64
15
27
13
85
9
94
16
58
9
34
9
74
9
14
14
56
9
99
9
44
9
14
16
58
15
27
9
94
9
64
9
64
9
44
9
14
9
34
9
34
9
99
8
75
9
74
9
99
9
14
9
99
17
59
9
94
9
34
9
99
15
57
8
54
18
30
16
88
15
87
15
87
18
60
9
44
9
74
17
59
9
99
9
34
9
64
9
94
9
99
9
99
9
99
9
94
19
31
9
14
9
94
9
34
15
57
9
94
9
34
15
87
9
64
9
14
9
44
9
99
9
44
0
20
9
14
9
64
9
64
9
44
9
34
9
99
9
44
9
99
9
94
9
64
9
64
9
74
9
14
9
34
19
31
9
74
16
58
15
27
9
99
9
14
9
14
0
80
9
44
15
57
19
31
9
94
18
90
9
64
9
74
9
94
9
34
9
74
9
56
9
44
9
74
9
14
9
74
9
14
9
14
9
34
9
99
9
99
9
14
13
25
15
57
9
64
9
94
9
94
2
80
9
34
9
94
9
99
9
99
9
64
9
64
9
38
14
56
0
20
9
94
9
94
9
99
9
14
9
64
16
28
9
64
16
58
16
58
9
99
9
94
9
99
17
89
18
60
9
44
9
34
13
25
15
27
16
88
9
64
9
99
9
64
9
99
9
64
9
44
18
90
9
99
9
44
9
94
9
44
9
14
9
34
9
74
16
58
9
74
9
94
9
34
9
64
9
34
16
88
9
66
9
74
9
34
9
34
9
94
15
21
13
25
2
19
9
14
9
14
9
44
9
64
1
49
15
27
0
10
2
9
9
94
9
94
19
61
9
34
13
55
9
94
9
64
15
57
9
14
13
85
9
14
16
88
9
14
9
64
15
27
9
94
9
94
19
31
9
94
9
64
4
1
9
34
13
85
9
94
9
74
9
94
0
90
9
94
9
34
17
59
9
14
14
56
9
74
9
64
9
74
9
66
16
58
9
44
14
86
9
44
9
14
9
94
9
64
9
74
0
10
9
94
9
14
1
99
9
44
9
34
9
99
9
94
9
94
0
40
9
73
9
99
9
64
4
99
18
90
9
94
18
90
9
74
15
87
17
89
9
94
9
94
9
74
14
26
9
44
9
74
9
64
15
87
9
99
9
72
9
44
19
61
16
58
9
94
9
34
9
94
9
34
9
64
17
29
9
99
9
64
9
14
9
14
9
99
9
88
9
74
9
34
9
44
9
34
9
44
9
14
9
64
15
57
18
30
9
99
9
44
9
44
15
57
9
94
18
90
9
74
19
61
9
99
15
57
9
44
9
44
9
94
9
99
14
56
0
72
9
34
9
14
2
39
9
74
9
34
9
74
9
44
9
14
16
88
9
64
9
94
9
44
17
59
9
44
15
57
9
99
16
28
9
74
9
74
15
57
9
14
9
99
9
94
14
86
9
34
13
25
15
87
9
94
9
44
1
18
15
87
9
74
9
34
9
34
18
60
18
30
13
25
13
25
9
11
9
44
9
94
18
90
9
34
14
56
15
57
0
78
18
60
9
99
9
44
9
99
9
14
9
93
9
94
9
14
9
28
9
64
9
99
9
64
9
44
16
28
1
81
9
14
9
99
9
14
9
14
9
64
9
94
9
44
9
34
9
76
17
89
18
30
19
91
3
81
14
26
9
74
16
88
9
64
9
74
9
79
15
57
9
64
9
64
9
34
9
34
9
74
13
25
17
23
9
94
9
94
9
74
9
94
1
73
18
90
0
60
9
44
16
58
9
99
16
28
9
64
9
74
9
99
9
94
16
88
9
44
9
74
9
94
9
99
9
34
18
90
18
60
15
57
9
93
9
44
9
34
9
99
4
91
9
64
9
94
9
74
9
94
9
74
16
58
9
97
9
94
3
19
18
90
9
34
9
94
16
28
15
87
9
99
9
64
9
99
9
14
9
64
9
61
9
99
9
27
9
44
9
99
18
90
17
89
9
74
17
29
9
34
9
14
16
58
9
34
9
74
9
64
9
99
9
44
0
30
13
85
18
60
9
94
9
34
16
58
9
44
15
57
9
26
9
14
9
14
9
64
9
46
9
99
9
99
9
74
9
64
19
61
1
39
9
74
9
64
9
64
9
14
16
28
15
87
9
94
9
34
9
44
18
60
14
86
16
28
9
14
9
99
9
74
9
34
3
89
9
74
9
44
9
99
9
34
0
98
9
99
9
74
0
0
17
59
15
27
1
69
9
99
9
44
15
57
9
34
9
64
0
10
9
99
4
61
9
64
14
26
4
81
9
44
9
44
9
74
9
44
8
85
9
99
9
94
9
74
9
94
9
34
9
99
9
64
9
34
9
44
9
44
9
38
9
64
9
34
18
60
9
14
9
99
9
64
16
58
17
59
0
70
9
34
17
29
9
14
9
34
15
27
9
14
15
57
9
14
9
62
9
74
9
94
9
44
9
74
9
99
9
94
9
99
9
74
9
99
9
69
9
94
9
64
14
26
9
94
9
74
9
99
15
87
9
64
9
44
13
25
9
14
9
94
15
27
9
44
15
87
9
94
17
89
9
94
9
44
9
8
1
49
16
21
19
91
9
64
9
74
9
74
0
60
9
34
15
57
9
64
0
80
15
57
9
34
9
34
16
58
9
49
9
44
9
99
18
90
9
44
15
87
9
14
9
44
9
44
9
94
9
14
15
87
9
74
9
44
9
64
16
28
9
34
8
75
9
94
9
44
17
29
9
94
9
44
16
28
9
14
9
34
18
90
9
99
9
93
9
44
9
44
9
44
9
7
9
99
9
34
13
25
14
26
9
94
17
29
9
34
9
74
9
74
1
19
9
43
2
89
9
94
16
22
2
14
16
58
0
76
15
57
16
88
13
25
9
94
1
41
9
44
9
60
9
64
9
44
9
14
9
49
17
59
4
89
9
74
16
58
0
0
15
57
9
99
0
0
9
74
9
99
15
51
9
37
9
94
9
94
9
44
14
26
9
14
9
64
9
64
1
91
15
57
9
94
9
94
13
85
9
34
9
94
9
74
2
31
17
29
9
34
4
91
9
94
9
99
4
69
9
44
16
58
9
74
9
64
14
86
9
44
15
57
9
64
17
59
9
34
1
19
17
29
9
99
9
94
9
73
9
44
9
14
3
79
18
30
9
94
9
44
9
14
3
19
16
88
9
74
9
34
9
74
13
85
1
79
3
19
9
94
16
28
2
89
9
14
16
88
18
60
1
49
9
74
9
34
9
74
9
34
18
30
9
64
0
40
0
50
9
74
9
64
0
90
9
74
16
28
1
29
9
99
9
86
9
44
9
99
16
28
9
74
1
9
9
34
9
74
9
94
13
55
17
89
9
64
9
64
9
64
16
28
16
28
17
29
14
86
15
87
9
99
9
59
14
26
14
86
16
58
9
99
9
74
14
26
15
57
15
27
13
25
9
74
9
94
9
64
9
64
9
44
16
88
9
64
9
14
17
89
2
68
3
9
18
90
2
89
9
14
9
34
9
64
2
9
0
50
14
86
9
31
9
14
18
82
9
64
9
74
16
28
16
28
15
57
9
99
9
94
15
87
9
57
9
94
9
94
2
79
18
60
9
14
9
99
9
56
4
60
9
64
9
99
9
64
9
64
9
64
9
44
9
99
9
34
1
56
17
59
18
30
1
9
9
34
16
28
9
94
9
74
9
34
13
25
9
94
9
94
9
34
15
27
9
64
9
3
9
58
9
94
9
34
9
74
9
94
9
64
9
74
2
79
19
31
19
91
9
44
9
64
9
66
9
99
0
20
15
87
9
34
9
74
9
64
9
34
9
64
9
64
16
88
9
44
15
27
16
58
9
44
15
87
15
27
9
42
9
46
2
15
1
49
18
30
18
90
15
57
1
91
15
57
3
89
9
99
17
29
16
28
9
44
9
64
9
99
9
34
14
86
17
89
17
29
9
74
14
56
9
44
0
40
9
94
9
99
9
86
14
86
9
99
9
44
9
56
9
99
9
14
9
99
9
74
9
94
9
44
9
34
9
34
9
74
1
51
16
58
9
64
16
88
9
99
9
64
18
60
9
94
9
44
9
99
