9
46
9
99
14
56
9
94
9
16
9
34
9
44
9
99
8
54
9
74
9
44
9
94
9
44
9
64
9
74
18
60
9
14
9
64
17
89
14
26
13
25
9
64
9
6
9
44
9
44
9
74
9
99
9
64
9
64
9
44
9
34
14
26
9
64
9
64
9
99
9
44
9
94
12
54
9
44
9
99
9
44
9
14
9
44
9
99
14
86
9
74
9
14
16
28
9
64
15
27
9
74
18
30
9
34
9
64
9
99
12
84
18
60
9
44
9
34
9
14
9
99
13
85
14
56
16
88
15
27
9
14
9
99
14
56
9
44
9
74
9
99
0
0
9
99
9
34
16
28
9
14
14
26
9
74
9
34
9
14
15
87
9
14
9
64
14
26
18
30
9
94
12
84
16
58
9
74
9
74
9
44
9
74
15
87
0
50
15
27
15
57
9
44
15
57
9
6
9
14
9
64
14
26
12
84
9
94
15
57
9
34
9
74
9
14
13
55
9
99
9
44
9
14
15
57
14
26
9
94
9
64
9
64
9
44
9
14
9
34
9
34
9
99
8
75
9
74
9
99
9
14
9
99
16
58
9
94
9
34
9
99
14
56
8
55
17
29
15
87
14
86
14
86
17
59
9
44
9
74
16
58
9
99
9
34
9
64
9
94
9
99
9
99
9
99
9
94
18
30
9
14
9
94
9
34
14
56
9
94
9
34
14
86
9
64
9
14
9
44
9
99
9
44
0
20
9
14
9
64
9
64
9
44
9
34
9
99
9
44
9
99
9
94
9
64
9
64
9
74
9
14
9
34
18
30
9
74
15
57
14
26
9
99
9
14
9
14
0
80
9
44
14
56
18
30
9
94
17
89
9
64
9
74
9
94
9
34
9
74
9
56
9
44
9
74
9
14
9
74
9
14
9
14
9
34
9
99
9
99
9
14
12
24
14
56
9
64
9
94
9
94
2
80
9
34
9
94
9
99
9
99
9
64
9
64
9
38
13
55
0
20
9
94
9
94
9
99
9
14
9
64
15
27
9
64
15
57
15
57
9
99
9
94
9
99
16
88
17
59
9
44
9
34
12
24
14
26
15
87
9
64
9
99
9
64
9
99
9
64
9
44
17
89
9
99
9
44
9
94
9
44
9
14
9
34
9
74
15
57
9
74
9
94
9
34
9
64
9
34
15
87
9
66
9
74
9
34
9
34
9
94
14
21
12
24
2
19
9
14
9
14
9
44
9
64
1
49
14
26
0
10
2
9
9
94
9
94
18
60
9
34
12
54
9
94
9
64
14
56
9
14
12
84
9
14
15
87
9
14
9
64
14
26
9
94
9
94
18
30
9
94
9
64
4
1
9
34
12
84
9
94
9
74
9
94
0
90
9
94
9
34
16
58
9
14
13
55
9
74
9
64
9
74
9
66
15
57
9
44
13
85
9
44
9
14
9
94
9
64
9
74
0
10
9
94
9
14
1
99
9
44
9
34
9
99
9
94
9
94
0
40
9
73
9
99
9
64
4
99
17
89
9
94
17
89
9
74
14
86
16
88
9
94
9
94
9
74
13
25
9
44
9
74
9
64
14
86
9
99
9
72
9
44
18
60
15
57
9
94
9
34
9
94
9
34
9
64
16
28
9
99
9
64
9
14
9
14
9
99
9
88
9
74
9
34
9
44
9
34
9
44
9
14
9
64
14
56
17
29
9
99
9
44
9
44
14
56
9
94
17
89
9
74
18
60
9
99
14
56
9
44
9
44
9
94
9
99
13
55
0
72
9
34
9
14
2
39
9
74
9
34
9
74
9
44
9
14
15
87
9
64
9
94
9
44
16
58
9
44
14
56
9
99
15
27
9
74
9
74
14
56
9
14
9
99
9
94
13
85
9
34
12
24
14
86
9
94
9
44
1
18
14
86
9
74
9
34
9
34
17
59
17
29
12
24
12
24
9
11
9
44
9
94
17
89
9
34
13
55
14
56
0
78
17
59
9
99
9
44
9
99
9
14
9
93
9
94
9
14
9
28
9
64
9
99
9
64
9
44
15
27
1
81
9
14
9
99
9
14
9
14
9
64
9
94
9
44
9
34
9
76
16
88
17
29
18
90
3
81
13
25
9
74
15
87
9
64
9
74
9
79
14
56
9
64
9
64
9
34
9
34
9
74
12
24
16
23
9
94
9
94
9
74
9
94
1
73
17
89
0
60
9
44
15
57
9
99
15
27
9
64
9
74
9
99
9
94
15
87
9
44
9
74
9
94
9
99
9
34
17
89
17
59
14
56
9
93
9
44
9
34
9
99
4
91
9
64
9
94
9
74
9
94
9
74
15
57
9
97
9
94
3
19
17
89
9
34
9
94
15
27
14
86
9
99
9
64
9
99
9
14
9
64
9
61
9
99
9
27
9
44
9
99
17
89
16
88
9
74
16
28
9
34
9
14
15
57
9
34
9
74
9
64
9
99
9
44
0
30
12
84
17
59
9
94
9
34
15
57
9
44
14
56
9
26
9
14
9
14
9
64
9
46
9
99
9
99
9
74
9
64
18
60
1
39
9
74
9
64
9
64
9
14
15
27
14
86
9
94
9
34
9
44
17
59
13
85
15
27
9
14
9
99
9
74
9
34
3
89
9
74
9
44
9
99
9
34
0
98
9
99
9
74
0
0
16
58
14
26
1
69
9
99
9
44
14
56
9
34
9
64
0
10
9
99
4
61
9
64
13
25
4
81
9
44
9
44
9
74
9
44
8
85
9
99
9
94
9
74
9
94
9
34
9
99
9
64
9
34
9
44
9
44
9
38
9
64
9
34
17
59
9
14
9
99
9
64
15
57
16
58
0
70
9
34
16
28
9
14
9
34
14
26
9
14
14
56
9
14
9
62
9
74
9
94
9
44
9
74
9
99
9
94
9
99
9
74
9
99
9
69
9
94
9
64
13
25
9
94
9
74
9
99
14
86
9
64
9
44
12
24
9
14
9
94
14
26
9
44
14
86
9
94
16
88
9
94
9
44
9
8
1
49
15
21
18
90
9
64
9
74
9
74
0
60
9
34
14
56
9
64
0
80
14
56
9
34
9
34
15
57
9
49
9
44
9
99
17
89
9
44
14
86
9
14
9
44
9
44
9
94
9
14
14
86
9
74
9
44
9
64
15
27
9
34
8
75
9
94
9
44
16
28
9
94
9
44
15
27
9
14
9
34
17
89
9
99
9
93
9
44
9
44
9
44
9
7
9
99
9
34
12
24
13
25
9
94
16
28
9
34
9
74
9
74
1
19
9
43
2
89
9
94
15
22
2
14
15
57
0
76
14
56
15
87
12
24
9
94
1
41
9
44
9
60
9
64
9
44
9
14
9
49
16
58
4
89
9
74
15
57
0
0
14
56
9
99
0
0
9
74
9
99
14
51
9
37
9
94
9
94
9
44
13
25
9
14
9
64
9
64
1
91
14
56
9
94
9
94
12
84
9
34
9
94
9
74
2
31
16
28
9
34
4
91
9
94
9
99
4
69
9
44
15
57
9
74
9
64
13
85
9
44
14
56
9
64
16
58
9
34
1
19
16
28
9
99
9
94
9
72
9
44
9
14
3
79
17
29
9
94
9
44
9
14
3
19
15
87
9
74
9
34
9
74
12
84
1
79
3
19
9
94
15
27
2
89
9
14
15
87
17
59
1
49
9
74
9
34
9
74
9
34
17
29
9
64
0
40
0
50
9
74
9
64
0
90
9
74
15
27
1
29
9
99
9
86
9
44
9
99
15
27
9
74
1
9
9
34
9
74
9
94
12
54
16
88
9
64
9
64
9
64
15
27
15
27
16
28
13
85
14
86
9
99
9
59
13
25
13
85
15
57
9
99
9
74
13
25
14
56
14
26
12
24
9
74
9
94
9
64
9
64
9
44
15
87
9
64
9
14
16
88
2
68
3
9
17
89
2
89
9
14
9
34
9
64
2
9
0
50
13
85
9
31
9
14
17
82
9
64
9
74
15
27
15
27
14
56
9
99
9
94
14
86
9
57
9
94
9
94
2
79
17
59
9
14
9
99
9
56
4
60
9
64
9
99
9
64
9
64
9
64
9
44
9
99
9
34
1
56
16
58
17
29
1
9
9
34
15
27
9
94
9
74
9
34
12
24
9
94
9
94
9
34
14
26
9
64
9
3
9
58
9
94
9
34
9
74
9
94
9
64
9
74
2
79
18
30
18
90
9
44
9
64
9
66
9
99
0
20
14
86
9
34
9
74
9
64
9
34
9
64
9
64
15
87
9
44
14
26
15
57
9
44
14
86
14
26
9
42
9
46
2
15
1
49
17
29
17
89
14
56
1
91
14
56
3
89
9
99
16
28
15
27
9
44
9
64
9
99
9
34
13
85
16
88
16
28
9
74
13
55
9
44
0
40
9
94
9
99
9
86
13
85
9
99
9
44
9
56
9
99
9
14
9
99
9
74
9
94
9
44
9
34
9
34
9
74
1
51
15
57
9
64
15
87
9
99
9
64
17
59
9
94
9
44
9
99
