4
51
2
99
3
43
1
82
1
23
2
26
4
36
1
94
1
62
3
69
2
39
2
81
2
35
4
55
2
68
5
47
3
9
5
58
4
76
1
17
4
12
5
57
4
11
1
39
3
36
2
69
3
91
4
55
2
52
3
39
2
22
3
13
1
59
2
59
2
92
3
32
3
84
1
41
3
39
2
97
2
33
4
4
3
33
4
92
1
77
2
63
5
9
3
15
5
53
2
17
1
62
5
18
4
21
3
55
4
99
2
71
5
47
2
33
2
23
1
2
5
92
4
72
1
49
4
75
2
15
4
2
4
94
1
49
4
32
3
64
5
96
0
0
3
99
5
22
3
17
1
3
5
13
5
68
1
23
1
4
5
74
1
6
1
57
1
13
5
17
1
83
3
71
3
46
2
69
1
64
1
37
4
62
2
75
0
50
2
17
2
49
4
35
2
46
2
11
3
3
4
55
1
13
4
71
1
82
2
47
1
23
5
62
1
7
2
42
2
97
4
39
1
3
2
49
1
19
3
83
1
54
4
56
4
35
3
9
3
25
4
26
4
94
5
75
4
62
1
95
2
7
1
91
3
48
3
88
5
25
1
99
1
45
3
67
4
17
2
75
1
76
1
73
5
46
2
37
1
68
4
45
2
91
1
23
3
55
1
89
4
92
4
93
5
99
2
83
5
19
4
6
4
83
4
27
4
43
4
85
5
29
2
73
1
59
3
5
1
39
1
96
4
39
0
20
3
8
5
57
4
59
2
32
5
22
5
96
5
33
1
96
2
84
2
55
1
52
4
65
1
7
4
23
5
17
3
69
2
46
4
13
3
97
4
9
2
9
0
80
3
34
5
43
5
19
5
82
4
79
2
51
3
64
1
83
4
24
3
68
1
66
5
35
1
61
3
4
3
64
2
4
2
2
2
26
1
91
3
91
3
9
1
11
1
43
1
51
4
84
2
88
2
80
1
22
4
85
3
95
4
94
1
52
5
54
4
38
2
42
0
20
2
85
5
88
4
98
3
1
3
58
2
18
3
59
2
45
2
44
5
92
2
86
3
93
3
78
4
46
2
39
2
21
2
11
1
14
2
78
1
58
2
94
2
58
1
99
4
55
5
38
5
76
5
95
4
36
3
84
1
37
3
7
5
29
2
62
4
44
3
68
3
81
1
29
3
56
4
27
2
79
1
72
4
69
2
29
5
24
2
85
1
21
4
11
2
14
2
4
3
2
4
38
3
51
1
48
1
19
0
10
2
9
3
85
2
84
5
49
5
25
4
41
2
89
1
59
2
43
2
6
1
71
4
6
2
77
3
9
1
56
1
19
2
86
2
85
5
17
2
84
5
59
4
2
1
26
3
71
2
86
4
62
4
82
0
90
3
86
2
23
4
45
4
7
2
42
5
65
4
58
3
61
4
66
2
49
1
32
4
72
2
38
3
6
3
83
2
57
3
63
0
10
2
88
2
9
1
97
2
35
2
29
3
96
2
83
2
85
0
40
1
73
5
93
3
56
4
99
4
78
1
83
4
79
5
64
1
75
3
76
2
83
1
84
2
63
4
12
2
31
3
66
5
55
1
78
5
93
2
72
5
38
5
48
2
49
4
84
5
27
2
86
5
29
1
52
4
15
2
99
2
52
3
3
3
3
5
94
2
88
1
66
4
23
5
39
5
29
2
32
2
3
1
59
1
45
4
19
5
98
3
31
1
34
1
43
5
86
5
76
1
63
5
48
5
93
1
43
1
31
3
33
4
83
1
97
3
42
0
72
3
29
2
9
2
32
1
64
5
22
5
69
2
36
5
2
3
74
3
51
3
82
4
38
3
48
1
34
1
44
3
92
4
14
3
68
2
63
1
46
1
5
4
93
1
84
5
72
2
23
4
11
1
76
5
83
1
38
1
18
5
73
4
68
5
25
3
28
4
46
4
16
2
11
3
11
1
11
1
36
2
89
4
76
1
28
1
42
1
49
0
78
4
47
5
97
1
31
1
96
2
5
2
94
5
82
2
5
0
29
4
56
5
99
2
58
5
35
2
16
1
83
4
2
5
99
2
1
5
2
3
58
5
84
3
38
5
23
3
86
3
79
4
16
5
79
3
81
1
12
2
68
5
74
1
59
5
65
3
79
1
49
4
56
5
54
5
24
5
29
3
65
3
11
3
23
1
89
3
89
4
65
2
87
1
73
4
77
0
60
3
39
2
48
5
95
4
14
5
59
3
65
4
96
2
83
2
79
4
36
1
69
3
89
4
95
2
24
4
78
4
49
1
46
2
93
5
38
1
24
3
92
4
96
4
54
5
87
3
63
1
83
1
68
4
44
5
97
1
83
3
13
5
76
5
22
3
87
5
14
3
73
3
94
1
56
3
99
1
7
4
56
3
61
2
96
3
27
4
38
2
99
4
76
3
79
4
69
3
18
3
27
2
1
2
49
2
23
1
63
3
58
1
92
4
37
0
30
1
71
5
46
3
83
1
29
3
44
2
38
1
47
2
26
3
5
4
9
1
59
1
56
3
93
1
93
3
68
2
59
5
49
1
39
5
62
3
57
4
53
2
7
5
14
1
73
4
89
2
21
5
35
4
47
5
72
2
14
1
6
2
94
2
68
4
22
3
83
5
64
3
34
3
97
4
25
0
98
3
97
1
62
0
0
3
48
3
13
1
61
4
92
3
32
5
43
4
28
3
56
0
10
3
92
1
64
2
55
3
12
4
81
3
34
2
36
1
69
2
38
4
85
2
98
3
81
2
62
4
87
1
24
5
98
5
57
5
27
1
37
1
38
2
38
2
56
1
25
5
46
5
3
5
94
4
57
2
48
3
45
0
70
5
23
3
18
4
9
1
26
2
13
4
2
4
43
1
4
1
62
2
61
1
84
2
39
1
62
1
96
3
81
4
91
4
62
5
99
5
69
3
81
5
59
3
12
1
82
4
62
5
98
1
78
4
51
1
36
3
11
2
9
4
81
1
17
2
33
1
79
3
85
3
76
4
82
2
37
5
8
1
47
2
21
5
79
5
59
3
67
5
62
0
60
5
27
5
43
5
59
0
80
4
43
4
22
2
26
2
46
3
49
2
32
4
94
5
76
1
35
1
79
4
9
2
35
2
37
2
89
2
5
1
79
2
64
1
38
5
57
2
18
1
24
3
75
5
84
3
39
3
19
3
89
2
31
5
14
4
2
5
27
4
79
3
99
1
93
5
32
3
34
3
33
2
7
2
98
4
29
2
11
5
12
5
88
4
15
2
21
5
66
2
67
1
13
3
44
2
81
1
83
2
22
2
14
2
49
0
76
5
43
2
75
1
11
2
88
1
41
4
39
3
63
2
59
1
32
1
7
1
49
4
45
4
84
2
62
2
45
0
0
1
47
2
99
0
0
3
67
4
98
1
51
5
37
3
81
3
89
4
32
1
12
5
7
5
57
4
59
1
91
2
43
1
81
3
89
3
71
5
24
2
85
2
63
2
37
3
18
1
25
4
91
5
85
5
99
4
67
3
33
5
44
5
69
3
59
1
72
2
36
1
43
4
52
3
47
2
24
1
18
3
18
1
98
4
81
1
67
1
31
5
3
3
72
4
18
4
94
4
44
5
9
3
19
2
79
5
69
5
28
5
64
1
71
2
77
3
15
2
89
3
14
2
88
4
5
2
76
5
46
1
44
3
61
5
24
4
67
4
21
4
17
2
54
0
40
0
50
4
62
2
58
0
90
2
69
2
16
1
26
4
98
5
91
3
33
5
95
3
14
3
65
1
6
2
22
2
64
4
84
4
41
3
78
4
57
1
53
1
58
2
15
4
14
3
16
4
72
4
73
1
92
1
59
5
12
1
72
2
47
3
98
3
64
4
12
1
45
1
19
1
11
4
64
1
89
3
56
2
58
4
37
2
79
4
59
3
3
3
77
2
68
2
8
4
78
2
87
2
1
1
23
2
57
2
9
0
50
1
72
2
31
5
6
4
84
4
52
1
65
2
14
4
14
5
43
2
99
3
84
1
76
2
57
4
83
3
89
2
75
4
48
1
6
1
99
3
56
4
60
2
51
3
98
1
58
3
54
3
52
2
39
2
92
4
23
1
56
3
46
4
19
1
9
2
22
2
16
3
84
5
69
4
23
2
11
1
84
3
85
5
22
1
14
3
58
2
4
4
58
1
84
2
25
3
69
1
88
3
57
2
65
2
73
5
19
5
79
1
39
5
59
2
66
4
92
0
20
4
73
3
29
3
62
1
57
3
29
3
51
2
51
2
75
5
37
1
18
2
45
1
31
4
73
3
13
5
42
2
46
2
15
1
48
4
19
5
76
1
48
1
93
1
49
3
83
4
91
3
19
2
18
1
37
2
59
3
94
4
27
2
72
3
76
5
15
5
65
5
42
3
36
0
40
1
81
2
93
2
95
1
72
3
97
3
31
1
63
5
97
4
5
4
93
1
68
1
84
4
36
1
21
5
29
3
68
1
51
3
44
5
57
2
79
4
98
5
59
4
49
4
89
3
31
3
99
