9
46
9
99
16
58
9
94
9
16
9
34
9
44
9
99
10
52
9
74
9
44
9
94
9
44
9
64
9
74
19
62
9
14
9
64
19
91
16
28
15
27
9
64
9
6
9
44
9
44
9
74
9
99
9
64
9
64
9
44
9
34
16
28
9
64
9
64
9
99
9
44
9
94
14
56
9
44
9
99
9
44
9
14
9
44
9
99
16
88
9
74
9
14
18
30
9
64
17
29
9
74
19
32
9
34
9
64
9
99
14
86
19
62
9
44
9
34
9
14
9
99
15
87
16
58
18
90
17
29
9
14
9
99
16
58
9
44
9
74
9
99
0
0
9
99
9
34
18
30
9
14
16
28
9
74
9
34
9
14
17
89
9
14
9
64
16
28
19
32
9
94
14
86
18
60
9
74
9
74
9
44
9
74
17
89
0
50
17
29
17
59
9
44
17
59
9
6
9
14
9
64
16
28
14
86
9
94
17
59
9
34
9
74
9
14
15
57
9
99
9
44
9
14
17
59
16
28
9
94
9
64
9
64
9
44
9
14
9
34
9
34
9
99
8
75
9
74
9
99
9
14
9
99
18
60
9
94
9
34
9
99
16
58
9
53
19
31
17
89
16
88
16
88
19
61
9
44
9
74
18
60
9
99
9
34
9
64
9
94
9
99
9
99
9
99
9
94
19
32
9
14
9
94
9
34
16
58
9
94
9
34
16
88
9
64
9
14
9
44
9
99
9
44
0
20
9
14
9
64
9
64
9
44
9
34
9
99
9
44
9
99
9
94
9
64
9
64
9
74
9
14
9
34
19
32
9
74
17
59
16
28
9
99
9
14
9
14
0
80
9
44
16
58
19
32
9
94
19
91
9
64
9
74
9
94
9
34
9
74
9
56
9
44
9
74
9
14
9
74
9
14
9
14
9
34
9
99
9
99
9
14
14
26
16
58
9
64
9
94
9
94
2
80
9
34
9
94
9
99
9
99
9
64
9
64
9
38
15
57
0
20
9
94
9
94
9
99
9
14
9
64
17
29
9
64
17
59
17
59
9
99
9
94
9
99
18
90
19
61
9
44
9
34
14
26
16
28
17
89
9
64
9
99
9
64
9
99
9
64
9
44
19
91
9
99
9
44
9
94
9
44
9
14
9
34
9
74
17
59
9
74
9
94
9
34
9
64
9
34
17
89
9
66
9
74
9
34
9
34
9
94
16
21
14
26
2
19
9
14
9
14
9
44
9
64
1
49
16
28
0
10
2
9
9
94
9
94
19
62
9
34
14
56
9
94
9
64
16
58
9
14
14
86
9
14
17
89
9
14
9
64
16
28
9
94
9
94
19
32
9
94
9
64
4
1
9
34
14
86
9
94
9
74
9
94
0
90
9
94
9
34
18
60
9
14
15
57
9
74
9
64
9
74
9
66
17
59
9
44
15
87
9
44
9
14
9
94
9
64
9
74
0
10
9
94
9
14
1
99
9
44
9
34
9
99
9
94
9
94
0
40
9
73
9
99
9
64
4
99
19
91
9
94
19
91
9
74
16
88
18
90
9
94
9
94
9
74
15
27
9
44
9
74
9
64
16
88
9
99
9
72
9
44
19
62
17
59
9
94
9
34
9
94
9
34
9
64
18
30
9
99
9
64
9
14
9
14
9
99
9
88
9
74
9
34
9
44
9
34
9
44
9
14
9
64
16
58
19
31
9
99
9
44
9
44
16
58
9
94
19
91
9
74
19
62
9
99
16
58
9
44
9
44
9
94
9
99
15
57
0
72
9
34
9
14
2
39
9
74
9
34
9
74
9
44
9
14
17
89
9
64
9
94
9
44
18
60
9
44
16
58
9
99
17
29
9
74
9
74
16
58
9
14
9
99
9
94
15
87
9
34
14
26
16
88
9
94
9
44
1
18
16
88
9
74
9
34
9
34
19
61
19
31
14
26
14
26
9
11
9
44
9
94
19
91
9
34
15
57
16
58
0
78
19
61
9
99
9
44
9
99
9
14
9
93
9
94
9
14
9
28
9
64
9
99
9
64
9
44
17
29
1
81
9
14
9
99
9
14
9
14
9
64
9
94
9
44
9
34
9
76
18
90
19
31
19
92
3
81
15
27
9
74
17
89
9
64
9
74
9
79
16
58
9
64
9
64
9
34
9
34
9
74
14
26
18
23
9
94
9
94
9
74
9
94
1
73
19
91
0
60
9
44
17
59
9
99
17
29
9
64
9
74
9
99
9
94
17
89
9
44
9
74
9
94
9
99
9
34
19
91
19
61
16
58
9
93
9
44
9
34
9
99
4
91
9
64
9
94
9
74
9
94
9
74
17
59
9
97
9
94
3
19
19
91
9
34
9
94
17
29
16
88
9
99
9
64
9
99
9
14
9
64
9
61
9
99
9
27
9
44
9
99
19
91
18
90
9
74
18
30
9
34
9
14
17
59
9
34
9
74
9
64
9
99
9
44
0
30
14
86
19
61
9
94
9
34
17
59
9
44
16
58
9
26
9
14
9
14
9
64
9
46
9
99
9
99
9
74
9
64
19
62
1
39
9
74
9
64
9
64
9
14
17
29
16
88
9
94
9
34
9
44
19
61
15
87
17
29
9
14
9
99
9
74
9
34
3
89
9
74
9
44
9
99
9
34
0
98
9
99
9
74
0
0
18
60
16
28
1
69
9
99
9
44
16
58
9
34
9
64
0
10
9
99
4
61
9
64
15
27
4
81
9
44
9
44
9
74
9
44
8
85
9
99
9
94
9
74
9
94
9
34
9
99
9
64
9
34
9
44
9
44
9
38
9
64
9
34
19
61
9
14
9
99
9
64
17
59
18
60
0
70
9
34
18
30
9
14
9
34
16
28
9
14
16
58
9
14
9
62
9
74
9
94
9
44
9
74
9
99
9
94
9
99
9
74
9
99
9
69
9
94
9
64
15
27
9
94
9
74
9
99
16
88
9
64
9
44
14
26
9
14
9
94
16
28
9
44
16
88
9
94
18
90
9
94
9
44
9
8
1
49
17
21
19
92
9
64
9
74
9
74
0
60
9
34
16
58
9
64
0
80
16
58
9
34
9
34
17
59
9
49
9
44
9
99
19
91
9
44
16
88
9
14
9
44
9
44
9
94
9
14
16
88
9
74
9
44
9
64
17
29
9
34
8
75
9
94
9
44
18
30
9
94
9
44
17
29
9
14
9
34
19
91
9
99
9
93
9
44
9
44
9
44
9
7
9
99
9
34
14
26
15
27
9
94
18
30
9
34
9
74
9
74
1
19
9
43
2
89
9
94
17
22
2
14
17
59
0
76
16
58
17
89
14
26
9
94
1
41
9
44
9
60
9
64
9
44
9
14
9
49
18
60
4
89
9
74
17
59
0
0
16
58
9
99
0
0
9
74
9
99
16
51
9
37
9
94
9
94
9
44
15
27
9
14
9
64
9
64
1
91
16
58
9
94
9
94
14
86
9
34
9
94
9
74
2
31
18
30
9
34
4
91
9
94
9
99
4
69
9
44
17
59
9
74
9
64
15
87
9
44
16
58
9
64
18
60
9
34
1
19
18
30
9
99
9
94
9
74
9
44
9
14
3
79
19
31
9
94
9
44
9
14
3
19
17
89
9
74
9
34
9
74
14
86
1
79
3
19
9
94
17
29
2
89
9
14
17
89
19
61
1
49
9
74
9
34
9
74
9
34
19
31
9
64
0
40
0
50
9
74
9
64
0
90
9
74
17
29
1
29
9
99
9
86
9
44
9
99
17
29
9
74
1
9
9
34
9
74
9
94
14
56
18
90
9
64
9
64
9
64
17
29
17
29
18
30
15
87
16
88
9
99
9
59
15
27
15
87
17
59
9
99
9
74
15
27
16
58
16
28
14
26
9
74
9
94
9
64
9
64
9
44
17
89
9
64
9
14
18
90
2
68
3
9
19
91
2
89
9
14
9
34
9
64
2
9
0
50
15
87
9
31
9
14
19
82
9
64
9
74
17
29
17
29
16
58
9
99
9
94
16
88
9
57
9
94
9
94
2
79
19
61
9
14
9
99
9
56
4
60
9
64
9
99
9
64
9
64
9
64
9
44
9
99
9
34
1
56
18
60
19
31
1
9
9
34
17
29
9
94
9
74
9
34
14
26
9
94
9
94
9
34
16
28
9
64
9
3
9
58
9
94
9
34
9
74
9
94
9
64
9
74
2
79
19
32
19
92
9
44
9
64
9
66
9
99
0
20
16
88
9
34
9
74
9
64
9
34
9
64
9
64
17
89
9
44
16
28
17
59
9
44
16
88
16
28
9
42
9
46
2
15
1
49
19
31
19
91
16
58
1
91
16
58
3
89
9
99
18
30
17
29
9
44
9
64
9
99
9
34
15
87
18
90
18
30
9
74
15
57
9
44
0
40
9
94
9
99
9
86
15
87
9
99
9
44
9
56
9
99
9
14
9
99
9
74
9
94
9
44
9
34
9
34
9
74
1
51
17
59
9
64
17
89
9
99
9
64
19
61
9
94
9
44
9
99
