9
14
9
44
9
34
9
16
9
94
19
34
9
94
9
94
19
92
19
92
9
34
9
44
9
74
19
61
9
44
9
44
16
58
9
99
18
90
0
70
18
60
9
14
18
60
9
64
19
92
18
60
9
99
9
99
9
99
9
34
9
34
9
1
0
30
19
61
18
30
0
10
9
99
9
41
19
91
9
44
9
74
0
0
9
14
9
94
9
11
18
60
19
91
18
30
16
28
19
32
9
34
9
74
9
94
17
89
9
64
3
90
9
34
0
70
18
30
9
64
9
26
19
32
19
31
9
64
9
14
9
99
19
61
9
94
9
64
9
74
9
14
9
14
19
63
9
96
8
35
18
30
19
93
9
44
9
64
16
28
19
92
9
14
9
44
9
99
9
74
16
28
9
11
9
34
9
27
16
28
9
44
9
44
9
94
9
99
19
63
8
35
9
44
9
99
19
31
9
64
19
61
9
64
9
14
9
94
9
14
9
34
9
17
19
91
9
74
9
34
19
91
9
34
18
90
19
32
18
90
9
94
9
99
9
99
9
99
9
37
9
14
19
64
9
14
19
92
19
92
9
94
19
61
9
14
9
44
9
34
18
90
9
44
9
34
18
30
9
74
19
34
9
94
9
14
9
44
9
94
9
44
9
99
9
14
16
28
9
14
9
44
9
14
18
90
9
74
9
94
9
74
9
34
9
68
9
14
9
74
9
74
9
34
9
14
9
74
9
14
9
99
19
91
19
61
9
34
9
64
9
14
9
44
19
52
9
74
9
64
9
68
19
61
9
94
9
99
19
33
9
94
9
14
9
44
19
62
18
90
9
19
9
94
9
94
9
44
19
91
9
74
9
99
9
99
19
61
9
14
18
30
19
94
18
90
9
71
9
14
9
99
9
96
9
34
19
62
9
99
9
14
9
94
16
58
9
99
9
64
9
94
19
93
9
63
18
30
9
14
9
14
9
64
0
70
9
74
9
46
9
34
0
50
1
61
19
62
19
32
19
81
9
44
9
99
9
94
9
74
9
14
16
28
9
34
19
32
0
87
9
7
4
10
19
61
9
34
19
62
9
74
9
44
9
64
9
64
1
69
19
33
9
44
19
33
9
74
9
34
17
89
18
60
0
10
9
27
9
94
9
34
9
37
19
31
9
64
0
20
2
44
18
90
17
29
8
85
19
63
9
64
9
99
9
94
18
90
9
99
9
99
9
74
9
34
9
44
9
8
17
29
16
58
9
46
19
93
19
61
9
68
9
44
19
91
9
86
9
44
9
94
9
99
9
94
19
64
18
60
9
64
18
90
19
93
18
60
9
14
19
31
2
61
9
14
9
74
9
44
19
61
2
49
9
74
19
31
1
69
18
90
9
13
3
19
0
20
19
34
9
94
9
44
9
48
9
34
9
34
9
74
1
60
9
34
18
30
9
74
9
14
9
99
9
12
9
64
9
34
4
9
17
59
9
34
9
44
9
99
19
62
9
44
9
99
9
14
8
25
4
69
19
93
9
94
2
88
9
94
9
74
9
94
3
99
9
18
19
61
9
14
9
34
19
61
9
44
9
41
9
99
9
44
9
34
1
39
9
64
9
43
9
34
18
30
19
93
16
28
8
75
9
94
9
14
9
44
9
94
19
82
9
64
9
74
9
14
9
34
9
99
19
63
9
34
18
60
9
86
16
88
9
34
9
64
3
79
9
74
19
31
9
14
9
44
9
64
19
16
9
27
9
14
9
92
9
74
18
30
16
88
18
22
9
94
9
94
9
34
19
62
9
94
19
62
19
31
18
60
9
39
18
60
17
28
9
94
0
0
9
34
9
44
9
94
16
28
9
99
9
44
9
46
9
61
9
74
9
94
4
29
9
14
9
64
1
80
9
74
9
99
19
61
9
64
9
34
9
8
9
99
9
74
3
59
9
34
9
64
8
5
9
87
9
99
9
78
19
91
9
94
19
32
9
14
1
9
9
74
1
39
0
10
19
22
9
63
2
89
17
89
9
89
19
62
9
64
19
82
9
71
9
99
9
34
0
59
9
12
19
32
19
93
9
14
9
48
9
71
19
33
9
64
19
33
9
64
9
34
9
94
19
61
19
31
9
6
9
34
0
89
9
6
19
62
19
33
1
97
9
74
9
94
19
31
9
99
9
94
9
44
9
36
16
88
9
99
9
44
9
44
9
99
4
27
9
28
18
60
0
20
9
94
18
30
18
60
16
88
18
60
19
93
9
34
9
33
9
3
3
2
19
62
9
44
0
50
19
32
19
32
9
91
9
34
9
94
1
39
3
49
9
34
18
30
9
44
9
44
2
67
9
64
16
58
16
88
9
19
18
30
9
14
9
99
3
28
9
64
9
31
9
36
9
14
9
14
9
14
9
14
9
6
9
99
9
99
18
90
9
94
9
14
9
99
19
91
3
69
9
99
9
88
9
48
18
90
4
11
2
31
1
69
9
61
1
51
9
74
0
10
9
18
9
44
9
44
9
34
9
94
4
69
9
34
9
34
19
92
9
98
9
14
9
78
9
64
9
64
9
74
9
37
19
33
4
29
9
44
9
46
19
31
0
22
0
29
3
15
19
52
9
99
9
56
9
99
19
93
18
60
9
64
9
44
19
33
9
94
9
79
1
79
18
90
4
21
9
44
9
99
9
94
9
34
9
33
9
99
9
99
2
81
4
19
9
44
9
77
9
44
19
32
9
99
9
34
9
99
9
94
9
94
18
60
4
42
16
88
9
34
9
94
19
32
18
60
9
94
18
60
18
60
9
74
16
28
9
99
3
9
9
63
9
72
3
21
9
14
1
79
9
48
19
93
19
63
9
34
9
44
2
29
9
74
9
74
9
99
9
64
9
74
9
34
1
21
9
44
9
94
3
19
9
94
9
34
9
64
19
91
9
74
9
37
19
93
9
14
2
79
9
14
9
44
19
22
19
64
9
74
9
44
9
66
19
91
17
59
9
94
9
24
9
44
1
37
9
14
9
44
9
64
9
64
9
74
9
99
8
45
19
92
9
64
9
34
9
78
4
69
9
99
19
62
9
64
9
3
9
34
1
39
16
88
9
64
9
56
9
44
9
44
9
14
9
74
19
31
9
44
9
31
9
44
9
34
9
44
19
93
1
39
16
28
1
9
4
59
9
99
9
64
9
14
3
21
9
99
19
83
9
99
9
34
9
99
8
65
2
69
19
63
4
79
19
33
9
64
9
91
9
34
9
14
9
74
9
44
9
34
2
59
9
64
9
44
9
94
9
14
9
99
19
92
19
91
9
64
9
34
1
99
9
27
9
44
9
99
19
91
9
44
19
33
9
63
9
77
2
98
3
81
19
94
9
64
9
99
2
78
9
99
9
14
9
44
9
64
9
94
9
94
9
64
19
64
19
63
9
68
9
64
9
46
9
74
1
94
9
94
16
88
18
60
9
34
9
74
9
3
9
6
9
99
9
94
9
64
4
69
9
92
9
44
9
94
9
34
9
64
9
14
9
99
9
76
9
34
9
64
9
14
4
85
19
93
18
60
9
34
9
99
9
99
18
90
18
22
1
89
9
64
9
77
9
3
9
34
3
99
9
14
9
44
9
34
9
14
3
8
9
74
9
74
9
62
18
52
9
64
3
91
9
64
19
92
9
56
19
62
19
93
17
59
18
60
9
44
9
36
9
14
9
74
9
32
18
60
4
30
4
79
9
34
9
0
19
92
19
91
9
16
9
14
9
3
19
34
9
16
3
95
17
89
9
44
19
31
9
99
9
14
9
74
9
14
1
51
0
67
9
8
16
88
3
82
18
30
0
0
9
64
9
44
9
44
19
61
2
49
9
64
19
32
9
94
2
40
9
71
19
61
9
64
1
49
9
44
9
99
19
64
9
44
9
1
9
44
3
49
9
14
1
99
9
64
9
34
18
60
19
31
2
81
9
94
2
89
9
99
9
34
2
89
2
6
1
31
9
43
4
62
9
44
9
34
9
28
9
64
3
39
9
28
1
33
9
14
9
14
9
64
9
64
9
64
9
74
19
21
19
63
1
99
9
34
0
39
9
34
9
74
9
98
9
99
9
64
9
14
18
30
9
39
19
33
9
12
9
14
18
60
9
99
9
64
9
99
9
7
16
88
9
34
19
61
9
94
9
14
9
54
9
94
9
32
9
94
9
64
9
94
9
64
9
34
9
99
16
88
1
1
9
94
9
27
9
44
9
91
4
51
9
14
9
74
9
44
9
64
9
86
9
99
9
64
4
99
1
2
9
94
9
34
4
33
9
14
8
35
18
30
9
14
8
5
9
64
19
92
9
64
9
64
9
12
9
64
9
64
9
1
9
94
9
18
9
74
0
88
9
99
9
34
9
34
9
44
9
64
1
48
9
14
9
44
3
76
9
64
1
49
4
99
9
92
19
51
9
66
19
91
9
14
9
14
9
99
9
44
9
68
18
60
9
44
9
44
3
29
1
99
9
99
19
63
9
94
9
74
19
62
9
34
9
33
9
14
9
94
9
44
9
46
9
67
19
31
