9
14
9
44
9
34
9
16
9
94
19
32
9
94
9
94
18
90
18
90
9
34
9
44
9
74
17
59
9
44
9
44
14
56
9
99
16
88
0
70
16
58
9
14
16
58
9
64
18
90
16
58
9
99
9
99
9
99
9
34
9
34
9
1
0
30
17
59
16
28
0
10
9
99
9
41
17
89
9
44
9
74
0
0
9
14
9
94
9
11
16
58
17
89
16
28
14
26
18
30
9
34
9
74
9
94
15
87
9
64
3
90
9
34
0
70
16
28
9
64
9
26
18
30
17
29
9
64
9
14
9
99
17
59
9
94
9
64
9
74
9
14
9
14
19
61
9
96
8
35
16
28
19
91
9
44
9
64
14
26
18
90
9
14
9
44
9
99
9
74
14
26
9
11
9
34
9
27
14
26
9
44
9
44
9
94
9
99
19
61
8
35
9
44
9
99
17
29
9
64
17
59
9
64
9
14
9
94
9
14
9
34
9
17
17
89
9
74
9
34
17
89
9
34
16
88
18
30
16
88
9
94
9
99
9
99
9
99
9
37
9
14
19
62
9
14
18
90
18
90
9
94
17
59
9
14
9
44
9
34
16
88
9
44
9
34
16
28
9
74
19
32
9
94
9
14
9
44
9
94
9
44
9
99
9
14
14
26
9
14
9
44
9
14
16
88
9
74
9
94
9
74
9
34
9
68
9
14
9
74
9
74
9
34
9
14
9
74
9
14
9
99
17
89
17
59
9
34
9
64
9
14
9
44
17
52
9
74
9
64
9
68
17
59
9
94
9
99
19
31
9
94
9
14
9
44
18
60
16
88
9
19
9
94
9
94
9
44
17
89
9
74
9
99
9
99
17
59
9
14
16
28
19
92
16
88
9
71
9
14
9
99
9
96
9
34
18
60
9
99
9
14
9
94
14
56
9
99
9
64
9
94
19
91
9
63
16
28
9
14
9
14
9
64
0
70
9
74
9
46
9
34
0
50
1
61
18
60
18
30
19
81
9
44
9
99
9
94
9
74
9
14
14
26
9
34
18
30
0
87
9
7
4
10
17
59
9
34
18
60
9
74
9
44
9
64
9
64
1
69
19
31
9
44
19
31
9
74
9
34
15
87
16
58
0
10
9
27
9
94
9
34
9
37
17
29
9
64
0
20
2
44
16
88
15
27
8
85
19
61
9
64
9
99
9
94
16
88
9
99
9
99
9
74
9
34
9
44
9
8
15
27
14
56
9
46
19
91
17
59
9
68
9
44
17
89
9
86
9
44
9
94
9
99
9
94
19
62
16
58
9
64
16
88
19
91
16
58
9
14
17
29
2
61
9
14
9
74
9
44
17
59
2
49
9
74
17
29
1
69
16
88
9
13
3
19
0
20
19
32
9
94
9
44
9
48
9
34
9
34
9
74
1
60
9
34
16
28
9
74
9
14
9
99
9
12
9
64
9
34
4
9
15
57
9
34
9
44
9
99
18
60
9
44
9
99
9
14
8
25
4
69
19
91
9
94
2
88
9
94
9
74
9
94
3
99
9
18
17
59
9
14
9
34
17
59
9
44
9
41
9
99
9
44
9
34
1
39
9
64
9
43
9
34
16
28
19
91
14
26
8
75
9
94
9
14
9
44
9
94
19
82
9
64
9
74
9
14
9
34
9
99
19
61
9
34
16
58
9
86
14
86
9
34
9
64
3
79
9
74
17
29
9
14
9
44
9
64
19
18
9
27
9
14
9
92
9
74
16
28
14
86
16
22
9
94
9
94
9
34
18
60
9
94
18
60
17
29
16
58
9
39
16
58
15
26
8
94
0
0
9
34
9
44
9
94
14
26
9
99
9
44
9
46
9
61
9
74
9
94
4
29
9
14
9
64
1
80
9
74
9
99
17
59
9
64
9
34
9
8
9
99
9
74
3
59
9
34
9
64
8
5
9
87
9
99
9
78
17
89
9
94
18
30
9
14
1
9
9
74
1
39
0
10
18
22
9
63
2
89
15
87
9
89
18
60
9
64
19
82
9
71
9
99
9
34
0
59
9
12
18
30
19
91
9
14
9
48
9
71
19
31
9
64
19
31
9
64
9
34
9
94
17
59
17
29
9
6
9
34
0
89
9
6
18
60
19
31
1
97
9
74
9
94
17
29
9
99
9
94
9
44
9
36
14
86
9
99
9
44
9
44
9
99
4
27
9
28
16
58
0
20
9
94
16
28
16
58
14
86
16
58
19
91
9
34
9
33
9
3
3
2
18
60
9
44
0
50
18
30
18
30
9
91
9
34
9
94
1
39
3
49
9
34
16
28
9
44
9
44
2
67
9
64
14
56
14
86
9
19
16
28
9
14
9
99
3
28
9
64
9
31
9
36
9
14
9
14
9
14
9
14
9
6
9
99
9
99
16
88
9
94
9
14
9
99
17
89
3
69
9
99
9
88
9
48
16
88
4
11
2
31
1
69
9
61
1
51
9
74
0
10
9
18
9
44
9
44
9
34
9
94
4
69
9
34
9
34
18
90
9
98
9
14
9
78
9
64
9
64
9
74
9
37
19
31
4
29
9
44
9
46
17
29
0
22
0
29
3
15
18
52
9
99
9
56
9
99
19
91
16
58
9
64
9
44
19
31
9
94
9
79
1
79
16
88
4
21
9
44
9
99
9
94
9
34
9
33
9
99
9
99
2
81
4
19
9
44
9
77
9
44
18
30
9
99
9
34
9
99
9
94
9
94
16
58
4
42
14
86
9
34
9
94
18
30
16
58
9
94
16
58
16
58
9
74
14
26
9
99
3
9
9
63
9
72
3
21
9
14
1
79
9
48
19
91
19
61
9
34
9
44
2
29
9
74
9
74
9
99
9
64
9
74
9
34
1
21
9
44
9
94
3
19
9
94
9
34
9
64
17
89
9
74
9
37
19
91
9
14
2
79
9
14
9
44
19
22
19
62
9
74
9
44
9
66
17
89
15
57
9
94
9
24
9
44
1
37
9
14
9
44
9
64
9
64
9
74
9
99
8
45
18
90
9
64
9
34
9
78
4
69
9
99
18
60
9
64
9
3
9
34
1
39
14
86
9
64
9
56
9
44
9
44
9
14
9
74
17
29
9
44
9
31
9
44
9
34
9
44
19
91
1
39
14
26
1
9
4
59
9
99
9
64
9
14
3
21
9
99
18
83
9
99
9
34
9
99
8
65
2
69
19
61
4
79
19
31
9
64
9
91
9
34
9
14
9
74
9
44
9
34
2
59
9
64
9
44
9
94
9
14
9
99
18
90
17
89
9
64
9
34
1
99
9
27
9
44
9
99
17
89
9
44
19
31
9
63
9
77
2
98
3
81
19
92
9
64
9
99
2
78
9
99
9
14
9
44
9
64
9
94
9
94
9
64
19
62
19
61
9
68
9
64
9
46
9
74
1
94
9
94
14
86
16
58
9
34
9
74
9
3
9
6
9
99
9
94
9
64
4
69
9
92
9
44
9
94
9
34
9
64
9
14
9
99
9
76
9
34
9
64
9
14
4
85
19
91
16
58
9
34
9
99
9
99
16
88
16
22
1
89
9
64
9
77
9
3
9
34
3
99
9
14
9
44
9
34
9
14
3
8
9
74
9
74
9
62
16
52
9
64
3
91
9
64
18
90
9
56
18
60
19
91
15
57
16
58
9
44
9
36
9
14
9
74
9
32
16
58
4
30
4
79
9
34
9
0
18
90
17
89
9
16
9
14
9
3
19
32
9
16
3
95
15
87
9
44
17
29
9
99
9
14
9
74
9
14
1
51
0
67
9
8
14
86
3
82
16
28
0
0
9
64
9
44
9
44
17
59
2
49
9
64
18
30
9
94
2
40
9
71
17
59
9
64
1
49
9
44
9
99
19
62
9
44
9
1
9
44
3
49
9
14
1
99
9
64
9
34
16
58
17
29
2
81
9
94
2
89
9
99
9
34
2
89
2
6
1
31
9
43
4
62
9
44
9
34
9
28
9
64
3
39
9
28
1
33
9
14
9
14
9
64
9
64
9
64
9
74
19
21
19
61
1
99
9
34
0
39
9
34
9
74
9
98
9
99
9
64
9
14
16
28
9
39
19
31
9
12
9
14
16
58
9
99
9
64
9
99
9
7
14
86
9
34
17
59
9
94
9
14
9
54
9
94
9
32
9
94
9
64
9
94
9
64
9
34
9
99
14
86
1
1
9
94
9
27
9
44
9
91
4
51
9
14
9
74
9
44
9
64
9
86
9
99
9
64
4
99
1
2
9
94
9
34
4
33
9
14
8
35
16
28
9
14
8
5
9
64
18
90
9
64
9
64
9
12
9
64
9
64
9
1
9
94
9
18
9
74
0
88
9
99
9
34
9
34
9
44
9
64
1
48
9
14
9
44
3
76
9
64
1
49
4
99
9
92
18
51
9
66
17
89
9
14
9
14
9
99
9
44
9
68
16
58
9
44
9
44
3
29
1
99
9
99
19
61
9
94
9
74
18
60
9
34
9
33
9
14
9
94
9
44
9
46
9
67
17
29
