9
14
9
42
9
34
9
20
9
91
14
26
9
92
9
93
12
84
12
84
9
34
9
43
9
73
11
53
9
42
9
42
9
50
9
99
10
82
0
70
10
52
9
12
10
52
9
60
12
84
10
52
9
99
9
99
9
99
9
34
9
34
9
1
0
30
11
53
10
22
0
10
9
99
9
41
11
83
9
41
9
72
0
0
9
14
9
93
9
11
10
52
11
83
10
22
9
20
12
24
9
34
9
74
9
94
9
81
9
61
3
90
9
33
0
70
10
22
9
60
9
26
12
24
11
23
9
64
9
13
9
99
11
53
9
94
9
63
9
74
9
14
9
13
13
55
9
96
8
35
10
22
13
85
9
44
9
64
9
20
12
84
9
14
9
43
9
99
9
74
9
20
9
11
9
34
9
27
9
20
9
42
9
42
9
94
9
99
13
55
8
35
9
44
9
99
11
23
9
62
11
53
9
62
9
14
9
91
9
14
9
33
9
17
11
83
9
74
9
34
11
83
9
34
10
82
12
24
10
82
9
91
9
99
9
99
9
99
9
37
9
11
14
56
9
12
12
84
12
84
9
93
11
53
9
14
9
42
9
34
10
82
9
42
9
33
10
22
9
74
14
26
9
91
9
11
9
40
9
94
9
44
9
99
9
12
9
20
9
10
9
41
9
13
10
82
9
73
9
91
9
71
9
32
9
68
9
13
9
72
9
72
9
33
9
14
9
71
9
14
9
99
11
83
11
53
9
32
9
63
9
13
9
42
11
52
9
70
9
62
9
68
11
53
9
92
9
99
13
25
9
94
9
12
9
44
12
54
10
82
9
19
9
92
9
92
9
43
11
83
9
70
9
99
9
99
11
53
9
14
10
22
14
86
10
82
9
71
9
10
9
99
9
96
9
31
12
54
9
99
9
14
9
90
9
50
9
99
9
64
9
94
13
85
9
63
10
22
9
11
9
12
9
64
0
70
9
73
9
46
9
33
0
50
1
61
12
54
12
24
14
81
9
44
9
99
9
93
9
74
9
14
9
20
9
32
12
24
0
87
9
7
4
10
11
53
9
32
12
54
9
74
9
41
9
62
9
63
1
69
13
25
9
44
13
25
9
73
9
31
9
81
10
52
0
10
9
27
9
93
9
34
9
37
11
23
9
62
0
20
2
44
10
82
9
21
8
85
13
55
9
61
9
99
9
94
10
82
9
99
9
99
9
74
9
34
9
44
9
8
9
21
9
50
9
46
13
85
11
53
9
68
9
40
11
83
9
87
9
42
9
93
9
99
9
94
14
56
10
52
9
64
10
82
13
85
10
52
9
11
11
23
2
61
9
14
9
71
9
44
11
53
2
49
9
73
11
23
1
69
10
82
9
13
3
19
0
20
14
26
9
94
9
43
9
48
9
34
9
31
9
73
1
60
9
34
10
22
9
70
9
11
9
99
9
12
9
62
9
33
4
9
9
51
9
34
9
43
9
99
12
54
9
41
9
99
9
11
8
25
4
69
13
85
9
94
2
88
9
92
9
71
9
91
3
99
9
18
11
53
9
14
9
34
11
53
9
44
9
41
9
99
9
40
9
32
1
39
9
64
9
43
9
34
10
22
13
85
9
20
8
75
9
94
9
10
9
43
9
94
13
82
9
61
9
74
9
12
9
31
9
99
13
55
9
31
10
52
9
86
9
80
9
34
9
63
3
79
9
73
11
23
9
11
9
42
9
64
14
21
9
27
9
10
9
92
9
70
10
22
9
80
10
22
9
94
9
94
9
32
12
54
9
94
12
54
11
23
10
52
9
39
10
52
9
21
8
90
0
0
9
31
9
42
9
94
9
20
9
99
9
40
9
48
9
61
9
74
9
94
4
29
9
13
9
64
1
80
9
72
9
99
11
53
9
60
9
34
9
8
9
99
9
73
3
59
9
32
9
61
8
5
9
87
9
99
9
78
11
83
9
93
12
24
9
13
1
9
9
72
1
39
0
10
12
22
9
63
2
89
9
81
9
89
12
54
9
61
13
82
9
71
9
99
9
32
0
59
9
12
12
24
13
85
9
10
9
48
9
71
13
25
9
61
13
25
9
64
9
32
9
94
11
53
11
23
9
8
9
32
0
89
9
6
12
54
13
25
1
97
9
72
9
94
11
23
9
99
9
93
9
40
9
40
9
80
9
99
9
42
9
41
9
99
4
27
9
28
10
52
0
20
9
90
10
22
10
52
9
80
10
52
13
85
9
32
9
33
9
3
3
2
12
54
9
40
0
50
12
24
12
24
9
91
9
33
9
92
1
39
3
49
9
34
10
22
9
44
9
42
2
67
9
64
9
50
9
80
9
19
10
22
9
14
9
99
3
28
9
62
9
31
9
36
9
13
9
13
9
14
9
14
9
8
9
99
9
99
10
82
9
92
9
13
9
99
11
83
3
69
9
99
9
88
9
48
10
82
4
11
2
31
1
69
9
61
1
51
9
72
0
10
9
18
9
43
9
44
9
31
9
92
4
69
9
33
9
34
12
84
9
98
9
14
9
78
9
64
9
63
9
72
9
37
13
25
4
29
9
44
9
46
11
23
0
22
0
29
3
15
12
52
9
99
9
56
9
99
13
85
10
52
9
62
9
42
13
25
9
90
9
79
1
79
10
82
4
21
9
43
9
99
9
93
9
32
9
33
9
99
9
99
2
81
4
19
9
42
9
77
9
44
12
24
9
99
9
34
9
99
9
94
9
94
10
52
4
42
9
80
9
31
9
92
12
24
10
52
9
92
10
52
10
52
9
74
9
20
9
99
3
9
9
63
9
72
3
21
9
12
1
79
9
48
13
85
13
55
9
33
9
43
2
29
9
73
9
74
9
99
9
61
9
72
9
32
1
21
9
40
9
90
3
19
9
92
9
32
9
63
11
83
9
74
9
37
13
85
9
14
2
79
9
14
9
43
13
22
14
56
9
73
9
44
9
66
11
83
9
51
9
94
9
24
9
44
1
37
9
12
9
41
9
61
9
63
9
72
9
99
8
45
12
84
9
61
9
33
9
78
4
69
9
99
12
54
9
64
9
3
9
32
1
39
9
80
9
62
9
59
9
44
9
42
9
13
9
74
11
23
9
41
9
31
9
44
9
34
9
41
13
85
1
39
9
20
1
9
4
59
9
99
9
64
9
12
3
21
9
99
12
83
9
99
9
34
9
99
8
65
2
69
13
55
4
79
13
25
9
62
9
91
9
31
9
13
9
73
9
44
9
31
2
59
9
64
9
42
9
93
9
11
9
99
12
84
11
83
9
63
9
34
1
99
9
27
9
41
9
99
11
83
9
44
13
25
9
63
9
77
2
98
3
81
14
86
9
64
9
99
2
78
9
99
9
12
9
41
9
64
9
93
9
94
9
62
14
56
13
55
9
68
9
62
9
46
9
73
1
94
9
94
9
80
10
52
9
30
9
70
9
3
9
10
9
99
9
93
9
64
4
69
9
92
9
41
9
93
9
34
9
64
9
12
9
99
9
76
9
34
9
62
9
13
4
85
13
85
10
52
9
32
9
99
9
99
10
82
10
22
1
89
9
64
9
77
9
3
9
32
3
99
9
12
9
44
9
34
9
14
3
8
9
74
9
74
9
62
10
52
9
62
3
91
9
62
12
84
9
56
12
54
13
85
9
51
10
52
9
43
9
40
9
14
9
71
9
32
10
52
4
30
4
79
9
33
9
0
12
84
11
83
9
17
9
14
9
3
14
26
9
16
3
95
9
81
9
42
11
23
9
99
9
12
9
74
9
13
1
51
0
67
9
8
9
80
3
82
10
22
0
0
9
64
9
42
9
40
11
53
2
49
9
64
12
24
9
94
2
40
9
71
11
53
9
62
1
49
9
44
9
99
14
56
9
41
9
1
9
41
3
49
9
14
1
99
9
64
9
34
10
52
11
23
2
81
9
93
2
89
9
99
9
34
2
89
2
6
1
31
9
43
4
62
9
44
9
32
9
28
9
64
3
39
9
28
1
33
9
13
9
12
9
62
9
64
9
62
9
73
13
21
13
55
1
99
9
34
0
39
9
34
9
71
9
98
9
99
9
64
9
11
10
22
9
39
13
25
9
12
9
12
10
52
9
99
9
62
9
99
9
7
9
80
9
31
11
53
9
94
9
11
9
54
9
94
9
32
9
92
9
64
9
92
9
63
9
32
9
99
9
80
1
1
9
92
9
27
9
44
9
91
4
51
9
12
9
73
9
43
9
62
9
86
9
99
9
64
4
99
1
2
9
92
9
30
4
33
9
13
8
35
10
22
9
14
8
5
9
63
12
84
9
62
9
61
9
12
9
62
9
62
9
1
9
94
9
18
9
74
0
88
9
99
9
33
9
34
9
44
9
64
1
48
9
14
9
40
3
76
9
64
1
49
4
99
9
92
12
51
9
67
11
83
9
14
9
12
9
99
9
44
9
68
10
52
9
42
9
44
3
29
1
99
9
99
13
55
9
92
9
74
12
54
9
32
9
33
9
13
9
93
9
42
9
46
9
67
11
23
