2
7
1
32
3
25
0
30
1
81
4
18
0
82
1
87
2
78
4
74
3
24
3
33
1
64
1
49
0
32
3
32
1
40
3
98
3
72
0
70
0
49
0
9
0
49
1
50
2
78
0
43
1
98
2
97
1
91
3
27
3
25
2
1
0
30
1
45
0
18
0
10
2
97
3
41
1
75
3
31
1
62
0
0
3
8
1
84
2
10
0
48
1
73
0
13
3
10
2
16
4
25
3
69
3
84
1
71
0
51
3
90
1
29
0
70
1
12
1
50
2
34
2
16
3
13
4
58
1
5
2
97
1
43
3
87
3
53
4
64
2
6
2
3
3
49
2
96
0
35
0
14
3
75
2
37
3
55
1
10
2
79
4
7
1
39
1
95
4
66
1
10
2
11
2
24
0
27
1
10
0
33
0
34
4
87
2
98
3
47
1
35
4
38
4
92
1
13
4
52
1
45
0
58
4
5
1
81
2
4
4
23
3
17
1
79
3
64
4
25
1
73
4
25
1
72
2
18
3
72
2
81
1
90
1
96
4
95
3
37
4
1
4
47
4
2
2
77
2
79
4
83
1
48
3
5
0
36
4
24
0
75
3
32
4
23
0
18
4
66
4
17
0
81
1
1
3
30
4
84
4
35
4
91
0
4
3
10
2
0
0
31
1
4
0
74
2
63
3
81
2
61
0
27
2
69
3
3
4
62
0
66
1
29
3
6
2
61
2
6
3
95
1
79
1
46
1
22
2
53
1
4
0
34
1
53
4
60
4
52
3
69
1
49
0
85
4
95
3
16
3
89
0
4
3
37
2
48
2
72
2
19
0
84
0
86
1
38
1
77
3
60
1
99
1
92
1
44
4
7
0
19
4
76
0
75
1
70
4
0
3
95
1
96
0
21
2
47
4
90
2
6
2
80
3
40
2
98
4
57
4
86
3
76
0
63
0
16
1
1
1
2
4
58
0
70
1
63
1
46
1
26
0
50
0
61
2
44
2
15
4
81
4
39
0
93
1
88
2
67
2
4
3
10
0
23
2
17
0
87
3
7
4
10
3
43
0
29
3
44
4
67
2
31
0
59
1
53
1
64
3
16
2
38
3
19
1
64
1
21
2
71
2
42
0
10
0
27
1
87
4
26
2
37
1
13
0
58
0
20
2
44
0
79
0
11
2
85
3
47
2
51
3
90
3
89
0
79
0
96
0
95
4
66
4
25
2
37
2
8
2
11
4
40
2
52
3
76
3
43
4
69
3
30
3
73
2
96
3
32
1
86
3
92
3
89
4
46
4
42
3
54
2
72
3
76
1
43
1
1
1
18
2
61
3
4
0
61
3
38
1
45
2
49
1
69
1
17
0
64
0
76
4
13
3
11
0
20
4
17
4
84
1
33
1
48
2
28
1
21
1
63
1
60
3
26
0
16
2
60
2
1
3
99
1
12
1
52
1
27
4
2
3
41
3
25
4
33
4
95
3
44
0
31
4
99
2
1
1
25
4
65
3
78
2
84
2
89
2
82
4
61
4
81
3
94
3
18
3
43
3
5
4
24
3
43
2
38
3
40
1
97
2
30
1
22
3
36
4
58
4
44
3
28
4
12
3
77
4
10
2
75
2
85
3
0
1
34
4
85
3
82
4
51
4
69
4
2
0
21
4
97
3
48
4
21
0
43
0
86
3
70
3
26
3
53
3
77
1
66
1
13
2
1
0
36
3
56
4
28
4
27
4
0
2
92
2
60
0
19
4
70
0
23
4
85
4
86
0
24
4
44
4
88
4
44
1
17
4
42
0
39
0
48
4
12
1
89
0
0
3
21
0
37
4
88
3
10
4
92
1
30
0
53
4
60
3
69
4
84
4
28
4
3
2
56
1
80
0
64
2
96
1
44
4
50
2
24
0
8
0
97
3
63
3
58
0
29
0
51
1
5
3
87
4
94
2
78
1
78
1
84
4
14
1
8
4
9
0
69
1
36
0
10
2
24
2
63
2
88
4
71
0
89
2
48
3
51
3
83
1
71
0
91
4
22
2
53
4
12
2
14
3
76
2
0
4
48
1
71
4
15
3
51
3
16
4
56
3
22
4
87
1
49
1
16
2
18
0
27
1
83
2
6
2
48
4
15
1
97
2
62
3
89
4
13
4
92
1
84
4
30
3
50
3
70
4
99
0
39
4
31
4
90
4
27
2
28
1
42
0
20
1
80
4
12
0
45
3
70
0
47
3
75
0
28
1
33
0
3
3
2
2
46
4
30
0
50
2
15
2
16
2
91
1
23
2
82
0
39
3
48
4
26
0
17
4
35
0
35
2
67
4
64
4
40
2
70
4
19
0
18
3
7
3
93
3
29
0
52
3
31
2
46
1
3
3
3
2
8
4
5
0
11
3
90
2
94
0
73
0
83
1
3
4
95
1
75
3
65
3
93
2
88
2
48
1
72
4
13
3
30
0
66
1
60
0
52
0
68
0
10
2
18
1
34
3
34
3
21
1
82
4
64
1
29
2
29
2
74
3
99
4
4
2
78
4
59
1
55
3
62
2
37
3
17
4
26
4
36
2
46
1
16
0
22
0
29
3
15
2
54
1
95
2
61
2
94
3
78
0
43
2
52
4
32
3
19
4
80
4
79
1
79
0
77
3
25
1
37
1
93
1
89
0
29
3
34
0
93
2
90
2
83
4
18
2
32
0
77
3
36
2
16
1
96
4
34
0
99
2
87
3
89
0
43
4
42
2
70
2
21
3
82
2
14
0
43
4
82
0
47
0
44
3
67
1
10
4
94
3
7
1
63
0
72
3
21
0
2
1
75
1
48
3
76
3
46
1
25
1
34
2
28
1
63
2
68
0
96
1
51
0
65
1
22
1
27
1
30
3
80
3
16
0
86
2
22
1
57
4
73
2
69
0
37
4
75
3
9
2
73
3
8
1
38
3
24
4
48
1
69
2
35
3
72
1
78
3
41
2
87
2
24
2
35
1
37
2
2
1
31
0
51
1
57
0
65
2
99
1
45
2
77
1
51
1
23
3
78
4
63
2
99
4
44
3
56
4
3
2
22
1
35
4
70
0
52
1
69
4
34
0
34
1
3
3
68
3
13
0
31
4
31
2
38
2
26
0
31
3
78
1
33
2
10
4
6
4
54
2
96
2
59
0
4
3
24
3
97
2
83
0
91
2
24
0
98
3
65
2
61
3
49
4
74
4
15
0
53
4
91
1
21
1
7
1
69
2
36
1
21
2
51
4
59
0
33
1
84
2
1
2
92
2
74
1
75
1
58
2
26
1
93
0
27
3
31
3
97
3
73
2
35
3
19
4
63
4
77
2
98
3
80
4
79
2
64
4
97
2
79
1
90
0
7
4
31
2
55
1
83
4
84
0
57
4
49
3
48
4
68
0
58
3
52
2
63
0
94
4
87
2
70
0
44
4
20
2
60
1
3
2
20
2
96
3
83
3
56
4
69
3
92
0
31
1
88
4
25
4
59
1
2
2
95
2
85
3
29
4
52
1
7
4
85
3
77
2
42
3
22
0
92
1
99
1
72
0
22
0
83
2
55
4
77
1
3
1
22
3
99
3
2
2
39
3
29
2
9
3
9
3
65
2
69
0
62
0
52
0
59
3
93
0
52
4
74
1
56
2
45
3
78
4
41
1
42
1
33
4
50
3
5
1
61
0
32
0
43
4
30
4
73
1
24
0
1
2
74
1
79
1
21
3
4
1
4
4
18
3
16
3
95
1
71
4
32
1
17
3
96
0
7
2
68
4
3
1
50
0
67
2
9
4
70
3
82
0
15
0
0
3
55
1
32
3
30
2
43
2
47
2
54
4
14
3
89
2
40
3
70
1
44
1
52
1
49
3
39
4
97
4
47
1
31
4
0
4
31
3
44
2
7
1
98
4
59
3
26
0
49
1
19
2
81
1
83
2
88
3
98
2
26
2
82
2
6
1
30
0
44
4
62
3
37
4
22
0
29
3
57
3
35
1
29
0
33
4
3
4
2
0
55
2
54
0
56
1
65
3
21
3
48
1
97
3
26
0
39
2
29
4
61
0
99
3
93
4
56
1
1
0
16
0
39
3
16
3
12
3
2
0
45
4
90
4
52
4
95
4
7
4
70
1
21
1
49
2
86
3
1
0
54
4
84
2
32
0
82
2
57
0
85
3
53
2
22
4
94
4
70
0
9
0
87
1
27
2
39
1
91
4
54
4
2
1
68
1
39
0
57
0
86
1
97
4
55
4
93
1
2
0
85
3
20
4
33
1
5
2
35
0
13
3
7
4
5
3
53
2
78
0
57
2
51
2
12
1
52
0
58
2
1
3
84
3
18
3
67
0
88
4
97
1
25
3
26
4
36
4
57
1
48
2
8
4
30
3
76
3
54
2
47
4
94
1
92
2
51
1
72
4
73
2
7
2
2
3
95
2
39
4
69
0
43
0
35
3
39
4
20
1
94
3
90
3
46
0
85
3
67
4
44
4
22
3
33
3
3
1
86
1
32
4
46
2
67
1
17
