9
13
9
41
9
34
8
21
9
90
13
25
9
91
9
92
11
83
11
83
9
33
9
42
9
72
10
52
9
41
9
41
9
49
9
99
9
81
0
70
9
51
9
11
9
51
9
59
11
83
9
51
9
99
9
99
9
99
9
34
9
34
9
1
0
30
10
52
9
21
0
10
9
99
9
41
10
82
9
40
9
71
0
0
9
14
9
92
9
11
9
51
10
82
9
21
9
19
11
23
9
34
9
74
9
93
9
80
9
60
3
90
9
32
0
70
9
21
9
59
9
27
11
23
10
22
9
64
9
12
9
99
10
52
9
94
9
62
9
73
9
13
9
12
12
54
9
96
8
35
9
21
12
84
9
43
9
64
9
19
11
83
9
14
9
42
9
99
9
74
9
19
9
11
9
33
9
27
9
19
9
41
9
41
9
94
9
99
12
54
8
35
9
44
9
99
10
22
9
61
10
52
9
61
9
14
9
90
9
13
9
32
9
17
10
82
9
73
9
34
10
82
9
34
9
81
11
23
9
81
9
90
9
99
9
99
9
99
9
37
9
10
13
55
9
11
11
83
11
83
9
92
10
52
9
14
9
41
9
33
9
81
9
41
9
32
9
21
9
74
13
25
9
90
9
10
9
39
9
93
9
44
9
99
9
11
9
19
9
9
9
40
9
12
9
81
9
72
9
90
9
70
9
31
9
68
9
12
9
71
9
71
9
32
9
14
9
70
9
13
9
99
10
82
10
52
9
31
9
62
9
12
9
41
10
52
9
69
9
61
9
68
10
52
9
91
9
99
12
24
9
94
9
11
9
44
11
53
9
81
9
19
9
91
9
91
9
42
10
82
9
69
9
99
9
99
10
52
9
14
9
21
13
85
9
81
9
71
9
9
9
99
9
96
9
30
11
53
9
99
9
13
9
89
9
49
9
99
9
64
9
94
12
84
9
63
9
21
9
10
9
11
9
64
0
70
9
72
9
46
9
32
0
50
1
61
11
53
11
23
13
81
9
44
9
99
9
92
9
73
9
13
9
19
9
31
11
23
0
87
9
7
4
10
10
52
9
31
11
53
9
74
9
40
9
61
9
62
1
69
12
24
9
43
12
24
9
72
9
30
9
80
9
51
0
10
9
27
9
92
9
34
9
37
10
22
9
61
0
20
2
44
9
81
9
20
8
85
12
54
9
60
9
99
9
94
9
81
9
99
9
99
9
74
9
34
9
43
9
8
9
20
9
49
9
47
12
84
10
52
9
68
9
39
10
82
9
88
9
41
9
92
9
99
9
94
13
55
9
51
9
63
9
81
12
84
9
51
9
10
10
22
2
61
9
13
9
70
9
44
10
52
2
49
9
72
10
22
1
69
9
81
9
13
3
19
0
20
13
25
9
93
9
42
9
48
9
33
9
30
9
72
1
60
9
34
9
21
9
69
9
10
9
99
9
12
9
61
9
32
4
9
9
50
9
34
9
42
9
99
11
53
9
40
9
99
9
10
8
25
4
69
12
84
9
93
2
88
9
91
9
70
9
90
3
99
9
18
10
52
9
14
9
33
10
52
9
43
9
41
9
99
9
39
9
31
1
39
9
64
9
43
9
34
9
21
12
84
9
19
8
75
9
93
9
9
9
42
9
94
12
82
9
60
9
74
9
11
9
30
9
99
12
54
9
30
9
51
9
86
9
79
9
34
9
62
3
79
9
72
10
22
9
10
9
41
9
64
13
21
9
27
9
9
9
92
9
69
9
21
9
79
9
23
9
94
9
94
9
31
11
53
9
94
11
53
10
22
9
51
9
39
9
51
9
20
7
89
0
0
9
30
9
41
9
94
9
19
9
99
9
39
9
49
9
61
9
74
9
93
4
29
9
12
9
63
1
80
9
71
9
99
10
52
9
59
9
33
9
8
9
99
9
72
3
59
9
31
9
60
8
5
9
87
9
99
9
78
10
82
9
92
11
23
9
12
1
9
9
71
1
39
0
10
11
22
9
63
2
89
9
80
9
89
11
53
9
60
12
82
9
71
9
99
9
31
0
59
9
12
11
23
12
84
9
9
9
48
9
71
12
24
9
60
12
24
9
64
9
31
9
94
10
52
10
22
9
9
9
31
0
89
9
6
11
53
12
24
1
97
9
71
9
94
10
22
9
99
9
92
9
39
9
41
9
79
9
99
9
41
9
40
9
99
4
27
9
28
9
51
0
20
9
89
9
21
9
51
9
79
9
51
12
84
9
31
9
33
9
3
3
2
11
53
9
39
0
50
11
23
11
23
9
91
9
32
9
91
1
39
3
49
9
34
9
21
9
44
9
41
2
67
9
64
9
49
9
79
9
19
9
21
9
14
9
99
3
28
9
61
9
31
9
37
9
12
9
12
9
13
9
14
9
9
9
99
9
99
9
81
9
91
9
12
9
99
10
82
3
69
9
99
9
88
9
48
9
81
4
11
2
31
1
69
9
61
1
51
9
71
0
10
9
18
9
42
9
43
9
30
9
91
4
69
9
32
9
33
11
83
9
98
9
13
9
78
9
64
9
62
9
71
9
37
12
24
4
29
9
44
9
46
10
22
0
22
0
29
3
15
11
52
9
99
9
57
9
99
12
84
9
51
9
61
9
41
12
24
9
89
9
79
1
79
9
81
4
21
9
42
9
99
9
92
9
31
9
33
9
99
9
99
2
81
4
19
9
41
9
77
9
44
11
23
9
99
9
34
9
99
9
93
9
94
9
51
4
42
9
79
9
30
9
91
11
23
9
51
9
91
9
51
9
51
9
74
9
19
9
99
3
9
9
63
9
72
3
21
9
11
1
79
9
48
12
84
12
54
9
32
9
42
2
29
9
72
9
73
9
99
9
60
9
71
9
31
1
21
9
39
9
89
3
19
9
91
9
31
9
62
10
82
9
73
9
37
12
84
9
14
2
79
9
14
9
42
12
22
13
55
9
72
9
43
9
66
10
82
9
50
9
93
9
24
9
43
1
37
9
11
9
40
9
60
9
62
9
71
9
99
8
45
11
83
9
60
9
32
9
78
4
69
9
99
11
53
9
64
9
3
9
31
1
39
9
79
9
61
9
60
9
43
9
41
9
12
9
74
10
22
9
40
9
31
9
43
9
33
9
40
12
84
1
39
9
19
1
9
4
59
9
99
9
63
9
11
3
21
9
99
11
83
9
99
9
33
9
99
8
65
2
69
12
54
4
79
12
24
9
61
9
91
9
30
9
12
9
72
9
43
9
30
2
59
9
64
9
41
9
92
9
10
9
99
11
83
10
82
9
62
9
33
1
99
9
27
9
40
9
99
10
82
9
43
12
24
9
63
9
77
2
98
3
81
13
85
9
64
9
99
2
78
9
99
9
11
9
40
9
63
9
92
9
93
9
61
13
55
12
54
9
68
9
61
9
46
9
72
1
94
9
94
9
79
9
51
9
29
9
69
9
3
9
11
9
99
9
92
9
64
4
69
9
92
9
40
9
92
9
34
9
64
9
11
9
99
9
77
9
34
9
61
9
12
4
85
12
84
9
51
9
31
9
99
9
99
9
81
9
22
1
89
9
63
9
77
9
3
9
31
3
99
9
11
9
43
9
34
9
13
3
8
9
74
9
73
9
62
9
52
9
61
3
91
9
61
11
83
9
56
11
53
12
84
9
50
9
51
9
42
9
41
9
14
9
70
9
32
9
51
4
30
4
79
9
32
9
0
11
83
10
82
9
18
9
13
9
3
13
25
9
16
3
95
9
80
9
41
10
22
9
99
9
11
9
73
9
12
1
51
0
67
9
8
9
79
3
82
9
21
0
0
9
64
9
41
9
39
10
52
2
49
9
63
11
23
9
94
2
40
9
71
10
52
9
61
1
49
9
44
9
99
13
55
9
40
9
1
9
40
3
49
9
13
1
99
9
64
9
34
9
51
10
22
2
81
9
92
2
89
9
99
9
33
2
89
2
6
1
31
9
43
4
62
9
44
9
31
9
28
9
64
3
39
9
28
1
33
9
12
9
11
9
61
9
63
9
61
9
72
12
21
12
54
1
99
9
34
0
39
9
33
9
70
9
98
9
99
9
64
9
10
9
21
9
39
12
24
9
12
9
11
9
51
9
99
9
61
9
99
9
7
9
79
9
30
10
52
9
93
9
10
9
54
9
93
9
32
9
91
9
63
9
91
9
62
9
31
9
99
9
79
1
1
9
91
9
27
9
43
9
91
4
51
9
11
9
72
9
42
9
61
9
86
9
99
9
64
4
99
1
2
9
91
9
29
4
33
9
12
8
35
9
21
9
14
8
5
9
62
11
83
9
61
9
60
9
12
9
61
9
61
9
1
9
93
9
18
9
74
0
88
9
99
9
32
9
34
9
44
9
64
1
48
9
13
9
39
3
76
9
63
1
49
4
99
9
92
11
51
9
68
10
82
9
13
9
11
9
99
9
43
9
68
9
51
9
41
9
44
3
29
1
99
9
99
12
54
9
91
9
74
11
53
9
31
9
33
9
12
9
92
9
41
9
46
9
67
10
22
