9
11
8
39
9
32
6
23
8
88
11
23
7
89
8
90
9
81
9
81
9
31
9
40
8
70
8
50
7
39
9
39
7
47
9
99
9
79
0
70
7
49
7
9
7
49
7
57
9
81
7
49
8
99
9
99
8
98
9
32
9
32
9
1
0
30
8
50
7
19
0
10
9
99
9
41
8
80
9
38
8
69
0
0
9
12
8
90
8
11
7
49
8
80
7
19
9
17
9
21
9
32
9
72
9
91
8
78
7
58
3
90
8
30
0
70
8
19
7
57
9
29
9
21
9
20
9
63
8
10
9
99
8
50
9
92
9
60
9
71
9
11
9
10
10
52
9
96
7
35
7
19
10
82
9
41
9
62
7
17
9
81
9
13
8
40
8
99
9
73
7
17
9
11
9
31
7
27
7
17
7
39
7
39
9
93
9
99
10
52
8
35
9
43
9
99
8
20
9
59
8
50
7
59
9
12
8
88
9
11
9
30
9
17
8
80
9
71
9
32
8
80
9
32
8
79
9
21
9
79
9
88
7
97
8
99
9
99
9
37
9
8
11
53
9
9
9
81
9
81
9
90
8
50
9
12
7
39
9
31
7
79
9
39
9
30
7
19
9
73
11
23
7
88
8
8
9
37
9
91
9
42
9
98
7
9
9
17
8
7
7
38
8
10
7
79
9
70
9
88
9
68
7
29
9
68
9
10
9
69
7
69
8
30
9
12
9
68
9
11
9
99
8
80
8
50
8
29
9
60
8
10
7
39
8
53
9
67
9
59
9
68
8
50
7
89
9
99
10
22
9
92
7
9
9
42
9
51
9
79
9
19
7
89
7
89
8
40
8
80
9
67
8
99
8
99
8
50
9
13
7
19
11
83
7
79
7
71
9
7
9
99
8
96
7
28
9
51
9
97
9
11
8
87
9
47
9
99
9
63
9
93
10
82
7
63
7
19
8
8
8
9
9
63
0
70
8
70
8
46
8
30
0
50
1
61
9
51
9
21
11
81
9
43
7
99
8
90
9
71
9
11
9
17
7
29
9
21
0
87
9
7
4
10
9
50
7
29
9
51
9
73
9
38
7
59
8
60
1
69
10
22
9
41
10
22
8
70
8
28
9
78
9
49
0
10
7
27
8
90
9
33
9
37
8
20
7
59
0
20
2
44
7
79
7
18
8
85
10
52
9
58
9
97
9
92
7
79
7
99
7
99
9
73
9
32
9
41
9
8
9
18
9
47
9
49
10
82
9
50
9
68
9
37
9
80
8
90
9
39
8
90
9
99
9
92
11
53
9
49
9
61
9
79
10
82
8
49
8
8
8
20
2
61
9
11
7
68
9
42
8
50
2
49
8
70
8
20
1
69
7
79
9
13
3
18
0
20
11
23
9
91
8
40
8
48
9
31
8
28
8
70
1
60
9
32
7
19
8
67
9
8
9
99
8
12
8
59
8
30
4
9
9
48
9
32
9
40
9
99
9
51
7
38
9
99
9
8
8
25
4
69
10
82
9
91
2
88
9
89
9
68
9
88
3
99
9
18
9
50
9
12
9
31
9
50
9
41
9
41
8
99
8
37
8
29
1
39
9
63
9
43
9
32
9
19
10
82
9
17
8
75
9
91
9
7
8
40
9
92
10
82
9
58
9
73
9
9
7
28
9
99
10
52
9
28
7
49
7
86
9
77
9
32
9
60
3
79
8
70
8
20
9
8
7
39
9
62
11
21
9
27
9
7
9
92
8
67
7
19
9
77
7
23
9
92
9
93
7
29
9
51
9
93
9
51
8
20
9
49
7
39
7
49
9
18
5
89
0
0
9
28
7
39
9
93
9
17
9
99
7
37
7
51
9
61
9
72
9
91
4
29
9
10
9
61
1
80
7
69
9
99
8
50
9
57
9
31
7
8
7
99
9
70
3
59
7
29
7
58
8
5
9
87
9
99
9
78
8
80
8
90
9
21
8
10
1
9
7
69
1
39
0
10
9
23
9
63
2
89
9
78
7
89
9
51
9
58
10
82
8
71
7
98
9
29
0
59
9
12
9
21
10
82
8
7
9
48
8
71
10
22
9
58
10
22
9
63
9
29
9
93
8
50
8
20
9
11
7
29
0
89
9
6
9
51
10
22
1
97
9
69
9
92
9
20
9
99
8
90
9
37
9
43
9
77
9
99
7
39
9
38
9
97
4
27
9
28
8
49
0
20
7
87
9
19
7
49
9
77
7
49
10
82
7
29
8
33
7
3
3
2
9
51
9
37
0
50
9
21
9
21
9
91
8
30
9
89
1
39
3
49
9
33
7
19
9
42
7
39
2
67
9
64
9
47
8
77
9
19
7
19
9
12
9
99
3
28
7
59
9
31
9
39
8
10
9
10
9
11
9
12
7
11
9
97
9
99
7
79
7
89
8
10
9
99
8
80
3
69
9
99
9
88
9
48
8
79
4
11
2
31
1
69
7
61
1
51
7
69
0
10
9
18
8
40
9
41
9
28
8
89
4
69
8
30
9
31
9
81
9
98
9
11
9
78
9
63
8
60
9
69
9
37
10
22
4
29
9
43
9
46
8
20
0
22
0
29
3
15
9
53
8
99
9
59
9
99
10
82
7
49
9
59
9
39
10
22
9
87
9
79
1
79
7
79
4
21
8
40
8
99
8
90
7
29
9
33
7
99
8
97
2
81
4
19
9
39
7
77
9
42
9
21
8
99
9
34
7
99
9
91
9
92
7
49
4
42
8
77
9
28
9
89
9
21
7
49
9
89
7
49
7
49
9
72
7
17
9
99
3
9
8
63
7
72
3
21
7
9
1
79
8
48
10
82
10
52
8
30
8
40
2
29
8
70
9
71
7
99
8
58
7
69
8
29
1
21
7
37
9
87
3
19
7
89
9
29
8
60
9
80
9
71
7
37
10
82
9
12
2
79
9
12
8
40
10
22
11
53
8
70
9
41
9
68
8
80
9
48
9
91
9
24
9
41
1
37
9
9
8
38
7
58
8
60
7
69
9
99
8
45
9
81
8
58
8
30
9
78
4
69
9
99
9
51
9
62
9
3
9
29
1
39
9
77
7
59
8
62
9
41
7
39
8
10
9
72
9
20
7
38
9
31
9
41
9
31
7
38
10
82
1
39
8
17
1
9
4
59
9
99
9
61
7
9
3
21
9
99
9
83
7
98
9
31
7
99
8
65
2
68
10
52
4
79
10
22
7
59
9
91
8
28
8
10
8
70
9
41
8
28
2
58
9
63
7
39
8
90
9
8
9
99
9
81
8
80
8
60
9
31
1
99
7
27
9
38
9
99
9
80
9
41
10
22
9
63
9
77
2
98
3
81
11
83
9
64
9
99
2
78
7
97
7
9
9
38
9
61
8
90
9
91
7
59
11
53
10
52
9
68
7
59
9
48
9
70
1
94
9
93
8
77
7
49
9
27
8
67
8
3
8
13
9
99
9
90
9
62
4
69
9
92
7
38
8
90
9
32
9
63
8
9
9
99
9
79
9
32
9
59
8
10
4
85
10
82
9
49
9
29
7
99
8
99
8
79
7
22
1
89
9
61
9
77
8
3
8
29
3
99
9
9
9
41
9
32
9
11
3
8
9
72
9
71
7
62
7
52
7
59
3
91
7
59
9
81
8
56
9
51
10
82
9
48
8
49
8
40
9
43
9
12
8
68
7
32
7
49
4
30
4
79
8
30
7
1
9
81
8
80
8
20
9
11
8
4
11
23
9
16
3
95
8
78
9
39
8
20
9
99
7
9
9
71
9
10
1
51
0
67
9
8
9
77
3
82
7
19
0
0
9
62
8
39
9
37
9
50
2
49
9
61
9
21
9
92
2
40
9
71
8
50
8
59
1
49
9
42
9
99
11
53
8
38
9
1
9
38
3
49
9
11
1
99
9
63
9
32
7
49
8
20
2
81
8
90
2
89
9
99
9
31
2
89
2
6
1
31
7
44
4
62
9
42
9
29
7
28
9
62
3
39
8
28
1
33
9
10
9
9
7
59
9
61
7
59
8
70
10
21
10
52
1
99
9
32
0
39
9
31
9
68
7
98
7
99
9
63
8
8
7
19
7
39
10
22
9
12
9
9
7
49
9
97
9
59
9
99
9
7
9
77
8
28
8
50
9
91
9
8
7
54
9
91
9
32
7
89
9
61
7
89
9
60
9
29
9
99
9
77
1
2
7
89
8
27
9
41
8
91
4
51
9
9
8
70
8
40
7
59
7
86
8
99
9
62
4
99
1
2
7
89
9
27
4
33
8
10
8
35
7
19
9
12
8
5
9
60
9
81
7
59
9
58
9
12
8
59
7
59
9
1
9
91
9
18
9
72
0
88
9
99
8
30
9
32
9
43
9
63
1
48
9
11
9
37
3
76
9
61
1
49
4
99
8
92
9
51
8
70
9
80
9
11
9
9
9
99
9
41
9
68
7
49
7
39
9
42
3
27
1
99
9
97
10
52
7
89
9
72
9
51
9
29
9
33
9
10
8
90
8
39
9
46
9
67
8
20
