6
9
5
36
7
29
3
26
5
85
8
20
4
86
5
89
6
79
8
78
7
28
7
37
5
68
5
49
4
36
7
36
4
44
7
99
7
76
0
70
4
49
4
9
4
49
4
54
6
79
4
47
5
99
6
99
5
95
7
29
7
29
6
1
0
30
5
49
4
19
0
10
6
99
7
41
5
79
7
35
5
66
0
0
7
9
5
88
5
11
4
49
5
77
4
17
6
14
6
19
8
29
7
69
7
88
5
75
4
55
3
90
5
29
0
70
5
16
4
54
6
31
6
19
7
17
8
60
5
9
6
99
5
47
7
89
7
57
8
68
6
9
6
7
7
49
6
96
4
35
4
18
7
79
6
39
7
59
4
14
6
79
8
10
5
39
5
99
8
70
4
14
6
11
6
28
4
27
4
14
4
37
4
38
8
90
6
99
7
49
5
35
8
40
8
96
5
17
8
56
5
49
4
59
8
9
5
85
6
8
8
27
7
17
5
79
7
68
8
29
5
77
8
29
5
76
6
19
7
76
6
85
4
94
5
99
8
99
7
37
8
5
8
50
8
6
6
79
6
79
8
87
5
49
7
9
4
39
8
28
4
79
7
36
8
27
4
19
8
70
8
20
4
85
5
5
6
34
8
88
8
39
8
95
4
8
6
14
5
4
4
35
5
8
4
78
6
67
7
85
6
65
4
29
6
68
7
7
8
66
4
69
5
29
7
9
6
65
6
9
7
99
5
79
5
49
5
26
6
57
5
8
4
38
5
53
7
64
8
56
7
68
5
49
4
89
8
98
7
19
7
89
4
8
7
39
6
49
6
76
6
19
4
88
4
89
5
39
5
79
6
64
5
99
5
96
5
48
8
10
4
19
8
80
4
79
4
71
7
4
7
99
5
96
4
25
6
49
7
94
6
9
5
84
6
44
6
99
8
60
8
90
7
79
4
63
4
19
5
5
5
6
8
60
0
70
5
67
5
46
5
29
0
50
1
61
6
48
6
19
8
81
8
40
4
97
5
89
6
69
6
8
6
14
4
27
6
19
0
87
7
7
4
10
7
47
4
29
7
48
8
70
6
35
4
59
5
57
1
68
7
19
6
39
7
19
5
68
5
25
6
75
6
46
0
10
4
27
5
89
8
30
6
37
5
17
4
59
0
20
2
44
4
79
4
15
6
85
7
49
6
55
6
94
7
89
4
79
4
99
4
99
8
70
8
29
6
39
6
8
6
15
7
44
6
51
7
79
7
47
8
68
6
34
7
77
5
92
7
36
5
89
7
96
7
89
8
50
8
46
7
58
6
76
7
79
5
46
5
5
5
19
2
61
7
8
4
65
7
39
5
49
2
49
5
69
5
19
1
68
4
79
8
13
3
15
0
20
8
20
8
88
5
37
5
48
6
29
5
25
5
67
1
60
7
29
4
19
5
64
6
5
7
99
5
12
5
56
5
29
4
6
7
45
7
29
8
37
8
99
7
48
4
35
8
99
6
5
5
25
4
69
7
79
6
88
2
88
6
86
8
65
8
85
3
98
7
18
7
47
7
9
8
28
7
47
6
39
6
41
5
99
5
34
5
26
1
39
8
60
8
44
7
29
8
16
7
79
7
14
6
75
6
89
6
4
5
38
8
89
7
82
8
55
8
70
8
6
4
25
8
99
7
49
8
25
4
47
4
86
6
74
7
29
7
57
3
79
5
69
5
17
6
5
4
39
7
59
8
24
8
27
7
4
6
92
5
64
4
19
7
74
4
23
8
89
8
90
4
28
8
48
8
90
8
48
5
19
8
46
4
39
4
49
8
15
4
89
0
0
7
25
4
39
8
90
6
14
8
96
4
34
4
51
7
61
7
69
8
88
4
29
8
7
6
59
1
80
4
68
6
99
5
48
7
54
6
28
4
8
4
99
7
67
3
59
4
29
4
55
5
5
7
87
8
98
6
78
5
79
5
88
8
18
5
9
1
9
4
69
1
39
0
10
6
24
6
63
2
89
8
75
4
89
6
49
7
55
7
83
5
71
4
95
8
26
0
57
8
12
6
18
7
79
5
4
8
48
5
71
8
19
7
55
7
19
8
60
7
26
8
90
5
49
5
19
6
14
4
29
0
87
6
6
6
49
8
19
1
97
6
66
7
89
8
17
8
96
5
88
7
34
6
46
6
74
8
99
4
39
8
35
7
94
4
27
6
28
5
46
0
20
4
84
8
16
4
49
6
74
4
49
7
79
4
29
5
33
4
3
3
2
6
49
7
34
0
50
6
19
6
19
6
91
5
27
6
86
1
39
3
49
8
30
4
19
8
39
4
39
2
67
8
64
7
44
5
74
8
19
4
19
7
9
7
97
3
28
4
56
7
31
6
42
5
7
7
7
6
9
8
9
4
11
6
94
6
98
4
77
4
87
5
7
8
99
5
79
3
69
7
97
6
88
6
48
5
76
4
11
2
31
1
69
4
61
1
51
4
69
0
10
6
18
5
38
7
38
7
25
5
86
4
68
5
29
6
29
6
78
7
98
8
8
6
78
8
60
5
59
7
66
6
37
7
19
4
29
8
40
6
46
5
19
0
22
0
29
3
15
6
54
5
99
6
61
6
98
7
79
4
47
6
56
8
36
7
19
7
84
8
79
1
79
4
79
4
21
5
39
5
97
5
89
4
29
7
34
4
97
5
94
2
81
4
19
6
36
4
77
7
39
6
19
5
99
8
34
4
99
6
89
7
89
4
47
4
42
5
74
6
25
7
86
6
18
4
47
8
86
4
49
4
48
7
69
4
14
8
98
3
9
5
63
4
72
3
21
4
6
1
79
5
48
7
79
7
49
5
29
5
38
2
29
5
67
6
69
4
99
5
55
4
69
5
26
1
23
4
34
6
84
3
19
4
89
6
26
5
59
8
77
6
69
4
37
8
79
7
9
2
77
7
9
5
39
7
24
8
50
5
69
6
39
7
71
5
79
7
45
6
89
6
24
6
39
1
37
6
6
5
35
4
55
5
59
4
69
6
99
5
45
6
79
5
55
5
27
7
78
4
67
6
99
8
48
7
59
8
3
6
26
1
39
7
74
4
56
5
65
8
38
4
38
5
7
7
69
7
17
4
35
8
31
6
39
6
29
4
35
7
79
1
37
5
14
1
9
4
58
6
99
6
59
4
8
3
21
7
99
6
83
4
95
6
28
4
99
7
65
2
65
7
49
4
78
8
19
4
57
8
91
5
25
5
9
5
69
6
39
5
25
2
55
8
60
4
37
5
88
6
5
6
96
6
78
5
79
5
59
6
29
1
97
4
27
7
35
7
99
7
77
6
39
7
19
8
63
8
77
2
98
3
81
8
80
6
64
8
99
2
78
4
94
4
9
8
35
6
59
5
87
8
88
4
59
8
50
7
49
8
68
4
59
7
51
6
67
1
94
8
90
5
74
4
48
7
24
5
64
5
3
5
16
6
99
7
87
7
59
4
69
7
92
4
35
5
89
8
29
8
60
5
6
6
99
6
81
7
29
8
56
5
9
4
85
7
79
6
46
7
26
4
96
5
99
5
76
4
22
1
87
6
59
8
77
5
3
5
26
3
99
7
6
6
39
7
29
6
9
3
8
7
69
6
69
4
62
4
52
4
59
3
91
4
56
8
78
5
56
6
49
7
79
8
45
5
46
5
37
7
46
7
9
5
65
4
32
4
47
4
30
4
77
5
28
4
1
6
78
5
79
5
21
7
8
5
4
8
20
7
16
3
95
5
75
8
36
5
19
7
99
4
9
6
69
8
7
1
51
0
67
6
8
7
74
3
82
4
19
0
0
7
59
5
36
6
34
6
47
2
49
6
58
8
18
7
89
2
40
6
71
5
48
5
56
1
49
7
39
8
99
8
50
5
35
7
1
8
35
3
48
6
9
1
99
8
60
7
29
4
49
5
19
2
81
5
87
2
89
7
99
6
29
2
86
2
6
1
31
4
44
4
62
7
39
8
26
4
28
7
59
3
39
5
28
1
33
8
7
8
6
4
59
6
58
4
59
5
69
7
21
7
49
1
99
7
29
0
39
6
29
8
65
4
98
5
97
8
60
5
5
4
19
4
39
7
19
7
12
7
6
4
49
7
94
8
56
8
99
8
7
7
74
5
25
5
49
6
89
7
5
4
54
8
88
6
32
4
86
6
59
4
89
7
57
6
26
8
98
7
74
1
5
4
89
5
27
6
39
5
91
4
51
8
6
5
69
5
39
4
59
4
86
5
99
8
59
4
97
1
2
4
89
6
24
4
33
5
9
6
35
4
17
7
9
8
5
7
57
6
79
4
59
6
55
6
12
5
56
4
59
6
1
7
88
7
18
7
69
0
88
8
99
5
29
7
29
8
40
8
60
1
48
6
9
7
34
3
76
7
58
1
49
4
98
5
92
6
51
5
71
8
77
6
9
6
6
7
99
6
39
8
68
4
47
4
39
7
39
3
24
1
98
6
94
7
49
4
89
7
69
8
48
8
26
7
33
7
7
5
89
5
36
8
46
6
67
5
19
