9
14
9
44
9
34
9
17
9
94
17
29
9
94
9
94
15
87
15
87
9
34
9
44
9
74
14
56
9
44
9
44
11
53
9
99
13
85
0
70
13
55
9
14
13
55
9
63
15
87
13
55
9
99
9
99
9
99
9
34
9
34
9
1
0
30
14
56
13
25
0
10
9
99
9
41
14
86
9
44
9
74
0
0
9
14
9
94
9
11
13
55
14
86
13
25
11
23
15
27
9
34
9
74
9
94
12
84
9
64
3
90
9
34
0
70
13
25
9
63
9
26
15
27
14
26
9
64
9
14
9
99
14
56
9
94
9
64
9
74
9
14
9
14
16
58
9
96
8
35
13
25
16
88
9
44
9
64
11
23
15
87
9
14
9
44
9
99
9
74
11
23
9
11
9
34
9
27
11
23
9
44
9
44
9
94
9
99
16
58
8
35
9
44
9
99
14
26
9
64
14
56
9
64
9
14
9
94
9
14
9
34
9
17
14
86
9
74
9
34
14
86
9
34
13
85
15
27
13
85
9
94
9
99
9
99
9
99
9
37
9
14
17
59
9
14
15
87
15
87
9
94
14
56
9
14
9
44
9
34
13
85
9
44
9
34
13
25
9
74
17
29
9
94
9
14
9
43
9
94
9
44
9
99
9
14
11
23
9
13
9
44
9
14
13
85
9
74
9
94
9
74
9
34
9
68
9
14
9
74
9
74
9
34
9
14
9
74
9
14
9
99
14
86
14
56
9
34
9
64
9
14
9
44
14
52
9
73
9
64
9
68
14
56
9
94
9
99
16
28
9
94
9
14
9
44
15
57
13
85
9
19
9
94
9
94
9
44
14
86
9
73
9
99
9
99
14
56
9
14
13
25
17
89
13
85
9
71
9
13
9
99
9
96
9
34
15
57
9
99
9
14
9
93
11
53
9
99
9
64
9
94
16
88
9
63
13
25
9
14
9
14
9
64
0
70
9
74
9
46
9
34
0
50
1
61
15
57
15
27
17
81
9
44
9
99
9
94
9
74
9
14
11
23
9
34
15
27
0
87
9
7
4
10
14
56
9
34
15
57
9
74
9
44
9
64
9
64
1
69
16
28
9
44
16
28
9
74
9
34
12
84
13
55
0
10
9
27
9
94
9
34
9
37
14
26
9
64
0
20
2
44
13
85
12
24
8
85
16
58
9
64
9
99
9
94
13
85
9
99
9
99
9
74
9
34
9
44
9
8
12
24
11
53
9
46
16
88
14
56
9
68
9
43
14
86
9
86
9
44
9
94
9
99
9
94
17
59
13
55
9
64
13
85
16
88
13
55
9
14
14
26
2
61
9
14
9
74
9
44
14
56
2
49
9
74
14
26
1
69
13
85
9
13
3
19
0
20
17
29
9
94
9
44
9
48
9
34
9
34
9
74
1
60
9
34
13
25
9
73
9
14
9
99
9
12
9
64
9
34
4
9
12
54
9
34
9
44
9
99
15
57
9
44
9
99
9
14
8
25
4
69
16
88
9
94
2
88
9
94
9
74
9
94
3
99
9
18
14
56
9
14
9
34
14
56
9
44
9
41
9
99
9
43
9
34
1
39
9
64
9
43
9
34
13
25
16
88
11
23
8
75
9
94
9
13
9
44
9
94
16
82
9
64
9
74
9
14
9
34
9
99
16
58
9
34
13
55
9
86
11
83
9
34
9
64
3
79
9
74
14
26
9
14
9
44
9
64
17
21
9
27
9
13
9
92
9
73
13
25
11
83
13
22
9
94
9
94
9
34
15
57
9
94
15
57
14
26
13
55
9
39
13
55
12
24
9
93
0
0
9
34
9
44
9
94
11
23
9
99
9
43
9
46
9
61
9
74
9
94
4
29
9
14
9
64
1
80
9
74
9
99
14
56
9
63
9
34
9
8
9
99
9
74
3
59
9
34
9
64
8
5
9
87
9
99
9
78
14
86
9
94
15
27
9
14
1
9
9
74
1
39
0
10
15
22
9
63
2
89
12
84
9
89
15
57
9
64
16
82
9
71
9
99
9
34
0
59
9
12
15
27
16
88
9
13
9
48
9
71
16
28
9
64
16
28
9
64
9
34
9
94
14
56
14
26
9
6
9
34
0
89
9
6
15
57
16
28
1
97
9
74
9
94
14
26
9
99
9
94
9
43
9
37
11
83
9
99
9
44
9
44
9
99
4
27
9
28
13
55
0
20
9
93
13
25
13
55
11
83
13
55
16
88
9
34
9
33
9
3
3
2
15
57
9
43
0
50
15
27
15
27
9
91
9
34
9
94
1
39
3
49
9
34
13
25
9
44
9
44
2
67
9
64
11
53
11
83
9
19
13
25
9
14
9
99
3
28
9
64
9
31
9
36
9
14
9
14
9
14
9
14
9
6
9
99
9
99
13
85
9
94
9
14
9
99
14
86
3
69
9
99
9
88
9
48
13
85
4
11
2
31
1
69
9
61
1
51
9
74
0
10
9
18
9
44
9
44
9
34
9
94
4
69
9
34
9
34
15
87
9
98
9
14
9
78
9
64
9
64
9
74
9
37
16
28
4
29
9
44
9
46
14
26
0
22
0
29
3
15
15
52
9
99
9
56
9
99
16
88
13
55
9
64
9
44
16
28
9
93
9
79
1
79
13
85
4
21
9
44
9
99
9
94
9
34
9
33
9
99
9
99
2
81
4
19
9
44
9
77
9
44
15
27
9
99
9
34
9
99
9
94
9
94
13
55
4
42
11
83
9
34
9
94
15
27
13
55
9
94
13
55
13
55
9
74
11
23
9
99
3
9
9
63
9
72
3
21
9
14
1
79
9
48
16
88
16
58
9
34
9
44
2
29
9
74
9
74
9
99
9
64
9
74
9
34
1
21
9
43
9
93
3
19
9
94
9
34
9
64
14
86
9
74
9
37
16
88
9
14
2
79
9
14
9
44
16
22
17
59
9
74
9
44
9
66
14
86
12
54
9
94
9
24
9
44
1
37
9
14
9
44
9
64
9
64
9
74
9
99
8
45
15
87
9
64
9
34
9
78
4
69
9
99
15
57
9
64
9
3
9
34
1
39
11
83
9
64
9
56
9
44
9
44
9
14
9
74
14
26
9
44
9
31
9
44
9
34
9
44
16
88
1
39
11
23
1
9
4
59
9
99
9
64
9
14
3
21
9
99
15
83
9
99
9
34
9
99
8
65
2
69
16
58
4
79
16
28
9
64
9
91
9
34
9
14
9
74
9
44
9
34
2
59
9
64
9
44
9
94
9
14
9
99
15
87
14
86
9
64
9
34
1
99
9
27
9
44
9
99
14
86
9
44
16
28
9
63
9
77
2
98
3
81
17
89
9
64
9
99
2
78
9
99
9
14
9
44
9
64
9
94
9
94
9
64
17
59
16
58
9
68
9
64
9
46
9
74
1
94
9
94
11
83
13
55
9
33
9
73
9
3
9
7
9
99
9
94
9
64
4
69
9
92
9
44
9
94
9
34
9
64
9
14
9
99
9
76
9
34
9
64
9
14
4
85
16
88
13
55
9
34
9
99
9
99
13
85
13
22
1
89
9
64
9
77
9
3
9
34
3
99
9
14
9
44
9
34
9
14
3
8
9
74
9
74
9
62
13
52
9
64
3
91
9
64
15
87
9
56
15
57
16
88
12
54
13
55
9
44
9
37
9
14
9
74
9
32
13
55
4
30
4
79
9
34
9
0
15
87
14
86
9
16
9
14
9
3
17
29
9
16
3
95
12
84
9
44
14
26
9
99
9
14
9
74
9
14
1
51
0
67
9
8
11
83
3
82
13
25
0
0
9
64
9
44
9
43
14
56
2
49
9
64
15
27
9
94
2
40
9
71
14
56
9
64
1
49
9
44
9
99
17
59
9
44
9
1
9
44
3
49
9
14
1
99
9
64
9
34
13
55
14
26
2
81
9
94
2
89
9
99
9
34
2
89
2
6
1
31
9
43
4
62
9
44
9
34
9
28
9
64
3
39
9
28
1
33
9
14
9
14
9
64
9
64
9
64
9
74
16
21
16
58
1
99
9
34
0
39
9
34
9
74
9
98
9
99
9
64
9
14
13
25
9
39
16
28
9
12
9
14
13
55
9
99
9
64
9
99
9
7
11
83
9
34
14
56
9
94
9
14
9
54
9
94
9
32
9
94
9
64
9
94
9
64
9
34
9
99
11
83
1
1
9
94
9
27
9
44
9
91
4
51
9
14
9
74
9
44
9
64
9
86
9
99
9
64
4
99
1
2
9
94
9
33
4
33
9
14
8
35
13
25
9
14
8
5
9
64
15
87
9
64
9
64
9
12
9
64
9
64
9
1
9
94
9
18
9
74
0
88
9
99
9
34
9
34
9
44
9
64
1
48
9
14
9
43
3
76
9
64
1
49
4
99
9
92
15
51
9
66
14
86
9
14
9
14
9
99
9
44
9
68
13
55
9
44
9
44
3
29
1
99
9
99
16
58
9
94
9
74
15
57
9
34
9
33
9
14
9
94
9
44
9
46
9
67
14
26
