7
9
6
37
8
30
4
25
6
86
9
21
5
87
6
89
7
79
9
79
8
29
8
38
6
69
6
49
5
37
8
37
5
45
8
99
8
77
0
70
5
49
5
9
5
49
5
55
7
79
5
48
6
99
7
99
6
96
8
30
8
30
7
1
0
30
6
49
5
19
0
10
7
99
8
41
6
79
8
36
6
67
0
0
8
10
6
89
6
11
5
49
6
78
5
18
7
15
7
19
9
30
8
70
8
89
6
76
5
56
3
90
6
29
0
70
6
17
5
55
7
31
7
19
8
18
9
61
6
9
7
99
6
48
8
90
8
58
9
69
7
9
7
8
8
50
7
96
5
35
5
19
8
80
7
39
8
60
5
15
7
79
9
11
6
39
6
99
9
71
5
15
7
11
7
29
5
27
5
15
5
38
5
39
9
91
7
99
8
50
6
35
9
41
9
97
6
18
9
57
6
49
5
59
9
10
6
86
7
9
9
28
8
17
6
79
8
69
9
30
6
78
9
30
6
77
7
19
8
77
7
86
5
95
6
99
9
99
8
37
8
6
9
51
9
7
7
79
7
79
9
88
6
49
8
10
5
39
9
29
5
79
8
37
9
28
5
19
9
71
9
21
5
86
6
6
7
35
9
89
9
40
8
96
5
9
7
15
6
5
5
36
6
9
5
79
7
68
8
86
7
66
5
29
7
68
8
8
9
67
5
69
6
29
8
10
7
66
7
9
8
99
6
79
6
49
6
27
7
58
6
9
5
39
6
53
8
65
9
57
8
68
6
49
5
89
9
99
8
20
8
90
5
9
8
40
7
49
7
77
7
19
5
89
5
89
6
39
6
79
7
65
6
99
6
97
6
49
9
11
5
19
9
81
5
79
5
71
8
5
8
99
6
96
5
26
7
49
8
95
7
9
6
85
7
45
7
99
9
61
9
91
8
80
5
63
5
19
6
6
6
7
9
61
0
70
6
68
6
46
6
29
0
50
1
61
7
49
7
19
9
81
9
41
5
98
6
89
7
69
7
9
7
15
5
28
7
19
0
87
8
7
4
10
8
48
5
29
8
49
9
71
7
36
5
59
6
58
1
69
8
20
7
39
8
20
6
69
6
26
7
76
7
47
0
10
5
27
6
89
9
31
7
37
6
18
5
59
0
20
2
44
5
79
5
16
7
85
8
50
7
56
7
95
8
90
5
79
5
99
5
99
9
71
9
30
7
39
7
8
7
16
8
45
7
51
8
80
8
48
9
68
7
35
8
78
6
91
8
37
6
89
8
97
8
90
9
51
9
47
8
59
7
77
8
80
6
47
6
6
6
19
2
61
8
9
5
66
8
40
6
49
2
49
6
69
6
19
1
69
5
79
9
13
3
16
0
20
9
21
9
89
6
38
6
48
7
29
6
26
6
68
1
60
8
30
5
19
6
65
7
6
8
99
6
12
6
57
6
29
4
7
8
46
8
30
9
38
9
99
8
49
5
36
9
99
7
6
6
25
4
69
8
80
7
89
2
88
7
87
8
66
8
86
3
99
8
18
8
48
8
10
9
29
8
48
7
39
7
41
6
99
6
35
6
27
1
39
9
61
9
43
8
30
9
17
8
80
8
15
7
75
7
89
7
5
6
39
9
90
8
82
8
56
9
71
9
7
5
26
9
99
8
50
8
26
5
48
5
86
7
75
8
30
8
58
3
79
6
69
6
18
7
6
5
39
8
60
9
23
9
27
8
5
7
92
6
65
5
19
8
75
5
23
9
90
9
91
5
29
9
49
9
91
9
49
6
19
9
47
5
39
5
49
8
16
5
89
0
0
8
26
5
39
9
91
7
15
9
97
5
35
5
51
8
61
8
70
9
89
4
29
9
8
7
59
1
80
5
69
7
99
6
49
8
55
7
29
5
8
5
99
8
68
3
59
5
29
5
56
6
5
8
87
9
99
7
78
6
79
6
89
9
19
6
9
1
9
5
69
1
39
0
10
7
24
7
63
2
89
8
76
5
89
7
49
8
56
8
83
6
71
5
96
9
27
0
58
9
12
7
19
8
80
6
5
9
48
6
71
9
20
8
56
8
20
9
61
8
27
9
91
6
49
6
19
7
13
5
29
0
88
7
6
7
49
9
20
1
97
7
67
8
90
9
18
9
97
6
89
8
35
7
45
7
75
9
99
5
39
8
36
8
95
4
27
7
28
6
47
0
20
5
85
9
17
5
49
7
75
5
49
8
80
5
29
6
33
5
3
3
2
7
49
8
35
0
50
7
19
7
19
7
91
6
28
7
87
1
39
3
49
9
31
5
19
9
40
5
39
2
67
9
64
8
45
6
75
9
19
5
19
8
10
8
98
3
28
5
57
8
31
7
41
6
8
8
8
7
9
9
10
5
11
7
95
7
99
5
78
5
88
6
8
9
99
6
79
3
69
8
98
7
88
7
48
6
77
4
11
2
31
1
69
5
61
1
51
5
69
0
10
7
18
6
39
8
39
8
26
6
87
4
69
6
29
7
29
7
79
8
98
9
9
7
78
9
61
6
59
8
67
7
37
8
20
4
29
9
41
7
46
6
19
0
22
0
29
3
15
7
54
6
99
7
61
7
99
8
80
5
48
7
57
9
37
8
20
8
85
9
79
1
79
5
79
4
21
6
39
6
98
6
89
5
29
8
34
5
98
6
95
2
81
4
19
7
37
5
77
8
40
7
19
6
99
9
34
5
99
7
89
8
90
5
48
4
42
6
75
7
26
8
87
7
19
5
48
9
87
5
49
5
49
8
70
5
15
9
99
3
9
6
63
5
72
3
21
5
7
1
79
6
48
8
80
8
50
6
29
6
39
2
29
6
68
7
69
5
99
6
56
5
69
6
27
1
22
5
35
7
85
3
19
5
89
7
27
6
59
9
78
7
69
5
37
9
80
8
10
2
78
8
10
6
39
8
24
9
51
6
69
7
39
8
70
6
79
8
46
7
89
7
24
7
39
1
37
7
7
6
36
5
56
6
59
5
69
7
99
6
45
7
79
6
56
6
28
8
78
4
68
7
99
9
49
8
60
9
3
7
27
1
39
8
75
5
57
6
64
9
39
5
39
6
8
8
70
8
18
5
36
9
31
7
39
7
29
5
36
8
80
1
38
6
15
1
9
4
59
7
99
7
59
5
9
3
21
8
99
7
83
5
96
7
29
5
99
8
65
2
66
8
50
4
79
9
20
5
58
9
91
6
26
6
9
6
69
7
39
6
26
2
56
9
61
5
38
6
89
7
6
7
97
7
79
6
79
6
59
7
29
1
98
5
27
8
36
8
99
8
78
7
39
8
20
9
63
9
77
2
98
3
81
9
81
7
64
9
99
2
78
5
95
5
9
8
36
7
59
6
88
9
89
5
59
9
51
8
50
9
68
5
59
8
50
7
68
1
94
9
91
6
75
5
49
8
25
6
65
6
3
6
15
7
99
8
88
8
60
4
69
8
92
5
36
6
89
9
30
9
61
6
7
7
99
7
81
8
30
9
57
6
9
4
85
8
80
7
47
8
27
5
97
6
99
6
77
5
22
1
88
7
59
9
77
6
3
6
27
3
99
8
7
7
39
8
30
7
9
3
8
8
70
7
69
5
62
5
52
5
59
3
91
5
57
9
79
6
56
7
49
8
80
8
46
6
47
6
38
8
45
8
10
6
66
5
32
5
48
4
30
4
78
6
29
5
1
7
79
6
79
6
21
8
9
6
4
9
21
8
16
3
95
6
76
9
37
6
19
8
99
5
9
7
69
9
8
1
51
0
67
7
8
8
75
3
82
5
19
0
0
8
60
6
37
7
35
7
48
2
49
7
59
9
19
8
90
2
40
7
71
6
49
6
57
1
49
8
40
9
99
9
51
6
36
8
1
8
36
3
49
7
9
1
99
9
61
8
30
5
49
6
19
2
81
6
88
2
89
8
99
7
29
2
87
2
6
1
31
5
44
4
62
8
40
9
27
5
28
8
60
3
39
6
28
1
33
9
8
9
7
5
59
7
59
5
59
6
69
8
21
8
50
1
99
8
30
0
39
7
29
8
66
5
98
6
98
9
61
6
6
5
19
5
39
8
20
8
12
8
7
5
49
8
95
9
57
9
99
9
7
8
75
6
26
6
49
7
89
8
6
5
54
9
89
7
32
5
87
7
59
5
89
8
58
7
27
9
99
8
75
1
4
5
89
6
27
7
39
6
91
4
51
9
7
6
69
6
39
5
59
5
86
6
99
9
60
4
98
1
2
5
89
7
25
4
33
6
9
7
35
5
18
8
10
8
5
8
58
7
79
5
59
7
56
7
12
6
57
5
59
7
1
8
89
8
18
8
70
0
88
9
99
6
29
8
30
9
41
9
61
1
48
7
9
8
35
3
76
8
59
1
49
4
99
6
92
7
51
6
71
9
78
7
9
7
7
8
99
7
39
9
68
5
48
5
39
8
40
3
25
1
99
7
95
8
50
5
89
8
70
9
49
9
27
8
33
8
8
6
89
6
37
9
46
7
67
6
19
