5
9
4
35
6
28
2
27
4
84
7
19
3
85
4
89
5
79
7
77
6
27
6
36
4
67
4
49
3
35
6
35
3
43
6
99
6
75
0
70
3
49
3
9
3
49
3
53
5
79
3
46
4
99
5
99
4
94
6
29
6
28
5
1
0
30
4
48
3
19
0
10
5
99
6
41
4
78
6
34
4
65
0
0
6
9
4
87
4
11
3
49
4
76
3
16
5
13
5
19
7
28
6
69
6
87
4
74
3
54
3
90
4
29
0
70
4
15
3
53
5
31
5
19
6
16
7
59
4
8
5
99
4
46
6
89
6
56
7
67
5
9
5
6
6
49
5
96
3
35
3
17
6
78
5
39
6
58
3
13
5
79
7
9
4
39
4
98
7
69
3
13
5
11
5
27
3
27
3
13
3
36
3
37
7
89
5
99
6
49
4
35
7
39
7
95
4
16
7
55
4
48
3
59
7
8
4
84
5
7
7
26
6
17
4
79
6
67
7
28
4
76
7
28
4
75
5
19
6
75
5
84
3
93
4
99
7
98
6
37
7
4
7
49
7
5
5
79
5
79
7
86
4
49
6
8
3
39
7
27
3
78
6
35
7
26
3
19
7
69
7
19
3
84
4
4
5
33
7
87
7
38
7
94
3
7
5
13
4
3
3
34
4
7
3
77
5
66
6
84
5
64
3
29
5
68
6
6
7
65
3
69
4
29
6
9
5
64
5
9
6
98
4
79
4
49
4
25
5
56
4
7
3
37
4
53
6
63
7
55
6
68
4
49
3
88
7
97
6
19
6
89
3
7
6
39
5
49
5
75
5
19
3
87
3
89
4
39
4
79
5
63
4
99
4
95
4
47
7
9
3
19
7
79
3
78
3
71
6
3
6
98
4
96
3
24
5
49
6
93
5
9
4
83
5
43
5
99
7
59
7
89
6
79
3
63
3
19
4
4
4
5
7
59
0
70
4
66
4
46
4
29
0
50
1
61
5
47
5
18
7
81
7
39
3
96
4
89
5
69
5
7
5
13
3
26
5
19
0
87
6
7
4
10
6
46
3
29
6
47
7
69
5
34
3
59
4
56
1
67
6
19
5
39
6
19
4
67
4
24
5
74
5
45
0
10
3
27
4
89
7
29
5
37
4
16
3
59
0
20
2
44
3
79
3
14
5
85
6
49
5
54
5
93
6
89
3
79
3
99
3
98
7
69
7
28
5
39
5
8
5
14
6
43
5
51
6
79
6
46
7
68
5
33
6
76
4
93
6
35
4
89
6
95
6
89
7
49
7
45
6
57
5
75
6
79
4
45
4
4
4
19
2
61
6
7
3
64
6
39
4
48
2
49
4
69
4
19
1
67
3
79
7
13
3
14
0
20
7
19
7
87
4
36
4
48
5
29
4
24
4
66
1
60
6
29
3
19
4
63
5
4
6
99
4
12
4
55
4
29
4
5
6
44
6
28
7
36
7
98
6
47
3
34
7
99
5
4
4
25
4
68
6
79
5
87
2
88
5
85
7
64
7
84
3
97
6
18
6
46
6
8
7
27
6
46
5
39
5
41
4
99
4
33
4
25
1
39
7
59
7
44
6
29
7
15
6
79
6
13
5
75
5
88
5
3
4
37
7
88
6
82
7
54
7
69
7
5
3
24
7
99
6
49
7
24
3
46
3
86
5
73
6
29
6
56
3
79
4
69
4
16
5
4
3
39
6
59
7
25
7
27
6
3
5
92
4
63
3
19
6
73
3
23
7
88
7
89
3
27
7
47
7
89
7
47
4
19
7
45
3
39
3
49
7
14
4
89
0
0
6
24
3
39
7
89
5
13
7
95
3
33
3
51
6
61
6
69
7
87
4
29
7
6
5
59
1
80
3
67
5
99
4
47
6
53
5
27
3
8
3
99
6
66
3
59
3
29
3
54
4
5
6
87
7
97
5
78
4
79
4
87
7
17
4
9
1
9
3
69
1
39
0
10
5
24
5
63
2
89
7
74
3
89
5
49
6
54
6
83
4
71
3
94
7
25
1
56
7
12
5
17
6
79
4
3
7
48
4
71
7
18
6
54
6
19
7
59
6
25
7
89
4
49
4
19
5
15
3
29
1
86
5
6
5
49
7
18
1
97
5
65
6
89
7
16
7
95
4
87
6
33
5
47
5
73
7
99
3
39
7
34
6
93
4
27
5
28
4
45
0
20
3
83
7
15
3
48
5
73
3
49
6
78
3
29
4
33
3
3
3
2
5
49
6
33
0
50
5
18
5
19
5
91
4
26
5
85
1
39
3
49
7
29
3
19
7
38
3
38
2
67
7
64
6
43
4
73
7
19
3
19
6
9
6
96
3
28
3
55
6
31
5
43
4
6
6
6
5
9
7
8
3
11
5
93
5
97
3
76
3
86
4
6
7
98
4
78
3
68
6
96
5
88
5
48
4
75
4
11
2
31
1
69
3
61
1
51
3
69
0
10
5
18
4
37
6
37
6
24
4
85
4
67
4
29
5
29
5
77
6
98
7
7
5
78
7
59
4
58
6
65
5
37
6
19
4
29
7
39
5
46
4
19
0
22
0
29
3
15
5
54
4
98
5
61
5
97
6
79
3
46
5
55
7
35
6
19
6
83
7
79
1
79
3
79
4
22
4
39
4
96
4
89
3
29
6
34
3
96
4
93
2
81
4
19
5
35
3
77
6
39
5
19
4
99
7
34
3
99
5
89
6
89
3
46
4
42
4
73
5
24
6
85
5
17
3
46
7
85
3
49
3
47
6
69
3
13
7
97
3
9
4
63
3
72
3
21
3
5
1
78
4
48
6
79
6
49
4
28
4
37
2
29
4
66
5
69
3
99
4
54
3
68
4
25
1
24
3
33
5
83
3
19
3
89
5
25
4
59
7
76
5
69
3
37
7
78
6
9
2
76
6
9
4
39
6
24
7
49
4
69
5
38
6
71
4
79
6
44
5
89
5
24
5
38
1
37
5
5
4
34
3
54
4
59
3
68
5
99
4
45
5
79
4
54
4
26
6
78
4
66
5
99
7
47
6
59
7
3
5
25
1
38
6
73
3
55
4
66
7
37
3
37
4
6
6
69
6
16
3
34
7
31
5
39
5
29
3
34
6
79
1
36
4
13
1
9
4
57
5
99
5
59
3
7
3
21
6
99
5
83
3
94
5
27
3
99
6
65
2
64
6
49
4
77
7
18
3
56
7
91
4
24
4
9
4
69
5
39
4
24
2
54
7
59
3
36
4
87
5
4
5
95
5
77
4
78
4
59
5
29
1
96
3
27
6
34
6
99
6
76
5
38
6
19
7
63
7
77
2
98
3
81
7
79
5
64
7
99
2
78
3
93
3
9
7
34
5
58
4
86
7
87
3
59
7
49
6
49
7
68
3
59
6
51
5
66
1
94
7
89
4
73
3
47
6
23
4
63
4
3
4
17
5
99
6
86
6
59
4
69
6
92
3
34
4
89
7
28
7
59
4
5
5
98
5
82
6
29
7
55
4
9
4
85
6
79
5
45
6
25
3
95
4
99
4
75
3
22
1
86
5
58
7
77
4
3
4
25
3
99
6
5
5
39
6
29
5
9
3
8
6
68
5
69
3
62
3
52
3
59
3
91
3
55
7
77
4
56
5
48
6
79
7
44
4
45
4
36
6
47
6
8
4
64
3
32
3
46
4
30
4
76
4
27
3
1
5
77
4
79
4
21
6
7
4
4
7
19
6
16
3
95
4
74
7
35
4
19
6
99
3
9
5
69
7
6
1
51
0
67
5
8
6
73
3
82
3
18
0
0
6
58
4
35
5
33
5
46
2
49
5
57
7
17
6
89
2
40
5
71
4
47
4
55
1
49
6
39
7
99
7
49
4
34
6
1
7
34
3
47
5
9
1
99
7
59
6
29
3
49
4
19
2
81
4
86
2
89
6
99
5
29
2
85
2
6
1
31
3
44
4
62
6
39
7
25
3
28
6
59
3
38
4
28
1
33
7
6
7
5
3
58
5
57
3
59
4
68
6
21
6
49
1
99
6
29
0
39
5
29
7
64
3
98
4
96
7
59
4
4
3
19
3
39
6
19
6
12
6
5
3
48
6
93
7
55
7
98
7
7
6
73
4
24
4
49
5
89
6
4
3
54
7
87
5
32
3
85
5
59
3
88
6
56
5
25
7
97
6
73
1
6
3
89
4
27
5
39
4
91
4
51
7
5
4
69
4
39
3
59
3
86
4
99
7
58
4
96
1
2
3
88
5
23
4
33
4
8
5
35
3
16
6
9
7
5
6
56
5
79
3
59
5
54
5
12
4
55
3
59
5
1
6
87
6
18
6
69
0
88
7
99
4
28
6
29
7
39
7
59
1
48
5
9
6
33
3
76
6
57
1
49
4
97
4
92
5
51
4
71
7
76
5
9
5
5
6
98
5
39
7
68
3
46
3
38
6
39
3
23
1
97
5
93
6
49
3
88
6
69
7
47
7
25
6
33
6
6
4
89
4
35
7
46
5
67
4
19
