3
8
2
33
4
26
0
29
2
82
5
19
1
83
2
88
3
79
5
75
4
25
4
34
2
65
2
49
1
33
4
33
1
41
4
99
4
73
0
70
1
49
1
9
1
49
1
51
3
79
1
44
2
99
3
97
2
92
4
28
4
26
3
1
0
30
2
46
1
19
0
10
3
98
4
41
2
76
4
32
2
63
0
0
4
9
2
85
2
11
1
49
2
74
1
14
3
11
3
17
5
26
4
69
4
85
2
72
1
52
3
90
2
29
0
70
2
13
1
51
3
33
3
17
4
14
5
59
2
6
3
98
2
44
4
88
4
54
5
65
3
7
3
4
4
49
3
96
1
35
1
15
4
76
3
38
4
56
1
11
3
79
5
8
2
39
2
96
5
67
1
11
3
11
3
25
1
27
1
11
1
34
1
35
5
88
3
99
4
48
2
35
5
39
5
93
2
14
5
53
2
46
1
59
5
6
2
82
3
5
5
24
4
17
2
79
4
65
5
26
2
74
5
26
2
73
3
19
4
73
3
82
1
91
2
97
5
96
4
37
5
2
5
48
5
3
3
78
3
79
5
84
2
49
4
6
1
37
5
25
1
76
4
33
5
24
1
19
5
67
5
18
1
82
2
2
3
31
5
85
5
36
5
92
1
5
3
11
2
1
1
32
2
5
1
75
3
64
4
82
3
62
1
28
3
68
4
4
5
63
1
67
2
29
4
7
3
62
3
7
4
96
2
79
2
47
2
23
3
54
2
5
1
35
2
53
4
61
5
53
4
68
2
49
1
86
5
95
4
17
4
89
1
5
4
38
3
49
3
73
3
19
1
85
1
87
2
39
2
78
3
61
2
99
2
93
2
45
5
8
1
19
5
77
1
76
1
71
4
1
4
96
2
96
1
22
3
48
4
91
3
7
2
81
3
41
3
99
5
58
5
87
4
77
1
63
1
17
2
2
2
3
5
59
0
70
2
64
2
46
2
27
0
50
1
61
3
45
3
16
5
81
5
39
1
94
2
89
3
68
3
5
3
11
1
24
3
18
0
87
4
7
4
10
4
44
1
29
4
45
5
68
3
32
1
59
2
54
1
65
4
17
3
39
4
19
2
65
2
22
3
72
3
43
0
10
1
27
2
88
5
27
3
37
2
14
1
59
0
20
2
44
1
79
1
12
3
85
4
48
3
52
3
91
4
89
1
79
1
97
1
96
5
67
5
26
3
38
3
8
3
12
4
41
3
51
4
77
4
44
5
68
3
31
4
74
2
95
4
33
2
87
4
93
4
89
5
47
5
43
4
55
3
73
4
77
2
43
2
2
2
19
2
61
4
5
1
62
4
39
2
46
2
49
2
69
2
18
1
65
1
77
5
13
3
12
0
20
5
18
5
85
2
34
2
48
3
29
2
22
2
64
1
60
4
27
1
17
2
61
3
2
4
99
2
12
2
53
2
28
4
3
4
42
4
26
5
34
5
96
4
45
1
32
5
99
3
2
2
25
4
66
4
79
3
85
2
88
3
83
5
62
5
82
3
95
4
18
4
44
4
6
5
25
4
44
3
39
3
41
2
98
2
31
2
23
2
37
5
59
5
44
4
29
5
13
4
78
4
11
3
75
3
86
3
1
2
35
5
86
4
82
5
52
5
69
5
3
1
22
5
98
4
49
5
22
1
44
1
86
3
71
4
27
4
54
3
78
2
67
2
14
3
2
1
37
4
57
5
27
5
27
4
1
3
92
2
61
1
19
4
71
1
23
5
86
5
87
1
25
5
45
5
89
5
45
2
18
5
43
1
39
1
49
5
12
2
89
0
0
4
22
1
38
5
89
3
11
5
93
1
31
1
52
4
61
4
69
5
85
4
29
5
4
3
57
1
80
1
65
3
97
2
45
4
51
3
25
1
8
1
98
4
64
3
59
1
29
1
52
2
5
4
87
5
95
3
78
2
79
2
85
5
15
2
9
3
9
1
69
1
37
0
10
3
24
3
63
2
89
5
72
1
89
3
49
4
52
4
83
2
71
1
92
5
23
1
54
5
12
3
15
4
77
2
1
5
48
2
71
5
16
4
52
4
17
5
57
4
23
5
88
2
49
2
17
3
17
1
28
1
84
3
6
3
49
5
16
1
97
3
63
4
89
5
14
5
93
2
85
4
31
3
49
3
71
5
99
1
39
5
32
4
91
4
27
3
28
2
43
0
20
1
81
5
13
1
46
3
71
1
48
4
76
1
29
2
33
1
3
3
2
3
47
4
31
0
50
3
16
3
17
3
91
2
24
3
83
1
39
3
49
5
27
1
18
5
36
1
36
2
67
5
64
4
41
2
71
5
19
1
19
4
8
4
94
3
28
1
53
4
31
3
45
2
4
4
4
3
9
5
6
1
11
3
91
3
95
1
74
1
84
2
4
5
96
2
76
3
66
4
94
3
88
3
49
2
73
4
12
2
31
1
67
1
61
1
51
1
69
0
10
3
18
2
35
4
35
4
22
2
83
4
65
2
29
3
29
3
75
4
98
5
5
3
78
5
59
2
56
4
63
3
37
4
18
4
27
5
37
3
46
2
17
0
22
0
29
3
15
3
54
2
96
3
61
3
95
4
79
1
44
3
53
5
33
4
19
4
81
5
79
1
79
1
78
4
24
2
38
2
94
2
89
1
29
4
34
1
94
2
91
2
82
4
19
3
33
1
77
4
37
3
17
2
97
5
34
1
99
3
88
4
89
1
44
4
42
2
71
3
22
4
83
3
15
1
44
5
83
1
48
1
45
4
68
1
11
5
95
3
8
2
63
1
72
3
21
1
3
1
76
2
48
4
77
4
47
2
26
2
35
2
29
2
64
3
69
1
97
2
52
1
66
2
23
1
26
1
31
3
81
3
17
1
87
3
23
2
58
5
74
3
69
1
37
5
76
4
9
2
74
4
9
2
39
4
24
5
49
2
69
3
36
4
71
2
79
4
42
3
88
3
24
3
36
1
37
3
3
2
32
1
52
2
58
1
66
3
99
2
45
3
78
2
52
2
24
4
78
4
64
3
99
5
45
4
57
5
3
3
23
1
36
4
71
1
53
2
68
5
35
1
35
2
4
4
69
4
14
1
32
5
31
3
39
3
27
1
32
4
79
1
34
2
11
3
7
4
55
3
97
3
59
1
5
3
23
4
98
3
83
1
92
3
25
1
99
4
65
2
62
4
49
4
75
5
16
1
54
5
91
2
22
2
8
2
69
3
37
2
22
2
52
5
59
1
34
2
85
3
2
3
93
3
75
2
76
2
59
3
27
1
94
1
27
4
32
4
98
4
74
3
36
4
19
5
63
5
77
2
98
3
81
5
79
3
64
5
98
2
78
1
91
1
8
5
32
3
56
2
84
5
85
1
58
5
49
4
49
5
68
1
59
4
51
3
64
1
94
5
88
2
71
1
45
4
21
2
61
2
3
2
19
3
97
4
84
4
57
4
69
4
92
1
32
2
89
5
26
5
59
2
3
3
96
3
84
4
29
5
53
2
8
4
85
4
78
3
43
4
23
1
93
2
99
2
73
1
22
1
84
3
56
5
77
2
3
2
23
3
99
4
3
3
39
4
29
3
9
3
8
4
66
3
69
1
62
1
52
1
59
3
92
1
53
5
75
2
56
3
46
4
79
5
42
2
43
2
34
4
49
4
6
2
62
1
32
1
44
4
30
4
74
2
25
1
1
3
75
2
79
2
21
4
5
2
4
5
19
4
16
3
95
2
72
5
33
2
18
4
97
1
8
3
69
5
4
1
51
0
67
3
8
4
71
3
82
1
16
0
0
4
56
2
33
3
31
3
44
2
48
3
55
5
15
4
89
2
40
3
71
2
45
2
53
1
49
4
39
5
98
5
48
2
32
4
1
5
32
3
45
3
8
1
99
5
59
4
27
1
49
2
19
2
81
2
84
2
89
4
99
3
27
2
83
2
6
1
31
1
44
4
62
4
38
5
23
1
28
4
58
3
36
2
28
1
33
5
4
5
3
1
56
3
55
1
57
2
66
4
21
4
49
1
98
4
27
0
39
3
29
5
62
1
98
3
94
5
57
2
2
1
17
1
39
4
17
4
12
4
3
1
46
4
91
5
53
5
96
5
7
4
71
2
22
2
49
3
87
4
2
1
54
5
85
3
32
1
83
3
58
1
86
4
54
3
23
5
95
4
71
1
8
1
88
2
27
3
39
2
91
4
53
5
3
2
69
2
39
1
58
1
86
2
98
5
56
4
94
1
2
1
86
3
21
4
33
2
6
3
35
1
14
4
8
5
5
4
54
3
79
1
58
3
52
3
12
2
53
1
59
3
1
4
85
4
18
4
68
0
88
5
98
2
26
4
27
5
37
5
58
1
48
3
9
4
31
3
76
4
55
1
48
4
95
2
92
3
51
2
71
5
74
3
8
3
3
4
96
3
39
5
68
1
44
1
36
4
39
3
21
1
95
3
91
4
47
1
86
4
68
5
45
5
23
4
33
4
4
2
87
2
33
5
46
3
67
2
18
