9
92
10
22
9
20
11
23
9
74
9
30
9
94
9
41
9
99
9
9
13
25
9
43
9
50
10
82
9
34
9
99
9
90
9
81
9
43
9
9
9
10
9
64
12
24
9
91
9
70
9
32
9
32
9
74
9
61
9
51
9
64
9
93
9
89
9
31
9
99
12
84
10
22
9
31
9
79
9
59
9
39
10
22
9
51
9
34
9
61
11
23
9
60
9
99
9
64
12
24
9
64
9
34
9
19
9
41
9
32
9
40
11
23
9
99
9
14
9
33
9
94
10
52
9
89
9
34
9
41
9
64
10
22
9
13
9
51
9
11
0
50
9
34
10
22
9
41
12
84
13
85
9
94
9
32
9
71
9
64
9
29
9
61
9
43
9
91
10
22
9
51
9
99
11
83
9
14
9
43
9
41
9
99
9
41
9
11
9
64
9
81
9
13
9
21
9
21
9
90
9
44
9
99
11
83
10
52
0
90
9
43
9
61
13
85
9
92
9
94
9
99
9
81
9
14
9
10
9
21
12
84
9
99
9
12
9
81
9
72
10
52
9
34
9
60
9
32
9
11
9
51
9
21
9
92
0
30
9
63
9
14
9
44
12
54
9
21
10
82
9
63
9
31
9
99
9
73
9
81
9
99
9
44
9
91
9
59
9
51
9
34
9
20
10
82
9
11
9
79
9
39
9
72
9
43
9
81
9
89
9
92
9
99
9
42
13
25
0
50
9
12
9
33
9
99
10
52
9
30
9
19
9
12
12
84
9
92
0
10
9
72
9
63
9
70
9
81
9
99
9
99
9
51
9
13
9
72
9
20
9
31
9
13
9
99
9
81
12
84
9
11
9
81
9
51
9
42
9
33
0
80
9
90
11
83
9
34
9
12
13
55
10
52
9
21
9
72
9
99
9
41
9
34
11
23
9
34
11
23
9
62
9
32
9
74
10
82
9
61
9
60
9
31
9
21
11
23
9
49
9
71
9
60
9
32
9
44
9
44
9
99
9
11
9
32
11
53
9
61
9
41
9
99
9
93
11
83
9
41
9
99
9
30
9
30
9
41
9
42
9
29
9
91
9
62
9
51
9
99
9
33
9
99
9
71
9
61
9
70
9
62
9
93
9
89
9
99
9
94
9
99
9
34
9
32
9
31
9
90
9
94
9
51
9
63
13
55
0
10
9
62
9
80
9
80
9
42
9
43
9
70
9
72
9
77
11
83
9
72
9
99
9
60
9
80
9
90
9
73
9
21
9
62
9
73
12
24
9
13
9
92
9
73
9
60
8
55
9
60
9
42
0
72
9
32
10
22
13
25
9
91
9
80
4
59
9
11
9
93
9
31
9
21
9
64
9
81
10
82
9
51
9
11
9
33
11
83
9
34
9
63
9
72
11
83
11
53
9
91
11
53
9
99
0
40
3
39
9
72
9
23
11
23
9
33
9
21
11
53
10
22
9
33
9
99
9
64
9
13
11
53
9
99
9
43
12
84
9
64
9
41
9
94
9
40
9
62
9
44
3
19
9
51
9
41
9
99
9
99
9
60
3
22
9
72
13
25
11
83
9
14
9
12
9
94
9
99
9
44
9
14
9
9
9
91
9
31
10
52
0
80
9
64
9
14
9
44
9
10
9
42
9
94
9
81
9
19
9
11
9
29
9
99
9
32
0
91
9
74
9
44
9
44
9
99
9
12
9
61
13
85
9
13
9
80
9
61
9
12
10
82
9
99
9
99
9
31
9
69
9
61
9
99
9
21
9
99
9
93
13
55
9
19
9
32
13
55
9
10
9
59
9
20
9
12
9
44
12
24
9
41
9
21
9
61
9
29
9
14
9
39
9
50
9
99
9
21
9
71
0
20
9
62
9
30
0
40
9
99
9
89
10
82
11
23
9
40
11
53
9
71
0
59
10
52
9
50
9
99
9
11
9
12
12
54
9
21
9
41
9
30
9
29
9
99
3
39
9
81
9
70
9
13
0
30
9
51
9
36
9
62
9
33
10
22
9
42
9
14
9
64
9
34
9
21
9
42
9
41
9
61
9
99
9
11
9
72
9
62
9
44
0
13
9
73
10
52
9
43
9
81
9
99
9
41
9
81
12
84
9
71
9
99
9
19
9
59
9
13
9
13
9
31
9
19
9
40
9
38
9
90
9
31
9
44
9
71
9
46
9
64
9
99
11
83
9
71
9
99
9
39
9
31
9
11
9
72
9
49
9
62
9
33
9
19
9
71
9
93
9
80
9
29
9
32
10
22
9
38
9
59
9
72
10
22
9
99
9
61
9
71
9
51
9
19
1
61
9
71
11
53
9
93
9
34
9
73
9
93
9
11
9
99
9
14
9
40
9
51
9
42
9
94
10
82
9
20
9
44
9
29
9
14
9
73
9
34
3
49
9
51
0
10
9
44
10
22
9
12
9
73
9
13
9
13
9
94
9
21
9
73
9
49
9
11
9
99
0
10
9
71
10
82
9
93
9
94
13
85
9
44
9
93
9
61
10
82
9
31
10
22
9
62
9
42
9
32
0
0
9
39
9
21
13
25
9
43
8
25
12
24
9
34
9
44
9
72
10
52
9
61
10
82
9
50
9
64
9
10
11
23
9
72
9
71
9
72
9
79
9
13
9
72
9
79
9
99
0
60
9
19
9
99
9
99
9
93
9
51
9
92
9
59
9
89
9
44
9
32
9
32
9
91
9
72
10
51
9
89
9
43
9
12
2
89
9
11
9
79
9
91
9
50
9
93
9
70
0
10
9
7
9
64
9
62
9
32
9
51
4
68
9
71
9
33
9
44
9
40
9
14
9
92
9
63
11
83
9
51
9
72
9
61
2
99
11
23
9
49
9
20
9
61
13
85
9
74
9
11
1
49
9
51
9
40
9
10
9
14
9
31
9
91
9
90
9
20
11
83
10
81
0
60
12
54
9
34
9
21
9
14
9
79
9
51
9
31
9
99
9
14
9
42
9
31
9
41
10
22
9
50
9
19
9
74
13
25
9
99
9
20
12
84
9
30
9
71
9
99
9
94
11
83
9
29
9
13
9
74
9
41
9
9
9
70
9
74
9
14
9
62
9
20
9
64
10
52
9
33
9
73
9
14
9
11
9
41
9
43
9
13
9
74
10
52
9
92
9
89
9
31
9
80
9
99
9
81
12
54
11
83
9
41
9
99
9
31
9
14
9
12
9
99
9
91
9
43
0
30
9
61
9
64
9
43
9
51
1
39
1
29
9
99
9
72
9
11
9
11
1
79
9
11
9
39
4
39
0
50
11
83
9
63
12
54
9
50
9
12
9
13
9
61
9
1
9
30
9
41
12
84
9
92
10
52
9
99
9
70
9
80
4
89
9
94
9
41
10
52
9
43
9
72
9
21
9
64
9
33
9
24
9
14
9
80
9
99
9
99
9
92
9
74
9
72
13
85
9
21
9
61
9
70
9
64
11
23
9
11
9
30
9
64
9
62
9
99
9
9
10
82
13
25
9
73
10
52
9
64
9
94
9
79
9
42
9
99
9
32
9
33
9
34
9
42
9
44
9
99
10
82
9
61
9
32
11
23
9
74
9
30
11
83
9
11
10
52
9
99
10
22
9
72
9
11
9
21
9
21
9
14
9
72
8
5
9
99
9
70
9
63
9
32
9
92
9
32
9
10
10
52
9
73
9
42
13
55
0
90
9
91
9
64
11
83
12
84
11
53
9
89
9
33
9
72
9
34
9
81
9
99
9
63
9
14
11
83
9
42
9
63
9
30
9
70
9
93
0
0
9
71
12
54
12
84
9
12
9
50
10
22
9
13
9
64
9
62
9
14
9
34
9
21
9
34
9
41
9
43
9
99
10
82
9
10
12
24
9
39
9
43
9
11
12
84
3
29
9
51
9
44
9
11
9
79
11
53
9
71
9
16
9
71
9
91
9
19
9
34
9
80
9
49
9
94
0
50
4
79
9
21
9
74
11
23
9
12
9
71
9
32
10
52
9
99
9
14
9
64
9
28
9
31
9
89
0
50
9
34
9
79
9
63
9
44
9
92
9
43
9
9
9
72
9
62
9
19
11
23
9
60
10
22
11
23
9
62
9
73
9
81
11
53
9
91
12
54
0
20
9
72
9
69
9
99
9
29
9
11
9
99
9
72
9
41
9
11
9
99
9
91
10
22
9
79
11
83
12
54
1
89
9
51
9
49
9
81
9
73
11
23
10
52
9
42
9
41
9
14
9
41
9
60
9
43
9
81
9
42
11
23
10
82
9
73
9
63
8
85
0
60
3
79
9
69
9
94
12
24
10
82
9
29
9
42
9
63
10
22
12
52
9
33
9
61
11
53
9
89
9
21
9
33
9
99
9
81
9
90
9
73
9
73
4
69
4
49
9
81
9
21
9
19
9
90
11
83
9
51
12
54
9
62
9
70
9
44
9
32
9
94
9
33
10
52
9
62
11
83
9
34
9
89
3
79
8
55
9
11
9
32
9
74
9
14
9
72
9
64
9
72
9
99
9
81
9
81
9
60
