4
89
4
19
7
14
5
19
6
69
4
24
6
89
4
35
4
99
4
3
7
19
5
38
5
44
4
79
7
29
3
96
4
84
3
78
5
37
4
3
7
4
6
59
7
18
7
85
4
64
4
29
4
26
7
69
6
55
7
45
6
59
5
87
6
83
4
25
3
96
7
78
4
19
6
25
5
73
3
53
5
33
4
19
3
45
6
28
3
58
5
19
5
54
3
95
7
59
6
19
7
58
7
28
6
13
7
35
4
27
3
34
5
19
4
94
7
9
5
29
6
89
4
48
3
83
6
29
3
38
6
58
4
19
5
9
3
47
3
5
0
50
6
28
4
19
3
39
6
79
7
79
7
89
5
26
3
67
7
59
3
23
3
56
6
37
5
85
4
19
3
48
6
99
5
79
6
9
5
39
3
35
5
94
6
35
3
6
6
58
3
79
5
8
3
19
3
19
7
84
7
38
3
97
5
79
6
46
0
90
5
39
3
59
7
79
4
89
7
89
3
95
4
75
7
8
4
4
3
18
6
78
3
97
5
6
5
75
7
66
4
49
7
29
3
54
5
32
3
9
6
45
7
15
6
86
0
30
5
59
7
9
7
39
6
49
4
15
7
76
5
59
3
26
6
99
6
67
5
75
6
99
6
39
3
85
6
53
7
45
6
29
7
14
6
76
3
7
4
73
5
33
7
66
5
39
3
76
6
83
4
89
3
97
5
36
7
19
0
50
4
9
6
27
3
99
4
49
6
24
6
13
4
9
6
79
4
89
0
10
4
69
5
59
4
64
7
75
4
96
7
99
5
45
6
13
4
68
3
14
3
28
5
9
7
99
3
79
6
79
3
8
3
79
3
46
4
39
5
29
0
80
3
84
5
79
6
29
6
6
7
49
4
48
3
15
4
66
3
99
3
39
6
28
7
17
7
29
5
18
4
56
5
26
7
69
4
79
6
55
7
54
3
28
3
15
5
19
6
43
3
69
5
54
4
27
6
39
7
38
5
99
4
5
4
29
5
47
3
59
4
35
3
99
5
88
5
79
6
35
6
95
6
24
4
24
7
35
4
37
3
23
3
89
6
56
3
49
6
97
5
27
5
93
3
69
3
58
6
64
4
59
7
87
6
83
3
97
7
89
4
99
7
28
4
26
3
27
6
84
6
88
6
45
6
57
7
49
0
10
4
59
6
74
5
74
5
36
6
37
4
64
5
66
4
77
5
79
4
68
7
97
6
54
3
74
5
84
5
69
3
16
4
57
5
69
7
18
7
7
7
86
5
67
5
54
7
55
3
54
5
36
0
72
7
26
4
19
7
19
3
88
6
74
4
54
6
5
5
89
4
25
3
19
6
59
3
78
4
76
3
47
3
8
5
29
5
79
6
29
7
57
7
66
5
79
6
47
3
86
6
47
6
96
0
40
3
33
4
69
3
23
5
19
5
29
6
15
6
47
7
16
7
27
7
99
6
59
5
9
5
49
3
99
6
37
7
78
6
59
3
39
7
88
5
34
4
59
7
39
3
19
3
49
3
37
6
93
6
99
3
54
3
22
7
66
7
19
5
79
7
9
7
6
6
89
3
95
7
39
6
8
6
3
4
85
3
28
6
46
0
80
6
59
6
9
7
39
7
4
4
39
6
88
6
75
4
13
6
5
3
23
3
99
4
28
0
91
7
69
7
39
7
39
4
93
6
6
3
59
7
79
7
7
4
74
3
59
4
9
4
79
7
98
4
99
3
29
6
63
6
55
5
96
3
19
4
97
5
89
7
49
4
13
6
26
7
49
3
4
3
53
6
14
7
6
7
39
6
19
4
35
3
15
3
59
5
23
7
8
5
33
6
44
4
93
3
19
4
65
0
20
6
56
7
24
0
40
5
93
6
89
5
76
6
17
5
34
5
48
3
66
0
59
4
49
4
44
7
95
3
5
4
9
7
48
3
19
3
36
5
24
3
23
6
99
3
39
7
75
5
64
5
9
0
30
3
49
4
36
4
56
5
29
4
18
4
39
6
8
6
59
7
29
3
19
4
38
6
35
3
56
7
97
3
9
4
69
6
56
6
39
0
13
6
67
4
49
6
37
7
75
5
99
7
35
5
75
6
79
6
71
5
99
5
13
6
53
5
9
6
7
6
25
6
13
5
34
3
38
4
84
3
29
6
38
7
65
4
46
7
59
6
95
5
79
3
66
7
99
4
33
3
29
3
9
6
66
4
43
4
59
5
27
3
13
3
66
7
87
5
74
5
23
4
26
4
17
7
38
4
53
4
67
5
16
7
99
3
59
6
65
3
46
6
13
1
61
6
65
5
49
5
89
7
29
5
69
6
87
5
11
4
99
6
9
3
34
7
45
5
42
7
89
4
76
5
14
7
39
5
23
6
8
6
67
7
29
3
46
3
49
0
10
7
39
4
19
4
7
5
68
6
7
5
9
7
89
3
19
6
67
5
43
3
7
7
99
0
10
6
65
4
79
6
87
6
89
7
79
7
38
5
89
3
59
4
78
3
26
4
19
5
56
4
37
7
26
0
0
5
33
3
18
7
19
5
39
3
25
6
19
6
29
7
38
4
69
4
49
7
55
6
76
4
44
7
59
6
4
5
19
4
69
3
69
4
68
5
73
5
9
5
66
5
73
3
99
0
60
5
13
4
94
5
95
5
89
4
45
4
86
6
53
6
83
6
39
4
29
5
26
7
85
7
66
4
51
5
83
5
39
4
8
2
88
7
5
6
73
3
88
6
44
5
87
6
64
0
10
5
7
7
59
4
57
4
26
3
47
4
68
3
68
5
29
6
39
3
34
7
8
4
89
6
57
6
77
3
46
4
69
4
61
2
95
5
19
5
43
5
14
3
58
7
79
6
68
3
9
1
44
3
46
5
34
3
4
6
9
3
29
3
89
5
84
4
14
5
78
4
87
0
60
6
49
7
29
5
15
6
9
3
73
3
49
4
25
5
99
7
9
4
39
7
25
3
39
4
19
6
44
6
13
6
69
7
19
7
95
3
14
6
79
3
24
6
65
7
99
7
89
5
79
5
23
5
8
7
68
3
39
4
3
4
64
6
69
7
8
6
56
3
14
6
59
4
49
5
27
5
69
7
9
5
5
3
37
5
39
7
7
6
69
7
46
4
87
4
83
5
25
6
74
7
99
3
77
6
49
5
78
3
39
3
93
3
27
7
8
4
8
3
97
3
85
5
43
0
30
5
55
7
59
5
38
4
45
1
38
1
23
6
98
4
67
4
5
4
5
1
76
3
9
6
33
4
39
0
50
6
77
5
59
6
49
3
44
4
9
5
9
4
55
7
1
7
24
3
39
6
79
4
87
4
49
3
99
4
64
4
74
4
85
6
89
3
39
5
46
7
37
4
69
3
19
7
59
5
27
3
24
6
9
7
74
7
99
4
99
5
86
7
69
5
66
7
79
3
16
3
58
4
64
7
58
5
18
3
9
7
24
6
58
6
56
7
94
5
3
4
78
7
19
5
69
4
46
7
59
6
89
5
73
4
38
3
93
4
29
5
29
6
29
7
36
6
39
7
95
4
79
3
56
4
27
5
19
6
69
3
24
5
79
7
5
7
46
5
96
6
16
4
69
3
11
3
19
6
15
7
9
6
66
3
5
6
94
3
64
5
59
4
29
4
88
7
26
5
4
4
49
5
69
4
39
7
49
0
90
4
85
6
59
5
79
6
78
5
49
5
83
5
29
4
69
7
29
4
75
3
99
7
57
7
9
7
77
4
39
6
57
3
24
5
64
7
87
0
0
5
65
6
48
6
79
4
9
3
44
4
19
5
7
7
58
6
56
6
9
7
29
3
19
6
29
3
35
5
38
5
99
5
76
3
4
6
19
5
33
5
39
3
9
6
79
3
27
3
45
6
39
3
9
5
73
5
49
3
69
4
16
4
65
4
85
4
13
7
28
7
74
5
43
7
88
0
50
4
79
3
19
7
69
5
18
5
6
3
69
4
28
7
46
5
97
6
8
7
58
3
28
3
27
4
83
0
50
6
29
3
73
5
58
6
38
4
89
5
38
6
3
4
69
4
59
6
13
5
19
6
54
5
16
6
17
5
56
5
68
3
77
5
48
4
85
6
48
0
20
4
67
3
63
5
99
5
23
3
7
6
99
4
69
5
35
3
8
4
99
7
85
4
19
6
73
5
79
6
49
1
87
3
47
4
43
3
79
5
67
7
17
4
49
4
39
3
35
6
9
6
41
6
54
5
39
3
78
4
39
5
18
4
76
5
69
6
57
7
85
0
60
3
76
4
63
7
89
6
18
4
78
4
23
4
39
5
59
4
18
6
54
5
29
3
59
5
49
4
83
3
19
5
29
7
97
3
78
4
84
5
68
7
67
4
69
4
49
3
76
5
15
6
13
3
84
5
79
3
49
6
49
7
56
5
64
7
39
4
29
6
89
5
29
6
46
4
56
6
77
6
29
6
83
3
73
7
55
5
5
4
28
6
69
6
9
5
66
7
59
4
67
5
95
3
78
3
76
3
54
