6
89
6
19
8
16
7
19
8
70
6
26
8
90
6
37
6
99
6
5
9
21
7
39
7
46
6
79
9
31
5
98
6
86
5
79
7
39
6
5
8
6
8
60
9
20
9
87
6
66
6
29
6
28
9
71
8
57
9
47
8
60
7
89
8
85
6
27
5
98
9
80
6
19
8
27
7
75
5
55
7
35
6
19
5
47
8
30
5
59
7
19
7
56
5
97
9
61
8
20
9
60
9
30
8
15
9
37
6
29
5
36
7
19
6
96
9
11
7
29
8
90
6
49
5
85
8
30
5
39
8
60
6
19
7
9
5
49
5
7
0
50
8
30
6
19
5
39
8
80
9
81
9
91
7
28
5
69
9
61
5
25
5
58
8
39
7
87
6
19
5
49
8
99
7
79
8
10
7
39
5
37
7
96
8
37
5
8
8
60
5
79
7
9
5
19
5
19
8
86
9
40
5
99
7
79
8
48
0
90
7
39
5
59
9
81
6
89
9
91
5
97
6
77
9
10
6
6
5
19
8
80
5
99
7
8
7
77
9
68
6
49
9
31
5
56
7
32
5
9
8
47
9
17
8
88
0
30
7
59
9
11
9
41
8
50
6
17
9
78
7
59
5
28
8
99
8
69
7
77
8
99
8
40
5
87
8
55
9
47
8
30
8
16
8
78
5
9
6
75
7
35
9
68
7
39
5
78
8
85
6
89
5
99
7
38
9
21
0
50
6
9
8
29
5
99
6
49
8
26
8
15
6
9
8
80
6
89
0
10
6
69
7
59
6
66
9
77
6
98
9
99
7
47
8
13
6
69
5
16
5
29
7
9
9
99
5
79
8
80
5
9
5
79
5
48
6
39
7
29
0
80
5
86
7
79
8
30
8
8
9
51
6
49
5
17
6
68
5
99
5
39
8
30
9
19
9
31
7
19
6
58
7
28
9
71
6
79
8
57
8
56
5
29
5
17
7
19
8
45
5
69
7
56
6
29
8
40
9
40
7
99
6
7
6
29
7
49
5
59
6
37
5
99
7
89
7
79
8
37
8
97
8
26
6
26
9
37
6
39
5
25
5
89
8
58
5
49
8
99
7
29
7
95
5
69
5
59
8
66
6
59
9
89
8
85
5
99
9
91
6
99
9
30
6
28
5
29
8
86
8
90
8
47
8
59
9
51
0
10
6
59
8
76
7
76
7
38
8
39
6
66
7
68
6
77
7
79
6
69
9
99
8
56
5
76
7
86
7
69
5
18
6
59
7
69
9
20
9
9
9
88
7
69
7
56
8
55
5
56
7
38
0
72
9
28
6
19
9
21
5
89
8
76
4
56
8
7
7
89
6
27
5
19
8
60
5
79
6
78
5
49
5
9
7
29
7
79
8
30
9
59
9
68
7
79
8
49
5
88
8
49
8
98
0
40
3
35
6
69
5
23
7
19
7
29
8
17
8
49
9
18
9
29
9
99
8
60
7
9
7
49
5
99
8
39
9
80
8
60
5
39
9
90
7
36
6
59
9
41
3
19
5
49
5
39
8
95
8
99
5
56
3
22
9
68
9
21
7
79
9
11
9
8
8
90
5
97
9
41
8
10
8
5
6
87
5
29
8
48
0
80
8
60
8
10
9
41
8
6
6
39
8
90
8
77
6
15
8
7
5
25
5
99
6
29
0
91
9
71
9
41
9
41
6
95
8
8
5
59
9
81
9
9
6
76
5
59
6
9
6
79
9
99
6
99
5
29
8
65
8
57
7
98
5
19
6
99
7
89
9
51
6
15
8
28
9
51
5
6
5
55
8
16
9
8
9
41
8
20
6
37
5
17
5
59
7
25
9
10
7
35
8
46
6
95
5
19
6
67
0
20
8
58
8
26
0
40
7
95
8
89
7
78
8
19
7
36
7
49
5
68
0
59
6
49
6
46
9
97
5
7
6
9
9
50
5
19
5
38
7
26
5
25
8
99
3
39
9
77
7
66
7
9
0
30
5
49
6
36
6
58
7
29
6
19
6
39
8
10
8
60
9
31
5
19
6
39
8
37
5
58
9
99
5
9
6
69
8
58
8
40
0
13
8
69
6
49
8
39
9
77
7
99
9
37
7
77
8
80
8
71
7
99
7
15
8
55
7
9
8
9
8
27
8
15
7
36
5
38
6
86
5
29
8
40
9
67
6
46
9
61
8
97
7
79
5
68
9
99
6
35
5
29
5
9
8
68
6
45
6
59
7
29
5
15
5
68
9
89
7
76
7
25
6
28
6
19
9
38
6
55
6
69
7
18
9
99
5
59
8
67
5
48
8
15
1
61
8
67
7
49
7
89
9
31
7
69
8
89
7
11
6
99
8
10
5
36
9
47
7
42
9
91
6
78
7
16
9
41
7
25
8
10
8
69
9
31
3
48
5
49
0
10
9
41
6
19
6
9
7
69
8
9
7
9
9
91
5
19
8
69
7
45
5
9
9
99
0
10
8
67
6
79
8
89
8
90
9
81
9
40
7
89
5
59
6
79
5
28
6
19
7
58
6
39
9
28
0
0
7
35
5
19
9
21
7
39
5
25
8
20
8
30
9
40
6
69
6
49
9
57
8
78
6
46
9
61
8
6
7
19
6
69
5
69
6
69
7
75
7
9
7
68
7
75
5
99
0
60
7
15
6
96
7
97
7
89
6
47
6
88
8
55
8
85
8
40
6
29
7
28
9
87
9
68
6
51
7
85
7
39
6
9
2
89
9
7
8
75
5
89
8
46
7
89
8
66
0
10
7
7
9
61
6
59
6
28
5
49
4
68
5
69
7
29
8
40
5
36
9
10
6
89
8
59
8
79
5
48
6
69
6
61
2
97
7
19
7
45
7
16
5
59
9
81
8
70
5
9
1
46
5
48
7
36
5
6
8
10
5
29
5
89
7
86
6
16
7
79
6
85
0
60
8
50
9
31
7
17
8
10
5
75
5
49
6
27
7
99
9
11
6
39
9
27
5
39
6
19
8
46
8
15
8
70
9
21
9
97
5
16
8
80
5
26
8
67
9
99
9
91
7
79
7
25
7
9
9
70
5
39
6
5
6
66
8
70
9
10
8
58
5
16
8
60
6
49
7
29
7
69
9
11
7
7
5
39
7
39
9
9
8
70
9
48
6
89
6
85
7
27
8
76
9
99
5
79
8
50
7
79
5
39
5
95
5
29
9
10
6
9
5
99
5
87
7
43
0
30
7
57
9
61
7
39
6
47
1
39
1
25
8
99
6
69
6
7
6
7
1
78
5
9
8
35
4
39
0
50
8
79
7
59
8
50
5
46
6
9
7
9
6
57
9
1
8
26
5
39
8
80
6
89
6
49
5
99
6
66
6
76
4
87
8
90
5
39
7
48
9
39
6
69
5
19
9
61
7
29
5
24
8
10
8
76
9
99
6
99
7
88
9
71
7
68
9
81
5
18
5
59
6
66
9
60
7
19
5
9
8
26
8
60
8
58
8
96
7
5
6
79
9
21
7
69
6
48
9
61
8
90
7
75
6
39
5
95
6
29
7
29
8
30
9
38
8
40
9
97
6
79
5
58
6
29
7
19
8
70
5
26
7
79
9
7
9
48
7
98
8
18
6
69
5
11
5
19
8
17
9
11
8
68
5
5
8
96
5
66
7
59
6
29
6
89
9
28
7
6
6
49
7
69
6
39
9
51
0
90
6
87
8
60
7
79
8
80
7
49
7
85
7
29
6
69
9
31
6
77
5
99
9
59
9
11
9
79
6
39
8
59
5
26
7
66
9
89
0
0
7
67
8
50
8
80
6
9
5
46
6
19
7
9
9
60
8
58
8
10
9
31
5
19
8
30
5
37
7
39
7
99
7
78
5
6
8
20
7
35
7
39
5
9
8
80
3
29
5
47
8
40
5
9
7
75
7
49
5
69
6
16
6
67
6
87
6
15
9
30
8
76
7
45
9
90
0
50
4
79
5
19
9
71
7
19
7
8
5
69
6
29
9
48
7
99
8
10
9
60
5
28
5
29
6
85
0
50
8
30
5
75
7
59
8
40
6
89
7
39
8
5
6
69
6
59
8
15
7
19
8
56
7
18
8
19
7
58
7
69
5
79
7
49
6
87
8
50
0
20
6
69
5
65
7
99
7
25
5
9
8
99
6
69
7
37
5
9
6
99
9
87
6
19
8
75
7
79
8
50
1
89
5
49
6
45
5
79
7
69
9
19
6
49
6
39
5
37
8
10
8
41
8
56
7
39
5
79
6
39
7
19
6
78
7
69
8
59
8
85
0
60
3
78
6
65
9
91
8
20
6
79
6
25
6
39
7
59
6
19
8
54
7
29
5
59
7
49
6
85
5
19
7
29
9
99
5
79
6
86
7
69
9
69
4
69
4
49
5
78
7
17
8
15
5
86
7
79
5
49
8
50
9
58
7
66
9
41
6
29
8
90
7
29
8
48
6
58
8
79
8
30
8
85
3
75
8
55
7
7
6
29
8
70
8
10
7
68
9
61
6
69
7
97
5
79
5
78
5
56
