9
94
12
24
10
22
13
25
9
74
9
32
9
94
9
43
9
99
9
11
15
27
9
44
10
52
12
84
9
34
9
99
9
92
11
83
9
44
9
11
9
12
9
64
14
26
9
93
9
72
9
34
9
34
9
74
9
63
11
53
9
64
9
94
9
91
9
33
9
99
14
86
12
24
9
33
9
81
9
61
9
41
12
24
11
53
9
34
9
63
13
25
9
62
9
99
9
64
14
26
9
64
9
34
9
21
9
43
9
34
9
42
13
25
9
99
9
14
9
34
9
94
12
54
9
91
9
34
9
43
9
64
12
24
9
14
11
53
9
13
0
50
9
34
12
24
9
43
14
86
15
87
9
94
9
34
9
73
9
64
9
31
9
63
9
44
9
93
12
24
11
53
9
99
13
85
9
14
9
44
9
43
9
99
9
43
9
13
9
64
11
83
9
14
11
23
11
23
9
92
9
44
9
99
13
85
12
54
0
90
9
44
9
63
15
87
9
94
9
94
9
99
11
83
9
14
9
12
11
23
14
86
9
99
9
14
11
83
9
74
12
54
9
34
9
62
9
32
9
13
11
53
11
23
9
94
0
30
9
64
9
14
9
44
14
56
11
23
12
84
9
64
9
33
9
99
9
74
11
83
9
99
9
44
9
93
9
61
11
53
9
34
10
22
12
84
9
13
9
81
9
41
9
74
9
44
11
83
9
91
9
94
9
99
9
44
15
27
0
50
9
14
9
34
9
99
12
54
9
32
9
21
9
14
14
86
9
94
0
10
9
74
9
64
9
72
11
83
9
99
9
99
11
53
9
13
9
74
10
22
9
33
9
14
9
99
11
83
14
86
9
13
11
83
11
53
9
44
9
34
0
80
9
92
13
85
9
34
9
14
15
57
12
54
11
23
9
74
9
99
9
43
9
34
13
25
9
34
13
25
9
64
9
34
9
74
12
84
9
63
9
62
9
33
11
23
13
25
9
51
9
73
9
62
9
34
9
44
9
44
9
99
9
13
9
34
13
55
9
63
9
43
9
99
9
94
13
85
9
43
9
99
9
32
9
32
9
43
9
44
9
31
9
93
9
64
11
53
9
99
9
34
9
99
9
73
9
63
9
72
9
64
9
94
9
91
9
99
9
94
9
99
9
34
9
34
9
33
9
92
9
94
11
53
9
64
15
57
0
10
9
64
10
82
10
82
9
44
9
44
9
72
9
74
9
77
13
85
9
74
9
99
9
62
10
82
9
92
9
74
11
23
9
64
9
74
14
26
9
14
9
94
9
74
9
62
8
55
9
62
9
44
0
72
9
34
12
24
15
27
9
93
10
82
4
59
9
13
9
94
9
33
11
23
9
64
11
83
12
84
11
53
9
13
9
34
13
85
9
34
9
64
9
74
13
85
13
55
9
93
13
55
9
99
0
40
3
39
9
74
11
22
13
25
9
34
11
23
13
55
12
24
9
34
9
99
9
64
9
14
13
55
9
99
9
44
14
86
9
64
9
43
9
94
9
42
9
64
9
44
3
19
11
53
9
43
9
99
9
99
9
62
3
22
9
74
15
27
13
85
9
14
9
14
9
94
9
99
9
44
9
14
9
11
9
93
9
33
12
54
0
80
9
64
9
14
9
44
9
12
9
44
9
94
11
83
9
21
9
13
9
31
9
99
9
34
0
91
9
74
9
44
9
44
9
99
9
14
9
63
15
87
9
14
10
82
9
63
9
14
12
84
9
99
9
99
9
33
9
71
9
63
9
99
11
23
9
99
9
94
15
57
9
21
9
34
15
57
9
12
9
61
10
22
9
14
9
44
14
26
9
43
11
23
9
63
9
31
9
14
9
41
10
52
9
99
11
23
9
73
0
20
9
64
9
32
0
40
9
99
9
89
12
84
13
25
9
42
13
55
9
73
0
59
12
54
10
52
9
99
9
13
9
14
14
56
11
23
9
43
9
32
9
31
9
99
3
39
11
83
9
72
9
14
0
30
11
53
9
36
9
64
9
34
12
24
9
44
9
14
9
64
9
34
11
23
9
44
9
43
9
63
9
99
9
13
9
74
9
64
9
44
0
13
9
74
12
54
9
44
11
83
9
99
9
43
11
83
14
86
9
71
9
99
9
21
9
61
9
14
9
14
9
33
9
21
9
42
9
38
9
92
9
33
9
44
9
73
9
46
9
64
9
99
13
85
9
73
9
99
9
41
9
33
9
13
9
74
9
51
9
64
9
34
9
21
9
73
9
94
10
82
9
31
9
34
12
24
9
38
9
61
9
74
12
24
9
99
9
63
9
73
11
53
9
21
1
61
9
73
13
55
9
94
9
34
9
74
9
94
9
11
9
99
9
14
9
42
11
53
9
42
9
94
12
84
10
22
9
44
9
31
9
14
9
74
9
34
3
49
11
53
0
10
9
44
12
24
9
14
9
74
9
14
9
14
9
94
11
23
9
74
9
51
9
13
9
99
0
10
9
73
12
84
9
94
9
94
15
87
9
44
9
94
9
63
12
84
9
33
12
24
9
64
9
44
9
34
0
0
9
41
11
23
15
27
9
44
8
25
14
26
9
34
9
44
9
74
12
54
9
63
12
84
10
52
9
64
9
12
13
25
9
74
9
73
9
74
9
81
9
14
9
74
9
81
9
99
0
60
9
21
9
99
9
99
9
94
11
53
9
94
9
61
9
91
9
44
9
34
9
34
9
93
9
74
12
51
9
91
9
44
9
14
2
89
9
13
9
81
9
93
10
52
9
94
9
72
0
10
9
7
9
64
9
64
9
34
11
53
4
68
9
73
9
34
9
44
9
42
9
14
9
94
9
64
13
85
11
53
9
74
9
61
2
99
13
25
9
51
10
22
9
63
15
87
9
74
9
13
1
49
11
53
9
42
9
12
9
14
9
33
9
93
9
92
10
22
13
85
12
81
0
60
14
56
9
34
11
23
9
14
9
81
11
53
9
33
9
99
9
14
9
44
9
33
9
43
12
24
10
52
9
21
9
74
15
27
9
99
10
22
14
86
9
32
9
73
9
99
9
94
13
85
9
31
9
14
9
74
9
43
9
11
9
72
9
74
9
14
9
64
10
22
9
64
12
54
9
34
9
74
9
14
9
13
9
43
9
44
9
14
9
74
12
54
9
94
9
91
9
33
10
82
9
99
11
83
14
56
13
85
9
43
9
99
9
33
9
14
9
14
9
99
9
93
9
43
0
30
9
63
9
64
9
44
11
53
1
39
1
29
9
99
9
74
9
13
9
13
1
79
9
13
9
41
4
39
0
50
13
85
9
64
14
56
10
52
9
14
9
14
9
63
9
1
9
32
9
43
14
86
9
94
12
54
9
99
9
72
10
82
4
89
9
94
9
43
12
54
9
44
9
74
11
23
9
64
9
34
9
24
9
14
10
82
9
99
9
99
9
94
9
74
9
74
15
87
11
23
9
63
9
72
9
64
13
25
9
13
9
32
9
64
9
64
9
99
9
11
12
84
15
27
9
74
12
54
9
64
9
94
9
81
9
44
9
99
9
34
9
34
9
34
9
44
9
44
9
99
12
84
9
63
9
34
13
25
9
74
9
32
13
85
9
13
12
54
9
99
12
24
9
74
9
11
11
23
11
23
9
14
9
74
8
5
9
99
9
72
9
64
9
34
9
94
9
34
9
12
12
54
9
74
9
44
15
57
0
90
9
93
9
64
13
85
14
86
13
55
9
91
9
34
9
74
9
34
11
83
9
99
9
64
9
14
13
85
9
44
9
64
9
32
9
72
9
94
0
0
9
73
14
56
14
86
9
14
10
52
12
24
9
14
9
64
9
64
9
14
9
34
11
23
9
34
9
43
9
44
9
99
12
84
9
12
14
26
9
41
9
44
9
13
14
86
3
29
11
53
9
44
9
13
9
81
13
55
9
73
9
16
9
73
9
93
9
21
9
34
10
82
9
51
9
94
0
50
4
79
11
23
9
74
13
25
9
14
9
73
9
34
12
54
9
99
9
14
9
64
9
28
9
33
9
91
0
50
9
34
9
81
9
64
9
44
9
94
9
44
9
11
9
74
9
64
9
21
13
25
9
62
12
24
13
25
9
64
9
74
11
83
13
55
9
93
14
56
0
20
9
74
9
71
9
99
9
31
9
13
9
99
9
74
9
43
9
13
9
99
9
93
12
24
9
81
13
85
14
56
1
89
11
53
9
51
11
83
9
74
13
25
12
54
9
44
9
43
9
14
9
41
9
62
9
44
11
83
9
44
13
25
12
84
9
74
9
64
8
85
0
60
3
79
9
71
9
94
14
26
12
84
9
31
9
44
9
64
12
24
14
52
9
34
9
63
13
55
9
91
11
23
9
34
9
99
11
83
9
92
9
74
9
74
4
69
4
49
11
83
11
23
9
21
9
92
13
85
11
53
14
56
9
64
9
72
9
44
9
34
9
94
9
34
12
54
9
64
13
85
9
34
9
91
3
79
8
55
9
13
9
34
9
74
9
14
9
74
9
64
9
74
9
99
11
83
11
83
9
62
