3
88
3
19
6
13
4
19
5
68
3
23
5
89
3
34
3
99
3
2
6
19
4
37
4
43
3
79
6
29
2
95
3
83
2
77
4
36
3
2
6
3
5
59
6
17
6
84
3
63
3
29
3
25
6
69
5
54
6
44
5
58
4
86
5
82
3
24
2
95
6
77
3
18
5
24
4
72
2
52
4
32
3
19
2
44
5
27
2
57
4
18
4
53
2
94
6
59
5
19
6
57
6
27
5
12
6
34
3
26
2
33
4
19
3
93
6
9
4
29
5
89
3
47
2
82
5
29
2
37
5
57
3
19
4
9
2
46
2
4
0
50
5
27
3
19
2
39
5
79
6
79
6
89
4
25
2
66
6
59
2
22
2
55
5
36
4
84
3
18
2
47
5
99
4
78
5
9
4
38
2
34
4
93
5
34
2
5
5
57
2
79
4
7
2
19
2
18
6
83
6
37
2
96
4
79
5
45
0
90
4
39
2
59
6
79
3
89
6
88
2
94
3
74
6
7
3
3
2
17
5
77
2
96
4
5
4
74
6
65
3
49
6
29
2
53
4
32
2
9
5
44
6
14
5
85
0
30
4
58
6
9
6
39
5
49
3
14
6
75
4
59
2
25
5
99
5
66
4
74
5
98
5
39
2
84
5
52
6
44
5
29
6
13
5
75
2
6
3
72
4
32
6
65
4
39
2
75
5
82
3
89
2
96
4
35
6
18
0
50
3
8
5
26
2
99
3
49
5
23
5
12
3
9
5
79
3
89
0
10
3
68
4
59
3
63
6
74
3
95
6
98
4
44
5
13
3
67
2
13
2
27
4
9
6
99
2
79
5
79
2
7
2
78
2
45
3
39
4
29
0
80
2
83
4
79
5
29
5
5
6
49
3
47
2
14
3
65
2
99
2
39
5
27
6
16
6
29
4
17
3
55
4
25
6
69
3
78
5
54
6
53
2
27
2
14
4
19
5
42
2
69
4
53
3
26
5
39
6
37
4
98
3
4
3
28
4
46
2
59
3
34
2
99
4
87
4
79
5
34
5
94
5
23
3
23
6
34
3
36
2
22
2
89
5
55
2
49
5
96
4
26
4
92
2
68
2
57
5
63
3
59
6
86
5
82
2
96
6
89
3
99
6
27
3
25
2
26
5
83
5
87
5
44
5
56
6
49
0
10
3
59
5
73
4
73
4
35
5
36
3
63
4
65
3
77
4
79
3
67
6
96
5
53
2
73
4
83
4
69
2
15
3
56
4
68
6
17
6
6
6
85
4
66
4
53
6
55
2
53
4
35
0
72
6
25
3
19
6
19
2
87
5
73
4
53
5
4
4
89
3
24
2
18
5
58
2
77
3
75
2
46
2
7
4
29
4
78
5
29
6
56
6
65
4
79
5
46
2
85
5
46
5
95
0
40
3
32
3
68
2
23
4
19
4
29
5
14
5
46
6
15
6
26
6
99
5
59
4
9
4
49
2
99
5
36
6
77
5
59
2
39
6
87
4
33
3
59
6
39
3
19
2
48
2
36
5
92
5
99
2
53
3
22
6
65
6
19
4
78
6
9
6
5
5
88
2
94
6
39
5
7
5
2
3
84
2
27
5
45
0
80
5
58
5
9
6
39
6
3
3
39
5
87
5
74
3
12
5
4
2
22
2
99
3
27
0
91
6
69
6
39
6
39
3
92
5
5
2
59
6
79
6
6
3
73
2
59
3
9
3
78
6
97
3
99
2
29
5
62
5
54
4
95
2
19
3
96
4
89
6
48
3
12
5
25
6
48
2
3
2
52
5
13
6
5
6
39
5
19
3
34
2
14
2
59
4
22
6
7
4
32
5
43
3
92
2
19
3
64
0
20
5
55
6
23
0
40
4
92
5
89
4
75
5
16
4
33
4
47
2
65
0
59
3
49
3
43
6
94
2
4
3
9
6
47
2
19
2
35
4
23
2
22
5
99
3
39
6
74
4
63
4
9
0
30
2
49
3
36
3
55
4
29
3
17
3
39
5
7
5
59
6
29
2
18
3
37
5
34
2
55
6
96
2
9
3
68
5
55
5
39
0
13
5
66
3
49
5
36
6
74
4
99
6
34
4
74
5
79
5
71
4
98
4
12
5
52
4
8
5
6
5
24
5
12
4
33
2
38
3
83
2
28
5
37
6
64
3
46
6
59
5
94
4
79
2
65
6
98
3
32
2
28
2
9
5
65
3
42
3
58
4
26
2
12
2
65
6
86
4
73
4
22
3
25
3
16
6
38
3
52
3
66
4
15
6
99
2
58
5
64
2
45
5
12
1
61
5
64
4
48
4
89
6
29
4
69
5
86
4
11
3
98
5
8
2
33
6
44
4
42
6
89
3
75
4
13
6
38
4
22
5
7
5
66
6
29
3
45
2
49
0
10
6
39
3
18
3
6
4
67
5
6
4
9
6
89
2
19
5
66
4
42
2
6
6
99
0
10
5
64
3
79
5
86
5
89
6
79
6
37
4
89
2
59
3
77
2
25
3
19
4
55
3
36
6
25
0
0
4
32
2
17
6
19
4
39
2
25
5
19
5
29
6
37
3
69
3
49
6
54
5
75
3
43
6
58
5
3
4
19
3
69
2
68
3
67
4
72
4
9
4
65
4
72
2
99
0
60
4
12
3
93
4
94
4
88
3
44
3
85
5
52
5
82
5
39
3
29
4
25
6
84
6
65
3
51
4
82
4
39
3
7
2
87
6
4
5
72
2
87
5
43
4
86
5
63
0
10
4
7
6
59
3
56
3
25
2
46
4
68
2
67
4
28
5
38
2
33
6
7
3
89
5
56
5
76
2
45
3
69
3
61
2
94
4
19
4
42
4
13
2
57
6
79
5
67
2
9
1
43
2
45
4
33
2
3
5
9
2
29
2
89
4
83
3
13
4
77
3
88
0
60
5
48
6
29
4
14
5
9
2
72
2
49
3
24
4
99
6
9
3
39
6
24
2
39
3
19
5
43
5
12
5
69
6
19
6
94
2
13
5
79
2
23
5
64
6
99
6
88
4
78
4
22
4
7
6
67
2
38
3
2
3
63
5
69
6
7
5
55
2
13
5
59
3
49
4
26
4
69
6
9
4
4
2
36
4
39
6
6
5
69
6
45
3
86
3
82
4
24
5
73
6
98
2
76
5
49
4
77
2
38
2
92
2
26
6
7
3
7
2
96
2
84
4
43
0
30
4
54
6
58
4
37
3
44
1
37
1
22
5
97
3
66
3
4
3
4
1
75
2
9
5
32
4
38
0
50
5
76
4
59
5
49
2
43
3
8
4
8
3
54
6
1
6
23
2
39
5
78
3
86
3
49
2
99
3
63
3
73
4
84
5
89
2
39
4
45
6
36
3
69
2
18
6
58
4
26
2
24
5
9
6
73
6
99
3
99
4
85
6
69
4
65
6
79
2
15
2
57
3
63
6
57
4
17
2
9
6
23
5
57
5
55
6
93
4
2
3
77
6
19
4
68
3
45
6
59
5
89
4
72
3
37
2
92
3
28
4
29
5
29
6
35
5
38
6
94
3
79
2
55
3
26
4
19
5
68
2
23
4
79
6
4
6
45
4
95
5
15
3
69
2
11
2
19
5
14
6
8
5
65
2
5
5
93
2
63
4
59
3
28
3
87
6
25
4
3
3
49
4
68
3
39
6
49
0
90
3
84
5
59
4
79
5
77
4
49
4
82
4
29
3
69
6
29
3
74
2
99
6
56
6
8
6
76
3
39
5
56
2
23
4
63
6
86
0
0
4
64
5
47
5
79
3
9
2
43
3
18
4
6
6
57
5
55
5
9
6
28
2
19
5
29
2
34
4
37
4
98
4
75
2
3
5
19
4
32
4
39
2
8
5
78
3
26
2
44
5
38
2
9
4
72
4
49
2
69
3
16
3
64
3
84
3
12
6
27
6
73
4
42
6
87
0
50
4
79
2
19
6
69
4
17
4
5
2
69
3
27
6
45
4
96
5
7
6
57
2
28
2
26
3
82
0
50
5
29
2
72
4
57
5
37
3
89
4
37
5
2
3
69
3
58
5
12
4
19
5
53
4
15
5
16
4
55
4
67
2
76
4
47
3
84
5
47
0
20
3
66
2
62
4
99
4
22
2
6
5
99
3
69
4
34
2
7
3
99
6
84
3
19
5
72
4
79
5
49
1
86
2
46
3
42
2
79
4
66
6
16
3
49
3
39
2
34
5
8
5
41
5
53
4
39
2
77
3
39
4
17
3
75
4
69
5
56
6
85
0
60
3
75
3
62
6
89
5
17
3
77
3
22
3
39
4
59
3
17
5
54
4
29
2
59
4
49
3
82
2
19
4
28
6
96
2
77
3
83
4
67
6
66
4
69
4
49
2
75
4
14
5
12
2
83
4
79
2
48
5
49
6
55
4
63
6
39
3
29
5
89
4
28
5
45
3
55
5
76
5
29
5
82
3
72
6
55
4
4
3
27
5
69
5
8
4
65
6
58
3
66
4
94
2
77
2
75
2
53
