9
94
19
33
19
31
19
34
9
74
9
34
9
94
9
44
9
99
9
14
19
34
9
44
19
61
19
93
9
34
9
99
9
94
19
92
9
44
9
14
9
14
9
64
19
34
9
94
9
74
9
34
9
34
9
74
9
64
19
62
9
64
9
94
9
94
9
34
9
99
19
94
19
33
9
34
18
90
9
64
9
44
19
33
19
62
9
34
9
64
19
34
9
64
9
99
9
64
19
34
9
64
9
34
18
30
9
44
9
34
9
44
19
34
9
99
9
14
9
34
9
94
19
63
9
94
9
34
9
44
9
64
19
33
9
14
19
62
9
14
0
50
9
34
19
33
9
44
19
94
19
94
9
94
9
34
9
74
9
64
9
34
9
64
9
44
9
94
19
33
19
62
9
99
19
94
9
14
9
44
9
44
9
99
9
44
9
14
9
64
19
92
9
14
19
32
19
32
9
94
9
44
9
99
19
94
19
63
0
90
9
44
9
64
19
94
9
94
9
94
9
99
19
92
9
14
9
14
19
32
19
94
9
99
9
14
19
92
9
74
19
63
9
34
9
64
9
32
9
14
19
62
19
32
9
94
0
30
9
64
9
14
9
44
19
64
19
32
19
93
9
64
9
34
9
99
9
74
19
92
9
99
9
44
9
94
9
64
19
62
9
34
19
31
19
93
9
14
18
90
9
44
9
74
9
44
19
92
9
94
9
94
9
99
9
44
19
34
0
50
9
14
9
34
9
99
19
63
9
34
18
30
9
14
19
94
9
94
0
10
9
74
9
64
9
74
19
92
9
99
9
99
19
62
9
13
9
74
19
31
9
34
9
14
9
99
19
92
19
94
9
14
19
92
19
62
9
44
9
34
0
80
9
94
19
94
9
34
9
14
19
64
19
63
19
32
9
74
9
99
9
44
9
34
19
34
9
34
19
34
9
64
9
34
9
74
19
93
9
64
9
64
9
34
19
32
19
34
18
60
9
74
9
64
9
34
9
44
9
44
9
99
9
14
9
34
19
64
9
64
9
44
9
99
9
94
19
94
9
44
9
99
9
34
9
34
9
44
9
44
9
34
9
94
9
64
19
62
9
99
9
34
9
99
9
74
9
64
9
74
9
64
9
94
9
94
9
99
9
94
9
99
9
34
9
34
9
34
9
94
9
94
19
62
9
64
19
64
0
10
9
64
19
91
19
91
9
44
9
44
9
74
9
74
9
77
19
94
9
74
9
99
9
64
19
91
9
94
9
74
19
32
9
64
9
74
19
34
9
14
9
94
9
74
9
64
8
55
9
64
9
44
0
72
9
34
19
33
19
34
9
94
19
91
4
59
9
14
9
94
9
34
19
32
9
64
19
92
19
93
19
62
9
14
9
34
19
94
9
34
9
64
9
74
19
94
19
64
9
94
19
64
9
99
0
40
3
39
9
74
19
22
19
34
9
34
19
32
19
64
19
33
9
34
9
99
9
64
9
14
19
64
9
99
9
44
19
94
9
64
9
44
9
94
9
44
9
64
9
44
3
19
19
62
9
44
9
99
9
99
9
64
3
22
9
74
19
34
19
94
9
14
9
14
9
94
9
99
9
44
9
14
9
14
9
94
9
34
19
63
0
80
9
64
9
14
9
44
9
14
9
44
9
94
19
92
18
30
9
14
9
34
9
99
9
34
0
91
9
74
9
44
9
44
9
99
9
14
9
64
19
94
9
14
19
91
9
64
9
14
19
93
9
99
9
99
9
34
9
74
9
64
9
99
19
32
9
99
9
94
19
64
18
30
9
34
19
64
9
14
9
64
19
31
9
14
9
44
19
34
9
44
19
32
9
64
9
34
9
14
9
44
19
61
9
99
19
32
9
74
0
20
9
64
9
34
0
40
9
99
9
89
19
93
19
34
9
44
19
64
9
74
0
59
19
63
19
61
9
99
9
14
9
14
19
64
19
32
9
44
9
34
9
34
9
99
3
39
19
92
9
74
9
14
0
30
19
62
9
36
9
64
9
34
19
33
9
44
9
14
9
64
9
34
19
32
9
44
9
44
9
64
9
99
9
14
9
74
9
64
9
44
0
13
9
74
19
63
9
44
19
92
9
99
9
44
19
92
19
94
9
71
9
99
18
30
9
64
9
14
9
14
9
34
18
30
9
44
9
38
9
94
9
34
9
44
9
74
9
46
9
64
9
99
19
94
9
74
9
99
9
44
9
34
9
14
9
74
18
60
9
64
9
34
18
30
9
74
9
94
19
91
9
34
9
34
19
33
9
38
9
64
9
74
19
33
9
99
9
64
9
74
19
62
18
30
1
61
9
74
19
64
9
94
9
34
9
74
9
94
9
11
9
99
9
14
9
44
19
62
9
42
9
94
19
93
19
31
9
44
9
34
9
14
9
74
9
34
3
49
19
62
0
10
9
44
19
33
9
14
9
74
9
14
9
14
9
94
19
32
9
74
18
60
9
14
9
99
0
10
9
74
19
93
9
94
9
94
19
94
9
44
9
94
9
64
19
93
9
34
19
33
9
64
9
44
9
34
0
0
9
44
19
32
19
34
9
44
8
25
19
34
9
34
9
44
9
74
19
63
9
64
19
93
19
61
9
64
9
14
19
34
9
74
9
74
9
74
18
90
9
14
9
74
18
90
9
99
0
60
18
30
9
99
9
99
9
94
19
62
9
94
9
64
9
94
9
44
9
34
9
34
9
94
9
74
19
51
9
94
9
44
9
14
2
89
9
14
18
90
9
94
19
61
9
94
9
74
0
10
9
7
9
64
9
64
9
34
19
62
4
68
9
74
9
34
9
44
9
44
9
14
9
94
9
64
19
94
19
62
9
74
9
61
2
99
19
34
18
60
19
31
9
64
19
94
9
74
9
14
1
49
19
62
9
44
9
14
9
14
9
34
9
94
9
94
19
31
19
94
19
77
0
60
19
64
9
34
19
32
9
14
18
90
19
62
9
34
9
99
9
14
9
44
9
34
9
44
19
33
19
61
18
30
9
74
19
34
9
99
19
31
19
94
9
34
9
74
9
99
9
94
19
94
9
34
9
14
9
74
9
44
9
14
9
74
9
74
9
14
9
64
19
31
9
64
19
63
9
34
9
74
9
14
9
14
9
44
9
44
9
14
9
74
19
63
9
94
9
94
9
34
19
91
9
99
19
92
19
64
19
94
9
44
9
99
9
34
9
14
9
14
9
99
9
94
9
43
0
30
9
64
9
64
9
44
19
62
1
39
1
29
9
99
9
74
9
14
9
14
1
79
9
14
9
44
4
39
0
50
19
94
9
64
19
64
19
61
9
14
9
14
9
64
9
1
9
34
9
44
19
94
9
94
19
63
9
99
9
74
19
91
4
89
9
94
9
44
19
63
9
44
9
74
19
32
9
64
9
34
9
24
9
14
19
91
9
99
9
99
9
94
9
74
9
74
19
94
19
32
9
64
9
74
9
64
19
34
9
14
9
34
9
64
9
64
9
99
9
14
19
93
19
34
9
74
19
63
9
64
9
94
18
90
9
44
9
99
9
34
9
34
9
34
9
44
9
44
9
99
19
93
9
64
9
34
19
34
9
74
9
34
19
94
9
14
19
63
9
99
19
33
9
74
9
11
19
32
19
32
9
14
9
74
8
5
9
99
9
74
9
64
9
34
9
94
9
34
9
14
19
63
9
74
9
44
19
64
0
90
9
94
9
64
19
94
19
94
19
64
9
94
9
34
9
74
9
34
19
92
9
99
9
64
9
14
19
94
9
44
9
64
9
34
9
74
9
94
0
0
9
74
19
64
19
94
9
14
19
61
19
33
9
14
9
64
9
64
9
14
9
34
19
32
9
34
9
44
9
44
9
99
19
93
9
14
19
34
9
44
9
44
9
14
19
94
3
29
19
62
9
44
9
14
18
90
19
64
9
74
9
16
9
74
9
94
18
30
9
34
19
91
18
60
9
94
0
50
4
79
19
32
9
74
19
34
9
14
9
74
9
34
19
63
9
99
9
14
9
64
9
28
9
34
9
94
0
50
9
34
18
90
9
64
9
44
9
94
9
44
9
14
9
74
9
64
18
30
19
34
9
64
19
33
19
34
9
64
9
74
19
92
19
64
9
94
19
64
0
20
9
74
9
74
9
99
9
34
9
14
9
99
9
74
9
44
9
14
9
99
9
94
19
33
18
90
19
94
19
64
1
89
19
62
18
60
19
92
9
74
19
34
19
63
9
44
9
44
9
14
9
41
9
64
9
44
19
92
9
44
19
34
19
93
9
74
9
64
8
85
0
60
3
79
9
74
9
94
19
34
19
93
9
34
9
44
9
64
19
33
19
52
9
34
9
64
19
64
9
94
19
32
9
34
9
99
19
92
9
94
9
74
9
74
4
69
4
49
19
92
19
32
18
30
9
94
19
94
19
62
19
64
9
64
9
74
9
44
9
34
9
94
9
34
19
63
9
64
19
94
9
34
9
94
3
79
8
55
9
14
9
34
9
74
9
14
9
74
9
64
9
74
9
99
19
92
19
92
9
64
