9
91
9
21
9
19
10
22
9
73
9
29
9
93
9
40
9
99
9
8
12
24
9
42
9
49
9
81
9
34
8
99
9
89
8
80
9
42
9
8
9
9
9
63
11
23
9
90
9
69
9
31
9
31
9
74
9
60
9
50
9
63
9
92
9
88
9
30
8
99
11
83
9
21
9
30
9
78
8
58
9
38
9
21
8
50
9
33
8
60
10
22
9
59
8
99
9
64
11
23
9
63
9
33
9
18
9
40
9
31
8
39
10
22
9
99
9
14
9
32
9
93
9
51
8
88
9
33
8
40
9
63
9
21
9
12
8
50
8
10
0
50
9
33
9
21
8
40
11
83
12
84
9
94
9
31
8
70
9
64
8
28
8
60
9
42
9
90
9
21
8
50
9
99
10
82
9
13
9
42
8
40
9
99
9
40
8
10
9
63
8
80
9
12
8
20
8
20
9
89
9
43
8
99
10
82
9
51
0
90
9
42
8
60
12
84
9
91
9
94
8
99
9
80
9
13
9
9
8
20
11
83
8
99
9
11
9
80
9
71
9
51
9
34
8
59
9
32
8
10
9
50
9
20
9
91
0
30
9
62
9
14
9
44
11
53
9
20
9
81
9
62
8
30
9
99
9
72
9
80
9
99
9
43
8
90
9
58
9
50
9
33
9
19
9
81
8
10
9
78
9
38
9
71
9
42
8
80
9
88
9
91
8
99
9
41
12
24
0
50
9
11
9
32
8
99
9
51
9
29
9
18
9
11
11
83
9
91
0
10
9
71
9
62
9
69
9
80
9
99
9
99
9
50
9
13
9
71
8
19
8
30
9
12
9
99
8
80
11
83
8
10
8
80
8
50
9
41
9
32
0
80
8
89
10
82
9
33
9
11
12
54
9
51
8
20
9
71
8
99
8
40
9
33
10
22
9
34
10
22
9
61
9
31
9
74
9
81
9
60
9
59
8
30
8
20
10
22
9
48
8
70
9
59
9
31
9
43
9
43
9
99
9
10
9
31
10
52
8
60
9
40
8
99
9
92
10
82
9
40
9
99
9
29
9
29
9
40
9
41
8
28
8
90
9
61
8
50
9
99
9
32
9
98
8
70
8
60
9
69
9
61
9
92
9
88
8
99
9
94
9
99
9
33
9
31
8
30
9
89
9
93
9
50
9
62
12
54
0
10
9
61
9
79
9
79
9
41
9
42
9
69
9
71
9
77
10
82
9
71
9
99
9
59
8
79
9
89
9
72
8
20
9
61
9
72
11
23
9
12
9
91
9
72
9
59
8
55
8
59
9
41
0
72
9
31
9
21
12
24
8
90
9
79
4
59
9
10
9
92
9
30
8
20
9
63
8
80
9
81
8
50
8
10
9
32
10
82
9
33
9
62
9
71
10
82
10
52
8
90
10
52
9
99
0
40
3
38
9
71
8
23
10
22
9
32
9
20
10
52
9
21
9
32
9
99
9
63
9
12
10
52
8
99
9
42
11
83
9
63
8
40
9
93
9
39
9
61
9
44
3
19
8
50
8
40
9
98
9
99
8
59
3
22
9
71
12
24
10
82
9
14
9
11
9
93
8
99
9
44
9
13
9
8
9
90
8
30
9
51
0
80
9
63
9
13
9
44
9
9
9
41
9
93
9
80
9
18
9
10
8
28
8
99
9
31
0
91
9
74
9
44
9
44
9
98
9
11
8
60
12
84
9
12
9
79
8
60
9
11
9
81
9
99
9
99
8
30
9
68
9
60
9
99
8
20
9
99
9
92
12
54
9
18
9
31
12
54
8
9
8
58
9
19
9
11
9
44
11
23
9
40
8
20
8
60
9
28
9
13
9
38
9
49
9
98
8
20
9
70
0
20
9
61
9
29
0
40
9
98
9
89
9
81
10
22
9
39
10
52
8
70
0
59
9
51
9
49
9
99
8
10
9
11
11
53
8
20
8
40
9
29
8
28
9
99
3
39
9
80
9
69
9
12
0
30
8
50
9
36
9
61
9
32
9
21
9
41
9
13
9
63
9
34
8
20
9
41
9
40
8
60
9
99
8
10
9
71
9
61
9
43
0
13
9
72
9
51
9
42
9
80
9
99
9
40
9
80
11
83
9
71
9
99
9
18
9
58
9
12
9
12
9
30
9
18
9
39
8
38
9
89
8
30
9
43
9
70
9
46
9
64
9
99
10
82
8
70
9
99
9
38
8
30
8
10
9
71
9
48
9
61
9
32
8
18
8
70
9
92
9
79
9
28
9
31
9
21
9
38
9
58
9
71
9
21
9
99
8
60
9
70
8
50
9
18
1
61
9
70
10
52
9
92
9
34
9
72
9
92
9
11
9
99
9
13
8
39
9
50
9
42
9
94
9
81
9
19
9
44
9
28
9
13
9
72
9
34
3
49
8
50
0
10
9
44
9
21
9
11
9
72
9
12
9
12
9
94
8
20
9
72
9
48
8
10
9
99
0
10
9
70
9
81
9
92
9
93
12
84
9
43
9
92
8
60
9
81
8
30
9
21
9
61
9
41
9
31
0
0
9
38
8
20
12
24
9
42
8
25
11
23
9
33
9
43
9
71
9
51
9
60
9
81
9
49
9
64
9
9
10
22
9
71
8
70
9
71
9
78
9
12
9
71
9
78
8
99
0
60
9
18
9
99
9
99
9
92
9
50
9
91
9
58
9
88
9
43
9
31
9
31
9
90
9
71
9
51
9
88
9
42
9
11
2
89
9
10
9
78
8
90
9
49
9
92
9
69
0
10
9
7
9
64
9
61
9
31
8
50
4
68
8
70
9
32
9
43
8
39
9
13
9
91
9
62
10
82
8
50
9
71
9
61
2
99
10
22
9
48
9
19
8
60
12
84
9
73
8
10
1
49
8
50
9
39
8
9
9
13
8
30
8
90
9
89
9
19
10
82
9
82
0
60
11
53
9
34
9
20
9
13
8
78
8
50
9
30
9
99
9
14
9
41
9
30
8
40
9
21
9
49
9
18
9
73
12
24
9
99
8
19
11
83
8
29
9
70
9
99
9
94
10
82
9
28
9
12
9
73
8
40
9
8
9
69
9
73
9
13
9
61
8
19
9
63
9
51
9
32
9
72
9
14
9
10
8
40
9
42
9
12
9
73
9
51
9
91
9
88
9
30
9
79
9
99
8
80
11
53
10
82
8
40
8
98
8
30
9
13
9
11
8
99
8
90
9
43
0
30
9
60
9
64
9
42
9
50
1
39
1
28
9
99
9
71
9
10
9
10
1
79
8
10
9
38
4
39
0
50
10
82
9
62
11
53
8
49
9
11
9
12
9
60
9
1
9
29
8
40
11
83
9
91
9
51
8
99
9
69
9
79
4
89
9
93
8
40
9
51
9
42
9
71
8
20
9
64
9
32
8
24
9
13
9
79
9
99
9
99
9
91
9
74
9
71
12
84
8
20
8
60
9
69
9
63
10
22
8
10
9
29
9
63
9
61
9
99
9
8
9
81
12
24
9
72
9
51
9
64
9
93
9
78
9
41
8
98
9
31
9
32
9
33
9
41
9
43
9
99
9
81
8
60
9
31
10
22
9
73
8
29
10
82
9
10
9
51
9
99
9
21
9
71
8
11
8
20
9
20
9
14
9
71
8
5
9
99
8
69
9
62
9
31
9
91
9
31
9
9
9
51
9
72
9
41
12
54
0
90
9
90
9
63
10
82
11
83
10
52
9
88
9
32
9
71
9
34
9
80
8
99
9
62
9
14
10
82
9
41
9
62
8
29
9
69
9
92
0
0
9
70
11
53
11
83
9
11
8
49
9
21
9
12
9
63
9
61
9
13
9
34
8
20
9
33
8
40
9
42
9
99
9
81
8
9
11
23
9
38
9
42
8
10
11
83
3
29
8
50
9
43
8
10
9
78
10
52
8
70
9
16
9
70
9
90
9
18
9
33
9
79
9
48
9
93
0
50
4
79
8
20
9
74
10
22
9
11
8
70
9
31
9
51
9
99
9
13
9
63
8
28
8
30
9
88
0
50
9
33
8
78
9
62
9
43
9
91
9
42
9
8
9
71
9
61
9
18
10
22
9
59
9
21
10
22
9
61
9
72
8
80
10
52
9
90
11
53
0
20
9
71
8
68
9
99
9
28
8
10
9
99
9
71
9
40
8
10
9
99
9
90
9
21
9
78
10
82
11
53
1
89
8
50
9
48
8
80
9
72
10
22
9
51
9
41
8
40
9
13
9
41
9
59
9
42
8
80
9
41
10
22
9
81
9
72
9
62
8
85
0
60
3
79
9
68
9
94
11
23
9
81
9
28
9
41
9
62
9
21
11
52
9
32
8
60
10
52
9
88
8
20
9
32
9
99
8
80
9
89
9
72
9
72
4
69
4
49
8
80
9
20
9
18
8
89
10
82
8
50
11
53
9
61
9
69
9
44
9
31
9
93
9
32
9
51
9
61
10
82
9
33
9
88
3
78
8
55
9
10
9
31
9
73
9
13
9
71
9
64
9
71
9
99
8
80
8
80
8
59
