2
87
2
19
5
12
3
18
4
67
2
22
4
88
2
33
2
99
2
1
5
19
3
36
3
42
2
78
5
29
1
94
2
82
1
76
3
35
2
1
5
2
4
59
5
16
5
83
2
62
2
29
2
24
5
69
4
53
5
43
4
57
3
85
4
81
2
23
1
94
5
76
2
17
4
23
3
71
1
51
3
31
2
19
1
43
4
26
1
56
3
17
3
52
1
93
5
59
4
18
5
56
5
26
4
11
5
33
2
25
1
32
3
19
2
92
5
9
3
29
4
89
2
46
1
81
4
29
1
36
4
56
2
19
3
9
1
45
1
3
0
50
4
26
2
19
1
38
4
79
5
79
5
89
3
24
1
65
5
58
1
21
1
54
4
35
3
83
2
17
1
46
4
99
3
77
4
9
3
37
1
33
3
92
4
33
1
4
4
56
1
79
3
6
1
18
1
17
5
82
5
36
1
95
3
78
4
44
0
90
3
39
1
58
5
79
2
89
5
87
1
93
2
73
5
6
2
2
1
16
4
76
1
95
3
4
3
73
5
64
2
48
5
28
1
52
3
32
1
9
4
43
5
13
4
84
0
30
3
57
5
8
5
38
4
49
2
13
5
74
3
59
1
24
4
98
4
65
3
73
4
97
4
39
1
83
4
51
5
43
4
29
5
12
4
74
1
5
2
71
3
31
5
64
3
39
1
74
4
81
2
89
1
95
3
34
5
17
0
50
2
7
4
25
1
99
2
49
4
22
4
11
2
9
4
79
2
89
0
10
2
67
3
59
2
62
5
73
2
94
5
97
3
43
4
13
2
66
1
12
1
26
3
9
5
99
1
78
4
79
1
6
1
77
1
44
2
39
3
29
0
80
1
82
3
79
4
29
4
4
5
49
2
46
1
13
2
64
1
98
1
38
4
26
5
15
5
29
3
16
2
54
3
24
5
69
2
77
4
53
5
52
1
26
1
13
3
19
4
41
1
69
3
52
2
25
4
39
5
36
3
97
2
3
2
27
3
45
1
59
2
33
1
99
3
86
3
79
4
33
4
93
4
22
2
22
5
33
2
35
1
21
1
88
4
54
1
49
4
95
3
25
3
91
1
67
1
56
4
62
2
58
5
85
4
81
1
95
5
89
2
99
5
26
2
24
1
25
4
82
4
86
4
43
4
55
5
48
0
10
2
58
4
72
3
72
3
34
4
35
2
62
3
64
2
77
3
78
2
66
5
95
4
52
1
72
3
82
3
69
1
14
2
55
3
67
5
16
5
5
5
84
3
65
3
52
5
55
1
52
3
34
0
72
5
24
2
18
5
19
1
86
4
72
4
52
4
3
3
88
2
23
1
17
4
57
1
76
2
74
1
45
1
6
3
28
3
77
4
28
5
55
5
64
3
78
4
45
1
84
4
45
4
94
0
40
3
31
2
67
1
23
3
19
3
29
4
13
4
45
5
14
5
25
5
99
4
59
3
9
3
48
1
99
4
35
5
76
4
59
1
39
5
86
3
32
2
59
5
39
3
18
1
47
1
35
4
91
4
98
1
52
3
22
5
64
5
19
3
77
5
9
5
4
4
87
1
93
5
38
4
6
4
1
2
83
1
26
4
44
0
80
4
57
4
9
5
38
5
2
2
39
4
86
4
73
2
11
4
3
1
21
1
98
2
26
0
91
5
69
5
39
5
39
2
91
4
4
1
59
5
79
5
5
2
72
1
58
2
9
2
77
5
96
2
99
1
29
4
61
4
53
3
94
1
19
2
95
3
89
5
47
2
11
4
24
5
47
1
2
1
51
4
12
5
4
5
39
4
19
2
33
1
13
1
58
3
21
5
6
3
31
4
42
2
91
1
19
2
63
0
20
4
54
5
22
0
40
3
91
4
89
3
74
4
15
3
32
3
46
1
64
0
59
2
49
2
42
5
93
1
3
2
8
5
46
1
18
1
34
3
22
1
21
4
99
3
39
5
73
3
62
3
9
0
30
1
49
2
36
2
54
3
29
2
16
2
39
4
6
4
58
5
29
1
17
2
36
4
33
1
54
5
95
1
9
2
67
4
54
4
38
0
13
4
65
2
49
4
35
5
73
3
99
5
33
3
73
4
78
4
71
3
97
3
11
4
51
3
7
4
5
4
23
4
11
3
32
1
38
2
82
1
27
4
36
5
63
2
46
5
59
4
93
3
79
1
64
5
97
2
31
1
27
1
8
4
64
2
41
2
57
3
25
1
11
1
64
5
85
3
72
3
21
2
24
2
15
5
38
2
51
2
65
3
14
5
99
1
57
4
63
1
44
4
11
1
61
4
63
3
47
3
89
5
28
3
68
4
85
3
11
2
97
4
7
1
32
5
43
3
42
5
89
2
74
3
12
5
37
3
21
4
6
4
65
5
29
3
44
1
49
0
10
5
39
2
17
2
5
3
66
4
5
3
8
5
88
1
19
4
65
3
41
1
5
5
98
0
10
4
63
2
79
4
85
4
88
5
79
5
36
3
89
1
58
2
76
1
24
2
19
3
54
2
35
5
24
0
0
3
31
1
16
5
19
3
39
1
25
4
19
4
29
5
36
2
68
2
49
5
53
4
74
2
42
5
57
4
2
3
19
2
69
1
67
2
66
3
71
3
9
3
64
3
71
1
98
0
60
3
11
2
92
3
93
3
87
2
43
2
84
4
51
4
81
4
39
2
29
3
24
5
83
5
64
2
51
3
81
3
39
2
6
2
86
5
3
4
71
1
86
4
42
3
85
4
62
0
10
3
7
5
59
2
55
2
24
1
45
4
68
1
66
3
27
4
37
1
32
5
6
2
89
4
55
4
75
1
44
2
68
2
61
2
93
3
19
3
41
3
12
1
56
5
79
4
66
1
8
1
42
1
44
3
32
1
2
4
9
1
29
1
89
3
82
2
12
3
76
2
89
0
60
4
47
5
28
3
13
4
8
1
71
1
49
2
23
3
98
5
9
2
38
5
23
1
39
2
18
4
42
4
11
4
69
5
19
5
93
1
12
4
79
1
22
4
63
5
99
5
87
3
77
3
21
3
6
5
66
1
37
2
1
2
62
4
68
5
6
4
54
1
12
4
59
2
48
3
25
3
69
5
9
3
3
1
35
3
39
5
5
4
68
5
44
2
85
2
81
3
23
4
72
5
97
1
75
4
48
3
76
1
37
1
91
1
25
5
6
2
6
1
95
1
83
3
43
0
30
3
53
5
57
3
36
2
43
1
36
1
21
4
96
2
65
2
3
2
3
1
74
1
8
4
31
4
37
0
50
4
75
3
59
4
49
1
42
2
7
3
7
2
53
5
1
5
22
1
39
4
77
2
85
2
48
1
98
2
62
2
72
4
83
4
89
1
39
3
44
5
35
2
69
1
17
5
57
3
25
1
24
4
9
5
72
5
99
2
98
3
84
5
68
3
64
5
79
1
14
1
56
2
62
5
56
3
16
1
9
5
22
4
56
4
54
5
92
3
1
2
76
5
19
3
67
2
44
5
59
4
89
3
71
2
36
1
91
2
27
3
29
4
29
5
34
4
37
5
93
2
78
1
54
2
25
3
18
4
67
1
22
3
79
5
3
5
44
3
94
4
14
2
68
1
11
1
18
4
13
5
7
4
64
1
5
4
92
1
62
3
58
2
27
2
86
5
24
3
2
2
48
3
67
2
39
5
48
0
90
2
83
4
59
3
79
4
76
3
48
3
81
3
29
2
69
5
29
2
73
1
99
5
55
5
7
5
75
2
38
4
55
1
22
3
62
5
85
0
0
3
63
4
46
4
79
2
9
1
42
2
17
3
5
5
56
4
54
4
8
5
27
1
19
4
29
1
33
3
36
3
97
3
74
1
2
4
19
3
31
3
38
1
7
4
77
3
25
1
43
4
37
1
9
3
71
3
49
1
69
2
16
2
63
2
83
2
11
5
26
5
72
3
41
5
86
0
50
4
79
1
19
5
69
3
16
3
4
1
68
2
26
5
44
3
95
4
6
5
56
1
28
1
25
2
81
0
50
4
28
1
71
3
56
4
36
2
89
3
36
4
1
2
69
2
57
4
11
3
18
4
52
3
14
4
15
3
54
3
66
1
75
3
46
2
83
4
46
0
20
2
65
1
61
3
98
3
21
1
5
4
99
2
69
3
33
1
6
2
98
5
83
2
18
4
71
3
79
4
49
1
85
1
45
2
41
1
79
3
65
5
15
2
49
2
39
1
33
4
7
4
41
4
52
3
38
1
76
2
39
3
16
2
74
3
68
4
55
5
85
0
60
3
74
2
61
5
89
4
16
2
76
2
21
2
39
3
59
2
16
4
54
3
29
1
59
3
49
2
81
1
19
3
27
5
95
1
76
2
82
3
66
5
65
4
68
4
49
1
74
3
13
4
11
1
82
3
79
1
47
4
49
5
54
3
62
5
39
2
29
4
89
3
27
4
44
2
54
4
75
4
29
4
81
3
71
5
55
3
3
2
26
4
69
4
7
3
64
5
57
2
65
3
93
1
76
1
74
1
52
