9
94
16
28
14
26
17
29
9
74
9
34
9
94
9
44
9
99
9
14
19
31
9
44
14
56
16
88
9
34
9
99
9
94
15
87
9
44
9
14
9
14
9
64
18
30
9
94
9
74
9
34
9
34
9
74
9
64
15
57
9
64
9
94
9
94
9
34
9
99
18
90
16
28
9
34
13
85
9
64
9
44
16
28
15
57
9
34
9
64
17
29
9
64
9
99
9
64
18
30
9
64
9
34
13
25
9
44
9
34
9
44
17
29
9
99
9
14
9
34
9
94
16
58
9
94
9
34
9
44
9
64
16
28
9
14
15
57
9
14
0
50
9
34
16
28
9
44
18
90
19
91
9
94
9
34
9
74
9
64
9
34
9
64
9
44
9
94
16
28
15
57
9
99
17
89
9
14
9
44
9
44
9
99
9
44
9
14
9
64
15
87
9
14
15
27
15
27
9
94
9
44
9
99
17
89
16
58
0
90
9
44
9
64
19
91
9
94
9
94
9
99
15
87
9
14
9
14
15
27
18
90
9
99
9
14
15
87
9
74
16
58
9
34
9
64
9
32
9
14
15
57
15
27
9
94
0
30
9
64
9
14
9
44
18
60
15
27
16
88
9
64
9
34
9
99
9
74
15
87
9
99
9
44
9
94
9
64
15
57
9
34
14
26
16
88
9
14
13
85
9
44
9
74
9
44
15
87
9
94
9
94
9
99
9
44
19
31
0
50
9
14
9
34
9
99
16
58
9
34
13
25
9
14
18
90
9
94
0
10
9
74
9
64
9
74
15
87
9
99
9
99
15
57
9
13
9
74
14
26
9
34
9
14
9
99
15
87
18
90
9
14
15
87
15
57
9
44
9
34
0
80
9
94
17
89
9
34
9
14
19
61
16
58
15
27
9
74
9
99
9
44
9
34
17
29
9
34
17
29
9
64
9
34
9
74
16
88
9
64
9
64
9
34
15
27
17
29
13
55
9
74
9
64
9
34
9
44
9
44
9
99
9
14
9
34
17
59
9
64
9
44
9
99
9
94
17
89
9
44
9
99
9
34
9
34
9
44
9
44
9
34
9
94
9
64
15
57
9
99
9
34
9
99
9
74
9
64
9
74
9
64
9
94
9
94
9
99
9
94
9
99
9
34
9
34
9
34
9
94
9
94
15
57
9
64
19
61
0
10
9
64
14
86
14
86
9
44
9
44
9
74
9
74
9
77
17
89
9
74
9
99
9
64
14
86
9
94
9
74
15
27
9
64
9
74
18
30
9
14
9
94
9
74
9
64
8
55
9
64
9
44
0
72
9
34
16
28
19
31
9
94
14
86
4
59
9
14
9
94
9
34
15
27
9
64
15
87
16
88
15
57
9
14
9
34
17
89
9
34
9
64
9
74
17
89
17
59
9
94
17
59
9
99
0
40
3
39
9
74
15
22
17
29
9
34
15
27
17
59
16
28
9
34
9
99
9
64
9
14
17
59
9
99
9
44
18
90
9
64
9
44
9
94
9
44
9
64
9
44
3
19
15
57
9
44
9
99
9
99
9
64
3
22
9
74
19
31
17
89
9
14
9
14
9
94
9
99
9
44
9
14
9
14
9
94
9
34
16
58
0
80
9
64
9
14
9
44
9
14
9
44
9
94
15
87
13
25
9
14
9
34
9
99
9
34
0
91
9
74
9
44
9
44
9
99
9
14
9
64
19
91
9
14
14
86
9
64
9
14
16
88
9
99
9
99
9
34
9
74
9
64
9
99
15
27
9
99
9
94
19
61
13
25
9
34
19
61
9
14
9
64
14
26
9
14
9
44
18
30
9
44
15
27
9
64
9
34
9
14
9
44
14
56
9
99
15
27
9
74
0
20
9
64
9
34
0
40
9
99
9
89
16
88
17
29
9
44
17
59
9
74
0
59
16
58
14
56
9
99
9
14
9
14
18
60
15
27
9
44
9
34
9
34
9
99
3
39
15
87
9
74
9
14
0
30
15
57
9
36
9
64
9
34
16
28
9
44
9
14
9
64
9
34
15
27
9
44
9
44
9
64
9
99
9
14
9
74
9
64
9
44
0
13
9
74
16
58
9
44
15
87
9
99
9
44
15
87
18
90
9
71
9
99
13
25
9
64
9
14
9
14
9
34
13
25
9
44
9
38
9
94
9
34
9
44
9
74
9
46
9
64
9
99
17
89
9
74
9
99
9
44
9
34
9
14
9
74
13
55
9
64
9
34
13
25
9
74
9
94
14
86
9
34
9
34
16
28
9
38
9
64
9
74
16
28
9
99
9
64
9
74
15
57
13
25
1
61
9
74
17
59
9
94
9
34
9
74
9
94
9
11
9
99
9
14
9
44
15
57
9
42
9
94
16
88
14
26
9
44
9
34
9
14
9
74
9
34
3
49
15
57
0
10
9
44
16
28
9
14
9
74
9
14
9
14
9
94
15
27
9
74
13
55
9
14
9
99
0
10
9
74
16
88
9
94
9
94
19
91
9
44
9
94
9
64
16
88
9
34
16
28
9
64
9
44
9
34
0
0
9
44
15
27
19
31
9
44
8
25
18
30
9
34
9
44
9
74
16
58
9
64
16
88
14
56
9
64
9
14
17
29
9
74
9
74
9
74
13
85
9
14
9
74
13
85
9
99
0
60
13
25
9
99
9
99
9
94
15
57
9
94
9
64
9
94
9
44
9
34
9
34
9
94
9
74
16
51
9
94
9
44
9
14
2
89
9
14
13
85
9
94
14
56
9
94
9
74
0
10
9
7
9
64
9
64
9
34
15
57
4
68
9
74
9
34
9
44
9
44
9
14
9
94
9
64
17
89
15
57
9
74
9
61
2
99
17
29
13
55
14
26
9
64
19
91
9
74
9
14
1
49
15
57
9
44
9
14
9
14
9
34
9
94
9
94
14
26
17
89
16
81
0
60
18
60
9
34
15
27
9
14
13
85
15
57
9
34
9
99
9
14
9
44
9
34
9
44
16
28
14
56
13
25
9
74
19
31
9
99
14
26
18
90
9
34
9
74
9
99
9
94
17
89
9
34
9
14
9
74
9
44
9
14
9
74
9
74
9
14
9
64
14
26
9
64
16
58
9
34
9
74
9
14
9
14
9
44
9
44
9
14
9
74
16
58
9
94
9
94
9
34
14
86
9
99
15
87
18
60
17
89
9
44
9
99
9
34
9
14
9
14
9
99
9
94
9
43
0
30
9
64
9
64
9
44
15
57
1
39
1
29
9
99
9
74
9
14
9
14
1
79
9
14
9
44
4
39
0
50
17
89
9
64
18
60
14
56
9
14
9
14
9
64
9
1
9
34
9
44
18
90
9
94
16
58
9
99
9
74
14
86
4
89
9
94
9
44
16
58
9
44
9
74
15
27
9
64
9
34
9
24
9
14
14
86
9
99
9
99
9
94
9
74
9
74
19
91
15
27
9
64
9
74
9
64
17
29
9
14
9
34
9
64
9
64
9
99
9
14
16
88
19
31
9
74
16
58
9
64
9
94
13
85
9
44
9
99
9
34
9
34
9
34
9
44
9
44
9
99
16
88
9
64
9
34
17
29
9
74
9
34
17
89
9
14
16
58
9
99
16
28
9
74
9
11
15
27
15
27
9
14
9
74
8
5
9
99
9
74
9
64
9
34
9
94
9
34
9
14
16
58
9
74
9
44
19
61
0
90
9
94
9
64
17
89
18
90
17
59
9
94
9
34
9
74
9
34
15
87
9
99
9
64
9
14
17
89
9
44
9
64
9
34
9
74
9
94
0
0
9
74
18
60
18
90
9
14
14
56
16
28
9
14
9
64
9
64
9
14
9
34
15
27
9
34
9
44
9
44
9
99
16
88
9
14
18
30
9
44
9
44
9
14
18
90
3
29
15
57
9
44
9
14
13
85
17
59
9
74
9
16
9
74
9
94
13
25
9
34
14
86
13
55
9
94
0
50
4
79
15
27
9
74
17
29
9
14
9
74
9
34
16
58
9
99
9
14
9
64
9
28
9
34
9
94
0
50
9
34
13
85
9
64
9
44
9
94
9
44
9
14
9
74
9
64
13
25
17
29
9
64
16
28
17
29
9
64
9
74
15
87
17
59
9
94
18
60
0
20
9
74
9
74
9
99
9
34
9
14
9
99
9
74
9
44
9
14
9
99
9
94
16
28
13
85
17
89
18
60
1
89
15
57
13
55
15
87
9
74
17
29
16
58
9
44
9
44
9
14
9
41
9
64
9
44
15
87
9
44
17
29
16
88
9
74
9
64
8
85
0
60
3
79
9
74
9
94
18
30
16
88
9
34
9
44
9
64
16
28
18
52
9
34
9
64
17
59
9
94
15
27
9
34
9
99
15
87
9
94
9
74
9
74
4
69
4
49
15
87
15
27
13
25
9
94
17
89
15
57
18
60
9
64
9
74
9
44
9
34
9
94
9
34
16
58
9
64
17
89
9
34
9
94
3
79
8
55
9
14
9
34
9
74
9
14
9
74
9
64
9
74
9
99
15
87
15
87
9
64
