8
90
8
20
9
18
9
21
9
72
8
28
9
92
8
39
8
99
8
7
11
23
9
41
9
48
8
80
9
33
7
99
8
88
7
79
9
41
8
7
9
8
9
62
10
22
9
89
8
68
8
30
8
30
9
73
9
59
9
49
9
62
9
91
9
87
8
29
7
99
10
82
8
20
9
29
9
77
7
57
9
37
8
20
7
49
9
32
7
59
9
21
9
58
7
99
9
63
10
22
9
62
9
32
9
17
9
39
8
30
7
38
9
21
8
98
9
13
9
31
9
92
8
50
7
87
9
32
7
39
9
62
8
20
9
11
7
49
7
9
0
50
9
32
8
20
7
39
10
82
11
83
9
93
9
30
7
69
9
63
7
27
7
59
9
41
9
89
8
20
7
49
9
99
9
81
9
12
9
41
7
39
9
98
9
39
7
9
9
62
7
79
9
11
7
19
7
19
9
88
9
42
7
99
9
81
9
50
0
90
9
41
7
59
11
83
8
90
9
93
7
99
8
79
9
12
8
8
7
19
10
82
7
99
9
10
9
79
9
70
8
50
9
33
7
58
9
32
7
9
9
49
9
19
9
90
0
30
9
61
9
13
9
43
10
52
8
19
9
80
9
61
7
29
9
99
9
71
9
79
9
99
9
42
7
89
9
57
9
49
9
32
9
18
9
80
7
9
8
77
9
37
9
70
9
41
7
79
9
87
8
90
7
99
9
40
11
23
0
50
8
10
9
31
7
99
8
50
9
28
9
17
8
10
10
82
8
90
0
10
8
70
9
61
8
68
9
79
8
99
9
99
9
49
9
13
8
70
7
18
7
29
9
11
9
99
7
79
10
82
7
9
7
79
7
49
8
40
9
31
0
80
7
88
9
81
9
32
9
10
11
53
8
50
7
19
8
70
7
99
7
39
9
32
9
21
9
33
9
21
8
60
9
30
9
73
8
80
9
59
9
58
7
29
7
19
9
21
9
47
7
69
9
58
8
30
9
42
9
42
9
99
8
9
8
30
9
51
7
59
8
39
7
99
9
91
9
81
9
39
9
99
9
28
8
28
9
39
8
40
7
27
7
89
9
60
7
49
9
99
9
31
9
97
7
69
7
59
9
68
8
60
9
91
9
87
7
99
9
93
8
99
9
32
8
30
7
29
9
88
9
92
9
49
9
61
11
53
0
10
8
60
9
78
9
78
9
40
9
41
8
68
9
70
8
77
9
81
8
70
9
99
9
58
7
78
9
88
9
71
7
19
8
60
9
71
10
22
9
11
9
90
9
71
9
58
8
55
7
58
9
40
0
72
9
30
8
20
11
23
7
89
9
78
4
58
9
9
9
91
8
29
7
19
9
62
7
79
8
80
7
49
7
9
9
31
9
81
9
32
9
61
9
70
9
81
9
51
7
89
9
51
9
99
0
40
3
37
8
70
7
23
9
21
9
31
9
19
9
51
9
20
9
31
9
99
9
62
9
11
9
51
7
99
9
41
10
82
9
62
7
39
9
92
9
38
8
60
9
43
3
19
7
49
7
39
9
97
9
99
7
58
3
22
9
70
11
23
9
81
9
13
9
10
9
92
7
99
9
43
9
12
9
7
8
89
7
29
9
50
0
80
9
62
9
12
9
43
9
8
8
40
9
92
9
79
8
17
9
9
7
27
7
99
8
30
0
91
9
73
9
43
9
43
8
97
9
10
7
59
11
83
9
11
8
78
7
59
8
10
8
80
9
99
8
99
7
29
9
67
9
59
9
99
7
19
8
99
9
91
11
53
8
17
9
30
11
53
7
8
7
57
9
18
9
10
9
43
10
22
8
39
7
19
7
59
9
27
9
12
9
37
9
48
8
97
7
19
8
69
0
20
9
60
9
28
0
40
9
97
9
89
9
80
9
21
9
38
9
51
7
69
0
59
8
50
8
48
9
99
7
9
8
10
10
52
7
19
7
39
9
28
7
27
9
99
3
39
9
79
9
68
9
11
0
30
7
49
8
36
8
60
9
31
8
20
8
40
9
12
9
62
9
33
7
19
8
40
9
39
7
59
9
99
7
9
8
70
9
60
9
42
0
13
9
71
8
50
9
41
9
79
9
99
9
39
9
79
10
82
9
71
9
99
9
17
9
57
9
11
9
11
9
29
9
17
9
38
7
38
8
88
7
29
9
42
9
69
8
46
9
63
9
99
9
81
7
69
9
99
8
37
7
29
7
9
9
70
8
47
8
60
9
31
7
17
7
69
9
91
9
78
9
27
8
30
8
20
9
38
8
57
8
70
9
20
9
99
7
59
9
69
7
49
9
17
1
61
9
69
9
51
9
91
9
33
9
71
9
91
9
11
8
99
9
12
7
38
9
49
9
42
9
93
8
80
9
18
9
43
9
27
9
12
9
71
9
33
3
49
7
49
0
10
9
43
8
20
8
10
9
71
9
11
9
11
9
93
7
19
9
71
9
47
7
9
9
99
0
10
9
69
8
80
9
91
9
92
11
83
9
42
9
91
7
59
8
80
7
29
8
20
9
60
8
40
9
30
0
0
9
37
7
19
11
23
9
41
7
25
10
22
9
32
9
42
8
70
8
50
9
59
9
80
8
48
9
63
9
8
9
21
8
70
7
69
8
70
9
77
9
11
9
70
9
77
7
99
0
60
9
17
8
98
9
99
9
91
8
49
8
90
9
57
9
87
9
42
8
30
9
30
9
89
9
70
8
51
9
87
9
41
8
10
2
89
9
9
9
77
7
89
9
48
9
91
9
68
0
10
9
7
9
63
8
60
8
30
7
49
4
68
7
69
9
31
9
42
7
38
9
12
8
90
9
61
9
81
7
49
8
70
8
61
2
99
9
21
9
47
9
18
7
59
11
83
9
72
7
9
1
48
7
49
9
38
7
8
9
12
7
29
7
89
9
88
8
18
9
81
8
83
0
60
10
52
9
33
9
19
9
12
7
77
7
49
8
29
9
99
9
13
8
40
9
29
7
39
8
20
9
48
9
17
9
72
11
23
9
99
7
18
10
82
7
28
9
69
9
99
9
93
9
81
9
27
9
11
9
72
7
39
8
7
8
68
9
72
9
12
9
60
7
18
9
62
8
50
9
31
9
71
9
13
9
9
7
39
9
41
9
11
9
72
9
50
8
90
8
87
9
29
9
78
9
99
7
79
10
52
9
81
7
39
7
97
7
29
9
12
8
10
7
99
7
89
9
43
0
30
9
59
9
63
9
41
8
49
1
39
1
27
9
99
8
70
8
9
8
9
1
79
7
9
9
37
4
39
0
50
9
81
9
61
10
52
7
48
8
10
9
11
8
59
9
1
9
28
7
39
10
82
8
90
8
50
7
99
8
68
8
78
4
89
9
92
7
39
9
50
9
41
8
70
7
19
9
63
9
31
7
24
9
12
9
78
9
99
8
99
9
90
9
73
9
70
11
83
7
19
7
59
8
68
9
62
9
21
7
9
9
28
9
62
9
60
9
98
9
7
8
80
11
23
9
71
8
50
9
63
9
92
9
77
8
40
7
97
8
30
9
31
9
32
9
40
9
42
9
99
8
80
7
59
8
30
9
21
9
72
7
28
9
81
9
9
9
50
9
99
9
20
8
70
7
11
7
19
9
19
9
13
9
70
7
5
9
98
7
68
9
61
8
30
8
90
9
30
9
8
8
50
9
71
8
40
11
53
0
90
8
89
9
62
9
81
10
82
9
51
9
87
9
31
8
70
9
33
8
79
7
99
9
61
9
13
9
81
8
40
9
61
7
28
9
68
9
91
0
0
9
69
10
52
10
82
8
10
7
48
8
20
9
11
9
62
9
60
9
12
9
33
7
19
9
32
7
39
9
41
9
99
9
80
7
8
10
22
9
37
9
41
7
9
10
82
3
29
7
49
9
42
7
9
9
77
9
51
7
69
8
16
8
69
8
89
8
17
9
32
9
78
9
47
9
92
0
50
4
79
7
19
9
73
9
21
9
10
7
69
8
30
9
50
9
99
9
12
9
62
7
28
7
29
8
87
0
50
9
32
7
77
9
61
9
42
8
90
9
41
9
7
8
70
8
60
9
17
9
21
9
58
9
20
9
21
9
60
9
71
7
79
9
51
8
89
10
52
0
20
8
70
7
67
9
99
9
27
7
9
9
99
8
70
9
39
7
9
8
99
9
89
8
20
9
77
9
81
10
52
1
89
7
49
8
47
7
79
9
71
9
21
8
50
8
40
7
39
9
12
9
41
9
58
9
41
7
79
8
40
9
21
8
80
9
71
9
61
8
85
0
60
3
79
8
67
9
93
10
22
8
80
8
27
8
40
9
61
8
20
10
52
9
31
7
59
9
51
8
87
7
19
9
31
9
99
7
79
8
88
9
71
9
71
4
69
4
49
7
79
9
19
9
17
7
88
9
81
7
49
10
52
9
60
9
68
9
43
8
30
9
92
9
31
9
50
8
60
9
81
9
32
9
87
3
77
8
55
9
9
8
30
9
72
9
12
9
70
9
63
8
70
9
99
7
79
7
79
7
58
