9
94
19
34
19
34
19
34
9
74
9
34
9
94
9
44
9
99
9
14
19
34
9
44
19
64
19
94
9
34
9
99
9
94
19
94
9
44
9
14
9
14
9
64
19
34
9
94
9
74
9
34
9
34
9
74
9
64
19
64
9
64
9
94
9
94
9
34
9
99
19
94
19
34
9
34
19
94
9
64
9
44
19
34
19
64
9
34
9
64
19
34
9
64
9
99
9
64
19
34
9
64
9
34
19
34
9
44
9
34
9
44
19
34
9
99
9
14
9
34
9
94
19
64
9
94
9
34
9
44
9
64
19
34
9
14
19
64
9
14
0
50
9
34
19
34
9
44
19
94
19
94
9
94
9
34
9
74
9
64
9
34
9
64
9
44
9
94
19
34
19
64
9
99
19
94
9
14
9
44
9
44
9
99
9
44
9
14
9
64
19
94
9
14
19
34
19
34
9
94
9
44
9
99
19
94
19
64
0
90
9
44
9
64
19
94
9
94
9
94
9
99
19
94
9
14
9
14
19
34
19
94
9
99
9
14
19
94
9
74
19
64
9
34
9
64
9
32
9
14
19
64
19
34
9
94
0
30
9
64
9
14
9
44
19
64
19
34
19
94
9
64
9
34
9
99
9
74
19
94
9
99
9
44
9
94
9
64
19
64
9
34
19
34
19
94
9
14
19
94
9
44
9
74
9
44
19
94
9
94
9
94
9
99
9
44
19
34
0
50
9
14
9
34
9
99
19
64
9
34
19
34
9
14
19
94
9
94
0
10
9
74
9
64
9
74
19
94
9
99
9
99
19
64
9
13
9
74
19
34
9
34
9
14
9
99
19
94
19
94
9
14
19
94
19
64
9
44
9
34
0
80
9
94
19
94
9
34
9
14
19
64
19
64
19
34
9
74
9
99
9
44
9
34
19
34
9
34
19
34
9
64
9
34
9
74
19
94
9
64
9
64
9
34
19
34
19
34
19
64
9
74
9
64
9
34
9
44
9
44
9
99
9
14
9
34
19
64
9
64
9
44
9
99
9
94
19
94
9
44
9
99
9
34
9
34
9
44
9
44
9
34
9
94
9
64
19
64
9
99
9
34
9
99
9
74
9
64
9
74
9
64
9
94
9
94
9
99
9
94
9
99
9
34
9
34
9
34
9
94
9
94
19
64
9
64
19
64
0
10
9
64
19
94
19
94
9
44
9
44
9
74
9
74
9
77
19
94
9
74
9
99
9
64
19
94
9
94
9
74
19
34
9
64
9
74
19
34
9
14
9
94
9
74
9
64
8
55
9
64
9
44
0
72
9
34
19
34
19
34
9
94
19
94
4
59
9
14
9
94
9
34
19
34
9
64
19
94
19
94
19
64
9
14
9
34
19
94
9
34
9
64
9
74
19
94
19
64
9
94
19
64
9
99
0
40
3
39
9
74
19
22
19
34
9
34
19
34
19
64
19
34
9
34
9
99
9
64
9
14
19
64
9
99
9
44
19
94
9
64
9
44
9
94
9
44
9
64
9
44
3
19
19
64
9
44
9
99
9
99
9
64
3
22
9
74
19
34
19
94
9
14
9
14
9
94
9
99
9
44
9
14
9
14
9
94
9
34
19
64
0
80
9
64
9
14
9
44
9
14
9
44
9
94
19
94
19
34
9
14
9
34
9
99
9
34
0
91
9
74
9
44
9
44
9
99
9
14
9
64
19
94
9
14
19
94
9
64
9
14
19
94
9
99
9
99
9
34
9
74
9
64
9
99
19
34
9
99
9
94
19
64
19
34
9
34
19
64
9
14
9
64
19
34
9
14
9
44
19
34
9
44
19
34
9
64
9
34
9
14
9
44
19
64
9
99
19
34
9
74
0
20
9
64
9
34
0
40
9
99
9
89
19
94
19
34
9
44
19
64
9
74
0
59
19
64
19
64
9
99
9
14
9
14
19
64
19
34
9
44
9
34
9
34
9
99
3
39
19
94
9
74
9
14
0
30
19
64
9
36
9
64
9
34
19
34
9
44
9
14
9
64
9
34
19
34
9
44
9
44
9
64
9
99
9
14
9
74
9
64
9
44
0
13
9
74
19
64
9
44
19
94
9
99
9
44
19
94
19
94
9
71
9
99
19
34
9
64
9
14
9
14
9
34
19
34
9
44
9
38
9
94
9
34
9
44
9
74
9
46
9
64
9
99
19
94
9
74
9
99
9
44
9
34
9
14
9
74
19
64
9
64
9
34
19
34
9
74
9
94
19
94
9
34
9
34
19
34
9
38
9
64
9
74
19
34
9
99
9
64
9
74
19
64
19
34
1
61
9
74
19
64
9
94
9
34
9
74
9
94
9
11
9
99
9
14
9
44
19
64
9
42
9
94
19
94
19
34
9
44
9
34
9
14
9
74
9
34
3
49
19
64
0
10
9
44
19
34
9
14
9
74
9
14
9
14
9
94
19
34
9
74
19
64
9
14
9
99
0
10
9
74
19
94
9
94
9
94
19
94
9
44
9
94
9
64
19
94
9
34
19
34
9
64
9
44
9
34
0
0
9
44
19
34
19
34
9
44
8
25
19
34
9
34
9
44
9
74
19
64
9
64
19
94
19
64
9
64
9
14
19
34
9
74
9
74
9
74
19
94
9
14
9
74
19
94
9
99
0
60
19
34
9
99
9
99
9
94
19
64
9
94
9
64
9
94
9
44
9
34
9
34
9
94
9
74
19
51
9
94
9
44
9
14
2
89
9
14
19
94
9
94
19
64
9
94
9
74
0
10
9
7
9
64
9
64
9
34
19
64
4
68
9
74
9
34
9
44
9
44
9
14
9
94
9
64
19
94
19
64
9
74
9
61
2
99
19
34
19
64
19
34
9
64
19
94
9
74
9
14
1
49
19
64
9
44
9
14
9
14
9
34
9
94
9
94
19
34
19
94
19
76
0
60
19
64
9
34
19
34
9
14
19
94
19
64
9
34
9
99
9
14
9
44
9
34
9
44
19
34
19
64
19
34
9
74
19
34
9
99
19
34
19
94
9
34
9
74
9
99
9
94
19
94
9
34
9
14
9
74
9
44
9
14
9
74
9
74
9
14
9
64
19
34
9
64
19
64
9
34
9
74
9
14
9
14
9
44
9
44
9
14
9
74
19
64
9
94
9
94
9
34
19
94
9
99
19
94
19
64
19
94
9
44
9
99
9
34
9
14
9
14
9
99
9
94
9
43
0
30
9
64
9
64
9
44
19
64
1
39
1
29
9
99
9
74
9
14
9
14
1
79
9
14
9
44
4
39
0
50
19
94
9
64
19
64
19
64
9
14
9
14
9
64
9
1
9
34
9
44
19
94
9
94
19
64
9
99
9
74
19
94
4
89
9
94
9
44
19
64
9
44
9
74
19
34
9
64
9
34
9
24
9
14
19
94
9
99
9
99
9
94
9
74
9
74
19
94
19
34
9
64
9
74
9
64
19
34
9
14
9
34
9
64
9
64
9
99
9
14
19
94
19
34
9
74
19
64
9
64
9
94
19
94
9
44
9
99
9
34
9
34
9
34
9
44
9
44
9
99
19
94
9
64
9
34
19
34
9
74
9
34
19
94
9
14
19
64
9
99
19
34
9
74
9
11
19
34
19
34
9
14
9
74
8
5
9
99
9
74
9
64
9
34
9
94
9
34
9
14
19
64
9
74
9
44
19
64
0
90
9
94
9
64
19
94
19
94
19
64
9
94
9
34
9
74
9
34
19
94
9
99
9
64
9
14
19
94
9
44
9
64
9
34
9
74
9
94
0
0
9
74
19
64
19
94
9
14
19
64
19
34
9
14
9
64
9
64
9
14
9
34
19
34
9
34
9
44
9
44
9
99
19
94
9
14
19
34
9
44
9
44
9
14
19
94
3
29
19
64
9
44
9
14
19
94
19
64
9
74
9
16
9
74
9
94
19
34
9
34
19
94
19
64
9
94
0
50
4
79
19
34
9
74
19
34
9
14
9
74
9
34
19
64
9
99
9
14
9
64
9
28
9
34
9
94
0
50
9
34
19
94
9
64
9
44
9
94
9
44
9
14
9
74
9
64
19
34
19
34
9
64
19
34
19
34
9
64
9
74
19
94
19
64
9
94
19
64
0
20
9
74
9
74
9
99
9
34
9
14
9
99
9
74
9
44
9
14
9
99
9
94
19
34
19
94
19
94
19
64
1
89
19
64
19
64
19
94
9
74
19
34
19
64
9
44
9
44
9
14
9
41
9
64
9
44
19
94
9
44
19
34
19
94
9
74
9
64
8
85
0
60
3
79
9
74
9
94
19
34
19
94
9
34
9
44
9
64
19
34
19
52
9
34
9
64
19
64
9
94
19
34
9
34
9
99
19
94
9
94
9
74
9
74
4
69
4
49
19
94
19
34
19
34
9
94
19
94
19
64
19
64
9
64
9
74
9
44
9
34
9
94
9
34
19
64
9
64
19
94
9
34
9
94
3
79
8
55
9
14
9
34
9
74
9
14
9
74
9
64
9
74
9
99
19
94
19
94
9
64
