9
94
14
26
12
24
15
27
9
74
9
34
9
94
9
44
9
99
9
13
17
29
9
44
12
54
14
86
9
34
9
99
9
94
13
85
9
44
9
13
9
14
9
64
16
28
9
94
9
74
9
34
9
34
9
74
9
64
13
55
9
64
9
94
9
93
9
34
9
99
16
88
14
26
9
34
11
83
9
63
9
43
14
26
13
55
9
34
9
64
15
27
9
64
9
99
9
64
16
28
9
64
9
34
11
23
9
44
9
34
9
44
15
27
9
99
9
14
9
34
9
94
14
56
9
93
9
34
9
44
9
64
14
26
9
14
13
55
9
14
0
50
9
34
14
26
9
44
16
88
17
89
9
94
9
34
9
74
9
64
9
33
9
64
9
44
9
94
14
26
13
55
9
99
15
87
9
14
9
44
9
44
9
99
9
44
9
14
9
64
13
85
9
14
13
25
13
25
9
94
9
44
9
99
15
87
14
56
0
90
9
44
9
64
17
89
9
94
9
94
9
99
13
85
9
14
9
14
13
25
16
88
9
99
9
14
13
85
9
74
14
56
9
34
9
64
9
32
9
14
13
55
13
25
9
94
0
30
9
64
9
14
9
44
16
58
13
25
14
86
9
64
9
34
9
99
9
74
13
85
9
99
9
44
9
94
9
63
13
55
9
34
12
24
14
86
9
14
11
83
9
43
9
74
9
44
13
85
9
93
9
94
9
99
9
44
17
29
0
50
9
14
9
34
9
99
14
56
9
34
11
23
9
14
16
88
9
94
0
10
9
74
9
64
9
74
13
85
9
99
9
99
13
55
9
13
9
74
12
24
9
34
9
14
9
99
13
85
16
88
9
14
13
85
13
55
9
44
9
34
0
80
9
94
15
87
9
34
9
14
17
59
14
56
13
25
9
74
9
99
9
44
9
34
15
27
9
34
15
27
9
64
9
34
9
74
14
86
9
64
9
64
9
34
13
25
15
27
11
53
9
74
9
64
9
34
9
44
9
44
9
99
9
14
9
34
15
57
9
64
9
44
9
99
9
94
15
87
9
44
9
99
9
34
9
34
9
44
9
44
9
33
9
94
9
64
13
55
9
99
9
34
9
99
9
74
9
64
9
74
9
64
9
94
9
93
9
99
9
94
9
99
9
34
9
34
9
34
9
94
9
94
13
55
9
64
17
59
0
10
9
64
12
84
12
84
9
44
9
44
9
74
9
74
9
77
15
87
9
74
9
99
9
64
12
84
9
94
9
74
13
25
9
64
9
74
16
28
9
14
9
94
9
74
9
64
8
55
9
64
9
44
0
72
9
34
14
26
17
29
9
94
12
84
4
59
9
14
9
94
9
34
13
25
9
64
13
85
14
86
13
55
9
14
9
34
15
87
9
34
9
64
9
74
15
87
15
57
9
94
15
57
9
99
0
40
3
39
9
74
13
22
15
27
9
34
13
25
15
57
14
26
9
34
9
99
9
64
9
14
15
57
9
99
9
44
16
88
9
64
9
44
9
94
9
44
9
64
9
44
3
19
13
55
9
44
9
99
9
99
9
64
3
22
9
74
17
29
15
87
9
14
9
14
9
94
9
99
9
44
9
14
9
13
9
94
9
34
14
56
0
80
9
64
9
14
9
44
9
14
9
44
9
94
13
85
11
23
9
14
9
33
9
99
9
34
0
91
9
74
9
44
9
44
9
99
9
14
9
64
17
89
9
14
12
84
9
64
9
14
14
86
9
99
9
99
9
34
9
73
9
64
9
99
13
25
9
99
9
94
17
59
11
23
9
34
17
59
9
14
9
63
12
24
9
14
9
44
16
28
9
44
13
25
9
64
9
33
9
14
9
43
12
54
9
99
13
25
9
74
0
20
9
64
9
34
0
40
9
99
9
89
14
86
15
27
9
44
15
57
9
74
0
59
14
56
12
54
9
99
9
14
9
14
16
58
13
25
9
44
9
34
9
33
9
99
3
39
13
85
9
74
9
14
0
30
13
55
9
36
9
64
9
34
14
26
9
44
9
14
9
64
9
34
13
25
9
44
9
44
9
64
9
99
9
14
9
74
9
64
9
44
0
13
9
74
14
56
9
44
13
85
9
99
9
44
13
85
16
88
9
71
9
99
11
23
9
63
9
14
9
14
9
34
11
23
9
44
9
38
9
94
9
34
9
44
9
74
9
46
9
64
9
99
15
87
9
74
9
99
9
43
9
34
9
14
9
74
11
53
9
64
9
34
11
23
9
74
9
94
12
84
9
33
9
34
14
26
9
38
9
63
9
74
14
26
9
99
9
64
9
74
13
55
11
23
1
61
9
74
15
57
9
94
9
34
9
74
9
94
9
11
9
99
9
14
9
44
13
55
9
42
9
94
14
86
12
24
9
44
9
33
9
14
9
74
9
34
3
49
13
55
0
10
9
44
14
26
9
14
9
74
9
14
9
14
9
94
13
25
9
74
11
53
9
14
9
99
0
10
9
74
14
86
9
94
9
94
17
89
9
44
9
94
9
64
14
86
9
34
14
26
9
64
9
44
9
34
0
0
9
43
13
25
17
29
9
44
8
25
16
28
9
34
9
44
9
74
14
56
9
64
14
86
12
54
9
64
9
14
15
27
9
74
9
74
9
74
11
83
9
14
9
74
11
83
9
99
0
60
11
23
9
99
9
99
9
94
13
55
9
94
9
63
9
93
9
44
9
34
9
34
9
94
9
74
14
51
9
93
9
44
9
14
2
89
9
14
11
83
9
94
12
54
9
94
9
74
0
10
9
7
9
64
9
64
9
34
13
55
4
68
9
74
9
34
9
44
9
44
9
14
9
94
9
64
15
87
13
55
9
74
9
61
2
99
15
27
11
53
12
24
9
64
17
89
9
74
9
14
1
49
13
55
9
44
9
14
9
14
9
34
9
94
9
94
12
24
15
87
14
81
0
60
16
58
9
34
13
25
9
14
11
83
13
55
9
34
9
99
9
14
9
44
9
34
9
44
14
26
12
54
11
23
9
74
17
29
9
99
12
24
16
88
9
34
9
74
9
99
9
94
15
87
9
33
9
14
9
74
9
44
9
13
9
74
9
74
9
14
9
64
12
24
9
64
14
56
9
34
9
74
9
14
9
14
9
44
9
44
9
14
9
74
14
56
9
94
9
93
9
34
12
84
9
99
13
85
16
58
15
87
9
44
9
99
9
34
9
14
9
14
9
99
9
94
9
43
0
30
9
64
9
64
9
44
13
55
1
39
1
29
9
99
9
74
9
14
9
14
1
79
9
14
9
43
4
39
0
50
15
87
9
64
16
58
12
54
9
14
9
14
9
64
9
1
9
34
9
44
16
88
9
94
14
56
9
99
9
74
12
84
4
89
9
94
9
44
14
56
9
44
9
74
13
25
9
64
9
34
9
24
9
14
12
84
9
99
9
99
9
94
9
74
9
74
17
89
13
25
9
64
9
74
9
64
15
27
9
14
9
34
9
64
9
64
9
99
9
13
14
86
17
29
9
74
14
56
9
64
9
94
11
83
9
44
9
99
9
34
9
34
9
34
9
44
9
44
9
99
14
86
9
64
9
34
15
27
9
74
9
34
15
87
9
14
14
56
9
99
14
26
9
74
9
11
13
25
13
25
9
14
9
74
8
5
9
99
9
74
9
64
9
34
9
94
9
34
9
14
14
56
9
74
9
44
17
59
0
90
9
94
9
64
15
87
16
88
15
57
9
93
9
34
9
74
9
34
13
85
9
99
9
64
9
14
15
87
9
44
9
64
9
34
9
74
9
94
0
0
9
74
16
58
16
88
9
14
12
54
14
26
9
14
9
64
9
64
9
14
9
34
13
25
9
34
9
44
9
44
9
99
14
86
9
14
16
28
9
43
9
44
9
14
16
88
3
29
13
55
9
44
9
14
11
83
15
57
9
74
9
16
9
74
9
94
11
23
9
34
12
84
11
53
9
94
0
50
4
79
13
25
9
74
15
27
9
14
9
74
9
34
14
56
9
99
9
14
9
64
9
28
9
34
9
93
0
50
9
34
11
83
9
64
9
44
9
94
9
44
9
13
9
74
9
64
11
23
15
27
9
64
14
26
15
27
9
64
9
74
13
85
15
57
9
94
16
58
0
20
9
74
9
73
9
99
9
33
9
14
9
99
9
74
9
44
9
14
9
99
9
94
14
26
11
83
15
87
16
58
1
89
13
55
11
53
13
85
9
74
15
27
14
56
9
44
9
44
9
14
9
41
9
64
9
44
13
85
9
44
15
27
14
86
9
74
9
64
8
85
0
60
3
79
9
73
9
94
16
28
14
86
9
33
9
44
9
64
14
26
16
52
9
34
9
64
15
57
9
93
13
25
9
34
9
99
13
85
9
94
9
74
9
74
4
69
4
49
13
85
13
25
11
23
9
94
15
87
13
55
16
58
9
64
9
74
9
44
9
34
9
94
9
34
14
56
9
64
15
87
9
34
9
93
3
79
8
55
9
14
9
34
9
74
9
14
9
74
9
64
9
74
9
99
13
85
13
85
9
64
