9
94
9
64
9
74
9
99
18
60
19
91
14
56
9
64
17
29
16
58
9
99
9
74
9
99
9
14
9
99
14
86
9
14
9
74
9
94
9
14
9
44
9
94
9
94
9
99
9
34
9
14
9
34
9
14
9
94
9
34
19
91
9
64
9
74
9
34
9
14
9
74
9
44
9
44
9
34
9
44
9
14
19
61
17
59
18
90
9
34
9
99
17
29
9
34
9
64
9
14
18
90
9
14
9
14
16
28
18
90
14
26
9
94
17
89
15
87
14
86
9
34
9
64
9
44
19
61
9
74
19
61
16
88
0
10
9
64
9
44
9
14
18
30
9
94
18
30
9
14
15
57
9
99
9
34
9
64
9
94
9
99
9
64
9
94
19
62
9
99
9
64
18
30
9
74
9
94
9
64
9
64
9
64
9
64
18
90
0
50
9
94
9
64
9
74
19
32
9
44
18
30
9
14
17
29
9
14
16
58
17
59
9
99
9
74
9
44
19
62
19
31
19
62
9
64
9
34
9
44
9
74
9
34
9
64
16
58
9
1
9
34
9
14
9
44
9
94
9
34
9
94
16
28
9
74
17
89
9
94
9
14
9
34
9
44
17
59
9
64
15
57
9
44
9
44
9
44
17
59
0
60
14
56
9
64
16
88
9
99
9
44
16
28
0
90
9
14
9
74
18
90
16
58
15
87
9
64
16
58
16
58
9
64
17
59
16
88
9
94
9
14
16
88
9
74
18
30
15
57
9
34
9
64
17
89
9
99
14
26
9
94
15
57
9
74
9
94
16
88
9
34
9
44
9
64
18
30
18
90
9
44
9
99
9
14
17
59
9
64
9
44
19
32
9
94
9
44
9
44
16
88
0
30
9
14
9
74
9
14
9
88
9
64
19
31
14
26
16
88
9
34
9
34
9
34
9
94
19
32
9
34
17
59
15
57
0
70
9
99
9
14
9
74
9
44
15
87
9
14
9
64
17
29
9
99
9
99
9
64
9
14
9
74
9
14
9
99
9
14
9
34
17
89
19
61
19
91
9
74
9
99
17
29
9
44
9
99
9
64
9
14
9
44
0
30
17
89
19
91
9
34
9
44
18
60
9
34
19
62
9
34
9
34
9
44
9
94
9
74
18
60
9
14
9
99
9
44
17
29
9
99
9
44
9
44
9
34
9
74
9
64
9
99
9
64
9
14
17
59
19
32
9
34
9
44
9
44
9
99
17
59
19
91
17
29
9
14
14
26
18
60
17
89
19
91
9
64
9
64
9
34
9
99
9
44
9
44
9
74
16
88
9
14
14
56
9
99
9
99
9
99
9
74
9
14
19
92
9
14
0
50
9
34
9
64
9
14
9
44
18
90
17
29
9
44
9
94
9
44
19
32
9
99
9
64
9
74
9
34
17
29
18
60
9
24
9
34
18
60
9
64
18
30
9
94
9
94
9
94
9
14
9
64
9
64
16
88
9
34
0
10
9
14
19
61
9
14
9
74
16
88
9
34
16
58
9
74
17
59
9
64
9
34
19
31
19
91
9
99
9
67
9
44
18
30
9
74
9
94
18
90
9
94
9
44
18
30
9
44
9
44
9
64
16
28
9
14
9
14
9
34
9
64
9
94
9
94
9
64
9
44
9
14
9
64
9
14
18
90
9
99
9
94
16
28
9
94
9
44
9
64
16
28
9
34
18
30
18
30
9
16
9
94
16
88
15
87
19
62
9
14
9
34
9
34
9
34
9
44
15
57
9
94
17
29
9
99
9
14
9
94
9
34
18
90
15
57
19
31
9
94
17
59
9
99
9
64
9
64
9
64
9
14
18
60
18
60
18
60
9
38
9
74
16
58
19
31
9
94
9
14
19
32
9
64
9
14
17
89
9
14
9
74
17
89
8
15
0
60
15
27
9
44
9
74
9
14
9
34
9
64
9
44
0
40
9
34
9
99
9
99
18
30
9
64
0
70
9
64
9
64
9
99
9
64
9
94
9
99
9
74
9
94
9
34
9
44
9
14
16
58
9
74
9
74
17
89
9
99
18
60
9
99
9
34
16
28
9
14
9
14
9
94
14
26
9
14
9
74
9
99
9
34
14
26
9
34
18
90
9
14
9
14
18
30
9
14
9
99
9
34
18
90
9
44
9
44
9
14
9
74
9
99
9
44
9
74
19
91
19
32
19
61
0
30
18
30
9
74
9
94
9
94
9
44
9
44
15
87
14
56
9
99
9
74
9
99
9
93
9
44
16
88
9
14
19
31
9
64
9
99
9
99
18
30
9
34
14
56
9
74
8
95
9
14
9
94
9
99
9
94
9
34
9
34
9
14
15
57
9
34
15
57
14
56
17
59
9
94
9
44
9
14
9
74
9
34
9
14
9
34
9
34
9
99
9
28
9
34
15
57
9
94
18
60
19
62
16
88
9
34
9
99
9
34
9
34
0
20
2
89
9
44
9
14
9
44
9
44
9
44
19
31
9
64
9
99
17
29
9
74
9
74
17
59
9
64
9
64
9
14
9
44
9
64
17
89
9
74
9
44
18
30
9
74
9
99
9
74
9
16
9
44
9
34
9
74
15
87
9
44
9
32
9
99
0
80
9
44
17
29
9
99
9
44
9
14
17
89
17
59
9
94
9
44
15
57
9
14
15
87
15
57
9
94
9
64
9
34
9
14
9
44
9
44
9
74
9
14
9
14
9
99
9
44
9
44
9
44
9
74
9
64
9
99
9
64
9
74
15
87
9
44
9
74
9
94
19
92
9
34
17
59
19
32
9
44
19
62
9
74
9
11
19
62
9
74
9
14
9
34
9
34
9
94
19
91
8
15
9
34
2
47
18
90
16
28
9
44
16
58
9
44
9
94
16
28
0
50
17
29
0
60
9
64
17
29
9
94
9
34
9
99
9
34
9
64
18
60
19
32
16
28
17
59
9
94
9
34
16
58
9
44
9
14
9
64
9
72
19
32
16
58
9
44
9
34
9
94
9
14
17
59
9
96
9
14
9
34
9
44
9
2
9
44
9
74
16
58
9
94
9
74
9
34
9
64
9
94
15
87
9
14
9
94
9
34
17
29
9
99
9
64
18
30
14
26
9
64
9
64
9
64
9
74
9
74
9
99
9
94
9
44
9
34
17
89
9
94
9
99
9
68
9
63
9
44
9
44
9
99
9
99
9
34
18
90
9
74
3
39
9
64
9
14
9
44
9
41
9
94
9
44
9
64
9
64
9
94
9
44
9
28
9
64
9
94
2
79
9
64
16
28
17
89
9
99
14
56
9
99
9
99
9
14
18
90
9
44
9
44
9
99
9
64
17
59
9
46
9
44
9
14
2
29
0
60
9
64
19
92
9
74
16
28
18
60
9
99
9
94
9
44
9
99
9
94
9
99
9
64
9
94
9
34
19
62
4
49
9
74
18
60
19
31
9
44
9
14
18
90
4
19
9
94
9
44
18
60
16
88
19
32
9
99
9
44
9
27
9
14
9
94
9
86
9
94
16
58
9
74
15
57
17
22
16
58
16
88
9
99
9
64
9
14
9
61
9
94
9
74
9
14
9
34
9
34
9
34
9
64
16
58
9
44
16
28
17
89
9
99
9
94
16
28
16
58
9
34
4
49
9
99
1
95
9
44
18
60
18
90
9
74
19
91
9
94
19
61
9
34
9
99
9
44
9
64
0
50
9
74
9
99
9
94
9
64
9
94
9
94
9
26
0
90
16
58
16
58
9
94
9
64
9
74
9
99
2
49
9
34
9
14
9
44
9
34
9
64
9
94
16
58
9
34
9
94
9
94
19
31
17
29
9
99
9
14
9
44
9
99
9
74
9
74
9
94
9
94
9
64
9
44
9
99
3
29
9
99
9
34
9
94
16
28
1
39
9
74
9
74
9
99
9
94
9
44
9
34
9
74
9
99
4
89
9
34
9
74
15
57
9
64
9
44
9
64
9
94
9
99
9
78
9
99
9
74
9
99
9
44
19
31
9
34
9
94
9
94
9
36
9
44
9
74
9
44
16
88
3
89
19
31
9
94
17
29
17
81
9
14
17
29
9
64
19
91
9
94
2
59
9
44
9
74
9
94
9
94
9
14
18
30
9
64
9
64
9
64
9
74
9
94
9
14
9
71
9
64
9
64
9
94
9
14
16
58
18
60
17
29
9
14
9
14
9
64
19
32
9
64
17
89
16
58
9
94
18
30
9
33
9
64
0
30
16
58
9
94
19
92
18
30
9
64
9
34
19
61
19
31
9
94
0
70
15
87
9
34
18
90
9
64
9
74
17
89
9
44
18
30
18
90
14
56
9
1
9
14
18
60
9
14
9
94
9
64
9
18
15
27
9
99
9
64
9
98
9
99
9
99
9
44
9
67
14
86
9
99
16
58
9
64
9
44
0
0
16
88
9
74
9
94
17
29
9
34
0
40
16
58
9
33
9
44
9
44
9
64
15
87
9
74
9
64
9
14
9
94
17
29
9
74
9
14
9
99
16
58
9
14
14
26
18
30
4
40
15
57
