3
88
5
55
5
69
3
94
5
49
6
79
3
43
3
56
5
16
3
49
6
97
6
69
3
95
5
5
7
99
4
73
7
5
7
69
6
89
6
9
6
33
7
89
3
85
7
99
3
25
4
6
3
25
5
7
4
88
5
24
6
79
3
58
5
63
5
25
5
9
5
66
6
35
3
39
6
28
5
39
5
9
6
49
5
46
6
77
6
29
6
99
5
16
4
29
4
59
4
4
5
78
5
3
5
6
3
19
5
78
6
13
3
87
7
76
7
74
6
73
6
28
4
53
3
39
6
49
6
66
7
48
3
79
0
10
3
54
3
34
7
8
5
17
3
89
5
19
4
5
3
44
3
99
3
24
3
54
5
87
5
97
7
57
3
87
7
49
4
99
4
53
7
17
3
69
5
89
6
53
5
59
4
54
6
57
5
79
0
50
7
84
4
59
3
69
7
19
5
36
6
17
7
9
5
16
5
5
4
45
4
46
5
99
6
64
5
34
7
49
6
19
7
49
3
59
6
25
5
39
7
67
7
24
5
53
3
45
6
1
3
23
7
9
4
39
4
89
5
25
7
84
4
15
7
64
4
77
3
89
6
9
5
29
5
39
5
46
4
58
3
44
7
39
5
33
3
39
4
46
0
60
5
43
6
54
3
79
4
96
4
37
3
16
0
90
7
9
7
69
5
79
5
45
6
74
3
53
3
49
3
49
5
59
4
48
3
79
6
86
7
9
3
79
3
69
7
17
5
44
3
29
6
59
4
78
5
99
5
13
3
86
3
44
4
69
3
89
7
75
4
23
4
33
4
57
5
19
5
79
5
39
4
99
5
3
4
49
3
58
6
37
7
19
6
87
5
38
4
36
7
75
0
30
4
8
6
69
5
9
3
88
5
57
6
19
6
13
4
75
6
24
5
23
5
29
3
88
7
19
5
27
5
46
6
44
0
70
3
99
5
4
7
66
3
35
3
74
5
6
7
56
6
16
4
96
5
94
7
54
7
9
7
69
7
9
4
93
6
3
6
28
4
78
6
49
6
79
6
66
5
93
4
18
4
39
7
98
6
59
3
4
4
39
0
30
4
79
6
78
6
27
5
37
5
49
5
29
7
49
3
29
4
29
5
36
5
88
5
66
6
47
3
9
7
95
5
39
6
16
5
95
7
34
3
34
6
29
5
69
5
59
6
96
5
55
7
7
5
46
7
19
4
26
4
39
6
35
3
99
4
47
6
79
4
19
5
8
6
13
5
49
4
79
7
78
7
57
3
53
3
29
5
99
7
37
5
38
6
69
3
79
7
6
4
43
5
94
5
94
6
94
5
67
4
9
7
79
4
8
0
50
7
29
5
54
6
4
3
35
5
79
6
16
3
33
5
89
4
39
7
19
3
99
3
59
3
67
5
25
6
16
5
49
7
24
4
29
5
49
7
59
6
17
3
86
3
89
6
88
4
4
5
55
7
59
5
75
6
29
0
10
3
5
6
48
7
9
6
67
3
78
7
29
5
45
4
69
4
49
6
59
3
28
6
18
6
79
4
94
6
67
5
39
5
18
5
64
5
89
5
79
5
86
4
38
7
17
7
37
7
35
4
59
3
18
7
4
5
7
5
29
5
58
6
85
4
88
7
59
3
39
7
8
7
59
3
9
5
77
3
96
4
83
3
16
5
87
4
38
5
59
3
15
5
26
5
19
7
17
6
21
6
89
3
77
3
74
7
49
3
6
5
29
3
29
6
29
3
35
6
44
5
89
4
18
7
94
3
9
5
89
3
29
5
78
4
44
6
19
5
87
4
48
6
95
3
55
4
59
7
56
7
7
6
47
6
47
5
47
6
38
5
65
3
45
6
19
3
89
4
5
7
19
4
59
5
7
4
79
3
9
3
69
6
76
5
15
0
60
4
14
5
39
4
68
4
9
6
25
6
53
6
36
0
40
5
27
7
97
7
99
5
19
4
53
0
70
5
54
5
53
6
97
7
59
7
85
7
95
6
63
6
89
3
26
3
35
6
6
3
49
3
63
6
68
4
77
4
99
5
48
7
99
3
24
3
19
6
4
3
6
7
85
6
13
6
9
7
64
5
95
4
28
4
13
5
27
5
79
7
9
7
7
5
17
5
9
3
93
3
28
5
77
7
39
7
34
7
9
3
65
6
96
5
36
5
63
6
79
7
19
6
49
0
30
5
18
5
63
3
84
6
89
4
35
4
39
4
74
4
43
7
99
5
63
3
93
3
94
3
36
3
79
5
8
6
19
6
53
4
97
7
96
5
17
7
29
3
43
7
69
4
95
6
9
4
83
4
99
4
83
4
28
4
27
5
4
7
44
3
25
7
44
4
43
4
48
6
89
7
34
5
6
4
63
5
28
7
6
3
27
5
23
3
95
5
28
3
29
6
44
7
86
7
47
7
49
3
79
7
24
6
99
5
28
7
27
0
20
2
87
6
38
5
9
5
39
3
39
7
39
6
18
7
55
5
93
4
19
7
65
6
66
4
49
6
59
3
59
6
4
7
34
3
59
4
79
3
69
5
39
5
17
7
69
4
96
3
69
6
23
7
36
4
29
5
69
4
74
3
38
4
32
7
97
0
80
5
39
4
19
3
94
6
39
3
6
4
77
4
49
3
87
3
38
7
44
6
9
7
74
5
44
6
89
3
59
4
23
6
9
3
39
7
39
3
63
5
4
7
5
3
96
7
39
5
34
4
35
4
67
6
53
6
99
6
59
3
64
5
74
6
37
6
64
3
86
7
79
4
23
4
47
7
19
6
39
7
49
5
69
5
11
7
49
7
69
4
9
4
28
7
28
5
86
7
78
5
15
4
26
2
47
7
77
3
19
5
35
3
49
4
39
3
89
3
19
0
50
4
19
0
60
6
59
5
16
6
87
3
26
4
99
4
23
5
54
6
47
7
19
3
19
6
46
3
83
6
27
3
49
3
39
7
4
6
57
4
72
7
19
5
45
5
35
5
29
7
87
3
9
4
49
6
96
7
9
6
27
7
39
5
2
5
38
3
69
3
49
7
89
5
64
6
29
5
59
4
84
6
74
4
6
6
87
7
29
4
19
7
96
4
59
5
19
3
13
6
55
7
56
4
59
4
66
5
66
7
99
6
89
6
38
4
29
4
76
7
89
3
93
7
68
7
63
3
39
6
36
4
98
3
96
3
29
5
79
6
64
3
39
6
53
6
5
3
34
6
41
7
84
6
36
5
53
4
59
6
89
5
33
6
28
6
59
4
84
2
79
3
54
4
15
4
78
7
98
5
43
4
93
5
99
7
9
7
77
3
36
4
39
6
95
5
58
7
46
7
51
5
38
7
9
2
24
0
60
3
59
7
79
4
69
3
16
6
47
5
95
3
86
5
39
5
99
6
89
4
99
3
59
7
89
7
29
7
49
4
46
6
66
5
49
6
19
7
36
6
9
5
79
4
18
5
89
3
36
5
49
3
79
7
19
3
99
7
39
3
27
4
3
5
87
4
95
6
89
3
45
7
69
6
44
4
23
3
46
4
75
5
97
5
59
7
9
7
61
5
86
6
63
3
7
7
29
3
29
4
29
5
54
3
49
5
38
3
15
4
78
5
99
3
83
7
15
7
45
3
29
4
44
6
94
1
95
6
35
6
47
5
78
6
63
6
79
4
89
6
49
4
25
6
98
5
37
7
56
0
50
3
67
7
97
5
84
4
64
4
85
7
89
3
26
0
90
3
46
3
48
4
88
3
59
4
69
3
99
2
43
6
25
4
5
3
33
7
29
3
59
4
89
3
47
7
26
5
84
3
89
6
19
5
16
7
94
3
8
3
38
4
99
6
68
4
69
4
89
6
89
7
57
6
34
3
98
3
27
7
96
5
29
4
89
3
15
1
38
7
68
7
66
3
94
5
88
4
36
5
24
6
67
5
96
4
88
3
27
6
64
4
44
3
59
3
39
6
56
4
88
3
98
7
78
7
97
6
69
3
99
3
37
6
19
4
29
5
86
4
87
7
41
5
38
5
65
4
39
4
75
3
89
6
19
7
84
5
16
4
81
6
5
4
19
6
58
6
78
7
85
2
59
6
39
3
64
4
89
7
88
6
9
5
19
6
53
5
58
4
53
6
69
7
84
4
9
5
71
5
59
3
57
7
89
4
3
3
46
5
48
4
19
5
5
4
9
3
59
7
19
5
57
4
79
3
48
3
89
5
19
5
34
7
58
0
30
3
48
6
83
7
79
5
19
6
59
7
26
6
49
6
19
4
89
0
70
3
74
6
23
5
79
5
59
7
68
4
78
5
39
6
17
6
77
6
43
3
1
3
4
5
48
7
9
7
89
7
55
6
18
5
14
7
95
4
59
7
98
6
95
4
93
3
39
3
67
4
73
4
99
4
45
3
59
5
36
0
0
3
76
6
69
5
87
7
16
5
27
0
40
3
46
5
33
6
38
6
37
5
59
6
74
5
69
4
59
3
5
7
84
4
16
4
69
7
9
5
99
3
47
7
9
6
13
5
17
4
40
3
44
