9
94
9
64
9
74
9
99
19
64
19
94
18
60
9
64
19
33
19
62
9
99
9
74
9
99
9
14
9
99
18
90
9
14
9
74
9
94
9
14
9
44
9
94
9
94
9
99
9
34
9
14
9
34
9
14
9
94
9
34
19
94
9
64
9
74
9
34
9
14
9
74
9
44
9
44
9
34
9
44
9
14
19
64
19
63
19
94
9
34
9
99
19
33
9
34
9
64
9
14
19
94
9
14
9
14
19
32
19
94
18
30
9
94
19
93
19
91
18
90
9
34
9
64
9
44
19
64
9
74
19
64
19
92
0
10
9
64
9
44
9
14
19
34
9
94
19
34
9
14
19
61
9
99
9
34
9
64
9
94
9
99
9
64
9
94
19
64
9
99
9
64
19
34
9
74
9
94
9
64
9
64
9
64
9
64
19
94
0
50
9
94
9
64
9
74
19
34
9
44
19
34
9
14
19
33
9
14
19
62
19
63
9
99
9
74
9
44
19
64
19
34
19
64
9
64
9
34
9
44
9
74
9
34
9
64
19
62
9
1
9
34
9
14
9
44
9
94
9
34
9
94
19
32
9
74
19
93
9
94
9
14
9
34
9
44
19
63
9
64
19
61
9
44
9
44
9
44
19
63
0
60
18
60
9
64
19
92
9
99
9
44
19
32
0
90
9
14
9
74
19
94
19
62
19
91
9
64
19
62
19
62
9
64
19
63
19
92
9
94
9
14
19
92
9
74
19
34
19
61
9
34
9
64
19
93
9
99
18
30
9
94
19
61
9
74
9
94
19
92
9
34
9
44
9
64
19
34
19
94
9
44
9
99
9
14
19
63
9
64
9
44
19
34
9
94
9
44
9
44
19
92
0
30
9
14
9
74
9
14
9
88
9
64
19
34
18
30
19
92
9
34
9
34
9
34
9
94
19
34
9
34
19
63
19
61
0
70
9
99
9
14
9
74
9
44
19
91
9
14
9
64
19
33
9
99
9
99
9
64
9
14
9
74
9
14
9
99
9
14
9
34
19
93
19
64
19
94
9
74
9
99
19
33
9
44
9
99
9
64
9
14
9
44
0
30
19
93
19
94
9
34
9
44
19
64
9
34
19
64
9
34
9
34
9
44
9
94
9
74
19
64
9
14
9
99
9
44
19
33
9
99
9
44
9
44
9
34
9
74
9
64
9
99
9
64
9
14
19
63
19
34
9
34
9
44
9
44
9
99
19
63
19
94
19
33
9
14
18
30
19
64
19
93
19
94
9
64
9
64
9
34
9
99
9
44
9
44
9
74
19
92
9
14
18
60
9
99
9
99
9
99
9
74
9
14
19
94
9
14
0
50
9
34
9
64
9
14
9
44
19
94
19
33
9
44
9
94
9
44
19
34
9
99
9
64
9
74
9
34
19
33
19
64
9
24
9
34
19
64
9
64
19
34
9
94
9
94
9
94
9
14
9
64
9
64
19
92
9
34
0
10
9
14
19
64
9
14
9
74
19
92
9
34
19
62
9
74
19
63
9
64
9
34
19
34
19
94
9
99
9
67
9
44
19
34
9
74
9
94
19
94
9
94
9
44
19
34
9
44
9
44
9
64
19
32
9
14
9
14
9
34
9
64
9
94
9
94
9
64
9
44
9
14
9
64
9
14
19
94
9
99
9
94
19
32
9
94
9
44
9
64
19
32
9
34
19
34
19
34
9
16
9
94
19
92
19
91
19
64
9
14
9
34
9
34
9
34
9
44
19
61
9
94
19
33
9
99
9
14
9
94
9
34
19
94
19
61
19
34
9
94
19
63
9
99
9
64
9
64
9
64
9
14
19
64
19
64
19
64
9
38
9
74
19
62
19
34
9
94
9
14
19
34
9
64
9
14
19
93
9
14
9
74
19
93
8
15
0
60
19
31
9
44
9
74
9
14
9
34
9
64
9
44
0
40
9
34
9
99
9
99
19
34
9
64
0
70
9
64
9
64
9
99
9
64
9
94
9
99
9
74
9
94
9
34
9
44
9
14
19
62
9
74
9
74
19
93
9
99
19
64
9
99
9
34
19
32
9
14
9
14
9
94
18
30
9
14
9
74
9
99
9
34
18
30
9
34
19
94
9
14
9
14
19
34
9
14
9
99
9
34
19
94
9
44
9
44
9
14
9
74
9
99
9
44
9
74
19
94
19
34
19
64
0
30
19
34
9
74
9
94
9
94
9
44
9
44
19
91
18
60
9
99
9
74
9
99
9
93
9
44
19
92
9
14
19
34
9
64
9
99
9
99
19
34
9
34
18
60
9
74
8
95
9
14
9
94
9
99
9
94
9
34
9
34
9
14
19
61
9
34
19
61
18
60
19
63
9
94
9
44
9
14
9
74
9
34
9
14
9
34
9
34
9
99
9
28
9
34
19
61
9
94
19
64
19
64
19
92
9
34
9
99
9
34
9
34
0
20
2
89
9
44
9
14
9
44
9
44
9
44
19
34
9
64
9
99
19
33
9
74
9
74
19
63
9
64
9
64
9
14
9
44
9
64
19
93
9
74
9
44
19
34
9
74
9
99
9
74
9
16
9
44
9
34
9
74
19
91
9
44
9
32
9
99
0
80
9
44
19
33
9
99
9
44
9
14
19
93
19
63
9
94
9
44
19
61
9
14
19
91
19
61
9
94
9
64
9
34
9
14
9
44
9
44
9
74
9
14
9
14
9
99
9
44
9
44
9
44
9
74
9
64
9
99
9
64
9
74
19
91
9
44
9
74
9
94
19
94
9
34
19
63
19
34
9
44
19
64
9
74
9
11
19
64
9
74
9
14
9
34
9
34
9
94
19
94
8
15
9
34
2
47
19
94
19
32
9
44
19
62
9
44
9
94
19
32
0
50
19
33
0
60
9
64
19
33
9
94
9
34
9
99
9
34
9
64
19
64
19
34
19
32
19
63
9
94
9
34
19
62
9
44
9
14
9
64
9
72
19
34
19
62
9
44
9
34
9
94
9
14
19
63
9
96
9
14
9
34
9
44
9
2
9
44
9
74
19
62
9
94
9
74
9
34
9
64
9
94
19
91
9
14
9
94
9
34
19
33
9
99
9
64
19
34
18
30
9
64
9
64
9
64
9
74
9
74
9
99
9
94
9
44
9
34
19
93
9
94
9
99
9
68
9
63
9
44
9
44
9
99
9
99
9
34
19
94
9
74
3
39
9
64
9
14
9
44
9
41
9
94
9
44
9
64
9
64
9
94
9
44
9
28
9
64
9
94
2
79
9
64
19
32
19
93
9
99
18
60
9
99
9
99
9
14
19
94
9
44
9
44
9
99
9
64
19
63
9
46
9
44
9
14
2
29
0
60
9
64
19
94
9
74
19
32
19
64
9
99
9
94
9
44
9
99
9
94
9
99
9
64
9
94
9
34
19
64
4
49
9
74
19
64
19
34
9
44
9
14
19
94
4
19
9
94
9
44
19
64
19
92
19
34
9
99
9
44
9
27
9
14
9
94
9
86
9
94
19
62
9
74
19
61
19
22
19
62
19
92
9
99
9
64
9
14
9
61
9
94
9
74
9
14
9
34
9
34
9
34
9
64
19
62
9
44
19
32
19
93
9
99
9
94
19
32
19
62
9
34
4
49
9
99
1
95
9
44
19
64
19
94
9
74
19
94
9
94
19
64
9
34
9
99
9
44
9
64
0
50
9
74
9
99
9
94
9
64
9
94
9
94
9
26
0
90
19
62
19
62
9
94
9
64
9
74
9
99
2
49
9
34
9
14
9
44
9
34
9
64
9
94
19
62
9
34
9
94
9
94
19
34
19
33
9
99
9
14
9
44
9
99
9
74
9
74
9
94
9
94
9
64
9
44
9
99
3
29
9
99
9
34
9
94
19
32
1
39
9
74
9
74
9
99
9
94
9
44
9
34
9
74
9
99
4
89
9
34
9
74
19
61
9
64
9
44
9
64
9
94
9
99
9
78
9
99
9
74
9
99
9
44
19
34
9
34
9
94
9
94
9
36
9
44
9
74
9
44
19
92
3
89
19
34
9
94
19
33
19
81
9
14
19
33
9
64
19
94
9
94
2
59
9
44
9
74
9
94
9
94
9
14
19
34
9
64
9
64
9
64
9
74
9
94
9
14
9
71
9
64
9
64
9
94
9
14
19
62
19
64
19
33
9
14
9
14
9
64
19
34
9
64
19
93
19
62
9
94
19
34
9
33
9
64
0
30
19
62
9
94
19
94
19
34
9
64
9
34
19
64
19
34
9
94
0
70
19
91
9
34
19
94
9
64
9
74
19
93
9
44
19
34
19
94
18
60
9
1
9
14
19
64
9
14
9
94
9
64
9
18
19
31
9
99
9
64
9
98
9
99
9
99
9
44
9
67
18
90
9
99
19
62
9
64
9
44
0
0
19
92
9
74
9
94
19
33
9
34
0
40
19
62
9
33
9
44
9
44
9
64
19
91
9
74
9
64
9
14
9
94
19
33
9
74
9
14
9
99
19
62
9
14
18
30
19
34
4
40
19
61
