6
89
8
58
8
70
6
97
8
50
9
81
6
46
6
59
8
19
6
49
9
99
9
71
6
98
8
8
9
99
7
76
9
8
9
72
9
91
9
11
8
36
9
92
6
88
9
99
6
28
7
9
6
28
8
10
7
89
8
27
9
81
6
59
8
66
8
28
8
10
8
69
9
38
6
39
9
31
8
40
8
10
9
51
8
49
9
80
9
31
9
99
8
19
7
29
7
59
7
7
8
80
8
6
8
9
6
19
8
80
8
16
6
89
9
79
9
77
8
76
9
31
7
56
6
39
9
51
9
69
9
51
6
79
0
10
6
57
6
37
9
11
8
20
6
89
8
20
7
8
6
47
6
99
6
27
6
57
8
90
8
99
9
60
6
89
10
52
7
99
7
56
9
20
6
69
8
90
8
56
8
60
7
57
9
60
8
80
0
50
9
87
7
59
6
69
10
22
8
39
9
20
9
12
8
19
8
8
7
48
7
49
8
99
9
67
8
37
10
52
9
21
10
52
6
59
9
28
8
40
9
70
9
27
8
56
6
48
9
1
6
26
9
12
7
39
7
89
8
28
9
87
7
18
9
67
7
79
6
89
9
11
8
30
8
40
8
49
7
59
6
47
9
42
8
36
6
39
7
49
0
60
8
46
9
57
6
79
7
99
7
39
6
19
0
90
9
12
9
72
8
80
8
48
9
77
6
56
6
49
6
49
8
60
7
49
6
79
9
89
9
12
6
79
6
69
9
20
8
47
6
29
9
61
7
79
8
99
8
16
6
89
6
47
7
69
6
89
9
78
7
26
7
36
7
59
8
20
8
80
8
40
7
99
8
6
7
49
6
59
9
40
10
22
9
90
8
40
7
39
9
78
0
30
7
9
9
71
8
10
6
88
8
60
9
21
8
16
7
78
9
27
8
26
8
30
6
89
10
22
8
30
8
49
9
47
0
70
6
99
8
7
9
69
6
38
6
77
8
9
9
59
9
19
7
99
8
97
9
57
9
12
9
72
9
12
7
96
8
6
9
31
7
79
9
51
9
81
9
69
8
96
7
19
7
39
9
99
9
61
6
7
7
39
0
30
7
79
9
81
9
30
8
40
8
50
8
30
10
52
6
29
7
29
8
39
8
90
8
69
9
50
6
9
9
98
8
40
9
19
8
98
9
37
6
37
9
31
8
70
8
60
9
99
8
58
9
10
8
49
10
22
7
29
7
39
9
38
6
99
7
49
9
81
7
19
8
10
8
16
8
50
7
79
9
81
9
60
6
56
6
29
8
99
9
40
8
40
9
71
6
79
9
9
7
46
8
97
8
97
9
97
8
70
7
9
10
82
7
9
0
50
9
32
8
57
9
7
6
38
8
80
9
19
6
36
8
90
7
39
10
22
6
99
6
59
6
69
8
28
9
19
8
50
9
24
7
29
8
50
9
62
9
20
6
89
6
89
9
91
7
7
8
58
9
62
8
78
9
31
0
10
6
8
9
51
9
12
9
70
6
79
9
32
8
48
7
69
7
49
9
61
6
29
9
21
9
81
7
97
9
67
8
40
8
20
8
67
8
90
8
80
8
89
7
39
9
20
9
40
9
38
7
59
6
19
9
7
8
10
8
30
8
60
9
88
7
89
9
62
6
39
9
11
9
62
6
9
8
80
6
99
7
86
6
19
8
90
7
39
8
60
6
18
8
29
8
20
9
20
9
19
9
91
6
79
6
77
10
52
6
9
8
30
6
29
9
31
6
38
9
47
8
90
7
19
9
97
6
9
8
90
6
29
8
80
7
47
9
21
8
90
7
49
9
98
6
58
7
59
9
59
9
10
9
50
9
50
8
50
9
38
8
68
6
48
9
21
6
89
7
8
10
22
7
59
8
10
7
79
6
9
6
69
9
79
8
15
0
60
7
17
8
40
7
69
7
9
9
28
8
56
9
39
0
40
8
30
9
99
9
99
8
20
7
56
0
70
8
57
8
56
9
99
9
62
9
88
9
98
8
66
9
91
6
29
6
38
9
9
6
49
6
66
9
71
7
79
7
99
8
50
9
99
6
27
6
19
9
7
6
9
9
88
8
16
9
11
9
67
8
98
7
29
7
16
8
30
8
80
9
12
9
10
8
20
8
10
6
96
6
29
8
80
9
42
9
37
9
12
6
68
9
99
8
39
8
66
9
81
10
22
9
51
0
30
8
20
8
66
6
87
9
91
7
38
7
39
7
77
7
46
9
99
8
66
6
96
6
94
6
39
6
79
8
10
9
21
8
56
7
99
9
99
8
20
9
32
6
46
9
72
7
95
9
11
7
86
7
99
7
86
7
29
7
29
8
7
9
47
6
28
9
47
7
46
7
49
9
91
9
37
8
9
7
66
8
30
9
9
6
29
8
26
6
98
8
28
6
29
9
47
9
89
9
50
10
52
6
79
9
27
9
99
8
30
9
30
0
20
2
89
9
41
8
10
8
40
6
39
9
42
9
21
9
58
8
96
7
19
9
68
9
69
7
49
9
61
6
59
9
7
9
37
6
59
7
79
6
69
8
40
8
20
9
72
7
99
6
69
9
20
9
39
7
29
8
70
7
77
6
39
7
32
9
99
0
80
8
40
7
19
6
97
9
41
6
9
7
79
7
49
6
89
6
39
9
47
9
11
9
77
8
47
9
91
6
59
7
26
9
11
6
39
9
42
6
66
8
7
9
8
6
99
9
42
8
37
7
38
7
69
8
56
9
99
9
61
6
67
8
77
9
40
9
67
6
89
10
82
7
26
7
49
10
22
9
41
10
52
8
70
8
11
10
52
9
72
7
9
7
29
9
31
8
89
9
81
8
15
7
29
2
47
9
80
6
19
8
38
6
49
7
39
6
89
6
19
0
50
7
19
0
60
9
61
8
19
9
90
6
29
7
99
7
26
8
57
9
50
10
22
6
19
9
49
6
86
9
30
6
49
6
39
9
7
9
60
7
72
10
22
8
48
8
38
8
30
9
90
6
9
7
49
9
96
9
12
9
30
9
42
8
2
8
40
6
69
6
49
9
92
8
67
9
31
8
60
7
87
9
77
7
9
9
90
9
32
7
19
9
99
7
59
8
20
6
16
9
58
9
59
7
59
7
69
8
69
9
99
9
91
9
41
7
29
7
79
9
92
6
96
9
68
9
63
6
39
9
39
7
99
6
99
6
29
8
80
9
67
3
39
8
56
9
8
6
37
9
41
9
87
9
39
8
56
7
59
9
91
8
36
9
28
9
61
7
87
2
79
6
57
7
18
7
79
9
99
8
46
7
96
8
99
9
12
9
80
6
39
7
39
9
98
8
60
9
49
9
48
8
40
9
12
2
27
0
60
6
59
10
82
7
69
6
19
9
50
8
98
6
89
8
40
8
99
9
91
7
99
6
59
9
92
9
32
10
52
4
49
9
69
8
50
9
21
9
39
9
11
8
80
4
19
8
90
6
39
8
50
6
79
10
22
6
99
9
42
6
27
7
6
8
90
7
92
9
91
6
48
9
72
9
47
7
23
6
49
7
78
8
99
8
60
9
12
9
61
8
89
8
66
6
9
9
32
6
29
7
29
8
57
6
49
8
40
6
18
7
79
8
99
6
86
9
18
9
48
6
29
4
47
9
97
1
95
9
38
9
50
8
80
8
66
9
81
7
89
9
51
7
28
9
99
8
40
9
59
0
50
6
69
9
99
8
87
7
64
7
88
9
92
6
26
0
90
6
49
6
49
7
89
6
59
7
69
6
99
2
46
9
28
7
8
6
36
9
32
6
59
7
89
6
49
9
29
8
87
6
89
9
21
8
19
9
97
6
9
6
39
7
99
9
71
7
69
7
89
9
91
9
60
9
37
6
99
3
29
9
99
8
30
7
89
6
18
1
39
9
71
9
69
6
97
8
90
7
39
8
27
9
70
8
99
4
89
6
29
9
67
7
47
6
59
6
39
9
59
7
89
6
99
9
78
9
99
9
71
6
99
6
39
9
21
7
29
8
89
7
89
9
38
8
40
8
68
7
39
7
78
3
89
9
21
9
87
8
19
7
81
9
8
7
19
9
61
9
81
9
88
2
59
9
41
6
67
7
89
9
91
9
11
8
20
8
56
8
60
7
56
9
71
9
87
7
9
8
71
8
60
6
59
9
92
7
6
6
49
8
50
7
19
8
8
7
9
6
59
10
22
8
60
7
79
6
49
6
89
8
20
8
34
9
61
0
30
6
49
8
86
10
82
8
20
9
61
9
29
9
51
9
21
7
89
0
70
6
77
8
26
8
80
8
60
9
71
7
79
8
40
9
20
9
80
8
46
6
1
6
7
8
50
9
12
9
92
9
58
9
18
8
17
9
98
7
59
9
98
9
98
7
96
6
39
6
67
7
76
7
99
7
48
6
59
8
39
0
0
6
79
9
71
8
90
9
19
8
30
0
40
6
49
8
33
9
41
9
40
8
60
9
77
8
70
7
59
6
8
9
87
7
19
7
69
9
12
8
99
6
49
9
12
8
16
8
20
4
40
6
47
