9
91
9
61
9
73
9
99
11
53
12
84
9
49
9
61
10
22
9
51
9
99
9
74
9
99
9
11
9
99
9
79
9
11
9
74
9
94
9
14
9
39
9
94
9
91
9
99
9
31
9
12
9
31
9
13
9
92
9
30
12
84
9
61
9
69
9
31
9
13
9
72
9
41
9
41
9
34
9
43
9
13
12
54
10
52
11
83
9
34
9
99
10
22
9
32
9
62
9
10
11
83
9
9
9
12
9
21
11
83
9
19
9
91
10
82
9
80
9
79
9
34
9
59
9
41
12
54
9
72
12
54
9
81
0
10
9
60
9
40
9
14
11
23
9
91
11
23
9
11
9
50
9
99
9
30
9
60
9
93
9
99
9
63
9
91
13
55
9
99
9
59
11
23
9
71
9
93
9
59
9
63
9
60
9
63
11
83
0
50
9
90
9
62
9
71
13
25
9
42
11
23
9
14
10
22
9
11
9
51
10
52
9
99
9
70
9
40
13
55
12
24
13
55
9
61
9
31
9
43
9
73
9
30
9
59
9
51
9
1
9
29
9
14
9
42
9
92
9
31
9
90
9
21
9
70
10
82
9
91
9
14
9
33
9
43
10
52
9
62
9
50
9
44
9
39
9
41
10
52
0
60
9
49
9
60
9
81
9
99
9
42
9
21
0
90
9
14
9
74
11
83
9
51
9
80
9
59
9
51
9
51
9
63
10
52
9
81
9
92
9
14
9
81
9
71
11
23
9
50
9
31
9
64
10
82
9
99
9
19
9
91
9
50
9
72
9
91
9
81
9
29
9
39
9
62
11
23
11
83
9
43
9
99
9
9
10
52
9
61
9
43
13
25
9
93
9
43
9
42
9
81
0
30
9
12
9
74
9
13
9
88
9
63
12
24
9
19
9
81
9
30
9
29
9
33
9
91
13
25
9
33
10
52
9
50
0
70
9
99
9
10
9
72
9
41
9
80
9
12
9
62
10
22
9
99
9
99
9
60
9
14
9
74
9
14
9
99
9
9
9
34
10
82
12
54
12
84
9
72
9
99
10
22
9
42
9
99
9
64
9
10
9
42
0
30
10
82
12
84
9
33
9
43
11
53
9
33
13
55
9
31
9
32
9
42
9
93
9
72
11
53
9
11
9
99
9
43
10
22
9
99
9
40
9
40
9
34
9
73
9
63
9
99
9
61
9
13
10
52
13
25
9
32
9
42
9
41
9
99
10
52
12
84
10
22
9
13
9
19
11
53
10
82
12
84
9
63
9
59
9
31
9
99
9
43
9
43
9
74
9
81
9
12
9
49
9
99
9
99
9
99
9
73
9
12
13
85
9
12
0
50
9
34
9
60
9
10
9
41
11
83
10
22
9
39
9
93
9
42
13
25
9
99
9
61
9
71
9
31
10
22
11
53
9
24
9
32
11
53
9
64
11
23
9
91
9
91
9
94
9
10
9
61
9
64
9
81
9
34
0
10
9
11
12
54
9
14
9
73
9
81
9
34
9
51
9
72
10
52
9
64
9
31
12
24
12
84
9
99
9
67
9
43
11
23
9
70
9
93
11
83
9
92
9
42
11
23
9
43
9
41
9
62
9
21
9
10
9
13
9
33
9
63
9
91
9
92
9
64
9
41
9
14
9
64
9
11
11
83
9
99
9
89
9
21
9
93
9
42
9
63
9
21
9
32
11
23
11
23
9
16
9
94
9
81
9
80
13
55
9
11
9
33
9
31
9
34
9
41
9
50
9
93
10
22
9
99
9
11
9
93
9
31
11
83
9
50
12
24
9
93
10
52
9
99
9
61
9
62
9
62
9
13
11
53
11
53
11
53
9
38
9
71
9
51
12
24
9
91
9
11
13
25
9
62
9
13
10
82
9
11
9
71
10
82
8
15
0
60
9
20
9
43
9
72
9
12
9
31
9
59
9
42
0
40
9
33
9
99
9
99
11
23
9
59
0
70
9
60
9
59
9
99
9
64
9
91
9
99
9
69
9
94
9
31
9
41
9
12
9
51
9
69
9
74
10
82
9
99
11
53
9
99
9
30
9
21
9
10
9
11
9
91
9
19
9
14
9
70
9
99
9
32
9
19
9
33
11
83
9
14
9
13
11
23
9
13
9
99
9
31
11
83
9
44
9
40
9
14
9
71
9
99
9
42
9
69
12
84
13
25
12
54
0
30
11
23
9
69
9
90
9
94
9
41
9
42
9
80
9
49
9
99
9
69
9
99
9
93
9
40
9
81
9
13
12
24
9
59
9
99
9
99
11
23
9
34
9
49
9
74
8
95
9
14
9
89
9
99
9
89
9
32
9
32
9
10
9
50
9
31
9
50
9
49
10
52
9
94
9
40
9
12
9
69
9
33
9
12
9
31
9
29
9
99
9
28
9
31
9
50
9
92
11
53
13
55
9
81
9
30
9
99
9
33
9
33
0
20
2
89
9
44
9
13
9
43
9
41
9
44
12
24
9
61
9
99
10
22
9
71
9
72
10
52
9
64
9
61
9
10
9
40
9
61
10
82
9
71
9
43
11
23
9
74
9
99
9
71
9
17
9
42
9
32
9
73
9
80
9
41
9
32
9
99
0
80
9
43
10
22
9
99
9
44
9
11
10
82
10
52
9
91
9
41
9
50
9
14
9
80
9
50
9
94
9
61
9
29
9
14
9
41
9
44
9
69
9
10
9
11
9
99
9
44
9
40
9
41
9
72
9
59
9
99
9
64
9
70
9
80
9
43
9
70
9
91
13
85
9
29
10
52
13
25
9
44
13
55
9
73
9
11
13
55
9
74
9
12
9
32
9
34
9
92
12
84
8
15
9
32
2
47
11
83
9
21
9
41
9
51
9
42
9
91
9
21
0
50
10
22
0
60
9
64
10
22
9
93
9
31
9
99
9
29
9
60
11
53
13
25
9
21
10
52
9
89
9
33
9
51
9
41
9
10
9
63
9
72
13
25
9
51
9
41
9
33
9
93
9
11
10
52
9
96
9
14
9
33
9
44
9
2
9
43
9
71
9
51
9
94
9
70
9
34
9
63
9
90
9
80
9
12
9
93
9
34
10
22
9
99
9
62
11
23
9
19
9
61
9
62
9
62
9
72
9
72
9
99
9
94
9
44
9
32
10
82
9
94
9
99
9
68
9
63
9
41
9
42
9
99
9
99
9
31
11
83
9
70
3
39
9
59
9
11
9
40
9
41
9
90
9
42
9
59
9
62
9
94
9
39
9
28
9
64
9
90
2
79
9
60
9
21
10
82
9
99
9
49
9
99
9
99
9
14
11
83
9
41
9
42
9
99
9
63
10
52
9
46
9
43
9
14
2
29
0
60
9
61
13
85
9
72
9
21
11
53
9
99
9
91
9
43
9
99
9
94
9
99
9
61
9
94
9
34
13
55
4
49
9
72
11
53
12
24
9
42
9
14
11
83
4
19
9
93
9
41
11
53
9
81
13
25
9
99
9
44
9
27
9
9
9
93
9
89
9
94
9
51
9
74
9
50
10
22
9
51
9
81
9
99
9
63
9
14
9
61
9
92
9
69
9
11
9
34
9
31
9
32
9
60
9
51
9
43
9
21
10
82
9
99
9
89
9
21
9
51
9
31
4
49
9
99
1
95
9
41
11
53
11
83
9
69
12
84
9
92
12
54
9
31
9
99
9
43
9
62
0
50
9
71
9
99
9
90
9
64
9
91
9
94
9
26
0
90
9
51
9
51
9
92
9
61
9
72
9
99
2
49
9
31
9
11
9
39
9
34
9
61
9
92
9
51
9
32
9
90
9
91
12
24
10
22
9
99
9
11
9
41
9
99
9
74
9
72
9
92
9
94
9
63
9
40
9
99
3
29
9
99
9
33
9
92
9
21
1
39
9
74
9
72
9
99
9
93
9
42
9
30
9
73
9
99
4
89
9
31
9
70
9
50
9
61
9
41
9
62
9
92
9
99
9
78
9
99
9
74
9
99
9
41
12
24
9
32
9
92
9
92
9
36
9
43
9
71
9
42
9
81
3
89
12
24
9
90
10
22
10
81
9
11
10
22
9
64
12
84
9
91
2
59
9
44
9
70
9
92
9
94
9
14
11
23
9
59
9
63
9
59
9
74
9
90
9
12
9
71
9
63
9
61
9
94
9
9
9
51
11
53
10
22
9
11
9
12
9
61
13
25
9
63
10
82
9
51
9
91
11
23
9
33
9
64
0
30
9
51
9
89
13
85
11
23
9
64
9
32
12
54
12
24
9
92
0
70
9
80
9
29
11
83
9
63
9
74
10
82
9
43
11
23
11
83
9
49
9
1
9
10
11
53
9
14
9
94
9
61
9
18
9
20
9
99
9
62
9
98
9
99
9
99
9
41
9
67
9
79
9
99
9
51
9
61
9
42
0
0
9
81
9
74
9
93
10
22
9
33
0
40
9
51
9
33
9
44
9
43
9
63
9
80
9
73
9
62
9
11
9
90
10
22
9
72
9
14
9
99
9
51
9
14
9
19
11
23
4
40
9
50
