1
86
3
53
3
68
1
92
3
48
4
79
1
41
1
54
3
14
1
48
4
95
4
69
1
93
3
3
5
97
2
71
5
3
5
67
4
87
4
9
4
31
5
89
1
83
5
99
1
23
2
4
1
23
3
5
2
86
3
22
4
79
1
56
3
61
3
23
3
7
3
64
4
33
1
38
4
26
3
38
3
9
4
49
3
44
4
75
4
28
4
99
3
14
2
27
2
57
2
2
3
76
3
1
3
4
1
19
3
76
4
11
1
85
5
74
5
72
4
71
4
26
2
51
1
39
4
47
4
64
5
46
1
79
0
10
1
52
1
32
5
6
3
15
1
87
3
18
2
3
1
42
1
98
1
22
1
52
3
85
3
95
5
55
1
85
5
48
2
97
2
51
5
15
1
69
3
89
4
51
3
59
2
52
4
55
3
79
0
50
5
82
2
57
1
67
5
19
3
34
4
15
5
9
3
14
3
3
2
43
2
44
3
99
4
62
3
32
5
49
4
19
5
48
1
59
4
23
3
38
5
65
5
22
3
51
1
43
4
1
1
21
5
7
2
39
2
87
3
23
5
82
2
13
5
62
2
75
1
89
4
9
3
29
3
38
3
44
2
56
1
42
5
39
3
31
1
39
2
44
0
60
3
41
4
52
1
79
2
94
2
35
1
14
0
90
5
9
5
69
3
78
3
43
4
72
1
51
1
48
1
49
3
59
2
46
1
77
4
84
5
9
1
77
1
67
5
15
3
42
1
27
4
59
2
76
3
98
3
11
1
84
1
42
2
69
1
89
5
73
2
21
2
31
2
55
3
18
3
79
3
38
2
99
3
1
2
49
1
56
4
35
5
17
4
85
3
36
2
34
5
73
0
30
2
6
4
67
3
8
1
88
3
55
4
19
4
11
2
73
4
22
3
21
3
29
1
86
5
18
3
25
3
44
4
42
0
70
1
98
3
2
5
64
1
33
1
72
3
4
5
54
4
14
2
94
3
92
5
52
5
9
5
68
5
8
2
91
4
1
4
26
2
76
4
47
4
79
4
64
3
91
2
16
2
38
5
96
4
57
1
2
2
39
0
30
2
77
4
76
4
25
3
35
3
48
3
27
5
49
1
28
2
27
3
34
3
86
3
64
4
45
1
7
5
93
3
39
4
14
3
93
5
32
1
32
4
29
3
69
3
58
4
94
3
53
5
5
3
44
5
18
2
24
2
39
4
33
1
98
2
45
4
79
2
18
3
6
4
11
3
48
2
79
5
76
5
55
1
51
1
29
3
99
5
35
3
36
4
68
1
79
5
4
2
41
3
92
3
92
4
92
3
65
2
9
5
77
2
6
0
50
5
27
3
52
4
2
1
33
3
77
4
14
1
31
3
87
2
39
5
17
1
99
1
57
1
65
3
23
4
14
3
49
5
24
2
28
3
49
5
59
4
15
1
84
1
89
4
86
2
2
3
53
5
57
3
73
4
29
0
10
1
3
4
46
5
8
4
65
1
76
5
29
3
43
2
67
2
49
4
58
1
26
4
16
4
79
2
92
4
67
3
39
3
16
3
62
3
89
3
77
3
84
2
36
5
15
5
35
5
33
2
57
1
16
5
2
3
5
3
29
3
56
4
83
2
86
5
59
1
39
5
6
5
57
1
7
3
75
1
94
2
81
1
14
3
85
2
36
3
58
1
13
3
24
3
19
5
15
4
21
4
89
1
75
1
72
5
47
1
4
3
29
1
28
4
27
1
33
4
42
3
89
2
16
5
92
1
8
3
89
1
27
3
76
2
42
4
18
3
85
2
46
4
93
1
53
2
59
5
54
5
5
4
45
4
45
3
45
4
38
3
63
1
43
4
18
1
89
2
3
5
17
2
59
3
5
2
78
1
9
1
69
4
74
3
15
0
60
2
12
3
37
2
66
2
9
4
23
4
51
4
34
0
40
3
25
5
95
5
98
3
18
2
51
0
70
3
52
3
51
4
95
5
59
5
83
5
93
4
61
4
87
1
24
1
33
4
4
1
47
1
61
4
66
2
75
2
97
3
46
5
97
1
22
1
17
4
2
1
4
5
83
4
11
4
7
5
62
3
93
2
26
2
11
3
25
3
78
5
8
5
5
3
15
3
9
1
91
1
26
3
75
5
39
5
32
5
7
1
63
4
94
3
34
3
61
4
77
5
17
4
48
0
30
3
16
3
61
1
82
4
88
2
33
2
38
2
72
2
41
5
99
3
61
1
91
1
94
1
34
1
79
3
6
4
19
4
51
2
95
5
94
3
15
5
29
1
41
5
69
2
95
4
9
2
81
2
99
2
81
2
26
2
25
3
2
5
42
1
23
5
42
2
41
2
46
4
89
5
32
3
4
2
61
3
26
5
4
1
25
3
21
1
93
3
28
1
27
4
42
5
84
5
45
5
48
1
77
5
22
4
98
3
26
5
25
0
20
2
85
4
36
3
9
3
39
1
39
5
38
4
16
5
53
3
91
2
19
5
63
4
64
2
48
4
59
1
59
4
2
5
32
1
59
2
78
1
68
3
37
3
15
5
69
2
94
1
69
4
25
5
34
2
29
3
69
2
72
1
36
2
32
5
95
0
80
3
39
2
18
1
92
4
37
1
4
2
75
2
49
1
85
1
36
5
42
4
7
5
72
3
42
4
89
1
57
2
21
4
7
1
39
5
38
1
61
3
2
5
3
1
94
5
39
3
32
2
33
2
65
4
51
4
99
4
59
1
62
3
72
4
35
4
62
1
84
5
79
2
21
2
45
5
19
4
39
5
47
3
69
3
11
5
48
5
67
2
9
2
26
5
26
3
84
5
76
3
15
2
24
2
47
5
75
1
18
3
33
1
47
2
39
1
87
1
17
0
50
2
18
0
60
4
59
3
14
4
85
1
24
2
99
2
21
3
52
4
45
5
19
1
19
4
44
1
81
4
25
1
49
1
38
5
2
4
55
2
72
5
17
3
43
3
33
3
27
5
85
1
9
2
48
4
96
5
8
4
25
5
39
3
2
3
36
1
69
1
49
5
88
3
62
4
29
3
59
2
82
4
72
2
4
4
85
5
29
2
19
5
94
2
58
3
19
1
11
4
53
5
54
2
59
2
64
3
64
5
99
4
89
4
36
2
27
2
74
5
89
1
91
5
68
5
63
1
39
4
34
2
96
1
94
1
29
3
79
4
62
3
38
4
51
4
3
1
32
4
41
5
82
4
34
3
51
2
59
4
89
3
31
4
28
4
59
2
82
2
77
1
52
2
13
2
76
5
96
3
41
2
91
3
98
5
9
5
75
1
34
2
38
4
93
3
56
5
44
5
52
3
36
5
8
2
22
0
60
1
58
5
79
2
69
1
14
4
45
3
93
1
84
3
38
3
98
4
89
2
98
1
57
5
87
5
29
5
48
4
44
4
64
3
49
4
19
5
34
4
9
3
77
4
16
3
88
1
34
3
49
1
78
5
18
1
99
5
38
1
27
2
1
3
85
2
97
4
89
1
43
5
68
4
42
2
23
1
44
2
73
3
95
3
58
5
7
5
61
3
84
4
61
1
5
5
29
1
27
2
27
3
52
1
49
3
36
1
13
2
76
3
99
1
81
5
13
5
43
1
27
4
42
4
92
1
95
4
33
4
45
3
76
4
61
4
79
2
89
4
49
2
23
4
96
3
35
5
54
0
50
1
65
5
95
3
82
2
64
2
83
5
88
1
26
0
90
1
44
1
46
2
86
1
59
2
69
1
98
2
41
4
23
2
3
1
31
5
29
1
59
2
87
1
45
5
24
3
82
1
87
4
19
3
14
5
92
1
6
1
36
2
99
4
66
2
67
2
89
4
88
5
55
4
32
1
96
3
25
5
94
3
29
2
88
1
13
1
36
5
66
5
64
1
92
3
86
2
34
3
22
4
65
3
94
4
86
1
25
4
62
2
42
1
58
1
37
4
54
2
86
1
96
5
78
5
95
4
67
1
98
1
35
4
18
2
29
3
84
2
85
5
41
3
36
3
63
2
39
2
73
3
88
4
19
5
82
3
14
2
81
4
3
2
19
4
56
4
76
5
83
2
58
4
37
1
62
2
88
5
86
4
7
3
17
4
51
3
56
2
51
4
69
5
82
2
7
3
71
3
57
1
55
5
89
2
1
1
44
3
46
2
18
3
3
2
7
1
59
5
18
3
55
2
77
1
46
1
89
3
17
3
34
5
56
0
30
1
46
4
81
5
78
3
19
4
59
5
24
4
49
4
17
2
89
0
70
1
72
4
21
3
79
3
58
5
66
2
76
3
37
4
15
4
75
4
41
1
1
1
2
3
46
5
8
5
87
5
53
4
18
3
12
5
93
2
57
5
98
4
93
2
91
1
39
1
67
2
71
2
99
2
43
1
59
3
34
0
0
1
74
4
69
3
85
5
14
3
25
0
40
1
44
3
33
4
36
4
35
3
59
4
72
3
69
2
57
1
3
5
82
2
14
2
69
5
8
3
98
1
45
5
9
4
11
3
15
4
40
1
42
