5
89
7
57
7
69
5
96
7
49
8
80
5
45
5
58
7
18
5
49
8
99
8
70
5
97
7
7
9
99
6
75
9
7
9
71
8
90
8
10
8
35
9
91
5
87
9
99
5
27
6
8
5
27
7
9
6
89
7
26
8
80
5
59
7
65
7
27
7
9
7
68
8
37
5
39
8
30
7
39
7
9
8
50
7
48
8
79
8
30
8
99
7
18
6
29
6
59
6
6
7
79
7
5
7
8
5
19
7
79
8
15
5
89
9
78
8
76
8
75
8
30
6
55
5
39
8
50
8
68
9
50
5
79
0
10
5
56
5
36
9
10
7
19
5
89
7
19
6
7
5
46
5
99
5
26
5
56
7
89
7
99
9
59
5
89
9
51
6
99
6
55
9
19
5
69
7
89
8
55
7
59
6
56
8
59
7
79
0
50
8
86
6
59
5
69
9
21
7
38
8
19
9
11
7
18
7
7
6
47
6
48
7
99
8
66
7
36
9
51
8
20
9
51
5
59
8
27
7
39
9
69
8
26
7
55
5
47
8
1
5
25
9
11
6
39
6
89
7
27
8
86
6
17
8
66
6
79
5
89
8
10
7
29
7
39
7
48
6
59
5
46
9
41
7
35
5
39
6
48
0
60
7
45
8
56
5
79
6
98
6
39
5
18
0
90
9
11
9
71
7
79
7
47
8
76
5
55
5
49
5
49
7
59
6
49
5
79
8
88
9
11
5
79
5
69
9
19
7
46
5
29
8
60
6
79
7
99
7
15
5
88
5
46
6
69
5
89
9
77
6
25
6
35
6
59
7
19
7
79
7
39
6
99
7
5
6
49
5
59
8
39
9
21
8
89
7
39
6
38
9
77
0
30
6
9
8
70
7
9
5
88
7
59
8
20
8
15
6
77
8
26
7
25
7
29
5
89
9
21
7
29
7
48
8
46
0
70
5
99
7
6
9
68
5
37
5
76
7
8
9
58
8
18
6
98
7
96
8
56
9
11
9
71
9
11
6
95
8
5
8
30
6
79
8
50
8
80
8
68
7
95
6
19
6
39
9
99
8
60
5
6
6
39
0
30
6
79
8
80
8
29
7
39
7
49
7
29
9
51
5
29
6
29
7
38
7
89
7
68
8
49
5
9
9
97
7
39
8
18
7
97
8
36
5
36
8
30
7
69
7
59
8
98
7
57
9
9
7
48
9
21
6
28
6
39
8
37
5
99
6
49
8
80
6
19
7
9
8
15
7
49
6
79
9
80
9
59
5
55
5
29
7
99
9
39
7
39
8
70
5
79
9
8
6
45
7
96
7
96
8
96
7
69
6
9
9
81
6
9
0
50
9
31
7
56
8
6
5
37
7
79
8
18
5
35
7
89
6
39
9
21
5
99
5
59
5
69
7
27
8
18
7
49
9
24
6
29
7
49
9
61
8
19
5
88
5
89
8
90
6
6
7
57
9
61
7
77
8
30
0
10
5
7
8
50
9
11
8
69
5
79
9
31
7
47
6
69
6
49
8
60
5
29
8
20
8
80
6
96
8
67
7
39
7
19
7
66
7
89
7
79
7
88
6
39
9
19
9
39
9
37
6
59
5
19
8
6
7
9
7
29
7
59
8
87
6
89
9
61
5
39
9
10
9
61
5
9
7
79
5
98
6
85
5
18
7
89
6
39
7
59
5
17
7
28
7
19
9
19
8
20
8
90
5
79
5
76
9
51
5
8
7
29
5
29
8
30
5
37
8
46
7
89
6
19
8
96
5
9
7
89
5
29
7
79
6
46
8
20
7
89
6
49
8
97
5
57
6
59
9
58
9
9
8
49
8
49
7
49
8
38
7
67
5
47
8
20
5
89
6
7
9
21
6
59
7
9
6
79
5
9
5
69
8
78
7
15
0
60
6
16
7
39
6
69
6
9
8
27
8
55
8
38
0
40
7
29
9
99
9
99
7
19
6
55
0
70
7
56
7
55
8
99
9
61
9
87
9
97
8
65
8
90
5
28
5
37
8
8
5
49
5
65
8
70
6
79
6
99
7
49
9
99
5
26
5
19
8
6
5
8
9
87
8
15
8
10
8
66
7
97
6
29
6
15
7
29
7
79
9
11
9
9
7
19
7
9
5
95
5
29
7
79
9
41
8
36
9
11
5
67
8
98
7
38
7
65
8
80
9
21
8
50
0
30
7
19
7
65
5
86
8
90
6
37
6
39
6
76
6
45
9
99
7
65
5
95
5
94
5
38
5
79
7
9
8
20
8
55
6
99
9
98
7
19
9
31
5
45
9
71
6
95
8
10
6
85
6
99
6
85
6
29
6
29
7
6
8
46
5
27
8
46
6
45
6
49
8
90
8
36
7
8
6
65
7
29
9
8
5
29
7
25
5
97
7
28
5
29
8
46
9
88
9
49
9
51
5
79
8
26
8
99
7
29
9
29
0
20
2
89
8
40
7
9
7
39
5
39
9
41
8
20
9
57
7
95
6
19
9
67
8
68
6
49
8
60
5
59
8
6
8
36
5
59
6
79
5
69
7
39
7
19
9
71
6
98
5
69
8
21
9
38
6
29
7
69
6
76
5
39
6
32
9
99
0
80
7
39
6
19
5
96
8
40
5
8
6
79
6
49
5
89
5
39
8
46
8
10
8
76
7
46
8
90
5
59
6
25
8
10
5
39
9
41
5
65
7
6
9
7
5
98
9
41
7
36
6
37
6
69
8
55
8
99
8
60
5
66
7
76
8
39
8
66
5
88
9
81
6
25
6
49
9
21
8
40
9
51
7
69
7
11
9
51
9
71
6
9
6
29
9
30
7
88
9
80
7
15
6
28
2
47
9
79
5
19
7
37
5
49
6
39
5
89
5
19
0
50
6
19
0
60
8
60
7
18
8
89
5
28
6
99
6
25
7
56
8
49
9
21
5
19
8
48
5
85
8
29
5
49
5
39
8
6
8
59
6
72
9
21
7
47
7
37
7
29
9
89
5
9
6
49
8
96
9
11
8
29
9
41
7
2
7
39
5
69
5
49
9
91
7
66
8
30
7
59
6
86
8
76
6
8
8
89
9
31
6
19
9
98
6
59
7
19
5
15
8
57
9
58
6
59
6
68
7
68
9
99
8
90
8
40
6
29
6
78
9
91
5
95
9
68
9
63
5
39
8
38
6
99
5
98
5
29
7
79
8
66
3
39
8
55
8
7
5
36
8
41
8
86
8
38
7
55
6
59
8
90
7
35
8
28
8
60
6
86
2
79
5
56
6
17
6
79
9
99
7
45
6
95
7
99
9
11
9
79
5
38
6
39
8
97
7
59
9
48
9
49
7
39
9
11
2
26
0
60
5
59
9
81
6
69
5
18
8
49
7
97
5
88
7
39
7
99
8
90
6
99
5
59
9
91
9
31
9
51
4
48
8
68
7
49
8
20
9
38
8
10
7
79
4
19
7
89
5
38
7
49
5
79
9
21
5
99
9
41
5
27
6
5
7
89
6
93
8
90
5
47
9
71
8
46
6
23
5
48
6
77
7
99
7
59
9
11
9
61
7
88
8
65
5
9
9
31
5
29
6
29
7
56
5
49
7
39
5
17
6
79
7
99
5
85
9
17
9
47
5
29
4
46
8
96
1
95
8
37
8
49
7
79
8
65
8
80
6
89
8
50
6
27
8
99
7
39
9
58
0
50
5
69
9
99
7
86
6
64
6
87
9
91
5
26
0
90
5
48
5
49
6
89
5
59
6
69
5
99
2
45
8
27
6
7
5
35
9
31
5
59
6
89
5
49
9
28
7
86
5
89
8
20
7
18
8
96
5
9
5
39
6
99
8
70
6
69
6
89
8
90
9
59
8
36
5
99
3
29
9
98
7
29
6
89
5
17
1
39
9
70
9
68
5
96
7
89
6
38
7
26
8
69
7
98
4
89
5
29
8
66
6
46
5
59
5
39
8
58
6
89
5
99
9
78
9
99
8
70
5
99
5
39
8
20
6
29
7
88
6
89
9
39
7
39
7
67
6
39
6
77
3
89
8
20
8
86
7
18
6
81
8
7
6
19
8
60
8
80
9
87
2
59
8
40
5
66
6
89
9
90
8
10
7
19
8
55
7
59
6
55
8
70
8
86
6
9
7
71
7
59
5
59
9
91
6
5
5
48
7
49
6
19
7
7
6
9
5
59
9
21
7
59
6
79
5
49
5
89
7
19
7
34
9
60
0
30
5
49
8
85
9
81
7
19
8
60
9
28
8
50
8
20
6
89
0
70
5
76
8
25
7
79
7
59
9
70
6
79
7
39
8
19
8
79
8
45
5
1
5
6
7
49
9
11
9
91
9
57
8
18
7
16
9
97
6
59
9
98
8
97
6
95
5
39
5
67
6
75
6
99
6
47
5
59
7
38
0
0
5
78
8
70
7
89
9
18
7
29
0
40
5
48
7
33
8
40
8
39
7
59
8
76
7
69
6
59
5
7
8
86
6
18
6
69
9
11
7
99
5
49
9
11
8
15
7
19
4
40
5
46
