9
94
9
64
9
74
9
99
17
59
18
90
13
55
9
64
16
28
15
57
9
99
9
74
9
99
9
14
9
99
13
85
9
14
9
74
9
94
9
14
9
44
9
94
9
94
9
99
9
34
9
14
9
34
9
14
9
94
9
34
18
90
9
64
9
74
9
34
9
14
9
74
9
44
9
44
9
34
9
44
9
14
18
60
16
58
17
89
9
34
9
99
16
28
9
34
9
64
9
14
17
89
9
14
9
14
15
27
17
89
13
25
9
94
16
88
14
86
13
85
9
34
9
64
9
44
18
60
9
74
18
60
15
87
0
10
9
64
9
44
9
14
17
29
9
94
17
29
9
14
14
56
9
99
9
34
9
64
9
94
9
99
9
64
9
94
19
61
9
99
9
64
17
29
9
74
9
94
9
64
9
64
9
64
9
64
17
89
0
50
9
94
9
64
9
74
19
31
9
44
17
29
9
14
16
28
9
14
15
57
16
58
9
99
9
74
9
44
19
61
18
30
19
61
9
64
9
34
9
44
9
74
9
34
9
64
15
57
9
1
9
34
9
14
9
44
9
94
9
34
9
94
15
27
9
74
16
88
9
94
9
14
9
34
9
44
16
58
9
64
14
56
9
44
9
44
9
44
16
58
0
60
13
55
9
64
15
87
9
99
9
44
15
27
0
90
9
14
9
74
17
89
15
57
14
86
9
64
15
57
15
57
9
64
16
58
15
87
9
94
9
14
15
87
9
74
17
29
14
56
9
34
9
64
16
88
9
99
13
25
9
94
14
56
9
74
9
94
15
87
9
34
9
44
9
64
17
29
17
89
9
44
9
99
9
14
16
58
9
64
9
44
19
31
9
94
9
44
9
44
15
87
0
30
9
14
9
74
9
14
9
88
9
64
18
30
13
25
15
87
9
34
9
34
9
34
9
94
19
31
9
34
16
58
14
56
0
70
9
99
9
14
9
74
9
44
14
86
9
14
9
64
16
28
9
99
9
99
9
64
9
14
9
74
9
14
9
99
9
14
9
34
16
88
18
60
18
90
9
74
9
99
16
28
9
44
9
99
9
64
9
14
9
44
0
30
16
88
18
90
9
34
9
44
17
59
9
34
19
61
9
34
9
34
9
44
9
94
9
74
17
59
9
14
9
99
9
44
16
28
9
99
9
44
9
44
9
34
9
74
9
64
9
99
9
64
9
14
16
58
19
31
9
34
9
44
9
44
9
99
16
58
18
90
16
28
9
14
13
25
17
59
16
88
18
90
9
64
9
64
9
34
9
99
9
44
9
44
9
74
15
87
9
14
13
55
9
99
9
99
9
99
9
74
9
14
19
91
9
14
0
50
9
34
9
64
9
14
9
44
17
89
16
28
9
44
9
94
9
44
19
31
9
99
9
64
9
74
9
34
16
28
17
59
9
24
9
34
17
59
9
64
17
29
9
94
9
94
9
94
9
14
9
64
9
64
15
87
9
34
0
10
9
14
18
60
9
14
9
74
15
87
9
34
15
57
9
74
16
58
9
64
9
34
18
30
18
90
9
99
9
67
9
44
17
29
9
74
9
94
17
89
9
94
9
44
17
29
9
44
9
44
9
64
15
27
9
14
9
14
9
34
9
64
9
94
9
94
9
64
9
44
9
14
9
64
9
14
17
89
9
99
9
94
15
27
9
94
9
44
9
64
15
27
9
34
17
29
17
29
9
16
9
94
15
87
14
86
19
61
9
14
9
34
9
34
9
34
9
44
14
56
9
94
16
28
9
99
9
14
9
94
9
34
17
89
14
56
18
30
9
94
16
58
9
99
9
64
9
64
9
64
9
14
17
59
17
59
17
59
9
38
9
74
15
57
18
30
9
94
9
14
19
31
9
64
9
14
16
88
9
14
9
74
16
88
8
15
0
60
14
26
9
44
9
74
9
14
9
34
9
64
9
44
0
40
9
34
9
99
9
99
17
29
9
64
0
70
9
64
9
64
9
99
9
64
9
94
9
99
9
74
9
94
9
34
9
44
9
14
15
57
9
74
9
74
16
88
9
99
17
59
9
99
9
34
15
27
9
14
9
14
9
94
13
25
9
14
9
74
9
99
9
34
13
25
9
34
17
89
9
14
9
14
17
29
9
14
9
99
9
34
17
89
9
44
9
44
9
14
9
74
9
99
9
44
9
74
18
90
19
31
18
60
0
30
17
29
9
74
9
94
9
94
9
44
9
44
14
86
13
55
9
99
9
74
9
99
9
93
9
44
15
87
9
14
18
30
9
64
9
99
9
99
17
29
9
34
13
55
9
74
8
95
9
14
9
94
9
99
9
94
9
34
9
34
9
14
14
56
9
34
14
56
13
55
16
58
9
94
9
44
9
14
9
74
9
34
9
14
9
34
9
34
9
99
9
28
9
34
14
56
9
94
17
59
19
61
15
87
9
34
9
99
9
34
9
34
0
20
2
89
9
44
9
14
9
44
9
44
9
44
18
30
9
64
9
99
16
28
9
74
9
74
16
58
9
64
9
64
9
14
9
44
9
64
16
88
9
74
9
44
17
29
9
74
9
99
9
74
9
16
9
44
9
34
9
74
14
86
9
44
9
32
9
99
0
80
9
44
16
28
9
99
9
44
9
14
16
88
16
58
9
94
9
44
14
56
9
14
14
86
14
56
9
94
9
64
9
34
9
14
9
44
9
44
9
74
9
14
9
14
9
99
9
44
9
44
9
44
9
74
9
64
9
99
9
64
9
74
14
86
9
44
9
74
9
94
19
91
9
34
16
58
19
31
9
44
19
61
9
74
9
11
19
61
9
74
9
14
9
34
9
34
9
94
18
90
8
15
9
34
2
47
17
89
15
27
9
44
15
57
9
44
9
94
15
27
0
50
16
28
0
60
9
64
16
28
9
94
9
34
9
99
9
34
9
64
17
59
19
31
15
27
16
58
9
94
9
34
15
57
9
44
9
14
9
64
9
72
19
31
15
57
9
44
9
34
9
94
9
14
16
58
9
96
9
14
9
34
9
44
9
2
9
44
9
74
15
57
9
94
9
74
9
34
9
64
9
94
14
86
9
14
9
94
9
34
16
28
9
99
9
64
17
29
13
25
9
64
9
64
9
64
9
74
9
74
9
99
9
94
9
44
9
34
16
88
9
94
9
99
9
68
9
63
9
44
9
44
9
99
9
99
9
34
17
89
9
74
3
39
9
64
9
14
9
44
9
41
9
94
9
44
9
64
9
64
9
94
9
44
9
28
9
64
9
94
2
79
9
64
15
27
16
88
9
99
13
55
9
99
9
99
9
14
17
89
9
44
9
44
9
99
9
64
16
58
9
46
9
44
9
14
2
29
0
60
9
64
19
91
9
74
15
27
17
59
9
99
9
94
9
44
9
99
9
94
9
99
9
64
9
94
9
34
19
61
4
49
9
74
17
59
18
30
9
44
9
14
17
89
4
19
9
94
9
44
17
59
15
87
19
31
9
99
9
44
9
27
9
14
9
94
9
86
9
94
15
57
9
74
14
56
16
22
15
57
15
87
9
99
9
64
9
14
9
61
9
94
9
74
9
14
9
34
9
34
9
34
9
64
15
57
9
44
15
27
16
88
9
99
9
94
15
27
15
57
9
34
4
49
9
99
1
95
9
44
17
59
17
89
9
74
18
90
9
94
18
60
9
34
9
99
9
44
9
64
0
50
9
74
9
99
9
94
9
64
9
94
9
94
9
26
0
90
15
57
15
57
9
94
9
64
9
74
9
99
2
49
9
34
9
14
9
44
9
34
9
64
9
94
15
57
9
34
9
94
9
94
18
30
16
28
9
99
9
14
9
44
9
99
9
74
9
74
9
94
9
94
9
64
9
44
9
99
3
29
9
99
9
34
9
94
15
27
1
39
9
74
9
74
9
99
9
94
9
44
9
34
9
74
9
99
4
89
9
34
9
74
14
56
9
64
9
44
9
64
9
94
9
99
9
78
9
99
9
74
9
99
9
44
18
30
9
34
9
94
9
94
9
36
9
44
9
74
9
44
15
87
3
89
18
30
9
94
16
28
16
81
9
14
16
28
9
64
18
90
9
94
2
59
9
44
9
74
9
94
9
94
9
14
17
29
9
64
9
64
9
64
9
74
9
94
9
14
9
71
9
64
9
64
9
94
9
14
15
57
17
59
16
28
9
14
9
14
9
64
19
31
9
64
16
88
15
57
9
94
17
29
9
33
9
64
0
30
15
57
9
94
19
91
17
29
9
64
9
34
18
60
18
30
9
94
0
70
14
86
9
34
17
89
9
64
9
74
16
88
9
44
17
29
17
89
13
55
9
1
9
14
17
59
9
14
9
94
9
64
9
18
14
26
9
99
9
64
9
98
9
99
9
99
9
44
9
67
13
85
9
99
15
57
9
64
9
44
0
0
15
87
9
74
9
94
16
28
9
34
0
40
15
57
9
33
9
44
9
44
9
64
14
86
9
74
9
64
9
14
9
94
16
28
9
74
9
14
9
99
15
57
9
14
13
25
17
29
4
40
14
56
