9
92
9
62
9
74
9
99
12
54
13
85
9
50
9
62
11
23
10
52
9
99
9
74
9
99
9
12
9
99
9
80
9
12
9
74
9
94
9
14
9
40
9
94
9
92
9
99
9
32
9
13
9
32
9
14
9
93
9
31
13
85
9
62
9
70
9
32
9
14
9
73
9
42
9
42
9
34
9
44
9
14
13
55
11
53
12
84
9
34
9
99
11
23
9
33
9
63
9
11
12
84
9
10
9
13
10
22
12
84
9
20
9
92
11
83
9
81
9
80
9
34
9
60
9
42
13
55
9
73
13
55
10
82
0
10
9
61
9
41
9
14
12
24
9
92
12
24
9
12
9
51
9
99
9
31
9
61
9
94
9
99
9
64
9
92
14
56
9
99
9
60
12
24
9
72
9
94
9
60
9
64
9
61
9
64
12
84
0
50
9
91
9
63
9
72
14
26
9
43
12
24
9
14
11
23
9
12
10
52
11
53
9
99
9
71
9
41
14
56
13
25
14
56
9
62
9
32
9
44
9
74
9
31
9
60
10
52
9
1
9
30
9
14
9
43
9
93
9
32
9
91
10
22
9
71
11
83
9
92
9
14
9
34
9
44
11
53
9
63
9
51
9
44
9
40
9
42
11
53
0
60
9
50
9
61
10
82
9
99
9
43
10
22
0
90
9
14
9
74
12
84
10
52
9
81
9
60
10
52
10
52
9
64
11
53
10
82
9
93
9
14
10
82
9
72
12
24
9
51
9
32
9
64
11
83
9
99
9
20
9
92
9
51
9
73
9
92
10
82
9
30
9
40
9
63
12
24
12
84
9
44
9
99
9
10
11
53
9
62
9
44
14
26
9
94
9
44
9
43
10
82
0
30
9
13
9
74
9
14
9
88
9
64
13
25
9
20
10
82
9
31
9
30
9
34
9
92
14
26
9
34
11
53
9
51
0
70
9
99
9
11
9
73
9
42
9
81
9
13
9
63
11
23
9
99
9
99
9
61
9
14
9
74
9
14
9
99
9
10
9
34
11
83
13
55
13
85
9
73
9
99
11
23
9
43
9
99
9
64
9
11
9
43
0
30
11
83
13
85
9
34
9
44
12
54
9
34
14
56
9
32
9
33
9
43
9
94
9
73
12
54
9
12
9
99
9
44
11
23
9
99
9
41
9
41
9
34
9
74
9
64
9
99
9
62
9
14
11
53
14
26
9
33
9
43
9
42
9
99
11
53
13
85
11
23
9
14
9
20
12
54
11
83
13
85
9
64
9
60
9
32
9
99
9
44
9
44
9
74
10
82
9
13
9
50
9
99
9
99
9
99
9
74
9
13
14
86
9
13
0
50
9
34
9
61
9
11
9
42
12
84
11
23
9
40
9
94
9
43
14
26
9
99
9
62
9
72
9
32
11
23
12
54
9
24
9
33
12
54
9
64
12
24
9
92
9
92
9
94
9
11
9
62
9
64
10
82
9
34
0
10
9
12
13
55
9
14
9
74
10
82
9
34
10
52
9
73
11
53
9
64
9
32
13
25
13
85
9
99
9
67
9
44
12
24
9
71
9
94
12
84
9
93
9
43
12
24
9
44
9
42
9
63
10
22
9
11
9
14
9
34
9
64
9
92
9
93
9
64
9
42
9
14
9
64
9
12
12
84
9
99
9
90
10
22
9
94
9
43
9
64
10
22
9
33
12
24
12
24
9
16
9
94
10
82
9
81
14
56
9
12
9
34
9
32
9
34
9
42
9
51
9
94
11
23
9
99
9
12
9
94
9
32
12
84
9
51
13
25
9
94
11
53
9
99
9
62
9
63
9
63
9
14
12
54
12
54
12
54
9
38
9
72
10
52
13
25
9
92
9
12
14
26
9
63
9
14
11
83
9
12
9
72
11
83
8
15
0
60
9
21
9
44
9
73
9
13
9
32
9
60
9
43
0
40
9
34
9
99
9
99
12
24
9
60
0
70
9
61
9
60
9
99
9
64
9
92
9
99
9
70
9
94
9
32
9
42
9
13
10
52
9
70
9
74
11
83
9
99
12
54
9
99
9
31
10
22
9
11
9
12
9
92
9
20
9
14
9
71
9
99
9
33
9
20
9
34
12
84
9
14
9
14
12
24
9
14
9
99
9
32
12
84
9
44
9
41
9
14
9
72
9
99
9
43
9
70
13
85
14
26
13
55
0
30
12
24
9
70
9
91
9
94
9
42
9
43
9
81
9
50
9
99
9
70
9
99
9
93
9
41
10
82
9
14
13
25
9
60
9
99
9
99
12
24
9
34
9
50
9
74
8
95
9
14
9
90
9
99
9
90
9
33
9
33
9
11
9
51
9
32
9
51
9
50
11
53
9
94
9
41
9
13
9
70
9
34
9
13
9
32
9
30
9
99
9
28
9
32
9
51
9
93
12
54
14
56
10
82
9
31
9
99
9
34
9
34
0
20
2
89
9
44
9
14
9
44
9
42
9
44
13
25
9
62
9
99
11
23
9
72
9
73
11
53
9
64
9
62
9
11
9
41
9
62
11
83
9
72
9
44
12
24
9
74
9
99
9
72
9
16
9
43
9
33
9
74
9
81
9
42
9
32
9
99
0
80
9
44
11
23
9
99
9
44
9
12
11
83
11
53
9
92
9
42
9
51
9
14
9
81
9
51
9
94
9
62
9
30
9
14
9
42
9
44
9
70
9
11
9
12
9
99
9
44
9
41
9
42
9
73
9
60
9
99
9
64
9
71
9
81
9
44
9
71
9
92
14
86
9
30
11
53
14
26
9
44
14
56
9
74
9
11
14
56
9
74
9
13
9
33
9
34
9
93
13
85
8
15
9
33
2
47
12
84
10
22
9
42
10
52
9
43
9
92
10
22
0
50
11
23
0
60
9
64
11
23
9
94
9
32
9
99
9
30
9
61
12
54
14
26
10
22
11
53
9
90
9
34
10
52
9
42
9
11
9
64
9
72
14
26
10
52
9
42
9
34
9
94
9
12
11
53
9
96
9
14
9
34
9
44
9
2
9
44
9
72
10
52
9
94
9
71
9
34
9
64
9
91
9
81
9
13
9
94
9
34
11
23
9
99
9
63
12
24
9
20
9
62
9
63
9
63
9
73
9
73
9
99
9
94
9
44
9
33
11
83
9
94
9
99
9
68
9
63
9
42
9
43
9
99
9
99
9
32
12
84
9
71
3
39
9
60
9
12
9
41
9
41
9
91
9
43
9
60
9
63
9
94
9
40
9
28
9
64
9
91
2
79
9
61
10
22
11
83
9
99
9
50
9
99
9
99
9
14
12
84
9
42
9
43
9
99
9
64
11
53
9
46
9
44
9
14
2
29
0
60
9
62
14
86
9
73
10
22
12
54
9
99
9
92
9
44
9
99
9
94
9
99
9
62
9
94
9
34
14
56
4
49
9
73
12
54
13
25
9
43
9
14
12
84
4
19
9
94
9
42
12
54
10
82
14
26
9
99
9
44
9
27
9
10
9
94
9
88
9
94
10
52
9
74
9
51
11
22
10
52
10
82
9
99
9
64
9
14
9
61
9
93
9
70
9
12
9
34
9
32
9
33
9
61
10
52
9
44
10
22
11
83
9
99
9
90
10
22
10
52
9
32
4
49
9
99
1
95
9
42
12
54
12
84
9
70
13
85
9
93
13
55
9
32
9
99
9
44
9
63
0
50
9
72
9
99
9
91
9
64
9
92
9
94
9
26
0
90
10
52
10
52
9
93
9
62
9
73
9
99
2
49
9
32
9
12
9
40
9
34
9
62
9
93
10
52
9
33
9
91
9
92
13
25
11
23
9
99
9
12
9
42
9
99
9
74
9
73
9
93
9
94
9
64
9
41
9
99
3
29
9
99
9
34
9
93
10
22
1
39
9
74
9
73
9
99
9
94
9
43
9
31
9
74
9
99
4
89
9
32
9
71
9
51
9
62
9
42
9
63
9
93
9
99
9
78
9
99
9
74
9
99
9
42
13
25
9
33
9
93
9
93
9
36
9
44
9
72
9
43
10
82
3
89
13
25
9
91
11
23
11
81
9
12
11
23
9
64
13
85
9
92
2
59
9
44
9
71
9
93
9
94
9
14
12
24
9
60
9
64
9
60
9
74
9
91
9
13
9
71
9
64
9
62
9
94
9
10
10
52
12
54
11
23
9
12
9
13
9
62
14
26
9
64
11
83
10
52
9
92
12
24
9
33
9
64
0
30
10
52
9
90
14
86
12
24
9
64
9
33
13
55
13
25
9
93
0
70
9
81
9
30
12
84
9
64
9
74
11
83
9
44
12
24
12
84
9
50
9
1
9
11
12
54
9
14
9
94
9
62
9
18
9
21
9
99
9
63
9
98
9
99
9
99
9
42
9
67
9
80
9
99
10
52
9
62
9
43
0
0
10
82
9
74
9
94
11
23
9
34
0
40
10
52
9
33
9
44
9
44
9
64
9
81
9
74
9
63
9
12
9
91
11
23
9
73
9
14
9
99
10
52
9
14
9
20
12
24
4
40
9
51
