2
87
4
54
4
69
2
93
4
49
5
79
2
42
2
55
4
15
2
49
5
96
5
69
2
94
4
4
6
98
3
72
6
4
6
68
5
88
5
9
5
32
6
89
2
84
6
99
2
24
3
5
2
24
4
6
3
87
4
23
5
79
2
57
4
62
4
24
4
8
4
65
5
34
2
39
5
27
4
39
4
9
5
49
4
45
5
76
5
29
5
99
4
15
3
28
3
58
3
3
4
77
4
2
4
5
2
19
4
77
5
12
2
86
6
75
6
73
5
72
5
27
3
52
2
39
5
48
5
65
6
47
2
79
0
10
2
53
2
33
6
7
4
16
2
88
4
19
3
4
2
43
2
99
2
23
2
53
4
86
4
96
6
56
2
86
6
49
3
98
3
52
6
16
2
69
4
89
5
52
4
59
3
53
5
56
4
79
0
50
6
83
3
58
2
68
6
19
4
35
5
16
6
9
4
15
4
4
3
44
3
45
4
99
5
63
4
33
6
49
5
19
6
49
2
59
5
24
4
39
6
66
6
23
4
52
2
44
5
1
2
22
6
8
3
39
3
88
4
24
6
83
3
14
6
63
3
76
2
89
5
9
4
29
4
39
4
45
3
57
2
43
6
39
4
32
2
39
3
45
0
60
4
42
5
53
2
79
3
95
3
36
2
15
0
90
6
9
6
69
4
79
4
44
5
73
2
52
2
49
2
49
4
59
3
47
2
78
5
85
6
9
2
78
2
68
6
16
4
43
2
28
5
59
3
77
4
99
4
12
2
85
2
43
3
69
2
89
6
74
3
22
3
32
3
56
4
19
4
79
4
39
3
99
4
2
3
49
2
57
5
36
6
18
5
86
4
37
3
35
6
74
0
30
3
7
5
68
4
9
2
88
4
56
5
19
5
12
3
74
5
23
4
22
4
29
2
87
6
19
4
26
4
45
5
43
0
70
2
99
4
3
6
65
2
34
2
73
4
5
6
55
5
15
3
95
4
93
6
53
6
9
6
69
6
9
3
92
5
2
5
27
3
77
5
48
5
79
5
65
4
92
3
17
3
39
6
97
5
58
2
3
3
39
0
30
3
78
5
77
5
26
4
36
4
49
4
28
6
49
2
29
3
28
4
35
4
87
4
65
5
46
2
8
6
94
4
39
5
15
4
94
6
33
2
33
5
29
4
69
4
59
5
95
4
54
6
6
4
45
6
19
3
25
3
39
5
34
2
99
3
46
5
79
3
19
4
7
5
12
4
49
3
79
6
77
6
56
2
52
2
29
4
99
6
36
4
37
5
69
2
79
6
5
3
42
4
93
4
93
5
93
4
66
3
9
6
78
3
7
0
50
6
28
4
53
5
3
2
34
4
78
5
15
2
32
4
88
3
39
6
18
2
99
2
58
2
66
4
24
5
15
4
49
6
24
3
29
4
49
6
59
5
16
2
85
2
89
5
87
3
3
4
54
6
58
4
74
5
29
0
10
2
4
5
47
6
9
5
66
2
77
6
29
4
44
3
68
3
49
5
59
2
27
5
17
5
79
3
93
5
67
4
39
4
17
4
63
4
89
4
78
4
85
3
37
6
16
6
36
6
34
3
58
2
17
6
3
4
6
4
29
4
57
5
84
3
87
6
59
2
39
6
7
6
58
2
8
4
76
2
95
3
82
2
15
4
86
3
37
4
59
2
14
4
25
4
19
6
16
5
21
5
89
2
76
2
73
6
48
2
5
4
29
2
29
5
28
2
34
5
43
4
89
3
17
6
93
2
9
4
89
2
28
4
77
3
43
5
19
4
86
3
47
5
94
2
54
3
59
6
55
6
6
5
46
5
46
4
46
5
38
4
64
2
44
5
19
2
89
3
4
6
18
3
59
4
6
3
79
2
9
2
69
5
75
4
15
0
60
3
13
4
38
3
67
3
9
5
24
5
52
5
35
0
40
4
26
6
96
6
99
4
19
3
52
0
70
4
53
4
52
5
96
6
59
6
84
6
94
5
62
5
88
2
25
2
34
5
5
2
48
2
62
5
67
3
76
3
98
4
47
6
98
2
23
2
18
5
3
2
5
6
84
5
12
5
8
6
63
4
94
3
27
3
12
4
26
4
79
6
9
6
6
4
16
4
9
2
92
2
27
4
76
6
39
6
33
6
8
2
64
5
95
4
35
4
62
5
78
6
18
5
49
0
30
4
17
4
62
2
83
5
89
3
34
3
39
3
73
3
42
6
99
4
62
2
92
2
94
2
35
2
79
4
7
5
19
5
52
3
96
6
95
4
16
6
29
2
42
6
69
3
95
5
9
3
82
3
99
3
82
3
27
3
26
4
3
6
43
2
24
6
43
3
42
3
47
5
89
6
33
4
5
3
62
4
27
6
5
2
26
4
22
2
94
4
28
2
28
5
43
6
85
6
46
6
49
2
78
6
23
5
99
4
27
6
26
0
20
2
86
5
37
4
9
4
39
2
39
6
39
5
17
6
54
4
92
3
19
6
64
5
65
3
49
5
59
2
59
5
3
6
33
2
59
3
79
2
69
4
38
4
16
6
69
3
95
2
69
5
24
6
35
3
29
4
69
3
73
2
37
3
32
6
96
0
80
4
39
3
19
2
93
5
38
2
5
3
76
3
49
2
86
2
37
6
43
5
8
6
73
4
43
5
89
2
58
3
22
5
8
2
39
6
39
2
62
4
3
6
4
2
95
6
39
4
33
3
34
3
66
5
52
5
99
5
59
2
63
4
73
5
36
5
63
2
85
6
79
3
22
3
46
6
19
5
39
6
48
4
69
4
11
6
49
6
68
3
9
3
27
6
27
4
85
6
77
4
15
3
25
2
47
6
76
2
19
4
34
2
48
3
39
2
88
2
18
0
50
3
19
0
60
5
59
4
15
5
86
2
25
3
99
3
22
4
53
5
46
6
19
2
19
5
45
2
82
5
26
2
49
2
39
6
3
5
56
3
72
6
18
4
44
4
34
4
28
6
86
2
9
3
49
5
96
6
9
5
26
6
39
4
2
4
37
2
69
2
49
6
89
4
63
5
29
4
59
3
83
5
73
3
5
5
86
6
29
3
19
6
95
3
59
4
19
2
12
5
54
6
55
3
59
3
65
4
65
6
99
5
89
5
37
3
28
3
75
6
89
2
92
6
68
6
63
2
39
5
35
3
97
2
95
2
29
4
79
5
63
3
39
5
52
5
4
2
33
5
41
6
83
5
35
4
52
3
59
5
89
4
32
5
28
5
59
3
83
2
78
2
53
3
14
3
77
6
97
4
42
3
92
4
99
6
9
6
76
2
35
3
39
5
94
4
57
6
45
6
51
4
37
6
9
2
23
0
60
2
59
6
79
3
69
2
15
5
46
4
94
2
85
4
39
4
99
5
89
3
99
2
58
6
88
6
29
6
49
4
45
5
65
4
49
5
19
6
35
5
9
4
78
4
17
4
89
2
35
4
49
2
79
6
19
2
99
6
39
2
27
3
2
4
86
3
96
5
89
2
44
6
69
5
43
3
23
2
45
3
74
4
96
4
59
6
8
6
61
4
85
5
62
2
6
6
29
2
28
3
28
4
53
2
49
4
37
2
14
3
77
4
99
2
82
6
14
6
44
2
28
4
43
5
93
1
95
5
34
5
46
4
77
5
62
5
79
3
89
5
49
3
24
5
97
4
36
6
55
0
50
2
66
6
96
4
83
3
64
3
84
6
89
2
26
0
90
2
45
2
47
3
87
2
59
3
69
2
99
2
42
5
24
3
4
2
32
6
29
2
59
3
88
2
46
6
25
4
83
2
88
5
19
4
15
6
93
2
7
2
37
3
99
5
67
3
68
3
89
5
89
6
56
5
33
2
97
3
26
6
95
4
29
3
89
2
14
1
37
6
67
6
65
2
93
4
87
3
35
4
23
5
66
4
95
4
87
2
26
5
63
3
43
2
59
2
38
5
55
3
87
2
97
6
78
6
96
5
68
2
99
2
36
5
19
3
29
4
85
3
86
6
41
4
37
4
64
3
39
3
74
3
89
5
19
6
83
4
15
3
81
5
4
3
19
5
57
5
77
6
84
2
59
5
38
2
63
3
89
6
87
5
8
4
18
5
52
4
57
3
52
5
69
6
83
3
8
4
71
4
58
2
56
6
89
3
2
2
45
4
47
3
19
4
4
3
8
2
59
6
19
4
56
3
78
2
47
2
89
4
18
4
34
6
57
0
30
2
47
5
82
6
79
4
19
5
59
6
25
5
49
5
18
3
89
0
70
2
73
5
22
4
79
4
59
6
67
3
77
4
38
5
16
5
76
5
42
2
1
2
3
4
47
6
9
6
88
6
54
5
18
4
13
6
94
3
58
6
98
5
94
3
92
2
39
2
67
3
72
3
99
3
44
2
59
4
35
0
0
2
75
5
69
4
86
6
15
4
26
0
40
2
45
4
33
5
37
5
36
4
59
5
73
4
69
3
58
2
4
6
83
3
15
3
69
6
9
4
99
2
46
6
9
5
12
4
16
4
40
2
43
