7
89
9
59
9
71
7
98
9
51
10
82
7
47
7
59
9
20
7
49
9
99
9
72
7
99
9
9
9
99
8
77
9
9
9
73
9
92
9
12
9
37
9
93
7
89
9
99
7
29
8
10
7
29
9
11
8
90
9
28
10
82
7
59
9
67
9
29
9
11
9
70
9
39
7
39
9
32
9
41
9
11
10
52
9
50
9
81
9
32
9
99
9
20
8
30
8
60
8
8
9
81
9
7
9
10
7
19
9
81
9
17
7
89
9
80
9
78
9
77
9
32
8
57
7
39
10
52
9
70
10
52
7
79
0
10
7
58
7
38
9
12
9
21
7
89
9
21
8
9
7
48
7
99
7
28
7
58
9
91
9
99
9
61
7
89
11
53
8
99
8
57
9
21
7
69
9
91
9
57
9
61
8
58
9
61
9
81
0
50
9
88
8
60
7
69
11
23
9
40
9
21
9
13
9
20
9
9
8
49
8
50
9
99
9
68
9
38
11
53
10
22
11
53
7
59
9
29
9
41
9
71
9
28
9
57
7
49
9
1
7
27
9
13
8
40
8
90
9
29
9
88
8
19
9
68
8
80
7
89
9
12
9
31
9
41
9
50
8
60
7
48
9
43
9
37
7
39
8
50
0
60
9
47
9
58
7
79
8
99
8
40
7
19
0
90
9
13
9
73
9
81
9
49
9
78
7
57
7
49
7
49
9
61
8
50
7
79
9
90
9
13
7
79
7
69
9
21
9
48
7
29
9
62
8
80
9
99
9
17
7
89
7
48
8
70
7
89
9
79
8
27
8
37
8
60
9
21
9
81
9
41
8
99
9
7
8
50
7
59
9
41
11
23
9
91
9
41
8
40
9
79
0
30
8
10
9
72
9
11
7
88
9
61
10
22
9
17
8
79
9
28
9
27
9
31
7
89
11
23
9
31
9
50
9
48
0
70
7
99
9
8
9
70
7
39
7
78
9
10
9
60
9
20
8
99
9
98
9
58
9
13
9
73
9
13
8
97
9
7
9
32
8
80
10
52
10
82
9
70
9
97
8
20
8
40
9
99
9
62
7
8
8
40
0
30
8
80
10
82
9
31
9
41
9
51
9
31
11
53
7
29
8
30
9
40
9
91
9
70
9
51
7
9
9
99
9
41
9
20
9
99
9
38
7
38
9
32
9
71
9
61
9
99
9
59
9
11
9
50
11
23
8
30
8
40
9
39
7
99
8
50
10
82
8
20
9
11
9
17
9
51
8
80
10
82
9
61
7
57
7
29
9
99
9
41
9
41
9
72
7
79
9
10
8
47
9
98
9
98
9
98
9
71
8
10
11
83
8
10
0
50
9
33
9
58
9
8
7
39
9
81
9
20
7
37
9
91
8
40
11
23
7
99
7
59
7
69
9
29
9
20
9
51
9
24
8
30
9
51
9
63
9
21
7
89
7
89
9
92
8
8
9
59
9
63
9
79
9
32
0
10
7
9
10
52
9
13
9
71
7
79
9
33
9
49
8
70
8
50
9
62
7
29
10
22
10
82
8
98
9
67
9
41
9
21
9
68
9
91
9
81
9
90
8
40
9
21
9
41
9
39
8
60
7
19
9
8
9
11
9
31
9
61
9
89
8
90
9
63
7
39
9
12
9
63
7
9
9
81
7
99
8
87
7
19
9
91
8
40
9
61
7
19
9
30
9
21
9
21
9
18
9
92
7
79
7
78
11
53
7
9
9
31
7
29
9
32
7
39
9
48
9
91
8
20
9
98
7
9
9
91
7
29
9
81
8
48
10
22
9
91
8
50
9
99
7
59
8
60
9
60
9
11
9
51
9
51
9
51
9
38
9
69
7
49
10
22
7
89
8
9
11
23
8
60
9
11
8
80
7
9
7
69
9
80
8
15
0
60
8
18
9
41
8
70
8
10
9
29
9
57
9
40
0
40
9
31
9
99
9
99
9
21
8
57
0
70
9
58
9
57
9
99
9
63
9
89
9
99
9
67
9
92
7
29
7
39
9
10
7
49
7
67
9
72
8
80
8
99
9
51
9
99
7
28
7
19
9
8
7
9
9
89
9
17
9
12
9
68
9
99
8
30
8
17
9
31
9
81
9
13
9
11
9
21
9
11
7
97
7
29
9
81
9
43
9
38
9
13
7
69
9
99
9
40
9
67
10
82
11
23
10
52
0
30
9
21
9
67
7
88
9
92
8
39
8
40
8
78
8
47
9
99
9
67
7
97
7
94
7
39
7
79
9
11
10
22
9
57
8
99
9
99
9
21
9
33
7
47
9
73
8
95
9
12
8
87
8
99
8
87
8
30
8
30
9
8
9
48
7
29
9
48
8
47
8
50
9
92
9
38
9
10
8
67
9
31
9
10
7
29
9
27
7
99
9
28
7
29
9
48
9
90
9
51
11
53
7
79
9
28
9
99
9
31
9
31
0
20
2
89
9
42
9
11
9
41
7
39
9
43
10
22
9
59
9
97
8
20
9
69
9
70
8
50
9
62
7
59
9
8
9
38
7
59
8
80
7
69
9
41
9
21
9
73
8
99
7
69
9
19
9
40
8
30
9
71
8
78
7
39
8
32
9
99
0
80
9
41
8
20
7
98
9
42
7
9
8
80
8
50
7
89
7
39
9
48
9
12
9
78
9
48
9
92
7
59
8
27
9
12
7
39
9
43
7
67
9
8
9
9
7
99
9
43
9
38
8
39
8
70
9
57
9
99
9
62
7
68
9
78
9
41
9
68
7
89
11
83
8
27
8
50
11
23
9
42
11
53
9
71
9
11
11
53
9
73
8
10
8
30
9
32
9
90
10
82
8
15
8
30
2
47
9
81
7
19
9
39
7
49
8
40
7
89
7
19
0
50
8
20
0
60
9
62
9
20
9
91
7
29
8
99
8
27
9
58
9
51
11
23
7
19
9
50
7
87
9
31
7
49
7
39
9
8
9
61
8
72
11
23
9
49
9
39
9
31
9
91
7
9
8
50
9
96
9
13
9
31
9
43
9
2
9
41
7
69
7
49
9
93
9
68
9
32
9
61
8
88
9
78
8
10
9
91
9
33
8
20
9
99
8
60
9
21
7
17
9
59
9
60
8
60
8
70
9
70
9
99
9
92
9
42
8
30
8
80
9
93
7
97
9
68
9
63
7
39
9
40
8
99
7
99
7
29
9
81
9
68
3
39
9
57
9
9
7
38
9
41
9
88
9
40
9
57
8
60
9
92
9
37
9
28
9
62
8
88
2
79
7
58
8
19
8
80
9
99
9
47
8
97
9
99
9
13
9
81
7
39
8
40
9
99
9
61
9
50
9
47
9
41
9
13
2
28
0
60
7
59
11
83
8
70
7
19
9
51
9
99
7
89
9
41
9
99
9
92
8
99
7
59
9
93
9
33
11
53
4
49
9
70
9
51
10
22
9
40
9
12
9
81
4
19
9
91
7
39
9
51
7
79
11
23
7
99
9
43
7
27
8
7
9
91
8
91
9
92
7
49
9
73
9
48
8
23
7
49
8
79
9
99
9
61
9
13
9
61
9
90
9
67
7
9
9
33
7
29
8
30
9
58
7
49
9
41
7
19
8
80
9
99
7
87
9
19
9
49
7
29
4
48
9
98
1
95
9
39
9
51
9
81
9
67
10
82
8
90
10
52
8
29
9
99
9
41
9
60
0
50
7
69
9
99
9
88
8
64
8
89
9
93
7
26
0
90
7
49
7
49
8
90
7
59
8
70
7
99
2
47
9
29
8
9
7
37
9
33
7
59
8
90
7
49
9
30
9
88
7
89
10
22
9
20
9
98
7
9
7
39
8
99
9
72
8
70
8
90
9
92
9
61
9
38
7
99
3
29
9
99
9
31
8
90
7
19
1
39
9
72
9
70
7
98
9
91
8
40
9
28
9
71
9
99
4
89
7
29
9
68
8
48
7
59
7
39
9
60
8
90
7
99
9
78
9
99
9
72
7
99
7
39
10
22
8
30
9
90
8
90
9
37
9
41
9
69
8
40
8
79
3
89
10
22
9
88
9
20
8
81
9
9
8
20
9
62
10
82
9
89
2
59
9
42
7
68
8
90
9
92
9
12
9
21
9
57
9
61
8
57
9
72
9
88
8
10
9
71
9
61
7
59
9
93
8
7
7
49
9
51
8
20
9
9
8
10
7
59
11
23
9
61
8
80
7
49
7
89
9
21
9
33
9
62
0
30
7
49
9
87
11
83
9
21
9
62
9
30
10
52
10
22
8
90
0
70
7
78
9
27
9
81
9
61
9
72
8
80
9
41
9
21
9
81
9
47
7
1
7
8
9
51
9
13
9
93
9
59
9
18
9
18
9
99
8
60
9
98
9
99
8
97
7
39
7
67
8
77
8
99
8
49
7
59
9
40
0
0
7
79
9
72
9
91
9
20
9
31
0
40
7
49
9
33
9
42
9
41
9
61
9
78
9
71
8
60
7
9
9
88
8
20
8
70
9
13
9
99
7
49
9
13
9
17
9
21
4
40
7
48
