1
86
4
98
1
45
6
11
5
6
1
12
0
27
1
54
0
27
4
48
4
71
7
19
1
49
0
96
8
13
1
55
5
57
1
12
1
21
5
97
5
68
2
52
2
40
1
71
7
1
4
91
4
12
3
29
1
15
1
11
1
84
3
21
1
26
1
47
7
82
5
85
1
41
0
44
5
85
1
36
3
64
3
32
9
68
1
88
4
96
3
96
1
4
6
69
9
26
0
44
3
76
8
40
1
43
0
82
1
54
9
23
1
59
1
69
4
11
3
39
0
83
0
89
1
69
3
32
4
4
6
39
8
70
1
64
1
61
2
46
8
30
9
91
1
28
0
74
3
93
0
68
1
38
4
42
1
51
1
58
6
81
1
51
0
89
1
31
3
35
0
28
7
21
5
61
4
21
1
72
1
65
1
72
4
56
3
19
2
5
1
91
1
25
2
63
2
19
1
35
1
69
9
39
1
16
4
81
7
54
0
93
0
74
3
3
0
88
6
21
2
35
3
19
6
21
2
10
1
90
3
19
6
24
2
70
1
11
1
6
2
77
1
81
6
51
1
77
1
83
2
66
8
35
1
69
8
20
0
17
1
79
5
11
0
89
1
59
8
50
1
91
0
89
1
19
8
98
3
72
1
36
0
50
1
7
1
37
4
44
4
32
5
55
3
39
0
27
1
1
4
34
0
55
1
68
5
19
4
21
0
72
4
23
2
41
4
28
6
67
3
49
0
66
1
74
1
97
0
53
1
1
0
58
9
89
1
1
4
29
9
8
1
27
0
9
1
51
1
34
3
46
6
31
1
42
1
11
2
31
1
24
8
75
1
51
2
48
1
44
2
75
1
41
3
62
1
51
7
25
1
54
1
81
5
99
5
17
1
99
2
26
3
9
3
41
0
82
4
29
2
89
1
9
3
41
0
5
4
45
4
81
1
17
1
4
1
68
1
41
8
36
4
99
9
38
3
97
6
54
5
49
0
25
1
68
1
24
3
64
3
14
2
15
2
48
0
80
8
5
1
47
4
69
1
47
5
14
1
19
6
61
4
73
1
81
1
70
2
21
2
31
1
55
4
49
1
13
1
10
1
18
4
0
8
90
1
51
0
42
1
89
3
12
1
49
0
59
3
51
2
49
1
95
0
59
4
31
0
87
4
99
2
50
1
92
4
51
1
59
3
3
5
75
1
49
2
83
3
16
3
89
1
13
4
54
8
40
1
63
7
46
4
16
1
59
2
39
1
31
8
35
1
29
2
23
3
65
1
82
4
25
9
23
1
71
0
58
3
91
3
68
6
57
0
4
1
98
1
63
9
88
4
11
1
79
8
1
2
21
5
28
6
55
2
79
3
1
0
25
2
33
9
78
2
38
2
20
0
18
1
50
7
55
5
48
1
69
0
79
1
39
1
11
4
65
3
0
0
89
9
69
2
45
0
22
7
34
5
95
0
6
1
15
1
42
1
9
2
65
5
56
0
67
8
19
5
71
7
14
1
31
0
69
5
77
2
2
1
19
2
1
1
62
0
58
3
63
1
7
3
44
0
70
2
98
1
97
0
47
5
51
0
82
0
87
5
23
1
91
7
31
2
63
0
79
2
4
3
17
1
11
9
78
1
49
1
25
8
86
0
8
8
13
7
91
0
87
2
11
2
7
3
61
4
56
2
9
8
10
3
39
8
24
0
88
1
42
4
48
1
15
3
31
7
1
3
52
5
96
4
32
4
29
2
39
4
66
8
16
1
83
0
43
2
89
1
80
5
22
7
37
1
98
2
69
3
19
4
39
1
69
1
63
1
91
7
71
4
96
3
8
1
97
4
37
9
89
9
49
8
34
1
56
3
93
1
58
1
21
1
57
2
29
1
61
0
2
7
69
0
87
3
61
6
21
6
12
1
6
7
49
1
20
5
29
1
45
1
35
2
8
5
48
0
55
1
77
1
61
1
65
6
91
4
43
2
41
4
33
1
49
4
33
5
68
4
28
1
8
2
71
7
7
9
13
4
18
2
88
1
13
1
93
0
58
4
90
8
46
6
85
1
21
6
76
8
45
0
42
1
39
7
68
6
79
0
16
1
81
1
0
1
41
0
37
1
49
3
51
5
53
1
68
4
29
9
89
0
48
5
83
1
85
1
33
5
69
5
27
1
14
8
85
1
3
1
14
0
86
6
41
4
71
8
82
1
35
3
41
0
89
0
23
6
98
0
61
2
71
1
5
1
8
3
38
1
55
3
71
3
38
1
45
6
41
5
82
0
33
1
86
7
9
9
58
7
31
9
13
7
68
6
33
3
33
1
44
0
28
8
46
1
68
0
10
1
73
4
58
1
13
3
96
6
99
2
41
0
79
4
24
1
12
9
18
1
7
1
78
1
98
2
64
1
38
7
91
7
61
9
59
5
65
4
94
4
27
8
76
1
45
0
58
1
91
6
12
1
65
1
82
7
91
8
96
1
1
1
31
3
74
2
85
8
76
8
87
0
24
1
73
3
1
1
9
4
48
1
25
5
31
4
20
1
31
2
13
0
58
2
76
6
85
8
26
8
41
2
55
0
1
1
18
1
91
0
65
4
67
6
49
8
80
7
39
1
12
4
92
1
77
2
29
3
61
7
66
1
81
3
61
2
42
0
92
0
26
8
8
5
9
1
43
3
9
2
14
7
1
3
15
8
15
1
32
1
97
4
86
1
96
9
50
2
29
6
1
3
71
4
22
1
3
1
48
5
11
0
87
3
36
1
4
3
82
1
71
6
6
5
89
9
51
0
24
6
48
1
39
9
11
7
79
1
19
9
3
6
6
2
16
1
47
2
69
1
55
0
9
3
65
2
65
4
85
7
65
1
49
8
70
1
84
3
79
1
7
1
1
7
51
4
61
1
75
6
41
8
10
6
4
2
74
0
25
5
55
1
71
8
77
4
62
3
61
1
18
4
44
9
36
7
75
0
88
1
19
6
51
4
82
2
4
8
40
0
59
1
35
3
98
3
65
1
15
1
21
6
6
3
51
3
59
4
39
8
10
7
77
4
71
1
49
0
44
7
56
3
72
6
15
3
86
1
23
0
58
1
52
4
94
3
21
3
13
4
81
2
16
1
54
1
50
1
34
1
17
0
87
1
23
1
51
4
35
1
39
2
3
4
16
6
99
7
42
2
61
3
83
8
74
4
91
0
66
1
96
3
34
2
61
3
40
9
50
1
59
6
73
2
33
0
31
1
91
9
41
8
51
1
66
1
73
7
79
1
15
1
34
0
88
4
41
1
75
4
41
2
61
5
48
3
29
1
81
2
39
0
28
8
88
1
82
0
99
1
44
2
16
5
24
3
11
8
26
3
22
1
82
2
78
5
11
0
76
4
57
2
62
8
6
8
44
6
25
4
28
9
46
1
14
1
78
1
84
4
63
1
39
1
96
0
41
2
91
9
57
0
6
3
13
2
43
7
91
4
80
2
56
7
85
0
87
1
49
3
94
4
0
1
12
1
32
1
49
3
14
9
87
6
29
1
12
8
72
1
44
1
46
1
97
4
51
0
52
1
79
7
25
1
85
1
85
4
42
2
71
1
91
1
33
1
94
8
48
4
1
1
31
1
61
6
86
2
1
1
31
1
46
4
28
4
29
8
14
3
98
0
88
9
49
1
98
3
78
8
43
1
18
0
97
0
73
1
71
3
29
1
91
1
26
1
3
9
48
5
8
2
53
4
94
1
82
1
94
1
51
2
47
7
28
4
72
4
55
5
79
2
1
1
71
1
72
6
79
1
93
0
95
1
72
1
61
1
2
8
81
4
8
1
5
1
0
0
77
1
73
9
27
1
99
2
58
9
98
0
17
1
99
1
48
4
96
0
10
0
41
1
8
6
53
8
13
3
81
0
57
5
82
1
28
4
36
0
64
5
81
1
19
0
57
2
0
1
92
3
18
0
88
0
29
2
3
4
19
0
19
0
70
1
1
1
45
8
34
0
61
0
22
1
91
3
4
4
13
1
8
8
61
9
63
0
62
8
10
5
8
1
13
5
49
9
29
1
56
1
13
6
75
2
30
1
34
0
60
0
94
4
56
1
89
8
50
1
86
1
23
1
55
5
49
0
59
0
98
4
5
4
29
0
29
2
19
0
89
1
83
1
41
3
91
7
7
1
26
4
39
7
25
1
89
2
80
1
45
1
98
7
28
3
98
4
99
1
27
1
41
4
88
0
64
8
46
4
92
0
4
1
31
1
11
1
99
2
39
9
73
8
89
3
54
5
84
1
2
4
81
1
71
1
78
3
48
1
52
0
30
3
74
0
71
0
62
1
41
6
9
4
77
3
32
1
87
0
19
1
32
1
98
3
46
1
19
4
66
0
59
4
70
2
91
6
55
3
58
4
9
5
81
6
99
1
31
0
40
0
29
1
86
1
66
8
67
7
91
5
57
5
83
2
29
1
49
3
25
8
54
1
63
4
71
1
11
1
94
5
51
1
81
1
51
1
46
8
42
6
19
4
13
2
29
7
19
0
61
0
59
9
46
