1
85
4
97
1
45
5
11
4
6
1
13
0
27
1
54
0
27
4
48
4
71
6
19
1
49
0
96
7
13
1
55
4
56
1
12
1
21
4
97
4
68
2
52
2
40
1
71
6
1
4
92
4
13
3
29
1
16
1
11
1
84
3
22
1
25
1
47
6
82
4
84
1
41
0
44
4
85
1
36
3
64
3
33
8
68
1
87
4
95
3
95
1
5
5
68
8
26
0
44
3
76
7
41
1
44
0
82
1
55
8
24
1
58
1
69
4
11
3
39
0
83
0
89
1
68
3
32
4
5
5
39
7
71
1
64
1
62
2
45
7
29
8
92
1
27
0
74
3
93
0
68
1
37
4
42
1
51
1
57
5
81
1
51
0
89
1
31
3
35
0
28
6
21
4
61
4
21
1
72
1
64
1
72
4
56
3
19
2
5
1
91
1
25
2
63
2
18
1
35
1
69
8
40
1
16
4
81
6
54
0
93
0
74
3
3
0
87
5
21
2
35
3
19
5
21
2
10
1
90
3
19
5
24
2
70
1
11
1
6
2
77
1
81
5
51
1
77
1
83
2
66
7
36
1
69
7
21
0
17
1
78
4
11
0
89
1
59
7
51
1
91
0
89
1
19
7
98
3
73
1
35
0
50
1
6
1
37
4
45
4
32
4
54
3
39
0
27
1
1
4
34
0
55
1
67
4
19
4
21
0
72
4
23
2
41
4
27
5
67
3
49
0
66
1
74
1
97
0
53
1
1
0
58
8
89
1
2
4
29
8
8
1
27
0
9
1
51
1
34
3
46
5
31
1
42
1
11
2
31
1
25
7
74
1
51
2
48
1
44
2
76
1
41
3
62
1
51
6
24
1
54
1
81
4
99
4
17
1
99
2
26
3
9
3
41
0
82
4
29
2
88
1
9
3
42
0
5
4
45
4
81
1
16
1
4
1
67
1
41
8
35
4
99
8
38
3
96
5
54
4
49
0
25
1
68
1
24
3
65
3
15
2
15
2
47
0
80
8
5
1
47
4
69
1
47
4
14
1
19
5
61
4
73
1
81
1
70
2
22
2
31
1
55
4
49
1
13
1
10
1
18
4
0
7
91
1
51
0
42
1
89
3
12
1
48
0
59
3
51
2
49
1
94
0
59
4
31
0
87
4
98
2
50
1
92
4
51
1
59
3
3
4
74
1
48
2
84
3
15
3
89
1
13
4
54
7
41
1
63
6
45
4
16
1
59
2
39
1
31
7
34
1
28
2
23
3
64
1
82
4
25
8
24
1
71
0
58
3
91
3
68
5
57
0
4
1
97
1
63
8
88
4
11
1
79
7
1
2
21
4
28
5
56
2
79
3
1
0
25
2
33
8
78
2
38
2
20
0
18
1
50
6
56
4
47
1
69
0
79
1
38
1
11
4
64
3
0
0
89
8
68
2
46
0
22
6
34
4
95
0
6
1
15
1
43
1
8
2
65
4
56
0
67
7
18
4
71
6
14
1
31
0
69
4
77
2
2
1
19
2
1
1
62
0
58
3
64
1
7
3
44
0
70
2
98
1
97
0
47
4
51
0
82
0
87
4
24
1
91
6
31
2
64
0
79
2
5
3
16
1
11
8
78
1
49
1
25
8
85
0
8
7
13
6
91
1
86
2
11
2
6
3
61
4
56
2
8
7
9
3
38
7
24
0
88
1
42
4
48
1
15
3
31
6
1
3
52
4
96
4
32
4
29
2
39
4
66
7
16
1
83
0
43
2
89
1
80
4
23
6
36
1
98
2
69
3
19
4
39
1
69
1
64
1
91
6
71
4
96
3
8
1
96
4
37
8
90
8
50
7
34
1
56
3
93
1
57
1
22
1
57
2
29
1
61
0
2
6
69
0
87
3
61
5
21
5
13
1
6
6
49
1
20
4
29
1
45
1
34
2
8
4
48
0
55
1
77
1
61
1
66
5
91
4
43
2
41
4
33
1
49
4
34
4
68
4
28
1
8
2
71
6
7
8
13
4
18
2
88
1
13
1
93
0
58
4
90
8
45
5
84
1
22
5
76
8
45
0
42
1
38
6
68
5
79
0
16
1
81
1
0
1
41
0
37
1
49
3
51
4
53
1
68
4
29
8
90
0
48
4
83
1
85
1
33
4
69
4
26
1
14
7
86
1
3
1
14
0
86
5
41
4
71
7
83
1
36
3
41
0
89
0
23
5
98
0
61
2
71
1
6
1
8
3
38
1
55
3
71
3
38
1
44
5
41
4
83
0
33
1
86
6
9
8
58
6
31
8
14
6
67
5
34
3
33
1
44
0
28
7
46
1
68
0
10
1
73
4
58
1
13
3
95
5
99
2
42
0
79
4
25
1
13
8
17
1
7
1
77
1
98
2
65
1
38
6
91
6
61
8
60
4
64
4
95
4
27
7
76
1
44
0
58
1
91
5
13
1
65
1
82
6
91
7
96
1
2
1
31
3
74
2
84
8
75
7
87
0
24
1
73
3
2
1
9
4
48
1
24
4
31
4
20
1
31
2
13
0
58
2
75
5
86
7
26
7
41
2
56
0
1
1
18
1
92
0
65
4
67
5
48
7
81
6
39
1
12
4
92
1
76
2
29
3
61
6
65
1
81
3
61
2
43
0
92
0
26
7
7
4
9
1
44
3
9
2
14
6
1
3
15
8
15
1
33
1
96
4
86
1
96
8
49
2
29
5
1
3
71
4
23
1
3
1
48
4
11
0
87
3
36
1
4
3
82
1
71
5
6
4
89
8
50
0
24
5
48
1
39
8
10
6
79
1
19
8
3
5
6
2
16
1
47
2
69
1
55
0
9
3
65
2
65
4
86
6
65
1
49
7
71
1
84
3
79
1
7
1
2
6
51
4
62
1
75
5
41
7
9
5
5
2
74
0
25
4
55
1
71
7
76
4
62
3
61
1
17
4
44
8
36
6
76
0
87
1
18
5
51
4
82
2
4
7
39
0
59
1
35
3
98
3
65
1
16
1
21
5
6
3
51
3
59
4
39
7
11
6
77
4
71
1
49
0
44
6
56
3
72
5
15
3
85
1
23
0
58
1
52
4
95
3
21
3
13
4
81
2
16
1
54
1
50
1
34
1
17
0
87
1
23
1
51
4
34
1
39
2
3
4
15
5
99
6
42
2
62
3
83
7
74
4
91
0
66
1
96
3
34
2
61
3
40
8
51
1
58
5
73
2
33
0
31
1
91
8
40
7
52
1
66
1
74
6
79
1
16
1
35
0
87
4
41
1
76
4
42
2
61
4
48
3
29
1
81
2
39
0
28
7
88
1
82
0
99
1
44
2
16
4
25
3
11
8
25
3
22
1
82
2
78
4
11
0
76
4
56
2
62
7
6
8
45
5
25
4
28
8
46
1
14
1
77
1
85
4
64
1
39
1
96
0
41
2
91
8
57
0
6
3
14
2
43
6
91
4
80
2
56
6
84
1
86
1
49
3
94
4
0
1
13
1
32
1
49
3
14
8
87
5
28
1
12
7
72
1
45
1
46
1
97
4
51
0
52
1
78
6
25
1
84
1
85
4
42
2
72
1
91
1
33
1
94
7
47
4
1
1
31
1
61
5
86
2
1
1
31
1
46
4
28
4
28
7
14
3
97
0
88
8
49
1
97
3
78
7
44
1
17
0
97
0
73
1
71
3
29
1
91
1
25
1
3
8
48
4
7
2
54
4
95
1
82
1
94
1
51
2
47
6
28
4
73
4
55
4
79
2
1
1
71
1
73
5
79
1
93
0
95
1
72
1
61
1
2
7
81
4
8
1
5
1
0
0
77
1
73
8
27
1
99
2
58
8
98
0
17
1
99
1
47
4
96
0
10
0
41
1
8
5
54
7
13
3
81
0
57
4
82
1
28
4
35
0
64
4
81
1
18
0
57
2
0
1
93
3
18
0
88
0
29
2
3
4
19
0
19
0
70
1
1
1
44
8
35
0
61
0
22
1
91
3
4
4
13
1
8
7
61
8
63
0
62
7
11
4
7
1
14
4
49
8
30
1
56
1
14
5
76
2
30
1
34
0
60
0
94
4
56
1
89
7
49
1
86
1
24
1
54
4
49
0
59
0
98
4
5
4
29
0
29
2
19
0
89
1
83
1
41
3
91
7
7
1
26
4
39
6
26
1
89
2
80
1
44
1
98
6
28
3
97
4
99
1
26
1
41
4
88
0
64
7
45
4
92
0
4
1
31
1
11
1
99
2
39
8
73
7
89
3
55
4
84
1
2
4
81
1
71
1
78
3
47
1
53
0
30
3
74
0
71
0
62
1
41
5
9
4
77
3
32
1
86
0
19
1
32
1
98
3
45
1
19
4
66
0
59
4
70
2
92
5
56
3
57
4
9
4
81
5
99
1
31
0
40
0
29
1
85
1
65
7
67
6
92
4
56
4
83
2
29
1
49
3
24
7
55
1
63
4
71
1
11
1
95
4
51
1
81
1
51
1
46
7
42
5
19
4
14
2
29
6
19
0
61
0
59
8
46
