1
87
4
99
1
45
7
11
6
6
1
11
0
27
1
54
0
27
4
48
4
71
8
20
1
49
0
96
9
13
1
55
6
58
1
12
1
21
6
97
6
68
2
52
2
40
1
71
8
0
4
91
4
11
3
29
1
14
1
11
1
84
3
21
0
27
1
47
8
82
6
86
1
41
0
44
6
85
1
36
3
64
3
31
9
68
1
89
4
97
3
97
1
3
7
69
9
26
0
44
3
76
9
39
1
42
0
82
1
53
10
22
1
59
1
69
4
11
3
39
0
83
0
89
1
69
3
32
4
3
7
39
9
69
1
64
1
61
2
47
9
31
9
90
1
29
0
74
3
93
0
68
1
39
4
42
1
51
1
59
7
81
1
51
0
89
1
31
3
35
0
28
8
20
6
61
4
21
1
72
1
66
1
72
4
56
3
19
2
5
1
91
1
25
2
63
2
19
2
35
1
69
9
38
1
16
4
81
8
54
0
93
0
74
3
3
0
89
7
21
2
35
3
19
7
21
2
10
1
90
3
19
7
24
2
70
1
11
1
6
2
77
1
81
7
51
1
77
1
83
2
66
8
34
1
69
9
19
0
17
1
79
6
11
0
89
1
59
9
49
1
91
0
89
1
19
9
98
3
71
1
37
0
50
1
8
1
37
4
43
4
32
6
56
3
39
0
27
1
1
4
34
0
55
1
69
6
19
4
21
0
72
4
23
2
41
4
29
7
67
3
49
0
66
1
74
1
97
0
53
1
1
0
58
9
89
1
1
4
29
9
8
1
27
0
9
1
51
1
34
3
46
7
31
1
42
1
11
2
31
1
23
8
76
1
51
2
48
1
44
2
74
1
41
3
62
1
51
8
26
1
54
1
81
6
99
6
17
1
99
2
26
3
9
3
41
0
82
4
29
2
89
1
9
3
41
0
5
4
45
4
81
1
18
1
4
1
69
1
41
9
37
4
99
9
38
3
98
7
54
6
49
0
25
1
68
1
24
3
63
3
13
2
15
2
49
0
80
8
5
1
47
4
69
1
47
6
14
1
19
7
61
4
73
1
81
1
70
2
21
2
31
1
55
4
49
1
13
1
10
1
18
4
0
9
89
1
51
0
42
1
89
3
12
1
49
0
59
3
51
2
49
1
96
0
59
4
31
0
87
4
99
2
50
1
92
4
51
1
59
3
3
6
76
1
49
2
82
3
17
3
89
1
13
4
54
9
39
1
63
8
47
4
16
1
59
2
39
1
31
8
36
1
29
2
23
3
66
1
82
4
25
10
22
1
71
0
58
3
91
3
68
7
57
0
4
1
99
1
63
9
88
4
11
1
79
9
1
2
21
6
28
7
54
2
79
3
1
0
25
2
33
9
78
2
38
2
20
0
18
1
50
8
54
6
49
1
69
0
79
1
39
1
11
4
66
3
0
0
89
9
70
2
44
0
22
8
34
6
95
0
6
1
15
1
41
1
9
2
65
6
56
0
67
9
20
6
71
8
14
1
31
0
69
6
77
2
2
1
19
2
1
1
62
0
58
3
62
1
7
3
44
0
70
2
98
1
97
0
47
6
51
0
82
0
87
6
22
1
91
8
31
2
62
0
79
2
3
3
18
1
11
9
78
1
49
1
25
9
87
0
8
9
13
8
90
0
88
2
11
2
8
3
61
4
56
2
9
9
11
3
39
9
24
0
88
1
42
4
48
1
15
3
31
8
1
3
52
6
96
4
32
4
29
2
39
4
66
9
16
1
83
0
43
2
89
1
80
6
21
8
38
1
98
2
69
3
19
4
39
1
69
1
62
1
91
8
71
4
96
3
8
1
98
4
37
9
88
9
48
9
34
1
56
3
93
1
59
1
21
1
57
2
29
1
61
0
2
8
69
0
87
3
61
7
21
7
11
1
6
8
50
1
20
6
29
1
45
1
36
2
8
6
48
0
55
1
77
1
61
1
64
7
91
4
43
2
41
4
33
1
49
4
32
6
68
4
28
1
8
2
71
8
7
9
13
4
18
2
88
1
13
1
93
0
58
4
90
9
47
7
86
1
21
7
76
8
45
0
42
1
39
8
68
7
79
0
16
1
81
1
0
1
41
0
37
1
49
3
51
6
53
1
68
4
29
9
88
0
48
6
84
1
85
1
33
6
69
6
28
1
14
8
84
1
3
1
14
0
86
7
41
4
71
9
81
1
34
3
41
0
89
0
23
7
98
0
61
2
71
1
4
1
8
3
38
1
55
3
71
3
38
1
46
7
41
6
81
0
33
1
86
8
9
9
58
8
30
9
13
8
69
7
32
3
33
1
44
0
28
9
46
1
68
0
10
1
73
4
58
1
13
3
97
7
99
2
41
0
79
4
23
1
11
9
19
1
7
1
79
1
98
2
63
1
38
8
91
8
60
9
58
6
66
4
93
4
27
9
76
1
46
0
58
1
91
7
11
1
65
1
82
8
90
9
96
1
1
1
31
3
74
2
86
9
77
9
87
0
24
1
73
3
1
1
9
4
48
1
26
6
31
4
20
1
31
2
13
0
58
2
77
7
84
9
26
9
41
2
54
0
1
1
18
1
91
0
65
4
67
7
49
9
79
8
40
1
12
4
92
1
78
2
29
3
61
8
67
1
81
3
61
2
41
0
92
0
26
9
9
6
9
1
42
3
9
2
14
8
1
3
15
8
15
1
31
1
98
4
86
1
96
9
51
2
29
7
1
3
71
4
21
1
3
1
48
6
11
0
87
3
36
1
4
3
82
1
71
7
6
6
89
10
52
0
24
7
48
1
39
9
12
8
80
1
19
9
3
7
6
2
16
1
47
2
69
1
55
0
9
3
65
2
65
4
84
8
65
1
49
9
69
1
84
3
79
1
7
1
1
8
51
4
61
1
75
7
41
9
11
7
3
2
74
0
25
6
55
1
71
9
78
4
62
3
61
1
19
4
44
9
36
8
74
0
89
1
19
7
51
4
82
2
4
9
41
0
59
1
35
3
98
3
65
1
14
1
21
7
6
3
51
3
59
4
39
9
9
8
77
4
71
1
49
0
44
8
56
3
72
7
15
3
87
1
23
0
58
1
52
4
93
3
21
3
13
4
81
2
16
1
54
1
50
1
34
1
17
0
87
1
23
1
51
4
36
1
39
2
3
4
17
7
99
8
42
2
61
3
83
9
74
4
91
0
66
1
96
3
34
2
61
3
40
9
49
1
59
7
73
2
33
0
31
1
91
9
42
9
50
1
66
1
72
8
80
1
14
1
33
0
89
4
41
1
74
4
41
2
61
6
48
3
29
1
81
2
39
0
28
9
88
1
82
0
99
1
44
2
16
6
23
3
11
9
27
3
22
1
82
2
78
6
11
0
76
4
58
2
62
9
6
9
43
7
25
4
28
9
46
1
14
1
79
1
83
4
62
1
39
1
96
0
41
2
91
9
57
0
6
3
12
2
43
8
91
4
80
2
56
8
86
0
88
1
49
3
94
4
0
1
11
1
32
1
49
3
14
9
87
7
29
1
12
9
72
1
43
1
46
1
97
4
51
0
52
1
79
8
25
1
86
1
85
4
42
2
71
1
91
1
33
1
94
9
49
4
1
1
31
1
61
7
86
2
1
1
31
1
46
4
28
4
29
9
14
3
99
0
88
9
49
1
99
3
78
9
42
1
19
0
97
0
73
1
71
3
29
1
91
1
27
1
3
9
48
6
9
2
52
4
93
1
82
1
94
1
51
2
47
8
28
4
71
4
55
6
79
2
1
1
71
1
71
7
79
1
93
0
95
1
72
1
61
1
2
9
81
4
8
1
5
1
0
0
77
1
73
9
27
1
99
2
58
9
98
0
17
1
99
1
49
4
96
0
10
0
41
1
8
7
52
9
13
3
81
0
57
6
82
1
28
4
37
0
64
6
81
1
19
0
57
2
0
1
91
3
18
0
88
0
29
2
3
4
19
0
19
0
70
1
1
1
46
9
33
0
61
0
22
1
91
3
4
4
13
1
8
9
61
9
63
0
62
9
9
6
9
1
12
6
49
9
28
1
56
1
12
7
74
2
30
1
34
0
60
0
94
4
56
1
89
9
51
1
86
1
22
1
56
6
49
0
59
0
98
4
5
4
29
0
29
2
19
0
89
1
83
1
41
3
91
7
7
1
26
4
39
8
24
1
89
2
80
1
46
1
98
8
28
3
99
4
99
1
28
1
41
4
88
0
64
9
47
4
92
0
4
1
31
1
11
1
99
2
39
9
73
9
89
3
53
6
84
1
2
4
81
1
71
1
78
3
49
1
51
0
30
3
74
0
71
0
62
1
41
7
9
4
77
3
32
1
88
0
19
1
32
1
98
3
47
1
19
4
66
0
59
4
70
2
91
7
54
3
59
4
9
6
81
7
99
1
31
0
40
0
29
0
87
1
67
9
67
8
90
6
58
6
83
2
29
1
49
3
26
9
53
1
63
4
71
1
11
1
93
6
51
1
81
1
51
1
46
9
42
7
19
4
12
2
29
8
20
0
61
0
59
9
46
