1
83
4
95
1
45
3
11
2
6
1
15
1
26
1
54
0
27
4
48
4
71
4
19
2
47
0
96
5
13
1
55
2
54
1
12
1
21
2
97
2
68
2
52
2
40
1
72
4
3
4
94
4
15
3
29
1
18
1
11
1
84
3
24
1
23
1
47
4
82
2
82
1
41
0
44
2
85
1
36
3
64
3
35
6
68
1
85
4
93
3
93
1
7
3
66
6
26
0
44
3
76
5
42
1
46
0
82
1
57
6
24
1
56
1
69
4
11
3
39
0
83
0
89
1
66
3
32
4
7
3
39
5
71
1
64
2
64
2
43
5
28
6
94
1
25
0
74
3
93
0
68
1
35
4
42
1
51
1
55
3
83
1
51
1
89
1
31
3
35
0
28
4
23
2
62
4
21
1
72
1
62
1
72
4
56
3
17
2
5
1
91
1
25
2
63
2
16
1
35
1
67
6
41
1
16
4
81
4
54
0
93
0
74
3
3
1
85
3
21
2
35
3
19
3
23
2
10
1
90
3
19
3
24
2
70
2
11
1
6
2
77
1
81
3
51
2
77
1
83
2
66
5
37
2
69
5
22
0
17
1
76
2
11
0
88
1
59
5
52
2
93
1
89
1
19
5
98
3
75
2
33
0
50
1
4
1
37
4
47
4
32
2
52
3
39
1
28
1
3
4
34
0
55
1
65
2
19
4
21
0
72
4
23
2
41
4
25
3
67
3
49
0
66
1
74
1
97
0
53
2
3
0
58
6
89
1
4
4
29
6
8
1
27
0
9
1
51
1
34
3
46
3
31
2
42
1
11
2
32
1
27
5
72
1
52
2
48
1
44
2
78
1
43
3
62
1
51
4
22
1
54
1
82
2
97
2
17
1
99
2
26
3
7
3
41
0
82
4
29
2
86
1
9
3
44
0
5
4
45
4
81
1
14
1
4
1
65
1
41
6
33
4
97
6
38
3
94
3
54
2
49
0
25
1
68
1
24
3
67
3
17
2
15
2
45
0
80
6
5
1
47
4
69
1
47
2
14
1
19
3
61
4
73
1
81
1
70
2
24
2
32
1
55
4
49
1
13
1
10
1
18
4
0
5
93
1
51
0
42
1
89
3
12
1
46
0
59
3
52
2
49
1
92
2
59
4
32
2
88
4
96
2
50
1
92
4
53
1
59
3
3
2
72
1
46
2
86
3
13
3
89
1
13
4
54
5
42
1
63
4
43
4
16
1
59
2
37
1
31
5
32
1
26
2
23
3
62
2
82
4
25
6
24
1
71
0
58
3
91
3
68
3
57
0
4
1
95
2
63
6
88
4
11
1
79
5
1
2
21
2
28
3
58
2
79
3
1
0
25
2
33
6
78
2
38
2
20
0
18
1
50
4
58
2
45
1
67
0
79
2
36
1
12
4
62
3
0
1
89
6
66
2
48
0
22
4
34
2
95
0
6
1
15
1
45
2
6
2
65
2
56
0
67
5
16
2
73
4
14
1
31
0
69
2
77
2
2
1
19
2
1
1
62
0
58
3
66
1
7
3
44
0
70
2
98
1
97
0
47
2
51
0
82
0
87
2
26
1
91
4
31
2
66
0
79
2
7
3
14
1
11
6
78
1
47
2
25
6
83
0
8
5
13
4
93
2
84
2
11
2
4
3
63
4
56
2
6
5
9
3
36
5
24
2
88
2
42
4
48
2
15
3
31
4
1
3
52
2
96
4
32
4
29
2
38
4
66
5
16
1
83
0
43
2
89
1
80
2
25
4
34
1
98
2
68
3
19
4
39
1
69
1
66
1
93
4
71
4
96
3
8
1
94
4
37
6
91
6
51
5
34
1
56
3
93
1
55
2
24
1
57
2
29
1
62
0
2
4
69
1
86
3
61
3
21
3
15
1
6
4
49
1
20
2
29
1
45
1
32
2
8
2
48
0
55
1
77
1
61
3
68
3
91
4
43
2
43
4
33
1
48
4
36
2
68
4
28
1
8
2
71
4
7
6
13
4
18
2
88
1
13
1
93
0
58
4
90
6
43
3
82
1
24
3
76
6
45
0
42
1
36
4
68
3
78
0
16
1
81
1
0
1
41
0
37
1
49
3
51
2
53
1
68
4
29
6
92
0
48
2
83
1
85
2
33
2
69
2
24
1
14
5
88
2
3
1
14
0
86
3
42
4
71
5
85
3
38
3
41
0
87
0
23
3
98
0
61
2
73
3
8
1
8
3
38
1
55
3
71
3
38
2
42
3
41
2
85
0
33
1
86
4
9
6
58
4
32
6
14
4
65
3
36
3
33
1
44
1
28
5
46
1
68
0
10
2
73
4
58
1
13
3
93
3
99
2
44
0
79
4
27
1
15
6
15
1
7
1
75
1
98
2
67
1
38
4
91
4
62
6
61
2
62
4
97
4
27
5
76
1
42
0
58
1
92
3
15
1
65
1
82
4
92
5
96
1
4
1
31
3
74
2
82
6
73
5
87
0
24
1
73
3
4
1
9
4
48
1
22
2
31
4
20
1
31
2
13
2
58
2
73
3
88
5
26
5
41
2
58
0
1
1
18
1
94
0
65
4
67
3
46
5
81
4
38
3
12
4
92
2
74
2
29
3
62
4
63
1
83
3
63
2
45
0
92
0
26
5
5
2
9
1
46
3
9
2
14
4
1
3
15
6
15
1
35
1
94
4
86
1
96
6
47
2
29
3
1
3
71
4
25
1
3
1
48
2
11
0
88
3
36
1
4
3
82
1
71
3
6
2
89
6
48
0
24
3
48
1
39
6
9
4
79
2
17
6
3
3
6
2
16
1
47
2
69
1
55
0
9
3
65
2
65
4
88
4
65
1
49
5
71
1
84
3
78
1
7
2
4
4
51
4
64
1
75
3
43
5
9
3
7
2
74
0
25
2
55
1
72
5
74
4
62
3
61
1
15
4
44
6
36
4
78
1
85
1
16
3
51
4
82
2
4
5
38
0
59
1
35
3
98
3
65
1
18
1
21
3
6
3
51
3
59
4
39
5
11
4
77
4
71
1
49
0
44
4
56
3
72
3
15
3
83
1
23
0
58
1
52
4
97
3
22
3
13
4
81
2
16
1
54
1
50
1
34
1
17
1
87
1
23
1
53
4
32
1
38
2
3
4
13
3
99
4
42
2
64
3
83
5
74
4
93
0
66
2
96
3
34
2
61
3
40
6
53
1
56
3
73
2
33
0
31
1
91
6
39
5
54
1
66
1
76
4
79
1
18
1
37
1
85
4
41
3
78
4
44
2
61
2
48
3
29
1
81
2
37
0
28
5
88
2
82
0
99
1
44
2
16
2
27
3
11
6
23
3
22
1
82
2
78
2
12
0
76
4
54
2
62
5
6
6
47
3
25
4
28
6
46
1
14
1
75
2
87
4
66
1
37
1
96
0
41
2
91
6
57
0
6
3
16
2
43
4
91
4
80
2
56
4
82
1
84
1
48
3
94
4
0
1
15
1
32
1
47
3
14
6
87
3
26
1
12
5
72
1
47
1
46
2
97
4
52
0
52
1
76
4
25
1
82
1
85
4
42
2
74
1
93
1
33
2
94
5
45
4
1
1
31
1
61
3
86
2
3
1
31
1
46
4
28
4
26
5
14
3
95
0
88
6
49
1
95
3
78
5
46
1
15
0
97
0
73
1
71
3
29
1
91
1
23
1
3
6
48
2
5
2
56
4
97
1
82
1
94
2
53
2
47
4
28
4
75
4
55
2
79
2
1
1
72
1
75
3
79
2
93
0
95
1
72
2
62
1
2
5
81
4
8
1
5
1
0
0
77
1
73
6
27
1
99
2
58
6
98
0
17
1
97
1
45
4
96
0
10
0
41
1
8
3
56
5
13
3
83
1
58
2
82
1
28
4
33
0
64
2
82
2
16
1
56
2
0
2
95
3
18
0
88
2
29
2
3
4
19
0
19
0
70
1
1
1
42
6
37
0
61
0
22
1
91
3
4
4
13
1
8
5
61
6
63
0
62
5
12
2
5
1
16
2
49
6
31
1
56
1
16
3
78
2
30
1
34
0
60
0
94
4
56
1
87
5
47
1
86
1
26
1
52
2
49
0
58
0
98
4
5
4
29
0
29
2
19
1
89
1
83
1
41
3
92
5
7
1
26
4
39
4
28
1
89
2
80
1
42
1
98
4
28
3
95
4
98
1
24
1
41
4
88
0
64
5
43
4
92
0
4
1
32
1
11
1
99
2
39
6
73
5
89
3
57
2
84
1
2
4
83
2
71
1
78
3
45
1
55
0
30
3
74
0
71
0
62
1
41
3
8
4
77
3
32
1
84
0
19
2
32
1
98
3
43
1
17
4
66
0
58
4
70
2
94
3
58
3
55
4
8
2
81
3
97
1
33
0
40
0
29
1
83
1
63
5
67
4
94
2
54
2
83
2
29
1
48
3
22
5
57
1
63
4
73
1
11
1
97
2
51
1
81
1
51
1
46
5
42
3
19
4
16
2
28
4
19
0
61
1
59
6
46
