1
82
4
94
1
45
2
12
1
6
1
16
2
26
1
54
0
27
4
48
4
71
3
19
3
46
0
96
4
13
1
55
1
53
1
12
1
22
1
97
1
68
2
52
2
40
1
73
3
4
4
95
4
16
3
29
1
19
1
11
1
84
3
25
1
22
1
47
3
82
1
81
1
41
0
44
1
85
1
36
3
64
3
36
5
68
1
84
4
92
3
92
1
8
2
65
5
26
0
44
3
76
4
43
1
47
0
82
1
58
5
24
1
55
1
69
4
11
3
39
0
83
0
88
1
65
3
32
4
8
2
39
4
71
1
64
3
65
2
42
4
27
5
95
1
24
0
74
3
93
0
68
2
34
4
42
2
51
1
54
2
84
2
51
2
89
1
31
3
35
1
28
3
24
1
63
4
21
1
72
1
61
1
72
4
56
3
16
2
5
1
92
1
25
2
63
2
15
1
35
2
66
5
41
1
16
4
82
3
54
0
93
0
74
3
3
1
84
2
22
2
35
3
19
2
24
2
10
1
90
3
19
2
24
2
70
3
11
2
6
2
77
1
81
2
52
3
77
1
83
2
66
4
38
3
68
4
23
0
17
1
75
1
11
0
87
1
59
4
53
3
94
2
89
1
19
4
98
3
76
3
32
0
50
1
3
1
37
4
48
4
32
1
51
3
39
2
29
2
4
4
34
0
55
1
64
1
19
4
22
0
72
4
23
2
41
4
24
2
67
3
48
0
66
1
74
1
97
0
53
3
4
0
58
5
89
1
5
4
29
5
8
1
27
0
9
2
51
1
34
3
46
2
31
3
42
1
11
2
33
1
28
4
71
1
52
2
48
1
44
2
79
1
44
3
62
1
51
3
21
1
54
1
83
1
96
1
17
1
98
2
26
3
6
3
41
0
82
4
29
2
85
1
9
3
45
0
5
4
45
4
81
1
13
1
4
1
64
1
41
5
32
4
96
5
38
3
93
2
54
1
49
0
25
1
68
1
24
3
68
3
18
2
15
2
44
0
80
5
5
1
47
4
69
1
47
1
14
1
18
2
61
4
73
1
81
1
70
2
25
2
33
1
55
4
49
1
13
1
10
1
18
4
0
4
94
1
51
0
42
1
88
3
12
1
45
0
59
3
53
2
49
1
91
3
59
4
33
3
89
4
95
2
50
1
92
4
54
1
58
3
3
1
71
1
45
2
87
3
12
3
89
1
13
4
54
4
43
2
63
3
42
4
16
1
59
2
36
1
31
4
31
1
25
2
23
3
61
3
82
4
25
5
24
1
71
0
58
3
91
3
68
2
57
0
4
2
94
3
63
5
88
4
11
1
79
4
1
2
22
1
28
2
59
2
78
3
1
0
25
2
33
5
78
2
38
2
20
0
18
1
50
3
59
1
44
1
66
0
79
3
35
1
13
4
61
3
0
2
89
5
65
2
49
0
22
3
34
1
95
0
6
2
15
1
46
3
5
2
65
1
56
0
67
4
15
1
74
3
14
1
31
0
69
1
77
2
2
1
19
2
1
1
62
0
58
3
67
1
7
3
44
0
70
2
98
1
97
0
47
1
51
0
82
0
87
1
27
1
91
3
31
2
67
0
79
2
8
3
13
1
11
5
78
1
46
3
25
5
82
0
8
4
13
3
94
3
83
2
11
2
3
3
64
4
56
2
5
4
9
3
35
4
24
3
88
3
42
4
48
3
15
3
32
3
1
3
52
1
96
4
32
4
29
2
37
4
66
4
16
1
83
0
43
2
89
1
80
1
26
3
33
2
98
2
67
3
19
4
39
1
69
1
67
1
94
3
71
4
96
3
8
1
93
4
37
5
92
5
51
4
34
1
56
3
93
1
54
3
25
1
57
2
29
1
63
0
2
3
69
2
86
3
61
2
21
2
16
1
6
3
48
1
20
1
29
1
45
1
31
2
8
1
48
0
55
1
77
1
62
4
69
2
91
4
43
2
44
4
33
1
47
4
37
1
68
4
28
1
8
2
71
3
7
5
13
4
18
2
88
2
13
1
93
0
58
4
90
5
42
2
81
1
25
2
76
5
45
0
42
1
35
3
68
2
77
0
16
1
81
1
0
1
42
0
37
1
49
3
51
1
53
1
68
4
29
5
93
0
48
1
83
1
85
3
33
1
69
1
23
1
14
4
89
3
3
1
14
0
86
2
43
4
71
4
86
4
39
3
41
1
86
0
23
2
98
0
61
2
74
4
9
1
8
3
38
1
55
3
71
3
38
3
41
2
41
1
86
0
33
1
86
3
9
5
58
3
33
5
14
3
64
2
37
3
33
1
44
2
28
4
46
1
68
0
10
3
73
4
58
1
13
3
92
2
99
2
45
0
79
4
28
1
16
5
14
1
7
1
74
2
98
2
68
1
38
3
91
3
63
5
62
1
61
4
98
4
27
4
76
1
41
0
59
1
93
2
16
1
65
1
82
3
93
4
96
1
5
1
32
3
74
2
81
5
72
4
87
0
24
1
73
3
5
1
9
4
48
1
21
1
32
4
20
2
31
2
13
3
58
2
72
2
89
4
26
4
41
2
59
0
1
1
18
1
95
0
65
4
67
2
45
4
82
3
37
4
12
4
92
3
73
2
28
3
63
3
62
1
84
3
64
2
46
0
92
0
26
4
4
1
9
1
47
3
9
2
14
3
1
3
15
5
15
1
36
1
93
4
86
1
96
5
46
2
29
2
1
3
71
4
26
1
3
1
48
1
11
0
89
3
36
1
4
3
82
1
72
2
6
1
89
5
47
0
24
2
48
1
39
5
9
3
78
3
16
5
3
2
6
2
16
1
47
2
68
2
55
0
9
3
65
2
65
4
89
3
65
1
49
4
71
1
84
3
77
1
7
3
5
3
51
4
65
1
75
2
44
4
9
2
8
2
74
0
25
1
55
2
73
4
73
4
62
3
61
1
14
4
44
5
36
3
79
1
84
1
15
2
51
4
82
2
4
4
37
1
59
1
35
3
98
3
65
1
19
1
21
2
6
3
51
3
59
4
39
4
12
3
77
4
72
1
49
0
44
3
56
3
72
2
15
3
82
1
23
0
58
1
52
4
98
3
23
3
13
4
82
2
16
2
54
1
50
2
34
1
17
2
88
2
23
1
54
4
31
1
37
2
3
4
12
2
98
3
42
2
65
3
83
4
74
4
94
0
66
3
96
3
34
2
61
3
40
5
54
1
55
2
73
2
33
0
31
1
91
5
39
4
55
2
66
1
77
3
78
1
19
1
38
2
84
4
41
4
79
4
45
2
61
1
48
3
29
1
81
2
36
1
28
4
88
3
82
0
99
2
44
2
16
1
28
3
12
5
22
3
22
1
82
2
78
1
13
0
76
4
53
2
62
4
6
5
48
2
25
4
28
5
46
1
14
2
74
3
88
4
67
1
36
1
96
0
41
2
91
5
57
0
6
3
17
2
43
3
91
4
80
2
56
3
81
1
83
1
47
3
94
4
0
1
16
2
32
1
46
3
14
5
87
2
25
1
12
4
72
1
48
1
46
3
97
4
53
0
52
1
75
3
25
1
81
2
85
4
42
2
75
2
94
1
33
3
94
4
44
4
1
1
31
1
61
2
86
2
4
1
31
1
46
4
28
4
25
4
14
3
94
0
88
5
49
1
94
3
78
4
47
1
14
0
97
0
73
1
71
3
28
1
91
1
22
1
3
5
48
1
4
2
57
4
98
1
82
1
94
3
54
2
47
3
28
4
76
4
55
1
79
2
1
1
73
1
76
2
78
3
93
0
95
1
72
3
63
1
2
4
81
4
8
1
5
1
0
0
77
1
73
5
27
1
99
2
58
5
98
0
17
1
96
1
44
4
96
0
10
0
41
1
8
2
57
4
13
3
84
2
59
1
82
1
28
4
32
0
64
1
83
3
15
2
56
2
0
3
96
3
18
0
88
3
29
2
3
4
19
0
19
0
70
1
1
1
41
5
38
0
61
0
22
1
91
3
4
4
13
1
8
4
61
5
63
0
62
4
13
1
4
1
17
1
49
5
32
1
56
1
17
2
79
2
30
1
34
0
60
0
94
4
56
1
86
4
46
2
86
1
27
2
51
1
48
0
57
0
98
4
5
4
29
0
29
2
18
2
89
1
83
1
41
3
93
4
7
1
26
4
39
3
29
1
89
2
80
2
41
2
98
3
28
3
94
4
97
1
23
1
41
4
88
0
64
4
42
4
92
0
4
1
33
1
11
2
99
2
38
5
73
4
89
3
58
1
84
1
2
4
84
3
71
1
78
3
44
1
56
0
30
3
74
0
71
0
62
1
41
2
7
4
77
3
32
1
83
0
19
3
32
1
98
3
42
1
16
4
66
0
57
4
70
2
95
2
59
3
54
4
7
1
81
2
96
1
34
0
40
0
28
1
82
2
62
4
67
3
95
1
53
1
83
2
29
1
47
3
21
4
58
1
63
4
74
1
11
1
98
1
52
1
81
1
51
1
46
4
42
2
18
4
17
2
27
3
18
0
61
2
59
5
46
