1
81
4
93
1
45
1
13
0
6
1
17
3
26
1
54
0
26
4
48
4
71
2
18
4
45
0
96
3
13
1
55
0
52
2
12
1
23
0
97
0
68
2
52
2
40
1
74
2
5
4
96
4
17
3
29
1
20
1
10
1
84
3
26
1
21
2
47
2
82
1
80
1
42
0
44
0
85
2
36
3
64
3
37
4
68
1
83
4
91
3
91
0
9
1
64
4
26
0
44
4
77
3
44
0
48
0
82
1
59
4
24
1
54
2
69
4
11
3
38
0
83
0
87
0
64
3
32
4
9
1
39
3
71
0
64
4
66
2
41
3
26
4
96
1
23
0
74
3
93
0
68
3
33
4
42
3
52
1
53
1
85
3
52
3
89
1
31
3
35
2
28
2
25
0
64
4
21
1
72
2
60
1
72
4
56
3
15
2
5
1
93
1
25
2
63
2
14
0
35
3
65
4
41
2
16
4
83
2
54
0
93
0
74
3
3
2
83
1
23
2
35
3
19
1
25
2
10
1
90
3
19
1
24
2
70
4
11
3
6
2
77
0
81
1
53
4
77
0
83
2
66
3
38
4
67
3
24
0
17
1
74
0
12
0
86
1
59
3
54
4
95
3
89
2
18
3
98
3
77
4
31
0
50
0
2
2
37
4
49
4
32
1
50
3
39
2
30
3
5
4
34
0
55
1
63
0
18
4
23
0
72
4
23
2
40
4
23
1
67
3
47
0
66
1
74
2
97
0
53
4
5
0
58
4
89
2
6
4
29
4
8
1
27
0
9
3
51
1
34
3
46
1
31
4
42
1
11
2
34
1
29
4
70
2
52
2
48
1
44
2
80
2
45
3
62
0
52
3
20
2
54
2
84
0
95
0
17
1
97
2
26
3
5
3
42
0
82
4
29
2
84
2
8
3
46
0
5
4
45
4
80
1
12
1
4
1
63
1
40
4
31
4
95
4
38
3
92
1
54
0
48
0
25
0
69
2
24
3
69
3
19
2
15
2
43
0
80
4
5
1
47
4
69
2
47
0
14
1
17
1
61
4
73
0
81
1
70
2
26
2
34
1
55
4
49
0
13
1
10
0
19
4
0
3
95
2
51
0
42
1
87
3
12
1
44
0
58
3
54
2
48
2
90
4
59
4
34
3
90
4
94
2
50
1
92
4
53
1
57
3
3
1
70
1
44
2
88
3
11
3
89
1
13
4
54
3
44
3
63
2
41
4
16
1
59
2
35
1
31
4
30
1
24
2
23
4
60
4
82
4
25
4
24
2
71
0
58
3
91
3
68
2
57
0
4
3
93
4
63
4
89
4
11
1
79
3
1
2
23
0
28
2
60
2
77
3
2
0
25
2
33
4
78
2
38
2
20
0
18
1
50
3
60
0
43
0
65
0
79
4
34
0
14
4
60
3
0
3
89
4
65
2
50
0
22
2
34
0
95
0
6
3
15
1
47
4
4
2
65
0
56
0
67
3
14
0
75
2
14
2
31
0
69
0
77
2
2
2
18
2
1
0
62
0
59
3
68
1
7
3
44
0
70
2
99
1
97
0
47
1
50
0
82
0
86
0
28
2
90
3
30
2
68
0
79
2
9
3
12
2
10
4
78
1
45
4
25
4
81
0
8
3
13
2
95
4
82
2
11
2
2
3
65
4
56
2
4
3
8
3
34
3
24
4
88
4
42
4
48
4
15
3
33
3
0
3
52
0
96
4
32
4
29
2
36
4
66
3
16
1
83
0
43
2
89
1
80
0
27
2
32
3
98
2
66
3
18
4
39
0
69
1
68
2
95
2
71
4
96
3
8
1
92
4
37
4
93
4
51
3
34
1
56
3
93
0
53
4
26
1
57
2
29
0
64
0
2
2
69
3
86
3
62
2
20
1
17
0
6
2
47
1
20
0
28
1
45
2
30
2
8
0
48
0
55
2
77
2
63
4
70
1
91
4
43
2
45
4
33
0
46
4
38
0
68
4
28
1
8
2
71
2
7
4
13
4
18
2
88
3
13
1
93
0
58
4
90
4
41
2
80
1
26
1
76
4
45
0
42
1
34
2
68
1
76
0
16
1
81
1
0
2
43
0
37
2
49
3
52
0
53
1
69
4
28
4
94
0
48
0
83
0
85
4
33
0
68
0
22
1
14
4
90
4
3
1
14
0
86
1
44
4
72
3
87
4
40
4
40
1
85
0
23
1
98
0
61
2
75
4
10
1
9
3
38
0
55
3
70
3
39
4
40
1
41
0
87
0
33
2
86
2
9
4
59
2
34
4
14
2
63
1
38
3
33
1
44
3
28
3
46
1
68
0
10
4
73
4
58
0
13
3
91
1
98
2
46
0
79
4
29
1
17
4
13
2
7
0
73
3
98
2
69
0
38
2
91
2
64
4
63
1
60
4
99
4
27
3
76
1
40
0
60
1
94
1
17
2
65
1
82
2
94
3
96
1
6
2
33
3
74
2
80
4
71
3
87
0
24
1
73
3
6
1
9
4
48
1
20
0
33
4
20
3
30
2
13
4
58
2
71
2
90
3
26
4
40
2
60
0
1
1
18
1
96
0
65
4
67
1
44
3
83
2
36
4
12
4
92
4
72
2
27
3
64
2
61
0
85
3
65
2
47
0
92
0
26
3
3
0
9
1
48
3
9
2
14
2
1
3
15
4
15
0
37
2
92
4
86
1
96
4
45
2
29
1
1
3
71
4
27
1
3
1
48
0
11
0
90
3
36
1
4
3
82
1
73
1
6
0
89
4
46
0
24
1
49
2
38
4
8
2
77
4
15
4
3
1
6
2
16
1
47
2
67
3
55
0
9
3
65
2
65
4
90
2
65
2
49
3
72
1
84
3
76
1
7
4
6
2
51
4
66
1
75
1
45
3
9
1
9
2
74
0
25
0
55
3
74
3
72
4
62
3
61
1
13
4
44
4
36
3
80
1
83
1
14
2
50
4
82
2
4
3
36
2
59
1
35
3
99
3
65
1
20
1
22
1
6
3
51
3
59
4
39
3
13
2
77
4
73
0
49
0
44
2
56
3
72
1
15
3
81
2
23
1
58
1
52
4
99
3
24
3
13
4
83
2
16
3
54
1
50
3
34
1
17
3
89
3
23
1
55
4
30
0
36
2
3
4
11
1
97
2
42
2
66
3
83
3
74
4
95
0
66
4
96
3
34
2
62
3
40
4
55
1
54
1
73
2
33
0
31
1
90
4
38
3
56
3
67
1
78
2
77
1
20
1
39
3
83
4
41
4
80
4
46
2
62
0
49
3
28
0
81
2
35
2
28
3
89
4
82
0
99
3
44
2
16
0
29
3
13
4
21
3
22
0
82
2
79
0
14
0
76
4
52
2
62
3
6
4
49
1
25
4
28
4
46
2
14
3
73
4
89
4
68
2
35
1
96
0
41
2
91
4
57
0
6
3
18
2
43
2
91
4
80
2
56
3
80
1
82
1
46
3
94
4
0
1
17
3
32
2
45
3
14
4
87
1
24
1
12
3
72
2
49
1
46
4
97
4
54
0
52
1
74
2
25
1
80
3
85
4
42
2
76
3
95
1
33
4
94
3
43
4
1
1
32
1
61
1
86
2
5
0
31
0
46
4
29
4
24
3
14
3
93
0
88
4
49
1
93
3
79
3
48
2
13
0
97
0
73
1
71
3
27
1
91
1
21
2
3
4
48
0
3
2
58
4
99
2
82
1
94
4
55
2
47
2
28
4
77
4
55
0
79
2
2
1
74
0
77
1
77
4
93
0
95
2
72
4
64
1
2
3
81
4
8
1
5
1
0
0
77
1
73
4
27
2
99
2
58
4
99
0
17
0
95
2
43
4
96
0
10
0
41
1
9
1
58
3
13
3
85
2
60
0
82
1
29
4
31
0
64
0
84
4
14
3
56
2
0
4
97
3
19
1
89
4
28
2
3
4
19
0
19
0
70
2
1
2
40
4
39
0
61
0
22
2
90
3
4
4
13
2
8
3
61
4
63
0
62
3
14
0
3
1
18
0
49
4
33
1
56
0
18
2
80
2
30
2
34
0
60
0
94
4
56
1
85
3
45
3
86
1
28
3
50
0
47
1
56
0
98
4
5
4
29
0
28
2
17
3
89
1
83
1
41
3
94
3
7
1
26
4
38
3
30
1
89
2
80
3
40
3
98
2
28
3
93
4
96
1
22
1
41
4
88
0
64
3
41
4
92
0
4
1
34
0
11
3
99
2
37
4
73
3
89
3
59
0
84
2
2
4
85
4
70
2
78
3
43
1
57
0
30
3
74
0
71
0
62
2
41
1
6
4
77
3
32
1
82
0
19
4
32
1
99
3
41
0
15
4
66
0
56
4
70
2
96
2
60
3
53
4
6
0
82
1
95
2
35
0
40
0
27
2
81
3
61
3
67
2
96
0
52
0
83
2
29
1
46
4
20
3
59
0
63
4
75
0
11
0
99
0
53
2
81
1
52
1
46
3
42
1
17
4
18
2
26
2
17
0
61
3
58
4
46
