9
44
9
14
18
60
18
30
17
59
9
44
9
14
17
89
9
64
9
74
9
64
9
74
9
99
9
74
9
34
9
74
9
44
9
64
17
59
9
94
9
94
14
26
15
57
9
94
9
34
9
94
9
99
16
88
9
14
9
94
9
94
17
89
9
34
19
61
9
74
9
74
16
28
9
64
17
89
9
64
17
59
17
29
9
64
9
44
9
99
9
64
9
34
9
99
9
64
9
34
15
27
9
14
9
64
9
44
15
87
9
46
9
99
9
74
19
62
9
64
16
58
18
30
9
44
14
26
9
34
18
90
9
74
9
14
9
74
9
94
18
60
9
99
9
99
9
14
17
59
9
14
9
99
9
94
19
61
9
94
9
94
16
88
9
99
16
88
9
44
9
99
9
14
9
64
14
86
14
26
9
34
16
88
9
94
16
58
9
64
9
99
18
90
9
99
9
74
9
64
9
34
9
44
9
74
9
99
9
94
9
99
9
44
16
28
9
74
9
64
9
64
9
14
14
86
19
21
9
44
9
34
17
59
9
34
19
61
9
44
17
89
9
94
9
64
9
14
9
99
9
44
9
34
9
94
9
14
18
90
9
94
0
50
9
64
9
64
17
29
9
94
9
94
9
94
9
14
18
30
0
60
9
99
16
58
9
94
9
14
9
34
9
44
9
44
9
14
9
99
9
94
9
64
9
99
9
34
9
44
15
27
9
44
18
90
9
99
9
14
9
44
9
99
9
94
9
99
17
59
9
34
9
14
9
57
9
64
9
99
19
61
9
74
9
94
16
88
9
94
9
99
17
22
9
74
9
14
9
64
18
90
18
30
16
28
9
66
9
34
9
44
9
14
9
64
9
99
9
74
9
44
18
90
17
89
9
44
17
89
16
28
17
59
19
32
18
30
9
44
18
90
9
14
9
94
9
74
9
91
9
44
9
14
18
90
9
14
9
74
18
60
9
99
18
90
9
34
16
28
17
89
9
44
9
74
9
14
17
29
9
44
9
94
18
60
9
34
9
64
9
34
9
94
9
74
9
64
19
61
16
88
9
64
17
89
9
44
9
14
9
99
9
14
9
99
9
94
16
58
9
74
9
14
9
64
16
58
15
57
9
74
9
94
9
64
17
59
16
58
16
88
9
74
17
29
14
26
9
74
9
99
0
20
9
94
17
29
18
60
9
44
9
64
9
14
9
34
9
64
9
99
15
27
9
34
9
99
9
2
9
74
9
34
9
34
9
44
9
74
8
85
0
20
9
14
9
64
16
88
17
89
17
29
18
30
9
14
17
29
9
74
9
74
9
34
9
64
9
94
9
99
9
99
16
88
9
44
9
64
9
74
9
99
9
34
18
60
9
14
9
99
18
30
9
44
9
99
9
44
9
34
16
88
8
55
16
58
19
91
9
94
9
44
9
14
9
64
17
29
18
60
1
29
2
39
18
30
9
14
16
58
16
88
9
94
16
58
9
94
16
58
9
64
17
59
9
99
14
56
16
28
9
64
9
14
9
94
9
34
9
44
9
99
17
59
9
94
9
99
19
32
9
74
9
44
9
34
9
99
9
94
17
29
9
94
9
94
0
90
9
74
9
94
9
14
9
64
9
67
0
10
9
14
9
14
9
14
3
42
9
14
9
34
9
64
9
74
9
99
16
28
9
34
16
88
9
64
9
74
9
64
9
44
9
14
9
64
19
91
9
14
9
94
9
14
16
58
0
40
17
89
9
94
9
64
9
34
9
44
9
14
9
34
9
64
9
44
19
62
9
44
19
31
9
94
9
34
9
14
18
60
1
59
9
44
15
27
18
90
9
64
9
74
9
74
9
14
9
74
14
56
17
89
16
88
19
31
9
94
9
94
17
59
9
34
15
27
9
74
9
94
3
69
9
64
9
34
16
88
9
34
15
27
9
64
9
94
16
58
9
74
19
61
17
59
17
29
16
58
9
74
9
14
9
64
9
34
9
74
9
44
9
74
9
64
9
99
9
34
9
34
9
3
9
34
18
30
9
14
17
59
9
74
2
29
14
56
18
22
0
90
9
99
9
34
16
88
9
94
9
14
9
64
16
88
17
89
9
14
9
14
9
14
1
24
9
44
9
94
9
64
19
92
9
94
9
34
9
99
9
94
9
44
9
14
9
74
19
61
16
88
17
89
9
99
9
64
9
74
9
74
16
58
9
99
17
29
14
56
9
34
14
86
16
58
9
64
9
34
17
59
9
64
9
44
9
94
9
14
9
74
9
44
17
29
9
64
9
14
16
28
16
88
9
94
9
99
16
88
19
62
9
74
19
32
9
99
9
34
9
44
9
74
9
64
9
44
9
34
9
74
9
74
9
44
9
44
16
58
9
94
9
14
19
92
9
74
9
93
19
62
9
34
19
31
9
99
19
91
17
29
9
91
9
64
9
14
9
94
9
94
9
99
9
37
9
32
9
64
9
48
9
74
9
64
9
64
16
58
19
61
9
99
19
62
9
14
16
58
9
44
9
74
9
64
9
64
17
29
14
86
9
41
9
99
9
44
9
74
9
99
9
99
9
14
9
61
9
99
9
14
9
34
9
99
19
91
9
74
9
34
9
34
9
14
9
33
9
44
9
74
17
59
9
94
9
34
9
34
9
14
15
87
19
31
9
99
9
64
9
94
9
74
15
87
16
28
17
89
9
44
9
94
17
59
19
81
9
64
17
29
9
94
9
34
19
61
9
94
9
14
9
64
9
14
0
70
9
64
9
94
16
58
9
44
16
88
9
74
9
94
9
74
9
14
2
31
19
61
19
32
19
91
9
74
18
60
9
94
9
44
9
34
9
64
9
14
15
27
9
14
9
99
9
74
9
74
17
29
9
74
18
30
19
92
16
88
16
28
17
59
9
94
16
58
17
29
9
44
16
88
17
89
9
74
18
90
9
44
9
34
9
94
18
90
18
60
17
89
9
34
9
64
9
99
9
44
9
99
9
94
9
99
14
26
15
57
16
83
16
28
1
19
9
64
18
60
9
14
19
32
9
94
18
60
9
94
9
99
9
94
16
88
15
27
9
74
16
88
9
44
9
44
9
94
18
60
9
34
9
74
1
49
9
14
9
64
9
64
16
28
18
60
9
74
16
58
9
14
15
27
18
30
9
14
9
14
14
56
17
59
9
94
0
10
16
58
9
18
9
99
9
99
14
86
9
94
9
99
9
64
9
14
9
99
18
30
17
59
9
74
19
92
9
94
9
94
18
90
9
34
9
74
9
14
9
44
9
44
18
60
9
94
14
26
0
50
9
64
9
99
9
94
9
64
9
14
18
90
9
74
14
86
9
64
9
74
17
59
9
34
14
56
9
44
17
59
9
64
9
94
16
58
18
60
9
34
9
14
9
99
9
64
9
44
9
14
9
34
17
89
9
64
19
81
9
14
9
74
9
94
16
88
9
44
19
92
17
29
17
89
19
31
19
62
9
64
4
19
3
39
9
34
9
64
9
99
9
74
9
99
9
99
16
88
9
44
9
44
9
64
9
74
9
64
9
34
9
44
9
74
15
87
9
14
15
87
9
64
9
44
9
44
9
64
9
74
19
92
0
20
9
14
9
64
9
34
19
31
15
87
16
28
9
94
14
26
9
64
9
94
9
74
9
94
18
60
9
74
9
74
9
44
9
64
9
34
9
99
17
29
9
34
14
56
9
74
19
31
9
34
16
58
9
34
9
44
9
34
9
44
14
86
9
34
15
57
9
64
14
86
3
49
9
14
9
74
9
44
19
91
18
90
9
64
9
14
9
94
9
94
15
57
19
92
9
14
17
89
9
64
9
14
16
28
9
74
9
14
9
34
9
34
19
31
9
64
18
60
19
92
9
44
16
88
9
14
19
62
9
94
9
74
9
74
9
14
9
7
9
64
16
88
9
99
18
90
9
74
16
21
9
74
9
64
0
50
9
14
9
34
9
14
2
69
9
14
15
57
9
94
15
27
9
44
0
30
9
44
3
90
9
44
9
14
9
94
17
59
16
58
9
44
9
34
9
14
9
44
9
34
9
44
9
1
16
28
19
91
19
61
9
44
9
64
9
34
17
59
9
34
9
74
9
74
15
57
9
44
9
14
1
9
17
29
9
74
1
19
9
99
9
94
19
31
4
60
9
99
9
73
9
63
9
14
9
14
16
88
9
94
9
37
9
74
19
91
8
45
9
44
19
92
9
44
9
14
9
74
9
64
18
30
9
94
9
34
9
64
9
99
9
99
9
14
9
74
9
94
19
91
9
64
16
58
19
61
17
29
9
14
9
44
9
94
9
34
9
94
9
44
9
74
9
99
9
34
17
89
17
29
9
74
3
9
17
29
14
56
19
32
9
74
9
99
9
64
16
58
9
74
9
64
9
64
9
93
1
79
9
94
17
59
9
34
9
94
9
34
9
34
14
56
9
64
16
28
17
59
9
14
9
44
17
29
9
74
9
44
17
89
9
14
9
14
19
92
9
74
9
44
9
44
18
30
17
59
9
94
18
90
9
94
9
87
9
44
9
99
