9
39
9
12
11
53
11
23
10
52
9
44
9
9
10
82
9
64
9
74
9
63
9
73
9
99
9
70
9
33
9
74
9
44
9
64
10
52
9
92
9
94
9
19
9
50
9
92
9
34
9
92
9
99
9
81
9
12
9
91
9
89
10
82
9
31
12
54
9
72
9
71
9
21
9
64
10
82
9
64
10
52
10
22
9
64
9
44
9
99
9
62
9
29
9
99
9
62
9
30
9
20
9
12
9
61
9
42
9
80
9
46
9
99
9
72
13
55
9
64
9
51
11
23
9
42
9
19
9
29
11
83
9
74
9
11
9
71
9
91
11
53
9
99
9
99
9
11
10
52
9
14
9
99
9
90
12
54
9
93
9
94
9
81
9
99
9
81
9
42
9
99
9
14
9
62
9
79
9
19
9
32
9
81
9
94
9
51
9
62
9
99
11
83
9
99
9
72
9
61
9
32
9
40
9
69
9
99
9
91
9
99
9
41
9
21
9
74
9
62
9
63
9
12
9
79
12
21
9
39
9
33
10
52
9
34
12
54
9
42
10
82
9
94
9
62
9
13
9
99
9
44
9
30
9
93
9
14
11
83
9
94
0
50
9
64
9
61
10
22
9
90
9
89
9
93
9
13
11
23
0
60
9
99
9
51
9
93
9
14
9
33
9
41
9
44
9
11
9
99
9
92
9
62
9
99
9
31
9
44
9
20
9
42
11
83
9
99
9
11
9
41
9
99
9
91
9
99
10
52
9
31
9
14
9
57
9
64
9
99
12
54
9
73
9
93
9
81
9
92
9
99
10
22
9
72
9
11
9
62
11
83
11
23
9
21
9
66
9
29
9
40
9
12
9
60
9
99
9
70
9
44
11
83
10
82
9
43
10
82
9
21
10
52
13
25
11
23
9
41
11
83
9
13
9
94
9
72
9
91
9
43
9
14
11
83
9
12
9
72
11
53
9
99
11
83
9
31
9
21
10
82
9
41
9
73
9
10
10
22
9
42
9
91
11
53
9
32
9
62
9
29
9
92
9
74
9
64
12
54
9
81
9
63
10
82
9
39
9
12
9
99
9
9
9
99
9
93
9
51
9
71
9
14
9
62
9
51
9
50
9
74
9
89
9
63
10
52
9
51
9
81
9
70
10
22
9
19
9
72
9
99
0
20
9
94
10
22
11
53
9
41
9
64
9
14
9
34
9
63
9
99
9
20
9
31
9
99
9
2
9
73
9
32
9
33
9
41
9
71
8
85
0
20
9
14
9
62
9
81
10
82
10
22
11
23
9
10
10
22
9
73
9
71
9
32
9
60
9
93
9
99
9
99
9
81
9
39
9
62
9
73
9
99
9
33
11
53
9
12
9
99
11
23
9
42
9
99
9
44
9
34
9
81
8
55
9
51
12
84
9
94
9
41
9
13
9
63
10
22
11
53
1
29
2
39
11
23
9
12
9
51
9
81
9
91
9
51
9
90
9
51
9
59
10
52
9
99
9
49
9
21
9
63
9
11
9
91
9
32
9
42
9
99
10
52
9
91
9
99
13
25
9
74
9
42
9
31
9
99
9
91
10
22
9
91
9
94
0
90
9
73
9
91
9
11
9
61
9
67
0
10
9
13
9
10
9
9
3
42
9
10
9
34
9
61
9
70
9
99
9
21
9
34
9
81
9
61
9
71
9
64
9
42
9
9
9
63
12
84
9
12
9
92
9
12
9
51
0
40
10
82
9
93
9
64
9
30
9
42
9
14
9
34
9
61
9
44
13
55
9
40
12
24
9
94
9
32
9
13
11
53
1
59
9
42
9
20
11
83
9
59
9
71
9
72
9
9
9
71
9
49
10
82
9
81
12
24
9
90
9
94
10
52
9
31
9
20
9
72
9
92
3
69
9
60
9
34
9
81
9
31
9
20
9
64
9
94
9
51
9
69
12
54
10
52
10
22
9
51
9
72
9
14
9
64
9
34
9
72
9
40
9
69
9
60
9
99
9
31
9
32
9
3
9
34
11
23
9
14
10
52
9
74
2
29
9
49
11
22
0
90
9
99
9
33
9
81
9
94
9
11
9
61
9
81
10
82
9
10
9
12
9
13
1
24
9
40
9
94
9
60
13
85
9
91
9
31
9
99
9
92
9
44
9
11
9
73
12
54
9
81
10
82
9
99
9
63
9
73
9
71
9
51
9
99
10
22
9
49
9
31
9
79
9
51
9
59
9
33
10
52
9
64
9
39
9
90
9
13
9
72
9
41
10
22
9
63
9
14
9
21
9
81
9
91
9
99
9
81
13
55
9
74
13
25
9
99
9
30
9
41
9
71
9
64
9
41
9
34
9
72
9
72
9
42
9
44
9
51
9
94
9
11
13
85
9
74
9
93
13
55
9
31
12
24
9
99
12
84
10
22
9
91
9
61
9
13
9
94
9
90
9
99
9
37
9
32
9
60
9
48
9
71
9
64
9
63
9
51
12
54
9
99
13
55
9
11
9
51
9
39
9
73
9
64
9
64
10
22
9
79
9
41
9
99
9
41
9
74
9
99
9
99
9
9
9
61
9
99
9
11
9
33
9
99
12
84
9
73
9
30
9
31
9
11
9
33
9
43
9
71
10
52
9
90
9
33
9
31
9
11
9
80
12
24
9
99
9
63
9
91
9
72
9
80
9
21
10
82
9
42
9
90
10
52
12
81
9
59
10
22
9
92
9
31
12
54
9
94
9
12
9
64
9
11
0
70
9
62
9
90
9
51
9
43
9
81
9
74
9
90
9
71
9
14
2
31
12
54
13
25
12
84
9
72
11
53
9
93
9
44
9
34
9
61
9
14
9
20
9
12
9
99
9
69
9
72
10
22
9
73
11
23
13
85
9
81
9
21
10
52
9
90
9
51
10
22
9
44
9
81
10
82
9
74
11
83
9
44
9
30
9
91
11
83
11
53
10
82
9
30
9
61
9
99
9
43
9
99
9
93
9
99
9
19
9
50
9
83
9
21
1
19
9
64
11
53
9
11
13
25
9
89
11
53
9
92
9
99
9
89
9
81
9
20
9
73
9
81
9
40
9
43
9
93
11
53
9
30
9
69
1
49
9
12
9
61
9
61
9
21
11
53
9
71
9
51
9
10
9
20
11
23
9
9
9
12
9
49
10
52
9
92
0
10
9
51
9
18
9
99
9
99
9
79
9
92
9
99
9
64
9
13
9
99
11
23
10
52
9
73
13
85
9
91
9
89
11
83
9
29
9
72
9
14
9
44
9
42
11
53
9
93
9
19
0
50
9
62
9
99
9
89
9
64
9
11
11
83
9
72
9
79
9
61
9
71
10
52
9
33
9
49
9
44
10
52
9
61
9
92
9
51
11
53
9
29
9
12
9
99
9
64
9
41
9
11
9
31
10
82
9
63
13
81
9
10
9
74
9
91
9
81
9
44
13
85
10
22
10
82
12
24
13
55
9
62
4
19
3
39
9
30
9
64
9
99
9
72
9
99
9
99
9
81
9
43
9
39
9
61
9
72
9
64
9
31
9
42
9
72
9
80
9
12
9
80
9
60
9
44
9
41
9
62
9
73
13
85
0
20
9
13
9
61
9
31
12
24
9
80
9
21
9
94
9
19
9
60
9
91
9
71
9
92
11
53
9
73
9
72
9
42
9
63
9
30
9
99
10
22
9
30
9
49
9
71
12
24
9
30
9
51
9
30
9
41
9
34
9
42
9
79
9
31
9
50
9
59
9
79
3
49
9
13
9
74
9
42
12
84
11
83
9
60
9
10
9
92
9
92
9
50
13
85
9
12
10
82
9
64
9
12
9
21
9
72
9
10
9
32
9
33
12
24
9
63
11
53
13
85
9
43
9
81
9
10
13
55
9
92
9
70
9
74
9
9
9
7
9
62
9
81
9
99
11
83
9
73
9
21
9
71
9
62
0
50
9
13
9
31
9
12
2
69
9
12
9
50
9
92
9
20
9
42
0
30
9
44
3
90
9
42
9
14
9
92
10
52
9
51
9
40
9
32
9
12
9
41
9
31
9
42
9
1
9
21
12
84
12
54
9
42
9
61
9
32
10
52
9
34
9
72
9
74
9
50
9
42
9
11
1
9
10
22
9
73
1
19
9
99
9
93
12
24
4
60
9
99
9
73
9
63
9
14
9
13
9
81
9
91
9
37
9
70
12
84
8
45
9
43
13
85
9
43
9
12
9
71
9
63
11
23
9
93
9
34
9
61
9
99
9
99
9
9
9
71
9
94
12
84
9
61
9
51
12
54
10
22
9
13
9
43
9
93
9
34
9
92
9
43
9
72
9
99
9
33
10
82
10
22
9
72
3
9
10
22
9
49
13
25
9
72
9
99
9
62
9
51
9
71
9
61
9
59
9
93
1
79
9
93
10
52
9
31
9
90
9
33
9
32
9
49
9
64
9
21
10
52
9
9
9
41
10
22
9
73
9
42
10
82
9
11
9
9
13
85
9
74
9
43
9
41
11
23
10
52
9
91
11
83
9
94
9
87
9
43
9
99
