9
42
9
14
14
56
14
26
13
55
9
44
9
12
13
85
9
64
9
74
9
64
9
74
9
99
9
73
9
34
9
74
9
44
9
64
13
55
9
94
9
94
10
22
11
53
9
94
9
34
9
94
9
99
12
84
9
14
9
94
9
92
13
85
9
34
15
57
9
74
9
74
12
24
9
64
13
85
9
64
13
55
13
25
9
64
9
44
9
99
9
64
9
32
9
99
9
64
9
33
11
23
9
14
9
64
9
44
11
83
9
46
9
99
9
74
16
58
9
64
12
54
14
26
9
44
10
22
9
32
14
86
9
74
9
14
9
74
9
94
14
56
9
99
9
99
9
14
13
55
9
14
9
99
9
93
15
57
9
94
9
94
12
84
9
99
12
84
9
44
9
99
9
14
9
64
10
82
10
22
9
34
12
84
9
94
12
54
9
64
9
99
14
86
9
99
9
74
9
64
9
34
9
43
9
72
9
99
9
94
9
99
9
44
12
24
9
74
9
64
9
64
9
14
10
82
15
21
9
42
9
34
13
55
9
34
15
57
9
44
13
85
9
94
9
64
9
14
9
99
9
44
9
33
9
94
9
14
14
86
9
94
0
50
9
64
9
64
13
25
9
93
9
92
9
94
9
14
14
26
0
60
9
99
12
54
9
94
9
14
9
34
9
44
9
44
9
14
9
99
9
94
9
64
9
99
9
34
9
44
11
23
9
44
14
86
9
99
9
14
9
44
9
99
9
94
9
99
13
55
9
34
9
14
9
57
9
64
9
99
15
57
9
74
9
94
12
84
9
94
9
99
13
22
9
74
9
14
9
64
14
86
14
26
12
24
9
66
9
32
9
43
9
14
9
63
9
99
9
73
9
44
14
86
13
85
9
44
13
85
12
24
13
55
16
28
14
26
9
44
14
86
9
14
9
94
9
74
9
91
9
44
9
14
14
86
9
14
9
74
14
56
9
99
14
86
9
34
12
24
13
85
9
44
9
74
9
13
13
25
9
44
9
94
14
56
9
34
9
64
9
32
9
94
9
74
9
64
15
57
12
84
9
64
13
85
9
42
9
14
9
99
9
12
9
99
9
94
12
54
9
74
9
14
9
64
12
54
11
53
9
74
9
92
9
64
13
55
12
54
12
84
9
73
13
25
10
22
9
74
9
99
0
20
9
94
13
25
14
56
9
44
9
64
9
14
9
34
9
64
9
99
11
23
9
34
9
99
9
2
9
74
9
34
9
34
9
44
9
74
8
85
0
20
9
14
9
64
12
84
13
85
13
25
14
26
9
13
13
25
9
74
9
74
9
34
9
63
9
94
9
99
9
99
12
84
9
42
9
64
9
74
9
99
9
34
14
56
9
14
9
99
14
26
9
44
9
99
9
44
9
34
12
84
8
55
12
54
15
87
9
94
9
44
9
14
9
64
13
25
14
56
1
29
2
39
14
26
9
14
12
54
12
84
9
94
12
54
9
93
12
54
9
62
13
55
9
99
10
52
12
24
9
64
9
14
9
94
9
34
9
44
9
99
13
55
9
94
9
99
16
28
9
74
9
44
9
34
9
99
9
94
13
25
9
94
9
94
0
90
9
74
9
94
9
14
9
64
9
67
0
10
9
14
9
13
9
12
3
42
9
13
9
34
9
64
9
73
9
99
12
24
9
34
12
84
9
64
9
74
9
64
9
44
9
12
9
64
15
87
9
14
9
94
9
14
12
54
0
40
13
85
9
94
9
64
9
33
9
44
9
14
9
34
9
64
9
44
16
58
9
43
15
27
9
94
9
34
9
14
14
56
1
59
9
44
11
23
14
86
9
62
9
74
9
74
9
12
9
74
10
52
13
85
12
84
15
27
9
93
9
94
13
55
9
34
11
23
9
74
9
94
3
69
9
63
9
34
12
84
9
34
11
23
9
64
9
94
12
54
9
72
15
57
13
55
13
25
12
54
9
74
9
14
9
64
9
34
9
74
9
43
9
72
9
63
9
99
9
34
9
34
9
3
9
34
14
26
9
14
13
55
9
74
2
29
10
52
14
22
0
90
9
99
9
34
12
84
9
94
9
14
9
64
12
84
13
85
9
13
9
14
9
14
1
24
9
43
9
94
9
63
16
88
9
94
9
34
9
99
9
94
9
44
9
14
9
74
15
57
12
84
13
85
9
99
9
64
9
74
9
74
12
54
9
99
13
25
10
52
9
34
10
82
12
54
9
62
9
34
13
55
9
64
9
42
9
93
9
14
9
74
9
44
13
25
9
64
9
14
12
24
12
84
9
94
9
99
12
84
16
58
9
74
16
28
9
99
9
33
9
44
9
74
9
64
9
44
9
34
9
74
9
74
9
44
9
44
12
54
9
94
9
14
16
88
9
74
9
93
16
58
9
34
15
27
9
99
15
87
13
25
9
91
9
64
9
14
9
94
9
93
9
99
9
37
9
32
9
63
9
48
9
74
9
64
9
64
12
54
15
57
9
99
16
58
9
14
12
54
9
42
9
74
9
64
9
64
13
25
10
82
9
41
9
99
9
44
9
74
9
99
9
99
9
12
9
61
9
99
9
14
9
34
9
99
15
87
9
74
9
33
9
34
9
14
9
33
9
44
9
74
13
55
9
93
9
34
9
34
9
14
11
83
15
27
9
99
9
64
9
94
9
74
11
83
12
24
13
85
9
44
9
93
13
55
15
81
9
62
13
25
9
94
9
34
15
57
9
94
9
14
9
64
9
14
0
70
9
64
9
93
12
54
9
44
12
84
9
74
9
93
9
74
9
14
2
31
15
57
16
28
15
87
9
74
14
56
9
94
9
44
9
34
9
64
9
14
11
23
9
14
9
99
9
72
9
74
13
25
9
74
14
26
16
88
12
84
12
24
13
55
9
93
12
54
13
25
9
44
12
84
13
85
9
74
14
86
9
44
9
33
9
94
14
86
14
56
13
85
9
33
9
64
9
99
9
44
9
99
9
94
9
99
10
22
11
53
12
83
12
24
1
19
9
64
14
56
9
14
16
28
9
92
14
56
9
94
9
99
9
92
12
84
11
23
9
74
12
84
9
43
9
44
9
94
14
56
9
33
9
72
1
49
9
14
9
64
9
64
12
24
14
56
9
74
12
54
9
13
11
23
14
26
9
12
9
14
10
52
13
55
9
94
0
10
12
54
9
18
9
99
9
99
10
82
9
94
9
99
9
64
9
14
9
99
14
26
13
55
9
74
16
88
9
94
9
92
14
86
9
32
9
74
9
14
9
44
9
44
14
56
9
94
10
22
0
50
9
64
9
99
9
92
9
64
9
14
14
86
9
74
10
82
9
64
9
74
13
55
9
34
10
52
9
44
13
55
9
64
9
94
12
54
14
56
9
32
9
14
9
99
9
64
9
44
9
14
9
34
13
85
9
64
16
81
9
13
9
74
9
94
12
84
9
44
16
88
13
25
13
85
15
27
16
58
9
64
4
19
3
39
9
33
9
64
9
99
9
74
9
99
9
99
12
84
9
44
9
42
9
64
9
74
9
64
9
34
9
44
9
74
11
83
9
14
11
83
9
63
9
44
9
44
9
64
9
74
16
88
0
20
9
14
9
64
9
34
15
27
11
83
12
24
9
94
10
22
9
63
9
94
9
74
9
94
14
56
9
74
9
74
9
44
9
64
9
33
9
99
13
25
9
33
10
52
9
74
15
27
9
33
12
54
9
33
9
44
9
34
9
44
10
82
9
34
11
53
9
62
10
82
3
49
9
14
9
74
9
44
15
87
14
86
9
63
9
13
9
94
9
94
11
53
16
88
9
14
13
85
9
64
9
14
12
24
9
74
9
13
9
34
9
34
15
27
9
64
14
56
16
88
9
44
12
84
9
13
16
58
9
94
9
73
9
74
9
12
9
7
9
64
12
84
9
99
14
86
9
74
12
21
9
74
9
64
0
50
9
14
9
34
9
14
2
69
9
14
11
53
9
94
11
23
9
44
0
30
9
44
3
90
9
44
9
14
9
94
13
55
12
54
9
43
9
34
9
14
9
44
9
34
9
44
9
1
12
24
15
87
15
57
9
44
9
64
9
34
13
55
9
34
9
74
9
74
11
53
9
44
9
14
1
9
13
25
9
74
1
19
9
99
9
94
15
27
4
60
9
99
9
73
9
63
9
14
9
14
12
84
9
94
9
37
9
73
15
87
8
45
9
44
16
88
9
44
9
14
9
74
9
64
14
26
9
94
9
34
9
64
9
99
9
99
9
12
9
74
9
94
15
87
9
64
12
54
15
57
13
25
9
14
9
44
9
94
9
34
9
94
9
44
9
74
9
99
9
34
13
85
13
25
9
74
3
9
13
25
10
52
16
28
9
74
9
99
9
64
12
54
9
74
9
64
9
62
9
93
1
79
9
94
13
55
9
34
9
93
9
34
9
34
10
52
9
64
12
24
13
55
9
12
9
44
13
25
9
74
9
44
13
85
9
14
9
12
16
88
9
74
9
44
9
44
14
26
13
55
9
94
14
86
9
94
9
87
9
44
9
99
