4
34
5
9
6
49
6
19
5
49
8
39
6
4
5
78
8
60
8
70
6
59
6
69
8
99
8
65
6
29
8
70
7
39
8
60
8
47
5
89
8
90
6
14
4
45
5
89
8
30
5
89
7
99
4
76
5
9
4
89
7
84
5
79
4
29
8
49
5
69
4
69
4
18
8
60
5
79
7
59
5
48
5
17
7
59
7
39
6
99
5
58
7
24
7
99
7
57
6
25
7
15
5
9
4
59
5
39
4
75
6
46
8
98
8
67
8
50
7
59
4
46
6
19
7
37
4
14
4
24
6
79
8
70
6
6
4
68
7
86
6
49
8
99
6
99
4
8
5
49
8
9
6
99
8
85
7
49
8
88
7
89
4
79
7
95
4
79
5
39
4
96
8
10
5
59
7
74
6
14
5
28
4
79
8
90
8
46
7
57
7
99
6
79
6
99
7
67
4
58
5
29
4
35
4
64
4
97
4
89
8
99
4
36
4
18
7
69
8
57
6
59
5
8
7
74
7
21
6
34
6
29
5
49
7
29
7
49
6
37
5
79
7
89
5
57
6
9
8
98
8
40
5
25
6
88
7
9
6
79
7
89
0
50
7
59
4
56
7
17
5
85
7
84
8
88
6
9
7
18
0
60
7
95
4
46
8
88
8
10
6
28
4
39
8
40
4
9
4
94
5
87
8
57
5
99
6
26
8
40
6
15
5
38
6
78
4
96
5
6
5
36
6
97
4
89
4
99
5
49
4
29
7
9
7
57
7
59
8
96
7
49
6
69
6
89
4
79
6
87
8
99
5
23
5
69
4
9
7
57
6
79
6
19
4
19
5
66
4
24
5
35
8
7
5
55
5
95
7
65
7
39
6
78
6
77
8
38
5
79
7
16
5
49
8
20
6
18
7
36
6
79
7
8
8
90
5
67
4
91
6
39
8
10
6
79
8
7
5
69
6
48
5
96
6
79
4
29
6
16
5
78
4
37
8
68
6
5
5
19
5
39
4
89
6
49
5
28
8
57
4
24
7
87
8
70
8
59
7
49
4
78
7
58
5
79
7
34
5
9
5
99
6
4
6
95
6
89
6
46
5
66
7
9
5
59
8
46
7
45
7
69
5
84
6
59
5
47
4
47
6
76
6
65
5
19
4
14
8
67
7
99
0
20
8
89
5
18
6
49
7
36
7
59
8
10
7
29
6
59
8
99
6
15
8
26
5
99
4
2
8
68
5
29
7
28
4
39
4
66
6
85
0
20
7
9
5
59
5
76
8
77
7
17
6
19
4
5
7
17
8
68
4
68
5
27
6
55
6
89
4
99
4
95
4
79
5
34
7
57
6
69
5
99
6
29
6
49
5
9
4
98
8
18
5
39
6
96
8
39
8
30
8
76
5
55
8
46
7
79
8
90
8
36
6
9
6
59
8
17
6
49
1
25
2
39
6
18
5
9
4
48
7
76
4
87
4
49
7
85
4
49
5
54
5
49
7
99
5
44
4
19
6
59
8
6
4
86
5
29
5
39
6
96
5
49
4
87
8
96
8
20
7
69
5
39
7
26
6
97
4
89
5
19
4
86
7
89
0
90
6
69
7
86
4
6
4
59
7
67
0
10
7
8
7
5
5
4
3
42
4
5
7
29
4
58
8
65
8
98
8
16
7
29
7
76
4
59
6
66
8
60
5
39
7
4
7
58
7
79
7
7
5
87
5
7
4
49
0
40
8
77
6
89
7
59
8
25
5
39
7
9
7
29
4
59
7
39
8
50
8
35
7
19
8
89
5
29
7
8
6
49
1
56
8
37
5
15
6
79
7
54
4
69
5
69
6
4
8
66
7
44
5
79
4
79
7
19
5
85
7
89
5
49
4
27
6
15
5
67
5
89
3
65
4
55
7
29
4
79
4
29
5
15
8
60
7
89
4
47
7
64
8
49
5
48
5
17
4
48
5
67
7
9
7
59
7
29
5
69
4
35
5
64
5
55
8
95
4
29
5
29
5
4
8
29
6
18
7
9
5
49
7
69
2
29
5
44
6
24
0
90
5
99
6
28
4
79
8
90
4
9
4
59
4
79
7
77
6
5
5
8
6
9
1
24
5
35
8
90
6
55
8
80
4
87
4
28
8
99
5
89
7
39
4
9
6
69
7
49
4
79
5
79
8
98
6
59
6
69
4
66
6
46
7
95
7
17
5
44
4
29
5
74
7
46
6
54
6
29
6
47
7
59
6
34
4
85
6
9
6
67
7
36
5
19
7
58
8
10
4
19
4
79
5
86
7
98
4
77
8
50
7
69
8
20
6
99
8
25
7
36
4
68
8
60
4
39
8
30
8
67
5
69
5
39
7
39
4
46
7
89
4
9
8
80
8
70
8
93
8
50
4
29
7
19
7
94
8
79
6
17
6
91
4
56
6
8
8
90
8
85
4
99
7
37
5
32
5
55
4
48
4
69
8
60
6
58
4
49
7
49
6
98
8
50
8
6
4
49
5
34
6
69
7
59
8
59
5
17
7
74
8
41
6
95
4
36
7
69
4
99
5
99
6
4
6
61
8
98
4
9
8
28
7
97
7
79
6
69
6
25
6
26
4
8
7
33
6
39
4
69
5
49
7
85
6
29
8
26
4
9
8
75
7
19
7
97
6
59
4
87
5
67
5
75
5
16
5
78
5
39
4
85
5
48
7
81
5
54
5
17
5
89
4
29
7
49
7
89
5
8
8
59
4
9
0
70
7
57
8
85
4
49
6
39
4
79
8
70
8
85
4
66
7
9
2
31
7
49
8
20
7
79
6
67
6
49
7
88
8
39
7
29
5
56
7
9
6
15
8
7
6
99
5
64
5
67
5
19
6
69
6
19
8
80
4
79
4
19
5
47
8
85
7
46
5
19
8
40
5
76
5
79
8
70
6
79
7
39
5
25
4
87
6
79
6
49
5
79
5
25
4
59
8
99
6
39
6
99
6
89
8
98
4
14
6
45
4
83
5
16
1
17
7
59
6
49
6
6
8
20
5
84
8
48
5
89
7
95
7
84
4
79
5
15
6
69
7
76
8
35
6
39
6
89
6
49
4
25
5
64
1
46
5
9
4
59
4
58
7
16
6
49
4
68
4
49
4
5
8
15
6
19
4
4
8
7
7
44
6
47
5
89
0
10
4
49
5
18
8
99
5
95
4
74
5
89
6
96
8
60
6
9
5
94
6
18
5
49
6
69
8
80
6
86
6
84
6
79
5
24
5
69
8
10
7
39
5
37
6
49
6
89
5
14
0
50
5
57
6
96
5
84
7
59
8
6
6
79
5
69
6
74
4
59
4
69
8
47
7
28
4
44
8
40
7
47
8
56
5
89
8
46
6
49
4
24
5
8
5
99
8
59
6
36
7
6
4
29
5
79
6
59
8
81
4
5
8
70
4
86
4
79
7
39
8
80
5
19
5
79
7
19
8
50
7
57
4
15
3
39
6
25
7
59
5
97
5
69
8
99
8
95
8
76
6
39
5
34
8
56
5
69
8
60
7
26
8
37
5
68
8
75
5
8
8
75
6
55
7
39
4
39
5
59
6
68
8
80
0
20
6
9
8
56
8
26
7
19
7
75
4
19
7
89
4
14
8
55
7
86
4
69
5
88
7
48
6
69
5
67
8
37
6
59
8
25
6
96
5
17
4
25
5
44
8
66
7
19
6
25
4
48
8
25
7
36
7
29
6
37
6
74
4
29
7
45
7
54
5
74
3
47
8
8
7
69
5
37
7
79
6
79
6
55
5
5
5
89
5
89
6
45
8
80
5
8
8
77
8
60
5
9
4
19
5
69
8
5
6
27
6
29
7
19
6
59
6
49
8
80
7
38
4
79
6
5
8
50
5
87
4
65
8
70
4
4
4
7
5
59
4
79
6
99
6
79
8
68
4
21
4
69
7
57
0
50
6
9
6
26
5
9
2
66
7
7
5
45
5
89
5
15
5
39
0
30
8
40
3
90
5
39
7
9
6
87
5
49
4
49
4
35
5
28
5
7
4
36
4
29
8
37
5
1
4
19
7
79
7
49
6
37
4
57
5
28
5
49
8
29
5
69
8
70
7
45
5
39
4
7
1
9
5
19
6
69
1
19
4
99
7
88
7
19
4
60
4
97
5
73
8
64
7
9
6
9
4
77
4
89
5
37
6
65
7
79
4
45
6
39
8
80
6
39
5
9
4
69
7
58
7
18
6
89
8
30
4
56
6
94
6
99
7
4
4
68
7
89
7
79
5
56
8
46
7
49
6
17
6
9
7
38
6
89
7
29
5
89
6
39
7
67
4
95
6
29
5
79
5
19
7
67
3
6
5
18
6
44
8
20
5
69
7
97
5
59
4
49
4
69
7
56
7
54
8
94
1
78
6
88
5
49
4
29
8
85
7
28
5
29
7
44
7
59
4
18
7
47
4
4
4
39
5
18
7
68
5
38
5
77
4
9
6
4
8
80
8
70
7
38
4
39
6
19
5
49
4
87
6
79
8
89
5
87
8
38
4
99
