9
44
9
14
19
64
19
34
19
64
9
44
9
14
19
94
9
64
9
74
9
64
9
74
9
99
9
74
9
34
9
74
9
44
9
64
19
64
9
94
9
94
19
34
19
64
9
94
9
34
9
94
9
99
19
94
9
14
9
94
9
94
19
94
9
34
19
64
9
74
9
74
19
34
9
64
19
94
9
64
19
64
19
34
9
64
9
44
9
99
9
64
9
34
9
99
9
64
9
34
19
34
9
14
9
64
9
44
19
94
9
46
9
99
9
74
19
64
9
64
19
64
19
34
9
44
19
34
9
34
19
94
9
74
9
14
9
74
9
94
19
64
9
99
9
99
9
14
19
64
9
14
9
99
9
94
19
64
9
94
9
94
19
94
9
99
19
94
9
44
9
99
9
14
9
64
19
94
19
34
9
34
19
94
9
94
19
64
9
64
9
99
19
94
9
99
9
74
9
64
9
34
9
44
9
74
9
99
9
94
9
99
9
44
19
34
9
74
9
64
9
64
9
14
19
94
19
21
9
44
9
34
19
64
9
34
19
64
9
44
19
94
9
94
9
64
9
14
9
99
9
44
9
34
9
94
9
14
19
94
9
94
0
50
9
64
9
64
19
34
9
94
9
94
9
94
9
14
19
34
0
60
9
99
19
64
9
94
9
14
9
34
9
44
9
44
9
14
9
99
9
94
9
64
9
99
9
34
9
44
19
34
9
44
19
94
9
99
9
14
9
44
9
99
9
94
9
99
19
64
9
34
9
14
9
57
9
64
9
99
19
64
9
74
9
94
19
94
9
94
9
99
19
22
9
74
9
14
9
64
19
94
19
34
19
34
9
66
9
34
9
44
9
14
9
64
9
99
9
74
9
44
19
94
19
94
9
44
19
94
19
34
19
64
19
34
19
34
9
44
19
94
9
14
9
94
9
74
9
91
9
44
9
14
19
94
9
14
9
74
19
64
9
99
19
94
9
34
19
34
19
94
9
44
9
74
9
14
19
34
9
44
9
94
19
64
9
34
9
64
9
34
9
94
9
74
9
64
19
64
19
94
9
64
19
94
9
44
9
14
9
99
9
14
9
99
9
94
19
64
9
74
9
14
9
64
19
64
19
64
9
74
9
94
9
64
19
64
19
64
19
94
9
74
19
34
19
34
9
74
9
99
0
20
9
94
19
34
19
64
9
44
9
64
9
14
9
34
9
64
9
99
19
34
9
34
9
99
9
2
9
74
9
34
9
34
9
44
9
74
8
85
0
20
9
14
9
64
19
94
19
94
19
34
19
34
9
14
19
34
9
74
9
74
9
34
9
64
9
94
9
99
9
99
19
94
9
44
9
64
9
74
9
99
9
34
19
64
9
14
9
99
19
34
9
44
9
99
9
44
9
34
19
94
8
55
19
64
19
94
9
94
9
44
9
14
9
64
19
34
19
64
1
29
2
39
19
34
9
14
19
64
19
94
9
94
19
64
9
94
19
64
9
64
19
64
9
99
19
64
19
34
9
64
9
14
9
94
9
34
9
44
9
99
19
64
9
94
9
99
19
34
9
74
9
44
9
34
9
99
9
94
19
34
9
94
9
94
0
90
9
74
9
94
9
14
9
64
9
67
0
10
9
14
9
14
9
14
3
42
9
14
9
34
9
64
9
74
9
99
19
34
9
34
19
94
9
64
9
74
9
64
9
44
9
14
9
64
19
94
9
14
9
94
9
14
19
64
0
40
19
94
9
94
9
64
9
34
9
44
9
14
9
34
9
64
9
44
19
64
9
44
19
34
9
94
9
34
9
14
19
64
1
59
9
44
19
34
19
94
9
64
9
74
9
74
9
14
9
74
19
64
19
94
19
94
19
34
9
94
9
94
19
64
9
34
19
34
9
74
9
94
3
69
9
64
9
34
19
94
9
34
19
34
9
64
9
94
19
64
9
74
19
64
19
64
19
34
19
64
9
74
9
14
9
64
9
34
9
74
9
44
9
74
9
64
9
99
9
34
9
34
9
3
9
34
19
34
9
14
19
64
9
74
2
29
19
64
19
22
0
90
9
99
9
34
19
94
9
94
9
14
9
64
19
94
19
94
9
14
9
14
9
14
1
24
9
44
9
94
9
64
19
94
9
94
9
34
9
99
9
94
9
44
9
14
9
74
19
64
19
94
19
94
9
99
9
64
9
74
9
74
19
64
9
99
19
34
19
64
9
34
19
94
19
64
9
64
9
34
19
64
9
64
9
44
9
94
9
14
9
74
9
44
19
34
9
64
9
14
19
34
19
94
9
94
9
99
19
94
19
64
9
74
19
34
9
99
9
34
9
44
9
74
9
64
9
44
9
34
9
74
9
74
9
44
9
44
19
64
9
94
9
14
19
94
9
74
9
93
19
64
9
34
19
34
9
99
19
94
19
34
9
91
9
64
9
14
9
94
9
94
9
99
9
37
9
32
9
64
9
48
9
74
9
64
9
64
19
64
19
64
9
99
19
64
9
14
19
64
9
44
9
74
9
64
9
64
19
34
19
94
9
41
9
99
9
44
9
74
9
99
9
99
9
14
9
61
9
99
9
14
9
34
9
99
19
94
9
74
9
34
9
34
9
14
9
33
9
44
9
74
19
64
9
94
9
34
9
34
9
14
19
94
19
34
9
99
9
64
9
94
9
74
19
94
19
34
19
94
9
44
9
94
19
64
19
81
9
64
19
34
9
94
9
34
19
64
9
94
9
14
9
64
9
14
0
70
9
64
9
94
19
64
9
44
19
94
9
74
9
94
9
74
9
14
2
31
19
64
19
34
19
94
9
74
19
64
9
94
9
44
9
34
9
64
9
14
19
34
9
14
9
99
9
74
9
74
19
34
9
74
19
34
19
94
19
94
19
34
19
64
9
94
19
64
19
34
9
44
19
94
19
94
9
74
19
94
9
44
9
34
9
94
19
94
19
64
19
94
9
34
9
64
9
99
9
44
9
99
9
94
9
99
19
34
19
64
19
83
19
34
1
19
9
64
19
64
9
14
19
34
9
94
19
64
9
94
9
99
9
94
19
94
19
34
9
74
19
94
9
44
9
44
9
94
19
64
9
34
9
74
1
49
9
14
9
64
9
64
19
34
19
64
9
74
19
64
9
14
19
34
19
34
9
14
9
14
19
64
19
64
9
94
0
10
19
64
9
18
9
99
9
99
19
94
9
94
9
99
9
64
9
14
9
99
19
34
19
64
9
74
19
94
9
94
9
94
19
94
9
34
9
74
9
14
9
44
9
44
19
64
9
94
19
34
0
50
9
64
9
99
9
94
9
64
9
14
19
94
9
74
19
94
9
64
9
74
19
64
9
34
19
64
9
44
19
64
9
64
9
94
19
64
19
64
9
34
9
14
9
99
9
64
9
44
9
14
9
34
19
94
9
64
19
81
9
14
9
74
9
94
19
94
9
44
19
94
19
34
19
94
19
34
19
64
9
64
4
19
3
39
9
34
9
64
9
99
9
74
9
99
9
99
19
94
9
44
9
44
9
64
9
74
9
64
9
34
9
44
9
74
19
94
9
14
19
94
9
64
9
44
9
44
9
64
9
74
19
94
0
20
9
14
9
64
9
34
19
34
19
94
19
34
9
94
19
34
9
64
9
94
9
74
9
94
19
64
9
74
9
74
9
44
9
64
9
34
9
99
19
34
9
34
19
64
9
74
19
34
9
34
19
64
9
34
9
44
9
34
9
44
19
94
9
34
19
64
9
64
19
94
3
49
9
14
9
74
9
44
19
94
19
94
9
64
9
14
9
94
9
94
19
64
19
94
9
14
19
94
9
64
9
14
19
34
9
74
9
14
9
34
9
34
19
34
9
64
19
64
19
94
9
44
19
94
9
14
19
64
9
94
9
74
9
74
9
14
9
7
9
64
19
94
9
99
19
94
9
74
19
21
9
74
9
64
0
50
9
14
9
34
9
14
2
69
9
14
19
64
9
94
19
34
9
44
0
30
9
44
3
90
9
44
9
14
9
94
19
64
19
64
9
44
9
34
9
14
9
44
9
34
9
44
9
1
19
34
19
94
19
64
9
44
9
64
9
34
19
64
9
34
9
74
9
74
19
64
9
44
9
14
1
9
19
34
9
74
1
19
9
99
9
94
19
34
4
60
9
99
9
73
9
63
9
14
9
14
19
94
9
94
9
37
9
74
19
94
8
45
9
44
19
94
9
44
9
14
9
74
9
64
19
34
9
94
9
34
9
64
9
99
9
99
9
14
9
74
9
94
19
94
9
64
19
64
19
64
19
34
9
14
9
44
9
94
9
34
9
94
9
44
9
74
9
99
9
34
19
94
19
34
9
74
3
9
19
34
19
64
19
34
9
74
9
99
9
64
19
64
9
74
9
64
9
64
9
93
1
79
9
94
19
64
9
34
9
94
9
34
9
34
19
64
9
64
19
34
19
64
9
14
9
44
19
34
9
74
9
44
19
94
9
14
9
14
19
94
9
74
9
44
9
44
19
34
19
64
9
94
19
94
9
94
9
87
9
44
9
99
