9
40
9
13
12
54
12
24
11
53
9
44
9
10
11
83
9
64
9
74
9
64
9
74
9
99
9
71
9
34
9
74
9
44
9
64
11
53
9
93
9
94
9
20
9
51
9
93
9
34
9
93
9
99
10
82
9
13
9
92
9
90
11
83
9
32
13
55
9
73
9
72
10
22
9
64
11
83
9
64
11
53
11
23
9
64
9
44
9
99
9
63
9
30
9
99
9
63
9
31
9
21
9
13
9
62
9
43
9
81
9
46
9
99
9
73
14
56
9
64
10
52
12
24
9
43
9
20
9
30
12
84
9
74
9
12
9
72
9
92
12
54
9
99
9
99
9
12
11
53
9
14
9
99
9
91
13
55
9
94
9
94
10
82
9
99
10
82
9
43
9
99
9
14
9
63
9
80
9
20
9
33
10
82
9
94
10
52
9
63
9
99
12
84
9
99
9
73
9
62
9
33
9
41
9
70
9
99
9
92
9
99
9
42
10
22
9
74
9
63
9
64
9
13
9
80
13
21
9
40
9
34
11
53
9
34
13
55
9
43
11
83
9
94
9
63
9
14
9
99
9
44
9
31
9
94
9
14
12
84
9
94
0
50
9
64
9
62
11
23
9
91
9
90
9
94
9
14
12
24
0
60
9
99
10
52
9
94
9
14
9
34
9
42
9
44
9
12
9
99
9
93
9
63
9
99
9
32
9
44
9
21
9
43
12
84
9
99
9
12
9
42
9
99
9
92
9
99
11
53
9
32
9
14
9
57
9
64
9
99
13
55
9
74
9
94
10
82
9
93
9
99
11
22
9
73
9
12
9
63
12
84
12
24
10
22
9
66
9
30
9
41
9
13
9
61
9
99
9
71
9
44
12
84
11
83
9
44
11
83
10
22
11
53
14
26
12
24
9
42
12
84
9
14
9
94
9
73
9
91
9
44
9
14
12
84
9
13
9
73
12
54
9
99
12
84
9
32
10
22
11
83
9
42
9
74
9
11
11
23
9
43
9
92
12
54
9
33
9
63
9
30
9
93
9
74
9
64
13
55
10
82
9
64
11
83
9
40
9
13
9
99
9
10
9
99
9
94
10
52
9
72
9
14
9
63
10
52
9
51
9
74
9
90
9
64
11
53
10
52
10
82
9
71
11
23
9
20
9
73
9
99
0
20
9
94
11
23
12
54
9
42
9
64
9
14
9
34
9
64
9
99
9
21
9
32
9
99
9
2
9
74
9
33
9
34
9
42
9
72
8
85
0
20
9
14
9
63
10
82
11
83
11
23
12
24
9
11
11
23
9
74
9
72
9
33
9
61
9
94
9
99
9
99
10
82
9
40
9
63
9
74
9
99
9
34
12
54
9
13
9
99
12
24
9
43
9
99
9
44
9
34
10
82
8
55
10
52
13
85
9
94
9
42
9
14
9
64
11
23
12
54
1
29
2
39
12
24
9
13
10
52
10
82
9
92
10
52
9
91
10
52
9
60
11
53
9
99
9
50
10
22
9
64
9
12
9
92
9
33
9
43
9
99
11
53
9
92
9
99
14
26
9
74
9
43
9
32
9
99
9
92
11
23
9
92
9
94
0
90
9
74
9
92
9
12
9
62
9
67
0
10
9
14
9
11
9
10
3
42
9
11
9
34
9
62
9
71
9
99
10
22
9
34
10
82
9
62
9
72
9
64
9
43
9
10
9
64
13
85
9
13
9
93
9
13
10
52
0
40
11
83
9
94
9
64
9
31
9
43
9
14
9
34
9
62
9
44
14
56
9
41
13
25
9
94
9
33
9
14
12
54
1
59
9
43
9
21
12
84
9
60
9
72
9
73
9
10
9
72
9
50
11
83
10
82
13
25
9
91
9
94
11
53
9
32
9
21
9
73
9
93
3
69
9
61
9
34
10
82
9
32
9
21
9
64
9
94
10
52
9
70
13
55
11
53
11
23
10
52
9
73
9
14
9
64
9
34
9
73
9
41
9
70
9
61
9
99
9
32
9
33
9
3
9
34
12
24
9
14
11
53
9
74
2
29
9
50
12
22
0
90
9
99
9
34
10
82
9
94
9
12
9
62
10
82
11
83
9
11
9
13
9
14
1
24
9
41
9
94
9
61
14
86
9
92
9
32
9
99
9
93
9
44
9
12
9
74
13
55
10
82
11
83
9
99
9
64
9
74
9
72
10
52
9
99
11
23
9
50
9
32
9
80
10
52
9
60
9
34
11
53
9
64
9
40
9
91
9
14
9
73
9
42
11
23
9
64
9
14
10
22
10
82
9
92
9
99
10
82
14
56
9
74
14
26
9
99
9
31
9
42
9
72
9
64
9
42
9
34
9
73
9
73
9
43
9
44
10
52
9
94
9
12
14
86
9
74
9
93
14
56
9
32
13
25
9
99
13
85
11
23
9
91
9
62
9
14
9
94
9
91
9
99
9
37
9
32
9
61
9
48
9
72
9
64
9
64
10
52
13
55
9
99
14
56
9
12
10
52
9
40
9
74
9
64
9
64
11
23
9
80
9
41
9
99
9
42
9
74
9
99
9
99
9
10
9
61
9
99
9
12
9
34
9
99
13
85
9
74
9
31
9
32
9
12
9
33
9
44
9
72
11
53
9
91
9
34
9
32
9
12
9
81
13
25
9
99
9
64
9
92
9
73
9
81
10
22
11
83
9
43
9
91
11
53
13
81
9
60
11
23
9
93
9
32
13
55
9
94
9
13
9
64
9
12
0
70
9
63
9
91
10
52
9
44
10
82
9
74
9
91
9
72
9
14
2
31
13
55
14
26
13
85
9
73
12
54
9
94
9
44
9
34
9
62
9
14
9
21
9
13
9
99
9
70
9
73
11
23
9
74
12
24
14
86
10
82
10
22
11
53
9
91
10
52
11
23
9
44
10
82
11
83
9
74
12
84
9
44
9
31
9
92
12
84
12
54
11
83
9
31
9
62
9
99
9
44
9
99
9
94
9
99
9
20
9
51
10
83
10
22
1
19
9
64
12
54
9
12
14
26
9
90
12
54
9
93
9
99
9
90
10
82
9
21
9
74
10
82
9
41
9
44
9
94
12
54
9
31
9
70
1
49
9
13
9
62
9
62
10
22
12
54
9
72
10
52
9
11
9
21
12
24
9
10
9
13
9
50
11
53
9
93
0
10
10
52
9
18
9
99
9
99
9
80
9
93
9
99
9
64
9
14
9
99
12
24
11
53
9
74
14
86
9
92
9
90
12
84
9
30
9
73
9
14
9
44
9
43
12
54
9
94
9
20
0
50
9
63
9
99
9
90
9
64
9
12
12
84
9
73
9
80
9
62
9
72
11
53
9
34
9
50
9
44
11
53
9
62
9
93
10
52
12
54
9
30
9
13
9
99
9
64
9
42
9
12
9
32
11
83
9
64
14
81
9
11
9
74
9
92
10
82
9
44
14
86
11
23
11
83
13
25
14
56
9
63
4
19
3
39
9
31
9
64
9
99
9
73
9
99
9
99
10
82
9
44
9
40
9
62
9
73
9
64
9
32
9
43
9
73
9
81
9
13
9
81
9
61
9
44
9
42
9
63
9
74
14
86
0
20
9
14
9
62
9
32
13
25
9
81
10
22
9
94
9
20
9
61
9
92
9
72
9
93
12
54
9
74
9
73
9
43
9
64
9
31
9
99
11
23
9
31
9
50
9
72
13
25
9
31
10
52
9
31
9
42
9
34
9
43
9
80
9
32
9
51
9
60
9
80
3
49
9
14
9
74
9
43
13
85
12
84
9
61
9
11
9
93
9
93
9
51
14
86
9
13
11
83
9
64
9
13
10
22
9
73
9
11
9
33
9
34
13
25
9
64
12
54
14
86
9
44
10
82
9
11
14
56
9
93
9
71
9
74
9
10
9
7
9
63
10
82
9
99
12
84
9
74
10
21
9
72
9
63
0
50
9
14
9
32
9
13
2
69
9
13
9
51
9
93
9
21
9
43
0
30
9
44
3
90
9
43
9
14
9
93
11
53
10
52
9
41
9
33
9
13
9
42
9
32
9
43
9
1
10
22
13
85
13
55
9
43
9
62
9
33
11
53
9
34
9
73
9
74
9
51
9
43
9
12
1
9
11
23
9
74
1
19
9
99
9
94
13
25
4
60
9
99
9
73
9
63
9
14
9
14
10
82
9
92
9
37
9
71
13
85
8
45
9
44
14
86
9
44
9
13
9
72
9
64
12
24
9
94
9
34
9
62
9
99
9
99
9
10
9
72
9
94
13
85
9
62
10
52
13
55
11
23
9
14
9
44
9
94
9
34
9
93
9
44
9
73
9
99
9
34
11
83
11
23
9
73
3
9
11
23
9
50
14
26
9
73
9
99
9
63
10
52
9
72
9
62
9
60
9
93
1
79
9
94
11
53
9
32
9
91
9
34
9
33
9
50
9
64
10
22
11
53
9
10
9
42
11
23
9
74
9
43
11
83
9
12
9
10
14
86
9
74
9
44
9
42
12
24
11
53
9
92
12
84
9
94
9
87
9
44
9
99
