9
41
9
14
13
55
13
25
12
54
9
44
9
11
12
84
9
64
9
74
9
64
9
74
9
99
9
72
9
34
9
74
9
44
9
64
12
54
9
94
9
94
9
21
10
52
9
94
9
34
9
94
9
99
11
83
9
14
9
93
9
91
12
84
9
33
14
56
9
74
9
73
11
23
9
64
12
84
9
64
12
54
12
24
9
64
9
44
9
99
9
64
9
31
9
99
9
64
9
32
10
22
9
14
9
63
9
44
10
82
9
46
9
99
9
74
15
57
9
64
11
53
13
25
9
44
9
21
9
31
13
85
9
74
9
13
9
73
9
93
13
55
9
99
9
99
9
13
12
54
9
14
9
99
9
92
14
56
9
94
9
94
11
83
9
99
11
83
9
44
9
99
9
14
9
64
9
81
9
21
9
34
11
83
9
94
11
53
9
64
9
99
13
85
9
99
9
74
9
63
9
34
9
42
9
71
9
99
9
93
9
99
9
43
11
23
9
74
9
64
9
64
9
14
9
81
14
21
9
41
9
34
12
54
9
34
14
56
9
44
12
84
9
94
9
64
9
14
9
99
9
44
9
32
9
94
9
14
13
85
9
94
0
50
9
64
9
63
12
24
9
92
9
91
9
94
9
14
13
25
0
60
9
99
11
53
9
94
9
14
9
34
9
43
9
44
9
13
9
99
9
94
9
64
9
99
9
33
9
44
10
22
9
44
13
85
9
99
9
13
9
43
9
99
9
93
9
99
12
54
9
33
9
14
9
57
9
64
9
99
14
56
9
74
9
94
11
83
9
94
9
99
12
22
9
74
9
13
9
64
13
85
13
25
11
23
9
66
9
31
9
42
9
14
9
62
9
99
9
72
9
44
13
85
12
84
9
44
12
84
11
23
12
54
15
27
13
25
9
43
13
85
9
14
9
94
9
74
9
91
9
44
9
14
13
85
9
14
9
74
13
55
9
99
13
85
9
33
11
23
12
84
9
43
9
74
9
12
12
24
9
44
9
93
13
55
9
34
9
64
9
31
9
94
9
74
9
64
14
56
11
83
9
64
12
84
9
41
9
14
9
99
9
11
9
99
9
94
11
53
9
73
9
14
9
64
11
53
10
52
9
74
9
91
9
64
12
54
11
53
11
83
9
72
12
24
9
21
9
74
9
99
0
20
9
94
12
24
13
55
9
43
9
64
9
14
9
34
9
64
9
99
10
22
9
33
9
99
9
2
9
74
9
34
9
34
9
43
9
73
8
85
0
20
9
14
9
64
11
83
12
84
12
24
13
25
9
12
12
24
9
74
9
73
9
34
9
62
9
94
9
99
9
99
11
83
9
41
9
64
9
74
9
99
9
34
13
55
9
14
9
99
13
25
9
44
9
99
9
44
9
34
11
83
8
55
11
53
14
86
9
94
9
43
9
14
9
64
12
24
13
55
1
29
2
39
13
25
9
14
11
53
11
83
9
93
11
53
9
92
11
53
9
61
12
54
9
99
9
51
11
23
9
64
9
13
9
93
9
34
9
44
9
99
12
54
9
93
9
99
15
27
9
74
9
44
9
33
9
99
9
93
12
24
9
93
9
94
0
90
9
74
9
93
9
13
9
63
9
67
0
10
9
14
9
12
9
11
3
42
9
12
9
34
9
63
9
72
9
99
11
23
9
34
11
83
9
63
9
73
9
64
9
44
9
11
9
64
14
86
9
14
9
94
9
14
11
53
0
40
12
84
9
94
9
64
9
32
9
44
9
14
9
34
9
63
9
44
15
57
9
42
14
26
9
94
9
34
9
14
13
55
1
59
9
44
10
22
13
85
9
61
9
73
9
74
9
11
9
73
9
51
12
84
11
83
14
26
9
92
9
94
12
54
9
33
10
22
9
74
9
94
3
69
9
62
9
34
11
83
9
33
10
22
9
64
9
94
11
53
9
71
14
56
12
54
12
24
11
53
9
74
9
14
9
64
9
34
9
74
9
42
9
71
9
62
9
99
9
33
9
34
9
3
9
34
13
25
9
14
12
54
9
74
2
29
9
51
13
22
0
90
9
99
9
34
11
83
9
94
9
13
9
63
11
83
12
84
9
12
9
14
9
14
1
24
9
42
9
94
9
62
15
87
9
93
9
33
9
99
9
94
9
44
9
13
9
74
14
56
11
83
12
84
9
99
9
64
9
74
9
73
11
53
9
99
12
24
9
51
9
33
9
81
11
53
9
61
9
34
12
54
9
64
9
41
9
92
9
14
9
74
9
43
12
24
9
64
9
14
11
23
11
83
9
93
9
99
11
83
15
57
9
74
15
27
9
99
9
32
9
43
9
73
9
64
9
43
9
34
9
74
9
74
9
44
9
44
11
53
9
94
9
13
15
87
9
74
9
93
15
57
9
33
14
26
9
99
14
86
12
24
9
91
9
63
9
14
9
94
9
92
9
99
9
37
9
32
9
62
9
48
9
73
9
64
9
64
11
53
14
56
9
99
15
57
9
13
11
53
9
41
9
74
9
64
9
64
12
24
9
81
9
41
9
99
9
43
9
74
9
99
9
99
9
11
9
61
9
99
9
13
9
34
9
99
14
86
9
74
9
32
9
33
9
13
9
33
9
44
9
73
12
54
9
92
9
34
9
33
9
13
10
82
14
26
9
99
9
64
9
93
9
74
10
82
11
23
12
84
9
44
9
92
12
54
14
81
9
61
12
24
9
94
9
33
14
56
9
94
9
14
9
64
9
13
0
70
9
64
9
92
11
53
9
44
11
83
9
74
9
92
9
73
9
14
2
31
14
56
15
27
14
86
9
74
13
55
9
94
9
44
9
34
9
63
9
14
10
22
9
14
9
99
9
71
9
74
12
24
9
74
13
25
15
87
11
83
11
23
12
54
9
92
11
53
12
24
9
44
11
83
12
84
9
74
13
85
9
44
9
32
9
93
13
85
13
55
12
84
9
32
9
63
9
99
9
44
9
99
9
94
9
99
9
21
10
52
11
83
11
23
1
19
9
64
13
55
9
13
15
27
9
91
13
55
9
94
9
99
9
91
11
83
10
22
9
74
11
83
9
42
9
44
9
94
13
55
9
32
9
71
1
49
9
14
9
63
9
63
11
23
13
55
9
73
11
53
9
12
10
22
13
25
9
11
9
14
9
51
12
54
9
94
0
10
11
53
9
18
9
99
9
99
9
81
9
94
9
99
9
64
9
14
9
99
13
25
12
54
9
74
15
87
9
93
9
91
13
85
9
31
9
74
9
14
9
44
9
44
13
55
9
94
9
21
0
50
9
64
9
99
9
91
9
64
9
13
13
85
9
74
9
81
9
63
9
73
12
54
9
34
9
51
9
44
12
54
9
63
9
94
11
53
13
55
9
31
9
14
9
99
9
64
9
43
9
13
9
33
12
84
9
64
15
81
9
12
9
74
9
93
11
83
9
44
15
87
12
24
12
84
14
26
15
57
9
64
4
19
3
39
9
32
9
64
9
99
9
74
9
99
9
99
11
83
9
44
9
41
9
63
9
74
9
64
9
33
9
44
9
74
10
82
9
14
10
82
9
62
9
44
9
43
9
64
9
74
15
87
0
20
9
14
9
63
9
33
14
26
10
82
11
23
9
94
9
21
9
62
9
93
9
73
9
94
13
55
9
74
9
74
9
44
9
64
9
32
9
99
12
24
9
32
9
51
9
73
14
26
9
32
11
53
9
32
9
43
9
34
9
44
9
81
9
33
10
52
9
61
9
81
3
49
9
14
9
74
9
44
14
86
13
85
9
62
9
12
9
94
9
94
10
52
15
87
9
14
12
84
9
64
9
14
11
23
9
74
9
12
9
34
9
34
14
26
9
64
13
55
15
87
9
44
11
83
9
12
15
57
9
94
9
72
9
74
9
11
9
7
9
64
11
83
9
99
13
85
9
74
11
21
9
73
9
64
0
50
9
14
9
33
9
14
2
69
9
14
10
52
9
94
10
22
9
44
0
30
9
44
3
90
9
44
9
14
9
94
12
54
11
53
9
42
9
34
9
14
9
43
9
33
9
44
9
1
11
23
14
86
14
56
9
44
9
63
9
34
12
54
9
34
9
74
9
74
10
52
9
44
9
13
1
9
12
24
9
74
1
19
9
99
9
94
14
26
4
60
9
99
9
73
9
63
9
14
9
14
11
83
9
93
9
37
9
72
14
86
8
45
9
44
15
87
9
44
9
14
9
73
9
64
13
25
9
94
9
34
9
63
9
99
9
99
9
11
9
73
9
94
14
86
9
63
11
53
14
56
12
24
9
14
9
44
9
94
9
34
9
94
9
44
9
74
9
99
9
34
12
84
12
24
9
74
3
9
12
24
9
51
15
27
9
74
9
99
9
64
11
53
9
73
9
63
9
61
9
93
1
79
9
94
12
54
9
33
9
92
9
34
9
34
9
51
9
64
11
23
12
54
9
11
9
43
12
24
9
74
9
44
12
84
9
13
9
11
15
87
9
74
9
44
9
43
13
25
12
54
9
93
13
85
9
94
9
87
9
44
9
99
