3
33
4
9
5
49
5
19
4
49
7
38
5
3
4
77
7
59
7
69
5
59
5
68
7
98
7
64
5
29
7
69
6
39
7
59
7
46
4
89
7
89
5
13
3
44
4
89
7
29
4
89
6
98
3
75
4
9
3
89
6
83
4
79
3
28
7
48
4
69
3
69
3
17
7
59
4
78
6
59
4
47
4
16
6
59
6
38
5
98
4
57
6
23
6
98
6
56
5
24
6
14
4
9
3
58
4
38
3
74
5
46
7
97
7
66
7
49
6
58
3
45
5
19
6
36
3
13
3
23
5
79
7
69
5
5
3
67
6
85
5
49
7
98
5
99
3
7
4
49
7
8
5
99
7
84
6
49
7
87
6
89
3
78
6
94
3
79
4
39
3
95
7
9
4
58
6
73
5
13
4
27
3
79
7
89
7
45
6
56
6
99
5
79
5
99
6
66
3
57
4
28
3
34
3
63
3
96
3
89
7
99
3
35
3
17
6
69
7
56
5
59
4
7
6
73
6
21
5
33
5
28
4
49
6
29
6
49
5
36
4
79
6
88
4
56
5
9
7
97
7
39
4
24
5
87
6
8
5
78
6
89
0
50
6
59
3
55
6
16
4
84
6
83
7
87
5
9
6
17
0
60
6
94
3
45
7
87
7
9
5
27
3
39
7
39
3
9
3
93
4
86
7
56
4
99
5
25
7
39
5
14
4
37
5
77
3
95
4
5
4
35
5
96
3
89
3
99
4
49
3
29
6
9
6
57
6
59
7
95
6
49
5
68
5
88
3
79
5
86
7
99
4
23
4
69
3
8
6
56
5
78
5
19
3
18
4
66
3
23
4
34
7
6
4
54
4
94
6
64
6
39
5
77
5
76
7
37
4
78
6
15
4
49
7
19
5
17
6
35
5
79
6
7
7
89
4
66
3
91
5
39
7
9
5
78
7
6
4
68
5
47
4
95
5
78
3
29
5
15
4
77
3
36
7
67
5
4
4
19
4
39
3
89
5
49
4
27
7
56
3
23
6
86
7
69
7
58
6
49
3
77
6
57
4
78
6
33
4
8
4
99
5
3
5
94
5
89
5
45
4
65
6
9
4
59
7
45
6
44
6
69
4
83
5
59
4
46
3
46
5
75
5
64
4
19
3
13
7
66
6
99
0
20
7
88
4
17
5
49
6
35
6
59
7
9
6
29
5
59
7
99
5
14
7
25
4
98
3
2
7
67
4
29
6
27
3
39
3
65
5
85
0
20
6
9
4
58
4
75
7
76
6
16
5
19
3
4
6
16
7
67
3
67
4
26
5
54
5
88
3
99
3
94
3
78
4
33
6
56
5
68
4
99
5
29
5
48
4
9
3
97
7
17
4
39
5
95
7
38
7
29
7
75
4
55
7
45
6
79
7
89
7
35
5
9
5
58
7
16
5
48
1
24
2
39
5
17
4
9
3
47
6
75
3
86
3
49
6
84
3
49
4
53
4
49
6
99
4
43
3
18
5
59
7
5
3
85
4
29
4
39
5
95
4
49
3
86
7
95
7
19
6
68
4
39
6
25
5
96
3
89
4
19
3
85
6
88
0
90
5
69
6
85
3
5
3
59
6
67
0
10
6
7
6
4
4
3
3
42
3
4
6
29
3
57
7
64
7
97
7
15
6
28
6
75
3
59
5
65
7
59
4
39
6
3
6
57
6
79
6
6
4
86
4
6
3
48
0
40
7
76
5
88
6
59
7
24
4
39
6
8
6
29
3
59
6
39
7
49
7
34
6
19
7
88
4
29
6
7
5
49
1
55
7
36
4
14
5
79
6
53
3
69
4
68
5
3
7
65
6
43
4
78
3
79
6
19
4
84
6
88
4
49
3
26
5
14
4
66
4
89
3
64
3
54
6
29
3
79
3
29
4
14
7
59
6
89
3
46
6
63
7
48
4
47
4
16
3
47
4
66
6
8
6
59
6
29
4
69
3
34
4
63
4
54
7
94
3
29
4
29
4
4
7
28
5
17
6
9
4
49
6
68
2
28
4
43
5
24
0
90
4
99
5
27
3
78
7
89
3
9
3
59
3
79
6
76
5
4
4
7
5
9
1
24
4
34
7
89
5
54
7
79
3
86
3
27
7
99
4
88
6
38
3
9
5
69
6
49
3
79
4
79
7
97
5
59
5
69
3
65
5
45
6
94
6
16
4
43
3
29
4
73
6
45
5
53
5
29
5
46
6
59
5
33
3
84
5
9
5
66
6
35
4
18
6
57
7
9
3
19
3
78
4
85
6
97
3
76
7
49
6
69
7
19
5
99
7
24
6
35
3
67
7
59
3
38
7
29
7
66
4
68
4
39
6
39
3
45
6
89
3
8
7
79
7
69
7
93
7
49
3
29
6
19
6
93
7
78
5
16
5
91
3
55
5
7
7
89
7
84
3
99
6
37
4
32
4
54
3
48
3
69
7
59
5
57
3
49
6
49
5
97
7
49
7
5
3
49
4
33
5
69
6
58
7
58
4
16
6
73
7
41
5
94
3
35
6
69
3
98
4
99
5
3
5
61
7
97
3
8
7
27
6
96
6
79
5
69
5
24
5
25
3
7
6
33
5
39
3
68
4
49
6
84
5
28
7
25
3
8
7
74
6
18
6
96
5
59
3
86
4
66
4
74
4
15
4
77
4
39
3
84
4
47
6
81
4
53
4
16
4
89
3
28
6
49
6
89
4
7
7
58
3
9
0
70
6
56
7
84
3
49
5
39
3
79
7
69
7
84
3
65
6
8
2
31
6
49
7
19
6
79
5
66
5
49
6
87
7
38
6
29
4
55
6
9
5
14
7
6
5
99
4
63
4
66
4
19
5
69
5
18
7
79
3
79
3
19
4
46
7
84
6
45
4
19
7
39
4
75
4
78
7
69
5
79
6
38
4
24
3
86
5
79
5
49
4
79
4
24
3
58
7
99
5
39
5
99
5
88
7
97
3
13
5
44
3
83
4
15
1
16
6
59
5
48
5
5
7
19
4
83
7
47
4
89
6
94
6
83
3
79
4
14
5
69
6
75
7
34
5
39
5
89
5
48
3
24
4
63
1
45
4
9
3
59
3
57
6
15
5
49
3
67
3
49
3
4
7
14
5
19
3
3
7
6
6
43
5
46
4
89
0
10
3
49
4
18
7
99
4
94
3
73
4
89
5
95
7
59
5
9
4
93
5
17
4
48
5
69
7
79
5
85
5
83
5
79
4
23
4
69
7
9
6
38
4
36
5
49
5
89
4
13
0
50
4
56
5
95
4
83
6
58
7
5
5
79
4
69
5
73
3
59
3
69
7
46
6
27
3
43
7
39
6
46
7
55
4
89
7
45
5
49
3
23
4
7
4
98
7
58
5
35
6
5
3
28
4
79
5
58
7
81
3
4
7
69
3
85
3
78
6
39
7
79
4
19
4
79
6
19
7
49
6
56
4
14
3
39
5
24
6
59
4
96
4
69
7
99
7
94
7
75
5
39
4
33
7
55
4
69
7
59
6
25
7
36
4
67
7
74
4
7
7
74
5
54
6
39
3
39
4
59
5
67
7
79
0
20
5
9
7
55
7
25
6
19
6
74
3
19
6
89
3
13
7
54
6
85
3
69
4
87
6
47
5
69
4
66
7
36
5
58
7
24
5
95
4
16
3
24
4
43
7
65
6
19
5
24
3
47
7
24
6
35
6
29
5
36
5
73
3
29
6
44
6
53
4
73
3
46
7
7
6
69
4
36
6
79
5
79
5
54
4
4
4
89
4
89
5
44
7
79
4
7
7
76
7
59
4
9
3
18
4
69
7
4
5
26
5
29
6
19
5
59
5
49
7
79
6
37
3
79
5
4
7
49
4
86
3
64
7
69
3
3
3
7
4
59
3
79
5
98
5
79
7
67
3
21
3
69
6
56
0
50
5
9
5
25
4
9
2
65
6
6
4
44
4
89
4
14
4
39
0
30
7
39
3
90
4
39
6
8
5
86
4
49
3
49
3
34
4
27
4
6
3
35
3
29
7
36
4
1
3
19
6
79
6
49
5
36
3
56
4
27
4
49
7
28
4
69
7
69
6
44
4
39
3
6
1
8
4
18
5
68
1
19
3
99
6
87
6
19
4
60
3
96
4
73
7
64
6
9
5
9
3
76
3
89
4
37
5
64
6
79
3
45
5
39
7
79
5
39
4
9
3
69
6
57
6
17
5
89
7
29
3
55
5
93
5
98
6
3
3
67
6
88
6
79
4
55
7
45
6
49
5
16
5
9
6
37
5
89
6
29
4
89
5
39
6
66
3
94
5
29
4
79
4
19
6
66
3
5
4
17
5
43
7
19
4
68
6
96
4
59
3
49
3
68
6
55
6
53
7
94
1
77
5
87
4
49
3
29
7
84
6
27
4
29
6
43
6
59
3
17
6
46
3
3
3
39
4
17
6
67
4
37
4
76
3
9
5
3
7
79
7
69
6
37
3
39
5
19
4
49
3
86
5
79
7
88
4
87
7
37
3
99
