9
44
9
14
17
59
17
29
16
58
9
44
9
14
16
88
9
64
9
74
9
64
9
74
9
99
9
74
9
34
9
74
9
44
9
64
16
58
9
94
9
94
13
25
14
56
9
94
9
34
9
94
9
99
15
87
9
14
9
94
9
94
16
88
9
34
18
60
9
74
9
74
15
27
9
64
16
88
9
64
16
58
16
28
9
64
9
44
9
99
9
64
9
34
9
99
9
64
9
34
14
26
9
14
9
64
9
44
14
86
9
46
9
99
9
74
19
61
9
64
15
57
17
29
9
44
13
25
9
34
17
89
9
74
9
14
9
74
9
94
17
59
9
99
9
99
9
14
16
58
9
14
9
99
9
94
18
60
9
94
9
94
15
87
9
99
15
87
9
44
9
99
9
14
9
64
13
85
13
25
9
34
15
87
9
94
15
57
9
64
9
99
17
89
9
99
9
74
9
64
9
34
9
44
9
74
9
99
9
94
9
99
9
44
15
27
9
74
9
64
9
64
9
14
13
85
18
21
9
44
9
34
16
58
9
34
18
60
9
44
16
88
9
94
9
64
9
14
9
99
9
44
9
34
9
94
9
14
17
89
9
94
0
50
9
64
9
64
16
28
9
94
9
94
9
94
9
14
17
29
0
60
9
99
15
57
9
94
9
14
9
34
9
44
9
44
9
14
9
99
9
94
9
64
9
99
9
34
9
44
14
26
9
44
17
89
9
99
9
14
9
44
9
99
9
94
9
99
16
58
9
34
9
14
9
57
9
64
9
99
18
60
9
74
9
94
15
87
9
94
9
99
16
22
9
74
9
14
9
64
17
89
17
29
15
27
9
66
9
34
9
44
9
14
9
64
9
99
9
74
9
44
17
89
16
88
9
44
16
88
15
27
16
58
19
31
17
29
9
44
17
89
9
14
9
94
9
74
9
91
9
44
9
14
17
89
9
14
9
74
17
59
9
99
17
89
9
34
15
27
16
88
9
44
9
74
9
14
16
28
9
44
9
94
17
59
9
34
9
64
9
34
9
94
9
74
9
64
18
60
15
87
9
64
16
88
9
44
9
14
9
99
9
14
9
99
9
94
15
57
9
74
9
14
9
64
15
57
14
56
9
74
9
94
9
64
16
58
15
57
15
87
9
74
16
28
13
25
9
74
9
99
0
20
9
94
16
28
17
59
9
44
9
64
9
14
9
34
9
64
9
99
14
26
9
34
9
99
9
2
9
74
9
34
9
34
9
44
9
74
8
85
0
20
9
14
9
64
15
87
16
88
16
28
17
29
9
14
16
28
9
74
9
74
9
34
9
64
9
94
9
99
9
99
15
87
9
44
9
64
9
74
9
99
9
34
17
59
9
14
9
99
17
29
9
44
9
99
9
44
9
34
15
87
8
55
15
57
18
90
9
94
9
44
9
14
9
64
16
28
17
59
1
29
2
39
17
29
9
14
15
57
15
87
9
94
15
57
9
94
15
57
9
64
16
58
9
99
13
55
15
27
9
64
9
14
9
94
9
34
9
44
9
99
16
58
9
94
9
99
19
31
9
74
9
44
9
34
9
99
9
94
16
28
9
94
9
94
0
90
9
74
9
94
9
14
9
64
9
67
0
10
9
14
9
14
9
14
3
42
9
14
9
34
9
64
9
74
9
99
15
27
9
34
15
87
9
64
9
74
9
64
9
44
9
14
9
64
18
90
9
14
9
94
9
14
15
57
0
40
16
88
9
94
9
64
9
34
9
44
9
14
9
34
9
64
9
44
19
61
9
44
18
30
9
94
9
34
9
14
17
59
1
59
9
44
14
26
17
89
9
64
9
74
9
74
9
14
9
74
13
55
16
88
15
87
18
30
9
94
9
94
16
58
9
34
14
26
9
74
9
94
3
69
9
64
9
34
15
87
9
34
14
26
9
64
9
94
15
57
9
74
18
60
16
58
16
28
15
57
9
74
9
14
9
64
9
34
9
74
9
44
9
74
9
64
9
99
9
34
9
34
9
3
9
34
17
29
9
14
16
58
9
74
2
29
13
55
17
22
0
90
9
99
9
34
15
87
9
94
9
14
9
64
15
87
16
88
9
14
9
14
9
14
1
24
9
44
9
94
9
64
19
91
9
94
9
34
9
99
9
94
9
44
9
14
9
74
18
60
15
87
16
88
9
99
9
64
9
74
9
74
15
57
9
99
16
28
13
55
9
34
13
85
15
57
9
64
9
34
16
58
9
64
9
44
9
94
9
14
9
74
9
44
16
28
9
64
9
14
15
27
15
87
9
94
9
99
15
87
19
61
9
74
19
31
9
99
9
34
9
44
9
74
9
64
9
44
9
34
9
74
9
74
9
44
9
44
15
57
9
94
9
14
19
91
9
74
9
93
19
61
9
34
18
30
9
99
18
90
16
28
9
91
9
64
9
14
9
94
9
94
9
99
9
37
9
32
9
64
9
48
9
74
9
64
9
64
15
57
18
60
9
99
19
61
9
14
15
57
9
44
9
74
9
64
9
64
16
28
13
85
9
41
9
99
9
44
9
74
9
99
9
99
9
14
9
61
9
99
9
14
9
34
9
99
18
90
9
74
9
34
9
34
9
14
9
33
9
44
9
74
16
58
9
94
9
34
9
34
9
14
14
86
18
30
9
99
9
64
9
94
9
74
14
86
15
27
16
88
9
44
9
94
16
58
18
81
9
64
16
28
9
94
9
34
18
60
9
94
9
14
9
64
9
14
0
70
9
64
9
94
15
57
9
44
15
87
9
74
9
94
9
74
9
14
2
31
18
60
19
31
18
90
9
74
17
59
9
94
9
44
9
34
9
64
9
14
14
26
9
14
9
99
9
74
9
74
16
28
9
74
17
29
19
91
15
87
15
27
16
58
9
94
15
57
16
28
9
44
15
87
16
88
9
74
17
89
9
44
9
34
9
94
17
89
17
59
16
88
9
34
9
64
9
99
9
44
9
99
9
94
9
99
13
25
14
56
15
83
15
27
1
19
9
64
17
59
9
14
19
31
9
94
17
59
9
94
9
99
9
94
15
87
14
26
9
74
15
87
9
44
9
44
9
94
17
59
9
34
9
74
1
49
9
14
9
64
9
64
15
27
17
59
9
74
15
57
9
14
14
26
17
29
9
14
9
14
13
55
16
58
9
94
0
10
15
57
9
18
9
99
9
99
13
85
9
94
9
99
9
64
9
14
9
99
17
29
16
58
9
74
19
91
9
94
9
94
17
89
9
34
9
74
9
14
9
44
9
44
17
59
9
94
13
25
0
50
9
64
9
99
9
94
9
64
9
14
17
89
9
74
13
85
9
64
9
74
16
58
9
34
13
55
9
44
16
58
9
64
9
94
15
57
17
59
9
34
9
14
9
99
9
64
9
44
9
14
9
34
16
88
9
64
19
81
9
14
9
74
9
94
15
87
9
44
19
91
16
28
16
88
18
30
19
61
9
64
4
19
3
39
9
34
9
64
9
99
9
74
9
99
9
99
15
87
9
44
9
44
9
64
9
74
9
64
9
34
9
44
9
74
14
86
9
14
14
86
9
64
9
44
9
44
9
64
9
74
19
91
0
20
9
14
9
64
9
34
18
30
14
86
15
27
9
94
13
25
9
64
9
94
9
74
9
94
17
59
9
74
9
74
9
44
9
64
9
34
9
99
16
28
9
34
13
55
9
74
18
30
9
34
15
57
9
34
9
44
9
34
9
44
13
85
9
34
14
56
9
64
13
85
3
49
9
14
9
74
9
44
18
90
17
89
9
64
9
14
9
94
9
94
14
56
19
91
9
14
16
88
9
64
9
14
15
27
9
74
9
14
9
34
9
34
18
30
9
64
17
59
19
91
9
44
15
87
9
14
19
61
9
94
9
74
9
74
9
14
9
7
9
64
15
87
9
99
17
89
9
74
15
21
9
74
9
64
0
50
9
14
9
34
9
14
2
69
9
14
14
56
9
94
14
26
9
44
0
30
9
44
3
90
9
44
9
14
9
94
16
58
15
57
9
44
9
34
9
14
9
44
9
34
9
44
9
1
15
27
18
90
18
60
9
44
9
64
9
34
16
58
9
34
9
74
9
74
14
56
9
44
9
14
1
9
16
28
9
74
1
19
9
99
9
94
18
30
4
60
9
99
9
73
9
63
9
14
9
14
15
87
9
94
9
37
9
74
18
90
8
45
9
44
19
91
9
44
9
14
9
74
9
64
17
29
9
94
9
34
9
64
9
99
9
99
9
14
9
74
9
94
18
90
9
64
15
57
18
60
16
28
9
14
9
44
9
94
9
34
9
94
9
44
9
74
9
99
9
34
16
88
16
28
9
74
3
9
16
28
13
55
19
31
9
74
9
99
9
64
15
57
9
74
9
64
9
64
9
93
1
79
9
94
16
58
9
34
9
94
9
34
9
34
13
55
9
64
15
27
16
58
9
14
9
44
16
28
9
74
9
44
16
88
9
14
9
14
19
91
9
74
9
44
9
44
17
29
16
58
9
94
17
89
9
94
9
87
9
44
9
99
