6
36
7
9
8
50
8
20
7
49
9
41
8
6
7
79
9
62
9
72
8
60
8
70
9
99
9
67
8
30
9
72
9
41
9
62
9
49
7
89
9
92
8
16
6
47
7
89
9
32
7
89
9
99
6
78
7
9
6
89
8
86
7
79
6
29
9
51
7
69
6
69
6
19
9
62
7
79
9
61
7
49
7
19
9
61
9
41
8
99
7
59
8
26
9
99
9
59
8
27
9
17
7
9
6
59
7
39
6
77
8
46
9
99
9
69
10
52
9
61
6
48
8
20
9
39
6
16
6
26
8
80
9
72
8
8
6
69
9
88
8
50
9
99
8
99
6
9
7
49
9
11
8
99
9
87
9
51
9
90
9
91
6
79
9
97
6
79
7
39
6
98
9
12
7
59
8
76
8
16
7
29
6
79
9
92
9
48
9
59
9
99
8
80
8
99
9
69
6
59
7
29
6
37
6
66
6
99
6
89
9
99
6
38
6
19
9
71
9
59
8
60
7
9
8
76
9
21
8
36
8
30
7
49
9
31
9
51
8
39
7
79
9
91
7
59
8
10
9
99
9
42
7
27
8
90
9
11
8
80
9
91
0
50
9
61
6
58
9
19
7
87
8
86
9
90
8
10
9
20
0
60
9
97
6
48
9
90
9
12
8
30
6
39
9
42
6
9
6
96
7
89
9
59
7
99
8
28
9
42
8
17
7
39
8
80
6
98
7
8
7
38
8
99
6
89
6
99
7
49
6
29
9
11
9
57
9
61
9
98
9
51
8
70
8
90
6
79
8
89
9
99
7
23
7
69
6
9
9
59
8
80
8
20
6
19
7
66
6
26
7
37
9
9
7
57
7
97
9
67
9
41
8
80
8
79
9
40
7
79
9
18
7
49
10
22
8
20
9
38
8
80
9
10
9
92
7
69
6
91
8
40
9
12
8
80
9
9
7
69
8
50
7
98
8
80
6
29
8
18
7
79
6
39
9
70
8
7
7
19
7
39
6
89
8
50
7
29
9
59
6
26
9
89
9
72
9
61
9
51
6
79
9
60
7
79
8
36
7
9
7
99
8
6
8
97
8
90
8
48
7
68
9
11
7
59
9
48
9
47
9
71
7
86
8
60
7
49
6
49
8
78
8
67
7
19
6
16
9
69
9
99
0
20
9
91
7
19
8
50
9
38
9
61
9
12
9
31
8
60
9
99
8
17
9
28
7
99
6
2
9
70
7
29
9
30
6
39
6
68
8
85
0
20
9
11
7
59
7
78
9
79
9
19
8
20
6
7
9
19
9
70
6
69
7
29
8
57
8
90
6
99
6
97
6
79
7
36
9
59
8
70
7
99
8
30
8
50
7
9
6
99
9
20
7
39
8
98
9
41
9
32
9
78
7
55
9
48
9
81
9
92
9
38
8
10
8
60
9
19
8
50
1
27
2
39
8
20
7
9
6
49
9
78
6
89
6
49
9
87
6
49
7
56
7
49
9
99
7
46
6
19
8
60
9
8
6
88
7
29
7
39
8
98
7
49
6
89
9
98
10
22
9
71
7
39
9
28
8
99
6
89
7
19
6
88
9
91
0
90
8
70
9
88
6
8
6
59
9
67
0
10
9
10
9
7
7
6
3
42
6
7
9
31
6
59
9
67
9
99
9
18
9
31
9
78
6
59
8
68
9
62
7
39
8
6
9
60
9
81
9
9
7
89
7
9
6
49
0
40
9
79
8
90
9
61
9
27
7
39
9
11
9
31
6
59
9
41
10
52
9
37
9
21
9
91
7
29
9
10
8
50
1
58
9
39
7
17
8
80
8
56
6
69
7
69
8
6
9
68
8
46
7
79
6
79
9
21
7
87
9
91
7
49
6
29
8
17
7
69
7
89
3
67
6
57
9
31
6
79
6
29
7
17
9
62
9
91
6
49
8
66
9
51
7
49
7
19
6
49
7
69
9
11
9
61
9
31
7
69
6
37
7
66
7
57
9
97
6
29
7
29
7
4
9
31
8
20
9
11
7
49
9
71
2
29
7
46
8
24
0
90
7
99
8
30
6
79
9
92
6
9
6
59
6
79
9
79
8
7
7
9
8
10
1
24
7
37
9
92
8
57
10
82
6
89
6
29
9
99
7
89
9
41
6
9
8
70
9
51
6
79
7
79
9
99
8
60
8
70
6
68
8
48
9
97
9
19
7
46
6
29
7
76
9
48
8
56
8
30
8
49
9
61
8
36
6
87
8
10
8
69
9
38
7
19
9
60
9
12
6
19
6
79
7
88
9
99
6
79
10
52
9
71
10
22
8
99
9
27
9
38
6
69
9
62
6
39
9
32
9
69
7
69
7
39
9
41
6
48
9
91
6
9
10
82
9
72
9
93
10
52
6
29
9
21
8
96
9
81
8
19
8
91
6
58
8
10
9
92
9
87
6
99
9
37
7
32
7
57
6
48
6
69
9
62
8
60
6
49
9
51
8
99
10
52
9
8
6
49
7
36
8
70
9
61
9
61
7
19
8
76
9
41
8
97
6
38
9
71
6
99
7
99
8
6
8
61
9
99
6
9
9
30
9
99
9
81
8
70
8
27
8
28
6
9
9
33
8
40
6
69
7
49
9
87
8
30
9
28
6
9
9
77
9
21
9
99
8
60
6
89
7
69
7
77
7
18
7
79
7
39
6
87
7
49
9
81
7
56
7
19
7
89
6
29
9
51
9
91
7
9
9
61
6
9
0
70
9
59
9
87
6
49
8
40
6
79
9
72
9
87
6
68
9
11
2
31
9
51
10
22
9
81
8
69
8
50
9
90
9
41
9
31
7
58
9
11
8
17
9
9
8
99
7
66
7
69
7
19
8
70
8
20
10
82
6
79
6
19
7
49
9
87
9
48
7
19
9
42
7
78
7
79
9
72
8
80
9
41
7
27
6
89
8
80
8
50
7
79
7
27
6
59
9
99
8
40
8
99
8
90
9
99
6
16
8
47
6
83
7
18
1
19
9
61
8
50
8
8
10
22
7
86
9
50
7
89
9
97
8
86
6
79
7
17
8
70
9
78
9
37
8
40
8
90
8
50
6
27
7
66
1
48
7
9
6
59
6
59
9
18
8
50
6
69
6
49
6
7
9
17
8
20
6
6
9
9
8
46
8
49
7
89
0
10
6
49
7
18
9
99
7
97
6
76
7
89
8
98
9
62
8
10
7
96
8
20
7
49
8
70
10
82
8
88
8
86
8
80
7
26
7
69
9
12
9
41
7
39
8
50
8
90
7
16
0
50
7
59
8
98
7
86
9
61
9
8
8
80
7
69
8
76
6
59
6
69
9
49
9
30
6
46
9
42
9
49
9
58
7
89
9
48
8
50
6
26
7
9
7
99
9
61
8
38
9
8
6
29
7
79
8
60
10
81
6
7
9
72
6
88
6
79
9
41
10
82
7
19
7
79
9
21
10
52
9
59
4
17
3
39
8
27
9
61
7
99
7
69
9
99
9
97
9
78
8
40
7
36
9
58
7
69
9
62
9
28
9
39
7
69
9
77
7
9
9
77
8
57
9
41
6
39
7
59
8
70
10
82
0
20
8
10
9
58
9
28
9
21
9
77
6
19
9
91
6
16
9
57
9
88
6
69
7
89
9
50
8
70
7
69
9
39
8
60
9
27
8
98
7
19
6
27
7
46
9
68
9
21
8
27
6
49
9
27
9
38
9
31
8
39
8
76
6
29
9
47
8
56
7
76
3
49
9
10
9
71
7
39
9
81
8
80
8
57
7
7
7
89
7
89
8
47
10
82
7
9
9
79
9
62
7
9
6
19
7
69
9
7
8
29
8
30
9
21
8
60
8
50
10
82
9
40
6
79
8
7
10
52
7
89
6
67
9
72
6
6
6
7
7
59
6
79
8
99
8
80
9
70
6
21
6
69
9
59
0
50
8
10
8
28
7
9
2
68
9
9
7
47
7
89
7
17
7
39
0
30
9
42
3
90
7
39
9
11
8
89
7
49
6
49
6
37
7
29
7
9
6
38
6
29
9
39
7
1
6
19
9
81
9
51
8
39
6
59
7
29
7
49
9
31
7
69
9
72
9
47
7
39
6
9
1
9
7
19
8
70
1
19
6
99
9
90
9
21
4
60
6
99
7
73
9
63
9
11
8
10
6
79
6
89
7
37
8
67
9
81
6
45
8
40
10
82
8
40
7
9
6
69
9
60
9
20
8
90
9
32
6
58
8
96
8
99
8
6
6
69
9
91
9
81
7
58
9
48
9
51
8
19
8
10
9
40
8
90
9
31
7
89
8
40
9
69
6
97
8
30
7
79
7
19
9
69
3
8
7
19
8
46
10
22
7
69
9
99
7
59
6
49
6
69
9
58
8
56
9
93
1
79
8
90
7
49
6
29
9
87
9
30
7
29
8
46
9
61
6
19
9
49
6
6
6
39
7
19
9
70
7
39
7
79
6
9
8
6
10
82
9
72
9
40
6
39
8
20
7
49
6
89
8
80
9
91
7
87
9
40
6
99
