9
44
9
14
19
61
19
31
18
60
9
44
9
14
18
90
9
64
9
74
9
64
9
74
9
99
9
74
9
34
9
74
9
44
9
64
18
60
9
94
9
94
15
27
16
58
9
94
9
34
9
94
9
99
17
89
9
14
9
94
9
94
18
90
9
34
19
62
9
74
9
74
17
29
9
64
18
90
9
64
18
60
18
30
9
64
9
44
9
99
9
64
9
34
9
99
9
64
9
34
16
28
9
14
9
64
9
44
16
88
9
46
9
99
9
74
19
63
9
64
17
59
19
31
9
44
15
27
9
34
19
91
9
74
9
14
9
74
9
94
19
61
9
99
9
99
9
14
18
60
9
14
9
99
9
94
19
62
9
94
9
94
17
89
9
99
17
89
9
44
9
99
9
14
9
64
15
87
15
27
9
34
17
89
9
94
17
59
9
64
9
99
19
91
9
99
9
74
9
64
9
34
9
44
9
74
9
99
9
94
9
99
9
44
17
29
9
74
9
64
9
64
9
14
15
87
19
21
9
44
9
34
18
60
9
34
19
62
9
44
18
90
9
94
9
64
9
14
9
99
9
44
9
34
9
94
9
14
19
91
9
94
0
50
9
64
9
64
18
30
9
94
9
94
9
94
9
14
19
31
0
60
9
99
17
59
9
94
9
14
9
34
9
44
9
44
9
14
9
99
9
94
9
64
9
99
9
34
9
44
16
28
9
44
19
91
9
99
9
14
9
44
9
99
9
94
9
99
18
60
9
34
9
14
9
57
9
64
9
99
19
62
9
74
9
94
17
89
9
94
9
99
18
22
9
74
9
14
9
64
19
91
19
31
17
29
9
66
9
34
9
44
9
14
9
64
9
99
9
74
9
44
19
91
18
90
9
44
18
90
17
29
18
60
19
33
19
31
9
44
19
91
9
14
9
94
9
74
9
91
9
44
9
14
19
91
9
14
9
74
19
61
9
99
19
91
9
34
17
29
18
90
9
44
9
74
9
14
18
30
9
44
9
94
19
61
9
34
9
64
9
34
9
94
9
74
9
64
19
62
17
89
9
64
18
90
9
44
9
14
9
99
9
14
9
99
9
94
17
59
9
74
9
14
9
64
17
59
16
58
9
74
9
94
9
64
18
60
17
59
17
89
9
74
18
30
15
27
9
74
9
99
0
20
9
94
18
30
19
61
9
44
9
64
9
14
9
34
9
64
9
99
16
28
9
34
9
99
9
2
9
74
9
34
9
34
9
44
9
74
8
85
0
20
9
14
9
64
17
89
18
90
18
30
19
31
9
14
18
30
9
74
9
74
9
34
9
64
9
94
9
99
9
99
17
89
9
44
9
64
9
74
9
99
9
34
19
61
9
14
9
99
19
31
9
44
9
99
9
44
9
34
17
89
8
55
17
59
19
92
9
94
9
44
9
14
9
64
18
30
19
61
1
29
2
39
19
31
9
14
17
59
17
89
9
94
17
59
9
94
17
59
9
64
18
60
9
99
15
57
17
29
9
64
9
14
9
94
9
34
9
44
9
99
18
60
9
94
9
99
19
33
9
74
9
44
9
34
9
99
9
94
18
30
9
94
9
94
0
90
9
74
9
94
9
14
9
64
9
67
0
10
9
14
9
14
9
14
3
42
9
14
9
34
9
64
9
74
9
99
17
29
9
34
17
89
9
64
9
74
9
64
9
44
9
14
9
64
19
92
9
14
9
94
9
14
17
59
0
40
18
90
9
94
9
64
9
34
9
44
9
14
9
34
9
64
9
44
19
63
9
44
19
32
9
94
9
34
9
14
19
61
1
59
9
44
16
28
19
91
9
64
9
74
9
74
9
14
9
74
15
57
18
90
17
89
19
32
9
94
9
94
18
60
9
34
16
28
9
74
9
94
3
69
9
64
9
34
17
89
9
34
16
28
9
64
9
94
17
59
9
74
19
62
18
60
18
30
17
59
9
74
9
14
9
64
9
34
9
74
9
44
9
74
9
64
9
99
9
34
9
34
9
3
9
34
19
31
9
14
18
60
9
74
2
29
15
57
19
22
0
90
9
99
9
34
17
89
9
94
9
14
9
64
17
89
18
90
9
14
9
14
9
14
1
24
9
44
9
94
9
64
19
93
9
94
9
34
9
99
9
94
9
44
9
14
9
74
19
62
17
89
18
90
9
99
9
64
9
74
9
74
17
59
9
99
18
30
15
57
9
34
15
87
17
59
9
64
9
34
18
60
9
64
9
44
9
94
9
14
9
74
9
44
18
30
9
64
9
14
17
29
17
89
9
94
9
99
17
89
19
63
9
74
19
33
9
99
9
34
9
44
9
74
9
64
9
44
9
34
9
74
9
74
9
44
9
44
17
59
9
94
9
14
19
93
9
74
9
93
19
63
9
34
19
32
9
99
19
92
18
30
9
91
9
64
9
14
9
94
9
94
9
99
9
37
9
32
9
64
9
48
9
74
9
64
9
64
17
59
19
62
9
99
19
63
9
14
17
59
9
44
9
74
9
64
9
64
18
30
15
87
9
41
9
99
9
44
9
74
9
99
9
99
9
14
9
61
9
99
9
14
9
34
9
99
19
92
9
74
9
34
9
34
9
14
9
33
9
44
9
74
18
60
9
94
9
34
9
34
9
14
16
88
19
32
9
99
9
64
9
94
9
74
16
88
17
29
18
90
9
44
9
94
18
60
19
81
9
64
18
30
9
94
9
34
19
62
9
94
9
14
9
64
9
14
0
70
9
64
9
94
17
59
9
44
17
89
9
74
9
94
9
74
9
14
2
31
19
62
19
33
19
92
9
74
19
61
9
94
9
44
9
34
9
64
9
14
16
28
9
14
9
99
9
74
9
74
18
30
9
74
19
31
19
93
17
89
17
29
18
60
9
94
17
59
18
30
9
44
17
89
18
90
9
74
19
91
9
44
9
34
9
94
19
91
19
61
18
90
9
34
9
64
9
99
9
44
9
99
9
94
9
99
15
27
16
58
17
83
17
29
1
19
9
64
19
61
9
14
19
33
9
94
19
61
9
94
9
99
9
94
17
89
16
28
9
74
17
89
9
44
9
44
9
94
19
61
9
34
9
74
1
49
9
14
9
64
9
64
17
29
19
61
9
74
17
59
9
14
16
28
19
31
9
14
9
14
15
57
18
60
9
94
0
10
17
59
9
18
9
99
9
99
15
87
9
94
9
99
9
64
9
14
9
99
19
31
18
60
9
74
19
93
9
94
9
94
19
91
9
34
9
74
9
14
9
44
9
44
19
61
9
94
15
27
0
50
9
64
9
99
9
94
9
64
9
14
19
91
9
74
15
87
9
64
9
74
18
60
9
34
15
57
9
44
18
60
9
64
9
94
17
59
19
61
9
34
9
14
9
99
9
64
9
44
9
14
9
34
18
90
9
64
19
81
9
14
9
74
9
94
17
89
9
44
19
93
18
30
18
90
19
32
19
63
9
64
4
19
3
39
9
34
9
64
9
99
9
74
9
99
9
99
17
89
9
44
9
44
9
64
9
74
9
64
9
34
9
44
9
74
16
88
9
14
16
88
9
64
9
44
9
44
9
64
9
74
19
93
0
20
9
14
9
64
9
34
19
32
16
88
17
29
9
94
15
27
9
64
9
94
9
74
9
94
19
61
9
74
9
74
9
44
9
64
9
34
9
99
18
30
9
34
15
57
9
74
19
32
9
34
17
59
9
34
9
44
9
34
9
44
15
87
9
34
16
58
9
64
15
87
3
49
9
14
9
74
9
44
19
92
19
91
9
64
9
14
9
94
9
94
16
58
19
93
9
14
18
90
9
64
9
14
17
29
9
74
9
14
9
34
9
34
19
32
9
64
19
61
19
93
9
44
17
89
9
14
19
63
9
94
9
74
9
74
9
14
9
7
9
64
17
89
9
99
19
91
9
74
17
21
9
74
9
64
0
50
9
14
9
34
9
14
2
69
9
14
16
58
9
94
16
28
9
44
0
30
9
44
3
90
9
44
9
14
9
94
18
60
17
59
9
44
9
34
9
14
9
44
9
34
9
44
9
1
17
29
19
92
19
62
9
44
9
64
9
34
18
60
9
34
9
74
9
74
16
58
9
44
9
14
1
9
18
30
9
74
1
19
9
99
9
94
19
32
4
60
9
99
9
73
9
63
9
14
9
14
17
89
9
94
9
37
9
74
19
92
8
45
9
44
19
93
9
44
9
14
9
74
9
64
19
31
9
94
9
34
9
64
9
99
9
99
9
14
9
74
9
94
19
92
9
64
17
59
19
62
18
30
9
14
9
44
9
94
9
34
9
94
9
44
9
74
9
99
9
34
18
90
18
30
9
74
3
9
18
30
15
57
19
33
9
74
9
99
9
64
17
59
9
74
9
64
9
64
9
93
1
79
9
94
18
60
9
34
9
94
9
34
9
34
15
57
9
64
17
29
18
60
9
14
9
44
18
30
9
74
9
44
18
90
9
14
9
14
19
93
9
74
9
44
9
44
19
31
18
60
9
94
19
91
9
94
9
87
9
44
9
99
