1
30
1
9
2
47
2
19
1
48
4
35
3
0
1
74
4
59
4
69
2
59
2
65
4
95
4
61
2
27
4
69
3
39
4
59
4
43
1
89
4
89
3
10
0
41
1
89
4
26
1
89
3
95
0
72
1
8
0
87
4
80
1
78
0
25
4
45
1
68
0
68
0
14
4
56
1
75
3
58
1
44
1
13
3
59
3
35
2
95
1
54
4
20
3
95
3
53
2
21
3
11
1
6
0
55
1
35
0
71
2
46
4
94
4
63
4
47
3
55
0
42
2
17
3
33
1
10
1
20
2
78
4
68
2
2
0
64
3
82
2
46
4
95
2
98
0
4
1
46
4
5
2
98
4
81
3
46
4
84
3
87
0
75
3
91
0
76
1
36
0
92
4
8
1
55
4
70
3
10
1
24
0
79
4
86
4
42
3
53
3
96
2
78
2
99
3
63
0
54
1
25
0
31
1
60
0
93
0
86
4
96
0
32
0
14
3
69
4
53
2
58
1
4
4
70
3
21
3
30
2
25
1
49
3
28
3
48
2
33
1
78
3
85
1
53
2
8
4
94
4
38
1
21
2
84
3
5
2
75
3
87
0
50
3
57
0
52
3
13
1
81
4
80
4
84
2
7
3
14
0
60
3
91
0
42
4
84
4
6
2
24
0
38
4
37
0
8
1
90
1
83
4
53
1
96
2
22
4
37
2
11
1
34
2
74
0
92
1
2
1
32
2
93
0
86
0
99
1
47
0
26
3
7
3
57
3
57
4
92
3
46
2
65
2
85
0
77
2
83
4
98
1
23
1
67
0
5
3
53
2
75
2
16
0
15
1
66
1
20
1
31
4
3
1
51
1
91
3
61
3
37
2
74
2
73
4
34
1
75
3
12
1
46
4
16
2
14
3
32
2
76
3
4
4
86
1
63
0
91
2
36
4
9
2
75
4
3
1
65
2
44
1
92
2
75
0
26
2
12
1
74
0
33
4
64
2
1
1
16
1
37
0
86
2
48
1
24
4
53
1
20
3
83
4
68
4
55
3
47
0
74
3
54
1
75
4
30
1
5
1
97
3
0
2
91
2
89
2
42
1
62
3
6
1
59
4
42
3
41
3
67
2
80
2
59
1
43
0
43
2
72
2
61
1
18
1
10
4
63
3
99
0
20
4
85
1
14
2
49
3
32
3
57
4
9
3
26
2
57
4
96
2
11
4
22
1
95
0
2
4
64
1
26
3
24
0
37
0
62
2
85
0
20
3
7
1
55
1
72
4
73
3
13
2
16
0
1
3
13
4
64
0
64
1
23
2
51
2
85
0
98
0
91
0
75
2
30
3
53
2
65
1
96
2
28
2
45
1
6
0
94
4
14
1
36
2
92
4
35
4
27
4
72
1
55
4
42
3
76
4
88
4
32
2
8
2
55
4
13
2
45
1
21
2
39
2
14
1
9
0
44
3
72
0
83
0
47
3
81
0
48
2
50
1
48
3
96
2
40
0
15
2
59
4
2
0
82
1
29
1
39
2
92
1
48
0
83
4
92
4
17
3
65
1
36
3
22
2
93
0
88
1
18
0
82
3
85
0
90
2
66
3
82
0
2
0
57
3
67
0
10
3
4
3
1
2
0
3
42
0
1
3
27
0
54
4
61
4
94
4
12
3
25
3
72
0
57
2
62
4
57
1
36
4
0
3
54
3
78
3
3
1
83
1
3
0
45
0
40
4
73
2
85
3
58
4
21
1
39
3
5
3
29
0
56
3
37
4
48
4
31
3
17
4
85
1
27
3
4
2
49
1
52
4
33
1
11
2
79
4
50
0
68
1
65
3
0
4
62
4
40
1
75
0
77
3
18
1
81
3
85
1
49
0
23
2
11
1
63
1
87
3
61
0
51
3
29
0
79
0
29
1
11
4
57
3
86
0
43
4
60
4
45
1
44
1
13
0
44
1
63
3
5
3
58
3
28
1
68
0
31
2
60
1
51
4
91
0
26
1
27
1
4
4
25
2
14
3
7
1
49
3
65
2
25
2
40
2
24
0
90
1
99
2
24
0
75
4
87
0
6
0
58
0
79
3
73
2
1
1
4
2
7
0
24
1
31
4
88
2
51
4
76
0
83
0
24
4
97
1
85
3
35
0
8
2
66
3
49
0
78
1
76
4
94
2
58
2
67
0
62
2
42
3
91
3
13
2
40
0
29
2
70
3
42
3
50
2
27
2
43
3
57
3
30
0
81
2
7
2
63
3
32
1
15
3
54
4
7
0
16
0
75
1
82
3
94
0
73
4
47
3
67
4
18
2
97
4
21
3
32
0
64
4
58
0
35
4
27
4
63
1
65
1
36
3
36
0
42
3
87
0
5
4
76
4
69
4
93
4
46
0
26
3
19
4
90
4
75
2
13
3
90
0
52
2
4
4
89
4
81
0
97
3
37
1
32
1
51
0
48
0
68
4
57
2
54
0
47
3
46
2
94
4
47
4
2
0
48
2
30
2
66
3
55
4
55
1
13
4
70
4
41
2
91
0
32
3
69
0
95
1
96
3
0
2
61
4
94
0
5
4
24
3
93
3
76
2
67
2
21
2
22
0
4
3
33
2
37
0
65
1
47
3
81
2
25
4
22
0
5
4
71
3
15
3
93
2
57
0
83
1
63
1
71
1
12
1
74
1
36
0
81
1
44
3
81
2
50
1
13
1
87
0
25
3
47
3
89
1
4
4
55
0
7
0
70
3
53
4
81
0
49
2
39
0
79
4
69
4
81
0
62
3
5
2
31
3
48
4
18
3
77
2
63
2
47
3
84
4
35
3
29
1
52
3
9
2
11
4
3
2
98
2
60
1
63
1
16
2
69
2
15
4
76
0
76
0
17
1
43
4
81
3
42
1
17
4
38
1
72
1
75
4
66
2
77
3
35
1
21
0
83
2
77
2
48
1
76
1
21
0
55
4
98
2
39
2
98
2
85
4
94
1
10
2
41
0
83
1
12
1
13
3
56
2
45
2
2
4
19
2
80
4
44
1
89
3
91
4
80
0
77
1
11
2
66
3
72
4
31
2
39
2
87
2
45
0
21
2
60
0
42
1
6
0
59
0
54
3
12
2
46
0
64
0
47
0
1
4
11
2
17
1
0
4
3
4
40
2
43
1
86
0
10
0
48
1
19
4
99
1
91
1
70
1
87
2
92
4
57
2
8
2
90
2
14
1
45
2
66
4
77
2
82
3
80
2
76
2
20
1
68
4
9
3
35
1
33
2
47
2
87
2
10
0
50
1
53
2
92
2
80
3
55
4
2
2
76
1
67
3
70
0
59
0
69
4
43
3
24
1
40
4
39
3
43
4
52
1
89
4
42
2
48
1
20
1
4
1
95
4
55
2
32
3
2
0
25
1
78
2
55
4
81
0
1
4
67
0
82
0
75
3
37
4
79
1
17
1
79
3
18
4
46
3
53
4
11
3
36
2
21
3
59
1
93
1
66
4
96
4
91
4
72
2
39
2
30
4
52
1
69
4
57
3
22
4
33
1
64
4
71
1
4
4
71
2
51
3
36
0
36
1
59
2
64
4
77
0
20
2
8
4
52
4
22
3
17
3
71
0
18
3
87
1
10
4
51
3
82
0
66
1
84
3
44
2
67
1
63
4
33
2
55
4
21
2
92
1
13
0
21
2
40
4
62
3
17
2
21
0
44
4
21
3
32
3
28
2
33
3
70
0
27
3
41
4
50
2
70
3
43
4
4
3
66
1
33
3
77
2
79
2
51
1
1
1
86
1
89
2
41
4
77
1
4
4
73
4
56
1
6
0
15
1
66
4
1
2
23
2
29
3
17
2
58
2
47
4
76
3
34
0
76
2
1
4
47
1
83
0
61
4
67
1
0
0
7
1
58
0
77
2
95
2
79
4
64
1
20
0
67
3
53
0
50
2
8
2
22
1
9
2
62
3
3
1
41
1
88
1
11
1
36
0
30
4
36
3
90
1
36
3
5
2
83
1
47
0
48
0
31
1
24
1
3
0
32
0
28
4
33
1
1
0
17
3
79
3
49
2
33
0
53
1
24
1
47
4
25
1
69
4
67
3
41
1
36
0
3
0
5
1
15
2
65
1
16
0
96
3
84
3
17
4
60
0
93
1
73
4
64
3
7
2
9
0
73
0
87
1
37
2
61
3
77
0
45
2
36
4
78
2
38
1
9
0
69
3
54
3
14
2
88
4
28
0
52
3
90
2
95
4
0
0
64
3
85
3
76
1
52
4
42
3
48
2
13
2
9
3
34
2
89
3
28
1
88
2
38
3
63
0
91
2
28
1
77
1
18
3
63
3
2
1
14
3
40
4
17
1
65
3
93
1
58
0
46
0
65
3
52
4
50
4
94
1
74
2
84
1
46
0
27
4
81
3
24
1
27
4
40
3
56
0
14
3
43
1
0
0
37
1
14
3
64
1
34
1
73
0
8
3
0
4
77
4
69
3
34
0
39
2
17
1
46
0
83
2
78
4
85
1
87
4
34
0
96
