8
38
9
11
10
52
10
22
9
51
9
43
9
8
9
81
9
64
9
74
9
62
9
72
9
99
9
69
9
32
9
74
9
43
9
64
9
51
9
91
9
94
9
18
8
49
9
91
9
34
9
91
9
99
8
80
9
11
8
90
9
88
9
81
8
30
11
53
9
71
8
70
8
20
9
64
9
81
9
63
9
51
9
21
9
63
9
43
9
99
9
61
9
28
9
99
9
61
9
29
9
19
9
11
8
60
9
41
8
79
9
46
9
99
9
71
12
54
9
63
8
50
10
22
9
41
8
18
8
28
10
82
9
74
9
10
8
70
9
90
10
52
9
99
9
99
8
10
9
51
9
13
9
99
9
89
11
53
9
92
9
93
8
80
9
99
8
80
9
41
8
99
9
14
9
61
9
78
9
18
9
31
8
80
9
94
9
50
9
61
9
99
10
82
9
99
9
71
8
60
9
31
8
39
8
68
8
99
8
90
9
99
8
40
8
20
9
73
9
61
9
62
9
11
9
78
11
21
9
38
9
32
9
51
9
33
11
53
9
41
9
81
9
93
9
61
9
12
9
99
9
44
9
29
9
92
9
13
10
82
9
93
0
50
9
63
8
60
9
21
9
89
9
88
9
92
9
12
10
22
0
60
9
99
8
50
9
92
9
14
9
32
8
40
9
44
8
10
8
98
9
91
9
61
9
99
9
30
9
44
9
19
9
41
10
82
8
99
9
10
9
40
9
99
8
90
8
99
9
51
8
30
9
13
9
57
9
63
9
99
11
53
9
72
9
92
8
80
9
91
9
99
9
23
9
71
8
10
9
61
10
82
10
22
8
20
9
66
8
28
9
39
9
11
9
59
9
99
9
69
9
43
10
82
9
81
9
42
9
81
9
20
9
51
12
24
10
22
9
40
10
82
9
12
9
94
9
71
8
91
9
42
9
14
10
82
9
11
9
71
10
52
9
99
10
82
8
30
9
20
9
81
8
40
9
72
9
9
9
21
9
41
8
90
10
52
9
31
9
61
8
28
9
91
9
74
9
63
11
53
8
80
9
62
9
81
9
38
9
11
9
99
9
8
9
99
9
92
9
50
9
70
9
13
9
61
9
50
9
49
9
73
9
88
9
62
9
51
8
50
9
80
9
69
9
21
8
18
9
71
9
99
0
20
9
93
9
21
10
52
9
40
9
63
9
14
9
33
9
62
9
99
9
19
9
30
9
99
8
2
9
72
9
31
9
32
8
40
8
70
8
85
0
20
9
13
9
61
9
80
9
81
9
21
10
22
8
9
9
21
9
72
8
70
9
31
9
59
9
92
8
99
8
99
8
80
9
38
9
61
9
72
9
99
9
32
10
52
9
11
8
99
10
22
9
41
9
99
9
43
9
34
9
80
8
55
9
50
11
83
9
94
9
40
9
12
9
62
9
21
10
52
1
29
2
39
10
22
9
11
8
50
9
80
8
90
8
50
9
89
8
50
9
58
9
51
9
99
9
48
8
20
9
62
9
10
8
90
9
31
9
41
9
99
9
51
8
90
9
99
12
24
9
73
9
41
9
30
9
99
8
90
9
21
8
90
9
93
0
90
9
72
9
90
8
10
8
60
9
67
0
10
9
12
9
9
9
8
3
42
8
9
9
33
8
60
9
69
9
99
9
20
9
33
9
80
8
60
9
70
9
64
9
41
9
8
9
62
11
83
9
11
9
91
9
11
8
50
0
40
9
81
9
92
9
63
9
29
9
41
9
13
9
33
8
60
9
43
12
54
9
39
11
23
9
93
9
31
9
12
10
52
1
59
9
41
9
19
10
82
9
58
8
70
9
71
9
8
9
70
9
48
9
81
8
80
11
23
9
89
9
93
9
51
8
30
9
19
9
71
9
91
3
69
8
59
9
33
8
80
8
30
9
19
9
64
9
93
8
50
9
68
11
53
9
51
9
21
8
50
9
71
9
13
9
63
9
33
9
71
8
39
9
68
9
59
9
99
8
30
9
31
9
3
9
33
10
22
9
13
9
51
9
73
2
29
9
48
10
22
0
90
9
99
9
32
8
80
9
94
8
10
8
60
8
80
9
81
9
9
9
11
9
12
1
24
9
39
9
94
9
59
12
84
8
90
8
30
9
99
9
91
9
43
8
10
9
72
11
53
8
80
9
81
9
99
9
62
9
72
8
70
9
50
9
99
9
21
9
48
8
30
9
78
9
50
9
58
9
32
9
51
9
63
9
38
8
89
9
12
9
71
9
40
9
21
9
62
9
14
8
20
8
80
9
90
9
99
8
80
12
54
9
73
12
24
9
99
9
29
9
40
8
70
9
64
8
40
9
34
9
71
9
71
9
41
9
43
8
50
9
93
8
10
12
84
9
74
9
93
12
54
8
30
11
23
9
98
11
83
9
21
9
91
8
60
9
12
9
94
9
89
8
99
9
37
9
32
9
59
8
48
8
70
9
64
9
62
8
50
11
53
9
99
12
54
9
10
8
50
9
38
9
72
9
63
9
63
9
21
9
78
9
41
9
99
8
40
9
73
8
99
9
99
9
8
9
61
9
99
8
10
9
32
9
99
11
83
9
72
9
29
9
30
8
10
9
33
9
42
8
70
9
51
9
89
9
32
9
30
8
10
9
79
11
23
9
99
9
62
8
90
9
71
9
79
9
20
9
81
9
41
8
89
9
51
11
81
9
58
9
21
9
91
8
30
11
53
9
93
9
11
9
63
8
10
0
70
9
61
9
89
8
50
9
42
8
80
9
74
9
89
8
70
9
13
2
31
11
53
12
24
11
83
9
71
10
52
9
92
9
43
9
33
9
60
9
13
9
19
9
11
9
99
9
68
9
71
9
21
9
72
10
22
12
84
8
80
8
20
9
51
9
89
9
50
9
21
9
44
9
80
9
81
9
74
10
82
9
43
9
29
8
90
10
82
10
52
9
81
9
29
8
60
9
99
9
42
9
99
9
92
9
99
8
18
9
49
8
83
9
20
1
19
9
63
10
52
9
10
12
24
9
88
10
52
9
91
9
99
9
88
8
80
9
19
9
72
9
80
9
39
9
42
9
92
10
52
8
29
9
68
1
49
9
11
8
60
8
60
9
20
10
52
8
70
8
50
8
9
9
19
10
22
8
8
9
11
9
48
9
51
9
91
0
10
8
50
9
18
9
99
9
99
8
78
9
91
9
99
9
64
9
12
9
98
10
22
9
51
9
72
12
84
9
90
9
88
10
82
9
28
9
71
9
14
9
43
9
41
10
52
9
92
9
18
0
50
9
61
9
99
9
88
9
63
9
10
10
82
9
71
9
78
8
60
8
70
9
51
9
32
8
48
9
44
9
51
9
60
9
91
9
50
10
52
8
28
9
11
9
99
9
63
9
40
9
10
8
30
9
81
9
62
12
81
8
9
9
74
8
90
8
80
9
43
12
84
9
21
9
81
11
23
12
54
9
61
4
19
3
39
9
29
9
63
9
99
9
71
9
99
9
99
9
80
9
42
9
38
9
60
9
71
9
64
9
30
9
41
9
71
9
79
9
11
9
79
9
59
9
43
8
40
9
61
9
72
12
84
0
20
9
12
9
60
9
30
11
23
9
79
8
20
9
93
8
18
9
59
9
90
8
70
9
91
10
52
9
72
9
71
9
41
9
62
9
29
9
99
9
21
8
29
9
48
9
70
11
23
9
29
8
50
9
29
9
40
9
33
9
41
9
78
8
30
9
49
9
58
9
78
3
49
9
12
9
73
9
41
11
83
10
82
9
59
9
9
9
91
9
91
9
49
12
84
9
11
9
81
9
64
9
11
8
20
9
71
9
9
9
31
9
32
11
23
9
62
10
52
12
84
9
42
8
80
9
9
12
54
9
91
8
69
9
74
8
8
8
7
9
61
8
80
9
99
10
82
9
72
8
21
8
70
9
61
0
50
9
12
9
30
9
11
2
69
9
11
9
49
9
91
9
19
9
41
0
30
9
44
3
90
9
41
9
13
9
91
9
51
8
50
8
39
9
31
9
11
8
40
8
30
9
41
9
1
8
20
11
83
11
53
9
41
8
60
9
31
9
51
9
33
9
71
9
74
9
49
9
41
8
10
1
9
9
21
9
72
1
19
8
99
9
92
11
23
4
60
8
99
9
73
9
63
9
13
9
12
8
80
8
90
9
37
9
69
11
83
8
45
9
42
12
84
9
42
9
11
8
70
9
62
10
22
9
92
9
34
8
60
9
98
9
99
9
8
8
70
9
93
11
83
9
60
9
50
11
53
9
21
9
12
9
42
9
92
9
33
9
91
9
42
9
71
8
99
9
32
9
81
9
21
9
71
3
9
9
21
9
48
12
24
9
71
9
99
9
61
8
50
8
70
9
60
9
58
9
93
1
79
9
92
9
51
8
30
9
89
9
32
9
31
9
48
9
63
8
20
9
51
8
8
8
40
9
21
9
72
9
41
9
81
8
10
9
8
12
84
9
74
9
42
8
40
10
22
9
51
8
90
10
82
9
93
9
87
9
42
8
99
