5
35
6
9
7
49
7
19
6
49
9
40
7
5
6
79
9
61
9
71
7
59
7
69
9
99
8
66
7
29
9
71
8
40
9
61
9
48
6
89
9
91
7
15
5
46
6
89
9
31
6
89
8
99
5
77
6
9
5
89
8
85
6
79
5
29
9
50
6
69
5
69
5
19
9
61
6
79
8
60
6
49
6
18
8
60
8
40
7
99
6
59
8
25
8
99
8
58
7
26
8
16
6
9
5
59
6
39
5
76
7
46
9
99
9
68
9
51
8
60
5
47
7
19
8
38
5
15
5
25
7
79
9
71
7
7
5
69
8
87
7
49
9
99
7
99
5
9
6
49
9
10
7
99
8
86
8
50
9
89
8
90
5
79
8
96
5
79
6
39
5
97
9
11
6
59
8
75
7
15
6
29
5
79
9
91
9
47
8
58
8
99
7
79
7
99
8
68
5
59
6
29
5
36
5
65
5
98
5
89
9
99
5
37
5
19
8
70
9
58
7
59
6
9
8
75
8
21
7
35
7
29
6
49
8
30
8
50
7
38
6
79
8
90
6
58
7
9
9
99
9
41
6
26
7
89
8
10
7
79
8
90
0
50
8
60
5
57
8
18
6
86
8
85
9
89
7
9
8
19
0
60
8
96
5
47
9
89
9
11
7
29
5
39
9
41
5
9
5
95
6
88
9
58
6
99
7
27
9
41
7
16
6
39
7
79
5
97
6
7
6
37
7
98
5
89
5
99
6
49
5
29
8
10
8
57
8
60
9
97
8
50
7
69
7
89
5
79
7
88
9
99
6
23
6
69
5
9
8
58
7
79
7
19
5
19
6
66
5
25
6
36
9
8
6
56
6
96
8
66
8
40
7
79
7
78
9
39
6
79
8
17
6
49
9
21
7
19
8
37
7
79
8
9
9
91
6
68
5
91
7
39
9
11
7
79
9
8
6
69
7
49
6
97
7
79
5
29
7
17
6
79
5
38
9
69
7
6
6
19
6
39
5
89
7
49
6
29
9
58
5
25
8
88
9
71
9
60
8
50
5
79
8
59
6
79
8
35
6
9
6
99
7
5
7
96
7
89
7
47
6
67
8
10
6
59
9
47
8
46
8
70
6
85
7
59
6
48
5
48
7
77
7
66
6
19
5
15
9
68
8
99
0
20
9
90
6
19
7
49
8
37
8
60
9
11
8
30
7
59
9
99
7
16
9
27
6
99
5
2
9
69
6
29
8
29
5
39
5
67
7
85
0
20
8
10
6
59
6
77
9
78
8
18
7
19
5
6
8
18
9
69
5
69
6
28
7
56
7
89
5
99
5
96
5
79
6
35
8
58
7
69
6
99
7
29
7
49
6
9
5
99
9
19
6
39
7
97
9
40
9
31
9
77
6
55
9
47
8
80
9
91
9
37
7
9
7
59
9
18
7
49
1
26
2
39
7
19
6
9
5
49
8
77
5
88
5
49
8
86
5
49
6
55
6
49
8
99
6
45
5
19
7
59
9
7
5
87
6
29
6
39
7
97
6
49
5
88
9
97
9
21
8
70
6
39
8
27
7
98
5
89
6
19
5
87
8
90
0
90
7
69
8
87
5
7
5
59
8
67
0
10
8
9
8
6
6
5
3
42
5
6
8
30
5
59
8
66
9
99
9
17
8
30
8
77
5
59
7
67
9
61
6
39
8
5
8
59
8
80
8
8
6
88
6
8
5
49
0
40
9
78
7
89
8
60
8
26
6
39
8
10
8
30
5
59
8
40
9
51
8
36
8
20
9
90
6
29
8
9
7
49
1
57
9
38
6
16
7
79
8
55
5
69
6
69
7
5
9
67
8
45
6
79
5
79
8
20
6
86
8
90
6
49
5
28
7
16
6
68
6
89
3
66
5
56
8
30
5
79
5
29
6
16
9
61
8
90
5
48
8
65
9
50
6
49
6
18
5
49
6
68
8
10
8
60
8
30
6
69
5
36
6
65
6
56
8
96
5
29
6
29
6
4
9
30
7
19
8
10
6
49
8
70
2
29
6
45
7
24
0
90
6
99
7
29
5
79
9
91
5
9
5
59
5
79
8
78
7
6
6
9
7
9
1
24
6
36
9
91
7
56
9
81
5
88
5
29
9
99
6
89
8
40
5
9
7
69
8
50
5
79
6
79
9
99
7
59
7
69
5
67
7
47
8
96
8
18
6
45
5
29
6
75
8
47
7
55
7
29
7
48
8
60
7
35
5
86
7
9
7
68
8
37
6
19
8
59
9
11
5
19
5
79
6
87
8
99
5
78
9
51
8
70
9
21
7
99
8
26
8
37
5
69
9
61
5
39
9
31
9
68
6
69
6
39
8
40
5
47
8
90
5
9
9
81
9
71
9
93
9
51
5
29
8
20
8
95
9
80
7
18
7
91
5
57
7
9
9
91
8
86
5
99
8
37
6
32
6
56
5
48
5
69
9
61
7
59
5
49
8
50
7
99
9
51
9
7
5
49
6
35
7
69
8
60
9
60
6
18
8
75
9
41
7
96
5
37
8
70
5
99
6
99
7
5
7
61
9
99
5
9
9
29
8
98
8
80
7
69
7
26
7
27
5
9
8
33
7
39
5
69
6
49
8
86
7
29
9
27
5
9
8
76
8
20
8
98
7
59
5
88
6
68
6
76
6
17
6
79
6
39
5
86
6
49
8
81
6
55
6
18
6
89
5
29
8
50
8
90
6
9
9
60
5
9
0
70
8
58
8
86
5
49
7
39
5
79
9
71
8
86
5
67
8
10
2
31
8
50
9
21
8
80
7
68
7
49
8
89
9
40
8
30
6
57
8
10
7
16
9
8
7
99
6
65
6
68
6
19
7
69
7
19
9
81
5
79
5
19
6
48
8
86
8
47
6
19
9
41
6
77
6
79
9
71
7
79
8
40
6
26
5
88
7
79
7
49
6
79
6
26
5
59
9
99
7
39
7
99
7
89
9
99
5
15
7
46
5
83
6
17
1
18
8
60
7
49
7
7
9
21
6
85
9
49
6
89
8
96
8
85
5
79
6
16
7
69
8
77
8
36
7
39
7
89
7
49
5
26
6
65
1
47
6
9
5
59
5
59
8
17
7
49
5
69
5
49
5
6
8
16
7
19
5
5
9
8
8
45
7
48
6
89
0
10
5
49
6
18
9
99
6
96
5
75
6
89
7
97
9
61
7
9
6
95
7
19
6
49
7
69
9
81
7
87
7
85
7
79
6
25
6
69
9
11
8
40
6
38
7
49
7
89
6
15
0
50
6
58
7
97
6
85
8
60
9
7
7
79
6
69
7
75
5
59
5
69
9
48
8
29
5
45
9
41
8
48
9
57
6
89
9
47
7
49
5
25
6
9
6
99
9
60
7
37
8
7
5
29
6
79
7
59
9
81
5
6
9
71
5
87
5
79
8
40
9
81
6
19
6
79
8
20
9
51
8
58
4
16
3
39
7
26
8
60
6
98
6
69
9
99
8
96
9
77
7
39
6
35
9
57
6
69
9
61
8
27
9
38
6
69
8
76
6
9
8
76
7
56
8
40
5
39
6
59
7
69
9
81
0
20
7
9
9
57
9
27
8
20
8
76
5
19
8
90
5
15
8
56
8
87
5
69
6
89
8
49
7
69
6
68
9
38
7
59
8
26
7
97
6
18
5
26
6
45
9
67
8
20
7
26
5
49
8
26
8
37
8
30
7
38
7
75
5
29
8
46
8
55
6
75
3
48
9
9
8
70
6
38
8
80
7
79
7
56
6
6
6
89
6
89
7
46
9
81
6
9
9
78
9
61
6
9
5
19
6
69
8
6
7
28
7
29
8
20
7
59
7
49
9
81
8
39
5
79
7
6
9
51
6
88
5
66
9
71
5
5
5
7
6
59
5
79
7
99
7
79
9
69
5
21
5
69
8
58
0
50
7
9
7
27
6
9
2
67
8
8
6
46
6
89
6
16
6
39
0
30
9
41
3
90
6
39
8
10
7
88
6
49
5
49
5
36
6
29
6
8
5
37
5
29
9
38
6
1
5
19
8
80
8
50
7
38
5
58
6
29
6
49
9
30
6
69
9
71
8
46
6
39
5
8
1
9
6
19
7
69
1
19
5
99
8
89
8
20
4
60
5
98
6
73
9
63
8
10
7
9
5
78
5
89
6
37
7
66
8
80
5
45
7
39
9
81
7
39
6
9
5
69
8
59
8
19
7
89
9
31
5
57
7
95
7
99
8
5
5
69
8
90
8
80
6
57
9
47
8
50
7
18
7
9
8
39
7
89
8
30
6
89
7
39
8
68
5
96
7
29
6
79
6
19
8
68
3
7
6
19
7
45
9
21
6
69
8
98
6
59
5
49
5
69
8
57
8
55
9
93
1
79
7
89
6
49
5
29
8
86
8
29
6
29
8
45
8
60
5
19
8
48
5
5
5
39
6
19
8
69
6
39
6
78
5
9
7
5
9
81
9
71
8
39
5
39
7
19
6
49
5
88
7
79
9
90
6
87
9
39
5
99
