9
44
9
14
16
58
16
28
15
57
9
44
9
14
15
87
9
64
9
74
9
64
9
74
9
99
9
74
9
34
9
74
9
44
9
64
15
57
9
94
9
94
12
24
13
55
9
94
9
34
9
94
9
99
14
86
9
14
9
94
9
94
15
87
9
34
17
59
9
74
9
74
14
26
9
64
15
87
9
64
15
57
15
27
9
64
9
44
9
99
9
64
9
34
9
99
9
64
9
34
13
25
9
14
9
64
9
44
13
85
9
46
9
99
9
74
18
60
9
64
14
56
16
28
9
44
12
24
9
34
16
88
9
74
9
14
9
74
9
94
16
58
9
99
9
99
9
14
15
57
9
14
9
99
9
94
17
59
9
94
9
94
14
86
9
99
14
86
9
44
9
99
9
14
9
64
12
84
12
24
9
34
14
86
9
94
14
56
9
64
9
99
16
88
9
99
9
74
9
64
9
34
9
44
9
74
9
99
9
94
9
99
9
44
14
26
9
74
9
64
9
64
9
14
12
84
17
21
9
44
9
34
15
57
9
34
17
59
9
44
15
87
9
94
9
64
9
14
9
99
9
44
9
34
9
94
9
14
16
88
9
94
0
50
9
64
9
64
15
27
9
94
9
94
9
94
9
14
16
28
0
60
9
99
14
56
9
94
9
14
9
34
9
44
9
44
9
14
9
99
9
94
9
64
9
99
9
34
9
44
13
25
9
44
16
88
9
99
9
14
9
44
9
99
9
94
9
99
15
57
9
34
9
14
9
57
9
64
9
99
17
59
9
74
9
94
14
86
9
94
9
99
15
22
9
74
9
14
9
64
16
88
16
28
14
26
9
66
9
34
9
44
9
14
9
64
9
99
9
74
9
44
16
88
15
87
9
44
15
87
14
26
15
57
18
30
16
28
9
44
16
88
9
14
9
94
9
74
9
91
9
44
9
14
16
88
9
14
9
74
16
58
9
99
16
88
9
34
14
26
15
87
9
44
9
74
9
14
15
27
9
44
9
94
16
58
9
34
9
64
9
34
9
94
9
74
9
64
17
59
14
86
9
64
15
87
9
44
9
14
9
99
9
14
9
99
9
94
14
56
9
74
9
14
9
64
14
56
13
55
9
74
9
94
9
64
15
57
14
56
14
86
9
74
15
27
12
24
9
74
9
99
0
20
9
94
15
27
16
58
9
44
9
64
9
14
9
34
9
64
9
99
13
25
9
34
9
99
9
2
9
74
9
34
9
34
9
44
9
74
8
85
0
20
9
14
9
64
14
86
15
87
15
27
16
28
9
14
15
27
9
74
9
74
9
34
9
64
9
94
9
99
9
99
14
86
9
44
9
64
9
74
9
99
9
34
16
58
9
14
9
99
16
28
9
44
9
99
9
44
9
34
14
86
8
55
14
56
17
89
9
94
9
44
9
14
9
64
15
27
16
58
1
29
2
39
16
28
9
14
14
56
14
86
9
94
14
56
9
94
14
56
9
64
15
57
9
99
12
54
14
26
9
64
9
14
9
94
9
34
9
44
9
99
15
57
9
94
9
99
18
30
9
74
9
44
9
34
9
99
9
94
15
27
9
94
9
94
0
90
9
74
9
94
9
14
9
64
9
67
0
10
9
14
9
14
9
14
3
42
9
14
9
34
9
64
9
74
9
99
14
26
9
34
14
86
9
64
9
74
9
64
9
44
9
14
9
64
17
89
9
14
9
94
9
14
14
56
0
40
15
87
9
94
9
64
9
34
9
44
9
14
9
34
9
64
9
44
18
60
9
44
17
29
9
94
9
34
9
14
16
58
1
59
9
44
13
25
16
88
9
64
9
74
9
74
9
14
9
74
12
54
15
87
14
86
17
29
9
94
9
94
15
57
9
34
13
25
9
74
9
94
3
69
9
64
9
34
14
86
9
34
13
25
9
64
9
94
14
56
9
74
17
59
15
57
15
27
14
56
9
74
9
14
9
64
9
34
9
74
9
44
9
74
9
64
9
99
9
34
9
34
9
3
9
34
16
28
9
14
15
57
9
74
2
29
12
54
16
22
0
90
9
99
9
34
14
86
9
94
9
14
9
64
14
86
15
87
9
14
9
14
9
14
1
24
9
44
9
94
9
64
18
90
9
94
9
34
9
99
9
94
9
44
9
14
9
74
17
59
14
86
15
87
9
99
9
64
9
74
9
74
14
56
9
99
15
27
12
54
9
34
12
84
14
56
9
64
9
34
15
57
9
64
9
44
9
94
9
14
9
74
9
44
15
27
9
64
9
14
14
26
14
86
9
94
9
99
14
86
18
60
9
74
18
30
9
99
9
34
9
44
9
74
9
64
9
44
9
34
9
74
9
74
9
44
9
44
14
56
9
94
9
14
18
90
9
74
9
93
18
60
9
34
17
29
9
99
17
89
15
27
9
91
9
64
9
14
9
94
9
94
9
99
9
37
9
32
9
64
9
48
9
74
9
64
9
64
14
56
17
59
9
99
18
60
9
14
14
56
9
44
9
74
9
64
9
64
15
27
12
84
9
41
9
99
9
44
9
74
9
99
9
99
9
14
9
61
9
99
9
14
9
34
9
99
17
89
9
74
9
34
9
34
9
14
9
33
9
44
9
74
15
57
9
94
9
34
9
34
9
14
13
85
17
29
9
99
9
64
9
94
9
74
13
85
14
26
15
87
9
44
9
94
15
57
17
81
9
64
15
27
9
94
9
34
17
59
9
94
9
14
9
64
9
14
0
70
9
64
9
94
14
56
9
44
14
86
9
74
9
94
9
74
9
14
2
31
17
59
18
30
17
89
9
74
16
58
9
94
9
44
9
34
9
64
9
14
13
25
9
14
9
99
9
74
9
74
15
27
9
74
16
28
18
90
14
86
14
26
15
57
9
94
14
56
15
27
9
44
14
86
15
87
9
74
16
88
9
44
9
34
9
94
16
88
16
58
15
87
9
34
9
64
9
99
9
44
9
99
9
94
9
99
12
24
13
55
14
83
14
26
1
19
9
64
16
58
9
14
18
30
9
94
16
58
9
94
9
99
9
94
14
86
13
25
9
74
14
86
9
44
9
44
9
94
16
58
9
34
9
74
1
49
9
14
9
64
9
64
14
26
16
58
9
74
14
56
9
14
13
25
16
28
9
14
9
14
12
54
15
57
9
94
0
10
14
56
9
18
9
99
9
99
12
84
9
94
9
99
9
64
9
14
9
99
16
28
15
57
9
74
18
90
9
94
9
94
16
88
9
34
9
74
9
14
9
44
9
44
16
58
9
94
12
24
0
50
9
64
9
99
9
94
9
64
9
14
16
88
9
74
12
84
9
64
9
74
15
57
9
34
12
54
9
44
15
57
9
64
9
94
14
56
16
58
9
34
9
14
9
99
9
64
9
44
9
14
9
34
15
87
9
64
18
81
9
14
9
74
9
94
14
86
9
44
18
90
15
27
15
87
17
29
18
60
9
64
4
19
3
39
9
34
9
64
9
99
9
74
9
99
9
99
14
86
9
44
9
44
9
64
9
74
9
64
9
34
9
44
9
74
13
85
9
14
13
85
9
64
9
44
9
44
9
64
9
74
18
90
0
20
9
14
9
64
9
34
17
29
13
85
14
26
9
94
12
24
9
64
9
94
9
74
9
94
16
58
9
74
9
74
9
44
9
64
9
34
9
99
15
27
9
34
12
54
9
74
17
29
9
34
14
56
9
34
9
44
9
34
9
44
12
84
9
34
13
55
9
64
12
84
3
49
9
14
9
74
9
44
17
89
16
88
9
64
9
14
9
94
9
94
13
55
18
90
9
14
15
87
9
64
9
14
14
26
9
74
9
14
9
34
9
34
17
29
9
64
16
58
18
90
9
44
14
86
9
14
18
60
9
94
9
74
9
74
9
14
9
7
9
64
14
86
9
99
16
88
9
74
14
21
9
74
9
64
0
50
9
14
9
34
9
14
2
69
9
14
13
55
9
94
13
25
9
44
0
30
9
44
3
90
9
44
9
14
9
94
15
57
14
56
9
44
9
34
9
14
9
44
9
34
9
44
9
1
14
26
17
89
17
59
9
44
9
64
9
34
15
57
9
34
9
74
9
74
13
55
9
44
9
14
1
9
15
27
9
74
1
19
9
99
9
94
17
29
4
60
9
99
9
73
9
63
9
14
9
14
14
86
9
94
9
37
9
74
17
89
8
45
9
44
18
90
9
44
9
14
9
74
9
64
16
28
9
94
9
34
9
64
9
99
9
99
9
14
9
74
9
94
17
89
9
64
14
56
17
59
15
27
9
14
9
44
9
94
9
34
9
94
9
44
9
74
9
99
9
34
15
87
15
27
9
74
3
9
15
27
12
54
18
30
9
74
9
99
9
64
14
56
9
74
9
64
9
64
9
93
1
79
9
94
15
57
9
34
9
94
9
34
9
34
12
54
9
64
14
26
15
57
9
14
9
44
15
27
9
74
9
44
15
87
9
14
9
14
18
90
9
74
9
44
9
44
16
28
15
57
9
94
16
88
9
94
9
87
9
44
9
99
