17
29
19
61
9
64
18
90
17
89
9
99
9
74
9
34
9
74
9
44
15
57
9
14
9
44
9
94
15
57
9
94
9
14
18
60
9
74
9
34
9
64
0
0
9
64
9
44
19
61
9
74
9
94
9
99
19
33
18
60
9
14
9
44
9
34
19
31
9
94
9
74
18
90
9
94
9
94
9
74
19
31
9
94
9
34
9
99
9
74
9
44
9
99
18
60
0
80
9
64
19
93
9
74
19
32
9
44
9
34
9
64
15
27
9
44
9
14
9
74
9
44
9
74
18
90
17
59
9
14
9
34
15
27
9
74
9
34
9
44
9
94
9
99
9
14
0
90
9
94
9
99
9
74
9
74
9
94
9
34
9
74
9
99
9
64
9
14
9
99
18
60
9
99
9
94
17
89
9
14
9
74
9
99
9
44
16
88
9
14
9
99
16
88
16
28
9
64
9
94
17
59
17
29
9
64
9
94
9
99
0
0
15
57
18
30
18
90
9
34
9
44
9
44
9
14
18
30
9
14
9
99
19
61
9
99
19
61
9
74
17
29
9
99
9
99
9
99
9
64
9
64
9
94
9
64
9
34
9
34
9
14
9
34
9
64
9
44
9
99
9
44
9
14
19
91
9
74
0
30
9
44
9
44
9
64
17
89
9
74
9
44
9
14
9
34
9
99
9
34
9
34
9
74
16
28
16
58
9
74
17
89
9
44
9
34
19
33
17
59
17
89
9
14
9
44
9
64
9
94
9
44
9
14
0
20
15
57
17
29
9
34
18
30
9
64
15
57
9
99
9
94
9
44
9
94
9
74
18
90
9
14
9
99
19
92
19
32
9
94
9
64
9
64
9
34
9
44
15
57
9
14
9
44
9
44
15
27
9
34
9
94
0
30
9
64
9
64
9
74
19
91
16
28
9
34
17
59
16
88
9
64
9
44
9
14
19
62
9
64
15
87
9
63
19
91
9
94
9
94
19
33
9
94
9
94
9
44
9
34
9
34
15
87
19
31
9
44
9
94
9
34
9
14
9
14
19
31
9
14
9
98
9
34
19
31
0
60
9
14
17
29
19
61
9
14
19
33
9
74
17
59
9
44
9
99
9
34
9
91
9
44
17
89
17
59
9
99
9
94
9
74
9
38
9
44
9
99
17
29
9
99
17
89
9
99
9
44
9
34
19
82
9
44
16
58
9
99
9
14
9
99
9
74
9
74
9
64
9
34
18
60
9
99
17
89
9
64
18
30
17
29
9
64
9
74
9
44
9
44
19
31
18
30
17
59
9
94
2
29
18
60
19
63
9
64
9
14
9
34
19
61
1
9
9
44
9
78
9
64
9
64
3
26
9
99
19
91
0
30
9
74
17
59
19
61
9
14
16
58
9
99
9
14
9
74
9
44
19
52
16
58
19
93
9
34
9
94
16
58
9
99
9
99
3
79
19
32
9
44
9
44
17
59
9
44
9
44
9
99
9
64
9
94
9
14
9
74
9
14
17
59
9
94
9
34
15
27
9
94
9
99
9
14
9
14
9
34
9
99
9
94
9
44
19
62
19
62
15
57
19
91
9
74
18
30
19
62
9
64
17
29
0
59
4
9
9
64
9
64
19
91
17
29
9
74
17
29
9
94
17
89
18
90
9
94
9
99
9
74
18
90
19
91
0
60
9
74
18
90
9
64
18
30
9
94
9
94
0
20
9
64
19
91
9
34
9
94
17
89
9
44
17
59
9
64
9
94
9
94
19
33
9
44
9
99
9
44
9
94
17
89
9
34
9
64
9
94
9
44
9
99
17
29
9
94
19
33
17
29
9
74
15
27
18
90
9
74
18
90
9
74
9
14
9
34
9
14
9
14
9
94
9
14
9
14
9
14
9
74
9
74
9
99
9
99
9
99
9
44
15
27
9
94
9
74
16
88
9
94
9
44
9
94
0
40
9
96
9
78
9
74
19
62
16
28
9
99
9
14
19
93
16
58
9
94
9
14
9
14
9
14
9
44
9
99
9
99
9
44
9
34
19
62
9
64
9
99
9
44
9
34
9
64
9
64
17
89
19
62
9
99
15
27
9
14
16
58
15
87
17
59
17
59
9
99
19
93
9
74
17
29
9
74
17
89
19
31
9
99
9
74
9
74
9
99
0
80
9
94
9
74
9
74
17
59
9
44
9
91
9
14
18
60
0
50
19
63
9
74
0
90
9
99
9
99
16
28
2
29
18
30
9
34
0
94
9
99
9
64
9
44
17
89
9
64
19
63
19
61
9
74
19
21
19
31
19
91
17
89
9
34
9
99
16
58
17
89
9
74
9
34
9
14
18
90
19
61
19
91
18
60
17
29
17
29
19
62
9
99
9
34
9
99
9
44
0
40
19
91
18
90
9
94
9
34
18
60
9
14
9
34
9
99
9
34
9
17
9
44
9
8
9
14
9
64
9
14
0
20
9
64
1
59
16
58
9
74
9
99
9
64
9
64
16
58
17
89
9
87
9
44
9
94
19
32
0
0
9
64
9
14
9
94
9
74
9
94
9
99
9
34
9
94
9
74
9
64
9
74
9
99
9
64
9
94
9
9
9
94
19
31
17
89
9
14
9
64
19
91
9
74
19
93
9
94
9
99
9
74
9
64
9
99
19
33
19
62
9
14
9
99
15
87
19
61
0
59
9
74
9
74
9
34
9
64
19
61
19
32
9
34
9
44
9
44
2
59
9
14
9
62
9
99
19
92
19
92
9
99
9
64
9
74
18
60
16
88
19
33
9
34
9
99
9
14
9
99
9
47
9
64
9
74
16
58
9
44
9
64
9
14
17
29
19
93
9
44
19
92
9
94
9
94
9
44
9
74
9
64
19
93
9
74
9
94
17
59
19
93
15
57
9
64
9
99
9
44
18
60
9
99
9
34
9
94
18
90
9
44
9
99
9
34
9
74
9
44
19
21
9
99
17
89
15
87
9
74
9
34
9
34
9
99
9
94
1
79
9
34
9
14
0
0
3
52
9
34
19
62
9
14
19
61
9
44
9
99
9
94
18
30
18
60
9
64
19
32
9
14
9
74
9
99
9
34
1
59
9
64
18
90
15
27
9
74
9
44
17
89
9
94
18
60
16
88
9
44
9
44
9
44
9
73
17
29
9
64
0
0
19
93
9
74
9
99
18
90
9
64
19
91
9
69
9
99
9
94
9
44
9
34
19
93
9
64
9
34
9
14
9
74
9
94
9
99
9
44
18
60
9
94
9
94
18
60
9
3
9
94
9
94
9
14
9
99
9
94
9
34
18
90
8
45
9
94
19
32
9
38
2
43
9
14
9
94
15
57
9
64
9
94
9
94
9
99
19
32
9
94
9
41
9
74
9
73
9
44
17
29
9
64
9
64
19
62
9
99
15
27
17
89
9
94
9
34
18
60
9
64
9
74
9
14
9
99
9
44
19
61
9
61
9
74
9
64
16
58
9
41
9
13
9
94
17
29
9
14
9
74
9
34
19
31
9
34
9
44
16
28
4
99
18
60
15
57
9
94
9
14
8
25
9
74
9
44
9
44
18
30
18
30
17
89
8
25
9
14
9
99
9
34
18
90
18
60
19
32
9
14
16
28
16
58
9
44
9
14
9
44
9
14
9
14
9
74
9
64
9
64
9
74
9
94
19
62
15
27
19
31
19
91
17
29
9
74
19
61
9
44
9
34
9
34
9
14
9
74
9
44
19
93
9
44
16
88
15
57
0
40
2
29
19
93
9
99
9
74
0
60
9
58
3
48
9
94
19
93
9
99
17
29
19
63
19
62
9
74
9
99
9
14
9
14
9
99
9
99
18
60
19
61
19
92
19
62
9
99
9
44
9
44
9
14
9
74
9
44
17
59
9
94
19
31
9
99
9
14
9
34
9
74
9
14
15
27
9
74
9
14
9
44
9
74
9
94
9
14
19
31
9
14
9
44
19
91
9
79
9
34
9
99
18
30
9
64
19
63
19
63
19
32
9
14
9
64
9
34
19
33
9
14
15
87
18
30
9
14
19
92
9
94
17
59
19
33
9
44
9
64
9
14
9
74
9
43
9
64
19
91
9
94
9
14
9
34
19
61
18
60
9
34
0
70
9
99
19
31
16
88
9
94
9
99
9
99
9
44
9
74
9
74
9
14
9
44
9
74
9
94
9
94
9
14
19
93
9
14
18
60
9
13
1
39
9
74
9
94
9
14
9
34
9
14
9
64
9
64
1
69
9
64
9
99
18
90
1
59
9
14
9
94
9
99
9
1
9
11
9
14
17
59
17
89
9
44
9
74
9
74
17
89
9
94
19
91
9
74
9
94
9
44
9
44
17
29
9
64
9
94
9
94
9
44
19
61
19
31
9
64
9
64
19
32
19
61
9
14
9
34
19
61
19
61
9
44
9
94
19
33
9
14
9
99
9
44
9
44
15
57
19
32
2
79
18
90
9
74
9
74
9
99
17
59
19
91
9
44
9
34
17
89
9
64
0
20
9
99
9
99
9
74
9
71
18
60
9
64
15
27
