6
17
7
49
8
56
6
79
7
77
9
98
8
66
7
26
8
66
8
35
5
45
7
8
9
38
7
89
5
45
8
90
5
9
8
48
6
66
8
30
9
61
0
0
5
59
7
38
7
49
9
69
8
90
8
97
9
21
6
49
9
11
5
37
7
29
7
19
8
86
8
70
6
79
7
89
9
91
6
68
9
19
6
87
7
28
7
99
5
69
7
39
8
99
6
49
0
80
8
55
9
81
9
70
8
20
7
39
8
30
6
59
6
15
9
41
9
10
5
69
7
39
5
69
6
79
9
47
9
10
6
29
6
15
6
66
6
26
9
39
9
91
9
99
7
9
0
90
5
85
6
99
8
66
5
69
7
89
6
27
7
69
5
96
7
59
8
9
5
98
6
49
5
99
9
88
5
77
8
10
9
71
9
99
8
38
6
76
8
10
8
99
8
76
7
16
7
59
7
89
5
49
5
19
9
61
9
88
6
99
0
0
5
45
8
18
7
78
9
30
7
36
6
39
8
6
6
19
9
7
5
99
7
49
9
99
7
49
7
67
8
17
7
99
6
99
9
99
7
55
9
60
7
89
9
58
5
29
8
30
7
9
8
30
7
58
6
39
5
99
7
39
7
9
7
79
8
70
0
30
7
39
9
39
9
57
6
77
7
69
6
37
7
9
8
30
6
99
5
26
5
28
8
65
7
16
5
46
5
69
6
77
8
39
5
26
9
21
5
48
5
79
8
6
5
39
8
57
9
89
6
39
8
6
0
20
7
45
5
19
8
30
6
19
7
57
8
45
8
99
8
86
7
35
7
89
5
68
8
78
8
9
5
99
8
80
8
20
6
85
7
59
5
58
5
29
6
39
6
45
7
9
5
39
7
38
5
15
9
31
9
91
0
30
8
60
5
59
6
69
9
79
8
16
6
25
9
47
7
76
8
55
7
39
5
9
8
50
8
57
7
75
8
64
7
79
8
86
9
89
9
21
8
89
7
85
9
40
6
29
5
25
8
75
7
19
8
40
6
89
9
31
6
9
6
7
9
19
6
8
9
98
8
30
7
19
0
60
8
10
5
19
7
49
6
6
9
21
5
69
5
47
9
37
7
98
7
27
8
91
5
38
8
77
5
49
6
98
5
88
7
69
8
38
6
39
5
99
5
19
6
99
5
77
7
99
9
41
8
28
7
82
9
40
6
46
9
99
6
9
5
99
6
69
8
66
6
59
7
29
6
49
7
99
5
78
9
64
6
18
5
19
6
59
5
68
8
35
8
37
7
19
6
19
5
49
5
89
2
26
8
48
9
51
9
61
9
7
7
29
7
49
1
9
6
35
6
78
9
61
8
60
3
26
5
99
8
79
0
30
5
69
5
48
7
49
6
9
8
46
7
99
9
11
8
70
8
36
9
54
5
46
9
81
8
30
9
90
6
46
8
96
5
98
3
76
8
20
9
41
6
35
9
47
7
37
7
39
9
99
5
57
7
88
5
8
5
69
5
5
5
49
9
91
5
29
5
15
5
87
7
99
7
8
5
9
7
29
7
99
7
88
5
39
8
50
8
50
7
45
7
79
8
70
6
19
9
50
7
59
6
17
0
59
4
7
8
56
7
59
7
79
8
17
5
68
5
19
7
89
8
77
6
79
7
89
7
96
5
69
6
78
7
79
0
60
5
69
6
79
9
58
6
19
5
85
6
89
0
20
6
55
9
79
5
29
7
89
5
79
6
39
9
47
7
55
5
89
7
89
9
21
7
39
5
95
7
39
8
90
7
77
7
28
9
61
7
86
8
40
8
99
5
19
9
91
9
21
5
19
6
67
6
15
6
79
8
70
6
79
6
69
7
5
7
26
9
11
6
6
8
89
6
9
6
9
9
10
6
69
6
69
7
99
8
98
7
95
5
39
5
15
9
91
6
67
8
76
6
87
9
41
6
89
0
40
9
96
9
78
6
69
8
50
8
16
9
99
8
6
9
81
8
46
6
88
6
7
6
9
6
9
7
38
6
99
7
95
6
39
6
28
9
50
6
59
7
99
5
37
9
28
5
56
5
58
5
79
8
50
8
99
7
15
7
9
6
46
7
75
5
49
5
48
6
95
9
81
7
68
8
17
8
68
8
77
7
19
7
96
8
70
6
69
5
99
0
80
8
89
6
69
5
69
5
47
8
40
8
91
8
10
6
48
0
50
9
51
9
71
0
90
6
99
8
98
8
16
2
27
8
18
5
29
0
94
5
97
8
56
6
36
5
79
6
59
9
51
7
49
8
69
7
21
7
19
7
79
5
79
7
27
8
96
6
46
5
79
8
66
8
26
5
9
6
79
8
49
7
79
8
48
9
17
5
19
8
50
6
99
7
25
7
99
7
36
0
40
9
79
7
78
5
89
5
29
6
49
7
9
6
29
7
97
6
29
8
17
5
39
5
8
6
9
8
55
5
5
0
20
5
57
1
57
5
46
6
66
7
96
9
60
6
59
8
46
5
79
8
87
8
36
6
85
8
20
0
0
7
55
8
10
8
90
8
66
7
89
5
96
9
31
7
85
6
65
8
60
7
65
6
95
5
59
7
89
8
9
9
89
7
19
5
79
8
10
7
55
8
79
6
67
9
81
9
87
5
99
8
68
8
56
5
99
9
21
8
50
7
6
6
99
5
75
7
49
0
59
8
70
5
69
8
30
7
55
9
49
8
20
8
30
7
39
6
37
2
59
9
10
7
62
8
99
8
80
9
80
8
99
5
55
7
69
6
49
5
76
9
21
8
29
9
98
9
7
5
99
8
47
7
57
8
70
8
46
6
39
7
59
9
9
5
19
9
81
7
39
8
80
6
89
6
89
9
41
9
68
7
55
9
81
6
65
6
89
5
49
9
81
7
45
9
57
8
99
7
39
6
49
8
97
7
25
9
89
6
79
5
37
5
99
8
29
8
69
8
35
8
21
7
95
5
79
6
75
7
69
8
30
8
30
6
99
8
89
1
78
5
27
5
9
0
0
3
52
7
27
8
50
6
9
8
49
8
40
8
95
7
89
6
18
6
49
8
60
8
20
5
9
5
69
6
95
6
25
1
55
8
60
7
78
7
15
5
69
6
36
5
77
5
89
9
48
8
76
7
39
7
39
8
40
7
73
5
19
7
57
0
0
9
81
8
70
6
99
6
79
9
60
7
79
5
69
8
99
5
85
6
39
7
27
9
81
8
59
7
27
8
10
5
69
5
87
8
96
9
37
6
49
5
85
7
86
6
49
8
3
6
89
7
89
5
5
9
99
9
89
8
27
6
79
5
45
9
91
9
20
5
38
2
43
6
9
7
88
8
45
5
57
6
86
5
89
6
96
8
20
7
89
9
41
5
67
7
74
8
40
6
17
5
59
6
59
9
50
5
99
8
15
6
77
7
85
5
27
8
48
8
60
7
69
5
7
5
99
5
36
7
49
5
61
7
69
6
55
7
46
6
41
7
13
7
89
9
17
8
10
8
70
8
30
7
19
7
26
9
41
5
16
4
96
6
49
6
45
9
91
7
6
8
25
8
70
8
36
6
36
8
18
6
19
8
77
8
25
9
10
6
99
8
28
6
79
6
49
8
20
7
9
8
16
7
46
9
38
9
11
8
40
8
10
6
5
5
65
7
58
9
58
9
71
6
89
8
50
6
15
7
19
7
79
6
17
8
65
7
49
7
39
8
30
7
29
9
9
6
68
8
35
9
81
7
36
8
76
5
45
0
40
2
27
9
81
8
97
6
68
0
60
7
58
3
48
5
89
9
81
9
99
6
17
9
51
9
50
5
69
8
99
7
9
5
9
6
99
5
99
6
49
8
49
8
80
8
50
6
95
8
37
5
39
8
10
9
71
9
40
5
49
8
86
7
19
7
99
6
7
9
31
5
69
7
9
8
15
7
69
8
5
9
41
5
69
7
89
7
6
7
19
5
9
9
39
8
79
9
79
8
26
7
99
6
19
8
60
9
51
9
51
8
20
7
7
5
56
5
26
9
21
8
9
7
75
6
19
7
9
8
80
8
86
5
49
9
21
7
37
9
60
9
11
5
66
6
43
7
55
7
79
6
89
8
10
8
30
7
49
7
48
8
26
0
70
9
99
8
19
8
76
9
87
7
96
8
99
9
37
9
71
6
69
7
9
9
41
7
69
8
90
9
90
5
9
9
81
7
9
6
49
8
14
1
39
7
65
5
87
6
9
6
26
9
10
5
59
6
59
1
66
6
57
6
98
6
78
1
55
9
9
6
89
5
99
7
1
5
11
8
10
5
49
9
77
5
36
7
69
8
70
5
79
7
85
7
79
5
69
7
89
6
38
5
36
5
19
8
56
6
89
9
91
7
36
7
49
7
19
7
55
8
60
8
20
7
49
6
6
7
29
7
49
7
49
5
39
8
87
9
21
5
9
5
99
7
39
6
38
5
45
8
20
2
79
9
78
9
71
8
67
7
96
5
49
8
79
7
38
5
29
6
77
8
60
0
20
8
99
5
99
9
71
6
71
6
49
8
60
7
15
