10
22
12
54
9
61
11
83
10
82
9
99
9
71
9
31
9
71
9
40
9
50
9
13
9
43
9
94
9
50
9
94
9
12
11
53
9
71
9
34
9
64
0
0
9
62
9
43
12
54
9
74
9
94
9
99
14
26
11
53
9
14
9
42
9
34
12
24
9
91
9
74
11
83
9
94
9
94
9
73
12
24
9
92
9
33
9
99
9
72
9
44
9
99
11
53
0
80
9
60
14
86
9
74
13
25
9
44
9
34
9
63
9
20
9
44
9
14
9
72
9
44
9
72
11
83
10
52
9
14
9
33
9
20
9
71
9
31
9
44
9
94
9
99
9
14
0
90
9
90
9
99
9
71
9
72
9
94
9
32
9
74
9
99
9
64
9
14
9
99
11
53
9
99
9
93
10
82
9
14
9
74
9
99
9
43
9
81
9
14
9
99
9
81
9
21
9
64
9
94
10
52
10
22
9
64
9
93
9
99
0
0
9
50
11
23
11
83
9
34
9
41
9
43
9
11
11
23
9
12
9
99
12
54
9
99
12
54
9
72
10
22
9
99
9
99
9
99
9
60
9
64
9
94
9
63
9
32
9
34
9
14
9
34
9
63
9
43
9
99
9
44
9
14
12
84
9
74
0
30
9
44
9
44
9
62
10
82
9
74
9
42
9
14
9
34
9
99
9
31
9
32
9
70
9
21
9
51
9
72
10
82
9
44
9
31
14
26
10
52
10
82
9
11
9
42
9
62
9
94
9
43
9
11
0
20
9
50
10
22
9
34
11
23
9
62
9
50
9
99
9
91
9
40
9
94
9
72
11
83
9
14
9
99
13
85
13
25
9
90
9
64
9
62
9
32
9
43
9
50
9
14
9
42
9
43
9
20
9
34
9
94
0
30
9
64
9
62
9
73
12
84
9
21
9
30
10
52
9
81
9
60
9
44
9
12
13
55
9
62
9
80
9
63
12
84
9
91
9
94
14
26
9
94
9
90
9
44
9
33
9
30
9
80
12
24
9
44
9
93
9
34
9
13
9
12
12
24
9
13
9
98
9
34
12
24
0
60
9
14
10
22
12
54
9
11
14
26
9
72
10
52
9
42
9
99
9
32
9
91
9
42
10
82
10
52
9
99
9
92
9
74
9
38
9
43
9
99
10
22
9
99
10
82
9
99
9
44
9
33
12
82
9
44
9
51
9
99
9
13
9
99
9
73
9
71
9
63
9
34
11
53
9
99
10
82
9
64
11
23
10
22
9
63
9
72
9
40
9
42
12
24
11
23
10
52
9
92
2
29
11
53
14
56
9
64
9
12
9
34
12
54
1
9
9
40
9
78
9
64
9
64
3
26
9
99
12
84
0
30
9
72
10
52
12
54
9
13
9
51
9
99
9
14
9
74
9
41
13
52
9
51
14
86
9
34
9
94
9
51
9
99
9
99
3
79
13
25
9
44
9
40
10
52
9
42
9
44
9
99
9
62
9
93
9
12
9
72
9
10
10
52
9
94
9
32
9
20
9
92
9
99
9
13
9
12
9
34
9
99
9
93
9
42
13
55
13
55
9
50
12
84
9
74
11
23
13
55
9
64
10
22
0
59
4
9
9
61
9
64
12
84
10
22
9
72
10
22
9
94
10
82
11
83
9
94
9
99
9
72
11
83
12
84
0
60
9
72
11
83
9
63
11
23
9
90
9
93
0
20
9
60
12
84
9
32
9
94
10
82
9
43
10
52
9
60
9
92
9
94
14
26
9
44
9
99
9
44
9
94
10
82
9
33
9
64
9
91
9
44
9
99
10
22
9
94
14
26
10
22
9
72
9
20
11
83
9
74
11
83
9
73
9
10
9
31
9
14
9
11
9
94
9
13
9
13
9
14
9
73
9
73
9
99
9
99
9
99
9
42
9
20
9
94
9
72
9
81
9
92
9
44
9
93
0
40
9
96
9
78
9
73
13
55
9
21
9
99
9
11
14
86
9
51
9
93
9
12
9
13
9
13
9
43
9
99
9
99
9
43
9
33
13
55
9
63
9
99
9
42
9
33
9
61
9
62
10
82
13
55
9
99
9
20
9
14
9
51
9
80
10
52
10
52
9
99
14
86
9
73
10
22
9
73
10
82
12
24
9
99
9
74
9
73
9
99
0
80
9
94
9
73
9
72
10
52
9
44
9
91
9
14
11
53
0
50
14
56
9
74
0
90
9
99
9
99
9
21
2
29
11
23
9
32
0
94
9
99
9
61
9
41
10
82
9
63
14
56
12
54
9
74
12
21
12
24
12
84
10
82
9
32
9
99
9
51
10
82
9
71
9
31
9
12
11
83
12
54
12
84
11
53
10
22
10
22
13
55
9
99
9
30
9
99
9
41
0
40
12
84
11
83
9
92
9
32
11
53
9
14
9
33
9
99
9
33
9
17
9
42
9
8
9
13
9
60
9
10
0
20
9
62
1
59
9
51
9
71
9
99
9
64
9
63
9
51
10
82
9
87
9
41
9
90
13
25
0
0
9
60
9
14
9
94
9
71
9
94
9
99
9
34
9
90
9
70
9
64
9
70
9
99
9
62
9
94
9
9
9
94
12
24
10
82
9
14
9
60
12
84
9
72
14
86
9
92
9
99
9
73
9
61
9
99
14
26
13
55
9
11
9
99
9
80
12
54
0
59
9
74
9
72
9
34
9
60
12
54
13
25
9
34
9
44
9
42
2
59
9
14
9
62
9
99
13
85
13
85
9
99
9
60
9
74
11
53
9
81
14
26
9
34
9
99
9
12
9
99
9
47
9
62
9
74
9
51
9
43
9
64
9
14
10
22
14
86
9
44
13
85
9
93
9
93
9
44
9
73
9
60
14
86
9
70
9
93
10
52
14
86
9
50
9
62
9
99
9
44
11
53
9
99
9
30
9
94
11
83
9
42
9
99
9
34
9
74
9
40
13
21
9
99
10
82
9
80
9
74
9
34
9
34
9
99
9
94
1
79
9
32
9
12
0
0
3
52
9
32
13
55
9
13
12
54
9
44
9
99
9
94
11
23
11
53
9
64
13
25
9
12
9
72
9
99
9
30
1
59
9
64
11
83
9
20
9
72
9
41
10
82
9
92
11
53
9
81
9
44
9
44
9
44
9
73
10
22
9
62
0
0
14
86
9
74
9
99
11
83
9
64
12
84
9
69
9
99
9
90
9
43
9
32
14
86
9
64
9
32
9
14
9
72
9
92
9
99
9
42
11
53
9
90
9
91
11
53
9
3
9
93
9
94
9
10
9
99
9
94
9
32
11
83
8
45
9
94
13
25
9
38
2
43
9
13
9
93
9
50
9
62
9
91
9
92
9
99
13
25
9
94
9
41
9
72
9
73
9
44
10
22
9
62
9
63
13
55
9
99
9
20
10
82
9
90
9
32
11
53
9
64
9
74
9
12
9
99
9
41
12
54
9
61
9
74
9
60
9
51
9
41
9
13
9
94
10
22
9
14
9
74
9
34
12
24
9
31
9
44
9
21
4
99
11
53
9
50
9
94
9
11
8
25
9
74
9
41
9
41
11
23
11
23
10
82
8
25
9
14
9
99
9
33
11
83
11
53
13
25
9
14
9
21
9
51
9
43
9
14
9
44
9
14
9
10
9
70
9
63
9
63
9
74
9
93
13
55
9
20
12
24
12
84
10
22
9
70
12
54
9
44
9
34
9
34
9
14
9
73
9
40
14
86
9
41
9
81
9
50
0
40
2
29
14
86
9
99
9
73
0
60
9
58
3
48
9
92
14
86
9
99
10
22
14
56
13
55
9
72
9
99
9
14
9
12
9
99
9
99
11
53
12
54
13
85
13
55
9
99
9
42
9
42
9
14
9
74
9
44
10
52
9
91
12
24
9
99
9
12
9
34
9
72
9
14
9
20
9
74
9
10
9
44
9
72
9
94
9
11
12
24
9
12
9
44
12
84
9
79
9
31
9
99
11
23
9
64
14
56
14
56
13
25
9
12
9
61
9
31
14
26
9
14
9
80
11
23
9
14
13
85
9
91
10
52
14
26
9
42
9
64
9
14
9
71
9
43
9
60
12
84
9
93
9
14
9
34
12
54
11
53
9
31
0
70
9
99
12
24
9
81
9
92
9
99
9
99
9
42
9
74
9
73
9
14
9
44
9
74
9
94
9
94
9
12
14
86
9
14
11
53
9
13
1
39
9
70
9
92
9
13
9
31
9
14
9
62
9
63
1
69
9
62
9
99
11
83
1
59
9
14
9
93
9
99
9
1
9
11
9
14
10
52
10
82
9
41
9
74
9
74
10
82
9
90
12
84
9
72
9
94
9
43
9
41
10
22
9
61
9
93
9
94
9
41
12
54
12
24
9
60
9
64
13
25
12
54
9
11
9
34
12
54
12
54
9
42
9
92
14
26
9
12
9
99
9
44
9
43
9
50
13
25
2
79
11
83
9
74
9
72
9
99
10
52
12
84
9
43
9
32
10
82
9
64
0
20
9
99
9
99
9
74
9
71
11
53
9
64
9
20
