4
15
5
49
6
54
4
79
5
75
7
96
7
64
5
24
6
64
6
33
3
43
5
6
7
36
5
87
3
43
6
89
3
9
6
46
4
64
6
29
7
59
0
0
3
59
5
36
5
49
7
67
6
89
6
95
7
19
4
49
7
9
3
35
5
29
5
17
6
84
6
69
4
79
5
89
7
89
4
66
7
17
4
85
5
26
5
99
3
69
5
39
6
98
4
49
0
80
6
53
7
79
7
68
6
19
5
39
6
29
4
59
4
13
7
39
7
8
3
68
5
39
3
69
4
79
7
45
7
8
4
28
4
13
4
64
4
24
7
37
7
89
7
99
5
9
0
90
3
83
4
99
7
64
3
68
5
89
4
25
5
67
3
94
5
59
6
7
3
96
4
49
3
99
7
86
3
75
6
9
7
69
7
97
6
36
4
74
6
9
6
99
6
74
5
14
5
59
5
89
3
49
3
19
7
59
7
86
4
99
0
0
3
43
6
16
5
76
7
28
5
34
4
38
6
4
4
19
7
5
3
98
5
48
7
99
5
49
5
65
6
15
5
99
4
99
7
99
5
53
7
58
5
89
7
56
3
29
6
29
5
8
6
28
5
56
4
39
3
99
5
39
5
9
5
79
6
69
0
30
5
38
7
37
7
55
4
75
5
69
4
35
5
9
6
29
4
98
3
24
3
26
6
63
5
14
3
44
3
67
4
75
6
37
3
24
7
19
3
46
3
79
6
4
3
39
6
55
7
87
4
39
7
4
0
20
5
43
3
19
6
29
4
19
5
55
6
43
6
97
7
84
5
33
5
89
3
66
6
76
6
7
3
98
6
78
6
19
4
83
5
59
3
56
3
29
4
38
4
43
5
9
3
39
5
36
3
13
7
29
7
89
0
30
6
59
3
59
4
68
7
77
7
14
4
23
7
45
5
74
6
53
5
39
3
9
6
49
6
55
5
73
6
64
5
79
6
84
7
87
7
19
6
87
5
83
7
38
4
28
3
23
6
73
5
19
6
39
4
89
7
29
4
9
4
5
7
17
4
6
7
98
6
29
5
19
0
60
6
9
3
19
5
48
4
4
7
19
3
67
3
45
7
35
5
96
5
25
6
91
3
36
6
75
3
49
4
96
3
86
5
69
6
38
4
39
3
97
3
19
4
99
3
75
5
99
7
39
6
26
5
82
7
38
4
44
7
98
4
9
3
99
4
69
6
64
4
59
5
29
4
49
5
99
3
76
7
64
4
16
3
18
4
59
3
66
6
33
6
35
5
18
4
19
3
48
3
89
2
24
6
46
7
49
7
59
7
5
5
29
5
49
1
8
4
33
4
78
7
59
6
59
3
26
3
99
6
77
0
30
3
69
3
46
5
49
4
8
6
44
5
98
7
9
6
69
7
34
7
54
3
44
7
79
6
28
7
88
4
44
7
94
3
96
3
74
6
19
7
39
4
33
7
45
5
35
5
39
7
99
3
55
5
86
3
6
3
69
3
3
3
49
7
89
3
29
3
13
3
85
5
98
5
6
3
9
5
29
5
99
5
86
3
39
6
49
6
49
5
43
5
79
6
69
4
19
7
48
5
58
4
15
0
59
4
5
6
54
5
58
5
79
6
15
3
66
3
17
5
89
6
75
4
78
5
89
5
94
3
68
4
76
5
79
0
60
3
69
4
79
7
56
4
18
3
83
4
89
0
20
4
53
7
77
3
29
5
89
3
79
4
37
7
45
5
53
3
88
5
89
7
19
5
39
3
93
5
39
6
89
5
75
5
26
7
59
5
84
6
39
6
99
3
18
7
89
7
19
3
19
4
65
4
13
4
79
6
69
4
77
4
69
5
3
5
24
7
9
4
4
6
87
4
8
4
8
7
8
4
68
4
68
5
99
6
96
5
93
3
39
3
13
7
89
4
65
6
74
4
85
7
39
4
89
0
40
7
96
7
78
4
67
6
48
7
14
7
99
7
4
7
79
7
44
4
86
4
5
4
9
4
9
5
36
4
99
5
93
4
39
4
26
7
48
4
59
5
99
3
35
7
26
3
54
3
56
3
77
6
49
6
97
5
13
5
9
4
44
5
73
3
48
3
46
4
93
7
79
5
66
6
15
6
66
6
75
5
19
5
94
6
69
4
67
3
99
0
80
6
87
4
69
3
67
3
45
6
38
6
91
6
9
4
46
0
50
7
49
7
69
0
90
4
99
6
96
6
14
2
25
6
16
3
29
0
94
3
95
6
54
4
34
3
78
4
59
7
49
5
48
6
67
5
21
5
19
5
79
3
77
5
25
7
94
4
44
3
78
7
64
6
24
3
9
4
79
6
47
5
77
6
46
7
15
3
19
6
49
4
99
5
23
5
98
5
34
0
40
7
77
5
76
3
87
3
27
4
49
5
9
4
29
5
95
4
29
6
17
3
37
3
8
4
9
6
53
3
3
0
20
3
55
1
55
3
44
4
64
5
94
7
58
4
58
6
44
3
79
6
87
7
34
4
83
6
18
0
0
5
53
6
8
6
89
7
64
5
87
3
94
7
29
5
83
4
63
6
59
5
63
4
93
3
59
5
89
6
9
7
87
5
19
3
79
6
8
5
53
6
77
4
65
7
79
7
85
3
98
6
66
6
54
3
99
7
19
6
49
5
4
4
99
3
73
5
49
0
59
6
69
3
67
6
29
5
53
7
47
6
19
6
28
5
39
4
35
2
58
7
8
5
62
6
98
6
79
7
78
6
98
3
53
5
69
4
48
3
74
7
19
6
27
7
96
7
5
3
97
6
47
5
55
6
69
6
44
4
39
5
59
7
7
3
19
7
79
5
39
6
79
4
89
4
87
7
39
7
66
5
53
7
79
4
63
4
89
3
48
7
79
5
43
7
55
6
99
5
39
4
49
6
95
5
23
7
87
4
79
3
35
3
99
6
27
6
67
6
33
6
21
5
93
3
78
4
73
5
69
6
29
6
29
4
98
6
87
1
76
3
25
3
9
0
0
3
52
5
25
6
49
4
8
6
47
6
39
6
93
5
87
4
16
4
49
6
59
6
18
3
9
3
69
4
93
4
23
1
53
6
58
5
76
5
13
3
69
4
34
3
75
3
89
7
46
6
74
5
37
5
39
6
39
5
73
3
19
5
55
0
0
7
79
6
69
4
99
4
77
7
58
5
77
3
69
6
97
3
83
4
37
5
25
7
79
6
57
5
25
6
9
3
68
3
85
6
94
7
35
4
47
3
83
5
84
4
48
6
3
4
89
5
89
3
3
7
99
7
87
6
25
4
79
3
45
7
89
7
18
3
38
2
43
4
8
5
86
6
43
3
55
4
84
3
88
4
94
6
19
5
89
7
41
3
65
5
74
6
39
4
15
3
59
4
58
7
48
3
99
6
13
4
75
5
83
3
25
6
46
6
59
5
67
3
5
3
99
3
34
5
49
3
61
5
69
4
53
5
44
4
41
5
13
5
89
7
15
6
9
6
69
6
29
5
18
5
24
7
39
3
14
4
94
4
49
4
43
7
89
5
4
6
25
6
69
6
34
4
34
6
16
4
19
6
75
7
25
7
8
4
97
6
26
4
78
4
48
6
18
5
9
6
14
5
44
7
36
7
9
6
39
6
8
4
3
3
63
5
56
7
56
7
69
4
89
6
48
4
13
5
19
5
79
4
15
6
63
5
49
5
39
6
28
5
29
7
7
4
66
6
33
7
79
5
34
6
74
3
43
0
40
2
25
7
79
6
95
4
66
0
60
5
58
3
48
3
88
7
79
7
97
4
15
7
49
7
48
3
69
6
99
5
8
3
7
4
99
3
99
4
49
6
47
6
78
6
49
4
93
6
35
3
37
6
9
7
69
7
38
3
49
7
84
5
19
5
98
4
5
7
29
3
68
5
8
6
13
5
69
6
3
7
39
3
68
5
89
5
4
5
19
3
9
7
37
6
77
7
79
6
24
5
98
4
19
6
59
7
49
7
49
6
19
5
5
3
54
3
24
7
19
6
7
5
73
4
19
5
9
6
79
7
84
3
49
7
19
5
35
7
58
7
9
3
64
4
43
5
53
5
78
4
89
6
8
6
29
5
49
5
46
7
24
0
70
7
99
6
17
6
74
7
85
5
94
6
97
7
35
7
69
4
69
5
9
7
39
5
68
6
88
7
88
3
9
7
79
5
9
4
49
6
14
1
39
5
63
3
85
4
9
4
24
7
8
3
59
4
59
1
64
4
55
4
96
4
76
1
53
7
7
4
88
3
99
5
1
3
11
6
9
3
48
7
75
3
34
5
69
6
69
3
77
5
83
5
79
3
69
5
89
4
36
3
34
3
19
7
54
4
89
7
89
5
34
5
48
5
19
5
53
6
59
6
19
5
48
4
4
5
29
5
49
5
47
3
39
6
85
7
19
3
9
3
99
5
38
4
36
3
43
6
19
2
79
7
76
7
69
6
65
5
94
3
49
6
77
5
36
3
29
4
75
6
58
0
20
6
99
3
98
7
69
4
71
4
49
6
59
5
13
