3
14
4
49
5
53
3
79
4
74
6
95
6
63
4
23
5
63
5
32
2
42
4
5
6
35
4
86
2
42
5
88
2
9
5
45
3
63
5
29
6
59
0
0
2
59
4
35
4
49
6
66
5
89
5
94
6
18
3
49
6
9
2
34
4
29
4
16
5
83
5
69
3
79
4
89
6
89
3
65
6
16
3
84
4
25
4
99
2
68
4
39
5
97
3
49
0
80
5
52
6
79
6
67
5
19
4
39
5
29
3
59
3
12
6
39
6
7
2
67
4
39
2
69
3
79
6
44
6
7
3
27
3
12
3
63
3
23
6
36
6
89
6
98
4
9
0
90
2
82
3
99
6
63
2
67
4
89
3
24
4
66
2
93
4
59
5
6
2
95
3
49
2
99
6
85
2
74
5
9
6
69
6
96
5
35
3
73
5
9
5
99
5
73
4
13
4
59
4
89
2
49
2
19
6
59
6
85
3
99
0
0
2
42
5
15
4
75
6
27
4
33
3
37
5
3
3
19
6
4
2
97
4
47
6
98
4
48
4
64
5
14
4
99
3
99
6
98
4
52
6
57
4
89
6
55
2
29
5
29
4
7
5
27
4
55
3
39
2
99
4
39
4
8
4
79
5
69
0
30
4
37
6
36
6
54
3
74
4
69
3
34
4
9
5
29
3
97
2
23
2
25
5
62
4
13
2
43
2
66
3
74
5
36
2
23
6
19
2
45
2
79
5
3
2
39
5
54
6
86
3
39
6
3
0
20
4
42
2
19
5
28
3
19
4
54
5
42
5
96
6
83
4
32
4
88
2
65
5
75
5
6
2
97
5
77
5
18
3
82
4
59
2
55
2
28
3
37
3
42
4
9
2
39
4
35
2
12
6
28
6
89
0
30
5
59
2
59
3
67
6
76
6
13
3
22
6
44
4
73
5
52
4
39
2
9
5
49
5
54
4
72
5
64
4
79
5
83
6
86
6
19
5
86
4
82
6
37
3
27
2
22
5
72
4
19
5
39
3
89
6
29
3
9
3
4
6
16
3
5
6
98
5
29
4
19
0
60
5
9
2
18
4
47
3
3
6
19
2
66
2
44
6
34
4
95
4
24
5
91
2
35
5
74
2
48
3
95
2
85
4
69
5
38
3
39
2
96
2
19
3
99
2
74
4
99
6
39
5
25
4
82
6
37
3
43
6
97
3
9
2
99
3
68
5
63
3
58
4
28
3
49
4
99
2
75
6
64
3
15
2
17
3
59
2
65
5
32
5
34
4
17
3
19
2
47
2
89
2
23
5
45
6
49
6
59
6
4
4
29
4
48
1
7
3
32
3
78
6
59
5
59
3
26
2
99
5
76
0
30
2
69
2
45
4
49
3
7
5
43
4
97
6
9
5
69
6
33
6
54
2
43
6
79
5
27
6
87
3
43
6
93
2
95
3
73
5
19
6
39
3
32
6
44
4
34
4
38
6
99
2
54
4
85
2
5
2
69
2
2
2
49
6
89
2
29
2
12
2
84
4
97
4
5
2
8
4
29
4
99
4
85
2
39
5
48
5
49
4
42
4
79
5
69
3
18
6
47
4
57
3
14
0
58
4
4
5
53
4
57
4
78
5
14
2
65
2
16
4
89
5
74
3
77
4
88
4
93
2
67
3
75
4
79
0
60
2
69
3
78
6
55
3
17
2
82
3
89
0
20
3
52
6
76
2
28
4
88
2
79
3
36
6
44
4
52
2
87
4
89
6
19
4
38
2
92
4
39
5
88
4
74
4
25
6
59
4
83
5
39
5
99
2
17
6
89
6
18
2
19
3
64
3
12
3
79
5
69
3
76
3
68
4
2
4
23
6
8
3
3
5
86
3
7
3
7
6
7
3
67
3
67
4
98
5
95
4
92
2
39
2
12
6
89
3
64
5
73
3
84
6
39
3
89
0
40
6
96
6
78
3
66
5
47
6
13
6
98
6
3
6
78
6
43
3
85
3
4
3
8
3
8
4
35
3
99
4
92
3
39
3
25
6
47
3
59
4
99
2
34
6
25
2
53
2
55
2
76
5
48
5
96
4
12
4
9
3
43
4
72
2
47
2
45
3
92
6
79
4
65
5
14
5
65
5
74
4
19
4
93
5
69
3
66
2
99
0
80
5
86
3
69
2
66
2
44
5
37
5
91
5
9
3
45
0
50
6
49
6
69
0
90
3
98
5
95
5
13
2
24
5
15
2
28
0
94
2
94
5
53
3
33
2
77
3
59
6
49
4
47
5
66
4
21
4
19
4
78
2
76
4
24
6
93
3
43
2
77
6
63
5
23
2
9
3
79
5
46
4
76
5
45
6
14
2
19
5
49
3
99
4
22
4
97
4
33
0
40
6
76
4
75
2
86
2
26
3
48
4
8
3
28
4
94
3
29
5
17
2
36
2
8
3
9
5
52
2
2
0
20
2
54
1
54
2
43
3
63
4
93
6
57
3
57
5
43
2
79
5
87
6
33
3
82
5
17
0
0
4
52
5
7
5
89
6
63
4
86
2
93
6
28
4
82
3
62
5
58
4
62
3
92
2
59
4
88
5
9
6
86
4
19
2
79
5
7
4
52
5
76
3
64
6
79
6
84
2
97
5
65
5
53
2
99
6
19
5
49
4
3
3
99
2
72
4
49
0
58
5
69
2
66
5
29
4
52
6
46
5
18
5
27
4
39
3
34
2
57
6
7
4
62
5
97
5
79
6
77
5
97
2
52
4
69
3
47
2
73
6
19
5
26
6
95
6
4
2
96
5
47
4
54
5
68
5
43
3
39
4
59
6
6
2
19
6
79
4
39
5
79
3
89
3
86
6
39
6
65
4
52
6
79
3
62
3
89
2
47
6
79
4
42
6
54
5
99
4
38
3
48
5
94
4
22
6
86
3
79
2
34
2
98
5
26
5
66
5
32
5
21
4
92
2
77
3
72
4
68
5
28
5
29
3
97
5
86
1
75
2
24
2
9
0
0
3
52
4
24
5
49
3
7
5
46
5
39
5
92
4
86
3
15
3
49
5
58
5
17
2
9
2
69
3
92
3
22
1
52
5
57
4
75
4
12
2
68
3
33
2
74
2
89
6
45
5
73
4
36
4
39
5
39
4
73
2
19
4
54
0
0
6
79
5
69
3
98
3
76
6
57
4
76
2
69
5
96
2
82
3
36
4
24
6
79
5
56
4
24
5
8
2
67
2
84
5
93
6
34
3
46
2
82
4
83
3
47
5
3
3
89
4
89
2
2
6
99
6
86
5
24
3
78
2
45
6
89
6
17
2
38
2
43
3
7
4
85
5
42
2
54
3
83
2
87
3
93
5
18
4
88
6
41
2
64
4
74
5
38
3
14
2
58
3
57
6
47
2
98
5
12
3
74
4
82
2
24
5
45
5
59
4
66
2
4
2
99
2
33
4
48
2
61
4
69
3
52
4
43
3
41
4
13
4
89
6
14
5
8
5
69
5
29
4
17
4
23
6
39
2
13
4
93
3
48
3
42
6
88
4
3
5
25
5
69
5
33
3
33
5
15
3
19
5
74
6
25
6
7
3
96
5
25
3
77
3
47
5
17
4
9
5
13
4
43
6
35
6
9
5
39
5
7
3
2
2
62
4
55
6
55
6
69
3
89
5
47
3
12
4
19
4
79
3
14
5
62
4
48
4
39
5
27
4
29
6
6
3
65
5
32
6
79
4
33
5
73
2
42
0
40
2
24
6
79
5
94
3
65
0
60
4
58
3
48
2
87
6
79
6
96
3
14
6
49
6
47
2
69
5
98
4
7
2
6
3
99
2
99
3
49
5
46
5
77
5
49
3
92
5
34
2
36
5
9
6
69
6
37
2
48
6
83
4
18
4
97
3
4
6
28
2
67
4
7
5
12
4
68
5
2
6
39
2
67
4
89
4
3
4
19
2
9
6
36
5
76
6
79
5
23
4
97
3
18
5
59
6
49
6
48
5
18
4
4
2
53
2
23
6
18
5
6
4
72
3
19
4
9
5
79
6
83
2
49
6
19
4
34
6
57
6
9
2
63
3
43
4
52
4
77
3
88
5
7
5
29
4
49
4
45
6
23
0
70
6
99
5
16
5
73
6
84
4
93
5
96
6
34
6
69
3
69
4
9
6
39
4
67
5
87
6
87
2
9
6
78
4
9
3
49
5
14
1
38
4
62
2
84
3
9
3
23
6
7
2
59
3
59
1
63
3
54
3
95
3
75
1
52
6
6
3
87
2
98
4
1
2
11
5
9
2
47
6
74
2
33
4
69
5
69
2
76
4
82
4
79
2
69
4
88
3
35
2
33
2
19
6
53
3
89
6
88
4
33
4
47
4
18
4
52
5
59
5
19
4
47
3
3
4
29
4
49
4
46
2
39
5
84
6
19
2
8
2
99
4
37
3
35
2
42
5
19
2
79
6
75
6
68
5
64
4
93
2
48
5
76
4
35
2
28
3
74
5
57
0
20
5
99
2
97
6
68
3
71
3
49
5
59
4
12
