16
28
18
60
9
64
17
89
16
88
9
99
9
74
9
34
9
74
9
44
14
56
9
14
9
44
9
94
14
56
9
94
9
14
17
59
9
74
9
34
9
64
0
0
9
64
9
44
18
60
9
74
9
94
9
99
19
32
17
59
9
14
9
44
9
34
18
30
9
94
9
74
17
89
9
94
9
94
9
74
18
30
9
94
9
34
9
99
9
74
9
44
9
99
17
59
0
80
9
64
19
92
9
74
19
31
9
44
9
34
9
64
14
26
9
44
9
14
9
74
9
44
9
74
17
89
16
58
9
14
9
34
14
26
9
74
9
34
9
44
9
94
9
99
9
14
0
90
9
94
9
99
9
74
9
74
9
94
9
34
9
74
9
99
9
64
9
14
9
99
17
59
9
99
9
94
16
88
9
14
9
74
9
99
9
44
15
87
9
14
9
99
15
87
15
27
9
64
9
94
16
58
16
28
9
64
9
94
9
99
0
0
14
56
17
29
17
89
9
34
9
44
9
44
9
14
17
29
9
14
9
99
18
60
9
99
18
60
9
74
16
28
9
99
9
99
9
99
9
64
9
64
9
94
9
64
9
34
9
34
9
14
9
34
9
64
9
44
9
99
9
44
9
14
18
90
9
74
0
30
9
44
9
44
9
64
16
88
9
74
9
44
9
14
9
34
9
99
9
34
9
34
9
74
15
27
15
57
9
74
16
88
9
44
9
34
19
32
16
58
16
88
9
14
9
44
9
64
9
94
9
44
9
14
0
20
14
56
16
28
9
34
17
29
9
64
14
56
9
99
9
94
9
44
9
94
9
74
17
89
9
14
9
99
19
91
19
31
9
94
9
64
9
64
9
34
9
44
14
56
9
14
9
44
9
44
14
26
9
34
9
94
0
30
9
64
9
64
9
74
18
90
15
27
9
34
16
58
15
87
9
64
9
44
9
14
19
61
9
64
14
86
9
63
18
90
9
94
9
94
19
32
9
94
9
94
9
44
9
34
9
34
14
86
18
30
9
44
9
94
9
34
9
14
9
14
18
30
9
14
9
98
9
34
18
30
0
60
9
14
16
28
18
60
9
14
19
32
9
74
16
58
9
44
9
99
9
34
9
91
9
44
16
88
16
58
9
99
9
94
9
74
9
38
9
44
9
99
16
28
9
99
16
88
9
99
9
44
9
34
18
82
9
44
15
57
9
99
9
14
9
99
9
74
9
74
9
64
9
34
17
59
9
99
16
88
9
64
17
29
16
28
9
64
9
74
9
44
9
44
18
30
17
29
16
58
9
94
2
29
17
59
19
62
9
64
9
14
9
34
18
60
1
9
9
44
9
78
9
64
9
64
3
26
9
99
18
90
0
30
9
74
16
58
18
60
9
14
15
57
9
99
9
14
9
74
9
44
19
52
15
57
19
92
9
34
9
94
15
57
9
99
9
99
3
79
19
31
9
44
9
44
16
58
9
44
9
44
9
99
9
64
9
94
9
14
9
74
9
14
16
58
9
94
9
34
14
26
9
94
9
99
9
14
9
14
9
34
9
99
9
94
9
44
19
61
19
61
14
56
18
90
9
74
17
29
19
61
9
64
16
28
0
59
4
9
9
64
9
64
18
90
16
28
9
74
16
28
9
94
16
88
17
89
9
94
9
99
9
74
17
89
18
90
0
60
9
74
17
89
9
64
17
29
9
94
9
94
0
20
9
64
18
90
9
34
9
94
16
88
9
44
16
58
9
64
9
94
9
94
19
32
9
44
9
99
9
44
9
94
16
88
9
34
9
64
9
94
9
44
9
99
16
28
9
94
19
32
16
28
9
74
14
26
17
89
9
74
17
89
9
74
9
14
9
34
9
14
9
14
9
94
9
14
9
14
9
14
9
74
9
74
9
99
9
99
9
99
9
44
14
26
9
94
9
74
15
87
9
94
9
44
9
94
0
40
9
96
9
78
9
74
19
61
15
27
9
99
9
14
19
92
15
57
9
94
9
14
9
14
9
14
9
44
9
99
9
99
9
44
9
34
19
61
9
64
9
99
9
44
9
34
9
64
9
64
16
88
19
61
9
99
14
26
9
14
15
57
14
86
16
58
16
58
9
99
19
92
9
74
16
28
9
74
16
88
18
30
9
99
9
74
9
74
9
99
0
80
9
94
9
74
9
74
16
58
9
44
9
91
9
14
17
59
0
50
19
62
9
74
0
90
9
99
9
99
15
27
2
29
17
29
9
34
0
94
9
99
9
64
9
44
16
88
9
64
19
62
18
60
9
74
18
21
18
30
18
90
16
88
9
34
9
99
15
57
16
88
9
74
9
34
9
14
17
89
18
60
18
90
17
59
16
28
16
28
19
61
9
99
9
34
9
99
9
44
0
40
18
90
17
89
9
94
9
34
17
59
9
14
9
34
9
99
9
34
9
17
9
44
9
8
9
14
9
64
9
14
0
20
9
64
1
59
15
57
9
74
9
99
9
64
9
64
15
57
16
88
9
87
9
44
9
94
19
31
0
0
9
64
9
14
9
94
9
74
9
94
9
99
9
34
9
94
9
74
9
64
9
74
9
99
9
64
9
94
9
9
9
94
18
30
16
88
9
14
9
64
18
90
9
74
19
92
9
94
9
99
9
74
9
64
9
99
19
32
19
61
9
14
9
99
14
86
18
60
0
59
9
74
9
74
9
34
9
64
18
60
19
31
9
34
9
44
9
44
2
59
9
14
9
62
9
99
19
91
19
91
9
99
9
64
9
74
17
59
15
87
19
32
9
34
9
99
9
14
9
99
9
47
9
64
9
74
15
57
9
44
9
64
9
14
16
28
19
92
9
44
19
91
9
94
9
94
9
44
9
74
9
64
19
92
9
74
9
94
16
58
19
92
14
56
9
64
9
99
9
44
17
59
9
99
9
34
9
94
17
89
9
44
9
99
9
34
9
74
9
44
19
21
9
99
16
88
14
86
9
74
9
34
9
34
9
99
9
94
1
79
9
34
9
14
0
0
3
52
9
34
19
61
9
14
18
60
9
44
9
99
9
94
17
29
17
59
9
64
19
31
9
14
9
74
9
99
9
34
1
59
9
64
17
89
14
26
9
74
9
44
16
88
9
94
17
59
15
87
9
44
9
44
9
44
9
73
16
28
9
64
0
0
19
92
9
74
9
99
17
89
9
64
18
90
9
69
9
99
9
94
9
44
9
34
19
92
9
64
9
34
9
14
9
74
9
94
9
99
9
44
17
59
9
94
9
94
17
59
9
3
9
94
9
94
9
14
9
99
9
94
9
34
17
89
8
45
9
94
19
31
9
38
2
43
9
14
9
94
14
56
9
64
9
94
9
94
9
99
19
31
9
94
9
41
9
74
9
73
9
44
16
28
9
64
9
64
19
61
9
99
14
26
16
88
9
94
9
34
17
59
9
64
9
74
9
14
9
99
9
44
18
60
9
61
9
74
9
64
15
57
9
41
9
13
9
94
16
28
9
14
9
74
9
34
18
30
9
34
9
44
15
27
4
99
17
59
14
56
9
94
9
14
8
25
9
74
9
44
9
44
17
29
17
29
16
88
8
25
9
14
9
99
9
34
17
89
17
59
19
31
9
14
15
27
15
57
9
44
9
14
9
44
9
14
9
14
9
74
9
64
9
64
9
74
9
94
19
61
14
26
18
30
18
90
16
28
9
74
18
60
9
44
9
34
9
34
9
14
9
74
9
44
19
92
9
44
15
87
14
56
0
40
2
29
19
92
9
99
9
74
0
60
9
58
3
48
9
94
19
92
9
99
16
28
19
62
19
61
9
74
9
99
9
14
9
14
9
99
9
99
17
59
18
60
19
91
19
61
9
99
9
44
9
44
9
14
9
74
9
44
16
58
9
94
18
30
9
99
9
14
9
34
9
74
9
14
14
26
9
74
9
14
9
44
9
74
9
94
9
14
18
30
9
14
9
44
18
90
9
79
9
34
9
99
17
29
9
64
19
62
19
62
19
31
9
14
9
64
9
34
19
32
9
14
14
86
17
29
9
14
19
91
9
94
16
58
19
32
9
44
9
64
9
14
9
74
9
43
9
64
18
90
9
94
9
14
9
34
18
60
17
59
9
34
0
70
9
99
18
30
15
87
9
94
9
99
9
99
9
44
9
74
9
74
9
14
9
44
9
74
9
94
9
94
9
14
19
92
9
14
17
59
9
13
1
39
9
74
9
94
9
14
9
34
9
14
9
64
9
64
1
69
9
64
9
99
17
89
1
59
9
14
9
94
9
99
9
1
9
11
9
14
16
58
16
88
9
44
9
74
9
74
16
88
9
94
18
90
9
74
9
94
9
44
9
44
16
28
9
64
9
94
9
94
9
44
18
60
18
30
9
64
9
64
19
31
18
60
9
14
9
34
18
60
18
60
9
44
9
94
19
32
9
14
9
99
9
44
9
44
14
56
19
31
2
79
17
89
9
74
9
74
9
99
16
58
18
90
9
44
9
34
16
88
9
64
0
20
9
99
9
99
9
74
9
71
17
59
9
64
14
26
