12
24
14
56
9
63
13
85
12
84
9
99
9
73
9
33
9
73
9
42
10
52
9
14
9
44
9
94
10
52
9
94
9
14
13
55
9
73
9
34
9
64
0
0
9
64
9
44
14
56
9
74
9
94
9
99
16
28
13
55
9
14
9
44
9
34
14
26
9
93
9
74
13
85
9
94
9
94
9
74
14
26
9
94
9
34
9
99
9
74
9
44
9
99
13
55
0
80
9
62
16
88
9
74
15
27
9
44
9
34
9
64
10
22
9
44
9
14
9
74
9
44
9
74
13
85
12
54
9
14
9
34
10
22
9
73
9
33
9
44
9
94
9
99
9
14
0
90
9
92
9
99
9
73
9
74
9
94
9
34
9
74
9
99
9
64
9
14
9
99
13
55
9
99
9
94
12
84
9
14
9
74
9
99
9
44
11
83
9
14
9
99
11
83
11
23
9
64
9
94
12
54
12
24
9
64
9
94
9
99
0
0
10
52
13
25
13
85
9
34
9
43
9
44
9
13
13
25
9
14
9
99
14
56
9
99
14
56
9
74
12
24
9
99
9
99
9
99
9
62
9
64
9
94
9
64
9
34
9
34
9
14
9
34
9
64
9
44
9
99
9
44
9
14
14
86
9
74
0
30
9
44
9
44
9
64
12
84
9
74
9
44
9
14
9
34
9
99
9
33
9
34
9
72
11
23
11
53
9
74
12
84
9
44
9
33
16
28
12
54
12
84
9
13
9
44
9
64
9
94
9
44
9
13
0
20
10
52
12
24
9
34
13
25
9
64
10
52
9
99
9
93
9
42
9
94
9
74
13
85
9
14
9
99
15
87
15
27
9
92
9
64
9
64
9
34
9
44
10
52
9
14
9
44
9
44
10
22
9
34
9
94
0
30
9
64
9
64
9
74
14
86
11
23
9
32
12
54
11
83
9
62
9
44
9
14
15
57
9
64
10
82
9
63
14
86
9
93
9
94
16
28
9
94
9
92
9
44
9
34
9
32
10
82
14
26
9
44
9
94
9
34
9
14
9
14
14
26
9
14
9
98
9
34
14
26
0
60
9
14
12
24
14
56
9
13
16
28
9
74
12
54
9
44
9
99
9
34
9
91
9
44
12
84
12
54
9
99
9
94
9
74
9
38
9
44
9
99
12
24
9
99
12
84
9
99
9
44
9
34
14
82
9
44
11
53
9
99
9
14
9
99
9
74
9
73
9
64
9
34
13
55
9
99
12
84
9
64
13
25
12
24
9
64
9
74
9
42
9
44
14
26
13
25
12
54
9
94
2
29
13
55
16
58
9
64
9
14
9
34
14
56
1
9
9
42
9
78
9
64
9
64
3
26
9
99
14
86
0
30
9
74
12
54
14
56
9
14
11
53
9
99
9
14
9
74
9
43
15
52
11
53
16
88
9
34
9
94
11
53
9
99
9
99
3
79
15
27
9
44
9
42
12
54
9
44
9
44
9
99
9
64
9
94
9
14
9
74
9
12
12
54
9
94
9
34
10
22
9
94
9
99
9
14
9
14
9
34
9
99
9
94
9
44
15
57
15
57
10
52
14
86
9
74
13
25
15
57
9
64
12
24
0
59
4
9
9
63
9
64
14
86
12
24
9
74
12
24
9
94
12
84
13
85
9
94
9
99
9
74
13
85
14
86
0
60
9
74
13
85
9
64
13
25
9
92
9
94
0
20
9
62
14
86
9
34
9
94
12
84
9
44
12
54
9
62
9
94
9
94
16
28
9
44
9
99
9
44
9
94
12
84
9
34
9
64
9
93
9
44
9
99
12
24
9
94
16
28
12
24
9
74
10
22
13
85
9
74
13
85
9
74
9
12
9
33
9
14
9
13
9
94
9
14
9
14
9
14
9
74
9
74
9
99
9
99
9
99
9
44
10
22
9
94
9
74
11
83
9
94
9
44
9
94
0
40
9
96
9
78
9
74
15
57
11
23
9
99
9
13
16
88
11
53
9
94
9
14
9
14
9
14
9
44
9
99
9
99
9
44
9
34
15
57
9
64
9
99
9
44
9
34
9
63
9
64
12
84
15
57
9
99
10
22
9
14
11
53
10
82
12
54
12
54
9
99
16
88
9
74
12
24
9
74
12
84
14
26
9
99
9
74
9
74
9
99
0
80
9
94
9
74
9
74
12
54
9
44
9
91
9
14
13
55
0
50
16
58
9
74
0
90
9
99
9
99
11
23
2
29
13
25
9
34
0
94
9
99
9
63
9
43
12
84
9
64
16
58
14
56
9
74
14
21
14
26
14
86
12
84
9
34
9
99
11
53
12
84
9
73
9
33
9
14
13
85
14
56
14
86
13
55
12
24
12
24
15
57
9
99
9
32
9
99
9
43
0
40
14
86
13
85
9
94
9
34
13
55
9
14
9
34
9
99
9
34
9
17
9
44
9
8
9
14
9
62
9
12
0
20
9
64
1
59
11
53
9
73
9
99
9
64
9
64
11
53
12
84
9
87
9
43
9
92
15
27
0
0
9
62
9
14
9
94
9
73
9
94
9
99
9
34
9
92
9
72
9
64
9
72
9
99
9
64
9
94
9
9
9
94
14
26
12
84
9
14
9
62
14
86
9
74
16
88
9
94
9
99
9
74
9
63
9
99
16
28
15
57
9
13
9
99
10
82
14
56
0
59
9
74
9
74
9
34
9
62
14
56
15
27
9
34
9
44
9
44
2
59
9
14
9
62
9
99
15
87
15
87
9
99
9
62
9
74
13
55
11
83
16
28
9
34
9
99
9
14
9
99
9
47
9
64
9
74
11
53
9
44
9
64
9
14
12
24
16
88
9
44
15
87
9
94
9
94
9
44
9
74
9
62
16
88
9
72
9
94
12
54
16
88
10
52
9
64
9
99
9
44
13
55
9
99
9
32
9
94
13
85
9
44
9
99
9
34
9
74
9
42
15
21
9
99
12
84
10
82
9
74
9
34
9
34
9
99
9
94
1
79
9
34
9
14
0
0
3
52
9
34
15
57
9
14
14
56
9
44
9
99
9
94
13
25
13
55
9
64
15
27
9
14
9
74
9
99
9
32
1
59
9
64
13
85
10
22
9
74
9
43
12
84
9
94
13
55
11
83
9
44
9
44
9
44
9
73
12
24
9
64
0
0
16
88
9
74
9
99
13
85
9
64
14
86
9
69
9
99
9
92
9
44
9
34
16
88
9
64
9
34
9
14
9
74
9
94
9
99
9
44
13
55
9
92
9
93
13
55
9
3
9
94
9
94
9
12
9
99
9
94
9
34
13
85
8
45
9
94
15
27
9
38
2
43
9
14
9
94
10
52
9
64
9
93
9
94
9
99
15
27
9
94
9
41
9
74
9
73
9
44
12
24
9
64
9
64
15
57
9
99
10
22
12
84
9
92
9
34
13
55
9
64
9
74
9
14
9
99
9
43
14
56
9
61
9
74
9
62
11
53
9
41
9
13
9
94
12
24
9
14
9
74
9
34
14
26
9
33
9
44
11
23
4
99
13
55
10
52
9
94
9
13
8
25
9
74
9
43
9
43
13
25
13
25
12
84
8
25
9
14
9
99
9
34
13
85
13
55
15
27
9
14
11
23
11
53
9
44
9
14
9
44
9
14
9
12
9
72
9
64
9
64
9
74
9
94
15
57
10
22
14
26
14
86
12
24
9
72
14
56
9
44
9
34
9
34
9
14
9
74
9
42
16
88
9
43
11
83
10
52
0
40
2
29
16
88
9
99
9
74
0
60
9
58
3
48
9
94
16
88
9
99
12
24
16
58
15
57
9
74
9
99
9
14
9
14
9
99
9
99
13
55
14
56
15
87
15
57
9
99
9
44
9
44
9
14
9
74
9
44
12
54
9
93
14
26
9
99
9
14
9
34
9
74
9
14
10
22
9
74
9
12
9
44
9
74
9
94
9
13
14
26
9
14
9
44
14
86
9
79
9
33
9
99
13
25
9
64
16
58
16
58
15
27
9
14
9
63
9
33
16
28
9
14
10
82
13
25
9
14
15
87
9
93
12
54
16
28
9
44
9
64
9
14
9
73
9
43
9
62
14
86
9
94
9
14
9
34
14
56
13
55
9
33
0
70
9
99
14
26
11
83
9
94
9
99
9
99
9
44
9
74
9
74
9
14
9
44
9
74
9
94
9
94
9
14
16
88
9
14
13
55
9
13
1
39
9
72
9
94
9
14
9
33
9
14
9
64
9
64
1
69
9
64
9
99
13
85
1
59
9
14
9
94
9
99
9
1
9
11
9
14
12
54
12
84
9
43
9
74
9
74
12
84
9
92
14
86
9
74
9
94
9
44
9
43
12
24
9
63
9
94
9
94
9
43
14
56
14
26
9
62
9
64
15
27
14
56
9
13
9
34
14
56
14
56
9
44
9
94
16
28
9
14
9
99
9
44
9
44
10
52
15
27
2
79
13
85
9
74
9
74
9
99
12
54
14
86
9
44
9
34
12
84
9
64
0
20
9
99
9
99
9
74
9
71
13
55
9
64
10
22
