14
26
16
58
9
64
15
87
14
86
9
99
9
74
9
34
9
74
9
44
12
54
9
14
9
44
9
94
12
54
9
94
9
14
15
57
9
74
9
34
9
64
0
0
9
64
9
44
16
58
9
74
9
94
9
99
18
30
15
57
9
14
9
44
9
34
16
28
9
94
9
74
15
87
9
94
9
94
9
74
16
28
9
94
9
34
9
99
9
74
9
44
9
99
15
57
0
80
9
64
18
90
9
74
17
29
9
44
9
34
9
64
12
24
9
44
9
14
9
74
9
44
9
74
15
87
14
56
9
14
9
34
12
24
9
74
9
34
9
44
9
94
9
99
9
14
0
90
9
94
9
99
9
74
9
74
9
94
9
34
9
74
9
99
9
64
9
14
9
99
15
57
9
99
9
94
14
86
9
14
9
74
9
99
9
44
13
85
9
14
9
99
13
85
13
25
9
64
9
94
14
56
14
26
9
64
9
94
9
99
0
0
12
54
15
27
15
87
9
34
9
44
9
44
9
14
15
27
9
14
9
99
16
58
9
99
16
58
9
74
14
26
9
99
9
99
9
99
9
64
9
64
9
94
9
64
9
34
9
34
9
14
9
34
9
64
9
44
9
99
9
44
9
14
16
88
9
74
0
30
9
44
9
44
9
64
14
86
9
74
9
44
9
14
9
34
9
99
9
34
9
34
9
74
13
25
13
55
9
74
14
86
9
44
9
34
18
30
14
56
14
86
9
14
9
44
9
64
9
94
9
44
9
14
0
20
12
54
14
26
9
34
15
27
9
64
12
54
9
99
9
94
9
44
9
94
9
74
15
87
9
14
9
99
17
89
17
29
9
94
9
64
9
64
9
34
9
44
12
54
9
14
9
44
9
44
12
24
9
34
9
94
0
30
9
64
9
64
9
74
16
88
13
25
9
34
14
56
13
85
9
64
9
44
9
14
17
59
9
64
12
84
9
63
16
88
9
94
9
94
18
30
9
94
9
94
9
44
9
34
9
34
12
84
16
28
9
44
9
94
9
34
9
14
9
14
16
28
9
14
9
98
9
34
16
28
0
60
9
14
14
26
16
58
9
14
18
30
9
74
14
56
9
44
9
99
9
34
9
91
9
44
14
86
14
56
9
99
9
94
9
74
9
38
9
44
9
99
14
26
9
99
14
86
9
99
9
44
9
34
16
82
9
44
13
55
9
99
9
14
9
99
9
74
9
74
9
64
9
34
15
57
9
99
14
86
9
64
15
27
14
26
9
64
9
74
9
44
9
44
16
28
15
27
14
56
9
94
2
29
15
57
18
60
9
64
9
14
9
34
16
58
1
9
9
44
9
78
9
64
9
64
3
26
9
99
16
88
0
30
9
74
14
56
16
58
9
14
13
55
9
99
9
14
9
74
9
44
17
52
13
55
18
90
9
34
9
94
13
55
9
99
9
99
3
79
17
29
9
44
9
44
14
56
9
44
9
44
9
99
9
64
9
94
9
14
9
74
9
14
14
56
9
94
9
34
12
24
9
94
9
99
9
14
9
14
9
34
9
99
9
94
9
44
17
59
17
59
12
54
16
88
9
74
15
27
17
59
9
64
14
26
0
59
4
9
9
64
9
64
16
88
14
26
9
74
14
26
9
94
14
86
15
87
9
94
9
99
9
74
15
87
16
88
0
60
9
74
15
87
9
64
15
27
9
94
9
94
0
20
9
64
16
88
9
34
9
94
14
86
9
44
14
56
9
64
9
94
9
94
18
30
9
44
9
99
9
44
9
94
14
86
9
34
9
64
9
94
9
44
9
99
14
26
9
94
18
30
14
26
9
74
12
24
15
87
9
74
15
87
9
74
9
14
9
34
9
14
9
14
9
94
9
14
9
14
9
14
9
74
9
74
9
99
9
99
9
99
9
44
12
24
9
94
9
74
13
85
9
94
9
44
9
94
0
40
9
96
9
78
9
74
17
59
13
25
9
99
9
14
18
90
13
55
9
94
9
14
9
14
9
14
9
44
9
99
9
99
9
44
9
34
17
59
9
64
9
99
9
44
9
34
9
64
9
64
14
86
17
59
9
99
12
24
9
14
13
55
12
84
14
56
14
56
9
99
18
90
9
74
14
26
9
74
14
86
16
28
9
99
9
74
9
74
9
99
0
80
9
94
9
74
9
74
14
56
9
44
9
91
9
14
15
57
0
50
18
60
9
74
0
90
9
99
9
99
13
25
2
29
15
27
9
34
0
94
9
99
9
64
9
44
14
86
9
64
18
60
16
58
9
74
16
21
16
28
16
88
14
86
9
34
9
99
13
55
14
86
9
74
9
34
9
14
15
87
16
58
16
88
15
57
14
26
14
26
17
59
9
99
9
34
9
99
9
44
0
40
16
88
15
87
9
94
9
34
15
57
9
14
9
34
9
99
9
34
9
17
9
44
9
8
9
14
9
64
9
14
0
20
9
64
1
59
13
55
9
74
9
99
9
64
9
64
13
55
14
86
9
87
9
44
9
94
17
29
0
0
9
64
9
14
9
94
9
74
9
94
9
99
9
34
9
94
9
74
9
64
9
74
9
99
9
64
9
94
9
9
9
94
16
28
14
86
9
14
9
64
16
88
9
74
18
90
9
94
9
99
9
74
9
64
9
99
18
30
17
59
9
14
9
99
12
84
16
58
0
59
9
74
9
74
9
34
9
64
16
58
17
29
9
34
9
44
9
44
2
59
9
14
9
62
9
99
17
89
17
89
9
99
9
64
9
74
15
57
13
85
18
30
9
34
9
99
9
14
9
99
9
47
9
64
9
74
13
55
9
44
9
64
9
14
14
26
18
90
9
44
17
89
9
94
9
94
9
44
9
74
9
64
18
90
9
74
9
94
14
56
18
90
12
54
9
64
9
99
9
44
15
57
9
99
9
34
9
94
15
87
9
44
9
99
9
34
9
74
9
44
17
21
9
99
14
86
12
84
9
74
9
34
9
34
9
99
9
94
1
79
9
34
9
14
0
0
3
52
9
34
17
59
9
14
16
58
9
44
9
99
9
94
15
27
15
57
9
64
17
29
9
14
9
74
9
99
9
34
1
59
9
64
15
87
12
24
9
74
9
44
14
86
9
94
15
57
13
85
9
44
9
44
9
44
9
73
14
26
9
64
0
0
18
90
9
74
9
99
15
87
9
64
16
88
9
69
9
99
9
94
9
44
9
34
18
90
9
64
9
34
9
14
9
74
9
94
9
99
9
44
15
57
9
94
9
94
15
57
9
3
9
94
9
94
9
14
9
99
9
94
9
34
15
87
8
45
9
94
17
29
9
38
2
43
9
14
9
94
12
54
9
64
9
94
9
94
9
99
17
29
9
94
9
41
9
74
9
73
9
44
14
26
9
64
9
64
17
59
9
99
12
24
14
86
9
94
9
34
15
57
9
64
9
74
9
14
9
99
9
44
16
58
9
61
9
74
9
64
13
55
9
41
9
13
9
94
14
26
9
14
9
74
9
34
16
28
9
34
9
44
13
25
4
99
15
57
12
54
9
94
9
14
8
25
9
74
9
44
9
44
15
27
15
27
14
86
8
25
9
14
9
99
9
34
15
87
15
57
17
29
9
14
13
25
13
55
9
44
9
14
9
44
9
14
9
14
9
74
9
64
9
64
9
74
9
94
17
59
12
24
16
28
16
88
14
26
9
74
16
58
9
44
9
34
9
34
9
14
9
74
9
44
18
90
9
44
13
85
12
54
0
40
2
29
18
90
9
99
9
74
0
60
9
58
3
48
9
94
18
90
9
99
14
26
18
60
17
59
9
74
9
99
9
14
9
14
9
99
9
99
15
57
16
58
17
89
17
59
9
99
9
44
9
44
9
14
9
74
9
44
14
56
9
94
16
28
9
99
9
14
9
34
9
74
9
14
12
24
9
74
9
14
9
44
9
74
9
94
9
14
16
28
9
14
9
44
16
88
9
79
9
34
9
99
15
27
9
64
18
60
18
60
17
29
9
14
9
64
9
34
18
30
9
14
12
84
15
27
9
14
17
89
9
94
14
56
18
30
9
44
9
64
9
14
9
74
9
43
9
64
16
88
9
94
9
14
9
34
16
58
15
57
9
34
0
70
9
99
16
28
13
85
9
94
9
99
9
99
9
44
9
74
9
74
9
14
9
44
9
74
9
94
9
94
9
14
18
90
9
14
15
57
9
13
1
39
9
74
9
94
9
14
9
34
9
14
9
64
9
64
1
69
9
64
9
99
15
87
1
59
9
14
9
94
9
99
9
1
9
11
9
14
14
56
14
86
9
44
9
74
9
74
14
86
9
94
16
88
9
74
9
94
9
44
9
44
14
26
9
64
9
94
9
94
9
44
16
58
16
28
9
64
9
64
17
29
16
58
9
14
9
34
16
58
16
58
9
44
9
94
18
30
9
14
9
99
9
44
9
44
12
54
17
29
2
79
15
87
9
74
9
74
9
99
14
56
16
88
9
44
9
34
14
86
9
64
0
20
9
99
9
99
9
74
9
71
15
57
9
64
12
24
