7
18
8
50
9
57
7
79
8
78
9
99
9
67
8
27
9
67
8
36
6
46
8
9
9
39
8
90
6
46
9
91
6
9
9
49
7
67
9
31
9
62
0
0
6
59
8
39
8
50
9
70
9
91
9
98
10
22
7
49
9
12
6
38
8
30
8
20
9
87
9
71
7
79
8
90
9
92
7
69
9
20
7
88
8
29
8
99
6
69
8
40
9
99
7
49
0
80
8
56
10
82
9
71
9
21
8
40
9
31
7
59
7
16
9
42
9
11
6
69
8
40
6
69
7
79
9
48
9
11
7
29
7
16
7
67
7
27
9
40
9
92
9
99
8
10
0
90
6
86
7
99
9
67
6
69
8
90
7
28
8
70
6
97
8
60
9
10
6
99
7
49
6
99
9
89
6
78
9
11
9
72
9
99
9
39
7
77
9
11
9
99
9
77
8
17
8
60
8
90
6
49
6
19
9
62
9
89
7
99
0
0
6
46
9
19
8
79
9
31
8
37
7
39
9
7
7
19
9
8
6
99
8
50
9
99
8
50
8
68
9
18
8
99
7
99
9
99
8
56
9
61
8
90
9
59
6
29
9
31
8
10
9
31
8
59
7
39
6
99
8
40
8
10
8
80
9
71
0
30
8
40
9
40
9
58
7
78
8
70
7
38
8
10
9
31
7
99
6
27
6
29
8
66
8
17
6
47
6
69
7
78
9
40
6
27
10
22
6
49
6
79
9
7
6
39
9
58
9
90
7
39
9
7
0
20
8
46
6
19
9
31
7
19
8
58
8
46
9
99
9
87
8
36
8
90
6
69
9
79
9
10
6
99
9
81
9
21
7
86
8
60
6
59
6
29
7
39
7
46
8
10
6
39
8
39
6
16
9
32
9
92
0
30
9
61
6
59
7
69
9
80
9
17
7
26
9
48
8
77
8
56
8
40
6
9
9
51
9
58
8
76
9
63
8
80
9
87
9
90
10
22
9
90
8
86
9
41
7
29
6
26
8
76
8
20
9
41
7
89
9
32
7
9
7
8
9
20
7
9
9
98
9
31
8
20
0
60
9
11
6
19
8
50
7
7
10
22
6
69
6
48
9
38
8
99
8
28
9
91
6
39
9
78
6
49
7
99
6
89
8
70
9
38
7
39
6
99
6
19
7
99
6
78
8
99
9
42
9
29
8
82
9
41
7
47
9
99
7
9
6
99
7
69
9
67
7
59
8
30
7
49
8
99
6
79
9
64
7
19
6
19
7
59
6
69
8
36
9
38
8
20
7
19
6
49
6
89
2
27
9
49
10
52
9
62
9
8
8
30
8
50
1
9
7
36
7
78
9
62
9
61
3
26
6
99
9
80
0
30
6
69
6
49
8
50
7
9
9
47
8
99
9
12
9
71
9
37
9
53
6
47
10
82
9
31
9
91
7
47
9
97
6
99
3
77
9
21
9
42
7
36
9
48
8
38
8
40
9
99
6
58
8
89
6
9
6
69
6
6
6
49
9
92
6
29
6
16
6
88
8
99
8
9
6
9
8
30
8
99
8
89
6
39
9
51
9
51
8
46
8
80
9
71
7
19
9
51
8
60
7
18
0
59
4
8
9
57
8
60
8
80
9
18
6
69
6
19
8
90
9
78
7
79
8
90
8
97
6
69
7
79
8
80
0
60
6
69
7
79
9
59
7
19
6
86
7
89
0
20
7
56
9
80
6
29
8
90
6
79
7
39
9
48
8
56
6
89
8
90
10
22
8
40
6
96
8
40
9
91
8
78
8
29
9
62
8
87
9
41
9
99
6
19
9
92
10
22
6
19
7
68
7
16
7
79
9
71
7
79
7
69
8
6
8
27
9
12
7
7
9
90
7
9
7
9
9
11
7
69
7
69
8
99
9
99
8
96
6
39
6
16
9
92
7
68
9
77
7
88
9
42
7
89
0
40
9
96
9
78
7
69
9
51
9
17
9
99
9
7
10
82
9
47
7
89
7
8
7
9
7
9
8
39
7
99
8
96
7
39
7
29
9
51
7
59
8
99
6
38
9
29
6
57
6
59
6
79
9
51
9
99
8
16
8
10
7
47
8
76
6
49
6
49
7
96
10
82
8
69
9
18
9
69
9
78
8
20
8
97
9
71
7
69
6
99
0
80
9
90
7
69
6
69
6
48
9
41
9
91
9
11
7
49
0
50
10
52
9
72
0
90
7
99
9
99
9
17
2
28
9
19
6
29
0
94
6
98
9
57
7
37
6
79
7
59
10
52
8
50
9
70
8
21
8
20
8
80
6
79
8
28
9
97
7
47
6
79
9
67
9
27
6
9
7
79
9
50
8
80
9
49
9
18
6
19
9
51
7
99
8
26
8
99
8
37
0
40
9
80
8
79
6
89
6
29
7
49
8
10
7
29
8
98
7
29
9
17
6
39
6
8
7
9
8
56
6
6
0
20
6
58
1
58
6
47
7
67
8
97
9
61
7
59
9
47
6
79
9
87
9
37
7
86
9
21
0
0
8
56
9
11
9
91
9
67
8
90
6
97
9
32
8
86
7
66
9
61
8
66
7
96
6
59
8
90
9
9
9
90
8
20
6
79
9
11
8
56
9
80
7
68
10
82
9
88
6
99
9
69
9
57
6
99
10
22
9
51
8
7
7
99
6
76
8
50
0
59
9
71
6
69
9
31
8
56
9
50
9
21
9
31
8
40
7
38
2
59
9
11
8
62
9
99
9
81
9
81
9
99
6
56
8
70
7
49
6
77
10
22
9
30
9
99
9
8
6
99
9
47
8
58
9
71
9
47
7
39
8
60
9
10
6
19
10
82
8
40
9
81
7
89
7
89
9
42
9
69
8
56
10
82
7
66
7
89
6
49
10
82
8
46
9
58
9
99
8
40
7
49
9
98
8
26
9
90
7
79
6
38
6
99
9
30
9
70
8
36
9
21
8
96
6
79
7
76
8
70
9
31
9
31
7
99
9
90
1
79
6
28
6
9
0
0
3
52
8
28
9
51
7
9
9
50
9
41
8
96
8
90
7
19
7
49
9
61
9
21
6
9
6
69
7
96
7
26
1
56
9
61
8
79
8
16
6
69
7
37
6
78
6
89
9
49
9
77
8
40
8
40
9
41
8
73
6
19
8
58
0
0
10
82
9
71
7
99
7
79
9
61
8
80
6
69
9
99
6
86
7
39
8
28
10
82
9
60
8
28
9
11
6
69
6
88
9
97
9
38
7
49
6
86
8
87
7
49
9
3
7
89
8
90
6
6
9
99
9
90
9
28
7
79
6
45
9
92
9
21
6
38
2
43
7
9
8
89
8
46
6
58
7
87
6
89
7
97
9
21
8
90
9
41
6
68
8
74
9
41
7
18
6
59
7
59
9
51
6
99
8
16
7
78
8
86
6
28
9
49
9
61
8
70
6
8
6
99
6
37
8
50
6
61
8
70
7
56
8
47
7
41
8
13
8
90
9
18
9
11
9
71
9
31
8
20
8
27
9
42
6
17
4
97
7
49
7
46
9
92
8
7
8
25
9
71
9
37
7
37
9
19
7
19
9
78
8
25
9
11
7
99
9
29
7
79
7
49
9
21
8
10
9
17
8
47
9
39
9
12
9
41
9
11
7
6
6
66
8
59
9
59
9
72
7
89
9
51
7
16
8
20
8
80
7
18
8
66
8
50
8
40
9
31
8
30
9
10
7
69
8
36
10
82
8
37
9
77
6
46
0
40
2
28
10
82
9
98
7
69
0
60
8
58
3
48
6
89
10
82
9
99
7
18
10
52
9
51
6
69
9
99
8
10
6
9
7
99
6
99
7
49
9
50
9
81
9
51
7
96
9
38
6
39
9
11
9
72
9
41
6
49
9
87
8
20
8
99
7
8
9
32
6
69
8
10
8
16
8
70
8
6
9
42
6
69
8
90
8
7
8
20
6
9
9
40
9
80
9
79
9
27
8
99
7
19
9
61
10
52
10
52
9
21
8
8
6
57
6
27
10
22
9
10
8
76
7
19
8
10
9
81
9
87
6
49
10
22
8
38
9
61
9
12
6
67
7
43
8
56
8
80
7
89
9
11
9
31
8
50
8
49
9
27
0
70
9
99
9
20
9
77
9
88
8
97
9
99
9
38
9
72
7
69
8
10
9
42
8
70
9
91
9
91
6
9
10
82
8
10
7
49
9
13
1
39
8
66
6
88
7
9
7
27
9
11
6
59
7
59
1
67
7
58
7
99
7
79
1
56
9
10
7
89
6
99
8
1
6
11
9
11
6
49
9
78
6
37
8
70
9
71
6
79
8
86
8
80
6
69
8
90
7
39
6
37
6
19
9
57
7
89
9
92
8
37
8
50
8
20
8
56
9
61
9
21
8
50
7
7
8
30
8
50
8
50
6
39
9
88
10
22
6
9
6
99
8
40
7
39
6
46
9
21
2
79
9
79
9
72
9
68
8
97
6
49
9
80
8
39
6
29
7
78
9
61
0
20
9
99
6
99
9
72
7
71
7
49
9
61
8
16
