2
13
3
48
4
52
2
79
3
73
5
94
5
62
3
22
4
62
4
31
1
41
3
4
5
34
3
85
1
41
4
87
1
9
4
44
2
62
4
28
5
58
0
0
1
58
3
34
3
49
5
65
4
89
4
93
5
17
2
48
5
8
1
33
3
29
3
15
4
82
4
69
2
79
3
88
5
89
2
64
5
15
2
83
3
24
3
99
1
67
3
39
4
96
2
49
0
80
4
51
5
79
5
66
4
19
3
38
4
29
2
59
2
11
5
39
5
6
1
66
3
39
1
69
2
79
5
43
5
6
2
26
2
11
2
62
2
22
5
35
5
88
5
97
3
9
0
90
1
81
2
98
5
62
1
66
3
89
2
23
3
65
1
92
3
58
4
5
1
94
2
49
1
99
5
84
1
73
4
9
5
69
5
95
4
34
2
72
4
8
4
99
4
72
3
12
3
58
3
89
1
49
1
19
5
58
5
84
2
99
0
0
1
41
4
14
3
74
5
26
3
32
2
36
4
2
2
18
5
3
1
96
3
46
5
97
3
47
3
63
4
13
3
99
2
99
5
97
3
51
5
56
3
88
5
54
1
29
4
29
3
6
4
26
3
54
2
39
1
98
3
38
3
7
3
78
4
68
0
30
3
36
5
35
5
53
2
73
3
68
2
33
3
9
4
29
2
96
1
22
1
24
4
61
3
12
1
42
1
65
2
73
4
35
1
22
5
18
1
44
1
79
4
2
1
39
4
53
5
85
2
39
5
2
0
20
3
41
1
18
4
27
2
19
3
53
4
41
4
95
5
82
3
31
3
87
1
64
4
74
4
5
1
96
4
76
4
17
2
81
3
59
1
54
1
27
2
36
2
41
3
9
1
39
3
34
1
11
5
27
5
89
0
30
4
58
1
58
2
66
5
75
5
12
2
21
5
43
3
72
4
51
3
39
1
9
4
48
4
53
3
71
4
64
3
78
4
82
5
85
5
19
4
85
3
81
5
36
2
26
1
21
4
71
3
18
4
39
2
89
5
29
2
9
2
3
5
15
2
4
5
98
4
29
3
19
0
60
4
8
1
17
3
46
2
2
5
19
1
65
1
43
5
33
3
94
3
23
4
91
1
34
4
73
1
47
2
94
1
84
3
69
4
38
2
39
1
95
1
19
2
99
1
73
3
98
5
38
4
24
3
82
5
36
2
42
5
96
2
9
1
98
2
67
4
62
2
57
3
27
2
49
3
98
1
74
5
64
2
14
1
16
2
59
1
64
4
31
4
33
3
16
2
19
1
46
1
89
2
22
4
44
5
48
5
59
5
3
3
29
3
47
1
6
2
31
2
78
5
59
4
59
3
26
1
99
4
75
0
30
1
68
1
44
3
48
2
6
4
42
3
96
5
9
4
68
5
32
5
54
1
42
5
78
4
26
5
86
2
42
5
92
1
94
3
72
4
18
5
39
2
31
5
43
3
33
3
37
5
99
1
53
3
84
1
4
1
68
1
1
1
49
5
88
1
29
1
11
1
83
3
96
3
4
1
7
3
29
3
99
3
84
1
39
4
47
4
49
3
41
3
79
4
68
2
17
5
46
3
56
2
13
0
57
4
3
4
52
3
56
3
77
4
13
1
64
1
15
3
89
4
73
2
76
3
87
3
92
1
66
2
74
3
78
0
60
1
69
2
77
5
54
2
16
1
81
2
88
0
20
2
51
5
75
1
27
3
87
1
78
2
35
5
43
3
51
1
86
3
89
5
19
3
37
1
91
3
39
4
87
3
73
3
24
5
59
3
82
4
38
4
99
1
16
5
89
5
17
1
18
2
63
2
11
2
79
4
69
2
75
2
67
3
1
3
22
5
7
2
2
4
85
2
6
2
6
5
6
2
66
2
66
3
97
4
94
3
91
1
39
1
11
5
88
2
63
4
72
2
83
5
39
2
89
0
40
5
96
5
78
2
65
4
46
5
12
5
97
5
2
5
77
5
42
2
84
2
3
2
7
2
7
3
34
2
99
3
91
2
38
2
24
5
46
2
58
3
98
1
33
5
24
1
52
1
54
1
75
4
47
4
95
3
11
3
9
2
42
3
71
1
46
1
44
2
91
5
79
3
64
4
13
4
64
4
73
3
18
3
92
4
69
2
65
1
99
0
80
4
85
2
69
1
65
1
43
4
36
4
91
4
9
2
44
0
50
5
48
5
69
0
90
2
97
4
94
4
12
2
23
4
14
1
27
0
94
1
93
4
52
2
32
1
76
2
59
5
49
3
46
4
65
3
21
3
18
3
77
1
75
3
23
5
92
2
42
1
76
5
62
4
22
1
8
2
78
4
45
3
75
4
44
5
13
1
19
4
48
2
98
3
21
3
96
3
32
0
40
5
75
3
74
1
85
1
25
2
47
3
7
2
27
3
93
2
28
4
17
1
35
1
8
2
9
4
51
1
1
0
20
1
53
1
53
1
42
2
62
3
92
5
56
2
56
4
42
1
79
4
87
5
32
2
81
4
16
0
0
3
51
4
6
4
89
5
62
3
85
1
92
5
27
3
81
2
61
4
57
3
61
2
91
1
59
3
87
4
9
5
85
3
19
1
78
4
6
3
51
4
75
2
63
5
79
5
83
1
96
4
64
4
52
1
99
5
18
4
49
3
2
2
98
1
71
3
49
0
57
4
69
1
65
4
28
3
51
5
45
4
17
4
26
3
39
2
33
2
56
5
6
3
62
4
96
4
79
5
76
4
96
1
51
3
68
2
46
1
72
5
18
4
25
5
94
5
3
1
95
4
47
3
53
4
67
4
42
2
39
3
59
5
5
1
18
5
78
3
39
4
79
2
89
2
85
5
39
5
64
3
51
5
79
2
61
2
88
1
46
5
79
3
41
5
53
4
99
3
37
2
47
4
93
3
21
5
85
2
78
1
33
1
97
4
25
4
65
4
31
4
21
3
91
1
76
2
71
3
67
4
27
4
28
2
96
4
85
1
74
1
23
1
9
0
0
3
52
3
23
4
49
2
6
4
45
4
38
4
91
3
85
2
14
2
48
4
57
4
16
1
8
1
68
2
91
2
21
1
51
4
56
3
74
3
11
1
67
2
32
1
73
1
88
5
44
4
72
3
35
3
38
4
38
3
73
1
19
3
53
0
0
5
79
4
68
2
97
2
75
5
56
3
75
1
69
4
95
1
81
2
35
3
23
5
78
4
55
3
23
4
7
1
66
1
83
4
92
5
33
2
45
1
81
3
82
2
46
4
3
2
89
3
89
1
1
5
99
5
85
4
23
2
77
1
45
5
89
5
16
1
38
2
43
2
6
3
84
4
41
1
53
2
82
1
86
2
92
4
17
3
87
5
41
1
63
3
74
4
37
2
13
1
57
2
56
5
46
1
97
4
11
2
73
3
81
1
23
4
44
4
58
3
65
1
3
1
98
1
32
3
47
1
61
3
68
2
51
3
42
2
41
3
13
3
89
5
13
4
7
4
69
4
29
3
16
3
22
5
39
1
12
4
92
2
47
2
41
5
87
3
2
4
25
4
68
4
32
2
32
4
14
2
19
4
73
5
25
5
6
2
95
4
24
2
76
2
46
4
16
3
9
4
12
3
42
5
34
5
9
4
39
4
6
2
1
1
61
3
54
5
54
5
69
2
89
4
46
2
11
3
19
3
78
2
13
4
61
3
47
3
39
4
26
3
29
5
5
2
64
4
31
5
78
3
32
4
72
1
41
0
40
2
23
5
79
4
93
2
64
0
60
3
58
3
48
1
86
5
79
5
95
2
13
5
49
5
46
1
68
4
97
3
6
1
5
2
98
1
99
2
49
4
45
4
76
4
49
2
91
4
33
1
35
4
9
5
69
5
36
1
47
5
82
3
17
3
96
2
3
5
27
1
66
3
6
4
11
3
67
4
1
5
38
1
66
3
88
3
2
3
19
1
8
5
35
4
75
5
79
4
22
3
96
2
17
4
59
5
49
5
47
4
17
3
3
1
52
1
22
5
17
4
5
3
71
2
19
3
9
4
79
5
82
1
49
5
19
3
33
5
56
5
9
1
62
2
43
3
51
3
76
2
87
4
6
4
28
3
49
3
44
5
22
0
70
5
99
4
15
4
72
5
83
3
92
4
95
5
33
5
69
2
69
3
8
5
38
3
66
4
86
5
86
1
8
5
77
3
8
2
49
4
14
1
37
3
61
1
83
2
9
2
22
5
6
1
59
2
59
1
62
2
53
2
94
2
74
1
51
5
5
2
86
1
97
3
1
1
11
4
9
1
46
5
73
1
32
3
69
4
69
1
75
3
81
3
79
1
69
3
87
2
34
1
32
1
18
5
52
2
89
5
87
3
32
3
46
3
17
3
51
4
59
4
19
3
46
2
2
3
29
3
49
3
45
1
38
4
83
5
19
1
7
1
98
3
36
2
34
1
41
4
19
2
78
5
74
5
67
4
63
3
92
1
47
4
75
3
34
1
27
2
73
4
56
0
20
4
99
1
96
5
67
2
71
2
49
4
59
3
11
