5
16
6
49
7
55
5
79
6
76
8
97
8
65
6
25
7
65
7
34
4
44
6
7
8
37
6
88
4
44
7
89
4
9
7
47
5
65
7
29
8
60
0
0
4
59
6
37
6
49
8
68
7
89
7
96
8
20
5
49
8
10
4
36
6
29
6
18
7
85
7
69
5
79
6
89
8
90
5
67
8
18
5
86
6
27
6
99
4
69
6
39
7
99
5
49
0
80
7
54
8
80
8
69
7
19
6
39
7
29
5
59
5
14
8
40
8
9
4
69
6
39
4
69
5
79
8
46
8
9
5
29
5
14
5
65
5
25
8
38
8
90
8
99
6
9
0
90
4
84
5
99
8
65
4
69
6
89
5
26
6
68
4
95
6
59
7
8
4
97
5
49
4
99
8
87
4
76
7
9
8
70
8
98
7
37
5
75
7
9
7
99
7
75
6
15
6
59
6
89
4
49
4
19
8
60
8
87
5
99
0
0
4
44
7
17
6
77
8
29
6
35
5
39
7
5
5
19
8
6
4
99
6
49
8
99
6
49
6
66
7
16
6
99
5
99
8
99
6
54
8
59
6
89
8
57
4
29
7
29
6
9
7
29
6
57
5
39
4
99
6
39
6
9
6
79
7
69
0
30
6
39
8
38
8
56
5
76
6
69
5
36
6
9
7
29
5
99
4
25
4
27
7
64
6
15
4
45
4
68
5
76
7
38
4
25
8
20
4
47
4
79
7
5
4
39
7
56
8
88
5
39
8
5
0
20
6
44
4
19
7
29
5
19
6
56
7
44
7
98
8
85
6
34
6
89
4
67
7
77
7
8
4
99
7
79
7
19
5
84
6
59
4
57
4
29
5
39
5
44
6
9
4
39
6
37
4
14
8
30
8
90
0
30
7
59
4
59
5
69
8
78
8
15
5
24
8
46
6
75
7
54
6
39
4
9
7
49
7
56
6
74
7
64
6
79
7
85
8
88
8
20
7
88
6
84
8
39
5
29
4
24
7
74
6
19
7
39
5
89
8
30
5
9
5
6
8
18
5
7
8
98
7
29
6
19
0
60
7
9
4
19
6
49
5
5
8
20
4
68
4
46
8
36
6
97
6
26
7
91
4
37
7
76
4
49
5
97
4
87
6
69
7
38
5
39
4
98
4
19
5
99
4
76
6
99
8
40
7
27
6
82
8
39
5
45
8
99
5
9
4
99
5
69
7
65
5
59
6
29
5
49
6
99
4
77
8
64
5
17
4
19
5
59
4
67
7
34
7
36
6
19
5
19
4
49
4
89
2
25
7
47
8
50
8
60
8
6
6
29
6
49
1
9
5
34
5
78
8
60
7
59
3
26
4
99
7
78
0
30
4
69
4
47
6
49
5
9
7
45
6
99
8
10
7
69
8
35
8
54
4
45
8
80
7
29
8
89
5
45
8
95
4
97
3
75
7
19
8
40
5
34
8
46
6
36
6
39
8
99
4
56
6
87
4
7
4
69
4
4
4
49
8
90
4
29
4
14
4
86
6
99
6
7
4
9
6
29
6
99
6
87
4
39
7
49
7
49
6
44
6
79
7
69
5
19
8
49
6
59
5
16
0
59
4
6
7
55
6
59
6
79
7
16
4
67
4
18
6
89
7
76
5
79
6
89
6
95
4
69
5
77
6
79
0
60
4
69
5
79
8
57
5
19
4
84
5
89
0
20
5
54
8
78
4
29
6
89
4
79
5
38
8
46
6
54
4
89
6
89
8
20
6
39
4
94
6
39
7
89
6
76
6
27
8
60
6
85
7
39
7
99
4
19
8
90
8
20
4
19
5
66
5
14
5
79
7
69
5
78
5
69
6
4
6
25
8
10
5
5
7
88
5
9
5
9
8
9
5
69
5
69
6
99
7
97
6
94
4
39
4
14
8
90
5
66
7
75
5
86
8
40
5
89
0
40
8
96
8
78
5
68
7
49
8
15
8
99
8
5
8
80
8
45
5
87
5
6
5
9
5
9
6
37
5
99
6
94
5
39
5
27
8
49
5
59
6
99
4
36
8
27
4
55
4
57
4
78
7
49
7
98
6
14
6
9
5
45
6
74
4
49
4
47
5
94
8
80
6
67
7
16
7
67
7
76
6
19
6
95
7
69
5
68
4
99
0
80
7
88
5
69
4
68
4
46
7
39
7
91
7
9
5
47
0
50
8
50
8
70
0
90
5
99
7
97
7
15
2
26
7
17
4
29
0
94
4
96
7
55
5
35
4
79
5
59
8
50
6
49
7
68
6
21
6
19
6
79
4
78
6
26
8
95
5
45
4
79
8
65
7
25
4
9
5
79
7
48
6
78
7
47
8
16
4
19
7
49
5
99
6
24
6
99
6
35
0
40
8
78
6
77
4
88
4
28
5
49
6
9
5
29
6
96
5
29
7
17
4
38
4
8
5
9
7
54
4
4
0
20
4
56
1
56
4
45
5
65
6
95
8
59
5
59
7
45
4
79
7
87
8
35
5
84
7
19
0
0
6
54
7
9
7
89
8
65
6
88
4
95
8
30
6
84
5
64
7
59
6
64
5
94
4
59
6
89
7
9
8
88
6
19
4
79
7
9
6
54
7
78
5
66
8
80
8
86
4
99
7
67
7
55
4
99
8
20
7
49
6
5
5
99
4
74
6
49
0
59
7
69
4
68
7
29
6
54
8
48
7
19
7
29
6
39
5
36
2
59
8
9
6
62
7
99
7
79
8
79
7
99
4
54
6
69
5
49
4
75
8
20
7
28
8
97
8
6
4
98
7
47
6
56
7
69
7
45
5
39
6
59
8
8
4
19
8
80
6
39
7
79
5
89
5
88
8
40
8
67
6
54
8
80
5
64
5
89
4
49
8
80
6
44
8
56
7
99
6
39
5
49
7
96
6
24
8
88
5
79
4
36
4
99
7
28
7
68
7
34
7
21
6
94
4
79
5
74
6
69
7
29
7
29
5
99
7
88
1
77
4
26
4
9
0
0
3
52
6
26
7
49
5
9
7
48
7
39
7
94
6
88
5
17
5
49
7
59
7
19
4
9
4
69
5
94
5
24
1
54
7
59
6
77
6
14
4
69
5
35
4
76
4
89
8
47
7
75
6
38
6
39
7
39
6
73
4
19
6
56
0
0
8
80
7
69
5
99
5
78
8
59
6
78
4
69
7
98
4
84
5
38
6
26
8
80
7
58
6
26
7
9
4
69
4
86
7
95
8
36
5
48
4
84
6
85
5
49
7
3
5
89
6
89
4
4
8
99
8
88
7
26
5
79
4
45
8
90
8
19
4
38
2
43
5
9
6
87
7
44
4
56
5
85
4
89
5
95
7
19
6
89
8
41
4
66
6
74
7
39
5
16
4
59
5
59
8
49
4
99
7
14
5
76
6
84
4
26
7
47
7
59
6
68
4
6
4
99
4
35
6
49
4
61
6
69
5
54
6
45
5
41
6
13
6
89
8
16
7
9
7
69
7
29
6
19
6
25
8
40
4
15
4
95
5
49
5
44
8
90
6
5
7
25
7
69
7
35
5
35
7
17
5
19
7
76
8
25
8
9
5
98
7
27
5
79
5
49
7
19
6
9
7
15
6
45
8
37
8
10
7
39
7
9
5
4
4
64
6
57
8
57
8
70
5
89
7
49
5
14
6
19
6
79
5
16
7
64
6
49
6
39
7
29
6
29
8
8
5
67
7
34
8
80
6
35
7
75
4
44
0
40
2
26
8
80
7
96
5
67
0
60
6
58
3
48
4
89
8
80
8
98
5
16
8
50
8
49
4
69
7
99
6
9
4
8
5
99
4
99
5
49
7
48
7
79
7
49
5
94
7
36
4
38
7
9
8
70
8
39
4
49
8
85
6
19
6
99
5
6
8
30
4
69
6
9
7
14
6
69
7
4
8
40
4
69
6
89
6
5
6
19
4
9
8
38
7
78
8
79
7
25
6
99
5
19
7
59
8
50
8
50
7
19
6
6
4
55
4
25
8
20
7
8
6
74
5
19
6
9
7
79
8
85
4
49
8
20
6
36
8
59
8
10
4
65
5
43
6
54
6
79
5
89
7
9
7
29
6
49
6
47
8
25
0
70
8
99
7
18
7
75
8
86
6
95
7
98
8
36
8
70
5
69
6
9
8
40
6
69
7
89
8
89
4
9
8
80
6
9
5
49
7
14
1
39
6
64
4
86
5
9
5
25
8
9
4
59
5
59
1
65
5
56
5
97
5
77
1
54
8
8
5
89
4
99
6
1
4
11
7
9
4
49
8
76
4
35
6
69
7
69
4
78
6
84
6
79
4
69
6
89
5
37
4
35
4
19
8
55
5
89
8
90
6
35
6
49
6
19
6
54
7
59
7
19
6
49
5
5
6
29
6
49
6
48
4
39
7
86
8
20
4
9
4
99
6
39
5
37
4
44
7
19
2
79
8
77
8
70
7
66
6
95
4
49
7
78
6
37
4
29
5
76
7
59
0
20
7
99
4
99
8
70
5
71
5
49
7
59
6
14
