19
33
19
64
9
64
19
94
19
93
9
99
9
74
9
34
9
74
9
44
19
61
9
14
9
44
9
94
19
61
9
94
9
14
19
64
9
74
9
34
9
64
0
0
9
64
9
44
19
64
9
74
9
94
9
99
19
34
19
64
9
14
9
44
9
34
19
34
9
94
9
74
19
94
9
94
9
94
9
74
19
34
9
94
9
34
9
99
9
74
9
44
9
99
19
64
0
80
9
64
19
94
9
74
19
34
9
44
9
34
9
64
19
31
9
44
9
14
9
74
9
44
9
74
19
94
19
63
9
14
9
34
19
31
9
74
9
34
9
44
9
94
9
99
9
14
0
90
9
94
9
99
9
74
9
74
9
94
9
34
9
74
9
99
9
64
9
14
9
99
19
64
9
99
9
94
19
93
9
14
9
74
9
99
9
44
19
92
9
14
9
99
19
92
19
32
9
64
9
94
19
63
19
33
9
64
9
94
9
99
0
0
19
61
19
34
19
94
9
34
9
44
9
44
9
14
19
34
9
14
9
99
19
64
9
99
19
64
9
74
19
33
9
99
9
99
9
99
9
64
9
64
9
94
9
64
9
34
9
34
9
14
9
34
9
64
9
44
9
99
9
44
9
14
19
94
9
74
0
30
9
44
9
44
9
64
19
93
9
74
9
44
9
14
9
34
9
99
9
34
9
34
9
74
19
32
19
62
9
74
19
93
9
44
9
34
19
34
19
63
19
93
9
14
9
44
9
64
9
94
9
44
9
14
0
20
19
61
19
33
9
34
19
34
9
64
19
61
9
99
9
94
9
44
9
94
9
74
19
94
9
14
9
99
19
94
19
34
9
94
9
64
9
64
9
34
9
44
19
61
9
14
9
44
9
44
19
31
9
34
9
94
0
30
9
64
9
64
9
74
19
94
19
32
9
34
19
63
19
92
9
64
9
44
9
14
19
64
9
64
19
91
9
63
19
94
9
94
9
94
19
34
9
94
9
94
9
44
9
34
9
34
19
91
19
34
9
44
9
94
9
34
9
14
9
14
19
34
9
14
9
98
9
34
19
34
0
60
9
14
19
33
19
64
9
14
19
34
9
74
19
63
9
44
9
99
9
34
9
91
9
44
19
93
19
63
9
99
9
94
9
74
9
38
9
44
9
99
19
33
9
99
19
93
9
99
9
44
9
34
19
82
9
44
19
62
9
99
9
14
9
99
9
74
9
74
9
64
9
34
19
64
9
99
19
93
9
64
19
34
19
33
9
64
9
74
9
44
9
44
19
34
19
34
19
63
9
94
2
29
19
64
19
64
9
64
9
14
9
34
19
64
1
9
9
44
9
78
9
64
9
64
3
26
9
99
19
94
0
30
9
74
19
63
19
64
9
14
19
62
9
99
9
14
9
74
9
44
19
52
19
62
19
94
9
34
9
94
19
62
9
99
9
99
3
79
19
34
9
44
9
44
19
63
9
44
9
44
9
99
9
64
9
94
9
14
9
74
9
14
19
63
9
94
9
34
19
31
9
94
9
99
9
14
9
14
9
34
9
99
9
94
9
44
19
64
19
64
19
61
19
94
9
74
19
34
19
64
9
64
19
33
0
59
4
9
9
64
9
64
19
94
19
33
9
74
19
33
9
94
19
93
19
94
9
94
9
99
9
74
19
94
19
94
0
60
9
74
19
94
9
64
19
34
9
94
9
94
0
20
9
64
19
94
9
34
9
94
19
93
9
44
19
63
9
64
9
94
9
94
19
34
9
44
9
99
9
44
9
94
19
93
9
34
9
64
9
94
9
44
9
99
19
33
9
94
19
34
19
33
9
74
19
31
19
94
9
74
19
94
9
74
9
14
9
34
9
14
9
14
9
94
9
14
9
14
9
14
9
74
9
74
9
99
9
99
9
99
9
44
19
31
9
94
9
74
19
92
9
94
9
44
9
94
0
40
9
96
9
78
9
74
19
64
19
32
9
99
9
14
19
94
19
62
9
94
9
14
9
14
9
14
9
44
9
99
9
99
9
44
9
34
19
64
9
64
9
99
9
44
9
34
9
64
9
64
19
93
19
64
9
99
19
31
9
14
19
62
19
91
19
63
19
63
9
99
19
94
9
74
19
33
9
74
19
93
19
34
9
99
9
74
9
74
9
99
0
80
9
94
9
74
9
74
19
63
9
44
9
91
9
14
19
64
0
50
19
64
9
74
0
90
9
99
9
99
19
32
2
29
19
34
9
34
0
94
9
99
9
64
9
44
19
93
9
64
19
64
19
64
9
74
19
21
19
34
19
94
19
93
9
34
9
99
19
62
19
93
9
74
9
34
9
14
19
94
19
64
19
94
19
64
19
33
19
33
19
64
9
99
9
34
9
99
9
44
0
40
19
94
19
94
9
94
9
34
19
64
9
14
9
34
9
99
9
34
9
17
9
44
9
8
9
14
9
64
9
14
0
20
9
64
1
59
19
62
9
74
9
99
9
64
9
64
19
62
19
93
9
87
9
44
9
94
19
34
0
0
9
64
9
14
9
94
9
74
9
94
9
99
9
34
9
94
9
74
9
64
9
74
9
99
9
64
9
94
9
9
9
94
19
34
19
93
9
14
9
64
19
94
9
74
19
94
9
94
9
99
9
74
9
64
9
99
19
34
19
64
9
14
9
99
19
91
19
64
0
59
9
74
9
74
9
34
9
64
19
64
19
34
9
34
9
44
9
44
2
59
9
14
9
62
9
99
19
94
19
94
9
99
9
64
9
74
19
64
19
92
19
34
9
34
9
99
9
14
9
99
9
47
9
64
9
74
19
62
9
44
9
64
9
14
19
33
19
94
9
44
19
94
9
94
9
94
9
44
9
74
9
64
19
94
9
74
9
94
19
63
19
94
19
61
9
64
9
99
9
44
19
64
9
99
9
34
9
94
19
94
9
44
9
99
9
34
9
74
9
44
19
21
9
99
19
93
19
91
9
74
9
34
9
34
9
99
9
94
1
79
9
34
9
14
0
0
3
52
9
34
19
64
9
14
19
64
9
44
9
99
9
94
19
34
19
64
9
64
19
34
9
14
9
74
9
99
9
34
1
59
9
64
19
94
19
31
9
74
9
44
19
93
9
94
19
64
19
92
9
44
9
44
9
44
9
73
19
33
9
64
0
0
19
94
9
74
9
99
19
94
9
64
19
94
9
69
9
99
9
94
9
44
9
34
19
94
9
64
9
34
9
14
9
74
9
94
9
99
9
44
19
64
9
94
9
94
19
64
9
3
9
94
9
94
9
14
9
99
9
94
9
34
19
94
8
45
9
94
19
34
9
38
2
43
9
14
9
94
19
61
9
64
9
94
9
94
9
99
19
34
9
94
9
41
9
74
9
73
9
44
19
33
9
64
9
64
19
64
9
99
19
31
19
93
9
94
9
34
19
64
9
64
9
74
9
14
9
99
9
44
19
64
9
61
9
74
9
64
19
62
9
41
9
13
9
94
19
33
9
14
9
74
9
34
19
34
9
34
9
44
19
32
4
99
19
64
19
61
9
94
9
14
8
25
9
74
9
44
9
44
19
34
19
34
19
93
8
25
9
14
9
99
9
34
19
94
19
64
19
34
9
14
19
32
19
62
9
44
9
14
9
44
9
14
9
14
9
74
9
64
9
64
9
74
9
94
19
64
19
31
19
34
19
94
19
33
9
74
19
64
9
44
9
34
9
34
9
14
9
74
9
44
19
94
9
44
19
92
19
61
0
40
2
29
19
94
9
99
9
74
0
60
9
58
3
48
9
94
19
94
9
99
19
33
19
64
19
64
9
74
9
99
9
14
9
14
9
99
9
99
19
64
19
64
19
94
19
64
9
99
9
44
9
44
9
14
9
74
9
44
19
63
9
94
19
34
9
99
9
14
9
34
9
74
9
14
19
31
9
74
9
14
9
44
9
74
9
94
9
14
19
34
9
14
9
44
19
94
9
79
9
34
9
99
19
34
9
64
19
64
19
64
19
34
9
14
9
64
9
34
19
34
9
14
19
91
19
34
9
14
19
94
9
94
19
63
19
34
9
44
9
64
9
14
9
74
9
43
9
64
19
94
9
94
9
14
9
34
19
64
19
64
9
34
0
70
9
99
19
34
19
92
9
94
9
99
9
99
9
44
9
74
9
74
9
14
9
44
9
74
9
94
9
94
9
14
19
94
9
14
19
64
9
13
1
39
9
74
9
94
9
14
9
34
9
14
9
64
9
64
1
69
9
64
9
99
19
94
1
59
9
14
9
94
9
99
9
1
9
11
9
14
19
63
19
93
9
44
9
74
9
74
19
93
9
94
19
94
9
74
9
94
9
44
9
44
19
33
9
64
9
94
9
94
9
44
19
64
19
34
9
64
9
64
19
34
19
64
9
14
9
34
19
64
19
64
9
44
9
94
19
34
9
14
9
99
9
44
9
44
19
61
19
34
2
79
19
94
9
74
9
74
9
99
19
63
19
94
9
44
9
34
19
93
9
64
0
20
9
99
9
99
9
74
9
71
19
64
9
64
19
31
