1
13
2
47
3
51
1
79
2
72
4
93
4
61
2
21
3
61
4
30
1
40
2
3
4
33
2
84
1
40
3
86
0
9
3
43
1
61
3
27
4
57
0
0
0
57
2
33
2
48
4
64
3
89
3
92
4
16
1
47
4
7
0
32
2
29
2
14
3
81
3
69
1
79
2
87
4
89
1
63
4
14
1
82
2
23
2
99
0
66
2
38
3
95
1
48
0
80
4
50
4
78
4
65
3
19
2
37
3
28
1
59
2
10
4
38
4
5
0
65
2
39
0
68
1
79
4
42
4
5
1
25
2
10
1
61
1
21
4
34
4
87
4
96
2
9
0
90
1
80
1
97
4
61
0
65
2
88
1
22
2
64
0
91
2
57
3
4
0
93
1
49
0
99
4
83
0
72
3
8
4
68
4
94
3
33
1
71
3
7
3
99
3
71
2
11
2
57
2
88
0
49
0
19
4
57
4
83
1
99
0
0
1
40
3
13
2
73
4
25
2
31
1
35
3
1
1
17
4
2
0
95
2
45
4
96
2
46
2
62
3
12
2
99
1
99
4
96
3
50
4
55
2
87
4
53
0
28
3
28
2
5
3
25
2
53
1
38
0
97
2
37
2
6
2
77
3
67
0
30
2
35
4
34
4
52
1
72
2
67
1
32
2
9
3
29
1
95
0
21
0
23
4
60
2
11
0
41
0
64
1
72
3
34
0
21
4
17
0
43
0
79
3
1
0
38
3
52
4
84
1
39
4
1
0
20
3
40
0
17
3
26
1
19
2
52
4
40
3
94
4
81
3
30
2
86
0
63
3
73
3
4
0
95
3
75
3
16
2
80
2
58
0
53
0
26
1
35
2
40
2
9
0
39
2
33
1
10
4
26
4
89
0
30
3
57
0
57
1
65
4
74
4
11
2
20
4
42
2
71
4
50
2
39
0
8
3
47
3
52
3
70
3
64
2
77
3
81
4
84
4
18
3
84
3
80
4
35
1
25
1
20
4
70
2
17
3
39
1
89
4
28
1
9
1
2
4
14
1
3
4
99
3
28
2
18
0
60
3
7
0
16
2
45
1
1
4
19
0
64
0
42
4
32
2
93
2
22
4
90
0
33
3
72
0
46
1
93
0
83
2
68
3
39
1
38
0
94
0
19
1
98
0
72
2
97
4
37
3
23
2
82
4
35
1
41
4
95
1
9
0
97
1
66
3
61
1
56
2
26
1
49
2
97
0
73
4
64
1
13
0
15
1
58
0
63
4
30
3
32
2
15
1
18
0
45
0
88
2
21
3
43
4
47
4
59
4
2
2
29
2
46
1
5
2
30
1
79
4
58
3
59
3
26
0
98
3
74
0
30
0
67
0
43
2
47
1
5
3
41
2
95
4
9
3
67
4
31
4
54
0
41
4
77
3
25
4
85
1
41
4
91
0
93
3
71
3
17
4
38
2
30
4
42
2
32
2
36
4
98
0
52
2
83
0
3
0
67
1
0
0
49
4
87
0
29
1
10
0
82
2
95
2
3
0
6
2
28
2
99
2
83
0
39
3
46
3
49
3
40
2
78
3
67
1
16
4
45
2
55
1
12
0
56
4
2
3
51
2
55
2
76
3
12
0
63
0
14
2
88
3
72
1
75
2
86
2
91
0
65
1
73
2
77
0
60
0
68
1
76
4
53
1
15
1
80
1
87
0
20
2
50
4
74
0
26
2
86
0
77
1
34
4
42
3
50
0
85
2
89
4
19
2
36
1
90
2
38
3
86
2
72
2
23
4
59
2
81
3
37
3
98
0
15
4
88
4
16
0
17
1
62
2
10
1
78
3
68
1
74
1
66
3
0
2
21
4
6
1
1
3
84
1
5
1
5
4
5
1
65
1
65
2
96
3
93
3
90
0
38
1
10
4
87
1
62
3
71
1
82
4
39
1
88
0
40
4
96
4
78
1
64
3
45
4
11
4
96
4
1
4
76
4
41
1
83
1
2
1
6
1
6
2
33
1
98
3
90
1
37
1
23
4
45
1
57
2
97
0
32
4
23
0
51
0
53
0
74
3
46
3
94
3
10
2
8
1
41
3
70
0
45
0
43
2
90
4
78
2
63
3
12
3
63
3
72
2
17
2
91
3
69
1
64
0
99
0
80
3
84
1
69
0
64
0
42
3
35
3
91
3
8
1
43
0
50
4
47
4
69
0
90
1
96
3
93
3
11
2
22
3
13
0
26
0
94
0
92
3
51
1
31
0
75
1
58
4
48
2
45
3
64
2
21
2
17
2
76
0
74
2
22
4
91
1
41
0
75
4
61
3
21
0
7
1
77
3
44
2
74
3
43
4
12
0
18
3
47
1
97
3
20
2
95
2
31
0
40
4
74
2
73
0
84
0
24
1
46
2
6
1
26
2
92
1
27
3
17
0
34
0
9
1
8
4
50
1
0
0
20
0
52
1
52
0
41
1
61
2
91
4
55
1
55
3
41
0
78
3
87
4
31
2
80
3
15
0
0
3
50
3
5
3
89
4
61
2
84
0
91
4
26
3
80
2
60
3
56
3
60
2
90
0
58
2
86
3
9
4
84
2
19
0
77
3
5
3
50
3
74
1
62
4
79
4
82
0
95
3
63
3
51
0
99
4
17
3
48
2
1
1
97
1
70
2
49
0
56
3
69
0
64
3
27
3
50
4
44
3
16
3
25
2
38
1
32
2
55
4
5
2
62
3
95
3
79
4
75
3
95
1
50
2
67
1
45
0
71
4
17
3
24
4
93
4
2
0
94
3
47
2
52
3
66
3
41
1
38
2
59
4
4
0
17
4
77
2
39
3
79
1
89
1
84
4
38
4
63
3
50
4
78
2
60
1
87
0
45
4
79
3
40
4
52
3
99
2
36
1
46
3
92
3
20
4
84
1
77
0
32
0
96
3
24
3
64
4
30
3
21
3
90
0
75
2
70
2
66
3
26
3
27
1
95
3
84
0
73
0
22
0
9
0
0
3
52
2
22
3
48
1
5
3
44
3
37
4
90
2
84
1
13
1
47
3
56
3
15
0
7
0
67
2
90
2
20
1
50
3
55
2
73
3
10
0
66
1
31
0
72
0
87
4
43
3
71
2
34
2
37
3
37
2
73
0
18
2
52
0
0
4
79
3
67
1
96
1
74
4
55
2
74
0
69
3
94
1
80
1
34
2
22
4
77
3
54
2
22
3
6
0
65
0
82
3
91
4
32
1
44
1
80
2
81
1
45
3
3
1
88
2
88
1
0
4
99
4
84
3
22
1
76
0
45
4
88
4
15
0
38
2
43
1
5
2
83
4
40
0
52
1
81
0
85
1
91
3
16
2
86
4
41
0
62
2
74
3
36
1
12
0
56
1
55
4
45
0
96
4
10
1
72
3
80
0
22
3
43
3
57
2
64
0
2
0
97
0
31
2
46
1
60
2
67
2
50
2
41
1
41
2
13
2
89
4
12
3
6
3
68
3
28
2
15
2
21
4
38
0
11
4
91
1
46
2
40
4
86
2
1
3
25
3
67
3
31
1
31
3
13
1
19
3
72
4
25
4
5
1
94
3
23
1
75
1
45
3
15
2
8
3
11
2
41
4
33
4
8
3
38
3
5
2
0
1
60
2
53
4
53
4
69
1
89
3
45
2
10
2
19
2
77
1
12
4
60
2
46
2
38
3
25
2
28
4
4
1
63
4
30
4
77
2
31
3
71
1
40
0
40
2
22
4
79
3
92
1
63
0
60
2
59
3
49
0
85
4
79
4
94
1
12
4
48
4
45
0
67
3
96
2
5
0
4
1
97
0
99
1
49
3
44
3
75
3
48
2
90
3
32
0
34
3
8
4
68
4
35
0
46
4
81
2
16
2
95
1
2
4
26
0
65
2
5
4
10
2
66
4
0
4
37
0
65
2
87
2
1
2
18
0
7
4
34
3
74
4
79
3
21
2
95
1
16
3
58
4
48
4
46
3
16
2
2
0
51
0
21
4
16
3
4
3
70
1
18
2
9
3
78
4
81
0
48
4
19
2
32
4
55
4
8
0
61
1
43
3
50
2
75
1
86
3
5
3
27
2
48
2
43
4
21
0
70
4
98
3
14
3
71
4
82
2
91
3
94
4
32
4
69
1
68
2
7
4
37
2
65
3
85
4
85
0
7
4
76
2
7
1
48
3
14
1
36
3
60
0
82
1
8
1
21
4
5
0
58
1
58
1
61
1
52
1
93
1
73
1
50
4
4
1
85
0
96
2
1
1
10
3
8
0
45
4
72
0
31
2
68
3
69
0
74
3
80
2
79
0
68
2
86
1
33
0
31
0
17
4
51
1
88
4
86
2
31
2
45
2
16
3
50
3
59
3
19
2
45
1
1
2
29
2
48
2
44
0
37
3
82
4
18
0
6
0
97
2
35
1
33
1
40
3
19
2
77
4
73
4
66
3
62
2
91
0
46
3
74
2
33
0
26
1
72
3
55
0
20
3
99
0
95
4
66
1
71
1
49
3
59
3
10
