8
19
9
51
9
58
8
80
9
79
9
99
9
68
9
28
9
68
9
37
7
47
9
10
9
40
9
91
7
47
9
92
7
9
9
50
8
68
9
32
9
63
0
0
7
59
9
40
9
51
9
71
9
92
9
99
11
23
8
50
9
13
7
39
9
31
9
21
9
88
9
72
8
80
9
91
9
93
8
70
9
21
8
89
9
30
9
99
7
69
9
41
9
99
8
50
0
80
9
57
11
83
9
72
10
22
9
41
9
32
8
60
8
17
9
43
9
12
7
69
9
41
7
69
8
80
9
49
9
12
8
30
8
17
8
68
8
28
9
41
9
93
9
99
9
11
0
90
7
87
8
99
9
68
7
69
9
91
8
29
9
71
7
98
9
61
9
11
7
99
8
50
7
99
9
90
7
79
9
12
9
73
9
99
9
40
8
78
9
12
9
99
9
78
9
18
9
61
9
91
7
49
7
19
9
63
9
90
8
99
0
0
7
47
9
20
9
80
9
32
9
38
8
40
9
8
8
20
9
9
7
99
9
51
9
99
9
51
9
69
9
19
9
99
8
99
9
99
9
57
9
62
9
91
9
60
7
29
9
32
9
11
9
32
9
60
8
40
7
99
9
41
9
11
9
81
9
72
0
30
9
41
9
41
9
59
8
79
9
71
8
39
9
11
9
32
8
99
7
28
7
29
9
67
9
18
7
48
7
69
8
79
9
41
7
28
11
23
7
49
7
79
9
8
7
39
9
59
9
91
8
40
9
8
0
20
9
47
7
19
9
32
8
20
9
59
9
47
9
99
9
88
9
37
9
91
7
69
9
80
9
11
7
99
10
82
10
22
8
87
9
61
7
59
7
29
8
40
8
47
9
11
7
39
9
40
7
17
9
33
9
93
0
30
9
62
7
59
8
70
9
81
9
18
8
27
9
49
9
78
9
57
9
41
7
9
10
52
9
59
9
77
9
63
9
81
9
88
9
91
11
23
9
91
9
87
9
42
8
30
7
27
9
77
9
21
9
42
8
90
9
33
8
10
8
9
9
21
8
10
9
98
9
32
9
21
0
60
9
12
7
19
9
51
8
8
11
23
7
69
7
49
9
39
9
99
9
29
9
91
7
39
9
79
7
49
8
99
7
89
9
71
9
38
8
40
7
99
7
19
8
99
7
79
9
99
9
43
9
30
9
82
9
42
8
48
9
99
8
10
7
99
8
70
9
68
8
60
9
31
8
50
9
99
7
79
9
64
8
20
7
19
8
60
7
69
9
37
9
39
9
21
8
20
7
49
7
89
2
28
9
50
11
53
9
63
9
9
9
31
9
51
1
9
8
37
8
78
9
63
9
62
3
26
7
99
9
81
0
30
7
69
7
49
9
51
8
10
9
48
9
99
9
13
9
72
9
38
10
52
7
48
11
83
9
32
9
92
8
48
9
98
7
99
3
78
10
22
9
43
8
37
9
49
9
39
9
41
9
99
7
59
9
90
7
9
7
69
7
7
7
49
9
93
7
29
7
17
7
89
9
99
9
10
7
9
9
31
9
99
9
90
7
39
10
52
10
52
9
47
9
81
9
72
8
20
10
52
9
61
8
19
0
59
4
9
9
58
9
61
9
81
9
19
7
69
7
19
9
91
9
79
8
80
9
91
9
98
7
69
8
80
9
81
0
60
7
69
8
80
9
60
8
20
7
87
8
90
0
20
8
57
9
81
7
29
9
91
7
79
8
40
9
49
9
57
7
89
9
91
11
23
9
41
7
97
9
41
9
92
9
79
9
30
9
63
9
88
9
42
9
99
7
19
9
93
11
23
7
19
8
69
8
17
8
80
9
72
8
80
8
70
9
7
9
28
9
13
8
8
9
91
8
10
8
10
9
12
8
70
8
70
9
99
9
99
9
97
7
39
7
17
9
93
8
69
9
78
8
89
9
43
8
90
0
40
9
96
9
78
8
70
10
52
9
18
9
99
9
8
11
83
9
48
8
90
8
9
8
10
8
10
9
40
8
99
9
97
8
40
8
30
10
52
8
60
9
99
7
39
9
30
7
58
7
59
7
79
10
52
9
99
9
17
9
11
8
48
9
77
7
49
7
49
8
97
11
83
9
70
9
19
9
70
9
79
9
21
9
98
9
72
8
70
7
99
0
80
9
91
8
70
7
69
7
49
9
42
9
91
9
12
8
50
0
50
11
53
9
73
0
90
8
99
9
99
9
18
2
29
9
20
7
29
0
94
7
99
9
58
8
38
7
79
8
60
11
53
9
51
9
71
9
21
9
21
9
81
7
79
9
29
9
98
8
48
7
79
9
68
9
28
7
9
8
80
9
51
9
81
9
50
9
19
7
19
10
52
8
99
9
27
9
99
9
38
0
40
9
81
9
80
7
89
7
29
8
50
9
11
8
30
9
99
8
30
9
17
7
39
7
8
8
10
9
57
7
7
0
20
7
59
1
59
7
48
8
68
9
98
9
62
8
60
9
48
7
79
9
87
9
38
8
87
10
22
0
0
9
57
9
12
9
92
9
68
9
91
7
98
9
33
9
87
8
67
9
62
9
67
8
97
7
59
9
91
9
9
9
91
9
21
7
79
9
12
9
57
9
81
8
69
11
83
9
89
7
99
9
70
9
58
7
99
11
23
10
52
9
8
8
99
7
77
9
51
0
59
9
72
7
69
9
32
9
57
9
51
10
22
9
32
9
41
8
39
2
59
9
12
9
62
9
99
10
82
10
82
9
99
7
57
9
71
8
50
7
78
11
23
9
31
9
99
9
9
7
99
9
47
9
59
9
72
9
48
8
40
9
61
9
11
7
19
11
83
9
41
10
82
8
90
8
90
9
43
9
70
9
57
11
83
8
67
8
90
7
49
11
83
9
47
9
59
9
99
9
41
8
50
9
99
9
27
9
91
8
80
7
39
7
99
9
31
9
71
9
37
10
21
9
97
7
79
8
77
9
71
9
32
9
32
8
99
9
91
1
79
7
29
7
9
0
0
3
52
9
29
10
52
8
10
9
51
9
42
9
97
9
91
8
20
8
50
9
62
10
22
7
9
7
69
8
97
8
27
1
57
9
62
9
80
9
17
7
69
8
38
7
79
7
89
9
50
9
78
9
41
9
41
9
42
9
73
7
19
9
59
0
0
11
83
9
72
8
99
8
80
9
62
9
81
7
69
9
99
7
87
8
40
9
29
11
83
9
61
9
29
9
12
7
69
7
89
9
98
9
39
8
50
7
87
9
88
8
50
9
3
8
90
9
91
7
7
9
99
9
91
9
29
8
80
7
45
9
93
10
22
7
38
2
43
8
10
9
90
9
47
7
59
8
88
7
89
8
98
10
22
9
91
9
41
7
69
9
73
9
42
8
19
7
59
8
60
10
52
7
99
9
17
8
79
9
87
7
29
9
50
9
62
9
71
7
9
7
99
7
38
9
51
7
61
9
71
8
57
9
48
8
41
9
13
9
91
9
19
9
12
9
72
9
32
9
21
9
28
9
43
7
18
4
98
8
50
8
47
9
93
9
8
8
25
9
72
9
38
8
38
9
20
8
20
9
79
8
25
9
12
8
99
9
30
8
80
8
50
10
22
9
11
9
18
9
48
9
40
9
13
9
42
9
12
8
7
7
67
9
60
9
60
9
73
8
90
10
52
8
17
9
21
9
81
8
19
9
67
9
51
9
41
9
32
9
31
9
11
8
70
9
37
11
83
9
38
9
78
7
47
0
40
2
29
11
83
9
99
8
70
0
60
9
58
3
48
7
89
11
83
9
99
8
19
11
53
10
52
7
69
9
99
9
11
7
9
8
99
7
99
8
50
9
51
10
82
10
52
8
97
9
39
7
39
9
12
9
73
9
42
7
49
9
88
9
21
9
99
8
9
9
33
7
69
9
11
9
17
9
71
9
7
9
43
7
69
9
91
9
8
9
21
7
9
9
41
9
81
9
79
9
28
9
99
8
20
9
62
11
53
11
53
10
22
9
9
7
58
7
28
11
23
9
11
9
77
8
20
9
11
10
82
9
88
7
49
11
23
9
39
9
62
9
13
7
68
8
43
9
57
9
81
8
90
9
12
9
32
9
51
9
50
9
28
0
70
9
99
9
21
9
78
9
89
9
98
9
99
9
39
9
73
8
70
9
11
9
43
9
71
9
92
9
92
7
9
11
83
9
11
8
50
9
13
1
39
9
67
7
89
8
10
8
28
9
12
7
59
8
60
1
68
8
59
8
99
8
80
1
57
9
11
8
90
7
99
9
1
7
11
9
12
7
49
9
79
7
38
9
71
9
72
7
79
9
87
9
81
7
69
9
91
8
40
7
38
7
19
9
58
8
90
9
93
9
38
9
51
9
21
9
57
9
62
10
22
9
51
8
8
9
31
9
51
9
51
7
39
9
89
11
23
7
9
7
99
9
41
8
40
7
47
10
22
2
79
9
80
9
73
9
69
9
98
7
49
9
81
9
40
7
29
8
79
9
62
0
20
9
99
7
99
9
73
8
71
8
50
9
62
9
17
