9
21
11
53
9
60
10
82
9
81
9
99
9
70
9
30
9
70
9
39
9
49
9
12
9
42
9
93
9
49
9
94
9
11
10
52
9
70
9
34
9
64
0
0
9
61
9
42
11
53
9
73
9
94
9
99
13
25
10
52
9
14
9
41
9
33
11
23
9
90
9
74
10
82
9
93
9
94
9
72
11
23
9
91
9
32
9
99
9
71
9
43
9
99
10
52
0
80
9
59
13
85
9
74
12
24
9
43
9
34
9
62
9
19
9
44
9
14
9
71
9
43
9
71
10
82
9
51
9
14
9
32
9
19
9
70
9
30
9
43
9
94
9
99
9
13
0
90
9
89
9
99
9
70
9
71
9
93
9
31
9
73
9
99
9
63
9
13
9
99
10
52
9
99
9
92
9
81
9
14
9
74
9
99
9
42
9
80
9
14
9
99
9
80
9
20
9
63
9
93
9
51
9
21
9
64
9
92
9
99
0
0
9
49
10
22
10
82
9
34
9
40
9
42
9
10
10
22
9
11
9
99
11
53
9
99
11
53
9
71
9
21
9
99
9
99
9
99
9
59
9
64
9
93
9
62
9
31
9
34
9
13
9
34
9
62
9
42
9
99
9
43
9
13
11
83
9
74
0
30
9
43
9
43
9
61
9
81
9
73
9
41
9
13
9
34
9
99
9
30
9
31
9
69
9
20
9
50
9
71
9
81
9
43
9
30
13
25
9
51
9
81
9
10
9
41
9
61
9
93
9
42
9
10
0
20
9
49
9
21
9
34
10
22
9
61
9
49
9
99
9
90
9
39
9
93
9
71
10
82
9
13
9
99
12
84
12
24
9
89
9
63
9
61
9
31
9
42
9
49
9
13
9
41
9
42
9
19
9
34
9
94
0
30
9
64
9
61
9
72
11
83
9
20
9
29
9
51
9
80
9
59
9
43
9
11
12
54
9
61
9
79
9
63
11
83
9
90
9
93
13
25
9
93
9
89
9
44
9
32
9
29
9
79
11
23
9
44
9
92
9
34
9
12
9
11
11
23
9
12
9
98
9
34
11
23
0
60
9
14
9
21
11
53
9
10
13
25
9
71
9
51
9
41
9
99
9
31
9
91
9
41
9
81
9
51
9
99
9
91
9
73
9
38
9
42
9
99
9
21
9
99
9
81
9
99
9
44
9
32
11
82
9
44
9
50
9
99
9
12
9
99
9
72
9
70
9
62
9
33
10
52
9
99
9
81
9
64
10
22
9
21
9
62
9
71
9
39
9
41
11
23
10
22
9
51
9
91
2
29
10
52
13
55
9
64
9
11
9
33
11
53
1
9
9
39
9
78
9
64
9
64
3
26
9
99
11
83
0
30
9
71
9
51
11
53
9
12
9
50
9
99
9
14
9
74
9
40
12
52
9
50
13
85
9
34
9
94
9
50
9
99
9
99
3
79
12
24
9
44
9
39
9
51
9
41
9
43
9
99
9
61
9
92
9
11
9
71
9
9
9
51
9
94
9
31
9
19
9
91
9
99
9
12
9
11
9
33
9
99
9
92
9
41
12
54
12
54
9
49
11
83
9
74
10
22
12
54
9
63
9
21
0
59
4
9
9
60
9
63
11
83
9
21
9
71
9
21
9
93
9
81
10
82
9
93
9
99
9
71
10
82
11
83
0
60
9
71
10
82
9
62
10
22
9
89
9
92
0
20
9
59
11
83
9
31
9
93
9
81
9
42
9
51
9
59
9
91
9
93
13
25
9
43
9
99
9
43
9
94
9
81
9
32
9
64
9
90
9
44
9
99
9
21
9
94
13
25
9
21
9
71
9
19
10
82
9
74
10
82
9
72
9
9
9
30
9
14
9
10
9
93
9
12
9
12
9
14
9
72
9
72
9
99
9
99
9
99
9
41
9
19
9
94
9
71
9
80
9
91
9
44
9
92
0
40
9
96
9
78
9
72
12
54
9
20
9
99
9
10
13
85
9
50
9
92
9
11
9
12
9
12
9
42
9
99
9
99
9
42
9
32
12
54
9
62
9
99
9
41
9
32
9
60
9
61
9
81
12
54
9
99
9
19
9
13
9
50
9
79
9
51
9
51
9
99
13
85
9
72
9
21
9
72
9
81
11
23
9
99
9
74
9
72
9
99
0
80
9
93
9
72
9
71
9
51
9
44
9
91
9
14
10
52
0
50
13
55
9
74
0
90
9
99
9
99
9
20
2
29
10
22
9
31
0
94
9
99
9
60
9
40
9
81
9
62
13
55
11
53
9
73
11
21
11
23
11
83
9
81
9
31
9
99
9
50
9
81
9
70
9
30
9
11
10
82
11
53
11
83
10
52
9
21
9
21
12
54
9
99
9
29
9
99
9
40
0
40
11
83
10
82
9
91
9
31
10
52
9
13
9
32
9
99
9
32
9
17
9
41
9
8
9
12
9
59
9
9
0
20
9
61
1
59
9
50
9
70
9
99
9
64
9
62
9
50
9
81
9
87
9
40
9
89
12
24
0
0
9
59
9
14
9
94
9
70
9
93
9
99
9
34
9
89
9
69
9
64
9
69
9
99
9
61
9
93
9
9
9
93
11
23
9
81
9
14
9
59
11
83
9
71
13
85
9
91
9
99
9
72
9
60
9
99
13
25
12
54
9
10
9
99
9
79
11
53
0
59
9
74
9
71
9
34
9
59
11
53
12
24
9
34
9
43
9
41
2
59
9
14
9
62
9
99
12
84
12
84
9
99
9
59
9
73
10
52
9
80
13
25
9
33
9
99
9
11
9
99
9
47
9
61
9
74
9
50
9
42
9
63
9
13
9
21
13
85
9
43
12
84
9
92
9
92
9
44
9
72
9
59
13
85
9
69
9
92
9
51
13
85
9
49
9
61
9
99
9
43
10
52
9
99
9
29
9
93
10
82
9
41
9
99
9
33
9
73
9
39
12
21
9
99
9
81
9
79
9
73
9
34
9
34
9
99
9
93
1
79
9
31
9
11
0
0
3
52
9
31
12
54
9
12
11
53
9
44
9
99
9
93
10
22
10
52
9
64
12
24
9
11
9
71
9
99
9
29
1
59
9
64
10
82
9
19
9
71
9
40
9
81
9
91
10
52
9
80
9
43
9
43
9
44
9
73
9
21
9
61
0
0
13
85
9
74
9
99
10
82
9
64
11
83
9
69
9
99
9
89
9
42
9
31
13
85
9
63
9
31
9
14
9
71
9
91
9
99
9
41
10
52
9
89
9
90
10
52
9
3
9
92
9
93
9
9
9
99
9
93
9
31
10
82
8
45
9
94
12
24
9
38
2
43
9
12
9
92
9
49
9
61
9
90
9
91
9
99
12
24
9
93
9
41
9
71
9
73
9
44
9
21
9
61
9
62
12
54
9
99
9
19
9
81
9
89
9
31
10
52
9
64
9
73
9
11
9
99
9
40
11
53
9
61
9
73
9
59
9
50
9
41
9
13
9
93
9
21
9
14
9
74
9
34
11
23
9
30
9
44
9
20
4
99
10
52
9
49
9
94
9
10
8
25
9
74
9
40
9
40
10
22
10
22
9
81
8
25
9
14
9
99
9
32
10
82
10
52
12
24
9
13
9
20
9
50
9
42
9
14
9
44
9
14
9
9
9
69
9
62
9
62
9
74
9
92
12
54
9
19
11
23
11
83
9
21
9
69
11
53
9
43
9
34
9
33
9
13
9
72
9
39
13
85
9
40
9
80
9
49
0
40
2
29
13
85
9
99
9
72
0
60
9
58
3
48
9
91
13
85
9
99
9
21
13
55
12
54
9
71
9
99
9
13
9
11
9
99
9
99
10
52
11
53
12
84
12
54
9
99
9
41
9
41
9
14
9
74
9
44
9
51
9
90
11
23
9
99
9
11
9
34
9
71
9
13
9
19
9
73
9
9
9
44
9
71
9
93
9
10
11
23
9
11
9
43
11
83
9
79
9
30
9
99
10
22
9
64
13
55
13
55
12
24
9
11
9
60
9
30
13
25
9
13
9
79
10
22
9
13
12
84
9
90
9
51
13
25
9
41
9
64
9
14
9
70
9
43
9
59
11
83
9
92
9
14
9
34
11
53
10
52
9
30
0
70
9
99
11
23
9
80
9
91
9
99
9
99
9
41
9
74
9
72
9
13
9
44
9
73
9
94
9
94
9
11
13
85
9
13
10
52
9
13
1
39
9
69
9
91
9
12
9
30
9
14
9
61
9
62
1
69
9
61
9
99
10
82
1
59
9
13
9
92
9
99
9
1
9
11
9
14
9
51
9
81
9
40
9
73
9
74
9
81
9
89
11
83
9
71
9
93
9
42
9
40
9
21
9
60
9
92
9
94
9
40
11
53
11
23
9
59
9
64
12
24
11
53
9
10
9
33
11
53
11
53
9
41
9
91
13
25
9
11
9
99
9
43
9
42
9
49
12
24
2
79
10
82
9
74
9
71
9
99
9
51
11
83
9
42
9
31
9
81
9
64
0
20
9
99
9
99
9
74
9
71
10
52
9
64
9
19
