11
23
13
55
9
62
12
84
11
83
9
99
9
72
9
32
9
72
9
41
9
51
9
14
9
44
9
94
9
51
9
94
9
13
12
54
9
72
9
34
9
64
0
0
9
63
9
44
13
55
9
74
9
94
9
99
15
27
12
54
9
14
9
43
9
34
13
25
9
92
9
74
12
84
9
94
9
94
9
74
13
25
9
93
9
34
9
99
9
73
9
44
9
99
12
54
0
80
9
61
15
87
9
74
14
26
9
44
9
34
9
64
9
21
9
44
9
14
9
73
9
44
9
73
12
84
11
53
9
14
9
34
9
21
9
72
9
32
9
44
9
94
9
99
9
14
0
90
9
91
9
99
9
72
9
73
9
94
9
33
9
74
9
99
9
64
9
14
9
99
12
54
9
99
9
94
11
83
9
14
9
74
9
99
9
44
10
82
9
14
9
99
10
82
10
22
9
64
9
94
11
53
11
23
9
64
9
94
9
99
0
0
9
51
12
24
12
84
9
34
9
42
9
44
9
12
12
24
9
13
9
99
13
55
9
99
13
55
9
73
11
23
9
99
9
99
9
99
9
61
9
64
9
94
9
64
9
33
9
34
9
14
9
34
9
64
9
44
9
99
9
44
9
14
13
85
9
74
0
30
9
44
9
44
9
63
11
83
9
74
9
43
9
14
9
34
9
99
9
32
9
33
9
71
10
22
10
52
9
73
11
83
9
44
9
32
15
27
11
53
11
83
9
12
9
43
9
63
9
94
9
44
9
12
0
20
9
51
11
23
9
34
12
24
9
63
9
51
9
99
9
92
9
41
9
94
9
73
12
84
9
14
9
99
14
86
14
26
9
91
9
64
9
63
9
33
9
44
9
51
9
14
9
43
9
44
9
21
9
34
9
94
0
30
9
64
9
63
9
74
13
85
10
22
9
31
11
53
10
82
9
61
9
44
9
13
14
56
9
63
9
81
9
63
13
85
9
92
9
94
15
27
9
94
9
91
9
44
9
34
9
31
9
81
13
25
9
44
9
94
9
34
9
14
9
13
13
25
9
14
9
98
9
34
13
25
0
60
9
14
11
23
13
55
9
12
15
27
9
73
11
53
9
43
9
99
9
33
9
91
9
43
11
83
11
53
9
99
9
93
9
74
9
38
9
44
9
99
11
23
9
99
11
83
9
99
9
44
9
34
13
82
9
44
10
52
9
99
9
14
9
99
9
74
9
72
9
64
9
34
12
54
9
99
11
83
9
64
12
24
11
23
9
64
9
73
9
41
9
43
13
25
12
24
11
53
9
93
2
29
12
54
15
57
9
64
9
13
9
34
13
55
1
9
9
41
9
78
9
64
9
64
3
26
9
99
13
85
0
30
9
73
11
53
13
55
9
14
10
52
9
99
9
14
9
74
9
42
14
52
10
52
15
87
9
34
9
94
10
52
9
99
9
99
3
79
14
26
9
44
9
41
11
53
9
43
9
44
9
99
9
63
9
94
9
13
9
73
9
11
11
53
9
94
9
33
9
21
9
93
9
99
9
14
9
13
9
34
9
99
9
94
9
43
14
56
14
56
9
51
13
85
9
74
12
24
14
56
9
64
11
23
0
59
4
9
9
62
9
64
13
85
11
23
9
73
11
23
9
94
11
83
12
84
9
94
9
99
9
73
12
84
13
85
0
60
9
73
12
84
9
64
12
24
9
91
9
94
0
20
9
61
13
85
9
33
9
94
11
83
9
44
11
53
9
61
9
93
9
94
15
27
9
44
9
99
9
44
9
94
11
83
9
34
9
64
9
92
9
44
9
99
11
23
9
94
15
27
11
23
9
73
9
21
12
84
9
74
12
84
9
74
9
11
9
32
9
14
9
12
9
94
9
14
9
14
9
14
9
74
9
74
9
99
9
99
9
99
9
43
9
21
9
94
9
73
10
82
9
93
9
44
9
94
0
40
9
96
9
78
9
74
14
56
10
22
9
99
9
12
15
87
10
52
9
94
9
13
9
14
9
14
9
44
9
99
9
99
9
44
9
34
14
56
9
64
9
99
9
43
9
34
9
62
9
63
11
83
14
56
9
99
9
21
9
14
10
52
9
81
11
53
11
53
9
99
15
87
9
74
11
23
9
74
11
83
13
25
9
99
9
74
9
74
9
99
0
80
9
94
9
74
9
73
11
53
9
44
9
91
9
14
12
54
0
50
15
57
9
74
0
90
9
99
9
99
10
22
2
29
12
24
9
33
0
94
9
99
9
62
9
42
11
83
9
64
15
57
13
55
9
74
13
21
13
25
13
85
11
83
9
33
9
99
10
52
11
83
9
72
9
32
9
13
12
84
13
55
13
85
12
54
11
23
11
23
14
56
9
99
9
31
9
99
9
42
0
40
13
85
12
84
9
93
9
33
12
54
9
14
9
34
9
99
9
34
9
17
9
43
9
8
9
14
9
61
9
11
0
20
9
63
1
59
10
52
9
72
9
99
9
64
9
64
10
52
11
83
9
87
9
42
9
91
14
26
0
0
9
61
9
14
9
94
9
72
9
94
9
99
9
34
9
91
9
71
9
64
9
71
9
99
9
63
9
94
9
9
9
94
13
25
11
83
9
14
9
61
13
85
9
73
15
87
9
93
9
99
9
74
9
62
9
99
15
27
14
56
9
12
9
99
9
81
13
55
0
59
9
74
9
73
9
34
9
61
13
55
14
26
9
34
9
44
9
43
2
59
9
14
9
62
9
99
14
86
14
86
9
99
9
61
9
74
12
54
10
82
15
27
9
34
9
99
9
13
9
99
9
47
9
63
9
74
10
52
9
44
9
64
9
14
11
23
15
87
9
44
14
86
9
94
9
94
9
44
9
74
9
61
15
87
9
71
9
94
11
53
15
87
9
51
9
63
9
99
9
44
12
54
9
99
9
31
9
94
12
84
9
43
9
99
9
34
9
74
9
41
14
21
9
99
11
83
9
81
9
74
9
34
9
34
9
99
9
94
1
79
9
33
9
13
0
0
3
52
9
33
14
56
9
14
13
55
9
44
9
99
9
94
12
24
12
54
9
64
14
26
9
13
9
73
9
99
9
31
1
59
9
64
12
84
9
21
9
73
9
42
11
83
9
93
12
54
10
82
9
44
9
44
9
44
9
73
11
23
9
63
0
0
15
87
9
74
9
99
12
84
9
64
13
85
9
69
9
99
9
91
9
44
9
33
15
87
9
64
9
33
9
14
9
73
9
93
9
99
9
43
12
54
9
91
9
92
12
54
9
3
9
94
9
94
9
11
9
99
9
94
9
33
12
84
8
45
9
94
14
26
9
38
2
43
9
14
9
94
9
51
9
63
9
92
9
93
9
99
14
26
9
94
9
41
9
73
9
73
9
44
11
23
9
63
9
64
14
56
9
99
9
21
11
83
9
91
9
33
12
54
9
64
9
74
9
13
9
99
9
42
13
55
9
61
9
74
9
61
10
52
9
41
9
13
9
94
11
23
9
14
9
74
9
34
13
25
9
32
9
44
10
22
4
99
12
54
9
51
9
94
9
12
8
25
9
74
9
42
9
42
12
24
12
24
11
83
8
25
9
14
9
99
9
34
12
84
12
54
14
26
9
14
10
22
10
52
9
44
9
14
9
44
9
14
9
11
9
71
9
64
9
64
9
74
9
94
14
56
9
21
13
25
13
85
11
23
9
71
13
55
9
44
9
34
9
34
9
14
9
74
9
41
15
87
9
42
10
82
9
51
0
40
2
29
15
87
9
99
9
74
0
60
9
58
3
48
9
93
15
87
9
99
11
23
15
57
14
56
9
73
9
99
9
14
9
13
9
99
9
99
12
54
13
55
14
86
14
56
9
99
9
43
9
43
9
14
9
74
9
44
11
53
9
92
13
25
9
99
9
13
9
34
9
73
9
14
9
21
9
74
9
11
9
44
9
73
9
94
9
12
13
25
9
13
9
44
13
85
9
79
9
32
9
99
12
24
9
64
15
57
15
57
14
26
9
13
9
62
9
32
15
27
9
14
9
81
12
24
9
14
14
86
9
92
11
53
15
27
9
43
9
64
9
14
9
72
9
43
9
61
13
85
9
94
9
14
9
34
13
55
12
54
9
32
0
70
9
99
13
25
10
82
9
93
9
99
9
99
9
43
9
74
9
74
9
14
9
44
9
74
9
94
9
94
9
13
15
87
9
14
12
54
9
13
1
39
9
71
9
93
9
14
9
32
9
14
9
63
9
64
1
69
9
63
9
99
12
84
1
59
9
14
9
94
9
99
9
1
9
11
9
14
11
53
11
83
9
42
9
74
9
74
11
83
9
91
13
85
9
73
9
94
9
44
9
42
11
23
9
62
9
94
9
94
9
42
13
55
13
25
9
61
9
64
14
26
13
55
9
12
9
34
13
55
13
55
9
43
9
93
15
27
9
13
9
99
9
44
9
44
9
51
14
26
2
79
12
84
9
74
9
73
9
99
11
53
13
85
9
44
9
33
11
83
9
64
0
20
9
99
9
99
9
74
9
71
12
54
9
64
9
21
