13
25
15
57
9
64
14
86
13
85
9
99
9
74
9
34
9
74
9
43
11
53
9
14
9
44
9
94
11
53
9
94
9
14
14
56
9
74
9
34
9
64
0
0
9
64
9
44
15
57
9
74
9
94
9
99
17
29
14
56
9
14
9
44
9
34
15
27
9
94
9
74
14
86
9
94
9
94
9
74
15
27
9
94
9
34
9
99
9
74
9
44
9
99
14
56
0
80
9
63
17
89
9
74
16
28
9
44
9
34
9
64
11
23
9
44
9
14
9
74
9
44
9
74
14
86
13
55
9
14
9
34
11
23
9
74
9
34
9
44
9
94
9
99
9
14
0
90
9
93
9
99
9
74
9
74
9
94
9
34
9
74
9
99
9
64
9
14
9
99
14
56
9
99
9
94
13
85
9
14
9
74
9
99
9
44
12
84
9
14
9
99
12
84
12
24
9
64
9
94
13
55
13
25
9
64
9
94
9
99
0
0
11
53
14
26
14
86
9
34
9
44
9
44
9
14
14
26
9
14
9
99
15
57
9
99
15
57
9
74
13
25
9
99
9
99
9
99
9
63
9
64
9
94
9
64
9
34
9
34
9
14
9
34
9
64
9
44
9
99
9
44
9
14
15
87
9
74
0
30
9
44
9
44
9
64
13
85
9
74
9
44
9
14
9
34
9
99
9
34
9
34
9
73
12
24
12
54
9
74
13
85
9
44
9
34
17
29
13
55
13
85
9
14
9
44
9
64
9
94
9
44
9
14
0
20
11
53
13
25
9
34
14
26
9
64
11
53
9
99
9
94
9
43
9
94
9
74
14
86
9
14
9
99
16
88
16
28
9
93
9
64
9
64
9
34
9
44
11
53
9
14
9
44
9
44
11
23
9
34
9
94
0
30
9
64
9
64
9
74
15
87
12
24
9
33
13
55
12
84
9
63
9
44
9
14
16
58
9
64
11
83
9
63
15
87
9
94
9
94
17
29
9
94
9
93
9
44
9
34
9
33
11
83
15
27
9
44
9
94
9
34
9
14
9
14
15
27
9
14
9
98
9
34
15
27
0
60
9
14
13
25
15
57
9
14
17
29
9
74
13
55
9
44
9
99
9
34
9
91
9
44
13
85
13
55
9
99
9
94
9
74
9
38
9
44
9
99
13
25
9
99
13
85
9
99
9
44
9
34
15
82
9
44
12
54
9
99
9
14
9
99
9
74
9
74
9
64
9
34
14
56
9
99
13
85
9
64
14
26
13
25
9
64
9
74
9
43
9
44
15
27
14
26
13
55
9
94
2
29
14
56
17
59
9
64
9
14
9
34
15
57
1
9
9
43
9
78
9
64
9
64
3
26
9
99
15
87
0
30
9
74
13
55
15
57
9
14
12
54
9
99
9
14
9
74
9
44
16
52
12
54
17
89
9
34
9
94
12
54
9
99
9
99
3
79
16
28
9
44
9
43
13
55
9
44
9
44
9
99
9
64
9
94
9
14
9
74
9
13
13
55
9
94
9
34
11
23
9
94
9
99
9
14
9
14
9
34
9
99
9
94
9
44
16
58
16
58
11
53
15
87
9
74
14
26
16
58
9
64
13
25
0
59
4
9
9
64
9
64
15
87
13
25
9
74
13
25
9
94
13
85
14
86
9
94
9
99
9
74
14
86
15
87
0
60
9
74
14
86
9
64
14
26
9
93
9
94
0
20
9
63
15
87
9
34
9
94
13
85
9
44
13
55
9
63
9
94
9
94
17
29
9
44
9
99
9
44
9
94
13
85
9
34
9
64
9
94
9
44
9
99
13
25
9
94
17
29
13
25
9
74
11
23
14
86
9
74
14
86
9
74
9
13
9
34
9
14
9
14
9
94
9
14
9
14
9
14
9
74
9
74
9
99
9
99
9
99
9
44
11
23
9
94
9
74
12
84
9
94
9
44
9
94
0
40
9
96
9
78
9
74
16
58
12
24
9
99
9
14
17
89
12
54
9
94
9
14
9
14
9
14
9
44
9
99
9
99
9
44
9
34
16
58
9
64
9
99
9
44
9
34
9
64
9
64
13
85
16
58
9
99
11
23
9
14
12
54
11
83
13
55
13
55
9
99
17
89
9
74
13
25
9
74
13
85
15
27
9
99
9
74
9
74
9
99
0
80
9
94
9
74
9
74
13
55
9
44
9
91
9
14
14
56
0
50
17
59
9
74
0
90
9
99
9
99
12
24
2
29
14
26
9
34
0
94
9
99
9
64
9
44
13
85
9
64
17
59
15
57
9
74
15
21
15
27
15
87
13
85
9
34
9
99
12
54
13
85
9
74
9
34
9
14
14
86
15
57
15
87
14
56
13
25
13
25
16
58
9
99
9
33
9
99
9
44
0
40
15
87
14
86
9
94
9
34
14
56
9
14
9
34
9
99
9
34
9
17
9
44
9
8
9
14
9
63
9
13
0
20
9
64
1
59
12
54
9
74
9
99
9
64
9
64
12
54
13
85
9
87
9
44
9
93
16
28
0
0
9
63
9
14
9
94
9
74
9
94
9
99
9
34
9
93
9
73
9
64
9
73
9
99
9
64
9
94
9
9
9
94
15
27
13
85
9
14
9
63
15
87
9
74
17
89
9
94
9
99
9
74
9
64
9
99
17
29
16
58
9
14
9
99
11
83
15
57
0
59
9
74
9
74
9
34
9
63
15
57
16
28
9
34
9
44
9
44
2
59
9
14
9
62
9
99
16
88
16
88
9
99
9
63
9
74
14
56
12
84
17
29
9
34
9
99
9
14
9
99
9
47
9
64
9
74
12
54
9
44
9
64
9
14
13
25
17
89
9
44
16
88
9
94
9
94
9
44
9
74
9
63
17
89
9
73
9
94
13
55
17
89
11
53
9
64
9
99
9
44
14
56
9
99
9
33
9
94
14
86
9
44
9
99
9
34
9
74
9
43
16
21
9
99
13
85
11
83
9
74
9
34
9
34
9
99
9
94
1
79
9
34
9
14
0
0
3
52
9
34
16
58
9
14
15
57
9
44
9
99
9
94
14
26
14
56
9
64
16
28
9
14
9
74
9
99
9
33
1
59
9
64
14
86
11
23
9
74
9
44
13
85
9
94
14
56
12
84
9
44
9
44
9
44
9
73
13
25
9
64
0
0
17
89
9
74
9
99
14
86
9
64
15
87
9
69
9
99
9
93
9
44
9
34
17
89
9
64
9
34
9
14
9
74
9
94
9
99
9
44
14
56
9
93
9
94
14
56
9
3
9
94
9
94
9
13
9
99
9
94
9
34
14
86
8
45
9
94
16
28
9
38
2
43
9
14
9
94
11
53
9
64
9
94
9
94
9
99
16
28
9
94
9
41
9
74
9
73
9
44
13
25
9
64
9
64
16
58
9
99
11
23
13
85
9
93
9
34
14
56
9
64
9
74
9
14
9
99
9
44
15
57
9
61
9
74
9
63
12
54
9
41
9
13
9
94
13
25
9
14
9
74
9
34
15
27
9
34
9
44
12
24
4
99
14
56
11
53
9
94
9
14
8
25
9
74
9
44
9
44
14
26
14
26
13
85
8
25
9
14
9
99
9
34
14
86
14
56
16
28
9
14
12
24
12
54
9
44
9
14
9
44
9
14
9
13
9
73
9
64
9
64
9
74
9
94
16
58
11
23
15
27
15
87
13
25
9
73
15
57
9
44
9
34
9
34
9
14
9
74
9
43
17
89
9
44
12
84
11
53
0
40
2
29
17
89
9
99
9
74
0
60
9
58
3
48
9
94
17
89
9
99
13
25
17
59
16
58
9
74
9
99
9
14
9
14
9
99
9
99
14
56
15
57
16
88
16
58
9
99
9
44
9
44
9
14
9
74
9
44
13
55
9
94
15
27
9
99
9
14
9
34
9
74
9
14
11
23
9
74
9
13
9
44
9
74
9
94
9
14
15
27
9
14
9
44
15
87
9
79
9
34
9
99
14
26
9
64
17
59
17
59
16
28
9
14
9
64
9
34
17
29
9
14
11
83
14
26
9
14
16
88
9
94
13
55
17
29
9
44
9
64
9
14
9
74
9
43
9
63
15
87
9
94
9
14
9
34
15
57
14
56
9
34
0
70
9
99
15
27
12
84
9
94
9
99
9
99
9
44
9
74
9
74
9
14
9
44
9
74
9
94
9
94
9
14
17
89
9
14
14
56
9
13
1
39
9
73
9
94
9
14
9
34
9
14
9
64
9
64
1
69
9
64
9
99
14
86
1
59
9
14
9
94
9
99
9
1
9
11
9
14
13
55
13
85
9
44
9
74
9
74
13
85
9
93
15
87
9
74
9
94
9
44
9
44
13
25
9
64
9
94
9
94
9
44
15
57
15
27
9
63
9
64
16
28
15
57
9
14
9
34
15
57
15
57
9
44
9
94
17
29
9
14
9
99
9
44
9
44
11
53
16
28
2
79
14
86
9
74
9
74
9
99
13
55
15
87
9
44
9
34
13
85
9
64
0
20
9
99
9
99
9
74
9
71
14
56
9
64
11
23
