7
25
7
49
9
88
9
41
7
96
9
91
9
71
5
18
8
99
7
17
5
9
8
99
8
70
9
91
6
89
7
69
6
79
5
49
8
87
8
37
9
11
8
19
8
96
5
99
7
69
7
56
6
99
8
17
7
49
5
49
7
75
6
29
7
67
5
16
6
79
5
39
6
79
8
20
8
30
7
59
8
16
6
39
5
99
6
29
7
79
8
78
9
81
7
77
8
35
7
69
5
7
5
89
7
48
7
9
7
99
8
80
9
68
0
20
8
80
8
58
7
29
9
11
8
67
8
35
7
49
8
57
9
21
6
39
7
79
8
86
7
69
9
71
7
89
7
59
5
89
5
89
6
59
5
19
7
58
6
49
9
57
8
15
8
30
6
17
7
99
7
79
6
75
9
41
6
78
7
79
8
28
5
77
9
91
8
98
5
59
5
49
9
31
5
49
7
29
9
97
6
57
7
29
5
49
5
39
0
70
8
16
9
99
5
67
8
99
7
8
9
97
7
86
9
37
6
59
8
17
8
47
5
6
5
86
7
19
9
99
6
16
8
28
8
5
6
59
8
56
9
99
8
46
5
65
9
27
8
60
0
60
8
50
6
67
6
38
7
35
6
19
8
36
7
49
8
6
6
29
8
60
5
29
7
27
5
59
6
18
8
40
5
9
7
27
5
6
7
15
8
59
6
29
7
49
5
9
6
37
6
59
5
15
9
71
0
10
7
89
9
48
9
68
9
99
8
10
5
3
8
50
0
20
9
81
9
61
5
59
5
77
8
90
7
49
9
60
7
38
5
69
6
19
7
19
9
81
8
20
8
60
9
81
7
69
5
29
5
99
6
49
6
9
7
55
8
25
8
9
8
49
8
20
6
69
7
98
9
21
6
89
8
90
6
29
5
48
8
40
6
19
6
25
5
58
5
59
9
51
6
19
8
29
7
89
8
70
5
16
8
87
5
89
9
31
9
31
7
96
5
89
8
7
8
47
6
89
9
69
8
90
5
89
6
89
5
99
6
56
6
88
5
69
7
79
9
31
8
26
7
39
8
90
5
69
7
49
5
75
9
89
5
9
9
71
6
16
6
69
8
69
9
69
8
26
8
90
5
88
9
39
0
10
6
21
7
96
9
50
6
29
6
76
5
18
6
39
8
60
8
26
8
55
7
9
6
89
6
55
6
29
8
48
6
99
9
27
6
65
6
79
9
98
5
92
5
56
6
89
5
19
8
60
9
19
7
66
7
65
7
9
8
90
6
48
8
90
9
57
8
5
7
29
6
29
8
58
7
9
7
77
4
28
5
59
9
89
8
80
8
45
8
36
7
77
6
85
9
17
5
27
6
9
7
49
5
9
9
81
6
89
6
65
8
17
5
17
6
9
5
56
9
51
6
97
9
61
5
31
8
10
8
30
6
99
6
39
0
40
8
99
8
96
7
5
2
8
8
20
5
65
6
48
9
37
8
86
8
6
7
39
8
50
5
9
7
9
8
47
9
11
7
49
8
58
3
26
7
28
7
59
5
86
5
86
6
47
6
29
7
39
7
89
7
96
5
56
6
45
7
45
6
7
5
38
9
68
5
65
6
92
8
66
8
97
7
29
6
19
6
19
9
18
8
65
7
85
6
9
7
77
8
20
9
11
9
91
6
38
5
23
7
96
6
88
8
86
5
97
5
89
0
92
0
60
9
41
8
10
7
9
8
38
5
64
8
98
5
9
5
15
6
5
8
46
8
77
7
46
7
19
6
39
9
61
6
85
5
69
5
77
6
25
8
20
7
55
8
10
6
7
5
28
7
46
7
9
5
15
0
80
9
70
6
79
8
46
6
9
8
60
6
39
9
47
8
16
9
71
7
26
0
40
6
79
9
21
8
99
9
91
8
48
7
69
5
99
6
95
6
67
6
77
6
66
8
66
7
79
6
25
6
99
7
59
9
99
9
57
6
79
6
18
7
9
5
49
9
61
9
31
7
69
5
97
7
67
9
8
0
90
9
20
9
33
5
26
8
18
7
69
9
71
5
89
6
39
6
69
5
39
5
49
6
69
8
10
0
30
7
9
6
55
9
89
5
26
8
60
7
16
7
9
8
90
5
97
0
90
5
77
6
39
8
89
8
66
8
98
8
10
5
29
5
89
6
49
8
80
5
79
5
69
9
51
8
96
5
29
9
99
7
29
7
66
8
89
5
89
7
9
6
79
6
79
6
98
0
70
5
59
5
59
8
24
9
81
8
60
7
99
7
39
6
89
5
99
8
30
5
69
7
9
5
9
6
59
8
47
8
16
5
26
6
49
5
59
5
99
7
19
9
71
7
26
7
9
9
89
7
39
7
9
6
46
6
29
9
31
9
28
9
28
7
29
9
91
7
96
7
25
7
29
6
79
8
50
8
28
8
96
7
58
6
46
8
10
9
69
6
17
6
17
8
15
9
99
8
50
6
99
5
7
9
90
5
36
5
91
9
99
9
41
8
95
7
89
5
69
0
70
7
27
7
29
8
99
6
39
6
49
6
35
8
90
5
29
9
37
6
69
8
70
7
49
5
69
7
35
9
17
8
40
5
9
9
51
9
71
6
49
5
8
6
59
3
25
8
16
8
80
5
17
6
37
3
79
5
38
6
99
8
36
8
59
5
9
6
89
4
39
7
49
9
51
7
79
5
38
8
20
6
89
5
25
5
39
9
51
6
18
5
39
8
10
6
89
8
69
6
57
6
38
6
39
6
29
8
58
8
86
8
79
9
31
5
69
8
62
8
98
5
8
9
41
9
31
8
70
8
50
7
97
0
80
9
98
9
28
6
79
7
19
9
21
7
29
8
98
7
49
5
55
8
20
8
50
8
6
8
85
7
79
6
99
8
41
5
99
7
45
5
66
5
15
6
56
9
77
8
78
7
19
8
37
9
21
8
99
7
49
8
99
1
77
6
93
7
27
6
99
6
47
6
85
8
48
7
29
6
46
7
59
6
5
3
36
9
99
7
16
5
69
6
49
7
56
2
78
8
9
0
10
7
29
9
41
8
99
7
36
5
95
9
59
7
99
6
27
5
99
8
25
5
89
9
99
7
65
7
35
6
59
6
89
8
16
5
49
1
39
6
29
8
6
8
57
0
0
7
39
5
25
9
11
8
15
8
30
8
70
5
47
5
57
8
45
5
46
8
18
9
99
7
45
8
60
5
9
9
40
9
7
0
40
8
47
8
50
5
25
1
45
7
15
8
29
6
29
7
69
5
89
6
59
9
91
5
86
5
27
8
84
8
77
8
50
9
7
6
6
8
50
7
29
9
40
8
76
6
5
6
89
7
69
9
58
7
9
5
19
5
8
6
89
6
98
7
99
8
11
8
20
6
66
7
59
5
95
5
99
9
7
8
15
8
60
8
80
9
91
6
96
8
37
5
45
9
68
9
99
6
36
8
99
9
71
9
91
6
39
7
9
6
99
5
9
5
9
6
29
6
36
6
19
6
47
0
50
9
49
5
99
5
79
9
81
5
77
5
69
5
89
9
78
8
9
8
87
0
30
5
81
7
19
9
18
8
68
5
69
5
89
6
9
7
89
7
35
7
49
6
99
8
50
6
35
5
79
6
19
7
8
6
69
8
56
9
51
7
79
5
89
8
60
9
48
9
39
8
10
7
58
5
99
8
56
6
27
6
66
8
40
7
59
7
97
8
70
5
29
9
73
5
89
6
59
6
76
6
49
5
76
0
60
6
89
8
6
5
59
7
59
1
40
8
17
6
19
7
58
7
79
2
14
8
48
6
69
9
50
5
22
5
89
9
21
8
50
8
79
5
68
9
73
9
21
7
99
5
49
8
85
8
86
8
25
6
48
8
10
8
90
7
56
7
45
7
19
1
9
8
58
6
35
1
48
7
39
8
40
7
79
9
41
6
19
7
88
5
19
8
97
6
39
8
20
6
49
7
16
6
9
5
29
7
56
8
7
9
21
6
49
8
96
7
29
0
40
6
75
9
9
6
97
7
99
8
96
9
61
6
78
6
28
6
29
5
95
8
6
5
96
5
5
9
18
8
80
5
49
9
49
7
7
5
69
7
28
5
39
9
30
8
80
9
21
7
88
7
9
8
40
8
48
9
99
7
18
8
5
6
38
8
6
7
99
9
11
9
91
8
25
8
37
1
59
7
43
9
8
7
49
9
99
8
60
8
16
8
60
8
88
8
57
6
8
9
89
6
19
0
50
7
49
5
19
9
61
9
99
0
10
0
50
9
18
6
56
9
11
5
69
7
27
7
59
9
78
8
62
7
95
7
29
0
50
8
76
9
99
6
8
5
37
5
38
9
59
5
9
8
10
5
9
6
76
6
16
8
60
7
77
7
48
6
19
5
96
0
30
3
39
8
67
7
39
7
79
8
35
7
39
6
9
6
59
5
45
6
29
0
80
5
17
6
35
5
26
6
19
9
91
8
37
7
58
9
19
5
69
7
8
6
87
9
81
1
56
7
39
1
57
0
80
6
97
5
69
6
66
5
19
9
77
9
88
5
29
