9
34
18
60
9
94
9
44
9
99
9
94
9
74
16
28
9
99
16
28
9
14
9
99
9
74
9
94
9
94
9
74
17
89
16
58
9
94
9
44
9
14
18
30
9
99
9
99
9
74
9
64
9
99
16
28
18
60
16
58
14
86
9
34
9
74
15
27
17
89
9
44
17
89
19
31
9
34
9
64
15
27
9
44
9
99
9
34
18
90
17
89
19
92
16
88
9
44
9
74
9
14
9
94
17
59
9
14
9
99
19
91
9
74
0
20
19
91
9
64
9
34
9
14
9
74
9
44
18
60
9
64
19
32
9
44
18
90
9
94
9
74
9
74
9
94
9
64
9
94
9
94
9
64
16
28
9
64
17
59
9
64
14
26
9
34
16
28
9
99
18
90
14
86
9
44
17
89
18
90
9
34
16
88
9
94
9
99
9
64
16
58
9
34
16
58
9
34
9
99
9
64
9
34
16
58
9
44
0
70
15
27
9
99
9
67
9
99
9
8
9
99
9
94
9
44
9
64
16
28
16
58
9
14
9
94
18
30
9
99
15
27
9
34
9
14
9
64
9
64
9
99
15
57
9
74
9
34
9
64
0
60
19
61
9
74
9
44
9
44
17
29
9
44
18
60
9
14
9
34
9
64
9
34
9
34
9
64
17
29
9
44
9
14
9
34
9
14
14
26
9
64
9
34
18
60
9
14
9
44
9
64
14
26
9
74
0
10
9
94
17
59
9
74
9
99
9
14
9
3
19
61
0
20
19
92
9
64
9
64
16
88
9
94
18
60
9
64
9
44
9
74
17
29
18
30
19
92
19
31
9
64
19
92
9
74
9
34
9
99
17
59
9
14
9
64
9
34
9
14
18
60
19
31
9
74
9
99
19
32
9
94
9
94
9
34
16
58
9
44
17
29
9
34
9
64
9
64
19
62
17
29
9
34
9
94
9
74
15
27
9
94
9
94
9
34
9
34
9
99
9
94
9
14
16
58
9
94
9
74
9
94
9
94
9
94
9
99
9
64
9
94
9
74
18
90
9
34
9
34
9
44
9
94
9
74
18
60
14
86
9
94
9
14
9
74
15
27
9
74
9
74
9
74
9
34
9
94
9
94
9
44
0
10
17
21
9
99
19
61
9
34
15
87
16
28
9
44
9
64
9
34
9
64
9
14
9
94
9
64
9
34
17
59
9
99
9
34
9
74
17
89
9
99
9
92
9
64
9
94
16
28
9
64
18
30
9
74
9
74
9
14
9
94
17
59
9
94
9
64
9
14
9
34
9
34
9
64
9
14
16
88
9
28
9
64
9
94
19
91
14
56
9
44
16
88
9
94
16
28
9
34
9
14
18
60
9
14
19
92
9
94
9
74
16
28
16
28
9
14
9
64
19
62
9
99
9
64
9
31
9
14
9
34
9
99
9
44
0
40
9
99
9
99
9
14
2
9
19
31
9
74
17
59
9
44
9
94
9
14
9
44
19
61
9
14
9
14
16
58
9
14
18
60
9
64
3
29
9
34
9
64
9
94
9
94
16
58
9
34
9
44
9
94
9
99
9
64
14
56
14
56
9
14
9
44
9
74
9
74
9
92
9
74
9
99
9
34
17
29
17
29
17
29
9
74
9
94
9
14
16
88
19
31
9
14
9
94
9
44
16
23
9
99
9
94
9
94
9
99
9
94
0
92
0
60
9
44
9
14
9
14
9
44
9
64
9
99
9
14
14
26
9
14
15
57
16
88
15
57
18
30
9
44
9
64
9
94
9
74
16
88
9
34
19
31
9
64
9
14
9
14
9
34
15
57
9
14
14
26
0
80
9
74
17
89
15
57
9
14
9
64
9
44
9
47
15
27
9
71
9
34
0
40
17
89
19
32
9
99
9
94
17
59
9
74
9
99
9
99
9
74
16
88
9
74
9
74
18
90
9
34
9
99
9
64
9
99
9
64
17
89
17
29
9
14
16
58
9
64
9
34
9
74
9
99
9
74
9
14
0
90
19
31
9
33
9
34
17
29
9
74
9
74
9
94
9
44
9
74
9
44
16
58
9
74
9
14
0
30
9
14
9
64
9
94
9
34
9
64
15
27
9
14
9
94
9
99
0
90
16
88
9
44
9
94
9
74
9
99
9
14
9
34
9
94
17
59
19
91
16
88
9
74
19
62
9
99
9
34
9
99
9
34
9
74
9
94
9
94
9
14
17
89
17
89
9
99
0
70
9
64
9
64
19
22
19
92
9
64
9
99
9
44
9
94
9
99
9
34
9
74
9
14
9
14
9
64
16
58
15
27
9
34
17
59
9
64
9
99
18
30
9
74
9
34
9
14
9
94
9
44
9
14
15
57
9
34
9
34
9
34
9
34
9
34
9
94
9
99
9
34
9
34
17
89
19
61
9
34
9
99
9
64
15
57
9
14
9
74
16
28
16
28
14
26
9
99
19
61
9
99
9
14
9
94
9
44
9
86
9
99
9
44
9
99
9
94
9
74
0
70
9
34
9
34
9
99
9
44
17
59
9
44
9
94
9
34
9
44
9
74
9
74
18
60
9
74
9
44
16
28
9
44
9
14
19
62
9
74
17
59
9
14
9
64
3
29
15
27
19
91
16
28
9
44
3
79
9
44
9
99
9
44
9
64
9
14
9
94
4
39
18
60
19
62
18
90
9
44
19
31
9
94
9
34
9
44
19
62
17
29
9
44
9
14
9
94
9
74
9
64
9
44
9
44
9
34
9
64
9
94
18
90
9
34
9
74
9
62
9
99
9
14
9
44
9
34
9
74
19
61
9
99
0
80
9
99
9
34
17
89
18
30
19
32
9
34
9
99
18
60
9
64
19
31
19
61
9
14
9
94
18
90
9
99
9
41
9
99
14
56
9
74
14
26
9
64
16
88
17
89
18
30
9
44
19
32
9
99
18
60
9
99
1
79
9
93
9
34
9
99
16
58
17
81
17
59
9
34
15
57
9
64
9
14
3
39
9
99
15
27
9
74
17
59
9
64
2
78
9
14
0
10
9
34
9
44
9
99
9
44
9
99
9
64
9
99
9
34
9
99
9
34
9
94
9
99
9
74
9
44
9
64
9
94
15
27
16
58
1
39
9
34
9
14
9
64
0
0
9
44
9
34
9
14
14
26
9
34
9
74
16
58
9
64
14
56
15
57
17
29
9
99
14
56
9
64
9
14
9
44
9
14
0
40
16
58
19
61
9
34
1
49
14
26
9
34
9
34
9
74
9
94
9
64
9
94
9
94
9
34
19
82
16
88
19
61
9
14
9
14
19
61
9
34
9
44
15
87
9
14
9
94
9
74
9
64
9
14
16
28
9
14
9
94
9
99
9
99
9
11
19
31
9
74
9
64
9
99
9
99
9
14
14
26
9
64
19
91
9
94
9
99
9
44
14
56
9
74
9
99
9
44
9
99
9
74
9
94
9
44
9
14
9
99
9
14
9
14
9
34
9
44
17
29
16
58
0
50
18
60
9
99
16
88
19
78
16
88
9
74
9
94
17
89
9
14
9
94
0
30
16
81
18
30
9
18
9
74
9
74
9
94
9
14
9
94
9
44
18
60
9
99
19
61
9
44
16
88
17
29
9
14
9
74
9
64
19
62
18
90
9
94
9
64
17
59
9
44
9
14
9
64
9
99
9
64
9
34
9
74
9
44
9
64
9
99
9
74
9
34
9
73
9
94
9
64
15
87
17
59
15
87
0
60
9
94
9
14
9
64
9
64
1
40
9
17
17
29
9
64
18
90
2
14
17
59
9
74
19
61
16
22
9
94
19
32
19
61
18
90
9
74
9
73
19
32
9
99
16
58
9
94
9
94
9
34
17
59
9
14
9
94
9
64
14
56
18
30
1
9
9
64
9
44
1
49
9
44
9
44
18
90
9
44
17
29
9
94
16
28
9
99
9
44
19
31
17
59
15
27
9
14
9
34
9
56
9
14
19
21
17
59
9
99
9
34
0
40
14
86
9
14
9
99
9
99
9
99
9
64
9
78
9
34
9
34
9
99
9
14
9
99
9
14
17
29
19
91
16
58
18
60
9
14
9
74
9
34
9
44
9
34
19
91
19
32
9
94
9
14
9
44
17
59
9
99
17
29
9
14
9
44
9
14
9
99
9
14
9
94
9
34
9
44
1
59
9
43
9
14
18
60
9
99
9
64
15
27
9
64
9
94
9
64
9
14
9
94
17
29
0
50
18
60
16
28
9
64
9
99
0
10
0
50
17
29
9
64
9
14
9
74
9
34
9
64
17
89
9
62
9
99
9
34
0
50
9
76
9
99
9
14
9
44
9
44
9
64
9
14
9
14
9
14
15
87
15
27
9
64
16
88
17
59
17
29
9
99
0
30
3
39
9
74
9
44
18
90
9
44
9
44
9
14
9
64
14
56
9
34
0
80
16
28
9
44
9
34
17
29
9
94
9
44
9
64
18
30
9
74
9
14
9
87
19
92
1
59
9
44
1
59
0
80
9
99
9
74
9
74
16
28
16
88
9
94
9
34
