5
23
5
49
7
86
7
39
5
94
7
89
7
69
3
16
6
99
5
15
3
9
6
99
6
69
7
89
4
89
5
69
4
78
3
47
6
85
6
35
7
9
6
17
7
94
3
99
5
68
5
54
4
99
6
15
5
49
3
49
5
73
4
27
5
65
3
14
4
79
3
37
4
78
6
18
6
29
5
58
6
14
4
38
3
99
4
29
5
78
6
76
7
79
5
75
6
33
5
69
3
5
3
89
5
46
5
9
5
99
6
79
7
66
0
20
6
78
6
56
5
29
7
9
6
65
6
33
5
49
6
55
7
19
4
37
5
77
7
84
5
69
7
69
5
87
5
58
3
89
3
89
4
58
3
19
5
56
4
48
7
55
6
13
6
29
4
15
5
99
5
79
4
73
7
39
4
76
5
77
6
26
3
75
7
89
6
96
3
59
3
49
7
29
3
48
5
29
7
95
4
55
5
28
3
49
3
39
0
70
7
14
7
97
3
67
6
99
5
8
7
95
5
84
7
35
4
59
6
15
6
45
3
4
3
84
5
19
7
98
4
14
6
26
6
3
4
59
6
54
7
98
6
44
3
63
7
25
6
58
0
60
6
49
4
65
4
36
5
33
4
19
7
34
5
49
6
4
4
28
6
58
3
27
5
25
3
58
4
16
6
39
3
8
5
25
3
4
5
13
6
57
4
29
5
49
3
9
4
35
4
59
3
13
7
69
0
10
5
89
7
46
7
66
7
99
6
9
3
3
6
49
0
20
7
79
7
59
3
59
3
75
6
89
5
48
7
58
5
36
3
69
4
19
5
19
7
79
6
19
6
59
7
79
5
69
3
29
3
99
4
49
4
9
5
53
6
23
6
7
6
47
6
19
4
68
5
96
7
19
4
87
6
89
4
28
3
46
6
39
4
19
4
23
3
56
3
58
7
49
4
19
6
27
5
89
6
69
3
14
6
85
3
89
7
29
7
29
5
94
3
89
6
5
6
45
4
89
7
67
6
89
3
88
4
89
3
99
4
54
4
86
3
69
5
79
7
29
7
24
5
39
6
88
3
67
5
49
3
73
7
87
3
9
7
69
4
14
4
69
6
67
7
67
7
24
6
89
3
86
7
37
0
10
4
21
5
94
7
48
4
27
4
74
3
16
4
39
6
58
6
24
6
53
5
9
4
89
4
53
4
28
6
46
4
99
7
25
4
63
4
77
7
96
3
92
3
54
4
89
3
17
6
59
7
17
5
64
5
63
5
9
6
89
4
46
6
88
7
55
6
3
5
28
4
29
6
56
5
9
5
75
2
28
3
59
7
87
6
78
6
43
6
34
5
75
4
83
7
15
3
25
4
9
5
47
3
9
7
79
4
89
4
63
6
15
3
15
4
8
3
54
7
49
4
95
7
59
3
31
6
8
6
28
4
99
4
37
0
40
6
99
7
94
5
3
2
6
6
19
3
63
4
46
7
35
6
84
6
4
5
38
6
49
3
9
5
9
6
45
7
9
5
49
6
56
3
24
5
26
5
58
3
84
3
84
4
45
4
29
5
39
5
88
5
94
3
54
4
43
5
43
4
5
3
36
7
66
3
63
4
92
6
64
6
95
5
29
4
19
4
19
7
16
6
63
5
83
4
7
5
75
6
19
7
9
7
89
4
36
3
23
5
94
4
86
7
84
3
95
3
89
0
92
0
60
7
39
6
9
5
9
6
36
3
64
6
96
3
9
3
13
4
3
7
44
6
75
5
44
5
19
4
39
7
59
4
83
3
69
3
75
4
23
6
19
5
53
6
8
4
5
3
26
5
44
5
8
3
13
0
80
7
68
4
79
6
44
4
9
6
59
4
37
7
47
7
14
7
71
5
24
0
40
4
78
7
19
6
99
7
89
6
46
5
69
3
99
4
93
4
65
4
75
4
64
6
64
5
79
4
23
4
99
5
59
7
99
7
55
4
79
4
16
5
9
3
48
7
59
7
29
5
68
3
95
5
65
7
6
0
90
7
18
7
33
3
24
6
16
5
68
7
69
3
88
4
39
4
69
3
39
3
49
4
68
6
9
0
30
5
8
4
53
7
87
3
24
6
59
5
14
5
9
6
89
3
95
0
90
3
75
4
38
6
87
6
64
6
96
6
8
3
29
3
89
4
49
6
79
3
78
3
69
7
49
6
94
3
29
7
99
5
27
5
64
6
87
3
89
5
9
4
79
4
79
4
96
0
70
3
59
3
59
6
24
7
79
6
59
5
99
5
39
4
89
3
99
6
29
3
69
5
7
3
9
4
57
6
45
7
14
3
24
4
49
3
57
3
99
5
19
7
69
5
24
5
9
7
87
5
39
5
7
4
44
4
29
7
29
7
26
7
26
5
27
7
89
5
94
5
23
5
29
4
79
6
49
6
26
7
94
5
56
4
44
6
8
7
67
4
15
4
15
6
13
7
98
6
49
4
99
3
5
7
88
3
34
3
92
7
98
7
39
6
93
5
87
3
68
0
70
5
25
5
29
6
98
4
38
4
48
4
33
6
89
3
29
7
35
4
69
6
69
5
49
3
69
5
33
7
15
6
38
3
9
7
49
7
69
4
49
3
6
4
57
3
23
7
14
6
79
3
15
4
35
3
78
3
36
4
99
6
34
6
57
3
8
4
89
4
38
5
49
7
49
5
79
3
36
6
18
4
89
3
23
3
39
7
49
4
16
3
39
6
8
4
89
6
67
4
55
4
36
4
39
4
27
6
56
7
84
6
77
7
29
3
69
6
62
6
96
3
6
7
39
7
29
6
69
6
49
5
95
0
80
7
96
7
26
4
78
5
19
7
19
5
29
6
96
5
48
3
53
6
19
6
49
7
4
6
83
5
79
4
99
6
41
3
99
5
43
3
64
3
13
4
54
7
75
6
76
5
18
6
35
7
19
6
99
5
49
6
97
1
75
4
93
5
25
4
97
4
45
4
87
6
46
5
29
4
44
5
58
4
3
3
34
7
99
5
14
3
69
4
49
5
54
2
78
6
7
0
10
5
29
7
39
6
98
5
34
3
93
7
57
5
99
4
25
3
99
6
23
3
89
7
97
5
63
5
33
4
59
4
89
6
14
3
49
1
39
4
29
7
4
6
55
0
0
5
39
3
23
7
9
6
13
6
29
6
69
3
45
3
55
6
43
3
44
6
16
7
97
5
43
6
59
3
9
7
38
7
5
0
40
6
45
6
49
3
23
1
43
5
13
6
27
4
29
5
69
3
89
4
59
7
89
3
84
3
25
6
84
6
75
6
49
7
5
4
4
6
49
5
29
7
38
7
74
4
3
4
89
5
67
7
56
5
7
3
19
3
6
4
89
4
96
5
99
6
11
6
19
4
64
5
59
3
93
3
98
7
5
6
13
6
59
6
79
7
89
4
94
6
35
3
43
7
66
7
99
4
34
6
99
7
69
7
89
4
39
5
9
4
97
3
9
3
9
4
29
4
34
4
19
4
45
0
50
7
47
3
99
3
79
7
83
3
75
3
69
3
89
7
76
6
7
6
85
0
30
3
81
5
19
7
18
6
66
3
67
3
89
4
9
5
89
5
33
5
49
4
99
6
49
4
33
3
78
4
19
5
6
4
69
7
54
7
49
5
77
3
89
6
59
7
46
7
37
6
9
5
56
3
99
7
54
4
25
4
64
6
39
5
59
5
95
6
69
3
29
7
73
3
89
4
59
4
74
4
47
3
74
0
60
4
89
7
4
3
57
5
59
1
40
6
17
4
19
5
56
5
79
2
14
6
46
4
69
7
48
3
22
3
87
7
19
6
49
6
77
3
66
7
74
7
19
5
99
3
49
6
83
6
84
6
23
4
46
6
8
6
89
5
54
5
43
5
17
1
7
6
56
4
33
1
46
5
37
6
39
5
79
7
39
4
18
5
86
3
17
6
95
4
39
6
19
4
49
5
14
4
9
3
28
5
56
6
5
7
21
4
49
7
94
5
29
0
40
4
73
7
7
4
95
5
99
6
94
7
59
4
78
4
26
4
29
3
93
7
4
3
94
3
3
7
16
6
79
3
49
7
47
5
5
3
68
5
26
3
38
7
28
6
79
7
19
5
86
5
7
6
39
6
46
7
99
5
16
6
3
4
36
7
4
5
99
7
9
7
89
6
23
6
35
1
59
5
43
7
6
5
49
7
99
6
59
6
14
6
59
6
86
6
55
4
6
7
87
4
17
0
50
5
49
3
17
7
59
7
99
0
10
0
50
7
16
4
54
7
9
3
68
5
25
5
59
7
76
6
62
5
93
5
28
0
50
6
76
7
97
4
6
3
35
3
36
7
57
3
9
6
8
3
9
4
74
4
14
6
59
5
75
5
46
4
19
3
94
0
30
3
39
6
65
5
39
5
79
6
33
5
37
4
8
4
57
3
43
4
27
0
80
3
15
4
33
3
24
4
18
7
89
6
35
5
56
7
17
3
69
5
6
4
87
7
79
1
54
5
39
1
55
0
80
4
95
3
67
4
64
3
17
7
75
7
86
3
29
