9
31
13
55
9
94
9
44
9
99
9
94
9
74
11
23
9
99
11
23
9
13
9
99
9
74
9
94
9
94
9
74
12
84
11
53
9
93
9
43
9
14
13
25
9
99
9
99
9
74
9
62
9
99
11
23
13
55
11
53
9
81
9
34
9
73
10
22
12
84
9
43
12
84
14
26
9
34
9
64
10
22
9
44
9
99
9
34
13
85
12
84
15
87
11
83
9
41
9
74
9
13
9
93
12
54
9
14
9
99
14
86
9
74
0
20
14
86
9
64
9
34
9
14
9
73
9
41
13
55
9
63
15
27
9
44
13
85
9
92
9
74
9
74
9
94
9
64
9
93
9
93
9
64
11
23
9
64
12
54
9
63
9
21
9
34
11
23
9
99
13
85
9
81
9
44
12
84
13
85
9
34
11
83
9
94
9
99
9
63
11
53
9
34
11
53
9
34
9
99
9
63
9
34
11
53
9
43
0
70
10
22
9
99
9
67
9
99
9
8
9
99
9
92
9
43
9
64
11
23
11
53
9
12
9
92
13
25
9
99
10
22
9
34
9
11
9
64
9
62
9
99
10
52
9
71
9
33
9
64
0
60
14
56
9
73
9
44
9
41
12
24
9
42
13
55
9
12
9
34
9
64
9
33
9
33
9
63
12
24
9
44
9
13
9
33
9
12
9
21
9
64
9
34
13
55
9
13
9
43
9
64
9
21
9
74
0
10
9
94
12
54
9
74
9
99
9
14
9
3
14
56
0
20
15
87
9
64
9
63
11
83
9
94
13
55
9
64
9
44
9
73
12
24
13
25
15
87
14
26
9
64
15
87
9
74
9
33
9
99
12
54
9
14
9
61
9
31
9
14
13
55
14
26
9
74
9
99
15
27
9
94
9
94
9
34
11
53
9
44
12
24
9
31
9
63
9
63
15
57
12
24
9
34
9
94
9
74
10
22
9
93
9
93
9
34
9
34
9
99
9
93
9
13
11
53
9
94
9
74
9
94
9
93
9
94
9
99
9
62
9
94
9
73
13
85
9
34
9
32
9
44
9
94
9
73
13
55
9
81
9
94
9
13
9
74
10
22
9
74
9
74
9
74
9
32
9
94
9
93
9
44
0
10
12
21
9
99
14
56
9
34
10
82
11
23
9
44
9
64
9
32
9
61
9
14
9
94
9
61
9
34
12
54
9
99
9
33
9
71
12
84
9
99
9
92
9
62
9
94
11
23
9
64
13
25
9
72
9
71
9
14
9
94
12
54
9
94
9
63
9
11
9
34
9
34
9
64
9
14
11
83
9
28
9
63
9
94
14
86
9
51
9
42
11
83
9
91
11
23
9
33
9
14
13
55
9
13
15
87
9
94
9
71
11
23
11
23
9
14
9
62
15
57
9
99
9
64
9
31
9
14
9
34
9
99
9
44
0
40
9
99
9
99
9
11
2
9
14
26
9
71
12
54
9
43
9
92
9
12
9
44
14
56
9
13
9
14
11
53
9
14
13
55
9
64
3
29
9
34
9
64
9
92
9
92
11
53
9
34
9
44
9
94
9
99
9
62
9
51
9
51
9
13
9
43
9
74
9
71
9
92
9
72
9
99
9
34
12
24
12
24
12
24
9
71
9
91
9
14
11
83
14
26
9
14
9
94
9
44
11
23
9
99
9
94
9
92
9
99
9
93
0
92
0
60
9
44
9
14
9
14
9
44
9
64
9
99
9
13
9
21
9
11
10
52
11
83
10
52
13
25
9
44
9
64
9
91
9
73
11
83
9
31
14
26
9
61
9
14
9
13
9
33
10
52
9
14
9
21
0
80
9
74
12
84
10
52
9
14
9
64
9
44
9
47
10
22
9
71
9
32
0
40
12
84
15
27
9
99
9
94
12
54
9
74
9
99
9
99
9
73
11
83
9
72
9
72
13
85
9
31
9
99
9
64
9
99
9
63
12
84
12
24
9
14
11
53
9
64
9
34
9
74
9
99
9
73
9
14
0
90
14
26
9
33
9
32
12
24
9
74
9
74
9
93
9
44
9
74
9
43
11
53
9
74
9
14
0
30
9
14
9
61
9
94
9
32
9
64
10
22
9
14
9
94
9
99
0
90
11
83
9
44
9
94
9
72
9
99
9
14
9
33
9
93
12
54
14
86
11
83
9
73
15
57
9
99
9
33
9
99
9
34
9
72
9
94
9
93
9
14
12
84
12
84
9
99
0
70
9
63
9
63
14
22
15
87
9
64
9
99
9
44
9
94
9
99
9
34
9
73
9
14
9
13
9
64
11
53
10
22
9
32
12
54
9
63
9
99
13
25
9
74
9
32
9
14
9
94
9
44
9
14
10
52
9
34
9
34
9
34
9
34
9
34
9
94
9
99
9
31
9
34
12
84
14
56
9
34
9
99
9
64
10
52
9
14
9
74
11
23
11
23
9
21
9
99
14
56
9
99
9
13
9
94
9
42
9
87
9
99
9
44
9
99
9
94
9
73
0
70
9
33
9
34
9
99
9
44
12
54
9
41
9
94
9
33
9
43
9
74
9
74
13
55
9
73
9
41
11
23
9
44
9
13
15
57
9
74
12
54
9
13
9
64
3
29
10
22
14
86
11
23
9
43
3
79
9
43
9
99
9
42
9
64
9
13
9
94
4
39
13
55
15
57
13
85
9
43
14
26
9
94
9
31
9
43
15
57
12
24
9
43
9
14
9
94
9
74
9
63
9
44
9
44
9
34
9
64
9
92
13
85
9
34
9
73
9
62
9
99
9
13
9
44
9
34
9
74
14
56
9
99
0
80
9
99
9
34
12
84
13
25
15
27
9
34
9
99
13
55
9
61
14
26
14
56
9
12
9
91
13
85
9
99
9
41
9
99
9
51
9
72
9
21
9
62
11
83
12
84
13
25
9
43
15
27
9
99
13
55
9
99
1
79
9
93
9
33
9
99
11
53
12
81
12
54
9
34
10
52
9
64
9
11
3
39
9
99
10
22
9
73
12
54
9
62
2
78
9
14
0
10
9
34
9
44
9
99
9
42
9
99
9
64
9
99
9
33
9
99
9
31
9
93
9
99
9
71
9
41
9
64
9
94
10
22
11
53
1
39
9
34
9
12
9
63
0
0
9
44
9
31
9
14
9
21
9
34
9
74
11
53
9
63
9
51
10
52
12
24
9
99
9
51
9
64
9
13
9
44
9
13
0
40
11
53
14
56
9
31
1
49
9
21
9
34
9
34
9
74
9
93
9
64
9
94
9
92
9
33
14
82
11
83
14
56
9
13
9
12
14
56
9
34
9
44
10
82
9
11
9
94
9
74
9
64
9
14
11
23
9
13
9
94
9
99
9
99
9
11
14
26
9
72
9
64
9
99
9
99
9
13
9
21
9
64
14
86
9
94
9
99
9
43
9
51
9
74
9
99
9
42
9
99
9
74
9
94
9
44
9
14
9
99
9
13
9
13
9
34
9
42
12
24
11
53
0
50
13
55
9
99
11
83
15
81
11
83
9
73
9
93
12
84
9
14
9
93
0
30
11
81
13
25
9
18
9
74
9
73
9
93
9
14
9
94
9
41
13
55
9
99
14
56
9
41
11
83
12
24
9
14
9
74
9
62
15
57
13
85
9
93
9
64
12
54
9
44
9
14
9
64
9
99
9
62
9
33
9
72
9
44
9
64
9
99
9
74
9
33
9
73
9
93
9
64
10
82
12
54
10
82
0
60
9
94
9
12
9
63
9
64
1
40
9
17
12
24
9
64
13
85
2
14
12
54
9
74
14
56
11
22
9
93
15
27
14
56
13
85
9
73
9
73
15
27
9
99
11
53
9
91
9
92
9
31
12
54
9
14
9
94
9
62
9
51
13
25
1
9
9
64
9
41
1
49
9
44
9
44
13
85
9
44
12
24
9
94
11
23
9
99
9
44
14
26
12
54
10
22
9
14
9
33
9
56
9
13
15
21
12
54
9
99
9
34
0
40
9
81
9
14
9
99
9
99
9
99
9
64
9
78
9
34
9
34
9
99
9
12
9
99
9
11
12
24
14
86
11
53
13
55
9
13
9
73
9
34
9
43
9
34
14
86
15
27
9
94
9
14
9
44
12
54
9
99
12
24
9
11
9
44
9
12
9
99
9
14
9
94
9
31
9
43
1
59
9
43
9
14
13
55
9
99
9
64
10
22
9
64
9
94
9
63
9
14
9
94
12
24
0
50
13
55
11
23
9
64
9
99
0
10
0
50
12
24
9
62
9
14
9
73
9
33
9
64
12
84
9
62
9
99
9
34
0
50
9
76
9
99
9
14
9
43
9
43
9
64
9
13
9
14
9
13
10
82
10
22
9
64
11
83
12
54
12
24
9
99
0
30
3
39
9
73
9
44
13
85
9
41
9
44
9
14
9
64
9
51
9
34
0
80
11
23
9
41
9
32
12
24
9
94
9
43
9
64
13
25
9
73
9
14
9
87
15
87
1
59
9
44
1
59
0
80
9
99
9
73
9
72
11
23
11
83
9
94
9
33
