6
24
6
49
8
87
8
40
6
95
8
90
8
70
4
17
7
99
6
16
4
9
7
99
7
69
8
90
5
89
6
69
5
79
4
48
7
86
7
36
8
10
7
18
8
95
4
99
6
69
6
55
5
99
7
16
6
49
4
49
6
74
5
28
6
66
4
15
5
79
4
38
5
79
7
19
7
29
6
59
7
15
5
39
4
99
5
29
6
79
7
77
8
80
6
76
7
34
6
69
4
6
4
89
6
47
6
9
6
99
7
79
8
67
0
20
7
79
7
57
6
29
8
10
7
66
7
34
6
49
7
56
8
20
5
38
6
78
8
85
6
69
8
70
6
88
6
59
4
89
4
89
5
59
4
19
6
57
5
49
8
56
7
14
7
29
5
16
6
99
6
79
5
74
8
40
5
77
6
78
7
27
4
76
8
90
7
97
4
59
4
49
8
30
4
49
6
29
8
96
5
56
6
29
4
49
4
39
0
70
8
15
8
98
4
67
7
99
6
8
8
96
6
85
8
36
5
59
7
16
7
46
4
5
4
85
6
19
8
99
5
15
7
27
7
4
5
59
7
55
8
99
7
45
4
64
8
26
7
59
0
60
7
49
5
66
5
37
6
34
5
19
8
35
6
49
7
5
5
29
7
59
4
28
6
26
4
59
5
17
7
39
4
9
6
26
4
5
6
14
7
58
5
29
6
49
4
9
5
36
5
59
4
14
8
70
0
10
6
89
8
47
8
67
8
99
7
9
4
3
7
49
0
20
8
80
8
60
4
59
4
76
7
89
6
49
8
59
6
37
4
69
5
19
6
19
8
80
7
19
7
59
8
80
6
69
4
29
4
99
5
49
5
9
6
54
7
24
7
8
7
48
7
19
5
69
6
97
8
20
5
88
7
89
5
29
4
47
7
39
5
19
5
24
4
57
4
59
8
50
5
19
7
28
6
89
7
69
4
15
7
86
4
89
8
30
8
30
6
95
4
89
7
6
7
46
5
89
8
68
7
89
4
89
5
89
4
99
5
55
5
87
4
69
6
79
8
30
8
25
6
39
7
89
4
68
6
49
4
74
8
88
4
9
8
70
5
15
5
69
7
68
8
68
8
25
7
89
4
87
8
38
0
10
5
21
6
95
8
49
5
28
5
75
4
17
5
39
7
59
7
25
7
54
6
9
5
89
5
54
5
29
7
47
5
99
8
26
5
64
5
78
8
97
4
92
4
55
5
89
4
18
7
59
8
18
6
65
6
64
6
9
7
89
5
47
7
89
8
56
7
4
6
29
5
29
7
57
6
9
6
76
3
28
4
59
8
88
7
79
7
44
7
35
6
76
5
84
8
16
4
26
5
9
6
48
4
9
8
80
5
89
5
64
7
16
4
16
5
9
4
55
8
50
5
96
8
60
4
31
7
9
7
29
5
99
5
38
0
40
7
99
8
95
6
4
2
7
7
19
4
64
5
47
8
36
7
85
7
5
6
39
7
49
4
9
6
9
7
46
8
10
6
49
7
57
3
25
6
27
6
59
4
85
4
85
5
46
5
29
6
39
6
89
6
95
4
55
5
44
6
44
5
6
4
37
8
67
4
64
5
92
7
65
7
96
6
29
5
19
5
19
8
17
7
64
6
84
5
8
6
76
7
19
8
10
8
90
5
37
4
23
6
95
5
87
8
85
4
96
4
89
0
92
0
60
8
40
7
9
6
9
7
37
4
64
7
97
4
9
4
14
5
4
8
45
7
76
6
45
6
19
5
39
8
60
5
84
4
69
4
76
5
24
7
19
6
54
7
9
5
6
4
27
6
45
6
9
4
14
0
80
8
69
5
79
7
45
5
9
7
59
5
38
8
47
8
15
8
71
6
25
0
40
5
79
8
20
7
99
8
90
7
47
6
69
4
99
5
94
5
66
5
76
5
65
7
65
6
79
5
24
5
99
6
59
8
99
8
56
5
79
5
17
6
9
4
49
8
60
8
30
6
69
4
96
6
66
8
7
0
90
8
19
8
33
4
25
7
17
6
69
8
70
4
89
5
39
5
69
4
39
4
49
5
69
7
9
0
30
6
9
5
54
8
88
4
25
7
59
6
15
6
9
7
89
4
96
0
90
4
76
5
39
7
88
7
65
7
97
7
9
4
29
4
89
5
49
7
79
4
79
4
69
8
50
7
95
4
29
8
99
6
28
6
65
7
88
4
89
6
9
5
79
5
79
5
97
0
70
4
59
4
59
7
24
8
80
7
59
6
99
6
39
5
89
4
99
7
29
4
69
6
8
4
9
5
58
7
46
8
15
4
25
5
49
4
58
4
99
6
19
8
70
6
25
6
9
8
88
6
39
6
8
5
45
5
29
8
30
8
27
8
27
6
28
8
90
6
95
6
24
6
29
5
79
7
49
7
27
8
95
6
57
5
45
7
9
8
68
5
16
5
16
7
14
8
99
7
49
5
99
4
6
8
89
4
35
4
91
8
99
8
40
7
94
6
88
4
69
0
70
6
26
6
29
7
99
5
39
5
49
5
34
7
89
4
29
8
36
5
69
7
69
6
49
4
69
6
34
8
16
7
39
4
9
8
50
8
70
5
49
4
7
5
58
3
24
8
15
7
79
4
16
5
36
3
79
4
37
5
99
7
35
7
58
4
9
5
89
4
39
6
49
8
50
6
79
4
37
7
19
5
89
4
24
4
39
8
50
5
17
4
39
7
9
5
89
7
68
5
56
5
37
5
39
5
28
7
57
8
85
7
78
8
30
4
69
7
62
7
97
4
7
8
40
8
30
7
69
7
49
6
96
0
80
8
97
8
27
5
79
6
19
8
20
6
29
7
97
6
49
4
54
7
19
7
49
8
5
7
84
6
79
5
99
7
41
4
99
6
44
4
65
4
14
5
55
8
76
7
77
6
19
7
36
8
20
7
99
6
49
7
98
1
76
5
93
6
26
5
98
5
46
5
86
7
47
6
29
5
45
6
59
5
4
3
35
8
99
6
15
4
69
5
49
6
55
2
78
7
8
0
10
6
29
8
40
7
99
6
35
4
94
8
58
6
99
5
26
4
99
7
24
4
89
8
98
6
64
6
34
5
59
5
89
7
15
4
49
1
39
5
29
8
5
7
56
0
0
6
39
4
24
8
10
7
14
7
29
7
69
4
46
4
56
7
44
4
45
7
17
8
98
6
44
7
59
4
9
8
39
8
6
0
40
7
46
7
49
4
24
1
44
6
14
7
28
5
29
6
69
4
89
5
59
8
90
4
85
4
26
7
84
7
76
7
49
8
6
5
5
7
49
6
29
8
39
8
75
5
4
5
89
6
68
8
57
6
8
4
19
4
7
5
89
5
97
6
99
7
11
7
19
5
65
6
59
4
94
4
99
8
6
7
14
7
59
7
79
8
90
5
95
7
36
4
44
8
67
8
99
5
35
7
99
8
70
8
90
5
39
6
9
5
98
4
9
4
9
5
29
5
35
5
19
5
46
0
50
8
48
4
99
4
79
8
82
4
76
4
69
4
89
8
77
7
8
7
86
0
30
4
81
6
19
8
18
7
67
4
68
4
89
5
9
6
89
6
34
6
49
5
99
7
49
5
34
4
79
5
19
6
7
5
69
8
55
8
50
6
78
4
89
7
59
8
47
8
38
7
9
6
57
4
99
8
55
5
26
5
65
7
39
6
59
6
96
7
69
4
29
8
73
4
89
5
59
5
75
5
48
4
75
0
60
5
89
8
5
4
58
6
59
1
40
7
17
5
19
6
57
6
79
2
14
7
47
5
69
8
49
4
22
4
88
8
20
7
49
7
78
4
67
8
74
8
20
6
99
4
49
7
84
7
85
7
24
5
47
7
9
7
89
6
55
6
44
6
18
1
8
7
57
5
34
1
47
6
38
7
39
6
79
8
40
5
19
6
87
4
18
7
96
5
39
7
19
5
49
6
15
5
9
4
29
6
56
7
6
8
21
5
49
8
95
6
29
0
40
5
74
8
8
5
96
6
99
7
95
8
60
5
78
5
27
5
29
4
94
8
5
4
95
4
4
8
17
7
79
4
49
8
48
6
6
4
69
6
27
4
39
8
29
7
79
8
20
6
87
6
8
7
39
7
47
8
99
6
17
7
4
5
37
8
5
6
99
8
10
8
90
7
24
7
36
1
59
6
43
8
7
6
49
8
99
7
59
7
15
7
59
7
87
7
56
5
7
8
88
5
18
0
50
6
49
4
18
8
60
8
99
0
10
0
50
8
17
5
55
8
10
4
69
6
26
6
59
8
77
7
62
6
94
6
29
0
50
7
76
8
98
5
7
4
36
4
37
8
58
4
9
7
9
4
9
5
75
5
15
7
59
6
76
6
47
5
19
4
95
0
30
3
39
7
66
6
39
6
79
7
34
6
38
5
9
5
58
4
44
5
28
0
80
4
16
5
34
4
25
5
19
8
90
7
36
6
57
8
18
4
69
6
7
5
87
8
80
1
55
6
39
1
56
0
80
5
96
4
68
5
65
4
18
8
76
8
87
4
29
