9
33
15
57
9
94
9
44
9
99
9
94
9
74
13
25
9
99
13
25
9
14
9
99
9
74
9
94
9
94
9
74
14
86
13
55
9
94
9
44
9
14
15
27
9
99
9
99
9
74
9
64
9
99
13
25
15
57
13
55
11
83
9
34
9
74
12
24
14
86
9
44
14
86
16
28
9
34
9
64
12
24
9
44
9
99
9
34
15
87
14
86
17
89
13
85
9
43
9
74
9
14
9
94
14
56
9
14
9
99
16
88
9
74
0
20
16
88
9
64
9
34
9
14
9
74
9
43
15
57
9
64
17
29
9
44
15
87
9
94
9
74
9
74
9
94
9
64
9
94
9
94
9
64
13
25
9
64
14
56
9
64
11
23
9
34
13
25
9
99
15
87
11
83
9
44
14
86
15
87
9
34
13
85
9
94
9
99
9
64
13
55
9
34
13
55
9
34
9
99
9
64
9
34
13
55
9
44
0
70
12
24
9
99
9
67
9
99
9
8
9
99
9
94
9
44
9
64
13
25
13
55
9
14
9
94
15
27
9
99
12
24
9
34
9
13
9
64
9
64
9
99
12
54
9
73
9
34
9
64
0
60
16
58
9
74
9
44
9
43
14
26
9
44
15
57
9
14
9
34
9
64
9
34
9
34
9
64
14
26
9
44
9
14
9
34
9
14
11
23
9
64
9
34
15
57
9
14
9
44
9
64
11
23
9
74
0
10
9
94
14
56
9
74
9
99
9
14
9
3
16
58
0
20
17
89
9
64
9
64
13
85
9
94
15
57
9
64
9
44
9
74
14
26
15
27
17
89
16
28
9
64
17
89
9
74
9
34
9
99
14
56
9
14
9
63
9
33
9
14
15
57
16
28
9
74
9
99
17
29
9
94
9
94
9
34
13
55
9
44
14
26
9
33
9
64
9
64
17
59
14
26
9
34
9
94
9
74
12
24
9
94
9
94
9
34
9
34
9
99
9
94
9
14
13
55
9
94
9
74
9
94
9
94
9
94
9
99
9
64
9
94
9
74
15
87
9
34
9
34
9
44
9
94
9
74
15
57
11
83
9
94
9
14
9
74
12
24
9
74
9
74
9
74
9
34
9
94
9
94
9
44
0
10
14
21
9
99
16
58
9
34
12
84
13
25
9
44
9
64
9
34
9
63
9
14
9
94
9
63
9
34
14
56
9
99
9
34
9
73
14
86
9
99
9
92
9
64
9
94
13
25
9
64
15
27
9
74
9
73
9
14
9
94
14
56
9
94
9
64
9
13
9
34
9
34
9
64
9
14
13
85
9
28
9
64
9
94
16
88
11
53
9
44
13
85
9
93
13
25
9
34
9
14
15
57
9
14
17
89
9
94
9
73
13
25
13
25
9
14
9
64
17
59
9
99
9
64
9
31
9
14
9
34
9
99
9
44
0
40
9
99
9
99
9
13
2
9
16
28
9
73
14
56
9
44
9
94
9
14
9
44
16
58
9
14
9
14
13
55
9
14
15
57
9
64
3
29
9
34
9
64
9
94
9
94
13
55
9
34
9
44
9
94
9
99
9
64
11
53
11
53
9
14
9
44
9
74
9
73
9
92
9
74
9
99
9
34
14
26
14
26
14
26
9
73
9
93
9
14
13
85
16
28
9
14
9
94
9
44
13
23
9
99
9
94
9
94
9
99
9
94
0
92
0
60
9
44
9
14
9
14
9
44
9
64
9
99
9
14
11
23
9
13
12
54
13
85
12
54
15
27
9
44
9
64
9
93
9
74
13
85
9
33
16
28
9
63
9
14
9
14
9
34
12
54
9
14
11
23
0
80
9
74
14
86
12
54
9
14
9
64
9
44
9
47
12
24
9
71
9
34
0
40
14
86
17
29
9
99
9
94
14
56
9
74
9
99
9
99
9
74
13
85
9
74
9
74
15
87
9
33
9
99
9
64
9
99
9
64
14
86
14
26
9
14
13
55
9
64
9
34
9
74
9
99
9
74
9
14
0
90
16
28
9
33
9
34
14
26
9
74
9
74
9
94
9
44
9
74
9
44
13
55
9
74
9
14
0
30
9
14
9
63
9
94
9
34
9
64
12
24
9
14
9
94
9
99
0
90
13
85
9
44
9
94
9
74
9
99
9
14
9
34
9
94
14
56
16
88
13
85
9
74
17
59
9
99
9
34
9
99
9
34
9
74
9
94
9
94
9
14
14
86
14
86
9
99
0
70
9
64
9
64
16
22
17
89
9
64
9
99
9
44
9
94
9
99
9
34
9
74
9
14
9
14
9
64
13
55
12
24
9
34
14
56
9
64
9
99
15
27
9
74
9
34
9
14
9
94
9
44
9
14
12
54
9
34
9
34
9
34
9
34
9
34
9
94
9
99
9
33
9
34
14
86
16
58
9
34
9
99
9
64
12
54
9
14
9
74
13
25
13
25
11
23
9
99
16
58
9
99
9
14
9
94
9
44
9
86
9
99
9
44
9
99
9
94
9
74
0
70
9
34
9
34
9
99
9
44
14
56
9
43
9
94
9
34
9
44
9
74
9
74
15
57
9
74
9
43
13
25
9
44
9
14
17
59
9
74
14
56
9
14
9
64
3
29
12
24
16
88
13
25
9
44
3
79
9
44
9
99
9
44
9
64
9
14
9
94
4
39
15
57
17
59
15
87
9
44
16
28
9
94
9
33
9
44
17
59
14
26
9
44
9
14
9
94
9
74
9
64
9
44
9
44
9
34
9
64
9
94
15
87
9
34
9
74
9
62
9
99
9
14
9
44
9
34
9
74
16
58
9
99
0
80
9
99
9
34
14
86
15
27
17
29
9
34
9
99
15
57
9
63
16
28
16
58
9
14
9
93
15
87
9
99
9
41
9
99
11
53
9
74
11
23
9
64
13
85
14
86
15
27
9
44
17
29
9
99
15
57
9
99
1
79
9
93
9
34
9
99
13
55
14
81
14
56
9
34
12
54
9
64
9
13
3
39
9
99
12
24
9
74
14
56
9
64
2
78
9
14
0
10
9
34
9
44
9
99
9
44
9
99
9
64
9
99
9
34
9
99
9
33
9
94
9
99
9
73
9
43
9
64
9
94
12
24
13
55
1
39
9
34
9
14
9
64
0
0
9
44
9
33
9
14
11
23
9
34
9
74
13
55
9
64
11
53
12
54
14
26
9
99
11
53
9
64
9
14
9
44
9
14
0
40
13
55
16
58
9
33
1
49
11
23
9
34
9
34
9
74
9
94
9
64
9
94
9
94
9
34
16
82
13
85
16
58
9
14
9
14
16
58
9
34
9
44
12
84
9
13
9
94
9
74
9
64
9
14
13
25
9
14
9
94
9
99
9
99
9
11
16
28
9
74
9
64
9
99
9
99
9
14
11
23
9
64
16
88
9
94
9
99
9
44
11
53
9
74
9
99
9
44
9
99
9
74
9
94
9
44
9
14
9
99
9
14
9
14
9
34
9
44
14
26
13
55
0
50
15
57
9
99
13
85
17
81
13
85
9
74
9
94
14
86
9
14
9
94
0
30
13
81
15
27
9
18
9
74
9
74
9
94
9
14
9
94
9
43
15
57
9
99
16
58
9
43
13
85
14
26
9
14
9
74
9
64
17
59
15
87
9
94
9
64
14
56
9
44
9
14
9
64
9
99
9
64
9
34
9
74
9
44
9
64
9
99
9
74
9
34
9
73
9
94
9
64
12
84
14
56
12
84
0
60
9
94
9
14
9
64
9
64
1
40
9
17
14
26
9
64
15
87
2
14
14
56
9
74
16
58
13
22
9
94
17
29
16
58
15
87
9
74
9
73
17
29
9
99
13
55
9
93
9
94
9
33
14
56
9
14
9
94
9
64
11
53
15
27
1
9
9
64
9
43
1
49
9
44
9
44
15
87
9
44
14
26
9
94
13
25
9
99
9
44
16
28
14
56
12
24
9
14
9
34
9
56
9
14
17
21
14
56
9
99
9
34
0
40
11
83
9
14
9
99
9
99
9
99
9
64
9
78
9
34
9
34
9
99
9
14
9
99
9
13
14
26
16
88
13
55
15
57
9
14
9
74
9
34
9
44
9
34
16
88
17
29
9
94
9
14
9
44
14
56
9
99
14
26
9
13
9
44
9
14
9
99
9
14
9
94
9
33
9
44
1
59
9
43
9
14
15
57
9
99
9
64
12
24
9
64
9
94
9
64
9
14
9
94
14
26
0
50
15
57
13
25
9
64
9
99
0
10
0
50
14
26
9
64
9
14
9
74
9
34
9
64
14
86
9
62
9
99
9
34
0
50
9
76
9
99
9
14
9
44
9
44
9
64
9
14
9
14
9
14
12
84
12
24
9
64
13
85
14
56
14
26
9
99
0
30
3
39
9
74
9
44
15
87
9
43
9
44
9
14
9
64
11
53
9
34
0
80
13
25
9
43
9
34
14
26
9
94
9
44
9
64
15
27
9
74
9
14
9
87
17
89
1
59
9
44
1
59
0
80
9
99
9
74
9
74
13
25
13
85
9
94
9
34
