3
20
2
48
4
83
4
37
2
91
4
89
4
69
0
13
3
97
2
12
0
7
3
96
3
66
4
86
1
89
2
68
1
75
0
44
3
82
3
32
4
9
3
14
4
91
0
97
2
65
2
51
1
98
3
12
2
49
0
46
3
70
1
24
2
62
0
11
1
78
0
34
1
75
3
15
3
26
2
55
3
11
1
35
0
99
1
28
2
75
3
73
4
77
2
72
4
30
2
68
0
2
0
86
2
43
2
8
2
98
3
76
4
63
0
20
3
75
3
53
2
29
4
7
3
62
4
30
2
47
3
52
4
18
1
34
2
74
4
81
2
67
4
69
2
84
2
55
0
86
0
86
1
55
0
16
2
53
1
45
4
52
4
10
3
28
1
12
2
96
2
79
2
70
4
37
1
73
2
74
3
23
0
72
4
89
3
93
0
59
0
46
4
26
0
45
2
27
4
92
1
52
2
25
0
46
0
37
0
70
4
11
4
94
0
67
3
99
2
9
4
92
2
81
4
32
1
56
3
12
3
42
0
1
0
81
2
19
4
95
1
11
3
23
4
0
1
57
3
51
4
95
3
41
1
60
4
22
3
55
0
60
3
46
1
62
1
33
3
30
1
18
4
31
2
47
3
1
1
25
3
55
0
24
2
22
0
55
1
13
3
39
0
5
2
22
0
1
3
10
3
54
1
26
2
46
0
9
1
32
1
58
1
10
4
69
0
10
2
89
4
43
4
63
4
98
3
8
0
3
3
48
0
20
4
77
4
56
0
56
0
72
3
86
2
45
4
55
2
33
0
67
1
17
2
17
4
77
3
18
3
59
4
79
2
69
0
26
0
97
1
47
1
7
3
50
4
20
3
4
3
44
3
19
1
65
2
93
4
16
1
84
3
86
1
25
0
43
3
36
1
19
2
20
0
53
0
55
4
47
1
18
3
24
2
86
3
69
0
11
3
82
0
88
4
29
4
28
2
91
0
89
3
2
3
42
1
86
4
64
3
89
0
85
1
86
0
97
1
51
1
83
0
68
2
77
4
26
4
21
2
36
3
85
0
64
2
46
1
70
4
84
0
7
4
66
1
11
1
69
3
64
4
64
4
21
3
87
0
83
4
34
0
10
1
21
2
91
4
45
1
24
1
71
0
13
1
36
3
55
3
21
4
50
2
9
1
89
2
50
1
25
3
43
1
98
4
22
2
60
1
74
4
93
0
92
0
51
1
87
0
14
3
57
4
14
2
61
3
60
2
8
3
86
1
43
3
85
4
52
4
0
2
25
1
28
3
53
2
7
2
72
0
30
0
56
4
84
3
75
4
40
3
31
2
72
2
80
4
12
0
22
1
6
2
44
0
9
4
76
1
86
2
60
3
12
0
12
1
5
0
51
4
49
1
92
4
57
1
30
3
5
3
25
1
96
1
34
0
40
3
96
4
91
3
0
2
3
3
17
1
60
1
43
4
32
3
81
3
1
2
35
3
47
0
6
2
7
3
42
4
8
2
47
3
53
3
21
2
23
2
55
0
81
0
81
1
42
1
29
2
38
2
85
2
91
0
51
2
40
3
40
1
2
0
33
4
63
1
60
1
92
3
61
3
92
2
28
1
17
1
18
4
13
4
60
3
80
1
4
2
72
3
18
4
8
4
87
1
33
0
23
2
91
1
83
4
81
0
92
0
89
0
92
0
60
4
36
3
8
2
6
3
33
0
64
3
93
0
8
1
10
2
0
4
41
3
72
2
41
2
19
1
36
4
56
2
80
0
69
0
72
2
20
3
17
3
50
3
5
1
2
0
23
2
41
2
5
1
10
0
80
4
65
1
78
3
41
1
8
3
57
1
34
4
47
4
11
4
71
2
21
0
40
1
75
4
18
3
96
4
89
3
43
2
66
0
98
2
90
1
62
1
72
1
61
3
61
2
79
2
20
1
99
2
57
4
99
4
52
1
76
1
13
2
8
0
45
4
58
4
27
2
65
0
92
2
62
4
3
0
90
4
15
4
33
0
21
3
13
2
65
4
67
0
85
1
36
1
69
0
36
0
46
1
65
3
7
0
30
2
5
2
50
4
84
0
21
3
56
2
11
2
7
3
89
0
92
0
90
0
72
1
35
3
84
3
61
3
93
3
5
0
28
0
88
1
47
3
76
0
75
0
68
4
49
3
91
0
27
4
99
2
24
2
61
3
84
0
87
2
9
1
76
1
78
1
93
0
70
0
56
0
57
3
24
4
76
3
57
2
98
2
37
1
86
0
99
3
26
0
68
2
4
0
8
1
54
3
42
4
11
0
21
1
48
0
54
0
97
2
16
4
68
2
21
2
8
4
84
2
39
2
4
1
41
1
26
4
26
4
23
4
23
2
24
4
89
2
91
3
20
2
28
1
78
3
49
3
23
4
91
2
53
1
41
3
5
4
64
1
12
1
12
4
10
4
95
3
47
1
97
0
2
4
85
0
31
0
95
4
95
4
38
4
90
2
84
0
65
0
70
2
22
2
27
3
95
1
35
1
45
2
30
3
87
0
27
4
32
1
69
3
69
2
49
0
68
3
30
4
12
3
35
0
9
4
48
4
67
1
48
0
3
1
54
3
20
4
11
3
78
0
12
1
32
3
75
0
33
1
99
3
31
3
54
0
5
1
88
4
35
2
49
4
49
2
77
0
33
3
15
1
88
1
20
0
37
4
48
1
13
0
38
3
5
1
89
3
64
1
52
1
33
1
38
1
24
3
53
4
81
3
74
4
29
0
68
3
62
3
93
0
3
4
39
4
26
3
67
3
48
2
92
0
80
4
93
4
23
1
75
2
16
4
16
2
28
3
93
2
45
1
50
3
16
3
46
4
1
4
80
2
79
1
98
4
40
0
97
3
40
0
61
1
10
1
51
4
72
3
73
2
15
3
32
4
19
3
98
2
46
3
94
1
72
1
93
2
22
1
94
1
42
2
90
3
43
2
27
1
41
2
55
2
0
3
31
4
98
2
11
0
69
1
48
2
51
2
79
3
4
0
10
2
27
4
36
3
95
2
31
1
90
4
54
2
96
1
22
0
97
4
20
0
87
4
94
3
60
3
30
1
58
1
89
3
11
0
48
1
38
1
27
4
1
3
52
0
0
2
38
1
20
4
8
4
10
3
27
3
67
0
42
0
52
4
40
0
41
3
13
4
94
3
40
3
57
0
7
4
35
4
2
0
40
3
42
3
49
1
20
2
40
3
10
3
24
1
26
2
69
0
87
1
57
4
88
0
81
0
22
3
84
3
72
3
47
4
2
1
1
3
46
2
26
4
35
4
71
2
0
1
89
2
64
4
53
2
4
0
16
0
3
1
86
1
93
2
97
4
10
3
18
1
61
2
57
1
90
0
95
4
2
4
10
3
57
3
79
4
89
1
91
3
32
1
40
4
63
4
96
1
31
3
98
4
66
4
88
1
39
2
8
1
94
0
8
0
6
1
26
1
31
1
17
1
42
0
50
4
44
0
98
0
79
4
86
0
72
0
68
0
88
4
73
3
4
3
82
0
30
0
81
2
18
4
18
3
63
0
64
0
86
1
6
2
86
3
30
2
48
1
97
3
48
2
30
0
75
1
19
2
3
1
66
4
51
4
46
2
74
0
89
3
58
4
43
4
34
3
8
2
53
0
98
4
51
1
22
1
61
3
39
2
57
2
92
3
66
0
26
4
73
0
86
1
58
1
71
1
44
0
71
0
60
1
88
4
1
0
54
2
58
1
40
3
17
1
18
2
53
2
79
2
14
3
43
1
66
4
45
0
22
0
84
4
19
3
49
3
74
0
63
4
74
4
19
2
96
0
48
4
80
3
81
4
20
1
43
3
5
3
87
2
51
3
40
2
14
0
4
3
53
2
30
0
43
2
34
3
36
2
76
4
37
1
15
2
83
0
14
3
92
1
39
3
18
1
49
2
11
1
9
0
25
2
56
3
2
4
21
1
49
4
91
2
29
0
40
2
70
4
4
1
92
2
96
3
91
4
57
1
79
1
23
1
27
1
90
4
1
0
91
1
0
4
13
3
77
0
49
4
44
2
2
0
65
2
23
0
35
4
25
3
78
4
19
2
83
2
4
3
37
3
43
4
97
2
13
4
0
1
33
4
1
2
96
4
7
4
88
4
20
3
32
1
58
2
43
4
3
2
46
4
99
3
57
3
11
3
59
3
83
3
52
1
3
4
84
1
14
0
50
2
47
0
14
4
59
4
97
0
10
0
50
4
13
1
51
4
7
0
65
2
22
2
58
4
73
3
62
3
90
2
25
0
50
3
76
4
94
1
3
0
32
0
33
4
54
0
9
3
5
0
7
1
71
1
11
3
58
2
72
2
43
1
19
0
91
0
30
3
37
3
62
2
36
2
79
4
30
2
34
1
5
1
54
1
40
1
24
0
80
0
12
2
30
0
21
1
15
4
86
3
32
2
53
4
14
0
67
2
3
1
87
4
77
0
51
2
39
0
52
0
80
1
92
0
64
1
61
0
14
4
72
4
83
0
27
