9
34
17
59
9
94
9
44
9
99
9
94
9
74
15
27
9
99
15
27
9
14
9
99
9
74
9
94
9
94
9
74
16
88
15
57
9
94
9
44
9
14
17
29
9
99
9
99
9
74
9
64
9
99
15
27
17
59
15
57
13
85
9
34
9
74
14
26
16
88
9
44
16
88
18
30
9
34
9
64
14
26
9
44
9
99
9
34
17
89
16
88
19
91
15
87
9
44
9
74
9
14
9
94
16
58
9
14
9
99
18
90
9
74
0
20
18
90
9
64
9
34
9
14
9
74
9
44
17
59
9
64
19
31
9
44
17
89
9
94
9
74
9
74
9
94
9
64
9
94
9
94
9
64
15
27
9
64
16
58
9
64
13
25
9
34
15
27
9
99
17
89
13
85
9
44
16
88
17
89
9
34
15
87
9
94
9
99
9
64
15
57
9
34
15
57
9
34
9
99
9
64
9
34
15
57
9
44
0
70
14
26
9
99
9
67
9
99
9
8
9
99
9
94
9
44
9
64
15
27
15
57
9
14
9
94
17
29
9
99
14
26
9
34
9
14
9
64
9
64
9
99
14
56
9
74
9
34
9
64
0
60
18
60
9
74
9
44
9
44
16
28
9
44
17
59
9
14
9
34
9
64
9
34
9
34
9
64
16
28
9
44
9
14
9
34
9
14
13
25
9
64
9
34
17
59
9
14
9
44
9
64
13
25
9
74
0
10
9
94
16
58
9
74
9
99
9
14
9
3
18
60
0
20
19
91
9
64
9
64
15
87
9
94
17
59
9
64
9
44
9
74
16
28
17
29
19
91
18
30
9
64
19
91
9
74
9
34
9
99
16
58
9
14
9
64
9
34
9
14
17
59
18
30
9
74
9
99
19
31
9
94
9
94
9
34
15
57
9
44
16
28
9
34
9
64
9
64
19
61
16
28
9
34
9
94
9
74
14
26
9
94
9
94
9
34
9
34
9
99
9
94
9
14
15
57
9
94
9
74
9
94
9
94
9
94
9
99
9
64
9
94
9
74
17
89
9
34
9
34
9
44
9
94
9
74
17
59
13
85
9
94
9
14
9
74
14
26
9
74
9
74
9
74
9
34
9
94
9
94
9
44
0
10
16
21
9
99
18
60
9
34
14
86
15
27
9
44
9
64
9
34
9
64
9
14
9
94
9
64
9
34
16
58
9
99
9
34
9
74
16
88
9
99
9
92
9
64
9
94
15
27
9
64
17
29
9
74
9
74
9
14
9
94
16
58
9
94
9
64
9
14
9
34
9
34
9
64
9
14
15
87
9
28
9
64
9
94
18
90
13
55
9
44
15
87
9
94
15
27
9
34
9
14
17
59
9
14
19
91
9
94
9
74
15
27
15
27
9
14
9
64
19
61
9
99
9
64
9
31
9
14
9
34
9
99
9
44
0
40
9
99
9
99
9
14
2
9
18
30
9
74
16
58
9
44
9
94
9
14
9
44
18
60
9
14
9
14
15
57
9
14
17
59
9
64
3
29
9
34
9
64
9
94
9
94
15
57
9
34
9
44
9
94
9
99
9
64
13
55
13
55
9
14
9
44
9
74
9
74
9
92
9
74
9
99
9
34
16
28
16
28
16
28
9
74
9
94
9
14
15
87
18
30
9
14
9
94
9
44
15
23
9
99
9
94
9
94
9
99
9
94
0
92
0
60
9
44
9
14
9
14
9
44
9
64
9
99
9
14
13
25
9
14
14
56
15
87
14
56
17
29
9
44
9
64
9
94
9
74
15
87
9
34
18
30
9
64
9
14
9
14
9
34
14
56
9
14
13
25
0
80
9
74
16
88
14
56
9
14
9
64
9
44
9
47
14
26
9
71
9
34
0
40
16
88
19
31
9
99
9
94
16
58
9
74
9
99
9
99
9
74
15
87
9
74
9
74
17
89
9
34
9
99
9
64
9
99
9
64
16
88
16
28
9
14
15
57
9
64
9
34
9
74
9
99
9
74
9
14
0
90
18
30
9
33
9
34
16
28
9
74
9
74
9
94
9
44
9
74
9
44
15
57
9
74
9
14
0
30
9
14
9
64
9
94
9
34
9
64
14
26
9
14
9
94
9
99
0
90
15
87
9
44
9
94
9
74
9
99
9
14
9
34
9
94
16
58
18
90
15
87
9
74
19
61
9
99
9
34
9
99
9
34
9
74
9
94
9
94
9
14
16
88
16
88
9
99
0
70
9
64
9
64
18
22
19
91
9
64
9
99
9
44
9
94
9
99
9
34
9
74
9
14
9
14
9
64
15
57
14
26
9
34
16
58
9
64
9
99
17
29
9
74
9
34
9
14
9
94
9
44
9
14
14
56
9
34
9
34
9
34
9
34
9
34
9
94
9
99
9
34
9
34
16
88
18
60
9
34
9
99
9
64
14
56
9
14
9
74
15
27
15
27
13
25
9
99
18
60
9
99
9
14
9
94
9
44
9
86
9
99
9
44
9
99
9
94
9
74
0
70
9
34
9
34
9
99
9
44
16
58
9
44
9
94
9
34
9
44
9
74
9
74
17
59
9
74
9
44
15
27
9
44
9
14
19
61
9
74
16
58
9
14
9
64
3
29
14
26
18
90
15
27
9
44
3
79
9
44
9
99
9
44
9
64
9
14
9
94
4
39
17
59
19
61
17
89
9
44
18
30
9
94
9
34
9
44
19
61
16
28
9
44
9
14
9
94
9
74
9
64
9
44
9
44
9
34
9
64
9
94
17
89
9
34
9
74
9
62
9
99
9
14
9
44
9
34
9
74
18
60
9
99
0
80
9
99
9
34
16
88
17
29
19
31
9
34
9
99
17
59
9
64
18
30
18
60
9
14
9
94
17
89
9
99
9
41
9
99
13
55
9
74
13
25
9
64
15
87
16
88
17
29
9
44
19
31
9
99
17
59
9
99
1
79
9
93
9
34
9
99
15
57
16
81
16
58
9
34
14
56
9
64
9
14
3
39
9
99
14
26
9
74
16
58
9
64
2
78
9
14
0
10
9
34
9
44
9
99
9
44
9
99
9
64
9
99
9
34
9
99
9
34
9
94
9
99
9
74
9
44
9
64
9
94
14
26
15
57
1
39
9
34
9
14
9
64
0
0
9
44
9
34
9
14
13
25
9
34
9
74
15
57
9
64
13
55
14
56
16
28
9
99
13
55
9
64
9
14
9
44
9
14
0
40
15
57
18
60
9
34
1
49
13
25
9
34
9
34
9
74
9
94
9
64
9
94
9
94
9
34
18
82
15
87
18
60
9
14
9
14
18
60
9
34
9
44
14
86
9
14
9
94
9
74
9
64
9
14
15
27
9
14
9
94
9
99
9
99
9
11
18
30
9
74
9
64
9
99
9
99
9
14
13
25
9
64
18
90
9
94
9
99
9
44
13
55
9
74
9
99
9
44
9
99
9
74
9
94
9
44
9
14
9
99
9
14
9
14
9
34
9
44
16
28
15
57
0
50
17
59
9
99
15
87
19
79
15
87
9
74
9
94
16
88
9
14
9
94
0
30
15
81
17
29
9
18
9
74
9
74
9
94
9
14
9
94
9
44
17
59
9
99
18
60
9
44
15
87
16
28
9
14
9
74
9
64
19
61
17
89
9
94
9
64
16
58
9
44
9
14
9
64
9
99
9
64
9
34
9
74
9
44
9
64
9
99
9
74
9
34
9
73
9
94
9
64
14
86
16
58
14
86
0
60
9
94
9
14
9
64
9
64
1
40
9
17
16
28
9
64
17
89
2
14
16
58
9
74
18
60
15
22
9
94
19
31
18
60
17
89
9
74
9
73
19
31
9
99
15
57
9
94
9
94
9
34
16
58
9
14
9
94
9
64
13
55
17
29
1
9
9
64
9
44
1
49
9
44
9
44
17
89
9
44
16
28
9
94
15
27
9
99
9
44
18
30
16
58
14
26
9
14
9
34
9
56
9
14
19
21
16
58
9
99
9
34
0
40
13
85
9
14
9
99
9
99
9
99
9
64
9
78
9
34
9
34
9
99
9
14
9
99
9
14
16
28
18
90
15
57
17
59
9
14
9
74
9
34
9
44
9
34
18
90
19
31
9
94
9
14
9
44
16
58
9
99
16
28
9
14
9
44
9
14
9
99
9
14
9
94
9
34
9
44
1
59
9
43
9
14
17
59
9
99
9
64
14
26
9
64
9
94
9
64
9
14
9
94
16
28
0
50
17
59
15
27
9
64
9
99
0
10
0
50
16
28
9
64
9
14
9
74
9
34
9
64
16
88
9
62
9
99
9
34
0
50
9
76
9
99
9
14
9
44
9
44
9
64
9
14
9
14
9
14
14
86
14
26
9
64
15
87
16
58
16
28
9
99
0
30
3
39
9
74
9
44
17
89
9
44
9
44
9
14
9
64
13
55
9
34
0
80
15
27
9
44
9
34
16
28
9
94
9
44
9
64
17
29
9
74
9
14
9
87
19
91
1
59
9
44
1
59
0
80
9
99
9
74
9
74
15
27
15
87
9
94
9
34
