8
26
8
50
9
89
9
42
8
97
9
92
9
72
6
19
9
99
8
18
6
9
9
99
9
71
9
92
7
89
8
70
7
79
6
49
9
88
9
38
9
12
9
20
9
97
6
99
8
70
8
57
7
99
9
18
8
50
6
49
8
76
7
29
8
68
6
17
7
79
6
39
7
79
9
21
9
31
8
60
9
17
7
39
6
99
7
29
8
80
9
79
10
82
8
78
8
36
8
70
6
8
6
89
8
49
8
10
8
99
9
81
9
69
0
20
9
81
9
59
8
30
9
12
9
68
8
36
8
50
9
58
10
22
7
39
8
80
9
87
8
70
9
72
8
90
8
60
6
89
6
89
7
59
6
19
8
59
7
49
9
58
8
16
9
31
7
18
8
99
8
80
7
76
9
42
7
79
8
80
9
29
6
78
9
92
9
99
6
59
6
49
9
32
6
49
8
30
9
98
7
58
8
30
6
49
6
39
0
70
9
17
9
99
6
67
9
99
8
8
9
98
8
87
9
38
7
59
9
18
9
48
6
7
6
87
8
20
9
99
7
17
9
29
8
6
7
59
9
57
9
99
9
47
6
66
9
28
9
61
0
60
9
51
7
68
7
39
8
36
7
19
9
37
8
50
9
7
7
29
9
61
6
29
8
28
6
59
7
19
9
41
6
9
8
28
6
7
8
16
9
60
7
29
8
50
6
9
7
38
7
59
6
16
9
72
0
10
8
90
9
49
9
69
9
99
9
11
6
3
9
51
0
20
10
82
9
62
6
59
6
78
9
91
8
50
9
61
8
39
6
69
7
19
8
20
10
82
9
21
9
61
10
82
8
70
6
29
6
99
7
49
7
9
8
56
8
26
9
10
9
50
9
21
7
69
8
99
10
22
7
89
9
91
7
29
6
49
9
41
7
19
7
26
6
59
6
59
10
52
7
19
9
30
8
90
9
71
6
17
9
88
6
89
9
32
9
32
8
97
6
89
9
8
9
48
7
89
9
70
9
91
6
89
7
89
6
99
7
57
7
89
6
69
8
80
9
32
9
27
8
40
9
91
6
69
8
50
6
76
9
90
6
9
9
72
7
17
7
69
9
70
9
70
9
27
9
91
6
89
9
40
0
10
7
21
8
97
9
51
7
29
7
77
6
19
7
39
9
61
9
27
8
56
8
10
7
89
7
56
7
29
9
49
7
99
9
28
7
66
7
79
9
99
6
92
6
57
7
89
6
19
9
61
9
20
8
67
8
66
8
10
9
91
7
49
9
91
9
58
8
6
8
30
7
29
9
59
8
10
8
78
5
28
6
59
9
90
9
81
8
46
9
37
8
78
7
86
9
18
6
28
7
9
8
50
6
9
10
82
7
89
7
66
9
18
6
18
7
9
6
57
10
52
7
98
9
62
6
31
9
11
9
31
7
99
7
39
0
40
9
99
9
97
8
6
2
9
9
21
6
66
7
49
9
38
9
87
9
7
8
40
9
51
6
9
8
10
9
48
9
12
8
50
9
59
3
27
8
29
8
60
6
87
6
87
7
48
7
29
8
40
8
90
8
97
6
57
7
46
8
46
7
8
6
39
9
69
6
66
7
92
9
67
9
98
8
30
7
19
7
19
9
19
8
66
8
86
7
9
8
78
9
21
9
12
9
92
7
39
6
23
8
97
7
89
9
87
6
98
6
89
0
92
0
60
9
42
9
11
8
10
9
39
6
64
9
99
6
9
6
16
7
6
9
47
9
78
8
47
8
20
7
39
9
62
7
86
6
69
6
78
7
26
9
21
8
56
9
11
7
8
6
29
8
47
8
10
6
16
0
80
9
71
7
79
9
47
7
9
9
61
7
39
9
47
9
17
9
71
8
27
0
40
7
79
10
22
9
99
9
92
9
49
8
70
6
99
7
96
7
68
7
78
7
67
9
67
8
80
7
26
7
99
8
60
9
99
9
58
7
79
7
19
8
10
6
49
9
62
9
32
8
70
6
98
8
68
9
9
0
90
9
21
9
33
6
27
9
19
8
70
9
72
6
89
7
39
7
69
6
39
6
49
7
69
9
11
0
30
8
10
7
56
9
90
6
27
9
61
8
17
8
10
9
91
6
98
0
90
6
78
7
39
9
90
9
67
9
99
9
11
6
29
6
89
7
49
9
81
6
79
6
69
10
52
9
97
6
29
9
99
8
30
8
67
9
90
6
89
8
10
7
79
7
79
7
99
0
70
6
59
6
59
9
23
10
82
9
61
8
99
8
40
7
89
6
99
9
31
6
69
8
10
6
9
7
59
9
48
9
17
6
27
7
49
6
59
6
99
8
20
9
72
8
27
8
10
9
90
8
40
8
10
7
47
7
29
9
32
9
29
9
29
8
30
9
92
8
97
8
26
8
30
7
79
9
51
9
29
9
97
8
59
7
47
9
11
9
70
7
18
7
18
8
16
9
99
9
51
7
99
6
8
9
91
6
37
6
91
9
99
9
42
8
96
8
90
6
69
0
70
8
28
8
30
9
99
7
39
7
49
7
36
9
91
6
29
9
38
7
69
9
71
8
50
6
69
8
36
9
18
9
41
6
9
10
52
9
72
7
49
6
9
7
59
3
26
9
17
9
81
6
18
7
38
3
79
6
39
7
99
9
37
9
60
6
9
7
89
4
39
8
50
10
52
8
80
6
39
9
21
7
89
6
26
6
39
10
52
7
19
6
39
9
11
7
89
9
70
7
58
7
39
7
39
7
29
9
59
9
87
9
80
9
32
6
69
9
62
9
99
6
9
9
42
9
32
9
71
9
51
8
98
0
80
9
99
9
29
7
79
8
20
10
22
8
30
9
99
8
50
6
56
9
21
9
51
9
7
8
86
8
80
7
99
9
41
6
99
8
46
6
67
6
16
7
57
9
78
9
79
8
20
9
38
10
22
9
99
8
50
9
99
1
78
7
93
8
28
7
99
7
48
7
84
9
49
8
30
7
47
8
60
7
6
3
37
9
99
8
17
6
69
7
49
8
57
2
78
9
10
0
10
8
30
9
42
9
99
8
37
6
96
9
60
8
99
7
28
6
99
8
26
6
89
9
99
8
66
8
36
7
59
7
89
9
17
6
49
1
39
7
29
9
7
9
58
0
0
8
40
6
26
9
12
8
16
9
31
9
71
6
48
6
58
8
46
6
47
9
19
9
99
8
46
9
61
6
9
9
41
9
8
0
40
9
48
9
51
6
26
1
46
8
16
9
30
7
29
8
70
6
89
7
59
9
92
6
87
6
28
9
83
9
78
9
51
9
8
7
7
9
51
8
30
9
41
9
77
7
6
7
89
8
70
9
59
8
10
6
19
6
9
7
89
7
99
8
99
9
11
9
21
7
67
8
60
6
96
6
99
9
8
8
16
9
61
9
81
9
92
7
97
9
38
6
46
9
69
9
99
7
37
9
99
9
72
9
92
7
39
8
10
7
99
6
9
6
9
7
29
7
37
7
19
7
48
0
50
9
50
6
99
6
79
10
81
6
78
6
69
6
89
9
79
9
10
9
88
0
30
6
81
8
20
9
18
9
69
6
69
6
89
7
9
8
90
8
36
8
50
7
99
9
51
7
36
6
79
7
19
8
9
7
69
9
57
10
52
8
80
6
89
9
61
9
49
9
40
9
11
8
59
6
99
9
57
7
28
7
67
9
41
8
60
8
98
9
71
6
29
9
73
6
89
7
59
7
77
7
49
6
77
0
60
7
89
9
7
6
59
8
60
1
40
9
17
7
19
8
59
8
80
2
14
9
49
7
69
9
51
6
22
6
89
10
22
9
51
9
80
6
69
9
73
10
22
8
99
6
49
8
86
9
87
8
26
7
49
9
11
9
91
8
57
8
46
8
20
1
9
9
59
7
36
1
49
8
40
9
41
8
80
9
42
7
19
8
89
6
19
9
98
7
39
9
21
7
49
8
17
7
9
6
29
8
56
9
8
10
21
7
49
9
97
8
30
0
40
7
76
9
10
7
98
8
99
9
97
9
62
7
78
7
29
7
29
6
96
9
7
6
97
6
6
9
19
9
81
6
49
9
50
8
8
6
69
8
29
6
39
9
31
9
81
10
22
8
89
8
10
9
41
9
49
9
99
8
19
8
6
7
39
9
7
8
99
9
12
9
92
8
26
9
38
1
59
8
43
9
9
8
50
9
99
9
61
9
17
9
61
9
89
9
58
7
9
9
90
7
19
0
50
8
50
6
19
9
62
9
99
0
10
0
50
9
19
7
57
9
12
6
69
8
28
8
60
9
79
9
62
8
96
8
30
0
50
9
76
9
99
7
9
6
38
6
39
9
60
6
9
9
11
6
9
7
77
7
17
9
61
8
78
8
49
7
19
6
97
0
30
3
39
9
68
8
40
8
80
8
36
8
40
7
9
7
59
6
46
7
29
0
80
6
18
7
36
6
27
7
19
9
92
9
38
8
59
9
20
6
69
8
9
7
87
10
82
1
57
8
40
1
58
0
80
7
98
6
69
7
67
6
19
9
78
9
89
6
29
