9
34
16
58
9
94
9
44
9
99
9
94
9
74
14
26
9
99
14
26
9
14
9
99
9
74
9
94
9
94
9
74
15
87
14
56
9
94
9
44
9
14
16
28
9
99
9
99
9
74
9
64
9
99
14
26
16
58
14
56
12
84
9
34
9
74
13
25
15
87
9
44
15
87
17
29
9
34
9
64
13
25
9
44
9
99
9
34
16
88
15
87
18
90
14
86
9
44
9
74
9
14
9
94
15
57
9
14
9
99
17
89
9
74
0
20
17
89
9
64
9
34
9
14
9
74
9
44
16
58
9
64
18
30
9
44
16
88
9
94
9
74
9
74
9
94
9
64
9
94
9
94
9
64
14
26
9
64
15
57
9
64
12
24
9
34
14
26
9
99
16
88
12
84
9
44
15
87
16
88
9
34
14
86
9
94
9
99
9
64
14
56
9
34
14
56
9
34
9
99
9
64
9
34
14
56
9
44
0
70
13
25
9
99
9
67
9
99
9
8
9
99
9
94
9
44
9
64
14
26
14
56
9
14
9
94
16
28
9
99
13
25
9
34
9
14
9
64
9
64
9
99
13
55
9
74
9
34
9
64
0
60
17
59
9
74
9
44
9
44
15
27
9
44
16
58
9
14
9
34
9
64
9
34
9
34
9
64
15
27
9
44
9
14
9
34
9
14
12
24
9
64
9
34
16
58
9
14
9
44
9
64
12
24
9
74
0
10
9
94
15
57
9
74
9
99
9
14
9
3
17
59
0
20
18
90
9
64
9
64
14
86
9
94
16
58
9
64
9
44
9
74
15
27
16
28
18
90
17
29
9
64
18
90
9
74
9
34
9
99
15
57
9
14
9
64
9
34
9
14
16
58
17
29
9
74
9
99
18
30
9
94
9
94
9
34
14
56
9
44
15
27
9
34
9
64
9
64
18
60
15
27
9
34
9
94
9
74
13
25
9
94
9
94
9
34
9
34
9
99
9
94
9
14
14
56
9
94
9
74
9
94
9
94
9
94
9
99
9
64
9
94
9
74
16
88
9
34
9
34
9
44
9
94
9
74
16
58
12
84
9
94
9
14
9
74
13
25
9
74
9
74
9
74
9
34
9
94
9
94
9
44
0
10
15
21
9
99
17
59
9
34
13
85
14
26
9
44
9
64
9
34
9
64
9
14
9
94
9
64
9
34
15
57
9
99
9
34
9
74
15
87
9
99
9
92
9
64
9
94
14
26
9
64
16
28
9
74
9
74
9
14
9
94
15
57
9
94
9
64
9
14
9
34
9
34
9
64
9
14
14
86
9
28
9
64
9
94
17
89
12
54
9
44
14
86
9
94
14
26
9
34
9
14
16
58
9
14
18
90
9
94
9
74
14
26
14
26
9
14
9
64
18
60
9
99
9
64
9
31
9
14
9
34
9
99
9
44
0
40
9
99
9
99
9
14
2
9
17
29
9
74
15
57
9
44
9
94
9
14
9
44
17
59
9
14
9
14
14
56
9
14
16
58
9
64
3
29
9
34
9
64
9
94
9
94
14
56
9
34
9
44
9
94
9
99
9
64
12
54
12
54
9
14
9
44
9
74
9
74
9
92
9
74
9
99
9
34
15
27
15
27
15
27
9
74
9
94
9
14
14
86
17
29
9
14
9
94
9
44
14
23
9
99
9
94
9
94
9
99
9
94
0
92
0
60
9
44
9
14
9
14
9
44
9
64
9
99
9
14
12
24
9
14
13
55
14
86
13
55
16
28
9
44
9
64
9
94
9
74
14
86
9
34
17
29
9
64
9
14
9
14
9
34
13
55
9
14
12
24
0
80
9
74
15
87
13
55
9
14
9
64
9
44
9
47
13
25
9
71
9
34
0
40
15
87
18
30
9
99
9
94
15
57
9
74
9
99
9
99
9
74
14
86
9
74
9
74
16
88
9
34
9
99
9
64
9
99
9
64
15
87
15
27
9
14
14
56
9
64
9
34
9
74
9
99
9
74
9
14
0
90
17
29
9
33
9
34
15
27
9
74
9
74
9
94
9
44
9
74
9
44
14
56
9
74
9
14
0
30
9
14
9
64
9
94
9
34
9
64
13
25
9
14
9
94
9
99
0
90
14
86
9
44
9
94
9
74
9
99
9
14
9
34
9
94
15
57
17
89
14
86
9
74
18
60
9
99
9
34
9
99
9
34
9
74
9
94
9
94
9
14
15
87
15
87
9
99
0
70
9
64
9
64
17
22
18
90
9
64
9
99
9
44
9
94
9
99
9
34
9
74
9
14
9
14
9
64
14
56
13
25
9
34
15
57
9
64
9
99
16
28
9
74
9
34
9
14
9
94
9
44
9
14
13
55
9
34
9
34
9
34
9
34
9
34
9
94
9
99
9
34
9
34
15
87
17
59
9
34
9
99
9
64
13
55
9
14
9
74
14
26
14
26
12
24
9
99
17
59
9
99
9
14
9
94
9
44
9
86
9
99
9
44
9
99
9
94
9
74
0
70
9
34
9
34
9
99
9
44
15
57
9
44
9
94
9
34
9
44
9
74
9
74
16
58
9
74
9
44
14
26
9
44
9
14
18
60
9
74
15
57
9
14
9
64
3
29
13
25
17
89
14
26
9
44
3
79
9
44
9
99
9
44
9
64
9
14
9
94
4
39
16
58
18
60
16
88
9
44
17
29
9
94
9
34
9
44
18
60
15
27
9
44
9
14
9
94
9
74
9
64
9
44
9
44
9
34
9
64
9
94
16
88
9
34
9
74
9
62
9
99
9
14
9
44
9
34
9
74
17
59
9
99
0
80
9
99
9
34
15
87
16
28
18
30
9
34
9
99
16
58
9
64
17
29
17
59
9
14
9
94
16
88
9
99
9
41
9
99
12
54
9
74
12
24
9
64
14
86
15
87
16
28
9
44
18
30
9
99
16
58
9
99
1
79
9
93
9
34
9
99
14
56
15
81
15
57
9
34
13
55
9
64
9
14
3
39
9
99
13
25
9
74
15
57
9
64
2
78
9
14
0
10
9
34
9
44
9
99
9
44
9
99
9
64
9
99
9
34
9
99
9
34
9
94
9
99
9
74
9
44
9
64
9
94
13
25
14
56
1
39
9
34
9
14
9
64
0
0
9
44
9
34
9
14
12
24
9
34
9
74
14
56
9
64
12
54
13
55
15
27
9
99
12
54
9
64
9
14
9
44
9
14
0
40
14
56
17
59
9
34
1
49
12
24
9
34
9
34
9
74
9
94
9
64
9
94
9
94
9
34
17
82
14
86
17
59
9
14
9
14
17
59
9
34
9
44
13
85
9
14
9
94
9
74
9
64
9
14
14
26
9
14
9
94
9
99
9
99
9
11
17
29
9
74
9
64
9
99
9
99
9
14
12
24
9
64
17
89
9
94
9
99
9
44
12
54
9
74
9
99
9
44
9
99
9
74
9
94
9
44
9
14
9
99
9
14
9
14
9
34
9
44
15
27
14
56
0
50
16
58
9
99
14
86
18
80
14
86
9
74
9
94
15
87
9
14
9
94
0
30
14
81
16
28
9
18
9
74
9
74
9
94
9
14
9
94
9
44
16
58
9
99
17
59
9
44
14
86
15
27
9
14
9
74
9
64
18
60
16
88
9
94
9
64
15
57
9
44
9
14
9
64
9
99
9
64
9
34
9
74
9
44
9
64
9
99
9
74
9
34
9
73
9
94
9
64
13
85
15
57
13
85
0
60
9
94
9
14
9
64
9
64
1
40
9
17
15
27
9
64
16
88
2
14
15
57
9
74
17
59
14
22
9
94
18
30
17
59
16
88
9
74
9
73
18
30
9
99
14
56
9
94
9
94
9
34
15
57
9
14
9
94
9
64
12
54
16
28
1
9
9
64
9
44
1
49
9
44
9
44
16
88
9
44
15
27
9
94
14
26
9
99
9
44
17
29
15
57
13
25
9
14
9
34
9
56
9
14
18
21
15
57
9
99
9
34
0
40
12
84
9
14
9
99
9
99
9
99
9
64
9
78
9
34
9
34
9
99
9
14
9
99
9
14
15
27
17
89
14
56
16
58
9
14
9
74
9
34
9
44
9
34
17
89
18
30
9
94
9
14
9
44
15
57
9
99
15
27
9
14
9
44
9
14
9
99
9
14
9
94
9
34
9
44
1
59
9
43
9
14
16
58
9
99
9
64
13
25
9
64
9
94
9
64
9
14
9
94
15
27
0
50
16
58
14
26
9
64
9
99
0
10
0
50
15
27
9
64
9
14
9
74
9
34
9
64
15
87
9
62
9
99
9
34
0
50
9
76
9
99
9
14
9
44
9
44
9
64
9
14
9
14
9
14
13
85
13
25
9
64
14
86
15
57
15
27
9
99
0
30
3
39
9
74
9
44
16
88
9
44
9
44
9
14
9
64
12
54
9
34
0
80
14
26
9
44
9
34
15
27
9
94
9
44
9
64
16
28
9
74
9
14
9
87
18
90
1
59
9
44
1
59
0
80
9
99
9
74
9
74
14
26
14
86
9
94
9
34
