8
70
8
79
7
99
9
87
7
29
6
49
9
31
8
60
7
26
7
69
9
92
6
69
6
89
6
79
7
49
8
10
8
40
6
26
7
61
9
20
9
10
9
51
8
10
7
39
7
87
9
79
10
22
9
21
6
99
9
61
9
51
9
99
9
72
7
9
9
99
8
99
8
70
6
99
7
37
7
64
7
89
6
79
7
26
9
99
6
69
9
29
9
32
7
79
6
38
6
49
9
19
9
21
8
50
9
97
10
22
8
10
9
11
6
69
0
80
9
60
8
60
0
0
9
91
0
50
6
49
7
93
7
39
9
41
9
91
9
87
6
44
9
61
6
9
6
9
9
99
9
37
9
21
8
70
8
90
8
56
9
72
7
79
9
58
7
38
9
29
9
29
9
40
7
79
9
72
9
71
6
59
8
30
6
16
6
99
6
68
9
81
8
90
8
99
8
90
7
39
9
18
9
89
6
69
9
87
9
71
6
29
9
21
6
49
8
56
8
80
8
20
6
28
9
11
8
26
8
80
6
39
8
96
6
99
7
19
9
81
8
10
6
79
8
48
6
29
9
99
9
31
7
9
7
6
8
27
7
89
8
20
8
40
9
72
8
70
6
79
8
96
8
26
6
16
7
59
7
9
7
19
9
81
9
99
6
28
7
58
7
89
7
96
6
9
9
81
6
59
9
20
6
9
8
6
9
71
7
17
7
99
7
39
3
0
7
19
8
50
9
42
9
71
7
79
9
99
8
66
7
67
7
49
6
69
8
99
9
91
6
78
8
32
7
99
6
9
9
91
7
87
7
49
0
30
9
21
9
91
7
86
6
49
9
9
9
27
8
37
6
8
8
90
6
69
6
19
7
79
10
22
8
35
7
66
6
99
0
90
8
7
9
8
7
29
6
39
7
27
9
91
9
90
9
30
9
89
7
19
9
68
8
17
9
31
6
59
9
50
8
56
9
58
6
46
9
72
9
42
8
77
9
89
7
9
8
8
7
59
6
8
8
36
0
40
9
41
7
99
9
71
6
59
7
89
8
42
6
39
0
0
6
36
8
49
7
36
6
16
8
46
9
61
6
89
8
90
9
71
6
39
6
7
9
67
6
39
0
90
8
17
8
57
9
29
6
17
6
6
9
41
8
7
9
81
8
99
7
49
0
30
6
89
7
69
7
79
9
47
10
22
8
99
9
29
9
49
6
89
9
61
7
49
9
81
6
89
6
27
8
50
6
69
6
57
6
99
1
61
8
20
7
29
9
70
8
90
9
13
6
9
8
99
6
89
8
70
8
56
6
59
3
79
4
27
9
60
9
39
7
39
6
97
9
3
6
89
7
79
6
39
9
1
9
51
7
69
9
32
6
49
8
10
6
29
9
77
9
21
7
9
6
76
7
48
6
96
7
78
9
21
6
89
1
61
8
0
9
68
9
12
9
21
9
3
9
88
8
70
9
38
1
21
6
29
8
36
9
49
9
40
0
60
7
7
8
70
8
9
7
19
10
82
9
12
7
71
7
19
7
91
2
49
7
7
9
18
6
29
7
89
7
27
7
26
9
77
9
18
9
71
8
66
3
59
9
30
9
9
9
88
9
68
8
86
2
64
8
86
9
28
9
39
6
51
6
49
7
29
9
81
8
36
6
19
1
19
8
20
7
6
7
89
9
78
7
38
8
2
9
99
9
67
8
60
8
28
9
99
6
68
8
70
9
99
8
57
9
42
8
60
9
9
8
12
8
40
6
19
6
78
9
92
9
8
6
49
9
71
4
50
6
9
9
99
9
99
0
68
6
9
7
19
6
59
9
77
9
60
7
27
8
90
8
50
7
59
2
67
6
57
1
36
9
47
8
10
9
21
6
76
6
79
8
90
9
69
6
61
8
28
10
82
7
48
9
81
2
1
8
86
9
62
6
59
7
91
9
30
9
59
8
97
8
15
6
99
6
59
7
17
2
1
9
48
9
7
1
59
7
79
8
38
8
29
8
95
9
91
9
81
7
39
6
9
8
30
6
68
6
83
8
67
8
30
6
49
6
89
6
77
2
29
8
50
10
22
9
31
1
19
7
9
8
81
8
18
9
90
0
65
9
99
9
8
9
61
6
77
9
59
9
89
3
49
7
76
9
41
6
71
7
49
9
98
8
39
9
30
7
39
8
28
9
99
9
61
6
29
9
60
9
9
6
89
8
50
6
19
6
89
0
20
8
40
8
10
9
81
7
39
6
29
9
51
9
49
6
86
8
50
8
40
0
30
8
76
9
31
9
30
8
20
8
99
8
70
9
61
8
30
6
19
2
39
8
46
7
59
6
86
7
89
1
59
8
99
8
38
8
79
2
59
6
61
7
49
9
57
8
36
6
69
9
99
1
37
6
67
9
69
9
29
7
9
10
23
6
24
9
69
9
47
9
91
8
8
1
59
0
2
9
99
9
61
7
97
10
22
10
82
8
10
10
52
9
32
6
19
8
43
4
41
8
10
4
60
6
39
8
7
6
62
9
91
9
46
7
88
6
24
6
39
8
21
9
38
2
19
8
11
6
69
9
32
3
77
9
91
8
58
8
93
7
89
9
99
9
72
6
79
9
47
1
58
6
69
9
9
6
29
0
70
7
56
1
19
9
97
9
34
9
90
7
89
9
79
9
38
8
46
6
89
9
32
8
60
9
72
6
9
9
31
9
38
3
89
9
8
7
49
1
9
9
72
9
68
9
57
8
89
10
22
7
27
9
12
8
70
6
29
0
58
6
29
6
87
8
79
6
2
7
26
9
17
7
66
9
12
9
62
9
51
7
89
8
69
3
56
7
99
7
29
3
91
6
96
8
66
9
89
8
90
8
90
8
50
8
26
6
86
7
9
9
29
9
51
8
20
9
81
8
60
2
78
6
18
7
89
8
49
7
56
1
49
7
49
8
26
6
9
9
71
9
47
8
20
9
71
8
97
9
9
8
10
9
20
8
87
9
28
9
21
9
18
10
82
6
18
7
16
3
89
9
99
8
48
6
58
9
81
6
9
8
60
6
79
6
56
8
12
6
39
9
91
8
86
8
95
2
9
8
35
6
79
9
38
8
40
8
99
9
11
7
68
7
99
7
9
6
66
6
16
8
60
7
69
1
29
8
68
8
60
8
17
0
85
7
29
6
19
8
96
10
82
9
97
6
99
6
39
9
21
7
66
9
31
6
79
7
59
9
42
9
11
9
31
6
39
9
32
9
32
10
52
7
49
7
57
7
69
8
29
8
76
6
49
6
59
9
51
8
96
6
69
9
71
9
12
6
49
9
38
8
57
3
71
6
49
8
87
8
99
6
19
6
76
6
17
6
19
9
71
9
8
9
21
9
41
6
6
7
72
8
98
9
10
9
59
1
18
6
99
9
60
0
60
6
49
9
91
8
70
9
76
0
30
9
11
7
69
7
99
2
69
9
97
6
69
9
8
0
11
6
68
1
59
9
98
8
49
8
20
8
30
9
99
8
87
9
61
9
31
6
69
7
28
9
58
6
98
8
56
7
99
9
21
9
90
9
81
6
89
7
69
6
7
1
19
4
21
9
81
6
57
6
79
6
2
8
67
6
29
3
69
7
99
3
59
10
52
8
30
8
40
7
9
6
29
8
80
6
59
9
41
8
99
8
40
9
62
6
19
9
92
9
8
7
19
7
19
8
10
9
39
1
1
9
47
1
12
2
9
9
99
7
9
6
49
7
99
9
27
9
81
9
7
9
62
8
66
10
22
7
92
9
99
6
26
9
47
7
99
6
49
9
18
6
99
7
79
10
22
6
19
9
99
8
66
6
57
9
68
3
98
3
86
9
91
9
11
9
70
9
69
7
1
6
9
7
49
8
30
3
81
4
9
9
11
8
30
0
30
9
27
8
78
0
22
10
22
10
52
7
14
8
96
6
89
7
59
0
29
0
16
7
99
6
77
6
49
7
97
8
97
6
29
7
21
4
69
9
61
0
59
6
39
9
74
9
98
9
71
7
69
7
39
6
99
9
21
7
69
1
8
7
96
9
91
9
12
9
99
9
33
8
69
3
9
6
8
7
99
9
8
6
86
8
90
9
99
4
57
6
48
8
32
9
29
1
69
9
67
6
86
6
9
6
19
6
57
7
9
9
14
6
69
9
99
4
44
7
19
0
60
8
20
1
79
7
49
9
92
9
29
9
51
7
18
9
8
6
19
9
62
8
80
8
50
7
49
9
70
8
16
8
28
9
53
8
40
6
99
8
86
9
99
9
67
0
40
8
50
7
46
6
69
0
4
7
89
9
47
7
8
9
92
8
76
9
4
7
79
7
89
6
79
9
78
6
49
6
19
8
80
6
99
2
24
6
89
7
37
6
99
9
50
9
47
8
92
9
9
7
68
0
70
6
49
6
68
9
40
8
97
6
59
8
10
6
59
7
68
9
19
6
19
7
76
8
10
2
71
4
75
6
69
8
75
8
19
9
92
9
50
7
77
7
99
6
89
9
49
7
64
8
17
9
97
10
82
9
62
9
39
6
46
7
69
