9
74
14
86
9
99
9
94
9
34
13
55
9
34
9
64
9
33
9
74
9
94
9
74
9
94
13
85
14
56
9
14
9
44
9
33
9
56
15
27
9
14
16
58
9
14
9
44
9
94
14
86
17
29
16
28
9
99
9
64
16
58
9
99
9
74
9
14
9
99
9
99
9
74
9
99
9
44
9
57
9
94
13
85
9
33
9
99
9
74
9
34
9
34
14
86
9
44
13
55
14
26
16
28
15
57
9
99
17
29
9
14
9
14
9
74
0
80
9
64
9
64
0
0
9
94
0
50
13
55
9
86
9
44
9
44
9
94
9
94
9
37
9
64
9
14
9
14
9
99
9
37
16
28
9
74
9
94
9
63
9
74
14
86
9
64
9
44
9
34
9
34
9
44
14
86
9
74
9
74
9
64
9
34
11
23
9
99
9
74
16
88
9
94
9
99
9
94
9
44
13
25
9
94
9
74
9
94
9
74
9
34
16
28
13
55
9
63
15
87
15
27
9
28
9
14
9
33
15
87
9
44
9
99
9
99
14
26
16
88
9
14
13
85
13
55
9
34
9
99
9
34
9
14
9
13
9
34
9
94
15
27
9
44
9
74
9
74
13
85
9
99
9
33
11
23
9
64
9
14
14
26
16
88
9
99
9
34
9
64
9
94
9
99
9
14
16
88
9
64
15
27
9
14
9
13
9
74
12
24
9
99
9
44
3
0
14
26
15
57
9
44
9
74
14
86
9
99
9
73
9
74
14
56
9
74
9
99
9
94
13
85
9
32
9
99
9
14
9
94
9
94
14
56
0
30
16
28
9
94
9
93
13
55
9
14
9
34
9
44
9
14
9
94
9
74
13
25
14
86
17
29
8
35
9
73
9
99
0
90
9
7
9
14
9
34
9
44
9
34
9
94
9
94
9
34
9
94
14
26
9
74
12
24
9
34
9
64
15
57
9
63
9
64
11
53
9
74
9
44
12
84
9
94
9
14
9
14
9
64
9
14
9
43
0
40
9
44
9
99
9
74
9
64
9
94
9
42
9
44
0
0
9
43
14
56
9
43
11
23
11
53
9
64
9
94
9
94
9
74
9
44
9
14
9
74
9
44
0
90
12
24
9
64
9
26
12
24
9
13
9
44
9
14
16
88
9
99
14
56
0
30
9
94
9
74
14
86
12
54
17
29
9
99
9
34
14
56
9
94
9
64
14
56
16
88
9
94
9
34
15
57
9
74
9
64
9
99
1
61
15
27
9
34
9
74
9
94
9
13
9
14
9
99
9
94
9
74
9
63
9
64
3
79
4
29
9
64
9
44
9
44
9
99
9
3
9
94
14
86
9
44
9
1
16
58
9
74
9
34
13
55
9
14
9
34
12
84
16
28
9
14
11
83
13
55
9
99
13
85
16
21
9
94
1
61
9
0
9
74
9
14
16
28
9
3
9
88
9
74
9
44
1
21
9
34
9
43
14
56
9
44
0
60
9
14
9
74
9
14
14
26
17
89
9
14
9
66
14
26
9
91
2
49
9
14
13
25
9
34
9
94
9
27
9
33
12
84
9
18
9
74
9
73
3
59
9
34
9
14
9
94
9
74
9
93
2
61
9
93
9
28
9
44
9
46
13
55
9
34
16
88
9
43
13
25
1
19
15
27
9
13
9
94
13
85
9
44
9
2
9
99
9
74
9
64
9
28
9
99
9
74
9
74
9
99
9
57
9
44
9
64
9
14
9
12
9
44
13
25
13
85
9
94
9
8
13
55
9
74
4
50
9
14
9
99
9
99
0
68
9
14
14
26
9
64
12
84
9
64
9
34
9
94
15
57
9
64
2
69
9
64
1
39
12
54
9
14
16
28
11
83
13
85
9
94
9
74
9
61
9
34
17
89
9
48
16
81
2
1
9
93
9
64
9
64
9
86
9
34
9
64
9
99
8
15
9
99
9
64
12
24
2
1
9
48
9
14
1
59
14
86
9
44
9
34
8
95
9
94
16
88
9
44
9
14
9
34
9
74
13
82
9
74
9
34
13
55
9
94
12
84
2
29
15
57
17
29
9
34
1
19
9
14
15
81
13
25
9
94
0
65
9
99
9
14
9
64
12
84
9
64
9
94
3
49
11
83
9
44
9
66
14
56
9
99
9
44
9
34
9
44
9
34
9
99
9
64
9
34
9
64
9
14
9
94
15
57
13
25
9
94
0
20
9
44
9
14
16
88
9
44
9
34
16
58
14
56
9
93
15
57
9
44
0
30
11
83
9
34
9
34
15
27
9
99
9
74
9
64
9
34
13
25
2
39
11
53
9
64
9
93
9
94
1
59
9
99
9
44
14
86
2
59
9
56
14
56
9
64
9
43
9
74
9
99
1
39
9
74
9
74
9
34
9
14
17
23
13
22
9
74
12
54
9
94
9
8
1
59
0
2
9
99
9
64
9
99
17
29
17
82
9
14
17
59
9
34
13
25
9
43
4
41
9
14
4
60
9
44
9
14
9
56
9
94
9
46
9
94
13
22
9
40
15
21
9
44
2
19
9
11
9
74
9
34
3
79
9
94
9
64
9
93
9
94
9
99
9
74
13
85
12
54
1
59
9
74
9
14
9
34
0
70
9
63
1
19
9
99
9
34
9
94
9
94
14
86
9
44
11
53
9
94
9
32
9
64
9
74
9
14
9
34
9
44
3
89
9
14
14
56
1
9
9
74
9
74
9
64
9
89
17
29
9
34
9
14
9
74
9
34
0
58
9
34
9
94
14
86
9
4
9
33
9
17
9
73
9
14
9
62
16
58
9
94
9
74
3
59
9
99
9
34
3
91
9
99
9
73
9
94
9
94
9
94
15
57
9
33
9
93
9
14
9
26
16
58
15
27
16
88
9
64
2
78
13
25
9
94
14
56
9
63
1
49
14
56
9
33
9
14
9
74
12
54
15
27
9
74
9
99
9
14
9
14
15
27
9
94
9
34
16
28
13
25
17
89
13
25
11
23
3
89
9
99
13
55
9
64
16
81
9
14
9
64
13
85
9
56
9
12
9
44
9
94
9
93
8
95
2
9
8
35
13
85
9
44
9
44
9
99
9
14
9
74
9
99
9
14
9
73
11
23
9
64
9
74
1
29
9
74
9
64
12
24
0
85
9
34
13
25
9
99
17
89
9
99
9
99
9
44
16
28
9
73
9
34
13
85
9
64
9
44
9
14
9
34
9
44
9
34
9
34
17
59
14
56
9
64
9
74
9
34
11
83
13
55
9
64
16
58
9
99
9
74
9
74
9
14
13
55
9
44
9
64
3
71
13
55
9
94
9
99
13
25
11
83
12
24
13
25
9
74
9
14
16
28
9
44
9
13
9
72
9
99
9
14
9
64
1
19
9
99
9
64
0
60
13
55
9
94
9
74
9
76
0
30
9
14
9
74
9
99
2
69
9
97
9
74
9
14
0
11
9
68
1
59
9
99
14
56
15
27
9
34
9
99
9
94
9
64
9
34
9
74
9
28
9
64
9
98
9
63
9
99
16
28
9
94
16
88
9
94
9
74
9
14
1
19
4
21
16
88
9
64
13
85
9
2
9
67
9
34
3
69
9
99
3
59
17
59
9
34
9
44
9
14
9
34
15
87
9
64
9
44
9
99
9
44
9
64
13
25
9
94
9
8
14
26
14
26
9
14
9
44
1
1
12
54
1
12
2
9
9
99
9
14
13
55
9
99
9
34
16
88
9
14
9
64
9
73
17
29
9
86
9
99
9
33
12
54
9
99
13
55
13
25
9
99
14
86
17
29
13
25
9
99
9
73
9
64
9
74
3
99
3
89
9
94
9
14
9
74
9
74
9
0
9
14
14
56
9
34
3
81
4
9
9
14
9
26
0
30
9
34
9
78
0
22
17
29
17
59
9
13
9
99
9
94
9
64
0
29
0
16
9
99
12
84
13
55
9
99
9
97
9
34
14
21
4
69
9
64
0
59
9
44
9
74
9
99
9
74
9
74
9
44
9
99
16
28
9
74
1
8
9
99
9
91
9
14
9
99
9
33
9
74
3
9
9
14
9
99
9
8
9
93
9
86
9
99
4
59
13
55
9
32
9
34
1
69
9
74
9
93
9
14
13
25
9
64
9
14
9
14
9
74
9
99
4
41
14
26
0
60
15
27
1
79
14
56
9
92
9
34
16
58
13
25
9
14
13
25
9
64
15
87
15
57
14
56
9
74
11
23
9
34
16
51
9
44
9
99
9
93
9
99
9
74
0
40
15
57
11
53
9
74
0
4
9
94
12
54
9
14
9
94
11
83
9
4
14
86
9
94
13
85
13
85
13
55
13
25
15
87
9
99
2
24
9
94
9
37
9
99
15
57
12
54
9
92
9
14
9
74
0
70
13
55
9
68
9
44
9
99
9
64
9
14
9
64
9
74
14
26
13
25
11
83
9
14
2
71
4
75
9
74
8
75
14
26
9
94
15
57
12
84
9
99
9
94
9
49
9
63
12
24
9
99
17
82
9
64
9
44
11
53
9
74
