9
73
10
82
9
99
9
90
9
32
9
51
9
34
9
63
9
29
9
72
9
94
9
71
9
91
9
81
10
52
9
13
9
43
9
29
9
58
11
23
9
13
12
54
9
13
9
42
9
90
10
82
13
25
12
24
9
99
9
64
12
54
9
99
9
74
9
12
9
99
9
99
9
73
9
99
9
40
9
61
9
92
9
81
9
29
9
99
9
71
9
32
9
34
10
82
9
41
9
51
10
22
12
24
11
53
9
99
13
25
9
13
9
14
9
71
0
80
9
63
9
63
0
0
9
94
0
50
9
51
9
90
9
42
9
44
9
94
9
90
9
41
9
64
9
11
9
11
9
99
9
37
12
24
9
73
9
93
9
59
9
74
10
82
9
61
9
41
9
32
9
32
9
43
10
82
9
74
9
74
9
61
9
33
9
19
9
99
9
71
12
84
9
93
9
99
9
93
9
42
9
21
9
92
9
71
9
90
9
74
9
31
12
24
9
51
9
59
11
83
11
23
9
28
9
14
9
29
11
83
9
41
9
99
9
99
10
22
12
84
9
13
9
81
9
51
9
31
9
99
9
34
9
12
9
9
9
30
9
92
11
23
9
43
9
74
9
73
9
81
9
99
9
29
9
19
9
62
9
12
10
22
12
84
9
99
9
31
9
61
9
92
9
99
9
11
12
84
9
61
11
23
9
11
9
9
9
74
9
20
9
99
9
42
3
0
10
22
11
53
9
44
9
74
10
82
9
99
9
69
9
70
10
52
9
71
9
99
9
94
9
81
9
32
9
99
9
11
9
94
9
90
10
52
0
30
12
24
9
94
9
89
9
51
9
12
9
30
9
40
9
11
9
93
9
71
9
21
10
82
13
25
8
35
9
69
9
99
0
90
9
7
9
11
9
32
9
41
9
30
9
94
9
93
9
33
9
92
10
22
9
71
9
20
9
34
9
61
11
53
9
59
9
61
9
49
9
74
9
44
9
80
9
92
9
12
9
11
9
62
9
11
9
39
0
40
9
44
9
99
9
74
9
61
9
92
9
42
9
41
0
0
9
39
10
52
9
39
9
19
9
49
9
64
9
91
9
93
9
74
9
41
9
10
9
70
9
41
0
90
9
20
9
60
9
26
9
20
9
9
9
44
9
10
12
84
9
99
10
52
0
30
9
91
9
72
10
82
9
50
13
25
9
99
9
32
10
52
9
91
9
64
10
52
12
84
9
91
9
30
11
53
9
71
9
60
9
99
1
61
11
23
9
32
9
73
9
93
9
13
9
11
9
99
9
91
9
73
9
59
9
61
3
79
4
29
9
63
9
42
9
42
9
99
9
3
9
91
10
82
9
41
9
1
12
54
9
72
9
34
9
51
9
13
9
31
9
80
12
24
9
12
9
79
9
51
9
99
9
81
12
21
9
91
1
61
9
0
9
71
9
14
12
24
9
3
9
88
9
73
9
41
1
21
9
31
9
39
10
52
9
43
0
60
9
10
9
73
9
12
10
22
13
85
9
14
9
68
10
22
9
91
2
49
9
10
9
21
9
31
9
92
9
27
9
29
9
80
9
18
9
74
9
69
3
59
9
33
9
12
9
91
9
71
9
89
2
61
9
89
9
28
9
42
9
49
9
51
9
32
12
84
9
39
9
21
1
19
11
23
9
9
9
92
9
81
9
41
9
2
9
99
9
70
9
63
9
28
9
99
9
71
9
73
9
99
9
57
9
44
9
63
9
12
9
12
9
43
9
21
9
81
9
94
9
8
9
51
9
74
4
50
9
11
9
99
9
99
0
68
9
11
10
22
9
61
9
80
9
63
9
30
9
93
11
53
9
62
2
69
9
60
1
39
9
50
9
13
12
24
9
79
9
81
9
93
9
72
9
61
9
31
13
85
9
48
12
81
2
1
9
89
9
64
9
61
9
88
9
33
9
62
9
99
8
15
9
99
9
61
9
20
2
1
9
48
9
10
1
59
10
82
9
41
9
32
8
95
9
94
12
84
9
42
9
11
9
33
9
71
9
83
9
70
9
33
9
51
9
91
9
80
2
29
11
53
13
25
9
34
1
19
9
12
11
81
9
21
9
93
0
65
9
99
9
11
9
64
9
80
9
62
9
92
3
49
9
79
9
44
9
69
10
52
9
99
9
42
9
33
9
42
9
31
9
99
9
64
9
31
9
63
9
12
9
91
11
53
9
21
9
91
0
20
9
43
9
13
12
84
9
42
9
31
12
54
10
52
9
89
11
53
9
43
0
30
9
79
9
34
9
33
11
23
9
99
9
73
9
64
9
33
9
21
2
39
9
49
9
62
9
89
9
92
1
59
9
99
9
41
10
82
2
59
9
59
10
52
9
60
9
39
9
71
9
99
1
39
9
70
9
72
9
32
9
12
13
23
9
23
9
72
9
50
9
94
9
8
1
59
0
2
9
99
9
64
9
99
13
25
13
82
9
13
13
55
9
34
9
21
9
43
4
41
9
13
4
60
9
41
9
10
9
59
9
94
9
46
9
91
9
23
9
40
11
21
9
41
2
19
9
11
9
71
9
34
3
79
9
94
9
61
9
93
9
92
9
99
9
74
9
81
9
50
1
59
9
71
9
12
9
31
0
70
9
59
1
19
9
99
9
34
9
93
9
92
10
82
9
41
9
49
9
91
9
32
9
63
9
74
9
11
9
34
9
41
3
89
9
11
10
52
1
9
9
74
9
71
9
60
9
89
13
25
9
30
9
14
9
73
9
31
0
58
9
31
9
90
10
82
9
3
9
29
9
17
9
69
9
14
9
62
12
54
9
92
9
72
3
59
9
99
9
32
3
91
9
99
9
69
9
92
9
93
9
93
11
53
9
29
9
89
9
12
9
26
12
54
11
23
12
84
9
63
2
78
9
21
9
92
10
52
9
59
1
49
10
52
9
29
9
11
9
74
9
50
11
23
9
74
9
99
9
12
9
13
11
23
9
90
9
31
12
24
9
21
13
85
9
21
9
19
3
89
9
99
9
51
9
61
12
81
9
11
9
63
9
81
9
56
9
12
9
41
9
94
9
89
8
95
2
9
8
35
9
81
9
41
9
43
9
99
9
14
9
71
9
99
9
12
9
69
9
19
9
63
9
72
1
29
9
71
9
63
9
20
0
85
9
32
9
21
9
99
13
85
9
99
9
99
9
41
12
24
9
69
9
34
9
81
9
62
9
44
9
14
9
34
9
41
9
34
9
34
13
55
10
52
9
60
9
72
9
32
9
79
9
51
9
61
12
54
9
99
9
71
9
74
9
14
9
51
9
41
9
60
3
71
9
51
9
90
9
99
9
21
9
79
9
20
9
21
9
74
9
11
12
24
9
44
9
9
9
72
9
99
9
13
9
62
1
19
9
99
9
63
0
60
9
51
9
94
9
73
9
76
0
30
9
14
9
72
9
99
2
69
9
97
9
71
9
11
0
11
9
68
1
59
9
99
10
52
11
23
9
33
9
99
9
90
9
64
9
34
9
71
9
28
9
61
9
98
9
59
9
99
12
24
9
93
12
84
9
91
9
72
9
10
1
19
4
21
12
84
9
60
9
81
9
2
9
67
9
31
3
69
9
99
3
59
13
55
9
33
9
43
9
12
9
31
11
83
9
61
9
44
9
99
9
43
9
64
9
21
9
94
9
8
10
22
10
22
9
13
9
42
1
1
9
50
1
12
2
9
9
99
9
12
9
51
9
99
9
30
12
84
9
10
9
64
9
69
13
25
9
89
9
99
9
29
9
50
9
99
9
51
9
21
9
99
10
82
13
25
9
21
9
99
9
69
9
60
9
71
3
99
3
89
9
94
9
14
9
73
9
72
9
0
9
11
10
52
9
33
3
81
4
9
9
14
9
27
0
30
9
30
9
78
0
22
13
25
13
55
9
13
9
99
9
91
9
62
0
29
0
16
9
99
9
80
9
51
9
99
9
97
9
31
10
21
4
69
9
64
0
59
9
41
9
74
9
99
9
74
9
72
9
42
9
99
12
24
9
72
1
8
9
99
9
91
9
14
9
99
9
33
9
72
3
9
9
11
9
99
9
8
9
89
9
87
9
99
4
59
9
51
9
32
9
32
1
69
9
70
9
89
9
11
9
21
9
60
9
12
9
14
9
71
9
99
4
41
10
22
0
60
11
23
1
79
10
52
9
92
9
32
12
54
9
21
9
11
9
21
9
64
11
83
11
53
10
52
9
73
9
19
9
31
12
51
9
43
9
99
9
89
9
99
9
70
0
40
11
53
9
49
9
71
0
4
9
92
9
50
9
11
9
94
9
79
9
4
10
82
9
92
9
81
9
81
9
51
9
21
11
83
9
99
2
24
9
91
9
37
9
99
11
53
9
50
9
92
9
12
9
71
0
70
9
51
9
68
9
43
9
99
9
61
9
13
9
61
9
71
10
22
9
21
9
79
9
13
2
71
4
75
9
71
8
75
10
22
9
94
11
53
9
80
9
99
9
91
9
49
9
63
9
20
9
99
13
82
9
64
9
42
9
49
9
72
