2
69
2
73
1
98
3
81
1
27
0
43
3
29
2
54
2
20
1
67
4
87
0
69
0
87
0
77
1
49
2
6
2
35
1
20
1
63
4
14
4
4
3
48
2
5
1
37
1
81
4
73
4
17
3
16
0
97
3
56
3
46
4
95
4
66
1
8
4
96
2
98
2
65
0
99
1
31
2
70
1
87
0
73
2
20
3
97
0
66
3
23
4
29
1
76
0
32
0
46
3
13
3
19
2
44
4
91
4
18
2
7
4
5
0
66
0
80
4
54
2
56
0
0
3
89
0
50
0
44
2
99
1
37
3
36
4
85
3
81
1
50
3
59
0
9
0
3
4
99
4
37
4
15
2
69
2
86
4
50
4
66
1
74
4
52
1
32
3
23
3
23
3
34
1
79
4
66
3
65
0
55
2
27
1
10
0
97
0
62
3
76
2
89
2
99
2
89
1
36
3
12
4
83
0
66
3
81
4
65
0
26
3
16
0
46
4
50
2
78
2
15
0
29
3
7
4
20
2
75
0
34
3
90
0
99
1
16
3
76
2
5
0
78
2
42
0
27
4
93
4
25
1
7
2
0
2
21
1
85
2
18
2
34
4
68
2
66
0
78
4
90
3
20
1
10
1
55
1
4
1
17
4
75
4
98
0
22
1
52
1
83
2
90
0
9
3
76
0
58
3
14
0
8
4
0
3
68
1
11
1
99
1
35
3
0
1
14
2
46
4
39
3
68
1
76
3
97
3
60
1
61
1
49
0
69
2
96
3
86
0
72
2
32
1
94
0
6
3
86
1
81
1
46
0
30
4
15
3
87
2
80
0
44
3
3
3
21
2
31
0
2
2
84
0
65
0
19
1
79
4
19
3
35
2
60
0
97
0
90
2
7
3
2
1
24
0
33
1
21
3
85
3
84
4
24
3
83
1
19
4
62
2
11
4
25
0
54
3
44
4
50
3
52
1
40
4
68
4
38
2
71
3
83
1
5
2
2
1
57
0
2
4
30
0
40
3
35
1
97
3
69
0
54
1
84
2
42
0
37
0
0
1
30
2
43
2
30
1
10
4
40
3
58
0
83
2
84
3
68
0
36
0
1
4
61
0
37
0
90
2
11
2
51
3
33
0
11
1
0
3
39
2
1
3
76
2
95
1
43
0
30
0
84
1
67
1
79
3
41
4
19
2
95
4
23
4
43
0
86
3
55
1
45
3
77
0
85
0
21
2
49
0
66
0
51
0
98
1
60
2
15
1
24
3
64
2
84
3
13
0
8
2
99
0
88
2
67
4
50
0
55
3
74
4
21
3
54
4
33
1
39
0
91
3
3
0
89
1
77
0
37
4
0
3
48
1
67
4
28
0
45
2
5
0
28
3
71
3
17
1
3
0
71
1
42
1
90
1
72
4
20
0
87
1
61
2
2
4
62
4
7
4
15
4
3
4
88
2
64
4
32
1
24
0
23
3
30
3
43
3
34
0
60
1
1
2
68
2
3
1
18
4
77
4
8
1
77
1
16
1
91
2
43
1
1
4
12
0
27
1
86
1
27
2
20
4
71
4
18
4
65
3
60
3
59
3
24
3
3
3
82
4
62
4
80
2
70
4
80
4
28
3
33
1
52
0
44
1
28
3
79
4
30
0
18
1
15
2
16
2
0
1
89
3
72
1
32
2
2
3
95
4
61
2
59
2
28
3
97
0
62
2
66
4
97
2
57
4
38
2
57
4
3
2
12
2
36
0
18
0
72
4
89
4
8
0
46
3
68
4
50
0
8
4
97
3
93
0
68
0
5
1
15
0
54
4
71
4
54
1
21
2
86
2
46
1
55
2
61
0
51
1
30
3
41
2
4
3
16
1
70
0
74
2
85
3
63
0
61
2
22
4
78
1
48
3
81
2
0
4
80
4
56
0
57
1
96
4
24
4
53
2
91
4
15
0
98
0
54
1
11
2
1
4
49
4
1
1
55
1
73
2
32
2
23
3
95
3
88
4
75
1
33
0
7
2
25
0
62
0
83
2
61
2
28
0
43
0
84
0
71
2
23
2
47
4
18
3
26
1
17
1
5
2
81
2
12
3
84
0
65
4
93
4
2
4
55
0
71
4
53
4
83
3
43
2
70
3
35
0
72
1
45
4
92
2
33
4
24
1
39
2
22
4
98
3
58
0
26
4
54
3
3
0
83
2
45
0
14
0
88
0
20
2
39
2
9
3
79
1
34
0
24
3
46
3
43
1
80
2
49
2
39
0
30
4
70
3
26
3
24
2
17
2
96
2
67
3
55
2
26
0
15
2
36
4
40
1
53
1
80
1
86
1
58
2
94
2
32
2
73
2
56
0
64
1
49
4
51
4
30
0
65
3
95
1
31
0
61
4
63
3
23
1
4
4
23
0
24
4
63
4
41
3
87
2
9
1
56
0
2
4
99
4
55
1
91
4
17
4
82
2
7
4
48
4
26
0
19
2
43
4
40
2
9
4
60
0
36
2
1
0
68
4
85
3
46
1
82
0
24
0
34
3
20
4
32
2
17
2
11
0
69
4
28
3
71
3
89
2
52
2
93
1
84
3
94
4
68
0
78
3
41
1
52
0
68
4
3
0
26
0
70
2
50
3
14
3
91
4
34
4
84
1
84
4
73
3
32
4
40
0
83
4
32
2
58
4
67
0
8
3
29
4
32
3
86
4
2
1
46
1
9
4
69
4
62
3
51
2
89
4
16
1
21
4
8
2
64
0
29
0
60
0
24
0
81
2
73
0
2
2
20
3
17
2
60
4
9
3
62
3
45
1
88
2
63
3
50
1
95
1
24
3
91
1
90
4
60
4
83
2
85
2
85
2
47
4
20
1
80
1
5
4
35
3
47
2
18
3
76
2
58
2
79
0
12
1
89
2
43
2
50
1
47
1
44
4
20
0
3
3
65
3
41
2
18
3
66
2
91
3
3
2
9
4
14
2
81
4
22
4
15
3
12
4
78
0
12
2
10
3
84
4
96
2
42
0
52
3
87
0
3
2
59
0
74
0
56
2
12
0
34
3
89
4
80
2
95
2
3
2
35
0
76
3
32
2
37
2
97
3
9
1
62
1
98
1
8
1
60
1
10
2
57
1
67
1
27
2
62
2
59
2
11
0
85
1
26
0
16
3
90
4
79
3
91
0
99
0
39
3
16
2
60
3
27
0
75
1
59
4
36
3
7
3
28
0
35
4
27
4
28
4
48
1
44
1
51
1
69
2
23
3
70
0
43
0
59
4
45
3
90
0
63
4
65
4
8
0
47
4
32
2
51
3
74
0
47
2
81
2
98
0
17
1
70
0
11
0
18
3
67
3
2
3
18
3
37
1
0
1
72
2
92
4
4
3
53
1
12
0
97
3
54
0
60
0
43
4
85
2
65
4
76
0
30
4
5
1
63
1
95
2
67
3
97
0
65
3
2
0
11
0
68
0
55
3
92
2
43
2
15
2
29
3
98
2
81
3
58
3
29
0
64
1
28
3
52
0
99
3
50
1
94
3
18
4
84
3
75
0
85
1
65
0
1
1
16
4
23
3
77
0
51
0
75
0
2
2
67
0
26
3
68
1
94
3
59
4
49
2
26
2
39
1
9
0
25
2
75
0
53
3
37
2
98
2
35
4
56
0
13
4
87
4
9
1
19
1
14
2
7
3
33
1
2
3
41
1
12
2
7
4
96
1
4
0
45
1
93
3
21
4
75
3
1
4
58
3
60
4
17
2
98
4
94
1
20
4
41
1
96
0
49
3
12
0
99
1
79
4
18
0
18
4
96
4
60
0
51
4
62
3
92
3
80
3
86
4
5
4
64
3
63
1
7
0
3
1
45
2
27
4
80
4
5
3
8
2
35
0
30
3
21
2
79
0
22
4
17
4
48
1
14
3
90
0
84
1
54
0
28
0
16
1
98
0
71
0
49
1
91
2
97
0
28
1
21
4
68
4
55
0
56
0
39
4
74
4
92
3
66
1
64
1
35
0
96
3
18
1
66
1
9
2
90
3
91
4
9
3
98
3
33
2
63
3
3
0
2
1
93
4
9
1
80
2
91
4
93
4
51
0
42
2
32
3
23
1
65
3
61
1
80
0
3
0
14
0
51
1
8
4
14
0
63
4
97
4
50
1
13
0
60
2
16
0
73
1
49
3
92
4
23
3
47
1
12
3
2
0
17
4
58
2
75
2
47
1
45
4
64
3
10
2
22
4
59
2
36
0
96
4
80
3
97
3
61
0
40
2
48
2
40
0
65
0
4
1
84
4
41
1
2
4
87
4
70
4
4
1
76
1
88
0
79
4
72
0
47
0
17
2
77
0
93
2
24
0
86
1
37
0
99
4
44
4
41
2
92
3
3
1
62
0
70
0
43
0
68
4
34
2
91
0
53
2
8
0
53
1
62
4
13
0
17
2
70
2
9
2
71
4
75
0
64
4
75
2
13
4
86
4
44
1
71
1
94
0
84
4
55
1
64
2
11
3
91
4
83
4
57
4
33
1
40
1
64
