9
74
11
83
9
99
9
91
9
33
10
52
9
34
9
64
9
30
9
73
9
94
9
72
9
92
10
82
11
53
9
14
9
44
9
30
9
57
12
24
9
14
13
55
9
14
9
43
9
91
11
83
14
26
13
25
9
99
9
64
13
55
9
99
9
74
9
13
9
99
9
99
9
74
9
99
9
41
9
60
9
93
10
82
9
30
9
99
9
72
9
33
9
34
11
83
9
42
10
52
11
23
13
25
12
54
9
99
14
26
9
14
9
14
9
72
0
80
9
64
9
64
0
0
9
94
0
50
10
52
9
89
9
43
9
44
9
94
9
91
9
40
9
64
9
12
9
12
9
99
9
37
13
25
9
74
9
94
9
60
9
74
11
83
9
62
9
42
9
33
9
33
9
44
11
83
9
74
9
74
9
62
9
34
9
20
9
99
9
72
13
85
9
94
9
99
9
94
9
43
10
22
9
93
9
72
9
91
9
74
9
32
13
25
10
52
9
60
12
84
12
24
9
28
9
14
9
30
12
84
9
42
9
99
9
99
11
23
13
85
9
14
10
82
10
52
9
32
9
99
9
34
9
13
9
10
9
31
9
93
12
24
9
44
9
74
9
74
10
82
9
99
9
30
9
20
9
63
9
13
11
23
13
85
9
99
9
32
9
62
9
93
9
99
9
12
13
85
9
62
12
24
9
12
9
10
9
74
9
21
9
99
9
43
3
0
11
23
12
54
9
44
9
74
11
83
9
99
9
70
9
71
11
53
9
72
9
99
9
94
10
82
9
32
9
99
9
12
9
94
9
91
11
53
0
30
13
25
9
94
9
90
10
52
9
13
9
31
9
41
9
12
9
94
9
72
10
22
11
83
14
26
8
35
9
70
9
99
0
90
9
7
9
12
9
33
9
42
9
31
9
94
9
94
9
34
9
93
11
23
9
72
9
21
9
34
9
62
12
54
9
60
9
62
9
50
9
74
9
44
9
81
9
93
9
13
9
12
9
63
9
12
9
40
0
40
9
44
9
99
9
74
9
62
9
93
9
42
9
42
0
0
9
40
11
53
9
40
9
20
9
50
9
64
9
92
9
94
9
74
9
42
9
11
9
71
9
42
0
90
9
21
9
61
9
26
9
21
9
10
9
44
9
11
13
85
9
99
11
53
0
30
9
92
9
73
11
83
9
51
14
26
9
99
9
33
11
53
9
92
9
64
11
53
13
85
9
92
9
31
12
54
9
72
9
61
9
99
1
61
12
24
9
33
9
74
9
94
9
13
9
12
9
99
9
92
9
74
9
60
9
62
3
79
4
29
9
64
9
43
9
43
9
99
9
3
9
92
11
83
9
42
9
1
13
55
9
73
9
34
10
52
9
14
9
32
9
81
13
25
9
13
9
80
10
52
9
99
10
82
13
21
9
92
1
61
9
0
9
72
9
14
13
25
9
3
9
88
9
74
9
42
1
21
9
32
9
40
11
53
9
44
0
60
9
11
9
74
9
13
11
23
14
86
9
14
9
67
11
23
9
91
2
49
9
11
10
22
9
32
9
93
9
27
9
30
9
81
9
18
9
74
9
70
3
59
9
34
9
13
9
92
9
72
9
90
2
61
9
90
9
28
9
43
9
48
10
52
9
33
13
85
9
40
10
22
1
19
12
24
9
10
9
93
10
82
9
42
9
2
9
99
9
71
9
64
9
28
9
99
9
72
9
74
9
99
9
57
9
44
9
64
9
13
9
12
9
44
10
22
10
82
9
94
9
8
10
52
9
74
4
50
9
12
9
99
9
99
0
68
9
12
11
23
9
62
9
81
9
64
9
31
9
94
12
54
9
63
2
69
9
61
1
39
9
51
9
14
13
25
9
80
10
82
9
94
9
73
9
61
9
32
14
86
9
48
13
81
2
1
9
90
9
64
9
62
9
87
9
34
9
63
9
99
8
15
9
99
9
62
9
21
2
1
9
48
9
11
1
59
11
83
9
42
9
33
8
95
9
94
13
85
9
43
9
12
9
34
9
72
10
82
9
71
9
34
10
52
9
92
9
81
2
29
12
54
14
26
9
34
1
19
9
13
12
81
10
22
9
94
0
65
9
99
9
12
9
64
9
81
9
63
9
93
3
49
9
80
9
44
9
68
11
53
9
99
9
43
9
34
9
43
9
32
9
99
9
64
9
32
9
64
9
13
9
92
12
54
10
22
9
92
0
20
9
44
9
14
13
85
9
43
9
32
13
55
11
53
9
90
12
54
9
44
0
30
9
80
9
34
9
34
12
24
9
99
9
74
9
64
9
34
10
22
2
39
9
50
9
63
9
90
9
93
1
59
9
99
9
42
11
83
2
59
9
58
11
53
9
61
9
40
9
72
9
99
1
39
9
71
9
73
9
33
9
13
14
23
10
22
9
73
9
51
9
94
9
8
1
59
0
2
9
99
9
64
9
99
14
26
14
82
9
14
14
56
9
34
10
22
9
43
4
41
9
14
4
60
9
42
9
11
9
58
9
94
9
46
9
92
10
22
9
40
12
21
9
42
2
19
9
11
9
72
9
34
3
79
9
94
9
62
9
93
9
93
9
99
9
74
10
82
9
51
1
59
9
72
9
13
9
32
0
70
9
60
1
19
9
99
9
34
9
94
9
93
11
83
9
42
9
50
9
92
9
32
9
64
9
74
9
12
9
34
9
42
3
89
9
12
11
53
1
9
9
74
9
72
9
61
9
89
14
26
9
31
9
14
9
74
9
32
0
58
9
32
9
91
11
83
9
4
9
30
9
17
9
70
9
14
9
62
13
55
9
93
9
73
3
59
9
99
9
33
3
91
9
99
9
70
9
93
9
94
9
94
12
54
9
30
9
90
9
13
9
26
13
55
12
24
13
85
9
64
2
78
10
22
9
93
11
53
9
60
1
49
11
53
9
30
9
12
9
74
9
51
12
24
9
74
9
99
9
13
9
14
12
24
9
91
9
32
13
25
10
22
14
86
10
22
9
20
3
89
9
99
10
52
9
62
13
81
9
12
9
64
10
82
9
56
9
12
9
42
9
94
9
90
8
95
2
9
8
35
10
82
9
42
9
44
9
99
9
14
9
72
9
99
9
13
9
70
9
20
9
64
9
73
1
29
9
72
9
64
9
21
0
85
9
33
10
22
9
99
14
86
9
99
9
99
9
42
13
25
9
70
9
34
10
82
9
63
9
44
9
14
9
34
9
42
9
34
9
34
14
56
11
53
9
61
9
73
9
33
9
80
10
52
9
62
13
55
9
99
9
72
9
74
9
14
10
52
9
42
9
61
3
71
10
52
9
91
9
99
10
22
9
80
9
21
10
22
9
74
9
12
13
25
9
44
9
10
9
72
9
99
9
14
9
63
1
19
9
99
9
64
0
60
10
52
9
94
9
74
9
76
0
30
9
14
9
73
9
99
2
69
9
97
9
72
9
12
0
11
9
68
1
59
9
99
11
53
12
24
9
34
9
99
9
91
9
64
9
34
9
72
9
28
9
62
9
98
9
60
9
99
13
25
9
94
13
85
9
92
9
73
9
11
1
19
4
21
13
85
9
61
10
82
9
2
9
67
9
32
3
69
9
99
3
59
14
56
9
34
9
44
9
13
9
32
12
84
9
62
9
44
9
99
9
44
9
64
10
22
9
94
9
8
11
23
11
23
9
14
9
43
1
1
9
51
1
12
2
9
9
99
9
13
10
52
9
99
9
31
13
85
9
11
9
64
9
70
14
26
9
88
9
99
9
30
9
51
9
99
10
52
10
22
9
99
11
83
14
26
10
22
9
99
9
70
9
61
9
72
3
99
3
89
9
94
9
14
9
74
9
73
9
0
9
12
11
53
9
34
3
81
4
9
9
14
9
26
0
30
9
31
9
78
0
22
14
26
14
56
9
13
9
99
9
92
9
63
0
29
0
16
9
99
9
81
10
52
9
99
9
97
9
32
11
21
4
69
9
64
0
59
9
42
9
74
9
99
9
74
9
73
9
43
9
99
13
25
9
73
1
8
9
99
9
91
9
14
9
99
9
33
9
73
3
9
9
12
9
99
9
8
9
90
9
86
9
99
4
59
10
52
9
32
9
33
1
69
9
71
9
90
9
12
10
22
9
61
9
13
9
14
9
72
9
99
4
41
11
23
0
60
12
24
1
79
11
53
9
92
9
33
13
55
10
22
9
12
10
22
9
64
12
84
12
54
11
53
9
74
9
20
9
32
13
51
9
44
9
99
9
90
9
99
9
71
0
40
12
54
9
50
9
72
0
4
9
93
9
51
9
12
9
94
9
80
9
4
11
83
9
93
10
82
10
82
10
52
10
22
12
84
9
99
2
24
9
92
9
37
9
99
12
54
9
51
9
92
9
13
9
72
0
70
10
52
9
68
9
44
9
99
9
62
9
14
9
62
9
72
11
23
10
22
9
80
9
14
2
71
4
75
9
72
8
75
11
23
9
94
12
54
9
81
9
99
9
92
9
49
9
63
9
21
9
99
14
82
9
64
9
43
9
50
9
73
