3
69
3
74
2
99
4
82
2
28
1
44
4
29
3
55
2
21
2
68
5
88
1
69
1
88
1
78
2
49
3
7
3
36
1
21
2
62
5
15
5
5
4
49
3
6
2
38
2
82
5
74
5
18
4
17
1
98
4
57
4
47
5
96
5
67
2
9
5
97
3
99
3
66
1
99
2
32
2
69
2
88
1
74
2
21
4
98
1
67
4
24
5
29
2
77
1
33
1
47
4
14
4
19
3
45
5
92
5
19
3
8
5
6
1
67
0
80
5
55
3
57
0
0
4
89
0
50
1
45
2
98
2
38
4
37
5
86
4
82
1
49
4
59
1
9
1
4
5
99
5
37
5
16
3
69
3
87
4
51
5
67
2
75
5
53
2
33
4
24
4
24
4
35
2
79
5
67
4
66
1
56
3
28
1
11
1
98
1
63
4
77
3
89
3
99
3
89
2
37
4
13
5
84
1
67
4
82
5
66
1
27
4
17
1
47
4
51
3
79
3
16
1
28
4
8
4
21
3
76
1
35
3
91
1
99
2
17
4
77
3
6
1
79
3
43
1
28
5
94
5
26
2
8
2
1
3
22
2
86
3
19
3
35
5
69
3
67
1
79
4
91
3
21
1
11
2
56
2
5
2
18
5
76
5
99
1
23
2
53
2
84
2
91
1
9
4
77
1
59
4
15
1
9
4
1
4
69
2
12
2
99
2
36
3
0
2
15
3
47
5
39
4
69
2
77
4
98
3
61
2
62
2
49
1
69
3
97
4
87
1
73
3
32
2
95
1
7
4
87
2
82
2
47
0
30
5
16
4
88
2
81
1
45
4
4
4
22
3
32
1
3
3
85
1
66
1
19
2
79
5
19
4
35
2
61
1
98
0
90
3
7
4
3
2
25
1
34
2
22
4
86
4
85
5
25
4
84
2
19
5
63
3
12
5
26
1
55
4
45
4
51
4
53
1
41
5
69
5
39
3
72
4
84
2
6
3
3
2
58
1
3
4
31
0
40
4
36
2
98
4
69
1
55
2
85
3
42
1
38
0
0
1
31
3
44
2
31
1
11
4
41
4
59
1
84
3
85
4
69
1
37
1
2
5
62
1
38
0
90
3
12
3
52
4
32
1
12
1
1
4
39
3
2
4
77
3
96
2
44
0
30
1
85
2
68
2
79
4
42
5
19
3
96
5
24
5
44
1
87
4
56
2
46
4
78
1
86
1
22
3
49
1
67
1
52
1
99
1
61
3
16
2
25
4
65
3
85
4
13
1
9
3
99
1
89
3
68
4
51
1
56
3
75
4
22
4
55
5
34
2
39
1
92
4
3
1
89
2
78
1
38
4
1
4
49
2
68
5
29
1
46
3
6
1
29
4
72
4
18
2
4
1
71
2
43
1
91
2
73
4
21
1
88
1
61
3
1
5
63
5
8
5
16
5
3
5
88
3
65
5
33
1
23
1
24
3
31
4
44
4
35
0
60
2
2
3
69
3
4
2
19
5
78
5
9
2
76
2
17
2
91
2
44
2
2
5
13
1
28
2
87
2
27
2
21
5
72
5
18
5
66
3
61
3
59
4
25
4
4
4
83
5
63
4
81
2
69
4
81
5
28
4
34
1
51
1
45
2
29
4
79
4
31
1
19
1
16
3
17
2
1
2
89
4
73
2
33
3
2
4
96
5
62
3
59
3
28
4
98
1
63
3
67
5
98
3
57
5
39
3
58
5
4
3
12
3
37
1
19
1
73
5
89
5
8
1
47
4
69
4
50
1
9
5
98
4
94
0
68
1
6
2
16
1
55
5
72
5
55
2
22
3
87
3
47
2
56
2
62
1
52
1
31
4
42
3
5
4
17
1
71
1
75
3
86
4
64
1
61
3
23
5
79
2
48
4
81
2
1
4
81
5
57
1
58
2
95
5
25
5
54
3
92
5
15
1
99
1
55
2
12
2
1
5
48
5
2
1
56
2
74
3
33
3
24
4
95
4
89
5
76
2
34
1
8
3
26
1
63
1
83
3
62
3
29
1
44
1
85
1
72
2
24
3
48
5
19
4
27
1
18
2
6
3
81
3
13
4
85
0
65
5
94
5
3
5
56
1
72
5
54
5
84
3
44
2
71
4
36
1
71
2
46
5
93
3
34
5
25
2
39
3
23
5
99
4
59
1
27
5
55
4
4
1
84
3
46
1
15
1
89
0
20
3
39
3
9
4
79
2
35
1
25
4
47
4
44
1
81
3
49
3
39
0
30
4
71
4
27
4
25
3
18
3
97
3
68
4
56
3
27
1
16
2
37
4
41
2
54
1
81
2
87
1
59
3
95
3
33
3
74
2
57
1
63
2
49
5
52
4
31
1
66
4
96
1
32
1
62
5
64
4
24
2
5
5
23
1
24
5
64
5
42
4
88
3
8
1
57
0
2
5
99
5
56
2
92
5
18
5
82
3
8
5
49
5
27
1
19
3
43
4
41
3
9
4
60
1
37
3
2
1
67
5
86
4
46
2
83
1
24
1
35
3
21
5
33
2
18
3
11
1
69
5
29
3
72
4
89
3
53
3
93
2
85
4
95
5
69
1
79
4
42
1
53
1
69
5
4
1
27
0
70
2
51
2
15
4
92
5
34
5
85
2
85
5
74
4
33
4
41
1
84
5
32
3
59
5
68
1
9
4
29
5
33
3
87
5
3
2
47
1
9
5
69
5
63
4
52
3
89
5
17
2
22
5
9
3
65
1
29
0
59
1
25
1
82
3
74
1
2
2
21
4
17
2
61
5
9
4
62
4
46
2
89
3
64
3
51
2
96
2
25
3
91
1
91
4
61
5
84
3
86
3
86
3
48
4
21
1
81
2
6
5
34
4
48
3
19
4
77
3
59
2
78
1
13
2
89
3
44
2
51
1
48
2
45
4
21
1
4
4
66
4
42
3
19
4
67
3
92
4
4
3
9
5
15
3
82
5
23
5
16
4
13
5
79
1
13
2
11
3
85
5
97
3
43
1
53
4
86
1
4
3
59
1
75
1
56
3
12
1
35
4
89
4
81
3
95
2
4
3
35
1
77
4
33
3
38
3
98
4
9
2
63
2
99
2
9
1
61
1
11
3
58
2
68
1
28
3
63
3
59
3
12
0
85
2
27
1
17
3
91
5
79
4
92
1
99
1
39
4
17
2
61
4
28
1
76
2
59
5
37
4
8
4
29
1
36
5
28
5
29
5
49
2
45
2
52
2
69
3
24
3
71
1
44
1
59
5
46
3
91
1
64
5
66
5
9
1
48
5
33
3
52
3
73
1
48
3
82
3
99
1
18
1
71
1
12
1
19
4
68
4
3
4
19
4
38
1
1
2
72
3
93
5
5
4
54
1
13
1
98
4
55
0
60
1
44
5
86
3
66
5
76
0
30
5
6
2
64
2
96
2
68
4
97
1
66
4
3
0
11
1
68
1
56
4
93
3
44
3
16
3
29
4
99
3
82
4
59
4
29
1
65
2
28
4
53
1
98
3
51
2
95
4
19
5
85
4
76
1
86
2
66
1
2
1
17
4
22
4
78
1
52
1
76
1
2
3
67
1
27
3
69
2
95
3
59
5
49
3
27
3
39
2
9
1
26
3
76
1
54
4
38
3
99
3
36
5
57
1
14
5
88
5
8
2
19
2
15
3
8
4
34
1
1
4
42
1
12
2
8
5
97
2
5
1
46
2
94
4
22
5
76
4
2
5
59
3
61
5
18
2
97
5
95
1
21
5
42
2
97
1
49
4
13
1
99
2
79
5
19
1
19
5
97
4
61
1
52
5
63
3
93
3
81
4
87
5
6
5
65
4
64
2
6
1
4
2
46
3
28
3
81
4
6
4
9
3
34
0
30
4
22
3
78
0
22
5
18
5
49
2
14
3
91
1
85
2
55
0
29
0
16
2
99
1
72
1
49
2
92
3
97
1
29
2
21
4
69
5
56
0
57
1
39
5
74
5
93
4
67
2
65
2
36
1
97
4
19
2
67
1
8
2
91
4
91
5
9
4
99
4
33
3
64
3
4
1
3
2
94
5
8
1
81
3
91
5
94
4
52
1
43
3
32
4
24
1
66
4
62
1
81
1
4
1
15
1
52
2
9
5
14
1
64
5
98
4
49
2
14
0
60
3
17
1
74
2
49
4
92
5
24
4
48
2
13
4
3
1
18
5
59
3
76
3
48
2
46
5
65
3
11
3
23
5
58
3
37
1
97
4
81
4
98
4
62
0
40
3
49
2
41
1
66
0
4
2
85
5
42
2
3
5
88
4
71
5
4
2
77
2
89
1
79
5
73
1
48
1
18
3
78
1
94
2
24
1
87
2
37
1
99
5
45
5
42
3
92
4
4
2
63
0
70
1
44
1
68
5
35
3
92
1
54
3
9
1
54
2
63
5
14
1
18
2
71
3
9
2
71
4
75
1
65
5
75
3
14
5
87
5
45
2
72
2
95
1
85
5
54
2
64
3
12
4
92
5
83
5
58
5
34
1
41
2
65
