9
71
9
80
8
99
9
88
8
30
7
49
9
32
9
61
8
27
8
70
9
93
7
69
7
89
7
79
8
50
9
11
9
41
7
27
8
60
9
21
9
11
10
52
9
11
8
40
8
88
9
80
11
23
10
22
7
99
9
62
10
52
9
99
9
73
8
10
9
99
9
99
9
71
7
99
8
38
8
63
8
90
7
79
8
27
9
99
7
69
9
30
9
33
8
80
7
39
7
49
9
20
10
22
9
51
9
98
11
23
9
11
9
12
7
69
0
80
9
61
9
61
0
0
9
92
0
50
7
49
8
92
8
40
9
42
9
92
9
88
7
43
9
62
7
9
7
9
9
99
9
37
10
22
9
71
9
91
9
57
9
73
8
80
9
59
8
39
9
30
9
30
9
41
8
80
9
73
9
72
7
59
9
31
7
17
7
99
7
69
10
82
9
91
9
99
9
91
8
40
9
19
9
90
7
69
9
88
9
72
7
29
10
22
7
49
9
57
9
81
9
21
7
28
9
12
9
27
9
81
7
39
9
97
7
99
8
20
10
82
9
11
7
79
9
49
7
29
9
99
9
32
8
10
8
7
9
28
8
90
9
21
9
41
9
73
9
71
7
79
9
97
9
27
7
17
8
60
8
10
8
20
10
82
9
99
7
29
8
59
8
90
8
97
7
9
10
82
7
59
9
21
7
9
9
7
9
72
8
18
8
99
8
40
3
0
8
20
9
51
9
43
9
72
8
80
9
99
9
67
8
68
8
50
7
69
9
99
9
92
7
79
9
32
8
99
7
9
9
92
8
88
8
50
0
30
10
22
9
92
8
87
7
49
9
10
9
28
9
38
7
9
9
91
7
69
7
19
8
80
11
23
8
35
8
67
7
99
0
90
9
7
9
9
8
30
7
39
8
28
9
92
9
91
9
31
9
90
8
20
9
69
9
18
9
32
7
59
9
51
9
57
9
59
7
47
9
73
9
43
9
78
9
90
8
10
9
9
8
60
7
9
9
37
0
40
9
42
8
99
9
72
7
59
8
90
9
42
7
39
0
0
7
37
9
50
8
37
7
17
9
47
9
62
7
89
9
91
9
72
7
39
7
8
9
68
7
39
0
90
9
18
9
58
9
28
7
18
7
7
9
42
9
8
10
82
9
99
8
50
0
30
7
89
8
70
8
80
9
48
11
23
9
99
9
30
9
50
7
89
9
62
8
50
10
82
7
89
7
28
9
51
7
69
7
58
7
99
1
61
9
21
8
30
9
71
9
91
9
13
7
9
9
99
7
89
9
71
9
57
7
59
3
79
4
28
9
61
9
40
8
40
7
98
9
3
7
89
8
80
7
39
9
1
10
52
8
70
9
33
7
49
9
11
7
29
9
78
10
22
8
10
7
77
8
49
7
97
8
79
10
21
7
89
1
61
9
0
9
69
9
13
10
22
9
3
9
88
9
71
9
39
1
21
7
29
9
37
9
50
9
41
0
60
8
8
9
71
9
10
8
20
11
83
9
13
8
70
8
20
8
91
2
49
8
8
9
19
7
29
8
90
8
27
8
27
9
78
9
18
9
72
9
67
3
59
9
31
9
10
9
89
9
69
9
87
2
63
9
87
9
28
9
40
7
51
7
49
8
30
10
82
9
37
7
19
1
19
9
21
8
7
8
90
9
79
8
39
9
2
9
99
9
68
9
61
9
28
9
99
7
69
9
71
9
99
9
57
9
43
9
61
9
10
9
12
9
41
7
19
7
79
9
93
9
8
7
49
9
72
4
50
7
9
9
99
9
99
0
68
7
9
8
20
7
59
9
78
9
61
8
28
9
91
9
51
8
60
2
68
7
58
1
37
9
48
9
11
10
22
7
77
7
79
9
91
9
70
7
61
9
29
11
83
8
48
10
81
2
1
9
87
9
63
7
59
8
90
9
31
9
60
9
98
8
15
7
99
7
59
8
18
2
1
9
48
9
8
1
59
8
80
9
39
9
30
8
95
9
92
10
82
8
40
7
9
9
31
7
69
7
83
9
68
9
31
7
49
7
89
7
78
2
29
9
51
11
23
9
32
1
19
8
10
9
81
9
19
9
91
0
65
9
99
9
9
9
62
7
78
9
60
9
90
3
49
8
77
9
42
7
71
8
50
9
99
9
40
9
31
8
40
9
29
9
99
9
62
7
29
9
61
9
10
7
89
9
51
7
19
7
89
0
20
9
41
9
11
10
82
8
40
7
29
10
52
9
50
7
87
9
51
9
41
0
30
9
77
9
32
9
31
9
21
9
99
9
71
9
62
9
31
7
19
2
39
9
47
8
60
7
87
8
90
1
59
9
99
9
39
9
80
2
59
7
61
8
50
9
58
9
37
7
69
9
99
1
38
7
68
9
70
9
30
8
10
11
23
7
24
9
70
9
48
9
92
9
8
1
59
0
2
9
99
9
62
8
98
11
23
11
82
9
11
11
53
9
33
7
19
9
43
4
41
9
11
4
60
7
39
9
8
7
61
9
92
9
46
8
89
7
24
7
39
9
21
9
39
2
19
9
11
7
69
9
33
3
78
9
92
9
59
9
93
8
90
9
99
9
73
7
79
9
48
1
59
7
69
9
10
7
29
0
70
8
57
1
19
9
98
9
34
9
91
8
90
9
80
9
39
9
47
7
89
9
32
9
61
9
73
7
9
9
32
9
39
3
89
9
9
8
50
1
9
9
73
9
69
9
58
9
89
11
23
8
28
9
13
9
71
7
29
0
58
7
29
7
88
9
80
7
2
8
27
9
17
8
67
9
13
9
62
10
52
8
90
9
70
3
57
8
99
8
30
3
91
7
97
9
67
9
90
9
91
9
91
9
51
9
27
7
87
8
10
9
28
10
52
9
21
10
82
9
61
2
78
7
19
8
90
9
50
8
57
1
49
8
50
9
27
7
9
9
72
9
48
9
21
9
72
9
98
9
10
9
11
9
21
9
88
9
29
10
22
9
19
11
83
7
19
8
17
3
89
9
99
9
49
7
59
10
81
7
9
9
61
7
79
7
56
9
12
7
39
9
92
9
87
8
95
2
9
8
35
7
79
9
39
9
41
9
99
9
12
8
69
8
99
8
10
7
67
7
17
9
61
8
70
1
29
9
69
9
61
9
18
0
85
8
30
7
19
9
97
11
83
9
98
7
99
7
39
10
22
8
67
9
32
7
79
8
60
9
43
9
12
9
32
7
39
9
33
9
33
11
53
8
50
8
58
8
70
9
30
9
77
7
49
7
59
10
52
9
97
7
69
9
72
9
13
7
49
9
39
9
58
3
71
7
49
9
88
9
99
7
19
7
77
7
18
7
19
9
72
9
9
10
22
9
42
7
7
8
72
9
99
9
11
9
60
1
19
7
99
9
61
0
60
7
49
9
92
9
71
9
76
0
30
9
12
8
70
8
99
2
69
9
97
7
69
9
9
0
11
7
68
1
59
9
99
9
50
9
21
9
31
9
99
9
88
9
62
9
32
7
69
8
28
9
59
7
98
9
57
8
99
10
22
9
91
10
82
7
89
8
70
7
8
1
19
4
21
10
82
7
58
7
79
7
2
9
67
7
29
3
69
8
99
3
59
11
53
9
31
9
41
8
10
7
29
9
81
7
59
9
42
9
99
9
41
9
63
7
19
9
93
9
8
8
20
8
20
9
11
9
40
1
1
9
48
1
12
2
9
9
99
8
10
7
49
8
99
9
28
10
82
9
8
9
63
9
67
11
23
8
91
9
99
7
27
9
48
8
99
7
49
9
19
7
99
8
80
11
23
7
19
9
99
9
67
7
58
9
69
3
99
3
87
9
92
9
12
9
71
9
70
8
0
7
9
8
50
9
31
3
81
4
9
9
12
9
29
0
30
9
28
9
78
0
22
11
23
11
53
8
14
9
97
7
89
8
60
0
29
0
16
8
99
7
78
7
49
8
98
9
97
7
29
8
21
4
69
9
62
0
59
7
39
9
74
9
99
9
72
8
70
8
40
7
99
10
22
8
70
1
8
8
97
9
91
9
13
9
99
9
33
9
70
3
9
7
9
8
99
9
8
7
87
9
89
9
99
4
58
7
49
9
32
9
30
1
69
9
68
7
87
7
9
7
19
7
58
8
10
9
14
7
69
9
99
4
43
8
20
0
60
9
21
1
79
8
50
9
92
9
30
10
52
8
19
9
9
7
19
9
63
9
81
9
51
8
50
9
71
9
17
9
29
10
52
9
41
7
99
9
87
9
99
9
68
0
40
9
51
8
47
7
69
0
4
8
90
9
48
8
9
9
93
9
77
9
4
8
80
8
90
7
79
9
79
7
49
7
19
9
81
7
99
2
24
7
89
8
37
7
99
9
51
9
48
9
92
9
10
8
69
0
70
7
49
7
68
9
41
9
98
7
59
9
11
7
59
8
69
9
20
7
19
8
77
9
11
2
71
4
75
7
69
8
75
9
20
9
93
9
51
8
78
8
99
7
89
9
49
8
64
9
18
9
98
11
82
9
63
9
40
7
47
8
70
