9
74
18
90
9
99
9
94
9
34
17
59
9
34
9
64
9
34
9
74
9
94
9
74
9
94
17
89
18
60
9
14
9
44
9
34
9
56
19
31
9
14
19
62
9
14
9
44
9
94
18
90
19
33
19
32
9
99
9
64
19
62
9
99
9
74
9
14
9
99
9
99
9
74
9
99
9
44
9
56
9
94
17
89
9
34
9
99
9
74
9
34
9
34
18
90
9
44
17
59
18
30
19
32
19
61
9
99
19
33
9
14
9
14
9
74
0
80
9
64
9
64
0
0
9
94
0
50
17
59
10
82
9
44
9
44
9
94
9
94
9
36
9
64
9
14
9
14
9
99
9
37
19
32
9
74
9
94
9
64
9
74
18
90
9
64
9
44
9
34
9
34
9
44
18
90
9
74
9
74
9
64
9
34
15
27
9
99
9
74
19
92
9
94
9
99
9
94
9
44
17
29
9
94
9
74
9
94
9
74
9
34
19
32
17
59
9
64
19
91
19
31
9
28
9
14
9
34
19
91
9
44
9
99
9
99
18
30
19
92
9
14
17
89
17
59
9
34
9
99
9
34
9
14
9
14
9
34
9
94
19
31
9
44
9
74
9
74
17
89
9
99
9
34
15
27
9
64
9
14
18
30
19
92
9
99
9
34
9
64
9
94
9
99
9
14
19
92
9
64
19
31
9
14
9
14
9
74
16
28
9
99
9
44
3
0
18
30
19
61
9
44
9
74
18
90
9
99
9
74
9
74
18
60
9
74
9
99
9
94
17
89
9
32
9
99
9
14
9
94
9
94
18
60
0
30
19
32
9
94
9
94
17
59
9
14
9
34
9
44
9
14
9
94
9
74
17
29
18
90
19
33
8
35
9
74
9
99
0
90
9
7
9
14
9
34
9
44
9
34
9
94
9
94
9
34
9
94
18
30
9
74
16
28
9
34
9
64
19
61
9
64
9
64
15
57
9
74
9
44
16
88
9
94
9
14
9
14
9
64
9
14
9
44
0
40
9
44
9
99
9
74
9
64
9
94
9
42
9
44
0
0
9
44
18
60
9
44
15
27
15
57
9
64
9
94
9
94
9
74
9
44
9
14
9
74
9
44
0
90
16
28
9
64
9
26
16
28
9
14
9
44
9
14
19
92
9
99
18
60
0
30
9
94
9
74
18
90
16
58
19
33
9
99
9
34
18
60
9
94
9
64
18
60
19
92
9
94
9
34
19
61
9
74
9
64
9
99
1
61
19
31
9
34
9
74
9
94
9
13
9
14
9
99
9
94
9
74
9
64
9
64
3
79
4
29
9
64
9
44
9
44
9
99
9
3
9
94
18
90
9
44
9
1
19
62
9
74
9
34
17
59
9
14
9
34
16
88
19
32
9
14
15
87
17
59
9
99
17
89
19
21
9
94
1
61
9
0
9
74
9
14
19
32
9
3
9
88
9
74
9
44
1
21
9
34
9
44
18
60
9
44
0
60
9
14
9
74
9
14
18
30
19
93
9
14
9
66
18
30
9
91
2
49
9
14
17
29
9
34
9
94
9
27
9
34
16
88
9
18
9
74
9
74
3
59
9
34
9
14
9
94
9
74
9
94
2
61
9
94
9
28
9
44
9
46
17
59
9
34
19
92
9
44
17
29
1
19
19
31
9
14
9
94
17
89
9
44
9
2
9
99
9
74
9
64
9
28
9
99
9
74
9
74
9
99
9
57
9
44
9
64
9
14
9
12
9
44
17
29
17
89
9
94
9
8
17
59
9
74
4
50
9
14
9
99
9
99
0
68
9
14
18
30
9
64
16
88
9
64
9
34
9
94
19
61
9
64
2
69
9
64
1
39
16
58
9
14
19
32
15
87
17
89
9
94
9
74
9
61
9
34
19
93
9
48
19
81
2
1
9
94
9
64
9
64
9
86
9
34
9
64
9
99
8
15
9
99
9
64
16
28
2
1
9
48
9
14
1
59
18
90
9
44
9
34
8
95
9
94
19
92
9
44
9
14
9
34
9
74
17
82
9
74
9
34
17
59
9
94
16
88
2
29
19
61
19
33
9
34
1
19
9
14
19
81
17
29
9
94
0
65
9
99
9
14
9
64
16
88
9
64
9
94
3
49
15
87
9
44
9
66
18
60
9
99
9
44
9
34
9
44
9
34
9
99
9
64
9
34
9
64
9
14
9
94
19
61
17
29
9
94
0
20
9
44
9
14
19
92
9
44
9
34
19
62
18
60
9
94
19
61
9
44
0
30
15
87
9
34
9
34
19
31
9
99
9
74
9
64
9
34
17
29
2
39
15
57
9
64
9
94
9
94
1
59
9
99
9
44
18
90
2
59
9
56
18
60
9
64
9
44
9
74
9
99
1
39
9
74
9
74
9
34
9
14
19
23
17
22
9
74
16
58
9
94
9
8
1
59
0
2
9
99
9
64
9
99
19
33
19
82
9
14
19
63
9
34
17
29
9
43
4
41
9
14
4
60
9
44
9
14
9
56
9
94
9
46
9
94
17
22
9
40
19
21
9
44
2
19
9
11
9
74
9
34
3
79
9
94
9
64
9
93
9
94
9
99
9
74
17
89
16
58
1
59
9
74
9
14
9
34
0
70
9
64
1
19
9
99
9
34
9
94
9
94
18
90
9
44
15
57
9
94
9
32
9
64
9
74
9
14
9
34
9
44
3
89
9
14
18
60
1
9
9
74
9
74
9
64
9
89
19
33
9
34
9
14
9
74
9
34
0
58
9
34
9
94
18
90
9
4
9
34
9
17
9
74
9
14
9
62
19
62
9
94
9
74
3
59
9
99
9
34
3
91
9
99
9
74
9
94
9
94
9
94
19
61
9
34
9
94
9
14
9
26
19
62
19
31
19
92
9
64
2
78
17
29
9
94
18
60
9
64
1
49
18
60
9
34
9
14
9
74
16
58
19
31
9
74
9
99
9
14
9
14
19
31
9
94
9
34
19
32
17
29
19
93
17
29
15
27
3
89
9
99
17
59
9
64
19
78
9
14
9
64
17
89
9
56
9
12
9
44
9
94
9
94
8
95
2
9
8
35
17
89
9
44
9
44
9
99
9
14
9
74
9
99
9
14
9
74
15
27
9
64
9
74
1
29
9
74
9
64
16
28
0
85
9
34
17
29
9
99
19
93
9
99
9
99
9
44
19
32
9
74
9
34
17
89
9
64
9
44
9
14
9
34
9
44
9
34
9
34
19
63
18
60
9
64
9
74
9
34
15
87
17
59
9
64
19
62
9
99
9
74
9
74
9
14
17
59
9
44
9
64
3
71
17
59
9
94
9
99
17
29
15
87
16
28
17
29
9
74
9
14
19
32
9
44
9
14
9
72
9
99
9
14
9
64
1
19
9
99
9
64
0
60
17
59
9
94
9
74
9
76
0
30
9
14
9
74
9
99
2
69
9
97
9
74
9
14
0
11
9
68
1
59
9
99
18
60
19
31
9
34
9
99
9
94
9
64
9
34
9
74
9
28
9
64
9
98
9
64
9
99
19
32
9
94
19
92
9
94
9
74
9
14
1
19
4
21
19
92
9
64
17
89
9
2
9
67
9
34
3
69
9
99
3
59
19
63
9
34
9
44
9
14
9
34
19
91
9
64
9
44
9
99
9
44
9
64
17
29
9
94
9
8
18
30
18
30
9
14
9
44
1
1
16
58
1
12
2
9
9
99
9
14
17
59
9
99
9
34
19
92
9
14
9
64
9
74
19
33
9
86
9
99
9
34
16
58
9
99
17
59
17
29
9
99
18
90
19
33
17
29
9
99
9
74
9
64
9
74
3
99
3
89
9
94
9
14
9
74
9
74
9
0
9
14
18
60
9
34
3
81
4
9
9
14
9
26
0
30
9
34
9
78
0
22
19
33
19
63
9
13
9
99
9
94
9
64
0
29
0
16
9
99
16
88
17
59
9
99
9
97
9
34
18
21
4
69
9
64
0
59
9
44
9
74
9
99
9
74
9
74
9
44
9
99
19
32
9
74
1
8
9
99
9
91
9
14
9
99
9
33
9
74
3
9
9
14
9
99
9
8
9
94
9
86
9
99
4
59
17
59
9
32
9
34
1
69
9
74
9
94
9
14
17
29
9
64
9
14
9
14
9
74
9
99
4
41
18
30
0
60
19
31
1
79
18
60
9
92
9
34
19
62
17
29
9
14
17
29
9
64
19
91
19
61
18
60
9
74
15
27
9
34
19
48
9
44
9
99
9
94
9
99
9
74
0
40
19
61
15
57
9
74
0
4
9
94
16
58
9
14
9
94
15
87
9
4
18
90
9
94
17
89
17
89
17
59
17
29
19
91
9
99
2
24
9
94
9
37
9
99
19
61
16
58
9
92
9
14
9
74
0
70
17
59
9
68
9
44
9
99
9
64
9
14
9
64
9
74
18
30
17
29
15
87
9
14
2
71
4
75
9
74
8
75
18
30
9
94
19
61
16
88
9
99
9
94
9
49
9
63
16
28
9
99
19
82
9
64
9
44
15
57
9
74
