4
69
4
75
3
99
5
83
3
29
2
45
5
29
4
56
3
22
3
69
6
89
2
69
2
89
2
79
3
49
4
8
4
37
2
22
3
61
6
16
6
6
5
49
4
7
3
39
3
83
6
75
6
19
5
18
2
99
5
58
5
48
6
97
6
68
3
9
6
98
4
99
4
67
2
99
3
33
3
68
3
89
2
75
3
22
5
99
2
68
5
25
6
29
3
78
2
34
2
48
5
15
5
19
4
46
6
93
6
19
4
9
6
7
2
68
0
80
6
56
4
58
0
0
5
89
0
50
2
46
3
97
3
39
5
38
6
87
5
83
2
48
5
59
2
9
2
5
6
99
6
37
6
17
4
69
4
88
5
52
6
68
3
76
6
54
3
34
5
25
5
25
5
36
3
79
6
68
5
67
2
57
4
29
2
12
2
99
2
64
5
78
4
89
4
99
4
89
3
38
5
14
6
85
2
68
5
83
6
67
2
28
5
18
2
48
5
52
4
79
4
17
2
28
5
9
5
22
4
77
2
36
4
92
2
99
3
18
5
78
4
7
2
79
4
44
2
29
6
95
6
27
3
9
3
2
4
23
3
87
4
19
4
36
6
69
4
68
2
79
5
92
4
22
2
12
3
57
3
6
3
19
6
77
6
99
2
24
3
54
3
85
3
92
2
9
5
78
2
59
5
16
2
9
5
2
5
69
3
13
3
99
3
37
3
0
3
16
4
48
6
39
5
69
3
78
5
99
4
62
3
63
3
49
2
69
4
98
5
88
2
74
4
32
3
96
2
8
5
88
3
83
3
48
0
30
6
17
5
89
3
82
2
46
5
5
5
23
4
33
2
4
4
86
2
67
2
19
3
79
6
19
5
35
3
62
2
99
0
90
4
7
5
4
3
26
2
35
3
23
5
87
5
86
6
26
5
85
3
19
6
64
4
13
6
27
2
56
5
46
5
52
5
54
2
42
6
69
6
39
4
73
5
85
3
7
4
4
3
59
2
4
5
32
0
40
5
37
3
99
5
69
2
56
3
86
4
42
2
39
0
0
2
32
4
45
3
32
2
12
5
42
5
59
2
85
4
86
5
69
2
38
2
3
6
63
2
39
0
90
4
13
4
53
5
31
2
13
2
2
5
39
4
3
5
78
4
97
3
45
0
30
2
86
3
69
3
79
5
43
6
19
4
97
6
25
6
45
2
88
5
57
3
47
5
79
2
87
2
23
4
49
2
68
2
53
2
99
1
61
4
17
3
26
5
66
4
86
5
13
2
9
4
99
2
89
4
69
5
52
2
57
3
76
4
23
5
56
6
35
3
39
2
93
5
3
2
89
3
79
2
39
5
1
5
49
3
69
6
29
2
47
4
7
2
29
5
73
5
19
3
5
2
72
3
44
2
92
3
74
5
21
2
89
1
61
4
1
6
64
6
9
6
17
6
3
6
88
4
66
6
34
1
22
2
25
4
32
5
45
5
36
0
60
3
3
4
69
4
5
3
19
6
79
6
9
3
75
3
18
3
91
2
45
3
3
6
14
2
29
3
88
3
27
3
22
6
73
6
18
6
67
4
62
3
59
5
26
5
5
5
84
6
64
5
82
2
68
5
82
6
28
5
35
2
51
2
46
3
29
5
79
5
32
2
19
1
17
4
18
3
2
3
89
5
74
3
34
4
2
5
97
6
63
4
59
4
28
5
99
2
64
4
68
6
99
4
57
6
39
4
59
6
5
4
12
4
38
2
19
2
74
6
89
6
8
2
48
5
69
4
50
2
9
6
99
5
95
0
68
2
7
3
17
2
56
6
73
6
56
3
23
4
88
4
48
3
57
2
63
2
53
1
32
5
43
4
6
5
18
2
72
2
76
4
87
5
65
2
61
4
24
6
79
3
48
5
81
2
1
5
82
6
58
2
59
3
94
6
26
6
55
4
93
6
15
2
99
2
56
3
13
2
1
6
48
6
3
1
57
3
75
4
34
4
25
5
95
5
89
6
77
3
35
2
9
4
27
2
64
2
83
4
63
4
29
2
45
2
86
2
73
2
25
4
49
6
19
5
28
1
19
3
7
4
81
4
14
5
86
0
65
6
95
6
4
6
57
2
73
6
55
6
85
3
45
3
72
5
37
2
71
3
47
6
94
4
35
6
26
3
39
4
24
6
99
5
59
2
28
6
56
5
5
2
85
4
47
2
16
2
89
0
20
4
39
4
9
5
79
3
36
2
26
5
48
5
45
2
82
4
49
4
39
0
30
5
72
5
28
5
26
4
19
4
98
4
69
5
57
4
28
2
17
2
38
5
42
3
55
2
82
3
88
1
59
4
96
4
34
4
75
2
58
2
62
3
49
6
53
5
32
2
67
5
97
1
33
2
63
6
65
5
25
3
6
6
23
2
24
6
65
6
43
5
89
4
8
1
58
0
2
6
99
6
57
3
93
6
19
6
82
4
9
6
49
6
28
2
19
4
43
4
41
4
9
4
60
2
38
4
3
2
66
6
87
5
46
3
84
2
24
2
36
4
21
6
34
2
19
4
11
2
69
6
29
3
73
5
89
4
54
4
93
3
86
5
96
6
69
2
79
5
43
1
54
2
69
6
5
2
28
0
70
3
52
1
16
5
93
6
34
6
86
3
86
6
75
5
34
5
42
2
85
6
32
4
59
6
69
2
9
5
29
6
34
3
88
6
4
3
48
1
9
6
69
6
64
5
53
4
89
6
18
3
23
6
9
4
66
2
29
0
58
2
26
2
83
4
75
2
2
3
22
5
17
3
62
6
9
5
62
5
47
3
89
4
65
3
52
3
97
3
26
3
91
2
92
5
62
6
85
4
87
4
87
4
49
5
22
2
82
3
7
6
33
5
49
4
19
5
78
4
59
2
78
2
14
3
89
4
45
3
52
1
49
3
46
5
22
2
5
5
67
5
43
4
19
5
68
4
93
5
5
4
9
6
16
4
83
6
24
6
17
5
14
6
79
2
14
3
12
3
86
6
98
4
44
2
54
5
85
2
5
4
59
2
76
2
56
4
12
2
36
5
89
5
82
4
95
2
5
4
35
2
78
5
34
4
39
4
99
5
9
3
64
3
99
3
9
2
62
2
12
4
59
3
69
1
29
4
64
4
59
4
13
0
85
3
28
2
18
4
92
6
79
5
93
2
99
2
39
5
18
3
62
5
29
2
77
3
59
6
38
5
9
5
29
2
37
6
29
6
29
6
49
3
46
3
53
3
69
4
25
4
72
2
45
2
59
6
47
4
92
2
65
6
67
6
9
2
49
6
34
4
53
3
72
2
49
4
83
4
99
2
19
2
72
2
13
2
19
5
69
5
4
5
19
5
39
2
2
3
72
4
94
6
6
5
55
1
14
2
99
5
56
0
60
2
45
6
87
4
67
6
76
0
30
6
7
3
65
3
97
2
69
5
97
2
67
5
4
0
11
2
68
1
57
5
94
4
45
4
17
4
29
5
99
4
83
5
59
5
29
2
66
3
28
5
54
2
98
4
52
3
96
5
19
6
86
5
77
2
87
3
67
2
3
1
18
4
21
5
79
2
53
2
77
2
2
4
67
2
28
3
69
3
96
3
59
6
49
4
28
4
39
3
9
2
27
4
77
2
55
5
39
4
99
4
37
6
58
2
15
6
89
6
8
3
19
3
16
4
9
5
35
1
1
5
43
1
12
2
9
6
98
3
6
2
47
3
95
5
23
6
77
5
3
6
59
4
62
6
19
3
96
6
96
2
22
6
43
3
98
2
49
5
14
2
99
3
79
6
19
2
19
6
98
5
62
2
53
6
64
3
94
3
82
5
88
6
7
6
66
5
65
3
5
2
5
3
47
4
29
3
81
4
7
5
9
4
33
0
30
5
23
4
78
0
22
6
19
6
49
3
14
4
92
2
86
3
56
0
29
0
16
3
99
2
73
2
49
3
93
4
97
2
29
3
21
4
69
6
57
0
58
2
39
6
74
6
94
5
68
3
66
3
37
2
98
5
19
3
68
1
8
3
92
5
91
6
9
5
99
5
33
4
65
3
5
2
4
3
95
6
8
2
82
4
91
6
95
4
53
2
44
4
32
5
25
1
67
5
63
2
82
2
5
2
16
2
53
3
9
6
14
2
65
6
99
4
48
3
15
0
60
4
18
1
75
3
49
5
92
6
25
5
49
3
14
5
4
2
19
6
59
4
77
4
49
3
47
6
66
4
12
4
24
6
57
4
38
2
98
5
82
5
99
5
63
0
40
4
49
3
42
2
67
0
4
3
86
6
43
3
4
6
89
5
72
6
4
3
78
3
89
2
79
6
74
2
49
2
19
4
79
2
95
2
24
2
88
3
37
2
99
6
46
6
43
4
92
5
5
3
64
0
70
2
45
2
68
6
36
4
93
2
55
4
9
2
55
3
64
6
15
2
19
3
72
4
9
2
71
4
75
2
66
6
75
4
15
6
88
6
46
3
73
3
96
2
86
6
53
3
64
4
13
5
93
6
83
6
59
6
35
2
42
3
66
