9
72
9
81
9
99
9
89
9
31
8
50
9
33
9
62
9
28
9
71
9
94
8
70
8
90
8
80
9
51
9
12
9
42
8
28
9
59
10
22
9
12
11
53
9
12
9
41
9
89
9
81
12
24
11
23
8
99
9
63
11
53
9
99
9
74
9
11
9
99
9
99
9
72
8
99
9
39
9
62
9
91
8
80
9
28
9
99
8
70
9
31
9
34
9
81
8
40
8
50
9
21
11
23
10
52
9
99
12
24
9
12
9
13
8
70
0
80
9
62
9
62
0
0
9
93
0
50
8
50
9
91
9
41
9
43
9
93
9
89
8
42
9
63
8
10
8
10
9
99
9
37
11
23
9
72
9
92
9
58
9
74
9
81
9
60
9
40
9
31
9
31
9
42
9
81
9
74
9
73
8
60
9
32
8
18
8
99
8
70
11
83
9
92
9
99
9
92
9
41
9
20
9
91
8
70
9
89
9
73
8
30
11
23
8
50
9
58
10
82
10
22
8
28
9
13
9
28
10
82
8
40
9
98
8
99
9
21
11
83
9
12
8
80
9
50
8
30
9
99
9
33
9
11
9
8
9
29
9
91
10
22
9
42
9
74
9
72
8
80
9
98
9
28
8
18
9
61
9
11
9
21
11
83
9
99
8
30
9
60
9
91
9
98
8
10
11
83
8
60
10
22
8
10
9
8
9
73
9
19
9
99
9
41
3
0
9
21
10
52
9
44
9
73
9
81
9
99
9
68
9
69
9
51
8
70
9
99
9
93
8
80
9
32
9
99
8
10
9
93
9
89
9
51
0
30
11
23
9
93
9
88
8
50
9
11
9
29
9
39
8
10
9
92
8
70
8
20
9
81
12
24
8
35
9
68
8
99
0
90
9
7
9
10
9
31
8
40
9
29
9
93
9
92
9
32
9
91
9
21
9
70
9
19
9
33
8
60
10
52
9
58
9
60
8
48
9
74
9
44
9
79
9
91
9
11
9
10
9
61
8
10
9
38
0
40
9
43
9
99
9
73
8
60
9
91
9
42
8
40
0
0
8
38
9
51
9
38
8
18
9
48
9
63
8
90
9
92
9
73
8
40
8
9
9
69
8
40
0
90
9
19
9
59
9
27
8
19
8
8
9
43
9
9
11
83
9
99
9
51
0
30
8
90
9
71
9
81
9
49
12
24
9
99
9
31
9
51
8
90
9
63
9
51
11
83
8
90
8
29
10
52
8
70
8
59
8
99
1
61
10
22
9
31
9
72
9
92
9
13
8
10
9
99
8
90
9
72
9
58
8
60
3
79
4
29
9
62
9
41
9
41
8
99
9
3
8
90
9
81
8
40
9
1
11
53
9
71
9
34
8
50
9
12
8
30
9
79
11
23
9
11
8
78
9
50
8
98
9
80
11
21
8
90
1
61
9
0
9
70
9
14
11
23
9
3
9
88
9
72
9
40
1
21
8
30
9
38
9
51
9
42
0
60
9
9
9
72
9
11
9
21
12
84
9
14
9
69
9
21
9
91
2
49
9
9
9
20
8
30
9
91
9
27
9
28
9
79
9
18
9
73
9
68
3
59
9
32
9
11
9
90
9
70
9
88
2
62
9
88
9
28
9
41
8
50
8
50
9
31
11
83
9
38
8
20
1
19
10
22
9
8
9
91
9
80
9
40
9
2
9
99
9
69
9
62
9
28
9
99
8
70
9
72
9
99
9
57
9
44
9
62
9
11
9
12
9
42
8
20
8
80
9
94
9
8
8
50
9
73
4
50
8
10
9
99
9
99
0
68
8
10
9
21
8
60
9
79
9
62
9
29
9
92
10
52
9
61
2
69
8
59
1
38
9
49
9
12
11
23
8
78
8
80
9
92
9
71
8
61
9
30
12
84
9
48
11
81
2
1
9
88
9
64
8
60
9
89
9
32
9
61
9
99
8
15
8
99
8
60
9
19
2
1
9
48
9
9
1
59
9
81
9
40
9
31
8
95
9
93
11
83
9
41
8
10
9
32
8
70
8
83
9
69
9
32
8
50
8
90
8
79
2
29
10
52
12
24
9
33
1
19
9
11
10
81
9
20
9
92
0
65
9
99
9
10
9
63
8
79
9
61
9
91
3
49
9
78
9
43
8
70
9
51
9
99
9
41
9
32
9
41
9
30
9
99
9
63
8
30
9
62
9
11
8
90
10
52
8
20
8
90
0
20
9
42
9
12
11
83
9
41
8
30
11
53
9
51
8
88
10
52
9
42
0
30
9
78
9
33
9
32
10
22
9
99
9
72
9
63
9
32
8
20
2
39
9
48
9
61
8
88
9
91
1
59
9
99
9
40
9
81
2
59
8
60
9
51
9
59
9
38
8
70
9
99
1
39
8
69
9
71
9
31
9
11
12
23
8
24
9
71
9
49
9
93
9
8
1
59
0
2
9
99
9
63
9
99
12
24
12
82
9
12
12
54
9
34
8
20
9
43
4
41
9
12
4
60
8
40
9
9
8
60
9
93
9
46
9
90
8
24
8
40
10
21
9
40
2
19
9
11
8
70
9
34
3
79
9
93
9
60
9
93
9
91
9
99
9
74
8
80
9
49
1
59
8
70
9
11
8
30
0
70
9
58
1
19
9
99
9
34
9
92
9
91
9
81
9
40
9
48
8
90
9
32
9
62
9
74
8
10
9
33
9
40
3
89
9
10
9
51
1
9
9
74
9
70
9
59
9
89
12
24
9
29
9
14
9
72
8
30
0
58
8
30
8
89
9
81
8
2
9
28
9
17
9
68
9
14
9
62
11
53
9
91
9
71
3
58
9
99
9
31
3
91
8
98
9
68
9
91
9
92
9
92
10
52
9
28
8
88
9
11
9
27
11
53
10
22
11
83
9
62
2
78
8
20
9
91
9
51
9
58
1
49
9
51
9
28
8
10
9
73
9
49
10
22
9
73
9
99
9
11
9
12
10
22
9
89
9
30
11
23
9
20
12
84
8
20
9
18
3
89
9
99
9
50
8
60
11
81
8
10
9
62
8
80
8
56
9
12
8
40
9
93
9
88
8
95
2
9
8
35
8
80
9
40
9
42
9
99
9
13
9
70
9
99
9
11
8
68
8
18
9
62
9
71
1
29
9
70
9
62
9
19
0
85
9
31
8
20
9
98
12
84
9
99
8
99
8
40
11
23
9
68
9
33
8
80
9
61
9
44
9
13
9
33
8
40
9
34
9
34
12
54
9
51
9
59
9
71
9
31
9
78
8
50
8
60
11
53
9
98
8
70
9
73
9
14
8
50
9
40
9
59
3
71
8
50
9
89
9
99
8
20
8
78
8
19
8
20
9
73
9
10
11
23
9
43
8
8
9
72
9
99
9
12
9
61
1
19
8
99
9
62
0
60
8
50
9
93
9
72
9
76
0
30
9
13
9
71
9
99
2
69
9
97
8
70
9
10
0
11
8
68
1
59
9
99
9
51
10
22
9
32
9
99
9
89
9
63
9
33
8
70
9
28
9
60
8
98
9
58
9
99
11
23
9
92
11
83
8
90
9
71
8
9
1
19
4
21
11
83
8
59
8
80
8
2
9
67
8
30
3
69
9
99
3
59
12
54
9
32
9
42
9
11
8
30
10
82
8
60
9
43
9
99
9
42
9
64
8
20
9
94
9
8
9
21
9
21
9
12
9
41
1
1
9
49
1
12
2
9
9
99
9
11
8
50
9
99
9
29
11
83
9
9
9
64
9
68
12
24
9
90
9
99
8
28
9
49
9
99
8
50
9
20
8
99
9
81
12
24
8
20
9
99
9
68
8
59
9
70
3
99
3
88
9
93
9
13
9
72
9
71
9
0
8
10
9
51
9
32
3
81
4
9
9
13
9
28
0
30
9
29
9
78
0
22
12
24
12
54
9
13
9
98
8
90
9
61
0
29
0
16
9
99
8
79
8
50
9
99
9
97
8
30
9
21
4
69
9
63
0
59
8
40
9
74
9
99
9
73
9
71
9
41
8
99
11
23
9
71
1
8
9
98
9
91
9
14
9
99
9
33
9
71
3
9
8
10
9
99
9
8
8
88
9
88
9
99
4
59
8
50
9
32
9
31
1
69
9
69
8
88
8
10
8
20
8
59
9
11
9
14
8
70
9
99
4
42
9
21
0
60
10
22
1
79
9
51
9
92
9
31
11
53
9
20
9
10
8
20
9
64
10
82
10
52
9
51
9
72
9
18
9
30
11
51
9
42
8
99
9
88
9
99
9
69
0
40
10
52
9
48
8
70
0
4
9
91
9
49
9
10
9
94
9
78
9
4
9
81
9
91
8
80
9
80
8
50
8
20
10
82
8
99
2
24
8
90
9
37
8
99
10
52
9
49
9
92
9
11
9
70
0
70
8
50
8
68
9
42
9
99
8
60
9
12
8
60
9
70
9
21
8
20
9
78
9
12
2
71
4
75
8
70
8
75
9
21
9
94
10
52
9
79
9
99
8
90
9
49
9
63
9
19
9
99
12
82
9
64
9
41
8
48
9
71
