9
44
9
64
9
99
9
34
9
94
14
86
15
57
9
14
9
34
9
44
9
14
9
44
9
14
16
28
13
55
9
94
15
27
9
34
9
64
15
87
9
99
14
86
15
57
9
44
9
94
16
28
9
14
15
27
9
44
9
34
9
64
9
94
9
74
9
14
13
55
9
64
9
74
9
94
9
14
9
14
9
94
9
64
13
85
9
14
9
94
13
25
15
87
9
34
9
64
0
50
18
30
9
74
9
74
9
14
9
99
9
74
17
29
0
90
14
26
16
88
15
57
9
14
9
74
9
64
13
25
9
44
16
28
9
44
13
25
14
86
16
88
16
28
9
34
9
64
16
58
9
74
17
89
9
94
13
25
9
14
9
74
14
26
9
94
14
56
13
55
9
94
9
99
9
94
9
99
9
44
9
64
18
90
17
89
12
24
9
74
16
28
9
64
15
27
9
44
9
44
9
14
17
59
9
34
9
74
13
85
15
27
9
63
9
44
9
64
9
34
9
74
13
55
14
86
9
14
9
14
9
44
9
94
9
34
9
44
9
94
16
28
9
99
9
14
9
34
9
34
14
86
9
99
9
14
9
34
9
44
2
60
9
99
9
99
0
40
9
64
9
34
14
26
9
14
9
44
16
28
9
74
17
29
14
56
16
58
9
94
14
86
14
56
9
44
0
50
15
57
17
59
12
24
9
74
9
64
15
87
9
14
9
34
9
64
9
99
9
34
13
85
9
14
17
89
9
14
13
85
9
99
9
14
9
99
9
74
9
14
16
58
17
59
9
14
9
99
13
25
9
64
15
57
9
44
9
99
9
44
9
14
9
14
9
34
9
34
15
87
9
64
9
14
9
34
9
34
9
99
9
94
9
64
0
90
9
99
9
94
16
88
9
74
9
74
15
27
9
34
17
29
9
32
9
34
9
14
9
74
9
44
15
57
9
64
9
99
9
99
15
87
9
64
17
29
9
34
9
74
9
99
15
27
14
26
9
44
9
34
0
80
9
44
9
34
9
34
14
86
9
64
9
74
9
99
9
94
9
44
9
74
12
24
13
25
9
94
9
94
9
99
9
64
9
94
9
64
15
57
14
56
9
94
17
89
14
86
14
56
18
30
17
59
9
34
9
44
16
28
18
90
14
26
9
64
9
34
14
86
14
56
9
14
9
94
9
34
9
6
9
94
15
57
16
28
15
57
9
99
9
14
9
74
9
14
18
60
18
60
9
74
9
74
9
94
14
56
9
74
9
64
15
87
0
50
0
60
9
64
9
64
9
99
12
54
9
64
9
34
9
74
9
14
9
34
12
54
18
90
9
34
9
99
9
74
9
64
14
56
15
57
9
99
9
94
17
29
0
12
18
90
9
34
9
44
16
28
9
34
9
99
17
89
9
44
9
99
9
38
9
44
18
90
9
44
9
74
15
57
9
94
9
14
9
99
9
14
9
99
9
4
16
28
9
14
9
57
9
64
9
26
9
94
9
44
9
64
13
55
9
34
12
54
17
29
16
28
9
64
9
44
9
99
9
74
9
34
9
74
9
34
9
14
15
87
9
74
17
89
16
58
9
99
3
29
9
94
18
30
9
99
1
39
15
87
12
24
9
44
14
86
9
99
9
64
9
14
9
74
9
64
9
99
12
54
9
14
16
28
17
29
9
34
13
55
9
34
9
34
18
30
9
14
9
34
9
99
9
99
9
44
14
86
18
60
9
74
14
26
9
74
9
74
9
64
14
86
9
99
9
99
12
54
9
94
9
34
9
94
13
25
0
40
9
14
14
86
9
74
9
44
12
84
9
14
9
94
9
74
9
14
15
87
9
94
9
34
18
90
9
14
9
44
9
34
17
89
9
99
9
99
9
64
14
26
9
99
9
14
14
23
9
99
9
94
14
86
9
74
9
44
15
87
13
55
9
34
9
74
9
64
9
94
14
56
9
26
17
89
9
99
9
14
9
34
9
44
9
99
0
80
13
85
9
99
16
88
9
94
17
59
9
64
9
74
17
59
9
34
9
14
16
21
9
94
9
94
17
59
1
99
9
44
9
44
14
56
15
57
9
14
15
87
13
25
16
88
16
28
16
28
9
14
9
64
9
34
9
94
9
14
9
64
9
99
9
44
0
70
16
52
9
94
9
99
17
59
15
57
9
99
9
94
9
94
9
44
9
34
9
94
9
94
9
94
9
94
13
55
9
74
9
44
9
34
0
50
15
57
9
94
9
34
9
74
9
74
9
74
9
44
9
44
9
14
9
44
9
14
9
44
9
18
14
56
9
93
9
14
9
34
9
99
9
94
9
34
9
14
9
44
9
99
1
1
9
64
9
74
0
70
9
74
9
14
9
43
9
93
9
14
9
14
14
56
9
14
9
99
9
14
9
64
9
94
9
64
14
26
9
44
13
25
17
89
9
34
4
69
9
44
9
44
9
44
9
44
9
14
9
14
9
93
13
85
15
87
9
74
9
14
2
69
9
64
9
99
0
80
9
64
9
74
17
89
9
34
9
64
9
34
0
10
9
99
9
33
9
14
9
63
9
44
16
28
9
14
9
34
9
34
9
34
13
55
17
29
18
30
9
94
9
99
9
14
9
44
9
99
0
84
9
74
9
94
9
64
9
94
15
27
9
14
9
14
9
74
9
74
9
14
9
64
16
28
17
59
9
64
15
87
16
28
9
64
9
12
18
90
9
74
9
64
16
28
9
74
18
90
9
44
9
64
9
64
8
5
9
44
9
74
13
25
13
55
9
74
12
54
9
64
9
44
9
14
9
64
9
94
9
14
9
44
9
44
14
56
9
74
9
94
9
99
9
74
9
99
18
30
17
29
9
44
9
38
9
34
9
64
9
14
16
28
9
77
9
64
18
60
9
34
9
64
1
52
9
34
14
86
9
74
9
99
9
99
9
74
9
99
9
94
9
14
9
14
9
94
12
84
9
34
9
64
9
92
14
56
9
99
9
99
9
14
15
57
15
57
14
26
9
44
9
44
9
44
16
58
4
9
9
99
14
26
9
14
9
64
9
94
9
99
9
44
9
99
9
94
15
87
9
14
9
99
9
94
9
74
9
14
9
34
15
57
9
99
15
27
9
44
9
64
9
99
14
26
9
14
13
55
18
30
9
94
9
34
9
74
9
34
13
55
1
79
9
64
14
26
12
24
9
74
9
94
9
99
17
59
9
34
9
64
9
64
14
26
9
99
9
34
9
99
9
34
9
94
9
34
9
74
14
56
9
14
16
58
9
14
9
64
9
44
9
64
9
14
13
25
16
28
15
57
9
94
13
25
9
64
9
14
17
89
9
74
9
99
4
69
12
84
17
29
9
14
18
90
9
14
9
64
9
74
13
85
9
44
9
74
9
44
15
27
9
99
9
14
18
90
9
44
9
14
16
28
12
84
9
64
9
64
9
14
1
89
13
55
9
34
9
14
9
94
3
39
9
14
9
94
9
74
9
34
18
30
9
99
15
57
9
74
0
36
9
99
9
14
9
94
16
58
9
94
9
34
9
99
2
99
16
22
9
74
9
99
9
94
15
27
9
34
9
74
9
88
12
24
9
14
9
64
17
59
15
51
9
44
15
27
9
99
9
99
16
58
9
44
9
34
9
44
9
99
18
90
0
70
0
60
18
90
9
14
9
44
9
31
9
34
12
24
9
99
9
14
18
60
9
64
15
87
13
25
9
14
9
44
9
64
9
44
15
87
9
64
15
57
12
24
9
74
12
24
9
14
2
30
14
86
0
40
9
34
1
39
18
30
9
34
14
86
17
59
9
74
9
44
9
97
17
29
9
14
9
34
9
94
9
77
15
57
9
94
9
14
9
14
9
34
9
94
14
26
0
60
9
14
16
88
9
44
9
99
16
28
3
9
17
59
12
24
9
14
13
55
0
50
9
64
9
74
15
87
9
44
15
27
16
88
9
44
14
26
9
34
9
99
9
94
9
94
9
44
9
94
9
24
9
94
13
85
9
64
9
14
4
19
0
70
9
64
9
34
9
99
9
94
16
58
0
50
9
44
13
25
9
64
13
25
9
94
9
64
13
55
18
90
9
99
9
74
14
26
9
14
17
89
9
64
13
25
9
99
9
99
9
94
1
39
9
34
9
64
17
59
9
94
16
58
9
44
9
14
18
30
9
64
9
64
16
58
9
34
9
94
13
55
9
64
9
99
9
44
9
14
9
44
17
29
9
64
17
89
9
67
9
14
9
44
9
14
17
59
9
74
14
56
9
14
9
14
18
30
9
99
9
14
9
34
9
39
9
74
9
34
18
30
9
64
9
44
9
94
9
34
9
94
9
99
18
90
17
29
9
34
17
59
9
34
16
88
9
94
9
64
16
28
9
44
9
14
9
99
17
59
9
94
17
22
18
30
9
94
16
58
18
90
14
86
2
69
9
44
0
0
9
44
9
44
9
71
9
14
1
19
3
9
15
27
9
99
17
89
9
14
9
74
9
64
9
14
9
64
9
34
17
89
9
74
9
64
14
26
9
74
9
74
9
14
9
44
