4
39
5
59
4
99
2
26
2
88
2
79
3
49
4
7
2
25
2
34
5
6
3
37
2
3
4
16
4
43
3
89
3
19
5
29
5
59
5
75
6
94
2
75
5
45
6
33
3
84
4
18
5
5
3
19
6
39
2
27
5
59
5
83
5
67
5
6
5
43
4
59
2
64
6
84
4
7
5
6
5
89
5
53
5
73
3
6
2
85
2
13
4
75
5
25
3
53
0
50
6
19
2
62
3
63
5
5
3
97
6
67
5
17
0
90
2
18
4
79
3
48
3
7
3
69
3
57
4
13
2
39
5
16
6
34
4
13
2
74
4
79
4
17
6
24
5
59
6
46
6
69
6
77
6
87
3
13
6
9
3
68
3
14
5
86
2
49
4
43
5
87
4
99
5
87
3
97
5
36
4
58
6
78
5
78
3
12
3
68
4
17
4
53
3
15
4
39
5
36
3
5
5
49
3
23
6
67
3
73
3
16
2
64
6
34
4
53
5
24
4
69
6
43
2
76
2
9
3
5
3
36
6
85
4
24
2
37
5
87
4
19
6
99
6
4
6
29
4
22
6
74
6
99
3
2
2
25
4
34
2
60
2
93
6
99
0
40
2
59
5
22
5
14
4
2
5
34
4
19
4
69
5
19
3
44
4
49
5
86
5
74
5
44
4
36
0
50
3
49
5
48
3
12
3
62
3
52
5
75
4
7
4
23
3
52
5
97
6
26
3
73
4
2
5
79
4
9
5
73
6
97
4
5
5
99
3
69
5
9
4
49
5
49
3
4
4
95
4
13
3
57
6
45
5
35
4
94
4
36
6
4
5
9
5
28
6
24
3
77
6
54
2
9
2
22
2
29
6
99
6
86
4
58
0
90
4
96
5
87
4
78
6
68
3
69
3
15
3
23
6
17
2
32
4
23
2
6
6
66
4
35
3
46
2
59
3
93
6
98
4
75
2
57
5
19
6
23
4
69
5
93
6
15
2
16
4
35
2
29
0
80
5
32
4
24
2
24
2
79
2
54
3
65
3
97
2
83
2
33
6
69
5
12
4
13
6
89
6
89
3
93
4
59
4
82
4
59
5
45
6
44
3
85
5
78
2
79
2
47
6
18
5
49
4
29
2
37
4
18
6
79
5
14
5
59
4
28
2
76
2
47
4
4
4
89
3
24
3
6
2
85
4
45
4
17
3
49
3
99
5
7
3
69
4
9
6
49
6
49
6
66
5
65
2
85
2
44
5
69
6
53
3
76
0
50
0
60
6
57
4
59
5
99
4
42
6
59
2
29
6
69
5
9
3
25
5
42
6
79
4
27
4
93
5
69
3
53
2
47
3
45
6
99
5
89
5
19
0
12
6
79
4
23
5
39
6
16
5
29
3
94
5
78
4
33
5
94
5
38
6
33
6
78
6
38
3
69
6
45
6
85
4
5
2
95
2
7
5
97
4
4
4
19
4
2
4
57
3
59
6
26
3
83
2
34
6
59
6
43
4
26
3
42
5
17
6
16
4
54
6
38
2
92
3
69
5
29
5
63
4
25
5
9
3
77
5
65
5
79
4
49
6
94
3
22
4
87
6
19
2
93
1
37
3
76
4
12
4
38
2
74
3
99
6
53
2
8
4
62
6
59
3
99
2
42
5
3
6
16
5
17
5
28
5
43
4
28
4
29
6
19
2
9
3
28
2
97
3
93
2
35
2
79
6
49
3
69
6
14
5
63
4
64
3
59
2
78
4
99
4
93
5
42
3
86
6
29
3
88
6
13
0
40
6
6
6
74
2
69
6
34
5
72
5
2
2
89
6
69
3
9
3
79
5
87
6
25
6
79
5
5
6
39
2
29
5
79
5
96
4
94
2
57
6
14
2
99
3
5
2
23
4
97
4
84
2
79
4
64
2
36
5
75
4
43
6
26
6
66
2
59
5
85
3
44
6
26
5
79
4
99
3
6
6
28
5
32
3
95
0
80
6
73
4
96
4
78
2
89
5
47
2
59
4
64
5
48
2
29
6
9
4
21
3
88
5
89
5
49
1
92
2
39
6
39
2
49
3
45
6
5
6
75
4
13
6
76
4
19
4
19
2
6
2
56
6
29
3
83
5
9
2
58
5
95
3
35
0
70
4
52
5
89
4
99
5
49
3
48
5
93
6
89
5
84
3
35
3
23
3
88
6
89
6
85
6
86
5
43
4
65
5
39
5
29
0
50
3
47
3
82
4
25
5
69
4
69
4
69
2
36
4
34
4
6
2
37
3
3
2
34
4
18
2
49
5
94
6
5
5
29
3
92
2
87
4
26
3
6
6
39
3
96
1
1
4
52
5
69
0
70
2
67
6
6
6
43
3
93
5
6
6
9
5
44
4
7
4
99
5
3
4
55
4
89
3
55
2
15
2
34
2
13
5
79
4
26
4
69
2
35
3
33
5
39
4
39
5
9
2
5
2
93
4
73
3
79
2
68
5
5
2
69
3
55
5
94
0
80
2
59
3
63
5
77
4
27
4
54
4
27
0
10
6
93
5
34
6
8
4
63
5
32
4
16
3
5
4
27
2
25
5
25
3
43
5
17
6
18
5
84
2
95
5
4
6
39
2
99
0
84
2
69
3
87
2
58
2
86
3
15
2
6
6
9
3
63
5
64
3
4
2
55
6
16
6
47
4
56
5
75
4
18
3
57
2
12
6
79
3
67
5
57
4
19
3
69
6
78
3
39
5
56
2
59
3
5
5
35
6
64
6
13
3
43
3
65
3
42
5
54
3
39
2
4
5
59
6
89
5
6
4
39
4
39
2
49
3
65
3
89
6
98
2
63
6
97
6
19
5
19
4
35
3
38
3
29
3
59
4
8
4
16
5
77
5
52
6
48
5
29
3
56
1
52
6
29
2
76
5
69
5
93
6
99
6
69
2
99
6
85
3
8
5
3
2
86
5
72
4
29
5
54
4
92
2
49
6
93
2
98
2
9
3
49
3
49
2
15
3
39
4
35
2
35
4
48
4
9
4
96
2
19
6
9
6
59
2
84
4
99
6
39
4
95
2
89
3
79
2
2
2
99
3
89
6
69
5
6
3
22
3
49
4
99
3
19
4
37
6
58
5
98
6
14
6
5
2
43
6
19
2
82
2
22
4
67
5
25
5
43
2
73
3
52
2
17
4
12
5
69
6
87
3
98
5
49
3
26
4
55
4
54
2
14
6
95
4
26
2
99
6
29
2
89
3
29
5
66
2
46
5
5
6
46
5
9
6
55
2
39
3
59
5
5
6
13
5
16
6
45
2
89
3
13
6
57
3
9
5
79
5
69
2
96
4
68
2
72
5
19
5
8
6
79
6
8
2
55
3
68
3
73
2
39
2
69
5
35
3
16
4
99
2
3
6
79
3
35
3
7
4
19
5
72
6
55
3
55
5
2
1
88
5
43
6
24
6
9
4
89
3
38
5
9
3
87
3
66
4
29
6
18
3
95
3
47
6
66
0
36
2
93
5
3
2
86
4
46
4
87
3
27
6
98
2
97
4
23
2
69
5
98
6
83
3
16
5
25
4
65
4
88
3
12
6
3
4
59
5
49
3
51
2
36
6
15
5
92
4
96
4
49
6
36
2
27
4
32
2
95
6
78
0
70
0
60
6
79
4
9
3
39
4
31
3
24
5
12
5
96
5
9
6
49
3
56
3
76
3
13
2
8
3
37
6
56
2
35
5
75
5
54
3
48
2
12
6
63
2
12
2
4
2
30
2
79
0
40
4
22
1
35
6
19
4
22
2
76
5
47
2
65
5
33
3
97
6
17
2
5
6
28
4
85
4
77
6
45
2
89
6
4
4
14
5
23
4
89
4
14
0
60
2
4
4
76
6
33
3
96
5
16
3
3
5
49
4
12
4
9
2
43
0
50
4
58
3
69
6
75
3
36
3
17
4
77
2
39
4
14
5
27
6
93
6
88
4
89
5
36
6
89
4
24
3
85
5
73
3
52
6
5
4
19
0
70
5
59
2
23
2
99
4
86
4
49
0
50
4
33
6
13
3
59
2
13
4
83
4
58
5
43
6
79
3
97
3
63
2
17
2
2
6
77
4
59
3
13
3
99
2
93
6
88
1
39
3
22
3
55
5
49
4
86
4
49
4
39
3
9
6
18
3
56
3
55
6
46
2
26
5
85
5
43
5
52
5
98
4
39
4
9
5
37
5
19
4
57
5
78
2
67
5
2
2
38
6
9
5
49
4
64
2
48
5
6
2
3
6
19
3
97
3
9
5
25
5
39
2
66
4
27
6
19
4
55
2
39
3
82
2
29
5
88
6
98
6
79
5
18
5
23
5
49
5
24
4
78
3
89
4
56
4
19
4
34
5
7
3
94
5
49
4
89
5
24
6
18
4
82
4
46
6
79
2
74
2
68
6
34
0
0
3
37
3
37
4
71
5
2
1
12
3
9
3
16
6
94
5
79
4
3
3
63
2
59
6
9
5
55
5
28
5
79
3
68
6
56
6
14
3
65
3
67
5
9
4
35
