9
44
9
64
9
99
9
34
9
94
19
94
19
64
9
14
9
34
9
44
9
14
9
44
9
14
19
34
19
63
9
94
19
34
9
34
9
64
19
94
9
99
19
94
19
64
9
44
9
94
19
34
9
14
19
34
9
44
9
34
9
64
9
94
9
74
9
14
19
63
9
64
9
74
9
94
9
14
9
14
9
94
9
64
19
93
9
14
9
94
19
33
19
94
9
34
9
64
0
50
19
34
9
74
9
74
9
14
9
99
9
74
19
34
0
90
19
34
19
94
19
64
9
14
9
74
9
64
19
33
9
44
19
34
9
44
19
33
19
94
19
94
19
34
9
34
9
64
19
64
9
74
19
94
9
94
19
33
9
14
9
74
19
34
9
94
19
64
19
63
9
94
9
99
9
94
9
99
9
44
9
64
19
94
19
94
19
32
9
74
19
34
9
64
19
34
9
44
9
44
9
14
19
64
9
34
9
74
19
93
19
34
9
63
9
44
9
64
9
34
9
74
19
63
19
94
9
14
9
14
9
44
9
94
9
34
9
44
9
94
19
34
9
99
9
14
9
34
9
34
19
94
9
99
9
14
9
34
9
44
2
60
9
99
9
99
0
40
9
64
9
34
19
34
9
14
9
44
19
34
9
74
19
34
19
64
19
64
9
94
19
94
19
64
9
44
0
50
19
64
19
64
19
32
9
74
9
64
19
94
9
14
9
34
9
64
9
99
9
34
19
93
9
14
19
94
9
14
19
93
9
99
9
14
9
99
9
74
9
14
19
64
19
64
9
14
9
99
19
33
9
64
19
64
9
44
9
99
9
44
9
14
9
14
9
34
9
34
19
94
9
64
9
14
9
34
9
34
9
99
9
94
9
64
0
90
9
99
9
94
19
94
9
74
9
74
19
34
9
34
19
34
9
32
9
34
9
14
9
74
9
44
19
64
9
64
9
99
9
99
19
94
9
64
19
34
9
34
9
74
9
99
19
34
19
34
9
44
9
34
0
80
9
44
9
34
9
34
19
94
9
64
9
74
9
99
9
94
9
44
9
74
19
32
19
33
9
94
9
94
9
99
9
64
9
94
9
64
19
64
19
64
9
94
19
94
19
94
19
64
19
34
19
64
9
34
9
44
19
34
19
94
19
34
9
64
9
34
19
94
19
64
9
14
9
94
9
34
9
6
9
94
19
64
19
34
19
64
9
99
9
14
9
74
9
14
19
64
19
64
9
74
9
74
9
94
19
64
9
74
9
64
19
94
0
50
0
60
9
64
9
64
9
99
19
62
9
64
9
34
9
74
9
14
9
34
19
62
19
94
9
34
9
99
9
74
9
64
19
64
19
64
9
99
9
94
19
34
0
12
19
94
9
34
9
44
19
34
9
34
9
99
19
94
9
44
9
99
9
38
9
44
19
94
9
44
9
74
19
64
9
94
9
14
9
99
9
14
9
99
9
4
19
34
9
14
9
57
9
64
9
26
9
94
9
44
9
64
19
63
9
34
19
62
19
34
19
34
9
64
9
44
9
99
9
74
9
34
9
74
9
34
9
14
19
94
9
74
19
94
19
64
9
99
3
29
9
94
19
34
9
99
1
39
19
94
19
32
9
44
19
94
9
99
9
64
9
14
9
74
9
64
9
99
19
62
9
14
19
34
19
34
9
34
19
63
9
34
9
34
19
34
9
14
9
34
9
99
9
99
9
44
19
94
19
64
9
74
19
34
9
74
9
74
9
64
19
94
9
99
9
99
19
62
9
94
9
34
9
94
19
33
0
40
9
14
19
94
9
74
9
44
19
92
9
14
9
94
9
74
9
14
19
94
9
94
9
34
19
94
9
14
9
44
9
34
19
94
9
99
9
99
9
64
19
34
9
99
9
14
19
23
9
99
9
94
19
94
9
74
9
44
19
94
19
63
9
34
9
74
9
64
9
94
19
64
9
26
19
94
9
99
9
14
9
34
9
44
9
99
0
80
19
93
9
99
19
94
9
94
19
64
9
64
9
74
19
64
9
34
9
14
19
21
9
94
9
94
19
64
1
99
9
44
9
44
19
64
19
64
9
14
19
94
19
33
19
94
19
34
19
34
9
14
9
64
9
34
9
94
9
14
9
64
9
99
9
44
0
70
19
52
9
94
9
99
19
64
19
64
9
99
9
94
9
94
9
44
9
34
9
94
9
94
9
94
9
94
19
63
9
74
9
44
9
34
0
50
19
64
9
94
9
34
9
74
9
74
9
74
9
44
9
44
9
14
9
44
9
14
9
44
9
18
19
64
9
93
9
14
9
34
9
99
9
94
9
34
9
14
9
44
9
99
1
1
9
64
9
74
0
70
9
74
9
14
9
43
9
93
9
14
9
14
19
64
9
14
9
99
9
14
9
64
9
94
9
64
19
34
9
44
19
33
19
94
9
34
4
69
9
44
9
44
9
44
9
44
9
14
9
14
9
93
19
93
19
94
9
74
9
14
2
69
9
64
9
99
0
80
9
64
9
74
19
94
9
34
9
64
9
34
0
10
9
99
9
33
9
14
9
63
9
44
19
34
9
14
9
34
9
34
9
34
19
63
19
34
19
34
9
94
9
99
9
14
9
44
9
99
0
84
9
74
9
94
9
64
9
94
19
34
9
14
9
14
9
74
9
74
9
14
9
64
19
34
19
64
9
64
19
94
19
34
9
64
9
12
19
94
9
74
9
64
19
34
9
74
19
94
9
44
9
64
9
64
8
5
9
44
9
74
19
33
19
63
9
74
19
62
9
64
9
44
9
14
9
64
9
94
9
14
9
44
9
44
19
64
9
74
9
94
9
99
9
74
9
99
19
34
19
34
9
44
9
38
9
34
9
64
9
14
19
34
9
77
9
64
19
64
9
34
9
64
1
52
9
34
19
94
9
74
9
99
9
99
9
74
9
99
9
94
9
14
9
14
9
94
19
92
9
34
9
64
9
92
19
64
9
99
9
99
9
14
19
64
19
64
19
34
9
44
9
44
9
44
19
64
4
9
9
99
19
34
9
14
9
64
9
94
9
99
9
44
9
99
9
94
19
94
9
14
9
99
9
94
9
74
9
14
9
34
19
64
9
99
19
34
9
44
9
64
9
99
19
34
9
14
19
63
19
34
9
94
9
34
9
74
9
34
19
63
1
79
9
64
19
34
19
32
9
74
9
94
9
99
19
64
9
34
9
64
9
64
19
34
9
99
9
34
9
99
9
34
9
94
9
34
9
74
19
64
9
14
19
64
9
14
9
64
9
44
9
64
9
14
19
33
19
34
19
64
9
94
19
33
9
64
9
14
19
94
9
74
9
99
4
69
19
92
19
34
9
14
19
94
9
14
9
64
9
74
19
93
9
44
9
74
9
44
19
34
9
99
9
14
19
94
9
44
9
14
19
34
19
92
9
64
9
64
9
14
1
89
19
63
9
34
9
14
9
94
3
39
9
14
9
94
9
74
9
34
19
34
9
99
19
64
9
74
0
36
9
99
9
14
9
94
19
64
9
94
9
34
9
99
2
99
19
22
9
74
9
99
9
94
19
34
9
34
9
74
9
88
19
32
9
14
9
64
19
64
19
51
9
44
19
34
9
99
9
99
19
64
9
44
9
34
9
44
9
99
19
94
0
70
0
60
19
94
9
14
9
44
9
31
9
34
19
32
9
99
9
14
19
64
9
64
19
94
19
33
9
14
9
44
9
64
9
44
19
94
9
64
19
64
19
32
9
74
19
32
9
14
2
30
19
94
0
40
9
34
1
39
19
34
9
34
19
94
19
64
9
74
9
44
9
97
19
34
9
14
9
34
9
94
9
77
19
64
9
94
9
14
9
14
9
34
9
94
19
34
0
60
9
14
19
94
9
44
9
99
19
34
3
9
19
64
19
32
9
14
19
63
0
50
9
64
9
74
19
94
9
44
19
34
19
94
9
44
19
34
9
34
9
99
9
94
9
94
9
44
9
94
9
24
9
94
19
93
9
64
9
14
4
19
0
70
9
64
9
34
9
99
9
94
19
64
0
50
9
44
19
33
9
64
19
33
9
94
9
64
19
63
19
94
9
99
9
74
19
34
9
14
19
94
9
64
19
33
9
99
9
99
9
94
1
39
9
34
9
64
19
64
9
94
19
64
9
44
9
14
19
34
9
64
9
64
19
64
9
34
9
94
19
63
9
64
9
99
9
44
9
14
9
44
19
34
9
64
19
94
9
67
9
14
9
44
9
14
19
64
9
74
19
64
9
14
9
14
19
34
9
99
9
14
9
34
9
39
9
74
9
34
19
34
9
64
9
44
9
94
9
34
9
94
9
99
19
94
19
34
9
34
19
64
9
34
19
94
9
94
9
64
19
34
9
44
9
14
9
99
19
64
9
94
19
22
19
34
9
94
19
64
19
94
19
94
2
69
9
44
0
0
9
44
9
44
9
71
9
14
1
19
3
9
19
34
9
99
19
94
9
14
9
74
9
64
9
14
9
64
9
34
19
94
9
74
9
64
19
34
9
74
9
74
9
14
9
44
