9
44
9
64
9
99
9
34
9
94
17
89
18
60
9
14
9
34
9
44
9
14
9
44
9
14
19
31
16
58
9
94
18
30
9
34
9
64
18
90
9
99
17
89
18
60
9
44
9
94
19
31
9
14
18
30
9
44
9
34
9
64
9
94
9
74
9
14
16
58
9
64
9
74
9
94
9
14
9
14
9
94
9
64
16
88
9
14
9
94
16
28
18
90
9
34
9
64
0
50
19
33
9
74
9
74
9
14
9
99
9
74
19
32
0
90
17
29
19
91
18
60
9
14
9
74
9
64
16
28
9
44
19
31
9
44
16
28
17
89
19
91
19
31
9
34
9
64
19
61
9
74
19
92
9
94
16
28
9
14
9
74
17
29
9
94
17
59
16
58
9
94
9
99
9
94
9
99
9
44
9
64
19
93
19
92
15
27
9
74
19
31
9
64
18
30
9
44
9
44
9
14
19
62
9
34
9
74
16
88
18
30
9
63
9
44
9
64
9
34
9
74
16
58
17
89
9
14
9
14
9
44
9
94
9
34
9
44
9
94
19
31
9
99
9
14
9
34
9
34
17
89
9
99
9
14
9
34
9
44
2
60
9
99
9
99
0
40
9
64
9
34
17
29
9
14
9
44
19
31
9
74
19
32
17
59
19
61
9
94
17
89
17
59
9
44
0
50
18
60
19
62
15
27
9
74
9
64
18
90
9
14
9
34
9
64
9
99
9
34
16
88
9
14
19
92
9
14
16
88
9
99
9
14
9
99
9
74
9
14
19
61
19
62
9
14
9
99
16
28
9
64
18
60
9
44
9
99
9
44
9
14
9
14
9
34
9
34
18
90
9
64
9
14
9
34
9
34
9
99
9
94
9
64
0
90
9
99
9
94
19
91
9
74
9
74
18
30
9
34
19
32
9
32
9
34
9
14
9
74
9
44
18
60
9
64
9
99
9
99
18
90
9
64
19
32
9
34
9
74
9
99
18
30
17
29
9
44
9
34
0
80
9
44
9
34
9
34
17
89
9
64
9
74
9
99
9
94
9
44
9
74
15
27
16
28
9
94
9
94
9
99
9
64
9
94
9
64
18
60
17
59
9
94
19
92
17
89
17
59
19
33
19
62
9
34
9
44
19
31
19
93
17
29
9
64
9
34
17
89
17
59
9
14
9
94
9
34
9
6
9
94
18
60
19
31
18
60
9
99
9
14
9
74
9
14
19
63
19
63
9
74
9
74
9
94
17
59
9
74
9
64
18
90
0
50
0
60
9
64
9
64
9
99
15
57
9
64
9
34
9
74
9
14
9
34
15
57
19
93
9
34
9
99
9
74
9
64
17
59
18
60
9
99
9
94
19
32
0
12
19
93
9
34
9
44
19
31
9
34
9
99
19
92
9
44
9
99
9
38
9
44
19
93
9
44
9
74
18
60
9
94
9
14
9
99
9
14
9
99
9
4
19
31
9
14
9
57
9
64
9
26
9
94
9
44
9
64
16
58
9
34
15
57
19
32
19
31
9
64
9
44
9
99
9
74
9
34
9
74
9
34
9
14
18
90
9
74
19
92
19
61
9
99
3
29
9
94
19
33
9
99
1
39
18
90
15
27
9
44
17
89
9
99
9
64
9
14
9
74
9
64
9
99
15
57
9
14
19
31
19
32
9
34
16
58
9
34
9
34
19
33
9
14
9
34
9
99
9
99
9
44
17
89
19
63
9
74
17
29
9
74
9
74
9
64
17
89
9
99
9
99
15
57
9
94
9
34
9
94
16
28
0
40
9
14
17
89
9
74
9
44
15
87
9
14
9
94
9
74
9
14
18
90
9
94
9
34
19
93
9
14
9
44
9
34
19
92
9
99
9
99
9
64
17
29
9
99
9
14
17
23
9
99
9
94
17
89
9
74
9
44
18
90
16
58
9
34
9
74
9
64
9
94
17
59
9
26
19
92
9
99
9
14
9
34
9
44
9
99
0
80
16
88
9
99
19
91
9
94
19
62
9
64
9
74
19
62
9
34
9
14
19
21
9
94
9
94
19
62
1
99
9
44
9
44
17
59
18
60
9
14
18
90
16
28
19
91
19
31
19
31
9
14
9
64
9
34
9
94
9
14
9
64
9
99
9
44
0
70
19
52
9
94
9
99
19
62
18
60
9
99
9
94
9
94
9
44
9
34
9
94
9
94
9
94
9
94
16
58
9
74
9
44
9
34
0
50
18
60
9
94
9
34
9
74
9
74
9
74
9
44
9
44
9
14
9
44
9
14
9
44
9
18
17
59
9
93
9
14
9
34
9
99
9
94
9
34
9
14
9
44
9
99
1
1
9
64
9
74
0
70
9
74
9
14
9
43
9
93
9
14
9
14
17
59
9
14
9
99
9
14
9
64
9
94
9
64
17
29
9
44
16
28
19
92
9
34
4
69
9
44
9
44
9
44
9
44
9
14
9
14
9
93
16
88
18
90
9
74
9
14
2
69
9
64
9
99
0
80
9
64
9
74
19
92
9
34
9
64
9
34
0
10
9
99
9
33
9
14
9
63
9
44
19
31
9
14
9
34
9
34
9
34
16
58
19
32
19
33
9
94
9
99
9
14
9
44
9
99
0
84
9
74
9
94
9
64
9
94
18
30
9
14
9
14
9
74
9
74
9
14
9
64
19
31
19
62
9
64
18
90
19
31
9
64
9
12
19
93
9
74
9
64
19
31
9
74
19
93
9
44
9
64
9
64
8
5
9
44
9
74
16
28
16
58
9
74
15
57
9
64
9
44
9
14
9
64
9
94
9
14
9
44
9
44
17
59
9
74
9
94
9
99
9
74
9
99
19
33
19
32
9
44
9
38
9
34
9
64
9
14
19
31
9
77
9
64
19
63
9
34
9
64
1
52
9
34
17
89
9
74
9
99
9
99
9
74
9
99
9
94
9
14
9
14
9
94
15
87
9
34
9
64
9
92
17
59
9
99
9
99
9
14
18
60
18
60
17
29
9
44
9
44
9
44
19
61
4
9
9
99
17
29
9
14
9
64
9
94
9
99
9
44
9
99
9
94
18
90
9
14
9
99
9
94
9
74
9
14
9
34
18
60
9
99
18
30
9
44
9
64
9
99
17
29
9
14
16
58
19
33
9
94
9
34
9
74
9
34
16
58
1
79
9
64
17
29
15
27
9
74
9
94
9
99
19
62
9
34
9
64
9
64
17
29
9
99
9
34
9
99
9
34
9
94
9
34
9
74
17
59
9
14
19
61
9
14
9
64
9
44
9
64
9
14
16
28
19
31
18
60
9
94
16
28
9
64
9
14
19
92
9
74
9
99
4
69
15
87
19
32
9
14
19
93
9
14
9
64
9
74
16
88
9
44
9
74
9
44
18
30
9
99
9
14
19
93
9
44
9
14
19
31
15
87
9
64
9
64
9
14
1
89
16
58
9
34
9
14
9
94
3
39
9
14
9
94
9
74
9
34
19
33
9
99
18
60
9
74
0
36
9
99
9
14
9
94
19
61
9
94
9
34
9
99
2
99
19
22
9
74
9
99
9
94
18
30
9
34
9
74
9
88
15
27
9
14
9
64
19
62
18
51
9
44
18
30
9
99
9
99
19
61
9
44
9
34
9
44
9
99
19
93
0
70
0
60
19
93
9
14
9
44
9
31
9
34
15
27
9
99
9
14
19
63
9
64
18
90
16
28
9
14
9
44
9
64
9
44
18
90
9
64
18
60
15
27
9
74
15
27
9
14
2
30
17
89
0
40
9
34
1
39
19
33
9
34
17
89
19
62
9
74
9
44
9
97
19
32
9
14
9
34
9
94
9
77
18
60
9
94
9
14
9
14
9
34
9
94
17
29
0
60
9
14
19
91
9
44
9
99
19
31
3
9
19
62
15
27
9
14
16
58
0
50
9
64
9
74
18
90
9
44
18
30
19
91
9
44
17
29
9
34
9
99
9
94
9
94
9
44
9
94
9
24
9
94
16
88
9
64
9
14
4
19
0
70
9
64
9
34
9
99
9
94
19
61
0
50
9
44
16
28
9
64
16
28
9
94
9
64
16
58
19
93
9
99
9
74
17
29
9
14
19
92
9
64
16
28
9
99
9
99
9
94
1
39
9
34
9
64
19
62
9
94
19
61
9
44
9
14
19
33
9
64
9
64
19
61
9
34
9
94
16
58
9
64
9
99
9
44
9
14
9
44
19
32
9
64
19
92
9
67
9
14
9
44
9
14
19
62
9
74
17
59
9
14
9
14
19
33
9
99
9
14
9
34
9
39
9
74
9
34
19
33
9
64
9
44
9
94
9
34
9
94
9
99
19
93
19
32
9
34
19
62
9
34
19
91
9
94
9
64
19
31
9
44
9
14
9
99
19
62
9
94
19
22
19
33
9
94
19
61
19
93
17
89
2
69
9
44
0
0
9
44
9
44
9
71
9
14
1
19
3
9
18
30
9
99
19
92
9
14
9
74
9
64
9
14
9
64
9
34
19
92
9
74
9
64
17
29
9
74
9
74
9
14
9
44
