9
41
9
62
9
99
7
29
7
89
7
79
8
50
9
11
7
29
7
39
9
11
8
40
7
8
9
21
9
48
8
90
8
20
9
32
9
62
9
80
9
99
7
79
9
50
9
38
8
89
9
21
9
10
8
20
9
43
7
29
9
62
9
88
9
72
9
11
9
48
9
61
7
69
9
89
9
11
9
11
9
92
9
58
9
78
8
10
7
89
7
18
9
80
9
30
8
58
0
50
11
23
7
67
8
68
9
10
8
99
9
72
10
22
0
90
7
19
9
81
8
50
8
10
8
70
8
60
9
18
7
39
9
21
9
39
9
18
7
79
9
81
9
21
9
29
9
62
9
51
9
73
10
82
9
92
8
18
9
13
8
70
8
19
9
91
7
49
9
48
9
92
9
99
9
92
8
99
9
41
9
61
11
83
10
82
8
17
8
70
9
21
9
58
8
20
9
41
9
41
8
10
10
52
8
28
9
72
8
78
8
20
7
64
9
39
9
58
9
29
9
71
9
48
7
79
7
9
8
10
8
40
9
90
9
29
7
39
9
92
9
21
9
99
9
9
9
33
9
27
9
79
9
99
8
7
7
29
9
39
2
60
7
98
9
99
0
40
7
59
9
27
9
19
9
7
9
39
9
21
9
71
10
22
8
49
9
51
9
91
9
79
9
49
9
41
0
50
8
50
10
52
8
17
8
67
8
57
9
80
9
11
9
28
8
57
9
99
9
31
8
78
9
7
10
82
9
11
9
78
9
99
9
10
9
99
8
70
9
12
9
51
10
52
8
9
9
99
9
18
8
60
9
50
9
40
9
99
9
41
9
9
9
12
9
32
9
29
8
80
9
59
7
9
7
27
7
29
9
99
9
91
9
61
0
90
9
99
9
92
9
81
9
73
8
70
8
20
8
28
10
22
7
32
9
28
7
9
9
71
9
40
8
50
7
59
8
98
9
99
9
80
7
59
10
22
9
28
9
71
9
98
9
20
7
19
9
40
7
29
0
80
9
37
9
29
7
29
7
79
7
59
8
70
8
99
7
88
7
38
9
73
9
17
9
18
9
93
9
93
8
98
9
61
9
87
9
61
9
50
9
49
8
90
10
82
7
79
7
49
11
23
10
52
9
31
7
39
9
21
11
83
9
19
9
62
9
31
7
79
7
49
9
9
9
91
8
29
8
6
7
89
9
50
9
21
8
50
8
99
9
12
8
70
9
11
11
53
11
53
9
71
9
70
7
89
7
49
9
72
9
58
8
80
0
50
0
60
9
62
9
61
9
99
9
47
9
63
7
29
9
73
9
12
8
30
9
47
11
83
9
31
9
98
9
72
8
58
7
49
8
50
9
99
9
92
10
22
0
12
11
83
9
28
9
42
9
21
9
32
8
99
10
82
9
38
9
99
9
38
9
38
11
83
9
43
8
70
9
50
9
90
9
10
7
99
7
9
9
99
9
4
9
21
9
7
9
57
8
60
9
26
8
88
7
39
9
63
9
48
9
31
8
47
10
22
9
21
9
59
9
43
7
97
8
70
9
32
9
68
9
30
9
12
8
80
9
70
10
82
9
51
9
99
3
27
9
91
11
23
7
98
1
39
8
80
9
17
9
41
7
79
8
99
9
58
7
9
9
67
9
63
8
99
7
47
9
8
9
21
10
22
9
32
9
48
9
31
9
31
11
23
7
9
8
30
7
99
8
98
7
39
7
79
11
53
8
70
9
19
9
68
9
69
8
60
7
79
9
99
9
98
9
47
8
90
9
33
8
90
9
18
0
40
9
11
9
79
7
69
9
39
9
77
9
7
7
89
9
73
8
10
8
80
9
92
9
30
11
83
9
10
9
43
7
29
10
82
9
99
9
99
7
59
9
19
7
99
8
10
7
23
9
99
9
89
7
79
9
69
7
39
9
80
9
48
9
31
9
71
7
59
9
90
8
49
9
26
10
82
9
99
8
10
9
33
9
37
8
99
0
80
9
78
9
99
9
81
7
89
10
52
7
59
9
69
10
52
7
29
9
13
9
21
8
90
9
92
10
52
1
97
7
39
9
43
7
49
8
50
9
10
9
80
9
18
9
81
9
21
9
21
7
9
7
59
9
33
8
88
9
12
7
59
9
99
8
40
0
70
9
52
9
92
9
99
10
52
8
50
9
98
9
93
9
89
8
40
8
28
8
90
9
93
9
90
9
91
9
48
9
70
9
42
9
32
0
50
8
50
8
87
9
30
9
72
9
71
9
71
7
39
9
39
9
11
7
39
8
8
7
39
9
18
7
49
9
93
9
10
9
32
8
97
7
89
9
31
8
10
9
43
8
99
1
1
9
57
9
72
0
70
7
69
9
11
9
43
8
93
9
11
9
13
9
49
9
11
9
99
9
8
9
60
9
91
8
60
7
19
7
39
7
18
10
82
9
31
4
69
7
39
8
38
9
42
9
41
9
12
7
9
7
93
9
78
8
80
7
69
9
10
2
69
8
60
9
99
0
80
7
59
8
68
10
82
9
31
9
59
9
31
0
10
9
98
9
33
9
13
9
63
9
37
9
21
8
10
9
31
7
29
9
30
8
48
10
22
11
23
9
89
7
99
9
9
9
43
7
99
0
84
7
69
8
90
7
59
7
89
8
20
7
9
9
13
8
68
9
69
8
9
7
59
9
21
10
52
9
61
9
80
9
21
8
60
7
12
11
83
8
70
9
62
9
21
8
70
11
83
8
40
9
61
7
59
8
5
9
40
9
69
9
18
8
48
8
70
8
47
9
59
8
40
7
9
9
62
9
93
9
11
9
41
9
41
7
49
8
70
8
90
9
99
7
68
9
99
11
23
10
22
9
40
8
38
8
30
8
60
9
11
9
21
9
77
9
57
11
53
9
32
8
60
1
52
9
33
7
79
9
72
9
98
9
99
9
73
7
99
9
90
8
10
9
8
7
89
9
77
9
31
9
59
9
92
7
49
9
98
7
99
7
9
8
50
8
50
7
19
8
40
9
40
7
39
9
51
4
9
9
99
7
19
9
13
9
63
7
89
9
99
9
43
9
99
7
89
8
80
7
7
7
99
8
90
9
73
9
11
8
27
8
50
9
99
8
20
9
41
9
63
9
99
9
19
9
10
7
48
11
23
7
87
7
27
9
71
9
30
9
48
1
78
8
57
7
19
9
17
9
72
9
92
8
99
10
52
8
30
9
60
9
59
7
19
9
99
9
31
7
99
9
33
7
89
8
30
9
71
7
49
9
10
9
51
9
12
9
60
7
39
8
60
9
10
9
18
9
21
9
50
7
89
8
18
9
62
8
10
10
82
9
72
7
99
4
69
7
77
10
22
9
12
11
83
9
13
7
59
8
70
8
78
7
39
7
69
9
40
8
20
9
99
7
8
11
83
8
40
8
10
9
21
9
77
9
60
8
60
9
7
1
89
9
48
9
29
9
13
9
91
3
39
9
12
8
90
8
70
9
31
11
23
8
99
8
50
9
71
0
36
7
98
9
8
7
89
9
51
9
91
8
30
9
99
2
99
9
23
7
69
9
99
9
88
8
20
9
30
9
70
9
88
8
17
9
8
9
61
10
52
8
51
7
39
9
20
9
97
9
99
9
51
9
41
7
29
9
37
7
99
11
83
0
70
0
60
11
83
9
11
8
40
9
31
8
29
9
17
9
99
9
12
11
53
8
60
8
80
8
18
7
9
8
40
9
61
7
39
9
80
9
59
8
50
7
17
9
68
7
17
7
9
2
30
7
79
0
40
9
27
1
39
11
23
9
27
7
79
10
52
7
69
9
38
8
97
10
22
7
9
9
33
9
90
9
77
9
50
7
89
9
9
9
14
9
28
9
91
9
19
0
60
7
9
9
81
9
38
8
99
9
21
3
8
10
52
9
17
9
11
7
48
0
50
9
61
8
70
9
80
8
40
8
20
9
81
7
39
9
19
9
32
9
98
9
93
9
91
9
41
9
93
9
24
8
90
9
78
8
57
9
10
4
19
0
70
9
62
7
28
7
99
9
91
9
51
0
50
9
38
9
18
8
60
7
18
9
88
9
61
9
48
11
83
8
99
8
68
7
19
7
7
10
82
9
61
8
18
8
99
7
98
9
93
1
39
8
27
8
60
10
52
9
91
9
51
9
41
8
10
11
23
8
60
8
60
9
51
7
29
9
90
9
48
9
57
9
99
9
41
9
11
9
42
10
22
9
61
10
82
7
67
9
7
7
39
9
13
10
52
9
69
7
49
9
11
7
8
11
23
8
99
8
10
9
30
9
39
7
69
9
31
11
23
9
60
7
39
8
87
7
29
9
92
9
99
11
83
10
22
9
28
10
52
9
29
9
81
8
90
9
61
9
21
9
39
9
12
8
99
10
52
9
91
10
22
11
23
9
87
9
51
11
83
7
79
2
69
9
39
0
0
8
40
8
40
9
71
9
7
1
17
3
9
8
20
9
99
10
82
9
8
8
68
7
59
9
13
9
60
9
32
10
82
8
70
9
61
9
19
8
70
8
70
9
12
9
40
