7
39
8
60
7
99
5
29
5
89
5
79
6
49
7
9
5
28
5
37
8
9
6
39
5
6
7
19
7
46
6
89
6
19
8
30
8
60
8
78
9
97
5
78
8
48
8
36
6
87
7
19
8
8
6
19
9
41
5
29
8
60
8
86
8
70
8
9
8
46
7
59
5
67
9
87
7
9
8
9
8
90
8
56
8
76
6
9
5
88
5
16
7
78
8
28
6
56
0
50
9
21
5
65
6
66
8
8
6
99
9
70
8
20
0
90
5
19
7
79
6
49
6
9
6
69
6
59
7
16
5
39
8
19
9
37
7
16
5
77
7
79
7
19
9
27
8
60
9
49
9
71
9
80
9
90
6
16
9
11
6
69
6
17
8
89
5
49
7
46
8
90
7
99
8
90
6
99
8
39
7
59
9
81
8
80
6
15
6
69
7
19
7
56
6
18
7
39
8
39
6
8
8
50
6
26
9
70
6
76
6
19
5
64
9
37
7
56
8
27
7
69
8
46
5
79
5
9
6
8
6
39
9
88
7
27
5
39
8
90
7
19
9
99
9
7
9
31
7
25
9
77
9
99
6
5
5
28
7
37
2
60
5
96
9
99
0
40
5
59
8
25
8
17
7
5
8
37
7
19
7
69
8
20
6
47
7
49
8
89
8
77
8
47
7
39
0
50
6
49
8
50
6
15
6
65
6
55
8
78
7
9
7
26
6
55
8
99
9
29
6
76
7
5
8
80
7
9
8
76
9
99
7
8
8
99
6
69
8
10
7
49
8
50
6
7
7
98
7
16
6
59
9
48
8
38
7
97
7
39
9
7
8
10
8
30
9
27
6
79
9
57
5
9
5
25
5
29
9
99
9
89
7
59
0
90
7
99
8
90
7
79
9
71
6
69
6
18
6
26
9
20
5
32
7
26
5
9
9
69
7
38
6
49
5
59
6
96
9
99
7
78
5
59
8
20
8
26
7
69
8
96
9
18
5
19
7
38
5
29
0
80
8
35
7
27
5
27
5
79
5
57
6
68
6
99
5
86
5
36
9
71
8
15
7
16
9
91
9
91
6
96
7
59
7
85
7
59
8
48
9
47
6
88
8
80
5
79
5
49
9
21
8
50
7
29
5
39
7
19
9
81
8
17
8
60
7
29
5
79
5
49
7
7
7
89
6
27
6
6
5
88
7
48
7
19
6
49
6
99
8
10
6
69
7
9
9
51
9
51
9
69
8
68
5
88
5
47
8
70
8
56
6
79
0
50
0
60
9
60
7
59
8
99
7
45
9
61
5
29
9
71
8
10
6
28
8
45
9
81
7
29
7
96
8
70
6
56
5
49
6
48
9
99
8
90
8
20
0
12
9
81
7
26
8
40
9
19
8
30
6
97
8
80
7
36
8
97
8
38
8
36
9
81
9
41
6
69
9
48
9
88
7
8
5
98
5
9
8
99
7
4
7
19
7
5
7
57
6
59
9
26
6
86
5
37
9
61
8
46
7
29
6
45
8
20
9
19
7
57
9
41
5
95
6
69
8
30
8
66
7
28
8
10
6
79
8
68
8
80
7
49
9
97
3
25
7
89
9
21
5
96
1
39
6
79
7
15
7
39
5
77
6
99
8
56
5
9
7
65
9
61
6
99
5
45
8
6
9
19
8
20
8
30
8
46
7
29
7
29
9
21
5
9
6
29
5
99
6
96
5
38
5
79
9
51
6
69
9
17
8
66
7
67
6
59
5
79
7
99
7
96
8
45
6
89
9
31
6
89
8
16
0
40
9
9
9
77
5
69
9
37
8
75
8
5
5
89
9
71
6
9
6
79
8
90
9
28
9
81
8
8
9
41
5
29
8
80
8
99
7
97
5
59
9
17
5
99
6
8
5
23
7
99
7
87
5
79
7
67
5
39
8
78
7
46
9
29
9
69
5
59
8
88
6
47
9
26
8
80
7
99
6
9
9
31
8
35
6
98
0
80
8
76
7
99
7
79
5
89
8
50
5
59
7
67
8
50
5
29
9
11
7
21
6
89
8
90
8
50
1
95
5
39
9
41
5
49
6
48
9
8
9
78
7
16
9
79
7
19
7
19
5
9
5
59
9
31
6
86
8
10
5
59
8
98
6
38
0
70
7
52
8
90
7
99
8
50
6
49
8
96
9
91
8
87
6
38
6
26
6
89
9
91
9
88
9
89
8
46
7
68
8
40
8
30
0
50
6
49
6
85
7
28
8
70
7
69
7
69
5
39
7
37
7
9
5
39
6
6
5
37
7
18
5
49
8
94
9
8
8
30
6
95
5
89
7
29
6
9
9
41
6
99
1
1
7
55
8
70
0
70
5
69
9
9
9
43
6
93
8
9
9
11
8
47
7
9
7
99
8
6
7
58
7
89
6
58
5
18
5
37
5
16
8
80
7
29
4
69
5
38
6
36
8
40
7
39
8
10
5
8
5
93
7
76
6
79
5
69
8
8
2
69
6
58
8
97
0
80
5
59
6
66
8
80
7
29
7
57
7
29
0
10
8
96
8
34
9
11
7
63
8
35
7
19
6
8
7
29
5
28
8
28
6
46
8
20
9
21
8
87
5
98
8
7
9
41
5
99
0
84
5
69
6
89
5
59
5
89
6
18
5
9
9
11
6
66
8
67
6
7
5
58
9
19
9
50
7
59
8
78
7
19
6
59
5
12
9
81
6
69
8
60
7
19
6
69
9
81
6
39
8
59
5
59
6
5
8
38
9
67
8
16
6
46
6
68
6
45
8
57
6
39
5
7
8
60
9
91
8
9
7
39
7
39
5
49
6
68
6
89
9
99
5
66
9
99
9
21
8
20
7
38
6
38
6
29
6
59
7
9
7
19
8
77
8
55
9
51
8
30
6
59
1
52
9
31
5
79
8
70
8
96
9
99
9
71
5
99
9
88
6
9
8
6
5
89
8
75
7
29
8
57
7
92
5
49
8
96
5
99
5
9
6
49
6
49
5
18
6
39
7
38
5
38
7
49
4
9
7
99
5
19
9
11
9
61
5
87
7
99
9
41
7
98
5
89
6
79
5
5
5
99
6
89
9
71
8
9
6
25
6
49
7
99
6
19
7
39
9
61
8
99
9
17
9
8
5
46
9
21
5
85
5
25
7
69
8
28
8
46
1
76
6
55
5
19
7
15
8
70
9
90
6
99
8
50
6
29
7
58
7
57
5
17
9
98
7
29
5
99
9
31
5
89
6
29
8
69
5
49
8
8
9
49
8
10
9
58
5
39
6
59
8
8
8
16
8
19
9
48
5
89
6
16
9
60
6
9
8
80
8
70
5
99
4
69
5
75
8
20
8
10
9
81
9
11
5
58
6
69
6
76
5
39
5
69
8
38
6
19
7
99
5
6
9
81
6
38
6
9
7
19
8
75
9
58
6
58
8
5
1
89
8
46
9
27
9
11
7
89
3
39
8
10
6
89
6
69
7
29
9
21
6
98
6
49
9
69
0
36
5
96
8
6
5
89
7
49
7
89
6
29
9
99
2
99
7
23
5
69
8
99
8
86
6
19
8
28
7
68
7
88
6
15
8
6
7
59
8
50
6
51
5
39
9
18
8
95
7
99
7
49
9
39
5
29
7
35
5
98
9
81
0
70
0
60
9
81
7
9
6
39
7
31
6
27
8
15
8
99
8
10
9
51
6
59
6
79
6
16
5
9
6
39
9
59
5
38
8
78
8
57
6
49
5
15
8
66
5
15
5
7
2
30
5
79
0
40
7
25
1
38
9
21
7
25
5
79
8
50
5
68
8
36
6
97
9
20
5
8
9
31
7
88
7
77
9
48
5
89
9
7
7
14
8
26
7
89
7
17
0
60
5
7
7
79
8
36
6
99
8
19
3
6
8
50
7
15
7
9
5
46
0
50
7
59
6
69
9
78
6
39
6
19
7
79
5
39
7
17
8
30
8
96
9
91
7
89
8
39
9
91
7
24
6
88
8
76
6
55
9
8
4
19
0
70
8
60
5
26
5
99
7
89
7
49
0
50
7
36
8
16
6
59
5
16
7
86
7
59
8
46
9
81
6
99
6
66
5
19
5
5
9
80
7
59
6
16
6
99
5
96
9
91
1
39
6
25
6
58
8
50
7
89
7
49
7
39
6
9
9
21
6
59
6
58
9
49
5
29
8
88
8
46
8
55
8
99
7
39
7
9
8
40
8
20
7
59
8
80
5
67
8
5
5
39
9
11
8
50
7
67
5
49
8
9
5
6
9
21
6
99
6
9
8
28
8
39
5
69
7
29
9
21
7
58
5
39
6
85
5
29
8
90
9
99
9
81
8
20
8
26
8
50
8
27
7
79
6
89
7
59
7
19
7
37
8
10
6
97
8
50
7
89
8
24
9
21
7
85
7
49
9
81
5
77
2
69
9
37
0
0
6
39
6
39
7
71
8
5
1
15
3
9
6
19
9
97
8
80
7
6
6
66
5
59
9
11
8
58
8
30
8
80
6
69
9
59
9
17
6
68
6
69
8
10
7
38
