9
44
9
64
9
99
9
34
9
94
15
87
16
58
9
14
9
34
9
44
9
14
9
44
9
14
17
29
14
56
9
94
16
28
9
34
9
64
16
88
9
99
15
87
16
58
9
44
9
94
17
29
9
14
16
28
9
44
9
34
9
64
9
94
9
74
9
14
14
56
9
64
9
74
9
94
9
14
9
14
9
94
9
64
14
86
9
14
9
94
14
26
16
88
9
34
9
64
0
50
19
31
9
74
9
74
9
14
9
99
9
74
18
30
0
90
15
27
17
89
16
58
9
14
9
74
9
64
14
26
9
44
17
29
9
44
14
26
15
87
17
89
17
29
9
34
9
64
17
59
9
74
18
90
9
94
14
26
9
14
9
74
15
27
9
94
15
57
14
56
9
94
9
99
9
94
9
99
9
44
9
64
19
91
18
90
13
25
9
74
17
29
9
64
16
28
9
44
9
44
9
14
18
60
9
34
9
74
14
86
16
28
9
63
9
44
9
64
9
34
9
74
14
56
15
87
9
14
9
14
9
44
9
94
9
34
9
44
9
94
17
29
9
99
9
14
9
34
9
34
15
87
9
99
9
14
9
34
9
44
2
60
9
99
9
99
0
40
9
64
9
34
15
27
9
14
9
44
17
29
9
74
18
30
15
57
17
59
9
94
15
87
15
57
9
44
0
50
16
58
18
60
13
25
9
74
9
64
16
88
9
14
9
34
9
64
9
99
9
34
14
86
9
14
18
90
9
14
14
86
9
99
9
14
9
99
9
74
9
14
17
59
18
60
9
14
9
99
14
26
9
64
16
58
9
44
9
99
9
44
9
14
9
14
9
34
9
34
16
88
9
64
9
14
9
34
9
34
9
99
9
94
9
64
0
90
9
99
9
94
17
89
9
74
9
74
16
28
9
34
18
30
9
32
9
34
9
14
9
74
9
44
16
58
9
64
9
99
9
99
16
88
9
64
18
30
9
34
9
74
9
99
16
28
15
27
9
44
9
34
0
80
9
44
9
34
9
34
15
87
9
64
9
74
9
99
9
94
9
44
9
74
13
25
14
26
9
94
9
94
9
99
9
64
9
94
9
64
16
58
15
57
9
94
18
90
15
87
15
57
19
31
18
60
9
34
9
44
17
29
19
91
15
27
9
64
9
34
15
87
15
57
9
14
9
94
9
34
9
6
9
94
16
58
17
29
16
58
9
99
9
14
9
74
9
14
19
61
19
61
9
74
9
74
9
94
15
57
9
74
9
64
16
88
0
50
0
60
9
64
9
64
9
99
13
55
9
64
9
34
9
74
9
14
9
34
13
55
19
91
9
34
9
99
9
74
9
64
15
57
16
58
9
99
9
94
18
30
0
12
19
91
9
34
9
44
17
29
9
34
9
99
18
90
9
44
9
99
9
38
9
44
19
91
9
44
9
74
16
58
9
94
9
14
9
99
9
14
9
99
9
4
17
29
9
14
9
57
9
64
9
26
9
94
9
44
9
64
14
56
9
34
13
55
18
30
17
29
9
64
9
44
9
99
9
74
9
34
9
74
9
34
9
14
16
88
9
74
18
90
17
59
9
99
3
29
9
94
19
31
9
99
1
39
16
88
13
25
9
44
15
87
9
99
9
64
9
14
9
74
9
64
9
99
13
55
9
14
17
29
18
30
9
34
14
56
9
34
9
34
19
31
9
14
9
34
9
99
9
99
9
44
15
87
19
61
9
74
15
27
9
74
9
74
9
64
15
87
9
99
9
99
13
55
9
94
9
34
9
94
14
26
0
40
9
14
15
87
9
74
9
44
13
85
9
14
9
94
9
74
9
14
16
88
9
94
9
34
19
91
9
14
9
44
9
34
18
90
9
99
9
99
9
64
15
27
9
99
9
14
15
23
9
99
9
94
15
87
9
74
9
44
16
88
14
56
9
34
9
74
9
64
9
94
15
57
9
26
18
90
9
99
9
14
9
34
9
44
9
99
0
80
14
86
9
99
17
89
9
94
18
60
9
64
9
74
18
60
9
34
9
14
17
21
9
94
9
94
18
60
1
99
9
44
9
44
15
57
16
58
9
14
16
88
14
26
17
89
17
29
17
29
9
14
9
64
9
34
9
94
9
14
9
64
9
99
9
44
0
70
17
52
9
94
9
99
18
60
16
58
9
99
9
94
9
94
9
44
9
34
9
94
9
94
9
94
9
94
14
56
9
74
9
44
9
34
0
50
16
58
9
94
9
34
9
74
9
74
9
74
9
44
9
44
9
14
9
44
9
14
9
44
9
18
15
57
9
93
9
14
9
34
9
99
9
94
9
34
9
14
9
44
9
99
1
1
9
64
9
74
0
70
9
74
9
14
9
43
9
93
9
14
9
14
15
57
9
14
9
99
9
14
9
64
9
94
9
64
15
27
9
44
14
26
18
90
9
34
4
69
9
44
9
44
9
44
9
44
9
14
9
14
9
93
14
86
16
88
9
74
9
14
2
69
9
64
9
99
0
80
9
64
9
74
18
90
9
34
9
64
9
34
0
10
9
99
9
33
9
14
9
63
9
44
17
29
9
14
9
34
9
34
9
34
14
56
18
30
19
31
9
94
9
99
9
14
9
44
9
99
0
84
9
74
9
94
9
64
9
94
16
28
9
14
9
14
9
74
9
74
9
14
9
64
17
29
18
60
9
64
16
88
17
29
9
64
9
12
19
91
9
74
9
64
17
29
9
74
19
91
9
44
9
64
9
64
8
5
9
44
9
74
14
26
14
56
9
74
13
55
9
64
9
44
9
14
9
64
9
94
9
14
9
44
9
44
15
57
9
74
9
94
9
99
9
74
9
99
19
31
18
30
9
44
9
38
9
34
9
64
9
14
17
29
9
77
9
64
19
61
9
34
9
64
1
52
9
34
15
87
9
74
9
99
9
99
9
74
9
99
9
94
9
14
9
14
9
94
13
85
9
34
9
64
9
92
15
57
9
99
9
99
9
14
16
58
16
58
15
27
9
44
9
44
9
44
17
59
4
9
9
99
15
27
9
14
9
64
9
94
9
99
9
44
9
99
9
94
16
88
9
14
9
99
9
94
9
74
9
14
9
34
16
58
9
99
16
28
9
44
9
64
9
99
15
27
9
14
14
56
19
31
9
94
9
34
9
74
9
34
14
56
1
79
9
64
15
27
13
25
9
74
9
94
9
99
18
60
9
34
9
64
9
64
15
27
9
99
9
34
9
99
9
34
9
94
9
34
9
74
15
57
9
14
17
59
9
14
9
64
9
44
9
64
9
14
14
26
17
29
16
58
9
94
14
26
9
64
9
14
18
90
9
74
9
99
4
69
13
85
18
30
9
14
19
91
9
14
9
64
9
74
14
86
9
44
9
74
9
44
16
28
9
99
9
14
19
91
9
44
9
14
17
29
13
85
9
64
9
64
9
14
1
89
14
56
9
34
9
14
9
94
3
39
9
14
9
94
9
74
9
34
19
31
9
99
16
58
9
74
0
36
9
99
9
14
9
94
17
59
9
94
9
34
9
99
2
99
17
22
9
74
9
99
9
94
16
28
9
34
9
74
9
88
13
25
9
14
9
64
18
60
16
51
9
44
16
28
9
99
9
99
17
59
9
44
9
34
9
44
9
99
19
91
0
70
0
60
19
91
9
14
9
44
9
31
9
34
13
25
9
99
9
14
19
61
9
64
16
88
14
26
9
14
9
44
9
64
9
44
16
88
9
64
16
58
13
25
9
74
13
25
9
14
2
30
15
87
0
40
9
34
1
39
19
31
9
34
15
87
18
60
9
74
9
44
9
97
18
30
9
14
9
34
9
94
9
77
16
58
9
94
9
14
9
14
9
34
9
94
15
27
0
60
9
14
17
89
9
44
9
99
17
29
3
9
18
60
13
25
9
14
14
56
0
50
9
64
9
74
16
88
9
44
16
28
17
89
9
44
15
27
9
34
9
99
9
94
9
94
9
44
9
94
9
24
9
94
14
86
9
64
9
14
4
19
0
70
9
64
9
34
9
99
9
94
17
59
0
50
9
44
14
26
9
64
14
26
9
94
9
64
14
56
19
91
9
99
9
74
15
27
9
14
18
90
9
64
14
26
9
99
9
99
9
94
1
39
9
34
9
64
18
60
9
94
17
59
9
44
9
14
19
31
9
64
9
64
17
59
9
34
9
94
14
56
9
64
9
99
9
44
9
14
9
44
18
30
9
64
18
90
9
67
9
14
9
44
9
14
18
60
9
74
15
57
9
14
9
14
19
31
9
99
9
14
9
34
9
39
9
74
9
34
19
31
9
64
9
44
9
94
9
34
9
94
9
99
19
91
18
30
9
34
18
60
9
34
17
89
9
94
9
64
17
29
9
44
9
14
9
99
18
60
9
94
18
22
19
31
9
94
17
59
19
91
15
87
2
69
9
44
0
0
9
44
9
44
9
71
9
14
1
19
3
9
16
28
9
99
18
90
9
14
9
74
9
64
9
14
9
64
9
34
18
90
9
74
9
64
15
27
9
74
9
74
9
14
9
44
