9
44
9
64
9
99
9
34
9
94
12
84
13
55
9
14
9
34
9
44
9
14
9
44
9
13
14
26
11
53
9
94
13
25
9
34
9
64
13
85
9
99
12
84
13
55
9
43
9
94
14
26
9
14
13
25
9
44
9
34
9
64
9
93
9
74
9
14
11
53
9
64
9
74
9
94
9
14
9
14
9
94
9
63
11
83
9
14
9
94
11
23
13
85
9
34
9
63
0
50
16
28
9
72
9
73
9
14
9
99
9
74
15
27
0
90
12
24
14
86
13
55
9
14
9
74
9
64
11
23
9
44
14
26
9
44
11
23
12
84
14
86
14
26
9
34
9
64
14
56
9
74
15
87
9
94
11
23
9
14
9
74
12
24
9
94
12
54
11
53
9
94
9
99
9
94
9
99
9
44
9
64
16
88
15
87
10
22
9
74
14
26
9
63
13
25
9
44
9
44
9
14
15
57
9
33
9
74
11
83
13
25
9
63
9
44
9
63
9
34
9
74
11
53
12
84
9
14
9
14
9
44
9
94
9
34
9
44
9
94
14
26
9
99
9
14
9
34
9
32
12
84
9
99
9
12
9
34
9
44
2
60
9
99
9
99
0
40
9
64
9
32
12
24
9
12
9
44
14
26
9
74
15
27
12
54
14
56
9
94
12
84
12
54
9
44
0
50
13
55
15
57
10
22
9
72
9
62
13
85
9
14
9
33
9
62
9
99
9
34
11
83
9
12
15
87
9
14
11
83
9
99
9
14
9
99
9
74
9
14
14
56
15
57
9
14
9
99
11
23
9
64
13
55
9
44
9
99
9
44
9
14
9
14
9
34
9
34
13
85
9
64
9
14
9
32
9
34
9
99
9
94
9
64
0
90
9
99
9
94
14
86
9
74
9
74
13
25
9
33
15
27
9
32
9
33
9
14
9
74
9
44
13
55
9
64
9
99
9
99
13
85
9
64
15
27
9
33
9
74
9
99
13
25
12
24
9
44
9
34
0
80
9
42
9
34
9
34
12
84
9
64
9
74
9
99
9
93
9
43
9
74
10
22
11
23
9
94
9
94
9
99
9
64
9
92
9
64
13
55
12
54
9
94
15
87
12
84
12
54
16
28
15
57
9
34
9
44
14
26
16
88
12
24
9
64
9
34
12
84
12
54
9
14
9
94
9
34
9
6
9
94
13
55
14
26
13
55
9
99
9
14
9
74
9
14
16
58
16
58
9
74
9
74
9
94
12
54
9
74
9
63
13
85
0
50
0
60
9
64
9
64
9
99
10
52
9
64
9
34
9
74
9
14
9
34
10
52
16
88
9
34
9
99
9
74
9
63
12
54
13
55
9
99
9
94
15
27
0
12
16
88
9
33
9
44
14
26
9
34
9
99
15
87
9
43
9
99
9
38
9
43
16
88
9
44
9
74
13
55
9
94
9
14
9
99
9
14
9
99
9
4
14
26
9
12
9
57
9
64
9
26
9
93
9
44
9
64
11
53
9
34
10
52
15
27
14
26
9
64
9
44
9
99
9
74
9
34
9
73
9
34
9
14
13
85
9
74
15
87
14
56
9
99
3
29
9
94
16
28
9
99
1
39
13
85
10
22
9
44
12
84
9
99
9
63
9
14
9
72
9
64
9
99
10
52
9
13
14
26
15
27
9
34
11
53
9
34
9
34
16
28
9
14
9
34
9
99
9
99
9
44
12
84
16
58
9
74
12
24
9
73
9
74
9
64
12
84
9
99
9
99
10
52
9
94
9
34
9
94
11
23
0
40
9
14
12
84
9
74
9
44
10
82
9
12
9
94
9
74
9
14
13
85
9
94
9
34
16
88
9
14
9
44
9
34
15
87
9
99
9
99
9
64
12
24
9
99
9
14
12
23
9
99
9
94
12
84
9
74
9
44
13
85
11
53
9
34
9
74
9
64
9
94
12
54
9
26
15
87
9
99
9
14
9
34
9
42
9
99
0
80
11
83
9
99
14
86
9
94
15
57
9
64
9
74
15
57
9
34
9
14
14
21
9
94
9
94
15
57
1
99
9
44
9
44
12
54
13
55
9
14
13
85
11
23
14
86
14
26
14
26
9
14
9
64
9
34
9
93
9
14
9
64
9
99
9
44
0
70
14
52
9
94
9
99
15
57
13
55
9
99
9
94
9
94
9
44
9
33
9
94
9
94
9
94
9
94
11
53
9
74
9
44
9
34
0
50
13
55
9
92
9
34
9
74
9
74
9
74
9
44
9
44
9
14
9
44
9
13
9
44
9
18
12
54
9
93
9
14
9
34
9
99
9
94
9
34
9
14
9
44
9
99
1
1
9
62
9
74
0
70
9
74
9
14
9
43
9
93
9
14
9
14
12
54
9
14
9
99
9
13
9
64
9
94
9
64
12
24
9
44
11
23
15
87
9
34
4
69
9
44
9
43
9
44
9
44
9
14
9
14
9
93
11
83
13
85
9
74
9
14
2
69
9
64
9
99
0
80
9
64
9
73
15
87
9
34
9
64
9
34
0
10
9
99
9
33
9
14
9
63
9
42
14
26
9
14
9
34
9
34
9
34
11
53
15
27
16
28
9
94
9
99
9
14
9
44
9
99
0
84
9
74
9
94
9
64
9
94
13
25
9
14
9
14
9
73
9
74
9
14
9
64
14
26
15
57
9
64
13
85
14
26
9
64
9
12
16
88
9
74
9
64
14
26
9
74
16
88
9
44
9
64
9
64
8
5
9
44
9
74
11
23
11
53
9
74
10
52
9
64
9
44
9
14
9
64
9
94
9
14
9
44
9
44
12
54
9
74
9
94
9
99
9
73
9
99
16
28
15
27
9
44
9
38
9
34
9
64
9
14
14
26
9
77
9
62
16
58
9
34
9
64
1
52
9
34
12
84
9
74
9
99
9
99
9
74
9
99
9
94
9
14
9
13
9
94
10
82
9
34
9
64
9
92
12
54
9
99
9
99
9
14
13
55
13
55
12
24
9
44
9
44
9
44
14
56
4
9
9
99
12
24
9
14
9
64
9
94
9
99
9
44
9
99
9
94
13
85
9
12
9
99
9
94
9
74
9
14
9
32
13
55
9
99
13
25
9
44
9
64
9
99
12
24
9
14
11
53
16
28
9
92
9
32
9
74
9
34
11
53
1
79
9
62
12
24
10
22
9
74
9
94
9
99
15
57
9
34
9
64
9
64
12
24
9
99
9
34
9
99
9
34
9
94
9
34
9
74
12
54
9
14
14
56
9
14
9
64
9
44
9
64
9
14
11
23
14
26
13
55
9
94
11
23
9
64
9
14
15
87
9
74
9
99
4
69
10
82
15
27
9
14
16
88
9
14
9
64
9
74
11
83
9
44
9
74
9
44
13
25
9
99
9
13
16
88
9
44
9
14
14
26
10
82
9
64
9
64
9
12
1
89
11
53
9
34
9
14
9
94
3
39
9
14
9
94
9
74
9
34
16
28
9
99
13
55
9
74
0
36
9
99
9
13
9
94
14
56
9
94
9
34
9
99
2
99
14
22
9
74
9
99
9
93
13
25
9
34
9
74
9
88
10
22
9
13
9
64
15
57
13
51
9
44
13
25
9
99
9
99
14
56
9
44
9
34
9
42
9
99
16
88
0
70
0
60
16
88
9
14
9
44
9
31
9
34
10
22
9
99
9
14
16
58
9
64
13
85
11
23
9
14
9
44
9
64
9
44
13
85
9
64
13
55
10
22
9
73
10
22
9
14
2
30
12
84
0
40
9
32
1
39
16
28
9
32
12
84
15
57
9
74
9
43
9
97
15
27
9
14
9
34
9
94
9
77
13
55
9
94
9
14
9
14
9
33
9
94
12
24
0
60
9
14
14
86
9
43
9
99
14
26
3
9
15
57
10
22
9
14
11
53
0
50
9
64
9
74
13
85
9
44
13
25
14
86
9
44
12
24
9
34
9
99
9
94
9
94
9
44
9
94
9
24
9
94
11
83
9
62
9
14
4
19
0
70
9
64
9
33
9
99
9
94
14
56
0
50
9
43
11
23
9
64
11
23
9
93
9
64
11
53
16
88
9
99
9
73
12
24
9
12
15
87
9
64
11
23
9
99
9
99
9
94
1
39
9
32
9
64
15
57
9
94
14
56
9
44
9
14
16
28
9
64
9
64
14
56
9
34
9
94
11
53
9
62
9
99
9
44
9
14
9
44
15
27
9
64
15
87
9
67
9
12
9
44
9
14
15
57
9
74
12
54
9
14
9
13
16
28
9
99
9
14
9
34
9
39
9
74
9
34
16
28
9
64
9
44
9
92
9
34
9
94
9
99
16
88
15
27
9
33
15
57
9
34
14
86
9
94
9
64
14
26
9
44
9
14
9
99
15
57
9
94
15
22
16
28
9
92
14
56
16
88
12
84
2
69
9
44
0
0
9
44
9
44
9
71
9
12
1
19
3
9
13
25
9
99
15
87
9
13
9
73
9
64
9
14
9
64
9
34
15
87
9
74
9
64
12
24
9
74
9
74
9
14
9
44
