9
44
9
64
9
99
9
33
9
93
11
83
12
54
9
14
9
33
9
43
9
14
9
44
9
12
13
25
10
52
9
94
12
24
9
34
9
64
12
84
9
99
11
83
12
54
9
42
9
93
13
25
9
14
12
24
9
44
9
33
9
64
9
92
9
74
9
14
10
52
9
64
9
73
9
93
9
14
9
14
9
94
9
62
10
82
9
14
9
93
10
22
12
84
9
34
9
62
0
50
15
27
9
71
9
72
9
14
9
99
9
74
14
26
0
90
11
23
13
85
12
54
9
14
9
74
9
64
10
22
9
43
13
25
9
43
10
22
11
83
13
85
13
25
9
33
9
64
13
55
9
74
14
86
9
94
10
22
9
14
9
74
11
23
9
94
11
53
10
52
9
94
9
99
9
94
9
99
9
44
9
64
15
87
14
86
9
21
9
74
13
25
9
62
12
24
9
44
9
44
9
14
14
56
9
32
9
74
10
82
12
24
9
63
9
43
9
62
9
33
9
74
10
52
11
83
9
13
9
14
9
44
9
94
9
33
9
43
9
94
13
25
9
99
9
13
9
34
9
31
11
83
9
99
9
11
9
33
9
43
2
60
9
99
9
99
0
40
9
63
9
31
11
23
9
11
9
43
13
25
9
74
14
26
11
53
13
55
9
94
11
83
11
53
9
44
0
50
12
54
14
56
9
21
9
71
9
61
12
84
9
14
9
32
9
61
9
99
9
34
10
82
9
11
14
86
9
14
10
82
9
99
9
14
9
99
9
74
9
14
13
55
14
56
9
13
9
99
10
22
9
64
12
54
9
44
9
99
9
44
9
13
9
14
9
34
9
33
12
84
9
63
9
13
9
31
9
33
9
99
9
94
9
64
0
90
9
99
9
94
13
85
9
74
9
74
12
24
9
32
14
26
9
32
9
32
9
13
9
74
9
44
12
54
9
63
9
99
9
99
12
84
9
63
14
26
9
32
9
74
9
99
12
24
11
23
9
44
9
33
0
80
9
41
9
33
9
33
11
83
9
63
9
74
9
99
9
92
9
42
9
74
9
21
10
22
9
94
9
94
9
99
9
64
9
91
9
64
12
54
11
53
9
94
14
86
11
83
11
53
15
27
14
56
9
34
9
43
13
25
15
87
11
23
9
64
9
34
11
83
11
53
9
13
9
94
9
33
9
6
9
93
12
54
13
25
12
54
9
99
9
14
9
74
9
14
15
57
15
57
9
74
9
74
9
93
11
53
9
74
9
62
12
84
0
50
0
60
9
64
9
64
9
99
9
51
9
64
9
33
9
74
9
14
9
34
9
51
15
87
9
34
9
99
9
74
9
62
11
53
12
54
9
99
9
94
14
26
0
12
15
87
9
32
9
44
13
25
9
34
9
99
14
86
9
42
9
99
9
38
9
42
15
87
9
44
9
74
12
54
9
94
9
14
9
99
9
13
9
99
9
4
13
25
9
11
9
57
9
64
9
26
9
92
9
43
9
64
10
52
9
34
9
51
14
26
13
25
9
63
9
44
9
99
9
74
9
34
9
72
9
34
9
14
12
84
9
74
14
86
13
55
9
99
3
29
9
94
15
27
9
99
1
39
12
84
9
21
9
44
11
83
9
99
9
62
9
13
9
71
9
64
9
99
9
51
9
12
13
25
14
26
9
34
10
52
9
34
9
34
15
27
9
13
9
34
9
99
9
99
9
43
11
83
15
57
9
74
11
23
9
72
9
73
9
64
11
83
9
99
9
99
9
51
9
94
9
34
9
94
10
22
0
40
9
14
11
83
9
73
9
43
9
81
9
11
9
93
9
74
9
14
12
84
9
94
9
34
15
87
9
14
9
44
9
33
14
86
9
99
9
99
9
63
11
23
9
99
9
14
11
23
9
99
9
93
11
83
9
73
9
43
12
84
10
52
9
34
9
74
9
63
9
94
11
53
9
26
14
86
9
99
9
14
9
34
9
41
9
99
0
80
10
82
9
99
13
85
9
93
14
56
9
63
9
73
14
56
9
33
9
14
13
21
9
94
9
94
14
56
1
99
9
43
9
44
11
53
12
54
9
14
12
84
10
22
13
85
13
25
13
25
9
13
9
63
9
34
9
92
9
14
9
63
9
99
9
44
0
70
13
52
9
94
9
99
14
56
12
54
9
99
9
94
9
93
9
44
9
32
9
94
9
94
9
94
9
94
10
52
9
74
9
44
9
34
0
50
12
54
9
91
9
34
9
74
9
74
9
74
9
43
9
43
9
14
9
43
9
12
9
43
9
18
11
53
9
93
9
14
9
34
9
99
9
93
9
34
9
14
9
44
9
99
1
1
9
61
9
74
0
70
9
73
9
14
9
43
9
93
9
14
9
14
11
53
9
14
9
99
9
12
9
64
9
94
9
64
11
23
9
43
10
22
14
86
9
34
4
69
9
43
9
42
9
44
9
44
9
14
9
13
9
93
10
82
12
84
9
73
9
14
2
69
9
64
9
99
0
80
9
63
9
72
14
86
9
34
9
63
9
34
0
10
9
99
9
33
9
14
9
63
9
41
13
25
9
14
9
34
9
33
9
34
10
52
14
26
15
27
9
93
9
99
9
13
9
44
9
99
0
84
9
73
9
94
9
63
9
93
12
24
9
13
9
14
9
72
9
73
9
13
9
63
13
25
14
56
9
64
12
84
13
25
9
64
9
12
15
87
9
74
9
64
13
25
9
74
15
87
9
44
9
64
9
63
8
5
9
44
9
73
10
22
10
52
9
74
9
51
9
63
9
44
9
13
9
64
9
94
9
14
9
44
9
44
11
53
9
74
9
94
9
99
9
72
9
99
15
27
14
26
9
44
9
38
9
34
9
64
9
14
13
25
9
77
9
61
15
57
9
34
9
64
1
52
9
34
11
83
9
74
9
99
9
99
9
74
9
99
9
94
9
14
9
12
9
93
9
81
9
34
9
63
9
92
11
53
9
99
9
99
9
13
12
54
12
54
11
23
9
44
9
44
9
43
13
55
4
9
9
99
11
23
9
14
9
64
9
93
9
99
9
44
9
99
9
93
12
84
9
11
9
99
9
94
9
74
9
14
9
31
12
54
9
99
12
24
9
44
9
64
9
99
11
23
9
14
10
52
15
27
9
91
9
31
9
74
9
34
10
52
1
79
9
61
11
23
9
21
9
74
9
94
9
99
14
56
9
34
9
64
9
63
11
23
9
99
9
34
9
99
9
34
9
93
9
34
9
74
11
53
9
14
13
55
9
14
9
64
9
43
9
64
9
14
10
22
13
25
12
54
9
93
10
22
9
64
9
14
14
86
9
74
9
99
4
69
9
81
14
26
9
14
15
87
9
14
9
63
9
74
10
82
9
43
9
73
9
44
12
24
9
99
9
12
15
87
9
44
9
14
13
25
9
81
9
64
9
64
9
11
1
89
10
52
9
33
9
14
9
94
3
39
9
14
9
94
9
74
9
34
15
27
9
99
12
54
9
74
0
36
9
99
9
12
9
93
13
55
9
94
9
34
9
99
2
99
13
22
9
73
9
99
9
92
12
24
9
34
9
74
9
88
9
21
9
12
9
64
14
56
12
51
9
43
12
24
9
99
9
99
13
55
9
44
9
33
9
41
9
99
15
87
0
70
0
60
15
87
9
14
9
44
9
31
9
33
9
21
9
99
9
14
15
57
9
64
12
84
10
22
9
13
9
44
9
64
9
43
12
84
9
63
12
54
9
21
9
72
9
21
9
13
2
30
11
83
0
40
9
31
1
39
15
27
9
31
11
83
14
56
9
73
9
42
9
97
14
26
9
13
9
34
9
94
9
77
12
54
9
93
9
13
9
14
9
32
9
94
11
23
0
60
9
13
13
85
9
42
9
99
13
25
3
9
14
56
9
21
9
14
10
52
0
50
9
64
9
74
12
84
9
44
12
24
13
85
9
43
11
23
9
34
9
99
9
94
9
94
9
44
9
94
9
24
9
94
10
82
9
61
9
14
4
19
0
70
9
64
9
32
9
99
9
94
13
55
0
50
9
42
10
22
9
64
10
22
9
92
9
64
10
52
15
87
9
99
9
72
11
23
9
11
14
86
9
64
10
22
9
99
9
99
9
94
1
39
9
31
9
64
14
56
9
94
13
55
9
44
9
14
15
27
9
64
9
64
13
55
9
33
9
94
10
52
9
61
9
99
9
44
9
14
9
44
14
26
9
64
14
86
9
67
9
11
9
43
9
14
14
56
9
73
11
53
9
14
9
12
15
27
9
99
9
14
9
34
9
39
9
73
9
34
15
27
9
64
9
43
9
91
9
33
9
94
9
99
15
87
14
26
9
32
14
56
9
33
13
85
9
94
9
64
13
25
9
43
9
14
9
99
14
56
9
94
14
22
15
27
9
91
13
55
15
87
11
83
2
69
9
43
0
0
9
44
9
44
9
71
9
11
1
19
3
9
12
24
9
99
14
86
9
12
9
72
9
63
9
14
9
64
9
34
14
86
9
74
9
64
11
23
9
74
9
74
9
14
9
44
