8
60
8
80
9
99
9
99
9
88
11
23
11
83
9
71
9
11
9
99
9
91
10
22
9
81
9
99
9
21
9
89
9
32
8
48
9
94
9
28
9
99
9
11
9
72
9
20
8
60
9
31
9
12
9
51
9
61
9
11
9
33
8
29
9
99
0
30
9
92
9
33
9
10
9
78
8
90
9
44
9
48
9
90
9
29
12
54
9
99
9
28
9
13
9
32
8
50
8
20
10
82
9
68
9
81
9
21
9
40
9
43
8
99
12
54
9
32
9
21
8
60
9
73
8
50
9
33
9
81
8
20
9
79
9
38
9
80
9
50
9
89
9
20
11
83
9
30
9
58
8
60
9
42
8
70
8
80
10
82
9
12
11
23
9
88
9
99
11
23
8
70
9
21
9
91
8
9
9
70
9
71
9
42
9
99
9
18
9
21
9
71
11
53
9
33
9
8
9
64
11
23
11
53
9
81
9
72
8
70
9
61
9
61
9
42
9
99
9
18
9
34
11
23
9
68
9
64
9
42
8
10
9
93
9
32
9
11
8
99
8
70
9
99
9
42
9
40
9
73
8
80
9
59
9
59
9
13
9
59
9
99
8
40
9
31
9
99
11
53
9
91
9
34
9
44
9
32
9
50
9
30
11
23
9
99
9
39
8
30
9
71
12
84
9
99
9
19
8
70
9
99
9
51
9
99
9
21
9
99
9
33
9
81
9
14
9
50
9
61
8
50
0
20
10
82
12
24
0
90
8
99
10
22
0
90
9
81
9
81
8
78
8
20
8
40
9
29
9
63
9
60
8
50
9
71
9
91
9
31
9
42
11
83
9
42
8
80
8
28
9
34
12
24
9
73
9
89
9
92
9
99
9
88
8
20
9
11
10
52
9
61
9
11
9
62
0
80
9
34
9
31
8
79
9
73
8
10
9
62
9
38
9
9
8
60
8
60
9
41
9
73
8
50
8
50
9
80
9
14
9
32
12
84
9
51
9
72
9
90
9
51
11
53
9
51
9
91
8
20
9
40
8
80
9
79
8
50
9
31
8
49
9
19
9
40
9
81
9
32
9
43
11
23
10
82
8
99
8
70
10
82
8
59
9
91
9
90
9
51
9
50
10
52
8
49
9
99
9
71
9
32
8
60
9
10
10
82
9
12
9
99
11
53
8
20
9
73
8
40
9
41
9
79
9
74
9
32
11
23
9
61
8
40
9
41
8
90
8
80
9
34
8
40
8
80
9
51
9
30
9
39
9
99
8
80
9
71
10
52
9
43
9
99
9
12
9
99
9
61
4
79
9
93
8
50
9
12
3
89
9
34
8
68
9
99
8
10
9
99
8
60
1
8
9
39
8
88
9
99
1
99
9
68
8
48
9
59
9
71
9
32
9
69
9
44
8
38
9
74
9
39
8
58
12
54
9
13
8
89
9
91
9
9
9
89
9
81
9
88
9
74
9
12
12
84
8
48
9
58
9
51
12
84
8
30
10
22
9
20
9
31
12
24
10
82
9
12
9
91
8
40
8
50
12
54
9
21
10
22
9
11
9
99
9
13
8
30
9
33
9
21
9
51
8
90
8
78
9
42
8
30
9
42
9
48
9
10
9
21
12
24
8
50
9
14
8
30
9
60
9
28
9
99
9
80
9
10
9
18
9
99
9
63
9
71
9
13
12
24
9
19
9
12
9
72
9
41
9
88
3
9
9
61
0
60
9
12
9
40
12
84
9
99
9
62
9
32
8
59
9
50
9
73
9
99
9
34
9
99
9
99
8
60
8
10
8
99
9
90
8
70
8
40
9
78
9
21
9
41
9
41
12
84
9
92
9
51
8
40
9
42
0
90
9
29
9
51
9
44
9
11
9
51
9
81
9
91
9
32
11
53
9
59
9
93
10
82
9
73
9
28
11
53
9
71
9
21
11
53
9
91
9
71
9
46
10
52
8
79
9
89
8
30
3
49
9
80
9
9
9
70
12
24
8
50
9
92
9
30
9
41
9
41
9
79
9
99
9
31
9
69
9
11
9
13
11
23
8
98
9
71
9
90
9
58
4
29
9
99
8
10
8
10
9
74
9
11
9
28
9
10
8
90
9
51
8
10
0
90
10
82
1
38
9
71
9
31
9
81
8
70
9
72
9
12
8
90
9
31
9
61
9
61
9
32
9
18
9
99
8
29
9
69
9
48
9
58
10
82
8
80
9
99
9
79
9
41
9
99
9
51
11
23
9
74
9
10
9
99
11
53
8
60
9
80
9
10
8
58
8
59
8
48
9
72
9
98
10
22
10
52
12
54
2
89
9
64
9
92
9
21
9
59
9
90
8
85
9
62
9
74
9
12
12
24
9
73
9
43
8
40
3
99
9
13
9
79
9
99
8
70
9
92
9
63
9
10
9
43
8
70
9
38
8
20
9
63
8
10
9
81
9
60
9
89
9
11
0
50
2
69
9
61
9
99
8
60
9
72
0
90
8
60
9
80
9
30
8
9
9
10
8
50
9
21
9
80
9
99
9
62
9
72
9
32
8
99
9
21
9
72
11
23
9
33
2
89
8
99
9
71
9
39
4
18
8
40
0
80
9
33
9
34
9
11
9
73
9
70
9
79
9
94
9
99
9
32
9
32
8
50
9
93
9
78
9
99
9
61
9
48
9
61
11
53
9
80
10
22
3
99
10
22
9
80
9
90
9
81
10
52
9
21
8
79
4
19
9
62
9
91
1
29
8
80
9
60
10
82
0
0
11
83
9
71
8
50
9
41
8
48
8
75
9
51
2
49
9
19
9
63
9
20
9
11
9
98
9
71
10
22
8
45
8
40
12
84
8
30
9
81
9
92
9
63
9
31
9
93
1
19
8
80
9
93
8
79
8
10
9
12
9
93
9
42
9
79
1
19
9
81
9
80
8
70
9
92
9
99
9
11
9
31
3
89
8
10
9
32
9
73
9
42
9
38
8
99
9
13
9
63
9
71
8
90
9
62
8
40
9
99
9
51
9
90
8
90
9
42
1
19
9
70
9
73
11
83
9
92
9
81
9
71
9
11
11
53
9
59
12
54
9
46
9
89
3
79
9
62
8
30
9
19
9
99
9
74
12
84
9
32
8
99
8
40
8
75
9
31
8
88
9
73
9
31
9
48
8
50
10
22
9
43
8
88
0
37
9
72
11
83
8
10
9
31
8
50
9
51
10
52
11
23
9
43
9
61
9
51
9
48
9
11
9
90
9
68
2
89
9
99
9
33
9
89
9
99
9
81
9
50
11
23
0
30
9
34
9
21
9
21
9
33
9
79
9
43
8
20
9
43
9
19
8
20
9
21
9
21
11
22
8
90
9
94
9
44
10
22
8
99
9
38
8
99
9
72
8
20
9
8
9
79
9
74
9
41
9
88
9
62
1
39
9
13
9
91
9
21
8
89
10
82
9
63
10
22
8
30
9
62
9
30
9
61
4
19
9
41
10
52
8
89
9
21
2
49
9
92
9
92
9
13
0
80
0
60
9
34
9
31
9
91
9
33
8
90
9
98
9
38
9
94
9
59
9
11
10
22
2
69
9
9
9
99
9
32
8
70
9
13
8
50
1
9
11
53
9
11
9
12
9
99
9
60
12
84
12
24
9
81
0
20
9
94
0
90
9
81
8
50
9
31
8
50
8
60
9
92
9
69
9
40
9
51
9
92
9
39
10
22
9
61
9
90
8
38
9
34
8
49
9
70
9
93
9
31
4
49
9
67
9
93
8
99
9
37
9
72
9
99
9
31
9
99
9
70
11
83
8
40
11
53
9
99
2
69
10
22
9
61
9
13
9
20
9
99
9
13
9
12
9
92
10
22
12
84
8
90
4
40
9
34
8
99
11
53
9
41
9
71
9
99
9
61
9
93
9
11
9
31
9
31
8
70
9
43
8
99
8
40
9
64
9
41
9
31
9
9
9
51
9
58
9
90
8
40
12
24
8
90
9
99
9
93
9
28
9
8
10
52
8
30
9
50
9
9
9
13
9
99
11
53
9
88
9
99
9
12
9
42
9
44
8
20
9
72
9
63
10
52
9
71
9
63
12
54
8
89
9
99
12
84
9
81
9
64
0
12
9
42
8
9
9
71
9
71
9
73
9
61
8
30
0
0
9
43
9
81
8
70
9
62
9
72
9
14
9
12
8
80
10
52
9
59
9
99
9
58
9
13
9
99
3
99
9
61
8
40
0
47
8
99
9
99
9
79
9
49
8
60
11
23
9
81
9
81
9
99
9
11
8
20
10
52
3
89
9
28
9
61
9
81
9
42
8
50
9
11
9
12
9
11
8
10
9
41
9
99
9
99
10
52
9
92
12
21
9
78
9
21
9
28
0
80
9
31
0
50
9
98
8
50
9
92
9
69
2
29
9
79
9
64
11
53
9
79
8
70
10
22
9
79
9
51
9
71
9
69
9
61
9
81
11
23
9
12
8
80
8
30
10
22
9
41
8
30
9
41
8
10
9
30
8
88
0
0
9
99
9
73
0
50
9
61
9
42
8
99
