2
59
2
79
5
95
3
99
3
82
5
17
5
79
3
69
3
5
5
96
3
85
4
16
5
75
6
99
3
19
3
83
5
26
2
42
6
89
4
22
4
93
3
9
4
68
5
14
2
59
5
25
4
6
3
49
3
55
3
9
5
27
2
23
4
99
0
30
4
86
6
27
5
4
5
72
2
85
6
38
3
42
5
84
4
23
6
49
5
96
4
22
5
7
4
26
2
46
2
14
4
76
3
62
3
75
3
19
5
34
5
39
2
96
6
48
4
29
3
16
2
59
6
67
2
49
5
29
5
75
2
14
5
73
5
32
4
74
5
44
6
83
3
14
5
77
3
24
4
52
2
59
6
36
2
64
2
74
6
76
6
6
5
19
5
82
5
99
5
19
2
69
3
19
5
85
2
3
4
64
5
65
4
36
6
96
3
12
3
16
6
65
5
47
6
27
5
2
6
58
5
18
5
48
3
77
4
66
2
69
3
59
4
55
5
36
5
99
4
12
6
28
5
19
3
62
6
59
5
36
2
8
5
89
4
26
3
9
2
99
2
66
3
94
5
36
3
34
5
69
2
74
4
53
3
53
5
9
4
53
3
94
2
39
3
28
3
97
5
49
3
87
6
29
6
38
4
26
6
44
4
24
5
19
4
97
5
33
2
24
3
67
6
78
4
93
6
13
2
68
3
99
3
49
4
96
5
15
4
98
5
28
3
75
6
9
5
44
6
55
2
49
0
20
5
76
6
19
0
90
2
99
5
16
0
90
5
75
3
79
2
72
2
17
2
34
4
23
5
57
5
54
2
49
3
69
4
85
3
25
4
39
5
77
4
38
2
78
2
22
6
29
6
19
5
69
6
83
4
89
3
93
3
82
2
19
3
9
4
46
5
55
3
9
4
56
0
80
6
29
3
26
2
73
5
69
2
9
4
59
5
32
3
3
2
59
2
59
3
39
4
74
2
49
2
46
5
74
6
9
4
29
6
79
3
47
6
66
6
84
3
49
6
47
3
45
5
85
2
15
3
34
2
76
3
73
2
49
4
25
2
43
6
13
5
34
5
75
6
26
5
39
5
18
4
78
2
99
2
66
4
78
2
53
3
89
5
84
3
48
4
44
4
48
2
43
6
93
3
66
4
26
2
54
5
4
4
79
4
9
4
98
5
49
2
16
5
67
2
39
3
35
5
73
6
69
4
27
6
17
6
55
2
39
4
35
2
89
2
78
6
29
2
34
2
79
3
49
5
24
4
33
4
97
2
75
3
69
4
48
5
37
5
99
4
6
3
99
3
55
4
79
5
89
2
49
5
6
3
83
6
29
2
68
3
99
2
9
6
97
2
59
1
2
5
33
2
82
4
99
1
96
3
62
2
42
5
53
3
68
4
29
5
63
6
39
2
32
6
69
4
33
2
52
6
49
5
7
2
83
3
85
3
3
6
83
6
75
3
82
6
69
4
9
6
79
2
42
4
52
3
49
6
79
2
26
4
19
5
14
3
27
6
19
4
77
5
6
4
85
2
39
2
49
6
49
4
15
4
19
3
9
4
93
5
9
2
26
6
27
5
15
3
49
2
84
2
72
4
39
2
29
4
39
5
42
4
4
3
16
6
18
2
49
6
9
2
25
6
54
5
22
6
99
3
74
6
4
5
12
3
96
5
57
3
65
6
7
6
19
3
13
4
6
4
67
4
35
3
82
3
9
3
56
0
60
4
7
4
34
6
79
6
95
4
59
6
26
2
53
6
44
5
69
4
93
6
29
4
97
5
93
2
55
2
5
2
93
6
84
2
65
2
39
3
78
3
17
5
35
3
39
6
79
5
86
3
45
2
34
4
36
0
90
3
23
3
46
6
39
3
9
3
47
3
77
3
89
4
29
5
47
3
53
5
89
4
79
5
69
4
22
5
49
3
67
3
19
5
49
3
88
3
69
6
46
4
49
2
73
5
83
2
24
3
48
3
74
5
3
3
64
6
19
2
47
6
86
6
24
3
39
5
35
5
73
5
96
3
29
3
63
4
11
6
7
5
19
2
92
3
69
3
84
4
58
4
29
3
98
2
5
2
9
6
69
3
7
5
22
3
4
2
89
6
45
2
4
0
90
6
76
1
32
3
68
3
28
3
76
2
69
5
66
4
6
2
89
3
28
3
55
4
55
4
29
5
12
4
98
2
23
6
63
4
42
4
52
6
76
2
75
6
98
6
73
3
38
3
97
3
45
6
17
6
69
6
4
6
96
5
48
2
59
3
74
3
4
2
52
2
53
2
42
4
69
5
92
4
19
4
49
6
49
2
84
6
59
4
89
3
19
6
53
6
84
5
85
4
59
6
68
4
8
6
19
5
68
5
39
2
34
3
99
5
9
6
73
6
96
2
67
4
88
6
57
4
4
6
37
2
66
5
32
2
19
5
58
2
8
3
78
3
54
4
83
3
9
0
50
2
67
3
59
6
95
2
56
4
69
0
90
2
59
5
74
5
24
2
3
6
4
2
47
3
19
4
74
3
98
4
57
5
66
4
28
2
97
3
15
4
69
5
18
5
29
2
85
2
99
3
66
4
33
4
12
2
39
0
80
6
27
6
29
3
9
5
69
5
64
5
73
6
88
5
97
5
26
5
26
2
49
5
89
4
72
5
93
3
59
5
42
3
55
6
47
4
74
4
19
3
99
5
16
3
74
6
84
3
79
4
49
3
19
2
73
4
17
4
62
3
88
1
27
2
75
3
54
5
76
0
0
5
77
6
65
2
46
3
39
2
42
5
75
3
49
2
49
3
13
6
57
3
14
3
8
3
92
4
65
4
19
3
45
2
38
6
79
2
28
3
77
4
89
5
59
6
25
5
89
1
19
2
77
5
89
2
73
2
9
3
12
6
87
6
36
4
73
1
19
3
79
5
74
2
64
4
86
5
99
3
6
3
29
3
87
2
7
4
28
6
67
4
39
4
32
2
99
5
7
5
58
5
65
2
84
4
59
2
38
3
95
4
45
5
84
2
87
4
39
1
16
3
64
5
69
5
79
4
89
3
76
3
65
3
9
5
48
5
53
6
49
6
46
5
83
3
79
4
59
2
26
5
13
4
95
6
69
6
79
4
27
2
98
2
36
5
75
3
25
2
82
5
67
3
26
5
42
2
47
4
19
5
39
2
82
0
37
4
69
5
77
2
9
5
25
2
49
5
45
4
46
5
18
5
37
5
55
5
45
5
42
3
5
4
84
3
62
2
83
5
98
5
28
3
83
6
94
3
78
3
44
5
19
0
30
6
29
3
17
3
19
5
27
5
73
4
44
2
17
5
37
3
13
2
19
6
15
4
15
5
24
2
89
6
88
6
39
4
17
2
93
5
32
2
97
5
66
2
16
4
2
6
73
6
69
3
38
3
82
4
58
1
34
6
7
4
85
3
19
2
83
4
79
5
58
4
19
2
28
4
59
5
24
3
56
4
15
3
36
6
46
2
83
3
19
2
49
4
86
4
89
5
7
0
80
0
60
6
29
3
28
3
88
5
29
2
84
4
92
3
32
6
89
5
53
3
7
5
16
2
68
6
3
6
93
4
27
2
65
5
8
2
44
1
6
5
48
3
9
6
6
3
99
6
54
6
78
6
19
3
79
0
20
6
89
0
90
3
75
2
49
3
27
2
44
2
57
4
89
3
63
6
34
3
47
4
89
6
33
4
19
3
55
3
84
2
32
6
28
2
43
4
64
5
88
3
25
4
45
6
67
5
88
2
96
4
37
4
69
3
98
3
27
3
99
3
64
5
77
2
36
5
49
3
99
2
67
6
16
3
57
5
9
6
14
5
98
5
8
4
9
4
87
5
16
6
79
2
89
4
40
6
29
2
94
5
48
3
36
5
65
6
99
3
57
5
88
5
5
5
25
5
25
2
69
6
37
2
95
2
34
6
58
3
39
5
25
3
3
5
45
4
52
4
84
2
36
6
18
2
88
5
98
6
87
5
22
4
2
4
47
2
24
5
44
5
3
6
7
4
96
5
49
5
82
5
95
4
6
4
39
6
39
2
15
4
66
5
59
4
49
4
65
5
59
6
49
2
83
4
93
6
78
3
78
6
59
0
12
4
39
2
9
3
67
3
67
5
67
5
55
2
29
0
0
6
37
4
75
2
68
4
56
4
69
6
8
4
8
2
78
5
46
3
53
5
98
4
52
5
9
3
99
3
93
3
59
2
39
0
47
2
99
6
98
6
73
5
43
2
55
5
19
3
76
3
79
3
96
3
9
2
19
4
48
3
83
5
22
5
55
3
76
4
39
2
46
4
5
4
7
3
9
2
4
3
36
4
99
6
95
6
46
4
89
6
21
4
72
3
15
3
22
0
80
3
25
0
50
4
92
2
49
6
86
3
63
2
28
4
73
6
59
5
49
3
73
2
65
4
19
3
73
4
45
5
65
6
63
3
56
3
76
5
17
4
6
2
79
2
29
6
16
3
38
2
29
3
39
2
7
5
24
2
82
0
0
3
99
5
69
0
50
3
59
5
36
2
97
