6
59
6
79
9
99
7
99
7
86
9
21
9
81
7
69
7
9
9
99
7
89
8
20
9
79
9
99
7
19
7
87
9
30
6
46
9
92
8
26
8
97
7
9
8
70
9
18
6
59
9
29
8
10
7
49
7
59
7
9
9
31
6
27
8
99
0
30
8
90
9
31
9
8
8
76
6
89
9
42
7
46
9
88
8
27
10
52
9
99
8
26
9
11
8
30
6
49
6
18
8
80
7
66
7
79
7
19
9
38
9
41
6
99
10
52
8
30
7
19
6
59
9
71
6
49
9
31
9
79
6
18
9
77
8
36
8
78
9
48
9
87
7
18
9
81
7
28
8
56
6
59
9
40
6
68
6
78
9
80
9
10
9
21
8
86
9
99
9
21
6
69
7
19
9
89
6
7
8
68
9
69
8
40
9
99
7
16
7
19
9
69
9
51
9
31
8
6
9
62
9
21
9
51
7
79
8
70
6
69
7
59
8
59
9
40
9
99
8
16
9
32
9
21
7
66
9
62
9
40
6
9
9
91
8
30
7
9
6
99
6
69
7
98
9
40
7
38
9
71
6
78
8
57
7
57
9
11
8
57
7
98
6
39
7
29
7
99
9
51
7
89
9
32
9
42
8
30
9
48
8
28
9
21
8
99
9
37
6
28
7
69
10
82
8
97
9
17
6
69
7
99
7
49
8
99
9
19
8
99
9
31
7
79
9
12
9
48
9
59
6
49
0
20
9
80
10
22
0
90
6
99
9
20
0
90
9
79
7
79
6
76
6
19
6
38
8
27
9
61
9
58
6
49
7
69
8
89
7
29
8
40
9
81
8
40
6
79
6
26
9
32
10
22
9
71
9
87
8
90
7
97
7
86
6
19
7
9
8
50
9
59
7
9
8
60
0
80
9
32
7
29
6
77
9
71
6
9
8
60
8
36
7
7
6
59
6
59
7
39
8
74
6
49
6
49
9
78
9
12
8
30
10
82
7
49
9
70
9
88
7
49
9
51
7
49
9
89
6
19
7
38
6
79
7
77
6
49
8
29
6
47
9
17
9
38
9
79
9
30
9
41
9
21
8
80
6
99
6
69
8
80
6
57
7
89
9
88
7
49
8
48
8
50
6
47
9
97
7
69
8
30
6
58
9
8
8
80
8
10
8
99
9
51
6
19
9
71
6
39
7
39
9
77
9
72
8
30
9
21
9
59
6
39
8
39
6
89
6
79
9
32
6
38
6
79
7
49
9
28
8
37
8
99
6
79
7
69
8
50
9
41
9
99
8
10
7
99
7
59
4
79
9
91
6
49
9
10
3
87
9
32
6
68
7
99
6
9
9
99
6
59
1
6
9
37
6
86
8
99
1
99
7
66
6
46
9
57
7
69
8
30
9
67
9
42
6
36
9
72
8
37
6
56
10
52
9
11
6
87
7
89
7
7
9
87
9
79
7
86
9
72
8
10
10
82
6
46
8
56
7
49
10
82
6
29
8
20
9
18
7
29
10
22
8
80
9
10
8
89
6
39
6
49
10
52
8
19
8
20
7
9
8
97
9
11
6
29
9
31
9
19
7
49
6
88
6
76
8
40
6
29
8
40
8
46
8
8
7
19
10
22
6
49
9
12
6
29
9
58
8
26
9
99
7
78
9
8
8
16
7
99
9
61
7
69
9
11
10
22
7
17
8
10
8
70
8
39
7
86
3
9
7
59
0
60
8
10
8
38
10
82
9
99
8
60
9
30
6
57
9
48
9
71
8
97
9
32
8
99
9
97
6
59
6
9
6
97
9
88
6
69
6
39
7
78
7
19
9
39
7
39
10
82
9
90
7
49
6
38
8
40
0
90
7
27
7
49
9
42
7
9
7
49
7
79
7
89
8
30
9
51
7
57
9
91
8
80
9
71
8
26
9
51
7
69
7
19
9
51
7
89
7
69
9
46
8
50
6
77
9
87
6
28
3
49
7
78
9
7
7
68
10
22
6
49
9
90
9
28
7
39
9
39
9
77
9
99
7
29
7
67
8
11
9
11
9
21
6
96
7
69
7
88
8
58
4
29
7
99
6
9
6
9
9
72
7
9
8
26
7
8
6
89
9
49
6
8
0
90
9
80
1
36
7
69
7
29
7
79
6
69
9
70
8
10
6
89
7
29
7
59
8
59
8
30
8
16
8
99
6
27
9
67
8
46
8
56
9
80
6
79
9
99
9
77
7
39
7
99
7
49
9
21
9
72
9
8
9
99
9
51
6
59
7
78
7
8
6
56
6
57
6
46
8
70
8
96
8
20
8
50
10
52
2
88
9
62
8
90
7
19
9
57
9
88
8
85
8
60
9
72
8
10
10
22
9
71
9
41
6
38
3
99
9
11
9
77
9
99
6
69
8
90
9
61
8
8
9
41
6
69
8
36
6
19
9
61
6
9
7
79
7
58
8
87
7
9
0
50
2
69
7
59
9
99
6
59
8
70
0
90
6
59
9
78
9
28
6
7
9
8
6
49
7
19
8
78
7
99
8
60
9
70
8
30
6
99
7
19
8
70
9
21
9
31
2
89
6
99
7
69
8
37
4
16
6
39
0
80
9
31
9
32
7
9
9
71
9
68
9
77
9
92
9
99
9
30
9
30
6
49
9
91
8
76
9
97
7
59
8
46
7
59
9
51
8
78
8
20
3
99
9
20
7
78
9
88
7
79
8
50
7
19
6
77
4
19
8
62
7
89
1
29
6
79
7
58
9
80
0
0
9
81
9
69
6
49
7
39
6
46
8
75
7
49
2
49
7
17
9
61
7
18
7
9
7
96
8
69
8
20
7
45
6
39
10
82
6
29
7
79
8
90
9
61
9
29
9
91
1
19
6
79
9
91
6
77
6
9
7
12
9
91
9
40
8
77
1
19
7
79
9
78
6
68
8
90
9
99
7
9
7
29
3
89
6
9
8
30
9
71
8
40
8
36
6
99
9
11
9
61
9
69
6
88
8
60
6
39
7
99
8
49
9
88
6
89
8
40
1
19
7
68
9
71
9
81
8
90
7
79
7
69
7
9
9
51
9
57
10
52
9
46
9
87
3
79
8
60
6
29
9
17
8
99
9
72
10
82
8
30
6
99
6
39
8
75
7
29
6
86
9
71
7
29
8
46
6
49
8
20
9
41
6
86
0
37
8
70
9
81
6
9
9
29
6
49
9
49
8
50
9
21
9
41
9
59
9
49
8
46
7
9
8
88
7
66
2
87
9
99
9
31
7
87
9
98
7
79
7
48
9
21
0
30
9
32
7
19
7
19
9
31
9
77
8
44
6
19
9
41
7
17
6
19
9
19
8
19
9
23
6
89
9
92
9
42
8
20
6
97
8
36
6
99
9
70
6
19
8
6
9
77
9
72
7
39
7
86
8
60
1
38
9
11
8
89
7
19
6
87
8
80
9
61
8
20
6
29
8
60
9
28
7
59
4
19
7
39
9
50
6
87
7
19
2
49
8
90
8
90
9
11
0
80
0
60
9
32
7
29
7
89
9
31
6
88
8
96
7
36
9
92
9
57
7
9
9
20
2
69
9
7
9
97
8
30
6
69
9
11
6
48
1
9
9
51
7
9
9
10
7
99
9
58
10
82
10
22
7
79
0
20
9
92
0
90
7
79
6
49
7
29
6
48
6
59
8
90
7
67
9
38
7
49
8
90
9
37
8
20
7
59
7
88
6
36
9
32
6
47
8
68
9
91
7
29
4
49
9
67
9
91
6
99
8
37
8
70
7
99
7
29
7
99
7
68
9
81
6
39
9
51
7
99
2
69
9
20
7
59
9
11
9
18
9
99
9
11
8
10
8
90
9
20
10
82
6
89
4
40
9
32
6
98
9
51
7
39
9
69
9
99
7
59
9
91
9
9
9
29
9
29
6
69
9
41
6
99
6
38
9
62
7
39
9
29
7
7
9
49
8
56
8
88
6
39
10
22
6
89
9
99
9
91
8
26
8
6
8
50
6
28
9
48
9
7
9
11
8
99
9
51
8
86
9
99
8
10
8
40
9
42
6
19
8
70
9
61
8
50
8
69
9
61
10
52
6
87
8
97
10
82
7
79
9
62
0
12
8
40
6
9
7
69
7
69
9
71
9
59
6
29
0
0
9
41
8
79
6
69
8
60
8
70
9
12
8
10
6
79
9
50
7
57
9
99
8
56
9
11
7
99
3
97
7
59
6
39
0
47
6
99
9
99
9
77
9
47
6
59
9
21
7
79
7
79
7
99
7
9
6
19
8
50
3
87
8
26
9
59
7
79
8
40
6
49
8
9
8
10
7
9
6
8
7
39
8
99
9
99
9
50
8
90
10
21
8
76
7
19
7
26
0
80
7
29
0
50
8
96
6
49
9
90
7
67
2
29
8
77
9
62
9
51
7
77
6
69
8
20
7
77
8
49
9
69
9
67
7
59
7
79
9
21
8
10
6
79
6
29
9
20
7
39
6
29
7
39
6
9
9
28
6
86
0
0
7
99
9
71
0
50
7
59
9
40
6
99
