9
64
13
85
9
99
9
99
9
93
16
28
16
88
9
74
9
14
9
99
9
94
15
27
14
86
9
99
14
26
9
94
9
34
11
53
9
94
9
33
9
99
9
14
9
74
13
25
9
64
9
34
9
14
14
56
9
64
9
14
9
34
9
34
9
99
0
30
9
94
9
34
9
14
11
83
9
94
9
44
11
53
9
94
9
34
17
59
9
99
9
33
9
14
9
34
13
55
13
25
15
87
9
73
14
86
14
26
9
44
9
44
9
99
17
59
9
34
14
26
9
64
9
74
13
55
9
34
14
86
13
25
12
84
9
43
13
85
13
55
9
94
13
25
16
88
9
34
9
63
9
64
9
44
9
74
13
85
15
87
9
14
16
28
9
93
9
99
16
28
9
74
14
26
9
94
9
14
9
74
9
74
9
44
9
99
11
23
14
26
9
74
16
58
9
34
9
13
9
64
16
28
16
58
14
86
9
74
9
74
9
64
9
64
9
44
9
99
11
23
9
34
16
28
9
73
9
64
9
44
9
14
9
94
9
34
9
14
9
99
9
74
9
99
9
44
9
44
9
74
13
85
9
64
9
64
9
14
9
64
9
99
9
44
9
34
9
99
16
58
9
94
9
34
9
44
9
34
13
55
9
34
16
28
9
99
9
44
9
34
9
74
17
89
9
99
12
24
9
74
9
99
14
56
9
99
14
26
9
99
9
34
14
86
9
14
13
55
9
64
13
55
0
20
15
87
17
29
0
90
9
99
15
27
0
90
14
86
14
86
11
83
13
25
9
44
9
34
9
64
9
64
13
55
9
74
9
94
9
34
9
44
16
88
9
44
13
85
9
33
9
34
17
29
9
74
9
94
9
94
9
99
9
93
13
25
9
14
15
57
9
64
9
14
9
64
0
80
9
34
9
34
12
84
9
74
9
14
9
64
9
43
9
14
9
64
9
64
9
44
9
73
13
55
13
55
13
85
9
14
9
34
17
89
14
56
9
74
9
94
14
56
16
58
14
56
9
94
13
25
9
44
13
85
12
84
13
55
9
34
12
54
12
24
9
44
14
86
9
34
9
44
16
28
15
87
9
99
9
74
15
87
9
64
9
94
9
94
14
56
13
55
15
57
12
54
9
99
9
74
9
34
9
64
9
14
15
87
9
14
9
99
16
58
13
25
9
74
9
44
9
44
12
84
9
74
9
34
16
28
9
64
9
44
9
44
9
94
13
85
9
34
9
44
13
85
14
56
9
34
9
44
9
99
13
85
9
74
15
57
9
44
9
99
9
14
9
99
9
64
4
79
9
94
13
55
9
14
3
89
9
34
9
68
9
99
9
14
9
99
9
64
1
9
9
44
9
93
9
99
1
99
9
73
11
53
9
64
9
74
9
34
9
74
9
44
9
43
9
74
9
44
9
63
17
59
9
14
9
94
9
94
9
14
9
94
14
86
9
93
9
74
9
14
17
89
11
53
9
63
14
56
17
89
9
34
15
27
13
25
9
34
17
29
15
87
9
14
9
94
9
44
13
55
17
59
14
26
15
27
9
14
9
99
9
14
9
34
9
34
14
26
14
56
9
94
11
83
9
44
9
34
9
44
11
53
9
14
14
26
17
29
13
55
9
14
9
34
9
64
9
33
9
99
13
85
9
14
11
23
9
99
9
64
9
74
9
14
17
29
12
24
9
14
9
74
9
44
9
93
3
9
9
64
0
60
9
14
9
44
17
89
9
99
9
64
9
34
9
64
13
55
9
74
9
99
9
34
9
99
9
99
9
64
9
14
9
99
9
94
9
74
9
44
9
78
14
26
9
44
9
44
17
89
9
94
14
56
9
44
9
44
0
90
9
34
14
56
9
44
9
14
14
56
14
86
9
94
9
34
16
58
9
64
9
94
15
87
9
74
9
33
16
58
9
74
14
26
16
58
9
94
9
74
9
46
15
57
12
84
9
94
9
34
3
49
13
85
9
14
9
74
17
29
13
55
9
94
9
34
9
44
9
44
12
84
9
99
9
34
9
74
9
11
9
14
16
28
9
99
9
74
9
94
9
58
4
29
9
99
9
14
9
14
9
74
9
14
9
33
9
14
9
94
14
56
9
14
0
90
15
87
1
39
9
74
9
34
14
86
9
74
9
74
9
14
9
94
9
34
9
64
9
64
9
34
11
23
9
99
9
34
9
74
11
53
9
63
15
87
13
85
9
99
12
84
9
44
9
99
14
56
16
28
9
74
9
14
9
99
16
58
9
64
13
85
9
14
9
63
9
64
11
53
9
74
9
99
15
27
15
57
17
59
2
89
9
64
9
94
14
26
9
64
9
94
8
85
9
64
9
74
9
14
17
29
9
74
9
44
9
44
3
99
9
14
12
84
9
99
9
74
9
94
9
64
9
14
9
44
9
74
9
43
13
25
9
64
9
14
14
86
9
64
9
94
9
14
0
50
2
69
9
64
9
99
9
64
9
74
0
90
9
64
13
85
9
34
9
14
9
14
13
55
14
26
13
85
9
99
9
64
9
74
9
34
9
99
14
26
9
74
16
28
9
34
2
89
9
99
9
74
9
44
4
19
9
44
0
80
9
34
9
34
9
14
9
74
9
74
12
84
9
94
9
99
9
34
9
34
13
55
9
94
11
83
9
99
9
64
11
53
9
64
16
58
13
85
15
27
3
99
15
27
13
85
9
94
14
86
15
57
14
26
12
84
4
19
9
62
9
94
1
29
13
85
9
64
15
87
0
0
16
88
9
74
13
55
9
44
11
53
8
75
14
56
2
49
12
24
9
64
13
25
9
14
9
99
9
74
15
27
8
45
9
44
17
89
9
34
14
86
9
94
9
64
9
34
9
94
1
19
13
85
9
94
12
84
9
14
9
12
9
94
9
44
12
84
1
19
14
86
13
85
9
74
9
94
9
99
9
14
9
34
3
89
9
14
9
34
9
74
9
44
9
43
9
99
9
14
9
64
9
74
9
94
9
64
9
44
9
99
14
56
9
94
9
94
9
44
1
19
9
74
9
74
16
88
9
94
14
86
9
74
9
14
16
58
9
64
17
59
9
46
9
94
3
79
9
64
9
34
12
24
9
99
9
74
17
89
9
34
9
99
9
44
8
75
9
34
9
93
9
74
9
34
11
53
13
55
15
27
9
44
9
93
0
37
9
74
16
88
9
14
9
34
13
55
14
56
15
57
16
28
9
44
9
64
14
56
11
53
9
14
9
94
9
73
2
89
9
99
9
34
9
94
9
99
14
86
13
55
16
28
0
30
9
34
14
26
14
26
9
34
12
84
9
43
13
25
9
44
12
24
13
25
14
26
14
26
16
22
9
94
9
94
9
44
15
27
9
99
9
43
9
99
9
74
13
25
9
13
12
84
9
74
9
44
9
93
9
64
1
39
9
14
9
94
14
26
9
94
15
87
9
64
15
27
9
34
9
64
9
34
9
64
4
19
9
44
15
57
9
94
14
26
2
49
9
94
9
94
9
14
0
80
0
60
9
34
9
34
9
94
9
34
9
94
9
99
9
43
9
94
9
64
9
14
15
27
2
69
9
14
9
99
9
34
9
74
9
14
13
55
1
9
16
58
9
14
9
14
9
99
9
64
17
89
17
29
14
86
0
20
9
94
0
90
14
86
13
55
9
34
13
55
9
64
9
94
9
74
9
44
14
56
9
94
9
44
15
27
9
64
9
94
9
43
9
34
12
54
9
74
9
94
9
34
4
49
9
67
9
94
9
99
9
37
9
74
9
99
9
34
9
99
9
74
16
88
9
44
16
58
9
99
2
69
15
27
9
64
9
14
13
25
9
99
9
14
9
14
9
94
15
27
17
89
9
94
4
40
9
34
9
99
16
58
9
44
9
74
9
99
9
64
9
94
9
14
9
34
9
34
9
74
9
44
9
99
9
44
9
64
9
44
9
34
9
14
14
56
9
63
9
94
9
44
17
29
9
94
9
99
9
94
9
33
9
13
15
57
9
34
13
55
9
14
9
14
9
99
16
58
9
93
9
99
9
14
9
44
9
44
13
25
9
74
9
64
15
57
9
74
9
64
17
59
9
94
9
99
17
89
14
86
9
64
0
12
9
44
9
9
9
74
9
74
9
74
9
64
9
34
0
0
9
44
14
86
9
74
9
64
9
74
9
14
9
14
13
85
15
57
9
64
9
99
9
63
9
14
9
99
3
99
9
64
9
44
0
47
9
99
9
99
12
84
12
54
9
64
16
28
14
86
14
86
9
99
9
14
13
25
15
57
3
89
9
33
9
64
14
86
9
44
13
55
9
14
9
14
9
14
9
14
9
44
9
99
9
99
15
57
9
94
17
21
11
83
14
26
9
33
0
80
9
34
0
50
9
99
13
55
9
94
9
74
2
29
12
84
9
64
16
58
12
84
9
74
15
27
12
84
14
56
9
74
9
74
9
64
14
86
16
28
9
14
13
85
9
34
15
27
9
44
9
34
9
44
9
14
9
34
9
93
0
0
9
99
9
74
0
50
9
64
9
44
9
99
