9
64
14
86
9
99
9
99
9
94
17
29
17
89
9
74
9
14
9
99
9
94
16
28
15
87
9
99
15
27
9
94
9
34
12
54
9
94
9
34
9
99
9
14
9
74
14
26
9
64
9
34
9
14
15
57
9
64
9
14
9
34
9
34
9
99
0
30
9
94
9
34
9
14
12
84
9
94
9
44
12
54
9
94
9
34
18
60
9
99
9
34
9
14
9
34
14
56
14
26
16
88
9
74
15
87
15
27
9
44
9
44
9
99
18
60
9
34
15
27
9
64
9
74
14
56
9
34
15
87
14
26
13
85
9
44
14
86
14
56
9
94
14
26
17
89
9
34
9
64
9
64
9
44
9
74
14
86
16
88
9
14
17
29
9
94
9
99
17
29
9
74
15
27
9
94
9
14
9
74
9
74
9
44
9
99
12
24
15
27
9
74
17
59
9
34
9
14
9
64
17
29
17
59
15
87
9
74
9
74
9
64
9
64
9
44
9
99
12
24
9
34
17
29
9
74
9
64
9
44
9
14
9
94
9
34
9
14
9
99
9
74
9
99
9
44
9
44
9
74
14
86
9
64
9
64
9
14
9
64
9
99
9
44
9
34
9
99
17
59
9
94
9
34
9
44
9
34
14
56
9
34
17
29
9
99
9
44
9
34
9
74
18
90
9
99
13
25
9
74
9
99
15
57
9
99
15
27
9
99
9
34
15
87
9
14
14
56
9
64
14
56
0
20
16
88
18
30
0
90
9
99
16
28
0
90
15
87
15
87
12
84
14
26
9
44
9
34
9
64
9
64
14
56
9
74
9
94
9
34
9
44
17
89
9
44
14
86
9
34
9
34
18
30
9
74
9
94
9
94
9
99
9
94
14
26
9
14
16
58
9
64
9
14
9
64
0
80
9
34
9
34
13
85
9
74
9
14
9
64
9
44
9
14
9
64
9
64
9
44
9
73
14
56
14
56
14
86
9
14
9
34
18
90
15
57
9
74
9
94
15
57
17
59
15
57
9
94
14
26
9
44
14
86
13
85
14
56
9
34
13
55
13
25
9
44
15
87
9
34
9
44
17
29
16
88
9
99
9
74
16
88
9
64
9
94
9
94
15
57
14
56
16
58
13
55
9
99
9
74
9
34
9
64
9
14
16
88
9
14
9
99
17
59
14
26
9
74
9
44
9
44
13
85
9
74
9
34
17
29
9
64
9
44
9
44
9
94
14
86
9
34
9
44
14
86
15
57
9
34
9
44
9
99
14
86
9
74
16
58
9
44
9
99
9
14
9
99
9
64
4
79
9
94
14
56
9
14
3
89
9
34
9
68
9
99
9
14
9
99
9
64
1
9
9
44
9
94
9
99
1
99
9
74
12
54
9
64
9
74
9
34
9
74
9
44
9
44
9
74
9
44
9
64
18
60
9
14
9
94
9
94
9
14
9
94
15
87
9
94
9
74
9
14
18
90
12
54
9
64
15
57
18
90
9
34
16
28
14
26
9
34
18
30
16
88
9
14
9
94
9
44
14
56
18
60
15
27
16
28
9
14
9
99
9
14
9
34
9
34
15
27
15
57
9
94
12
84
9
44
9
34
9
44
12
54
9
14
15
27
18
30
14
56
9
14
9
34
9
64
9
34
9
99
14
86
9
14
12
24
9
99
9
64
9
74
9
14
18
30
13
25
9
14
9
74
9
44
9
94
3
9
9
64
0
60
9
14
9
44
18
90
9
99
9
64
9
34
9
64
14
56
9
74
9
99
9
34
9
99
9
99
9
64
9
14
9
99
9
94
9
74
9
44
9
78
15
27
9
44
9
44
18
90
9
94
15
57
9
44
9
44
0
90
9
34
15
57
9
44
9
14
15
57
15
87
9
94
9
34
17
59
9
64
9
94
16
88
9
74
9
34
17
59
9
74
15
27
17
59
9
94
9
74
9
46
16
58
13
85
9
94
9
34
3
49
14
86
9
14
9
74
18
30
14
56
9
94
9
34
9
44
9
44
13
85
9
99
9
34
9
74
9
11
9
14
17
29
9
99
9
74
9
94
9
58
4
29
9
99
9
14
9
14
9
74
9
14
9
34
9
14
9
94
15
57
9
14
0
90
16
88
1
39
9
74
9
34
15
87
9
74
9
74
9
14
9
94
9
34
9
64
9
64
9
34
12
24
9
99
9
34
9
74
12
54
9
64
16
88
14
86
9
99
13
85
9
44
9
99
15
57
17
29
9
74
9
14
9
99
17
59
9
64
14
86
9
14
9
64
9
64
12
54
9
74
9
99
16
28
16
58
18
60
2
89
9
64
9
94
15
27
9
64
9
94
8
85
9
64
9
74
9
14
18
30
9
74
9
44
9
44
3
99
9
14
13
85
9
99
9
74
9
94
9
64
9
14
9
44
9
74
9
44
14
26
9
64
9
14
15
87
9
64
9
94
9
14
0
50
2
69
9
64
9
99
9
64
9
74
0
90
9
64
14
86
9
34
9
14
9
14
14
56
15
27
14
86
9
99
9
64
9
74
9
34
9
99
15
27
9
74
17
29
9
34
2
89
9
99
9
74
9
44
4
19
9
44
0
80
9
34
9
34
9
14
9
74
9
74
13
85
9
94
9
99
9
34
9
34
14
56
9
94
12
84
9
99
9
64
12
54
9
64
17
59
14
86
16
28
3
99
16
28
14
86
9
94
15
87
16
58
15
27
13
85
4
19
9
62
9
94
1
29
14
86
9
64
16
88
0
0
17
89
9
74
14
56
9
44
12
54
8
75
15
57
2
49
13
25
9
64
14
26
9
14
9
99
9
74
16
28
8
45
9
44
18
90
9
34
15
87
9
94
9
64
9
34
9
94
1
19
14
86
9
94
13
85
9
14
9
12
9
94
9
44
13
85
1
19
15
87
14
86
9
74
9
94
9
99
9
14
9
34
3
89
9
14
9
34
9
74
9
44
9
44
9
99
9
14
9
64
9
74
9
94
9
64
9
44
9
99
15
57
9
94
9
94
9
44
1
19
9
74
9
74
17
89
9
94
15
87
9
74
9
14
17
59
9
64
18
60
9
46
9
94
3
79
9
64
9
34
13
25
9
99
9
74
18
90
9
34
9
99
9
44
8
75
9
34
9
94
9
74
9
34
12
54
14
56
16
28
9
44
9
94
0
37
9
74
17
89
9
14
9
34
14
56
15
57
16
58
17
29
9
44
9
64
15
57
12
54
9
14
9
94
9
74
2
89
9
99
9
34
9
94
9
99
15
87
14
56
17
29
0
30
9
34
15
27
15
27
9
34
13
85
9
43
14
26
9
44
13
25
14
26
15
27
15
27
17
22
9
94
9
94
9
44
16
28
9
99
9
44
9
99
9
74
14
26
9
14
13
85
9
74
9
44
9
94
9
64
1
39
9
14
9
94
15
27
9
94
16
88
9
64
16
28
9
34
9
64
9
34
9
64
4
19
9
44
16
58
9
94
15
27
2
49
9
94
9
94
9
14
0
80
0
60
9
34
9
34
9
94
9
34
9
94
9
99
9
44
9
94
9
64
9
14
16
28
2
69
9
14
9
99
9
34
9
74
9
14
14
56
1
9
17
59
9
14
9
14
9
99
9
64
18
90
18
30
15
87
0
20
9
94
0
90
15
87
14
56
9
34
14
56
9
64
9
94
9
74
9
44
15
57
9
94
9
44
16
28
9
64
9
94
9
44
9
34
13
55
9
74
9
94
9
34
4
49
9
67
9
94
9
99
9
37
9
74
9
99
9
34
9
99
9
74
17
89
9
44
17
59
9
99
2
69
16
28
9
64
9
14
14
26
9
99
9
14
9
14
9
94
16
28
18
90
9
94
4
40
9
34
9
99
17
59
9
44
9
74
9
99
9
64
9
94
9
14
9
34
9
34
9
74
9
44
9
99
9
44
9
64
9
44
9
34
9
14
15
57
9
64
9
94
9
44
18
30
9
94
9
99
9
94
9
34
9
14
16
58
9
34
14
56
9
14
9
14
9
99
17
59
9
94
9
99
9
14
9
44
9
44
14
26
9
74
9
64
16
58
9
74
9
64
18
60
9
94
9
99
18
90
15
87
9
64
0
12
9
44
9
9
9
74
9
74
9
74
9
64
9
34
0
0
9
44
15
87
9
74
9
64
9
74
9
14
9
14
14
86
16
58
9
64
9
99
9
64
9
14
9
99
3
99
9
64
9
44
0
47
9
99
9
99
13
85
13
55
9
64
17
29
15
87
15
87
9
99
9
14
14
26
16
58
3
89
9
34
9
64
15
87
9
44
14
56
9
14
9
14
9
14
9
14
9
44
9
99
9
99
16
58
9
94
18
21
12
84
15
27
9
34
0
80
9
34
0
50
9
99
14
56
9
94
9
74
2
29
13
85
9
64
17
59
13
85
9
74
16
28
13
85
15
57
9
74
9
74
9
64
15
87
17
29
9
14
14
86
9
34
16
28
9
44
9
34
9
44
9
14
9
34
9
94
0
0
9
99
9
74
0
50
9
64
9
44
9
99
