1
59
1
78
4
94
2
99
2
81
4
16
4
78
2
68
2
4
4
95
2
84
3
15
4
74
5
99
2
19
2
82
4
25
1
41
5
89
3
21
3
92
2
9
3
67
4
13
1
59
4
24
3
5
2
49
2
54
2
8
4
26
1
22
3
98
0
30
3
85
5
26
4
3
4
71
1
84
5
37
2
41
4
83
3
22
5
48
4
95
3
21
4
6
3
25
1
45
1
13
3
75
2
61
2
74
2
19
4
33
4
39
1
95
5
47
3
28
2
15
1
58
5
66
1
49
4
28
4
74
1
13
4
72
4
31
3
73
4
43
5
82
2
13
4
76
2
23
3
51
1
58
5
35
1
63
1
73
5
75
5
5
4
19
4
81
4
99
4
19
1
69
2
19
4
84
1
2
3
63
4
64
3
35
5
95
2
11
2
15
5
64
4
46
5
26
4
1
5
57
4
17
4
47
2
76
3
65
1
69
2
59
3
54
4
35
4
98
3
11
5
27
4
19
2
61
5
58
4
35
1
7
4
88
3
25
2
9
1
99
1
65
2
93
4
35
2
33
4
68
1
73
3
52
2
52
4
9
3
52
2
93
1
39
2
27
2
96
4
49
2
86
5
29
5
37
3
25
5
43
3
23
4
19
3
96
4
32
1
23
2
66
5
77
3
92
5
12
1
67
2
99
2
49
3
95
4
14
3
97
4
27
2
74
5
8
4
43
5
54
1
49
0
20
4
75
5
19
0
90
1
98
4
15
0
90
4
74
2
78
1
71
1
16
1
33
3
22
4
56
4
53
1
48
2
69
3
84
2
24
3
39
4
76
3
37
1
77
1
21
5
28
5
18
4
68
5
82
3
89
2
92
2
81
1
19
2
8
3
45
4
54
2
9
3
55
0
80
5
29
2
25
1
72
4
69
1
8
3
59
4
31
2
2
1
59
1
59
2
39
3
74
1
49
1
45
4
73
5
8
3
29
5
78
2
46
5
65
5
83
2
49
5
46
2
44
4
84
1
14
2
33
1
75
2
72
1
48
3
24
1
42
5
12
4
33
4
74
5
25
4
38
4
17
3
77
1
98
1
65
3
77
1
52
2
88
4
83
2
47
3
43
3
47
1
42
5
92
2
65
3
25
1
53
4
3
3
78
3
9
3
97
4
49
1
15
4
66
1
39
2
34
4
72
5
69
3
26
5
16
5
54
1
39
3
34
1
88
1
77
5
29
1
33
1
79
2
49
4
23
3
32
3
96
1
74
2
69
3
47
4
36
4
99
3
5
2
99
2
54
4
79
4
89
1
49
4
5
3
82
5
29
1
68
2
99
1
9
5
96
1
58
1
1
4
32
1
81
3
99
1
95
2
61
1
41
4
52
2
67
3
29
4
62
5
38
1
31
5
68
3
32
1
51
5
49
4
6
1
82
2
84
2
2
5
82
5
74
2
81
5
69
3
8
5
79
1
41
3
51
2
48
5
79
1
25
3
19
4
13
2
26
5
18
3
76
4
5
3
84
1
39
1
49
5
48
3
14
3
18
2
9
3
92
4
9
1
25
5
26
4
14
2
48
1
83
1
71
3
39
1
29
3
39
4
41
3
3
2
15
5
17
1
49
5
9
1
24
5
53
4
21
5
99
2
73
5
3
4
11
2
95
4
56
2
64
5
6
5
18
2
12
3
5
3
66
3
34
2
81
3
9
2
55
0
60
3
6
3
33
5
79
5
94
3
59
5
25
1
52
5
43
4
68
3
92
5
28
3
96
4
92
1
54
1
4
1
92
5
83
1
64
1
39
2
78
2
16
4
34
2
38
5
78
4
85
2
44
1
33
3
35
0
90
2
22
2
45
5
39
2
9
2
46
2
76
2
89
3
29
4
46
2
52
4
88
3
79
4
69
3
21
4
49
2
66
2
19
4
49
2
87
2
69
5
46
3
49
1
72
4
82
1
23
3
47
2
73
4
2
2
63
5
19
1
46
5
85
5
23
2
38
4
34
4
72
4
95
2
29
2
62
3
11
5
6
4
19
1
91
2
69
2
83
3
58
4
29
2
97
1
4
1
9
5
68
2
6
4
21
2
3
1
89
5
44
1
3
0
90
5
75
1
31
2
67
2
27
2
75
1
68
4
65
3
5
1
89
2
27
2
54
3
54
3
28
4
11
3
97
1
22
5
62
3
41
3
51
5
75
1
74
5
97
5
72
2
37
2
96
2
44
5
16
5
69
5
3
5
95
4
47
1
59
2
73
2
3
1
51
1
52
1
41
3
69
4
91
3
19
3
49
5
49
2
83
5
59
3
89
2
19
5
52
5
83
4
85
3
58
5
67
3
7
5
18
4
67
4
39
1
33
3
99
4
9
5
72
5
95
1
66
3
87
5
56
3
3
5
36
1
65
4
31
1
19
4
57
1
7
2
77
2
53
3
82
2
9
0
50
2
66
2
59
5
94
1
55
3
68
0
90
1
58
4
73
4
23
1
2
5
3
1
46
2
18
3
73
2
97
3
56
4
65
3
27
1
96
2
14
3
69
4
17
4
29
2
84
1
99
2
65
3
32
4
11
1
39
0
80
5
26
5
29
2
9
4
69
4
63
4
72
5
87
4
96
4
25
4
25
1
48
4
89
3
71
4
92
2
59
4
41
2
54
5
46
3
73
3
19
3
99
4
15
2
73
5
83
2
79
3
48
2
19
1
72
4
16
3
62
2
87
1
26
1
74
2
53
4
75
0
0
4
76
5
64
1
45
2
39
1
41
4
75
2
49
2
49
2
12
5
56
2
13
2
7
2
91
3
64
3
19
2
45
1
37
5
79
1
27
2
76
3
88
4
59
5
24
4
89
1
19
1
76
4
88
1
72
1
9
2
12
5
86
5
35
3
72
1
19
2
79
4
73
1
63
3
85
4
99
2
5
2
29
3
86
1
6
3
27
5
66
3
39
3
31
1
99
4
6
4
57
4
64
1
83
3
59
1
37
2
94
3
44
4
83
1
86
3
39
1
15
2
63
4
69
4
79
3
88
2
75
2
64
2
9
4
47
4
52
5
49
5
46
4
82
3
79
3
59
1
25
4
12
3
94
5
69
5
78
3
26
1
97
1
35
4
75
2
24
1
81
4
66
2
25
4
41
1
46
3
19
4
38
1
81
0
37
3
69
4
76
1
9
4
24
1
49
4
44
3
45
4
17
4
36
4
54
4
44
4
41
2
4
3
83
2
61
2
82
4
97
4
27
2
82
5
93
2
77
2
43
4
18
0
30
5
29
2
16
2
19
4
26
4
72
3
44
1
16
4
36
2
12
1
18
5
14
3
14
4
24
1
89
5
87
5
39
3
16
1
92
4
31
1
96
4
65
1
15
3
1
5
72
5
69
2
37
2
81
3
57
1
33
5
6
3
84
2
19
1
82
3
78
4
57
3
18
1
27
3
59
4
23
2
55
4
14
2
35
5
45
1
82
2
19
2
49
3
85
3
89
4
6
0
80
0
60
5
28
2
27
2
87
4
29
1
83
3
91
2
31
5
89
4
52
2
6
4
15
2
67
5
2
5
92
3
26
1
64
4
7
1
43
1
5
4
47
2
8
5
5
2
99
5
53
5
77
5
19
2
78
0
20
5
89
0
90
2
74
1
49
2
26
1
43
1
56
3
89
2
62
5
33
2
46
3
89
5
32
3
19
2
54
2
83
1
31
5
27
1
42
3
63
4
87
2
24
4
44
5
67
4
87
1
95
3
37
3
68
2
97
2
26
2
99
2
63
4
76
1
35
4
49
2
98
2
66
5
15
2
56
4
9
5
13
4
97
4
7
3
9
3
86
4
15
5
78
1
88
4
40
5
29
1
93
4
47
2
35
4
64
5
99
2
56
4
87
4
4
4
24
4
24
1
68
5
36
1
94
1
33
5
57
2
39
4
24
2
2
4
44
3
51
3
83
1
35
5
17
1
87
4
97
5
86
4
21
3
1
3
46
1
23
4
43
4
2
5
6
3
95
4
49
4
81
4
94
3
5
3
39
5
39
1
14
3
65
4
58
3
49
3
64
4
58
5
48
1
82
3
92
5
77
2
77
5
59
0
12
3
39
1
9
2
66
2
66
4
66
4
54
1
29
0
0
5
36
3
74
1
67
3
55
3
68
5
7
3
7
1
77
4
45
2
52
4
97
3
51
4
9
2
99
3
92
2
59
1
38
0
47
1
98
5
97
5
72
4
42
1
54
4
18
2
75
2
79
2
95
2
9
1
19
3
47
3
82
4
21
4
54
2
75
3
39
1
45
3
4
3
6
2
9
1
3
2
35
3
99
5
94
5
45
3
88
5
21
3
71
2
14
2
21
0
80
2
24
0
50
3
91
1
49
5
85
2
62
2
27
3
72
5
59
4
49
2
72
1
64
3
19
2
72
3
44
4
64
5
62
2
55
2
75
4
16
3
5
1
78
1
29
5
15
2
37
1
28
2
39
1
6
4
23
1
81
0
0
2
99
4
69
0
50
2
58
4
35
1
96
