9
62
10
82
9
99
9
99
9
90
13
25
13
85
9
73
9
13
9
99
9
93
12
24
11
83
9
99
11
23
9
91
9
34
9
50
9
94
9
30
9
99
9
13
9
74
10
22
9
62
9
33
9
14
11
53
9
63
9
13
9
34
9
31
9
99
0
30
9
94
9
34
9
12
9
80
9
92
9
44
9
50
9
92
9
31
14
56
9
99
9
30
9
14
9
34
10
52
10
22
12
84
9
70
11
83
11
23
9
42
9
44
9
99
14
56
9
34
11
23
9
62
9
74
10
52
9
34
11
83
10
22
9
81
9
40
10
82
10
52
9
91
10
22
13
85
9
32
9
60
9
62
9
44
9
72
10
82
12
84
9
14
13
25
9
90
9
99
13
25
9
72
11
23
9
93
9
11
9
72
9
73
9
44
9
99
9
20
11
23
9
73
13
55
9
34
9
10
9
64
13
25
13
55
11
83
9
74
9
72
9
63
9
63
9
44
9
99
9
20
9
34
13
25
9
70
9
64
9
44
9
12
9
94
9
34
9
13
9
99
9
72
9
99
9
44
9
42
9
74
10
82
9
61
9
61
9
14
9
61
9
99
9
42
9
33
9
99
13
55
9
93
9
34
9
44
9
34
10
52
9
32
13
25
9
99
9
41
9
32
9
73
14
86
9
99
9
21
9
72
9
99
11
53
9
99
11
23
9
99
9
34
11
83
9
14
10
52
9
63
10
52
0
20
12
84
14
26
0
90
9
99
12
24
0
90
11
83
11
83
9
80
10
22
9
42
9
31
9
64
9
62
10
52
9
73
9
93
9
33
9
44
13
85
9
44
10
82
9
30
9
34
14
26
9
74
9
91
9
94
9
99
9
90
10
22
9
13
12
54
9
63
9
13
9
64
0
80
9
34
9
33
9
81
9
74
9
12
9
64
9
40
9
11
9
62
9
62
9
43
9
73
10
52
10
52
10
82
9
14
9
34
14
86
11
53
9
74
9
92
11
53
13
55
11
53
9
93
10
22
9
42
10
82
9
81
10
52
9
33
9
51
9
21
9
42
11
83
9
34
9
44
13
25
12
84
9
99
9
72
12
84
9
61
9
93
9
92
11
53
10
52
12
54
9
51
9
99
9
73
9
34
9
62
9
12
12
84
9
14
9
99
13
55
10
22
9
74
9
42
9
43
9
81
9
74
9
34
13
25
9
63
9
42
9
43
9
92
10
82
9
34
9
42
10
82
11
53
9
32
9
41
9
99
10
82
9
73
12
54
9
44
9
99
9
14
9
99
9
63
4
79
9
94
10
52
9
14
3
89
9
34
9
68
9
99
9
12
9
99
9
62
1
9
9
41
9
90
9
99
1
99
9
70
9
50
9
61
9
73
9
34
9
71
9
44
9
40
9
74
9
41
9
60
14
56
9
14
9
91
9
93
9
11
9
91
11
83
9
90
9
74
9
14
14
86
9
50
9
60
11
53
14
86
9
32
12
24
10
22
9
33
14
26
12
84
9
14
9
93
9
42
10
52
14
56
11
23
12
24
9
13
9
99
9
14
9
32
9
34
11
23
11
53
9
92
9
80
9
44
9
32
9
44
9
50
9
12
11
23
14
26
10
52
9
14
9
32
9
62
9
30
9
99
10
82
9
12
9
20
9
99
9
64
9
73
9
14
14
26
9
21
9
14
9
74
9
43
9
90
3
9
9
63
0
60
9
14
9
42
14
86
9
99
9
64
9
34
9
61
10
52
9
74
9
99
9
34
9
99
9
99
9
62
9
12
9
99
9
92
9
72
9
42
9
78
11
23
9
43
9
43
14
86
9
94
11
53
9
42
9
44
0
90
9
31
11
53
9
44
9
13
11
53
11
83
9
93
9
34
13
55
9
61
9
94
12
84
9
74
9
30
13
55
9
73
11
23
13
55
9
93
9
73
9
46
12
54
9
81
9
91
9
32
3
49
10
82
9
11
9
72
14
26
10
52
9
94
9
32
9
43
9
43
9
81
9
99
9
33
9
71
9
11
9
14
13
25
9
99
9
73
9
92
9
58
4
29
9
99
9
12
9
12
9
74
9
13
9
30
9
12
9
92
11
53
9
12
0
90
12
84
1
39
9
73
9
33
11
83
9
72
9
74
9
14
9
92
9
33
9
63
9
63
9
34
9
20
9
99
9
31
9
71
9
50
9
60
12
84
10
82
9
99
9
81
9
43
9
99
11
53
13
25
9
74
9
12
9
99
13
55
9
62
10
82
9
12
9
60
9
61
9
50
9
74
9
99
12
24
12
54
14
56
2
89
9
64
9
94
11
23
9
61
9
92
8
85
9
64
9
74
9
14
14
26
9
74
9
44
9
42
3
99
9
14
9
81
9
99
9
72
9
94
9
64
9
12
9
44
9
72
9
40
10
22
9
64
9
12
11
83
9
62
9
91
9
13
0
50
2
69
9
63
9
99
9
62
9
74
0
90
9
62
10
82
9
32
9
11
9
12
10
52
11
23
10
82
9
99
9
64
9
74
9
34
9
99
11
23
9
74
13
25
9
34
2
89
9
99
9
73
9
41
4
19
9
42
0
80
9
34
9
34
9
13
9
74
9
72
9
81
9
94
9
99
9
34
9
34
10
52
9
94
9
80
9
99
9
63
9
50
9
63
13
55
10
82
12
24
3
99
12
24
10
82
9
92
11
83
12
54
11
23
9
81
4
19
9
62
9
93
1
29
10
82
9
62
12
84
0
0
13
85
9
73
10
52
9
43
9
50
8
75
11
53
2
49
9
21
9
64
10
22
9
13
9
99
9
73
12
24
8
45
9
42
14
86
9
32
11
83
9
94
9
64
9
33
9
94
1
19
10
82
9
94
9
81
9
12
9
12
9
94
9
44
9
81
1
19
11
83
10
82
9
72
9
94
9
99
9
13
9
33
3
89
9
12
9
34
9
74
9
44
9
40
9
99
9
14
9
64
9
73
9
92
9
64
9
42
9
99
11
53
9
92
9
92
9
44
1
19
9
72
9
74
13
85
9
94
11
83
9
73
9
13
13
55
9
61
14
56
9
46
9
91
3
79
9
64
9
32
9
21
9
99
9
74
14
86
9
34
9
99
9
42
8
75
9
33
9
90
9
74
9
33
9
50
10
52
12
24
9
44
9
90
0
37
9
74
13
85
9
12
9
33
10
52
11
53
12
54
13
25
9
44
9
63
11
53
9
50
9
13
9
92
9
70
2
89
9
99
9
34
9
91
9
99
11
83
10
52
13
25
0
30
9
34
11
23
11
23
9
34
9
81
9
43
10
22
9
44
9
21
10
22
11
23
11
23
13
22
9
92
9
94
9
44
12
24
9
99
9
40
9
99
9
74
10
22
9
10
9
81
9
74
9
43
9
90
9
64
1
39
9
14
9
93
11
23
9
91
12
84
9
64
12
24
9
32
9
64
9
32
9
63
4
19
9
43
12
54
9
91
11
23
2
49
9
94
9
94
9
14
0
80
0
60
9
34
9
33
9
93
9
34
9
92
9
99
9
40
9
94
9
61
9
13
12
24
2
69
9
11
9
99
9
34
9
72
9
14
10
52
1
9
13
55
9
13
9
14
9
99
9
62
14
86
14
26
11
83
0
20
9
94
0
90
11
83
10
52
9
33
10
52
9
62
9
94
9
71
9
42
11
53
9
94
9
41
12
24
9
63
9
92
9
40
9
34
9
51
9
72
9
94
9
33
4
49
9
67
9
94
9
99
9
37
9
74
9
99
9
33
9
99
9
72
13
85
9
42
13
55
9
99
2
69
12
24
9
63
9
14
10
22
9
99
9
14
9
14
9
94
12
24
14
86
9
92
4
40
9
34
9
99
13
55
9
43
9
73
9
99
9
63
9
94
9
13
9
33
9
33
9
72
9
44
9
99
9
42
9
64
9
43
9
33
9
11
11
53
9
60
9
92
9
42
14
26
9
92
9
99
9
94
9
30
9
10
12
54
9
32
10
52
9
11
9
14
9
99
13
55
9
90
9
99
9
14
9
44
9
44
10
22
9
74
9
64
12
54
9
73
9
64
14
56
9
91
9
99
14
86
11
83
9
64
0
12
9
44
9
9
9
73
9
73
9
74
9
63
9
32
0
0
9
44
11
83
9
72
9
64
9
74
9
14
9
14
10
82
12
54
9
61
9
99
9
60
9
14
9
99
3
99
9
63
9
42
0
47
9
99
9
99
9
81
9
51
9
62
13
25
11
83
11
83
9
99
9
13
10
22
12
54
3
89
9
30
9
63
11
83
9
44
10
52
9
13
9
14
9
13
9
12
9
43
9
99
9
99
12
54
9
94
14
21
9
80
11
23
9
30
0
80
9
33
0
50
9
99
10
52
9
94
9
71
2
29
9
81
9
64
13
55
9
81
9
72
12
24
9
81
11
53
9
73
9
71
9
63
11
83
13
25
9
14
10
82
9
32
12
24
9
43
9
32
9
43
9
12
9
32
9
90
0
0
9
99
9
74
0
50
9
63
9
44
9
99
