5
59
5
79
8
98
6
99
6
85
8
20
8
80
6
69
6
8
8
99
6
88
7
19
8
78
9
99
6
19
6
86
8
29
5
45
9
91
7
25
7
96
6
9
7
69
8
17
5
59
8
28
7
9
6
49
6
58
6
9
8
30
5
26
7
99
0
30
7
89
9
30
8
7
8
75
5
88
9
41
6
45
8
87
7
26
9
51
8
99
7
25
8
10
7
29
5
49
5
17
7
79
6
65
6
78
6
19
8
37
8
40
5
99
9
51
7
29
6
19
5
59
9
70
5
49
8
30
8
78
5
17
8
76
8
35
7
77
8
47
8
86
6
17
8
80
6
27
7
55
5
59
9
39
5
67
5
77
9
79
9
9
8
20
8
85
8
99
8
20
5
69
6
19
8
88
5
6
7
67
8
68
7
39
9
99
6
15
6
19
9
68
8
50
9
30
8
5
9
61
8
20
8
50
6
79
7
69
5
69
6
59
7
58
8
39
8
99
7
15
9
31
8
20
6
65
9
61
8
39
5
9
8
90
7
29
6
9
5
99
5
69
6
97
8
39
6
37
8
70
5
77
7
56
6
56
8
10
7
56
6
97
5
39
6
29
6
99
8
50
6
89
9
31
9
41
7
29
9
47
7
27
8
20
7
99
8
36
5
27
6
69
9
81
7
96
8
16
5
69
6
99
6
49
7
99
8
18
7
99
8
30
6
78
9
11
8
47
9
58
5
49
0
20
8
79
9
21
0
90
5
99
8
19
0
90
8
78
6
79
5
75
5
19
5
37
7
26
8
60
8
57
5
49
6
69
7
88
6
28
7
39
8
80
7
39
5
79
5
25
9
31
9
21
8
70
8
86
7
89
6
96
6
85
5
19
6
9
7
49
8
58
6
9
7
59
0
80
9
31
6
29
5
76
8
70
5
9
7
59
8
35
6
6
5
59
5
59
6
39
7
74
5
49
5
49
8
77
9
11
7
29
9
81
6
49
9
69
9
87
6
49
9
50
6
48
8
88
5
18
6
37
5
79
6
76
5
49
7
28
5
46
8
16
8
37
8
78
9
29
8
40
8
20
7
79
5
99
5
69
7
79
5
56
6
89
8
87
6
49
7
47
7
49
5
46
8
96
6
69
7
29
5
57
8
7
7
79
7
9
7
99
8
50
5
19
8
70
5
39
6
38
8
76
9
71
7
29
9
20
9
58
5
39
7
38
5
89
5
79
9
31
5
37
5
79
6
49
8
27
7
36
7
99
5
78
6
69
7
49
8
40
8
99
7
9
6
99
6
58
4
79
8
90
5
49
8
9
3
86
9
31
5
68
6
99
5
9
9
99
5
59
1
5
8
36
5
85
7
99
1
99
6
65
5
45
8
56
6
69
7
29
8
66
9
41
5
35
9
71
7
36
5
55
9
51
8
10
5
86
6
88
6
6
8
86
9
78
6
85
9
71
7
9
9
81
5
45
7
55
6
49
9
81
5
29
7
19
8
17
6
29
9
21
7
79
8
9
7
88
5
39
5
49
9
51
7
18
7
19
6
9
7
96
8
10
5
29
9
30
8
18
6
49
5
87
5
75
7
39
5
29
7
39
8
45
7
7
6
19
9
21
5
49
9
11
5
28
9
57
8
25
9
99
6
77
9
7
8
15
6
99
8
60
6
68
9
10
9
21
6
16
7
9
7
69
7
38
6
85
3
9
6
59
0
60
7
9
7
37
9
81
9
98
7
59
9
29
5
56
9
47
8
70
7
96
9
31
7
99
8
96
5
58
5
8
5
96
9
87
5
68
5
39
6
78
6
19
8
38
6
39
9
81
8
89
6
48
5
37
7
39
0
90
6
26
6
49
9
41
6
9
6
49
6
79
6
89
7
29
8
50
6
56
8
90
7
79
8
70
7
25
8
50
6
69
6
19
8
50
6
89
6
69
9
46
7
49
5
76
8
86
5
27
3
49
6
77
8
6
6
67
9
21
5
49
9
89
9
27
6
39
8
38
8
76
8
99
6
29
6
66
7
11
9
10
8
20
5
95
6
69
6
87
7
58
4
29
6
99
5
8
5
9
9
71
6
9
8
25
6
7
5
89
9
48
5
7
0
90
9
79
1
35
6
69
6
29
6
79
5
69
8
69
7
9
5
89
6
29
6
58
7
58
7
29
8
15
7
99
5
26
8
66
7
45
7
55
9
79
5
78
9
99
8
76
6
39
6
99
6
48
9
20
9
71
9
7
9
99
8
50
5
59
6
77
6
7
5
55
5
56
5
45
7
69
8
95
7
19
7
49
9
51
2
87
9
61
7
89
6
19
8
56
9
87
8
85
7
59
9
71
7
9
9
21
8
70
8
40
5
37
3
99
8
10
8
76
9
99
5
69
7
89
9
60
7
7
9
40
5
69
8
35
5
19
8
60
5
9
6
79
6
57
7
86
6
9
0
50
2
69
6
59
9
98
5
59
7
69
0
90
5
59
8
77
8
27
5
6
9
7
5
49
6
19
7
77
6
99
7
59
8
69
7
29
5
99
6
18
7
69
8
20
8
30
2
88
5
99
6
69
7
36
4
15
5
39
0
80
9
30
9
31
6
9
8
70
8
67
8
76
9
91
8
99
8
29
8
29
5
49
8
90
7
75
8
96
6
59
8
45
6
58
9
50
7
77
7
19
3
99
8
19
6
77
9
87
6
79
7
49
6
19
5
76
4
19
7
62
6
89
1
29
5
78
6
57
8
79
0
0
8
80
9
68
5
49
6
39
5
45
8
75
6
49
2
49
6
16
9
60
6
17
6
9
6
95
7
68
7
19
6
45
5
39
9
81
5
29
6
79
7
89
8
60
9
28
8
90
1
19
5
79
8
90
5
76
5
9
6
12
9
90
9
39
7
76
1
19
6
79
8
77
5
67
7
89
8
99
6
9
6
29
3
89
5
9
7
29
9
70
7
39
7
35
5
99
8
10
8
60
8
68
5
87
7
59
5
39
6
98
7
48
8
87
5
89
7
39
1
19
6
67
8
70
8
80
7
89
6
79
6
68
6
9
8
50
8
56
9
51
9
46
8
86
3
79
7
59
5
29
8
16
7
98
9
71
9
81
7
29
5
99
5
39
8
75
6
28
5
85
8
70
6
29
8
45
5
49
7
19
8
40
5
85
0
37
7
69
8
80
5
9
8
28
5
49
8
48
7
49
8
20
8
40
8
58
8
48
8
45
6
8
7
87
6
65
2
86
8
99
8
30
6
86
9
97
6
79
6
47
8
20
0
30
9
31
6
19
6
19
8
30
8
76
7
44
5
19
8
40
6
16
5
19
9
18
7
18
8
24
5
89
9
91
9
41
7
19
5
96
8
35
5
99
8
69
5
19
7
5
8
76
9
71
6
39
6
85
7
59
1
37
9
10
7
88
6
19
5
86
7
79
8
60
7
19
5
29
7
59
8
27
6
59
4
18
6
39
9
49
5
86
6
19
2
49
7
89
7
89
8
10
0
80
0
60
9
31
6
29
6
89
8
30
5
87
7
95
6
35
9
91
8
56
6
9
8
19
2
69
8
6
8
96
7
29
5
68
8
10
5
47
1
9
8
50
6
9
9
9
6
99
9
57
9
81
9
21
6
79
0
20
9
91
0
90
6
78
5
49
6
29
5
47
5
59
7
89
6
66
9
37
6
49
7
89
8
36
7
19
6
58
6
87
5
35
9
31
5
46
7
67
8
90
6
28
4
48
9
67
8
90
5
99
7
37
7
69
6
99
6
29
6
99
6
67
8
80
5
39
8
50
6
99
2
69
9
19
6
59
8
10
9
17
8
99
8
10
7
9
7
89
8
19
9
81
5
89
4
40
9
31
5
97
8
50
6
39
8
68
9
99
6
59
8
90
8
8
8
28
8
28
5
69
9
40
5
98
5
37
9
61
6
39
8
28
6
6
8
48
7
55
7
87
5
39
9
21
5
89
8
99
9
90
8
25
7
5
7
49
5
27
8
47
8
6
9
10
7
99
8
50
8
85
8
98
7
9
7
39
9
41
5
18
7
69
8
60
7
49
7
68
8
60
9
51
5
86
7
96
9
81
6
79
9
61
0
12
7
39
5
9
6
69
6
69
8
70
8
58
5
29
0
0
9
40
7
78
5
69
7
59
7
69
9
11
7
9
5
79
8
49
6
56
8
99
7
55
8
10
6
99
3
96
6
59
5
39
0
47
5
99
9
99
8
76
8
46
5
58
8
20
6
79
6
79
6
99
6
9
5
19
7
49
3
86
8
25
8
58
6
79
7
39
5
49
7
8
7
9
6
9
5
7
6
39
7
99
9
98
9
49
7
89
9
21
7
75
6
18
6
25
0
80
6
28
0
50
7
95
5
49
9
89
6
66
2
29
7
76
9
61
8
50
6
76
5
68
7
19
6
76
7
48
8
68
8
66
6
59
6
79
8
20
7
9
5
79
5
29
9
19
6
39
5
29
6
39
5
9
8
27
5
85
0
0
6
99
8
70
0
50
6
59
8
39
5
99
