9
64
18
90
9
99
9
99
9
94
19
33
19
93
9
74
9
14
9
99
9
94
19
32
19
91
9
99
19
31
9
94
9
34
16
58
9
94
9
34
9
99
9
14
9
74
18
30
9
64
9
34
9
14
19
61
9
64
9
14
9
34
9
34
9
99
0
30
9
94
9
34
9
14
16
88
9
94
9
44
16
58
9
94
9
34
19
64
9
99
9
34
9
14
9
34
18
60
18
30
19
92
9
74
19
91
19
31
9
44
9
44
9
99
19
64
9
34
19
31
9
64
9
74
18
60
9
34
19
91
18
30
17
89
9
44
18
90
18
60
9
94
18
30
19
93
9
34
9
64
9
64
9
44
9
74
18
90
19
92
9
14
19
33
9
94
9
99
19
33
9
74
19
31
9
94
9
14
9
74
9
74
9
44
9
99
16
28
19
31
9
74
19
63
9
34
9
14
9
64
19
33
19
63
19
91
9
74
9
74
9
64
9
64
9
44
9
99
16
28
9
34
19
33
9
74
9
64
9
44
9
14
9
94
9
34
9
14
9
99
9
74
9
99
9
44
9
44
9
74
18
90
9
64
9
64
9
14
9
64
9
99
9
44
9
34
9
99
19
63
9
94
9
34
9
44
9
34
18
60
9
34
19
33
9
99
9
44
9
34
9
74
19
94
9
99
17
29
9
74
9
99
19
61
9
99
19
31
9
99
9
34
19
91
9
14
18
60
9
64
18
60
0
20
19
92
19
34
0
90
9
99
19
32
0
90
19
91
19
91
16
88
18
30
9
44
9
34
9
64
9
64
18
60
9
74
9
94
9
34
9
44
19
93
9
44
18
90
9
34
9
34
19
34
9
74
9
94
9
94
9
99
9
94
18
30
9
14
19
62
9
64
9
14
9
64
0
80
9
34
9
34
17
89
9
74
9
14
9
64
9
44
9
14
9
64
9
64
9
44
9
73
18
60
18
60
18
90
9
14
9
34
19
94
19
61
9
74
9
94
19
61
19
63
19
61
9
94
18
30
9
44
18
90
17
89
18
60
9
34
17
59
17
29
9
44
19
91
9
34
9
44
19
33
19
92
9
99
9
74
19
92
9
64
9
94
9
94
19
61
18
60
19
62
17
59
9
99
9
74
9
34
9
64
9
14
19
92
9
14
9
99
19
63
18
30
9
74
9
44
9
44
17
89
9
74
9
34
19
33
9
64
9
44
9
44
9
94
18
90
9
34
9
44
18
90
19
61
9
34
9
44
9
99
18
90
9
74
19
62
9
44
9
99
9
14
9
99
9
64
4
79
9
94
18
60
9
14
3
89
9
34
9
68
9
99
9
14
9
99
9
64
1
9
9
44
9
94
9
99
1
99
9
74
16
58
9
64
9
74
9
34
9
74
9
44
9
44
9
74
9
44
9
64
19
64
9
14
9
94
9
94
9
14
9
94
19
91
9
94
9
74
9
14
19
94
16
58
9
64
19
61
19
94
9
34
19
32
18
30
9
34
19
34
19
92
9
14
9
94
9
44
18
60
19
64
19
31
19
32
9
14
9
99
9
14
9
34
9
34
19
31
19
61
9
94
16
88
9
44
9
34
9
44
16
58
9
14
19
31
19
34
18
60
9
14
9
34
9
64
9
34
9
99
18
90
9
14
16
28
9
99
9
64
9
74
9
14
19
34
17
29
9
14
9
74
9
44
9
94
3
9
9
64
0
60
9
14
9
44
19
94
9
99
9
64
9
34
9
64
18
60
9
74
9
99
9
34
9
99
9
99
9
64
9
14
9
99
9
94
9
74
9
44
9
78
19
31
9
44
9
44
19
94
9
94
19
61
9
44
9
44
0
90
9
34
19
61
9
44
9
14
19
61
19
91
9
94
9
34
19
63
9
64
9
94
19
92
9
74
9
34
19
63
9
74
19
31
19
63
9
94
9
74
9
46
19
62
17
89
9
94
9
34
3
49
18
90
9
14
9
74
19
34
18
60
9
94
9
34
9
44
9
44
17
89
9
99
9
34
9
74
9
11
9
14
19
33
9
99
9
74
9
94
9
58
4
29
9
99
9
14
9
14
9
74
9
14
9
34
9
14
9
94
19
61
9
14
0
90
19
92
1
39
9
74
9
34
19
91
9
74
9
74
9
14
9
94
9
34
9
64
9
64
9
34
16
28
9
99
9
34
9
74
16
58
9
64
19
92
18
90
9
99
17
89
9
44
9
99
19
61
19
33
9
74
9
14
9
99
19
63
9
64
18
90
9
14
9
64
9
64
16
58
9
74
9
99
19
32
19
62
19
64
2
89
9
64
9
94
19
31
9
64
9
94
8
85
9
64
9
74
9
14
19
34
9
74
9
44
9
44
3
99
9
14
17
89
9
99
9
74
9
94
9
64
9
14
9
44
9
74
9
44
18
30
9
64
9
14
19
91
9
64
9
94
9
14
0
50
2
69
9
64
9
99
9
64
9
74
0
90
9
64
18
90
9
34
9
14
9
14
18
60
19
31
18
90
9
99
9
64
9
74
9
34
9
99
19
31
9
74
19
33
9
34
2
89
9
99
9
74
9
44
4
19
9
44
0
80
9
34
9
34
9
14
9
74
9
74
17
89
9
94
9
99
9
34
9
34
18
60
9
94
16
88
9
99
9
64
16
58
9
64
19
63
18
90
19
32
3
99
19
32
18
90
9
94
19
91
19
62
19
31
17
89
4
19
9
62
9
94
1
29
18
90
9
64
19
92
0
0
19
93
9
74
18
60
9
44
16
58
8
75
19
61
2
49
17
29
9
64
18
30
9
14
9
99
9
74
19
32
8
45
9
44
19
94
9
34
19
91
9
94
9
64
9
34
9
94
1
19
18
90
9
94
17
89
9
14
9
12
9
94
9
44
17
89
1
19
19
91
18
90
9
74
9
94
9
99
9
14
9
34
3
89
9
14
9
34
9
74
9
44
9
44
9
99
9
14
9
64
9
74
9
94
9
64
9
44
9
99
19
61
9
94
9
94
9
44
1
19
9
74
9
74
19
93
9
94
19
91
9
74
9
14
19
63
9
64
19
64
9
46
9
94
3
79
9
64
9
34
17
29
9
99
9
74
19
94
9
34
9
99
9
44
8
75
9
34
9
94
9
74
9
34
16
58
18
60
19
32
9
44
9
94
0
37
9
74
19
93
9
14
9
34
18
60
19
61
19
62
19
33
9
44
9
64
19
61
16
58
9
14
9
94
9
74
2
89
9
99
9
34
9
94
9
99
19
91
18
60
19
33
0
30
9
34
19
31
19
31
9
34
17
89
9
43
18
30
9
44
17
29
18
30
19
31
19
31
19
22
9
94
9
94
9
44
19
32
9
99
9
44
9
99
9
74
18
30
9
14
17
89
9
74
9
44
9
94
9
64
1
39
9
14
9
94
19
31
9
94
19
92
9
64
19
32
9
34
9
64
9
34
9
64
4
19
9
44
19
62
9
94
19
31
2
49
9
94
9
94
9
14
0
80
0
60
9
34
9
34
9
94
9
34
9
94
9
99
9
44
9
94
9
64
9
14
19
32
2
69
9
14
9
99
9
34
9
74
9
14
18
60
1
9
19
63
9
14
9
14
9
99
9
64
19
94
19
34
19
91
0
20
9
94
0
90
19
91
18
60
9
34
18
60
9
64
9
94
9
74
9
44
19
61
9
94
9
44
19
32
9
64
9
94
9
44
9
34
17
59
9
74
9
94
9
34
4
49
9
67
9
94
9
99
9
37
9
74
9
99
9
34
9
99
9
74
19
93
9
44
19
63
9
99
2
69
19
32
9
64
9
14
18
30
9
99
9
14
9
14
9
94
19
32
19
94
9
94
4
40
9
34
9
99
19
63
9
44
9
74
9
99
9
64
9
94
9
14
9
34
9
34
9
74
9
44
9
99
9
44
9
64
9
44
9
34
9
14
19
61
9
64
9
94
9
44
19
34
9
94
9
99
9
94
9
34
9
14
19
62
9
34
18
60
9
14
9
14
9
99
19
63
9
94
9
99
9
14
9
44
9
44
18
30
9
74
9
64
19
62
9
74
9
64
19
64
9
94
9
99
19
94
19
91
9
64
0
12
9
44
9
9
9
74
9
74
9
74
9
64
9
34
0
0
9
44
19
91
9
74
9
64
9
74
9
14
9
14
18
90
19
62
9
64
9
99
9
64
9
14
9
99
3
99
9
64
9
44
0
47
9
99
9
99
17
89
17
59
9
64
19
33
19
91
19
91
9
99
9
14
18
30
19
62
3
89
9
34
9
64
19
91
9
44
18
60
9
14
9
14
9
14
9
14
9
44
9
99
9
99
19
62
9
94
19
21
16
88
19
31
9
34
0
80
9
34
0
50
9
99
18
60
9
94
9
74
2
29
17
89
9
64
19
63
17
89
9
74
19
32
17
89
19
61
9
74
9
74
9
64
19
91
19
33
9
14
18
90
9
34
19
32
9
44
9
34
9
44
9
14
9
34
9
94
0
0
9
99
9
74
0
50
9
64
9
44
9
99
