17
89
9
64
9
44
9
44
9
14
9
74
9
94
9
74
9
99
9
14
9
74
9
34
15
27
16
88
15
57
9
44
14
86
18
60
9
94
17
59
9
74
0
80
9
74
9
64
9
64
9
14
9
44
16
88
17
29
9
99
9
34
9
34
9
44
9
74
9
14
14
56
9
94
9
64
19
31
9
74
9
99
9
44
19
31
9
74
9
14
9
94
16
28
9
99
9
14
9
14
9
44
9
34
9
94
9
74
9
74
9
99
9
99
9
74
17
59
9
64
18
30
16
58
9
44
9
44
9
14
16
88
9
99
9
74
9
34
19
92
0
30
9
34
9
44
9
94
9
64
9
99
9
44
9
44
9
74
9
74
9
44
9
99
16
28
9
64
9
44
9
64
17
89
9
94
9
74
9
34
19
61
9
94
9
14
9
64
9
44
18
30
17
89
9
14
9
94
19
62
9
14
9
14
9
34
15
57
9
64
9
44
9
44
9
14
9
14
9
94
16
88
9
64
9
44
16
28
9
94
17
59
9
64
18
90
9
94
9
44
17
29
9
34
9
99
9
99
19
61
16
28
9
44
18
60
15
87
14
26
9
14
9
74
9
44
9
64
9
44
9
94
9
14
9
34
9
74
9
34
9
74
9
64
14
26
9
14
16
88
9
94
9
64
9
99
9
99
9
44
9
34
15
87
9
14
9
34
9
99
9
34
9
34
9
34
9
44
9
74
9
94
9
34
18
90
19
92
9
14
9
99
9
94
16
58
9
14
9
74
17
89
9
44
9
99
9
44
9
74
19
62
9
99
17
89
9
64
15
27
19
32
16
28
9
94
9
99
9
14
9
64
9
74
9
99
16
58
19
92
16
88
17
59
9
74
16
28
9
99
9
14
9
74
14
56
9
34
9
34
9
94
17
59
9
74
9
64
9
34
19
61
0
60
9
94
18
30
9
74
9
74
16
28
9
74
9
64
9
34
9
99
9
99
19
91
9
34
9
14
9
14
18
60
9
34
15
27
9
99
9
74
19
62
19
32
9
64
9
74
9
99
9
99
9
99
9
14
9
99
18
90
9
14
15
27
9
44
9
14
18
60
9
94
19
92
9
14
9
44
17
89
9
94
9
99
9
14
9
74
9
14
9
14
17
89
9
74
9
99
9
44
9
99
9
34
9
64
9
14
9
94
9
74
9
34
9
94
9
34
9
44
9
64
9
74
9
74
9
64
9
74
9
64
9
99
9
14
19
91
17
29
9
34
9
94
9
64
19
91
9
34
9
14
15
87
9
44
9
99
17
29
9
99
9
74
17
29
9
64
19
91
16
88
16
28
17
59
0
80
17
22
9
74
16
58
19
91
9
14
9
94
9
99
16
88
9
14
9
44
9
44
9
94
9
94
9
74
9
44
9
64
9
14
16
58
9
44
17
29
16
28
16
58
9
44
9
44
9
64
19
31
19
31
18
90
19
92
17
59
17
89
9
34
9
74
9
44
9
34
9
44
9
44
18
30
9
94
2
19
9
64
9
94
9
14
9
64
14
56
0
0
18
90
19
92
9
34
9
94
9
64
9
64
19
92
19
62
9
64
9
99
9
34
9
74
9
14
15
57
9
74
19
91
9
64
15
57
9
34
9
94
9
94
18
30
9
94
9
38
9
99
9
34
9
14
19
92
9
94
19
31
17
89
9
94
9
14
9
99
18
90
9
99
9
99
9
99
9
44
15
27
9
64
9
44
9
14
14
56
9
34
9
99
9
99
9
94
14
56
9
74
9
94
9
99
9
94
18
60
16
58
18
60
9
99
9
94
9
44
0
70
9
14
9
14
9
94
9
34
17
29
9
88
9
34
2
79
18
90
9
34
9
34
9
44
9
64
19
31
9
44
18
60
9
74
9
44
9
44
9
68
17
59
9
64
9
14
9
74
9
64
0
55
9
14
9
14
9
74
17
29
9
34
9
94
9
44
16
28
18
60
9
64
19
31
9
74
9
44
9
64
16
58
9
74
14
86
9
99
14
86
19
31
9
74
19
61
9
94
17
29
16
58
9
74
9
99
9
44
14
56
16
88
9
74
9
44
9
44
9
74
9
99
9
14
16
58
9
44
16
28
18
90
9
44
9
34
9
64
18
30
19
31
9
14
9
34
9
64
9
99
17
29
15
57
19
62
9
74
9
14
9
94
9
44
16
88
9
94
9
74
9
74
9
74
9
64
9
99
9
94
9
99
9
99
16
88
9
14
9
34
9
34
9
64
18
90
16
88
9
74
9
99
9
99
9
99
17
89
9
44
9
94
9
99
9
74
9
74
9
94
16
28
16
88
17
29
9
44
9
34
19
32
9
14
0
11
19
31
9
94
4
99
9
14
9
94
9
99
9
64
9
34
16
58
9
74
9
14
9
64
4
39
9
94
9
44
9
14
9
14
9
64
15
57
9
74
9
48
9
74
16
28
9
74
2
99
9
34
19
31
0
10
9
44
19
92
9
44
9
34
9
34
9
34
9
34
9
64
16
88
16
28
15
57
9
34
15
87
9
74
19
62
9
44
9
74
9
14
19
62
9
64
9
99
16
88
9
14
9
64
0
50
9
66
9
94
9
94
9
34
2
99
9
64
17
89
9
99
17
29
19
61
9
99
18
60
9
64
4
49
19
91
14
86
9
64
14
56
9
99
1
69
16
28
15
57
19
31
15
57
19
91
17
89
9
64
9
44
9
64
9
99
9
44
9
44
9
44
9
99
16
28
9
74
19
31
9
99
0
8
9
64
15
27
9
44
9
44
9
99
9
44
9
94
9
99
15
57
9
94
17
89
9
44
17
59
9
44
9
99
9
94
9
94
9
44
17
29
14
26
2
48
9
14
9
18
9
14
9
34
18
30
17
59
9
99
17
89
9
64
9
74
9
94
9
34
9
44
9
44
17
59
1
69
9
14
9
34
17
59
19
31
9
94
9
44
9
14
17
29
9
74
9
14
9
64
9
99
9
34
9
14
9
44
9
44
9
14
9
14
1
22
9
99
9
74
9
11
9
34
9
14
9
14
9
64
9
94
9
44
9
94
9
64
9
64
9
74
9
64
9
74
9
94
9
14
0
40
16
88
19
31
19
61
16
58
15
57
9
94
15
27
15
27
16
28
9
99
9
99
9
99
9
74
9
34
9
99
19
92
16
28
15
57
18
90
9
14
9
64
9
44
9
44
9
64
9
94
9
34
9
44
9
94
16
58
15
87
9
94
19
32
9
44
17
59
19
32
17
29
2
79
9
14
16
28
15
27
19
31
9
74
9
44
9
64
9
64
9
74
9
74
9
99
9
14
18
60
9
99
16
58
14
86
18
60
16
58
16
88
1
9
9
44
9
99
9
64
9
94
9
74
17
81
16
88
17
29
9
64
9
74
9
99
9
64
9
44
16
58
9
44
9
74
18
90
9
94
0
70
9
44
9
14
9
99
9
74
9
94
9
27
9
44
16
58
19
81
9
34
9
94
9
44
9
44
9
99
16
88
0
0
17
59
9
74
9
44
16
88
9
44
9
64
9
94
9
44
9
14
9
94
9
34
9
64
9
64
9
64
18
30
9
94
16
58
9
34
9
74
9
99
9
74
9
99
9
99
0
80
9
64
16
88
9
94
16
88
9
74
19
82
9
44
9
99
17
59
9
64
9
64
3
39
18
60
9
99
9
34
9
64
9
14
9
99
0
50
9
44
9
11
9
19
9
34
9
74
14
26
18
90
9
74
9
34
9
34
16
28
18
60
9
99
9
34
19
92
9
64
16
52
9
64
9
64
9
14
9
46
16
88
1
52
16
88
14
86
9
14
16
88
9
96
9
64
9
44
16
28
9
44
16
88
9
14
9
99
17
29
9
44
9
14
14
56
9
64
9
14
1
79
9
44
9
34
9
74
9
14
9
14
3
29
17
29
9
34
9
74
9
94
18
30
9
74
9
44
9
44
19
91
15
27
9
14
18
30
14
86
9
64
16
28
19
61
9
36
9
74
14
26
9
74
9
64
17
29
9
74
9
14
0
40
1
79
9
74
9
64
9
74
17
59
9
99
9
64
9
64
0
38
9
74
18
90
9
14
9
14
9
94
17
59
9
94
16
58
9
64
16
88
9
64
9
34
9
64
9
94
9
44
14
26
19
91
9
34
9
34
9
34
9
74
9
34
9
64
9
64
9
74
9
74
16
82
19
61
9
14
9
14
9
99
9
74
9
44
9
14
9
94
16
88
9
44
9
74
9
74
9
34
9
14
9
44
9
44
9
64
9
14
16
28
9
14
9
34
17
29
19
31
9
34
16
28
9
99
9
74
9
94
19
31
9
64
9
74
0
15
9
74
2
69
9
99
9
99
16
88
16
28
17
59
9
14
9
99
17
29
9
14
9
14
9
74
9
44
15
27
17
59
16
88
9
14
9
99
9
64
9
44
9
94
9
74
2
9
4
9
2
59
18
90
9
64
18
90
16
88
9
44
9
94
9
99
9
44
17
29
9
99
9
14
9
44
17
59
