13
85
9
63
9
44
9
44
9
14
9
72
9
94
9
74
9
99
9
14
9
74
9
34
11
23
12
84
11
53
9
44
10
82
14
56
9
94
13
55
9
72
0
80
9
74
9
63
9
64
9
14
9
44
12
84
13
25
9
99
9
34
9
32
9
44
9
74
9
14
10
52
9
94
9
64
15
27
9
74
9
99
9
44
15
27
9
74
9
12
9
94
12
24
9
99
9
14
9
14
9
44
9
34
9
94
9
74
9
74
9
99
9
99
9
74
13
55
9
64
14
26
12
54
9
44
9
44
9
13
12
84
9
99
9
74
9
34
16
88
0
30
9
34
9
44
9
92
9
63
9
99
9
44
9
44
9
74
9
74
9
44
9
99
12
24
9
64
9
44
9
62
13
85
9
94
9
72
9
34
15
57
9
94
9
14
9
64
9
44
14
26
13
85
9
12
9
93
16
58
9
14
9
12
9
34
11
53
9
64
9
42
9
43
9
14
9
14
9
94
12
84
9
64
9
44
12
24
9
94
13
55
9
64
14
86
9
94
9
44
13
25
9
34
9
99
9
99
15
57
12
24
9
44
14
56
11
83
10
22
9
14
9
74
9
44
9
64
9
44
9
92
9
14
9
34
9
74
9
34
9
74
9
63
10
22
9
12
12
84
9
94
9
62
9
99
9
99
9
43
9
34
11
83
9
12
9
32
9
99
9
32
9
34
9
34
9
42
9
74
9
94
9
34
14
86
16
88
9
14
9
99
9
94
12
54
9
14
9
74
13
85
9
44
9
99
9
44
9
74
16
58
9
99
13
85
9
64
11
23
16
28
12
24
9
94
9
99
9
14
9
64
9
73
9
99
12
54
16
88
12
84
13
55
9
74
12
24
9
99
9
13
9
73
10
52
9
34
9
33
9
94
13
55
9
74
9
64
9
34
15
57
0
60
9
94
14
26
9
74
9
74
12
24
9
74
9
64
9
34
9
99
9
99
15
87
9
32
9
14
9
14
14
56
9
34
11
23
9
99
9
74
16
58
16
28
9
64
9
72
9
99
9
99
9
99
9
14
9
99
14
86
9
14
11
23
9
44
9
14
14
56
9
93
16
88
9
14
9
44
13
85
9
94
9
99
9
13
9
74
9
14
9
14
13
85
9
74
9
99
9
44
9
99
9
34
9
64
9
14
9
94
9
74
9
34
9
93
9
34
9
44
9
64
9
74
9
72
9
64
9
74
9
63
9
99
9
14
15
87
13
25
9
34
9
94
9
64
15
87
9
34
9
14
11
83
9
44
9
99
13
25
9
99
9
72
13
25
9
63
15
87
12
84
12
24
13
55
0
80
13
22
9
74
12
54
15
87
9
14
9
94
9
99
12
84
9
14
9
43
9
44
9
94
9
94
9
74
9
43
9
64
9
14
12
54
9
44
13
25
12
24
12
54
9
43
9
44
9
64
15
27
15
27
14
86
16
88
13
55
13
85
9
34
9
74
9
44
9
34
9
44
9
44
14
26
9
94
2
19
9
64
9
92
9
14
9
64
10
52
0
0
14
86
16
88
9
34
9
92
9
64
9
63
16
88
16
58
9
64
9
99
9
34
9
74
9
13
11
53
9
74
15
87
9
62
11
53
9
34
9
94
9
94
14
26
9
94
9
38
9
99
9
34
9
14
16
88
9
92
15
27
13
85
9
94
9
14
9
99
14
86
9
99
9
99
9
99
9
44
11
23
9
64
9
44
9
14
10
52
9
34
9
99
9
99
9
94
10
52
9
74
9
92
9
99
9
93
14
56
12
54
14
56
9
99
9
94
9
44
0
70
9
14
9
14
9
94
9
34
13
25
9
88
9
34
2
79
14
86
9
34
9
34
9
43
9
64
15
27
9
44
14
56
9
74
9
44
9
44
9
68
13
55
9
64
9
13
9
73
9
64
0
55
9
13
9
14
9
74
13
25
9
34
9
94
9
42
12
24
14
56
9
64
15
27
9
74
9
44
9
64
12
54
9
74
10
82
9
99
10
82
15
27
9
72
15
57
9
94
13
25
12
54
9
74
9
99
9
44
10
52
12
84
9
74
9
43
9
44
9
74
9
99
9
14
12
54
9
44
12
24
14
86
9
42
9
34
9
64
14
26
15
27
9
14
9
34
9
64
9
99
13
25
11
53
16
58
9
74
9
14
9
94
9
43
12
84
9
94
9
72
9
74
9
74
9
62
9
99
9
94
9
99
9
99
12
84
9
14
9
32
9
34
9
64
14
86
12
84
9
74
9
99
9
99
9
99
13
85
9
44
9
94
9
99
9
74
9
74
9
94
12
24
12
84
13
25
9
42
9
34
16
28
9
14
0
11
15
27
9
94
4
99
9
14
9
94
9
99
9
64
9
34
12
54
9
74
9
14
9
64
4
39
9
94
9
44
9
14
9
14
9
64
11
53
9
74
9
48
9
74
12
24
9
74
2
99
9
34
15
27
0
10
9
44
16
88
9
44
9
34
9
34
9
33
9
34
9
64
12
84
12
24
11
53
9
34
11
83
9
74
16
58
9
43
9
74
9
14
16
58
9
64
9
99
12
84
9
14
9
64
0
50
9
66
9
94
9
94
9
34
2
99
9
64
13
85
9
99
13
25
15
57
9
99
14
56
9
63
4
49
15
87
10
82
9
62
10
52
9
99
1
69
12
24
11
53
15
27
11
53
15
87
13
85
9
64
9
44
9
64
9
99
9
44
9
44
9
44
9
99
12
24
9
74
15
27
9
99
0
8
9
64
11
23
9
43
9
44
9
99
9
44
9
94
9
99
11
53
9
94
13
85
9
44
13
55
9
44
9
99
9
94
9
94
9
43
13
25
10
22
2
48
9
14
9
18
9
14
9
34
14
26
13
55
9
99
13
85
9
64
9
74
9
94
9
34
9
44
9
44
13
55
1
69
9
14
9
34
13
55
15
27
9
94
9
42
9
13
13
25
9
74
9
14
9
64
9
99
9
32
9
14
9
44
9
44
9
14
9
12
1
22
9
99
9
74
9
11
9
34
9
14
9
14
9
64
9
94
9
44
9
94
9
64
9
64
9
74
9
64
9
74
9
94
9
12
0
40
12
84
15
27
15
57
12
54
11
53
9
94
11
23
11
23
12
24
9
99
9
99
9
99
9
74
9
34
9
99
16
88
12
24
11
53
14
86
9
14
9
64
9
44
9
44
9
64
9
94
9
34
9
43
9
94
12
54
11
83
9
94
16
28
9
43
13
55
16
28
13
25
2
79
9
12
12
24
11
23
15
27
9
74
9
44
9
64
9
64
9
74
9
74
9
99
9
14
14
56
9
99
12
54
10
82
14
56
12
54
12
84
1
9
9
42
9
99
9
64
9
94
9
74
13
81
12
84
13
25
9
64
9
74
9
99
9
64
9
44
12
54
9
44
9
73
14
86
9
94
0
70
9
44
9
14
9
99
9
74
9
94
9
27
9
44
12
54
15
81
9
32
9
93
9
42
9
44
9
99
12
84
0
0
13
55
9
74
9
44
12
84
9
44
9
64
9
94
9
44
9
13
9
94
9
33
9
64
9
64
9
64
14
26
9
94
12
54
9
32
9
74
9
99
9
73
9
99
9
99
0
80
9
63
12
84
9
93
12
84
9
74
15
82
9
44
9
99
13
55
9
64
9
64
3
39
14
56
9
99
9
34
9
64
9
14
9
99
0
50
9
44
9
11
9
19
9
34
9
74
10
22
14
86
9
74
9
34
9
34
12
24
14
56
9
99
9
33
16
88
9
64
12
52
9
64
9
64
9
14
9
46
12
84
1
52
12
84
10
82
9
14
12
84
9
96
9
64
9
44
12
24
9
44
12
84
9
13
9
99
13
25
9
44
9
14
10
52
9
64
9
14
1
79
9
43
9
34
9
74
9
14
9
14
3
29
13
25
9
32
9
74
9
92
14
26
9
74
9
44
9
44
15
87
11
23
9
14
14
26
10
82
9
64
12
24
15
57
9
36
9
74
10
22
9
74
9
64
13
25
9
74
9
14
0
40
1
79
9
72
9
62
9
72
13
55
9
99
9
64
9
64
0
38
9
74
14
86
9
14
9
14
9
94
13
55
9
94
12
54
9
64
12
84
9
64
9
34
9
64
9
94
9
44
10
22
15
87
9
34
9
34
9
34
9
74
9
34
9
64
9
64
9
74
9
73
12
82
15
57
9
14
9
14
9
99
9
74
9
44
9
13
9
94
12
84
9
43
9
74
9
74
9
34
9
13
9
44
9
44
9
64
9
14
12
24
9
13
9
34
13
25
15
27
9
34
12
24
9
99
9
73
9
94
15
27
9
62
9
74
0
15
9
74
2
69
9
99
9
99
12
84
12
24
13
55
9
13
9
99
13
25
9
14
9
14
9
74
9
44
11
23
13
55
12
84
9
12
9
99
9
64
9
44
9
94
9
74
2
9
4
9
2
59
14
86
9
63
14
86
12
84
9
44
9
94
9
99
9
42
13
25
9
99
9
14
9
44
13
55
