19
92
9
64
9
44
9
44
9
14
9
74
9
94
9
74
9
99
9
14
9
74
9
34
18
30
19
91
18
60
9
44
17
89
19
63
9
94
19
62
9
74
0
80
9
74
9
64
9
64
9
14
9
44
19
91
19
32
9
99
9
34
9
34
9
44
9
74
9
14
17
59
9
94
9
64
19
34
9
74
9
99
9
44
19
34
9
74
9
14
9
94
19
31
9
99
9
14
9
14
9
44
9
34
9
94
9
74
9
74
9
99
9
99
9
74
19
62
9
64
19
33
19
61
9
44
9
44
9
14
19
91
9
99
9
74
9
34
19
94
0
30
9
34
9
44
9
94
9
64
9
99
9
44
9
44
9
74
9
74
9
44
9
99
19
31
9
64
9
44
9
64
19
92
9
94
9
74
9
34
19
64
9
94
9
14
9
64
9
44
19
33
19
92
9
14
9
94
19
64
9
14
9
14
9
34
18
60
9
64
9
44
9
44
9
14
9
14
9
94
19
91
9
64
9
44
19
31
9
94
19
62
9
64
19
93
9
94
9
44
19
32
9
34
9
99
9
99
19
64
19
31
9
44
19
63
18
90
17
29
9
14
9
74
9
44
9
64
9
44
9
94
9
14
9
34
9
74
9
34
9
74
9
64
17
29
9
14
19
91
9
94
9
64
9
99
9
99
9
44
9
34
18
90
9
14
9
34
9
99
9
34
9
34
9
34
9
44
9
74
9
94
9
34
19
93
19
94
9
14
9
99
9
94
19
61
9
14
9
74
19
92
9
44
9
99
9
44
9
74
19
64
9
99
19
92
9
64
18
30
19
34
19
31
9
94
9
99
9
14
9
64
9
74
9
99
19
61
19
94
19
91
19
62
9
74
19
31
9
99
9
14
9
74
17
59
9
34
9
34
9
94
19
62
9
74
9
64
9
34
19
64
0
60
9
94
19
33
9
74
9
74
19
31
9
74
9
64
9
34
9
99
9
99
19
94
9
34
9
14
9
14
19
63
9
34
18
30
9
99
9
74
19
64
19
34
9
64
9
74
9
99
9
99
9
99
9
14
9
99
19
93
9
14
18
30
9
44
9
14
19
63
9
94
19
94
9
14
9
44
19
92
9
94
9
99
9
14
9
74
9
14
9
14
19
92
9
74
9
99
9
44
9
99
9
34
9
64
9
14
9
94
9
74
9
34
9
94
9
34
9
44
9
64
9
74
9
74
9
64
9
74
9
64
9
99
9
14
19
94
19
32
9
34
9
94
9
64
19
94
9
34
9
14
18
90
9
44
9
99
19
32
9
99
9
74
19
32
9
64
19
94
19
91
19
31
19
62
0
80
19
22
9
74
19
61
19
94
9
14
9
94
9
99
19
91
9
14
9
44
9
44
9
94
9
94
9
74
9
44
9
64
9
14
19
61
9
44
19
32
19
31
19
61
9
44
9
44
9
64
19
34
19
34
19
93
19
94
19
62
19
92
9
34
9
74
9
44
9
34
9
44
9
44
19
33
9
94
2
19
9
64
9
94
9
14
9
64
17
59
0
0
19
93
19
94
9
34
9
94
9
64
9
64
19
94
19
64
9
64
9
99
9
34
9
74
9
14
18
60
9
74
19
94
9
64
18
60
9
34
9
94
9
94
19
33
9
94
9
38
9
99
9
34
9
14
19
94
9
94
19
34
19
92
9
94
9
14
9
99
19
93
9
99
9
99
9
99
9
44
18
30
9
64
9
44
9
14
17
59
9
34
9
99
9
99
9
94
17
59
9
74
9
94
9
99
9
94
19
63
19
61
19
63
9
99
9
94
9
44
0
70
9
14
9
14
9
94
9
34
19
32
9
88
9
34
2
79
19
93
9
34
9
34
9
44
9
64
19
34
9
44
19
63
9
74
9
44
9
44
9
68
19
62
9
64
9
14
9
74
9
64
0
55
9
14
9
14
9
74
19
32
9
34
9
94
9
44
19
31
19
63
9
64
19
34
9
74
9
44
9
64
19
61
9
74
17
89
9
99
17
89
19
34
9
74
19
64
9
94
19
32
19
61
9
74
9
99
9
44
17
59
19
91
9
74
9
44
9
44
9
74
9
99
9
14
19
61
9
44
19
31
19
93
9
44
9
34
9
64
19
33
19
34
9
14
9
34
9
64
9
99
19
32
18
60
19
64
9
74
9
14
9
94
9
44
19
91
9
94
9
74
9
74
9
74
9
64
9
99
9
94
9
99
9
99
19
91
9
14
9
34
9
34
9
64
19
93
19
91
9
74
9
99
9
99
9
99
19
92
9
44
9
94
9
99
9
74
9
74
9
94
19
31
19
91
19
32
9
44
9
34
19
34
9
14
0
11
19
34
9
94
4
99
9
14
9
94
9
99
9
64
9
34
19
61
9
74
9
14
9
64
4
39
9
94
9
44
9
14
9
14
9
64
18
60
9
74
9
48
9
74
19
31
9
74
2
99
9
34
19
34
0
10
9
44
19
94
9
44
9
34
9
34
9
34
9
34
9
64
19
91
19
31
18
60
9
34
18
90
9
74
19
64
9
44
9
74
9
14
19
64
9
64
9
99
19
91
9
14
9
64
0
50
9
66
9
94
9
94
9
34
2
99
9
64
19
92
9
99
19
32
19
64
9
99
19
63
9
64
4
49
19
94
17
89
9
64
17
59
9
99
1
69
19
31
18
60
19
34
18
60
19
94
19
92
9
64
9
44
9
64
9
99
9
44
9
44
9
44
9
99
19
31
9
74
19
34
9
99
0
8
9
64
18
30
9
44
9
44
9
99
9
44
9
94
9
99
18
60
9
94
19
92
9
44
19
62
9
44
9
99
9
94
9
94
9
44
19
32
17
29
2
48
9
14
9
18
9
14
9
34
19
33
19
62
9
99
19
92
9
64
9
74
9
94
9
34
9
44
9
44
19
62
1
69
9
14
9
34
19
62
19
34
9
94
9
44
9
14
19
32
9
74
9
14
9
64
9
99
9
34
9
14
9
44
9
44
9
14
9
14
1
22
9
99
9
74
9
11
9
34
9
14
9
14
9
64
9
94
9
44
9
94
9
64
9
64
9
74
9
64
9
74
9
94
9
14
0
40
19
91
19
34
19
64
19
61
18
60
9
94
18
30
18
30
19
31
9
99
9
99
9
99
9
74
9
34
9
99
19
94
19
31
18
60
19
93
9
14
9
64
9
44
9
44
9
64
9
94
9
34
9
44
9
94
19
61
18
90
9
94
19
34
9
44
19
62
19
34
19
32
2
79
9
14
19
31
18
30
19
34
9
74
9
44
9
64
9
64
9
74
9
74
9
99
9
14
19
63
9
99
19
61
17
89
19
63
19
61
19
91
1
9
9
44
9
99
9
64
9
94
9
74
19
81
19
91
19
32
9
64
9
74
9
99
9
64
9
44
19
61
9
44
9
74
19
93
9
94
0
70
9
44
9
14
9
99
9
74
9
94
9
27
9
44
19
61
19
81
9
34
9
94
9
44
9
44
9
99
19
91
0
0
19
62
9
74
9
44
19
91
9
44
9
64
9
94
9
44
9
14
9
94
9
34
9
64
9
64
9
64
19
33
9
94
19
61
9
34
9
74
9
99
9
74
9
99
9
99
0
80
9
64
19
91
9
94
19
91
9
74
19
82
9
44
9
99
19
62
9
64
9
64
3
39
19
63
9
99
9
34
9
64
9
14
9
99
0
50
9
44
9
11
9
19
9
34
9
74
17
29
19
93
9
74
9
34
9
34
19
31
19
63
9
99
9
34
19
94
9
64
19
52
9
64
9
64
9
14
9
46
19
91
1
52
19
91
17
89
9
14
19
91
9
96
9
64
9
44
19
31
9
44
19
91
9
14
9
99
19
32
9
44
9
14
17
59
9
64
9
14
1
79
9
44
9
34
9
74
9
14
9
14
3
29
19
32
9
34
9
74
9
94
19
33
9
74
9
44
9
44
19
94
18
30
9
14
19
33
17
89
9
64
19
31
19
64
9
36
9
74
17
29
9
74
9
64
19
32
9
74
9
14
0
40
1
79
9
74
9
64
9
74
19
62
9
99
9
64
9
64
0
38
9
74
19
93
9
14
9
14
9
94
19
62
9
94
19
61
9
64
19
91
9
64
9
34
9
64
9
94
9
44
17
29
19
94
9
34
9
34
9
34
9
74
9
34
9
64
9
64
9
74
9
74
19
82
19
64
9
14
9
14
9
99
9
74
9
44
9
14
9
94
19
91
9
44
9
74
9
74
9
34
9
14
9
44
9
44
9
64
9
14
19
31
9
14
9
34
19
32
19
34
9
34
19
31
9
99
9
74
9
94
19
34
9
64
9
74
0
15
9
74
2
69
9
99
9
99
19
91
19
31
19
62
9
14
9
99
19
32
9
14
9
14
9
74
9
44
18
30
19
62
19
91
9
14
9
99
9
64
9
44
9
94
9
74
2
9
4
9
2
59
19
93
9
64
19
93
19
91
9
44
9
94
9
99
9
44
19
32
9
99
9
14
9
44
19
62
