4
79
7
54
5
39
3
39
6
7
5
63
5
89
4
69
6
99
5
7
6
68
3
29
4
14
3
75
5
44
7
38
4
73
5
49
6
89
6
46
6
63
0
80
6
66
7
54
6
58
4
7
6
36
3
77
4
19
7
96
4
27
4
23
7
37
5
65
7
8
5
43
4
86
6
56
7
18
4
68
3
93
5
39
6
19
4
69
5
3
6
88
3
18
5
96
3
7
6
9
7
37
4
29
7
89
4
67
6
66
3
95
4
99
6
68
4
46
4
58
5
19
3
49
6
39
6
39
6
4
3
77
7
97
7
66
6
29
7
79
0
30
6
27
5
36
3
83
5
54
3
99
5
38
7
35
7
69
6
67
3
35
3
96
3
19
6
58
5
39
4
53
4
79
6
89
3
63
4
26
6
49
3
89
6
5
3
59
6
35
7
17
4
78
4
3
5
84
7
49
6
9
6
3
7
29
3
44
3
59
6
33
7
34
4
5
5
9
4
89
4
75
7
59
6
39
6
15
7
89
4
49
6
59
6
77
7
89
7
39
4
18
3
25
4
99
5
99
7
48
3
19
5
35
5
48
4
74
6
13
3
5
4
69
3
39
3
59
3
38
6
83
3
9
4
26
4
68
6
25
6
65
3
54
5
13
5
3
3
79
4
89
4
53
6
95
7
97
3
34
4
29
3
74
3
3
3
23
4
97
5
23
6
27
5
29
5
33
5
67
7
86
4
26
6
77
7
79
7
9
5
94
7
89
3
49
5
6
3
67
4
79
6
38
7
99
5
39
5
66
7
49
3
93
4
79
6
59
3
14
7
19
3
19
6
89
7
99
3
9
6
59
4
64
6
93
3
48
7
79
6
75
4
47
7
67
3
19
4
99
4
4
4
64
4
43
3
29
4
24
7
89
4
49
7
66
4
57
5
29
6
48
0
60
7
89
6
17
7
69
3
69
3
15
3
65
4
59
5
29
7
97
5
94
6
78
3
23
3
5
3
8
5
49
7
29
3
14
5
97
4
69
7
49
7
19
4
56
5
63
3
98
5
97
3
99
7
9
4
99
5
79
5
9
5
14
3
35
5
9
5
49
3
84
7
79
6
9
5
35
4
79
6
89
4
99
7
4
3
68
7
9
7
6
4
79
3
67
3
96
7
39
3
99
5
26
6
59
7
6
7
88
7
69
3
27
3
84
6
28
4
36
7
59
7
69
4
63
5
56
6
67
5
54
5
98
4
8
6
79
5
16
6
26
7
89
7
59
6
79
7
29
6
7
4
74
3
39
4
97
4
19
5
99
6
63
4
19
4
54
6
79
3
79
3
18
4
48
0
80
4
22
5
65
3
45
6
79
7
9
5
86
7
99
3
77
7
7
4
34
3
35
3
88
3
89
4
69
6
34
4
59
7
9
4
45
5
36
4
16
3
19
3
49
3
34
3
39
6
59
6
19
6
19
7
77
7
79
4
49
4
79
3
29
6
69
7
35
7
25
5
38
5
39
5
18
7
89
2
19
4
57
6
83
7
9
6
59
6
43
0
0
5
78
7
79
3
25
3
83
5
59
7
54
7
79
7
49
7
57
5
98
6
29
5
69
4
4
6
44
6
69
6
79
3
53
5
44
6
29
3
87
4
89
5
19
5
89
5
38
5
99
6
29
6
6
7
79
4
83
6
19
4
78
3
89
7
6
3
99
5
79
6
99
4
95
4
99
5
36
4
14
6
58
6
35
4
9
3
43
3
29
7
94
3
99
7
85
3
43
4
65
5
83
5
99
5
84
7
47
3
46
5
49
3
94
6
89
5
35
0
70
4
7
6
8
4
88
4
29
6
16
7
88
5
29
2
79
6
77
5
29
7
25
5
34
5
57
6
19
5
38
5
49
6
66
6
38
3
37
6
68
4
49
7
58
3
4
5
64
3
58
0
55
3
4
4
5
3
69
4
19
6
27
6
89
5
33
3
19
5
49
6
59
7
18
5
69
5
39
3
59
3
46
4
69
3
73
3
97
5
73
6
19
5
63
6
49
3
88
5
16
3
47
6
66
7
99
4
35
6
43
7
75
5
69
7
34
3
39
6
68
4
93
4
9
3
49
7
39
5
15
5
79
3
33
5
27
4
59
5
17
6
19
4
9
6
29
4
59
5
94
4
18
4
44
7
49
5
69
5
9
6
89
3
34
6
75
3
89
6
63
7
69
4
69
5
53
7
96
5
88
4
99
5
99
3
77
6
9
6
23
4
28
7
55
7
77
3
75
5
65
7
99
3
97
5
98
5
76
5
39
6
86
4
99
4
66
5
69
5
89
3
16
3
76
4
19
3
33
4
29
7
19
7
6
0
11
6
18
7
87
4
99
7
9
5
88
6
96
4
56
3
27
3
47
6
69
4
7
7
55
4
35
5
87
5
36
6
9
4
9
4
55
7
44
6
69
3
48
4
69
3
19
6
67
2
99
7
28
6
19
0
10
7
36
7
79
3
39
3
28
4
29
3
24
4
29
7
59
3
78
3
19
5
44
5
29
7
74
5
74
7
49
6
34
5
69
7
7
7
49
4
58
3
99
3
79
3
5
7
57
0
50
6
66
6
89
4
89
4
29
2
98
5
55
4
79
6
99
4
16
6
49
7
95
5
47
3
54
4
49
6
79
6
73
3
53
6
43
3
98
1
65
4
15
7
44
6
19
4
44
6
78
4
78
4
58
3
39
6
59
4
99
5
39
7
37
6
39
3
98
4
15
5
69
6
19
3
97
0
8
7
59
3
14
3
34
6
39
5
99
4
39
7
89
4
99
7
44
5
89
5
76
5
39
5
46
7
39
4
97
7
89
5
89
3
34
4
19
3
13
2
48
3
9
4
18
6
9
7
27
5
19
4
49
5
96
5
76
5
59
5
69
6
86
7
29
5
36
3
36
4
49
1
68
6
5
7
29
6
46
6
19
6
89
6
33
6
4
4
18
3
68
6
9
5
59
5
99
4
23
3
9
3
37
3
36
7
9
3
3
1
22
6
97
7
68
7
11
6
29
3
5
3
8
5
59
5
89
5
39
5
87
4
59
3
59
4
65
3
58
4
69
7
87
4
3
0
40
5
75
6
19
6
49
3
49
6
44
3
89
5
14
3
14
5
15
5
99
5
94
6
99
4
67
4
28
4
99
7
79
3
15
3
44
6
77
5
9
7
57
7
37
3
38
3
57
3
85
5
26
7
34
3
89
5
45
5
74
7
89
7
19
7
34
5
46
7
19
4
18
2
79
5
3
6
15
6
14
6
19
6
69
5
39
6
58
3
59
6
69
5
69
4
96
3
9
5
49
4
99
3
49
3
73
5
47
3
45
3
79
1
3
4
33
7
98
4
57
6
89
4
69
4
81
3
77
5
16
5
57
4
69
3
95
5
58
4
37
3
49
3
39
7
64
5
79
3
87
0
70
3
36
3
9
7
99
6
65
3
86
3
27
7
39
3
49
6
81
3
23
7
84
6
33
7
38
5
96
3
78
0
0
5
46
5
65
4
39
3
79
6
35
4
55
3
87
7
38
6
4
4
89
4
24
3
55
4
59
5
55
5
19
3
85
3
48
5
23
3
69
3
98
5
64
4
99
7
99
0
80
4
54
4
75
6
84
3
79
7
69
6
83
5
37
7
99
4
49
3
55
4
58
3
38
5
49
5
99
5
27
6
56
6
5
3
99
0
50
5
35
5
11
3
19
3
26
7
69
4
13
5
79
5
69
4
29
3
27
3
19
7
47
7
99
4
24
7
79
3
55
3
53
5
59
7
55
6
9
7
46
7
75
1
52
3
79
3
73
4
9
3
79
5
96
5
59
6
38
3
18
7
38
3
79
7
4
3
96
4
19
6
35
4
5
6
43
5
59
4
9
1
77
5
34
7
29
4
69
3
9
6
9
3
26
5
16
6
23
4
69
4
83
6
17
6
69
3
38
5
39
6
79
4
14
5
6
5
19
6
73
6
55
3
19
6
49
3
36
5
68
4
13
5
69
4
59
5
16
5
69
3
5
0
40
1
74
6
63
4
53
5
63
4
49
7
99
4
59
6
59
0
38
4
67
5
77
4
8
4
9
5
88
4
49
6
88
5
45
4
59
3
79
5
59
6
29
4
59
6
89
7
38
5
13
6
79
7
29
7
29
7
29
5
69
5
28
4
55
3
55
6
69
7
64
3
82
6
48
5
9
6
9
5
94
5
69
3
38
7
4
4
89
4
75
6
34
4
69
4
69
6
28
4
4
4
39
3
38
7
58
5
6
3
19
3
4
3
26
4
19
6
18
6
28
3
15
6
93
6
64
5
86
7
18
4
53
3
67
0
15
5
65
2
69
5
97
3
99
5
75
6
15
4
48
6
4
3
98
4
19
4
6
5
7
7
69
5
39
3
14
5
46
7
75
5
3
6
99
6
59
7
38
6
89
7
65
2
9
4
5
2
59
5
78
4
54
5
77
3
77
3
39
7
89
3
99
3
33
6
16
5
99
7
9
6
36
7
46
