2
78
5
52
3
39
1
39
4
5
3
61
3
87
2
68
4
99
3
5
4
66
1
29
2
12
1
73
3
42
5
36
2
71
3
49
4
88
4
44
4
61
0
80
4
64
5
52
4
56
2
5
4
34
1
75
2
19
5
94
2
25
2
21
5
35
3
63
5
6
3
41
2
84
4
54
5
16
2
66
1
91
3
38
4
19
2
69
3
1
4
86
1
16
3
94
1
5
4
9
5
35
2
29
5
89
2
65
4
64
1
93
2
97
4
66
2
44
2
56
3
18
1
47
4
39
4
37
4
2
1
75
5
95
5
64
4
29
5
79
0
30
4
25
3
34
1
81
3
52
1
97
3
36
5
33
5
68
4
65
1
33
1
94
1
19
4
56
3
38
2
51
2
79
4
88
1
61
2
24
4
48
1
87
4
3
1
59
4
33
5
15
2
76
2
1
3
82
5
49
4
9
4
1
5
29
1
42
1
58
4
31
5
32
2
3
3
9
2
89
2
73
5
57
4
38
4
13
5
89
2
49
4
59
4
75
5
87
5
39
2
16
1
23
2
99
3
97
5
46
1
17
3
33
3
46
2
72
4
11
1
3
2
69
1
37
1
57
1
36
4
81
1
7
2
24
2
66
4
23
4
63
1
52
3
11
3
1
1
77
2
88
2
51
4
93
5
95
1
32
2
29
1
72
1
1
1
21
2
95
3
21
4
25
3
29
3
31
3
65
5
84
2
24
4
75
5
77
5
9
3
92
5
89
1
49
3
4
1
65
2
77
4
36
5
99
3
39
3
64
5
49
1
91
2
79
4
57
1
12
5
17
1
17
4
87
5
97
1
9
4
59
2
62
4
91
1
46
5
77
4
73
2
45
5
65
1
18
2
99
2
2
2
62
2
41
1
29
2
22
5
89
2
47
5
64
2
55
3
27
4
46
0
60
5
87
4
15
5
69
1
67
1
13
1
63
2
59
3
27
5
95
3
92
4
76
1
21
1
3
1
6
3
48
5
29
1
12
3
95
2
69
5
49
5
18
2
54
3
61
1
96
3
95
1
98
5
9
2
99
3
79
3
9
3
12
1
33
3
7
3
47
1
82
5
77
4
9
3
33
2
77
4
87
2
99
5
2
1
66
5
9
5
4
2
79
1
65
1
94
5
37
1
98
3
24
4
58
5
4
5
86
5
67
1
25
1
82
4
26
2
34
5
57
5
69
2
61
3
54
4
65
3
52
3
96
2
6
4
79
3
14
4
24
5
87
5
59
4
79
5
29
4
5
2
72
1
38
2
95
2
19
3
97
4
61
2
19
2
52
4
79
1
79
1
16
2
46
0
80
2
22
3
63
1
43
4
77
5
8
3
84
5
97
1
75
5
5
2
32
1
33
1
86
1
89
2
69
4
32
2
57
5
7
2
43
3
34
2
14
1
19
1
47
1
32
1
37
4
57
4
19
4
19
5
75
5
78
2
49
2
79
1
28
4
67
5
33
5
23
3
36
3
39
3
16
5
88
2
19
2
55
4
81
5
7
4
58
4
41
0
0
3
76
5
79
1
23
1
81
3
57
5
52
5
77
5
47
5
55
3
96
4
29
3
69
2
2
4
42
4
69
4
77
1
51
3
42
4
28
1
85
2
88
3
19
3
87
3
38
3
98
4
29
4
4
5
77
2
81
4
19
2
76
1
88
5
4
1
98
3
78
4
99
2
93
2
99
3
34
2
12
4
56
4
33
2
8
1
41
1
29
5
92
1
99
5
83
1
41
2
63
3
81
3
97
3
82
5
45
1
44
3
49
1
92
4
89
3
33
0
70
2
5
4
6
2
86
2
27
4
14
5
88
3
29
2
79
4
75
3
28
5
23
3
32
3
55
4
19
3
36
3
49
4
64
4
36
1
35
4
68
2
47
5
56
1
2
3
62
1
56
0
55
1
2
2
3
1
68
2
19
4
25
4
88
3
31
1
19
3
47
4
59
5
16
3
67
3
39
1
59
1
44
2
69
1
71
1
95
3
71
4
19
3
61
4
47
1
86
3
14
1
45
4
64
5
97
2
33
4
41
5
73
3
69
5
32
1
39
4
66
2
91
2
8
1
47
5
39
3
13
3
78
1
31
3
25
2
59
3
15
4
18
2
7
4
29
2
58
3
92
2
16
2
42
5
49
3
67
3
7
4
87
1
32
4
73
1
87
4
61
5
69
2
69
3
51
5
94
3
86
2
97
3
99
1
75
4
9
4
21
2
26
5
53
5
75
1
73
3
63
5
97
1
95
3
96
3
74
3
39
4
84
2
98
2
64
3
68
3
88
1
14
1
74
2
19
1
31
2
29
5
19
5
4
0
11
4
16
5
85
4
98
5
9
3
86
4
94
2
54
1
25
1
45
4
67
2
5
5
53
4
33
3
85
3
34
4
8
2
8
2
53
5
42
4
68
1
48
2
69
1
18
4
65
2
99
5
26
4
18
0
10
5
34
5
79
1
39
1
26
2
29
1
22
2
27
5
57
1
76
1
19
3
42
3
27
5
72
3
74
5
49
4
32
3
69
5
5
5
47
2
56
1
97
1
79
1
3
5
55
0
50
4
66
4
88
2
88
2
29
2
96
3
53
2
79
4
99
2
14
4
49
5
93
3
45
1
52
4
49
4
79
4
71
1
51
4
41
1
96
1
63
2
13
5
42
4
19
2
42
4
76
2
76
2
56
1
37
4
58
2
97
3
39
5
35
4
38
1
96
2
13
3
67
4
19
1
95
0
8
5
59
1
12
1
32
4
39
3
98
2
39
5
88
2
99
5
42
3
88
3
74
3
37
3
44
5
38
2
95
5
89
3
89
1
32
2
18
1
11
2
48
1
9
2
18
4
7
5
25
3
17
2
49
3
94
3
74
3
59
3
69
4
84
5
29
3
34
1
34
2
47
1
66
4
3
5
29
4
44
4
19
4
89
4
31
4
2
2
16
1
66
4
8
3
59
3
98
2
21
1
8
1
35
1
34
5
7
1
1
1
22
4
95
5
66
5
11
4
28
1
3
1
6
3
58
3
88
3
37
3
85
2
59
1
58
2
63
1
56
2
69
5
85
2
1
0
40
3
73
4
18
4
47
1
47
4
42
1
89
3
12
1
12
3
13
3
97
3
92
4
97
2
65
2
26
2
99
5
77
1
13
1
42
4
75
3
9
5
55
5
35
1
36
1
55
1
83
3
24
5
32
1
88
3
43
3
72
5
89
5
17
5
32
3
44
5
19
2
16
2
77
3
1
4
13
4
12
4
17
4
69
3
38
4
56
1
59
4
69
3
67
2
94
1
8
3
49
2
99
1
47
1
71
3
45
1
43
1
79
1
1
2
31
5
96
2
55
4
89
2
68
2
81
1
75
3
14
3
55
2
69
1
93
3
56
2
35
1
47
1
39
5
62
3
79
1
85
0
70
1
34
1
7
5
99
4
63
1
84
1
27
5
39
1
49
4
81
1
21
5
82
4
31
5
36
3
94
1
76
0
0
3
44
3
63
2
37
1
79
4
33
2
53
1
85
5
36
4
2
2
89
2
22
1
53
2
59
3
53
3
19
1
83
1
46
3
21
1
67
1
96
3
62
2
97
5
98
0
80
2
52
2
73
4
82
1
77
5
68
4
83
3
35
5
99
2
49
1
53
2
56
3
36
3
49
3
99
3
25
4
54
4
3
1
97
0
50
3
33
3
11
1
19
1
24
5
69
2
11
3
79
3
67
2
29
1
25
1
19
5
45
5
99
2
22
5
78
1
53
1
53
3
59
5
53
4
9
5
46
5
73
1
52
1
78
1
71
2
9
1
77
3
96
3
59
4
36
1
16
5
36
1
77
5
2
1
94
2
17
4
33
2
3
4
41
3
58
2
8
1
75
3
32
5
28
2
67
1
9
4
7
3
24
3
14
4
21
2
69
2
81
4
15
4
67
1
36
3
39
4
78
2
12
3
4
3
19
4
71
4
53
1
17
4
48
1
36
3
66
2
11
3
67
2
59
3
14
3
69
1
3
0
40
1
72
4
61
2
51
3
61
2
48
5
97
2
57
4
57
0
38
2
65
3
75
2
6
2
7
3
86
2
49
4
86
3
43
2
59
1
77
3
59
4
29
2
59
4
89
5
36
3
11
4
78
5
29
5
28
5
27
3
68
3
26
2
53
1
53
4
67
5
62
1
82
4
46
3
8
4
9
3
92
3
68
1
36
5
2
2
87
2
73
4
32
2
67
2
69
4
26
2
2
2
37
1
36
5
56
3
4
1
19
1
2
1
24
2
17
4
16
4
26
1
13
4
91
4
62
3
84
5
16
2
51
1
65
0
15
3
63
2
69
3
95
1
97
3
73
4
13
2
46
4
2
1
96
2
19
2
4
3
5
5
67
3
39
1
12
3
44
5
73
3
1
4
99
4
58
5
36
4
87
5
63
2
8
4
3
2
59
3
76
2
52
3
75
1
75
1
38
5
87
1
99
1
31
4
14
3
97
5
8
4
34
5
44
