7
79
9
57
8
40
6
39
9
10
8
66
8
90
7
69
9
99
8
10
9
71
6
29
7
17
6
78
8
47
9
41
7
76
8
50
9
91
9
49
8
66
0
80
9
69
9
57
9
61
7
9
9
39
6
79
7
19
9
99
7
29
7
26
9
40
8
68
9
11
8
46
7
89
9
59
9
21
7
69
6
96
8
40
9
21
7
69
8
6
9
91
6
19
8
99
6
9
9
11
9
40
7
29
9
92
7
69
9
69
6
98
7
99
9
71
7
49
7
59
8
20
6
49
9
41
9
41
9
7
6
79
9
99
9
69
9
31
10
82
0
30
9
30
8
39
6
86
8
57
6
99
8
40
9
38
9
72
9
70
6
38
6
99
6
19
9
61
8
40
7
56
7
79
9
91
6
66
7
29
9
51
6
89
9
8
6
59
9
38
9
20
7
79
7
6
8
87
10
52
9
11
8
6
9
32
6
47
6
59
8
36
9
37
7
8
8
10
7
89
7
78
9
62
9
41
9
18
9
92
7
49
9
61
9
80
9
92
9
42
7
19
6
28
7
99
8
99
9
51
6
19
8
38
8
50
7
77
8
16
6
8
7
69
6
39
6
59
6
39
8
86
6
9
7
29
7
69
9
28
9
68
6
57
8
16
8
6
6
79
7
89
7
56
9
98
9
99
6
37
7
29
6
77
6
6
6
26
7
99
8
26
9
30
8
30
8
36
8
70
9
89
7
29
9
80
10
82
9
12
8
97
9
92
6
49
8
9
6
69
7
79
9
41
9
99
8
40
8
69
10
52
6
96
7
79
9
61
6
17
10
22
6
19
9
91
9
99
6
9
9
61
7
67
8
96
6
49
10
82
9
78
7
49
9
70
6
19
7
99
7
7
7
67
7
46
6
29
7
27
9
92
7
49
9
69
7
59
8
30
9
51
0
60
9
92
9
20
9
72
6
69
6
18
6
68
7
59
8
30
9
99
8
97
9
81
6
26
6
8
6
9
8
50
9
32
6
17
8
99
7
69
10
52
10
22
7
59
8
66
6
99
8
99
6
99
9
12
7
99
8
80
8
10
8
17
6
38
8
10
8
50
6
87
10
82
9
11
8
38
7
79
9
91
7
99
9
7
6
69
9
12
9
9
7
79
6
69
6
99
9
42
6
99
8
29
9
61
9
9
9
91
9
72
6
29
6
87
9
31
7
39
9
62
9
72
7
66
8
59
9
70
8
57
8
99
7
9
9
81
8
19
9
29
9
92
9
62
9
81
9
32
9
10
7
77
6
39
7
99
7
19
8
99
8
66
7
19
7
57
9
81
6
79
6
19
7
49
0
80
7
22
8
68
6
48
9
81
9
12
8
89
9
99
6
79
9
10
7
37
6
38
6
89
6
89
7
69
9
37
7
59
9
12
7
48
8
39
7
19
6
19
6
49
6
37
6
39
9
61
9
21
9
21
9
80
10
82
7
49
7
79
6
29
9
71
9
38
9
28
8
40
8
40
8
20
9
92
2
19
7
59
8
86
9
12
9
61
8
46
0
0
8
80
10
82
6
28
6
86
8
60
9
57
10
82
10
52
9
60
8
99
9
31
8
70
7
7
9
47
9
71
9
81
6
56
8
47
9
31
6
89
7
89
8
20
8
90
8
38
8
99
9
31
9
9
10
82
7
86
9
21
7
79
6
89
9
9
6
99
8
80
9
99
7
98
7
99
8
39
7
17
9
61
9
38
7
9
6
46
6
29
9
97
6
99
9
88
6
46
7
68
8
86
8
99
8
87
9
50
6
49
8
50
6
97
9
91
8
38
0
70
7
9
9
11
7
89
7
29
9
19
9
88
8
30
2
79
9
80
8
30
9
28
8
37
8
60
9
21
8
40
8
50
9
69
9
41
6
39
9
68
7
49
9
61
6
7
8
67
6
59
0
55
6
7
7
8
6
69
7
19
9
30
9
91
8
36
6
19
8
50
9
61
9
21
8
70
8
40
6
59
6
49
7
69
6
76
6
99
8
76
9
21
8
66
9
51
6
89
8
19
6
49
9
69
9
99
7
38
8
46
9
78
8
70
9
37
6
39
9
71
7
96
7
9
6
49
9
42
8
18
8
80
6
36
8
30
7
59
8
20
9
21
7
9
9
31
7
59
8
97
7
19
7
47
10
52
8
70
8
10
9
91
6
37
9
78
6
89
8
66
9
72
7
69
8
56
9
99
8
90
7
99
8
99
6
79
9
11
8
26
7
29
9
58
9
80
6
78
8
68
9
99
6
99
8
99
8
79
8
40
9
89
7
99
7
69
8
70
8
90
6
19
6
79
7
19
6
36
7
29
10
22
9
9
0
11
9
21
9
90
4
99
9
12
8
90
9
99
7
59
6
29
6
49
9
71
7
9
9
58
4
38
8
90
8
39
9
11
7
9
7
58
9
47
9
71
6
48
7
69
6
19
9
70
2
99
9
31
9
21
0
10
9
39
10
82
6
39
6
29
7
29
6
27
7
29
9
62
6
79
6
19
8
47
8
30
9
77
8
74
10
52
9
37
8
70
9
10
10
52
7
59
6
99
6
79
6
8
9
60
0
50
9
66
9
91
7
89
7
29
2
99
8
58
7
79
9
99
7
19
9
51
9
98
8
50
6
57
4
49
9
81
8
76
6
56
8
46
6
99
1
68
7
18
9
47
9
21
7
47
9
81
7
79
7
59
6
39
9
61
7
99
8
40
9
40
9
41
6
99
7
18
8
70
9
21
6
99
0
8
9
62
6
17
6
37
9
41
8
99
7
39
9
92
7
99
9
47
8
90
8
79
8
40
8
49
9
42
7
99
9
92
8
90
6
37
7
19
6
16
2
48
6
9
7
18
9
11
9
30
8
20
7
49
8
99
8
79
8
60
8
70
9
89
9
32
8
39
6
39
7
49
1
69
9
8
9
32
9
49
9
21
9
91
8
36
9
7
7
19
6
69
9
11
8
60
8
99
7
26
6
9
6
39
6
39
9
12
6
6
1
22
9
99
9
71
9
11
9
31
6
8
6
9
8
60
8
90
8
40
8
90
7
59
6
59
7
68
6
59
7
69
9
90
7
6
0
40
8
78
9
21
9
51
6
49
9
47
6
89
8
17
6
17
8
18
8
99
8
97
9
99
7
69
7
29
7
99
10
82
6
18
6
47
9
80
8
10
9
60
9
40
6
39
6
59
6
88
8
29
9
37
6
89
8
48
8
77
9
92
10
22
9
37
8
49
10
22
7
19
2
79
8
6
9
18
9
17
9
21
9
71
8
40
9
61
6
59
9
71
8
70
7
99
6
9
8
50
7
99
6
49
6
76
8
50
6
48
6
79
1
6
7
36
9
99
7
59
9
91
7
69
7
81
6
79
8
19
8
60
7
69
6
98
8
60
7
39
6
49
6
39
9
67
8
80
6
89
0
70
6
39
6
9
9
99
9
68
6
89
6
27
9
42
6
49
9
81
6
26
9
87
8
36
9
41
8
99
6
79
0
0
8
49
8
68
7
39
6
79
9
38
7
58
6
89
9
41
9
7
7
89
7
27
6
58
7
59
8
58
8
20
6
88
6
49
8
26
6
69
6
99
8
67
7
99
9
99
0
80
7
57
7
78
9
87
6
79
9
72
9
83
8
40
9
99
7
49
6
58
7
59
3
39
8
50
8
99
8
30
9
59
9
8
6
99
0
50
8
38
8
11
6
19
6
29
9
72
7
16
8
80
8
70
7
29
6
29
6
19
9
50
9
99
7
27
10
82
6
58
6
53
8
60
9
58
9
11
9
46
9
78
1
52
6
79
6
76
7
9
6
79
8
96
8
60
9
41
6
19
9
41
6
79
9
7
6
99
7
19
9
38
7
8
8
46
8
60
7
9
1
79
8
37
9
32
7
69
6
9
9
11
3
29
8
19
8
26
7
69
7
86
9
20
9
71
6
39
8
40
9
81
7
17
8
9
8
20
8
76
9
58
6
19
9
51
6
36
8
70
7
16
8
70
7
59
8
19
8
70
6
8
0
40
1
77
8
66
7
56
8
66
7
49
9
99
7
59
9
61
0
38
7
69
8
80
7
9
7
9
8
90
7
49
9
91
8
48
7
59
6
79
8
60
9
31
7
59
9
91
9
41
8
16
9
81
9
32
9
32
9
32
8
70
8
30
7
58
6
58
9
71
9
67
6
82
9
51
8
10
9
11
8
97
8
70
6
39
9
7
7
89
7
78
9
37
7
69
7
69
9
31
7
7
7
39
6
39
9
61
8
9
6
19
6
7
6
29
7
19
9
21
9
31
6
18
8
96
9
67
8
89
9
21
7
56
6
69
0
15
8
68
2
69
8
99
6
99
8
78
9
18
7
49
9
7
6
99
7
19
7
9
8
10
9
72
8
40
6
17
8
49
9
78
8
6
9
99
9
61
9
41
9
91
9
68
2
9
4
8
2
59
8
80
7
57
8
80
6
79
6
39
9
92
6
99
6
36
9
19
8
99
9
12
9
39
9
49
