12
84
9
62
9
44
9
43
9
14
9
71
9
94
9
74
9
99
9
14
9
74
9
33
10
22
11
83
10
52
9
44
9
81
13
55
9
94
12
54
9
71
0
80
9
74
9
62
9
64
9
14
9
44
11
83
12
24
9
99
9
34
9
31
9
44
9
73
9
14
9
51
9
94
9
64
14
26
9
74
9
99
9
44
14
26
9
74
9
11
9
94
11
23
9
99
9
13
9
14
9
44
9
34
9
94
9
74
9
74
9
99
9
99
9
74
12
54
9
64
13
25
11
53
9
44
9
44
9
12
11
83
9
99
9
74
9
34
15
87
0
30
9
34
9
44
9
91
9
62
9
99
9
44
9
43
9
74
9
74
9
43
9
99
11
23
9
64
9
44
9
61
12
84
9
94
9
71
9
34
14
56
9
93
9
13
9
63
9
43
13
25
12
84
9
11
9
92
15
57
9
14
9
11
9
34
10
52
9
63
9
41
9
42
9
13
9
14
9
94
11
83
9
64
9
44
11
23
9
94
12
54
9
64
13
85
9
94
9
44
12
24
9
33
9
99
9
99
14
56
11
23
9
43
13
55
10
82
9
21
9
13
9
74
9
43
9
63
9
43
9
91
9
13
9
34
9
74
9
33
9
73
9
62
9
21
9
11
11
83
9
94
9
61
9
99
9
99
9
42
9
34
10
82
9
11
9
31
9
99
9
31
9
34
9
34
9
41
9
74
9
94
9
34
13
85
15
87
9
14
9
99
9
94
11
53
9
14
9
73
12
84
9
44
9
99
9
44
9
74
15
57
9
99
12
84
9
64
10
22
15
27
11
23
9
94
9
99
9
13
9
64
9
72
9
99
11
53
15
87
11
83
12
54
9
74
11
23
9
99
9
12
9
72
9
51
9
33
9
32
9
94
12
54
9
74
9
64
9
34
14
56
0
60
9
94
13
25
9
74
9
73
11
23
9
73
9
64
9
34
9
99
9
99
14
86
9
31
9
13
9
13
13
55
9
34
10
22
9
99
9
74
15
57
15
27
9
64
9
71
9
99
9
99
9
99
9
14
9
99
13
85
9
14
10
22
9
43
9
14
13
55
9
92
15
87
9
14
9
43
12
84
9
94
9
99
9
12
9
73
9
14
9
14
12
84
9
73
9
99
9
44
9
99
9
34
9
64
9
14
9
94
9
74
9
33
9
92
9
34
9
44
9
64
9
74
9
71
9
64
9
74
9
62
9
99
9
14
14
86
12
24
9
34
9
94
9
64
14
86
9
34
9
14
10
82
9
43
9
99
12
24
9
99
9
71
12
24
9
62
14
86
11
83
11
23
12
54
0
80
12
22
9
73
11
53
14
86
9
14
9
94
9
99
11
83
9
14
9
42
9
43
9
93
9
93
9
74
9
42
9
64
9
14
11
53
9
44
12
24
11
23
11
53
9
42
9
43
9
64
14
26
14
26
13
85
15
87
12
54
12
84
9
33
9
74
9
43
9
33
9
44
9
44
13
25
9
94
2
19
9
64
9
91
9
14
9
64
9
51
0
0
13
85
15
87
9
33
9
91
9
64
9
62
15
87
15
57
9
64
9
99
9
34
9
74
9
12
10
52
9
74
14
86
9
61
10
52
9
34
9
93
9
94
13
25
9
94
9
38
9
99
9
34
9
14
15
87
9
91
14
26
12
84
9
93
9
14
9
99
13
85
9
99
9
99
9
99
9
44
10
22
9
64
9
43
9
14
9
51
9
33
9
99
9
99
9
93
9
51
9
73
9
91
9
99
9
92
13
55
11
53
13
55
9
99
9
94
9
43
0
70
9
14
9
14
9
94
9
34
12
24
9
88
9
34
2
79
13
85
9
34
9
33
9
42
9
64
14
26
9
44
13
55
9
74
9
44
9
43
9
68
12
54
9
64
9
12
9
72
9
63
0
55
9
12
9
13
9
73
12
24
9
34
9
94
9
41
11
23
13
55
9
64
14
26
9
74
9
44
9
63
11
53
9
74
9
81
9
99
9
81
14
26
9
71
14
56
9
93
12
24
11
53
9
74
9
99
9
43
9
51
11
83
9
74
9
42
9
43
9
74
9
99
9
14
11
53
9
44
11
23
13
85
9
41
9
34
9
64
13
25
14
26
9
14
9
34
9
64
9
99
12
24
10
52
15
57
9
74
9
14
9
94
9
42
11
83
9
93
9
71
9
74
9
74
9
61
9
99
9
94
9
99
9
99
11
83
9
14
9
31
9
34
9
63
13
85
11
83
9
73
9
99
9
99
9
99
12
84
9
44
9
94
9
99
9
74
9
74
9
94
11
23
11
83
12
24
9
41
9
34
15
27
9
14
0
11
14
26
9
94
4
99
9
14
9
94
9
99
9
64
9
33
11
53
9
74
9
14
9
63
4
39
9
94
9
44
9
14
9
14
9
63
10
52
9
74
9
48
9
74
11
23
9
74
2
99
9
34
14
26
0
10
9
44
15
87
9
43
9
33
9
34
9
32
9
34
9
64
11
83
11
23
10
52
9
34
10
82
9
74
15
57
9
42
9
74
9
14
15
57
9
64
9
99
11
83
9
13
9
64
0
50
9
66
9
94
9
94
9
34
2
99
9
63
12
84
9
99
12
24
14
56
9
99
13
55
9
62
4
49
14
86
9
81
9
61
9
51
9
99
1
69
11
23
10
52
14
26
10
52
14
86
12
84
9
64
9
43
9
64
9
99
9
44
9
44
9
44
9
99
11
23
9
74
14
26
9
99
0
8
9
64
10
22
9
42
9
44
9
99
9
44
9
94
9
99
10
52
9
94
12
84
9
44
12
54
9
44
9
99
9
94
9
94
9
42
12
24
9
21
2
48
9
13
9
18
9
14
9
34
13
25
12
54
9
99
12
84
9
64
9
74
9
94
9
34
9
44
9
43
12
54
1
69
9
13
9
34
12
54
14
26
9
94
9
41
9
12
12
24
9
73
9
14
9
64
9
99
9
31
9
13
9
43
9
43
9
14
9
11
1
22
9
99
9
74
9
11
9
34
9
13
9
13
9
64
9
94
9
44
9
94
9
64
9
63
9
73
9
63
9
74
9
94
9
11
0
40
11
83
14
26
14
56
11
53
10
52
9
93
10
22
10
22
11
23
9
99
9
99
9
99
9
74
9
34
9
99
15
87
11
23
10
52
13
85
9
14
9
64
9
44
9
43
9
63
9
93
9
34
9
42
9
93
11
53
10
82
9
94
15
27
9
42
12
54
15
27
12
24
2
79
9
11
11
23
10
22
14
26
9
74
9
44
9
64
9
63
9
74
9
74
9
99
9
13
13
55
9
99
11
53
9
81
13
55
11
53
11
83
1
9
9
41
9
99
9
64
9
94
9
74
12
81
11
83
12
24
9
64
9
74
9
99
9
64
9
44
11
53
9
43
9
72
13
85
9
93
0
70
9
43
9
13
9
99
9
73
9
93
9
27
9
44
11
53
14
81
9
31
9
92
9
41
9
44
9
99
11
83
0
0
12
54
9
73
9
44
11
83
9
43
9
63
9
93
9
44
9
12
9
94
9
32
9
63
9
64
9
63
13
25
9
93
11
53
9
31
9
73
9
99
9
72
9
99
9
99
0
80
9
62
11
83
9
92
11
83
9
74
14
82
9
44
9
99
12
54
9
63
9
64
3
39
13
55
9
99
9
34
9
64
9
13
9
99
0
50
9
43
9
11
9
19
9
33
9
74
9
21
13
85
9
74
9
34
9
33
11
23
13
55
9
99
9
32
15
87
9
63
11
52
9
64
9
63
9
14
9
46
11
83
1
52
11
83
9
81
9
14
11
83
9
96
9
64
9
44
11
23
9
44
11
83
9
12
9
99
12
24
9
43
9
13
9
51
9
64
9
14
1
79
9
42
9
34
9
74
9
13
9
14
3
29
12
24
9
31
9
74
9
91
13
25
9
74
9
43
9
44
14
86
10
22
9
14
13
25
9
81
9
63
11
23
14
56
9
36
9
74
9
21
9
74
9
64
12
24
9
74
9
13
0
40
1
79
9
71
9
61
9
71
12
54
9
99
9
64
9
64
0
38
9
74
13
85
9
14
9
14
9
94
12
54
9
94
11
53
9
64
11
83
9
64
9
34
9
64
9
94
9
44
9
21
14
86
9
34
9
34
9
34
9
74
9
34
9
63
9
63
9
74
9
72
11
82
14
56
9
14
9
14
9
99
9
74
9
43
9
12
9
94
11
83
9
42
9
74
9
74
9
34
9
12
9
44
9
43
9
64
9
14
11
23
9
12
9
33
12
24
14
26
9
34
11
23
9
99
9
72
9
94
14
26
9
61
9
73
0
15
9
73
2
69
9
99
9
99
11
83
11
23
12
54
9
12
9
99
12
24
9
14
9
14
9
74
9
44
10
22
12
54
11
83
9
11
9
99
9
64
9
44
9
94
9
73
2
9
4
9
2
59
13
85
9
62
13
85
11
83
9
43
9
94
9
99
9
41
12
24
9
99
9
14
9
44
12
54
