6
79
8
56
7
39
5
39
8
9
7
65
7
89
6
69
8
99
7
9
8
70
5
29
6
16
5
77
7
46
9
40
6
75
7
49
8
90
8
48
8
65
0
80
8
68
8
56
8
60
6
9
8
38
5
79
6
19
9
98
6
29
6
25
9
39
7
67
9
10
7
45
6
88
8
58
9
20
6
69
5
95
7
39
8
20
6
69
7
5
8
90
5
19
7
98
5
9
8
10
9
39
6
29
9
91
6
69
8
68
5
97
6
99
8
70
6
48
6
59
7
19
5
49
8
40
8
40
8
6
5
79
9
99
9
68
8
30
9
81
0
30
8
29
7
38
5
85
7
56
5
99
7
39
9
37
9
71
8
69
5
37
5
98
5
19
8
60
7
39
6
55
6
79
8
90
5
65
6
28
8
50
5
89
8
7
5
59
8
37
9
19
6
79
6
5
7
86
9
51
8
10
8
5
9
31
5
46
5
59
8
35
8
36
6
7
7
9
6
89
6
77
9
61
8
40
8
17
9
91
6
49
8
60
8
79
9
91
9
41
6
19
5
27
6
99
7
99
9
50
5
19
7
37
7
49
6
76
8
15
5
7
6
69
5
39
5
59
5
39
8
85
5
9
6
28
6
69
8
27
8
67
5
56
7
15
7
5
5
79
6
89
6
55
8
97
9
99
5
36
6
29
5
76
5
5
5
25
6
99
7
25
8
29
7
29
7
35
7
69
9
88
6
28
8
79
9
81
9
11
7
96
9
91
5
49
7
8
5
69
6
79
8
40
9
99
7
39
7
68
9
51
5
95
6
79
8
60
5
16
9
21
5
19
8
90
9
99
5
9
8
60
6
66
8
95
5
49
9
81
8
77
6
49
9
69
5
19
6
99
6
6
6
66
6
45
5
29
6
26
9
91
6
49
9
68
6
59
7
29
8
50
0
60
9
91
8
19
9
71
5
69
5
17
5
67
6
59
7
29
9
99
7
96
8
80
5
25
5
7
5
9
7
49
9
31
5
16
7
99
6
69
9
51
9
21
6
58
7
65
5
99
7
99
5
99
9
11
6
99
7
79
7
9
7
16
5
37
7
9
7
49
5
86
9
81
8
10
7
37
6
79
8
90
6
99
8
6
5
69
9
11
9
8
6
79
5
69
5
98
9
41
5
99
7
28
8
60
9
8
9
90
9
71
5
29
5
86
8
30
6
38
9
61
9
71
6
65
7
58
8
69
7
56
7
99
6
9
8
80
7
18
8
28
9
91
9
61
8
80
9
31
8
9
6
76
5
39
6
99
6
19
7
99
8
65
6
19
6
56
8
80
5
79
5
19
6
49
0
80
6
22
7
67
5
47
8
80
9
11
7
88
9
99
5
79
9
9
6
36
5
37
5
89
5
89
6
69
8
36
6
59
9
11
6
47
7
38
6
18
5
19
5
49
5
36
5
39
8
60
8
20
8
20
9
79
9
81
6
49
6
79
5
29
8
70
9
37
9
27
7
39
7
39
7
19
9
91
2
19
6
59
8
85
9
11
8
60
8
45
0
0
7
79
9
81
5
27
5
85
7
59
8
56
9
81
9
51
9
59
7
99
8
30
7
69
6
6
8
46
8
70
8
80
5
55
7
46
8
30
5
89
6
89
7
19
7
89
7
38
7
99
8
30
8
8
9
81
6
85
8
20
6
79
5
89
9
8
5
99
7
79
8
99
6
97
6
99
7
38
6
16
8
60
8
37
6
9
5
45
5
29
8
96
5
99
9
87
5
45
6
67
7
85
7
99
7
86
9
49
5
48
7
49
5
96
8
90
7
37
0
70
6
9
8
10
6
89
6
29
8
18
9
88
7
29
2
79
8
79
7
29
9
27
7
36
7
59
8
20
7
39
7
49
8
68
8
40
5
39
8
68
6
49
9
60
5
6
7
66
5
59
0
55
5
6
6
7
5
69
6
19
8
29
8
90
7
35
5
19
7
49
8
60
9
20
7
69
7
39
5
59
5
48
6
69
5
75
5
99
7
75
8
20
7
65
8
50
5
89
7
18
5
49
8
68
9
99
6
37
8
45
9
77
7
69
8
36
5
39
8
70
6
95
6
9
5
49
9
41
7
17
7
79
5
35
7
29
6
59
7
19
8
20
6
9
8
30
6
59
7
96
6
19
6
46
9
51
7
69
7
9
8
90
5
36
8
77
5
89
8
65
9
71
6
69
7
55
9
98
7
89
6
99
7
99
5
79
8
10
8
25
6
29
9
57
9
79
5
77
7
67
9
99
5
99
7
99
7
78
7
39
8
88
6
99
6
68
7
69
7
89
5
18
5
78
6
19
5
35
6
29
9
21
9
8
0
11
8
20
9
89
4
99
9
11
7
89
8
98
6
58
5
29
5
49
8
70
6
9
9
57
4
37
7
89
7
38
8
10
6
9
6
57
8
46
8
70
5
48
6
69
5
19
8
69
2
99
9
30
8
20
0
10
9
38
9
81
5
39
5
29
6
29
5
26
6
29
9
61
5
79
5
19
7
46
7
29
8
76
7
74
9
51
8
36
7
69
9
9
9
51
6
59
5
99
5
79
5
7
9
59
0
50
8
66
8
90
6
89
6
29
2
99
7
57
6
79
8
99
6
18
8
50
9
97
7
49
5
56
4
49
8
80
8
75
5
55
8
45
5
99
1
67
6
17
8
46
8
20
6
46
8
80
6
79
6
59
5
39
8
60
6
99
7
39
9
39
8
40
5
99
6
17
7
69
8
20
5
99
0
8
9
61
5
16
5
36
8
40
7
99
6
39
9
91
6
99
8
46
7
89
7
78
7
39
7
48
9
41
6
99
9
91
7
89
5
36
6
19
5
15
2
48
5
9
6
18
8
10
9
29
7
19
6
49
7
98
7
78
7
59
7
69
8
88
9
31
7
38
5
38
6
49
1
69
8
7
9
31
8
48
8
20
8
90
8
35
8
6
6
19
5
69
8
10
7
59
7
99
6
25
5
9
5
39
5
38
9
11
5
5
1
22
8
99
9
70
9
11
8
30
5
7
5
9
7
59
7
89
7
39
7
89
6
59
5
59
6
67
5
59
6
69
9
89
6
5
0
40
7
77
8
20
8
50
5
49
8
46
5
89
7
16
5
16
7
17
7
99
7
96
8
99
6
69
6
29
6
99
9
81
5
17
5
46
8
79
7
9
9
59
9
39
5
39
5
59
5
87
7
28
8
36
5
89
7
47
7
76
9
91
9
21
8
36
7
48
9
21
6
19
2
79
7
5
8
17
8
16
8
20
8
70
7
39
8
60
5
59
8
70
7
69
6
98
5
9
7
49
6
99
5
49
5
75
7
49
5
47
5
79
1
5
6
35
9
99
6
59
8
90
6
69
6
81
5
79
7
18
7
59
6
69
5
97
7
59
6
39
5
49
5
39
8
66
7
79
5
89
0
70
5
38
5
9
9
99
8
67
5
88
5
27
9
41
5
49
8
81
5
25
8
86
8
35
9
40
7
98
5
79
0
0
7
48
7
67
6
39
5
79
8
37
6
57
5
89
9
40
8
6
6
89
6
26
5
57
6
59
7
57
7
19
5
87
5
49
7
25
5
69
5
99
7
66
6
99
9
99
0
80
6
56
6
77
8
86
5
79
9
71
8
83
7
39
9
99
6
49
5
57
6
59
3
39
7
49
7
99
7
29
8
58
8
7
5
99
0
50
7
37
7
11
5
19
5
28
9
71
6
15
7
79
7
69
6
29
5
29
5
19
9
49
9
99
6
26
9
81
5
57
5
53
7
59
9
57
8
10
9
46
9
77
1
52
5
79
5
75
6
9
5
79
7
96
7
59
8
40
5
19
9
40
5
79
8
6
5
98
6
19
8
37
6
7
8
45
7
59
6
9
1
79
7
36
9
31
6
69
5
9
8
10
3
28
7
18
8
25
6
69
6
85
8
19
8
70
5
39
7
39
8
80
6
16
7
8
7
19
8
75
8
57
5
19
8
50
5
36
7
69
6
15
7
69
6
59
7
18
7
69
5
7
0
40
1
76
8
65
6
55
7
65
6
49
9
99
6
59
8
60
0
38
6
69
7
79
6
9
6
9
7
89
6
49
8
90
7
47
6
59
5
79
7
59
8
30
6
59
8
90
9
40
7
15
8
80
9
31
9
31
9
31
7
69
7
29
6
57
5
57
8
70
8
66
5
82
8
50
7
9
8
10
7
96
7
69
5
39
8
6
6
89
6
77
8
36
6
69
6
69
8
30
6
6
6
39
5
39
9
60
7
8
5
19
5
6
5
28
6
19
8
20
8
30
5
17
8
95
8
66
7
88
9
20
6
55
5
69
0
15
7
67
2
69
7
99
5
99
7
77
8
17
6
49
8
6
5
99
6
19
6
8
7
9
9
71
7
39
5
16
7
48
9
77
7
5
8
99
8
60
9
40
8
90
9
67
2
9
4
7
2
59
7
79
6
56
7
79
5
79
5
39
9
91
5
99
5
35
8
18
7
99
9
11
8
38
9
48
