14
86
9
64
9
44
9
44
9
14
9
73
9
94
9
74
9
99
9
14
9
74
9
34
12
24
13
85
12
54
9
44
11
83
15
57
9
94
14
56
9
73
0
80
9
74
9
64
9
64
9
14
9
44
13
85
14
26
9
99
9
34
9
33
9
44
9
74
9
14
11
53
9
94
9
64
16
28
9
74
9
99
9
44
16
28
9
74
9
13
9
94
13
25
9
99
9
14
9
14
9
44
9
34
9
94
9
74
9
74
9
99
9
99
9
74
14
56
9
64
15
27
13
55
9
44
9
44
9
14
13
85
9
99
9
74
9
34
17
89
0
30
9
34
9
44
9
93
9
64
9
99
9
44
9
44
9
74
9
74
9
44
9
99
13
25
9
64
9
44
9
63
14
86
9
94
9
73
9
34
16
58
9
94
9
14
9
64
9
44
15
27
14
86
9
13
9
94
17
59
9
14
9
13
9
34
12
54
9
64
9
43
9
44
9
14
9
14
9
94
13
85
9
64
9
44
13
25
9
94
14
56
9
64
15
87
9
94
9
44
14
26
9
34
9
99
9
99
16
58
13
25
9
44
15
57
12
84
11
23
9
14
9
74
9
44
9
64
9
44
9
93
9
14
9
34
9
74
9
34
9
74
9
64
11
23
9
13
13
85
9
94
9
63
9
99
9
99
9
44
9
34
12
84
9
13
9
33
9
99
9
33
9
34
9
34
9
43
9
74
9
94
9
34
15
87
17
89
9
14
9
99
9
94
13
55
9
14
9
74
14
86
9
44
9
99
9
44
9
74
17
59
9
99
14
86
9
64
12
24
17
29
13
25
9
94
9
99
9
14
9
64
9
74
9
99
13
55
17
89
13
85
14
56
9
74
13
25
9
99
9
14
9
74
11
53
9
34
9
34
9
94
14
56
9
74
9
64
9
34
16
58
0
60
9
94
15
27
9
74
9
74
13
25
9
74
9
64
9
34
9
99
9
99
16
88
9
33
9
14
9
14
15
57
9
34
12
24
9
99
9
74
17
59
17
29
9
64
9
73
9
99
9
99
9
99
9
14
9
99
15
87
9
14
12
24
9
44
9
14
15
57
9
94
17
89
9
14
9
44
14
86
9
94
9
99
9
14
9
74
9
14
9
14
14
86
9
74
9
99
9
44
9
99
9
34
9
64
9
14
9
94
9
74
9
34
9
94
9
34
9
44
9
64
9
74
9
73
9
64
9
74
9
64
9
99
9
14
16
88
14
26
9
34
9
94
9
64
16
88
9
34
9
14
12
84
9
44
9
99
14
26
9
99
9
73
14
26
9
64
16
88
13
85
13
25
14
56
0
80
14
22
9
74
13
55
16
88
9
14
9
94
9
99
13
85
9
14
9
44
9
44
9
94
9
94
9
74
9
44
9
64
9
14
13
55
9
44
14
26
13
25
13
55
9
44
9
44
9
64
16
28
16
28
15
87
17
89
14
56
14
86
9
34
9
74
9
44
9
34
9
44
9
44
15
27
9
94
2
19
9
64
9
93
9
14
9
64
11
53
0
0
15
87
17
89
9
34
9
93
9
64
9
64
17
89
17
59
9
64
9
99
9
34
9
74
9
14
12
54
9
74
16
88
9
63
12
54
9
34
9
94
9
94
15
27
9
94
9
38
9
99
9
34
9
14
17
89
9
93
16
28
14
86
9
94
9
14
9
99
15
87
9
99
9
99
9
99
9
44
12
24
9
64
9
44
9
14
11
53
9
34
9
99
9
99
9
94
11
53
9
74
9
93
9
99
9
94
15
57
13
55
15
57
9
99
9
94
9
44
0
70
9
14
9
14
9
94
9
34
14
26
9
88
9
34
2
79
15
87
9
34
9
34
9
44
9
64
16
28
9
44
15
57
9
74
9
44
9
44
9
68
14
56
9
64
9
14
9
74
9
64
0
55
9
14
9
14
9
74
14
26
9
34
9
94
9
43
13
25
15
57
9
64
16
28
9
74
9
44
9
64
13
55
9
74
11
83
9
99
11
83
16
28
9
73
16
58
9
94
14
26
13
55
9
74
9
99
9
44
11
53
13
85
9
74
9
44
9
44
9
74
9
99
9
14
13
55
9
44
13
25
15
87
9
43
9
34
9
64
15
27
16
28
9
14
9
34
9
64
9
99
14
26
12
54
17
59
9
74
9
14
9
94
9
44
13
85
9
94
9
73
9
74
9
74
9
63
9
99
9
94
9
99
9
99
13
85
9
14
9
33
9
34
9
64
15
87
13
85
9
74
9
99
9
99
9
99
14
86
9
44
9
94
9
99
9
74
9
74
9
94
13
25
13
85
14
26
9
43
9
34
17
29
9
14
0
11
16
28
9
94
4
99
9
14
9
94
9
99
9
64
9
34
13
55
9
74
9
14
9
64
4
39
9
94
9
44
9
14
9
14
9
64
12
54
9
74
9
48
9
74
13
25
9
74
2
99
9
34
16
28
0
10
9
44
17
89
9
44
9
34
9
34
9
34
9
34
9
64
13
85
13
25
12
54
9
34
12
84
9
74
17
59
9
44
9
74
9
14
17
59
9
64
9
99
13
85
9
14
9
64
0
50
9
66
9
94
9
94
9
34
2
99
9
64
14
86
9
99
14
26
16
58
9
99
15
57
9
64
4
49
16
88
11
83
9
63
11
53
9
99
1
69
13
25
12
54
16
28
12
54
16
88
14
86
9
64
9
44
9
64
9
99
9
44
9
44
9
44
9
99
13
25
9
74
16
28
9
99
0
8
9
64
12
24
9
44
9
44
9
99
9
44
9
94
9
99
12
54
9
94
14
86
9
44
14
56
9
44
9
99
9
94
9
94
9
44
14
26
11
23
2
48
9
14
9
18
9
14
9
34
15
27
14
56
9
99
14
86
9
64
9
74
9
94
9
34
9
44
9
44
14
56
1
69
9
14
9
34
14
56
16
28
9
94
9
43
9
14
14
26
9
74
9
14
9
64
9
99
9
33
9
14
9
44
9
44
9
14
9
13
1
22
9
99
9
74
9
11
9
34
9
14
9
14
9
64
9
94
9
44
9
94
9
64
9
64
9
74
9
64
9
74
9
94
9
13
0
40
13
85
16
28
16
58
13
55
12
54
9
94
12
24
12
24
13
25
9
99
9
99
9
99
9
74
9
34
9
99
17
89
13
25
12
54
15
87
9
14
9
64
9
44
9
44
9
64
9
94
9
34
9
44
9
94
13
55
12
84
9
94
17
29
9
44
14
56
17
29
14
26
2
79
9
13
13
25
12
24
16
28
9
74
9
44
9
64
9
64
9
74
9
74
9
99
9
14
15
57
9
99
13
55
11
83
15
57
13
55
13
85
1
9
9
43
9
99
9
64
9
94
9
74
14
81
13
85
14
26
9
64
9
74
9
99
9
64
9
44
13
55
9
44
9
74
15
87
9
94
0
70
9
44
9
14
9
99
9
74
9
94
9
27
9
44
13
55
16
81
9
33
9
94
9
43
9
44
9
99
13
85
0
0
14
56
9
74
9
44
13
85
9
44
9
64
9
94
9
44
9
14
9
94
9
34
9
64
9
64
9
64
15
27
9
94
13
55
9
33
9
74
9
99
9
74
9
99
9
99
0
80
9
64
13
85
9
94
13
85
9
74
16
82
9
44
9
99
14
56
9
64
9
64
3
39
15
57
9
99
9
34
9
64
9
14
9
99
0
50
9
44
9
11
9
19
9
34
9
74
11
23
15
87
9
74
9
34
9
34
13
25
15
57
9
99
9
34
17
89
9
64
13
52
9
64
9
64
9
14
9
46
13
85
1
52
13
85
11
83
9
14
13
85
9
96
9
64
9
44
13
25
9
44
13
85
9
14
9
99
14
26
9
44
9
14
11
53
9
64
9
14
1
79
9
44
9
34
9
74
9
14
9
14
3
29
14
26
9
33
9
74
9
93
15
27
9
74
9
44
9
44
16
88
12
24
9
14
15
27
11
83
9
64
13
25
16
58
9
36
9
74
11
23
9
74
9
64
14
26
9
74
9
14
0
40
1
79
9
73
9
63
9
73
14
56
9
99
9
64
9
64
0
38
9
74
15
87
9
14
9
14
9
94
14
56
9
94
13
55
9
64
13
85
9
64
9
34
9
64
9
94
9
44
11
23
16
88
9
34
9
34
9
34
9
74
9
34
9
64
9
64
9
74
9
74
13
82
16
58
9
14
9
14
9
99
9
74
9
44
9
14
9
94
13
85
9
44
9
74
9
74
9
34
9
14
9
44
9
44
9
64
9
14
13
25
9
14
9
34
14
26
16
28
9
34
13
25
9
99
9
74
9
94
16
28
9
63
9
74
0
15
9
74
2
69
9
99
9
99
13
85
13
25
14
56
9
14
9
99
14
26
9
14
9
14
9
74
9
44
12
24
14
56
13
85
9
13
9
99
9
64
9
44
9
94
9
74
2
9
4
9
2
59
15
87
9
64
15
87
13
85
9
44
9
94
9
99
9
43
14
26
9
99
9
14
9
44
14
56
