5
79
8
55
6
39
4
39
7
8
6
64
6
89
5
69
7
99
6
8
7
69
4
29
5
15
4
76
6
45
8
39
5
74
6
49
7
89
7
47
7
64
0
80
7
67
8
55
7
59
5
8
7
37
4
78
5
19
8
97
5
28
5
24
8
38
6
66
8
9
6
44
5
87
7
57
8
19
5
69
4
94
6
39
7
19
5
69
6
4
7
89
4
19
6
97
4
8
7
9
8
38
5
29
8
90
5
68
7
67
4
96
5
99
7
69
5
47
5
59
6
19
4
49
7
39
7
39
7
5
4
78
8
98
8
67
7
29
8
80
0
30
7
28
6
37
4
84
6
55
4
99
6
39
8
36
8
70
7
68
4
36
4
97
4
19
7
59
6
39
5
54
5
79
7
89
4
64
5
27
7
49
4
89
7
6
4
59
7
36
8
18
5
79
5
4
6
85
8
50
7
9
7
4
8
30
4
45
4
59
7
34
8
35
5
6
6
9
5
89
5
76
8
60
7
39
7
16
8
90
5
49
7
59
7
78
8
90
8
40
5
19
4
26
5
99
6
99
8
49
4
19
6
36
6
49
5
75
7
14
4
6
5
69
4
39
4
59
4
39
7
84
4
9
5
27
5
69
7
26
7
66
4
55
6
14
6
4
4
79
5
89
5
54
7
96
8
98
4
35
5
29
4
75
4
4
4
24
5
98
6
24
7
28
6
29
6
34
6
68
8
87
5
27
7
78
8
80
8
10
6
95
8
90
4
49
6
7
4
68
5
79
7
39
8
99
6
39
6
67
8
50
4
94
5
79
7
59
4
15
8
20
4
19
7
89
8
99
4
9
7
59
5
65
7
94
4
49
8
80
7
76
5
48
8
68
4
19
5
99
5
5
5
65
5
44
4
29
5
25
8
90
5
49
8
67
5
58
6
29
7
49
0
60
8
90
7
18
8
70
4
69
4
16
4
66
5
59
6
29
8
98
6
95
7
79
4
24
4
6
4
9
6
49
8
30
4
15
6
98
5
69
8
50
8
20
5
57
6
64
4
99
6
98
4
99
8
10
5
99
6
79
6
9
6
15
4
36
6
9
6
49
4
85
8
80
7
9
6
36
5
79
7
89
5
99
8
5
4
69
8
10
8
7
5
79
4
68
4
97
8
40
4
99
6
27
7
59
8
7
8
89
8
70
4
28
4
85
7
29
5
37
8
60
8
70
5
64
6
57
7
68
6
55
6
99
5
9
7
79
6
17
7
27
8
90
8
60
7
79
8
30
7
8
5
75
4
39
5
98
5
19
6
99
7
64
5
19
5
55
7
79
4
79
4
19
5
49
0
80
5
22
6
66
4
46
7
79
8
10
6
87
8
99
4
78
8
8
5
35
4
36
4
89
4
89
5
69
7
35
5
59
8
10
5
46
6
37
5
17
4
19
4
49
4
35
4
39
7
59
7
19
7
19
8
78
8
80
5
49
5
79
4
29
7
69
8
36
8
26
6
39
6
39
6
19
8
90
2
19
5
58
7
84
8
10
7
59
7
44
0
0
6
79
8
80
4
26
4
84
6
59
8
55
8
80
8
50
8
58
6
99
7
29
6
69
5
5
7
45
7
69
7
79
4
54
6
45
7
29
4
88
5
89
6
19
6
89
6
38
6
99
7
29
7
7
8
80
5
84
7
19
5
79
4
89
8
7
4
99
6
79
7
99
5
96
5
99
6
37
5
15
7
59
7
36
5
9
4
44
4
29
8
95
4
99
8
86
4
44
5
66
6
84
6
99
6
85
8
48
4
47
6
49
4
95
7
89
6
36
0
70
5
8
7
9
5
89
5
29
7
17
8
88
6
29
2
79
7
78
6
29
8
26
6
35
6
58
7
19
6
39
6
49
7
67
7
39
4
38
7
68
5
49
8
59
4
5
6
65
4
59
0
55
4
5
5
6
4
69
5
19
7
28
7
89
6
34
4
19
6
49
7
59
8
19
6
69
6
39
4
59
4
47
5
69
4
74
4
98
6
74
7
19
6
64
7
49
4
89
6
17
4
48
7
67
8
99
5
36
7
44
8
76
6
69
8
35
4
39
7
69
5
94
5
9
4
49
8
40
6
16
6
79
4
34
6
28
5
59
6
18
7
19
5
9
7
29
5
59
6
95
5
19
5
45
8
50
6
69
6
9
7
89
4
35
7
76
4
89
7
64
8
70
5
69
6
54
8
97
6
89
5
99
6
99
4
78
7
9
7
24
5
29
8
56
8
78
4
76
6
66
8
99
4
98
6
99
6
77
6
39
7
87
5
99
5
67
6
69
6
89
4
17
4
77
5
19
4
34
5
29
8
20
8
7
0
11
7
19
8
88
4
99
8
10
6
89
7
97
5
57
4
28
4
48
7
69
5
8
8
56
4
36
6
88
6
37
7
9
5
9
5
56
8
45
7
69
4
48
5
69
4
19
7
68
2
99
8
29
7
19
0
10
8
37
8
80
4
39
4
29
5
29
4
25
5
29
8
60
4
79
4
19
6
45
6
29
8
75
6
74
8
50
7
35
6
69
8
8
8
50
5
59
4
99
4
79
4
6
8
58
0
50
7
66
7
89
5
89
5
29
2
99
6
56
5
79
7
99
5
17
7
49
8
96
6
48
4
55
4
49
7
79
7
74
4
54
7
44
4
99
1
66
5
16
8
45
7
19
5
45
7
79
5
79
5
59
4
39
7
59
5
99
6
39
8
38
7
39
4
99
5
16
6
69
7
19
4
98
0
8
8
60
4
15
4
35
7
39
6
99
5
39
8
90
5
99
8
45
6
89
6
77
6
39
6
47
8
40
5
98
8
90
6
89
4
35
5
19
4
14
2
48
4
9
5
18
7
9
8
28
6
19
5
49
6
97
6
77
6
59
6
69
7
87
8
30
6
37
4
37
5
49
1
69
7
6
8
30
7
47
7
19
7
89
7
34
7
5
5
19
4
69
7
9
6
59
6
99
5
24
4
9
4
38
4
37
8
10
4
4
1
22
7
98
8
69
8
11
7
29
4
6
4
9
6
59
6
89
6
39
6
88
5
59
4
59
5
66
4
59
5
69
8
88
5
4
0
40
6
76
7
19
7
49
4
49
7
45
4
89
6
15
4
15
6
16
6
99
6
95
7
99
5
68
5
29
5
99
8
80
4
16
4
45
7
78
6
9
8
58
8
38
4
39
4
58
4
86
6
27
8
35
4
89
6
46
6
75
8
90
8
20
8
35
6
47
8
20
5
19
2
79
6
4
7
16
7
15
7
19
7
69
6
39
7
59
4
59
7
69
6
69
5
97
4
9
6
49
5
99
4
49
4
74
6
48
4
46
4
79
1
4
5
34
8
99
5
58
7
89
5
69
5
81
4
78
6
17
6
58
5
69
4
96
6
59
5
38
4
49
4
39
8
65
6
79
4
88
0
70
4
37
4
9
8
99
7
66
4
87
4
27
8
40
4
49
7
81
4
24
8
85
7
34
8
39
6
97
4
79
0
0
6
47
6
66
5
39
4
79
7
36
5
56
4
88
8
39
7
5
5
89
5
25
4
56
5
59
6
56
6
19
4
86
4
49
6
24
4
69
4
99
6
65
5
99
8
99
0
80
5
55
5
76
7
85
4
79
8
70
7
83
6
38
8
99
5
49
4
56
5
59
3
39
6
49
6
99
6
28
7
57
7
6
4
99
0
50
6
36
6
11
4
19
4
27
8
70
5
14
6
79
6
69
5
29
4
28
4
19
8
48
8
99
5
25
8
80
4
56
4
53
6
59
8
56
7
9
8
46
8
76
1
52
4
79
4
74
5
9
4
79
6
96
6
59
7
39
4
19
8
39
4
79
8
5
4
97
5
19
7
36
5
6
7
44
6
59
5
9
1
78
6
35
8
30
5
69
4
9
7
9
3
27
6
17
7
24
5
69
5
84
7
18
7
69
4
39
6
39
7
79
5
15
6
7
6
19
7
74
7
56
4
19
7
49
4
36
6
69
5
14
6
69
5
59
6
17
6
69
4
6
0
40
1
75
7
64
5
54
6
64
5
49
8
99
5
59
7
59
0
38
5
68
6
78
5
9
5
9
6
89
5
49
7
89
6
46
5
59
4
79
6
59
7
29
5
59
7
89
8
39
6
14
7
79
8
30
8
30
8
30
6
69
6
29
5
56
4
56
7
69
8
65
4
82
7
49
6
9
7
9
6
95
6
69
4
39
8
5
5
89
5
76
7
35
5
69
5
69
7
29
5
5
5
39
4
39
8
59
6
7
4
19
4
5
4
27
5
19
7
19
7
29
4
16
7
94
7
65
6
87
8
19
5
54
4
68
0
15
6
66
2
69
6
98
4
99
6
76
7
16
5
49
7
5
4
99
5
19
5
7
6
8
8
70
6
39
4
15
6
47
8
76
6
4
7
99
7
59
8
39
7
89
8
66
2
9
4
6
2
59
6
79
5
55
6
78
4
78
4
39
8
90
4
99
4
34
7
17
6
99
8
10
7
37
8
47
