15
87
9
64
9
44
9
44
9
14
9
74
9
94
9
74
9
99
9
14
9
74
9
34
13
25
14
86
13
55
9
44
12
84
16
58
9
94
15
57
9
74
0
80
9
74
9
64
9
64
9
14
9
44
14
86
15
27
9
99
9
34
9
34
9
44
9
74
9
14
12
54
9
94
9
64
17
29
9
74
9
99
9
44
17
29
9
74
9
14
9
94
14
26
9
99
9
14
9
14
9
44
9
34
9
94
9
74
9
74
9
99
9
99
9
74
15
57
9
64
16
28
14
56
9
44
9
44
9
14
14
86
9
99
9
74
9
34
18
90
0
30
9
34
9
44
9
94
9
64
9
99
9
44
9
44
9
74
9
74
9
44
9
99
14
26
9
64
9
44
9
64
15
87
9
94
9
74
9
34
17
59
9
94
9
14
9
64
9
44
16
28
15
87
9
14
9
94
18
60
9
14
9
14
9
34
13
55
9
64
9
44
9
44
9
14
9
14
9
94
14
86
9
64
9
44
14
26
9
94
15
57
9
64
16
88
9
94
9
44
15
27
9
34
9
99
9
99
17
59
14
26
9
44
16
58
13
85
12
24
9
14
9
74
9
44
9
64
9
44
9
94
9
14
9
34
9
74
9
34
9
74
9
64
12
24
9
14
14
86
9
94
9
64
9
99
9
99
9
44
9
34
13
85
9
14
9
34
9
99
9
34
9
34
9
34
9
44
9
74
9
94
9
34
16
88
18
90
9
14
9
99
9
94
14
56
9
14
9
74
15
87
9
44
9
99
9
44
9
74
18
60
9
99
15
87
9
64
13
25
18
30
14
26
9
94
9
99
9
14
9
64
9
74
9
99
14
56
18
90
14
86
15
57
9
74
14
26
9
99
9
14
9
74
12
54
9
34
9
34
9
94
15
57
9
74
9
64
9
34
17
59
0
60
9
94
16
28
9
74
9
74
14
26
9
74
9
64
9
34
9
99
9
99
17
89
9
34
9
14
9
14
16
58
9
34
13
25
9
99
9
74
18
60
18
30
9
64
9
74
9
99
9
99
9
99
9
14
9
99
16
88
9
14
13
25
9
44
9
14
16
58
9
94
18
90
9
14
9
44
15
87
9
94
9
99
9
14
9
74
9
14
9
14
15
87
9
74
9
99
9
44
9
99
9
34
9
64
9
14
9
94
9
74
9
34
9
94
9
34
9
44
9
64
9
74
9
74
9
64
9
74
9
64
9
99
9
14
17
89
15
27
9
34
9
94
9
64
17
89
9
34
9
14
13
85
9
44
9
99
15
27
9
99
9
74
15
27
9
64
17
89
14
86
14
26
15
57
0
80
15
22
9
74
14
56
17
89
9
14
9
94
9
99
14
86
9
14
9
44
9
44
9
94
9
94
9
74
9
44
9
64
9
14
14
56
9
44
15
27
14
26
14
56
9
44
9
44
9
64
17
29
17
29
16
88
18
90
15
57
15
87
9
34
9
74
9
44
9
34
9
44
9
44
16
28
9
94
2
19
9
64
9
94
9
14
9
64
12
54
0
0
16
88
18
90
9
34
9
94
9
64
9
64
18
90
18
60
9
64
9
99
9
34
9
74
9
14
13
55
9
74
17
89
9
64
13
55
9
34
9
94
9
94
16
28
9
94
9
38
9
99
9
34
9
14
18
90
9
94
17
29
15
87
9
94
9
14
9
99
16
88
9
99
9
99
9
99
9
44
13
25
9
64
9
44
9
14
12
54
9
34
9
99
9
99
9
94
12
54
9
74
9
94
9
99
9
94
16
58
14
56
16
58
9
99
9
94
9
44
0
70
9
14
9
14
9
94
9
34
15
27
9
88
9
34
2
79
16
88
9
34
9
34
9
44
9
64
17
29
9
44
16
58
9
74
9
44
9
44
9
68
15
57
9
64
9
14
9
74
9
64
0
55
9
14
9
14
9
74
15
27
9
34
9
94
9
44
14
26
16
58
9
64
17
29
9
74
9
44
9
64
14
56
9
74
12
84
9
99
12
84
17
29
9
74
17
59
9
94
15
27
14
56
9
74
9
99
9
44
12
54
14
86
9
74
9
44
9
44
9
74
9
99
9
14
14
56
9
44
14
26
16
88
9
44
9
34
9
64
16
28
17
29
9
14
9
34
9
64
9
99
15
27
13
55
18
60
9
74
9
14
9
94
9
44
14
86
9
94
9
74
9
74
9
74
9
64
9
99
9
94
9
99
9
99
14
86
9
14
9
34
9
34
9
64
16
88
14
86
9
74
9
99
9
99
9
99
15
87
9
44
9
94
9
99
9
74
9
74
9
94
14
26
14
86
15
27
9
44
9
34
18
30
9
14
0
11
17
29
9
94
4
99
9
14
9
94
9
99
9
64
9
34
14
56
9
74
9
14
9
64
4
39
9
94
9
44
9
14
9
14
9
64
13
55
9
74
9
48
9
74
14
26
9
74
2
99
9
34
17
29
0
10
9
44
18
90
9
44
9
34
9
34
9
34
9
34
9
64
14
86
14
26
13
55
9
34
13
85
9
74
18
60
9
44
9
74
9
14
18
60
9
64
9
99
14
86
9
14
9
64
0
50
9
66
9
94
9
94
9
34
2
99
9
64
15
87
9
99
15
27
17
59
9
99
16
58
9
64
4
49
17
89
12
84
9
64
12
54
9
99
1
69
14
26
13
55
17
29
13
55
17
89
15
87
9
64
9
44
9
64
9
99
9
44
9
44
9
44
9
99
14
26
9
74
17
29
9
99
0
8
9
64
13
25
9
44
9
44
9
99
9
44
9
94
9
99
13
55
9
94
15
87
9
44
15
57
9
44
9
99
9
94
9
94
9
44
15
27
12
24
2
48
9
14
9
18
9
14
9
34
16
28
15
57
9
99
15
87
9
64
9
74
9
94
9
34
9
44
9
44
15
57
1
69
9
14
9
34
15
57
17
29
9
94
9
44
9
14
15
27
9
74
9
14
9
64
9
99
9
34
9
14
9
44
9
44
9
14
9
14
1
22
9
99
9
74
9
11
9
34
9
14
9
14
9
64
9
94
9
44
9
94
9
64
9
64
9
74
9
64
9
74
9
94
9
14
0
40
14
86
17
29
17
59
14
56
13
55
9
94
13
25
13
25
14
26
9
99
9
99
9
99
9
74
9
34
9
99
18
90
14
26
13
55
16
88
9
14
9
64
9
44
9
44
9
64
9
94
9
34
9
44
9
94
14
56
13
85
9
94
18
30
9
44
15
57
18
30
15
27
2
79
9
14
14
26
13
25
17
29
9
74
9
44
9
64
9
64
9
74
9
74
9
99
9
14
16
58
9
99
14
56
12
84
16
58
14
56
14
86
1
9
9
44
9
99
9
64
9
94
9
74
15
81
14
86
15
27
9
64
9
74
9
99
9
64
9
44
14
56
9
44
9
74
16
88
9
94
0
70
9
44
9
14
9
99
9
74
9
94
9
27
9
44
14
56
17
81
9
34
9
94
9
44
9
44
9
99
14
86
0
0
15
57
9
74
9
44
14
86
9
44
9
64
9
94
9
44
9
14
9
94
9
34
9
64
9
64
9
64
16
28
9
94
14
56
9
34
9
74
9
99
9
74
9
99
9
99
0
80
9
64
14
86
9
94
14
86
9
74
17
82
9
44
9
99
15
57
9
64
9
64
3
39
16
58
9
99
9
34
9
64
9
14
9
99
0
50
9
44
9
11
9
19
9
34
9
74
12
24
16
88
9
74
9
34
9
34
14
26
16
58
9
99
9
34
18
90
9
64
14
52
9
64
9
64
9
14
9
46
14
86
1
52
14
86
12
84
9
14
14
86
9
96
9
64
9
44
14
26
9
44
14
86
9
14
9
99
15
27
9
44
9
14
12
54
9
64
9
14
1
79
9
44
9
34
9
74
9
14
9
14
3
29
15
27
9
34
9
74
9
94
16
28
9
74
9
44
9
44
17
89
13
25
9
14
16
28
12
84
9
64
14
26
17
59
9
36
9
74
12
24
9
74
9
64
15
27
9
74
9
14
0
40
1
79
9
74
9
64
9
74
15
57
9
99
9
64
9
64
0
38
9
74
16
88
9
14
9
14
9
94
15
57
9
94
14
56
9
64
14
86
9
64
9
34
9
64
9
94
9
44
12
24
17
89
9
34
9
34
9
34
9
74
9
34
9
64
9
64
9
74
9
74
14
82
17
59
9
14
9
14
9
99
9
74
9
44
9
14
9
94
14
86
9
44
9
74
9
74
9
34
9
14
9
44
9
44
9
64
9
14
14
26
9
14
9
34
15
27
17
29
9
34
14
26
9
99
9
74
9
94
17
29
9
64
9
74
0
15
9
74
2
69
9
99
9
99
14
86
14
26
15
57
9
14
9
99
15
27
9
14
9
14
9
74
9
44
13
25
15
57
14
86
9
14
9
99
9
64
9
44
9
94
9
74
2
9
4
9
2
59
16
88
9
64
16
88
14
86
9
44
9
94
9
99
9
44
15
27
9
99
9
14
9
44
15
57
