16
88
9
64
9
44
9
44
9
14
9
74
9
94
9
74
9
99
9
14
9
74
9
34
14
26
15
87
14
56
9
44
13
85
17
59
9
94
16
58
9
74
0
80
9
74
9
64
9
64
9
14
9
44
15
87
16
28
9
99
9
34
9
34
9
44
9
74
9
14
13
55
9
94
9
64
18
30
9
74
9
99
9
44
18
30
9
74
9
14
9
94
15
27
9
99
9
14
9
14
9
44
9
34
9
94
9
74
9
74
9
99
9
99
9
74
16
58
9
64
17
29
15
57
9
44
9
44
9
14
15
87
9
99
9
74
9
34
19
91
0
30
9
34
9
44
9
94
9
64
9
99
9
44
9
44
9
74
9
74
9
44
9
99
15
27
9
64
9
44
9
64
16
88
9
94
9
74
9
34
18
60
9
94
9
14
9
64
9
44
17
29
16
88
9
14
9
94
19
61
9
14
9
14
9
34
14
56
9
64
9
44
9
44
9
14
9
14
9
94
15
87
9
64
9
44
15
27
9
94
16
58
9
64
17
89
9
94
9
44
16
28
9
34
9
99
9
99
18
60
15
27
9
44
17
59
14
86
13
25
9
14
9
74
9
44
9
64
9
44
9
94
9
14
9
34
9
74
9
34
9
74
9
64
13
25
9
14
15
87
9
94
9
64
9
99
9
99
9
44
9
34
14
86
9
14
9
34
9
99
9
34
9
34
9
34
9
44
9
74
9
94
9
34
17
89
19
91
9
14
9
99
9
94
15
57
9
14
9
74
16
88
9
44
9
99
9
44
9
74
19
61
9
99
16
88
9
64
14
26
19
31
15
27
9
94
9
99
9
14
9
64
9
74
9
99
15
57
19
91
15
87
16
58
9
74
15
27
9
99
9
14
9
74
13
55
9
34
9
34
9
94
16
58
9
74
9
64
9
34
18
60
0
60
9
94
17
29
9
74
9
74
15
27
9
74
9
64
9
34
9
99
9
99
18
90
9
34
9
14
9
14
17
59
9
34
14
26
9
99
9
74
19
61
19
31
9
64
9
74
9
99
9
99
9
99
9
14
9
99
17
89
9
14
14
26
9
44
9
14
17
59
9
94
19
91
9
14
9
44
16
88
9
94
9
99
9
14
9
74
9
14
9
14
16
88
9
74
9
99
9
44
9
99
9
34
9
64
9
14
9
94
9
74
9
34
9
94
9
34
9
44
9
64
9
74
9
74
9
64
9
74
9
64
9
99
9
14
18
90
16
28
9
34
9
94
9
64
18
90
9
34
9
14
14
86
9
44
9
99
16
28
9
99
9
74
16
28
9
64
18
90
15
87
15
27
16
58
0
80
16
22
9
74
15
57
18
90
9
14
9
94
9
99
15
87
9
14
9
44
9
44
9
94
9
94
9
74
9
44
9
64
9
14
15
57
9
44
16
28
15
27
15
57
9
44
9
44
9
64
18
30
18
30
17
89
19
91
16
58
16
88
9
34
9
74
9
44
9
34
9
44
9
44
17
29
9
94
2
19
9
64
9
94
9
14
9
64
13
55
0
0
17
89
19
91
9
34
9
94
9
64
9
64
19
91
19
61
9
64
9
99
9
34
9
74
9
14
14
56
9
74
18
90
9
64
14
56
9
34
9
94
9
94
17
29
9
94
9
38
9
99
9
34
9
14
19
91
9
94
18
30
16
88
9
94
9
14
9
99
17
89
9
99
9
99
9
99
9
44
14
26
9
64
9
44
9
14
13
55
9
34
9
99
9
99
9
94
13
55
9
74
9
94
9
99
9
94
17
59
15
57
17
59
9
99
9
94
9
44
0
70
9
14
9
14
9
94
9
34
16
28
9
88
9
34
2
79
17
89
9
34
9
34
9
44
9
64
18
30
9
44
17
59
9
74
9
44
9
44
9
68
16
58
9
64
9
14
9
74
9
64
0
55
9
14
9
14
9
74
16
28
9
34
9
94
9
44
15
27
17
59
9
64
18
30
9
74
9
44
9
64
15
57
9
74
13
85
9
99
13
85
18
30
9
74
18
60
9
94
16
28
15
57
9
74
9
99
9
44
13
55
15
87
9
74
9
44
9
44
9
74
9
99
9
14
15
57
9
44
15
27
17
89
9
44
9
34
9
64
17
29
18
30
9
14
9
34
9
64
9
99
16
28
14
56
19
61
9
74
9
14
9
94
9
44
15
87
9
94
9
74
9
74
9
74
9
64
9
99
9
94
9
99
9
99
15
87
9
14
9
34
9
34
9
64
17
89
15
87
9
74
9
99
9
99
9
99
16
88
9
44
9
94
9
99
9
74
9
74
9
94
15
27
15
87
16
28
9
44
9
34
19
31
9
14
0
11
18
30
9
94
4
99
9
14
9
94
9
99
9
64
9
34
15
57
9
74
9
14
9
64
4
39
9
94
9
44
9
14
9
14
9
64
14
56
9
74
9
48
9
74
15
27
9
74
2
99
9
34
18
30
0
10
9
44
19
91
9
44
9
34
9
34
9
34
9
34
9
64
15
87
15
27
14
56
9
34
14
86
9
74
19
61
9
44
9
74
9
14
19
61
9
64
9
99
15
87
9
14
9
64
0
50
9
66
9
94
9
94
9
34
2
99
9
64
16
88
9
99
16
28
18
60
9
99
17
59
9
64
4
49
18
90
13
85
9
64
13
55
9
99
1
69
15
27
14
56
18
30
14
56
18
90
16
88
9
64
9
44
9
64
9
99
9
44
9
44
9
44
9
99
15
27
9
74
18
30
9
99
0
8
9
64
14
26
9
44
9
44
9
99
9
44
9
94
9
99
14
56
9
94
16
88
9
44
16
58
9
44
9
99
9
94
9
94
9
44
16
28
13
25
2
48
9
14
9
18
9
14
9
34
17
29
16
58
9
99
16
88
9
64
9
74
9
94
9
34
9
44
9
44
16
58
1
69
9
14
9
34
16
58
18
30
9
94
9
44
9
14
16
28
9
74
9
14
9
64
9
99
9
34
9
14
9
44
9
44
9
14
9
14
1
22
9
99
9
74
9
11
9
34
9
14
9
14
9
64
9
94
9
44
9
94
9
64
9
64
9
74
9
64
9
74
9
94
9
14
0
40
15
87
18
30
18
60
15
57
14
56
9
94
14
26
14
26
15
27
9
99
9
99
9
99
9
74
9
34
9
99
19
91
15
27
14
56
17
89
9
14
9
64
9
44
9
44
9
64
9
94
9
34
9
44
9
94
15
57
14
86
9
94
19
31
9
44
16
58
19
31
16
28
2
79
9
14
15
27
14
26
18
30
9
74
9
44
9
64
9
64
9
74
9
74
9
99
9
14
17
59
9
99
15
57
13
85
17
59
15
57
15
87
1
9
9
44
9
99
9
64
9
94
9
74
16
81
15
87
16
28
9
64
9
74
9
99
9
64
9
44
15
57
9
44
9
74
17
89
9
94
0
70
9
44
9
14
9
99
9
74
9
94
9
27
9
44
15
57
18
81
9
34
9
94
9
44
9
44
9
99
15
87
0
0
16
58
9
74
9
44
15
87
9
44
9
64
9
94
9
44
9
14
9
94
9
34
9
64
9
64
9
64
17
29
9
94
15
57
9
34
9
74
9
99
9
74
9
99
9
99
0
80
9
64
15
87
9
94
15
87
9
74
18
82
9
44
9
99
16
58
9
64
9
64
3
39
17
59
9
99
9
34
9
64
9
14
9
99
0
50
9
44
9
11
9
19
9
34
9
74
13
25
17
89
9
74
9
34
9
34
15
27
17
59
9
99
9
34
19
91
9
64
15
52
9
64
9
64
9
14
9
46
15
87
1
52
15
87
13
85
9
14
15
87
9
96
9
64
9
44
15
27
9
44
15
87
9
14
9
99
16
28
9
44
9
14
13
55
9
64
9
14
1
79
9
44
9
34
9
74
9
14
9
14
3
29
16
28
9
34
9
74
9
94
17
29
9
74
9
44
9
44
18
90
14
26
9
14
17
29
13
85
9
64
15
27
18
60
9
36
9
74
13
25
9
74
9
64
16
28
9
74
9
14
0
40
1
79
9
74
9
64
9
74
16
58
9
99
9
64
9
64
0
38
9
74
17
89
9
14
9
14
9
94
16
58
9
94
15
57
9
64
15
87
9
64
9
34
9
64
9
94
9
44
13
25
18
90
9
34
9
34
9
34
9
74
9
34
9
64
9
64
9
74
9
74
15
82
18
60
9
14
9
14
9
99
9
74
9
44
9
14
9
94
15
87
9
44
9
74
9
74
9
34
9
14
9
44
9
44
9
64
9
14
15
27
9
14
9
34
16
28
18
30
9
34
15
27
9
99
9
74
9
94
18
30
9
64
9
74
0
15
9
74
2
69
9
99
9
99
15
87
15
27
16
58
9
14
9
99
16
28
9
14
9
14
9
74
9
44
14
26
16
58
15
87
9
14
9
99
9
64
9
44
9
94
9
74
2
9
4
9
2
59
17
89
9
64
17
89
15
87
9
44
9
94
9
99
9
44
16
28
9
99
9
14
9
44
16
58
