9
81
9
59
9
42
8
40
9
12
9
68
9
92
9
71
9
99
9
12
9
73
8
30
9
19
8
80
9
49
9
43
9
78
10
52
9
93
9
51
9
68
0
80
9
71
9
59
9
63
9
11
9
41
8
80
9
21
9
99
9
31
9
28
9
42
9
70
9
13
9
48
9
91
9
61
11
23
9
71
8
98
9
42
11
23
9
71
9
8
9
93
8
20
9
99
8
10
9
13
9
42
9
31
9
94
9
71
9
71
8
99
9
99
9
73
9
51
9
61
10
22
8
50
9
43
9
43
9
9
8
80
9
99
9
71
9
33
12
84
0
30
9
32
9
41
8
88
9
59
8
99
9
42
9
40
9
74
9
72
8
40
8
99
8
20
9
63
9
42
9
58
9
81
9
93
8
68
9
31
11
53
8
90
9
10
8
60
9
40
10
22
9
81
9
8
9
89
12
54
9
13
9
8
9
34
8
49
8
60
9
38
9
39
9
10
9
12
9
91
9
80
9
64
9
43
9
20
9
94
9
51
9
63
10
82
9
94
9
44
9
21
8
30
9
99
9
99
11
53
8
20
9
40
10
52
9
79
9
18
8
10
9
71
8
40
8
60
8
40
9
88
8
10
9
31
9
71
9
30
9
70
8
59
9
18
9
8
8
80
9
91
9
58
9
99
9
99
8
39
9
31
8
79
8
8
8
28
9
99
9
28
9
32
9
32
9
38
9
72
9
91
9
31
10
82
12
84
9
14
9
99
9
94
8
50
9
11
8
70
9
81
9
43
9
99
9
42
9
71
12
54
8
98
9
81
9
63
8
19
12
24
8
20
9
93
9
99
8
10
9
63
9
69
9
98
8
50
12
84
9
80
9
51
9
72
8
20
9
99
9
9
9
69
9
48
8
30
9
29
9
94
9
51
9
71
9
61
9
32
11
53
0
60
9
94
10
22
9
74
8
70
8
20
8
70
9
61
9
32
9
99
9
99
11
83
8
28
8
10
8
10
10
52
9
34
8
19
9
99
9
71
12
54
12
24
9
61
9
68
8
99
9
99
8
99
9
14
9
99
10
82
9
12
9
19
8
40
9
12
10
52
8
89
12
84
9
13
9
40
9
81
9
93
9
99
9
9
8
70
9
14
9
11
9
81
8
70
8
99
9
44
8
99
9
31
9
63
9
11
9
93
9
74
8
30
8
89
9
33
9
41
9
64
9
74
9
68
9
61
9
72
9
59
9
99
9
11
11
83
9
21
9
31
9
94
9
64
11
83
9
34
9
12
9
79
8
40
9
99
9
21
9
99
9
68
9
21
9
59
11
83
8
80
8
20
9
51
0
80
9
22
9
70
8
50
11
83
9
14
9
91
9
99
8
80
9
12
9
39
8
40
8
90
8
90
9
71
9
39
9
61
9
14
9
50
9
41
9
21
8
20
8
50
8
39
8
40
9
63
11
23
11
23
10
82
12
84
9
51
9
81
8
30
9
73
9
40
9
30
9
42
9
42
10
22
9
94
2
19
9
61
9
88
9
14
9
63
9
48
0
0
10
82
12
84
8
30
8
88
9
62
9
59
12
84
12
54
9
62
9
99
9
33
9
72
9
9
9
49
9
73
11
83
8
58
9
49
9
33
8
90
9
91
10
22
9
92
9
38
9
99
9
33
9
11
12
84
9
88
11
23
9
81
8
90
9
11
8
99
10
82
9
99
9
99
9
99
9
41
9
19
9
63
9
40
9
11
8
48
8
30
9
99
8
99
9
90
8
48
9
70
9
88
9
99
9
89
10
52
8
50
10
52
8
99
9
93
9
40
0
70
9
11
9
13
9
91
9
31
9
21
9
88
9
32
2
79
10
82
9
32
9
30
9
39
9
62
11
23
9
42
10
52
9
71
9
43
8
40
9
68
9
51
9
63
8
9
9
69
8
60
0
55
8
9
9
10
8
70
9
21
9
32
9
93
9
38
8
20
10
52
9
63
11
23
9
72
9
42
8
60
8
50
9
71
8
78
8
99
9
78
11
23
9
68
11
53
8
90
9
21
8
50
9
71
9
99
9
40
9
48
9
80
9
72
9
39
8
40
9
73
9
98
9
11
8
50
9
44
9
20
10
82
8
38
9
32
9
61
10
22
11
23
9
11
9
33
9
61
9
99
9
21
9
49
12
54
9
72
9
12
9
93
8
39
9
80
8
90
9
68
9
74
9
71
9
58
9
99
9
92
9
99
9
99
8
80
9
13
9
28
9
31
9
60
10
82
8
80
9
70
9
99
8
99
9
99
9
81
9
42
9
91
9
99
9
71
9
72
9
92
8
20
8
80
9
21
8
38
9
31
12
24
9
11
0
11
11
23
9
92
4
99
9
14
9
92
9
99
9
61
8
30
8
50
9
73
9
11
9
60
4
39
9
92
9
41
9
13
9
11
9
60
9
49
9
73
8
48
9
71
8
20
9
72
2
99
9
33
11
23
0
10
9
41
12
84
8
40
8
30
9
31
8
29
9
31
9
64
8
80
8
20
9
49
9
32
9
79
9
74
12
54
9
39
9
72
9
12
12
54
9
61
8
99
8
80
8
10
9
62
0
50
9
66
9
93
9
91
9
31
2
99
9
60
9
81
9
99
9
21
11
53
9
99
10
52
8
59
4
49
11
83
9
78
8
58
9
48
8
99
1
69
9
20
9
49
11
23
9
49
11
83
9
81
9
61
8
40
9
63
9
99
9
42
9
42
9
43
8
99
9
20
9
72
11
23
8
99
0
8
9
64
8
19
8
39
9
43
9
99
9
41
9
94
9
99
9
49
9
92
9
81
9
42
9
51
9
44
9
99
9
94
9
92
8
39
9
21
8
18
2
48
8
10
9
18
9
13
9
32
10
22
9
51
9
99
9
81
9
62
9
72
9
91
9
34
9
41
8
40
9
51
1
69
9
10
9
34
9
51
11
23
9
93
9
38
9
9
9
21
8
70
9
13
9
62
9
99
9
28
8
10
8
40
8
40
9
14
8
8
1
22
9
99
9
73
9
11
9
33
8
10
8
10
9
62
9
92
9
42
9
92
9
61
8
60
9
70
8
60
9
71
9
92
9
8
0
40
9
80
11
23
11
53
8
50
9
49
8
90
9
19
8
19
9
20
9
99
9
99
9
99
9
71
9
31
9
99
12
84
8
20
8
49
10
82
9
12
9
62
9
42
8
40
8
60
8
90
9
31
9
39
8
90
9
50
9
79
9
94
12
24
9
39
9
51
12
24
9
21
2
79
9
8
9
20
9
19
11
23
9
73
9
42
9
63
8
60
9
73
9
72
9
99
8
10
10
52
9
99
8
50
8
78
10
52
8
50
8
80
1
8
9
38
9
99
9
61
9
93
9
71
9
81
8
80
9
21
9
62
9
71
8
99
9
62
9
41
8
50
8
40
9
69
10
82
8
90
0
70
8
40
8
10
9
99
9
70
8
90
8
27
9
44
8
50
11
81
8
28
9
89
9
38
9
43
9
99
8
80
0
0
9
51
9
70
9
41
8
80
9
40
9
60
8
90
9
43
9
9
9
91
9
29
8
60
9
61
9
60
10
22
8
90
8
50
9
28
8
70
8
99
9
69
9
99
9
99
0
80
9
59
9
80
9
89
8
80
9
74
11
82
9
42
9
99
9
51
8
60
9
61
3
39
10
52
9
99
9
32
9
61
9
10
8
99
0
50
9
40
9
11
8
19
8
30
9
74
9
18
10
82
9
72
9
31
8
30
8
20
10
52
9
99
9
29
12
84
8
60
8
53
9
62
9
60
9
13
9
46
9
80
1
52
8
80
8
78
9
11
8
80
9
96
9
62
9
43
8
20
9
43
8
80
9
9
8
99
9
21
9
40
9
10
9
48
9
62
9
11
1
79
9
39
9
34
9
71
8
10
9
13
3
29
9
21
9
28
9
71
9
88
10
22
9
73
8
40
9
42
11
83
9
19
9
11
10
22
9
78
9
60
8
20
11
53
8
36
9
72
9
18
9
72
9
61
9
21
9
72
8
10
0
40
1
79
9
68
9
58
9
68
9
51
9
99
9
61
9
63
0
38
9
71
10
82
9
11
9
11
9
92
9
51
9
93
9
50
9
61
8
80
9
62
9
33
9
61
9
93
9
43
9
18
11
83
9
34
9
34
9
34
9
72
9
32
9
60
8
60
9
73
9
69
8
82
11
53
9
12
9
13
9
99
9
72
8
40
9
9
9
91
9
80
9
39
9
71
9
71
9
33
9
9
9
41
8
40
9
63
9
11
8
20
8
9
8
30
9
21
11
23
9
33
8
20
9
98
9
69
9
91
11
23
9
58
8
70
0
15
9
70
2
69
9
99
8
99
9
80
9
20
9
51
9
9
8
99
9
21
9
11
9
12
9
74
9
42
8
19
9
51
9
80
9
8
9
99
9
63
9
43
9
93
9
70
2
9
4
9
2
59
10
82
9
59
10
82
8
80
8
40
9
94
8
99
8
38
9
21
9
99
9
14
9
41
9
51
