18
90
9
64
9
44
9
44
9
14
9
74
9
94
9
74
9
99
9
14
9
74
9
34
16
28
17
89
16
58
9
44
15
87
19
61
9
94
18
60
9
74
0
80
9
74
9
64
9
64
9
14
9
44
17
89
18
30
9
99
9
34
9
34
9
44
9
74
9
14
15
57
9
94
9
64
19
32
9
74
9
99
9
44
19
32
9
74
9
14
9
94
17
29
9
99
9
14
9
14
9
44
9
34
9
94
9
74
9
74
9
99
9
99
9
74
18
60
9
64
19
31
17
59
9
44
9
44
9
14
17
89
9
99
9
74
9
34
19
93
0
30
9
34
9
44
9
94
9
64
9
99
9
44
9
44
9
74
9
74
9
44
9
99
17
29
9
64
9
44
9
64
18
90
9
94
9
74
9
34
19
62
9
94
9
14
9
64
9
44
19
31
18
90
9
14
9
94
19
63
9
14
9
14
9
34
16
58
9
64
9
44
9
44
9
14
9
14
9
94
17
89
9
64
9
44
17
29
9
94
18
60
9
64
19
91
9
94
9
44
18
30
9
34
9
99
9
99
19
62
17
29
9
44
19
61
16
88
15
27
9
14
9
74
9
44
9
64
9
44
9
94
9
14
9
34
9
74
9
34
9
74
9
64
15
27
9
14
17
89
9
94
9
64
9
99
9
99
9
44
9
34
16
88
9
14
9
34
9
99
9
34
9
34
9
34
9
44
9
74
9
94
9
34
19
91
19
93
9
14
9
99
9
94
17
59
9
14
9
74
18
90
9
44
9
99
9
44
9
74
19
63
9
99
18
90
9
64
16
28
19
33
17
29
9
94
9
99
9
14
9
64
9
74
9
99
17
59
19
93
17
89
18
60
9
74
17
29
9
99
9
14
9
74
15
57
9
34
9
34
9
94
18
60
9
74
9
64
9
34
19
62
0
60
9
94
19
31
9
74
9
74
17
29
9
74
9
64
9
34
9
99
9
99
19
92
9
34
9
14
9
14
19
61
9
34
16
28
9
99
9
74
19
63
19
33
9
64
9
74
9
99
9
99
9
99
9
14
9
99
19
91
9
14
16
28
9
44
9
14
19
61
9
94
19
93
9
14
9
44
18
90
9
94
9
99
9
14
9
74
9
14
9
14
18
90
9
74
9
99
9
44
9
99
9
34
9
64
9
14
9
94
9
74
9
34
9
94
9
34
9
44
9
64
9
74
9
74
9
64
9
74
9
64
9
99
9
14
19
92
18
30
9
34
9
94
9
64
19
92
9
34
9
14
16
88
9
44
9
99
18
30
9
99
9
74
18
30
9
64
19
92
17
89
17
29
18
60
0
80
18
22
9
74
17
59
19
92
9
14
9
94
9
99
17
89
9
14
9
44
9
44
9
94
9
94
9
74
9
44
9
64
9
14
17
59
9
44
18
30
17
29
17
59
9
44
9
44
9
64
19
32
19
32
19
91
19
93
18
60
18
90
9
34
9
74
9
44
9
34
9
44
9
44
19
31
9
94
2
19
9
64
9
94
9
14
9
64
15
57
0
0
19
91
19
93
9
34
9
94
9
64
9
64
19
93
19
63
9
64
9
99
9
34
9
74
9
14
16
58
9
74
19
92
9
64
16
58
9
34
9
94
9
94
19
31
9
94
9
38
9
99
9
34
9
14
19
93
9
94
19
32
18
90
9
94
9
14
9
99
19
91
9
99
9
99
9
99
9
44
16
28
9
64
9
44
9
14
15
57
9
34
9
99
9
99
9
94
15
57
9
74
9
94
9
99
9
94
19
61
17
59
19
61
9
99
9
94
9
44
0
70
9
14
9
14
9
94
9
34
18
30
9
88
9
34
2
79
19
91
9
34
9
34
9
44
9
64
19
32
9
44
19
61
9
74
9
44
9
44
9
68
18
60
9
64
9
14
9
74
9
64
0
55
9
14
9
14
9
74
18
30
9
34
9
94
9
44
17
29
19
61
9
64
19
32
9
74
9
44
9
64
17
59
9
74
15
87
9
99
15
87
19
32
9
74
19
62
9
94
18
30
17
59
9
74
9
99
9
44
15
57
17
89
9
74
9
44
9
44
9
74
9
99
9
14
17
59
9
44
17
29
19
91
9
44
9
34
9
64
19
31
19
32
9
14
9
34
9
64
9
99
18
30
16
58
19
63
9
74
9
14
9
94
9
44
17
89
9
94
9
74
9
74
9
74
9
64
9
99
9
94
9
99
9
99
17
89
9
14
9
34
9
34
9
64
19
91
17
89
9
74
9
99
9
99
9
99
18
90
9
44
9
94
9
99
9
74
9
74
9
94
17
29
17
89
18
30
9
44
9
34
19
33
9
14
0
11
19
32
9
94
4
99
9
14
9
94
9
99
9
64
9
34
17
59
9
74
9
14
9
64
4
39
9
94
9
44
9
14
9
14
9
64
16
58
9
74
9
48
9
74
17
29
9
74
2
99
9
34
19
32
0
10
9
44
19
93
9
44
9
34
9
34
9
34
9
34
9
64
17
89
17
29
16
58
9
34
16
88
9
74
19
63
9
44
9
74
9
14
19
63
9
64
9
99
17
89
9
14
9
64
0
50
9
66
9
94
9
94
9
34
2
99
9
64
18
90
9
99
18
30
19
62
9
99
19
61
9
64
4
49
19
92
15
87
9
64
15
57
9
99
1
69
17
29
16
58
19
32
16
58
19
92
18
90
9
64
9
44
9
64
9
99
9
44
9
44
9
44
9
99
17
29
9
74
19
32
9
99
0
8
9
64
16
28
9
44
9
44
9
99
9
44
9
94
9
99
16
58
9
94
18
90
9
44
18
60
9
44
9
99
9
94
9
94
9
44
18
30
15
27
2
48
9
14
9
18
9
14
9
34
19
31
18
60
9
99
18
90
9
64
9
74
9
94
9
34
9
44
9
44
18
60
1
69
9
14
9
34
18
60
19
32
9
94
9
44
9
14
18
30
9
74
9
14
9
64
9
99
9
34
9
14
9
44
9
44
9
14
9
14
1
22
9
99
9
74
9
11
9
34
9
14
9
14
9
64
9
94
9
44
9
94
9
64
9
64
9
74
9
64
9
74
9
94
9
14
0
40
17
89
19
32
19
62
17
59
16
58
9
94
16
28
16
28
17
29
9
99
9
99
9
99
9
74
9
34
9
99
19
93
17
29
16
58
19
91
9
14
9
64
9
44
9
44
9
64
9
94
9
34
9
44
9
94
17
59
16
88
9
94
19
33
9
44
18
60
19
33
18
30
2
79
9
14
17
29
16
28
19
32
9
74
9
44
9
64
9
64
9
74
9
74
9
99
9
14
19
61
9
99
17
59
15
87
19
61
17
59
17
89
1
9
9
44
9
99
9
64
9
94
9
74
18
81
17
89
18
30
9
64
9
74
9
99
9
64
9
44
17
59
9
44
9
74
19
91
9
94
0
70
9
44
9
14
9
99
9
74
9
94
9
27
9
44
17
59
19
81
9
34
9
94
9
44
9
44
9
99
17
89
0
0
18
60
9
74
9
44
17
89
9
44
9
64
9
94
9
44
9
14
9
94
9
34
9
64
9
64
9
64
19
31
9
94
17
59
9
34
9
74
9
99
9
74
9
99
9
99
0
80
9
64
17
89
9
94
17
89
9
74
19
82
9
44
9
99
18
60
9
64
9
64
3
39
19
61
9
99
9
34
9
64
9
14
9
99
0
50
9
44
9
11
9
19
9
34
9
74
15
27
19
91
9
74
9
34
9
34
17
29
19
61
9
99
9
34
19
93
9
64
17
52
9
64
9
64
9
14
9
46
17
89
1
52
17
89
15
87
9
14
17
89
9
96
9
64
9
44
17
29
9
44
17
89
9
14
9
99
18
30
9
44
9
14
15
57
9
64
9
14
1
79
9
44
9
34
9
74
9
14
9
14
3
29
18
30
9
34
9
74
9
94
19
31
9
74
9
44
9
44
19
92
16
28
9
14
19
31
15
87
9
64
17
29
19
62
9
36
9
74
15
27
9
74
9
64
18
30
9
74
9
14
0
40
1
79
9
74
9
64
9
74
18
60
9
99
9
64
9
64
0
38
9
74
19
91
9
14
9
14
9
94
18
60
9
94
17
59
9
64
17
89
9
64
9
34
9
64
9
94
9
44
15
27
19
92
9
34
9
34
9
34
9
74
9
34
9
64
9
64
9
74
9
74
17
82
19
62
9
14
9
14
9
99
9
74
9
44
9
14
9
94
17
89
9
44
9
74
9
74
9
34
9
14
9
44
9
44
9
64
9
14
17
29
9
14
9
34
18
30
19
32
9
34
17
29
9
99
9
74
9
94
19
32
9
64
9
74
0
15
9
74
2
69
9
99
9
99
17
89
17
29
18
60
9
14
9
99
18
30
9
14
9
14
9
74
9
44
16
28
18
60
17
89
9
14
9
99
9
64
9
44
9
94
9
74
2
9
4
9
2
59
19
91
9
64
19
91
17
89
9
44
9
94
9
99
9
44
18
30
9
99
9
14
9
44
18
60
