10
82
9
60
9
43
9
41
9
13
9
69
9
93
9
72
9
99
9
13
9
74
9
31
9
20
9
81
9
50
9
44
9
79
11
53
9
94
10
52
9
69
0
80
9
72
9
60
9
64
9
12
9
42
9
81
10
22
9
99
9
32
9
29
9
43
9
71
9
14
9
49
9
92
9
62
12
24
9
72
9
99
9
43
12
24
9
72
9
9
9
94
9
21
9
99
9
11
9
14
9
43
9
32
9
94
9
72
9
72
9
99
9
99
9
74
10
52
9
62
11
23
9
51
9
44
9
44
9
10
9
81
9
99
9
72
9
34
13
85
0
30
9
33
9
42
9
89
9
60
9
99
9
43
9
41
9
74
9
73
9
41
9
99
9
21
9
64
9
43
9
59
10
82
9
94
9
69
9
32
12
54
9
91
9
11
9
61
9
41
11
23
10
82
9
9
9
90
13
55
9
14
9
9
9
34
9
50
9
61
9
39
9
40
9
11
9
13
9
92
9
81
9
64
9
44
9
21
9
94
10
52
9
64
11
83
9
94
9
44
10
22
9
31
9
99
9
99
12
54
9
21
9
41
11
53
9
80
9
19
9
11
9
72
9
41
9
61
9
41
9
89
9
11
9
32
9
72
9
31
9
71
9
60
9
19
9
9
9
81
9
92
9
59
9
99
9
99
9
40
9
32
9
80
9
9
9
29
9
99
9
29
9
33
9
33
9
39
9
73
9
92
9
32
11
83
13
85
9
14
9
99
9
94
9
51
9
12
9
71
10
82
9
44
9
99
9
43
9
72
13
55
9
99
10
82
9
64
9
20
13
25
9
21
9
94
9
99
9
11
9
64
9
70
9
99
9
51
13
85
9
81
10
52
9
73
9
21
9
99
9
10
9
70
9
49
9
31
9
30
9
94
10
52
9
72
9
62
9
33
12
54
0
60
9
94
11
23
9
74
9
71
9
21
9
71
9
62
9
33
9
99
9
99
12
84
9
29
9
11
9
11
11
53
9
34
9
20
9
99
9
72
13
55
13
25
9
62
9
69
9
99
9
99
9
99
9
14
9
99
11
83
9
13
9
20
9
41
9
13
11
53
9
90
13
85
9
14
9
41
10
82
9
94
9
99
9
10
9
71
9
14
9
12
10
82
9
71
9
99
9
44
9
99
9
32
9
64
9
12
9
94
9
74
9
31
9
90
9
34
9
42
9
64
9
74
9
69
9
62
9
73
9
60
9
99
9
12
12
84
10
22
9
32
9
94
9
64
12
84
9
34
9
13
9
80
9
41
9
99
10
22
9
99
9
69
10
22
9
60
12
84
9
81
9
21
10
52
0
80
10
22
9
71
9
51
12
84
9
14
9
92
9
99
9
81
9
13
9
40
9
41
9
91
9
91
9
72
9
40
9
62
9
14
9
51
9
42
10
22
9
21
9
51
9
40
9
41
9
64
12
24
12
24
11
83
13
85
10
52
10
82
9
31
9
74
9
41
9
31
9
43
9
43
11
23
9
94
2
19
9
62
9
89
9
14
9
64
9
49
0
0
11
83
13
85
9
31
9
89
9
63
9
60
13
85
13
55
9
63
9
99
9
34
9
73
9
10
9
50
9
74
12
84
9
59
9
50
9
34
9
91
9
92
11
23
9
93
9
38
9
99
9
34
9
12
13
85
9
89
12
24
10
82
9
91
9
12
9
99
11
83
9
99
9
99
9
99
9
42
9
20
9
64
9
41
9
12
9
49
9
31
9
99
9
99
9
91
9
49
9
71
9
89
9
99
9
90
11
53
9
51
11
53
9
99
9
94
9
41
0
70
9
12
9
14
9
92
9
32
10
22
9
88
9
33
2
79
11
83
9
33
9
31
9
40
9
63
12
24
9
43
11
53
9
72
9
44
9
41
9
68
10
52
9
64
9
10
9
70
9
61
0
55
9
10
9
11
9
71
10
22
9
33
9
94
9
39
9
21
11
53
9
64
12
24
9
73
9
43
9
61
9
51
9
72
9
79
9
99
9
79
12
24
9
69
12
54
9
91
10
22
9
51
9
72
9
99
9
41
9
49
9
81
9
73
9
40
9
41
9
74
9
99
9
12
9
51
9
44
9
21
11
83
9
39
9
33
9
62
11
23
12
24
9
12
9
34
9
62
9
99
10
22
9
50
13
55
9
73
9
13
9
94
9
40
9
81
9
91
9
69
9
74
9
72
9
59
9
99
9
93
9
99
9
99
9
81
9
14
9
29
9
32
9
61
11
83
9
81
9
71
9
99
9
99
9
99
10
82
9
43
9
92
9
99
9
72
9
73
9
93
9
21
9
81
10
22
9
39
9
32
13
25
9
12
0
11
12
24
9
93
4
99
9
14
9
93
9
99
9
62
9
31
9
51
9
74
9
12
9
61
4
39
9
93
9
42
9
14
9
12
9
61
9
50
9
74
9
48
9
72
9
21
9
73
2
99
9
34
12
24
0
10
9
42
13
85
9
41
9
31
9
32
9
30
9
32
9
64
9
81
9
21
9
50
9
33
9
80
9
74
13
55
9
40
9
73
9
13
13
55
9
62
9
99
9
81
9
11
9
63
0
50
9
66
9
94
9
92
9
32
2
99
9
61
10
82
9
99
10
22
12
54
9
99
11
53
9
60
4
49
12
84
9
79
9
59
9
49
9
99
1
69
9
21
9
50
12
24
9
50
12
84
10
82
9
62
9
41
9
64
9
99
9
43
9
43
9
44
9
99
9
21
9
73
12
24
9
99
0
8
9
64
9
20
9
40
9
44
9
99
9
42
9
94
9
99
9
50
9
93
10
82
9
43
10
52
9
44
9
99
9
94
9
93
9
40
10
22
9
19
2
48
9
11
9
18
9
14
9
33
11
23
10
52
9
99
10
82
9
63
9
73
9
92
9
34
9
42
9
41
10
52
1
69
9
11
9
34
10
52
12
24
9
94
9
39
9
10
10
22
9
71
9
14
9
63
9
99
9
29
9
11
9
41
9
41
9
14
9
9
1
22
9
99
9
74
9
11
9
34
9
11
9
11
9
63
9
93
9
43
9
93
9
62
9
61
9
71
9
61
9
72
9
93
9
9
0
40
9
81
12
24
12
54
9
51
9
50
9
91
9
20
9
20
9
21
9
99
9
99
9
99
9
72
9
32
9
99
13
85
9
21
9
50
11
83
9
13
9
63
9
43
9
41
9
61
9
91
9
32
9
40
9
91
9
51
9
80
9
94
13
25
9
40
10
52
13
25
10
22
2
79
9
9
9
21
9
20
12
24
9
74
9
43
9
64
9
61
9
74
9
73
9
99
9
11
11
53
9
99
9
51
9
79
11
53
9
51
9
81
1
9
9
39
9
99
9
62
9
94
9
72
10
81
9
81
10
22
9
63
9
72
9
99
9
63
9
42
9
51
9
41
9
70
11
83
9
91
0
70
9
41
9
11
9
99
9
71
9
91
9
27
9
44
9
51
12
81
9
29
9
90
9
39
9
44
9
99
9
81
0
0
10
52
9
71
9
42
9
81
9
41
9
61
9
91
9
44
9
10
9
92
9
30
9
61
9
62
9
61
11
23
9
91
9
51
9
29
9
71
9
99
9
70
9
99
9
99
0
80
9
60
9
81
9
90
9
81
9
74
12
82
9
43
9
99
10
52
9
61
9
62
3
39
11
53
9
99
9
33
9
62
9
11
9
99
0
50
9
41
9
11
9
19
9
31
9
74
9
19
11
83
9
73
9
32
9
31
9
21
11
53
9
99
9
30
13
85
9
61
9
53
9
63
9
61
9
14
9
46
9
81
1
52
9
81
9
79
9
12
9
81
9
96
9
63
9
44
9
21
9
44
9
81
9
10
9
99
10
22
9
41
9
11
9
49
9
63
9
12
1
79
9
40
9
34
9
72
9
11
9
14
3
29
10
22
9
29
9
72
9
89
11
23
9
74
9
41
9
43
12
84
9
20
9
12
11
23
9
79
9
61
9
21
12
54
9
36
9
73
9
19
9
73
9
62
10
22
9
73
9
11
0
40
1
79
9
69
9
59
9
69
10
52
9
99
9
62
9
64
0
38
9
72
11
83
9
12
9
12
9
93
10
52
9
94
9
51
9
62
9
81
9
63
9
34
9
62
9
94
9
44
9
19
12
84
9
34
9
34
9
34
9
73
9
33
9
61
9
61
9
74
9
70
9
82
12
54
9
13
9
14
9
99
9
73
9
41
9
10
9
92
9
81
9
40
9
72
9
72
9
34
9
10
9
42
9
41
9
64
9
12
9
21
9
10
9
31
10
22
12
24
9
34
9
21
9
99
9
70
9
92
12
24
9
59
9
71
0
15
9
71
2
69
9
99
9
99
9
81
9
21
10
52
9
10
9
99
10
22
9
12
9
13
9
74
9
43
9
20
10
52
9
81
9
9
9
99
9
64
9
44
9
94
9
71
2
9
4
9
2
59
11
83
9
60
11
83
9
81
9
41
9
94
9
99
9
39
10
22
9
99
9
14
9
42
10
52
