11
83
9
61
9
44
9
42
9
14
9
70
9
94
9
73
9
99
9
14
9
74
9
32
9
21
10
82
9
51
9
44
9
80
12
54
9
94
11
53
9
70
0
80
9
73
9
61
9
64
9
13
9
43
10
82
11
23
9
99
9
33
9
30
9
44
9
72
9
14
9
50
9
93
9
63
13
25
9
73
9
99
9
44
13
25
9
73
9
10
9
94
10
22
9
99
9
12
9
14
9
44
9
33
9
94
9
73
9
73
9
99
9
99
9
74
11
53
9
63
12
24
10
52
9
44
9
44
9
11
10
82
9
99
9
73
9
34
14
86
0
30
9
34
9
43
9
90
9
61
9
99
9
44
9
42
9
74
9
74
9
42
9
99
10
22
9
64
9
44
9
60
11
83
9
94
9
70
9
33
13
55
9
92
9
12
9
62
9
42
12
24
11
83
9
10
9
91
14
56
9
14
9
10
9
34
9
51
9
62
9
40
9
41
9
12
9
14
9
93
10
82
9
64
9
44
10
22
9
94
11
53
9
64
12
84
9
94
9
44
11
23
9
32
9
99
9
99
13
55
10
22
9
42
12
54
9
81
9
20
9
12
9
73
9
42
9
62
9
42
9
90
9
12
9
33
9
73
9
32
9
72
9
61
9
20
9
10
10
82
9
93
9
60
9
99
9
99
9
41
9
33
9
81
9
10
9
30
9
99
9
30
9
34
9
34
9
40
9
74
9
93
9
33
12
84
14
86
9
14
9
99
9
94
10
52
9
13
9
72
11
83
9
44
9
99
9
44
9
73
14
56
9
99
11
83
9
64
9
21
14
26
10
22
9
94
9
99
9
12
9
64
9
71
9
99
10
52
14
86
10
82
11
53
9
74
10
22
9
99
9
11
9
71
9
50
9
32
9
31
9
94
11
53
9
73
9
63
9
34
13
55
0
60
9
94
12
24
9
74
9
72
10
22
9
72
9
63
9
34
9
99
9
99
13
85
9
30
9
12
9
12
12
54
9
34
9
21
9
99
9
73
14
56
14
26
9
63
9
70
9
99
9
99
9
99
9
14
9
99
12
84
9
14
9
21
9
42
9
14
12
54
9
91
14
86
9
14
9
42
11
83
9
94
9
99
9
11
9
72
9
14
9
13
11
83
9
72
9
99
9
44
9
99
9
33
9
64
9
13
9
94
9
74
9
32
9
91
9
34
9
43
9
64
9
74
9
70
9
63
9
74
9
61
9
99
9
13
13
85
11
23
9
33
9
94
9
64
13
85
9
34
9
14
9
81
9
42
9
99
11
23
9
99
9
70
11
23
9
61
13
85
10
82
10
22
11
53
0
80
11
22
9
72
10
52
13
85
9
14
9
93
9
99
10
82
9
14
9
41
9
42
9
92
9
92
9
73
9
41
9
63
9
14
10
52
9
43
11
23
10
22
10
52
9
41
9
42
9
64
13
25
13
25
12
84
14
86
11
53
11
83
9
32
9
74
9
42
9
32
9
44
9
44
12
24
9
94
2
19
9
63
9
90
9
14
9
64
9
50
0
0
12
84
14
86
9
32
9
90
9
64
9
61
14
86
14
56
9
64
9
99
9
34
9
74
9
11
9
51
9
74
13
85
9
60
9
51
9
34
9
92
9
93
12
24
9
94
9
38
9
99
9
34
9
13
14
86
9
90
13
25
11
83
9
92
9
13
9
99
12
84
9
99
9
99
9
99
9
43
9
21
9
64
9
42
9
13
9
50
9
32
9
99
9
99
9
92
9
50
9
72
9
90
9
99
9
91
12
54
10
52
12
54
9
99
9
94
9
42
0
70
9
13
9
14
9
93
9
33
11
23
9
88
9
34
2
79
12
84
9
34
9
32
9
41
9
64
13
25
9
44
12
54
9
73
9
44
9
42
9
68
11
53
9
64
9
11
9
71
9
62
0
55
9
11
9
12
9
72
11
23
9
34
9
94
9
40
10
22
12
54
9
64
13
25
9
74
9
44
9
62
10
52
9
73
9
80
9
99
9
80
13
25
9
70
13
55
9
92
11
23
10
52
9
73
9
99
9
42
9
50
10
82
9
74
9
41
9
42
9
74
9
99
9
13
10
52
9
44
10
22
12
84
9
40
9
34
9
63
12
24
13
25
9
13
9
34
9
63
9
99
11
23
9
51
14
56
9
74
9
14
9
94
9
41
10
82
9
92
9
70
9
74
9
73
9
60
9
99
9
94
9
99
9
99
10
82
9
14
9
30
9
33
9
62
12
84
10
82
9
72
9
99
9
99
9
99
11
83
9
44
9
93
9
99
9
73
9
74
9
94
10
22
10
82
11
23
9
40
9
33
14
26
9
13
0
11
13
25
9
94
4
99
9
14
9
94
9
99
9
63
9
32
10
52
9
74
9
13
9
62
4
39
9
94
9
43
9
14
9
13
9
62
9
51
9
74
9
48
9
73
10
22
9
74
2
99
9
34
13
25
0
10
9
43
14
86
9
42
9
32
9
33
9
31
9
33
9
64
10
82
10
22
9
51
9
34
9
81
9
74
14
56
9
41
9
74
9
14
14
56
9
63
9
99
10
82
9
12
9
64
0
50
9
66
9
94
9
93
9
33
2
99
9
62
11
83
9
99
11
23
13
55
9
99
12
54
9
61
4
49
13
85
9
80
9
60
9
50
9
99
1
69
10
22
9
51
13
25
9
51
13
85
11
83
9
63
9
42
9
64
9
99
9
44
9
44
9
44
9
99
10
22
9
74
13
25
9
99
0
8
9
64
9
21
9
41
9
44
9
99
9
43
9
94
9
99
9
51
9
94
11
83
9
44
11
53
9
44
9
99
9
94
9
94
9
41
11
23
9
20
2
48
9
12
9
18
9
14
9
34
12
24
11
53
9
99
11
83
9
64
9
74
9
93
9
34
9
43
9
42
11
53
1
69
9
12
9
34
11
53
13
25
9
94
9
40
9
11
11
23
9
72
9
14
9
64
9
99
9
30
9
12
9
42
9
42
9
14
9
10
1
22
9
99
9
74
9
11
9
34
9
12
9
12
9
64
9
94
9
44
9
94
9
63
9
62
9
72
9
62
9
73
9
94
9
10
0
40
10
82
13
25
13
55
10
52
9
51
9
92
9
21
9
21
10
22
9
99
9
99
9
99
9
73
9
33
9
99
14
86
10
22
9
51
12
84
9
14
9
64
9
44
9
42
9
62
9
92
9
33
9
41
9
92
10
52
9
81
9
94
14
26
9
41
11
53
14
26
11
23
2
79
9
10
10
22
9
21
13
25
9
74
9
44
9
64
9
62
9
74
9
74
9
99
9
12
12
54
9
99
10
52
9
80
12
54
10
52
10
82
1
9
9
40
9
99
9
63
9
94
9
73
11
81
10
82
11
23
9
64
9
73
9
99
9
64
9
43
10
52
9
42
9
71
12
84
9
92
0
70
9
42
9
12
9
99
9
72
9
92
9
27
9
44
10
52
13
81
9
30
9
91
9
40
9
44
9
99
10
82
0
0
11
53
9
72
9
43
10
82
9
42
9
62
9
92
9
44
9
11
9
93
9
31
9
62
9
63
9
62
12
24
9
92
10
52
9
30
9
72
9
99
9
71
9
99
9
99
0
80
9
61
10
82
9
91
10
82
9
74
13
82
9
44
9
99
11
53
9
62
9
63
3
39
12
54
9
99
9
34
9
63
9
12
9
99
0
50
9
42
9
11
9
19
9
32
9
74
9
20
12
84
9
74
9
33
9
32
10
22
12
54
9
99
9
31
14
86
9
62
10
52
9
64
9
62
9
14
9
46
10
82
1
52
10
82
9
80
9
13
10
82
9
96
9
64
9
44
10
22
9
44
10
82
9
11
9
99
11
23
9
42
9
12
9
50
9
64
9
13
1
79
9
41
9
34
9
73
9
12
9
14
3
29
11
23
9
30
9
73
9
90
12
24
9
74
9
42
9
44
13
85
9
21
9
13
12
24
9
80
9
62
10
22
13
55
9
36
9
74
9
20
9
74
9
63
11
23
9
74
9
12
0
40
1
79
9
70
9
60
9
70
11
53
9
99
9
63
9
64
0
38
9
73
12
84
9
13
9
13
9
94
11
53
9
94
10
52
9
63
10
82
9
64
9
34
9
63
9
94
9
44
9
20
13
85
9
34
9
34
9
34
9
74
9
34
9
62
9
62
9
74
9
71
10
82
13
55
9
14
9
14
9
99
9
74
9
42
9
11
9
93
10
82
9
41
9
73
9
73
9
34
9
11
9
43
9
42
9
64
9
13
10
22
9
11
9
32
11
23
13
25
9
34
10
22
9
99
9
71
9
93
13
25
9
60
9
72
0
15
9
72
2
69
9
99
9
99
10
82
10
22
11
53
9
11
9
99
11
23
9
13
9
14
9
74
9
44
9
21
11
53
10
82
9
10
9
99
9
64
9
44
9
94
9
72
2
9
4
9
2
59
12
84
9
61
12
84
10
82
9
42
9
94
9
99
9
40
11
23
9
99
9
14
9
43
11
53
