15
57
9
99
14
26
12
54
9
34
9
94
9
64
15
87
9
34
9
64
9
14
9
14
9
64
14
26
9
44
9
64
9
34
9
14
9
34
9
34
17
51
9
99
9
99
9
14
9
34
0
80
9
34
9
94
18
90
9
64
15
27
9
44
9
99
9
74
13
25
9
34
12
24
9
94
14
26
9
34
14
56
9
14
14
56
9
64
9
99
12
24
9
74
9
94
9
64
15
57
9
86
9
64
16
88
9
44
9
94
9
99
9
64
16
58
9
99
9
44
9
44
9
94
17
29
9
94
17
59
17
29
8
45
16
28
9
44
9
34
9
74
9
44
18
90
13
85
9
64
9
94
9
34
9
44
9
14
9
64
9
94
9
94
17
59
9
34
9
74
9
36
9
94
9
74
9
94
9
34
9
74
9
94
9
34
9
94
16
28
9
44
9
44
9
94
9
74
9
74
9
64
18
90
9
99
9
64
9
99
9
34
9
74
9
74
9
74
16
28
9
6
14
26
9
34
17
52
9
74
17
59
14
56
9
34
9
14
16
57
16
88
9
44
9
34
9
14
9
32
9
99
15
57
9
96
9
99
14
86
9
74
9
44
9
64
9
34
9
44
9
64
9
44
9
74
9
74
9
99
15
57
9
64
9
74
9
64
9
94
9
14
9
14
15
57
9
74
9
34
9
74
14
56
18
60
18
90
9
64
16
28
9
74
9
28
12
54
9
94
15
27
9
44
9
34
9
44
9
94
9
14
9
44
9
74
9
34
16
58
18
30
14
26
9
14
12
24
9
78
9
14
9
94
16
88
9
99
9
94
9
14
9
74
9
94
9
44
9
62
12
84
9
14
9
44
15
87
14
86
9
14
9
94
9
94
18
90
14
26
14
56
9
94
9
74
13
85
8
5
9
92
15
57
9
99
9
74
9
74
15
87
9
64
9
14
9
99
14
56
9
99
14
86
9
99
9
64
9
64
16
28
9
74
14
56
9
44
9
99
9
67
14
26
9
99
9
64
15
27
9
14
9
94
9
74
9
99
9
74
9
93
9
99
9
64
15
57
9
94
14
26
9
64
9
73
9
44
9
18
3
29
9
64
9
34
9
74
9
34
0
43
9
59
9
14
17
29
9
64
9
14
17
89
16
58
9
64
9
34
9
34
9
94
9
93
9
14
14
26
9
28
9
44
9
64
9
34
9
34
3
79
9
44
9
64
8
85
9
94
9
44
9
74
15
87
9
94
4
59
4
42
9
63
16
58
3
29
9
44
1
49
15
27
9
34
15
87
14
86
9
34
9
44
9
42
9
94
15
27
9
44
14
86
9
96
9
64
9
44
9
94
0
60
16
28
15
27
9
44
9
28
9
94
8
85
9
64
9
74
9
14
16
58
4
9
9
74
16
88
9
94
9
34
9
31
17
51
9
76
1
38
15
27
9
34
18
20
18
90
9
34
9
74
9
44
9
94
9
74
9
74
2
9
1
39
9
14
1
29
1
79
9
34
9
14
9
74
9
74
9
74
9
64
9
34
9
74
9
94
17
59
9
74
14
56
14
56
4
49
9
74
1
79
9
64
9
99
9
34
9
99
9
14
9
99
9
61
9
34
3
19
15
87
0
0
4
89
0
80
14
56
9
14
9
44
9
13
9
99
12
54
9
14
16
88
8
55
9
64
9
44
9
99
9
94
16
88
9
14
9
34
9
74
9
74
9
94
2
79
9
44
1
49
9
27
15
87
9
64
9
99
16
28
0
43
4
97
9
94
9
99
9
94
9
64
2
79
0
16
12
24
9
14
9
94
9
44
15
57
14
26
1
40
0
59
17
89
17
59
9
34
9
88
9
74
9
64
9
34
16
28
9
8
9
14
4
39
9
98
9
99
9
64
14
56
0
37
9
99
9
94
9
94
12
24
9
44
8
75
15
57
9
99
9
17
9
99
18
60
0
60
1
79
18
60
8
65
9
34
9
94
9
99
16
88
4
92
15
57
9
44
9
34
9
74
9
74
9
11
14
86
14
56
9
44
9
99
9
64
9
74
9
39
14
56
3
97
0
20
13
55
13
25
14
56
9
37
16
23
9
14
15
87
9
64
9
44
9
94
1
81
9
94
13
85
9
34
9
94
9
64
9
64
9
74
0
70
1
61
0
35
9
47
9
43
9
94
9
58
0
97
1
93
9
64
16
28
4
91
9
6
0
0
4
21
15
27
9
44
15
87
9
14
0
90
9
74
9
86
2
10
9
3
2
39
9
94
14
56
9
44
0
77
9
74
9
94
9
94
9
64
2
38
9
38
12
54
0
50
14
26
9
64
9
78
3
59
9
94
16
58
18
30
9
64
9
64
9
44
15
57
9
99
9
99
9
64
14
82
9
64
9
7
9
44
9
64
9
99
9
44
1
52
2
69
9
44
18
82
2
89
9
74
0
37
17
29
9
94
9
88
9
99
14
56
18
82
9
64
9
94
2
9
9
94
9
44
13
55
9
34
9
72
9
74
9
64
9
64
9
14
18
90
14
26
12
24
9
99
4
89
13
55
14
56
2
19
9
94
9
34
9
44
9
43
9
98
9
86
9
34
9
44
9
74
2
85
9
14
8
45
14
22
9
64
9
44
18
22
9
99
9
94
0
71
12
24
0
20
9
74
9
34
12
54
9
99
9
44
9
94
9
14
15
27
14
86
9
94
9
44
14
86
9
14
14
56
9
48
9
13
9
99
9
36
9
94
0
84
9
74
15
57
9
14
4
69
9
79
16
58
9
44
9
26
9
74
9
37
12
54
9
64
9
94
13
25
16
88
9
99
9
33
9
14
9
44
3
39
9
14
9
99
2
59
9
94
9
34
14
86
9
99
1
9
9
44
9
44
18
90
9
44
16
28
0
59
0
30
9
99
14
86
16
81
2
39
16
88
9
64
1
21
0
50
9
64
3
49
9
44
9
64
9
44
12
54
15
27
9
44
9
99
4
31
13
25
9
94
9
64
9
64
9
34
9
94
1
61
9
28
14
26
9
94
15
57
1
39
1
22
9
64
9
14
16
28
2
79
9
74
9
94
1
69
9
34
9
14
18
60
9
34
9
99
9
74
9
64
15
27
9
96
4
69
9
99
9
99
9
34
9
64
9
14
9
99
9
44
9
64
9
96
9
32
9
64
9
44
9
64
9
34
9
0
9
64
14
86
9
44
16
88
2
51
0
42
9
64
9
74
14
56
9
64
9
34
9
74
9
94
9
74
9
44
14
26
9
64
9
74
9
74
1
89
15
27
1
41
3
99
9
44
9
44
9
61
9
64
9
71
9
99
9
64
9
44
9
94
9
64
17
59
15
27
9
99
9
34
9
34
9
14
18
60
9
66
9
99
9
99
8
95
1
91
9
99
13
55
14
56
18
30
9
33
0
59
0
70
9
74
9
34
13
25
3
39
16
58
15
27
0
70
9
94
15
57
9
74
14
56
14
26
14
86
9
34
0
69
9
14
9
64
9
14
9
99
9
34
1
39
9
73
9
58
9
94
15
57
9
14
9
74
9
34
16
28
9
14
13
25
9
44
9
64
9
14
2
81
17
89
9
74
9
44
9
29
2
4
15
81
15
87
4
91
14
86
9
61
9
14
9
31
9
99
9
74
9
44
9
94
15
27
9
94
9
64
2
58
9
36
9
99
9
94
9
64
9
44
15
27
9
34
9
99
13
85
9
37
9
98
2
31
9
94
8
85
0
37
14
56
15
27
17
59
9
99
9
64
2
85
9
34
9
6
12
84
9
34
14
26
9
94
13
25
9
14
18
23
14
26
4
41
9
74
13
55
0
32
9
74
9
79
9
64
9
44
17
59
1
19
15
57
17
29
12
84
9
34
9
34
9
64
16
58
17
59
9
94
9
58
17
51
9
94
9
44
9
44
2
59
9
14
9
14
9
14
9
74
9
66
12
24
13
55
9
44
9
99
1
69
0
40
9
71
9
64
9
44
18
30
9
99
9
64
0
0
9
44
9
7
9
99
9
64
9
87
15
57
2
30
9
99
9
99
17
89
3
61
14
56
9
44
17
89
9
74
14
56
2
90
9
99
1
13
9
44
0
0
9
14
9
36
9
41
9
34
14
26
9
64
9
14
9
99
9
44
9
64
9
64
9
14
9
99
9
34
9
34
1
99
9
64
9
94
9
34
14
26
9
34
9
99
9
64
9
31
2
60
0
95
9
14
9
94
9
14
14
26
9
84
9
94
9
36
9
64
9
74
12
54
16
58
3
49
9
99
16
28
9
34
9
43
9
34
14
86
1
89
15
87
2
17
18
30
9
94
13
55
8
35
9
74
3
33
14
82
8
55
2
49
18
90
9
94
15
57
9
94
16
88
9
34
0
30
9
64
9
94
14
26
9
94
13
85
9
99
9
14
4
21
15
27
2
89
3
39
2
21
9
99
3
89
4
99
16
81
9
0
9
14
9
74
8
75
16
28
9
74
9
74
3
29
9
74
17
89
2
49
9
34
9
46
14
26
14
56
9
7
