18
60
9
99
17
29
15
57
9
34
9
94
9
64
18
90
9
34
9
64
9
14
9
14
9
64
17
29
9
44
9
64
9
34
9
14
9
34
9
34
19
48
9
99
9
99
9
14
9
34
0
80
9
34
9
94
19
93
9
64
18
30
9
44
9
99
9
74
16
28
9
34
15
27
9
94
17
29
9
34
17
59
9
14
17
59
9
64
9
99
15
27
9
74
9
94
9
64
18
60
9
86
9
64
19
91
9
44
9
94
9
99
9
64
19
61
9
99
9
44
9
44
9
94
19
32
9
94
19
62
19
32
8
45
19
31
9
44
9
34
9
74
9
44
19
93
16
88
9
64
9
94
9
34
9
44
9
14
9
64
9
94
9
94
19
62
9
34
9
74
9
36
9
94
9
74
9
94
9
34
9
74
9
94
9
34
9
94
19
31
9
44
9
44
9
94
9
74
9
74
9
64
19
93
9
99
9
64
9
99
9
34
9
74
9
74
9
74
19
31
9
6
17
29
9
34
19
52
9
74
19
62
17
59
9
34
9
14
19
60
19
91
9
44
9
34
9
14
9
32
9
99
18
60
9
96
9
99
17
89
9
74
9
44
9
64
9
34
9
44
9
64
9
44
9
74
9
74
9
99
18
60
9
64
9
74
9
64
9
94
9
14
9
14
18
60
9
74
9
34
9
74
17
59
19
63
19
93
9
64
19
31
9
74
9
28
15
57
9
94
18
30
9
44
9
34
9
44
9
94
9
14
9
44
9
74
9
34
19
61
19
33
17
29
9
14
15
27
9
78
9
14
9
94
19
91
9
99
9
94
9
14
9
74
9
94
9
44
9
62
15
87
9
14
9
44
18
90
17
89
9
14
9
94
9
94
19
93
17
29
17
59
9
94
9
74
16
88
8
5
9
92
18
60
9
99
9
74
9
74
18
90
9
64
9
14
9
99
17
59
9
99
17
89
9
99
9
64
9
64
19
31
9
74
17
59
9
44
9
99
9
67
17
29
9
99
9
64
18
30
9
14
9
94
9
74
9
99
9
74
9
93
9
99
9
64
18
60
9
94
17
29
9
64
9
73
9
44
9
18
3
29
9
64
9
34
9
74
9
34
0
43
9
59
9
14
19
32
9
64
9
14
19
92
19
61
9
64
9
34
9
34
9
94
9
93
9
14
17
29
9
28
9
44
9
64
9
34
9
34
3
79
9
44
9
64
8
85
9
94
9
44
9
74
18
90
9
94
4
59
4
42
9
63
19
61
3
29
9
44
1
49
18
30
9
34
18
90
17
89
9
34
9
44
9
42
9
94
18
30
9
44
17
89
9
96
9
64
9
44
9
94
0
60
19
31
18
30
9
44
9
28
9
94
8
85
9
64
9
74
9
14
19
61
4
9
9
74
19
91
9
94
9
34
9
31
19
51
9
76
1
38
18
30
9
34
19
17
19
93
9
34
9
74
9
44
9
94
9
74
9
74
2
9
1
39
9
14
1
29
1
79
9
34
9
14
9
74
9
74
9
74
9
64
9
34
9
74
9
94
19
62
9
74
17
59
17
59
4
49
9
74
1
79
9
64
9
99
9
34
9
99
9
14
9
99
9
61
9
34
3
19
18
90
0
0
4
89
0
80
17
59
9
14
9
44
9
13
9
99
15
57
9
14
19
91
8
55
9
64
9
44
9
99
9
94
19
91
9
14
9
34
9
74
9
74
9
94
2
79
9
44
1
49
9
27
18
90
9
64
9
99
19
31
0
43
4
97
9
94
9
99
9
94
9
64
2
79
0
16
15
27
9
14
9
94
9
44
18
60
17
29
1
40
0
59
19
92
19
62
9
34
9
88
9
74
9
64
9
34
19
31
9
8
9
14
4
39
9
98
9
99
9
64
17
59
0
37
9
99
9
94
9
94
15
27
9
44
8
75
18
60
9
99
9
17
9
99
19
63
0
60
1
79
19
63
8
65
9
34
9
94
9
99
19
91
4
92
18
60
9
44
9
34
9
74
9
74
9
11
17
89
17
59
9
44
9
99
9
64
9
74
9
39
17
59
3
97
0
20
16
58
16
28
17
59
9
37
19
23
9
14
18
90
9
64
9
44
9
94
1
81
9
94
16
88
9
34
9
94
9
64
9
64
9
74
0
70
1
61
0
35
9
47
9
43
9
94
9
58
0
97
1
93
9
64
19
31
4
91
9
6
0
0
4
21
18
30
9
44
18
90
9
14
0
90
9
74
9
86
2
10
9
3
2
39
9
94
17
59
9
44
0
77
9
74
9
94
9
94
9
64
2
38
9
38
15
57
0
50
17
29
9
64
9
78
3
59
9
94
19
61
19
33
9
64
9
64
9
44
18
60
9
99
9
99
9
64
17
82
9
64
9
7
9
44
9
64
9
99
9
44
1
52
2
69
9
44
19
82
2
89
9
74
0
37
19
32
9
94
9
88
9
99
17
59
19
82
9
64
9
94
2
9
9
94
9
44
16
58
9
34
9
72
9
74
9
64
9
64
9
14
19
93
17
29
15
27
9
99
4
89
16
58
17
59
2
19
9
94
9
34
9
44
9
43
9
98
9
86
9
34
9
44
9
74
2
85
9
14
8
45
17
22
9
64
9
44
19
22
9
99
9
94
0
71
15
27
0
20
9
74
9
34
15
57
9
99
9
44
9
94
9
14
18
30
17
89
9
94
9
44
17
89
9
14
17
59
9
48
9
13
9
99
9
36
9
94
0
84
9
74
18
60
9
14
4
69
9
79
19
61
9
44
9
26
9
74
9
37
15
57
9
64
9
94
16
28
19
91
9
99
9
33
9
14
9
44
3
39
9
14
9
99
2
59
9
94
9
34
17
89
9
99
1
9
9
44
9
44
19
93
9
44
19
31
0
59
0
30
9
99
17
89
19
81
2
39
19
91
9
64
1
21
0
50
9
64
3
49
9
44
9
64
9
44
15
57
18
30
9
44
9
99
4
31
16
28
9
94
9
64
9
64
9
34
9
94
1
61
9
28
17
29
9
94
18
60
1
39
1
22
9
64
9
14
19
31
2
79
9
74
9
94
1
69
9
34
9
14
19
63
9
34
9
99
9
74
9
64
18
30
9
96
4
69
9
99
9
99
9
34
9
64
9
14
9
99
9
44
9
64
9
96
9
32
9
64
9
44
9
64
9
34
9
0
9
64
17
89
9
44
19
91
2
51
0
42
9
64
9
74
17
59
9
64
9
34
9
74
9
94
9
74
9
44
17
29
9
64
9
74
9
74
1
89
18
30
1
41
3
99
9
44
9
44
9
61
9
64
9
71
9
99
9
64
9
44
9
94
9
64
19
62
18
30
9
99
9
34
9
34
9
14
19
63
9
66
9
99
9
99
8
95
1
91
9
99
16
58
17
59
19
33
9
33
0
59
0
70
9
74
9
34
16
28
3
39
19
61
18
30
0
70
9
94
18
60
9
74
17
59
17
29
17
89
9
34
0
69
9
14
9
64
9
14
9
99
9
34
1
39
9
73
9
58
9
94
18
60
9
14
9
74
9
34
19
31
9
14
16
28
9
44
9
64
9
14
2
81
19
92
9
74
9
44
9
29
2
4
18
81
18
90
4
91
17
89
9
61
9
14
9
31
9
99
9
74
9
44
9
94
18
30
9
94
9
64
2
58
9
36
9
99
9
94
9
64
9
44
18
30
9
34
9
99
16
88
9
37
9
98
2
31
9
94
8
85
0
37
17
59
18
30
19
62
9
99
9
64
2
85
9
34
9
6
15
87
9
34
17
29
9
94
16
28
9
14
19
23
17
29
4
41
9
74
16
58
0
32
9
74
9
79
9
64
9
44
19
62
1
19
18
60
19
32
15
87
9
34
9
34
9
64
19
61
19
62
9
94
9
58
19
51
9
94
9
44
9
44
2
59
9
14
9
14
9
14
9
74
9
66
15
27
16
58
9
44
9
99
1
69
0
40
9
71
9
64
9
44
19
33
9
99
9
64
0
0
9
44
9
7
9
99
9
64
9
87
18
60
2
30
9
99
9
99
19
92
3
61
17
59
9
44
19
92
9
74
17
59
2
90
9
99
1
13
9
44
0
0
9
14
9
36
9
41
9
34
17
29
9
64
9
14
9
99
9
44
9
64
9
64
9
14
9
99
9
34
9
34
1
99
9
64
9
94
9
34
17
29
9
34
9
99
9
64
9
31
2
60
0
95
9
14
9
94
9
14
17
29
9
84
9
94
9
36
9
64
9
74
15
57
19
61
3
49
9
99
19
31
9
34
9
43
9
34
17
89
1
89
18
90
2
17
19
33
9
94
16
58
8
35
9
74
3
33
17
82
8
55
2
49
19
93
9
94
18
60
9
94
19
91
9
34
0
30
9
64
9
94
17
29
9
94
16
88
9
99
9
14
4
21
18
30
2
89
3
39
2
21
9
99
3
89
4
99
19
81
9
0
9
14
9
74
8
75
19
31
9
74
9
74
3
29
9
74
19
92
2
49
9
34
9
46
17
29
17
59
9
7
