3
45
6
93
2
16
4
42
2
22
4
83
6
54
6
75
4
26
5
59
5
4
3
9
2
59
6
14
5
33
4
59
3
29
4
2
3
29
4
29
5
55
2
99
3
97
3
3
2
29
0
80
4
22
3
89
6
79
3
59
3
16
6
33
3
96
6
69
3
13
3
24
2
12
6
83
3
14
2
26
2
49
4
7
2
44
6
59
3
97
5
12
2
69
2
88
2
54
6
45
6
86
6
55
4
79
4
32
3
83
5
96
4
59
4
49
2
97
5
32
6
39
6
88
5
19
2
85
5
48
5
19
2
45
4
16
6
39
2
29
2
65
2
38
6
79
5
73
4
59
5
85
6
23
4
39
4
8
3
58
2
89
3
87
5
49
2
28
5
69
2
47
6
87
5
64
3
83
3
27
3
65
3
85
3
23
5
87
4
17
5
39
3
38
3
83
5
69
5
69
6
59
6
79
2
96
6
53
6
95
3
34
4
68
4
66
3
65
4
18
3
12
2
19
5
29
5
54
5
68
5
49
4
44
5
27
2
9
4
49
4
77
5
39
6
23
2
9
6
32
6
95
3
49
6
96
5
92
2
78
4
67
4
33
6
56
2
26
5
33
2
54
4
39
2
65
3
65
3
95
4
45
6
57
3
64
4
54
6
89
3
9
5
4
4
45
5
68
5
26
5
69
6
44
6
49
6
79
6
59
4
16
3
69
4
28
5
42
6
89
4
15
5
39
3
24
2
39
5
89
6
6
5
37
2
69
3
27
5
46
6
19
2
15
5
9
3
12
4
78
3
9
5
85
4
77
3
97
4
86
6
5
2
69
4
88
3
34
2
62
4
72
5
9
6
38
3
77
2
79
5
7
3
89
3
89
6
79
2
16
2
46
6
83
4
62
4
73
4
5
6
92
3
49
6
99
4
69
3
66
3
78
3
57
5
5
3
96
2
48
6
98
2
79
4
99
4
59
2
59
4
19
2
65
2
44
4
34
2
95
3
67
2
16
4
94
3
54
4
15
6
7
6
89
4
69
4
92
5
63
5
93
6
99
3
57
3
46
5
86
3
14
6
59
6
74
3
34
4
18
3
26
2
58
3
24
5
69
3
29
0
43
5
59
2
9
5
19
2
53
3
9
5
79
4
49
3
59
3
26
2
22
5
88
6
94
3
9
2
18
2
28
5
33
3
53
5
26
3
29
3
79
5
34
4
57
5
85
6
89
3
39
2
63
3
78
3
82
4
59
4
42
3
63
5
46
3
29
6
38
1
47
3
19
6
25
3
79
5
74
6
27
6
36
6
42
4
94
4
15
6
39
2
77
4
96
4
58
5
39
6
83
0
60
4
17
4
15
2
39
6
28
5
86
4
85
3
57
5
68
3
3
4
46
4
8
5
68
4
79
3
89
2
26
3
31
5
51
2
81
1
38
3
15
4
25
6
25
6
79
3
24
6
69
2
35
3
89
2
64
2
69
2
9
1
35
2
7
1
29
1
79
4
26
6
9
3
69
4
62
4
64
2
54
2
23
5
69
5
85
5
47
5
66
2
49
2
49
4
43
3
69
1
77
4
53
2
96
5
29
5
95
5
4
6
99
5
61
4
24
3
12
3
79
0
0
4
84
0
80
2
45
4
3
2
35
6
13
3
94
2
42
6
4
4
76
3
55
5
53
2
35
4
97
2
84
4
79
6
9
5
28
2
68
3
63
5
85
2
79
3
36
1
44
2
27
3
75
5
57
3
98
6
16
0
43
4
97
6
84
5
95
6
86
6
59
2
79
0
16
3
12
4
9
5
82
5
34
3
45
2
17
1
40
0
59
5
79
5
49
5
28
3
88
6
69
6
59
2
24
4
16
3
8
2
6
4
35
6
98
2
96
5
56
2
47
0
37
3
95
5
89
2
89
2
12
6
39
2
75
3
49
2
95
3
17
3
94
6
49
0
60
1
72
6
48
5
65
5
25
2
89
5
95
6
76
4
92
3
47
2
32
5
27
4
62
2
67
3
11
2
75
2
46
4
33
3
97
6
59
3
69
6
39
6
44
3
97
0
20
4
43
3
13
3
44
6
37
4
23
2
9
3
78
5
58
6
35
2
83
1
82
2
82
6
73
3
23
3
86
6
58
5
52
2
63
0
70
1
61
0
35
3
47
5
44
2
82
2
58
0
97
1
93
3
57
4
18
4
91
4
6
0
0
4
28
3
15
5
33
3
79
2
2
0
90
3
69
5
91
2
10
4
4
2
39
4
89
2
49
5
35
0
77
6
66
3
89
3
86
6
59
2
38
3
38
5
42
0
50
2
18
5
59
2
78
3
58
2
87
6
46
6
19
3
53
6
55
4
39
3
45
6
96
6
95
2
56
2
82
5
56
6
7
5
39
4
59
4
98
5
36
2
52
2
68
5
39
6
84
2
86
2
68
0
37
5
17
3
87
3
88
3
99
2
49
6
82
4
58
4
88
2
9
5
88
3
39
2
43
5
29
5
72
2
62
6
59
4
59
3
8
6
78
2
19
4
12
3
99
4
86
4
43
2
49
2
13
5
89
3
26
3
39
4
43
4
98
4
91
2
29
4
36
6
65
2
85
5
5
5
45
2
22
3
59
2
33
6
22
5
93
3
86
0
71
5
12
0
20
5
69
5
23
5
42
4
99
5
34
6
86
3
9
3
16
5
74
4
85
4
39
2
76
2
7
2
48
4
48
6
14
4
94
2
48
6
87
0
84
4
62
3
49
4
7
4
69
2
79
4
49
5
36
2
37
3
68
4
37
2
42
5
54
4
82
2
13
4
79
5
92
4
33
5
6
4
34
3
39
6
5
4
92
2
59
6
88
4
26
2
78
4
99
1
6
5
39
6
39
6
79
5
35
4
16
0
59
0
30
3
98
6
74
4
81
2
33
4
79
2
58
2
21
0
50
6
54
3
45
3
39
4
58
5
36
5
42
3
18
5
37
2
93
4
31
6
13
4
84
2
55
3
54
5
26
4
82
1
61
6
28
2
14
2
87
3
46
1
37
2
22
2
59
6
8
6
16
2
77
4
67
5
83
1
64
3
25
3
7
6
49
5
24
2
99
4
62
5
52
4
15
6
96
4
62
6
96
4
97
6
24
3
53
3
2
6
96
4
39
6
55
2
96
3
32
6
53
5
39
3
56
4
26
2
1
5
54
2
79
4
39
6
76
2
51
0
42
2
59
4
63
2
49
5
53
3
26
4
68
2
89
6
68
3
32
6
14
3
58
4
62
5
62
1
88
6
15
2
41
3
92
4
33
4
32
2
61
3
53
6
71
3
96
2
53
3
36
5
88
6
53
5
49
3
19
2
95
4
24
6
29
2
7
6
48
2
66
2
98
5
92
5
95
1
95
5
95
2
43
2
49
6
19
6
33
0
58
0
70
6
67
4
25
5
13
3
35
4
49
3
15
0
70
5
89
6
45
2
67
3
44
6
14
2
79
5
29
0
69
5
7
6
56
5
8
2
99
2
29
1
32
6
74
2
58
4
88
3
49
6
8
4
67
5
29
4
19
6
4
2
13
5
34
4
54
2
5
2
81
5
79
3
63
4
36
4
29
2
4
3
81
3
79
4
91
5
74
5
61
6
4
3
31
4
96
4
62
3
39
3
82
3
17
6
87
3
57
2
58
3
41
4
99
4
88
4
52
2
35
6
15
6
28
3
98
3
73
6
37
6
98
2
32
6
89
5
85
0
37
2
45
3
17
5
49
4
96
2
59
2
85
4
26
5
18
5
72
4
28
2
19
5
87
3
13
3
3
6
23
2
15
4
41
2
69
5
43
0
32
6
67
5
79
3
59
3
34
5
49
1
19
3
49
5
18
4
72
3
29
2
27
6
57
4
49
5
48
5
89
6
58
5
51
6
89
3
33
3
38
2
57
3
2
2
9
5
9
4
62
5
71
5
12
6
43
3
34
2
98
1
69
0
40
3
71
5
55
4
35
6
19
6
93
2
59
0
0
6
39
4
7
5
96
2
59
6
87
5
45
2
30
4
94
2
99
5
79
3
61
3
44
4
36
5
77
2
66
3
44
2
90
3
94
1
13
2
39
0
0
5
7
6
36
3
41
3
29
2
16
5
52
2
3
6
96
4
39
4
57
2
54
2
7
2
92
2
22
4
29
1
99
6
59
2
87
3
29
2
14
3
29
3
92
2
59
5
31
2
60
0
95
2
9
5
86
5
6
2
19
5
84
2
89
6
41
6
53
4
65
5
42
5
46
3
44
4
98
5
16
2
25
6
43
4
29
2
75
1
82
3
79
2
17
6
19
6
84
5
43
2
35
5
64
3
33
2
83
6
55
2
45
6
78
2
89
3
45
5
89
4
79
5
29
0
30
3
54
5
89
2
19
3
89
4
73
3
98
5
9
4
26
3
19
2
85
3
39
2
28
2
97
3
85
4
92
4
81
3
8
4
8
2
69
6
75
4
19
2
66
4
67
3
25
5
64
5
79
2
42
2
29
6
46
2
19
2
47
3
7
