10
52
9
99
9
21
9
49
9
29
9
90
9
61
10
82
9
33
9
64
9
11
9
12
9
61
9
21
9
40
9
63
9
32
9
9
9
32
9
33
12
51
9
99
9
99
9
10
9
31
0
80
9
29
9
92
13
85
9
62
10
22
9
40
9
99
9
74
9
20
9
31
9
19
9
90
9
21
9
31
9
51
9
13
9
51
9
64
9
99
9
19
9
71
9
91
9
61
10
52
9
86
9
62
11
83
9
39
9
90
9
99
9
63
11
53
9
99
9
39
9
44
9
94
12
24
9
91
12
54
12
24
8
45
11
23
9
44
9
31
9
71
9
41
13
85
9
80
9
63
9
92
9
30
9
43
9
13
9
62
9
91
9
92
12
54
9
31
9
74
9
40
9
94
9
71
9
90
9
32
9
72
9
92
9
30
9
94
11
23
9
44
9
42
9
90
9
74
9
74
9
64
13
85
9
99
9
60
9
99
9
34
9
73
9
73
9
72
11
23
9
8
9
21
9
34
12
52
9
74
12
54
9
51
9
34
9
11
11
52
11
83
9
44
9
30
9
11
9
32
9
99
10
52
9
96
9
99
9
81
9
73
9
40
9
63
9
31
9
40
9
61
9
43
9
71
9
72
9
99
10
52
9
64
9
71
9
61
9
94
9
12
9
11
10
52
9
74
9
33
9
74
9
51
13
55
13
85
9
64
11
23
9
72
9
28
9
49
9
94
10
22
9
44
9
31
9
41
9
94
9
13
9
44
9
71
9
32
11
53
13
25
9
21
9
14
9
19
9
78
9
12
9
92
11
83
9
99
9
93
9
12
9
71
9
93
9
41
9
62
9
79
9
14
9
44
10
82
9
81
9
14
9
92
9
92
13
85
9
21
9
51
9
90
9
69
9
80
8
5
9
92
10
52
9
99
9
73
9
72
10
82
9
62
9
12
9
99
9
51
9
99
9
81
9
99
9
63
9
61
11
23
9
71
9
51
9
41
9
99
9
67
9
21
9
99
9
61
10
22
9
14
9
94
9
73
9
99
9
70
9
93
9
99
9
62
10
52
9
93
9
21
9
64
9
73
9
41
9
18
3
29
9
61
9
31
9
74
9
32
0
43
9
59
9
11
12
24
9
60
9
12
12
84
11
53
9
62
9
32
9
29
9
94
9
93
9
12
9
21
9
28
9
40
9
60
9
33
9
32
3
79
9
41
9
63
8
85
9
94
9
42
9
70
10
82
9
89
4
59
4
42
9
63
11
53
3
29
9
44
1
49
10
22
9
32
10
82
9
81
9
34
9
43
9
42
9
94
10
22
9
44
9
81
9
96
9
63
9
44
9
90
0
60
11
23
10
22
9
41
9
28
9
93
8
85
9
62
9
74
9
10
11
53
4
9
9
74
11
83
9
92
9
31
9
31
12
51
9
79
1
38
10
22
9
32
13
21
13
85
9
31
9
74
9
41
9
92
9
71
9
71
2
9
1
39
9
11
1
29
1
79
9
33
9
14
9
72
9
69
9
71
9
61
9
30
9
74
9
92
12
54
9
73
9
51
9
51
4
49
9
72
1
79
9
60
9
99
9
34
9
99
9
11
9
99
9
61
9
31
3
19
10
82
0
0
4
89
0
80
9
51
9
10
9
41
9
13
9
99
9
49
9
11
11
83
8
55
9
60
9
41
9
99
9
91
11
83
9
14
9
34
9
71
9
70
9
92
2
79
9
42
1
49
9
27
10
82
9
64
9
99
11
23
0
43
4
97
9
91
9
99
9
93
9
64
2
79
0
16
9
19
9
13
9
89
9
41
10
52
9
21
1
40
0
59
12
84
12
54
9
34
9
88
9
74
9
64
9
31
11
23
9
8
9
11
4
39
9
98
9
99
9
63
9
51
0
37
9
99
9
94
9
91
9
19
9
44
8
75
10
52
9
99
9
17
9
99
13
55
0
60
1
79
13
55
8
65
9
32
9
91
9
99
11
83
4
92
10
52
9
39
9
34
9
69
9
71
9
11
9
81
9
51
9
40
9
99
9
64
9
72
9
39
9
51
3
97
0
20
9
50
9
20
9
51
9
37
11
23
9
11
10
82
9
64
9
42
9
90
1
81
9
89
9
80
9
30
9
92
9
64
9
59
9
70
0
70
1
61
0
35
9
47
9
43
9
89
9
58
0
97
1
93
9
62
11
23
4
91
9
6
0
0
4
21
10
22
9
40
10
82
9
9
0
90
9
72
9
86
2
10
9
3
2
39
9
93
9
51
9
42
0
77
9
73
9
92
9
92
9
64
2
38
9
38
9
49
0
50
9
21
9
64
9
78
3
59
9
91
11
53
13
25
9
60
9
62
9
43
10
52
9
99
9
99
9
61
9
82
9
63
9
7
9
44
9
63
9
99
9
43
1
52
2
69
9
44
13
82
2
89
9
71
0
37
12
24
9
92
9
88
9
99
9
51
13
82
9
63
9
93
2
9
9
94
9
42
9
50
9
34
9
72
9
69
9
64
9
63
9
12
13
85
9
21
9
19
9
99
4
89
9
50
9
51
2
19
9
94
9
32
9
42
9
43
9
98
9
87
9
31
9
43
9
72
2
85
9
12
8
45
9
22
9
62
9
40
13
22
9
99
9
92
0
71
9
19
0
20
9
74
9
30
9
49
9
99
9
41
9
93
9
12
10
22
9
81
9
92
9
43
9
81
9
11
9
51
9
48
9
13
9
99
9
41
9
94
0
84
9
69
10
52
9
13
4
69
9
79
11
53
9
43
9
30
9
72
9
37
9
49
9
61
9
89
9
20
11
83
9
99
9
33
9
13
9
41
3
39
9
12
9
99
2
59
9
94
9
33
9
81
9
99
1
9
9
44
9
44
13
85
9
42
11
23
0
59
0
30
9
99
9
81
11
81
2
39
11
83
9
61
1
21
0
50
9
61
3
49
9
42
9
63
9
43
9
49
10
22
9
44
9
99
4
31
9
20
9
91
9
61
9
61
9
33
9
89
1
61
9
28
9
21
9
91
10
52
1
39
1
22
9
61
9
14
11
23
2
79
9
73
9
90
1
69
9
32
9
12
13
55
9
31
9
99
9
69
9
59
10
22
9
96
4
69
9
99
9
99
9
31
9
60
9
9
9
99
9
43
9
62
9
96
9
32
9
60
9
44
9
62
9
33
9
0
9
61
9
81
9
43
11
83
2
51
0
42
9
61
9
70
9
51
9
60
9
32
9
73
9
91
9
74
9
39
9
21
9
62
9
69
9
69
1
89
10
22
1
41
3
99
9
40
9
39
9
61
9
60
9
71
9
99
9
60
9
42
9
94
9
60
12
54
10
22
9
99
9
31
9
34
9
11
13
55
9
66
9
99
9
99
8
95
1
91
9
99
9
50
9
51
13
25
9
33
0
59
0
70
9
74
9
32
9
20
3
39
11
53
10
22
0
70
9
94
10
52
9
71
9
51
9
21
9
81
9
34
0
69
9
14
9
63
9
14
9
99
9
31
1
39
9
73
9
58
9
93
10
52
9
14
9
73
9
34
11
23
9
11
9
20
9
41
9
61
9
11
2
81
12
84
9
70
9
43
9
29
2
4
10
81
10
82
4
91
9
81
9
61
9
11
9
31
9
99
9
69
9
42
9
89
10
22
9
94
9
62
2
58
9
38
9
99
9
93
9
59
9
41
10
22
9
34
9
99
9
80
9
37
9
98
2
31
9
94
8
85
0
37
9
51
10
22
12
54
9
99
9
61
2
85
9
33
9
11
9
79
9
33
9
21
9
94
9
20
9
10
13
23
9
21
4
41
9
71
9
50
0
32
9
74
9
79
9
62
9
41
12
54
1
19
10
52
12
24
9
79
9
32
9
31
9
64
11
53
12
54
9
94
9
58
12
51
9
94
9
40
9
42
2
59
9
9
9
11
9
14
9
69
9
66
9
19
9
50
9
41
9
99
1
69
0
40
9
71
9
62
9
42
13
25
9
99
9
61
0
0
9
44
9
7
9
99
9
61
9
87
10
52
2
30
9
99
9
99
12
84
3
61
9
51
9
43
12
84
9
71
9
51
2
90
9
99
1
13
9
41
0
0
9
14
9
36
9
41
9
32
9
21
9
59
9
10
9
99
9
43
9
63
9
61
9
11
9
99
9
29
9
33
1
99
9
64
9
91
9
32
9
21
9
32
9
99
9
61
9
31
2
60
0
95
9
11
9
93
9
13
9
21
9
84
9
91
9
36
9
60
9
72
9
49
11
53
3
49
9
99
11
23
9
31
9
43
9
33
9
81
1
89
10
82
2
17
13
25
9
91
9
50
8
35
9
71
3
33
9
83
8
55
2
49
13
85
9
91
10
52
9
94
11
83
9
34
0
30
9
61
9
94
9
21
9
92
9
80
9
99
9
14
4
21
10
22
2
89
3
39
2
21
9
99
3
89
4
99
11
81
9
1
9
13
9
71
8
75
11
23
9
71
9
73
3
29
9
71
12
84
2
49
9
31
9
46
9
21
9
51
9
7
