16
58
9
99
15
27
13
55
9
34
9
94
9
64
16
88
9
34
9
64
9
14
9
14
9
64
15
27
9
44
9
64
9
34
9
14
9
34
9
34
18
50
9
99
9
99
9
14
9
34
0
80
9
34
9
94
19
91
9
64
16
28
9
44
9
99
9
74
14
26
9
34
13
25
9
94
15
27
9
34
15
57
9
14
15
57
9
64
9
99
13
25
9
74
9
94
9
64
16
58
9
86
9
64
17
89
9
44
9
94
9
99
9
64
17
59
9
99
9
44
9
44
9
94
18
30
9
94
18
60
18
30
8
45
17
29
9
44
9
34
9
74
9
44
19
91
14
86
9
64
9
94
9
34
9
44
9
14
9
64
9
94
9
94
18
60
9
34
9
74
9
36
9
94
9
74
9
94
9
34
9
74
9
94
9
34
9
94
17
29
9
44
9
44
9
94
9
74
9
74
9
64
19
91
9
99
9
64
9
99
9
34
9
74
9
74
9
74
17
29
9
6
15
27
9
34
18
52
9
74
18
60
15
57
9
34
9
14
17
58
17
89
9
44
9
34
9
14
9
32
9
99
16
58
9
96
9
99
15
87
9
74
9
44
9
64
9
34
9
44
9
64
9
44
9
74
9
74
9
99
16
58
9
64
9
74
9
64
9
94
9
14
9
14
16
58
9
74
9
34
9
74
15
57
19
61
19
91
9
64
17
29
9
74
9
28
13
55
9
94
16
28
9
44
9
34
9
44
9
94
9
14
9
44
9
74
9
34
17
59
19
31
15
27
9
14
13
25
9
78
9
14
9
94
17
89
9
99
9
94
9
14
9
74
9
94
9
44
9
62
13
85
9
14
9
44
16
88
15
87
9
14
9
94
9
94
19
91
15
27
15
57
9
94
9
74
14
86
8
5
9
92
16
58
9
99
9
74
9
74
16
88
9
64
9
14
9
99
15
57
9
99
15
87
9
99
9
64
9
64
17
29
9
74
15
57
9
44
9
99
9
67
15
27
9
99
9
64
16
28
9
14
9
94
9
74
9
99
9
74
9
93
9
99
9
64
16
58
9
94
15
27
9
64
9
73
9
44
9
18
3
29
9
64
9
34
9
74
9
34
0
43
9
59
9
14
18
30
9
64
9
14
18
90
17
59
9
64
9
34
9
34
9
94
9
93
9
14
15
27
9
28
9
44
9
64
9
34
9
34
3
79
9
44
9
64
8
85
9
94
9
44
9
74
16
88
9
94
4
59
4
42
9
63
17
59
3
29
9
44
1
49
16
28
9
34
16
88
15
87
9
34
9
44
9
42
9
94
16
28
9
44
15
87
9
96
9
64
9
44
9
94
0
60
17
29
16
28
9
44
9
28
9
94
8
85
9
64
9
74
9
14
17
59
4
9
9
74
17
89
9
94
9
34
9
31
18
51
9
76
1
38
16
28
9
34
19
19
19
91
9
34
9
74
9
44
9
94
9
74
9
74
2
9
1
39
9
14
1
29
1
79
9
34
9
14
9
74
9
74
9
74
9
64
9
34
9
74
9
94
18
60
9
74
15
57
15
57
4
49
9
74
1
79
9
64
9
99
9
34
9
99
9
14
9
99
9
61
9
34
3
19
16
88
0
0
4
89
0
80
15
57
9
14
9
44
9
13
9
99
13
55
9
14
17
89
8
55
9
64
9
44
9
99
9
94
17
89
9
14
9
34
9
74
9
74
9
94
2
79
9
44
1
49
9
27
16
88
9
64
9
99
17
29
0
43
4
97
9
94
9
99
9
94
9
64
2
79
0
16
13
25
9
14
9
94
9
44
16
58
15
27
1
40
0
59
18
90
18
60
9
34
9
88
9
74
9
64
9
34
17
29
9
8
9
14
4
39
9
98
9
99
9
64
15
57
0
37
9
99
9
94
9
94
13
25
9
44
8
75
16
58
9
99
9
17
9
99
19
61
0
60
1
79
19
61
8
65
9
34
9
94
9
99
17
89
4
92
16
58
9
44
9
34
9
74
9
74
9
11
15
87
15
57
9
44
9
99
9
64
9
74
9
39
15
57
3
97
0
20
14
56
14
26
15
57
9
37
17
23
9
14
16
88
9
64
9
44
9
94
1
81
9
94
14
86
9
34
9
94
9
64
9
64
9
74
0
70
1
61
0
35
9
47
9
43
9
94
9
58
0
97
1
93
9
64
17
29
4
91
9
6
0
0
4
21
16
28
9
44
16
88
9
14
0
90
9
74
9
86
2
10
9
3
2
39
9
94
15
57
9
44
0
77
9
74
9
94
9
94
9
64
2
38
9
38
13
55
0
50
15
27
9
64
9
78
3
59
9
94
17
59
19
31
9
64
9
64
9
44
16
58
9
99
9
99
9
64
15
82
9
64
9
7
9
44
9
64
9
99
9
44
1
52
2
69
9
44
19
82
2
89
9
74
0
37
18
30
9
94
9
88
9
99
15
57
19
82
9
64
9
94
2
9
9
94
9
44
14
56
9
34
9
72
9
74
9
64
9
64
9
14
19
91
15
27
13
25
9
99
4
89
14
56
15
57
2
19
9
94
9
34
9
44
9
43
9
98
9
86
9
34
9
44
9
74
2
85
9
14
8
45
15
22
9
64
9
44
19
22
9
99
9
94
0
71
13
25
0
20
9
74
9
34
13
55
9
99
9
44
9
94
9
14
16
28
15
87
9
94
9
44
15
87
9
14
15
57
9
48
9
13
9
99
9
36
9
94
0
84
9
74
16
58
9
14
4
69
9
79
17
59
9
44
9
26
9
74
9
37
13
55
9
64
9
94
14
26
17
89
9
99
9
33
9
14
9
44
3
39
9
14
9
99
2
59
9
94
9
34
15
87
9
99
1
9
9
44
9
44
19
91
9
44
17
29
0
59
0
30
9
99
15
87
17
81
2
39
17
89
9
64
1
21
0
50
9
64
3
49
9
44
9
64
9
44
13
55
16
28
9
44
9
99
4
31
14
26
9
94
9
64
9
64
9
34
9
94
1
61
9
28
15
27
9
94
16
58
1
39
1
22
9
64
9
14
17
29
2
79
9
74
9
94
1
69
9
34
9
14
19
61
9
34
9
99
9
74
9
64
16
28
9
96
4
69
9
99
9
99
9
34
9
64
9
14
9
99
9
44
9
64
9
96
9
32
9
64
9
44
9
64
9
34
9
0
9
64
15
87
9
44
17
89
2
51
0
42
9
64
9
74
15
57
9
64
9
34
9
74
9
94
9
74
9
44
15
27
9
64
9
74
9
74
1
89
16
28
1
41
3
99
9
44
9
44
9
61
9
64
9
71
9
99
9
64
9
44
9
94
9
64
18
60
16
28
9
99
9
34
9
34
9
14
19
61
9
66
9
99
9
99
8
95
1
91
9
99
14
56
15
57
19
31
9
33
0
59
0
70
9
74
9
34
14
26
3
39
17
59
16
28
0
70
9
94
16
58
9
74
15
57
15
27
15
87
9
34
0
69
9
14
9
64
9
14
9
99
9
34
1
39
9
73
9
58
9
94
16
58
9
14
9
74
9
34
17
29
9
14
14
26
9
44
9
64
9
14
2
81
18
90
9
74
9
44
9
29
2
4
16
81
16
88
4
91
15
87
9
61
9
14
9
31
9
99
9
74
9
44
9
94
16
28
9
94
9
64
2
58
9
36
9
99
9
94
9
64
9
44
16
28
9
34
9
99
14
86
9
37
9
98
2
31
9
94
8
85
0
37
15
57
16
28
18
60
9
99
9
64
2
85
9
34
9
6
13
85
9
34
15
27
9
94
14
26
9
14
19
23
15
27
4
41
9
74
14
56
0
32
9
74
9
79
9
64
9
44
18
60
1
19
16
58
18
30
13
85
9
34
9
34
9
64
17
59
18
60
9
94
9
58
18
51
9
94
9
44
9
44
2
59
9
14
9
14
9
14
9
74
9
66
13
25
14
56
9
44
9
99
1
69
0
40
9
71
9
64
9
44
19
31
9
99
9
64
0
0
9
44
9
7
9
99
9
64
9
87
16
58
2
30
9
99
9
99
18
90
3
61
15
57
9
44
18
90
9
74
15
57
2
90
9
99
1
13
9
44
0
0
9
14
9
36
9
41
9
34
15
27
9
64
9
14
9
99
9
44
9
64
9
64
9
14
9
99
9
34
9
34
1
99
9
64
9
94
9
34
15
27
9
34
9
99
9
64
9
31
2
60
0
95
9
14
9
94
9
14
15
27
9
84
9
94
9
36
9
64
9
74
13
55
17
59
3
49
9
99
17
29
9
34
9
43
9
34
15
87
1
89
16
88
2
17
19
31
9
94
14
56
8
35
9
74
3
33
15
82
8
55
2
49
19
91
9
94
16
58
9
94
17
89
9
34
0
30
9
64
9
94
15
27
9
94
14
86
9
99
9
14
4
21
16
28
2
89
3
39
2
21
9
99
3
89
4
99
17
81
9
0
9
14
9
74
8
75
17
29
9
74
9
74
3
29
9
74
18
90
2
49
9
34
9
46
15
27
15
57
9
7
