17
59
9
99
16
28
14
56
9
34
9
94
9
64
17
89
9
34
9
64
9
14
9
14
9
64
16
28
9
44
9
64
9
34
9
14
9
34
9
34
19
49
9
99
9
99
9
14
9
34
0
80
9
34
9
94
19
92
9
64
17
29
9
44
9
99
9
74
15
27
9
34
14
26
9
94
16
28
9
34
16
58
9
14
16
58
9
64
9
99
14
26
9
74
9
94
9
64
17
59
9
86
9
64
18
90
9
44
9
94
9
99
9
64
18
60
9
99
9
44
9
44
9
94
19
31
9
94
19
61
19
31
8
45
18
30
9
44
9
34
9
74
9
44
19
92
15
87
9
64
9
94
9
34
9
44
9
14
9
64
9
94
9
94
19
61
9
34
9
74
9
36
9
94
9
74
9
94
9
34
9
74
9
94
9
34
9
94
18
30
9
44
9
44
9
94
9
74
9
74
9
64
19
92
9
99
9
64
9
99
9
34
9
74
9
74
9
74
18
30
9
6
16
28
9
34
19
52
9
74
19
61
16
58
9
34
9
14
18
59
18
90
9
44
9
34
9
14
9
32
9
99
17
59
9
96
9
99
16
88
9
74
9
44
9
64
9
34
9
44
9
64
9
44
9
74
9
74
9
99
17
59
9
64
9
74
9
64
9
94
9
14
9
14
17
59
9
74
9
34
9
74
16
58
19
62
19
92
9
64
18
30
9
74
9
28
14
56
9
94
17
29
9
44
9
34
9
44
9
94
9
14
9
44
9
74
9
34
18
60
19
32
16
28
9
14
14
26
9
78
9
14
9
94
18
90
9
99
9
94
9
14
9
74
9
94
9
44
9
62
14
86
9
14
9
44
17
89
16
88
9
14
9
94
9
94
19
92
16
28
16
58
9
94
9
74
15
87
8
5
9
92
17
59
9
99
9
74
9
74
17
89
9
64
9
14
9
99
16
58
9
99
16
88
9
99
9
64
9
64
18
30
9
74
16
58
9
44
9
99
9
67
16
28
9
99
9
64
17
29
9
14
9
94
9
74
9
99
9
74
9
93
9
99
9
64
17
59
9
94
16
28
9
64
9
73
9
44
9
18
3
29
9
64
9
34
9
74
9
34
0
43
9
59
9
14
19
31
9
64
9
14
19
91
18
60
9
64
9
34
9
34
9
94
9
93
9
14
16
28
9
28
9
44
9
64
9
34
9
34
3
79
9
44
9
64
8
85
9
94
9
44
9
74
17
89
9
94
4
59
4
42
9
63
18
60
3
29
9
44
1
49
17
29
9
34
17
89
16
88
9
34
9
44
9
42
9
94
17
29
9
44
16
88
9
96
9
64
9
44
9
94
0
60
18
30
17
29
9
44
9
28
9
94
8
85
9
64
9
74
9
14
18
60
4
9
9
74
18
90
9
94
9
34
9
31
19
51
9
76
1
38
17
29
9
34
19
18
19
92
9
34
9
74
9
44
9
94
9
74
9
74
2
9
1
39
9
14
1
29
1
79
9
34
9
14
9
74
9
74
9
74
9
64
9
34
9
74
9
94
19
61
9
74
16
58
16
58
4
49
9
74
1
79
9
64
9
99
9
34
9
99
9
14
9
99
9
61
9
34
3
19
17
89
0
0
4
89
0
80
16
58
9
14
9
44
9
13
9
99
14
56
9
14
18
90
8
55
9
64
9
44
9
99
9
94
18
90
9
14
9
34
9
74
9
74
9
94
2
79
9
44
1
49
9
27
17
89
9
64
9
99
18
30
0
43
4
97
9
94
9
99
9
94
9
64
2
79
0
16
14
26
9
14
9
94
9
44
17
59
16
28
1
40
0
59
19
91
19
61
9
34
9
88
9
74
9
64
9
34
18
30
9
8
9
14
4
39
9
98
9
99
9
64
16
58
0
37
9
99
9
94
9
94
14
26
9
44
8
75
17
59
9
99
9
17
9
99
19
62
0
60
1
79
19
62
8
65
9
34
9
94
9
99
18
90
4
92
17
59
9
44
9
34
9
74
9
74
9
11
16
88
16
58
9
44
9
99
9
64
9
74
9
39
16
58
3
97
0
20
15
57
15
27
16
58
9
37
18
23
9
14
17
89
9
64
9
44
9
94
1
81
9
94
15
87
9
34
9
94
9
64
9
64
9
74
0
70
1
61
0
35
9
47
9
43
9
94
9
58
0
97
1
93
9
64
18
30
4
91
9
6
0
0
4
21
17
29
9
44
17
89
9
14
0
90
9
74
9
86
2
10
9
3
2
39
9
94
16
58
9
44
0
77
9
74
9
94
9
94
9
64
2
38
9
38
14
56
0
50
16
28
9
64
9
78
3
59
9
94
18
60
19
32
9
64
9
64
9
44
17
59
9
99
9
99
9
64
16
82
9
64
9
7
9
44
9
64
9
99
9
44
1
52
2
69
9
44
19
82
2
89
9
74
0
37
19
31
9
94
9
88
9
99
16
58
19
82
9
64
9
94
2
9
9
94
9
44
15
57
9
34
9
72
9
74
9
64
9
64
9
14
19
92
16
28
14
26
9
99
4
89
15
57
16
58
2
19
9
94
9
34
9
44
9
43
9
98
9
86
9
34
9
44
9
74
2
85
9
14
8
45
16
22
9
64
9
44
19
22
9
99
9
94
0
71
14
26
0
20
9
74
9
34
14
56
9
99
9
44
9
94
9
14
17
29
16
88
9
94
9
44
16
88
9
14
16
58
9
48
9
13
9
99
9
36
9
94
0
84
9
74
17
59
9
14
4
69
9
79
18
60
9
44
9
26
9
74
9
37
14
56
9
64
9
94
15
27
18
90
9
99
9
33
9
14
9
44
3
39
9
14
9
99
2
59
9
94
9
34
16
88
9
99
1
9
9
44
9
44
19
92
9
44
18
30
0
59
0
30
9
99
16
88
18
81
2
39
18
90
9
64
1
21
0
50
9
64
3
49
9
44
9
64
9
44
14
56
17
29
9
44
9
99
4
31
15
27
9
94
9
64
9
64
9
34
9
94
1
61
9
28
16
28
9
94
17
59
1
39
1
22
9
64
9
14
18
30
2
79
9
74
9
94
1
69
9
34
9
14
19
62
9
34
9
99
9
74
9
64
17
29
9
96
4
69
9
99
9
99
9
34
9
64
9
14
9
99
9
44
9
64
9
96
9
32
9
64
9
44
9
64
9
34
9
0
9
64
16
88
9
44
18
90
2
51
0
42
9
64
9
74
16
58
9
64
9
34
9
74
9
94
9
74
9
44
16
28
9
64
9
74
9
74
1
89
17
29
1
41
3
99
9
44
9
44
9
61
9
64
9
71
9
99
9
64
9
44
9
94
9
64
19
61
17
29
9
99
9
34
9
34
9
14
19
62
9
66
9
99
9
99
8
95
1
91
9
99
15
57
16
58
19
32
9
33
0
59
0
70
9
74
9
34
15
27
3
39
18
60
17
29
0
70
9
94
17
59
9
74
16
58
16
28
16
88
9
34
0
69
9
14
9
64
9
14
9
99
9
34
1
39
9
73
9
58
9
94
17
59
9
14
9
74
9
34
18
30
9
14
15
27
9
44
9
64
9
14
2
81
19
91
9
74
9
44
9
29
2
4
17
81
17
89
4
91
16
88
9
61
9
14
9
31
9
99
9
74
9
44
9
94
17
29
9
94
9
64
2
58
9
36
9
99
9
94
9
64
9
44
17
29
9
34
9
99
15
87
9
37
9
98
2
31
9
94
8
85
0
37
16
58
17
29
19
61
9
99
9
64
2
85
9
34
9
6
14
86
9
34
16
28
9
94
15
27
9
14
19
23
16
28
4
41
9
74
15
57
0
32
9
74
9
79
9
64
9
44
19
61
1
19
17
59
19
31
14
86
9
34
9
34
9
64
18
60
19
61
9
94
9
58
19
51
9
94
9
44
9
44
2
59
9
14
9
14
9
14
9
74
9
66
14
26
15
57
9
44
9
99
1
69
0
40
9
71
9
64
9
44
19
32
9
99
9
64
0
0
9
44
9
7
9
99
9
64
9
87
17
59
2
30
9
99
9
99
19
91
3
61
16
58
9
44
19
91
9
74
16
58
2
90
9
99
1
13
9
44
0
0
9
14
9
36
9
41
9
34
16
28
9
64
9
14
9
99
9
44
9
64
9
64
9
14
9
99
9
34
9
34
1
99
9
64
9
94
9
34
16
28
9
34
9
99
9
64
9
31
2
60
0
95
9
14
9
94
9
14
16
28
9
84
9
94
9
36
9
64
9
74
14
56
18
60
3
49
9
99
18
30
9
34
9
43
9
34
16
88
1
89
17
89
2
17
19
32
9
94
15
57
8
35
9
74
3
33
16
82
8
55
2
49
19
92
9
94
17
59
9
94
18
90
9
34
0
30
9
64
9
94
16
28
9
94
15
87
9
99
9
14
4
21
17
29
2
89
3
39
2
21
9
99
3
89
4
99
18
81
9
0
9
14
9
74
8
75
18
30
9
74
9
74
3
29
9
74
19
91
2
49
9
34
9
46
16
28
16
58
9
7
