1
43
4
91
0
14
3
40
1
20
2
81
4
52
4
73
2
24
3
59
3
2
1
7
0
58
4
12
3
31
2
57
1
27
3
0
1
28
2
27
3
57
0
99
1
95
1
1
0
28
0
80
3
20
1
88
4
79
1
59
1
14
4
31
1
94
4
69
1
11
1
22
1
10
4
81
1
12
0
24
0
47
2
5
0
42
4
57
1
95
4
10
0
69
0
86
0
52
4
43
4
86
4
53
2
77
3
30
1
81
3
94
2
59
2
49
0
95
4
30
4
39
4
86
3
18
0
83
3
46
3
18
0
45
2
14
4
37
0
29
0
63
0
36
4
77
3
71
2
58
3
83
4
21
2
38
2
6
1
56
0
87
1
85
3
48
0
26
3
68
0
49
4
85
3
62
1
81
1
25
1
64
1
83
1
21
3
85
2
15
3
37
1
36
1
81
3
68
3
68
4
57
4
78
0
94
4
51
4
93
1
34
2
66
2
64
1
63
2
16
1
14
0
19
3
28
3
54
3
66
3
49
2
42
3
25
0
7
2
49
2
75
3
39
4
21
0
9
4
32
4
93
1
47
4
96
4
90
0
76
2
65
2
31
4
54
0
24
3
31
0
52
2
38
0
63
1
63
1
93
2
43
4
55
1
62
2
52
4
89
1
7
3
2
2
43
3
66
3
24
3
68
4
42
4
47
4
77
4
58
2
14
1
69
2
28
4
40
4
87
2
13
3
38
1
22
0
39
3
88
4
4
3
35
0
67
1
25
3
44
4
17
0
13
3
7
2
10
2
78
1
9
3
83
2
75
1
95
2
84
4
3
0
69
2
86
1
32
0
62
3
70
3
7
4
36
1
75
0
77
3
5
1
89
1
88
4
79
0
14
0
44
4
81
3
60
2
71
2
5
4
92
1
47
4
97
2
69
1
64
1
76
1
55
3
3
1
94
0
46
4
96
0
78
2
98
2
57
0
57
2
17
0
63
0
42
2
32
0
93
1
67
0
14
2
92
1
52
2
13
4
5
4
89
2
69
3
90
3
61
3
93
4
97
1
55
1
44
3
84
1
12
4
58
4
74
1
32
2
19
3
24
0
56
1
22
3
68
1
27
0
43
3
59
0
9
3
19
0
51
1
9
3
79
2
48
1
57
1
24
1
20
3
86
4
94
1
8
0
16
0
28
3
31
1
51
3
24
1
29
3
79
3
32
2
55
3
85
4
87
1
38
0
61
1
76
2
80
4
58
4
42
1
63
3
44
3
29
4
36
1
45
1
18
4
23
1
77
3
72
4
25
4
34
4
42
2
94
2
13
4
37
0
75
2
96
2
56
3
38
4
81
0
60
2
15
2
13
0
38
4
28
3
84
2
85
1
55
3
66
1
1
2
44
4
6
3
66
2
78
1
87
0
24
2
30
4
50
0
82
0
38
1
13
2
23
4
27
4
77
1
22
4
69
0
33
1
88
0
62
0
67
2
9
3
33
0
5
1
27
2
79
2
24
4
7
1
67
3
60
2
62
0
52
0
21
3
69
3
83
3
45
3
64
0
49
0
49
4
41
1
67
0
75
2
51
0
94
3
27
3
93
3
2
4
98
3
61
2
22
3
10
1
77
0
0
4
82
0
80
0
43
2
1
0
33
4
13
1
92
1
40
4
2
2
74
1
55
3
51
0
33
2
95
0
82
2
78
4
7
3
26
0
66
1
61
3
83
2
77
1
34
1
42
0
27
1
73
3
55
1
96
4
14
0
43
4
97
4
82
3
93
4
84
4
58
2
79
0
16
2
10
2
8
4
80
3
32
1
43
0
15
1
40
0
59
3
77
3
47
3
26
1
88
4
68
4
57
0
22
2
14
1
9
0
4
4
33
4
99
0
94
3
54
0
45
0
37
1
93
3
89
0
87
1
10
4
37
0
75
1
48
0
93
1
17
1
92
4
49
0
60
1
70
4
46
3
65
3
23
0
87
3
93
4
74
4
92
1
45
1
30
3
25
3
60
0
65
1
11
0
73
0
44
2
31
1
95
4
59
1
67
4
39
4
42
3
97
0
20
2
41
1
11
1
42
4
37
2
23
0
9
1
76
3
56
4
33
0
81
0
84
1
80
4
71
1
21
1
84
4
56
4
50
0
61
0
70
2
60
0
35
1
47
3
44
1
80
0
58
0
97
1
93
1
55
2
16
4
91
2
6
0
0
4
30
1
13
3
31
1
78
1
0
0
90
1
68
3
93
2
10
2
4
2
37
2
88
0
49
3
33
0
77
4
64
1
89
1
84
4
58
2
38
1
38
4
40
0
50
0
16
3
57
0
78
3
56
0
85
4
44
4
18
1
51
4
53
2
39
1
43
4
94
4
93
0
54
0
82
3
54
4
7
3
37
2
58
2
96
3
34
4
52
2
66
3
37
4
84
2
84
0
66
0
37
3
15
1
85
1
88
1
98
0
49
4
82
2
56
2
86
2
7
3
86
1
39
0
41
3
27
3
72
1
60
4
58
2
59
1
6
4
76
0
17
3
10
1
98
4
84
2
41
0
48
2
11
3
89
1
24
1
38
2
43
2
98
2
93
0
29
2
34
4
63
2
84
3
3
3
45
0
22
1
58
0
31
4
22
3
91
1
84
0
71
4
10
0
20
3
67
3
21
4
40
2
97
3
32
4
84
1
9
1
14
3
72
2
83
2
38
0
74
0
5
0
46
2
48
4
14
2
92
1
50
4
85
0
84
3
60
1
47
2
5
4
69
0
79
2
48
3
34
0
39
1
66
2
37
1
40
3
52
3
80
0
11
2
78
4
90
2
33
3
4
2
32
3
37
4
3
3
90
2
59
4
86
2
24
0
76
2
98
0
4
3
38
4
38
4
78
3
33
2
14
2
57
0
30
1
96
4
72
2
81
2
31
2
77
0
56
4
20
0
50
4
52
3
43
1
39
2
56
3
34
4
40
1
16
3
35
0
91
4
31
4
11
2
82
0
53
1
52
3
24
3
80
1
61
4
29
0
12
0
85
1
44
2
35
4
22
0
59
4
6
4
14
2
75
2
65
3
81
1
62
1
23
1
5
4
49
3
22
0
99
3
60
4
50
2
13
4
96
4
60
4
94
2
95
4
22
1
51
2
0
4
94
2
37
4
53
0
96
1
32
4
51
3
37
1
54
2
24
0
1
3
52
0
78
2
37
4
74
2
51
0
42
0
58
2
61
0
47
3
51
1
24
2
66
0
87
4
66
2
30
4
12
1
56
3
60
4
60
1
86
4
13
4
41
3
90
2
31
3
30
1
60
1
51
4
71
1
94
0
51
1
34
3
86
4
51
3
48
1
19
0
93
2
22
4
28
0
5
4
46
0
66
0
96
4
90
3
95
0
97
3
93
0
41
0
47
4
19
4
33
1
56
0
70
4
65
2
23
3
11
3
33
2
47
1
13
0
70
3
89
4
43
0
65
1
42
4
12
0
77
3
29
0
69
3
5
4
54
3
6
0
99
0
29
2
30
4
74
0
59
2
86
1
48
4
6
2
65
3
28
2
19
4
2
0
11
3
32
2
52
0
3
2
83
3
79
1
61
2
34
2
29
2
4
1
81
1
78
4
93
3
72
3
61
4
2
1
31
2
94
3
60
1
37
2
80
1
15
4
85
1
55
2
58
1
41
2
98
2
86
3
50
0
33
4
13
4
26
1
96
1
71
4
37
4
98
2
34
4
88
3
85
0
37
0
43
1
15
3
47
2
94
0
58
2
85
2
24
4
20
4
70
2
26
0
17
3
85
1
11
1
1
4
23
0
13
4
41
0
69
3
41
0
32
4
65
3
79
1
59
1
32
3
48
1
17
1
49
3
16
3
70
1
28
0
25
4
55
2
48
3
46
3
88
4
58
3
51
4
87
1
31
1
36
2
55
2
0
0
8
3
9
3
60
3
73
4
10
4
41
1
32
0
96
1
68
0
40
1
71
3
53
2
33
4
17
4
91
0
57
0
0
4
37
2
7
3
94
0
59
4
87
3
43
2
30
2
92
0
98
3
77
3
61
1
42
2
34
3
75
0
64
1
42
2
90
1
92
1
13
0
37
0
0
3
5
4
36
1
41
1
29
0
14
4
50
0
1
4
94
2
37
2
55
0
52
0
5
1
90
1
20
2
27
1
97
4
59
0
85
1
28
0
12
1
29
2
90
0
58
3
31
2
60
0
95
0
9
3
84
3
4
0
17
3
84
0
89
4
42
4
51
2
63
4
40
3
44
3
42
2
96
3
14
0
23
4
43
2
28
0
73
1
80
1
79
2
17
4
18
4
82
3
41
0
35
3
62
3
33
0
83
4
55
2
43
4
76
0
89
1
43
3
88
2
77
3
28
0
30
1
52
3
88
0
19
1
88
2
71
1
96
3
9
4
28
1
18
2
83
2
37
2
30
0
95
3
83
4
90
2
81
2
10
2
6
0
67
4
75
2
18
0
64
2
65
3
23
3
62
3
79
3
40
0
28
4
46
0
19
0
45
1
7
