5
47
8
95
4
18
6
44
4
24
6
85
8
56
8
77
6
28
7
59
7
6
5
9
4
59
8
16
7
35
6
59
5
29
6
4
5
29
6
29
7
53
4
99
5
99
5
5
4
29
0
80
6
24
5
89
8
80
5
59
5
18
8
35
5
98
8
70
5
15
5
26
4
14
8
85
5
16
4
28
4
49
6
9
4
46
8
60
5
99
7
14
4
69
4
89
4
56
8
47
8
86
8
57
6
79
6
34
5
85
7
98
6
59
6
49
4
99
7
34
8
40
8
90
7
19
4
87
7
49
7
19
4
45
6
18
8
40
4
29
4
67
4
39
8
80
7
75
6
59
7
87
8
25
6
39
6
9
5
59
4
89
5
89
7
49
4
29
7
69
4
45
8
89
7
66
5
85
5
29
5
67
5
87
5
25
7
89
6
19
7
39
5
39
5
85
7
69
7
69
8
60
8
80
4
98
8
55
8
97
5
34
6
69
6
68
5
67
6
19
5
11
4
19
7
29
7
54
7
69
7
49
6
46
7
29
4
9
6
49
6
79
7
39
8
25
4
9
8
32
8
97
5
49
8
96
7
94
4
79
6
69
6
35
8
58
4
28
7
35
4
56
6
39
4
67
5
67
5
97
6
47
8
59
5
66
6
56
8
90
5
9
7
6
6
47
7
69
7
28
7
69
8
46
8
50
8
80
8
60
6
18
5
69
6
28
7
44
8
90
6
17
7
39
5
26
4
39
7
89
8
8
7
39
4
69
5
29
7
48
8
20
4
17
7
9
5
14
6
78
5
9
7
87
6
79
5
99
6
88
8
7
4
69
6
89
5
36
4
62
6
74
7
9
8
40
5
79
4
79
7
9
5
89
5
89
8
80
4
18
4
48
8
85
6
64
6
75
6
5
8
92
5
49
8
99
6
69
5
68
5
79
5
59
7
7
5
98
4
49
8
99
4
79
6
99
6
59
4
59
6
19
4
67
4
46
6
36
4
97
5
67
4
18
6
96
5
56
6
17
8
9
8
90
6
69
6
94
7
65
7
93
8
99
5
59
5
48
7
88
5
16
8
60
8
74
5
36
6
18
3
28
4
59
5
26
7
69
5
29
0
43
7
59
4
9
7
19
4
55
5
9
7
79
6
49
5
59
5
28
4
24
7
89
8
94
5
9
4
19
4
28
7
35
5
55
7
28
5
29
3
79
7
36
6
59
7
85
8
90
5
39
4
65
5
79
5
84
4
59
4
42
5
63
7
48
3
29
8
40
1
49
5
19
8
27
5
79
7
76
8
29
8
38
8
42
6
94
6
17
8
40
4
79
6
96
6
59
7
39
8
85
0
60
6
19
6
17
4
39
8
28
7
88
6
85
5
59
7
69
5
5
6
48
4
9
7
69
6
79
5
89
4
28
5
31
7
51
4
81
1
38
5
17
6
27
8
23
8
80
5
26
8
70
4
37
5
89
4
66
4
69
2
9
1
37
4
9
1
29
1
79
6
28
8
10
5
69
6
64
6
66
4
56
4
25
7
69
7
87
7
49
7
68
4
49
4
49
4
45
5
69
1
79
6
55
4
98
7
29
7
97
7
6
8
99
7
61
6
26
3
14
5
79
0
0
4
86
0
80
4
47
6
5
4
37
8
13
5
96
4
44
8
6
6
78
5
55
7
55
4
37
6
99
4
86
6
79
8
10
7
29
4
69
5
65
7
87
2
79
5
38
1
46
4
27
5
77
7
59
5
99
8
18
0
43
4
97
8
86
7
97
8
88
8
60
2
79
0
16
5
14
6
9
7
84
7
36
5
47
4
19
1
40
0
59
7
79
7
49
7
29
5
88
8
70
8
60
4
26
6
18
5
8
4
8
4
37
8
98
4
98
7
58
4
49
0
37
5
97
7
89
4
89
4
14
8
40
4
75
5
49
4
97
5
17
5
96
8
50
0
60
1
74
8
50
7
65
7
27
4
89
7
97
8
78
4
92
5
49
4
34
7
29
6
64
4
69
5
11
4
77
4
48
6
35
5
99
8
60
5
69
8
39
8
46
3
97
0
20
6
45
5
15
5
46
8
37
6
23
4
9
5
79
7
59
8
37
4
85
1
81
4
84
8
75
5
25
5
88
8
60
7
54
4
65
0
70
1
61
0
35
5
47
7
44
4
84
4
58
0
97
1
93
5
59
6
19
4
91
6
6
0
0
4
26
5
17
7
35
5
79
4
4
0
90
5
69
7
91
2
10
6
4
2
39
6
89
4
49
7
37
0
77
8
68
5
89
5
88
8
60
2
38
5
38
7
44
0
50
4
19
7
59
4
78
3
59
4
89
8
48
8
20
5
55
8
57
6
39
5
47
8
98
8
97
4
58
4
82
7
58
8
7
7
39
6
59
6
99
7
38
1
52
2
69
7
39
8
84
2
88
4
69
0
37
7
19
5
89
5
88
5
99
4
49
8
82
6
59
6
89
2
9
7
89
5
39
4
45
7
29
7
72
4
64
8
60
6
59
5
9
8
80
4
19
6
14
5
99
4
88
6
45
4
49
2
15
7
89
5
28
5
39
6
43
6
98
6
91
4
29
6
38
8
67
2
85
7
7
7
45
4
22
5
59
4
35
8
22
7
95
5
88
0
71
7
14
0
20
7
69
7
25
7
44
6
99
7
36
8
88
5
9
5
18
7
76
6
87
6
39
4
78
4
9
4
49
6
48
8
14
6
96
4
46
8
89
0
84
6
64
5
49
6
9
4
69
4
79
6
49
7
38
4
35
5
69
6
37
4
44
7
56
6
84
4
15
6
79
7
94
6
33
7
8
6
36
3
39
8
7
6
94
2
59
8
90
6
28
4
79
6
99
1
8
7
39
8
40
8
80
7
37
6
18
0
59
0
30
5
99
8
76
6
81
2
35
6
79
4
59
1
21
0
50
8
56
3
47
5
39
6
59
7
38
7
44
5
19
7
39
4
95
4
31
8
15
6
86
4
57
5
56
7
28
6
84
1
61
8
28
4
16
4
89
5
48
1
39
1
22
4
59
8
10
8
18
2
79
6
69
7
85
1
66
5
27
5
9
8
50
7
26
4
99
6
64
7
54
6
17
8
96
4
64
8
98
6
99
8
26
5
55
5
4
8
98
6
39
8
57
4
96
5
32
8
55
7
39
5
58
6
28
4
1
7
56
4
79
6
39
8
78
2
51
0
42
4
59
6
65
4
49
7
55
5
28
6
69
4
89
8
70
5
34
8
16
5
59
6
64
7
64
1
89
8
17
1
41
3
94
6
35
6
34
4
61
5
55
8
71
5
98
4
55
5
38
7
89
8
55
7
49
5
19
4
97
6
26
8
30
4
9
8
50
4
66
4
99
7
94
7
95
1
93
7
97
4
45
4
49
8
20
8
33
0
59
0
70
8
69
6
27
7
15
3
37
6
49
5
17
0
70
7
89
8
47
4
69
5
46
8
16
4
79
7
29
0
69
7
9
8
58
7
9
4
99
4
29
1
34
8
74
4
58
6
89
5
49
8
10
6
69
7
29
6
19
8
6
4
15
7
36
6
56
4
7
2
81
7
79
5
65
6
38
6
29
2
4
5
81
5
79
4
91
7
76
7
61
8
6
5
31
6
98
6
64
5
39
5
84
5
19
8
89
5
59
2
58
5
41
6
99
6
89
6
54
4
37
8
17
8
30
5
99
5
75
8
37
8
98
2
31
8
90
7
85
0
37
4
47
5
19
7
49
6
98
4
59
2
85
6
28
7
16
7
74
6
29
4
19
7
89
5
15
5
5
8
23
4
17
4
41
4
69
7
45
0
32
8
69
7
79
5
59
5
36
7
49
1
19
5
49
7
19
6
74
5
29
4
29
8
59
6
49
7
49
7
89
8
58
7
51
8
90
5
35
5
39
2
59
5
4
4
9
7
9
6
64
7
71
7
14
8
45
5
36
4
99
1
69
0
40
5
71
7
57
6
37
8
20
8
95
4
59
0
0
8
40
6
7
7
98
4
59
8
87
7
47
2
30
6
96
4
99
7
79
3
61
5
46
6
38
7
79
4
68
5
46
2
90
5
96
1
13
4
39
0
0
7
9
8
36
5
41
5
29
4
18
7
54
4
5
8
98
6
39
6
59
4
56
4
9
4
94
4
24
6
29
1
99
8
60
4
89
5
29
4
16
5
29
5
94
4
59
7
31
2
60
0
95
4
9
7
88
7
8
4
19
7
84
4
89
8
40
8
55
6
67
7
44
7
48
3
46
6
99
7
18
4
27
8
43
6
29
4
77
1
84
5
79
2
17
8
20
8
86
7
45
4
35
7
66
3
33
4
83
8
55
2
47
8
80
4
89
5
47
7
89
6
79
7
29
0
30
5
56
7
89
4
19
5
89
6
75
5
99
7
9
4
24
5
19
2
87
3
39
2
26
4
99
3
87
4
94
6
81
5
6
6
9
4
69
8
75
6
19
4
68
6
69
3
27
7
66
7
79
2
44
4
29
8
46
4
19
4
49
5
7
