11
53
9
99
10
22
9
50
9
30
9
91
9
62
11
83
9
34
9
64
9
12
9
13
9
62
10
22
9
41
9
64
9
33
9
10
9
33
9
34
13
51
9
99
9
99
9
11
9
32
0
80
9
30
9
93
14
86
9
63
11
23
9
41
9
99
9
74
9
21
9
32
9
20
9
91
10
22
9
32
10
52
9
14
10
52
9
64
9
99
9
20
9
72
9
92
9
62
11
53
9
86
9
63
12
84
9
40
9
91
9
99
9
64
12
54
9
99
9
40
9
44
9
94
13
25
9
92
13
55
13
25
8
45
12
24
9
44
9
32
9
72
9
42
14
86
9
81
9
64
9
93
9
31
9
44
9
14
9
63
9
92
9
93
13
55
9
32
9
74
9
39
9
94
9
72
9
91
9
33
9
73
9
93
9
31
9
94
12
24
9
44
9
43
9
91
9
74
9
74
9
64
14
86
9
99
9
61
9
99
9
34
9
74
9
74
9
73
12
24
9
7
10
22
9
34
13
52
9
74
13
55
10
52
9
34
9
12
12
53
12
84
9
44
9
31
9
12
9
32
9
99
11
53
9
96
9
99
10
82
9
74
9
41
9
64
9
32
9
41
9
62
9
44
9
72
9
73
9
99
11
53
9
64
9
72
9
62
9
94
9
13
9
12
11
53
9
74
9
34
9
74
10
52
14
56
14
86
9
64
12
24
9
73
9
28
9
50
9
94
11
23
9
44
9
32
9
42
9
94
9
14
9
44
9
72
9
33
12
54
14
26
10
22
9
14
9
20
9
78
9
13
9
93
12
84
9
99
9
94
9
13
9
72
9
94
9
42
9
62
9
80
9
14
9
44
11
83
10
82
9
14
9
93
9
93
14
86
10
22
10
52
9
91
9
70
9
81
8
5
9
92
11
53
9
99
9
74
9
73
11
83
9
63
9
13
9
99
10
52
9
99
10
82
9
99
9
64
9
62
12
24
9
72
10
52
9
42
9
99
9
67
10
22
9
99
9
62
11
23
9
14
9
94
9
74
9
99
9
71
9
93
9
99
9
63
11
53
9
94
10
22
9
64
9
73
9
42
9
18
3
29
9
62
9
32
9
74
9
33
0
43
9
59
9
12
13
25
9
61
9
13
13
85
12
54
9
63
9
33
9
30
9
94
9
93
9
13
10
22
9
28
9
41
9
61
9
34
9
33
3
79
9
42
9
64
8
85
9
94
9
43
9
71
11
83
9
90
4
59
4
42
9
63
12
54
3
29
9
44
1
49
11
23
9
33
11
83
10
82
9
34
9
44
9
42
9
94
11
23
9
44
10
82
9
96
9
64
9
44
9
91
0
60
12
24
11
23
9
42
9
28
9
94
8
85
9
63
9
74
9
11
12
54
4
9
9
74
12
84
9
93
9
32
9
31
13
51
9
78
1
38
11
23
9
33
14
21
14
86
9
32
9
74
9
42
9
93
9
72
9
72
2
9
1
39
9
12
1
29
1
79
9
34
9
14
9
73
9
70
9
72
9
62
9
31
9
74
9
93
13
55
9
74
10
52
10
52
4
49
9
73
1
79
9
61
9
99
9
34
9
99
9
12
9
99
9
61
9
32
3
19
11
83
0
0
4
89
0
80
10
52
9
11
9
42
9
13
9
99
9
50
9
12
12
84
8
55
9
61
9
42
9
99
9
92
12
84
9
14
9
34
9
72
9
71
9
93
2
79
9
43
1
49
9
27
11
83
9
64
9
99
12
24
0
43
4
97
9
92
9
99
9
94
9
64
2
79
0
16
9
20
9
14
9
90
9
42
11
53
10
22
1
40
0
59
13
85
13
55
9
34
9
88
9
74
9
64
9
32
12
24
9
8
9
12
4
39
9
98
9
99
9
64
10
52
0
37
9
99
9
94
9
92
9
20
9
44
8
75
11
53
9
99
9
17
9
99
14
56
0
60
1
79
14
56
8
65
9
33
9
92
9
99
12
84
4
92
11
53
9
40
9
34
9
70
9
72
9
11
10
82
10
52
9
41
9
99
9
64
9
73
9
39
10
52
3
97
0
20
9
51
9
21
10
52
9
37
12
23
9
12
11
83
9
64
9
43
9
91
1
81
9
90
9
81
9
31
9
93
9
64
9
60
9
71
0
70
1
61
0
35
9
47
9
43
9
90
9
58
0
97
1
93
9
63
12
24
4
91
9
6
0
0
4
21
11
23
9
41
11
83
9
10
0
90
9
73
9
86
2
10
9
3
2
39
9
94
10
52
9
43
0
77
9
74
9
93
9
93
9
64
2
38
9
38
9
50
0
50
10
22
9
64
9
78
3
59
9
92
12
54
14
26
9
61
9
63
9
44
11
53
9
99
9
99
9
62
10
82
9
64
9
7
9
44
9
64
9
99
9
44
1
52
2
69
9
44
14
82
2
89
9
72
0
37
13
25
9
93
9
88
9
99
10
52
14
82
9
64
9
94
2
9
9
94
9
43
9
51
9
34
9
72
9
70
9
64
9
64
9
13
14
86
10
22
9
20
9
99
4
89
9
51
10
52
2
19
9
94
9
33
9
43
9
43
9
98
9
86
9
32
9
44
9
73
2
85
9
13
8
45
10
22
9
63
9
41
14
22
9
99
9
93
0
71
9
20
0
20
9
74
9
31
9
50
9
99
9
42
9
94
9
13
11
23
10
82
9
93
9
44
10
82
9
12
10
52
9
48
9
13
9
99
9
40
9
94
0
84
9
70
11
53
9
14
4
69
9
79
12
54
9
44
9
29
9
73
9
37
9
50
9
62
9
90
9
21
12
84
9
99
9
33
9
14
9
42
3
39
9
13
9
99
2
59
9
94
9
34
10
82
9
99
1
9
9
44
9
44
14
86
9
43
12
24
0
59
0
30
9
99
10
82
12
81
2
39
12
84
9
62
1
21
0
50
9
62
3
49
9
43
9
64
9
44
9
50
11
23
9
44
9
99
4
31
9
21
9
92
9
62
9
62
9
34
9
90
1
61
9
28
10
22
9
92
11
53
1
39
1
22
9
62
9
14
12
24
2
79
9
74
9
91
1
69
9
33
9
13
14
56
9
32
9
99
9
70
9
60
11
23
9
96
4
69
9
99
9
99
9
32
9
61
9
10
9
99
9
44
9
63
9
96
9
32
9
61
9
44
9
63
9
34
9
0
9
62
10
82
9
44
12
84
2
51
0
42
9
62
9
71
10
52
9
61
9
33
9
74
9
92
9
74
9
40
10
22
9
63
9
70
9
70
1
89
11
23
1
41
3
99
9
41
9
40
9
61
9
61
9
71
9
99
9
61
9
43
9
94
9
61
13
55
11
23
9
99
9
32
9
34
9
12
14
56
9
66
9
99
9
99
8
95
1
91
9
99
9
51
10
52
14
26
9
33
0
59
0
70
9
74
9
33
9
21
3
39
12
54
11
23
0
70
9
94
11
53
9
72
10
52
10
22
10
82
9
34
0
69
9
14
9
64
9
14
9
99
9
32
1
39
9
73
9
58
9
94
11
53
9
14
9
74
9
34
12
24
9
12
9
21
9
42
9
62
9
12
2
81
13
85
9
71
9
44
9
29
2
4
11
81
11
83
4
91
10
82
9
61
9
12
9
31
9
99
9
70
9
43
9
90
11
23
9
94
9
63
2
58
9
37
9
99
9
94
9
60
9
42
11
23
9
34
9
99
9
81
9
37
9
98
2
31
9
94
8
85
0
37
10
52
11
23
13
55
9
99
9
62
2
85
9
34
9
10
9
80
9
34
10
22
9
94
9
21
9
11
14
23
10
22
4
41
9
72
9
51
0
32
9
74
9
79
9
63
9
42
13
55
1
19
11
53
13
25
9
80
9
33
9
32
9
64
12
54
13
55
9
94
9
58
13
51
9
94
9
41
9
43
2
59
9
10
9
12
9
14
9
70
9
66
9
20
9
51
9
42
9
99
1
69
0
40
9
71
9
63
9
43
14
26
9
99
9
62
0
0
9
44
9
7
9
99
9
62
9
87
11
53
2
30
9
99
9
99
13
85
3
61
10
52
9
44
13
85
9
72
10
52
2
90
9
99
1
13
9
42
0
0
9
14
9
36
9
41
9
33
10
22
9
60
9
11
9
99
9
44
9
64
9
62
9
12
9
99
9
30
9
34
1
99
9
64
9
92
9
33
10
22
9
33
9
99
9
62
9
31
2
60
0
95
9
12
9
94
9
14
10
22
9
84
9
92
9
36
9
61
9
73
9
50
12
54
3
49
9
99
12
24
9
32
9
43
9
34
10
82
1
89
11
83
2
17
14
26
9
92
9
51
8
35
9
72
3
33
10
82
8
55
2
49
14
86
9
92
11
53
9
94
12
84
9
34
0
30
9
62
9
94
10
22
9
93
9
81
9
99
9
14
4
21
11
23
2
89
3
39
2
21
9
99
3
89
4
99
12
81
9
0
9
14
9
72
8
75
12
24
9
72
9
74
3
29
9
72
13
85
2
49
9
32
9
46
10
22
10
52
9
7
