4
46
7
94
3
17
5
43
3
23
5
84
7
55
7
76
5
27
6
59
6
5
4
9
3
59
7
15
6
34
5
59
4
29
5
3
4
29
5
29
6
54
3
99
4
98
4
4
3
29
0
80
5
23
4
89
7
79
4
59
4
17
7
34
4
97
7
69
4
14
4
25
3
13
7
84
4
15
3
27
3
49
5
8
3
45
7
59
4
98
6
13
3
69
3
89
3
55
7
46
7
86
7
56
5
79
5
33
4
84
6
97
5
59
5
49
3
98
6
33
7
39
7
89
6
19
3
86
6
49
6
19
3
45
5
17
7
39
3
29
3
66
3
39
7
79
6
74
5
59
6
86
7
24
5
39
5
9
4
59
3
89
4
88
6
49
3
29
6
69
3
46
7
88
6
65
4
84
4
28
4
66
4
86
4
24
6
88
5
18
6
39
4
39
4
84
6
69
6
69
7
59
7
79
3
97
7
54
7
96
4
34
5
69
5
67
4
66
5
19
4
11
3
19
6
29
6
54
6
69
6
49
5
45
6
28
3
9
5
49
5
78
6
39
7
24
3
9
7
32
7
96
4
49
7
96
6
93
3
79
5
68
5
34
7
57
3
27
6
34
3
55
5
39
3
66
4
66
4
96
5
46
7
58
4
65
5
55
7
89
4
9
6
5
5
46
6
69
6
27
6
69
7
45
7
49
7
79
7
59
5
17
4
69
5
28
6
43
7
89
5
16
6
39
4
25
3
39
6
89
7
7
6
38
3
69
4
28
6
47
7
19
3
16
6
9
4
13
5
78
4
9
6
86
5
78
4
98
5
87
7
6
3
69
5
89
4
35
3
62
5
73
6
9
7
39
4
78
3
79
6
8
4
89
4
89
7
79
3
17
3
47
7
84
5
63
5
74
5
5
7
92
4
49
7
99
5
69
4
67
4
79
4
58
6
6
4
97
3
49
7
99
3
79
5
99
5
59
3
59
5
19
3
66
3
45
5
35
3
96
4
67
3
17
5
95
4
55
5
16
7
8
7
89
5
69
5
93
6
64
6
93
7
99
4
58
4
47
6
87
4
15
7
59
7
74
4
35
5
18
3
27
3
59
4
25
6
69
4
29
0
43
6
59
3
9
6
19
3
54
4
9
6
79
5
49
4
59
4
27
3
23
6
89
7
94
4
9
3
19
3
28
6
34
4
54
6
27
4
29
3
79
6
35
5
58
6
85
7
89
4
39
3
64
4
79
4
83
4
59
4
42
4
63
6
47
3
29
7
39
1
48
4
19
7
26
4
79
6
75
7
28
7
37
7
42
5
94
5
16
7
39
3
78
5
96
5
59
6
39
7
84
0
60
5
18
5
16
3
39
7
28
6
87
5
85
4
58
6
69
4
4
5
47
4
9
6
69
5
79
4
89
3
27
4
31
6
51
3
81
1
38
4
16
5
26
7
24
7
79
4
25
7
69
3
36
4
89
3
65
3
69
2
9
1
36
3
8
1
29
1
79
5
27
7
9
4
69
5
63
5
65
3
55
3
24
6
69
6
86
6
48
6
67
3
49
3
49
4
44
4
69
1
78
5
54
3
97
6
29
6
96
6
5
7
99
6
61
5
25
3
13
4
79
0
0
4
85
0
80
3
46
5
4
3
36
7
13
4
95
3
43
7
5
5
77
4
55
6
54
3
36
5
98
3
85
5
79
7
9
6
29
3
69
4
64
6
86
2
79
4
37
1
45
3
27
4
76
6
58
4
99
7
17
0
43
4
97
7
85
6
96
7
87
7
59
2
79
0
16
4
13
5
9
6
83
6
35
4
46
3
18
1
40
0
59
6
79
6
49
6
29
4
88
7
69
7
59
3
25
5
17
4
8
3
7
4
36
7
98
3
97
6
57
3
48
0
37
4
96
6
89
3
89
3
13
7
39
3
75
4
49
3
96
4
17
4
95
7
49
0
60
1
73
7
49
6
65
6
26
3
89
6
96
7
77
4
92
4
48
3
33
6
28
5
63
3
68
4
11
3
76
3
47
5
34
4
98
7
59
4
69
7
39
7
45
3
97
0
20
5
44
4
14
4
45
7
37
5
23
3
9
4
79
6
59
7
36
3
84
1
81
3
83
7
74
4
24
4
87
7
59
6
53
3
64
0
70
1
61
0
35
4
47
6
44
3
83
3
58
0
97
1
93
4
58
5
19
4
91
5
6
0
0
4
27
4
16
6
34
4
79
3
3
0
90
4
69
6
91
2
10
5
4
2
39
5
89
3
49
6
36
0
77
7
67
4
89
4
87
7
59
2
38
4
38
6
43
0
50
3
19
6
59
3
78
3
59
3
88
7
47
7
19
4
54
7
56
5
39
4
46
7
97
7
96
3
57
3
82
6
57
7
7
6
39
5
59
5
99
6
37
1
52
2
69
6
39
7
84
2
87
3
69
0
37
6
18
4
88
4
88
4
99
3
49
7
82
5
59
5
89
2
9
6
89
4
39
3
44
6
29
6
72
3
63
7
59
5
59
4
9
7
79
3
19
5
13
4
99
4
87
5
44
3
49
2
14
6
89
4
27
4
39
5
43
5
98
5
91
3
29
5
37
7
66
2
85
6
6
6
45
3
22
4
59
3
34
7
22
6
94
4
87
0
71
6
13
0
20
6
69
6
24
6
43
5
99
6
35
7
87
4
9
4
17
6
75
5
86
5
39
3
77
3
8
3
49
5
48
7
14
5
95
3
47
7
88
0
84
5
63
4
49
5
8
4
69
3
79
5
49
6
37
3
36
4
69
5
37
3
43
6
55
5
83
3
14
5
79
6
93
5
33
6
7
5
35
3
39
7
6
5
93
2
59
7
89
5
27
3
79
5
99
1
7
6
39
7
39
7
79
6
36
5
17
0
59
0
30
4
99
7
75
5
81
2
34
5
79
3
59
1
21
0
50
7
55
3
46
4
39
5
59
6
37
6
43
4
19
6
38
3
94
4
31
7
14
5
85
3
56
4
55
6
27
5
83
1
61
7
28
3
15
3
88
4
47
1
38
1
22
3
59
7
9
7
17
2
78
5
68
6
84
1
65
4
26
4
8
7
49
6
25
3
99
5
63
6
53
5
16
7
96
4
63
7
97
5
98
7
25
4
54
4
3
7
97
5
39
7
56
3
96
4
32
7
54
6
39
4
57
5
27
3
1
6
55
3
79
5
39
7
77
2
51
0
42
3
59
5
64
3
49
6
54
4
27
5
69
3
89
7
69
4
33
7
15
4
59
5
63
6
63
1
89
7
16
1
41
3
93
5
34
5
33
3
61
4
54
7
71
4
97
3
54
4
37
6
89
7
54
6
49
4
19
3
96
5
25
7
29
3
8
7
49
3
66
3
99
6
93
6
95
1
94
6
96
3
44
3
49
7
19
7
33
0
59
0
70
7
68
5
26
6
14
3
36
5
49
4
16
0
70
6
89
7
46
3
68
4
45
7
15
3
79
6
29
0
69
6
8
7
57
6
9
3
99
3
29
1
33
7
74
3
58
5
89
4
49
7
9
5
68
6
29
5
19
7
5
3
14
6
35
5
55
3
6
2
81
6
79
4
64
5
37
5
29
2
4
4
81
4
79
4
91
6
75
6
61
7
5
4
31
5
97
5
63
4
39
4
83
4
18
7
88
4
58
2
58
4
41
5
99
5
89
5
53
3
36
7
16
7
29
4
99
4
74
7
37
7
98
2
31
7
89
6
85
0
37
3
46
4
18
6
49
5
97
3
59
2
85
5
27
6
17
6
73
5
29
3
19
6
88
4
14
4
4
7
23
3
16
4
41
3
69
6
44
0
32
7
68
6
79
4
59
4
35
6
49
1
19
4
49
6
19
5
73
4
29
3
28
7
58
5
49
6
49
6
89
7
58
6
51
7
89
4
34
4
39
2
58
4
3
3
9
6
9
5
63
6
71
6
13
7
44
4
35
3
99
1
69
0
40
4
71
6
56
5
36
7
19
7
94
3
59
0
0
7
39
5
7
6
97
3
59
7
87
6
46
2
30
5
95
3
99
6
79
3
61
4
45
5
37
6
78
3
67
4
45
2
90
4
95
1
13
3
39
0
0
6
8
7
36
4
41
4
29
3
17
6
53
3
4
7
97
5
39
5
58
3
55
3
8
3
93
3
23
5
29
1
99
7
59
3
88
4
29
3
15
4
29
4
93
3
59
6
31
2
60
0
95
3
9
6
87
6
7
3
19
6
84
3
89
7
41
7
54
5
66
6
43
6
47
3
45
5
99
6
17
3
26
7
43
5
29
3
76
1
83
4
79
2
17
7
19
7
85
6
44
3
35
6
65
3
33
3
83
7
55
2
46
7
79
3
89
4
46
6
89
5
79
6
29
0
30
4
55
6
89
3
19
4
89
5
74
4
99
6
9
4
25
4
19
2
86
3
39
2
27
3
98
3
86
4
93
5
81
4
7
5
9
3
69
7
75
5
19
3
67
5
68
3
26
6
65
6
79
2
43
3
29
7
46
3
19
3
48
4
7
