7
49
9
97
6
19
8
46
6
26
8
87
9
58
9
79
8
30
9
61
9
8
7
9
6
59
9
18
9
37
8
60
7
29
8
6
7
29
8
30
9
51
6
99
7
99
7
7
6
29
0
80
8
26
7
89
10
82
7
59
7
19
9
37
7
99
9
72
7
17
7
28
6
16
9
87
7
18
6
29
6
49
8
10
6
48
9
62
7
99
8
16
6
69
6
89
6
58
9
49
9
86
9
59
8
80
8
36
7
87
9
99
8
60
8
50
6
99
8
36
9
42
9
92
9
21
6
89
9
51
9
21
6
45
8
20
9
42
6
29
6
69
6
39
10
82
9
77
8
60
9
89
9
27
8
40
8
10
7
59
6
89
7
89
9
51
6
29
9
71
6
43
9
91
9
68
7
87
7
29
7
69
7
89
7
27
9
91
8
20
9
41
7
39
7
87
9
71
9
71
9
62
10
82
6
99
9
57
9
99
7
34
8
70
8
70
7
69
8
20
7
11
6
19
9
31
9
53
9
71
9
51
8
48
9
31
6
9
8
50
8
80
9
41
9
27
6
9
9
32
9
99
7
49
9
96
8
96
6
79
8
70
8
37
9
60
6
29
9
37
6
58
8
40
6
69
7
69
7
99
8
49
9
61
7
68
8
58
9
92
7
9
9
8
8
49
9
71
9
30
9
71
9
48
10
52
10
82
9
62
8
20
7
69
8
28
8
46
9
92
8
19
9
41
7
28
6
39
9
91
9
10
9
41
6
69
7
29
9
50
10
22
6
19
9
11
7
16
8
78
7
9
9
89
8
80
7
99
8
90
9
9
6
69
8
90
7
38
6
62
8
76
9
11
9
42
7
79
6
79
9
11
7
89
7
89
10
82
6
19
6
49
9
87
8
66
8
77
8
5
9
92
7
49
9
99
8
70
7
69
7
79
7
59
9
9
7
99
6
49
9
99
6
79
8
99
8
60
6
59
8
20
6
69
6
48
8
38
6
99
7
67
6
19
8
98
7
58
8
19
9
11
9
92
8
70
8
96
9
67
9
93
9
99
7
59
7
49
9
90
7
18
9
62
9
73
7
38
8
18
3
29
6
59
7
28
9
71
7
29
0
43
9
59
6
9
9
21
6
57
7
9
9
81
8
50
7
59
7
29
6
26
9
91
9
93
7
9
6
19
6
28
9
37
7
57
9
30
7
29
3
79
9
38
8
60
8
85
9
92
7
39
6
67
7
79
7
86
4
59
4
42
7
63
9
50
3
29
9
42
1
49
7
19
9
29
7
79
9
78
9
31
9
40
9
42
8
94
8
19
9
42
6
79
8
96
8
60
9
41
9
87
0
60
8
20
8
19
6
39
9
28
9
90
8
85
7
59
9
71
7
7
8
50
4
9
9
71
8
80
7
89
6
29
7
31
9
51
6
81
1
38
7
19
8
29
10
21
10
82
7
28
9
72
6
39
7
89
6
68
6
69
2
9
1
39
6
9
1
29
1
79
8
30
9
12
7
69
8
66
8
68
6
58
6
27
9
71
9
89
9
51
9
70
6
49
6
49
4
47
7
69
1
79
8
57
6
99
9
31
9
99
9
8
9
99
9
61
8
28
3
16
7
79
0
0
4
88
0
80
6
49
8
7
6
39
9
13
7
98
6
46
9
8
8
80
7
55
9
57
6
39
8
99
6
88
8
80
9
12
9
31
6
69
7
67
9
89
2
79
7
39
1
48
6
27
7
79
9
61
7
99
9
20
0
43
4
97
9
88
9
99
9
90
9
62
2
79
0
16
7
16
8
10
8
86
9
38
7
49
6
19
1
40
0
59
9
81
9
51
9
31
7
88
9
72
9
62
6
28
8
20
7
8
6
9
4
39
9
98
6
99
9
60
6
49
0
37
7
99
9
91
6
89
6
16
9
42
6
75
7
49
6
99
7
17
7
98
10
52
0
60
1
76
10
52
8
65
9
29
6
89
9
99
9
80
4
92
7
49
6
36
9
31
8
66
6
69
7
11
6
79
6
49
8
37
7
99
9
62
7
69
9
39
9
48
3
97
0
20
8
47
7
17
7
48
9
37
8
23
6
9
7
79
9
61
9
39
6
87
1
81
6
86
9
77
7
27
7
89
9
62
8
56
6
67
0
70
1
61
0
35
7
47
9
43
6
86
6
58
0
97
1
93
7
59
8
20
4
91
8
6
0
0
4
24
7
19
9
37
7
79
6
6
0
90
7
69
9
89
2
10
8
4
2
39
8
90
6
49
9
39
0
77
9
70
7
89
7
89
9
62
2
38
7
38
8
46
0
50
6
19
9
61
6
78
3
59
6
89
9
50
10
22
7
57
9
59
8
40
7
49
9
99
9
99
6
59
6
82
9
60
9
7
9
41
8
60
8
99
9
40
1
52
2
69
9
41
10
82
2
89
6
69
0
37
9
21
7
89
7
88
7
99
6
49
10
82
8
60
8
90
2
9
9
91
7
39
6
47
9
31
9
72
6
66
9
62
8
60
7
9
10
82
6
19
8
16
7
99
4
89
8
47
6
49
2
17
9
91
7
29
7
39
8
43
8
98
8
90
6
29
8
40
9
69
2
85
9
9
8
45
6
22
7
59
6
37
10
22
9
97
7
89
0
71
8
16
0
20
9
71
9
27
8
46
8
99
9
38
9
90
7
9
7
19
9
78
8
89
8
40
6
79
6
9
6
49
8
48
9
13
8
98
6
44
9
91
0
84
8
66
7
49
8
10
4
69
6
79
8
50
9
40
6
33
7
69
8
37
6
46
9
58
8
86
6
17
8
80
8
96
8
33
9
10
8
38
3
39
9
9
8
96
2
59
9
92
8
30
6
79
8
99
1
9
9
41
9
42
10
82
9
39
8
20
0
59
0
30
7
99
9
78
8
81
2
37
8
80
6
59
1
21
0
50
9
58
3
49
7
39
8
60
9
40
8
46
7
19
9
41
6
97
4
31
9
17
8
88
6
59
7
58
9
30
8
86
1
61
9
28
6
18
6
89
7
49
1
39
1
22
6
59
9
12
9
20
2
79
8
70
9
87
1
68
7
29
7
9
10
52
9
28
6
99
8
66
8
56
8
19
9
96
4
66
9
99
8
99
9
28
7
57
7
6
9
99
8
40
9
59
6
96
7
32
9
57
9
41
7
59
8
30
6
1
9
58
6
79
8
40
9
80
2
51
0
42
6
59
8
67
6
49
9
57
7
29
8
70
6
89
9
72
7
36
9
18
7
59
8
66
8
66
1
89
9
19
1
41
3
96
8
37
8
36
6
61
7
57
9
71
7
99
6
57
7
39
9
91
9
57
9
51
7
19
6
99
8
28
9
32
6
9
10
52
6
66
6
99
8
96
8
95
1
91
9
99
6
47
6
49
10
22
9
33
0
59
0
70
9
71
8
29
9
17
3
39
8
50
7
19
0
70
9
91
9
49
6
69
7
48
9
18
6
79
9
31
0
69
9
11
9
60
9
11
6
99
6
29
1
36
9
73
6
58
8
90
7
49
9
12
8
70
9
31
8
20
9
8
6
17
9
38
8
58
6
9
2
81
9
81
7
67
8
40
8
29
2
4
7
81
7
79
4
91
9
78
9
61
9
8
7
31
8
99
8
66
7
39
7
86
7
19
9
91
7
59
2
58
7
41
8
99
8
90
8
56
6
39
9
19
9
32
7
99
7
77
9
37
9
98
2
31
9
92
8
85
0
37
6
49
7
19
9
51
8
99
6
59
2
85
8
30
8
14
8
76
8
30
6
19
9
91
7
17
7
7
10
23
6
19
4
41
6
69
9
47
0
32
9
71
9
79
7
59
7
38
9
51
1
19
7
49
9
21
8
76
7
29
6
29
9
61
8
50
9
51
9
91
9
58
9
51
9
92
7
37
7
39
2
59
7
6
6
9
9
11
8
66
9
69
8
16
9
47
7
38
6
99
1
69
0
40
7
71
9
59
8
39
10
22
9
97
6
59
0
0
9
42
8
7
9
99
6
59
9
87
9
49
2
30
8
98
6
99
9
81
3
61
7
48
8
40
9
81
6
69
7
48
2
90
7
98
1
13
6
39
0
0
9
11
9
36
7
41
7
29
6
19
8
56
6
7
9
99
8
40
8
60
6
58
6
9
6
96
6
26
8
30
1
99
9
62
6
89
7
29
6
18
7
29
7
96
6
59
9
31
2
60
0
95
6
9
9
90
9
10
6
19
9
84
6
89
9
38
9
57
8
69
8
46
9
50
3
48
8
99
9
20
6
29
9
43
8
30
6
79
1
86
7
79
2
17
10
22
9
88
9
47
6
35
9
68
3
33
6
83
8
55
2
49
10
82
6
89
7
49
9
91
8
80
9
31
0
30
7
58
9
91
6
19
7
89
8
77
7
99
9
11
4
22
7
19
2
89
3
39
2
24
6
99
3
89
4
96
8
81
7
4
8
10
6
69
8
75
8
20
6
69
8
70
3
29
9
68
9
81
2
46
6
29
9
46
6
19
6
49
7
7
