14
56
9
99
13
25
11
53
9
33
9
94
9
64
14
86
9
34
9
64
9
14
9
14
9
64
13
25
9
44
9
64
9
34
9
13
9
34
9
34
16
51
9
99
9
99
9
14
9
34
0
80
9
33
9
94
17
89
9
64
14
26
9
44
9
99
9
74
12
24
9
34
11
23
9
94
13
25
9
34
13
55
9
14
13
55
9
64
9
99
11
23
9
74
9
94
9
64
14
56
9
86
9
64
15
87
9
43
9
94
9
99
9
64
15
57
9
99
9
43
9
44
9
94
16
28
9
94
16
58
16
28
8
45
15
27
9
44
9
34
9
74
9
44
17
89
12
84
9
64
9
94
9
34
9
44
9
14
9
64
9
94
9
94
16
58
9
34
9
74
9
36
9
94
9
74
9
94
9
34
9
74
9
94
9
34
9
94
15
27
9
44
9
44
9
94
9
74
9
74
9
64
17
89
9
99
9
64
9
99
9
34
9
74
9
74
9
74
15
27
9
6
13
25
9
34
16
52
9
74
16
58
13
55
9
34
9
14
15
56
15
87
9
44
9
34
9
14
9
32
9
99
14
56
9
96
9
99
13
85
9
74
9
44
9
64
9
34
9
44
9
64
9
44
9
74
9
74
9
99
14
56
9
64
9
74
9
64
9
94
9
14
9
14
14
56
9
74
9
34
9
74
13
55
17
59
17
89
9
64
15
27
9
74
9
28
11
53
9
94
14
26
9
44
9
34
9
44
9
94
9
14
9
44
9
74
9
34
15
57
17
29
13
25
9
14
11
23
9
78
9
14
9
94
15
87
9
99
9
94
9
14
9
74
9
94
9
44
9
62
11
83
9
14
9
44
14
86
13
85
9
14
9
94
9
94
17
89
13
25
13
55
9
94
9
73
12
84
8
5
9
92
14
56
9
99
9
74
9
74
14
86
9
64
9
14
9
99
13
55
9
99
13
85
9
99
9
64
9
64
15
27
9
74
13
55
9
44
9
99
9
67
13
25
9
99
9
64
14
26
9
14
9
94
9
74
9
99
9
74
9
93
9
99
9
64
14
56
9
94
13
25
9
64
9
73
9
44
9
18
3
29
9
64
9
34
9
74
9
34
0
43
9
59
9
14
16
28
9
64
9
14
16
88
15
57
9
64
9
34
9
33
9
94
9
93
9
14
13
25
9
28
9
44
9
64
9
34
9
34
3
79
9
44
9
64
8
85
9
94
9
44
9
74
14
86
9
93
4
59
4
42
9
63
15
57
3
29
9
44
1
49
14
26
9
34
14
86
13
85
9
34
9
44
9
42
9
94
14
26
9
44
13
85
9
96
9
64
9
44
9
94
0
60
15
27
14
26
9
44
9
28
9
94
8
85
9
64
9
74
9
14
15
57
4
9
9
74
15
87
9
94
9
34
9
31
16
51
9
76
1
38
14
26
9
34
17
21
17
89
9
34
9
74
9
44
9
94
9
74
9
74
2
9
1
39
9
14
1
29
1
79
9
34
9
14
9
74
9
73
9
74
9
64
9
34
9
74
9
94
16
58
9
74
13
55
13
55
4
49
9
74
1
79
9
64
9
99
9
34
9
99
9
14
9
99
9
61
9
34
3
19
14
86
0
0
4
89
0
80
13
55
9
14
9
44
9
13
9
99
11
53
9
14
15
87
8
55
9
64
9
44
9
99
9
94
15
87
9
14
9
34
9
74
9
74
9
94
2
79
9
44
1
49
9
27
14
86
9
64
9
99
15
27
0
43
4
97
9
94
9
99
9
94
9
64
2
79
0
16
11
23
9
14
9
93
9
44
14
56
13
25
1
40
0
59
16
88
16
58
9
34
9
88
9
74
9
64
9
34
15
27
9
8
9
14
4
39
9
98
9
99
9
64
13
55
0
37
9
99
9
94
9
94
11
23
9
44
8
75
14
56
9
99
9
17
9
99
17
59
0
60
1
79
17
59
8
65
9
34
9
94
9
99
15
87
4
92
14
56
9
43
9
34
9
73
9
74
9
11
13
85
13
55
9
44
9
99
9
64
9
74
9
39
13
55
3
97
0
20
12
54
12
24
13
55
9
37
15
23
9
14
14
86
9
64
9
44
9
94
1
81
9
93
12
84
9
34
9
94
9
64
9
63
9
74
0
70
1
61
0
35
9
47
9
43
9
93
9
58
0
97
1
93
9
64
15
27
4
91
9
6
0
0
4
21
14
26
9
44
14
86
9
13
0
90
9
74
9
86
2
10
9
3
2
39
9
94
13
55
9
44
0
77
9
74
9
94
9
94
9
64
2
38
9
38
11
53
0
50
13
25
9
64
9
78
3
59
9
94
15
57
17
29
9
64
9
64
9
44
14
56
9
99
9
99
9
64
13
82
9
64
9
7
9
44
9
64
9
99
9
44
1
52
2
69
9
44
17
82
2
89
9
74
0
37
16
28
9
94
9
88
9
99
13
55
17
82
9
64
9
94
2
9
9
94
9
44
12
54
9
34
9
72
9
73
9
64
9
64
9
14
17
89
13
25
11
23
9
99
4
89
12
54
13
55
2
19
9
94
9
34
9
44
9
43
9
98
9
86
9
34
9
44
9
74
2
85
9
14
8
45
13
22
9
64
9
44
17
22
9
99
9
94
0
71
11
23
0
20
9
74
9
34
11
53
9
99
9
44
9
94
9
14
14
26
13
85
9
94
9
44
13
85
9
14
13
55
9
48
9
13
9
99
9
37
9
94
0
84
9
73
14
56
9
14
4
69
9
79
15
57
9
44
9
26
9
74
9
37
11
53
9
64
9
93
12
24
15
87
9
99
9
33
9
14
9
44
3
39
9
14
9
99
2
59
9
94
9
34
13
85
9
99
1
9
9
44
9
44
17
89
9
44
15
27
0
59
0
30
9
99
13
85
15
81
2
39
15
87
9
64
1
21
0
50
9
64
3
49
9
44
9
64
9
44
11
53
14
26
9
44
9
99
4
31
12
24
9
94
9
64
9
64
9
34
9
93
1
61
9
28
13
25
9
94
14
56
1
39
1
22
9
64
9
14
15
27
2
79
9
74
9
94
1
69
9
34
9
14
17
59
9
34
9
99
9
73
9
63
14
26
9
96
4
69
9
99
9
99
9
34
9
64
9
13
9
99
9
44
9
64
9
96
9
32
9
64
9
44
9
64
9
34
9
0
9
64
13
85
9
44
15
87
2
51
0
42
9
64
9
74
13
55
9
64
9
34
9
74
9
94
9
74
9
43
13
25
9
64
9
73
9
73
1
89
14
26
1
41
3
99
9
44
9
43
9
61
9
64
9
71
9
99
9
64
9
44
9
94
9
64
16
58
14
26
9
99
9
34
9
34
9
14
17
59
9
66
9
99
9
99
8
95
1
91
9
99
12
54
13
55
17
29
9
33
0
59
0
70
9
74
9
34
12
24
3
39
15
57
14
26
0
70
9
94
14
56
9
74
13
55
13
25
13
85
9
34
0
69
9
14
9
64
9
14
9
99
9
34
1
39
9
73
9
58
9
94
14
56
9
14
9
74
9
34
15
27
9
14
12
24
9
44
9
64
9
14
2
81
16
88
9
74
9
44
9
29
2
4
14
81
14
86
4
91
13
85
9
61
9
14
9
31
9
99
9
73
9
44
9
93
14
26
9
94
9
64
2
58
9
36
9
99
9
94
9
63
9
44
14
26
9
34
9
99
12
84
9
37
9
98
2
31
9
94
8
85
0
37
13
55
14
26
16
58
9
99
9
64
2
85
9
34
9
7
11
83
9
34
13
25
9
94
12
24
9
14
17
23
13
25
4
41
9
74
12
54
0
32
9
74
9
79
9
64
9
44
16
58
1
19
14
56
16
28
11
83
9
34
9
34
9
64
15
57
16
58
9
94
9
58
16
51
9
94
9
44
9
44
2
59
9
13
9
14
9
14
9
73
9
66
11
23
12
54
9
44
9
99
1
69
0
40
9
71
9
64
9
44
17
29
9
99
9
64
0
0
9
44
9
7
9
99
9
64
9
87
14
56
2
30
9
99
9
99
16
88
3
61
13
55
9
44
16
88
9
74
13
55
2
90
9
99
1
13
9
44
0
0
9
14
9
36
9
41
9
34
13
25
9
63
9
14
9
99
9
44
9
64
9
64
9
14
9
99
9
33
9
34
1
99
9
64
9
94
9
34
13
25
9
34
9
99
9
64
9
31
2
60
0
95
9
14
9
94
9
14
13
25
9
84
9
94
9
36
9
64
9
74
11
53
15
57
3
49
9
99
15
27
9
34
9
43
9
34
13
85
1
89
14
86
2
17
17
29
9
94
12
54
8
35
9
74
3
33
13
82
8
55
2
49
17
89
9
94
14
56
9
94
15
87
9
34
0
30
9
64
9
94
13
25
9
94
12
84
9
99
9
14
4
21
14
26
2
89
3
39
2
21
9
99
3
89
4
99
15
81
9
0
9
14
9
74
8
75
15
27
9
74
9
74
3
29
9
74
16
88
2
49
9
34
9
46
13
25
13
55
9
7
