8
50
9
98
7
19
9
47
7
27
9
88
9
59
9
80
9
31
9
62
9
9
8
10
7
59
9
19
9
38
9
61
8
30
9
7
8
30
9
31
10
51
7
99
8
99
8
8
7
29
0
80
9
27
8
90
11
83
8
60
8
20
9
38
8
99
9
73
8
18
8
29
7
17
9
88
8
19
7
29
7
49
9
11
7
49
9
63
8
99
9
17
7
69
7
89
7
59
9
50
9
86
9
60
9
81
9
37
8
88
9
99
9
61
9
51
7
99
9
37
9
43
9
93
10
22
7
89
10
52
10
22
7
45
9
21
9
43
7
29
7
69
7
39
11
83
9
78
9
61
9
90
9
28
9
41
9
11
8
60
7
89
8
90
10
52
7
29
9
72
7
42
9
92
9
69
8
88
8
30
8
70
8
90
8
28
9
92
9
21
9
42
8
40
8
88
9
72
9
72
9
63
11
83
7
99
9
58
9
99
8
34
9
71
9
71
8
70
9
21
8
10
7
19
9
32
10
52
9
72
10
52
9
49
9
32
7
9
9
51
9
81
9
42
9
28
7
9
9
32
9
99
8
50
9
96
9
97
7
79
9
71
9
38
9
61
7
29
9
38
7
59
9
41
7
69
8
70
8
99
9
50
9
62
8
69
9
59
9
93
8
10
9
9
9
50
9
72
9
31
9
72
9
49
11
53
11
83
9
63
9
21
8
70
9
28
9
47
9
93
9
20
9
42
8
29
7
39
9
92
9
11
9
42
7
69
8
30
9
51
11
23
7
19
9
12
8
17
9
78
8
10
9
90
9
81
8
99
9
91
9
10
7
69
9
91
8
39
7
62
9
77
9
12
9
43
8
80
7
79
9
12
8
90
8
90
11
83
7
19
7
49
9
88
9
67
9
78
8
5
9
92
8
50
9
99
9
71
8
70
8
80
8
60
9
10
8
99
7
49
9
99
7
79
9
99
9
61
7
59
9
21
7
69
7
49
9
39
7
99
8
67
7
19
9
99
8
59
9
20
9
12
9
93
9
71
9
97
9
68
9
93
9
99
8
60
8
50
9
91
8
19
9
63
9
73
8
39
9
18
3
29
7
59
8
29
9
72
8
30
0
43
9
59
7
9
10
22
7
58
8
10
10
82
9
51
8
60
8
30
7
27
9
92
9
93
8
10
7
19
7
28
9
38
8
58
9
31
8
30
3
79
9
39
9
61
8
85
9
93
8
40
7
68
8
80
8
87
4
59
4
42
8
63
9
51
3
29
9
43
1
49
8
20
9
30
8
80
9
79
9
32
9
41
9
42
9
94
9
20
9
43
7
79
9
96
9
61
9
42
9
88
0
60
9
21
9
20
7
39
9
28
9
91
8
85
8
60
9
72
8
8
9
51
4
9
9
72
9
81
8
90
7
29
8
31
10
51
7
81
1
38
8
20
9
30
11
21
11
83
8
29
9
73
7
39
8
90
7
69
7
69
2
9
1
39
7
9
1
29
1
79
9
31
9
13
8
70
9
67
9
69
7
59
7
28
9
72
9
90
10
52
9
71
7
49
7
49
4
48
8
70
1
79
9
58
7
99
9
32
9
99
9
9
9
99
9
61
9
29
3
17
8
80
0
0
4
89
0
80
7
49
9
8
7
39
9
13
8
99
7
47
9
9
9
81
8
55
9
58
7
39
9
99
7
89
9
81
9
13
9
32
7
69
8
68
9
90
2
79
8
40
1
49
7
27
8
80
9
62
8
99
9
21
0
43
4
97
9
89
9
99
9
91
9
63
2
79
0
16
8
17
9
11
9
87
9
39
8
50
7
19
1
40
0
59
10
82
10
52
9
32
8
88
9
73
9
63
7
29
9
21
8
8
7
9
4
39
9
98
7
99
9
61
7
49
0
37
8
99
9
92
7
89
7
17
9
43
7
75
8
50
7
99
8
17
8
99
11
53
0
60
1
77
11
53
8
65
9
30
7
89
9
99
9
81
4
92
8
50
7
37
9
32
9
67
7
69
8
11
7
79
7
49
9
38
8
99
9
63
8
70
9
39
9
49
3
97
0
20
9
48
8
18
8
49
9
37
9
23
7
9
8
80
9
62
9
40
7
88
1
81
7
87
9
78
8
28
8
90
9
63
9
57
7
68
0
70
1
61
0
35
8
47
9
43
7
87
7
58
0
97
1
93
8
60
9
21
4
91
9
6
0
0
4
23
8
20
9
38
8
80
7
7
0
90
8
70
9
88
2
10
9
3
2
39
9
91
7
49
9
40
0
77
9
71
8
90
8
90
9
63
2
38
8
38
9
47
0
50
7
19
9
62
7
78
3
59
7
89
9
51
11
23
8
58
9
60
9
41
8
50
9
99
9
99
7
59
7
82
9
61
9
7
9
42
9
61
9
99
9
41
1
52
2
69
9
42
11
82
2
89
7
69
0
37
10
22
8
90
8
88
8
99
7
49
11
82
9
61
9
91
2
9
9
92
8
40
7
48
9
32
9
72
7
67
9
63
9
61
8
10
11
83
7
19
9
17
8
99
4
89
9
48
7
49
2
18
9
92
8
30
8
40
9
43
9
98
9
89
7
29
9
41
9
70
2
85
9
10
8
45
7
22
8
60
7
38
11
22
9
98
8
90
0
71
9
17
0
20
9
72
9
28
9
47
9
99
9
39
9
91
8
10
8
20
9
79
9
90
9
41
7
79
7
9
7
49
9
48
9
13
9
99
7
43
9
92
0
84
9
67
8
50
9
11
4
69
7
79
9
51
9
41
7
32
8
70
9
37
7
47
9
59
9
87
7
18
9
81
9
97
9
33
9
11
9
39
3
39
9
10
9
97
2
59
9
93
9
31
7
79
9
99
1
9
9
42
9
43
11
83
9
40
9
21
0
59
0
30
8
99
9
79
9
81
2
38
9
81
7
59
1
21
0
50
9
59
3
49
8
40
9
61
9
41
9
47
8
20
9
42
7
98
4
31
9
18
9
89
7
59
8
59
9
31
9
87
1
61
9
28
7
19
7
89
8
50
1
39
1
22
7
59
9
13
9
21
2
79
9
71
9
88
1
69
8
30
8
10
11
53
9
29
7
99
9
67
9
57
9
20
9
96
4
67
9
99
9
99
9
29
8
58
8
7
9
99
9
41
9
60
7
96
8
32
9
58
9
42
8
60
9
31
7
1
9
59
7
79
9
41
9
81
2
51
0
42
7
59
9
68
7
49
9
58
8
30
9
71
7
89
9
73
8
37
9
19
8
60
9
67
9
67
1
89
9
20
1
41
3
97
9
38
9
37
7
61
8
58
9
71
8
99
7
58
8
40
9
92
9
58
10
52
8
20
7
99
9
29
9
33
7
9
11
53
7
66
7
99
9
97
8
95
1
91
9
99
7
48
7
49
11
23
9
33
0
59
0
70
9
72
9
30
9
18
3
39
9
51
8
20
0
70
9
92
9
50
7
69
8
49
9
19
7
79
9
32
0
69
9
12
9
61
9
12
7
99
7
29
1
37
9
73
7
58
9
91
8
50
9
13
9
71
9
32
9
21
9
9
7
18
9
39
9
59
7
9
2
81
10
82
8
68
9
41
9
29
2
4
8
81
8
80
4
91
9
79
9
61
9
9
8
31
9
99
9
67
8
40
8
87
8
20
9
92
8
60
2
58
8
40
9
99
9
91
9
57
7
39
9
20
9
33
8
99
8
78
9
37
9
98
2
31
9
93
8
85
0
37
7
49
8
20
10
52
9
99
7
59
2
85
9
31
9
13
9
77
9
31
7
19
9
92
8
18
8
8
11
23
7
19
4
41
7
69
9
48
0
32
9
72
9
79
8
60
8
39
10
52
1
19
8
50
10
22
9
77
8
30
7
29
9
62
9
51
10
52
9
92
9
58
10
51
9
93
8
38
8
40
2
59
8
7
7
9
9
12
9
67
9
68
9
17
9
48
8
39
7
99
1
69
0
40
8
71
9
60
9
40
11
23
9
98
7
59
0
0
9
43
9
7
9
99
7
59
9
87
9
50
2
30
9
99
7
99
10
82
3
61
8
49
9
41
10
82
7
69
8
49
2
90
8
99
1
13
7
39
0
0
9
12
9
36
8
41
8
30
7
19
9
57
7
8
9
99
9
41
9
61
7
59
7
9
7
97
7
27
9
31
1
99
9
63
7
89
8
30
7
19
8
30
8
97
7
59
9
31
2
60
0
95
7
9
9
91
9
11
7
19
9
84
7
89
9
37
9
58
9
70
9
47
9
51
3
49
9
99
9
21
7
29
9
43
9
31
7
79
1
87
8
80
2
17
11
23
9
89
9
48
7
35
9
69
3
33
7
83
8
55
2
49
11
83
7
89
8
50
9
92
9
81
9
32
0
30
8
59
9
92
7
19
8
90
9
78
8
99
9
12
4
21
8
20
2
89
3
39
2
23
7
99
3
89
4
97
9
81
8
3
9
11
7
69
8
75
9
21
7
69
9
71
3
29
9
69
10
82
2
47
7
29
9
46
7
19
7
49
8
7
