2
44
5
92
1
15
3
41
1
21
3
82
5
53
5
74
3
25
4
59
4
3
2
8
1
59
5
13
4
32
3
58
2
28
3
1
2
29
3
28
4
56
1
99
2
96
2
2
1
29
0
80
3
21
2
89
5
79
2
59
2
15
5
32
2
95
5
69
2
12
2
23
1
11
5
82
2
13
1
25
1
48
3
6
1
43
5
58
2
96
4
11
1
69
1
87
1
53
5
44
5
86
5
54
3
78
3
31
2
82
4
95
3
59
3
49
1
96
4
31
5
39
5
87
4
19
1
84
4
47
4
19
1
45
3
15
5
38
1
29
1
64
1
37
5
78
4
72
3
59
4
84
5
22
3
39
3
7
2
57
1
88
2
86
4
49
1
27
4
69
1
48
5
86
4
63
2
82
2
26
2
64
2
84
2
22
4
86
3
16
4
38
2
37
2
82
4
69
4
69
5
58
5
79
1
95
5
52
5
94
2
34
3
67
3
65
2
64
3
17
2
13
1
19
4
29
4
54
4
67
4
49
3
43
4
26
1
8
3
49
3
76
4
39
5
22
1
9
5
32
5
94
2
48
5
96
4
91
1
77
3
66
3
32
5
55
1
25
4
32
1
53
3
39
1
64
2
64
2
94
3
44
5
56
2
63
3
53
5
89
2
8
4
3
3
44
4
67
4
25
4
69
5
43
5
48
5
78
5
59
3
15
2
69
3
28
4
41
5
88
3
14
4
39
2
23
1
39
4
89
5
5
4
36
1
68
2
26
4
45
5
18
1
14
4
8
2
11
3
78
2
9
4
84
3
76
2
96
3
85
5
4
1
69
3
87
2
33
1
62
3
71
4
8
5
37
2
76
1
78
4
6
2
89
2
89
5
79
1
15
1
45
5
82
3
61
3
72
3
5
5
92
2
48
5
98
3
69
2
65
2
77
2
56
4
4
2
95
1
47
5
97
1
79
3
99
3
58
1
58
3
18
1
64
1
43
3
33
1
94
2
67
1
15
3
93
2
53
3
14
5
6
5
89
3
69
3
91
4
62
4
93
5
98
2
56
2
45
4
85
2
13
5
59
5
74
2
33
3
18
3
25
1
57
2
23
4
69
2
28
0
43
4
59
1
9
4
19
1
52
2
9
4
79
3
49
2
58
2
25
1
21
4
87
5
94
2
9
1
17
1
28
4
32
2
52
4
25
2
29
3
79
4
33
3
56
4
85
5
88
2
39
1
62
2
77
2
81
4
59
4
42
2
63
4
45
3
29
5
37
1
46
2
19
5
24
2
78
4
73
5
26
5
35
5
42
3
94
3
14
5
38
1
76
3
96
3
57
4
39
5
82
0
60
3
16
3
14
1
39
5
28
4
85
3
85
2
56
4
67
2
2
3
45
4
7
4
67
3
79
2
88
1
25
2
31
4
51
1
81
1
38
2
14
3
24
5
26
5
78
2
23
5
69
1
34
2
89
1
63
1
68
2
9
2
34
1
6
1
28
1
79
3
25
5
8
2
68
3
61
3
63
1
53
1
22
4
69
4
84
4
46
4
65
1
49
1
49
4
42
2
68
1
76
3
52
1
95
4
28
4
94
4
3
5
99
4
61
3
23
3
11
2
78
0
0
4
83
0
80
1
44
3
2
1
34
5
13
2
93
1
41
5
3
3
75
2
55
4
52
1
34
3
96
1
83
3
79
5
8
4
27
1
67
2
62
4
84
2
78
2
35
1
43
1
27
2
74
4
56
2
97
5
15
0
43
4
97
5
83
4
94
5
85
5
59
2
79
0
16
2
11
3
9
4
81
4
33
2
44
1
16
1
40
0
59
4
78
4
48
4
27
2
88
5
69
5
58
1
23
3
15
2
8
1
5
4
34
5
98
1
95
4
55
1
46
0
37
2
94
4
89
1
88
1
11
5
38
1
75
2
49
1
94
2
17
2
93
5
49
0
60
1
71
5
47
4
65
4
24
1
88
4
94
5
75
4
92
2
46
1
31
4
26
3
61
1
66
2
11
1
74
1
45
3
32
2
96
5
59
2
68
5
39
5
43
3
97
0
20
3
42
2
12
2
43
5
37
3
23
1
9
2
77
4
57
5
34
1
82
1
83
1
81
5
72
2
22
2
85
5
57
4
51
1
62
0
70
1
61
0
35
2
47
4
44
1
81
1
58
0
97
1
93
2
56
3
17
4
91
3
6
0
0
4
29
2
14
4
32
2
79
1
1
0
90
2
69
4
92
2
10
3
4
2
38
3
89
1
49
4
34
0
77
5
65
2
89
2
85
5
59
2
38
2
38
4
41
0
50
1
17
4
58
1
78
3
57
1
86
5
45
5
19
2
52
5
54
3
39
2
44
5
95
5
94
1
55
1
82
4
55
5
7
4
38
3
59
3
97
4
35
3
52
2
67
4
38
5
84
2
85
1
67
0
37
4
16
2
86
2
88
2
99
1
49
5
82
3
57
3
87
2
8
4
87
2
39
1
42
4
28
4
72
1
61
5
59
3
59
2
7
5
77
1
18
3
11
2
99
4
85
3
42
1
49
2
12
4
89
2
25
2
39
3
43
3
98
3
92
1
29
3
35
5
64
2
85
4
4
4
45
1
22
2
59
1
32
5
22
4
92
2
85
0
71
4
11
0
20
4
68
4
22
4
41
3
98
4
33
5
85
2
9
2
15
4
73
3
84
3
39
1
75
1
6
1
47
3
48
5
14
3
93
1
49
5
86
0
84
3
61
2
48
3
6
4
69
1
79
3
49
4
35
1
38
2
67
3
37
1
41
4
53
3
81
1
12
3
79
4
91
3
33
4
5
3
33
3
38
5
4
3
91
2
59
5
87
3
25
1
77
3
99
1
5
4
39
5
39
5
79
4
34
3
15
1
58
0
30
2
97
5
73
3
81
2
32
3
78
1
57
3
21
0
50
5
53
3
44
2
39
3
57
4
35
4
41
2
17
4
36
1
92
4
31
5
12
3
83
1
54
2
53
4
25
3
81
1
61
5
28
1
13
1
86
2
45
1
36
3
22
1
59
5
7
5
15
2
76
3
66
4
82
1
63
2
24
2
6
5
49
4
23
1
99
3
61
4
51
3
14
5
96
4
61
5
95
3
96
5
23
2
52
2
1
5
95
3
38
5
54
1
96
2
32
5
52
4
38
2
55
3
25
1
1
4
53
1
79
3
38
5
75
2
51
0
42
1
59
3
62
1
48
4
52
2
25
3
67
1
88
5
67
2
31
5
13
2
57
3
61
4
61
1
87
5
14
3
41
3
91
3
32
3
31
1
61
2
52
5
71
2
95
1
52
2
35
4
87
5
52
4
49
2
19
1
94
3
23
5
29
1
6
5
47
1
66
1
97
4
91
4
95
1
96
4
94
1
42
1
48
5
19
5
33
0
57
0
70
5
66
3
24
4
12
3
34
3
48
2
14
0
70
4
89
5
44
1
66
2
43
5
13
1
78
4
29
0
69
4
6
5
55
4
7
1
99
1
29
1
31
5
74
1
58
3
87
2
49
5
7
3
66
4
29
3
19
5
3
1
12
4
33
3
53
1
4
2
82
4
79
2
62
3
35
3
29
2
4
2
81
2
79
4
92
4
73
4
61
5
3
2
31
3
95
3
61
2
38
2
81
2
16
5
86
2
56
2
58
2
41
3
99
3
87
3
51
1
34
5
14
5
27
2
97
2
72
5
37
5
98
2
33
5
89
4
85
0
37
1
44
2
16
4
48
3
95
1
59
2
85
3
25
4
19
4
71
3
27
1
18
4
86
2
12
2
2
5
23
1
14
4
41
1
69
4
42
0
32
5
66
4
79
2
59
2
33
4
49
1
18
2
49
4
17
3
71
2
29
1
26
5
56
3
49
4
47
4
89
5
58
4
51
5
88
2
32
2
37
2
56
2
1
1
9
4
9
3
61
4
72
4
11
5
42
2
33
1
97
1
69
0
40
2
71
4
54
3
34
5
18
5
92
1
58
0
0
5
38
3
7
4
95
1
59
5
87
4
44
2
30
3
93
1
99
4
78
3
61
2
43
3
35
4
76
1
65
2
43
2
90
2
93
1
13
1
38
0
0
4
6
5
36
2
41
2
29
1
15
4
51
1
2
5
95
3
38
3
56
1
53
1
6
1
91
1
21
3
28
1
98
5
59
1
86
2
29
1
13
2
29
2
91
1
59
4
31
2
60
0
95
1
9
4
85
4
5
1
18
4
84
1
89
5
41
5
52
3
64
4
41
4
45
3
43
3
97
4
15
1
24
5
43
3
29
1
74
1
81
2
79
2
17
5
19
5
83
4
42
1
35
4
63
3
33
1
83
5
55
2
44
5
77
1
89
2
44
4
89
3
78
4
29
0
30
2
53
4
89
1
19
2
89
3
72
2
97
4
9
4
27
2
19
2
84
3
38
2
29
1
96
3
84
4
91
3
81
2
9
3
7
1
68
5
75
3
19
1
65
3
66
3
24
4
63
4
79
2
41
1
29
5
46
1
19
1
46
2
7
