16
58
9
94
9
44
19
33
16
28
17
29
9
64
9
99
18
90
9
94
19
32
9
74
9
94
9
74
9
34
17
59
16
28
19
61
9
44
18
90
9
74
16
88
9
99
19
62
9
74
9
99
17
29
9
64
18
30
19
91
18
60
9
34
9
99
9
64
9
64
9
34
9
99
15
27
9
34
19
91
9
44
9
34
0
80
9
94
19
61
9
94
18
30
9
94
15
57
9
14
19
93
19
91
9
44
9
94
9
94
9
94
9
44
9
64
9
64
9
94
19
61
17
89
9
94
9
99
9
44
17
59
9
44
9
44
9
44
9
74
17
59
9
34
19
91
9
44
9
44
19
93
9
14
9
44
19
31
9
14
15
87
9
14
16
28
9
44
9
74
9
14
9
34
9
94
9
14
9
94
9
44
18
60
9
94
15
87
9
94
18
90
9
74
9
74
0
0
19
92
9
99
9
64
17
89
19
62
9
74
9
99
9
64
9
94
9
99
9
44
9
94
9
94
9
99
17
89
19
62
18
90
9
99
16
28
9
99
19
61
19
91
9
34
9
44
18
90
19
91
19
31
18
90
9
99
9
44
9
74
9
44
9
14
9
44
9
74
9
44
9
44
9
64
9
14
9
34
9
44
9
34
9
99
9
34
19
92
9
99
9
64
9
34
16
88
9
44
9
74
19
62
9
44
9
99
9
64
9
14
9
44
9
44
9
94
9
14
9
34
9
14
17
89
9
74
9
34
9
44
9
14
17
89
9
14
9
99
9
94
9
94
9
74
9
34
9
99
17
89
9
99
9
14
9
99
9
94
9
74
18
60
9
94
9
64
18
30
9
44
9
44
9
44
9
99
9
74
9
99
9
44
9
74
9
34
9
14
9
94
9
99
19
63
9
14
9
64
9
44
9
64
19
61
19
62
9
64
9
44
17
59
9
94
9
74
9
44
19
91
15
87
9
34
9
34
18
30
9
34
9
99
9
44
9
74
0
70
9
57
9
99
16
88
9
64
19
32
9
14
9
44
17
89
9
94
17
59
9
74
9
99
9
74
17
59
9
44
9
64
9
64
9
94
9
34
9
44
16
88
9
14
9
94
9
2
19
63
18
90
9
14
9
99
19
62
9
94
19
31
9
74
9
64
17
89
9
94
9
64
9
14
19
62
9
44
9
64
9
74
18
90
9
14
9
64
16
88
9
74
9
34
19
33
0
80
9
64
9
34
15
57
9
74
9
94
19
93
16
88
9
34
9
14
9
34
9
99
9
14
19
62
17
89
17
89
9
44
9
99
9
34
16
58
19
62
9
94
9
44
9
42
9
94
0
0
9
64
9
99
8
75
19
62
19
33
9
44
9
99
9
74
9
14
19
92
9
94
9
44
9
64
9
3
9
64
9
99
17
59
9
74
9
99
18
90
9
74
19
91
9
99
19
62
16
88
9
94
15
87
9
74
9
99
9
34
19
92
19
92
9
34
9
99
9
14
17
59
9
64
9
94
9
44
9
74
19
63
9
74
9
34
4
49
9
14
0
29
18
90
9
34
9
34
9
14
9
99
19
31
16
58
9
94
9
64
9
94
9
34
9
14
17
59
9
64
9
64
9
44
9
74
9
94
9
94
17
59
15
57
17
59
9
74
15
57
18
90
9
94
9
64
9
94
17
89
9
74
19
92
9
14
9
74
9
64
9
44
9
44
9
94
9
44
9
14
19
32
19
61
15
57
19
91
19
61
9
1
19
33
9
34
1
91
9
64
9
14
9
94
9
64
9
74
9
94
9
37
9
44
9
44
9
99
19
92
17
89
9
94
19
32
9
94
9
94
9
14
9
94
9
94
9
4
9
74
0
70
9
74
9
74
16
88
9
74
9
74
2
39
9
64
18
90
9
34
9
99
9
64
19
62
18
90
9
99
9
64
19
61
9
14
9
14
9
74
9
99
15
57
9
74
19
22
9
94
9
34
9
94
9
14
9
44
9
64
19
93
9
34
17
59
17
89
9
44
9
74
9
64
9
34
9
34
9
44
9
34
9
44
9
74
18
30
9
34
9
94
9
34
9
94
9
94
9
14
16
28
9
44
9
99
9
94
9
99
9
74
9
34
16
58
19
92
9
64
19
92
9
34
9
34
17
29
9
44
9
74
18
60
9
74
19
61
19
93
0
80
9
64
9
34
9
14
9
74
9
34
18
90
17
29
9
99
9
34
9
94
19
61
9
34
18
60
1
39
15
27
9
44
9
99
19
62
9
99
9
34
9
14
9
99
19
62
9
64
9
44
19
32
15
27
9
74
9
14
9
14
9
64
9
99
9
34
9
26
9
14
19
32
9
64
9
99
9
99
9
14
19
61
9
34
19
31
9
44
9
74
9
34
9
44
19
61
19
61
9
34
9
94
9
34
9
14
9
34
19
31
9
99
19
63
9
99
9
74
19
63
9
44
18
90
9
64
9
99
9
64
18
60
9
99
9
99
17
89
9
64
9
64
9
99
9
99
9
74
3
39
19
63
1
79
9
94
0
0
19
62
9
94
9
34
9
99
0
51
9
74
2
48
19
63
4
59
9
99
9
34
9
74
1
39
9
37
9
94
19
93
19
93
9
64
9
74
15
27
16
88
9
94
9
44
9
99
9
14
9
74
19
92
9
74
9
74
9
98
1
79
17
29
18
60
9
99
0
91
9
99
9
94
1
49
9
99
9
93
3
59
19
62
9
99
19
32
17
29
9
34
17
59
9
64
9
99
9
44
9
14
9
44
9
44
2
79
17
59
19
92
1
99
9
74
9
34
19
92
9
99
9
74
18
60
9
14
18
30
0
10
9
99
9
34
9
74
18
60
19
63
9
34
18
60
9
14
9
74
9
34
16
58
9
74
16
28
9
99
9
44
9
38
1
79
9
64
9
94
9
74
9
94
9
14
9
94
15
87
9
12
17
29
9
99
9
99
9
47
9
74
9
94
19
91
9
74
9
64
9
99
9
99
19
62
9
14
9
99
9
64
1
44
16
28
19
31
9
64
9
94
9
94
9
99
9
99
17
89
17
89
9
44
19
91
0
60
9
64
9
74
9
49
9
14
9
64
9
44
9
99
9
34
9
44
9
18
9
74
9
14
15
87
9
99
9
99
9
94
9
44
9
34
9
64
9
14
8
25
18
30
9
64
9
44
9
48
9
44
9
34
9
74
9
14
9
74
9
34
9
64
9
56
15
87
9
74
2
49
19
91
9
64
9
74
18
30
9
34
9
94
9
64
9
74
9
34
9
44
9
44
19
92
9
64
9
94
9
94
18
60
19
92
9
99
9
44
9
74
9
14
9
44
9
99
9
94
9
64
9
64
9
74
9
14
9
94
9
44
17
59
9
94
9
14
9
99
19
92
9
74
9
14
9
99
9
44
9
94
17
59
17
89
17
59
9
64
9
94
9
99
9
14
9
99
9
94
9
14
9
14
17
89
9
94
9
34
16
58
9
34
9
14
9
99
9
14
17
59
9
14
9
94
9
74
9
64
9
34
15
87
9
14
9
74
9
74
9
34
9
99
9
64
19
92
9
64
9
94
9
86
8
65
0
80
9
74
9
64
9
34
9
44
17
29
19
63
9
44
9
99
9
44
16
88
9
14
19
31
19
91
9
14
3
29
9
74
2
59
9
34
18
90
1
69
9
64
9
99
9
14
19
62
19
31
9
99
9
64
9
34
9
14
9
14
9
74
9
64
9
44
0
80
9
44
9
34
9
74
9
99
9
74
9
14
0
0
18
60
9
99
9
64
19
91
9
34
9
64
1
38
9
99
9
44
9
99
9
74
18
90
19
92
9
14
9
64
9
34
17
59
9
64
15
87
0
70
18
30
1
2
9
99
15
27
9
44
9
72
15
87
9
14
9
74
9
64
9
14
9
64
9
64
9
64
9
74
9
74
0
90
17
29
9
99
9
34
9
74
9
34
9
64
0
20
17
29
19
61
18
60
9
99
9
44
9
64
15
57
2
59
9
74
9
94
0
12
9
99
19
31
9
6
9
34
9
34
9
44
9
94
9
94
15
27
9
88
19
61
16
58
9
74
9
94
4
69
19
63
19
91
9
94
18
30
15
57
9
44
0
70
0
20
19
93
9
74
1
19
9
99
16
58
19
62
18
60
9
74
9
99
9
44
9
99
9
94
9
94
9
74
9
14
9
94
9
14
19
52
19
61
17
89
17
59
9
99
9
44
9
14
9
78
17
59
9
64
9
44
9
64
19
61
9
46
9
74
15
27
9
14
16
58
9
64
9
99
18
30
9
74
15
57
9
14
9
64
15
57
9
74
9
34
9
99
9
74
9
74
17
59
8
55
9
64
9
28
19
93
9
94
9
99
9
74
9
64
9
64
9
74
9
44
9
44
17
59
9
14
15
27
17
89
9
74
9
64
9
34
0
80
9
44
9
64
9
14
9
34
9
14
1
9
19
61
19
62
9
99
18
30
9
64
19
62
19
92
17
59
0
60
9
44
9
64
9
74
9
34
9
64
9
44
