7
45
7
89
5
39
8
20
6
15
4
19
4
59
5
94
5
79
5
88
7
19
6
66
4
89
7
69
6
25
4
49
5
15
6
49
8
40
5
78
4
69
8
75
5
94
7
49
8
65
7
99
4
18
5
55
5
19
6
79
5
49
7
29
4
94
4
59
7
59
5
28
8
95
7
14
8
27
8
78
4
39
5
29
0
80
6
89
6
49
5
88
5
19
8
90
6
44
7
9
8
80
6
78
7
39
8
88
7
89
7
88
5
38
8
59
4
57
4
88
8
48
7
76
4
89
5
99
6
37
4
49
5
35
6
35
6
36
7
64
4
49
8
30
7
78
5
39
8
40
8
80
6
9
7
38
6
19
4
5
6
74
6
4
7
15
5
34
8
65
5
9
5
26
7
89
8
10
7
89
5
34
5
48
5
89
6
74
8
90
5
79
7
69
4
64
0
0
7
79
8
96
7
59
8
76
7
49
5
69
7
99
4
56
5
89
4
99
4
34
5
84
5
86
8
99
7
76
8
49
6
77
7
98
5
15
7
95
6
49
6
79
4
29
4
34
5
78
7
78
7
18
5
79
5
99
6
39
8
66
5
37
7
7
8
40
7
69
5
39
8
40
5
58
7
9
6
29
4
39
6
28
8
99
6
26
7
79
7
98
8
60
8
30
7
75
8
38
4
65
7
49
7
36
8
97
4
58
6
9
6
35
6
38
7
85
4
9
5
29
4
9
4
79
6
68
8
29
7
39
7
7
7
76
7
9
7
99
8
90
8
88
8
70
4
27
4
95
7
76
6
97
4
8
4
97
6
89
5
64
7
47
6
84
7
57
5
18
6
39
5
39
6
34
4
99
8
70
7
99
8
40
7
67
7
25
6
7
7
85
5
94
8
50
4
5
4
54
7
35
7
56
6
49
7
49
8
60
7
39
6
46
4
89
8
68
7
36
6
79
6
74
4
24
6
28
8
17
6
25
8
95
7
36
6
69
0
70
5
57
4
98
5
75
7
59
7
19
4
9
8
40
4
79
7
89
4
49
4
65
8
96
4
64
4
46
8
40
7
57
6
59
6
86
7
26
4
38
6
75
6
6
6
89
8
2
8
50
8
77
6
4
7
96
8
49
4
85
6
19
8
67
6
59
4
76
8
88
6
54
8
10
7
49
5
39
6
57
7
66
5
79
6
9
8
59
7
75
5
65
5
28
8
20
0
80
7
57
6
29
5
44
6
69
5
89
8
80
7
75
8
27
5
7
6
29
4
99
8
8
7
49
4
79
4
79
7
38
8
97
7
25
5
45
7
49
6
89
6
36
7
42
6
89
0
0
8
56
6
96
4
75
7
49
8
20
4
35
5
95
7
69
8
10
7
79
5
89
5
37
4
59
8
3
7
59
8
99
7
46
5
69
6
99
5
79
5
69
8
78
6
94
7
49
7
75
5
89
7
74
7
68
4
99
7
24
8
79
7
79
7
29
7
99
5
9
8
46
5
59
4
89
6
35
7
69
8
50
6
64
8
30
4
49
5
6
0
29
8
77
5
29
8
30
6
9
6
94
6
19
8
45
5
89
4
59
5
86
5
27
6
5
6
46
8
59
7
59
5
39
5
64
8
85
5
85
4
49
5
44
4
49
4
69
5
44
5
79
6
89
7
54
6
86
4
79
4
67
7
79
7
9
4
65
4
59
8
37
4
39
4
86
5
36
6
6
7
19
6
49
6
44
6
79
6
49
6
1
8
20
6
25
1
91
7
59
4
5
6
89
8
56
6
66
4
84
8
37
6
39
7
34
5
99
7
79
5
76
7
84
7
19
5
89
6
89
4
4
8
88
8
88
6
4
5
69
0
70
4
69
5
69
5
75
4
69
5
67
2
39
4
54
7
77
7
27
4
98
4
59
7
49
6
77
7
99
8
56
6
49
8
8
5
9
8
70
6
99
7
44
7
64
8
22
4
89
7
25
4
85
6
5
7
34
6
59
8
80
6
28
4
49
4
79
7
38
6
65
4
58
5
29
6
24
7
39
5
29
6
39
6
69
7
17
7
28
5
84
4
27
4
85
5
89
8
10
5
15
6
37
4
99
7
84
6
96
6
69
6
27
7
45
7
79
4
59
7
79
6
27
5
29
4
19
7
39
7
68
6
47
6
65
6
49
8
80
0
80
5
57
4
28
4
9
7
65
7
29
6
77
4
19
5
97
4
26
8
85
8
48
5
29
5
49
1
39
5
14
5
39
8
97
8
49
5
94
4
29
4
9
4
96
7
49
5
54
8
40
7
19
4
14
6
68
4
9
7
9
7
57
6
97
8
30
4
26
8
6
7
19
6
59
5
99
6
99
4
6
7
48
7
29
6
18
4
39
7
69
4
29
8
35
6
49
6
49
8
28
6
89
7
29
7
5
6
29
6
18
7
99
8
50
8
96
4
66
8
50
4
36
5
79
5
58
7
96
8
60
5
48
4
98
7
98
7
76
8
56
7
56
8
97
8
96
6
69
3
39
8
50
1
77
7
89
0
0
7
49
6
85
6
25
7
96
0
51
5
69
2
48
8
50
4
59
6
98
4
29
6
69
1
35
7
37
5
89
8
80
8
80
5
59
7
64
4
14
5
75
7
86
7
37
7
98
4
9
8
65
7
79
4
67
7
69
8
98
1
79
8
16
5
48
7
96
0
91
6
96
7
89
1
49
6
96
8
93
3
55
7
49
5
94
7
19
4
19
7
29
6
46
4
59
4
99
5
39
5
9
4
36
5
35
2
78
7
46
7
79
1
96
4
66
4
25
7
79
7
99
4
68
5
49
5
9
5
18
0
10
7
96
4
29
4
69
5
48
8
50
8
29
6
47
7
9
6
68
5
29
6
45
8
65
6
15
6
95
4
35
8
38
1
79
5
59
4
88
7
69
5
89
5
9
5
89
7
74
8
12
4
19
4
95
7
98
5
47
5
69
6
89
8
78
8
69
5
55
8
98
5
99
8
49
6
8
4
99
8
58
1
44
5
15
6
19
5
59
8
89
6
88
8
96
7
99
5
76
4
77
4
39
8
78
0
60
7
59
6
64
7
49
5
9
6
56
6
34
6
99
7
28
5
39
5
18
5
65
7
9
6
74
5
94
5
99
8
87
5
39
8
30
6
59
6
9
6
25
6
17
4
59
7
35
6
48
7
39
6
28
8
70
4
6
6
69
4
25
8
59
5
63
6
74
6
68
2
45
6
79
6
54
4
67
5
17
5
29
8
90
5
54
7
64
4
29
4
39
8
39
7
79
6
54
6
87
5
87
5
47
7
79
8
97
4
38
4
69
5
7
5
36
5
97
5
89
5
59
6
59
6
65
5
8
7
84
8
35
4
48
4
86
5
9
7
94
8
79
6
69
8
8
6
99
5
39
5
89
4
49
4
77
6
46
7
59
4
87
8
99
7
9
4
96
7
84
5
8
4
4
7
76
8
89
7
24
4
45
4
29
4
5
7
99
5
6
6
46
8
10
8
85
7
69
5
58
4
29
4
74
4
5
7
69
5
69
6
27
8
97
7
58
7
79
4
59
4
89
8
92
7
65
0
80
5
64
4
55
5
27
7
37
4
19
8
50
7
39
5
99
6
39
5
75
4
7
7
18
8
78
4
8
3
27
5
69
2
58
7
25
6
77
1
69
4
59
4
99
4
4
7
49
6
19
8
99
8
60
5
25
5
4
5
9
5
67
8
60
5
36
0
80
5
39
7
29
7
69
6
96
7
69
6
4
0
0
5
49
8
98
7
59
6
79
5
29
4
54
1
38
7
94
6
34
5
95
5
69
5
79
8
79
6
7
5
57
5
26
7
46
7
59
7
74
0
70
5
19
1
2
6
96
6
14
8
36
4
72
7
74
6
5
7
68
4
55
5
9
7
59
8
56
7
59
7
66
8
67
0
90
4
19
6
98
5
29
5
69
8
30
8
55
0
20
4
19
6
48
5
49
6
99
6
38
6
55
6
44
2
59
5
69
5
89
0
12
5
95
8
18
5
6
7
29
7
29
5
39
4
89
7
89
5
14
6
88
6
49
5
45
8
68
6
89
4
64
8
50
7
78
5
84
5
18
4
44
7
38
0
70
0
20
8
80
7
69
1
19
6
98
5
45
7
49
5
49
8
69
5
99
6
39
4
99
5
85
5
86
6
67
6
4
7
84
7
9
6
52
8
48
5
76
4
47
4
98
8
39
6
9
4
78
4
49
6
58
8
40
5
59
6
49
4
46
7
69
6
14
6
6
5
45
4
59
4
95
5
19
8
70
6
44
7
9
7
54
5
44
8
70
8
28
8
97
5
69
4
69
4
49
8
55
5
59
4
28
8
80
4
88
4
99
7
69
4
58
4
59
8
70
5
37
8
35
4
46
6
9
6
14
4
76
8
70
6
59
8
30
0
80
6
35
8
57
4
6
5
29
7
7
1
9
6
49
7
49
7
94
5
19
4
56
7
49
7
79
4
49
0
60
5
39
6
64
4
69
7
29
4
59
5
38
