3
41
3
86
1
37
4
18
2
11
0
19
0
59
2
90
1
78
1
84
3
19
2
62
0
85
3
66
2
21
0
45
1
11
2
48
4
36
1
74
0
67
4
71
2
90
3
46
4
61
3
97
0
14
1
51
1
18
2
75
1
45
3
27
1
90
0
59
3
56
1
24
4
91
4
10
4
23
4
74
0
39
1
25
0
80
2
87
2
48
1
84
1
17
4
87
3
40
3
9
4
76
2
74
3
39
4
84
3
87
3
84
1
34
4
55
0
53
0
84
4
44
3
72
0
89
1
96
2
33
0
47
1
31
2
31
2
32
4
60
0
48
4
28
3
74
1
38
4
39
4
79
2
5
3
34
2
17
0
1
3
70
3
0
3
11
2
30
4
61
1
6
1
22
3
85
4
9
3
85
2
30
1
44
1
85
3
70
4
88
1
78
3
67
1
60
0
0
3
75
4
92
3
57
4
72
3
45
1
68
3
96
0
52
1
86
0
99
1
30
2
80
1
82
4
97
3
72
4
45
2
73
3
94
1
11
3
91
2
46
2
79
0
28
1
30
1
74
3
74
3
14
1
78
1
98
2
39
4
62
1
33
3
3
4
38
3
69
1
37
4
38
1
54
3
9
2
29
0
35
2
24
4
98
2
22
3
76
3
94
4
58
4
27
3
71
4
34
0
61
3
48
3
32
4
93
0
54
2
9
2
31
2
34
3
81
0
8
1
25
0
8
0
78
2
64
4
25
3
37
3
3
3
72
3
9
3
99
4
88
4
84
4
67
0
23
0
91
3
72
2
93
0
4
0
93
2
86
2
60
3
43
3
80
3
53
1
14
2
37
1
37
3
30
0
95
4
68
3
98
4
36
3
63
3
21
2
3
3
81
2
90
4
47
0
1
1
50
3
31
3
52
2
46
3
45
4
57
3
35
2
42
0
89
4
64
3
32
2
78
3
70
1
20
2
24
4
13
2
21
4
91
3
32
2
65
0
70
1
57
0
94
1
71
3
55
3
19
0
8
4
39
0
75
3
86
0
45
0
61
4
92
1
60
0
42
4
36
3
53
2
56
2
82
3
22
0
34
2
71
2
2
2
85
4
2
4
46
4
73
3
0
3
92
4
45
0
81
2
15
4
63
2
55
0
72
4
84
3
50
4
7
3
45
1
37
2
53
3
62
1
78
2
6
4
55
3
71
1
61
1
24
4
19
0
80
3
53
2
26
2
40
2
66
1
87
4
76
3
71
4
23
1
3
2
27
0
97
4
4
3
49
0
78
0
76
3
34
4
93
3
21
1
41
3
45
2
88
2
32
3
42
2
86
0
0
4
52
2
92
0
75
3
45
4
19
0
31
1
91
3
68
4
9
3
79
1
87
1
33
0
58
4
3
3
58
4
97
3
42
1
69
2
95
1
78
1
66
4
74
3
90
3
45
3
71
1
88
4
70
3
64
0
96
4
20
4
75
3
77
3
28
3
98
1
9
4
42
1
57
0
88
2
31
3
67
4
49
3
60
4
27
4
48
1
2
0
29
4
73
1
25
4
26
2
9
3
90
2
17
4
41
1
89
0
58
1
82
1
23
2
1
2
42
4
55
3
58
1
39
2
60
4
81
1
81
0
46
2
40
0
49
0
69
2
40
1
79
2
88
4
50
2
82
0
75
0
63
3
75
3
9
0
61
0
56
4
33
0
37
0
82
1
32
2
2
3
19
2
49
3
40
2
76
2
48
3
0
4
17
2
21
1
90
3
58
0
1
2
88
4
52
2
62
1
80
4
37
2
35
4
30
1
97
3
78
1
72
4
80
3
19
1
87
2
87
1
0
4
84
4
84
2
4
1
65
0
70
0
69
1
66
1
71
0
67
1
63
2
38
1
50
3
73
3
23
0
94
0
55
3
45
2
73
3
98
4
52
2
48
4
4
1
6
4
69
2
95
4
40
4
60
4
22
0
85
3
21
0
81
2
1
4
30
2
58
4
76
2
24
0
48
0
76
3
34
2
61
0
54
1
27
3
20
3
38
1
28
2
36
2
65
3
13
3
24
2
80
0
23
0
81
1
88
4
9
1
11
2
33
0
97
4
80
2
92
2
66
2
23
3
41
3
78
0
58
3
75
2
23
1
29
0
15
3
37
3
64
2
43
2
61
2
45
4
77
0
80
1
53
0
24
0
7
3
61
3
26
2
73
0
19
1
93
0
22
4
81
4
44
1
29
1
49
1
37
2
10
1
36
4
93
4
45
2
90
0
27
0
9
0
92
3
49
2
50
4
36
3
18
1
10
2
64
0
7
3
6
3
53
2
93
4
26
0
26
4
2
3
19
2
57
1
98
2
96
0
2
3
44
3
28
2
14
0
39
3
68
0
28
4
31
2
48
2
47
4
24
2
88
3
29
3
1
2
29
2
14
3
97
4
49
4
92
0
62
4
48
0
32
1
78
1
54
3
92
4
57
1
44
0
94
3
94
3
72
4
52
3
52
4
93
4
92
2
67
3
38
4
49
1
73
3
87
0
0
3
46
2
81
2
21
3
92
0
51
1
65
2
48
4
48
4
57
2
94
0
26
2
69
1
31
3
37
1
86
4
78
4
78
1
56
4
60
1
10
1
71
3
82
3
33
3
94
0
7
4
61
3
76
0
63
3
68
4
99
1
79
4
12
1
44
3
92
0
91
2
92
3
87
1
45
2
92
4
93
3
51
3
48
2
90
3
17
0
18
3
29
2
42
0
58
0
98
1
39
1
8
0
32
1
31
2
74
3
42
3
76
1
92
0
62
0
21
3
78
3
98
0
64
1
45
1
9
1
14
0
10
3
92
0
28
0
67
1
44
4
48
4
25
2
43
3
9
2
64
1
29
2
41
4
61
2
11
2
91
0
31
4
38
0
77
1
59
0
84
3
66
1
87
1
7
1
85
4
70
4
12
0
17
0
91
3
94
1
47
1
67
2
87
4
74
4
65
1
51
4
94
1
97
4
45
2
4
0
97
4
54
0
44
1
11
2
17
1
57
4
85
2
84
4
92
3
98
1
72
0
73
0
35
4
74
0
60
3
59
3
60
3
49
1
9
2
52
3
30
2
98
3
24
1
35
1
18
1
61
3
7
3
70
2
90
1
96
4
83
1
36
4
29
2
56
2
5
2
25
2
13
0
58
3
31
2
48
3
38
2
24
4
66
0
2
2
67
0
21
4
55
1
67
3
70
2
64
2
41
2
79
3
50
0
63
1
13
1
27
4
87
2
50
4
60
0
29
0
35
4
35
3
77
3
50
2
83
1
83
1
43
3
78
4
93
0
34
0
68
1
3
1
32
1
93
1
88
1
57
2
55
2
61
1
4
4
80
4
31
0
44
0
82
1
7
4
90
4
75
2
66
4
4
2
96
1
36
1
86
0
49
0
73
2
42
3
58
0
83
4
99
3
5
0
92
4
80
1
4
1
0
3
72
4
85
4
20
0
41
0
28
0
1
3
99
1
2
2
42
4
8
4
81
3
66
1
54
0
28
1
70
0
1
3
67
1
65
2
23
4
93
3
54
3
79
0
56
0
87
4
96
3
65
0
80
2
60
0
51
1
23
3
33
0
16
4
49
3
39
1
97
2
38
1
71
0
3
3
14
4
74
0
4
3
23
1
66
2
54
3
21
2
73
4
68
0
59
0
95
1
0
3
48
2
15
4
98
4
57
1
21
2
0
1
7
1
63
4
57
1
32
0
80
1
36
3
25
3
67
2
92
3
69
3
0
0
0
1
46
4
94
3
57
2
77
1
27
1
50
1
39
4
90
3
30
1
91
1
69
1
76
4
75
2
3
1
53
1
22
3
42
3
55
4
70
0
70
1
15
0
2
2
92
3
10
4
32
0
72
4
70
2
1
3
64
0
51
1
7
3
55
4
52
3
58
3
62
4
63
0
90
0
17
2
94
1
29
1
65
4
27
4
51
0
20
0
18
2
44
1
46
2
97
2
34
2
51
3
40
2
57
1
67
1
87
0
12
1
91
4
14
1
6
3
29
3
29
1
36
0
87
3
85
2
10
2
88
2
48
1
41
4
64
2
86
4
60
4
48
3
74
2
80
1
14
1
40
3
34
0
70
0
20
4
79
3
69
1
18
2
94
1
41
3
46
1
48
4
65
1
97
2
35
0
95
1
81
1
82
2
63
3
0
4
80
3
8
2
52
4
44
1
72
0
43
0
94
4
35
2
8
0
78
0
45
2
54
4
37
1
59
2
46
0
46
3
68
3
10
2
2
1
41
0
56
0
91
1
15
4
68
3
40
3
6
4
50
2
40
4
66
4
24
4
93
1
68
0
66
0
48
4
55
1
55
0
28
4
77
0
84
0
97
3
68
0
54
0
56
4
68
1
33
4
31
0
42
2
6
3
10
0
72
4
67
2
57
4
28
0
80
2
31
4
53
0
2
1
25
3
3
1
9
2
49
3
48
4
90
1
15
0
52
3
45
3
78
0
49
0
60
1
38
2
64
0
67
3
28
0
55
1
34
