19
64
9
94
9
44
19
34
19
34
19
34
9
64
9
99
19
94
9
94
19
34
9
74
9
94
9
74
9
34
19
64
19
34
19
64
9
44
19
94
9
74
19
94
9
99
19
64
9
74
9
99
19
34
9
64
19
34
19
94
19
64
9
34
9
99
9
64
9
64
9
34
9
99
19
34
9
34
19
94
9
44
9
34
0
80
9
94
19
64
9
94
19
34
9
94
19
64
9
14
19
94
19
94
9
44
9
94
9
94
9
94
9
44
9
64
9
64
9
94
19
64
19
94
9
94
9
99
9
44
19
64
9
44
9
44
9
44
9
74
19
64
9
34
19
94
9
44
9
44
19
94
9
14
9
44
19
34
9
14
19
94
9
14
19
34
9
44
9
74
9
14
9
34
9
94
9
14
9
94
9
44
19
64
9
94
19
94
9
94
19
94
9
74
9
74
0
0
19
94
9
99
9
64
19
94
19
64
9
74
9
99
9
64
9
94
9
99
9
44
9
94
9
94
9
99
19
94
19
64
19
94
9
99
19
34
9
99
19
64
19
94
9
34
9
44
19
94
19
94
19
34
19
94
9
99
9
44
9
74
9
44
9
14
9
44
9
74
9
44
9
44
9
64
9
14
9
34
9
44
9
34
9
99
9
34
19
94
9
99
9
64
9
34
19
94
9
44
9
74
19
64
9
44
9
99
9
64
9
14
9
44
9
44
9
94
9
14
9
34
9
14
19
94
9
74
9
34
9
44
9
14
19
94
9
14
9
99
9
94
9
94
9
74
9
34
9
99
19
94
9
99
9
14
9
99
9
94
9
74
19
64
9
94
9
64
19
34
9
44
9
44
9
44
9
99
9
74
9
99
9
44
9
74
9
34
9
14
9
94
9
99
19
64
9
14
9
64
9
44
9
64
19
64
19
64
9
64
9
44
19
64
9
94
9
74
9
44
19
94
19
94
9
34
9
34
19
34
9
34
9
99
9
44
9
74
0
70
9
57
9
99
19
94
9
64
19
34
9
14
9
44
19
94
9
94
19
64
9
74
9
99
9
74
19
64
9
44
9
64
9
64
9
94
9
34
9
44
19
94
9
14
9
94
9
2
19
64
19
94
9
14
9
99
19
64
9
94
19
34
9
74
9
64
19
94
9
94
9
64
9
14
19
64
9
44
9
64
9
74
19
94
9
14
9
64
19
94
9
74
9
34
19
34
0
80
9
64
9
34
19
64
9
74
9
94
19
94
19
94
9
34
9
14
9
34
9
99
9
14
19
64
19
94
19
94
9
44
9
99
9
34
19
64
19
64
9
94
9
44
9
42
9
94
0
0
9
64
9
99
8
75
19
64
19
34
9
44
9
99
9
74
9
14
19
94
9
94
9
44
9
64
9
3
9
64
9
99
19
64
9
74
9
99
19
94
9
74
19
94
9
99
19
64
19
94
9
94
19
94
9
74
9
99
9
34
19
94
19
94
9
34
9
99
9
14
19
64
9
64
9
94
9
44
9
74
19
64
9
74
9
34
4
49
9
14
0
29
19
94
9
34
9
34
9
14
9
99
19
34
19
64
9
94
9
64
9
94
9
34
9
14
19
64
9
64
9
64
9
44
9
74
9
94
9
94
19
64
19
64
19
64
9
74
19
64
19
94
9
94
9
64
9
94
19
94
9
74
19
94
9
14
9
74
9
64
9
44
9
44
9
94
9
44
9
14
19
34
19
64
19
64
19
94
19
64
9
1
19
34
9
34
1
91
9
64
9
14
9
94
9
64
9
74
9
94
9
37
9
44
9
44
9
99
19
94
19
94
9
94
19
34
9
94
9
94
9
14
9
94
9
94
9
4
9
74
0
70
9
74
9
74
19
94
9
74
9
74
2
39
9
64
19
94
9
34
9
99
9
64
19
64
19
94
9
99
9
64
19
64
9
14
9
14
9
74
9
99
19
64
9
74
19
22
9
94
9
34
9
94
9
14
9
44
9
64
19
94
9
34
19
64
19
94
9
44
9
74
9
64
9
34
9
34
9
44
9
34
9
44
9
74
19
34
9
34
9
94
9
34
9
94
9
94
9
14
19
34
9
44
9
99
9
94
9
99
9
74
9
34
19
64
19
94
9
64
19
94
9
34
9
34
19
34
9
44
9
74
19
64
9
74
19
64
19
94
0
80
9
64
9
34
9
14
9
74
9
34
19
94
19
34
9
99
9
34
9
94
19
64
9
34
19
64
1
39
19
34
9
44
9
99
19
64
9
99
9
34
9
14
9
99
19
64
9
64
9
44
19
34
19
34
9
74
9
14
9
14
9
64
9
99
9
34
9
26
9
14
19
34
9
64
9
99
9
99
9
14
19
64
9
34
19
34
9
44
9
74
9
34
9
44
19
64
19
64
9
34
9
94
9
34
9
14
9
34
19
34
9
99
19
64
9
99
9
74
19
64
9
44
19
94
9
64
9
99
9
64
19
64
9
99
9
99
19
94
9
64
9
64
9
99
9
99
9
74
3
39
19
64
1
79
9
94
0
0
19
64
9
94
9
34
9
99
0
51
9
74
2
48
19
64
4
59
9
99
9
34
9
74
1
39
9
37
9
94
19
94
19
94
9
64
9
74
19
34
19
94
9
94
9
44
9
99
9
14
9
74
19
94
9
74
9
74
9
98
1
79
19
34
19
64
9
99
0
91
9
99
9
94
1
49
9
99
9
93
3
59
19
64
9
99
19
34
19
34
9
34
19
64
9
64
9
99
9
44
9
14
9
44
9
44
2
79
19
64
19
94
1
99
9
74
9
34
19
94
9
99
9
74
19
64
9
14
19
34
0
10
9
99
9
34
9
74
19
64
19
64
9
34
19
64
9
14
9
74
9
34
19
64
9
74
19
34
9
99
9
44
9
38
1
79
9
64
9
94
9
74
9
94
9
14
9
94
19
94
9
12
19
34
9
99
9
99
9
47
9
74
9
94
19
94
9
74
9
64
9
99
9
99
19
64
9
14
9
99
9
64
1
44
19
34
19
34
9
64
9
94
9
94
9
99
9
99
19
94
19
94
9
44
19
94
0
60
9
64
9
74
9
49
9
14
9
64
9
44
9
99
9
34
9
44
9
18
9
74
9
14
19
94
9
99
9
99
9
94
9
44
9
34
9
64
9
14
8
25
19
34
9
64
9
44
9
48
9
44
9
34
9
74
9
14
9
74
9
34
9
64
9
56
19
94
9
74
2
49
19
94
9
64
9
74
19
34
9
34
9
94
9
64
9
74
9
34
9
44
9
44
19
94
9
64
9
94
9
94
19
64
19
94
9
99
9
44
9
74
9
14
9
44
9
99
9
94
9
64
9
64
9
74
9
14
9
94
9
44
19
64
9
94
9
14
9
99
19
94
9
74
9
14
9
99
9
44
9
94
19
64
19
94
19
64
9
64
9
94
9
99
9
14
9
99
9
94
9
14
9
14
19
94
9
94
9
34
19
64
9
34
9
14
9
99
9
14
19
64
9
14
9
94
9
74
9
64
9
34
19
94
9
14
9
74
9
74
9
34
9
99
9
64
19
94
9
64
9
94
9
86
8
65
0
80
9
74
9
64
9
34
9
44
19
34
19
64
9
44
9
99
9
44
19
94
9
14
19
34
19
94
9
14
3
29
9
74
2
59
9
34
19
94
1
69
9
64
9
99
9
14
19
64
19
34
9
99
9
64
9
34
9
14
9
14
9
74
9
64
9
44
0
80
9
44
9
34
9
74
9
99
9
74
9
14
0
0
19
64
9
99
9
64
19
94
9
34
9
64
1
38
9
99
9
44
9
99
9
74
19
94
19
94
9
14
9
64
9
34
19
64
9
64
19
94
0
70
19
34
1
2
9
99
19
34
9
44
9
72
19
94
9
14
9
74
9
64
9
14
9
64
9
64
9
64
9
74
9
74
0
90
19
34
9
99
9
34
9
74
9
34
9
64
0
20
19
34
19
64
19
64
9
99
9
44
9
64
19
64
2
59
9
74
9
94
0
12
9
99
19
34
9
6
9
34
9
34
9
44
9
94
9
94
19
34
9
88
19
64
19
64
9
74
9
94
4
69
19
64
19
94
9
94
19
34
19
64
9
44
0
70
0
20
19
94
9
74
1
19
9
99
19
64
19
64
19
64
9
74
9
99
9
44
9
99
9
94
9
94
9
74
9
14
9
94
9
14
19
52
19
64
19
94
19
64
9
99
9
44
9
14
9
78
19
64
9
64
9
44
9
64
19
64
9
46
9
74
19
34
9
14
19
64
9
64
9
99
19
34
9
74
19
64
9
14
9
64
19
64
9
74
9
34
9
99
9
74
9
74
19
64
8
55
9
64
9
28
19
94
9
94
9
99
9
74
9
64
9
64
9
74
9
44
9
44
19
64
9
14
19
34
19
94
9
74
9
64
9
34
0
80
9
44
9
64
9
14
9
34
9
14
1
9
19
64
19
64
9
99
19
34
9
64
19
64
19
94
19
64
0
60
9
44
9
64
9
74
9
34
9
64
9
44
