10
52
9
94
9
44
15
27
10
22
11
23
9
63
9
99
12
84
9
94
14
26
9
73
9
93
9
74
9
32
11
53
10
22
13
55
9
44
12
84
9
73
10
82
9
99
14
56
9
72
9
99
11
23
9
62
12
24
13
85
12
54
9
34
9
99
9
63
9
64
9
34
9
99
9
21
9
34
13
85
9
43
9
34
0
80
9
94
13
55
9
94
12
24
9
94
9
51
9
14
15
87
13
85
9
44
9
94
9
94
9
94
9
44
9
64
9
63
9
93
13
55
11
83
9
93
9
99
9
44
11
53
9
42
9
42
9
43
9
71
11
53
9
34
13
85
9
44
9
44
15
87
9
14
9
44
13
25
9
12
9
81
9
11
10
22
9
41
9
72
9
14
9
33
9
94
9
14
9
94
9
41
12
54
9
94
9
81
9
94
12
84
9
74
9
71
0
0
14
86
9
99
9
64
11
83
14
56
9
74
9
99
9
63
9
94
9
99
9
41
9
91
9
93
9
99
11
83
14
56
12
84
9
99
10
22
9
99
13
55
13
85
9
33
9
41
12
84
13
85
13
25
12
84
9
99
9
44
9
73
9
44
9
14
9
44
9
74
9
44
9
44
9
64
9
14
9
34
9
43
9
34
9
99
9
33
14
86
9
99
9
64
9
34
10
82
9
44
9
72
14
56
9
43
9
99
9
63
9
14
9
42
9
44
9
92
9
13
9
34
9
13
11
83
9
74
9
34
9
44
9
14
11
83
9
14
9
99
9
94
9
94
9
74
9
33
9
99
11
83
9
99
9
13
9
99
9
94
9
71
12
54
9
91
9
64
12
24
9
44
9
44
9
41
9
99
9
74
9
99
9
44
9
74
9
32
9
14
9
92
9
99
15
57
9
12
9
61
9
42
9
63
13
55
14
56
9
64
9
44
11
53
9
93
9
74
9
43
13
85
9
81
9
31
9
34
12
24
9
32
9
99
9
43
9
74
0
70
9
57
9
99
10
82
9
64
14
26
9
13
9
44
11
83
9
94
11
53
9
72
9
99
9
71
11
53
9
44
9
64
9
64
9
93
9
33
9
43
10
82
9
13
9
94
9
2
15
57
12
84
9
11
9
99
14
56
9
92
13
25
9
74
9
64
11
83
9
94
9
61
9
14
14
56
9
44
9
64
9
73
12
84
9
14
9
64
10
82
9
72
9
34
15
27
0
80
9
64
9
34
9
51
9
74
9
94
15
87
10
82
9
34
9
14
9
34
9
99
9
14
14
56
11
83
11
83
9
44
9
99
9
32
10
52
14
56
9
94
9
43
9
42
9
94
0
0
9
63
9
99
8
75
14
56
15
27
9
42
9
99
9
74
9
14
14
86
9
94
9
44
9
63
9
3
9
64
9
99
11
53
9
74
9
99
12
84
9
74
13
85
9
99
14
56
10
82
9
94
9
81
9
74
9
99
9
31
14
86
14
86
9
34
9
99
9
14
11
53
9
64
9
93
9
42
9
74
15
57
9
71
9
34
4
49
9
13
0
29
12
84
9
34
9
34
9
14
9
99
13
25
10
52
9
94
9
63
9
93
9
34
9
12
11
53
9
64
9
64
9
44
9
71
9
92
9
92
11
53
9
51
11
53
9
73
9
51
12
84
9
94
9
61
9
93
11
83
9
73
14
86
9
14
9
72
9
63
9
44
9
43
9
93
9
43
9
13
14
26
13
55
9
51
13
85
13
55
9
1
15
27
9
32
1
91
9
64
9
12
9
94
9
63
9
73
9
91
9
37
9
44
9
41
9
99
14
86
11
83
9
91
14
26
9
94
9
94
9
11
9
94
9
94
9
4
9
74
0
70
9
73
9
74
10
82
9
73
9
74
2
39
9
61
12
84
9
34
9
99
9
63
14
56
12
84
9
99
9
63
13
55
9
14
9
14
9
74
9
99
9
51
9
71
15
22
9
93
9
32
9
92
9
12
9
41
9
64
15
87
9
34
11
53
11
83
9
44
9
72
9
63
9
34
9
31
9
44
9
34
9
44
9
74
12
24
9
34
9
91
9
33
9
92
9
94
9
14
10
22
9
44
9
99
9
91
9
99
9
74
9
34
10
52
14
86
9
63
14
86
9
34
9
34
11
23
9
44
9
74
12
54
9
72
13
55
15
87
0
80
9
64
9
33
9
13
9
72
9
34
12
84
11
23
9
99
9
33
9
92
13
55
9
34
12
54
1
39
9
21
9
44
9
99
14
56
9
99
9
33
9
13
9
99
14
56
9
61
9
44
14
26
9
21
9
74
9
13
9
14
9
64
9
99
9
34
9
26
9
13
14
26
9
64
9
99
9
99
9
13
13
55
9
34
13
25
9
43
9
74
9
33
9
42
13
55
13
55
9
34
9
94
9
34
9
12
9
34
13
25
9
99
15
57
9
99
9
73
15
57
9
43
12
84
9
64
9
99
9
64
12
54
9
99
9
99
11
83
9
63
9
63
9
99
9
99
9
74
3
39
15
57
1
79
9
94
0
0
14
56
9
92
9
32
9
99
0
51
9
74
2
48
15
57
4
59
9
99
9
33
9
74
1
39
9
37
9
94
15
87
15
87
9
64
9
71
9
21
10
82
9
93
9
44
9
99
9
13
9
72
14
86
9
73
9
74
9
98
1
79
11
23
12
54
9
99
0
91
9
99
9
94
1
49
9
99
9
93
3
59
14
56
9
99
14
26
11
23
9
34
11
53
9
63
9
99
9
44
9
14
9
43
9
42
2
79
11
53
14
86
1
99
9
73
9
32
14
86
9
99
9
73
12
54
9
14
12
24
0
10
9
99
9
33
9
73
12
54
15
57
9
34
12
54
9
14
9
74
9
34
10
52
9
72
10
22
9
99
9
42
9
38
1
79
9
64
9
93
9
74
9
94
9
14
9
94
9
81
9
12
11
23
9
99
9
99
9
47
9
74
9
94
13
85
9
74
9
62
9
99
9
99
14
56
9
14
9
99
9
64
1
44
10
22
13
25
9
64
9
94
9
94
9
99
9
99
11
83
11
83
9
43
13
85
0
60
9
64
9
71
9
49
9
14
9
63
9
41
9
99
9
34
9
44
9
18
9
72
9
14
9
81
9
99
9
99
9
94
9
44
9
34
9
64
9
14
8
25
12
24
9
63
9
42
9
48
9
44
9
34
9
74
9
13
9
74
9
32
9
64
9
56
9
81
9
74
2
49
13
85
9
61
9
73
12
24
9
34
9
94
9
61
9
71
9
33
9
43
9
44
14
86
9
61
9
94
9
94
12
54
14
86
9
99
9
43
9
73
9
14
9
43
9
99
9
94
9
64
9
64
9
72
9
14
9
91
9
42
11
53
9
93
9
14
9
99
14
86
9
74
9
14
9
99
9
44
9
94
11
53
11
83
11
53
9
64
9
93
9
99
9
14
9
99
9
91
9
14
9
11
11
83
9
94
9
31
10
52
9
33
9
12
9
99
9
13
11
53
9
14
9
92
9
74
9
64
9
33
9
81
9
12
9
74
9
74
9
34
9
99
9
64
14
86
9
63
9
93
9
86
8
65
0
80
9
71
9
62
9
34
9
44
11
23
15
57
9
44
9
99
9
44
10
82
9
13
13
25
13
85
9
13
3
29
9
74
2
59
9
32
12
84
1
69
9
63
9
99
9
11
14
56
13
25
9
99
9
64
9
32
9
11
9
14
9
74
9
64
9
43
0
80
9
44
9
34
9
74
9
99
9
74
9
11
0
0
12
54
9
99
9
64
13
85
9
34
9
61
1
38
9
99
9
41
9
99
9
74
12
84
14
86
9
14
9
64
9
33
11
53
9
64
9
81
0
70
12
24
1
2
9
99
9
21
9
43
9
72
9
81
9
12
9
74
9
62
9
14
9
64
9
63
9
64
9
73
9
74
0
90
11
23
9
99
9
34
9
74
9
34
9
62
0
20
11
23
13
55
12
54
9
99
9
44
9
62
9
51
2
59
9
74
9
94
0
12
9
99
13
25
9
6
9
34
9
34
9
44
9
93
9
94
9
21
9
88
13
55
10
52
9
74
9
94
4
69
15
57
13
85
9
91
12
24
9
51
9
44
0
70
0
20
15
87
9
74
1
19
9
99
10
52
14
56
12
54
9
74
9
99
9
44
9
99
9
92
9
93
9
74
9
11
9
91
9
14
13
52
13
55
11
83
11
53
9
99
9
44
9
14
9
78
11
53
9
64
9
44
9
64
13
55
9
46
9
74
9
21
9
13
10
52
9
63
9
99
12
24
9
74
9
51
9
14
9
61
9
51
9
74
9
34
9
99
9
74
9
73
11
53
8
55
9
64
9
28
15
87
9
93
9
99
9
74
9
63
9
63
9
74
9
44
9
42
11
53
9
14
9
21
11
83
9
74
9
64
9
34
0
80
9
42
9
64
9
13
9
34
9
14
1
9
13
55
14
56
9
99
12
24
9
63
14
56
14
86
11
53
0
60
9
44
9
64
9
73
9
34
9
63
9
44
