9
51
9
94
9
43
14
26
9
21
10
22
9
62
9
99
11
83
9
93
13
25
9
72
9
92
9
74
9
31
10
52
9
21
12
54
9
44
11
83
9
72
9
81
9
99
13
55
9
71
9
99
10
22
9
61
11
23
12
84
11
53
9
34
9
99
9
62
9
64
9
33
9
99
9
20
9
33
12
84
9
42
9
33
0
80
9
94
12
54
9
93
11
23
9
94
9
50
9
14
14
86
12
84
9
44
9
94
9
94
9
94
9
43
9
64
9
62
9
92
12
54
10
82
9
92
9
99
9
43
10
52
9
41
9
41
9
42
9
70
10
52
9
34
12
84
9
43
9
44
14
86
9
14
9
44
12
24
9
11
9
80
9
10
9
21
9
40
9
71
9
13
9
32
9
94
9
14
9
94
9
40
11
53
9
93
9
80
9
94
11
83
9
74
9
70
0
0
13
85
9
99
9
64
10
82
13
55
9
73
9
99
9
62
9
93
9
99
9
40
9
90
9
92
9
99
10
82
13
55
11
83
9
99
9
21
9
99
12
54
12
84
9
32
9
40
11
83
12
84
12
24
11
83
9
99
9
44
9
72
9
43
9
13
9
44
9
74
9
43
9
44
9
63
9
14
9
34
9
42
9
34
9
99
9
32
13
85
9
99
9
64
9
34
9
81
9
44
9
71
13
55
9
42
9
99
9
62
9
14
9
41
9
44
9
91
9
12
9
33
9
12
10
82
9
74
9
34
9
44
9
13
10
82
9
14
9
99
9
94
9
94
9
74
9
32
9
99
10
82
9
99
9
12
9
99
9
94
9
70
11
53
9
90
9
63
11
23
9
44
9
43
9
40
9
99
9
74
9
99
9
44
9
73
9
31
9
13
9
91
9
99
14
56
9
11
9
60
9
41
9
62
12
54
13
55
9
64
9
44
10
52
9
92
9
74
9
42
12
84
9
80
9
30
9
34
11
23
9
31
9
99
9
42
9
74
0
70
9
57
9
99
9
81
9
64
13
25
9
12
9
44
10
82
9
94
10
52
9
71
9
99
9
70
10
52
9
44
9
63
9
64
9
92
9
32
9
42
9
81
9
12
9
94
9
2
14
56
11
83
9
10
9
99
13
55
9
91
12
24
9
73
9
64
10
82
9
94
9
60
9
14
13
55
9
43
9
63
9
72
11
83
9
14
9
64
9
81
9
71
9
33
14
26
0
80
9
63
9
34
9
50
9
74
9
93
14
86
9
81
9
33
9
13
9
34
9
99
9
14
13
55
10
82
10
82
9
44
9
99
9
31
9
51
13
55
9
94
9
42
9
42
9
94
0
0
9
62
9
99
8
75
13
55
14
26
9
41
9
99
9
74
9
14
13
85
9
93
9
43
9
62
9
3
9
64
9
99
10
52
9
73
9
99
11
83
9
73
12
84
9
99
13
55
9
81
9
93
9
80
9
74
9
99
9
30
13
85
13
85
9
34
9
99
9
13
10
52
9
63
9
92
9
41
9
74
14
56
9
70
9
34
4
49
9
12
0
29
11
83
9
33
9
34
9
14
9
99
12
24
9
51
9
93
9
62
9
92
9
33
9
11
10
52
9
64
9
64
9
43
9
70
9
91
9
91
10
52
9
50
10
52
9
72
9
50
11
83
9
94
9
60
9
92
10
82
9
72
13
85
9
14
9
71
9
62
9
43
9
42
9
92
9
42
9
12
13
25
12
54
9
50
12
84
12
54
9
1
14
26
9
31
1
91
9
64
9
11
9
94
9
62
9
72
9
90
9
37
9
44
9
40
9
99
13
85
10
82
9
90
13
25
9
93
9
94
9
10
9
94
9
94
9
4
9
73
0
70
9
72
9
73
9
81
9
72
9
73
2
39
9
60
11
83
9
33
9
99
9
62
13
55
11
83
9
99
9
62
12
54
9
14
9
13
9
74
9
99
9
50
9
70
14
22
9
92
9
31
9
91
9
11
9
40
9
64
14
86
9
34
10
52
10
82
9
44
9
71
9
62
9
33
9
30
9
44
9
33
9
44
9
74
11
23
9
34
9
90
9
32
9
91
9
93
9
14
9
21
9
43
9
99
9
90
9
99
9
74
9
33
9
51
13
85
9
62
13
85
9
33
9
33
10
22
9
44
9
74
11
53
9
71
12
54
14
86
0
80
9
63
9
32
9
12
9
71
9
34
11
83
10
22
9
99
9
32
9
91
12
54
9
33
11
53
1
39
9
20
9
43
9
99
13
55
9
99
9
32
9
12
9
99
13
55
9
60
9
44
13
25
9
20
9
74
9
12
9
14
9
63
9
99
9
34
9
26
9
12
13
25
9
64
9
99
9
99
9
12
12
54
9
34
12
24
9
42
9
74
9
32
9
41
12
54
12
54
9
34
9
94
9
34
9
11
9
34
12
24
9
99
14
56
9
99
9
72
14
56
9
42
11
83
9
63
9
99
9
64
11
53
9
99
9
99
10
82
9
62
9
62
9
99
9
99
9
74
3
39
14
56
1
79
9
94
0
0
13
55
9
91
9
31
9
99
0
51
9
73
2
48
14
56
4
59
9
99
9
32
9
74
1
39
9
37
9
93
14
86
14
86
9
63
9
70
9
20
9
81
9
92
9
43
9
99
9
12
9
71
13
85
9
72
9
74
9
98
1
79
10
22
11
53
9
99
0
91
9
99
9
94
1
49
9
99
9
93
3
59
13
55
9
99
13
25
10
22
9
34
10
52
9
62
9
99
9
43
9
13
9
42
9
41
2
79
10
52
13
85
1
99
9
72
9
31
13
85
9
99
9
72
11
53
9
13
11
23
0
10
9
99
9
32
9
72
11
53
14
56
9
34
11
53
9
14
9
74
9
33
9
51
9
71
9
21
9
99
9
41
9
38
1
79
9
63
9
92
9
74
9
93
9
13
9
93
9
80
9
12
10
22
9
99
9
99
9
47
9
73
9
94
12
84
9
74
9
61
9
99
9
99
13
55
9
14
9
99
9
64
1
44
9
21
12
24
9
63
9
94
9
94
9
99
9
99
10
82
10
82
9
42
12
84
0
60
9
64
9
70
9
49
9
13
9
62
9
40
9
99
9
34
9
43
9
18
9
71
9
14
9
80
9
99
9
99
9
93
9
43
9
34
9
64
9
14
8
25
11
23
9
62
9
41
9
48
9
44
9
34
9
74
9
12
9
74
9
31
9
64
9
57
9
80
9
74
2
49
12
84
9
60
9
72
11
23
9
33
9
94
9
60
9
70
9
32
9
42
9
44
13
85
9
60
9
93
9
93
11
53
13
85
9
99
9
42
9
72
9
13
9
42
9
99
9
93
9
63
9
64
9
71
9
13
9
90
9
41
10
52
9
92
9
13
9
99
13
85
9
74
9
14
9
99
9
43
9
93
10
52
10
82
10
52
9
64
9
92
9
99
9
14
9
99
9
90
9
13
9
10
10
82
9
94
9
30
9
51
9
32
9
11
9
99
9
12
10
52
9
14
9
91
9
74
9
63
9
32
9
80
9
11
9
74
9
73
9
33
9
99
9
64
13
85
9
62
9
92
9
86
8
65
0
80
9
70
9
61
9
33
9
43
10
22
14
56
9
44
9
99
9
44
9
81
9
12
12
24
12
84
9
12
3
29
9
73
2
59
9
31
11
83
1
69
9
62
9
99
9
10
13
55
12
24
9
99
9
64
9
31
9
10
9
13
9
73
9
64
9
42
0
80
9
43
9
34
9
74
9
99
9
74
9
10
0
0
11
53
9
99
9
64
12
84
9
33
9
60
1
38
9
99
9
40
9
99
9
73
11
83
13
85
9
13
9
63
9
32
10
52
9
64
9
80
0
70
11
23
1
2
9
99
9
20
9
42
9
72
9
80
9
11
9
74
9
61
9
13
9
64
9
62
9
64
9
72
9
73
0
90
10
22
9
99
9
33
9
73
9
34
9
61
0
20
10
22
12
54
11
53
9
99
9
44
9
61
9
50
2
59
9
73
9
93
0
12
9
99
12
24
9
6
9
34
9
34
9
43
9
92
9
94
9
20
9
88
12
54
9
51
9
74
9
94
4
69
14
56
12
84
9
90
11
23
9
50
9
44
0
70
0
20
14
86
9
74
1
19
9
99
9
51
13
55
11
53
9
74
9
99
9
44
9
99
9
91
9
92
9
73
9
10
9
90
9
14
12
52
12
54
10
82
10
52
9
99
9
44
9
14
9
78
10
52
9
64
9
44
9
63
12
54
9
46
9
74
9
20
9
12
9
51
9
62
9
99
11
23
9
74
9
50
9
14
9
60
9
50
9
74
9
34
9
99
9
73
9
72
10
52
8
55
9
63
9
28
14
86
9
92
9
99
9
74
9
62
9
62
9
74
9
43
9
41
10
52
9
14
9
20
10
82
9
74
9
64
9
34
0
80
9
41
9
63
9
12
9
33
9
13
1
9
12
54
13
55
9
99
11
23
9
62
13
55
13
85
10
52
0
60
9
43
9
64
9
72
9
34
9
62
9
43
