8
46
8
90
6
39
9
21
7
16
5
19
5
59
6
95
6
79
6
89
8
20
7
67
5
89
8
70
7
26
5
49
6
16
7
49
9
41
6
79
5
69
8
76
6
95
8
50
8
66
8
99
5
19
6
56
6
19
7
79
6
49
8
30
5
95
5
59
8
60
6
29
8
96
8
15
9
28
9
79
5
39
6
29
0
80
7
89
7
49
6
89
6
19
9
91
7
45
8
10
9
81
7
79
8
40
9
89
8
90
8
89
6
39
9
60
5
58
5
89
9
49
8
77
5
89
6
99
7
38
5
49
6
36
7
36
7
37
8
65
5
49
9
31
8
79
6
39
9
41
9
81
7
9
8
39
7
19
5
6
7
75
7
5
8
16
6
35
8
66
6
9
6
27
8
90
9
11
8
90
6
35
6
49
6
89
7
75
9
91
6
79
8
70
5
65
0
0
8
80
9
97
8
60
9
77
8
50
6
69
8
99
5
57
6
89
5
99
5
35
6
85
6
87
9
99
8
77
9
50
7
78
8
99
6
16
8
96
7
49
7
79
5
29
5
35
6
79
8
79
8
19
6
79
6
99
7
39
9
67
6
38
8
8
9
41
8
70
6
39
9
41
6
59
8
10
7
29
5
39
7
29
9
99
7
27
8
80
8
99
9
61
9
31
8
76
9
39
5
66
8
50
8
37
9
98
5
59
7
9
7
36
7
39
8
86
5
9
6
29
5
9
5
79
7
69
9
30
8
40
8
8
8
77
8
10
8
99
9
91
9
89
9
71
5
28
5
96
8
77
7
98
5
9
5
98
7
89
6
65
8
48
7
85
8
58
6
19
7
39
6
39
7
35
5
99
9
71
8
99
9
41
8
68
8
26
7
8
8
86
6
95
9
51
5
6
5
55
8
36
8
57
7
49
8
50
9
61
8
40
7
47
5
89
9
69
8
37
7
79
7
75
5
25
7
29
9
18
7
26
8
96
8
37
7
69
0
70
6
57
5
99
6
76
8
60
8
20
5
9
9
41
5
79
8
90
5
49
5
66
9
97
5
65
5
47
9
41
8
58
7
59
7
87
8
27
5
39
7
76
7
7
7
89
9
2
9
51
9
78
7
5
8
97
9
50
5
86
7
19
9
68
7
59
5
77
9
89
7
55
9
11
8
50
6
39
7
58
8
67
6
79
7
9
9
60
8
76
6
66
6
29
9
21
0
80
8
58
7
29
6
45
7
69
6
89
9
81
8
76
9
28
6
8
7
29
5
99
9
9
8
50
5
79
5
79
8
39
9
98
8
26
6
46
8
50
7
89
7
37
8
42
7
89
0
0
9
57
7
97
5
75
8
50
9
21
5
36
6
96
8
70
9
11
8
80
6
89
6
38
5
59
9
3
8
60
9
99
8
47
6
69
7
99
6
79
6
69
9
79
7
95
8
50
8
76
6
89
8
75
8
69
5
99
8
25
9
80
8
80
8
30
8
99
6
9
9
47
6
59
5
89
7
36
8
70
9
51
7
65
9
31
4
49
6
7
0
29
9
78
6
29
9
31
7
9
7
95
7
19
8
46
6
89
5
59
6
87
6
28
7
6
7
47
9
60
8
60
6
39
6
65
8
86
6
86
5
49
6
45
5
49
5
69
6
45
6
79
7
89
8
55
7
87
5
79
5
68
8
80
8
10
5
66
5
59
9
38
5
39
5
87
6
37
7
7
8
20
7
49
7
45
7
79
7
49
7
1
9
21
7
26
1
91
8
60
5
6
7
89
9
57
7
67
5
85
9
37
7
39
8
35
6
99
8
80
6
77
8
85
8
20
6
89
7
89
5
5
9
89
9
89
7
4
6
69
0
70
5
69
6
69
6
76
5
69
6
68
2
39
5
55
8
78
8
28
5
99
5
59
8
50
7
78
8
99
9
57
7
49
9
9
6
9
9
71
7
99
8
45
8
65
9
22
5
89
8
26
5
86
7
6
8
35
7
59
9
81
7
29
5
49
5
79
8
39
7
66
5
59
6
29
7
25
8
40
6
29
7
39
7
69
8
18
8
29
6
85
5
28
5
86
6
89
9
11
6
16
7
38
5
99
8
85
7
97
7
69
7
28
8
46
8
80
5
59
8
80
7
28
6
29
5
19
8
40
8
69
7
48
7
66
7
49
9
81
0
80
6
58
5
29
5
9
8
66
8
30
7
78
5
19
6
98
5
27
8
86
9
49
6
29
6
49
1
39
6
15
6
39
9
98
9
50
6
95
5
29
5
9
5
97
8
50
6
55
9
41
8
20
5
15
7
69
5
9
8
10
8
58
7
98
9
31
5
26
9
7
8
20
7
59
6
99
7
99
5
7
8
49
8
30
7
19
5
39
8
70
5
29
8
36
7
49
7
49
9
29
7
89
8
30
8
6
7
29
7
19
8
99
9
51
9
97
5
67
9
51
5
37
6
79
6
59
8
97
9
61
6
49
5
99
8
99
8
77
9
57
8
57
9
98
9
97
7
69
3
39
9
51
1
78
8
90
0
0
8
50
7
86
7
26
8
97
0
51
6
69
2
48
9
51
4
59
7
99
5
29
7
69
1
36
8
37
6
89
9
81
9
81
6
59
8
65
5
15
6
76
8
87
8
38
8
99
5
9
8
66
8
80
5
68
8
70
9
98
1
79
9
17
6
49
8
97
0
91
7
97
8
90
1
49
7
97
9
93
3
56
8
50
6
95
8
20
5
19
8
30
7
47
5
59
5
99
6
39
6
9
5
37
6
36
2
79
8
47
8
80
1
97
5
67
5
26
8
80
8
99
5
69
6
49
6
9
6
19
0
10
8
97
5
29
5
69
6
49
9
51
9
30
7
48
8
10
7
69
6
29
7
46
8
66
7
16
7
96
5
36
9
38
1
79
6
59
5
89
8
70
6
89
6
9
6
89
8
75
9
12
5
19
5
96
8
99
6
47
6
69
7
89
9
79
9
70
6
56
9
99
6
99
9
50
7
9
5
99
9
59
1
44
6
16
7
19
6
59
9
90
7
89
9
97
8
99
6
77
5
78
5
39
9
79
0
60
8
60
7
65
8
49
6
9
7
57
7
35
7
99
8
29
6
39
6
18
6
66
8
10
7
75
6
95
6
99
9
88
6
39
9
31
7
59
7
9
7
25
7
18
5
59
8
36
7
48
8
40
7
29
9
71
5
7
7
69
5
26
9
60
6
62
7
75
7
69
2
46
7
79
7
55
5
68
6
18
6
29
9
91
6
55
8
65
5
29
5
39
9
40
8
80
7
55
7
88
6
88
6
48
8
80
9
98
5
39
5
69
6
8
6
37
6
98
6
89
6
59
7
59
7
66
6
9
8
85
8
36
5
49
5
87
6
9
8
95
9
80
7
69
9
9
7
99
6
39
6
89
5
49
5
78
7
47
8
60
5
88
9
99
8
10
5
97
8
85
6
9
5
5
8
77
9
90
8
25
5
46
5
29
5
6
8
99
6
7
7
47
9
11
8
86
8
70
6
59
5
29
5
75
5
6
8
70
6
69
7
28
9
98
8
59
8
80
5
59
5
89
9
91
8
65
0
80
6
65
5
56
6
28
8
38
5
19
9
51
8
40
6
99
7
39
6
76
5
8
8
19
9
79
5
9
3
28
6
69
2
59
8
26
7
78
1
69
5
59
5
99
5
5
8
50
7
19
9
99
9
61
6
26
6
5
6
9
6
68
9
61
6
37
0
80
6
39
8
30
8
70
7
97
8
70
7
5
0
0
6
49
9
99
8
60
7
79
6
29
5
55
1
38
8
95
7
35
6
96
6
69
6
79
9
80
7
8
6
58
6
27
8
47
8
60
8
75
0
70
6
19
1
2
7
97
7
15
9
37
5
72
8
75
7
6
8
69
5
56
6
9
8
60
9
57
8
60
8
67
9
68
0
90
5
19
7
99
6
29
6
69
9
31
8
56
0
20
5
19
7
49
6
49
7
99
7
39
7
56
7
45
2
59
6
69
6
89
0
12
6
96
9
19
6
6
8
30
8
30
6
39
5
89
8
90
6
15
7
88
7
49
6
46
9
69
7
89
4
65
9
51
8
79
6
85
6
19
5
45
8
39
0
70
0
20
9
81
8
70
1
19
7
99
6
46
8
50
6
49
9
70
6
99
7
39
5
99
6
86
6
87
7
68
7
5
8
85
8
10
7
52
9
49
6
77
5
48
5
99
9
40
7
9
5
78
5
49
7
59
9
41
6
59
7
49
5
46
8
70
7
15
7
7
6
46
5
59
5
96
6
19
9
71
7
45
8
10
8
55
6
45
9
71
9
29
9
98
6
69
5
69
5
49
8
55
6
59
5
28
9
81
5
89
5
99
8
70
5
59
5
59
9
71
6
38
8
36
5
47
7
9
7
15
5
77
9
71
7
59
9
31
0
80
7
36
9
58
5
7
6
29
8
8
1
9
7
49
8
50
8
95
6
19
5
57
8
50
8
80
5
49
0
60
6
39
7
64
5
69
8
30
5
59
6
39
