14
56
9
94
9
44
19
31
14
26
15
27
9
64
9
99
16
88
9
94
18
30
9
74
9
94
9
74
9
34
15
57
14
26
17
59
9
44
16
88
9
74
14
86
9
99
18
60
9
74
9
99
15
27
9
64
16
28
17
89
16
58
9
34
9
99
9
64
9
64
9
34
9
99
13
25
9
34
17
89
9
44
9
34
0
80
9
94
17
59
9
94
16
28
9
94
13
55
9
14
19
91
17
89
9
44
9
94
9
94
9
94
9
44
9
64
9
64
9
94
17
59
15
87
9
94
9
99
9
44
15
57
9
44
9
44
9
44
9
74
15
57
9
34
17
89
9
44
9
44
19
91
9
14
9
44
17
29
9
14
13
85
9
14
14
26
9
44
9
74
9
14
9
34
9
94
9
14
9
94
9
44
16
58
9
94
13
85
9
94
16
88
9
74
9
74
0
0
18
90
9
99
9
64
15
87
18
60
9
74
9
99
9
64
9
94
9
99
9
44
9
94
9
94
9
99
15
87
18
60
16
88
9
99
14
26
9
99
17
59
17
89
9
34
9
44
16
88
17
89
17
29
16
88
9
99
9
44
9
74
9
44
9
14
9
44
9
74
9
44
9
44
9
64
9
14
9
34
9
44
9
34
9
99
9
34
18
90
9
99
9
64
9
34
14
86
9
44
9
74
18
60
9
44
9
99
9
64
9
14
9
44
9
44
9
94
9
14
9
34
9
14
15
87
9
74
9
34
9
44
9
14
15
87
9
14
9
99
9
94
9
94
9
74
9
34
9
99
15
87
9
99
9
14
9
99
9
94
9
74
16
58
9
94
9
64
16
28
9
44
9
44
9
44
9
99
9
74
9
99
9
44
9
74
9
34
9
14
9
94
9
99
19
61
9
14
9
64
9
44
9
64
17
59
18
60
9
64
9
44
15
57
9
94
9
74
9
44
17
89
13
85
9
34
9
34
16
28
9
34
9
99
9
44
9
74
0
70
9
57
9
99
14
86
9
64
18
30
9
14
9
44
15
87
9
94
15
57
9
74
9
99
9
74
15
57
9
44
9
64
9
64
9
94
9
34
9
44
14
86
9
14
9
94
9
2
19
61
16
88
9
14
9
99
18
60
9
94
17
29
9
74
9
64
15
87
9
94
9
64
9
14
18
60
9
44
9
64
9
74
16
88
9
14
9
64
14
86
9
74
9
34
19
31
0
80
9
64
9
34
13
55
9
74
9
94
19
91
14
86
9
34
9
14
9
34
9
99
9
14
18
60
15
87
15
87
9
44
9
99
9
34
14
56
18
60
9
94
9
44
9
42
9
94
0
0
9
64
9
99
8
75
18
60
19
31
9
44
9
99
9
74
9
14
18
90
9
94
9
44
9
64
9
3
9
64
9
99
15
57
9
74
9
99
16
88
9
74
17
89
9
99
18
60
14
86
9
94
13
85
9
74
9
99
9
34
18
90
18
90
9
34
9
99
9
14
15
57
9
64
9
94
9
44
9
74
19
61
9
74
9
34
4
49
9
14
0
29
16
88
9
34
9
34
9
14
9
99
17
29
14
56
9
94
9
64
9
94
9
34
9
14
15
57
9
64
9
64
9
44
9
74
9
94
9
94
15
57
13
55
15
57
9
74
13
55
16
88
9
94
9
64
9
94
15
87
9
74
18
90
9
14
9
74
9
64
9
44
9
44
9
94
9
44
9
14
18
30
17
59
13
55
17
89
17
59
9
1
19
31
9
34
1
91
9
64
9
14
9
94
9
64
9
74
9
94
9
37
9
44
9
44
9
99
18
90
15
87
9
94
18
30
9
94
9
94
9
14
9
94
9
94
9
4
9
74
0
70
9
74
9
74
14
86
9
74
9
74
2
39
9
64
16
88
9
34
9
99
9
64
18
60
16
88
9
99
9
64
17
59
9
14
9
14
9
74
9
99
13
55
9
74
19
22
9
94
9
34
9
94
9
14
9
44
9
64
19
91
9
34
15
57
15
87
9
44
9
74
9
64
9
34
9
34
9
44
9
34
9
44
9
74
16
28
9
34
9
94
9
34
9
94
9
94
9
14
14
26
9
44
9
99
9
94
9
99
9
74
9
34
14
56
18
90
9
64
18
90
9
34
9
34
15
27
9
44
9
74
16
58
9
74
17
59
19
91
0
80
9
64
9
34
9
14
9
74
9
34
16
88
15
27
9
99
9
34
9
94
17
59
9
34
16
58
1
39
13
25
9
44
9
99
18
60
9
99
9
34
9
14
9
99
18
60
9
64
9
44
18
30
13
25
9
74
9
14
9
14
9
64
9
99
9
34
9
26
9
14
18
30
9
64
9
99
9
99
9
14
17
59
9
34
17
29
9
44
9
74
9
34
9
44
17
59
17
59
9
34
9
94
9
34
9
14
9
34
17
29
9
99
19
61
9
99
9
74
19
61
9
44
16
88
9
64
9
99
9
64
16
58
9
99
9
99
15
87
9
64
9
64
9
99
9
99
9
74
3
39
19
61
1
79
9
94
0
0
18
60
9
94
9
34
9
99
0
51
9
74
2
48
19
61
4
59
9
99
9
34
9
74
1
39
9
37
9
94
19
91
19
91
9
64
9
74
13
25
14
86
9
94
9
44
9
99
9
14
9
74
18
90
9
74
9
74
9
98
1
79
15
27
16
58
9
99
0
91
9
99
9
94
1
49
9
99
9
93
3
59
18
60
9
99
18
30
15
27
9
34
15
57
9
64
9
99
9
44
9
14
9
44
9
44
2
79
15
57
18
90
1
99
9
74
9
34
18
90
9
99
9
74
16
58
9
14
16
28
0
10
9
99
9
34
9
74
16
58
19
61
9
34
16
58
9
14
9
74
9
34
14
56
9
74
14
26
9
99
9
44
9
38
1
79
9
64
9
94
9
74
9
94
9
14
9
94
13
85
9
12
15
27
9
99
9
99
9
47
9
74
9
94
17
89
9
74
9
64
9
99
9
99
18
60
9
14
9
99
9
64
1
44
14
26
17
29
9
64
9
94
9
94
9
99
9
99
15
87
15
87
9
44
17
89
0
60
9
64
9
74
9
49
9
14
9
64
9
44
9
99
9
34
9
44
9
18
9
74
9
14
13
85
9
99
9
99
9
94
9
44
9
34
9
64
9
14
8
25
16
28
9
64
9
44
9
48
9
44
9
34
9
74
9
14
9
74
9
34
9
64
9
56
13
85
9
74
2
49
17
89
9
64
9
74
16
28
9
34
9
94
9
64
9
74
9
34
9
44
9
44
18
90
9
64
9
94
9
94
16
58
18
90
9
99
9
44
9
74
9
14
9
44
9
99
9
94
9
64
9
64
9
74
9
14
9
94
9
44
15
57
9
94
9
14
9
99
18
90
9
74
9
14
9
99
9
44
9
94
15
57
15
87
15
57
9
64
9
94
9
99
9
14
9
99
9
94
9
14
9
14
15
87
9
94
9
34
14
56
9
34
9
14
9
99
9
14
15
57
9
14
9
94
9
74
9
64
9
34
13
85
9
14
9
74
9
74
9
34
9
99
9
64
18
90
9
64
9
94
9
86
8
65
0
80
9
74
9
64
9
34
9
44
15
27
19
61
9
44
9
99
9
44
14
86
9
14
17
29
17
89
9
14
3
29
9
74
2
59
9
34
16
88
1
69
9
64
9
99
9
14
18
60
17
29
9
99
9
64
9
34
9
14
9
14
9
74
9
64
9
44
0
80
9
44
9
34
9
74
9
99
9
74
9
14
0
0
16
58
9
99
9
64
17
89
9
34
9
64
1
38
9
99
9
44
9
99
9
74
16
88
18
90
9
14
9
64
9
34
15
57
9
64
13
85
0
70
16
28
1
2
9
99
13
25
9
44
9
72
13
85
9
14
9
74
9
64
9
14
9
64
9
64
9
64
9
74
9
74
0
90
15
27
9
99
9
34
9
74
9
34
9
64
0
20
15
27
17
59
16
58
9
99
9
44
9
64
13
55
2
59
9
74
9
94
0
12
9
99
17
29
9
6
9
34
9
34
9
44
9
94
9
94
13
25
9
88
17
59
14
56
9
74
9
94
4
69
19
61
17
89
9
94
16
28
13
55
9
44
0
70
0
20
19
91
9
74
1
19
9
99
14
56
18
60
16
58
9
74
9
99
9
44
9
99
9
94
9
94
9
74
9
14
9
94
9
14
17
52
17
59
15
87
15
57
9
99
9
44
9
14
9
78
15
57
9
64
9
44
9
64
17
59
9
46
9
74
13
25
9
14
14
56
9
64
9
99
16
28
9
74
13
55
9
14
9
64
13
55
9
74
9
34
9
99
9
74
9
74
15
57
8
55
9
64
9
28
19
91
9
94
9
99
9
74
9
64
9
64
9
74
9
44
9
44
15
57
9
14
13
25
15
87
9
74
9
64
9
34
0
80
9
44
9
64
9
14
9
34
9
14
1
9
17
59
18
60
9
99
16
28
9
64
18
60
18
90
15
57
0
60
9
44
9
64
9
74
9
34
9
64
9
44
