9
49
9
93
9
41
12
24
9
19
8
20
8
60
9
98
9
81
9
91
11
23
9
70
8
90
9
73
9
29
8
50
9
19
10
52
9
44
9
81
8
70
9
79
9
98
11
53
9
69
9
99
8
20
9
59
9
21
10
82
9
51
9
33
8
98
8
60
9
63
9
31
9
99
9
18
9
31
10
82
8
40
9
31
0
80
9
92
10
52
9
91
9
21
9
94
9
48
9
13
12
84
10
82
9
43
9
92
9
93
9
92
9
41
9
63
8
60
8
90
10
52
9
80
8
90
9
99
9
41
8
50
9
39
9
39
9
40
9
68
8
50
9
34
10
82
9
41
9
44
12
84
9
12
9
42
10
22
8
9
9
78
9
8
9
19
9
38
9
69
9
11
9
30
9
93
9
14
9
93
9
38
9
51
9
91
9
78
9
94
9
81
9
73
8
68
0
0
11
83
9
99
9
63
9
80
11
53
9
71
9
99
8
60
9
91
8
99
8
38
9
88
9
90
9
99
9
80
11
53
9
81
9
99
9
19
9
99
10
52
10
82
8
30
8
38
9
81
10
82
10
22
9
81
9
99
9
42
9
70
9
41
9
11
9
44
9
73
9
41
9
44
9
61
9
13
9
32
8
40
9
32
9
99
9
30
11
83
9
99
9
64
9
34
9
79
9
42
8
69
11
53
9
40
9
99
8
60
9
12
9
39
9
42
9
89
8
10
9
31
8
10
8
80
9
72
9
33
9
43
9
11
9
80
9
13
9
99
9
94
9
92
9
74
8
30
8
99
9
80
9
99
8
10
8
99
9
92
9
68
9
51
9
88
9
61
9
21
9
42
9
41
9
38
8
99
9
74
9
99
9
44
9
71
9
29
9
11
9
89
9
98
12
54
8
9
8
58
9
39
9
60
10
52
11
53
9
64
9
43
9
50
8
90
9
72
9
40
10
82
9
78
8
28
9
32
9
21
9
29
9
99
9
40
9
72
0
70
9
57
8
99
9
79
9
63
11
23
8
10
9
44
8
80
9
93
8
50
8
69
9
99
8
68
8
50
9
44
9
61
9
62
9
90
9
30
8
40
9
79
9
10
9
92
9
2
12
54
9
81
9
8
9
99
11
53
8
89
10
22
9
71
9
62
8
80
9
92
9
58
9
14
11
53
9
41
9
61
9
70
9
81
9
12
9
63
9
79
9
69
9
31
12
24
0
80
9
61
9
32
9
48
9
72
9
91
12
84
9
79
9
31
9
11
9
32
8
99
9
12
11
53
8
80
8
80
9
42
9
99
9
29
9
49
11
53
9
92
9
40
9
42
9
92
0
0
9
60
9
99
8
75
11
53
12
24
8
39
9
99
9
73
9
14
11
83
9
91
9
41
8
60
9
3
9
63
9
99
9
50
9
71
9
99
9
81
9
71
10
82
9
98
11
53
9
79
9
91
9
78
9
72
8
99
9
28
11
83
11
83
9
33
9
99
9
11
9
50
9
61
8
90
9
39
9
73
12
54
9
68
9
34
4
49
9
10
0
29
9
81
9
31
9
34
9
12
9
98
10
22
9
49
9
91
8
60
9
90
9
31
9
9
9
50
9
63
9
63
9
41
9
68
9
89
9
89
8
50
9
48
8
50
8
70
9
48
9
81
9
92
9
58
9
90
8
80
8
70
11
83
9
13
8
69
8
60
9
41
8
40
8
90
9
40
9
10
11
23
10
52
9
48
10
82
10
52
9
1
12
24
9
29
1
91
9
63
8
9
9
92
9
60
9
70
8
88
9
37
9
42
9
38
9
99
11
83
9
80
9
88
11
23
9
91
9
92
8
8
9
92
9
92
9
4
9
71
0
70
8
70
9
71
9
79
8
70
9
71
2
39
8
58
9
81
9
31
8
99
8
60
11
53
9
81
9
99
9
60
10
52
9
12
9
11
9
74
9
99
9
48
9
68
12
22
8
90
9
29
8
89
9
9
9
38
9
62
12
84
9
32
8
50
8
80
9
42
9
69
8
60
9
31
9
28
9
43
9
31
9
42
9
72
9
21
9
32
9
88
8
30
8
89
9
91
9
14
9
19
9
41
8
99
9
88
9
99
9
72
9
31
9
49
11
83
8
60
11
83
9
31
9
31
8
20
9
43
9
72
9
51
9
69
10
52
12
84
0
80
9
61
8
30
8
10
9
69
9
33
9
81
8
20
9
99
8
30
9
89
10
52
9
31
9
51
1
39
9
18
9
41
9
99
11
53
9
98
8
30
8
10
8
99
11
53
9
58
9
44
11
23
8
18
9
72
8
10
9
13
9
61
9
99
9
34
8
26
9
10
11
23
9
62
9
99
9
99
8
10
10
52
9
33
10
22
8
40
9
73
8
30
9
39
10
52
10
52
9
32
9
92
9
33
9
9
9
32
10
22
9
99
12
54
9
99
8
70
12
54
8
40
9
81
9
61
9
99
9
64
9
51
8
99
9
99
9
80
9
60
9
60
9
99
9
99
9
72
3
39
12
54
1
79
9
93
0
0
11
53
9
89
9
29
9
99
0
51
9
71
2
48
12
54
4
59
9
99
8
30
9
72
1
39
9
37
9
91
12
84
12
84
9
61
9
68
8
18
9
79
9
90
9
41
9
99
8
10
9
69
11
83
8
70
9
73
9
98
1
79
9
20
9
51
9
99
0
91
9
99
9
93
1
49
9
99
9
93
3
59
11
53
9
98
11
23
8
20
9
33
9
50
8
60
8
99
9
41
9
11
8
40
9
39
2
79
9
50
11
83
1
99
8
70
8
29
11
83
9
99
8
70
9
51
9
11
9
21
0
10
9
99
8
30
8
70
9
51
12
54
9
33
9
51
9
13
9
72
9
31
9
49
9
69
9
19
9
99
8
39
9
38
1
79
9
61
8
90
9
73
9
91
9
11
9
91
9
78
9
12
8
20
8
99
9
99
9
47
9
71
9
92
10
82
9
73
9
59
9
99
9
99
11
53
9
12
8
99
9
62
1
44
9
19
10
22
9
61
9
93
9
92
9
99
9
99
9
80
8
80
8
40
10
82
0
60
9
63
9
68
9
49
9
11
9
60
9
38
9
99
9
32
9
41
9
18
9
69
9
13
9
78
9
98
9
99
9
91
9
41
9
34
9
62
9
12
8
25
9
21
8
60
9
39
9
48
9
43
9
32
9
74
8
10
9
72
8
29
9
63
9
59
9
78
9
72
2
49
10
82
9
58
8
70
9
21
9
31
9
94
9
58
9
68
8
30
8
40
9
43
11
83
9
58
9
91
9
91
9
51
11
83
9
99
8
40
8
70
9
11
9
40
9
99
9
91
9
61
9
62
9
69
9
11
9
88
9
39
8
50
8
90
9
11
9
98
11
83
9
72
9
12
9
99
9
41
9
91
8
50
8
80
9
50
9
63
8
90
9
99
9
13
8
99
9
88
9
11
8
8
9
80
9
93
9
28
8
49
8
30
8
9
9
99
9
10
9
50
9
14
9
89
9
73
9
61
8
30
8
78
8
9
9
73
9
71
9
31
9
99
9
62
11
83
8
60
8
90
9
88
8
65
0
80
9
68
8
59
9
31
9
41
8
20
12
54
9
43
9
99
9
42
9
79
8
10
10
22
10
82
8
10
3
29
9
71
2
59
9
29
9
81
1
69
8
60
8
99
8
8
11
53
10
22
9
99
9
64
9
29
9
8
9
11
9
71
9
64
9
40
0
80
9
41
9
33
9
73
9
99
9
73
9
8
0
0
9
51
9
99
9
63
10
82
9
31
8
58
1
38
9
98
9
38
9
99
9
71
9
81
11
83
9
11
9
61
9
30
9
50
9
63
9
78
0
70
9
21
1
2
9
99
9
18
9
40
8
72
9
78
9
9
9
72
8
59
9
11
9
63
9
60
9
63
9
70
9
71
0
90
8
20
9
99
9
31
9
71
9
34
9
59
0
20
8
20
10
52
9
51
9
99
9
42
9
59
9
48
2
59
9
71
9
91
0
12
9
99
10
22
9
6
9
33
9
33
9
41
8
90
9
93
9
18
9
88
10
52
9
49
9
72
9
92
4
68
12
54
10
82
9
88
9
21
8
48
9
42
0
70
0
20
12
84
9
73
1
19
9
99
9
49
11
53
9
51
9
73
9
99
9
42
8
99
9
89
9
90
9
71
9
8
9
88
9
13
10
52
10
52
9
80
8
50
8
99
9
43
9
12
8
78
8
50
9
62
9
44
9
61
10
52
8
46
9
73
9
18
9
10
9
49
8
60
8
99
9
21
9
74
9
48
9
13
9
58
9
48
9
74
9
32
9
99
9
71
8
70
8
50
8
55
9
61
8
28
12
84
8
90
8
99
9
73
8
60
8
60
9
74
9
41
9
39
8
50
9
12
9
18
8
80
9
74
9
62
9
34
0
80
9
39
9
61
8
10
9
31
9
11
1
9
10
52
11
53
9
98
9
21
8
60
11
53
11
83
8
50
0
60
9
41
9
64
8
70
9
33
8
60
9
41
