9
50
9
94
9
42
13
25
9
20
9
21
9
61
9
99
10
82
9
92
12
24
9
71
9
91
9
74
9
30
9
51
9
20
11
53
9
44
10
82
9
71
9
80
9
99
12
54
9
70
9
99
9
21
9
60
10
22
11
83
10
52
9
34
9
99
9
61
9
64
9
32
9
99
9
19
9
32
11
83
9
41
9
32
0
80
9
93
11
53
9
92
10
22
9
94
9
49
9
14
13
85
11
83
9
44
9
93
9
94
9
93
9
42
9
64
9
61
9
91
11
53
9
81
9
91
9
99
9
42
9
51
9
40
9
40
9
41
9
69
9
51
9
34
11
83
9
42
9
44
13
85
9
13
9
43
11
23
9
10
9
79
9
9
9
20
9
39
9
70
9
12
9
31
9
94
9
14
9
94
9
39
10
52
9
92
9
79
9
94
10
82
9
74
9
69
0
0
12
84
9
99
9
64
9
81
12
54
9
72
9
99
9
61
9
92
9
99
9
39
9
89
9
91
9
99
9
81
12
54
10
82
9
99
9
20
9
99
11
53
11
83
9
31
9
39
10
82
11
83
11
23
10
82
9
99
9
43
9
71
9
42
9
12
9
44
9
74
9
42
9
44
9
62
9
14
9
33
9
41
9
33
9
99
9
31
12
84
9
99
9
64
9
34
9
80
9
43
9
70
12
54
9
41
9
99
9
61
9
13
9
40
9
43
9
90
9
11
9
32
9
11
9
81
9
73
9
34
9
44
9
12
9
81
9
14
9
99
9
94
9
93
9
74
9
31
9
99
9
81
9
99
9
11
9
99
9
93
9
69
10
52
9
89
9
62
10
22
9
43
9
42
9
39
9
99
9
74
9
99
9
44
9
72
9
30
9
12
9
90
9
99
13
55
9
10
9
59
9
40
9
61
11
53
12
54
9
64
9
44
9
51
9
91
9
73
9
41
11
83
9
79
9
29
9
33
10
22
9
30
9
99
9
41
9
73
0
70
9
57
9
99
9
80
9
64
12
24
9
11
9
44
9
81
9
94
9
51
9
70
9
99
9
69
9
51
9
44
9
62
9
63
9
91
9
31
9
41
9
80
9
11
9
93
9
2
13
55
10
82
9
9
9
99
12
54
9
90
11
23
9
72
9
63
9
81
9
93
9
59
9
14
12
54
9
42
9
62
9
71
10
82
9
13
9
64
9
80
9
70
9
32
13
25
0
80
9
62
9
33
9
49
9
73
9
92
13
85
9
80
9
32
9
12
9
33
9
99
9
13
12
54
9
81
9
81
9
43
9
99
9
30
9
50
12
54
9
93
9
41
9
42
9
93
0
0
9
61
9
99
8
75
12
54
13
25
9
40
9
99
9
74
9
14
12
84
9
92
9
42
9
61
9
3
9
64
9
99
9
51
9
72
9
99
10
82
9
72
11
83
9
99
12
54
9
80
9
92
9
79
9
73
9
99
9
29
12
84
12
84
9
34
9
99
9
12
9
51
9
62
9
91
9
40
9
74
13
55
9
69
9
34
4
49
9
11
0
29
10
82
9
32
9
34
9
13
9
99
11
23
9
50
9
92
9
61
9
91
9
32
9
10
9
51
9
64
9
64
9
42
9
69
9
90
9
90
9
51
9
49
9
51
9
71
9
49
10
82
9
93
9
59
9
91
9
81
9
71
12
84
9
14
9
70
9
61
9
42
9
41
9
91
9
41
9
11
12
24
11
53
9
49
11
83
11
53
9
1
13
25
9
30
1
91
9
64
9
10
9
93
9
61
9
71
9
89
9
37
9
43
9
39
9
99
12
84
9
81
9
89
12
24
9
92
9
93
9
9
9
93
9
93
9
4
9
72
0
70
9
71
9
72
9
80
9
71
9
72
2
39
9
59
10
82
9
32
9
99
9
61
12
54
10
82
9
99
9
61
11
53
9
13
9
12
9
74
9
99
9
49
9
69
13
22
9
91
9
30
9
90
9
10
9
39
9
63
13
85
9
33
9
51
9
81
9
43
9
70
9
61
9
32
9
29
9
44
9
32
9
43
9
73
10
22
9
33
9
89
9
31
9
90
9
92
9
14
9
20
9
42
9
99
9
89
9
99
9
73
9
32
9
50
12
84
9
61
12
84
9
32
9
32
9
21
9
44
9
73
10
52
9
70
11
53
13
85
0
80
9
62
9
31
9
11
9
70
9
34
10
82
9
21
9
99
9
31
9
90
11
53
9
32
10
52
1
39
9
19
9
42
9
99
12
54
9
99
9
31
9
11
9
99
12
54
9
59
9
44
12
24
9
19
9
73
9
11
9
14
9
62
9
99
9
34
9
26
9
11
12
24
9
63
9
99
9
99
9
11
11
53
9
34
11
23
9
41
9
74
9
31
9
40
11
53
11
53
9
33
9
93
9
34
9
10
9
33
11
23
9
99
13
55
9
99
9
71
13
55
9
41
10
82
9
62
9
99
9
64
10
52
9
99
9
99
9
81
9
61
9
61
9
99
9
99
9
73
3
39
13
55
1
79
9
94
0
0
12
54
9
90
9
30
9
99
0
51
9
72
2
48
13
55
4
59
9
99
9
31
9
73
1
39
9
37
9
92
13
85
13
85
9
62
9
69
9
19
9
80
9
91
9
42
9
99
9
11
9
70
12
84
9
71
9
74
9
98
1
79
9
21
10
52
9
99
0
91
9
99
9
94
1
49
9
99
9
93
3
59
12
54
9
99
12
24
9
21
9
34
9
51
9
61
9
99
9
42
9
12
9
41
9
40
2
79
9
51
12
84
1
99
9
71
9
30
12
84
9
99
9
71
10
52
9
12
10
22
0
10
9
99
9
31
9
71
10
52
13
55
9
34
10
52
9
14
9
73
9
32
9
50
9
70
9
20
9
99
9
40
9
38
1
79
9
62
9
91
9
74
9
92
9
12
9
92
9
79
9
12
9
21
9
99
9
99
9
47
9
72
9
93
11
83
9
74
9
60
9
99
9
99
12
54
9
13
9
99
9
63
1
44
9
20
11
23
9
62
9
94
9
93
9
99
9
99
9
81
9
81
9
41
11
83
0
60
9
64
9
69
9
49
9
12
9
61
9
39
9
99
9
33
9
42
9
18
9
70
9
14
9
79
9
99
9
99
9
92
9
42
9
34
9
63
9
13
8
25
10
22
9
61
9
40
9
48
9
44
9
33
9
74
9
11
9
73
9
30
9
64
9
58
9
79
9
73
2
49
11
83
9
59
9
71
10
22
9
32
9
94
9
59
9
69
9
31
9
41
9
44
12
84
9
59
9
92
9
92
10
52
12
84
9
99
9
41
9
71
9
12
9
41
9
99
9
92
9
62
9
63
9
70
9
12
9
89
9
40
9
51
9
91
9
12
9
99
12
84
9
73
9
13
9
99
9
42
9
92
9
51
9
81
9
51
9
64
9
91
9
99
9
14
9
99
9
89
9
12
9
9
9
81
9
94
9
29
9
50
9
31
9
10
9
99
9
11
9
51
9
14
9
90
9
74
9
62
9
31
9
79
9
10
9
74
9
72
9
32
9
99
9
63
12
84
9
61
9
91
9
87
8
65
0
80
9
69
9
60
9
32
9
42
9
21
13
55
9
44
9
99
9
43
9
80
9
11
11
23
11
83
9
11
3
29
9
72
2
59
9
30
10
82
1
69
9
61
9
99
9
9
12
54
11
23
9
99
9
64
9
30
9
9
9
12
9
72
9
64
9
41
0
80
9
42
9
34
9
74
9
99
9
74
9
9
0
0
10
52
9
99
9
64
11
83
9
32
9
59
1
38
9
99
9
39
9
99
9
72
10
82
12
84
9
12
9
62
9
31
9
51
9
64
9
79
0
70
10
22
1
2
9
99
9
19
9
41
9
72
9
79
9
10
9
73
9
60
9
12
9
64
9
61
9
64
9
71
9
72
0
90
9
21
9
99
9
32
9
72
9
34
9
60
0
20
9
21
11
53
10
52
9
99
9
43
9
60
9
49
2
59
9
72
9
92
0
12
9
99
11
23
9
6
9
34
9
34
9
42
9
91
9
94
9
19
9
88
11
53
9
50
9
73
9
93
4
69
13
55
11
83
9
89
10
22
9
49
9
43
0
70
0
20
13
85
9
74
1
19
9
99
9
50
12
54
10
52
9
74
9
99
9
43
9
99
9
90
9
91
9
72
9
9
9
89
9
14
11
52
11
53
9
81
9
51
9
99
9
44
9
13
9
78
9
51
9
63
9
44
9
62
11
53
9
46
9
74
9
19
9
11
9
50
9
61
9
99
10
22
9
74
9
49
9
14
9
59
9
49
9
74
9
33
9
99
9
72
9
71
9
51
8
55
9
62
9
28
13
85
9
91
9
99
9
74
9
61
9
61
9
74
9
42
9
40
9
51
9
13
9
19
9
81
9
74
9
63
9
34
0
80
9
40
9
62
9
11
9
32
9
12
1
9
11
53
12
54
9
99
10
22
9
61
12
54
12
84
9
51
0
60
9
42
9
64
9
71
9
34
9
61
9
42
