4
42
4
87
2
38
5
19
3
12
1
19
1
59
2
91
2
79
2
85
4
19
3
63
1
86
4
67
3
22
1
46
2
12
3
49
5
37
2
75
1
68
5
72
2
91
4
47
5
62
4
98
1
15
2
52
2
19
3
76
2
46
4
28
1
91
1
59
4
57
2
25
5
92
4
11
5
24
5
75
1
39
2
26
0
80
3
88
3
49
2
85
2
18
5
88
3
41
4
9
5
77
3
75
4
39
5
85
4
88
4
85
2
35
5
56
1
54
1
85
5
45
4
73
1
89
2
97
3
34
1
48
2
32
3
32
3
33
4
61
1
49
5
29
4
75
2
39
5
39
5
79
3
6
4
35
3
18
1
2
3
71
3
1
4
12
2
31
5
62
2
7
2
23
4
86
5
9
4
86
2
31
2
45
2
86
3
71
5
89
2
79
4
68
1
61
0
0
4
76
5
93
4
58
5
73
4
46
2
69
4
97
1
53
2
87
1
99
1
31
2
81
2
83
5
98
4
73
5
46
3
74
4
95
2
12
4
92
3
47
3
79
1
29
1
31
2
75
4
75
4
15
2
79
2
99
3
39
5
63
2
34
4
4
5
39
4
69
2
38
5
39
2
55
4
9
3
29
1
36
3
25
5
99
3
23
4
77
4
95
5
59
5
28
4
72
5
35
1
62
4
49
4
33
5
94
1
55
3
9
3
32
3
35
4
82
1
9
2
26
1
9
1
79
3
65
5
26
4
38
4
4
4
73
4
9
4
99
5
89
5
85
5
68
1
24
1
92
4
73
3
94
1
5
1
94
3
87
2
61
4
44
3
81
4
54
2
15
3
38
2
38
3
31
1
96
5
69
4
99
5
37
4
64
4
22
3
4
4
82
2
91
5
48
1
2
1
51
4
32
4
53
3
47
4
46
5
58
4
36
3
43
1
89
5
65
4
33
3
79
3
71
1
21
3
25
5
14
3
22
5
92
4
33
3
66
0
70
2
57
1
95
2
72
4
56
4
19
1
9
5
39
1
76
4
87
1
46
1
62
5
93
1
61
1
43
5
37
4
54
3
57
3
83
4
23
1
35
3
72
3
3
3
86
5
2
5
47
5
74
3
1
4
93
5
46
1
82
3
16
5
64
3
56
1
73
5
85
3
51
5
8
4
46
2
38
3
54
4
63
2
79
3
7
5
56
4
72
2
62
2
25
5
19
0
80
4
54
3
27
2
41
3
67
2
88
5
77
4
72
5
24
2
4
3
28
1
98
5
5
4
49
1
79
1
77
4
35
5
94
4
22
2
42
4
46
3
89
3
33
4
42
3
87
0
0
5
53
3
93
1
75
4
46
5
19
1
32
2
92
4
69
5
9
4
79
2
88
2
34
1
59
5
3
4
59
5
98
4
43
2
69
3
96
2
79
2
67
5
75
3
91
4
46
4
72
2
89
4
71
4
65
1
97
4
21
5
76
4
78
4
29
4
99
2
9
5
43
2
58
1
89
3
32
4
68
5
49
3
61
5
28
4
49
2
3
0
29
5
74
2
26
5
27
3
9
3
91
3
18
5
42
2
89
1
59
2
83
2
24
3
2
3
43
5
56
4
59
2
39
2
61
5
82
2
82
1
47
2
41
1
49
1
69
2
41
2
79
3
89
4
51
3
83
1
76
1
64
4
76
4
9
1
62
1
57
5
34
1
38
1
83
2
33
3
3
4
19
3
49
3
41
3
77
3
49
3
1
5
18
3
22
1
91
4
59
1
2
3
89
5
53
3
63
1
81
5
37
3
36
4
31
2
98
4
79
2
73
4
81
4
19
2
88
3
88
1
1
5
85
5
85
3
4
2
66
0
70
1
69
2
67
2
72
1
68
2
64
2
39
1
51
4
74
4
24
1
95
1
56
4
46
3
74
4
99
5
53
3
49
5
5
2
7
5
69
3
96
4
41
4
61
5
22
1
86
4
22
1
82
3
2
4
31
3
59
5
77
3
25
1
49
1
77
4
35
3
62
1
55
2
28
3
21
4
39
2
29
3
37
3
66
4
14
4
25
2
81
1
24
1
82
2
89
5
9
2
12
3
34
1
98
4
81
3
93
3
67
3
24
4
42
4
79
1
59
4
76
3
24
2
29
1
16
4
38
4
65
3
44
3
62
3
46
5
78
0
80
2
54
1
25
1
8
4
62
4
27
3
74
1
19
2
94
1
23
5
82
5
45
2
29
2
49
1
38
2
11
2
37
5
94
5
46
2
91
1
28
1
9
1
93
4
49
2
51
5
37
4
19
1
11
3
65
1
8
4
7
4
54
3
94
5
27
1
26
5
3
4
19
3
58
2
99
3
97
1
3
4
45
4
29
3
15
1
39
4
69
1
29
5
32
3
49
3
48
5
25
3
89
4
29
4
2
3
29
3
15
4
98
5
49
5
93
1
63
5
49
1
33
2
79
2
55
4
93
5
58
2
45
1
95
4
95
4
73
5
53
4
53
5
94
5
93
3
68
3
39
5
49
1
74
4
88
0
0
4
47
3
82
3
22
4
93
0
51
2
66
2
48
5
49
4
58
3
95
1
27
3
69
1
32
4
37
2
87
5
79
5
79
2
57
4
61
1
11
2
72
4
83
4
34
4
95
1
8
5
62
4
77
1
64
4
69
5
98
1
79
5
13
2
45
4
93
0
91
3
93
4
88
1
46
3
93
5
93
3
52
4
49
2
91
4
18
1
19
4
29
3
43
1
59
1
99
2
39
2
9
1
33
2
32
2
75
4
43
4
77
1
93
1
63
1
22
4
79
4
99
1
65
2
46
2
9
2
15
0
10
4
93
1
29
1
68
2
45
5
49
5
26
3
44
4
9
3
65
2
29
3
42
5
62
3
12
3
92
1
32
5
38
1
78
2
59
1
85
4
67
2
88
2
8
2
86
4
71
5
12
1
18
1
92
4
95
2
47
2
68
3
88
5
75
5
66
2
52
5
95
2
98
5
46
3
5
1
98
5
55
1
44
2
12
3
18
2
58
5
86
3
85
5
93
4
99
2
73
1
74
1
36
5
75
0
60
4
59
3
61
4
49
2
9
3
53
3
31
3
99
4
25
2
36
2
18
2
62
4
8
3
71
2
91
2
97
5
84
2
37
5
29
3
57
3
6
3
25
3
14
1
59
4
32
3
48
4
39
3
25
5
67
1
3
3
68
1
22
5
56
2
66
3
71
3
65
2
42
3
79
3
51
1
64
2
14
2
28
5
88
2
51
4
61
1
29
1
36
5
36
4
78
3
51
3
84
2
84
2
44
4
79
5
94
1
35
1
69
2
4
2
33
2
94
2
89
2
58
3
56
3
62
2
5
4
81
5
32
1
45
1
83
2
8
4
91
5
76
3
67
5
5
3
97
2
37
2
87
1
49
1
74
3
43
4
59
1
84
5
99
4
6
1
93
4
81
2
5
1
1
4
73
5
86
4
21
1
42
1
29
1
2
4
99
2
3
3
43
5
9
5
82
4
67
2
55
1
29
1
71
1
2
4
68
2
66
3
24
5
94
4
55
4
79
1
57
1
88
5
95
4
65
0
80
2
61
1
52
2
24
4
34
1
17
5
49
4
39
2
98
3
39
2
72
1
4
4
15
5
75
1
5
3
24
2
67
2
55
4
22
3
74
3
69
1
59
1
96
1
1
4
49
3
16
5
99
5
58
2
22
2
1
2
8
2
64
5
58
2
33
0
80
2
37
4
26
4
68
3
93
4
69
3
1
0
0
2
47
5
95
4
58
3
78
2
28
1
51
1
38
4
91
3
31
2
92
2
69
2
77
5
76
3
4
2
54
2
23
4
43
4
56
4
71
0
70
2
16
1
2
3
93
3
11
5
33
1
72
4
71
3
2
4
65
1
52
2
8
4
56
5
53
4
59
4
63
5
64
0
90
1
18
3
95
2
29
2
66
5
28
5
52
0
20
1
19
3
45
2
47
3
98
3
35
3
52
3
41
2
58
2
68
2
88
0
12
2
92
5
15
2
6
4
29
4
29
2
37
1
88
4
86
2
11
3
88
3
49
2
42
5
65
3
87
4
61
5
49
4
75
2
81
2
15
1
41
4
35
0
70
0
20
5
79
4
69
1
19
3
95
2
42
4
47
2
49
5
66
2
98
3
36
1
96
2
82
2
83
3
64
3
1
4
81
4
9
3
52
5
45
2
73
1
44
1
95
5
36
3
9
1
78
1
46
3
55
5
38
2
59
3
47
1
46
4
69
3
11
3
3
2
42
1
57
1
92
2
16
5
69
3
41
4
7
4
51
2
41
5
67
5
25
5
94
2
69
1
67
1
49
5
55
2
56
1
28
5
78
1
85
1
98
4
69
1
55
1
57
5
69
2
34
5
32
1
43
3
7
3
11
1
73
5
68
3
58
5
29
0
80
3
32
5
54
1
3
2
26
4
4
1
9
3
49
4
49
4
91
2
16
1
53
4
46
4
79
1
49
0
60
2
39
3
64
1
68
4
29
1
56
2
35
