14
56
11
23
9
99
9
74
14
86
0
20
13
85
9
93
9
99
9
33
12
24
9
73
9
94
12
54
9
64
13
85
15
27
12
24
9
74
11
23
10
22
9
99
14
86
9
91
9
93
11
83
10
82
13
55
11
23
9
74
9
94
15
27
9
13
9
73
10
82
9
64
9
74
12
24
9
64
9
74
9
81
9
14
14
56
9
91
12
84
9
44
9
72
9
42
9
14
11
83
9
64
9
34
9
71
9
44
10
52
14
56
15
27
9
99
9
74
13
25
9
11
9
64
10
52
15
57
9
14
9
14
9
14
9
99
0
30
9
62
9
43
9
64
9
99
9
74
12
84
9
14
9
44
9
94
9
42
12
24
9
94
9
44
9
99
9
31
13
55
9
43
9
73
9
94
0
90
9
99
10
82
11
83
9
99
9
32
9
99
9
44
13
25
9
94
9
62
13
25
9
94
9
99
9
94
9
44
9
61
9
51
9
14
9
74
9
33
0
20
11
53
9
64
9
44
11
53
11
83
9
44
10
22
11
83
11
83
9
92
9
14
9
99
9
13
12
54
13
55
9
74
11
83
11
23
11
83
9
99
9
14
11
83
9
11
15
87
9
64
12
24
9
62
9
13
11
83
9
71
13
85
9
91
9
6
14
56
9
32
9
34
9
14
9
64
9
93
9
44
9
34
4
90
15
27
10
22
9
73
9
93
9
34
9
11
12
84
9
14
12
54
15
27
13
25
9
34
15
57
12
84
9
93
9
92
9
99
9
63
9
43
9
12
14
56
9
94
9
99
9
34
9
33
9
41
9
94
9
99
9
99
9
34
9
64
9
73
13
85
11
23
9
92
9
34
9
73
9
13
9
74
12
24
9
94
9
34
9
99
0
80
9
14
9
99
9
64
9
42
14
86
14
86
9
99
9
99
9
14
9
31
9
51
9
51
9
99
9
44
9
74
15
27
9
99
9
94
9
99
10
82
9
73
9
34
9
74
11
23
9
14
9
99
9
67
9
94
9
14
9
34
9
46
11
23
11
83
9
42
9
64
11
23
9
81
9
34
11
53
9
41
12
24
9
74
9
44
10
82
9
14
11
83
11
83
9
99
9
42
9
44
9
14
9
13
10
52
13
25
9
99
9
31
9
99
9
34
9
99
9
42
15
57
9
94
10
52
9
14
9
11
9
14
9
94
9
63
9
94
11
83
11
23
9
94
12
84
9
99
11
53
14
56
9
99
9
74
9
73
9
99
9
14
9
74
9
93
9
32
12
54
14
82
11
53
9
74
11
23
9
14
9
34
9
44
9
34
9
13
9
99
13
85
9
74
9
14
1
11
11
53
9
74
9
44
0
0
12
24
12
84
9
74
9
64
9
12
15
87
9
13
10
52
13
55
9
13
15
87
9
99
9
14
9
12
13
25
9
51
9
74
13
55
9
44
9
64
13
85
10
22
9
74
9
94
9
99
9
99
9
57
9
99
9
44
9
94
9
14
12
54
9
33
9
33
9
14
9
63
9
43
12
24
13
82
9
34
9
43
9
72
15
27
14
56
9
74
14
86
0
0
9
11
9
94
9
74
9
73
9
73
9
34
11
53
1
89
9
63
9
93
9
44
9
34
4
39
1
45
12
84
9
99
9
14
11
83
11
83
9
94
9
14
3
19
11
53
9
62
9
44
11
23
11
53
9
74
9
44
14
86
9
99
9
43
0
20
9
71
9
94
9
81
14
56
9
43
9
48
9
99
12
84
9
93
9
8
9
44
9
44
11
53
11
23
12
24
9
74
14
26
9
8
9
43
9
73
9
11
9
14
9
99
9
44
14
26
9
99
9
34
0
60
9
44
9
74
9
64
9
13
9
64
12
84
12
22
2
59
9
51
9
71
9
14
9
93
12
24
9
63
9
34
9
14
9
44
9
31
13
55
9
73
9
34
9
63
9
94
9
99
9
63
11
53
11
23
13
85
9
94
9
64
9
43
10
22
13
85
9
13
9
31
9
31
12
54
9
99
9
99
9
94
9
44
9
34
9
21
9
44
9
31
11
83
9
31
2
29
9
94
9
94
9
73
12
54
9
99
9
14
9
7
9
74
9
43
9
44
14
86
13
85
9
93
9
78
9
63
9
71
11
53
12
24
14
56
9
99
9
14
15
27
9
34
9
64
14
26
9
99
9
34
9
14
9
74
9
14
11
53
9
44
9
93
9
13
9
94
9
44
9
99
12
84
9
91
14
86
9
14
9
99
9
99
12
24
9
93
9
64
9
93
9
81
10
82
9
64
9
13
9
91
14
86
9
34
12
54
12
54
9
93
9
93
11
23
15
87
9
43
9
34
9
43
9
94
14
86
9
34
11
23
9
14
11
83
14
86
9
51
9
74
4
10
9
99
9
11
9
33
9
14
14
26
9
64
9
99
9
63
9
34
13
55
14
26
9
94
9
34
1
59
9
73
11
83
9
74
9
93
9
99
13
55
13
85
9
64
9
31
9
31
9
12
9
32
9
14
9
99
4
79
11
53
9
73
13
85
14
86
9
99
9
64
14
56
0
10
10
22
11
83
9
99
13
85
9
48
15
57
9
74
9
99
2
9
9
62
9
64
9
44
9
13
9
64
1
69
9
99
9
42
9
13
9
14
9
14
9
99
9
74
0
70
14
86
9
14
9
61
12
24
9
44
9
44
15
57
9
14
0
0
9
93
9
94
9
34
10
22
9
99
11
83
9
14
9
44
15
87
12
54
9
34
9
43
9
93
9
43
9
73
15
87
9
74
9
14
9
63
9
28
11
83
9
33
9
51
4
39
9
74
9
99
9
63
0
44
9
31
9
33
9
33
9
99
9
64
9
99
9
62
9
86
9
94
9
94
9
99
13
85
9
94
9
32
13
85
11
23
13
85
9
99
0
37
11
53
9
99
9
64
9
81
11
53
9
64
14
86
9
64
9
93
9
93
11
83
10
52
9
64
9
99
9
64
9
44
13
25
14
56
9
74
9
99
9
99
9
99
12
24
9
12
9
13
9
99
10
82
13
85
9
92
9
43
9
99
9
14
9
99
9
62
9
92
13
25
9
93
9
34
9
74
13
85
3
89
10
22
9
64
12
84
0
90
9
43
9
99
1
9
11
23
9
14
9
73
9
33
1
29
9
99
9
27
9
99
9
61
15
57
9
74
9
31
9
74
9
34
9
99
9
34
9
44
9
44
13
55
8
35
9
99
11
53
9
99
9
72
9
44
9
99
9
99
9
99
9
13
9
44
9
94
9
14
9
99
11
53
9
87
14
26
9
31
11
23
9
33
9
64
14
86
9
13
9
9
9
42
10
52
9
74
12
54
9
93
12
24
2
99
9
99
9
44
12
84
9
74
9
73
9
99
9
99
14
26
9
74
0
70
9
64
9
99
9
99
12
84
9
99
9
64
12
24
12
54
9
71
9
14
9
14
9
99
12
24
4
68
9
74
9
43
9
94
9
94
8
5
9
94
9
44
11
53
9
62
9
13
9
99
11
23
9
33
4
89
9
94
15
87
9
6
14
26
9
32
9
27
11
23
9
99
9
21
9
34
8
15
9
64
9
99
9
14
9
93
9
94
9
34
9
74
9
74
9
13
9
64
9
73
9
99
10
22
11
23
0
80
14
56
9
93
15
27
12
84
9
12
9
74
9
34
9
14
9
34
9
63
11
23
9
73
9
99
12
54
9
44
14
26
9
21
0
90
9
94
11
83
11
53
9
86
9
31
9
14
9
64
1
69
9
99
9
74
15
27
9
71
9
14
9
74
9
13
9
41
9
63
9
14
9
14
9
99
9
74
9
34
1
79
9
99
10
52
13
55
9
14
10
52
9
63
15
57
9
43
9
99
9
64
9
14
9
64
9
12
9
34
9
42
11
53
14
26
0
10
12
84
9
64
9
34
9
99
9
74
9
32
12
24
9
64
9
21
9
44
12
84
9
64
9
94
11
23
9
43
9
34
12
24
14
26
0
60
9
64
0
20
9
44
9
12
9
13
9
62
9
34
9
32
9
64
9
68
13
85
9
11
8
85
9
34
9
13
9
94
9
73
12
22
11
53
9
81
0
60
9
99
0
90
9
94
13
85
9
81
12
84
15
87
9
11
9
43
9
99
9
64
9
72
9
34
9
33
10
82
2
71
2
40
9
14
9
38
9
72
9
33
9
72
9
67
15
87
13
55
9
44
9
64
9
34
9
94
9
64
13
85
11
53
9
99
9
33
9
11
9
92
9
44
9
63
9
91
9
13
9
14
9
74
9
98
9
64
14
26
9
12
11
23
9
43
9
99
15
57
11
83
1
89
9
93
9
99
9
99
9
74
9
94
0
80
10
82
9
94
9
31
13
55
9
99
9
34
9
13
9
94
9
99
9
63
12
54
9
44
9
34
9
81
9
93
9
44
4
24
12
24
9
44
9
13
9
64
9
43
9
16
2
49
9
81
1
9
9
44
13
55
9
99
10
82
11
83
9
44
11
23
9
73
9
99
0
63
9
11
