8
49
4
18
6
98
6
69
7
79
0
20
6
79
4
89
4
99
6
26
8
17
6
66
7
89
5
49
8
57
6
78
8
20
5
19
5
69
4
19
6
15
7
96
7
79
6
84
4
89
4
77
7
75
8
48
4
18
8
70
5
88
8
20
8
6
4
69
8
75
5
59
8
67
6
17
8
60
6
67
4
74
7
9
7
49
6
84
5
77
5
39
8
65
4
35
8
9
4
77
7
59
8
30
7
64
8
40
6
45
7
49
8
20
8
96
7
69
6
19
5
4
6
59
7
45
8
50
8
10
6
9
8
10
4
99
0
30
8
55
6
36
6
59
4
97
6
69
5
79
6
8
6
39
8
87
6
35
8
17
8
88
8
39
7
96
4
24
6
49
6
36
4
67
5
87
0
90
7
95
6
75
4
79
5
99
5
25
5
98
8
39
7
18
6
89
5
55
6
19
8
88
8
95
6
88
8
37
4
54
6
44
5
9
6
68
5
26
0
20
8
46
8
57
5
38
6
46
4
79
7
39
8
15
4
79
4
79
7
85
6
9
6
98
4
8
7
47
6
48
5
69
4
76
4
19
4
76
6
94
6
9
7
76
8
11
8
80
7
59
5
19
6
55
4
8
6
76
7
64
6
79
5
84
4
6
7
49
7
25
7
28
5
9
5
58
4
89
7
39
7
28
4
90
8
20
6
15
4
69
4
89
7
27
5
4
8
77
8
10
5
49
8
20
6
19
5
27
8
50
5
79
5
86
6
85
6
99
4
58
5
36
8
5
7
49
6
89
7
94
8
28
4
29
6
34
6
87
5
95
6
99
5
29
6
59
4
67
6
79
8
16
5
85
6
29
4
68
5
6
6
69
5
19
8
88
7
28
5
99
0
80
8
10
6
99
8
60
4
35
7
79
8
79
4
95
8
99
7
9
4
24
7
44
5
44
5
94
8
37
6
69
8
20
5
99
5
89
8
98
6
75
6
66
5
29
6
69
4
16
8
10
4
97
8
67
7
89
5
9
8
28
8
46
4
19
4
79
7
35
8
60
6
16
6
74
8
28
4
48
4
34
8
17
5
69
5
37
7
75
5
9
4
79
8
76
4
99
8
35
8
37
6
9
4
9
5
45
7
18
6
97
5
24
7
98
6
27
4
94
6
35
8
50
8
87
6
45
5
9
7
4
7
9
6
87
6
56
6
89
4
79
8
16
6
88
8
77
8
97
6
46
7
49
5
95
5
68
6
66
7
94
8
10
6
69
4
89
6
25
8
47
7
84
7
46
8
70
5
16
6
9
6
27
7
38
6
29
7
6
7
97
6
79
7
69
6
9
1
11
4
49
5
69
8
38
0
0
5
19
5
79
5
68
8
60
4
5
8
80
8
6
5
45
6
49
4
6
8
80
4
99
7
9
4
5
6
19
7
44
5
69
6
49
6
39
8
60
6
79
7
15
7
68
7
89
4
95
5
94
6
57
7
99
5
39
8
88
6
9
5
49
4
29
4
29
8
9
4
56
4
39
5
19
6
82
8
30
4
39
7
65
8
20
7
49
5
69
7
79
0
0
5
4
7
89
5
67
4
69
4
69
5
29
4
49
1
84
4
59
4
87
8
37
7
29
4
39
1
45
5
79
5
95
6
9
7
76
4
79
8
90
6
9
3
15
4
46
5
55
7
38
8
16
7
46
5
67
8
40
7
79
5
99
4
39
0
20
4
64
6
88
6
74
7
49
4
39
8
48
4
99
7
77
8
86
4
8
5
39
5
38
4
49
4
19
6
17
5
69
7
19
4
8
8
36
7
66
7
4
6
9
4
94
6
38
7
19
8
99
6
29
0
60
5
39
8
70
8
60
8
6
8
60
7
77
5
23
2
56
6
44
6
64
7
14
8
86
5
19
6
56
8
28
8
10
7
39
7
24
6
49
4
69
6
29
7
64
8
90
5
99
4
58
4
49
6
16
6
79
8
90
7
57
4
39
5
15
8
78
4
9
4
24
8
31
5
49
5
96
6
99
6
88
5
39
8
29
4
14
8
38
6
24
4
79
7
24
2
29
6
89
6
89
4
69
5
48
7
95
8
10
4
11
7
69
4
36
5
39
7
79
7
78
4
89
4
78
4
59
5
64
4
49
5
17
8
49
6
99
8
10
8
20
5
29
7
59
7
19
8
99
8
30
5
9
6
67
7
7
4
46
7
39
4
88
4
9
6
87
6
37
6
99
5
79
7
84
7
79
8
10
8
95
5
94
5
19
5
86
7
58
6
86
6
74
6
75
6
57
7
6
6
84
7
79
6
28
7
47
5
48
4
89
5
86
7
16
8
80
4
39
8
30
5
36
5
87
7
79
6
29
4
19
8
10
4
78
7
79
6
44
6
69
4
10
5
95
7
4
7
26
6
9
7
19
7
59
5
94
4
57
8
28
6
49
8
19
8
90
7
29
1
55
4
69
4
79
8
70
4
89
6
99
6
49
6
79
5
59
6
24
7
24
8
5
5
25
7
9
8
99
4
78
4
49
4
69
7
78
7
79
5
99
5
59
7
49
0
10
7
15
4
79
6
94
6
79
6
48
8
50
6
69
7
99
2
9
4
55
6
59
8
40
4
9
7
58
1
69
4
99
4
35
5
13
5
9
7
9
8
99
5
69
0
70
7
79
6
9
6
54
5
19
8
40
8
37
8
50
8
10
0
0
4
89
8
90
8
30
4
15
5
95
8
76
7
7
7
38
8
80
5
49
6
29
4
36
4
89
4
36
8
66
8
80
8
70
8
7
4
58
5
28
4
79
7
26
6
44
4
35
5
69
6
95
4
59
0
44
6
24
4
29
4
29
8
99
6
59
7
99
8
55
6
86
7
88
6
89
5
99
6
79
7
87
4
25
7
78
4
18
7
78
5
96
0
37
4
49
6
97
6
59
4
74
4
49
8
58
7
79
6
57
4
89
4
89
4
76
8
45
8
58
7
97
5
59
7
38
6
19
7
49
7
69
5
99
6
99
7
99
5
19
4
5
4
9
5
99
4
75
6
79
7
85
5
36
5
98
5
9
8
96
6
62
8
85
6
19
4
89
6
29
8
70
6
79
3
89
5
15
5
59
5
79
0
90
4
37
6
99
1
9
4
19
6
9
8
66
4
29
1
29
4
97
4
27
7
98
4
54
8
50
6
69
6
24
8
67
8
30
5
94
7
29
5
39
7
39
6
49
4
35
6
96
4
49
7
99
7
65
6
39
5
95
6
95
8
98
4
9
7
39
7
88
8
10
6
98
4
49
7
94
7
19
8
31
7
16
4
29
6
59
7
79
4
8
4
16
7
35
4
45
8
70
5
49
4
89
5
19
2
94
4
99
6
39
5
79
6
69
4
69
8
95
4
99
8
19
8
70
0
70
5
59
4
99
4
99
5
79
7
99
6
59
5
17
5
48
5
64
8
10
6
9
4
97
5
19
4
68
8
69
4
39
7
89
7
89
6
5
5
87
5
39
4
46
8
55
5
6
4
96
6
16
7
26
4
89
6
89
8
80
8
6
7
19
6
25
8
27
4
18
7
99
4
14
6
28
7
15
6
58
7
95
5
9
4
87
5
89
7
29
8
69
7
69
5
14
5
59
4
66
5
99
6
15
6
16
0
80
7
49
8
86
8
20
5
79
6
5
7
67
8
30
6
9
8
29
6
56
4
17
8
73
8
99
5
49
7
38
7
19
7
14
0
90
7
89
6
76
6
46
5
86
7
24
6
9
5
59
1
65
4
99
8
68
8
20
6
64
8
10
6
69
4
7
5
34
4
57
5
9
7
9
7
95
8
70
7
28
1
74
4
99
8
45
6
49
7
9
7
45
4
59
8
50
4
39
6
99
5
59
6
9
7
59
4
5
8
30
5
35
7
46
7
19
0
10
5
79
5
58
5
29
4
96
7
69
4
32
5
19
6
59
4
14
5
39
5
79
8
58
8
90
4
19
4
39
7
29
5
18
7
19
0
60
5
59
0
20
6
38
4
12
6
14
7
55
5
29
7
25
6
59
7
68
6
78
6
4
7
85
7
29
5
6
6
89
4
69
5
22
8
46
7
74
0
60
8
97
0
90
6
89
6
79
5
74
6
77
8
80
5
4
4
39
5
98
6
59
6
65
6
29
4
29
4
75
2
71
2
40
7
8
5
38
4
65
7
26
6
65
5
67
8
80
6
48
7
38
6
59
6
29
7
89
5
59
8
78
4
46
8
99
4
29
7
4
4
85
5
39
6
56
7
84
4
6
6
7
5
68
8
98
7
59
7
19
6
5
4
16
5
36
5
99
8
50
4
79
1
88
4
89
4
99
8
95
8
70
8
89
0
80
8
75
5
89
4
24
6
49
7
99
5
27
4
9
6
89
6
99
4
59
5
47
8
40
6
29
7
74
7
86
8
37
4
24
5
19
8
39
5
6
8
60
6
36
6
16
2
49
4
74
1
8
8
40
6
49
7
97
4
75
4
76
8
40
6
16
4
67
6
95
0
63
4
4
