10
52
7
19
9
99
9
71
10
82
0
20
9
81
7
89
7
99
9
29
9
20
9
69
9
92
8
50
9
60
9
81
11
23
8
20
8
70
7
19
9
18
9
99
10
82
9
87
7
89
7
79
9
78
9
51
7
19
9
73
8
90
11
23
9
9
7
69
9
78
8
60
9
70
9
20
9
63
9
70
7
77
9
12
10
52
9
87
8
80
8
40
9
68
7
38
9
12
7
79
9
62
9
33
9
67
9
43
9
48
10
52
11
23
9
99
9
72
9
21
8
7
9
61
9
48
11
53
9
13
9
11
9
13
7
99
0
30
9
58
9
39
9
61
7
99
9
71
8
80
9
11
9
41
9
90
9
38
9
20
9
91
9
42
9
99
7
27
9
51
9
39
7
69
8
90
0
90
9
98
9
78
7
79
8
99
8
28
8
99
9
42
9
21
9
91
8
58
9
21
9
91
9
98
9
91
9
40
7
57
9
47
8
10
9
71
8
29
0
20
9
49
9
60
8
40
9
49
7
79
9
42
9
18
7
79
7
79
9
88
9
11
9
99
7
9
9
50
9
51
8
70
7
79
7
19
7
79
9
97
9
11
9
79
9
11
11
83
9
62
8
20
9
58
7
9
9
79
9
67
9
81
8
87
7
6
10
52
9
28
9
31
8
10
8
60
7
89
9
42
9
31
4
90
11
23
9
18
7
69
7
89
9
30
8
7
9
80
9
13
8
50
11
23
9
21
8
30
11
53
8
80
8
89
9
88
9
99
7
59
8
39
9
8
10
52
9
91
9
97
9
31
7
29
9
37
9
90
8
98
9
99
8
30
9
61
7
69
9
81
9
19
8
88
9
31
7
69
8
9
9
71
8
20
9
91
9
31
8
99
0
80
9
13
9
99
9
63
7
38
10
82
10
82
7
98
9
99
9
12
7
27
9
47
8
47
8
97
9
40
9
71
11
23
8
99
8
90
9
99
9
78
9
69
8
30
9
71
7
19
9
13
7
99
9
67
9
92
8
10
9
31
9
46
7
19
7
79
9
38
9
63
9
19
9
77
9
31
7
49
7
37
9
20
8
70
8
40
9
78
8
10
7
79
9
79
7
99
9
38
9
40
9
11
7
9
8
48
9
21
9
99
8
27
9
99
9
30
7
97
9
38
11
53
9
90
9
48
8
10
9
7
9
12
9
90
9
59
9
91
7
79
9
19
9
91
9
80
9
99
9
49
10
52
8
98
8
70
9
69
9
97
9
13
9
71
7
89
9
28
9
50
10
82
9
49
9
73
8
19
9
11
9
30
9
41
9
31
9
9
9
99
9
81
9
72
9
11
1
11
7
49
8
70
9
41
0
0
8
20
8
80
8
70
9
63
7
8
11
83
9
9
8
48
9
51
7
9
11
83
7
99
9
12
7
8
9
21
9
47
8
70
9
51
9
41
9
63
9
81
9
18
9
71
9
92
7
98
8
97
9
57
9
99
8
40
9
91
9
11
8
50
7
29
7
29
9
12
7
59
7
39
8
20
9
82
9
33
7
39
9
68
11
23
10
52
8
70
10
82
0
0
8
7
9
92
8
70
7
69
7
69
8
30
7
49
1
87
7
59
7
89
9
40
9
32
4
39
1
45
8
80
8
98
9
11
9
79
7
79
9
93
9
11
3
18
7
49
8
58
9
41
9
19
9
49
8
70
9
43
10
82
8
99
7
39
0
20
7
67
9
91
9
77
10
52
7
39
9
48
7
99
9
80
9
89
7
8
8
40
8
40
7
49
7
19
9
20
8
70
10
22
7
8
9
39
9
69
9
7
9
11
7
97
9
41
10
22
9
99
9
31
0
60
8
40
9
73
9
63
9
9
9
63
9
80
8
23
2
59
9
47
9
67
9
14
9
89
8
20
9
59
9
31
9
13
9
42
9
27
9
51
7
69
9
31
9
63
9
93
8
99
7
59
7
49
9
19
9
81
9
93
9
60
7
39
8
18
9
81
7
9
7
27
9
31
8
50
8
99
9
99
9
91
8
40
9
32
7
17
9
41
9
27
7
79
9
27
2
29
9
91
9
91
7
69
8
50
9
98
9
13
7
11
9
72
7
39
8
40
10
82
9
81
7
89
7
78
7
59
8
67
7
49
8
20
10
52
9
99
9
13
11
23
8
30
9
62
10
22
9
99
9
33
8
10
9
70
9
10
7
49
9
42
7
89
7
9
9
90
9
40
9
99
8
80
9
87
10
82
9
13
9
98
8
97
8
20
8
89
9
61
9
89
9
77
9
78
9
60
9
9
9
87
10
82
9
31
9
50
8
50
7
89
8
89
9
19
11
83
7
39
9
33
8
39
8
90
10
82
9
31
7
19
9
13
7
79
10
82
9
47
9
71
4
10
8
98
9
7
9
29
9
11
10
22
9
62
8
97
7
59
9
31
9
51
10
22
9
93
9
32
1
58
7
69
7
79
9
73
7
89
9
99
9
51
9
81
8
60
9
27
9
27
9
8
8
28
9
12
9
99
4
79
7
49
7
69
9
81
10
82
8
99
8
60
10
52
0
10
9
18
7
79
9
97
9
81
9
48
11
53
9
71
9
99
2
9
7
58
9
61
9
43
7
9
9
61
1
69
7
99
7
38
8
13
8
10
9
12
9
99
8
70
0
70
10
82
9
11
9
57
8
20
9
43
9
40
11
53
9
13
0
0
7
89
9
93
9
33
7
18
8
98
9
79
9
10
9
41
11
83
8
50
9
31
7
39
7
89
7
39
9
69
11
83
9
73
9
10
7
59
8
28
7
79
9
29
9
47
4
38
8
70
9
98
7
59
0
44
9
27
7
29
7
29
9
99
9
61
9
99
9
58
9
86
9
91
9
91
8
99
9
81
9
90
7
28
9
81
7
19
9
81
8
99
0
37
7
49
9
99
9
61
7
77
7
49
9
61
10
82
9
60
7
89
7
89
7
79
9
48
9
61
9
99
8
60
9
41
9
21
10
52
9
72
8
99
9
99
9
99
8
20
7
8
7
9
8
99
7
78
9
81
9
88
8
39
8
99
8
10
9
99
9
62
9
88
9
21
7
89
9
31
9
73
9
81
3
89
8
18
8
60
8
80
0
90
7
39
9
99
1
9
7
19
9
11
9
69
7
29
1
29
7
99
7
27
9
99
7
57
11
53
9
71
9
27
9
70
9
33
8
97
9
32
8
40
9
42
9
51
7
35
9
99
7
49
9
99
9
68
9
41
8
98
9
98
9
99
7
9
9
42
9
91
9
13
9
99
7
49
9
91
10
22
9
31
9
19
7
29
9
61
10
82
7
9
7
13
9
38
7
48
9
73
8
50
7
89
8
20
2
97
7
99
9
41
8
80
9
71
7
69
9
98
7
99
10
22
9
73
0
70
8
60
7
99
7
99
8
80
9
99
9
61
8
20
8
50
8
67
9
13
9
11
7
99
8
20
4
68
9
72
7
39
9
92
9
92
8
5
8
90
8
40
7
49
9
58
8
9
7
99
9
19
9
29
4
89
9
91
11
83
9
6
10
22
9
28
9
27
7
19
9
99
7
17
9
31
8
15
9
61
9
98
8
10
7
89
8
90
9
32
9
72
9
72
8
14
8
60
7
69
8
99
9
18
9
19
0
80
10
52
9
89
11
23
8
80
9
8
9
70
9
33
9
11
9
32
9
59
7
19
9
73
9
99
8
50
9
41
10
22
9
17
0
90
9
92
9
79
9
49
8
86
9
27
9
11
8
60
1
68
7
99
9
71
11
23
9
67
9
13
9
71
7
9
8
37
7
59
8
10
9
12
9
98
9
73
9
31
1
77
7
99
9
48
9
51
9
12
9
48
7
59
11
53
7
39
9
99
8
60
9
11
9
62
7
8
9
33
8
38
9
49
10
22
0
10
8
80
8
60
8
30
7
99
9
72
7
32
8
20
9
61
7
17
8
40
8
80
9
61
9
93
7
19
7
39
9
32
8
20
10
22
0
60
8
60
0
20
9
41
7
12
9
13
9
58
8
30
9
28
9
61
9
68
9
81
9
7
8
85
9
32
8
9
9
91
7
69
8
22
9
49
9
77
0
60
9
99
0
90
9
91
9
81
8
77
9
80
11
83
8
7
7
39
8
99
9
61
9
68
9
31
7
29
7
78
2
71
2
40
9
11
8
38
7
68
9
29
9
68
8
67
11
83
9
51
9
41
9
61
9
31
9
92
8
60
9
81
7
49
9
99
7
29
9
7
7
88
8
40
9
59
9
87
7
9
9
10
8
70
9
98
9
62
10
22
9
8
7
19
8
39
8
99
11
53
7
79
1
89
7
89
7
99
9
98
9
73
9
92
0
80
9
78
8
90
7
27
9
51
9
99
8
30
7
9
9
91
9
99
7
59
8
50
9
43
9
31
9
77
9
89
9
40
4
24
8
20
9
42
8
9
9
63
9
39
9
16
2
49
7
77
1
9
9
43
9
51
9
99
7
78
7
79
9
43
9
19
7
69
9
98
0
63
7
7
