5
46
1
15
3
95
3
69
4
78
0
20
3
79
1
86
1
96
3
23
5
14
3
63
4
86
2
47
5
54
3
75
5
18
2
17
2
69
1
19
3
12
4
93
4
79
3
81
1
89
1
74
4
72
5
45
1
15
5
67
2
85
5
18
5
3
1
69
5
72
2
56
5
64
3
14
5
59
3
64
1
71
4
6
4
49
3
81
2
74
2
36
5
62
1
32
5
6
1
74
4
59
5
28
4
61
5
38
3
42
4
48
5
19
5
93
4
68
3
18
2
1
3
58
4
42
5
49
5
9
3
9
5
9
1
99
0
30
5
52
3
33
3
59
1
94
3
67
2
76
3
5
3
37
5
84
3
32
5
14
5
85
5
36
4
93
1
21
3
49
3
33
1
64
2
84
0
90
4
92
3
72
1
77
2
99
2
22
2
95
5
36
4
15
3
89
2
52
3
19
5
85
5
92
3
85
5
34
1
51
3
41
2
9
3
65
2
23
0
20
5
43
5
54
2
35
3
43
1
79
4
38
5
12
1
79
1
76
4
82
3
7
3
95
1
5
4
44
3
45
2
69
1
73
1
19
1
73
3
91
3
8
4
73
5
11
5
79
4
57
2
18
3
52
1
5
3
73
4
61
3
77
2
81
1
6
4
48
4
22
4
25
2
8
2
55
1
89
4
38
4
25
4
90
5
18
3
12
1
69
1
89
4
24
2
1
5
74
5
9
2
49
5
19
3
19
2
24
5
47
2
77
2
83
3
82
3
96
1
55
2
33
5
2
4
49
3
88
4
91
5
25
1
28
3
31
3
84
2
92
3
99
2
29
3
59
1
64
3
78
5
13
2
82
3
29
1
65
2
3
3
67
2
17
5
85
4
25
2
97
0
80
5
8
3
99
5
59
1
32
4
76
5
76
1
92
5
99
4
9
1
21
4
41
2
41
2
91
5
34
3
67
5
17
2
96
2
88
5
95
3
72
3
63
2
27
3
68
1
13
5
9
1
94
5
67
4
86
2
7
5
25
5
46
1
19
1
78
4
32
5
57
3
13
3
71
5
25
1
45
1
31
5
14
2
66
2
34
4
72
2
6
1
79
5
73
1
98
5
32
5
34
3
9
1
9
2
42
4
15
3
94
2
21
4
95
3
24
1
91
3
32
5
48
5
84
3
42
2
8
4
1
4
6
3
84
3
53
3
89
1
79
5
13
3
85
5
74
5
94
3
43
4
48
2
92
2
65
3
63
4
91
5
9
3
69
1
87
3
22
5
44
4
84
4
43
5
69
2
13
3
9
3
24
4
35
3
29
4
3
4
94
3
76
4
69
3
8
1
11
1
49
2
66
5
35
0
0
2
18
2
79
2
65
5
57
1
2
5
79
5
3
2
42
3
46
1
3
5
79
1
99
4
7
1
2
3
19
4
41
2
69
3
48
3
39
5
58
3
76
4
12
4
65
4
87
1
92
2
91
3
57
4
97
2
36
5
85
3
9
2
46
1
27
1
28
5
6
1
53
1
39
2
19
3
82
5
28
1
36
4
62
5
19
4
47
2
69
4
78
0
0
2
1
4
89
2
64
1
69
1
66
2
29
1
46
1
81
1
59
1
84
5
34
4
29
4
38
1
45
2
76
2
92
3
9
4
73
1
79
5
88
3
9
3
12
1
43
2
52
4
35
5
13
4
43
2
64
5
39
4
79
2
99
1
39
0
20
1
61
3
85
3
71
4
46
1
36
5
48
1
96
4
74
5
83
1
8
2
36
2
35
1
46
1
19
3
14
2
66
4
16
1
8
5
33
4
63
4
1
3
6
1
91
3
35
4
19
5
98
3
27
0
60
2
36
5
67
5
59
5
3
5
59
4
74
2
23
2
53
3
41
3
61
4
14
5
83
2
18
3
53
5
25
5
7
4
39
4
21
3
49
1
67
3
29
4
64
5
88
2
99
1
55
1
46
3
13
3
77
5
87
4
54
1
39
2
12
5
75
1
8
1
21
5
31
2
48
2
93
3
97
3
85
2
38
5
26
1
11
5
35
3
21
1
79
4
21
2
27
3
89
3
89
1
69
2
45
4
92
5
7
1
11
4
66
1
33
2
38
4
79
4
75
1
86
1
78
1
59
2
61
1
47
2
14
5
46
3
98
5
9
5
19
2
27
4
59
4
19
5
98
5
29
2
8
3
64
4
4
1
43
4
39
1
85
1
9
3
84
3
34
3
99
2
79
4
81
4
79
5
8
5
92
2
91
2
16
2
83
4
55
3
83
3
71
3
72
3
54
4
3
3
81
4
79
3
25
4
44
2
45
1
87
2
83
4
13
5
77
1
39
5
29
2
33
2
84
4
78
3
29
1
19
5
9
1
75
4
79
3
41
3
66
4
10
2
92
4
1
4
23
3
9
4
17
4
56
2
91
1
54
5
25
3
47
5
16
5
89
4
26
1
52
1
67
1
79
5
69
1
88
3
96
3
49
3
79
2
58
3
21
4
21
5
2
2
22
4
8
5
96
4
75
1
47
1
67
4
75
4
79
2
99
2
59
4
49
0
10
4
12
1
78
3
91
3
77
3
48
5
49
3
69
4
97
2
6
1
52
3
59
5
38
1
7
4
55
1
66
1
97
1
32
2
13
2
7
4
9
5
96
2
68
0
70
4
78
3
7
3
51
2
17
5
39
5
34
5
48
5
7
0
0
1
88
5
87
5
27
1
12
2
92
5
73
4
4
4
35
5
78
2
49
3
27
1
33
1
89
1
33
5
63
5
79
5
67
5
4
1
55
2
28
1
78
4
23
3
41
4
32
2
67
3
92
1
57
0
44
3
21
1
26
1
26
5
96
3
59
4
98
5
52
3
86
4
85
3
89
2
97
3
79
4
84
1
22
4
75
1
15
4
75
2
93
0
37
1
48
3
94
3
56
1
71
1
49
5
55
4
76
3
54
1
89
1
89
1
73
5
42
5
55
4
94
2
59
4
35
3
16
4
48
4
68
2
99
3
98
4
99
2
18
1
2
1
9
2
99
1
72
3
76
4
82
2
33
2
95
2
6
5
93
3
62
5
82
3
19
1
89
3
29
5
68
3
79
3
86
2
12
2
58
2
79
0
90
1
34
3
98
1
8
1
19
3
6
5
63
1
27
1
26
1
94
1
27
4
95
1
51
5
49
3
67
3
21
5
64
5
27
2
91
4
29
2
36
4
39
3
49
1
35
3
93
1
49
4
97
4
62
3
37
2
92
3
92
5
95
1
7
4
36
4
85
5
9
3
95
1
48
4
97
4
18
5
31
4
13
1
29
3
56
4
76
1
5
1
19
4
32
1
42
5
68
2
49
1
88
2
19
2
91
1
97
3
38
2
76
3
67
1
68
5
92
1
96
5
16
5
69
0
70
2
56
1
97
1
97
2
77
4
97
3
59
2
14
2
45
2
61
5
9
3
8
1
94
2
18
4
68
5
66
1
36
4
88
4
86
3
5
2
84
2
39
1
43
5
52
2
3
1
93
3
13
4
23
4
88
3
89
5
78
5
6
4
16
3
22
5
27
1
15
4
97
1
11
3
25
4
15
3
55
4
92
2
9
1
84
2
88
4
26
5
66
4
69
2
14
2
59
1
63
2
98
3
12
3
13
0
80
4
49
5
83
5
18
2
77
3
2
4
64
5
27
3
7
5
26
3
53
1
14
5
73
5
99
2
49
4
35
4
18
4
11
0
90
4
89
3
73
3
43
2
86
4
21
3
9
2
59
1
62
1
97
5
65
5
18
3
61
5
9
3
68
1
4
2
31
1
54
2
9
4
8
4
92
5
69
4
25
1
71
1
99
5
42
3
48
4
9
4
42
1
56
5
49
1
39
3
97
2
59
3
8
4
57
1
2
5
29
2
32
4
43
4
16
0
10
2
79
2
55
2
29
1
93
4
69
1
32
2
19
3
57
1
11
2
38
2
79
5
55
5
88
1
17
1
38
4
28
2
15
4
18
0
60
2
57
0
20
3
35
1
12
3
14
4
52
2
29
4
22
3
59
4
68
3
75
3
1
4
85
4
28
2
3
3
86
1
68
2
22
5
43
4
71
0
60
5
94
0
90
3
86
3
77
2
71
3
74
5
79
2
1
1
39
2
95
3
57
3
62
3
29
1
29
1
72
2
71
2
40
4
5
2
38
1
62
4
23
3
62
2
67
5
79
3
45
4
35
3
59
3
29
4
89
2
59
5
75
1
43
5
96
1
29
4
1
1
82
2
39
3
53
4
81
1
3
3
4
2
65
5
98
4
58
4
19
3
2
1
13
2
33
2
99
5
49
1
79
1
85
1
86
1
97
5
92
5
68
5
86
0
80
5
72
2
86
1
21
3
49
4
99
2
24
1
6
3
89
3
99
1
59
2
44
5
39
3
28
4
71
4
83
5
34
4
24
2
18
5
36
2
3
5
57
3
33
3
16
2
49
1
71
1
5
5
37
3
46
4
94
1
72
1
73
5
38
3
13
1
64
3
92
0
63
1
1
