13
55
10
22
9
99
9
74
13
85
0
20
12
84
9
92
9
99
9
32
11
23
9
72
9
94
11
53
9
63
12
84
14
26
11
23
9
73
10
22
9
21
9
99
13
85
9
90
9
92
10
82
9
81
12
54
10
22
9
74
9
93
14
26
9
12
9
72
9
81
9
63
9
73
11
23
9
64
9
73
9
80
9
14
13
55
9
90
11
83
9
43
9
71
9
41
9
14
10
82
9
64
9
34
9
70
9
44
9
51
13
55
14
26
9
99
9
74
12
24
9
10
9
64
9
51
14
56
9
14
9
14
9
14
9
99
0
30
9
61
9
42
9
64
9
99
9
74
11
83
9
14
9
44
9
93
9
41
11
23
9
94
9
44
9
99
9
30
12
54
9
42
9
72
9
93
0
90
9
99
9
81
10
82
9
99
9
31
9
99
9
44
12
24
9
94
9
61
12
24
9
94
9
99
9
94
9
43
9
60
9
50
9
13
9
74
9
32
0
20
10
52
9
63
9
43
10
52
10
82
9
44
9
21
10
82
10
82
9
91
9
14
9
99
9
12
11
53
12
54
9
73
10
82
10
22
10
82
9
99
9
14
10
82
9
11
14
86
9
64
11
23
9
61
9
12
10
82
9
70
12
84
9
90
9
6
13
55
9
31
9
34
9
13
9
63
9
92
9
44
9
34
4
90
14
26
9
21
9
72
9
92
9
33
9
10
11
83
9
14
11
53
14
26
12
24
9
33
14
56
11
83
9
92
9
91
9
99
9
62
9
42
9
11
13
55
9
94
9
99
9
34
9
32
9
40
9
93
9
99
9
99
9
33
9
64
9
72
12
84
10
22
9
91
9
34
9
72
9
12
9
74
11
23
9
94
9
34
9
99
0
80
9
14
9
99
9
64
9
41
13
85
13
85
9
99
9
99
9
14
9
30
9
50
9
50
9
99
9
43
9
74
14
26
9
99
9
93
9
99
9
81
9
72
9
33
9
74
10
22
9
14
9
99
9
67
9
94
9
13
9
34
9
46
10
22
10
82
9
41
9
64
10
22
9
80
9
34
10
52
9
40
11
23
9
73
9
43
9
81
9
13
10
82
10
82
9
99
9
41
9
43
9
14
9
12
9
51
12
24
9
99
9
30
9
99
9
33
9
99
9
41
14
56
9
93
9
51
9
13
9
10
9
14
9
93
9
62
9
94
10
82
10
22
9
94
11
83
9
99
10
52
13
55
9
99
9
73
9
72
9
99
9
14
9
74
9
92
9
31
11
53
13
82
10
52
9
74
10
22
9
14
9
33
9
44
9
34
9
12
9
99
12
84
9
74
9
14
1
11
10
52
9
73
9
44
0
0
11
23
11
83
9
73
9
64
9
11
14
86
9
12
9
51
12
54
9
12
14
86
9
99
9
14
9
11
12
24
9
50
9
73
12
54
9
44
9
64
12
84
9
21
9
74
9
94
9
99
9
99
9
57
9
99
9
43
9
94
9
14
11
53
9
32
9
32
9
14
9
62
9
42
11
23
12
82
9
34
9
42
9
71
14
26
13
55
9
73
13
85
0
0
9
10
9
94
9
73
9
72
9
72
9
33
10
52
1
89
9
62
9
92
9
43
9
34
4
39
1
45
11
83
9
99
9
14
10
82
10
82
9
94
9
14
3
19
10
52
9
61
9
44
10
22
10
52
9
73
9
44
13
85
9
99
9
42
0
20
9
70
9
94
9
80
13
55
9
42
9
48
9
99
11
83
9
92
9
8
9
43
9
43
10
52
10
22
11
23
9
73
13
25
9
8
9
42
9
72
9
10
9
14
9
99
9
44
13
25
9
99
9
34
0
60
9
43
9
74
9
64
9
12
9
64
11
83
11
22
2
59
9
50
9
70
9
14
9
92
11
23
9
62
9
34
9
14
9
44
9
30
12
54
9
72
9
34
9
63
9
94
9
99
9
62
10
52
10
22
12
84
9
94
9
63
9
42
9
21
12
84
9
12
9
30
9
31
11
53
9
99
9
99
9
94
9
43
9
34
9
20
9
44
9
30
10
82
9
30
2
29
9
94
9
94
9
72
11
53
9
99
9
14
9
8
9
74
9
42
9
43
13
85
12
84
9
92
9
78
9
62
9
70
10
52
11
23
13
55
9
99
9
14
14
26
9
33
9
64
13
25
9
99
9
34
9
13
9
73
9
13
10
52
9
44
9
92
9
12
9
93
9
43
9
99
11
83
9
90
13
85
9
14
9
99
9
99
11
23
9
92
9
64
9
92
9
80
9
81
9
63
9
12
9
90
13
85
9
34
11
53
11
53
9
92
9
92
10
22
14
86
9
42
9
34
9
42
9
93
13
85
9
34
10
22
9
14
10
82
13
85
9
50
9
74
4
10
9
99
9
10
9
32
9
14
13
25
9
64
9
99
9
62
9
34
12
54
13
25
9
94
9
34
1
59
9
72
10
82
9
74
9
92
9
99
12
54
12
84
9
63
9
30
9
30
9
11
9
31
9
14
9
99
4
79
10
52
9
72
12
84
13
85
9
99
9
63
13
55
0
10
9
21
10
82
9
99
12
84
9
48
14
56
9
74
9
99
2
9
9
61
9
64
9
44
9
12
9
64
1
69
9
99
9
41
9
13
9
13
9
14
9
99
9
73
0
70
13
85
9
14
9
60
11
23
9
44
9
43
14
56
9
14
0
0
9
92
9
94
9
34
9
21
9
99
10
82
9
13
9
44
14
86
11
53
9
34
9
42
9
92
9
42
9
72
14
86
9
74
9
13
9
62
9
28
10
82
9
32
9
50
4
39
9
73
9
99
9
62
0
44
9
30
9
32
9
32
9
99
9
64
9
99
9
61
9
86
9
94
9
94
9
99
12
84
9
93
9
31
12
84
10
22
12
84
9
99
0
37
10
52
9
99
9
64
9
80
10
52
9
64
13
85
9
63
9
92
9
92
10
82
9
51
9
64
9
99
9
63
9
44
12
24
13
55
9
74
9
99
9
99
9
99
11
23
9
11
9
12
9
99
9
81
12
84
9
91
9
42
9
99
9
13
9
99
9
62
9
91
12
24
9
92
9
34
9
74
12
84
3
89
9
21
9
63
11
83
0
90
9
42
9
99
1
9
10
22
9
14
9
72
9
32
1
29
9
99
9
27
9
99
9
60
14
56
9
74
9
30
9
73
9
34
9
99
9
34
9
43
9
44
12
54
8
35
9
99
10
52
9
99
9
71
9
44
9
99
9
99
9
99
9
12
9
44
9
94
9
14
9
99
10
52
9
88
13
25
9
31
10
22
9
32
9
64
13
85
9
12
9
10
9
41
9
51
9
74
11
53
9
92
11
23
2
99
9
99
9
44
11
83
9
74
9
72
9
99
9
99
13
25
9
74
0
70
9
63
9
99
9
99
11
83
9
99
9
64
11
23
11
53
9
70
9
14
9
14
9
99
11
23
4
68
9
74
9
42
9
94
9
94
8
5
9
93
9
43
10
52
9
61
9
12
9
99
10
22
9
32
4
89
9
94
14
86
9
6
13
25
9
31
9
27
10
22
9
99
9
20
9
34
8
15
9
64
9
99
9
13
9
92
9
93
9
34
9
74
9
74
9
13
9
63
9
72
9
99
9
21
10
22
0
80
13
55
9
92
14
26
11
83
9
11
9
73
9
34
9
14
9
34
9
62
10
22
9
73
9
99
11
53
9
44
13
25
9
20
0
90
9
94
10
82
10
52
9
86
9
30
9
14
9
63
1
69
9
99
9
74
14
26
9
70
9
14
9
74
9
12
9
40
9
62
9
13
9
14
9
99
9
74
9
34
1
79
9
99
9
51
12
54
9
14
9
51
9
62
14
56
9
42
9
99
9
63
9
14
9
64
9
11
9
34
9
41
10
52
13
25
0
10
11
83
9
63
9
33
9
99
9
74
9
32
11
23
9
64
9
20
9
43
11
83
9
64
9
94
10
22
9
42
9
34
11
23
13
25
0
60
9
63
0
20
9
44
9
12
9
13
9
61
9
33
9
31
9
64
9
68
12
84
9
10
8
85
9
34
9
12
9
94
9
72
11
22
10
52
9
80
0
60
9
99
0
90
9
94
12
84
9
80
11
83
14
86
9
10
9
42
9
99
9
64
9
71
9
34
9
32
9
81
2
71
2
40
9
14
9
38
9
71
9
32
9
71
9
67
14
86
12
54
9
44
9
64
9
34
9
94
9
63
12
84
10
52
9
99
9
32
9
10
9
91
9
43
9
62
9
90
9
12
9
13
9
73
9
98
9
64
13
25
9
11
10
22
9
42
9
99
14
56
10
82
1
89
9
92
9
99
9
99
9
74
9
94
0
80
9
81
9
93
9
30
12
54
9
99
9
33
9
12
9
94
9
99
9
62
11
53
9
44
9
34
9
80
9
92
9
43
4
24
11
23
9
44
9
12
9
64
9
42
9
16
2
49
9
80
1
9
9
44
12
54
9
99
9
81
10
82
9
44
10
22
9
72
9
99
0
63
9
10
