17
59
14
26
9
99
9
74
17
89
0
20
16
88
9
94
9
99
9
34
15
27
9
74
9
94
15
57
9
64
16
88
18
30
15
27
9
74
14
26
13
25
9
99
17
89
9
94
9
94
14
86
13
85
16
58
14
26
9
74
9
94
18
30
9
14
9
74
13
85
9
64
9
74
15
27
9
64
9
74
12
84
9
14
17
59
9
94
15
87
9
44
9
74
9
44
9
14
14
86
9
64
9
34
9
74
9
44
13
55
17
59
18
30
9
99
9
74
16
28
9
14
9
64
13
55
18
60
9
14
9
14
9
14
9
99
0
30
9
64
9
44
9
64
9
99
9
74
15
87
9
14
9
44
9
94
9
44
15
27
9
94
9
44
9
99
9
34
16
58
9
44
9
74
9
94
0
90
9
99
13
85
14
86
9
99
9
34
9
99
9
44
16
28
9
94
9
64
16
28
9
94
9
99
9
94
9
44
9
64
12
54
9
14
9
74
9
34
0
20
14
56
9
64
9
44
14
56
14
86
9
44
13
25
14
86
14
86
9
94
9
14
9
99
9
14
15
57
16
58
9
74
14
86
14
26
14
86
9
99
9
14
14
86
9
11
18
90
9
64
15
27
9
64
9
14
14
86
9
74
16
88
9
94
9
6
17
59
9
34
9
34
9
14
9
64
9
94
9
44
9
34
4
90
18
30
13
25
9
74
9
94
9
34
9
14
15
87
9
14
15
57
18
30
16
28
9
34
18
60
15
87
9
94
9
94
9
99
9
64
9
44
9
14
17
59
9
94
9
99
9
34
9
34
9
44
9
94
9
99
9
99
9
34
9
64
9
74
16
88
14
26
9
94
9
34
9
74
9
14
9
74
15
27
9
94
9
34
9
99
0
80
9
14
9
99
9
64
9
44
17
89
17
89
9
99
9
99
9
14
9
34
12
54
12
54
9
99
9
44
9
74
18
30
9
99
9
94
9
99
13
85
9
74
9
34
9
74
14
26
9
14
9
99
9
67
9
94
9
14
9
34
9
46
14
26
14
86
9
44
9
64
14
26
12
84
9
34
14
56
9
44
15
27
9
74
9
44
13
85
9
14
14
86
14
86
9
99
9
44
9
44
9
14
9
14
13
55
16
28
9
99
9
34
9
99
9
34
9
99
9
44
18
60
9
94
13
55
9
14
9
14
9
14
9
94
9
64
9
94
14
86
14
26
9
94
15
87
9
99
14
56
17
59
9
99
9
74
9
74
9
99
9
14
9
74
9
94
9
34
15
57
17
82
14
56
9
74
14
26
9
14
9
34
9
44
9
34
9
14
9
99
16
88
9
74
9
14
1
11
14
56
9
74
9
44
0
0
15
27
15
87
9
74
9
64
9
14
18
90
9
14
13
55
16
58
9
14
18
90
9
99
9
14
9
14
16
28
12
54
9
74
16
58
9
44
9
64
16
88
13
25
9
74
9
94
9
99
9
99
9
57
9
99
9
44
9
94
9
14
15
57
9
34
9
34
9
14
9
64
9
44
15
27
16
82
9
34
9
44
9
74
18
30
17
59
9
74
17
89
0
0
9
14
9
94
9
74
9
74
9
74
9
34
14
56
1
89
9
64
9
94
9
44
9
34
4
39
1
45
15
87
9
99
9
14
14
86
14
86
9
94
9
14
3
19
14
56
9
64
9
44
14
26
14
56
9
74
9
44
17
89
9
99
9
44
0
20
9
74
9
94
12
84
17
59
9
44
9
48
9
99
15
87
9
94
9
8
9
44
9
44
14
56
14
26
15
27
9
74
17
29
9
8
9
44
9
74
9
14
9
14
9
99
9
44
17
29
9
99
9
34
0
60
9
44
9
74
9
64
9
14
9
64
15
87
15
22
2
59
12
54
9
74
9
14
9
94
15
27
9
64
9
34
9
14
9
44
9
34
16
58
9
74
9
34
9
63
9
94
9
99
9
64
14
56
14
26
16
88
9
94
9
64
9
44
13
25
16
88
9
14
9
34
9
31
15
57
9
99
9
99
9
94
9
44
9
34
12
24
9
44
9
34
14
86
9
34
2
29
9
94
9
94
9
74
15
57
9
99
9
14
9
6
9
74
9
44
9
44
17
89
16
88
9
94
9
78
9
64
9
74
14
56
15
27
17
59
9
99
9
14
18
30
9
34
9
64
17
29
9
99
9
34
9
14
9
74
9
14
14
56
9
44
9
94
9
14
9
94
9
44
9
99
15
87
9
94
17
89
9
14
9
99
9
99
15
27
9
94
9
64
9
94
12
84
13
85
9
64
9
14
9
94
17
89
9
34
15
57
15
57
9
94
9
94
14
26
18
90
9
44
9
34
9
44
9
94
17
89
9
34
14
26
9
14
14
86
17
89
12
54
9
74
4
10
9
99
9
14
9
34
9
14
17
29
9
64
9
99
9
64
9
34
16
58
17
29
9
94
9
34
1
59
9
74
14
86
9
74
9
94
9
99
16
58
16
88
9
64
9
34
9
34
9
14
9
34
9
14
9
99
4
79
14
56
9
74
16
88
17
89
9
99
9
64
17
59
0
10
13
25
14
86
9
99
16
88
9
48
18
60
9
74
9
99
2
9
9
64
9
64
9
44
9
14
9
64
1
69
9
99
9
44
9
13
9
14
9
14
9
99
9
74
0
70
17
89
9
14
9
64
15
27
9
44
9
44
18
60
9
14
0
0
9
94
9
94
9
34
13
25
9
99
14
86
9
14
9
44
18
90
15
57
9
34
9
44
9
94
9
44
9
74
18
90
9
74
9
14
9
64
9
28
14
86
9
34
12
54
4
39
9
74
9
99
9
64
0
44
9
34
9
34
9
34
9
99
9
64
9
99
9
64
9
86
9
94
9
94
9
99
16
88
9
94
9
34
16
88
14
26
16
88
9
99
0
37
14
56
9
99
9
64
12
84
14
56
9
64
17
89
9
64
9
94
9
94
14
86
13
55
9
64
9
99
9
64
9
44
16
28
17
59
9
74
9
99
9
99
9
99
15
27
9
14
9
14
9
99
13
85
16
88
9
94
9
44
9
99
9
14
9
99
9
62
9
94
16
28
9
94
9
34
9
74
16
88
3
89
13
25
9
64
15
87
0
90
9
44
9
99
1
9
14
26
9
14
9
74
9
34
1
29
9
99
9
27
9
99
9
64
18
60
9
74
9
34
9
74
9
34
9
99
9
34
9
44
9
44
16
58
8
35
9
99
14
56
9
99
9
74
9
44
9
99
9
99
9
99
9
14
9
44
9
94
9
14
9
99
14
56
9
86
17
29
9
31
14
26
9
34
9
64
17
89
9
14
9
6
9
44
13
55
9
74
15
57
9
94
15
27
2
99
9
99
9
44
15
87
9
74
9
74
9
99
9
99
17
29
9
74
0
70
9
64
9
99
9
99
15
87
9
99
9
64
15
27
15
57
9
74
9
14
9
14
9
99
15
27
4
68
9
74
9
44
9
94
9
94
8
5
9
94
9
44
14
56
9
64
9
14
9
99
14
26
9
34
4
89
9
94
18
90
9
6
17
29
9
34
9
27
14
26
9
99
12
24
9
34
8
15
9
64
9
99
9
14
9
94
9
94
9
34
9
74
9
74
9
13
9
64
9
74
9
99
13
25
14
26
0
80
17
59
9
94
18
30
15
87
9
14
9
74
9
34
9
14
9
34
9
64
14
26
9
73
9
99
15
57
9
44
17
29
12
24
0
90
9
94
14
86
14
56
9
86
9
34
9
14
9
64
1
69
9
99
9
74
18
30
9
74
9
14
9
74
9
14
9
44
9
64
9
14
9
14
9
99
9
74
9
34
1
79
9
99
13
55
16
58
9
14
13
55
9
64
18
60
9
44
9
99
9
64
9
14
9
64
9
14
9
34
9
44
14
56
17
29
0
10
15
87
9
64
9
34
9
99
9
74
9
32
15
27
9
64
12
24
9
44
15
87
9
64
9
94
14
26
9
44
9
34
15
27
17
29
0
60
9
64
0
20
9
44
9
12
9
13
9
64
9
34
9
34
9
64
9
68
16
88
9
14
8
85
9
34
9
14
9
94
9
74
15
22
14
56
12
84
0
60
9
99
0
90
9
94
16
88
12
84
15
87
18
90
9
14
9
44
9
99
9
64
9
74
9
34
9
34
13
85
2
71
2
40
9
14
9
38
9
74
9
34
9
74
9
67
18
90
16
58
9
44
9
64
9
34
9
94
9
64
16
88
14
56
9
99
9
34
9
14
9
94
9
44
9
64
9
94
9
14
9
14
9
74
9
98
9
64
17
29
9
14
14
26
9
44
9
99
18
60
14
86
1
89
9
94
9
99
9
99
9
74
9
94
0
80
13
85
9
94
9
34
16
58
9
99
9
34
9
14
9
94
9
99
9
64
15
57
9
44
9
34
12
84
9
94
9
44
4
24
15
27
9
44
9
14
9
64
9
44
9
16
2
49
12
84
1
9
9
44
16
58
9
99
13
85
14
86
9
44
14
26
9
74
9
99
0
63
9
14
