9
51
6
19
8
99
8
70
9
81
0
20
8
80
6
89
6
99
8
28
9
19
8
68
9
91
7
49
9
59
8
80
10
22
7
19
7
69
6
19
8
17
9
98
9
81
8
86
6
89
6
79
9
77
9
50
6
19
9
72
7
89
10
22
9
8
6
69
9
77
7
59
9
69
8
19
9
62
8
69
6
76
9
11
9
51
8
86
7
79
7
39
9
67
6
37
9
11
6
79
9
61
9
32
8
66
9
42
8
47
9
51
10
22
9
98
9
71
8
20
7
6
8
60
9
47
10
52
9
12
8
10
9
12
6
99
0
30
9
57
8
38
8
60
6
99
8
70
7
79
8
10
8
40
9
89
8
37
9
19
9
90
9
41
9
98
6
26
8
50
8
38
6
69
7
89
0
90
9
97
8
77
6
79
7
99
7
27
7
99
9
41
9
20
8
90
7
57
8
20
9
90
9
97
8
90
9
39
6
56
8
46
7
9
8
70
7
28
0
20
9
48
9
59
7
39
8
48
6
79
9
41
9
17
6
79
6
79
9
87
8
10
8
99
6
9
9
49
8
50
7
69
6
78
6
19
6
78
8
96
8
10
9
78
9
11
10
82
9
61
7
19
8
57
6
9
8
78
8
66
8
80
7
86
6
6
9
51
9
27
9
30
7
9
7
59
6
89
9
41
9
30
4
90
10
22
8
17
6
69
6
89
9
29
7
6
9
79
9
12
7
49
10
22
8
20
7
29
10
52
7
79
7
88
8
87
8
99
6
59
7
38
9
7
9
51
8
90
8
96
9
30
6
29
8
36
8
89
7
97
8
99
7
29
8
60
6
69
8
80
9
18
7
87
8
30
6
69
7
8
8
70
7
19
9
90
9
30
7
99
0
80
9
12
8
99
9
62
6
37
9
81
9
81
6
97
9
99
9
11
6
26
8
46
7
46
7
96
9
39
8
70
10
22
7
99
7
89
9
99
8
77
8
68
7
29
8
70
6
18
9
12
6
99
9
67
9
91
7
9
9
30
9
46
6
19
6
79
9
37
9
62
8
18
8
76
9
30
6
49
6
36
9
19
7
69
7
39
9
77
7
9
6
79
9
78
6
99
9
37
9
39
8
10
6
9
7
47
9
20
8
99
7
26
9
99
8
29
6
96
8
37
10
52
9
89
8
47
7
9
8
6
9
11
8
89
8
58
8
90
6
79
9
18
8
90
9
79
9
99
8
48
9
51
7
97
7
69
8
68
8
96
9
12
8
70
6
89
8
27
9
49
9
83
9
48
9
72
7
18
8
10
8
29
9
40
8
30
9
8
9
99
8
80
9
71
8
10
1
11
6
49
7
69
9
40
0
0
7
19
7
79
7
69
9
62
6
7
10
82
9
8
7
47
8
50
6
8
10
82
6
99
9
11
6
7
8
20
8
46
7
69
8
50
8
40
9
62
8
80
9
17
9
70
9
91
6
97
7
96
8
57
9
99
7
39
9
90
8
10
7
49
6
29
6
29
9
11
6
58
6
39
7
19
8
82
9
32
6
39
9
67
10
22
9
51
7
69
9
81
0
0
7
6
9
91
7
69
6
69
6
69
7
29
6
49
1
86
6
59
6
89
9
39
9
31
4
39
1
45
7
79
7
97
8
10
9
78
6
79
9
92
8
10
3
17
6
48
7
57
9
40
9
18
9
48
7
69
9
42
9
81
7
99
6
39
0
20
6
66
8
90
8
76
9
51
6
39
9
48
6
99
9
79
9
88
6
8
7
39
7
39
6
49
6
19
8
19
7
69
9
21
6
8
9
38
9
68
8
6
8
10
6
96
8
40
9
21
9
99
8
30
0
60
7
39
9
72
9
62
9
8
9
62
9
79
7
23
2
58
8
46
8
66
9
14
9
88
7
19
8
58
9
30
9
12
9
41
8
26
8
50
6
69
8
30
9
63
9
92
7
99
6
59
6
49
8
18
8
80
9
92
9
59
6
39
7
17
9
80
6
9
6
26
9
31
7
49
7
98
8
99
8
90
7
39
9
31
6
16
9
40
8
26
6
79
8
26
2
29
8
90
8
90
6
69
7
49
9
97
9
12
6
11
9
71
6
38
7
39
9
81
9
80
6
89
6
78
6
59
7
66
6
49
7
19
9
51
8
99
9
12
10
22
7
29
9
61
9
21
9
99
9
32
7
9
8
69
9
9
6
48
9
41
6
89
6
9
8
89
8
39
8
99
7
79
8
86
9
81
9
12
9
97
7
96
7
19
7
88
9
60
8
88
8
76
8
77
8
59
9
8
8
86
9
81
8
30
9
49
7
49
6
89
7
88
9
18
10
82
6
39
9
32
7
38
7
89
9
81
8
30
6
19
9
12
6
79
9
81
8
46
8
70
4
10
7
97
8
6
9
28
8
10
9
21
9
61
7
96
6
59
9
30
8
50
9
21
9
92
9
31
1
57
6
69
6
79
9
72
6
89
8
99
8
50
8
80
7
59
8
26
8
26
9
7
7
27
9
11
9
99
4
79
6
49
6
69
9
80
9
81
7
99
7
59
9
51
0
10
9
17
6
79
8
96
8
80
8
48
10
52
8
70
9
99
2
9
6
57
8
60
9
42
6
9
9
60
1
69
6
99
6
37
7
13
7
9
9
11
9
99
7
69
0
70
9
81
8
10
8
56
7
19
9
42
9
39
10
52
9
12
0
0
6
89
9
92
9
32
6
17
7
97
9
78
9
9
9
40
10
82
7
49
8
30
6
38
6
89
6
38
9
68
10
82
9
72
9
9
6
59
7
28
6
79
9
28
8
46
4
37
7
69
8
97
6
59
0
44
8
26
6
29
6
29
9
99
8
60
9
99
9
57
8
86
9
90
8
90
7
99
8
80
9
89
6
27
9
80
6
19
9
80
7
98
0
37
6
49
8
99
8
60
6
76
6
49
9
60
9
81
8
59
6
89
6
89
6
78
9
47
9
60
9
99
7
59
9
40
8
20
9
51
9
71
7
99
8
99
9
99
7
19
6
7
6
9
7
99
6
77
8
80
9
87
7
38
7
99
7
9
9
98
8
62
9
87
8
20
6
89
8
30
9
72
8
80
3
89
7
17
7
59
7
79
0
90
6
39
8
99
1
9
6
19
8
10
9
68
6
29
1
29
6
99
6
27
9
99
6
56
10
52
8
70
8
26
9
69
9
32
7
96
9
31
7
39
9
41
8
50
6
35
8
98
6
49
9
99
9
67
8
40
7
97
8
97
9
99
6
9
9
41
9
90
9
12
8
99
6
49
9
92
9
21
9
31
9
18
6
29
8
60
9
81
6
9
6
14
9
37
6
47
9
72
7
49
6
89
7
19
2
96
6
99
8
40
7
79
8
70
6
69
9
97
6
99
9
21
9
72
0
70
7
59
6
99
6
99
7
79
9
99
8
60
7
19
7
49
7
66
9
12
8
10
6
99
7
19
4
68
9
71
6
39
9
91
9
91
8
5
7
89
7
39
6
48
9
57
7
8
6
98
8
18
9
28
4
89
8
90
10
82
9
6
9
21
8
27
9
27
6
19
9
99
6
16
8
30
8
15
8
60
9
97
7
9
6
89
7
89
9
31
9
71
9
71
7
14
7
59
6
68
7
99
8
17
8
18
0
80
9
51
9
88
10
22
7
79
8
7
9
69
9
32
8
10
9
31
8
58
6
19
9
73
9
99
7
49
9
40
9
21
8
16
0
90
9
91
8
78
8
48
7
86
8
26
8
10
7
59
1
67
6
99
9
70
10
22
8
66
9
12
8
70
6
9
7
36
6
59
7
9
9
11
9
97
9
72
9
30
1
76
6
99
9
47
8
50
9
11
9
47
6
59
10
52
6
39
8
99
7
59
8
10
9
61
6
7
9
32
7
37
9
48
9
21
0
10
7
79
7
59
7
29
6
98
9
71
6
32
7
19
8
60
6
16
7
39
7
79
9
60
9
92
6
19
6
39
9
31
7
19
9
21
0
60
7
59
0
20
8
40
6
12
8
14
9
57
7
29
9
27
8
60
9
68
8
80
8
6
8
85
9
31
7
8
8
90
6
69
7
22
9
48
8
76
0
60
9
99
0
90
8
90
8
80
7
76
8
79
10
82
7
6
6
39
7
99
8
60
8
67
8
30
6
29
6
77
2
71
2
40
9
10
7
38
6
67
9
28
8
67
7
67
10
82
8
50
9
40
8
60
8
30
9
91
7
59
9
80
6
48
9
99
6
29
8
6
6
87
7
39
8
58
8
86
6
8
8
9
7
69
9
98
9
61
9
21
8
7
6
18
7
38
7
99
10
52
6
79
1
89
6
89
6
99
9
97
9
72
9
91
0
80
9
77
7
89
6
26
8
50
9
99
7
29
6
9
8
90
8
99
6
59
7
49
9
42
8
30
8
76
9
88
9
39
4
24
7
19
9
41
7
8
9
62
8
38
8
16
2
49
6
76
1
9
9
42
8
50
9
99
6
77
6
78
9
42
8
18
6
69
8
97
0
63
6
6
