4
45
0
14
2
94
2
68
3
77
0
20
2
78
0
85
0
95
2
22
4
13
2
62
3
85
1
46
4
53
2
74
4
17
1
16
1
69
0
18
2
11
3
92
3
79
3
80
0
89
0
73
3
71
4
44
0
14
4
66
1
84
4
17
4
2
0
69
4
71
1
55
4
63
2
13
4
59
2
63
1
70
3
5
3
49
3
80
1
73
1
35
4
61
0
31
4
5
0
73
3
58
4
27
4
60
4
37
2
41
3
47
4
19
4
92
3
67
2
17
2
0
2
57
3
41
4
48
4
8
2
9
4
9
0
98
0
30
4
51
2
32
2
59
0
93
2
66
1
75
2
4
2
36
4
83
2
31
4
13
4
84
4
35
3
92
1
20
2
49
2
32
0
63
1
83
0
90
3
91
2
71
0
76
1
98
1
21
1
94
4
35
3
14
2
88
1
51
2
19
4
84
4
91
2
84
4
33
1
50
3
40
1
9
2
64
1
22
0
20
4
42
4
53
1
34
2
42
0
78
3
37
4
11
0
79
0
75
3
81
2
6
2
94
0
4
3
43
2
44
1
69
0
72
0
18
0
72
3
90
2
7
3
72
4
11
4
79
3
56
1
17
2
51
0
4
2
72
4
60
2
76
2
80
0
6
3
47
3
21
3
24
1
7
1
54
0
88
3
37
3
24
4
90
4
17
2
11
0
69
0
88
3
23
2
0
4
73
4
8
1
48
4
19
2
18
1
23
4
46
1
76
1
82
2
81
2
95
0
54
1
32
4
1
3
49
2
87
4
90
4
24
0
27
3
30
2
83
1
91
2
98
1
28
2
58
0
63
2
77
4
12
1
81
2
29
0
64
1
2
2
66
1
16
4
84
3
24
1
96
0
80
4
7
2
99
4
58
0
31
3
75
4
75
0
91
4
98
3
8
1
20
4
40
2
40
2
90
4
33
2
66
4
16
1
95
1
87
4
94
2
71
2
62
1
26
2
67
0
12
4
9
0
93
4
67
3
85
1
6
4
24
4
46
0
19
0
77
3
31
4
56
2
12
3
70
4
24
0
44
1
30
4
13
1
65
1
33
3
71
1
5
0
79
4
72
0
97
4
31
4
33
2
9
0
8
1
41
3
14
2
93
2
20
3
94
2
23
1
90
2
31
4
47
4
83
2
41
1
7
4
0
3
5
2
83
2
52
2
89
0
78
4
12
2
84
4
73
4
93
2
42
3
47
1
91
1
64
2
62
4
90
4
9
2
68
0
86
2
21
4
43
3
84
3
42
4
69
1
12
2
9
2
23
3
34
2
28
3
2
3
93
2
75
3
68
2
7
0
11
0
49
1
65
4
34
0
0
1
17
1
78
1
64
4
56
0
1
4
79
4
2
1
41
2
45
0
2
4
79
0
99
3
6
0
1
2
18
4
40
1
69
2
47
2
38
4
57
2
75
3
11
3
64
3
86
0
91
2
90
2
57
3
96
1
35
4
84
2
9
1
45
0
26
0
27
4
5
0
52
0
39
1
19
2
82
4
27
0
35
3
61
4
18
3
46
1
68
3
77
0
0
2
0
3
88
1
63
0
68
0
65
1
29
0
45
1
80
0
59
0
83
4
33
3
28
4
37
0
45
1
75
1
91
2
8
3
72
0
78
4
87
2
8
3
11
0
42
1
51
3
34
4
12
3
42
1
63
4
38
3
78
1
99
0
39
0
20
1
60
2
84
3
70
3
45
0
35
4
49
0
95
3
73
4
82
0
9
1
35
1
34
0
45
0
19
2
13
1
65
3
15
0
9
4
32
3
62
4
0
2
5
1
90
2
34
3
18
4
97
2
26
0
60
1
35
4
66
4
59
4
2
4
58
3
73
1
23
2
52
3
40
3
60
3
14
4
82
1
17
2
52
4
24
4
6
3
39
4
20
2
49
0
66
2
29
3
64
4
87
1
98
0
54
0
45
2
12
2
76
4
86
3
53
0
39
1
11
4
74
0
7
1
20
4
31
1
47
1
92
2
96
2
84
1
37
4
25
1
10
4
34
3
20
0
79
4
20
2
26
2
88
2
89
0
69
1
44
3
91
4
6
0
12
3
65
0
32
1
37
3
79
3
74
0
85
0
79
0
58
2
60
0
46
1
13
4
45
2
97
4
9
4
18
1
26
3
58
3
19
4
97
4
29
1
7
2
63
3
3
0
42
3
38
0
84
0
9
2
83
2
33
2
98
1
79
4
80
3
78
4
7
4
91
2
90
1
15
1
82
3
54
2
82
3
70
2
71
2
53
3
2
3
80
3
79
2
24
3
43
1
44
0
86
1
82
3
12
4
76
0
38
4
29
1
32
1
83
3
77
2
29
0
18
4
8
0
74
3
78
3
40
2
65
4
10
1
91
4
0
3
22
2
8
3
16
3
55
2
90
0
53
4
24
2
46
4
15
4
88
3
25
0
51
0
66
0
79
4
69
0
87
2
95
2
49
2
78
1
57
3
20
4
20
4
1
1
21
3
7
4
95
4
74
0
46
0
66
3
74
3
79
1
99
1
59
3
48
0
10
3
11
0
77
3
90
2
76
2
48
4
49
2
68
3
96
2
5
0
51
2
58
4
37
0
6
3
54
1
65
0
96
0
31
1
13
1
6
3
8
4
95
1
67
0
70
3
77
2
6
3
50
1
16
4
38
4
33
4
47
4
6
0
0
0
87
4
86
4
26
0
11
1
91
4
72
3
3
3
34
4
77
1
48
2
26
0
32
0
88
0
32
4
62
4
78
4
66
4
3
0
54
1
28
0
77
3
22
3
40
4
31
1
66
2
91
0
56
0
44
3
20
0
25
0
25
4
95
2
59
3
97
4
51
2
86
3
84
2
89
1
96
2
79
3
83
0
21
3
74
0
14
3
74
1
92
0
37
0
47
2
93
2
55
1
70
0
48
4
54
3
75
2
53
0
88
0
89
0
72
4
41
4
54
3
93
1
58
3
34
2
15
3
47
3
67
1
99
2
97
3
99
1
17
0
1
0
8
1
98
0
71
2
75
3
81
1
32
1
94
1
5
4
92
2
62
4
81
2
19
0
88
2
28
4
67
2
79
3
85
1
11
1
57
1
79
0
90
0
33
2
97
0
7
0
19
2
5
4
62
0
26
0
25
0
93
0
27
3
94
1
50
4
49
2
66
3
20
4
63
4
26
2
90
3
28
1
35
3
39
2
48
0
35
2
92
0
48
3
96
3
61
2
36
1
91
2
91
4
94
0
6
3
35
3
84
4
9
2
94
0
47
3
98
3
17
4
31
3
12
0
28
2
55
3
75
0
4
1
20
3
31
0
41
4
67
1
48
0
87
1
19
2
90
0
96
2
37
1
75
2
66
0
67
4
91
0
95
4
15
4
68
0
70
1
55
0
96
0
96
1
76
3
96
2
58
1
13
1
44
2
60
4
8
2
7
0
93
1
17
4
68
4
65
0
35
3
87
3
85
2
5
1
83
1
38
0
42
4
51
1
2
0
92
2
12
3
22
4
87
2
88
4
77
4
6
3
15
2
21
4
27
0
14
3
96
1
10
2
24
3
15
2
54
3
91
1
9
0
83
1
87
3
25
4
65
3
68
1
14
1
59
0
62
1
97
2
11
2
12
0
80
3
49
4
82
4
17
1
76
2
1
3
63
4
26
2
6
4
25
2
52
0
13
4
73
4
98
1
49
3
34
3
17
4
10
0
90
3
89
2
72
2
42
1
86
4
20
2
8
1
59
0
61
0
96
4
64
4
17
3
60
4
9
2
67
0
3
2
30
0
53
1
8
3
7
3
91
4
69
3
24
2
70
0
99
4
41
2
47
3
8
3
41
0
55
4
49
0
38
2
96
1
59
2
7
3
56
0
1
4
29
1
31
3
42
3
15
0
10
1
79
1
54
1
28
0
92
3
69
0
32
1
19
2
56
1
10
1
37
1
79
4
54
4
87
0
16
0
37
3
27
1
14
3
17
0
60
1
56
0
20
2
34
0
12
2
14
3
51
1
29
3
21
2
59
3
69
2
74
3
0
3
85
3
27
1
2
2
85
0
67
1
22
4
42
4
70
0
60
4
93
0
90
2
85
2
76
2
70
2
73
4
78
2
0
0
38
1
94
2
56
2
61
2
29
0
29
0
71
2
70
2
40
3
4
1
39
0
61
3
22
2
61
1
67
4
79
2
44
3
34
2
59
2
28
3
88
1
59
4
74
0
42
4
95
0
28
4
0
0
81
1
39
2
52
4
80
0
2
2
3
1
64
4
99
3
57
3
18
2
1
0
12
1
32
1
99
4
49
0
78
1
84
0
85
0
96
4
91
4
67
4
85
0
80
4
71
1
85
1
20
2
48
3
99
1
23
0
5
2
88
2
99
0
58
1
43
4
39
2
27
4
70
3
82
4
33
4
24
1
17
4
35
1
2
4
56
2
32
2
16
2
48
1
70
1
4
4
36
2
45
3
93
0
71
0
72
4
37
2
12
0
63
2
91
0
63
1
0
