19
63
18
30
9
99
9
74
19
93
0
20
19
92
9
94
9
99
9
34
19
31
9
74
9
94
19
61
9
64
19
92
19
34
19
31
9
74
18
30
17
29
9
99
19
93
9
94
9
94
18
90
17
89
19
62
18
30
9
74
9
94
19
34
9
14
9
74
17
89
9
64
9
74
19
31
9
64
9
74
16
88
9
14
19
63
9
94
19
91
9
44
9
74
9
44
9
14
18
90
9
64
9
34
9
74
9
44
17
59
19
63
19
34
9
99
9
74
19
32
9
14
9
64
17
59
19
64
9
14
9
14
9
14
9
99
0
30
9
64
9
44
9
64
9
99
9
74
19
91
9
14
9
44
9
94
9
44
19
31
9
94
9
44
9
99
9
34
19
62
9
44
9
74
9
94
0
90
9
99
17
89
18
90
9
99
9
34
9
99
9
44
19
32
9
94
9
64
19
32
9
94
9
99
9
94
9
44
9
64
16
58
9
14
9
74
9
34
0
20
18
60
9
64
9
44
18
60
18
90
9
44
17
29
18
90
18
90
9
94
9
14
9
99
9
14
19
61
19
62
9
74
18
90
18
30
18
90
9
99
9
14
18
90
9
11
19
94
9
64
19
31
9
64
9
14
18
90
9
74
19
92
9
94
9
6
19
63
9
34
9
34
9
14
9
64
9
94
9
44
9
34
4
90
19
34
17
29
9
74
9
94
9
34
9
14
19
91
9
14
19
61
19
34
19
32
9
34
19
64
19
91
9
94
9
94
9
99
9
64
9
44
9
14
19
63
9
94
9
99
9
34
9
34
9
44
9
94
9
99
9
99
9
34
9
64
9
74
19
92
18
30
9
94
9
34
9
74
9
14
9
74
19
31
9
94
9
34
9
99
0
80
9
14
9
99
9
64
9
44
19
93
19
93
9
99
9
99
9
14
9
34
16
58
16
58
9
99
9
44
9
74
19
34
9
99
9
94
9
99
17
89
9
74
9
34
9
74
18
30
9
14
9
99
9
67
9
94
9
14
9
34
9
46
18
30
18
90
9
44
9
64
18
30
16
88
9
34
18
60
9
44
19
31
9
74
9
44
17
89
9
14
18
90
18
90
9
99
9
44
9
44
9
14
9
14
17
59
19
32
9
99
9
34
9
99
9
34
9
99
9
44
19
64
9
94
17
59
9
14
9
14
9
14
9
94
9
64
9
94
18
90
18
30
9
94
19
91
9
99
18
60
19
63
9
99
9
74
9
74
9
99
9
14
9
74
9
94
9
34
19
61
19
82
18
60
9
74
18
30
9
14
9
34
9
44
9
34
9
14
9
99
19
92
9
74
9
14
1
11
18
60
9
74
9
44
0
0
19
31
19
91
9
74
9
64
9
14
19
94
9
14
17
59
19
62
9
14
19
94
9
99
9
14
9
14
19
32
16
58
9
74
19
62
9
44
9
64
19
92
17
29
9
74
9
94
9
99
9
99
9
57
9
99
9
44
9
94
9
14
19
61
9
34
9
34
9
14
9
64
9
44
19
31
19
82
9
34
9
44
9
74
19
34
19
63
9
74
19
93
0
0
9
14
9
94
9
74
9
74
9
74
9
34
18
60
1
89
9
64
9
94
9
44
9
34
4
39
1
45
19
91
9
99
9
14
18
90
18
90
9
94
9
14
3
19
18
60
9
64
9
44
18
30
18
60
9
74
9
44
19
93
9
99
9
44
0
20
9
74
9
94
16
88
19
63
9
44
9
48
9
99
19
91
9
94
9
8
9
44
9
44
18
60
18
30
19
31
9
74
19
33
9
8
9
44
9
74
9
14
9
14
9
99
9
44
19
33
9
99
9
34
0
60
9
44
9
74
9
64
9
14
9
64
19
91
19
22
2
59
16
58
9
74
9
14
9
94
19
31
9
64
9
34
9
14
9
44
9
34
19
62
9
74
9
34
9
63
9
94
9
99
9
64
18
60
18
30
19
92
9
94
9
64
9
44
17
29
19
92
9
14
9
34
9
31
19
61
9
99
9
99
9
94
9
44
9
34
16
28
9
44
9
34
18
90
9
34
2
29
9
94
9
94
9
74
19
61
9
99
9
14
9
6
9
74
9
44
9
44
19
93
19
92
9
94
9
78
9
64
9
74
18
60
19
31
19
63
9
99
9
14
19
34
9
34
9
64
19
33
9
99
9
34
9
14
9
74
9
14
18
60
9
44
9
94
9
14
9
94
9
44
9
99
19
91
9
94
19
93
9
14
9
99
9
99
19
31
9
94
9
64
9
94
16
88
17
89
9
64
9
14
9
94
19
93
9
34
19
61
19
61
9
94
9
94
18
30
19
94
9
44
9
34
9
44
9
94
19
93
9
34
18
30
9
14
18
90
19
93
16
58
9
74
4
10
9
99
9
14
9
34
9
14
19
33
9
64
9
99
9
64
9
34
19
62
19
33
9
94
9
34
1
59
9
74
18
90
9
74
9
94
9
99
19
62
19
92
9
64
9
34
9
34
9
14
9
34
9
14
9
99
4
79
18
60
9
74
19
92
19
93
9
99
9
64
19
63
0
10
17
29
18
90
9
99
19
92
9
48
19
64
9
74
9
99
2
9
9
64
9
64
9
44
9
14
9
64
1
69
9
99
9
44
9
13
9
14
9
14
9
99
9
74
0
70
19
93
9
14
9
64
19
31
9
44
9
44
19
64
9
14
0
0
9
94
9
94
9
34
17
29
9
99
18
90
9
14
9
44
19
94
19
61
9
34
9
44
9
94
9
44
9
74
19
94
9
74
9
14
9
64
9
28
18
90
9
34
16
58
4
39
9
74
9
99
9
64
0
44
9
34
9
34
9
34
9
99
9
64
9
99
9
64
9
86
9
94
9
94
9
99
19
92
9
94
9
34
19
92
18
30
19
92
9
99
0
37
18
60
9
99
9
64
16
88
18
60
9
64
19
93
9
64
9
94
9
94
18
90
17
59
9
64
9
99
9
64
9
44
19
32
19
63
9
74
9
99
9
99
9
99
19
31
9
14
9
14
9
99
17
89
19
92
9
94
9
44
9
99
9
14
9
99
9
62
9
94
19
32
9
94
9
34
9
74
19
92
3
89
17
29
9
64
19
91
0
90
9
44
9
99
1
9
18
30
9
14
9
74
9
34
1
29
9
99
9
27
9
99
9
64
19
64
9
74
9
34
9
74
9
34
9
99
9
34
9
44
9
44
19
62
8
35
9
99
18
60
9
99
9
74
9
44
9
99
9
99
9
99
9
14
9
44
9
94
9
14
9
99
18
60
9
86
19
33
9
31
18
30
9
34
9
64
19
93
9
14
9
6
9
44
17
59
9
74
19
61
9
94
19
31
2
99
9
99
9
44
19
91
9
74
9
74
9
99
9
99
19
33
9
74
0
70
9
64
9
99
9
99
19
91
9
99
9
64
19
31
19
61
9
74
9
14
9
14
9
99
19
31
4
68
9
74
9
44
9
94
9
94
8
5
9
94
9
44
18
60
9
64
9
14
9
99
18
30
9
34
4
89
9
94
19
94
9
6
19
33
9
34
9
27
18
30
9
99
16
28
9
34
8
15
9
64
9
99
9
14
9
94
9
94
9
34
9
74
9
74
9
13
9
64
9
74
9
99
17
29
18
30
0
80
19
63
9
94
19
34
19
91
9
14
9
74
9
34
9
14
9
34
9
64
18
30
9
73
9
99
19
61
9
44
19
33
16
28
0
90
9
94
18
90
18
60
9
86
9
34
9
14
9
64
1
69
9
99
9
74
19
34
9
74
9
14
9
74
9
14
9
44
9
64
9
14
9
14
9
99
9
74
9
34
1
79
9
99
17
59
19
62
9
14
17
59
9
64
19
64
9
44
9
99
9
64
9
14
9
64
9
14
9
34
9
44
18
60
19
33
0
10
19
91
9
64
9
34
9
99
9
74
9
32
19
31
9
64
16
28
9
44
19
91
9
64
9
94
18
30
9
44
9
34
19
31
19
33
0
60
9
64
0
20
9
44
9
12
9
13
9
64
9
34
9
34
9
64
9
68
19
92
9
14
8
85
9
34
9
14
9
94
9
74
19
22
18
60
16
88
0
60
9
99
0
90
9
94
19
92
16
88
19
91
19
94
9
14
9
44
9
99
9
64
9
74
9
34
9
34
17
89
2
71
2
40
9
14
9
38
9
74
9
34
9
74
9
67
19
94
19
62
9
44
9
64
9
34
9
94
9
64
19
92
18
60
9
99
9
34
9
14
9
94
9
44
9
64
9
94
9
14
9
14
9
74
9
98
9
64
19
33
9
14
18
30
9
44
9
99
19
64
18
90
1
89
9
94
9
99
9
99
9
74
9
94
0
80
17
89
9
94
9
34
19
62
9
99
9
34
9
14
9
94
9
99
9
64
19
61
9
44
9
34
16
88
9
94
9
44
4
24
19
31
9
44
9
14
9
64
9
44
9
16
2
49
16
88
1
9
9
44
19
62
9
99
17
89
18
90
9
44
18
30
9
74
9
99
0
63
9
14
