15
57
12
24
9
99
9
74
15
87
0
20
14
86
9
94
9
99
9
34
13
25
9
74
9
94
13
55
9
64
14
86
16
28
13
25
9
74
12
24
11
23
9
99
15
87
9
92
9
94
12
84
11
83
14
56
12
24
9
74
9
94
16
28
9
14
9
74
11
83
9
64
9
74
13
25
9
64
9
74
10
82
9
14
15
57
9
92
13
85
9
44
9
73
9
43
9
14
12
84
9
64
9
34
9
72
9
44
11
53
15
57
16
28
9
99
9
74
14
26
9
12
9
64
11
53
16
58
9
14
9
14
9
14
9
99
0
30
9
63
9
44
9
64
9
99
9
74
13
85
9
14
9
44
9
94
9
43
13
25
9
94
9
44
9
99
9
32
14
56
9
44
9
74
9
94
0
90
9
99
11
83
12
84
9
99
9
33
9
99
9
44
14
26
9
94
9
63
14
26
9
94
9
99
9
94
9
44
9
62
10
52
9
14
9
74
9
34
0
20
12
54
9
64
9
44
12
54
12
84
9
44
11
23
12
84
12
84
9
93
9
14
9
99
9
14
13
55
14
56
9
74
12
84
12
24
12
84
9
99
9
14
12
84
9
11
16
88
9
64
13
25
9
63
9
14
12
84
9
72
14
86
9
92
9
6
15
57
9
33
9
34
9
14
9
64
9
94
9
44
9
34
4
90
16
28
11
23
9
74
9
94
9
34
9
12
13
85
9
14
13
55
16
28
14
26
9
34
16
58
13
85
9
94
9
93
9
99
9
64
9
44
9
13
15
57
9
94
9
99
9
34
9
34
9
42
9
94
9
99
9
99
9
34
9
64
9
74
14
86
12
24
9
93
9
34
9
74
9
14
9
74
13
25
9
94
9
34
9
99
0
80
9
14
9
99
9
64
9
43
15
87
15
87
9
99
9
99
9
14
9
32
10
52
10
52
9
99
9
44
9
74
16
28
9
99
9
94
9
99
11
83
9
74
9
34
9
74
12
24
9
14
9
99
9
67
9
94
9
14
9
34
9
46
12
24
12
84
9
43
9
64
12
24
10
82
9
34
12
54
9
42
13
25
9
74
9
44
11
83
9
14
12
84
12
84
9
99
9
43
9
44
9
14
9
14
11
53
14
26
9
99
9
32
9
99
9
34
9
99
9
43
16
58
9
94
11
53
9
14
9
12
9
14
9
94
9
64
9
94
12
84
12
24
9
94
13
85
9
99
12
54
15
57
9
99
9
74
9
74
9
99
9
14
9
74
9
94
9
33
13
55
15
82
12
54
9
74
12
24
9
14
9
34
9
44
9
34
9
14
9
99
14
86
9
74
9
14
1
11
12
54
9
74
9
44
0
0
13
25
13
85
9
74
9
64
9
13
16
88
9
14
11
53
14
56
9
14
16
88
9
99
9
14
9
13
14
26
10
52
9
74
14
56
9
44
9
64
14
86
11
23
9
74
9
94
9
99
9
99
9
57
9
99
9
44
9
94
9
14
13
55
9
34
9
34
9
14
9
64
9
44
13
25
14
82
9
34
9
44
9
73
16
28
15
57
9
74
15
87
0
0
9
12
9
94
9
74
9
74
9
74
9
34
12
54
1
89
9
64
9
94
9
44
9
34
4
39
1
45
13
85
9
99
9
14
12
84
12
84
9
94
9
14
3
19
12
54
9
63
9
44
12
24
12
54
9
74
9
44
15
87
9
99
9
44
0
20
9
72
9
94
10
82
15
57
9
44
9
48
9
99
13
85
9
94
9
8
9
44
9
44
12
54
12
24
13
25
9
74
15
27
9
8
9
44
9
74
9
12
9
14
9
99
9
44
15
27
9
99
9
34
0
60
9
44
9
74
9
64
9
14
9
64
13
85
13
22
2
59
10
52
9
72
9
14
9
94
13
25
9
64
9
34
9
14
9
44
9
32
14
56
9
74
9
34
9
63
9
94
9
99
9
64
12
54
12
24
14
86
9
94
9
64
9
44
11
23
14
86
9
14
9
32
9
31
13
55
9
99
9
99
9
94
9
44
9
34
10
22
9
44
9
32
12
84
9
32
2
29
9
94
9
94
9
74
13
55
9
99
9
14
9
6
9
74
9
44
9
44
15
87
14
86
9
94
9
78
9
64
9
72
12
54
13
25
15
57
9
99
9
14
16
28
9
34
9
64
15
27
9
99
9
34
9
14
9
74
9
14
12
54
9
44
9
94
9
14
9
94
9
44
9
99
13
85
9
92
15
87
9
14
9
99
9
99
13
25
9
94
9
64
9
94
10
82
11
83
9
64
9
14
9
92
15
87
9
34
13
55
13
55
9
94
9
94
12
24
16
88
9
44
9
34
9
44
9
94
15
87
9
34
12
24
9
14
12
84
15
87
10
52
9
74
4
10
9
99
9
12
9
34
9
14
15
27
9
64
9
99
9
64
9
34
14
56
15
27
9
94
9
34
1
59
9
74
12
84
9
74
9
94
9
99
14
56
14
86
9
64
9
32
9
32
9
13
9
33
9
14
9
99
4
79
12
54
9
74
14
86
15
87
9
99
9
64
15
57
0
10
11
23
12
84
9
99
14
86
9
48
16
58
9
74
9
99
2
9
9
63
9
64
9
44
9
14
9
64
1
69
9
99
9
43
9
13
9
14
9
14
9
99
9
74
0
70
15
87
9
14
9
62
13
25
9
44
9
44
16
58
9
14
0
0
9
94
9
94
9
34
11
23
9
99
12
84
9
14
9
44
16
88
13
55
9
34
9
44
9
94
9
44
9
74
16
88
9
74
9
14
9
64
9
28
12
84
9
34
10
52
4
39
9
74
9
99
9
64
0
44
9
32
9
34
9
34
9
99
9
64
9
99
9
63
9
86
9
94
9
94
9
99
14
86
9
94
9
33
14
86
12
24
14
86
9
99
0
37
12
54
9
99
9
64
10
82
12
54
9
64
15
87
9
64
9
94
9
94
12
84
11
53
9
64
9
99
9
64
9
44
14
26
15
57
9
74
9
99
9
99
9
99
13
25
9
13
9
14
9
99
11
83
14
86
9
93
9
44
9
99
9
14
9
99
9
62
9
93
14
26
9
94
9
34
9
74
14
86
3
89
11
23
9
64
13
85
0
90
9
44
9
99
1
9
12
24
9
14
9
74
9
34
1
29
9
99
9
27
9
99
9
62
16
58
9
74
9
32
9
74
9
34
9
99
9
34
9
44
9
44
14
56
8
35
9
99
12
54
9
99
9
73
9
44
9
99
9
99
9
99
9
14
9
44
9
94
9
14
9
99
12
54
9
86
15
27
9
31
12
24
9
34
9
64
15
87
9
14
9
8
9
43
11
53
9
74
13
55
9
94
13
25
2
99
9
99
9
44
13
85
9
74
9
74
9
99
9
99
15
27
9
74
0
70
9
64
9
99
9
99
13
85
9
99
9
64
13
25
13
55
9
72
9
14
9
14
9
99
13
25
4
68
9
74
9
44
9
94
9
94
8
5
9
94
9
44
12
54
9
63
9
14
9
99
12
24
9
34
4
89
9
94
16
88
9
6
15
27
9
33
9
27
12
24
9
99
10
22
9
34
8
15
9
64
9
99
9
14
9
94
9
94
9
34
9
74
9
74
9
13
9
64
9
74
9
99
11
23
12
24
0
80
15
57
9
94
16
28
13
85
9
13
9
74
9
34
9
14
9
34
9
64
12
24
9
73
9
99
13
55
9
44
15
27
10
22
0
90
9
94
12
84
12
54
9
86
9
32
9
14
9
64
1
69
9
99
9
74
16
28
9
72
9
14
9
74
9
14
9
42
9
64
9
14
9
14
9
99
9
74
9
34
1
79
9
99
11
53
14
56
9
14
11
53
9
64
16
58
9
44
9
99
9
64
9
14
9
64
9
13
9
34
9
43
12
54
15
27
0
10
13
85
9
64
9
34
9
99
9
74
9
32
13
25
9
64
10
22
9
44
13
85
9
64
9
94
12
24
9
44
9
34
13
25
15
27
0
60
9
64
0
20
9
44
9
12
9
13
9
63
9
34
9
33
9
64
9
68
14
86
9
12
8
85
9
34
9
14
9
94
9
74
13
22
12
54
10
82
0
60
9
99
0
90
9
94
14
86
10
82
13
85
16
88
9
12
9
44
9
99
9
64
9
73
9
34
9
34
11
83
2
71
2
40
9
14
9
38
9
73
9
34
9
73
9
67
16
88
14
56
9
44
9
64
9
34
9
94
9
64
14
86
12
54
9
99
9
34
9
12
9
93
9
44
9
64
9
92
9
14
9
14
9
74
9
98
9
64
15
27
9
13
12
24
9
44
9
99
16
58
12
84
1
89
9
94
9
99
9
99
9
74
9
94
0
80
11
83
9
94
9
32
14
56
9
99
9
34
9
14
9
94
9
99
9
64
13
55
9
44
9
34
10
82
9
94
9
44
4
24
13
25
9
44
9
14
9
64
9
44
9
16
2
49
10
82
1
9
9
44
14
56
9
99
11
83
12
84
9
44
12
24
9
74
9
99
0
63
9
12
