6
47
2
16
4
96
4
69
5
79
0
20
4
79
2
87
2
97
4
24
6
15
4
64
5
87
3
48
6
55
4
76
6
19
3
18
3
69
2
19
4
13
5
94
5
79
4
82
2
89
2
75
5
73
6
46
2
16
6
68
3
86
6
19
6
4
2
69
6
73
3
57
6
65
4
15
6
59
4
65
2
72
5
7
5
49
4
82
3
75
3
37
6
63
2
33
6
7
2
75
5
59
6
29
5
62
6
39
4
43
5
49
6
19
6
94
5
69
4
19
3
2
4
59
5
43
6
49
6
9
4
9
6
9
2
99
0
30
6
53
4
34
4
59
2
95
4
68
3
77
4
6
4
38
6
85
4
33
6
15
6
86
6
37
5
94
2
22
4
49
4
34
2
65
3
85
0
90
5
93
4
73
2
78
3
99
3
23
3
96
6
37
5
16
4
89
3
53
4
19
6
86
6
93
4
86
6
35
2
52
4
42
3
9
4
66
3
24
0
20
6
44
6
55
3
36
4
44
2
79
5
39
6
13
2
79
2
77
5
83
4
8
4
96
2
6
5
45
4
46
3
69
2
74
2
19
2
74
4
92
4
9
5
74
6
11
6
79
5
58
3
19
4
53
2
6
4
74
5
62
4
78
3
82
2
6
5
49
5
23
5
26
3
9
3
56
2
89
5
39
5
26
4
90
6
19
4
13
2
69
2
89
5
25
3
2
6
75
6
9
3
49
6
19
4
19
3
25
6
48
3
78
3
84
4
83
4
97
2
56
3
34
6
3
5
49
4
89
5
92
6
26
2
29
4
32
4
85
3
93
4
99
3
29
4
59
2
65
4
79
6
14
3
83
4
29
2
66
3
4
4
68
3
18
6
86
5
26
3
98
0
80
6
9
4
99
6
59
2
33
5
77
6
77
2
93
6
99
5
9
2
22
5
42
3
42
3
92
6
35
4
68
6
18
3
97
3
89
6
96
4
73
4
64
3
28
4
69
2
14
6
9
2
95
6
67
5
87
3
8
6
26
6
46
2
19
2
79
5
33
6
58
4
14
4
72
6
26
2
46
2
32
6
15
3
67
3
35
5
73
3
7
2
79
6
74
2
99
6
33
6
35
4
9
2
9
3
43
5
16
4
95
3
22
5
96
4
25
2
92
4
33
6
49
6
85
4
43
3
9
5
2
5
7
4
85
4
54
4
89
2
79
6
14
4
86
6
75
6
95
4
44
5
49
3
93
3
66
4
64
5
92
6
9
4
69
2
88
4
23
6
45
5
84
5
44
6
69
3
14
4
9
4
25
5
36
4
29
5
4
5
95
4
77
5
69
4
9
1
11
2
49
3
67
6
36
0
0
3
19
3
79
3
66
6
58
2
3
6
79
6
4
3
43
4
47
2
4
6
79
2
99
5
8
2
3
4
19
5
42
3
69
4
49
4
39
6
59
4
77
5
13
5
66
5
88
2
93
3
92
4
57
5
98
3
37
6
86
4
9
3
47
2
28
2
29
6
7
2
54
2
39
3
19
4
82
6
29
2
37
5
63
6
19
5
48
3
69
5
79
0
0
3
2
5
89
3
65
2
69
2
67
3
29
2
47
1
82
2
59
2
85
6
35
5
29
4
39
1
45
3
77
3
93
4
9
5
74
2
79
6
89
4
9
3
13
2
44
3
53
5
36
6
14
5
44
3
65
6
39
5
79
3
99
2
39
0
20
2
62
4
86
4
72
5
47
2
37
6
48
2
97
5
75
6
84
2
8
3
37
3
36
2
47
2
19
4
15
3
67
5
17
2
8
6
34
5
64
5
2
4
7
2
92
4
36
5
19
6
99
4
28
0
60
3
37
6
68
6
59
6
4
6
59
5
75
3
23
2
54
4
42
4
62
5
14
6
84
3
19
4
54
6
26
6
8
5
39
5
22
4
49
2
68
4
29
5
64
6
89
3
99
2
56
2
47
4
14
4
78
6
88
5
55
2
39
3
13
6
76
2
9
2
22
6
31
3
49
3
94
4
98
4
86
3
39
6
27
2
12
6
36
4
22
2
79
5
22
2
28
4
89
4
89
2
69
3
46
5
93
6
8
2
11
5
67
2
34
3
39
5
79
5
76
2
87
2
78
2
59
3
62
2
48
3
15
6
47
4
99
6
9
6
19
3
28
5
59
5
19
6
99
6
29
3
9
4
65
5
5
2
44
5
39
2
86
2
9
4
85
4
35
4
99
3
79
5
82
5
79
6
9
6
93
3
92
3
17
3
84
5
56
4
84
4
72
4
73
4
55
5
4
4
82
5
79
4
26
5
45
3
46
2
88
3
84
5
14
6
78
2
39
6
29
3
34
3
85
5
79
4
29
2
19
6
9
2
76
5
79
4
42
4
67
4
10
3
93
5
2
5
24
4
9
5
18
5
57
3
92
2
55
6
26
4
48
6
17
6
89
5
27
1
53
2
68
2
79
6
69
2
89
4
97
4
49
4
79
3
59
4
22
5
22
6
3
3
23
5
9
6
97
4
76
2
48
2
68
5
76
5
79
3
99
3
59
5
49
0
10
5
13
2
79
4
92
4
78
4
48
6
49
4
69
5
98
2
7
2
53
4
59
6
39
2
8
5
56
1
67
2
98
2
33
3
13
3
8
5
9
6
97
3
69
0
70
5
79
4
8
4
52
3
18
6
39
6
35
6
49
6
8
0
0
2
89
6
88
6
28
2
13
3
93
6
74
5
5
5
36
6
79
3
49
4
28
2
34
2
89
2
34
6
64
6
79
6
68
6
5
2
56
3
28
2
79
5
24
4
42
4
33
3
68
4
93
2
58
0
44
4
22
2
27
2
27
6
97
4
59
5
99
6
53
4
86
5
86
4
89
3
98
4
79
5
85
2
23
5
76
2
16
5
76
3
94
0
37
2
49
4
95
4
57
2
72
2
49
6
56
5
77
4
55
2
89
2
89
2
74
6
43
6
56
5
95
3
59
5
36
4
17
5
49
5
69
3
99
4
99
5
99
3
19
2
3
2
9
3
99
2
73
4
77
5
83
3
34
3
96
3
7
6
94
4
62
6
83
4
19
2
89
4
29
6
69
4
79
3
87
3
13
3
59
3
79
0
90
2
35
4
99
1
9
2
19
4
7
6
64
2
28
1
27
2
95
2
27
5
96
2
52
6
49
4
68
4
22
6
65
6
28
3
92
5
29
3
37
5
39
4
49
2
35
4
94
2
49
5
98
5
63
4
38
3
93
4
93
6
96
2
8
5
37
5
86
6
9
4
96
2
49
5
96
5
19
6
31
5
14
2
29
4
57
5
77
2
6
2
18
5
33
2
43
6
69
3
49
2
89
3
19
2
92
2
98
4
39
3
77
4
68
2
69
6
93
2
97
6
17
6
69
0
70
3
57
2
98
2
98
3
78
5
98
4
59
3
15
3
46
3
62
6
9
4
9
2
95
3
19
4
68
6
67
2
37
5
89
5
87
4
5
3
85
3
39
2
44
6
53
3
4
2
94
4
14
5
24
4
89
4
89
6
79
6
6
5
17
4
23
6
27
2
16
5
98
2
12
4
26
5
15
4
56
5
93
3
9
2
85
3
89
5
27
6
67
5
69
3
14
3
59
2
64
3
99
4
13
4
14
0
80
5
49
6
84
6
19
3
78
4
3
5
65
6
28
4
8
6
27
4
54
2
15
6
73
6
99
3
49
5
36
5
19
5
12
0
90
5
89
4
74
4
44
3
86
5
22
4
9
3
59
1
63
2
98
6
66
6
19
4
62
6
9
4
69
2
5
3
32
2
55
3
9
5
9
5
93
6
69
5
26
1
72
2
99
6
43
4
49
5
9
5
43
2
57
6
49
2
39
4
98
3
59
4
9
5
58
2
3
6
29
3
33
5
44
5
17
0
10
3
79
3
56
3
29
2
94
5
69
2
32
3
19
4
58
2
12
3
39
3
79
6
56
6
89
2
18
2
39
5
29
3
16
5
19
0
60
3
58
0
20
4
36
2
12
4
14
5
53
3
29
5
23
4
59
5
68
4
76
4
2
5
85
5
29
3
4
4
87
2
69
3
22
6
44
5
72
0
60
6
95
0
90
4
87
4
78
3
72
4
75
6
79
3
2
2
39
3
96
4
58
4
63
4
29
2
29
2
73
2
71
2
40
5
6
3
38
2
63
5
24
4
63
3
67
6
79
4
46
5
36
4
59
4
29
5
89
3
59
6
76
2
44
6
97
2
29
5
2
2
83
3
39
4
54
5
82
2
4
4
5
3
66
6
98
5
59
5
19
4
3
2
14
3
34
3
99
6
49
2
79
1
86
2
87
2
98
6
93
6
69
6
87
0
80
6
73
3
87
2
22
4
49
5
99
3
25
2
7
4
89
4
99
2
59
3
45
6
39
4
29
5
72
5
84
6
35
4
24
3
19
6
37
3
4
6
58
4
34
4
16
2
49
2
72
1
6
6
38
4
47
5
95
2
73
2
74
6
39
4
14
2
65
4
93
0
63
2
2
