19
64
19
34
9
99
9
74
19
94
0
20
19
94
9
94
9
99
9
34
19
34
9
74
9
94
19
64
9
64
19
94
19
34
19
34
9
74
19
34
19
34
9
99
19
94
9
94
9
94
19
94
19
94
19
64
19
34
9
74
9
94
19
34
9
14
9
74
19
94
9
64
9
74
19
34
9
64
9
74
19
93
9
14
19
64
9
94
19
94
9
44
9
74
9
44
9
14
19
94
9
64
9
34
9
74
9
44
19
64
19
64
19
34
9
99
9
74
19
34
9
14
9
64
19
64
19
64
9
14
9
14
9
14
9
99
0
30
9
64
9
44
9
64
9
99
9
74
19
94
9
14
9
44
9
94
9
44
19
34
9
94
9
44
9
99
9
34
19
64
9
44
9
74
9
94
0
90
9
99
19
94
19
94
9
99
9
34
9
99
9
44
19
34
9
94
9
64
19
34
9
94
9
99
9
94
9
44
9
64
19
63
9
14
9
74
9
34
0
20
19
64
9
64
9
44
19
64
19
94
9
44
19
34
19
94
19
94
9
94
9
14
9
99
9
14
19
64
19
64
9
74
19
94
19
34
19
94
9
99
9
14
19
94
9
11
19
94
9
64
19
34
9
64
9
14
19
94
9
74
19
94
9
94
9
6
19
64
9
34
9
34
9
14
9
64
9
94
9
44
9
34
4
90
19
34
19
34
9
74
9
94
9
34
9
14
19
94
9
14
19
64
19
34
19
34
9
34
19
64
19
94
9
94
9
94
9
99
9
64
9
44
9
14
19
64
9
94
9
99
9
34
9
34
9
44
9
94
9
99
9
99
9
34
9
64
9
74
19
94
19
34
9
94
9
34
9
74
9
14
9
74
19
34
9
94
9
34
9
99
0
80
9
14
9
99
9
64
9
44
19
94
19
94
9
99
9
99
9
14
9
34
19
63
19
63
9
99
9
44
9
74
19
34
9
99
9
94
9
99
19
94
9
74
9
34
9
74
19
34
9
14
9
99
9
67
9
94
9
14
9
34
9
46
19
34
19
94
9
44
9
64
19
34
19
93
9
34
19
64
9
44
19
34
9
74
9
44
19
94
9
14
19
94
19
94
9
99
9
44
9
44
9
14
9
14
19
64
19
34
9
99
9
34
9
99
9
34
9
99
9
44
19
64
9
94
19
64
9
14
9
14
9
14
9
94
9
64
9
94
19
94
19
34
9
94
19
94
9
99
19
64
19
64
9
99
9
74
9
74
9
99
9
14
9
74
9
94
9
34
19
64
19
82
19
64
9
74
19
34
9
14
9
34
9
44
9
34
9
14
9
99
19
94
9
74
9
14
1
11
19
64
9
74
9
44
0
0
19
34
19
94
9
74
9
64
9
14
19
94
9
14
19
64
19
64
9
14
19
94
9
99
9
14
9
14
19
34
19
63
9
74
19
64
9
44
9
64
19
94
19
34
9
74
9
94
9
99
9
99
9
57
9
99
9
44
9
94
9
14
19
64
9
34
9
34
9
14
9
64
9
44
19
34
19
82
9
34
9
44
9
74
19
34
19
64
9
74
19
94
0
0
9
14
9
94
9
74
9
74
9
74
9
34
19
64
1
89
9
64
9
94
9
44
9
34
4
39
1
45
19
94
9
99
9
14
19
94
19
94
9
94
9
14
3
19
19
64
9
64
9
44
19
34
19
64
9
74
9
44
19
94
9
99
9
44
0
20
9
74
9
94
19
93
19
64
9
44
9
48
9
99
19
94
9
94
9
8
9
44
9
44
19
64
19
34
19
34
9
74
19
34
9
8
9
44
9
74
9
14
9
14
9
99
9
44
19
34
9
99
9
34
0
60
9
44
9
74
9
64
9
14
9
64
19
94
19
22
2
59
19
63
9
74
9
14
9
94
19
34
9
64
9
34
9
14
9
44
9
34
19
64
9
74
9
34
9
63
9
94
9
99
9
64
19
64
19
34
19
94
9
94
9
64
9
44
19
34
19
94
9
14
9
34
9
31
19
64
9
99
9
99
9
94
9
44
9
34
19
33
9
44
9
34
19
94
9
34
2
29
9
94
9
94
9
74
19
64
9
99
9
14
9
6
9
74
9
44
9
44
19
94
19
94
9
94
9
78
9
64
9
74
19
64
19
34
19
64
9
99
9
14
19
34
9
34
9
64
19
34
9
99
9
34
9
14
9
74
9
14
19
64
9
44
9
94
9
14
9
94
9
44
9
99
19
94
9
94
19
94
9
14
9
99
9
99
19
34
9
94
9
64
9
94
19
93
19
94
9
64
9
14
9
94
19
94
9
34
19
64
19
64
9
94
9
94
19
34
19
94
9
44
9
34
9
44
9
94
19
94
9
34
19
34
9
14
19
94
19
94
19
63
9
74
4
10
9
99
9
14
9
34
9
14
19
34
9
64
9
99
9
64
9
34
19
64
19
34
9
94
9
34
1
59
9
74
19
94
9
74
9
94
9
99
19
64
19
94
9
64
9
34
9
34
9
14
9
34
9
14
9
99
4
79
19
64
9
74
19
94
19
94
9
99
9
64
19
64
0
10
19
34
19
94
9
99
19
94
9
48
19
64
9
74
9
99
2
9
9
64
9
64
9
44
9
14
9
64
1
69
9
99
9
44
9
13
9
14
9
14
9
99
9
74
0
70
19
94
9
14
9
64
19
34
9
44
9
44
19
64
9
14
0
0
9
94
9
94
9
34
19
34
9
99
19
94
9
14
9
44
19
94
19
64
9
34
9
44
9
94
9
44
9
74
19
94
9
74
9
14
9
64
9
28
19
94
9
34
19
63
4
39
9
74
9
99
9
64
0
44
9
34
9
34
9
34
9
99
9
64
9
99
9
64
9
86
9
94
9
94
9
99
19
94
9
94
9
34
19
94
19
34
19
94
9
99
0
37
19
64
9
99
9
64
19
93
19
64
9
64
19
94
9
64
9
94
9
94
19
94
19
64
9
64
9
99
9
64
9
44
19
34
19
64
9
74
9
99
9
99
9
99
19
34
9
14
9
14
9
99
19
94
19
94
9
94
9
44
9
99
9
14
9
99
9
62
9
94
19
34
9
94
9
34
9
74
19
94
3
89
19
34
9
64
19
94
0
90
9
44
9
99
1
9
19
34
9
14
9
74
9
34
1
29
9
99
9
27
9
99
9
64
19
64
9
74
9
34
9
74
9
34
9
99
9
34
9
44
9
44
19
64
8
35
9
99
19
64
9
99
9
74
9
44
9
99
9
99
9
99
9
14
9
44
9
94
9
14
9
99
19
64
9
86
19
34
9
31
19
34
9
34
9
64
19
94
9
14
9
6
9
44
19
64
9
74
19
64
9
94
19
34
2
99
9
99
9
44
19
94
9
74
9
74
9
99
9
99
19
34
9
74
0
70
9
64
9
99
9
99
19
94
9
99
9
64
19
34
19
64
9
74
9
14
9
14
9
99
19
34
4
68
9
74
9
44
9
94
9
94
8
5
9
94
9
44
19
64
9
64
9
14
9
99
19
34
9
34
4
89
9
94
19
94
9
6
19
34
9
34
9
27
19
34
9
99
19
33
9
34
8
15
9
64
9
99
9
14
9
94
9
94
9
34
9
74
9
74
9
13
9
64
9
74
9
99
19
34
19
34
0
80
19
64
9
94
19
34
19
94
9
14
9
74
9
34
9
14
9
34
9
64
19
34
9
73
9
99
19
64
9
44
19
34
19
33
0
90
9
94
19
94
19
64
9
86
9
34
9
14
9
64
1
69
9
99
9
74
19
34
9
74
9
14
9
74
9
14
9
44
9
64
9
14
9
14
9
99
9
74
9
34
1
79
9
99
19
64
19
64
9
14
19
64
9
64
19
64
9
44
9
99
9
64
9
14
9
64
9
14
9
34
9
44
19
64
19
34
0
10
19
94
9
64
9
34
9
99
9
74
9
32
19
34
9
64
19
33
9
44
19
94
9
64
9
94
19
34
9
44
9
34
19
34
19
34
0
60
9
64
0
20
9
44
9
12
9
13
9
64
9
34
9
34
9
64
9
68
19
94
9
14
8
85
9
34
9
14
9
94
9
74
19
22
19
64
19
93
0
60
9
99
0
90
9
94
19
94
19
93
19
94
19
94
9
14
9
44
9
99
9
64
9
74
9
34
9
34
19
94
2
71
2
40
9
14
9
38
9
74
9
34
9
74
9
67
19
94
19
64
9
44
9
64
9
34
9
94
9
64
19
94
19
64
9
99
9
34
9
14
9
94
9
44
9
64
9
94
9
14
9
14
9
74
9
98
9
64
19
34
9
14
19
34
9
44
9
99
19
64
19
94
1
89
9
94
9
99
9
99
9
74
9
94
0
80
19
94
9
94
9
34
19
64
9
99
9
34
9
14
9
94
9
99
9
64
19
64
9
44
9
34
19
93
9
94
9
44
4
24
19
34
9
44
9
14
9
64
9
44
9
16
2
49
19
93
1
9
9
44
19
64
9
99
19
94
19
94
9
44
19
34
9
74
9
99
0
63
9
14
