19
61
16
28
9
99
9
74
19
91
0
20
18
90
9
94
9
99
9
34
17
29
9
74
9
94
17
59
9
64
18
90
19
32
17
29
9
74
16
28
15
27
9
99
19
91
9
94
9
94
16
88
15
87
18
60
16
28
9
74
9
94
19
32
9
14
9
74
15
87
9
64
9
74
17
29
9
64
9
74
14
86
9
14
19
61
9
94
17
89
9
44
9
74
9
44
9
14
16
88
9
64
9
34
9
74
9
44
15
57
19
61
19
32
9
99
9
74
18
30
9
14
9
64
15
57
19
62
9
14
9
14
9
14
9
99
0
30
9
64
9
44
9
64
9
99
9
74
17
89
9
14
9
44
9
94
9
44
17
29
9
94
9
44
9
99
9
34
18
60
9
44
9
74
9
94
0
90
9
99
15
87
16
88
9
99
9
34
9
99
9
44
18
30
9
94
9
64
18
30
9
94
9
99
9
94
9
44
9
64
14
56
9
14
9
74
9
34
0
20
16
58
9
64
9
44
16
58
16
88
9
44
15
27
16
88
16
88
9
94
9
14
9
99
9
14
17
59
18
60
9
74
16
88
16
28
16
88
9
99
9
14
16
88
9
11
19
92
9
64
17
29
9
64
9
14
16
88
9
74
18
90
9
94
9
6
19
61
9
34
9
34
9
14
9
64
9
94
9
44
9
34
4
90
19
32
15
27
9
74
9
94
9
34
9
14
17
89
9
14
17
59
19
32
18
30
9
34
19
62
17
89
9
94
9
94
9
99
9
64
9
44
9
14
19
61
9
94
9
99
9
34
9
34
9
44
9
94
9
99
9
99
9
34
9
64
9
74
18
90
16
28
9
94
9
34
9
74
9
14
9
74
17
29
9
94
9
34
9
99
0
80
9
14
9
99
9
64
9
44
19
91
19
91
9
99
9
99
9
14
9
34
14
56
14
56
9
99
9
44
9
74
19
32
9
99
9
94
9
99
15
87
9
74
9
34
9
74
16
28
9
14
9
99
9
67
9
94
9
14
9
34
9
46
16
28
16
88
9
44
9
64
16
28
14
86
9
34
16
58
9
44
17
29
9
74
9
44
15
87
9
14
16
88
16
88
9
99
9
44
9
44
9
14
9
14
15
57
18
30
9
99
9
34
9
99
9
34
9
99
9
44
19
62
9
94
15
57
9
14
9
14
9
14
9
94
9
64
9
94
16
88
16
28
9
94
17
89
9
99
16
58
19
61
9
99
9
74
9
74
9
99
9
14
9
74
9
94
9
34
17
59
19
82
16
58
9
74
16
28
9
14
9
34
9
44
9
34
9
14
9
99
18
90
9
74
9
14
1
11
16
58
9
74
9
44
0
0
17
29
17
89
9
74
9
64
9
14
19
92
9
14
15
57
18
60
9
14
19
92
9
99
9
14
9
14
18
30
14
56
9
74
18
60
9
44
9
64
18
90
15
27
9
74
9
94
9
99
9
99
9
57
9
99
9
44
9
94
9
14
17
59
9
34
9
34
9
14
9
64
9
44
17
29
18
82
9
34
9
44
9
74
19
32
19
61
9
74
19
91
0
0
9
14
9
94
9
74
9
74
9
74
9
34
16
58
1
89
9
64
9
94
9
44
9
34
4
39
1
45
17
89
9
99
9
14
16
88
16
88
9
94
9
14
3
19
16
58
9
64
9
44
16
28
16
58
9
74
9
44
19
91
9
99
9
44
0
20
9
74
9
94
14
86
19
61
9
44
9
48
9
99
17
89
9
94
9
8
9
44
9
44
16
58
16
28
17
29
9
74
19
31
9
8
9
44
9
74
9
14
9
14
9
99
9
44
19
31
9
99
9
34
0
60
9
44
9
74
9
64
9
14
9
64
17
89
17
22
2
59
14
56
9
74
9
14
9
94
17
29
9
64
9
34
9
14
9
44
9
34
18
60
9
74
9
34
9
63
9
94
9
99
9
64
16
58
16
28
18
90
9
94
9
64
9
44
15
27
18
90
9
14
9
34
9
31
17
59
9
99
9
99
9
94
9
44
9
34
14
26
9
44
9
34
16
88
9
34
2
29
9
94
9
94
9
74
17
59
9
99
9
14
9
6
9
74
9
44
9
44
19
91
18
90
9
94
9
78
9
64
9
74
16
58
17
29
19
61
9
99
9
14
19
32
9
34
9
64
19
31
9
99
9
34
9
14
9
74
9
14
16
58
9
44
9
94
9
14
9
94
9
44
9
99
17
89
9
94
19
91
9
14
9
99
9
99
17
29
9
94
9
64
9
94
14
86
15
87
9
64
9
14
9
94
19
91
9
34
17
59
17
59
9
94
9
94
16
28
19
92
9
44
9
34
9
44
9
94
19
91
9
34
16
28
9
14
16
88
19
91
14
56
9
74
4
10
9
99
9
14
9
34
9
14
19
31
9
64
9
99
9
64
9
34
18
60
19
31
9
94
9
34
1
59
9
74
16
88
9
74
9
94
9
99
18
60
18
90
9
64
9
34
9
34
9
14
9
34
9
14
9
99
4
79
16
58
9
74
18
90
19
91
9
99
9
64
19
61
0
10
15
27
16
88
9
99
18
90
9
48
19
62
9
74
9
99
2
9
9
64
9
64
9
44
9
14
9
64
1
69
9
99
9
44
9
13
9
14
9
14
9
99
9
74
0
70
19
91
9
14
9
64
17
29
9
44
9
44
19
62
9
14
0
0
9
94
9
94
9
34
15
27
9
99
16
88
9
14
9
44
19
92
17
59
9
34
9
44
9
94
9
44
9
74
19
92
9
74
9
14
9
64
9
28
16
88
9
34
14
56
4
39
9
74
9
99
9
64
0
44
9
34
9
34
9
34
9
99
9
64
9
99
9
64
9
86
9
94
9
94
9
99
18
90
9
94
9
34
18
90
16
28
18
90
9
99
0
37
16
58
9
99
9
64
14
86
16
58
9
64
19
91
9
64
9
94
9
94
16
88
15
57
9
64
9
99
9
64
9
44
18
30
19
61
9
74
9
99
9
99
9
99
17
29
9
14
9
14
9
99
15
87
18
90
9
94
9
44
9
99
9
14
9
99
9
62
9
94
18
30
9
94
9
34
9
74
18
90
3
89
15
27
9
64
17
89
0
90
9
44
9
99
1
9
16
28
9
14
9
74
9
34
1
29
9
99
9
27
9
99
9
64
19
62
9
74
9
34
9
74
9
34
9
99
9
34
9
44
9
44
18
60
8
35
9
99
16
58
9
99
9
74
9
44
9
99
9
99
9
99
9
14
9
44
9
94
9
14
9
99
16
58
9
86
19
31
9
31
16
28
9
34
9
64
19
91
9
14
9
6
9
44
15
57
9
74
17
59
9
94
17
29
2
99
9
99
9
44
17
89
9
74
9
74
9
99
9
99
19
31
9
74
0
70
9
64
9
99
9
99
17
89
9
99
9
64
17
29
17
59
9
74
9
14
9
14
9
99
17
29
4
68
9
74
9
44
9
94
9
94
8
5
9
94
9
44
16
58
9
64
9
14
9
99
16
28
9
34
4
89
9
94
19
92
9
6
19
31
9
34
9
27
16
28
9
99
14
26
9
34
8
15
9
64
9
99
9
14
9
94
9
94
9
34
9
74
9
74
9
13
9
64
9
74
9
99
15
27
16
28
0
80
19
61
9
94
19
32
17
89
9
14
9
74
9
34
9
14
9
34
9
64
16
28
9
73
9
99
17
59
9
44
19
31
14
26
0
90
9
94
16
88
16
58
9
86
9
34
9
14
9
64
1
69
9
99
9
74
19
32
9
74
9
14
9
74
9
14
9
44
9
64
9
14
9
14
9
99
9
74
9
34
1
79
9
99
15
57
18
60
9
14
15
57
9
64
19
62
9
44
9
99
9
64
9
14
9
64
9
14
9
34
9
44
16
58
19
31
0
10
17
89
9
64
9
34
9
99
9
74
9
32
17
29
9
64
14
26
9
44
17
89
9
64
9
94
16
28
9
44
9
34
17
29
19
31
0
60
9
64
0
20
9
44
9
12
9
13
9
64
9
34
9
34
9
64
9
68
18
90
9
14
8
85
9
34
9
14
9
94
9
74
17
22
16
58
14
86
0
60
9
99
0
90
9
94
18
90
14
86
17
89
19
92
9
14
9
44
9
99
9
64
9
74
9
34
9
34
15
87
2
71
2
40
9
14
9
38
9
74
9
34
9
74
9
67
19
92
18
60
9
44
9
64
9
34
9
94
9
64
18
90
16
58
9
99
9
34
9
14
9
94
9
44
9
64
9
94
9
14
9
14
9
74
9
98
9
64
19
31
9
14
16
28
9
44
9
99
19
62
16
88
1
89
9
94
9
99
9
99
9
74
9
94
0
80
15
87
9
94
9
34
18
60
9
99
9
34
9
14
9
94
9
99
9
64
17
59
9
44
9
34
14
86
9
94
9
44
4
24
17
29
9
44
9
14
9
64
9
44
9
16
2
49
14
86
1
9
9
44
18
60
9
99
15
87
16
88
9
44
16
28
9
74
9
99
0
63
9
14
