7
48
3
17
5
97
5
69
6
79
0
20
5
79
3
88
3
98
5
25
7
16
5
65
6
88
4
49
7
56
5
77
7
19
4
19
4
69
3
19
5
14
6
95
6
79
5
83
3
89
3
76
6
74
7
47
3
17
7
69
4
87
7
19
7
5
3
69
7
74
4
58
7
66
5
16
7
59
5
66
3
73
6
8
6
49
5
83
4
76
4
38
7
64
3
34
7
8
3
76
6
59
7
29
6
63
7
39
5
44
6
49
7
19
7
95
6
69
5
19
4
3
5
59
6
44
7
49
7
9
5
9
7
9
3
99
0
30
7
54
5
35
5
59
3
96
5
69
4
78
5
7
5
39
7
86
5
34
7
16
7
87
7
38
6
95
3
23
5
49
5
35
3
66
4
86
0
90
6
94
5
74
3
79
4
99
4
24
4
97
7
38
6
17
5
89
4
54
5
19
7
87
7
94
5
87
7
36
3
53
5
43
4
9
5
67
4
25
0
20
7
45
7
56
4
37
5
45
3
79
6
39
7
14
3
79
3
78
6
84
5
9
5
97
3
7
6
46
5
47
4
69
3
75
3
19
3
75
5
93
5
9
6
75
7
11
7
79
6
59
4
19
5
54
3
7
5
75
6
63
5
79
4
83
3
6
6
49
6
24
6
27
4
9
4
57
3
89
6
39
6
27
4
90
7
19
5
14
3
69
3
89
6
26
4
3
7
76
7
9
4
49
7
19
5
19
4
26
7
49
4
79
4
85
5
84
5
98
3
57
4
35
7
4
6
49
5
89
6
93
7
27
3
29
5
33
5
86
4
94
5
99
4
29
5
59
3
66
5
79
7
15
4
84
5
29
3
67
4
5
5
69
4
19
7
87
6
27
4
99
0
80
7
9
5
99
7
59
3
34
6
78
7
78
3
94
7
99
6
9
3
23
6
43
4
43
4
93
7
36
5
69
7
19
4
98
4
89
7
97
5
74
5
65
4
29
5
69
3
15
7
9
3
96
7
67
6
88
4
9
7
27
7
46
3
19
3
79
6
34
7
59
5
15
5
73
7
27
3
47
3
33
7
16
4
68
4
36
6
74
4
8
3
79
7
75
3
99
7
34
7
36
5
9
3
9
4
44
6
17
5
96
4
23
6
97
5
26
3
93
5
34
7
49
7
86
5
44
4
9
6
3
6
8
5
86
5
55
5
89
3
79
7
15
5
87
7
76
7
96
5
45
6
49
4
94
4
67
5
65
6
93
7
9
5
69
3
89
5
24
7
46
6
84
6
45
7
69
4
15
5
9
5
26
6
37
5
29
6
5
6
96
5
78
6
69
5
9
1
11
3
49
4
68
7
37
0
0
4
19
4
79
4
67
7
59
3
4
7
79
7
5
4
44
5
48
3
5
7
79
3
99
6
9
3
4
5
19
6
43
4
69
5
49
5
39
7
59
5
78
6
14
6
67
6
89
3
94
4
93
5
57
6
99
4
38
7
87
5
9
4
48
3
29
3
29
7
8
3
55
3
39
4
19
5
82
7
29
3
38
6
64
7
19
6
49
4
69
6
79
0
0
4
3
6
89
4
66
3
69
3
68
4
29
3
48
1
83
3
59
3
86
7
36
6
29
4
39
1
45
4
78
4
94
5
9
6
75
3
79
7
89
5
9
3
14
3
45
4
54
6
37
7
15
6
45
4
66
7
39
6
79
4
99
3
39
0
20
3
63
5
87
5
73
6
48
3
38
7
48
3
98
6
76
7
85
3
8
4
38
4
37
3
48
3
19
5
16
4
68
6
18
3
8
7
35
6
65
6
3
5
8
3
93
5
37
6
19
7
99
5
29
0
60
4
38
7
69
7
59
7
5
7
59
6
76
4
23
2
55
5
43
5
63
6
14
7
85
4
19
5
55
7
27
7
9
6
39
6
23
5
49
3
69
5
29
6
64
7
89
4
99
3
57
3
48
5
15
5
79
7
89
6
56
3
39
4
14
7
77
3
9
3
23
7
31
4
49
4
95
5
99
5
87
4
39
7
28
3
13
7
37
5
23
3
79
6
23
2
29
5
89
5
89
3
69
4
47
6
94
7
9
3
11
6
68
3
35
4
39
6
79
6
77
3
88
3
78
3
59
4
63
3
49
4
16
7
48
5
99
7
9
7
19
4
29
6
59
6
19
7
99
7
29
4
9
5
66
6
6
3
45
6
39
3
87
3
9
5
86
5
36
5
99
4
79
6
83
6
79
7
9
7
94
4
93
4
18
4
85
6
57
5
85
5
73
5
74
5
56
6
5
5
83
6
79
5
27
6
46
4
47
3
89
4
85
6
15
7
79
3
39
7
29
4
35
4
86
6
79
5
29
3
19
7
9
3
77
6
79
5
43
5
68
4
10
4
94
6
3
6
25
5
9
6
19
6
58
4
93
3
56
7
27
5
49
7
18
7
89
6
28
1
54
3
69
3
79
7
69
3
89
5
98
5
49
5
79
4
59
5
23
6
23
7
4
4
24
6
9
7
98
4
77
3
49
3
69
6
77
6
79
4
99
4
59
6
49
0
10
6
14
3
79
5
93
5
79
5
48
7
49
5
69
6
99
2
8
3
54
5
59
7
39
3
9
6
57
1
68
3
99
3
34
4
13
4
9
6
9
7
98
4
69
0
70
6
79
5
9
5
53
4
19
7
39
7
36
7
49
7
9
0
0
3
89
7
89
7
29
3
14
4
94
7
75
6
6
6
37
7
79
4
49
5
29
3
35
3
89
3
35
7
65
7
79
7
69
7
6
3
57
4
28
3
79
6
25
5
43
4
34
4
69
5
94
3
59
0
44
5
23
3
28
3
28
7
98
5
59
6
99
7
54
5
86
6
87
5
89
4
99
5
79
6
86
3
24
6
77
3
17
6
77
4
95
0
37
3
49
5
96
5
58
3
73
3
49
7
57
6
78
5
56
3
89
3
89
3
75
7
44
7
57
6
96
4
59
6
37
5
18
6
49
6
69
4
99
5
99
6
99
4
19
3
4
3
9
4
99
3
74
5
78
6
84
4
35
4
97
4
8
7
95
5
62
7
84
5
19
3
89
5
29
7
69
5
79
3
88
4
14
4
59
4
79
0
90
3
36
5
99
1
9
3
19
5
8
7
65
3
29
1
28
3
96
3
27
6
97
3
53
7
49
5
69
5
23
7
66
7
29
4
93
6
29
4
38
6
39
5
49
3
35
5
95
3
49
6
99
6
64
5
39
4
94
5
94
7
97
3
9
6
38
6
87
7
9
5
97
3
49
6
95
6
19
7
31
6
15
3
29
5
58
6
78
3
7
3
17
6
34
3
44
7
69
4
49
3
89
4
19
2
93
3
99
5
39
4
78
5
69
3
69
7
94
3
98
7
18
7
69
0
70
4
58
3
99
3
99
4
79
6
99
5
59
4
16
4
47
4
63
7
9
5
9
3
96
4
19
4
68
7
68
3
38
6
89
6
88
5
5
4
86
4
39
3
45
7
54
4
5
3
95
5
15
6
25
4
89
5
89
7
79
7
6
6
18
5
24
7
27
3
17
6
99
3
13
5
27
6
15
5
57
6
94
4
9
3
86
4
89
6
28
7
68
6
69
4
14
4
59
3
65
4
99
5
14
5
15
0
80
6
49
7
85
7
19
4
79
5
4
6
66
7
29
5
9
7
28
5
55
3
16
7
73
7
99
4
49
6
37
6
19
6
13
0
90
6
89
5
75
5
45
4
86
6
23
5
9
4
59
1
64
3
99
7
67
7
19
5
63
7
9
5
69
3
6
4
33
3
56
4
9
6
9
6
94
7
69
6
27
1
73
3
99
7
44
5
49
6
9
6
44
3
58
7
49
3
39
5
99
4
59
5
9
6
59
3
4
7
29
4
34
6
45
6
18
0
10
4
79
4
57
4
29
3
95
6
69
3
32
4
19
5
59
3
13
4
39
4
79
7
57
7
89
3
19
3
39
6
29
4
17
6
19
0
60
4
59
0
20
5
37
3
12
5
14
6
54
4
29
6
24
5
59
6
68
5
77
5
3
6
85
6
29
4
5
5
88
3
69
4
22
7
45
6
73
0
60
7
96
0
90
5
88
5
79
4
73
5
76
7
79
4
3
3
39
4
97
5
59
5
64
5
29
3
29
3
74
2
71
2
40
6
7
4
38
3
64
6
25
5
64
4
67
7
79
5
47
6
37
5
59
5
29
6
89
4
59
7
77
3
45
7
98
3
29
6
3
3
84
4
39
5
55
6
83
3
5
5
6
4
67
7
98
6
59
6
19
5
4
3
15
4
35
4
99
7
49
3
79
1
87
3
88
3
99
7
94
7
69
7
88
0
80
7
74
4
88
3
23
5
49
6
99
4
26
3
8
5
89
5
99
3
59
4
46
7
39
5
29
6
73
6
85
7
36
4
24
4
19
7
38
4
5
7
59
5
35
5
16
2
49
3
73
1
7
7
39
5
48
6
96
3
74
3
75
7
39
5
15
3
66
5
94
0
63
3
3
