12
54
9
21
9
99
9
73
12
84
0
20
11
83
9
91
9
99
9
31
10
22
9
71
9
94
10
52
9
62
11
83
13
25
10
22
9
72
9
21
9
20
9
99
12
84
9
89
9
91
9
81
9
80
11
53
9
21
9
74
9
92
13
25
9
11
9
71
9
80
9
62
9
72
10
22
9
64
9
72
9
79
9
14
12
54
9
89
10
82
9
42
9
70
9
40
9
14
9
81
9
64
9
34
9
69
9
44
9
50
12
54
13
25
9
99
9
74
11
23
9
9
9
63
9
50
13
55
9
14
9
13
9
14
9
99
0
30
9
60
9
41
9
63
9
99
9
73
10
82
9
13
9
43
9
92
9
40
10
22
9
93
9
44
9
99
9
29
11
53
9
41
9
71
9
92
0
90
9
99
9
80
9
81
9
99
9
30
9
99
9
44
11
23
9
93
9
60
11
23
9
93
9
99
9
93
9
42
9
59
9
49
9
12
9
73
9
31
0
20
9
51
9
62
9
42
9
51
9
81
9
44
9
20
9
81
9
81
9
90
9
13
9
99
9
11
10
52
11
53
9
72
9
81
9
21
9
81
9
99
9
13
9
81
9
11
13
85
9
64
10
22
9
60
9
11
9
81
9
69
11
83
9
89
9
6
12
54
9
30
9
33
9
12
9
62
9
91
9
44
9
33
4
90
13
25
9
20
9
71
9
91
9
32
9
9
10
82
9
14
10
52
13
25
11
23
9
32
13
55
10
82
9
91
9
90
9
99
9
61
9
41
9
10
12
54
9
93
9
99
9
33
9
31
9
39
9
92
9
99
9
99
9
32
9
63
9
71
11
83
9
21
9
90
9
33
9
71
9
11
9
73
10
22
9
93
9
33
9
99
0
80
9
14
9
99
9
64
9
40
12
84
12
84
9
99
9
99
9
14
9
29
9
49
9
49
9
99
9
42
9
73
13
25
9
99
9
92
9
99
9
80
9
71
9
32
9
73
9
21
9
14
9
99
9
67
9
94
9
12
9
33
9
46
9
21
9
81
9
40
9
64
9
21
9
79
9
33
9
51
9
39
10
22
9
72
9
42
9
80
9
12
9
81
9
81
9
99
9
40
9
42
9
13
9
11
9
50
11
23
9
99
9
29
9
99
9
32
9
99
9
40
13
55
9
92
9
50
9
12
9
9
9
14
9
92
9
61
9
93
9
81
9
21
9
93
10
82
9
99
9
51
12
54
9
99
9
72
9
71
9
99
9
14
9
73
9
91
9
30
10
52
12
82
9
51
9
74
9
21
9
13
9
32
9
43
9
33
9
11
9
99
11
83
9
74
9
13
1
11
9
51
9
72
9
43
0
0
10
22
10
82
9
72
9
64
9
10
13
85
9
11
9
50
11
53
9
11
13
85
9
99
9
14
9
10
11
23
9
49
9
72
11
53
9
43
9
64
11
83
9
20
9
73
9
94
9
99
9
99
9
57
9
99
9
42
9
93
9
13
10
52
9
31
9
31
9
14
9
61
9
41
10
22
11
82
9
34
9
41
9
70
13
25
12
54
9
72
12
84
0
0
9
9
9
94
9
72
9
71
9
71
9
32
9
51
1
89
9
61
9
91
9
42
9
34
4
39
1
45
10
82
9
99
9
13
9
81
9
81
9
94
9
13
3
19
9
51
9
60
9
43
9
21
9
51
9
72
9
44
12
84
9
99
9
41
0
20
9
69
9
93
9
79
12
54
9
41
9
48
9
99
10
82
9
91
9
8
9
42
9
42
9
51
9
21
10
22
9
72
12
24
9
8
9
41
9
71
9
9
9
13
9
99
9
43
12
24
9
99
9
33
0
60
9
42
9
74
9
64
9
11
9
64
10
82
10
22
2
59
9
49
9
69
9
14
9
91
10
22
9
61
9
33
9
14
9
44
9
29
11
53
9
71
9
33
9
63
9
94
9
99
9
61
9
51
9
21
11
83
9
94
9
62
9
41
9
20
11
83
9
11
9
29
9
31
10
52
9
99
9
99
9
93
9
42
9
34
9
19
9
43
9
29
9
81
9
29
2
29
9
93
9
93
9
71
10
52
9
99
9
14
9
9
9
74
9
41
9
42
12
84
11
83
9
91
9
78
9
61
9
69
9
51
10
22
12
54
9
99
9
14
13
25
9
32
9
64
12
24
9
99
9
34
9
12
9
72
9
12
9
51
9
44
9
91
9
11
9
92
9
42
9
99
10
82
9
89
12
84
9
14
9
99
9
99
10
22
9
91
9
63
9
91
9
79
9
80
9
62
9
11
9
89
12
84
9
33
10
52
10
52
9
91
9
91
9
21
13
85
9
41
9
34
9
41
9
92
12
84
9
33
9
21
9
14
9
81
12
84
9
49
9
73
4
10
9
99
9
9
9
31
9
13
12
24
9
64
9
99
9
61
9
33
11
53
12
24
9
94
9
34
1
59
9
71
9
81
9
74
9
91
9
99
11
53
11
83
9
62
9
29
9
29
9
10
9
30
9
14
9
99
4
79
9
51
9
71
11
83
12
84
9
99
9
62
12
54
0
10
9
20
9
81
9
99
11
83
9
48
13
55
9
73
9
99
2
9
9
60
9
63
9
44
9
11
9
63
1
69
9
99
9
40
9
13
9
12
9
14
9
99
9
72
0
70
12
84
9
13
9
59
10
22
9
44
9
42
13
55
9
14
0
0
9
91
9
94
9
34
9
20
9
99
9
81
9
12
9
43
13
85
10
52
9
33
9
41
9
91
9
41
9
71
13
85
9
74
9
12
9
61
9
28
9
81
9
31
9
49
4
39
9
72
9
99
9
61
0
44
9
29
9
31
9
31
9
99
9
63
9
99
9
60
9
86
9
93
9
93
9
99
11
83
9
92
9
30
11
83
9
21
11
83
9
99
0
37
9
51
9
99
9
63
9
79
9
51
9
63
12
84
9
62
9
91
9
91
9
81
9
50
9
63
9
99
9
62
9
43
11
23
12
54
9
74
9
99
9
99
9
99
10
22
9
10
9
11
9
99
9
80
11
83
9
90
9
41
9
99
9
12
9
99
9
62
9
90
11
23
9
91
9
33
9
74
11
83
3
89
9
20
9
62
10
82
0
90
9
41
9
99
1
9
9
21
9
13
9
71
9
31
1
29
9
99
9
27
9
99
9
59
13
55
9
73
9
29
9
72
9
34
9
99
9
34
9
42
9
44
11
53
8
35
9
99
9
51
9
99
9
70
9
43
9
99
9
99
9
99
9
11
9
44
9
93
9
14
9
99
9
51
9
89
12
24
9
31
9
21
9
31
9
63
12
84
9
11
9
11
9
40
9
50
9
74
10
52
9
91
10
22
2
99
9
99
9
43
10
82
9
73
9
71
9
99
9
99
12
24
9
74
0
70
9
62
9
99
9
99
10
82
9
99
9
63
10
22
10
52
9
69
9
14
9
13
9
99
10
22
4
68
9
74
9
41
9
94
9
94
8
5
9
92
9
42
9
51
9
60
9
11
9
99
9
21
9
31
4
89
9
93
13
85
9
6
12
24
9
30
9
27
9
21
9
99
9
19
9
33
8
15
9
63
9
99
9
12
9
91
9
92
9
34
9
74
9
74
9
13
9
62
9
71
9
99
9
20
9
21
0
80
12
54
9
91
13
25
10
82
9
10
9
72
9
34
9
13
9
34
9
61
9
21
9
73
9
99
10
52
9
43
12
24
9
19
0
90
9
94
9
81
9
51
9
86
9
29
9
13
9
62
1
69
9
99
9
73
13
25
9
69
9
14
9
73
9
11
9
39
9
61
9
12
9
14
9
99
9
74
9
33
1
79
9
99
9
50
11
53
9
14
9
50
9
61
13
55
9
41
9
99
9
62
9
13
9
64
9
10
9
34
9
40
9
51
12
24
0
10
10
82
9
62
9
32
9
99
9
74
9
32
10
22
9
63
9
19
9
42
10
82
9
63
9
94
9
21
9
41
9
34
10
22
12
24
0
60
9
62
0
20
9
43
9
12
9
13
9
60
9
32
9
30
9
63
9
68
11
83
9
9
8
85
9
34
9
11
9
93
9
71
10
22
9
51
9
79
0
60
9
99
0
90
9
93
11
83
9
79
10
82
13
85
9
9
9
41
9
99
9
63
9
70
9
33
9
31
9
80
2
71
2
40
9
13
9
38
9
70
9
31
9
70
9
67
13
85
11
53
9
43
9
63
9
33
9
94
9
62
11
83
9
51
9
99
9
31
9
9
9
90
9
42
9
61
9
89
9
11
9
12
9
72
9
98
9
64
12
24
9
10
9
21
9
41
9
99
13
55
9
81
1
89
9
91
9
99
9
99
9
74
9
94
0
80
9
80
9
92
9
29
11
53
9
99
9
32
9
11
9
93
9
99
9
61
10
52
9
44
9
33
9
79
9
91
9
42
4
24
10
22
9
44
9
11
9
64
9
41
9
16
2
49
9
79
1
9
9
44
11
53
9
99
9
80
9
81
9
44
9
21
9
71
9
99
0
63
9
9
