11
53
8
20
9
99
9
72
11
83
0
20
10
82
8
90
8
99
9
30
9
21
9
70
9
93
9
51
9
61
10
82
12
24
9
21
9
71
8
20
9
19
9
99
11
83
9
88
8
90
8
80
9
79
10
52
8
20
9
74
9
91
12
24
9
10
8
70
9
79
9
61
9
71
9
21
9
64
9
71
8
78
9
13
11
53
9
88
9
81
9
41
9
69
8
39
9
13
8
80
9
63
9
34
9
68
9
44
9
49
11
53
12
24
9
99
9
73
10
22
9
8
9
62
9
49
12
54
9
14
9
12
9
14
8
99
0
30
9
59
9
40
9
62
8
99
9
72
9
81
9
12
9
42
9
91
9
39
9
21
9
92
9
43
9
99
8
28
10
52
9
40
8
70
9
91
0
90
9
99
9
79
8
80
9
99
9
29
9
99
9
43
10
22
9
92
9
59
10
22
9
92
9
99
9
92
9
41
8
58
9
48
9
11
9
72
9
30
0
20
9
50
9
61
9
41
9
50
8
80
9
43
9
19
8
80
8
80
9
89
9
12
9
99
8
10
9
51
10
52
9
71
8
80
8
20
8
80
9
98
9
12
9
80
9
11
12
84
9
63
9
21
9
59
8
10
9
80
9
68
10
82
9
88
8
6
11
53
9
29
9
32
9
11
9
61
8
90
9
43
9
32
4
90
12
24
9
19
8
70
8
90
9
31
9
8
9
81
9
14
9
51
12
24
10
22
9
31
12
54
9
81
9
90
9
89
9
99
8
60
9
40
9
9
11
53
9
92
9
98
9
32
8
30
9
38
9
91
9
99
9
99
9
31
9
62
8
70
10
82
9
20
9
89
9
32
8
70
9
10
9
72
9
21
9
92
9
32
9
99
0
80
9
14
9
99
9
64
8
39
11
83
11
83
8
99
9
99
9
13
8
28
9
48
9
48
9
98
9
41
9
72
12
24
9
99
9
91
9
99
9
79
9
70
9
31
9
72
8
20
9
14
8
99
9
67
9
93
9
11
9
32
9
46
8
20
8
80
9
39
9
64
9
20
9
78
9
32
8
50
8
38
9
21
9
71
9
41
9
79
9
11
8
80
9
80
8
99
9
39
9
41
9
12
8
10
9
49
10
22
9
99
9
28
9
99
9
31
8
98
9
39
12
54
9
91
9
49
9
11
9
8
9
13
9
91
9
60
9
92
8
80
9
20
9
92
9
81
9
99
9
50
11
53
9
99
9
71
9
70
9
98
9
14
9
72
8
90
9
29
9
51
11
82
9
50
9
74
9
20
9
12
9
31
9
42
9
32
9
10
9
99
10
82
9
73
9
12
1
11
8
50
9
71
9
42
0
0
9
21
9
81
9
71
9
64
8
9
12
84
9
10
9
49
10
52
8
10
12
84
8
99
9
13
8
9
10
22
9
48
9
71
10
52
9
42
9
64
10
82
9
19
9
72
9
93
8
99
9
98
9
57
9
99
9
41
9
92
9
12
9
51
8
30
8
30
9
13
8
60
8
40
9
21
10
82
9
34
8
40
9
69
12
24
11
53
9
71
11
83
0
0
9
8
9
93
9
71
8
70
8
70
9
31
8
50
1
88
8
60
8
90
9
41
9
33
4
39
1
45
9
81
9
99
9
12
9
80
8
80
9
94
9
12
3
19
8
50
9
59
9
42
9
20
9
50
9
71
9
44
11
83
9
99
8
40
0
20
8
68
9
92
9
78
11
53
8
40
9
48
8
99
9
81
9
90
8
8
9
41
9
41
8
50
8
20
9
21
9
71
11
23
8
8
9
40
9
70
9
8
9
12
8
98
9
42
11
23
9
99
9
32
0
60
9
41
9
74
9
64
9
10
9
64
9
81
9
23
2
59
9
48
9
68
9
14
9
90
9
21
9
60
9
32
9
14
9
43
9
28
10
52
8
70
9
32
9
63
9
94
9
99
8
60
8
50
9
20
10
82
9
94
9
61
8
40
9
19
10
82
8
10
8
28
9
31
9
51
9
99
9
99
9
92
9
41
9
33
8
18
9
42
9
28
8
80
9
28
2
29
9
92
9
92
8
70
9
51
9
99
9
14
8
10
9
73
8
40
9
41
11
83
10
82
8
90
8
78
8
60
9
68
8
50
9
21
11
53
9
99
9
14
12
24
9
31
9
63
11
23
9
99
9
34
9
11
9
71
9
11
8
50
9
43
8
90
8
10
9
91
9
41
9
99
9
81
9
88
11
83
9
14
9
99
9
98
9
21
9
90
9
62
9
90
9
78
9
79
9
61
9
10
9
88
11
83
9
32
9
51
9
51
8
90
9
90
9
20
12
84
8
40
9
34
9
40
9
91
11
83
9
32
8
20
9
14
8
80
11
83
9
48
9
72
4
10
9
99
9
8
9
30
9
12
11
23
9
63
9
98
8
60
9
32
10
52
11
23
9
94
9
33
1
59
8
70
8
80
9
74
8
90
9
99
10
52
10
82
9
61
9
28
9
28
9
9
9
29
9
13
9
99
4
79
8
50
8
70
10
82
11
83
9
99
9
61
11
53
0
10
9
19
8
80
9
98
10
82
9
48
12
54
9
72
9
99
2
9
8
59
9
62
9
44
8
10
9
62
1
69
8
99
8
39
9
13
9
11
9
13
9
99
9
71
0
70
11
83
9
12
9
58
9
21
9
44
9
41
12
54
9
14
0
0
8
90
9
94
9
34
8
19
9
99
9
80
9
11
9
42
12
84
9
51
9
32
8
40
8
90
8
40
9
70
12
84
9
74
9
11
8
60
9
28
8
80
9
30
9
48
4
39
9
71
9
99
8
60
0
44
9
28
8
30
8
30
9
99
9
62
9
99
9
59
9
86
9
92
9
92
9
99
10
82
9
91
8
29
10
82
8
20
10
82
9
99
0
37
8
50
9
99
9
62
8
78
8
50
9
62
11
83
9
61
8
90
8
90
8
80
9
49
9
62
9
99
9
61
9
42
10
22
11
53
9
73
9
99
9
99
9
99
9
21
8
9
8
10
9
99
8
79
10
82
9
89
9
40
9
99
9
11
9
99
9
62
9
89
10
22
8
90
9
32
9
74
10
82
3
89
9
19
9
61
9
81
0
90
8
40
9
99
1
9
8
20
9
12
9
70
8
30
1
29
8
99
8
27
9
99
8
58
12
54
9
72
9
28
9
71
9
34
9
98
9
33
9
41
9
43
10
52
8
35
9
99
8
50
9
99
9
69
9
42
9
99
9
99
9
99
8
10
9
43
9
92
9
14
9
99
8
50
9
90
11
23
9
31
9
20
8
30
9
62
11
83
8
10
8
12
9
39
8
49
9
74
9
51
8
90
9
21
2
98
8
99
9
42
9
81
9
72
8
70
9
99
8
99
11
23
9
74
0
70
9
61
8
99
8
99
9
81
9
99
9
62
9
21
9
51
9
68
9
14
9
12
8
99
9
21
4
68
9
73
8
40
9
93
9
93
8
5
9
91
9
41
8
50
9
59
9
10
8
99
9
20
9
30
4
89
9
92
12
84
9
6
11
23
9
29
9
27
8
20
9
99
8
18
9
32
8
15
9
62
9
99
9
11
8
90
9
91
9
33
9
73
9
73
9
13
9
61
8
70
9
99
9
19
9
20
0
80
11
53
9
90
12
24
9
81
9
9
9
71
9
34
9
12
9
33
9
60
8
20
9
73
9
99
9
51
9
42
11
23
9
18
0
90
9
93
9
80
9
50
9
86
9
28
9
12
9
61
1
69
8
99
9
72
12
24
9
68
9
14
9
72
8
10
9
38
8
60
9
11
9
13
9
99
9
74
9
32
1
78
8
99
9
49
10
52
9
13
9
49
8
60
12
54
8
40
9
99
9
61
9
12
9
63
8
9
9
34
9
39
9
50
11
23
0
10
9
81
9
61
9
31
8
99
9
73
8
32
9
21
9
62
8
18
9
41
9
81
9
62
9
94
8
20
8
40
9
33
9
21
11
23
0
60
9
61
0
20
9
42
8
12
9
13
9
59
9
31
9
29
9
62
9
68
10
82
9
8
8
85
9
33
9
10
9
92
8
70
9
22
9
50
9
78
0
60
9
99
0
90
9
92
10
82
9
78
9
81
12
84
9
8
8
40
9
99
9
62
9
69
9
32
8
30
8
79
2
71
2
40
9
12
9
38
8
69
9
30
9
69
9
67
12
84
10
52
9
42
9
62
9
32
9
93
9
61
10
82
8
50
9
99
8
30
9
8
8
89
9
41
9
60
9
88
8
10
9
11
9
71
9
98
9
63
11
23
9
9
8
20
9
40
9
99
12
54
8
80
1
89
8
90
8
99
9
99
9
74
9
93
0
80
9
79
9
91
8
28
10
52
9
99
9
31
8
10
9
92
9
99
8
60
9
51
9
44
9
32
9
78
9
90
9
41
4
24
9
21
9
43
9
10
9
64
9
40
9
16
2
49
8
78
1
9
9
44
10
52
9
99
8
79
8
80
9
44
9
20
8
70
9
99
0
63
8
8
