19
62
17
29
9
99
9
74
19
92
0
20
19
91
9
94
9
99
9
34
18
30
9
74
9
94
18
60
9
64
19
91
19
33
18
30
9
74
17
29
16
28
9
99
19
92
9
94
9
94
17
89
16
88
19
61
17
29
9
74
9
94
19
33
9
14
9
74
16
88
9
64
9
74
18
30
9
64
9
74
15
87
9
14
19
62
9
94
18
90
9
44
9
74
9
44
9
14
17
89
9
64
9
34
9
74
9
44
16
58
19
62
19
33
9
99
9
74
19
31
9
14
9
64
16
58
19
63
9
14
9
14
9
14
9
99
0
30
9
64
9
44
9
64
9
99
9
74
18
90
9
14
9
44
9
94
9
44
18
30
9
94
9
44
9
99
9
34
19
61
9
44
9
74
9
94
0
90
9
99
16
88
17
89
9
99
9
34
9
99
9
44
19
31
9
94
9
64
19
31
9
94
9
99
9
94
9
44
9
64
15
57
9
14
9
74
9
34
0
20
17
59
9
64
9
44
17
59
17
89
9
44
16
28
17
89
17
89
9
94
9
14
9
99
9
14
18
60
19
61
9
74
17
89
17
29
17
89
9
99
9
14
17
89
9
11
19
93
9
64
18
30
9
64
9
14
17
89
9
74
19
91
9
94
9
6
19
62
9
34
9
34
9
14
9
64
9
94
9
44
9
34
4
90
19
33
16
28
9
74
9
94
9
34
9
14
18
90
9
14
18
60
19
33
19
31
9
34
19
63
18
90
9
94
9
94
9
99
9
64
9
44
9
14
19
62
9
94
9
99
9
34
9
34
9
44
9
94
9
99
9
99
9
34
9
64
9
74
19
91
17
29
9
94
9
34
9
74
9
14
9
74
18
30
9
94
9
34
9
99
0
80
9
14
9
99
9
64
9
44
19
92
19
92
9
99
9
99
9
14
9
34
15
57
15
57
9
99
9
44
9
74
19
33
9
99
9
94
9
99
16
88
9
74
9
34
9
74
17
29
9
14
9
99
9
67
9
94
9
14
9
34
9
46
17
29
17
89
9
44
9
64
17
29
15
87
9
34
17
59
9
44
18
30
9
74
9
44
16
88
9
14
17
89
17
89
9
99
9
44
9
44
9
14
9
14
16
58
19
31
9
99
9
34
9
99
9
34
9
99
9
44
19
63
9
94
16
58
9
14
9
14
9
14
9
94
9
64
9
94
17
89
17
29
9
94
18
90
9
99
17
59
19
62
9
99
9
74
9
74
9
99
9
14
9
74
9
94
9
34
18
60
19
82
17
59
9
74
17
29
9
14
9
34
9
44
9
34
9
14
9
99
19
91
9
74
9
14
1
11
17
59
9
74
9
44
0
0
18
30
18
90
9
74
9
64
9
14
19
93
9
14
16
58
19
61
9
14
19
93
9
99
9
14
9
14
19
31
15
57
9
74
19
61
9
44
9
64
19
91
16
28
9
74
9
94
9
99
9
99
9
57
9
99
9
44
9
94
9
14
18
60
9
34
9
34
9
14
9
64
9
44
18
30
19
82
9
34
9
44
9
74
19
33
19
62
9
74
19
92
0
0
9
14
9
94
9
74
9
74
9
74
9
34
17
59
1
89
9
64
9
94
9
44
9
34
4
39
1
45
18
90
9
99
9
14
17
89
17
89
9
94
9
14
3
19
17
59
9
64
9
44
17
29
17
59
9
74
9
44
19
92
9
99
9
44
0
20
9
74
9
94
15
87
19
62
9
44
9
48
9
99
18
90
9
94
9
8
9
44
9
44
17
59
17
29
18
30
9
74
19
32
9
8
9
44
9
74
9
14
9
14
9
99
9
44
19
32
9
99
9
34
0
60
9
44
9
74
9
64
9
14
9
64
18
90
18
22
2
59
15
57
9
74
9
14
9
94
18
30
9
64
9
34
9
14
9
44
9
34
19
61
9
74
9
34
9
63
9
94
9
99
9
64
17
59
17
29
19
91
9
94
9
64
9
44
16
28
19
91
9
14
9
34
9
31
18
60
9
99
9
99
9
94
9
44
9
34
15
27
9
44
9
34
17
89
9
34
2
29
9
94
9
94
9
74
18
60
9
99
9
14
9
6
9
74
9
44
9
44
19
92
19
91
9
94
9
78
9
64
9
74
17
59
18
30
19
62
9
99
9
14
19
33
9
34
9
64
19
32
9
99
9
34
9
14
9
74
9
14
17
59
9
44
9
94
9
14
9
94
9
44
9
99
18
90
9
94
19
92
9
14
9
99
9
99
18
30
9
94
9
64
9
94
15
87
16
88
9
64
9
14
9
94
19
92
9
34
18
60
18
60
9
94
9
94
17
29
19
93
9
44
9
34
9
44
9
94
19
92
9
34
17
29
9
14
17
89
19
92
15
57
9
74
4
10
9
99
9
14
9
34
9
14
19
32
9
64
9
99
9
64
9
34
19
61
19
32
9
94
9
34
1
59
9
74
17
89
9
74
9
94
9
99
19
61
19
91
9
64
9
34
9
34
9
14
9
34
9
14
9
99
4
79
17
59
9
74
19
91
19
92
9
99
9
64
19
62
0
10
16
28
17
89
9
99
19
91
9
48
19
63
9
74
9
99
2
9
9
64
9
64
9
44
9
14
9
64
1
69
9
99
9
44
9
13
9
14
9
14
9
99
9
74
0
70
19
92
9
14
9
64
18
30
9
44
9
44
19
63
9
14
0
0
9
94
9
94
9
34
16
28
9
99
17
89
9
14
9
44
19
93
18
60
9
34
9
44
9
94
9
44
9
74
19
93
9
74
9
14
9
64
9
28
17
89
9
34
15
57
4
39
9
74
9
99
9
64
0
44
9
34
9
34
9
34
9
99
9
64
9
99
9
64
9
86
9
94
9
94
9
99
19
91
9
94
9
34
19
91
17
29
19
91
9
99
0
37
17
59
9
99
9
64
15
87
17
59
9
64
19
92
9
64
9
94
9
94
17
89
16
58
9
64
9
99
9
64
9
44
19
31
19
62
9
74
9
99
9
99
9
99
18
30
9
14
9
14
9
99
16
88
19
91
9
94
9
44
9
99
9
14
9
99
9
62
9
94
19
31
9
94
9
34
9
74
19
91
3
89
16
28
9
64
18
90
0
90
9
44
9
99
1
9
17
29
9
14
9
74
9
34
1
29
9
99
9
27
9
99
9
64
19
63
9
74
9
34
9
74
9
34
9
99
9
34
9
44
9
44
19
61
8
35
9
99
17
59
9
99
9
74
9
44
9
99
9
99
9
99
9
14
9
44
9
94
9
14
9
99
17
59
9
86
19
32
9
31
17
29
9
34
9
64
19
92
9
14
9
6
9
44
16
58
9
74
18
60
9
94
18
30
2
99
9
99
9
44
18
90
9
74
9
74
9
99
9
99
19
32
9
74
0
70
9
64
9
99
9
99
18
90
9
99
9
64
18
30
18
60
9
74
9
14
9
14
9
99
18
30
4
68
9
74
9
44
9
94
9
94
8
5
9
94
9
44
17
59
9
64
9
14
9
99
17
29
9
34
4
89
9
94
19
93
9
6
19
32
9
34
9
27
17
29
9
99
15
27
9
34
8
15
9
64
9
99
9
14
9
94
9
94
9
34
9
74
9
74
9
13
9
64
9
74
9
99
16
28
17
29
0
80
19
62
9
94
19
33
18
90
9
14
9
74
9
34
9
14
9
34
9
64
17
29
9
73
9
99
18
60
9
44
19
32
15
27
0
90
9
94
17
89
17
59
9
86
9
34
9
14
9
64
1
69
9
99
9
74
19
33
9
74
9
14
9
74
9
14
9
44
9
64
9
14
9
14
9
99
9
74
9
34
1
79
9
99
16
58
19
61
9
14
16
58
9
64
19
63
9
44
9
99
9
64
9
14
9
64
9
14
9
34
9
44
17
59
19
32
0
10
18
90
9
64
9
34
9
99
9
74
9
32
18
30
9
64
15
27
9
44
18
90
9
64
9
94
17
29
9
44
9
34
18
30
19
32
0
60
9
64
0
20
9
44
9
12
9
13
9
64
9
34
9
34
9
64
9
68
19
91
9
14
8
85
9
34
9
14
9
94
9
74
18
22
17
59
15
87
0
60
9
99
0
90
9
94
19
91
15
87
18
90
19
93
9
14
9
44
9
99
9
64
9
74
9
34
9
34
16
88
2
71
2
40
9
14
9
38
9
74
9
34
9
74
9
67
19
93
19
61
9
44
9
64
9
34
9
94
9
64
19
91
17
59
9
99
9
34
9
14
9
94
9
44
9
64
9
94
9
14
9
14
9
74
9
98
9
64
19
32
9
14
17
29
9
44
9
99
19
63
17
89
1
89
9
94
9
99
9
99
9
74
9
94
0
80
16
88
9
94
9
34
19
61
9
99
9
34
9
14
9
94
9
99
9
64
18
60
9
44
9
34
15
87
9
94
9
44
4
24
18
30
9
44
9
14
9
64
9
44
9
16
2
49
15
87
1
9
9
44
19
61
9
99
16
88
17
89
9
44
17
29
9
74
9
99
0
63
9
14
