18
60
15
27
9
99
9
74
18
90
0
20
17
89
9
94
9
99
9
34
16
28
9
74
9
94
16
58
9
64
17
89
19
31
16
28
9
74
15
27
14
26
9
99
18
90
9
94
9
94
15
87
14
86
17
59
15
27
9
74
9
94
19
31
9
14
9
74
14
86
9
64
9
74
16
28
9
64
9
74
13
85
9
14
18
60
9
94
16
88
9
44
9
74
9
44
9
14
15
87
9
64
9
34
9
74
9
44
14
56
18
60
19
31
9
99
9
74
17
29
9
14
9
64
14
56
19
61
9
14
9
14
9
14
9
99
0
30
9
64
9
44
9
64
9
99
9
74
16
88
9
14
9
44
9
94
9
44
16
28
9
94
9
44
9
99
9
34
17
59
9
44
9
74
9
94
0
90
9
99
14
86
15
87
9
99
9
34
9
99
9
44
17
29
9
94
9
64
17
29
9
94
9
99
9
94
9
44
9
64
13
55
9
14
9
74
9
34
0
20
15
57
9
64
9
44
15
57
15
87
9
44
14
26
15
87
15
87
9
94
9
14
9
99
9
14
16
58
17
59
9
74
15
87
15
27
15
87
9
99
9
14
15
87
9
11
19
91
9
64
16
28
9
64
9
14
15
87
9
74
17
89
9
94
9
6
18
60
9
34
9
34
9
14
9
64
9
94
9
44
9
34
4
90
19
31
14
26
9
74
9
94
9
34
9
14
16
88
9
14
16
58
19
31
17
29
9
34
19
61
16
88
9
94
9
94
9
99
9
64
9
44
9
14
18
60
9
94
9
99
9
34
9
34
9
44
9
94
9
99
9
99
9
34
9
64
9
74
17
89
15
27
9
94
9
34
9
74
9
14
9
74
16
28
9
94
9
34
9
99
0
80
9
14
9
99
9
64
9
44
18
90
18
90
9
99
9
99
9
14
9
34
13
55
13
55
9
99
9
44
9
74
19
31
9
99
9
94
9
99
14
86
9
74
9
34
9
74
15
27
9
14
9
99
9
67
9
94
9
14
9
34
9
46
15
27
15
87
9
44
9
64
15
27
13
85
9
34
15
57
9
44
16
28
9
74
9
44
14
86
9
14
15
87
15
87
9
99
9
44
9
44
9
14
9
14
14
56
17
29
9
99
9
34
9
99
9
34
9
99
9
44
19
61
9
94
14
56
9
14
9
14
9
14
9
94
9
64
9
94
15
87
15
27
9
94
16
88
9
99
15
57
18
60
9
99
9
74
9
74
9
99
9
14
9
74
9
94
9
34
16
58
18
82
15
57
9
74
15
27
9
14
9
34
9
44
9
34
9
14
9
99
17
89
9
74
9
14
1
11
15
57
9
74
9
44
0
0
16
28
16
88
9
74
9
64
9
14
19
91
9
14
14
56
17
59
9
14
19
91
9
99
9
14
9
14
17
29
13
55
9
74
17
59
9
44
9
64
17
89
14
26
9
74
9
94
9
99
9
99
9
57
9
99
9
44
9
94
9
14
16
58
9
34
9
34
9
14
9
64
9
44
16
28
17
82
9
34
9
44
9
74
19
31
18
60
9
74
18
90
0
0
9
14
9
94
9
74
9
74
9
74
9
34
15
57
1
89
9
64
9
94
9
44
9
34
4
39
1
45
16
88
9
99
9
14
15
87
15
87
9
94
9
14
3
19
15
57
9
64
9
44
15
27
15
57
9
74
9
44
18
90
9
99
9
44
0
20
9
74
9
94
13
85
18
60
9
44
9
48
9
99
16
88
9
94
9
8
9
44
9
44
15
57
15
27
16
28
9
74
18
30
9
8
9
44
9
74
9
14
9
14
9
99
9
44
18
30
9
99
9
34
0
60
9
44
9
74
9
64
9
14
9
64
16
88
16
22
2
59
13
55
9
74
9
14
9
94
16
28
9
64
9
34
9
14
9
44
9
34
17
59
9
74
9
34
9
63
9
94
9
99
9
64
15
57
15
27
17
89
9
94
9
64
9
44
14
26
17
89
9
14
9
34
9
31
16
58
9
99
9
99
9
94
9
44
9
34
13
25
9
44
9
34
15
87
9
34
2
29
9
94
9
94
9
74
16
58
9
99
9
14
9
6
9
74
9
44
9
44
18
90
17
89
9
94
9
78
9
64
9
74
15
57
16
28
18
60
9
99
9
14
19
31
9
34
9
64
18
30
9
99
9
34
9
14
9
74
9
14
15
57
9
44
9
94
9
14
9
94
9
44
9
99
16
88
9
94
18
90
9
14
9
99
9
99
16
28
9
94
9
64
9
94
13
85
14
86
9
64
9
14
9
94
18
90
9
34
16
58
16
58
9
94
9
94
15
27
19
91
9
44
9
34
9
44
9
94
18
90
9
34
15
27
9
14
15
87
18
90
13
55
9
74
4
10
9
99
9
14
9
34
9
14
18
30
9
64
9
99
9
64
9
34
17
59
18
30
9
94
9
34
1
59
9
74
15
87
9
74
9
94
9
99
17
59
17
89
9
64
9
34
9
34
9
14
9
34
9
14
9
99
4
79
15
57
9
74
17
89
18
90
9
99
9
64
18
60
0
10
14
26
15
87
9
99
17
89
9
48
19
61
9
74
9
99
2
9
9
64
9
64
9
44
9
14
9
64
1
69
9
99
9
44
9
13
9
14
9
14
9
99
9
74
0
70
18
90
9
14
9
64
16
28
9
44
9
44
19
61
9
14
0
0
9
94
9
94
9
34
14
26
9
99
15
87
9
14
9
44
19
91
16
58
9
34
9
44
9
94
9
44
9
74
19
91
9
74
9
14
9
64
9
28
15
87
9
34
13
55
4
39
9
74
9
99
9
64
0
44
9
34
9
34
9
34
9
99
9
64
9
99
9
64
9
86
9
94
9
94
9
99
17
89
9
94
9
34
17
89
15
27
17
89
9
99
0
37
15
57
9
99
9
64
13
85
15
57
9
64
18
90
9
64
9
94
9
94
15
87
14
56
9
64
9
99
9
64
9
44
17
29
18
60
9
74
9
99
9
99
9
99
16
28
9
14
9
14
9
99
14
86
17
89
9
94
9
44
9
99
9
14
9
99
9
62
9
94
17
29
9
94
9
34
9
74
17
89
3
89
14
26
9
64
16
88
0
90
9
44
9
99
1
9
15
27
9
14
9
74
9
34
1
29
9
99
9
27
9
99
9
64
19
61
9
74
9
34
9
74
9
34
9
99
9
34
9
44
9
44
17
59
8
35
9
99
15
57
9
99
9
74
9
44
9
99
9
99
9
99
9
14
9
44
9
94
9
14
9
99
15
57
9
86
18
30
9
31
15
27
9
34
9
64
18
90
9
14
9
6
9
44
14
56
9
74
16
58
9
94
16
28
2
99
9
99
9
44
16
88
9
74
9
74
9
99
9
99
18
30
9
74
0
70
9
64
9
99
9
99
16
88
9
99
9
64
16
28
16
58
9
74
9
14
9
14
9
99
16
28
4
68
9
74
9
44
9
94
9
94
8
5
9
94
9
44
15
57
9
64
9
14
9
99
15
27
9
34
4
89
9
94
19
91
9
6
18
30
9
34
9
27
15
27
9
99
13
25
9
34
8
15
9
64
9
99
9
14
9
94
9
94
9
34
9
74
9
74
9
13
9
64
9
74
9
99
14
26
15
27
0
80
18
60
9
94
19
31
16
88
9
14
9
74
9
34
9
14
9
34
9
64
15
27
9
73
9
99
16
58
9
44
18
30
13
25
0
90
9
94
15
87
15
57
9
86
9
34
9
14
9
64
1
69
9
99
9
74
19
31
9
74
9
14
9
74
9
14
9
44
9
64
9
14
9
14
9
99
9
74
9
34
1
79
9
99
14
56
17
59
9
14
14
56
9
64
19
61
9
44
9
99
9
64
9
14
9
64
9
14
9
34
9
44
15
57
18
30
0
10
16
88
9
64
9
34
9
99
9
74
9
32
16
28
9
64
13
25
9
44
16
88
9
64
9
94
15
27
9
44
9
34
16
28
18
30
0
60
9
64
0
20
9
44
9
12
9
13
9
64
9
34
9
34
9
64
9
68
17
89
9
14
8
85
9
34
9
14
9
94
9
74
16
22
15
57
13
85
0
60
9
99
0
90
9
94
17
89
13
85
16
88
19
91
9
14
9
44
9
99
9
64
9
74
9
34
9
34
14
86
2
71
2
40
9
14
9
38
9
74
9
34
9
74
9
67
19
91
17
59
9
44
9
64
9
34
9
94
9
64
17
89
15
57
9
99
9
34
9
14
9
94
9
44
9
64
9
94
9
14
9
14
9
74
9
98
9
64
18
30
9
14
15
27
9
44
9
99
19
61
15
87
1
89
9
94
9
99
9
99
9
74
9
94
0
80
14
86
9
94
9
34
17
59
9
99
9
34
9
14
9
94
9
99
9
64
16
58
9
44
9
34
13
85
9
94
9
44
4
24
16
28
9
44
9
14
9
64
9
44
9
16
2
49
13
85
1
9
9
44
17
59
9
99
14
86
15
87
9
44
15
27
9
74
9
99
0
63
9
14
