7
37
6
83
4
89
4
29
7
44
4
85
7
94
5
39
4
9
4
38
5
65
4
86
4
7
7
44
6
9
5
19
6
24
5
36
4
59
4
59
4
39
7
79
4
64
7
14
7
29
5
26
7
69
7
24
5
39
6
69
6
4
7
89
4
69
6
38
3
38
3
53
3
59
3
65
4
15
5
99
4
59
4
76
5
69
7
59
6
89
3
44
3
49
4
84
4
79
3
99
4
9
5
39
5
35
7
8
6
56
3
29
4
44
5
34
3
73
3
38
5
48
7
86
6
39
4
93
5
35
4
99
3
9
3
98
4
9
6
44
3
19
5
13
4
94
4
29
5
4
6
13
7
8
6
74
3
59
5
25
6
9
0
60
7
67
4
69
5
24
3
56
5
57
3
66
4
69
7
69
3
46
7
87
6
8
6
63
6
19
3
49
5
93
4
45
6
57
3
15
4
69
3
56
5
45
4
34
6
99
5
77
6
69
6
99
4
95
7
89
6
94
6
58
4
6
6
34
4
27
7
46
0
30
4
99
3
98
6
89
3
76
7
69
5
95
5
39
0
20
5
86
6
27
6
19
4
65
5
99
6
8
5
99
7
9
6
59
6
69
3
19
4
19
4
35
5
39
5
83
3
7
3
49
4
17
6
64
3
19
7
89
5
78
4
49
7
99
3
13
3
53
4
26
7
39
4
47
7
59
5
56
5
17
4
39
0
80
4
19
4
63
4
98
3
47
4
27
6
33
5
74
5
63
6
59
3
59
6
28
4
95
3
68
4
47
6
98
7
47
6
93
4
7
6
89
5
58
6
29
7
45
7
89
4
5
3
88
4
56
4
33
7
84
7
67
3
28
7
9
6
49
6
69
4
89
6
29
4
74
3
85
7
46
5
49
6
69
7
99
3
16
5
99
3
25
7
79
6
86
4
5
5
77
4
99
7
4
5
79
5
55
6
93
4
59
5
38
3
19
4
59
3
59
6
29
3
9
5
44
6
39
3
28
7
58
5
89
7
58
3
9
5
88
6
38
6
69
3
86
7
9
3
47
6
4
7
94
4
35
3
73
3
83
7
47
5
16
3
18
4
59
3
34
5
19
0
80
5
56
3
95
3
85
4
25
4
49
7
88
5
64
4
73
7
38
3
7
6
89
7
49
7
28
5
29
4
95
7
47
5
3
4
33
4
18
7
66
3
85
6
9
6
94
7
45
5
54
4
36
3
9
4
57
0
0
5
86
3
37
3
65
6
96
6
59
4
83
5
47
7
69
3
98
4
29
6
19
6
69
7
59
3
57
7
89
7
75
4
3
3
26
3
33
6
8
5
89
4
33
7
66
6
39
3
3
6
58
3
77
4
45
5
53
3
54
3
6
7
9
4
48
3
59
4
17
7
49
7
9
4
65
3
66
4
29
0
90
6
39
6
73
0
30
3
9
6
39
6
48
4
89
5
95
5
88
3
44
5
44
5
74
6
47
6
95
6
49
7
85
4
19
7
47
4
67
5
6
5
69
0
90
7
6
3
37
5
47
3
7
4
16
6
77
3
68
6
39
6
39
7
64
3
29
7
89
5
33
7
88
4
65
5
36
3
69
5
78
3
4
6
76
4
49
7
99
7
79
4
77
3
9
2
16
6
14
6
94
5
26
6
69
7
89
7
49
3
99
0
90
7
19
4
15
3
93
4
96
3
17
6
19
6
25
4
9
3
89
4
55
5
64
5
86
6
49
4
76
2
77
4
89
4
67
6
66
3
47
6
69
6
18
3
84
2
29
4
87
4
44
7
58
4
79
5
78
3
4
3
16
3
24
0
50
7
19
5
49
3
39
4
76
4
44
6
99
6
93
4
56
7
69
4
53
3
36
6
89
3
45
1
89
5
65
3
39
3
9
4
89
5
49
3
24
5
9
5
19
1
79
7
99
6
36
5
5
5
44
3
79
1
49
5
99
5
13
7
9
3
29
5
57
7
15
7
59
3
6
4
83
7
27
5
79
3
39
7
36
4
69
7
64
6
97
3
4
1
98
7
36
6
86
7
84
5
46
4
19
5
6
3
89
6
33
4
55
4
33
4
58
0
0
7
9
6
69
3
19
1
44
4
29
3
9
6
87
5
59
6
9
5
8
5
28
6
69
6
94
3
45
4
53
5
8
5
25
4
34
5
49
5
55
3
29
7
79
4
49
4
34
7
69
0
13
5
73
5
23
6
86
7
89
6
4
7
39
5
59
4
29
5
28
4
49
6
29
3
13
4
69
7
15
7
85
5
87
7
89
6
95
3
85
6
48
6
15
7
49
5
47
5
34
6
55
6
83
3
89
3
39
4
57
5
59
7
99
6
29
5
7
6
49
6
68
7
57
6
85
3
89
3
47
5
6
6
24
0
80
5
55
4
39
4
57
7
46
4
89
3
8
6
75
3
9
4
49
6
89
5
96
5
3
5
59
0
50
3
45
4
19
6
69
4
16
6
86
3
59
2
68
4
26
7
18
6
33
0
10
6
47
0
10
4
37
5
89
5
33
7
79
3
4
6
59
7
99
3
28
7
89
4
89
6
46
3
6
5
97
7
17
4
19
4
49
7
39
6
59
7
5
3
76
6
13
3
39
7
45
3
19
7
94
3
23
6
58
4
69
3
19
4
48
7
39
5
78
5
9
6
9
6
79
5
49
0
13
6
58
6
59
5
35
6
46
3
27
6
23
3
28
7
4
7
85
6
47
5
23
5
89
0
85
5
79
6
86
7
59
7
4
5
19
4
56
4
46
7
68
7
39
4
17
4
8
7
49
7
59
4
29
3
17
1
73
3
25
6
69
5
78
6
99
7
29
5
67
7
27
6
58
6
88
0
14
5
35
5
99
3
97
3
55
7
69
6
87
6
87
4
5
3
39
6
83
5
77
0
90
3
65
6
83
4
9
5
17
3
79
3
37
5
39
7
49
3
8
6
99
6
19
4
29
5
88
4
79
4
96
6
9
3
56
1
86
6
66
7
48
3
98
3
9
7
54
6
36
4
96
3
56
3
89
7
79
6
69
3
74
4
69
7
87
6
37
5
29
7
46
4
23
4
84
7
49
4
59
5
95
4
44
4
49
5
35
7
37
3
89
3
28
6
17
7
39
3
18
5
83
5
16
7
29
5
69
7
67
7
79
4
89
3
9
6
39
3
43
4
49
5
39
7
76
3
9
5
63
4
13
6
24
6
35
3
19
3
15
3
19
7
98
5
29
4
57
3
58
7
88
7
67
4
19
6
69
3
73
7
9
6
99
5
95
4
25
7
44
3
9
5
29
3
29
3
17
5
37
4
63
0
60
6
76
3
9
7
56
1
13
6
29
3
24
5
93
5
93
4
98
3
18
7
79
4
48
6
35
4
5
3
59
7
87
7
69
7
4
3
9
3
37
3
89
5
88
5
74
3
39
7
56
6
9
7
17
1
19
0
30
5
99
4
39
5
56
4
63
4
7
4
9
6
59
6
39
5
99
4
29
4
75
6
18
1
63
6
67
3
14
7
17
4
66
5
17
5
69
5
56
6
79
7
28
7
89
7
75
7
9
5
79
0
50
4
86
6
59
3
56
3
49
6
75
4
16
5
77
4
39
3
89
7
19
3
69
4
25
3
13
3
18
3
15
6
73
5
28
5
25
5
16
7
19
6
59
3
47
4
38
7
54
6
59
5
89
5
43
6
49
7
78
3
27
1
89
5
69
5
65
6
28
7
95
4
14
5
49
7
76
3
36
5
9
5
29
3
63
5
44
7
39
3
69
5
54
6
69
5
59
7
29
6
59
5
39
3
73
4
73
3
54
7
29
6
65
6
74
5
99
3
77
6
77
7
39
6
24
3
26
4
86
1
84
0
50
5
56
6
15
5
79
5
17
6
93
5
19
4
9
5
39
4
39
4
8
5
49
7
39
6
7
6
49
5
69
3
8
3
9
6
99
3
75
3
28
3
96
7
25
6
6
4
29
4
33
5
69
6
9
3
57
4
45
6
27
3
87
7
46
3
45
4
49
3
53
5
38
5
27
4
65
7
67
6
98
5
43
5
6
3
89
4
91
4
48
7
56
3
9
5
5
5
8
3
76
6
59
0
90
4
58
4
79
6
99
4
6
4
4
5
19
4
86
7
38
6
48
4
99
7
15
4
59
4
64
3
29
4
59
5
9
7
89
5
49
5
99
6
7
4
87
5
9
5
18
6
62
7
66
6
19
4
25
3
45
7
64
4
58
6
28
6
19
4
99
7
8
7
49
5
65
6
29
7
74
6
14
6
64
4
35
7
75
3
17
0
60
3
63
5
8
6
13
6
26
5
89
5
89
3
29
3
55
5
29
4
33
3
79
6
7
4
79
4
58
5
78
3
79
6
56
1
29
6
89
6
69
7
79
3
78
4
49
3
39
6
65
5
83
5
69
7
29
5
9
5
16
4
46
3
95
3
75
5
69
6
6
6
49
5
49
3
67
6
37
5
19
7
74
4
4
4
37
5
43
1
89
5
16
6
74
