9
42
9
88
9
91
9
31
9
49
9
90
9
99
9
42
9
11
9
41
9
70
9
91
9
11
9
49
9
13
10
22
9
29
9
41
9
61
9
61
9
41
12
84
9
69
9
19
9
34
9
31
9
74
9
29
9
42
9
73
9
9
9
94
9
71
9
43
8
40
8
58
8
60
8
70
9
20
9
99
9
61
9
81
9
72
9
64
9
93
8
49
8
50
9
89
9
81
8
99
9
11
9
42
9
40
9
13
9
61
8
30
9
49
9
39
8
78
8
40
10
52
9
91
9
43
9
98
9
40
9
99
8
10
8
99
9
11
9
49
8
20
9
18
9
99
9
31
9
9
9
18
9
13
9
79
8
60
9
30
9
13
0
60
9
72
9
71
9
29
8
60
9
62
8
70
9
71
9
74
8
50
9
92
9
13
9
68
11
23
8
50
9
98
9
50
9
62
8
20
9
71
8
60
9
50
9
39
9
99
10
82
9
73
9
99
9
99
9
94
9
99
9
63
9
11
9
39
9
31
9
51
0
30
9
99
8
99
9
93
8
80
9
74
9
99
9
42
0
20
9
91
9
32
11
23
9
70
9
99
9
13
9
99
9
14
9
63
9
73
8
20
9
21
9
40
9
42
9
88
8
10
8
50
9
21
9
69
8
20
9
94
10
82
9
51
9
99
8
18
8
58
9
31
9
44
9
51
9
64
9
61
10
22
9
41
0
80
9
21
9
68
9
99
8
50
9
31
9
38
9
79
9
68
9
63
8
60
9
33
9
99
8
70
9
51
9
99
10
52
9
98
9
11
9
93
9
62
9
33
9
50
9
94
9
10
8
90
9
61
9
38
9
89
9
72
8
30
9
14
11
53
9
73
9
91
9
33
9
79
8
90
9
51
10
52
9
73
9
99
8
20
9
99
8
30
12
84
9
91
9
10
10
82
9
99
9
9
10
82
9
60
9
98
9
61
9
42
8
20
9
61
8
60
9
33
8
10
9
49
9
43
8
30
9
63
9
92
9
63
8
10
9
92
9
43
9
73
8
90
9
14
8
50
9
9
9
99
9
40
8
78
8
88
10
52
9
21
8
20
9
61
8
39
10
22
0
80
9
61
8
99
8
90
9
30
9
51
9
93
9
69
9
78
9
43
8
10
9
93
12
54
9
33
9
32
9
99
10
52
9
8
9
38
9
21
9
71
8
90
9
13
9
99
9
50
9
59
9
41
8
10
9
61
0
0
9
91
8
40
8
70
9
99
9
63
9
88
10
52
9
74
8
99
9
31
11
23
9
73
9
64
8
60
9
94
9
80
9
8
8
30
8
38
9
13
9
92
9
38
9
71
9
43
8
8
9
63
8
80
9
50
9
58
8
59
8
10
9
14
9
51
8
60
9
21
12
54
9
14
9
70
8
70
9
31
0
90
9
43
9
78
0
30
8
10
9
43
11
53
9
91
9
99
9
92
8
49
9
49
9
79
10
52
9
99
11
53
9
90
9
21
10
52
9
71
9
11
9
72
0
90
9
11
8
40
10
52
8
10
9
21
10
82
8
70
9
43
9
43
9
69
8
30
9
94
9
38
9
93
4
69
9
41
8
70
10
82
8
9
9
81
9
51
9
99
12
84
9
81
8
10
2
19
9
19
9
99
9
31
9
73
9
94
12
54
8
99
0
90
12
24
9
20
8
98
9
99
8
20
11
23
9
30
9
11
8
90
9
60
9
69
9
91
11
53
9
81
2
79
9
91
9
71
9
71
8
50
9
73
11
23
8
89
2
29
9
91
9
49
9
63
9
81
10
82
8
9
8
20
3
29
0
50
12
24
10
52
8
40
9
81
9
49
9
99
9
98
9
61
9
74
9
58
8
40
9
93
3
49
1
89
9
70
8
40
8
10
9
91
10
52
8
29
9
12
10
22
1
79
9
99
9
41
9
10
9
49
8
80
1
49
9
99
9
18
9
14
8
30
9
62
9
20
9
64
8
10
9
88
9
32
10
82
8
40
9
41
9
71
9
69
9
99
8
9
1
99
9
41
9
91
9
89
9
51
9
21
9
11
8
90
9
38
9
60
9
38
9
61
0
0
9
14
9
73
8
20
1
49
9
31
8
10
9
92
9
62
9
13
9
12
9
32
9
73
9
94
8
50
9
58
9
12
9
30
9
39
10
52
9
60
8
30
12
84
9
51
9
39
9
74
0
13
9
78
9
28
9
91
9
94
9
9
9
44
9
62
9
31
9
32
9
51
9
33
8
18
9
71
9
20
9
90
9
92
9
94
9
99
8
90
11
53
9
20
12
54
10
52
9
39
9
60
9
88
8
90
8
40
9
61
9
62
9
99
9
33
9
12
11
53
9
73
9
62
9
90
8
90
8
50
9
11
9
29
0
80
9
60
9
41
9
61
9
51
9
91
8
10
9
80
8
10
9
51
9
93
9
99
9
8
9
62
0
50
8
50
9
21
9
73
9
21
9
91
8
60
2
69
9
31
11
23
9
38
0
10
10
52
0
10
9
41
9
92
9
38
12
84
8
9
9
63
9
99
8
30
9
94
9
91
9
51
8
10
9
99
10
22
9
21
9
51
9
44
9
63
9
10
8
80
9
18
3
39
9
50
8
20
9
99
8
28
9
63
9
71
8
20
9
51
9
44
10
82
9
12
9
13
11
83
10
52
0
13
9
63
9
63
9
40
9
51
8
30
9
28
8
30
9
9
9
90
10
52
9
28
9
92
0
85
10
82
9
91
9
64
9
9
10
22
9
61
9
51
9
73
9
44
4
19
9
11
12
54
9
64
9
31
8
20
1
78
3
29
9
73
10
82
9
99
9
34
9
72
9
32
9
63
9
93
0
14
9
40
9
99
8
99
8
60
9
74
9
92
9
92
9
10
8
40
9
88
10
82
0
90
8
70
9
88
9
11
10
22
8
80
8
40
9
42
12
54
8
10
9
99
11
23
9
31
9
92
4
79
9
99
9
13
8
60
1
89
9
71
11
53
8
99
8
9
9
59
9
41
9
99
8
60
8
90
12
84
9
73
8
79
9
71
9
92
9
42
9
32
9
51
9
28
9
89
12
54
9
61
8
95
9
49
9
51
9
40
9
42
8
90
8
30
10
22
9
44
8
20
9
88
9
21
9
34
9
72
9
72
12
84
9
91
8
10
9
43
8
48
9
51
9
42
9
81
8
10
9
68
9
18
9
29
9
40
8
20
8
20
8
20
9
99
9
32
9
61
8
60
9
93
9
72
9
21
9
73
8
78
9
14
9
99
9
99
9
30
9
49
8
10
9
32
8
30
8
20
9
42
9
68
0
60
9
81
8
10
9
61
1
18
9
33
8
29
9
98
9
98
9
99
3
19
12
84
9
51
9
40
9
10
8
60
9
92
9
74
9
9
8
10
8
40
8
90
9
92
9
79
8
40
9
61
9
13
10
22
1
19
0
30
9
99
9
41
9
61
9
68
9
11
9
11
9
63
9
43
9
99
9
31
9
80
11
23
1
68
9
72
8
19
10
22
9
71
10
22
9
72
9
61
11
83
9
33
9
94
9
80
9
14
10
82
0
50
9
91
9
63
8
60
8
50
9
80
9
21
10
82
9
41
8
89
12
24
8
70
9
30
8
18
8
20
8
20
9
78
9
32
9
30
9
21
12
24
9
63
8
50
9
41
9
59
9
63
9
92
9
48
11
53
11
83
8
30
1
89
9
72
9
70
9
33
9
99
9
19
10
52
9
81
8
40
9
12
9
32
3
68
9
49
9
44
8
70
9
59
9
73
9
62
9
34
9
63
9
42
8
78
9
78
8
59
9
34
9
70
9
79
9
99
8
80
10
82
9
44
9
29
8
30
9
91
1
89
0
50
9
61
8
15
10
82
10
22
9
98
10
22
9
11
9
42
9
41
9
11
10
52
9
44
9
12
11
53
9
72
3
9
8
10
9
99
8
80
8
30
8
99
9
30
9
11
9
31
9
38
9
72
9
13
8
57
9
50
9
32
8
90
9
46
8
50
9
51
8
58
9
42
9
32
9
70
9
72
9
99
9
48
9
11
8
90
9
91
9
51
9
61
8
10
9
10
9
12
8
80
9
63
0
90
9
61
9
81
9
99
9
11
9
9
10
22
9
91
9
43
11
53
9
99
9
20
9
61
9
69
8
30
9
61
9
12
9
94
10
52
9
99
9
12
9
91
9
12
10
22
9
62
9
71
11
23
9
30
3
49
9
69
9
61
9
33
11
23
4
99
9
13
12
54
9
70
9
33
9
79
9
19
9
69
9
40
9
80
8
20
0
60
8
68
9
12
9
18
9
31
9
92
9
92
8
30
8
60
9
32
9
38
8
80
9
12
9
81
9
61
10
82
8
80
9
61
1
29
9
93
9
73
12
84
8
80
9
51
8
40
9
70
9
88
9
72
9
34
9
12
9
21
9
51
8
99
8
80
9
72
9
11
11
53
10
52
8
70
9
42
10
22
9
79
9
9
4
39
9
48
1
89
9
21
9
79
