8
38
7
84
5
89
5
29
8
45
5
86
8
95
6
39
5
9
5
39
6
66
5
87
5
8
8
45
7
9
6
19
7
25
6
37
5
59
5
59
5
39
8
80
5
65
8
15
8
30
6
27
8
70
8
25
6
39
7
69
7
5
8
90
5
69
7
39
4
39
4
54
4
59
4
66
5
16
6
99
5
59
5
77
6
69
8
60
7
89
4
45
4
49
5
85
5
79
4
99
5
9
6
39
6
36
8
9
7
57
4
29
5
45
6
35
4
74
4
39
6
49
8
87
7
39
5
94
6
36
5
99
4
9
4
99
5
9
7
45
4
19
6
14
5
95
5
29
6
5
7
14
8
9
7
75
4
59
6
26
7
9
0
60
8
68
5
69
6
25
4
57
6
58
4
67
5
69
8
70
4
47
8
88
7
9
7
64
7
19
4
49
6
94
5
46
7
58
4
16
5
69
4
57
6
46
5
35
7
99
6
78
7
69
7
99
5
96
8
90
7
95
7
59
5
7
7
35
5
28
8
47
0
30
5
99
4
99
7
89
4
77
8
70
6
96
6
39
0
20
6
87
7
28
7
19
5
66
6
99
7
9
6
99
8
10
7
59
7
69
4
19
5
19
5
36
6
39
6
84
4
8
4
49
5
18
7
65
4
19
8
90
6
79
5
49
8
99
4
14
4
54
5
27
8
40
5
48
8
60
6
57
6
18
5
39
0
80
5
19
5
64
5
99
4
48
5
28
7
34
6
75
6
64
7
59
4
59
7
29
5
96
4
69
5
48
7
99
8
48
7
94
5
8
7
89
6
59
7
29
8
46
8
90
5
6
4
89
5
57
5
34
8
85
8
68
4
29
8
10
7
49
7
69
5
89
7
29
5
75
4
86
8
47
6
49
7
69
8
99
4
17
6
99
4
26
8
80
7
87
5
6
6
78
5
99
8
5
6
79
6
56
7
94
5
59
6
39
4
19
5
59
4
59
7
29
4
9
6
45
7
39
4
29
8
59
6
89
8
59
4
9
6
89
7
39
7
69
4
87
8
10
4
48
7
5
8
95
5
36
4
74
4
84
8
48
6
17
4
19
5
59
4
35
6
19
0
80
6
57
4
96
4
86
5
26
5
49
8
89
6
65
5
74
8
39
4
8
7
89
8
50
8
29
6
29
5
96
8
48
6
4
5
34
5
19
8
67
4
86
7
9
7
95
8
46
6
55
5
37
4
9
5
58
0
0
6
87
4
38
4
66
7
97
7
59
5
84
6
48
8
70
4
99
5
29
7
19
7
69
8
60
4
58
8
90
8
76
5
4
4
27
4
34
7
9
6
89
5
34
8
67
7
39
4
4
7
59
4
78
5
46
6
54
4
55
4
7
8
10
5
49
4
59
5
18
8
50
8
10
5
66
4
67
5
29
0
90
7
39
7
74
0
30
4
9
7
39
7
49
5
89
6
96
6
89
4
45
6
45
6
75
7
48
7
96
7
49
8
86
5
19
8
48
5
68
6
7
6
69
0
90
8
7
4
38
6
48
4
8
5
17
7
78
4
69
7
39
7
39
8
65
4
29
8
90
6
34
8
89
4
66
6
37
4
69
6
79
4
5
7
77
5
49
8
99
8
80
5
78
4
9
2
17
7
15
7
95
6
27
7
69
8
90
8
50
4
99
0
90
8
20
5
16
4
94
5
97
4
18
7
19
7
26
5
9
4
89
5
56
6
65
6
87
7
49
5
77
2
78
5
89
5
68
7
67
4
48
7
69
7
19
4
85
2
29
5
88
5
45
8
59
5
79
6
79
4
5
4
17
3
25
0
50
8
20
6
49
4
39
5
77
5
45
7
99
7
94
5
57
8
70
5
54
4
37
7
89
3
46
1
89
6
66
4
39
4
9
5
89
6
49
4
25
6
9
6
19
1
79
8
99
7
37
6
6
6
45
4
79
1
49
6
99
6
14
8
10
4
29
6
58
8
16
8
60
4
7
5
84
8
28
6
79
4
39
8
37
5
69
8
65
7
98
4
5
1
99
8
37
7
87
8
85
6
47
5
19
6
7
4
89
7
34
5
56
5
34
5
59
0
0
8
10
7
69
4
19
1
45
5
29
4
9
7
88
6
59
7
9
6
9
6
29
7
69
7
94
4
46
5
54
6
9
6
26
5
35
6
49
6
56
4
29
8
80
5
49
5
35
8
70
0
13
6
74
6
24
7
87
8
90
7
5
8
40
6
59
5
29
6
29
5
49
7
29
4
14
5
69
8
16
8
86
6
88
8
90
7
96
4
86
7
49
7
16
8
50
6
48
6
35
7
56
7
84
4
89
4
39
5
58
6
59
8
99
7
29
6
8
7
49
7
69
8
58
7
86
4
89
4
48
6
7
7
25
0
80
6
56
5
39
5
58
8
47
5
89
4
9
7
76
4
9
5
49
7
89
6
97
6
4
6
59
0
50
4
46
5
19
7
69
5
17
7
87
4
59
2
69
5
27
8
19
7
34
0
10
7
48
0
10
5
38
6
89
6
34
8
80
4
5
7
59
8
99
4
29
8
90
5
89
7
47
4
7
6
98
8
18
5
19
5
49
8
40
7
59
8
6
4
77
7
14
3
39
8
46
4
19
8
95
4
24
7
59
5
69
4
19
5
49
8
40
6
79
6
9
7
9
7
79
6
49
0
13
7
59
7
59
6
36
7
47
4
28
7
24
4
29
8
5
8
86
7
48
6
24
6
89
0
85
6
79
7
87
8
60
8
5
6
19
5
57
5
47
8
69
8
40
4
18
5
9
8
50
8
60
5
29
4
18
1
74
3
26
7
69
6
79
7
99
8
30
6
68
8
28
7
59
7
89
0
14
6
36
6
99
4
98
4
56
8
70
7
88
7
88
5
6
4
39
7
84
6
78
0
90
4
66
7
84
5
9
6
18
4
79
4
38
6
39
8
50
4
9
7
99
7
19
5
29
6
89
4
79
5
97
7
9
4
57
1
87
7
67
8
49
4
99
4
9
8
55
7
37
5
97
4
57
4
89
8
80
7
69
4
75
5
69
8
88
7
38
6
29
8
47
5
24
5
85
8
50
5
59
6
95
5
45
5
49
6
36
8
38
4
89
4
29
7
18
8
40
4
19
6
84
6
17
8
30
6
69
8
68
8
80
5
89
4
9
7
39
4
44
5
49
6
39
8
77
4
9
6
64
5
14
7
25
7
36
4
19
4
16
4
19
8
99
6
29
5
58
4
59
8
89
8
68
5
19
7
69
4
74
8
10
7
99
6
96
5
26
8
45
4
9
6
29
4
29
4
18
6
38
5
64
0
60
7
77
4
9
8
57
1
14
7
29
4
25
6
94
6
94
5
99
3
19
8
80
5
49
7
36
5
6
4
59
8
88
8
70
8
5
4
9
4
38
4
89
6
89
6
75
4
39
8
57
7
9
8
18
1
19
0
30
6
99
5
39
6
57
5
64
5
8
5
9
7
59
7
39
6
99
5
29
5
76
7
19
1
64
7
68
4
15
8
18
5
67
6
18
6
69
6
57
7
79
8
29
8
90
8
76
8
10
6
79
0
50
5
87
7
59
4
57
4
49
7
76
5
17
6
78
5
39
4
89
8
20
4
69
5
26
4
14
4
19
4
16
7
74
6
29
6
26
6
17
8
20
7
59
4
48
5
39
8
55
7
59
6
89
6
44
7
49
8
79
4
28
1
89
6
69
6
66
7
29
8
96
5
15
6
49
8
77
4
37
6
9
6
29
3
64
6
45
8
40
4
69
6
55
7
69
6
59
8
30
7
59
6
39
4
74
5
74
4
55
8
30
7
66
7
75
6
99
4
78
7
78
8
40
7
25
4
27
5
87
1
85
0
50
6
57
7
15
6
79
6
18
7
94
6
19
5
9
6
39
5
39
5
9
6
49
8
40
7
8
7
49
6
69
3
9
4
9
7
99
4
76
4
29
4
97
8
26
7
7
5
29
5
34
6
69
7
9
4
57
5
46
7
28
4
88
8
46
4
46
5
49
4
54
6
39
6
28
5
66
8
68
7
99
6
44
6
7
4
89
5
91
5
49
8
57
4
9
6
6
6
9
4
77
7
59
0
90
5
59
5
79
7
99
5
7
5
5
6
19
5
87
8
39
7
49
5
99
8
16
5
59
5
65
4
29
5
59
6
9
8
90
6
49
6
99
7
8
5
88
6
9
6
19
7
62
8
67
7
19
5
26
3
46
8
65
5
59
7
29
7
19
4
99
8
9
8
50
6
66
7
29
8
75
7
15
7
65
5
36
8
76
4
18
0
60
4
64
6
9
7
14
7
27
6
89
6
89
4
29
4
56
6
29
5
34
4
79
7
8
5
79
5
59
6
79
4
79
7
57
1
29
7
89
7
69
8
80
4
79
5
49
4
39
7
66
6
84
6
69
8
30
6
9
6
17
5
47
4
96
4
76
6
69
7
7
7
49
6
49
4
68
7
38
6
19
8
75
5
5
4
38
6
44
1
89
6
17
7
75
