9
44
9
94
9
94
9
34
19
61
9
94
9
99
9
44
9
14
9
44
9
74
9
94
9
14
19
61
9
14
19
34
9
34
9
44
9
64
9
64
9
44
19
94
9
74
19
31
9
34
9
34
9
74
9
34
9
44
9
74
9
14
9
94
9
74
9
44
9
44
9
64
9
64
9
74
19
32
9
99
9
64
19
93
9
74
9
64
9
94
19
61
19
62
9
94
19
93
9
99
9
14
9
44
9
44
9
14
9
64
9
34
19
61
9
44
18
90
9
44
19
64
9
94
9
44
9
99
9
44
9
99
9
14
9
99
9
14
19
61
19
32
18
30
9
99
9
34
9
14
18
30
9
14
19
91
9
64
9
34
9
14
0
60
9
74
9
74
9
34
9
64
9
64
9
74
9
74
9
74
19
62
9
94
9
14
9
74
19
34
19
62
9
99
19
62
9
64
19
32
9
74
9
64
19
62
9
44
9
99
19
94
9
74
9
99
9
99
9
94
9
99
9
64
9
14
9
44
9
34
19
63
0
30
9
99
9
99
9
94
19
92
9
74
9
99
9
44
0
20
9
94
9
34
19
34
9
74
9
99
9
14
9
99
9
14
9
64
9
74
19
32
19
33
9
44
9
44
9
94
9
14
19
62
19
33
9
74
19
32
9
94
19
94
19
63
9
99
18
30
9
64
9
34
9
44
19
63
9
64
9
64
19
34
9
44
0
80
19
33
9
74
9
99
19
62
9
34
9
44
19
91
9
74
9
64
9
64
9
34
9
99
9
74
19
63
9
99
19
64
9
99
9
14
9
94
9
64
9
34
19
62
9
94
9
14
9
94
9
64
9
44
9
94
9
74
9
34
9
14
19
64
9
74
9
94
9
34
19
91
9
94
19
63
19
64
9
74
9
99
19
32
9
99
9
34
19
94
9
94
9
14
19
94
9
99
9
14
19
94
9
64
9
99
9
64
9
44
19
32
9
64
9
64
9
34
9
14
19
61
9
44
9
34
9
64
9
94
9
64
9
14
9
94
9
44
9
74
9
94
9
14
19
62
9
14
9
99
9
44
18
90
9
94
19
64
19
33
19
32
9
64
9
44
19
34
0
80
9
64
9
99
9
94
9
34
19
63
9
94
9
74
18
90
9
44
9
14
9
94
19
64
9
34
9
34
9
99
19
64
9
14
9
44
19
33
9
74
9
94
9
14
9
99
19
62
9
64
9
44
9
14
9
64
0
0
9
94
9
44
9
74
9
99
9
64
9
94
19
64
9
74
9
99
9
34
19
34
9
74
9
64
9
64
9
94
19
92
9
14
9
34
9
44
9
14
9
94
9
44
9
74
9
44
9
14
9
64
19
92
19
62
9
64
9
64
9
14
9
14
19
63
9
64
19
33
19
64
9
14
9
74
9
74
9
34
0
90
9
44
18
90
0
30
9
14
9
44
19
64
9
94
9
99
9
94
19
61
19
61
19
91
19
64
9
99
19
64
9
94
19
33
19
64
9
74
9
14
9
74
0
90
9
14
9
44
19
64
9
14
19
33
19
94
9
74
9
44
9
44
9
74
9
34
9
94
9
44
9
94
4
69
9
44
9
74
19
94
9
14
19
93
19
63
9
99
19
94
19
93
9
14
2
19
19
31
9
99
9
34
9
74
9
94
19
64
9
99
0
90
19
34
19
32
9
99
9
99
19
32
19
34
9
34
9
14
9
94
9
64
9
74
9
94
19
64
19
93
2
79
9
94
9
74
9
74
19
62
9
74
19
34
9
94
2
29
9
94
19
61
9
64
19
93
19
94
9
14
19
32
3
29
0
50
19
34
19
64
9
44
19
93
19
61
9
99
9
99
9
64
9
74
9
64
9
44
9
94
3
49
1
89
9
74
9
44
9
14
9
94
19
64
9
34
9
14
19
34
1
79
9
99
9
44
9
14
19
61
19
92
1
49
9
99
18
30
9
14
9
34
9
64
19
32
9
64
9
14
9
94
9
34
19
94
9
44
9
44
9
74
9
74
9
99
9
14
1
99
9
44
9
94
9
94
19
63
19
33
9
14
9
94
9
44
9
64
9
44
9
64
0
0
9
14
9
74
19
32
1
49
9
34
9
14
9
94
9
64
9
14
9
14
9
34
9
74
9
94
19
62
9
64
9
14
9
34
9
44
19
64
9
64
9
34
19
94
19
63
9
44
9
74
0
13
18
90
9
34
9
94
9
94
9
14
9
44
9
64
9
34
9
34
19
63
9
34
18
30
9
74
19
32
9
94
9
94
9
94
9
99
9
94
19
64
19
32
19
64
19
64
9
44
9
64
9
94
9
94
9
44
9
64
9
64
9
99
9
34
9
14
19
64
9
74
9
64
9
94
9
94
19
62
9
14
9
34
0
80
9
64
9
44
9
64
19
63
9
94
9
14
19
92
9
14
19
63
9
94
9
99
9
14
9
64
0
50
19
62
19
33
9
74
19
33
9
94
9
64
2
69
9
34
19
34
9
44
0
10
19
64
0
10
9
44
9
94
9
44
19
94
9
14
9
64
9
99
9
34
9
94
9
94
19
63
9
14
9
99
19
34
19
33
19
63
9
44
9
64
9
14
19
92
18
30
3
39
19
62
19
32
9
99
9
34
9
64
9
74
19
32
19
63
9
44
19
94
9
14
9
14
19
94
19
64
0
13
9
64
9
64
9
44
19
63
9
34
9
34
9
34
9
14
9
94
19
64
9
34
9
94
0
85
19
94
9
94
9
64
9
14
19
34
9
64
19
63
9
74
9
44
4
19
9
14
19
64
9
64
9
34
19
32
1
79
3
29
9
74
19
94
9
99
9
34
9
74
9
34
9
64
9
94
0
14
9
44
9
99
9
99
9
64
9
74
9
94
9
94
9
14
9
44
9
94
19
94
0
90
9
74
9
94
9
14
19
34
19
92
9
44
9
44
19
64
9
14
9
99
19
34
9
34
9
94
4
79
9
99
9
14
9
64
1
89
9
74
19
64
9
99
9
9
9
64
9
44
9
99
9
64
9
94
19
94
9
74
19
91
9
74
9
94
9
44
9
34
19
63
9
34
9
94
19
64
9
64
8
95
19
61
19
63
9
44
9
44
9
94
9
34
19
34
9
44
19
32
9
94
19
33
9
34
9
74
9
74
19
94
9
94
9
14
9
44
18
60
19
63
9
44
19
93
9
14
9
74
18
30
9
34
9
44
19
32
19
32
19
32
9
99
9
34
9
64
9
64
9
94
9
74
19
33
9
74
18
90
9
14
9
99
9
99
9
34
19
61
9
14
9
34
9
34
19
32
9
44
9
74
0
60
19
93
9
14
9
64
1
19
9
34
9
34
9
99
9
99
9
99
3
19
19
94
19
63
9
44
9
14
9
64
9
94
9
74
9
14
9
14
9
44
9
94
9
94
19
91
9
44
9
64
9
14
19
34
1
19
0
30
9
99
9
44
9
64
9
74
9
14
9
14
9
64
9
44
9
99
9
34
19
92
19
34
1
69
9
74
19
31
19
34
9
74
19
34
9
74
9
64
19
94
9
34
9
94
19
92
9
14
19
94
0
50
9
94
9
64
9
64
19
62
19
92
19
33
19
94
9
44
9
89
19
34
9
74
9
34
18
30
19
32
19
32
18
90
9
34
9
34
19
33
19
34
9
64
19
62
9
44
9
64
9
64
9
94
18
60
19
64
19
94
9
34
1
89
9
74
9
74
9
34
9
99
19
31
19
64
19
93
9
44
9
14
9
34
3
69
19
61
9
44
9
74
9
64
9
74
9
64
9
34
9
64
9
44
18
90
18
90
9
64
9
34
9
74
19
91
9
99
19
92
19
94
9
44
9
34
9
34
9
94
1
89
0
50
9
64
8
15
19
94
19
34
9
99
19
34
9
14
9
44
9
44
9
14
19
64
9
44
9
14
19
64
9
74
3
9
9
14
9
99
19
92
9
34
9
99
9
34
9
14
9
34
9
44
9
74
9
14
9
57
19
62
9
34
9
94
9
46
19
62
19
63
9
64
9
44
9
34
9
74
9
74
9
99
18
60
9
14
9
94
9
91
19
63
9
64
9
14
9
14
9
14
19
92
9
64
0
90
9
64
19
93
9
99
9
14
9
14
19
34
9
94
9
44
19
64
9
99
19
32
9
64
9
74
9
34
9
64
9
14
9
94
19
64
9
99
9
14
9
94
9
14
19
34
9
62
9
74
19
34
9
34
3
49
9
74
9
64
9
34
19
34
4
99
9
14
19
64
9
74
9
34
19
91
19
31
9
74
9
44
19
92
19
32
0
60
9
74
9
14
18
30
9
34
9
94
9
94
9
34
9
64
9
34
9
44
19
92
9
14
19
93
9
64
19
94
19
92
9
64
1
29
9
94
9
74
19
94
19
92
19
63
9
44
9
74
9
94
9
74
9
34
9
14
19
33
19
63
9
99
19
92
9
74
9
14
19
64
19
64
9
74
9
44
19
34
19
91
9
14
4
39
18
60
1
89
19
33
19
91
