9
44
9
94
9
94
9
34
13
55
9
94
9
99
9
44
9
14
9
44
9
74
9
94
9
14
13
55
9
14
16
28
9
34
9
44
9
64
9
64
9
44
18
90
9
74
13
25
9
34
9
34
9
74
9
34
9
44
9
74
9
14
9
94
9
74
9
44
9
44
9
64
9
64
9
74
14
26
9
99
9
64
15
87
9
74
9
64
9
94
13
55
14
56
9
94
15
87
9
99
9
14
9
44
9
44
9
14
9
64
9
34
13
55
9
44
12
84
9
44
16
58
9
94
9
44
9
99
9
44
9
99
9
14
9
99
9
14
13
55
14
26
12
24
9
99
9
34
9
14
12
24
9
14
13
85
9
64
9
34
9
14
0
60
9
74
9
74
9
34
9
64
9
64
9
74
9
74
9
74
14
56
9
94
9
14
9
74
17
29
14
56
9
99
14
56
9
64
14
26
9
74
9
64
14
56
9
44
9
99
16
88
9
74
9
99
9
99
9
94
9
99
9
64
9
14
9
44
9
34
15
57
0
30
9
99
9
99
9
94
14
86
9
74
9
99
9
44
0
20
9
94
9
34
17
29
9
74
9
99
9
14
9
99
9
14
9
64
9
74
14
26
15
27
9
44
9
44
9
94
9
14
14
56
15
27
9
74
14
26
9
94
16
88
15
57
9
99
12
24
9
64
9
34
9
44
15
57
9
64
9
64
16
28
9
44
0
80
15
27
9
74
9
99
14
56
9
34
9
44
13
85
9
74
9
64
9
64
9
34
9
99
9
74
15
57
9
99
16
58
9
99
9
14
9
94
9
64
9
34
14
56
9
94
9
14
9
94
9
64
9
44
9
94
9
74
9
34
9
14
17
59
9
74
9
94
9
34
13
85
9
94
15
57
16
58
9
74
9
99
14
26
9
99
9
34
18
90
9
94
9
14
16
88
9
99
9
14
16
88
9
64
9
99
9
64
9
44
14
26
9
64
9
64
9
34
9
14
13
55
9
44
9
34
9
64
9
94
9
64
9
14
9
94
9
44
9
74
9
94
9
14
14
56
9
14
9
99
9
44
12
84
9
94
16
58
15
27
14
26
9
64
9
44
16
28
0
80
9
64
9
99
9
94
9
34
15
57
9
94
9
74
12
84
9
44
9
14
9
94
18
60
9
34
9
34
9
99
16
58
9
14
9
44
15
27
9
74
9
94
9
14
9
99
14
56
9
64
9
44
9
14
9
64
0
0
9
94
9
44
9
74
9
99
9
64
9
94
16
58
9
74
9
99
9
34
17
29
9
74
9
64
9
64
9
94
14
86
9
14
9
34
9
44
9
14
9
94
9
44
9
74
9
44
9
14
9
64
14
86
14
56
9
64
9
64
9
14
9
14
15
57
9
64
15
27
18
60
9
14
9
74
9
74
9
34
0
90
9
44
12
84
0
30
9
14
9
44
17
59
9
94
9
99
9
94
13
55
13
55
13
85
16
58
9
99
17
59
9
94
15
27
16
58
9
74
9
14
9
74
0
90
9
14
9
44
16
58
9
14
15
27
16
88
9
74
9
44
9
44
9
74
9
34
9
94
9
44
9
94
4
69
9
44
9
74
16
88
9
14
15
87
15
57
9
99
18
90
15
87
9
14
2
19
13
25
9
99
9
34
9
74
9
94
18
60
9
99
0
90
18
30
14
26
9
99
9
99
14
26
17
29
9
34
9
14
9
94
9
64
9
74
9
94
17
59
15
87
2
79
9
94
9
74
9
74
14
56
9
74
17
29
9
94
2
29
9
94
13
55
9
64
15
87
16
88
9
14
14
26
3
29
0
50
18
30
16
58
9
44
15
87
13
55
9
99
9
99
9
64
9
74
9
64
9
44
9
94
3
49
1
89
9
74
9
44
9
14
9
94
16
58
9
34
9
14
16
28
1
79
9
99
9
44
9
14
13
55
14
86
1
49
9
99
12
24
9
14
9
34
9
64
14
26
9
64
9
14
9
94
9
34
16
88
9
44
9
44
9
74
9
74
9
99
9
14
1
99
9
44
9
94
9
94
15
57
15
27
9
14
9
94
9
44
9
64
9
44
9
64
0
0
9
14
9
74
14
26
1
49
9
34
9
14
9
94
9
64
9
14
9
14
9
34
9
74
9
94
14
56
9
64
9
14
9
34
9
44
16
58
9
64
9
34
18
90
15
57
9
44
9
74
0
13
12
84
9
34
9
94
9
94
9
14
9
44
9
64
9
34
9
34
15
57
9
34
12
24
9
74
14
26
9
94
9
94
9
94
9
99
9
94
17
59
14
26
18
60
16
58
9
44
9
64
9
94
9
94
9
44
9
64
9
64
9
99
9
34
9
14
17
59
9
74
9
64
9
94
9
94
14
56
9
14
9
34
0
80
9
64
9
44
9
64
15
57
9
94
9
14
14
86
9
14
15
57
9
94
9
99
9
14
9
64
0
50
14
56
15
27
9
74
15
27
9
94
9
64
2
69
9
34
17
29
9
44
0
10
16
58
0
10
9
44
9
94
9
44
18
90
9
14
9
64
9
99
9
34
9
94
9
94
15
57
9
14
9
99
16
28
15
27
15
57
9
44
9
64
9
14
14
86
12
24
3
39
14
56
14
26
9
99
9
34
9
64
9
74
14
26
15
57
9
44
16
88
9
14
9
14
17
89
16
58
0
13
9
64
9
64
9
44
15
57
9
34
9
34
9
34
9
14
9
94
16
58
9
34
9
94
0
85
16
88
9
94
9
64
9
14
16
28
9
64
15
57
9
74
9
44
4
19
9
14
18
60
9
64
9
34
14
26
1
79
3
29
9
74
16
88
9
99
9
34
9
74
9
34
9
64
9
94
0
14
9
44
9
99
9
99
9
64
9
74
9
94
9
94
9
14
9
44
9
94
16
88
0
90
9
74
9
94
9
14
16
28
14
86
9
44
9
44
18
60
9
14
9
99
17
29
9
34
9
94
4
79
9
99
9
14
9
64
1
89
9
74
17
59
9
99
9
9
9
64
9
44
9
99
9
64
9
94
18
90
9
74
13
85
9
74
9
94
9
44
9
34
15
57
9
34
9
94
18
60
9
64
8
95
13
55
15
57
9
44
9
44
9
94
9
34
16
28
9
44
14
26
9
94
15
27
9
34
9
74
9
74
18
90
9
94
9
14
9
44
12
54
15
57
9
44
15
87
9
14
9
74
12
24
9
34
9
44
14
26
14
26
14
26
9
99
9
34
9
64
9
64
9
94
9
74
15
27
9
74
12
84
9
14
9
99
9
99
9
34
13
55
9
14
9
34
9
34
14
26
9
44
9
74
0
60
15
87
9
14
9
64
1
19
9
34
9
34
9
99
9
99
9
99
3
19
18
90
15
57
9
44
9
14
9
64
9
94
9
74
9
14
9
14
9
44
9
94
9
94
13
85
9
44
9
64
9
14
16
28
1
19
0
30
9
99
9
44
9
64
9
74
9
14
9
14
9
64
9
44
9
99
9
34
14
86
17
29
1
69
9
74
13
25
16
28
9
74
16
28
9
74
9
64
17
89
9
34
9
94
14
86
9
14
16
88
0
50
9
94
9
64
9
64
14
56
14
86
15
27
16
88
9
44
9
89
18
30
9
74
9
34
12
24
14
26
14
26
12
84
9
34
9
34
15
27
18
30
9
64
14
56
9
44
9
64
9
64
9
94
12
54
17
59
17
89
9
34
1
89
9
74
9
74
9
34
9
99
13
25
16
58
15
87
9
44
9
14
9
34
3
69
13
55
9
44
9
74
9
64
9
74
9
64
9
34
9
64
9
44
12
84
12
84
9
64
9
34
9
74
13
85
9
99
14
86
16
88
9
44
9
34
9
34
9
94
1
89
0
50
9
64
8
15
16
88
16
28
9
99
16
28
9
14
9
44
9
44
9
14
16
58
9
44
9
14
17
59
9
74
3
9
9
14
9
99
14
86
9
34
9
99
9
34
9
14
9
34
9
44
9
74
9
14
9
57
14
56
9
34
9
94
9
46
14
56
15
57
9
64
9
44
9
34
9
74
9
74
9
99
12
54
9
14
9
94
9
91
15
57
9
64
9
14
9
14
9
14
14
86
9
64
0
90
9
64
15
87
9
99
9
14
9
14
16
28
9
94
9
44
17
59
9
99
14
26
9
64
9
74
9
34
9
64
9
14
9
94
16
58
9
99
9
14
9
94
9
14
16
28
9
62
9
74
17
29
9
34
3
49
9
74
9
64
9
34
17
29
4
99
9
14
18
60
9
74
9
34
13
85
13
25
9
74
9
44
14
86
14
26
0
60
9
74
9
14
12
24
9
34
9
94
9
94
9
34
9
64
9
34
9
44
14
86
9
14
15
87
9
64
16
88
14
86
9
64
1
29
9
94
9
74
18
90
14
86
15
57
9
44
9
74
9
94
9
74
9
34
9
14
15
27
15
57
9
99
14
86
9
74
9
14
17
59
16
58
9
74
9
44
16
28
13
85
9
14
4
39
12
54
1
89
15
27
13
85
