9
41
9
87
8
90
8
30
9
48
8
89
9
98
9
41
8
10
8
40
9
69
8
90
8
10
9
48
9
12
9
21
9
28
9
40
8
60
8
60
8
40
11
83
8
68
9
18
9
33
9
30
9
73
9
28
9
41
9
72
9
8
9
93
8
70
9
42
7
39
7
57
7
59
7
69
8
19
9
99
8
60
8
80
9
71
9
63
9
92
7
48
7
49
8
88
8
80
7
99
8
10
9
41
9
39
9
12
9
60
7
29
8
48
9
38
7
77
7
39
9
51
9
90
9
42
8
97
9
39
8
99
7
9
7
99
8
10
9
48
7
19
9
17
8
98
8
30
9
8
9
17
9
12
9
78
7
59
9
29
9
12
0
60
9
71
8
70
9
28
7
59
9
61
7
69
8
70
9
73
7
49
9
91
9
12
9
67
10
22
7
49
9
97
8
49
9
61
7
19
8
70
7
59
9
49
8
38
9
99
9
81
9
72
9
99
8
99
9
93
9
98
9
62
8
10
9
38
8
30
9
50
0
30
8
99
7
99
9
92
7
79
9
73
9
99
9
41
0
20
9
90
9
31
10
22
8
69
9
99
9
12
9
99
9
13
9
62
9
72
7
19
8
20
8
39
9
41
9
87
7
9
7
49
8
20
9
68
7
19
9
93
9
81
8
50
9
99
7
17
7
57
8
30
9
43
8
50
9
63
9
60
9
21
8
40
0
80
8
20
8
67
8
99
7
49
8
30
9
37
9
78
9
67
9
62
7
59
9
32
8
99
7
69
8
50
9
99
9
51
9
97
8
10
9
92
9
61
9
32
9
49
9
93
8
9
7
89
8
60
8
37
9
88
9
71
7
29
9
13
10
52
9
72
8
90
9
32
8
78
7
89
9
50
9
51
9
72
9
99
7
19
9
99
7
29
11
83
9
90
8
9
9
81
8
99
9
8
9
81
9
59
9
97
8
60
9
41
7
19
8
60
7
59
9
32
7
9
9
48
9
42
7
29
9
62
9
91
9
62
7
9
9
91
9
42
9
72
7
89
9
13
7
49
9
8
9
98
8
39
7
77
7
87
9
51
9
20
7
19
8
60
7
38
9
21
0
80
9
60
7
99
7
89
8
29
8
50
9
92
9
68
8
77
9
42
7
9
9
92
11
53
9
32
9
31
8
99
9
51
9
7
8
37
8
20
9
70
7
89
9
12
9
98
9
49
9
58
8
40
7
9
8
60
0
0
9
90
7
39
7
69
9
99
9
62
8
87
9
51
9
73
7
99
8
30
10
22
9
72
9
63
7
59
9
93
9
79
8
7
7
29
7
37
9
12
9
91
8
37
9
70
9
42
7
7
9
62
7
79
8
49
9
57
7
58
7
9
9
13
8
50
7
59
8
20
11
53
9
13
8
69
7
69
8
30
0
90
9
42
9
77
0
30
7
9
9
42
10
52
8
90
9
99
9
91
7
48
9
48
9
78
9
51
9
99
10
52
9
89
8
20
9
51
8
70
9
10
9
71
0
90
9
10
7
39
9
51
7
9
8
20
9
81
7
69
9
42
9
42
9
68
7
29
9
93
9
37
9
92
4
69
9
40
7
69
9
81
7
8
9
80
8
50
9
99
11
83
8
80
7
9
2
19
9
18
9
98
9
30
9
72
9
93
11
53
7
99
0
90
11
23
8
19
7
97
8
99
7
19
10
22
9
29
8
10
7
89
8
59
9
68
9
90
10
52
8
80
2
79
8
90
8
70
9
70
7
49
9
72
10
22
7
88
2
29
8
90
8
48
9
62
8
80
9
81
7
8
7
19
3
28
0
50
11
23
9
51
7
39
8
80
8
48
9
99
9
97
8
60
9
73
8
57
7
39
9
92
3
49
1
89
9
69
7
39
7
9
8
90
9
51
7
28
9
11
9
21
1
79
9
99
9
40
9
9
9
48
7
79
1
49
9
99
9
17
9
13
7
29
9
61
9
19
9
63
7
9
8
87
9
31
9
81
7
39
9
40
8
70
9
68
9
99
7
8
1
99
9
40
9
90
9
88
9
50
8
20
9
10
7
89
9
37
8
59
8
37
8
60
0
0
9
13
9
72
7
19
1
48
8
30
7
9
9
91
9
61
9
12
9
11
9
31
9
72
9
94
7
49
8
57
9
11
9
29
8
38
9
51
9
59
7
29
11
83
8
50
8
38
9
73
0
13
9
77
9
27
9
90
9
93
9
8
9
43
9
61
8
30
9
31
8
50
9
32
7
17
8
70
9
19
9
89
9
91
9
93
9
99
7
89
10
52
9
19
11
53
9
51
9
38
9
59
9
87
7
89
7
39
8
60
9
61
9
99
9
32
9
11
10
52
9
72
9
61
9
89
7
89
7
49
9
10
9
28
0
80
9
59
8
40
8
60
9
50
8
90
7
9
9
79
7
9
8
50
9
92
9
99
9
7
9
61
0
50
7
49
8
20
9
72
8
20
9
90
7
59
2
69
8
30
10
22
9
37
0
10
9
51
0
10
8
40
9
91
9
37
11
83
7
8
9
62
9
99
7
29
9
93
8
90
9
50
7
9
9
99
9
21
8
20
8
50
9
43
9
62
9
9
7
79
9
17
3
39
9
49
7
19
9
98
7
27
9
62
8
70
7
19
8
50
9
43
9
81
9
11
9
12
10
82
9
51
0
13
9
62
9
62
9
39
9
50
7
29
9
27
7
29
9
8
9
89
9
51
9
27
9
91
0
85
9
81
9
90
9
63
9
8
9
21
8
60
8
50
9
72
9
43
4
19
8
10
11
53
9
63
8
30
7
19
1
77
3
29
9
72
9
81
9
99
9
33
9
71
9
31
9
62
9
92
0
14
9
39
9
99
7
99
7
59
9
73
9
91
9
91
8
9
7
39
9
87
9
81
0
90
7
69
9
87
8
10
9
21
7
79
7
39
9
41
11
53
7
9
9
99
10
22
8
30
9
91
4
79
8
99
9
12
7
59
1
89
9
70
10
52
7
99
7
9
9
58
9
40
8
99
7
59
7
89
11
83
9
72
7
78
8
70
9
91
9
41
9
31
9
50
8
27
8
88
11
53
8
60
8
95
8
48
8
50
9
39
9
41
7
89
7
29
9
21
9
43
7
19
9
87
9
20
9
33
9
71
9
71
11
83
8
90
7
9
9
42
7
47
8
50
9
41
9
80
7
9
9
67
8
17
9
28
9
39
7
19
7
19
7
19
9
99
9
31
8
60
7
59
9
92
9
71
8
20
9
72
7
77
9
13
9
99
9
99
8
29
9
48
7
9
9
31
7
29
7
19
9
41
8
67
0
60
9
80
7
9
9
60
1
17
9
32
7
28
9
97
9
97
8
99
3
19
11
83
8
50
9
39
8
9
7
59
9
91
9
73
9
8
7
9
7
39
7
89
9
91
9
78
7
39
9
60
9
12
9
21
1
19
0
30
9
99
8
40
9
60
8
67
8
10
8
10
9
62
9
42
9
99
8
30
8
79
10
22
1
67
9
71
7
18
9
21
8
70
9
21
9
71
9
60
10
82
9
32
9
93
9
79
9
13
9
81
0
50
8
90
9
62
7
59
7
49
9
79
8
20
9
81
8
40
7
89
11
23
7
69
8
29
7
17
7
19
7
19
9
77
9
31
9
29
9
20
11
23
9
62
7
49
8
40
9
58
9
62
9
91
9
47
10
52
10
82
7
29
1
89
9
71
9
69
9
32
9
99
8
18
9
51
9
80
7
39
9
11
9
31
3
67
9
48
9
43
7
69
9
58
9
72
9
61
9
33
9
62
9
41
7
77
8
77
7
58
9
33
9
69
9
78
9
99
7
79
9
81
9
43
9
28
7
29
8
90
1
88
0
50
9
60
8
15
9
81
9
21
9
97
9
21
8
10
9
41
8
40
8
10
9
51
9
43
9
11
10
52
9
71
3
9
7
9
9
99
7
79
7
29
7
99
9
29
9
10
8
30
8
37
9
71
9
12
7
57
8
49
9
31
7
89
9
46
7
49
8
50
7
57
9
41
9
31
8
69
9
71
9
99
9
47
9
10
7
89
8
91
8
50
9
60
7
9
9
9
9
11
7
79
9
62
0
90
8
60
8
80
9
99
8
10
8
8
9
21
8
90
9
42
10
52
8
99
9
19
8
60
8
68
7
29
8
60
9
11
9
93
9
51
9
99
9
11
8
90
9
11
9
21
9
62
9
70
10
22
8
29
3
49
9
68
8
60
9
32
10
22
4
99
9
12
11
53
9
69
9
32
9
78
9
18
9
68
8
39
9
79
7
19
0
60
7
67
9
11
9
17
9
30
9
91
9
91
7
29
7
59
9
31
8
37
7
79
9
11
8
80
8
60
9
81
7
79
9
60
1
29
9
92
9
72
11
83
7
79
8
50
7
39
9
69
9
87
9
71
9
33
9
11
9
20
8
50
7
99
7
79
9
71
9
10
10
52
9
51
7
69
9
41
9
21
9
78
8
8
4
39
9
47
1
89
9
20
9
78
