9
44
9
94
9
94
9
34
14
56
9
94
9
99
9
44
9
14
9
44
9
74
9
94
9
14
14
56
9
14
17
29
9
34
9
44
9
64
9
64
9
44
19
91
9
74
14
26
9
34
9
34
9
74
9
34
9
44
9
74
9
14
9
94
9
74
9
44
9
44
9
64
9
64
9
74
15
27
9
99
9
64
16
88
9
74
9
64
9
94
14
56
15
57
9
94
16
88
9
99
9
14
9
44
9
44
9
14
9
64
9
34
14
56
9
44
13
85
9
44
17
59
9
94
9
44
9
99
9
44
9
99
9
14
9
99
9
14
14
56
15
27
13
25
9
99
9
34
9
14
13
25
9
14
14
86
9
64
9
34
9
14
0
60
9
74
9
74
9
34
9
64
9
64
9
74
9
74
9
74
15
57
9
94
9
14
9
74
18
30
15
57
9
99
15
57
9
64
15
27
9
74
9
64
15
57
9
44
9
99
17
89
9
74
9
99
9
99
9
94
9
99
9
64
9
14
9
44
9
34
16
58
0
30
9
99
9
99
9
94
15
87
9
74
9
99
9
44
0
20
9
94
9
34
18
30
9
74
9
99
9
14
9
99
9
14
9
64
9
74
15
27
16
28
9
44
9
44
9
94
9
14
15
57
16
28
9
74
15
27
9
94
17
89
16
58
9
99
13
25
9
64
9
34
9
44
16
58
9
64
9
64
17
29
9
44
0
80
16
28
9
74
9
99
15
57
9
34
9
44
14
86
9
74
9
64
9
64
9
34
9
99
9
74
16
58
9
99
17
59
9
99
9
14
9
94
9
64
9
34
15
57
9
94
9
14
9
94
9
64
9
44
9
94
9
74
9
34
9
14
18
60
9
74
9
94
9
34
14
86
9
94
16
58
17
59
9
74
9
99
15
27
9
99
9
34
19
91
9
94
9
14
17
89
9
99
9
14
17
89
9
64
9
99
9
64
9
44
15
27
9
64
9
64
9
34
9
14
14
56
9
44
9
34
9
64
9
94
9
64
9
14
9
94
9
44
9
74
9
94
9
14
15
57
9
14
9
99
9
44
13
85
9
94
17
59
16
28
15
27
9
64
9
44
17
29
0
80
9
64
9
99
9
94
9
34
16
58
9
94
9
74
13
85
9
44
9
14
9
94
19
61
9
34
9
34
9
99
17
59
9
14
9
44
16
28
9
74
9
94
9
14
9
99
15
57
9
64
9
44
9
14
9
64
0
0
9
94
9
44
9
74
9
99
9
64
9
94
17
59
9
74
9
99
9
34
18
30
9
74
9
64
9
64
9
94
15
87
9
14
9
34
9
44
9
14
9
94
9
44
9
74
9
44
9
14
9
64
15
87
15
57
9
64
9
64
9
14
9
14
16
58
9
64
16
28
19
61
9
14
9
74
9
74
9
34
0
90
9
44
13
85
0
30
9
14
9
44
18
60
9
94
9
99
9
94
14
56
14
56
14
86
17
59
9
99
18
60
9
94
16
28
17
59
9
74
9
14
9
74
0
90
9
14
9
44
17
59
9
14
16
28
17
89
9
74
9
44
9
44
9
74
9
34
9
94
9
44
9
94
4
69
9
44
9
74
17
89
9
14
16
88
16
58
9
99
19
91
16
88
9
14
2
19
14
26
9
99
9
34
9
74
9
94
19
61
9
99
0
90
19
31
15
27
9
99
9
99
15
27
18
30
9
34
9
14
9
94
9
64
9
74
9
94
18
60
16
88
2
79
9
94
9
74
9
74
15
57
9
74
18
30
9
94
2
29
9
94
14
56
9
64
16
88
17
89
9
14
15
27
3
29
0
50
19
31
17
59
9
44
16
88
14
56
9
99
9
99
9
64
9
74
9
64
9
44
9
94
3
49
1
89
9
74
9
44
9
14
9
94
17
59
9
34
9
14
17
29
1
79
9
99
9
44
9
14
14
56
15
87
1
49
9
99
13
25
9
14
9
34
9
64
15
27
9
64
9
14
9
94
9
34
17
89
9
44
9
44
9
74
9
74
9
99
9
14
1
99
9
44
9
94
9
94
16
58
16
28
9
14
9
94
9
44
9
64
9
44
9
64
0
0
9
14
9
74
15
27
1
49
9
34
9
14
9
94
9
64
9
14
9
14
9
34
9
74
9
94
15
57
9
64
9
14
9
34
9
44
17
59
9
64
9
34
19
91
16
58
9
44
9
74
0
13
13
85
9
34
9
94
9
94
9
14
9
44
9
64
9
34
9
34
16
58
9
34
13
25
9
74
15
27
9
94
9
94
9
94
9
99
9
94
18
60
15
27
19
61
17
59
9
44
9
64
9
94
9
94
9
44
9
64
9
64
9
99
9
34
9
14
18
60
9
74
9
64
9
94
9
94
15
57
9
14
9
34
0
80
9
64
9
44
9
64
16
58
9
94
9
14
15
87
9
14
16
58
9
94
9
99
9
14
9
64
0
50
15
57
16
28
9
74
16
28
9
94
9
64
2
69
9
34
18
30
9
44
0
10
17
59
0
10
9
44
9
94
9
44
19
91
9
14
9
64
9
99
9
34
9
94
9
94
16
58
9
14
9
99
17
29
16
28
16
58
9
44
9
64
9
14
15
87
13
25
3
39
15
57
15
27
9
99
9
34
9
64
9
74
15
27
16
58
9
44
17
89
9
14
9
14
18
90
17
59
0
13
9
64
9
64
9
44
16
58
9
34
9
34
9
34
9
14
9
94
17
59
9
34
9
94
0
85
17
89
9
94
9
64
9
14
17
29
9
64
16
58
9
74
9
44
4
19
9
14
19
61
9
64
9
34
15
27
1
79
3
29
9
74
17
89
9
99
9
34
9
74
9
34
9
64
9
94
0
14
9
44
9
99
9
99
9
64
9
74
9
94
9
94
9
14
9
44
9
94
17
89
0
90
9
74
9
94
9
14
17
29
15
87
9
44
9
44
19
61
9
14
9
99
18
30
9
34
9
94
4
79
9
99
9
14
9
64
1
89
9
74
18
60
9
99
9
9
9
64
9
44
9
99
9
64
9
94
19
91
9
74
14
86
9
74
9
94
9
44
9
34
16
58
9
34
9
94
19
61
9
64
8
95
14
56
16
58
9
44
9
44
9
94
9
34
17
29
9
44
15
27
9
94
16
28
9
34
9
74
9
74
19
91
9
94
9
14
9
44
13
55
16
58
9
44
16
88
9
14
9
74
13
25
9
34
9
44
15
27
15
27
15
27
9
99
9
34
9
64
9
64
9
94
9
74
16
28
9
74
13
85
9
14
9
99
9
99
9
34
14
56
9
14
9
34
9
34
15
27
9
44
9
74
0
60
16
88
9
14
9
64
1
19
9
34
9
34
9
99
9
99
9
99
3
19
19
91
16
58
9
44
9
14
9
64
9
94
9
74
9
14
9
14
9
44
9
94
9
94
14
86
9
44
9
64
9
14
17
29
1
19
0
30
9
99
9
44
9
64
9
74
9
14
9
14
9
64
9
44
9
99
9
34
15
87
18
30
1
69
9
74
14
26
17
29
9
74
17
29
9
74
9
64
18
90
9
34
9
94
15
87
9
14
17
89
0
50
9
94
9
64
9
64
15
57
15
87
16
28
17
89
9
44
9
89
19
31
9
74
9
34
13
25
15
27
15
27
13
85
9
34
9
34
16
28
19
31
9
64
15
57
9
44
9
64
9
64
9
94
13
55
18
60
18
90
9
34
1
89
9
74
9
74
9
34
9
99
14
26
17
59
16
88
9
44
9
14
9
34
3
69
14
56
9
44
9
74
9
64
9
74
9
64
9
34
9
64
9
44
13
85
13
85
9
64
9
34
9
74
14
86
9
99
15
87
17
89
9
44
9
34
9
34
9
94
1
89
0
50
9
64
8
15
17
89
17
29
9
99
17
29
9
14
9
44
9
44
9
14
17
59
9
44
9
14
18
60
9
74
3
9
9
14
9
99
15
87
9
34
9
99
9
34
9
14
9
34
9
44
9
74
9
14
9
57
15
57
9
34
9
94
9
46
15
57
16
58
9
64
9
44
9
34
9
74
9
74
9
99
13
55
9
14
9
94
9
91
16
58
9
64
9
14
9
14
9
14
15
87
9
64
0
90
9
64
16
88
9
99
9
14
9
14
17
29
9
94
9
44
18
60
9
99
15
27
9
64
9
74
9
34
9
64
9
14
9
94
17
59
9
99
9
14
9
94
9
14
17
29
9
62
9
74
18
30
9
34
3
49
9
74
9
64
9
34
18
30
4
99
9
14
19
61
9
74
9
34
14
86
14
26
9
74
9
44
15
87
15
27
0
60
9
74
9
14
13
25
9
34
9
94
9
94
9
34
9
64
9
34
9
44
15
87
9
14
16
88
9
64
17
89
15
87
9
64
1
29
9
94
9
74
19
91
15
87
16
58
9
44
9
74
9
94
9
74
9
34
9
14
16
28
16
58
9
99
15
87
9
74
9
14
18
60
17
59
9
74
9
44
17
29
14
86
9
14
4
39
13
55
1
89
16
28
14
86
