9
44
9
94
9
94
9
34
15
57
9
94
9
99
9
44
9
14
9
44
9
74
9
94
9
14
15
57
9
14
18
30
9
34
9
44
9
64
9
64
9
44
19
92
9
74
15
27
9
34
9
34
9
74
9
34
9
44
9
74
9
14
9
94
9
74
9
44
9
44
9
64
9
64
9
74
16
28
9
99
9
64
17
89
9
74
9
64
9
94
15
57
16
58
9
94
17
89
9
99
9
14
9
44
9
44
9
14
9
64
9
34
15
57
9
44
14
86
9
44
18
60
9
94
9
44
9
99
9
44
9
99
9
14
9
99
9
14
15
57
16
28
14
26
9
99
9
34
9
14
14
26
9
14
15
87
9
64
9
34
9
14
0
60
9
74
9
74
9
34
9
64
9
64
9
74
9
74
9
74
16
58
9
94
9
14
9
74
19
31
16
58
9
99
16
58
9
64
16
28
9
74
9
64
16
58
9
44
9
99
18
90
9
74
9
99
9
99
9
94
9
99
9
64
9
14
9
44
9
34
17
59
0
30
9
99
9
99
9
94
16
88
9
74
9
99
9
44
0
20
9
94
9
34
19
31
9
74
9
99
9
14
9
99
9
14
9
64
9
74
16
28
17
29
9
44
9
44
9
94
9
14
16
58
17
29
9
74
16
28
9
94
18
90
17
59
9
99
14
26
9
64
9
34
9
44
17
59
9
64
9
64
18
30
9
44
0
80
17
29
9
74
9
99
16
58
9
34
9
44
15
87
9
74
9
64
9
64
9
34
9
99
9
74
17
59
9
99
18
60
9
99
9
14
9
94
9
64
9
34
16
58
9
94
9
14
9
94
9
64
9
44
9
94
9
74
9
34
9
14
19
61
9
74
9
94
9
34
15
87
9
94
17
59
18
60
9
74
9
99
16
28
9
99
9
34
19
92
9
94
9
14
18
90
9
99
9
14
18
90
9
64
9
99
9
64
9
44
16
28
9
64
9
64
9
34
9
14
15
57
9
44
9
34
9
64
9
94
9
64
9
14
9
94
9
44
9
74
9
94
9
14
16
58
9
14
9
99
9
44
14
86
9
94
18
60
17
29
16
28
9
64
9
44
18
30
0
80
9
64
9
99
9
94
9
34
17
59
9
94
9
74
14
86
9
44
9
14
9
94
19
62
9
34
9
34
9
99
18
60
9
14
9
44
17
29
9
74
9
94
9
14
9
99
16
58
9
64
9
44
9
14
9
64
0
0
9
94
9
44
9
74
9
99
9
64
9
94
18
60
9
74
9
99
9
34
19
31
9
74
9
64
9
64
9
94
16
88
9
14
9
34
9
44
9
14
9
94
9
44
9
74
9
44
9
14
9
64
16
88
16
58
9
64
9
64
9
14
9
14
17
59
9
64
17
29
19
62
9
14
9
74
9
74
9
34
0
90
9
44
14
86
0
30
9
14
9
44
19
61
9
94
9
99
9
94
15
57
15
57
15
87
18
60
9
99
19
61
9
94
17
29
18
60
9
74
9
14
9
74
0
90
9
14
9
44
18
60
9
14
17
29
18
90
9
74
9
44
9
44
9
74
9
34
9
94
9
44
9
94
4
69
9
44
9
74
18
90
9
14
17
89
17
59
9
99
19
92
17
89
9
14
2
19
15
27
9
99
9
34
9
74
9
94
19
62
9
99
0
90
19
32
16
28
9
99
9
99
16
28
19
31
9
34
9
14
9
94
9
64
9
74
9
94
19
61
17
89
2
79
9
94
9
74
9
74
16
58
9
74
19
31
9
94
2
29
9
94
15
57
9
64
17
89
18
90
9
14
16
28
3
29
0
50
19
32
18
60
9
44
17
89
15
57
9
99
9
99
9
64
9
74
9
64
9
44
9
94
3
49
1
89
9
74
9
44
9
14
9
94
18
60
9
34
9
14
18
30
1
79
9
99
9
44
9
14
15
57
16
88
1
49
9
99
14
26
9
14
9
34
9
64
16
28
9
64
9
14
9
94
9
34
18
90
9
44
9
44
9
74
9
74
9
99
9
14
1
99
9
44
9
94
9
94
17
59
17
29
9
14
9
94
9
44
9
64
9
44
9
64
0
0
9
14
9
74
16
28
1
49
9
34
9
14
9
94
9
64
9
14
9
14
9
34
9
74
9
94
16
58
9
64
9
14
9
34
9
44
18
60
9
64
9
34
19
92
17
59
9
44
9
74
0
13
14
86
9
34
9
94
9
94
9
14
9
44
9
64
9
34
9
34
17
59
9
34
14
26
9
74
16
28
9
94
9
94
9
94
9
99
9
94
19
61
16
28
19
62
18
60
9
44
9
64
9
94
9
94
9
44
9
64
9
64
9
99
9
34
9
14
19
61
9
74
9
64
9
94
9
94
16
58
9
14
9
34
0
80
9
64
9
44
9
64
17
59
9
94
9
14
16
88
9
14
17
59
9
94
9
99
9
14
9
64
0
50
16
58
17
29
9
74
17
29
9
94
9
64
2
69
9
34
19
31
9
44
0
10
18
60
0
10
9
44
9
94
9
44
19
92
9
14
9
64
9
99
9
34
9
94
9
94
17
59
9
14
9
99
18
30
17
29
17
59
9
44
9
64
9
14
16
88
14
26
3
39
16
58
16
28
9
99
9
34
9
64
9
74
16
28
17
59
9
44
18
90
9
14
9
14
19
91
18
60
0
13
9
64
9
64
9
44
17
59
9
34
9
34
9
34
9
14
9
94
18
60
9
34
9
94
0
85
18
90
9
94
9
64
9
14
18
30
9
64
17
59
9
74
9
44
4
19
9
14
19
62
9
64
9
34
16
28
1
79
3
29
9
74
18
90
9
99
9
34
9
74
9
34
9
64
9
94
0
14
9
44
9
99
9
99
9
64
9
74
9
94
9
94
9
14
9
44
9
94
18
90
0
90
9
74
9
94
9
14
18
30
16
88
9
44
9
44
19
62
9
14
9
99
19
31
9
34
9
94
4
79
9
99
9
14
9
64
1
89
9
74
19
61
9
99
9
9
9
64
9
44
9
99
9
64
9
94
19
92
9
74
15
87
9
74
9
94
9
44
9
34
17
59
9
34
9
94
19
62
9
64
8
95
15
57
17
59
9
44
9
44
9
94
9
34
18
30
9
44
16
28
9
94
17
29
9
34
9
74
9
74
19
92
9
94
9
14
9
44
14
56
17
59
9
44
17
89
9
14
9
74
14
26
9
34
9
44
16
28
16
28
16
28
9
99
9
34
9
64
9
64
9
94
9
74
17
29
9
74
14
86
9
14
9
99
9
99
9
34
15
57
9
14
9
34
9
34
16
28
9
44
9
74
0
60
17
89
9
14
9
64
1
19
9
34
9
34
9
99
9
99
9
99
3
19
19
92
17
59
9
44
9
14
9
64
9
94
9
74
9
14
9
14
9
44
9
94
9
94
15
87
9
44
9
64
9
14
18
30
1
19
0
30
9
99
9
44
9
64
9
74
9
14
9
14
9
64
9
44
9
99
9
34
16
88
19
31
1
69
9
74
15
27
18
30
9
74
18
30
9
74
9
64
19
91
9
34
9
94
16
88
9
14
18
90
0
50
9
94
9
64
9
64
16
58
16
88
17
29
18
90
9
44
9
89
19
32
9
74
9
34
14
26
16
28
16
28
14
86
9
34
9
34
17
29
19
32
9
64
16
58
9
44
9
64
9
64
9
94
14
56
19
61
19
91
9
34
1
89
9
74
9
74
9
34
9
99
15
27
18
60
17
89
9
44
9
14
9
34
3
69
15
57
9
44
9
74
9
64
9
74
9
64
9
34
9
64
9
44
14
86
14
86
9
64
9
34
9
74
15
87
9
99
16
88
18
90
9
44
9
34
9
34
9
94
1
89
0
50
9
64
8
15
18
90
18
30
9
99
18
30
9
14
9
44
9
44
9
14
18
60
9
44
9
14
19
61
9
74
3
9
9
14
9
99
16
88
9
34
9
99
9
34
9
14
9
34
9
44
9
74
9
14
9
57
16
58
9
34
9
94
9
46
16
58
17
59
9
64
9
44
9
34
9
74
9
74
9
99
14
56
9
14
9
94
9
91
17
59
9
64
9
14
9
14
9
14
16
88
9
64
0
90
9
64
17
89
9
99
9
14
9
14
18
30
9
94
9
44
19
61
9
99
16
28
9
64
9
74
9
34
9
64
9
14
9
94
18
60
9
99
9
14
9
94
9
14
18
30
9
62
9
74
19
31
9
34
3
49
9
74
9
64
9
34
19
31
4
99
9
14
19
62
9
74
9
34
15
87
15
27
9
74
9
44
16
88
16
28
0
60
9
74
9
14
14
26
9
34
9
94
9
94
9
34
9
64
9
34
9
44
16
88
9
14
17
89
9
64
18
90
16
88
9
64
1
29
9
94
9
74
19
92
16
88
17
59
9
44
9
74
9
94
9
74
9
34
9
14
17
29
17
59
9
99
16
88
9
74
9
14
19
61
18
60
9
74
9
44
18
30
15
87
9
14
4
39
14
56
1
89
17
29
15
87
