9
44
9
94
9
94
9
34
17
59
9
94
9
99
9
44
9
14
9
44
9
74
9
94
9
14
17
59
9
14
19
32
9
34
9
44
9
64
9
64
9
44
19
94
9
74
17
29
9
34
9
34
9
74
9
34
9
44
9
74
9
14
9
94
9
74
9
44
9
44
9
64
9
64
9
74
18
30
9
99
9
64
19
91
9
74
9
64
9
94
17
59
18
60
9
94
19
91
9
99
9
14
9
44
9
44
9
14
9
64
9
34
17
59
9
44
16
88
9
44
19
62
9
94
9
44
9
99
9
44
9
99
9
14
9
99
9
14
17
59
18
30
16
28
9
99
9
34
9
14
16
28
9
14
17
89
9
64
9
34
9
14
0
60
9
74
9
74
9
34
9
64
9
64
9
74
9
74
9
74
18
60
9
94
9
14
9
74
19
33
18
60
9
99
18
60
9
64
18
30
9
74
9
64
18
60
9
44
9
99
19
92
9
74
9
99
9
99
9
94
9
99
9
64
9
14
9
44
9
34
19
61
0
30
9
99
9
99
9
94
18
90
9
74
9
99
9
44
0
20
9
94
9
34
19
33
9
74
9
99
9
14
9
99
9
14
9
64
9
74
18
30
19
31
9
44
9
44
9
94
9
14
18
60
19
31
9
74
18
30
9
94
19
92
19
61
9
99
16
28
9
64
9
34
9
44
19
61
9
64
9
64
19
32
9
44
0
80
19
31
9
74
9
99
18
60
9
34
9
44
17
89
9
74
9
64
9
64
9
34
9
99
9
74
19
61
9
99
19
62
9
99
9
14
9
94
9
64
9
34
18
60
9
94
9
14
9
94
9
64
9
44
9
94
9
74
9
34
9
14
19
63
9
74
9
94
9
34
17
89
9
94
19
61
19
62
9
74
9
99
18
30
9
99
9
34
19
94
9
94
9
14
19
92
9
99
9
14
19
92
9
64
9
99
9
64
9
44
18
30
9
64
9
64
9
34
9
14
17
59
9
44
9
34
9
64
9
94
9
64
9
14
9
94
9
44
9
74
9
94
9
14
18
60
9
14
9
99
9
44
16
88
9
94
19
62
19
31
18
30
9
64
9
44
19
32
0
80
9
64
9
99
9
94
9
34
19
61
9
94
9
74
16
88
9
44
9
14
9
94
19
64
9
34
9
34
9
99
19
62
9
14
9
44
19
31
9
74
9
94
9
14
9
99
18
60
9
64
9
44
9
14
9
64
0
0
9
94
9
44
9
74
9
99
9
64
9
94
19
62
9
74
9
99
9
34
19
33
9
74
9
64
9
64
9
94
18
90
9
14
9
34
9
44
9
14
9
94
9
44
9
74
9
44
9
14
9
64
18
90
18
60
9
64
9
64
9
14
9
14
19
61
9
64
19
31
19
64
9
14
9
74
9
74
9
34
0
90
9
44
16
88
0
30
9
14
9
44
19
63
9
94
9
99
9
94
17
59
17
59
17
89
19
62
9
99
19
63
9
94
19
31
19
62
9
74
9
14
9
74
0
90
9
14
9
44
19
62
9
14
19
31
19
92
9
74
9
44
9
44
9
74
9
34
9
94
9
44
9
94
4
69
9
44
9
74
19
92
9
14
19
91
19
61
9
99
19
94
19
91
9
14
2
19
17
29
9
99
9
34
9
74
9
94
19
64
9
99
0
90
19
34
18
30
9
99
9
99
18
30
19
33
9
34
9
14
9
94
9
64
9
74
9
94
19
63
19
91
2
79
9
94
9
74
9
74
18
60
9
74
19
33
9
94
2
29
9
94
17
59
9
64
19
91
19
92
9
14
18
30
3
29
0
50
19
34
19
62
9
44
19
91
17
59
9
99
9
99
9
64
9
74
9
64
9
44
9
94
3
49
1
89
9
74
9
44
9
14
9
94
19
62
9
34
9
14
19
32
1
79
9
99
9
44
9
14
17
59
18
90
1
49
9
99
16
28
9
14
9
34
9
64
18
30
9
64
9
14
9
94
9
34
19
92
9
44
9
44
9
74
9
74
9
99
9
14
1
99
9
44
9
94
9
94
19
61
19
31
9
14
9
94
9
44
9
64
9
44
9
64
0
0
9
14
9
74
18
30
1
49
9
34
9
14
9
94
9
64
9
14
9
14
9
34
9
74
9
94
18
60
9
64
9
14
9
34
9
44
19
62
9
64
9
34
19
94
19
61
9
44
9
74
0
13
16
88
9
34
9
94
9
94
9
14
9
44
9
64
9
34
9
34
19
61
9
34
16
28
9
74
18
30
9
94
9
94
9
94
9
99
9
94
19
63
18
30
19
64
19
62
9
44
9
64
9
94
9
94
9
44
9
64
9
64
9
99
9
34
9
14
19
63
9
74
9
64
9
94
9
94
18
60
9
14
9
34
0
80
9
64
9
44
9
64
19
61
9
94
9
14
18
90
9
14
19
61
9
94
9
99
9
14
9
64
0
50
18
60
19
31
9
74
19
31
9
94
9
64
2
69
9
34
19
33
9
44
0
10
19
62
0
10
9
44
9
94
9
44
19
94
9
14
9
64
9
99
9
34
9
94
9
94
19
61
9
14
9
99
19
32
19
31
19
61
9
44
9
64
9
14
18
90
16
28
3
39
18
60
18
30
9
99
9
34
9
64
9
74
18
30
19
61
9
44
19
92
9
14
9
14
19
93
19
62
0
13
9
64
9
64
9
44
19
61
9
34
9
34
9
34
9
14
9
94
19
62
9
34
9
94
0
85
19
92
9
94
9
64
9
14
19
32
9
64
19
61
9
74
9
44
4
19
9
14
19
64
9
64
9
34
18
30
1
79
3
29
9
74
19
92
9
99
9
34
9
74
9
34
9
64
9
94
0
14
9
44
9
99
9
99
9
64
9
74
9
94
9
94
9
14
9
44
9
94
19
92
0
90
9
74
9
94
9
14
19
32
18
90
9
44
9
44
19
64
9
14
9
99
19
33
9
34
9
94
4
79
9
99
9
14
9
64
1
89
9
74
19
63
9
99
9
9
9
64
9
44
9
99
9
64
9
94
19
94
9
74
17
89
9
74
9
94
9
44
9
34
19
61
9
34
9
94
19
64
9
64
8
95
17
59
19
61
9
44
9
44
9
94
9
34
19
32
9
44
18
30
9
94
19
31
9
34
9
74
9
74
19
94
9
94
9
14
9
44
16
58
19
61
9
44
19
91
9
14
9
74
16
28
9
34
9
44
18
30
18
30
18
30
9
99
9
34
9
64
9
64
9
94
9
74
19
31
9
74
16
88
9
14
9
99
9
99
9
34
17
59
9
14
9
34
9
34
18
30
9
44
9
74
0
60
19
91
9
14
9
64
1
19
9
34
9
34
9
99
9
99
9
99
3
19
19
94
19
61
9
44
9
14
9
64
9
94
9
74
9
14
9
14
9
44
9
94
9
94
17
89
9
44
9
64
9
14
19
32
1
19
0
30
9
99
9
44
9
64
9
74
9
14
9
14
9
64
9
44
9
99
9
34
18
90
19
33
1
69
9
74
17
29
19
32
9
74
19
32
9
74
9
64
19
93
9
34
9
94
18
90
9
14
19
92
0
50
9
94
9
64
9
64
18
60
18
90
19
31
19
92
9
44
9
89
19
34
9
74
9
34
16
28
18
30
18
30
16
88
9
34
9
34
19
31
19
34
9
64
18
60
9
44
9
64
9
64
9
94
16
58
19
63
19
93
9
34
1
89
9
74
9
74
9
34
9
99
17
29
19
62
19
91
9
44
9
14
9
34
3
69
17
59
9
44
9
74
9
64
9
74
9
64
9
34
9
64
9
44
16
88
16
88
9
64
9
34
9
74
17
89
9
99
18
90
19
92
9
44
9
34
9
34
9
94
1
89
0
50
9
64
8
15
19
92
19
32
9
99
19
32
9
14
9
44
9
44
9
14
19
62
9
44
9
14
19
63
9
74
3
9
9
14
9
99
18
90
9
34
9
99
9
34
9
14
9
34
9
44
9
74
9
14
9
57
18
60
9
34
9
94
9
46
18
60
19
61
9
64
9
44
9
34
9
74
9
74
9
99
16
58
9
14
9
94
9
91
19
61
9
64
9
14
9
14
9
14
18
90
9
64
0
90
9
64
19
91
9
99
9
14
9
14
19
32
9
94
9
44
19
63
9
99
18
30
9
64
9
74
9
34
9
64
9
14
9
94
19
62
9
99
9
14
9
94
9
14
19
32
9
62
9
74
19
33
9
34
3
49
9
74
9
64
9
34
19
33
4
99
9
14
19
64
9
74
9
34
17
89
17
29
9
74
9
44
18
90
18
30
0
60
9
74
9
14
16
28
9
34
9
94
9
94
9
34
9
64
9
34
9
44
18
90
9
14
19
91
9
64
19
92
18
90
9
64
1
29
9
94
9
74
19
94
18
90
19
61
9
44
9
74
9
94
9
74
9
34
9
14
19
31
19
61
9
99
18
90
9
74
9
14
19
63
19
62
9
74
9
44
19
32
17
89
9
14
4
39
16
58
1
89
19
31
17
89
