6
36
5
82
3
88
3
29
6
43
3
84
6
93
4
38
3
9
3
37
4
64
3
85
3
6
6
43
5
9
4
19
5
23
4
35
3
58
3
59
3
39
6
78
3
63
6
13
6
28
4
25
6
69
6
23
4
38
5
69
5
3
6
89
3
69
5
37
2
37
2
52
2
59
2
64
3
14
4
99
3
59
3
75
4
69
6
59
5
89
2
43
2
49
3
83
3
78
2
99
3
9
4
39
4
34
6
7
5
55
2
29
3
43
4
33
2
72
2
37
4
47
6
85
5
39
3
92
4
34
3
99
2
9
2
97
3
8
5
43
2
19
4
12
3
93
3
29
4
3
5
12
6
7
5
73
2
59
4
24
5
8
0
60
6
66
3
69
4
23
2
55
4
56
2
65
3
69
6
69
2
45
6
86
5
7
5
62
5
19
2
49
4
92
3
44
5
56
2
14
3
69
2
55
4
44
3
33
5
99
4
76
5
68
5
99
3
94
6
89
5
93
5
57
3
5
5
33
3
26
6
45
0
30
3
99
2
97
5
89
2
75
6
69
4
94
4
39
0
20
4
85
5
26
5
19
3
64
4
98
5
7
4
99
6
8
5
59
5
69
2
18
3
19
3
34
4
38
4
82
2
6
2
48
3
16
5
63
2
19
6
89
4
77
3
49
6
98
2
12
2
52
3
25
6
38
3
46
6
59
4
55
4
16
3
38
0
80
3
19
3
62
3
97
2
46
3
26
5
32
4
73
4
62
5
58
2
59
5
27
3
94
2
67
3
46
5
97
6
46
5
92
3
6
5
88
4
57
5
29
6
44
6
89
3
4
2
87
3
55
3
32
6
83
6
66
2
27
6
8
5
49
5
69
3
89
5
28
3
73
2
84
6
45
4
49
5
69
6
99
2
15
4
99
2
24
6
79
5
85
3
4
4
76
3
99
6
3
4
78
4
54
5
92
3
59
4
37
2
19
3
59
2
58
5
29
2
9
4
43
5
39
2
27
6
57
4
89
6
57
2
9
4
87
5
37
5
69
2
85
6
9
2
46
5
3
6
93
3
34
2
72
2
82
6
46
4
15
2
17
3
59
2
33
4
18
0
80
4
55
2
94
2
84
3
24
3
49
6
87
4
63
3
72
6
37
2
6
5
89
6
49
6
27
4
28
3
94
6
46
4
2
3
32
3
17
6
65
2
84
5
9
5
93
6
44
4
53
3
35
2
8
3
56
0
0
4
85
2
36
2
64
5
95
5
59
3
82
4
46
6
69
2
97
3
29
5
18
5
69
6
59
2
56
6
88
6
74
3
2
2
25
2
32
5
7
4
89
3
32
6
65
5
39
2
2
5
57
2
76
3
44
4
52
2
53
2
5
6
8
3
47
2
59
3
16
6
48
6
8
3
64
2
65
3
28
0
90
5
39
5
72
0
30
2
8
5
39
5
47
3
89
4
94
4
87
2
43
4
43
4
73
5
46
5
94
5
48
6
84
3
18
6
46
3
66
4
5
4
69
0
90
6
5
2
36
4
46
2
6
3
15
5
76
2
67
5
39
5
39
6
63
2
29
6
88
4
32
6
87
4
64
4
35
2
69
4
77
2
3
5
75
3
49
6
99
6
79
3
76
2
9
2
15
5
13
5
93
4
25
5
69
6
89
6
48
2
99
0
90
6
19
3
14
2
92
3
95
2
16
5
19
5
24
3
8
2
88
3
54
4
63
4
85
5
49
3
75
2
76
3
89
3
66
5
65
2
46
5
69
5
17
2
83
2
29
3
86
3
43
6
57
3
79
4
77
2
3
2
15
3
23
0
50
6
18
4
49
2
39
3
75
3
43
5
99
5
92
3
55
6
69
3
52
2
35
5
89
3
44
1
88
4
64
2
39
2
9
3
89
4
49
2
23
4
9
4
19
1
79
6
98
5
35
4
4
4
43
2
79
1
49
4
99
4
12
6
9
2
29
4
56
6
14
6
59
2
5
3
82
6
26
4
79
2
39
6
35
3
69
6
63
5
96
2
3
1
97
6
35
5
85
6
83
4
45
3
19
4
5
2
89
5
32
3
54
3
32
3
57
0
0
6
9
5
68
2
19
1
43
3
28
2
8
5
86
4
58
5
8
4
7
4
27
5
69
5
94
2
44
3
52
4
7
4
24
3
33
4
49
4
54
2
29
6
79
3
49
3
33
6
68
0
13
4
72
4
22
5
85
6
89
5
3
6
39
4
58
3
29
4
27
3
49
5
29
2
12
3
69
6
14
6
84
4
86
6
89
5
94
2
84
5
47
5
14
6
49
4
46
4
33
5
54
5
82
2
88
2
39
3
56
4
59
6
99
5
28
4
6
5
48
5
67
6
56
5
84
2
89
2
46
4
5
5
23
0
80
4
54
3
39
3
56
6
45
3
89
2
7
5
74
2
9
3
49
5
89
4
95
4
2
4
59
0
50
2
44
3
19
5
69
3
15
5
85
2
59
2
67
3
25
6
17
5
32
0
10
5
46
0
10
3
36
4
89
4
32
6
79
2
3
5
59
6
99
2
27
6
88
3
89
5
45
2
5
4
96
6
16
3
19
3
49
6
38
5
59
6
4
2
75
5
12
3
39
6
44
2
19
6
93
2
22
5
57
3
69
2
19
3
47
6
38
4
77
4
9
5
9
5
78
4
48
0
13
5
57
5
58
4
34
5
45
2
26
5
22
2
27
6
3
6
84
5
46
4
22
4
89
0
85
4
79
5
85
6
59
6
3
4
19
3
55
3
45
6
67
6
38
4
16
3
7
6
49
6
58
3
28
2
16
1
72
3
24
5
69
4
77
5
99
6
29
4
66
6
26
5
57
5
87
0
14
4
34
4
99
2
96
2
54
6
69
5
86
5
86
3
4
2
39
5
82
4
76
0
90
2
64
5
82
3
9
4
16
2
79
2
36
4
39
6
48
2
7
5
99
5
18
3
29
4
87
4
79
3
95
5
9
2
55
1
85
5
65
6
47
2
97
2
9
6
53
5
35
3
95
2
55
2
89
6
79
5
69
2
73
3
68
6
86
5
36
4
29
6
45
3
22
3
83
6
49
3
58
4
95
3
43
3
49
4
34
6
36
2
89
2
27
5
16
6
38
2
17
4
82
4
15
6
29
4
68
6
66
6
79
3
89
2
8
5
39
2
42
3
48
4
39
6
75
2
8
4
62
3
12
5
23
5
34
2
19
2
14
2
18
6
97
4
28
3
56
2
57
6
87
6
66
3
19
5
68
2
72
6
9
5
99
4
94
3
24
6
43
2
8
4
28
2
29
2
16
4
36
3
62
0
60
5
75
2
9
6
55
1
12
5
29
2
23
4
92
4
92
3
97
3
17
6
78
3
47
5
34
3
4
2
59
6
86
6
69
6
3
2
9
2
36
2
89
4
87
4
73
2
39
6
55
5
9
6
16
1
18
0
30
4
99
3
39
4
55
3
62
3
6
3
8
5
59
5
39
4
98
3
29
3
74
5
17
1
62
5
66
2
13
6
16
3
65
4
16
4
69
4
55
5
78
6
27
6
88
6
74
6
8
4
79
0
50
3
85
5
59
2
55
2
49
5
74
3
15
4
76
3
39
2
89
6
19
2
68
3
24
2
12
2
17
2
14
5
72
4
27
4
24
4
15
6
19
5
58
2
46
3
37
6
53
5
58
4
89
4
42
5
49
6
77
2
26
1
89
4
68
4
64
5
27
6
94
3
13
4
49
6
75
2
35
4
9
4
29
3
62
4
43
6
38
2
69
4
53
5
68
4
59
6
29
5
59
4
39
2
72
3
72
2
53
6
28
5
64
5
73
4
99
2
76
5
76
6
38
5
23
2
25
3
85
1
83
0
50
4
55
5
15
4
79
4
16
5
92
4
18
3
8
4
39
3
39
3
7
4
49
6
39
5
6
5
48
4
69
3
7
2
9
5
99
2
74
2
27
2
95
6
24
5
5
3
29
3
32
4
69
5
8
2
57
3
44
5
26
2
86
6
46
2
44
3
49
2
52
4
37
4
26
3
64
6
66
5
97
4
42
4
5
2
89
3
91
3
47
6
55
2
8
4
4
4
7
2
75
5
59
0
90
3
57
3
79
5
99
3
5
3
3
4
19
3
85
6
37
5
47
3
99
6
14
3
59
3
63
2
29
3
59
4
8
6
89
4
48
4
99
5
6
3
86
4
9
4
17
5
62
6
65
5
19
3
24
3
44
6
63
3
57
5
27
5
19
4
98
6
7
6
49
4
64
5
29
6
73
5
13
5
63
3
34
6
74
2
16
0
60
2
62
4
7
5
12
5
25
4
89
4
89
2
29
2
54
4
28
3
32
2
78
5
6
3
78
3
57
4
77
2
78
5
55
1
29
5
89
5
69
6
79
2
77
3
49
2
39
5
64
4
82
4
69
6
29
4
9
4
15
3
45
2
94
2
74
4
69
5
5
5
49
4
49
2
66
5
36
4
19
6
73
3
3
4
36
4
42
1
88
4
15
5
73
