9
39
8
85
6
89
6
29
8
46
6
87
8
96
7
39
6
9
6
39
7
67
6
88
6
9
8
46
8
10
7
19
8
26
7
38
6
59
6
59
6
39
9
81
6
66
8
16
9
31
7
28
9
71
8
26
7
39
8
70
8
6
9
91
6
69
8
40
5
39
5
55
5
59
5
67
6
17
7
99
6
59
6
78
7
69
9
61
8
90
5
46
5
49
6
86
6
79
5
99
6
9
7
39
7
37
9
10
8
58
5
29
6
46
7
36
5
75
5
39
7
49
9
88
8
40
6
95
7
37
6
99
5
9
5
99
6
9
8
46
5
19
7
15
6
96
6
29
7
6
8
15
9
10
8
76
5
59
7
27
8
10
0
60
9
69
6
69
7
26
5
58
7
59
5
68
6
69
9
71
5
48
9
89
8
10
8
65
8
20
5
49
7
95
6
47
8
59
5
17
6
69
5
58
7
47
6
36
8
99
7
79
8
70
8
99
6
97
9
91
8
96
8
60
6
8
8
36
6
29
9
48
0
30
6
99
5
99
8
90
5
78
9
71
7
97
7
39
0
20
7
88
8
29
8
20
6
67
7
99
8
10
7
99
9
11
8
60
8
70
5
19
6
19
6
37
7
39
7
85
5
9
5
49
6
19
8
66
5
19
9
91
7
79
6
49
9
99
5
15
5
55
6
28
9
41
6
49
9
61
7
58
7
19
6
39
0
80
6
19
6
65
6
99
5
49
6
29
8
35
7
76
7
65
8
60
5
59
8
30
6
97
5
69
6
49
8
99
9
49
8
95
6
9
8
90
7
59
8
30
9
47
9
91
6
7
5
89
6
58
6
35
8
86
9
69
5
29
9
11
8
50
8
70
6
89
8
30
6
76
5
87
9
48
7
49
8
70
9
99
5
18
7
99
5
27
9
81
8
88
6
7
7
79
6
99
8
6
7
79
7
57
8
95
6
59
7
39
5
19
6
59
5
59
8
30
5
9
7
46
8
40
5
29
9
60
7
89
9
60
5
9
7
89
8
40
8
70
5
88
9
11
5
49
8
6
8
96
6
37
5
75
5
85
9
49
7
18
5
19
6
59
5
36
7
19
0
80
7
58
5
97
5
87
6
27
6
49
9
90
7
66
6
75
9
40
5
9
8
90
9
51
9
30
7
29
6
97
9
49
7
5
6
35
6
19
9
68
5
87
8
10
8
96
9
47
7
56
6
38
5
9
6
59
0
0
7
88
5
39
5
67
8
98
8
60
6
85
7
49
9
71
5
99
6
29
8
20
8
70
9
61
5
59
9
91
9
77
6
5
5
28
5
35
8
10
7
89
6
35
9
68
8
40
5
5
8
60
5
79
6
47
7
55
5
56
5
8
9
11
6
49
5
59
6
19
9
51
9
11
6
67
5
68
6
29
0
90
8
40
8
75
0
30
5
9
8
40
8
50
6
89
7
97
7
89
5
46
7
46
7
76
8
49
8
97
8
50
9
87
6
19
9
49
6
69
7
8
7
69
0
90
9
8
5
39
7
49
5
9
6
18
8
79
5
69
8
40
8
40
8
66
5
29
9
91
7
35
9
90
4
67
7
38
5
69
7
79
5
6
8
78
6
49
9
99
9
81
6
79
5
9
2
18
8
16
8
96
7
28
8
70
9
91
9
51
5
99
0
90
9
21
6
17
5
95
6
98
5
19
8
20
8
27
6
9
5
89
6
57
7
66
7
88
8
50
6
78
2
79
6
89
6
69
8
68
5
49
8
70
8
20
5
86
2
29
6
89
6
46
9
60
6
79
7
79
5
6
5
18
3
26
0
50
9
21
7
49
5
39
6
78
6
46
8
99
8
95
6
58
9
71
6
55
5
38
8
90
3
47
1
89
7
67
5
39
5
9
6
89
7
49
5
26
7
9
7
19
1
79
9
99
8
38
7
7
7
46
5
79
1
49
7
99
7
15
9
11
5
29
7
59
9
17
9
61
5
8
6
85
9
29
7
79
5
39
9
38
6
69
8
66
8
99
5
6
1
99
9
38
8
88
8
86
7
48
6
19
7
8
5
89
8
35
6
57
6
35
6
59
0
0
9
11
8
70
5
19
1
46
6
29
5
9
8
89
7
59
8
10
7
9
7
29
8
70
8
94
5
47
6
55
7
9
7
27
6
36
7
49
7
57
5
29
9
81
6
49
6
36
9
71
0
13
7
75
7
25
8
88
9
91
8
6
9
41
7
59
6
29
7
29
6
49
8
30
5
15
6
69
9
17
9
87
7
89
9
91
8
97
5
87
8
50
8
17
9
51
7
49
7
36
8
57
8
85
5
89
5
39
6
59
7
59
9
99
8
30
7
9
8
50
8
70
9
59
8
87
5
89
5
49
7
8
8
26
0
80
7
57
6
39
6
59
9
48
6
89
5
9
8
77
5
9
6
49
8
90
7
98
7
5
7
59
0
50
5
47
6
19
8
70
6
18
8
88
5
59
2
69
6
28
9
20
8
35
0
10
8
49
0
10
6
39
7
89
7
35
9
81
5
6
8
60
9
99
5
29
9
91
6
89
8
48
5
8
7
99
9
19
6
19
6
49
9
41
8
60
9
7
5
78
8
15
3
39
9
47
5
19
8
96
5
25
8
60
6
69
5
19
6
49
9
41
7
79
7
9
8
10
8
80
7
49
0
13
8
60
8
60
7
37
8
48
5
29
8
25
5
29
8
6
9
87
8
49
7
25
7
89
0
85
7
79
8
88
9
61
8
6
7
19
6
58
6
48
9
70
9
41
4
19
6
9
9
51
9
61
6
29
5
19
1
75
3
27
8
70
7
79
8
99
9
31
7
69
9
29
8
60
8
90
0
14
7
37
7
99
5
99
5
57
9
71
8
89
8
89
6
7
5
39
8
85
7
79
0
90
5
67
8
85
6
9
7
19
5
79
5
39
7
39
9
51
5
9
8
99
8
20
6
29
7
89
4
79
6
98
8
10
5
58
1
88
8
68
9
50
5
99
5
9
8
56
8
38
6
98
5
58
5
89
9
81
8
70
5
76
6
69
9
89
8
39
7
29
9
48
6
25
6
86
9
51
6
59
7
95
6
46
6
49
7
37
9
39
5
89
5
29
8
19
9
41
5
19
7
85
7
18
9
31
7
69
9
69
9
81
6
89
5
9
8
40
5
45
6
49
7
39
9
78
5
9
7
65
6
15
8
26
8
37
5
19
5
17
5
19
9
99
7
29
6
59
5
59
9
90
9
69
6
19
8
70
5
75
9
11
8
99
7
97
6
27
8
46
5
9
7
29
5
29
5
19
7
39
6
65
0
60
8
78
5
9
9
58
1
15
8
30
5
26
7
95
7
95
6
99
3
19
9
81
6
49
8
37
6
7
5
59
9
89
9
71
8
6
5
9
5
39
5
89
7
89
7
76
5
39
9
58
8
10
9
19
1
19
0
30
7
99
6
39
7
58
6
65
6
9
6
9
8
60
8
40
7
99
6
29
6
77
8
20
1
65
8
69
5
16
9
19
6
68
7
19
7
69
7
58
8
80
9
30
9
91
9
77
9
11
7
79
0
50
6
88
8
60
5
58
5
49
8
77
6
18
7
79
6
39
5
89
9
21
5
69
6
27
5
15
5
19
5
17
8
75
7
29
7
27
7
18
9
21
8
60
5
49
6
39
8
56
8
60
7
89
7
45
8
50
9
80
5
29
1
89
7
69
7
67
8
30
9
97
6
16
7
49
9
78
5
38
7
9
7
29
3
65
7
46
9
41
5
69
7
56
8
70
7
59
9
31
8
60
7
39
5
75
6
75
5
56
9
31
8
67
8
76
7
99
5
79
8
79
9
41
8
26
5
28
6
88
1
86
0
50
7
58
8
15
7
79
7
19
8
95
7
19
6
9
7
39
6
39
6
9
7
49
9
41
8
9
8
50
7
69
3
9
5
9
8
99
5
77
5
29
5
98
9
27
8
8
6
29
6
35
7
69
8
10
5
57
6
47
8
29
5
89
9
46
5
47
6
49
5
55
7
39
7
29
6
67
9
69
8
99
7
45
7
8
5
89
6
91
6
49
9
58
5
9
7
7
7
9
5
78
8
60
0
90
6
59
6
79
8
99
6
8
6
6
7
19
6
88
9
40
8
50
6
99
9
17
6
59
6
66
5
29
6
59
7
9
9
91
7
49
7
99
8
9
6
89
7
9
7
19
8
62
9
68
8
20
6
27
3
47
8
66
6
59
8
30
8
20
4
99
9
10
9
51
7
67
8
30
8
76
8
16
8
66
6
37
9
77
5
19
0
60
5
65
7
9
8
15
8
28
7
89
7
89
5
29
5
57
7
29
6
35
5
79
8
9
6
79
6
59
7
79
5
79
8
58
1
29
8
90
8
70
9
81
5
79
6
49
5
39
8
67
7
85
7
69
9
31
7
9
7
18
6
48
5
97
5
77
7
69
8
8
8
50
7
49
5
69
8
39
7
19
8
76
6
6
4
39
7
45
1
89
7
18
8
76
