9
44
9
93
9
94
9
34
12
54
9
94
9
99
9
44
9
14
9
44
9
74
9
94
9
14
12
54
9
14
15
27
9
34
9
44
9
64
9
64
9
44
17
89
9
74
12
24
9
34
9
34
9
74
9
34
9
44
9
74
9
14
9
94
9
74
9
44
9
44
9
63
9
64
9
74
13
25
9
99
9
64
14
86
9
74
9
64
9
94
12
54
13
55
9
94
14
86
9
99
9
14
9
44
9
44
9
14
9
64
9
34
12
54
9
44
11
83
9
44
15
57
9
94
9
44
9
99
9
44
9
99
9
14
9
99
9
14
12
54
13
25
11
23
9
99
9
34
9
14
11
23
9
14
12
84
9
64
9
34
9
14
0
60
9
74
9
74
9
34
9
64
9
64
9
74
9
74
9
74
13
55
9
94
9
14
9
73
16
28
13
55
9
99
13
55
9
64
13
25
9
74
9
64
13
55
9
44
9
99
15
87
9
74
9
99
9
99
9
94
9
99
9
64
9
14
9
44
9
34
14
56
0
30
9
99
9
99
9
94
13
85
9
74
9
99
9
44
0
20
9
94
9
34
16
28
9
74
9
99
9
14
9
99
9
14
9
64
9
74
13
25
14
26
9
44
9
44
9
93
9
14
13
55
14
26
9
74
13
25
9
94
15
87
14
56
9
99
11
23
9
63
9
34
9
44
14
56
9
64
9
64
15
27
9
44
0
80
14
26
9
73
9
99
13
55
9
34
9
43
12
84
9
73
9
64
9
64
9
34
9
99
9
74
14
56
9
99
15
57
9
99
9
14
9
94
9
64
9
34
13
55
9
94
9
14
9
94
9
64
9
43
9
94
9
74
9
34
9
14
16
58
9
74
9
94
9
34
12
84
9
94
14
56
15
57
9
74
9
99
13
25
9
99
9
34
17
89
9
94
9
14
15
87
9
99
9
14
15
87
9
64
9
99
9
64
9
44
13
25
9
64
9
64
9
34
9
14
12
54
9
44
9
34
9
64
9
94
9
64
9
14
9
94
9
44
9
74
9
94
9
14
13
55
9
14
9
99
9
44
11
83
9
93
15
57
14
26
13
25
9
64
9
44
15
27
0
80
9
64
9
99
9
94
9
34
14
56
9
94
9
74
11
83
9
44
9
14
9
94
17
59
9
34
9
34
9
99
15
57
9
13
9
43
14
26
9
74
9
94
9
14
9
99
13
55
9
64
9
44
9
14
9
64
0
0
9
94
9
44
9
74
9
99
9
64
9
93
15
57
9
74
9
99
9
34
16
28
9
74
9
64
9
64
9
94
13
85
9
13
9
34
9
43
9
14
9
94
9
43
9
74
9
44
9
13
9
64
13
85
13
55
9
63
9
64
9
14
9
14
14
56
9
64
14
26
17
59
9
14
9
74
9
74
9
34
0
90
9
44
11
83
0
30
9
14
9
44
16
58
9
94
9
99
9
94
12
54
12
54
12
84
15
57
9
99
16
58
9
94
14
26
15
57
9
74
9
14
9
74
0
90
9
14
9
44
15
57
9
14
14
26
15
87
9
74
9
44
9
44
9
74
9
34
9
94
9
43
9
94
4
69
9
44
9
74
15
87
9
14
14
86
14
56
9
99
17
89
14
86
9
14
2
19
12
24
9
99
9
34
9
74
9
94
17
59
9
99
0
90
17
29
13
25
9
99
9
99
13
25
16
28
9
34
9
14
9
94
9
64
9
74
9
94
16
58
14
86
2
79
9
94
9
74
9
74
13
55
9
74
16
28
9
94
2
29
9
94
12
54
9
64
14
86
15
87
9
14
13
25
3
29
0
50
17
29
15
57
9
44
14
86
12
54
9
99
9
99
9
64
9
74
9
63
9
44
9
94
3
49
1
89
9
74
9
44
9
14
9
94
15
57
9
34
9
14
15
27
1
79
9
99
9
44
9
14
12
54
13
85
1
49
9
99
11
23
9
14
9
34
9
64
13
25
9
64
9
14
9
93
9
34
15
87
9
44
9
44
9
74
9
74
9
99
9
14
1
99
9
44
9
94
9
94
14
56
14
26
9
14
9
94
9
43
9
64
9
43
9
64
0
0
9
14
9
74
13
25
1
49
9
34
9
14
9
94
9
64
9
14
9
14
9
34
9
74
9
94
13
55
9
63
9
14
9
34
9
44
15
57
9
64
9
34
17
89
14
56
9
44
9
74
0
13
11
83
9
33
9
94
9
94
9
14
9
44
9
64
9
34
9
34
14
56
9
34
11
23
9
74
13
25
9
94
9
94
9
94
9
99
9
94
16
58
13
25
17
59
15
57
9
44
9
64
9
93
9
94
9
44
9
64
9
64
9
99
9
34
9
14
16
58
9
74
9
64
9
94
9
94
13
55
9
14
9
34
0
80
9
64
9
44
9
64
14
56
9
94
9
14
13
85
9
14
14
56
9
94
9
99
9
13
9
64
0
50
13
55
14
26
9
74
14
26
9
94
9
64
2
69
9
34
16
28
9
43
0
10
15
57
0
10
9
44
9
94
9
43
17
89
9
14
9
64
9
99
9
34
9
94
9
94
14
56
9
14
9
99
15
27
14
26
14
56
9
44
9
64
9
14
13
85
11
23
3
39
13
55
13
25
9
99
9
33
9
64
9
74
13
25
14
56
9
44
15
87
9
14
9
14
16
88
15
57
0
13
9
64
9
64
9
44
14
56
9
34
9
33
9
34
9
14
9
94
15
57
9
33
9
94
0
85
15
87
9
94
9
64
9
14
15
27
9
64
14
56
9
74
9
44
4
19
9
14
17
59
9
64
9
34
13
25
1
79
3
29
9
74
15
87
9
99
9
34
9
74
9
34
9
64
9
94
0
14
9
44
9
99
9
99
9
64
9
74
9
94
9
94
9
14
9
44
9
93
15
87
0
90
9
74
9
93
9
14
15
27
13
85
9
44
9
44
17
59
9
14
9
99
16
28
9
34
9
94
4
79
9
99
9
14
9
64
1
89
9
74
16
58
9
99
9
9
9
64
9
44
9
99
9
64
9
94
17
89
9
74
12
84
9
74
9
94
9
44
9
34
14
56
9
33
9
94
17
59
9
64
8
95
12
54
14
56
9
44
9
44
9
94
9
34
15
27
9
44
13
25
9
93
14
26
9
34
9
74
9
74
17
89
9
94
9
14
9
44
11
53
14
56
9
44
14
86
9
14
9
73
11
23
9
34
9
44
13
25
13
25
13
25
9
99
9
34
9
64
9
64
9
94
9
74
14
26
9
74
11
83
9
14
9
99
9
99
9
34
12
54
9
14
9
34
9
34
13
25
9
44
9
73
0
60
14
86
9
14
9
64
1
19
9
34
9
34
9
99
9
99
9
99
3
19
17
89
14
56
9
44
9
14
9
64
9
94
9
74
9
14
9
14
9
44
9
94
9
94
12
84
9
44
9
64
9
14
15
27
1
19
0
30
9
99
9
44
9
64
9
73
9
14
9
14
9
64
9
44
9
99
9
34
13
85
16
28
1
69
9
74
12
24
15
27
9
74
15
27
9
74
9
64
16
88
9
34
9
94
13
85
9
14
15
87
0
50
9
94
9
64
9
64
13
55
13
85
14
26
15
87
9
44
9
89
17
29
9
74
9
34
11
23
13
25
13
25
11
83
9
34
9
34
14
26
17
29
9
64
13
55
9
44
9
64
9
64
9
94
11
53
16
58
16
88
9
34
1
89
9
74
9
74
9
34
9
99
12
24
15
57
14
86
9
44
9
14
9
34
3
69
12
54
9
44
9
74
9
64
9
74
9
64
9
34
9
64
9
44
11
83
11
83
9
64
9
34
9
74
12
84
9
99
13
85
15
87
9
44
9
34
9
34
9
94
1
89
0
50
9
64
8
15
15
87
15
27
9
99
15
27
9
14
9
44
9
44
9
14
15
57
9
44
9
14
16
58
9
74
3
9
9
14
9
99
13
85
9
34
9
99
9
34
9
14
9
34
9
43
9
74
9
14
9
57
13
55
9
34
9
94
9
46
13
55
14
56
9
63
9
44
9
34
9
74
9
74
9
99
11
53
9
14
9
94
9
91
14
56
9
64
9
14
9
14
9
14
13
85
9
64
0
90
9
64
14
86
9
99
9
14
9
14
15
27
9
94
9
44
16
58
9
99
13
25
9
64
9
74
9
34
9
64
9
14
9
94
15
57
9
99
9
14
9
94
9
14
15
27
9
62
9
74
16
28
9
34
3
49
9
74
9
64
9
34
16
28
4
99
9
14
17
59
9
74
9
34
12
84
12
24
9
74
9
44
13
85
13
25
0
60
9
73
9
14
11
23
9
34
9
94
9
94
9
34
9
64
9
34
9
43
13
85
9
14
14
86
9
64
15
87
13
85
9
64
1
29
9
94
9
74
17
89
13
85
14
56
9
44
9
74
9
93
9
74
9
34
9
14
14
26
14
56
9
99
13
85
9
74
9
14
16
58
15
57
9
74
9
44
15
27
12
84
9
14
4
39
11
53
1
89
14
26
12
84
