9
44
9
90
9
93
9
33
9
51
9
92
9
99
9
44
9
13
9
43
9
72
9
93
9
13
9
51
9
14
12
24
9
31
9
43
9
63
9
63
9
43
14
86
9
71
9
21
9
34
9
33
9
74
9
31
9
44
9
74
9
11
9
94
9
73
9
44
9
42
9
60
9
62
9
72
10
22
9
99
9
63
11
83
9
74
9
64
9
94
9
51
10
52
9
91
11
83
9
99
9
13
9
44
9
42
9
14
9
63
9
32
9
51
9
41
9
80
9
42
12
54
9
93
9
44
9
99
9
42
9
99
9
12
9
99
9
13
9
51
10
22
9
20
9
99
9
33
9
11
9
20
9
14
9
81
9
62
9
32
9
14
0
60
9
74
9
73
9
31
9
62
9
64
9
72
9
73
9
74
10
52
9
94
9
14
9
70
13
25
10
52
9
99
10
52
9
64
10
22
9
73
9
62
10
52
9
41
9
99
12
84
9
74
9
99
9
99
9
94
9
99
9
64
9
13
9
41
9
33
11
53
0
30
9
99
9
99
9
94
10
82
9
74
9
99
9
44
0
20
9
93
9
34
13
25
9
72
9
99
9
14
9
99
9
14
9
64
9
74
10
22
11
23
9
42
9
44
9
90
9
12
10
52
11
23
9
71
10
22
9
94
12
84
11
53
9
99
9
20
9
60
9
33
9
44
11
53
9
64
9
63
12
24
9
43
0
80
11
23
9
70
9
99
10
52
9
33
9
40
9
81
9
70
9
64
9
62
9
34
9
99
9
72
11
53
9
99
12
54
9
99
9
13
9
94
9
64
9
34
10
52
9
94
9
12
9
92
9
63
9
40
9
91
9
74
9
32
9
14
13
55
9
74
9
93
9
34
9
81
9
92
11
53
12
54
9
74
9
99
10
22
9
99
9
32
14
86
9
93
9
12
12
84
9
99
9
11
12
84
9
62
9
99
9
63
9
44
10
22
9
63
9
62
9
34
9
12
9
51
9
44
9
32
9
64
9
94
9
64
9
12
9
94
9
44
9
74
9
92
9
14
10
52
9
11
9
99
9
42
9
80
9
90
12
54
11
23
10
22
9
63
9
41
12
24
0
80
9
63
9
99
9
92
9
32
11
53
9
94
9
71
9
80
9
44
9
12
9
94
14
56
9
34
9
34
9
99
12
54
9
10
9
40
11
23
9
73
9
92
9
14
9
99
10
52
9
61
9
43
9
12
9
63
0
0
9
93
9
42
9
72
9
99
9
64
9
90
12
54
9
74
9
99
9
33
13
25
9
74
9
64
9
62
9
94
10
82
9
10
9
32
9
40
9
14
9
94
9
40
9
73
9
44
9
10
9
64
10
82
10
52
9
60
9
61
9
12
9
14
11
53
9
62
11
23
14
56
9
14
9
72
9
72
9
33
0
90
9
44
9
80
0
30
9
12
9
44
13
55
9
93
9
99
9
94
9
51
9
51
9
81
12
54
9
99
13
55
9
92
11
23
12
54
9
73
9
13
9
74
0
90
9
13
9
42
12
54
9
12
11
23
12
84
9
72
9
44
9
44
9
71
9
32
9
94
9
40
9
94
4
69
9
43
9
72
12
84
9
11
11
83
11
53
9
99
14
86
11
83
9
12
2
19
9
21
9
99
9
33
9
74
9
94
14
56
9
99
0
90
14
26
10
22
9
99
9
99
10
22
13
25
9
32
9
13
9
92
9
62
9
71
9
93
13
55
11
83
2
79
9
93
9
73
9
73
10
52
9
74
13
25
9
91
2
29
9
93
9
51
9
64
11
83
12
84
9
11
10
22
3
29
0
50
14
26
12
54
9
42
11
83
9
51
9
99
9
99
9
63
9
74
9
60
9
42
9
94
3
49
1
89
9
72
9
42
9
12
9
93
12
54
9
31
9
14
12
24
1
79
9
99
9
43
9
12
9
51
10
82
1
49
9
99
9
20
9
14
9
32
9
64
10
22
9
64
9
12
9
90
9
34
12
84
9
42
9
43
9
73
9
71
9
99
9
11
1
99
9
43
9
93
9
91
11
53
11
23
9
13
9
92
9
40
9
62
9
40
9
63
0
0
9
14
9
74
10
22
1
49
9
33
9
12
9
94
9
64
9
14
9
14
9
34
9
74
9
94
10
52
9
60
9
14
9
32
9
41
12
54
9
62
9
32
14
86
11
53
9
41
9
74
0
13
9
80
9
30
9
93
9
94
9
11
9
44
9
64
9
33
9
34
11
53
9
34
9
20
9
73
10
22
9
92
9
94
9
94
9
99
9
92
13
55
10
22
14
56
12
54
9
41
9
62
9
90
9
92
9
42
9
63
9
64
9
99
9
34
9
14
13
55
9
74
9
64
9
92
9
92
10
52
9
13
9
31
0
80
9
62
9
43
9
63
11
53
9
93
9
12
10
82
9
12
11
53
9
94
9
99
9
10
9
64
0
50
10
52
11
23
9
74
11
23
9
93
9
62
2
69
9
33
13
25
9
40
0
10
12
54
0
10
9
43
9
94
9
40
14
86
9
11
9
64
9
99
9
32
9
94
9
93
11
53
9
12
9
99
12
24
11
23
11
53
9
44
9
64
9
12
10
82
9
20
3
39
10
52
10
22
9
99
9
30
9
64
9
73
10
22
11
53
9
44
12
84
9
14
9
14
13
85
12
54
0
13
9
64
9
64
9
42
11
53
9
32
9
30
9
32
9
11
9
92
12
54
9
30
9
94
0
85
12
84
9
93
9
64
9
11
12
24
9
63
11
53
9
74
9
44
4
19
9
13
14
56
9
64
9
33
10
22
1
79
3
29
9
74
12
84
9
99
9
34
9
74
9
34
9
64
9
94
0
14
9
42
9
99
9
99
9
62
9
74
9
94
9
94
9
12
9
42
9
90
12
84
0
90
9
72
9
90
9
13
12
24
10
82
9
42
9
44
14
56
9
12
9
99
13
25
9
33
9
94
4
79
9
99
9
14
9
62
1
89
9
73
13
55
9
99
9
9
9
61
9
43
9
99
9
62
9
92
14
86
9
74
9
81
9
73
9
94
9
44
9
34
11
53
9
30
9
91
14
56
9
63
8
95
9
51
11
53
9
42
9
44
9
92
9
32
12
24
9
44
10
22
9
90
11
23
9
34
9
74
9
74
14
86
9
93
9
12
9
44
9
50
11
53
9
44
11
83
9
12
9
70
9
20
9
31
9
42
10
22
10
22
10
22
9
99
9
34
9
63
9
62
9
94
9
74
11
23
9
74
9
80
9
14
9
99
9
99
9
32
9
51
9
12
9
34
9
32
10
22
9
44
9
70
0
60
11
83
9
12
9
63
1
19
9
34
9
31
9
99
9
99
9
99
3
19
14
86
11
53
9
42
9
12
9
62
9
94
9
74
9
11
9
12
9
42
9
92
9
94
9
81
9
42
9
63
9
14
12
24
1
19
0
30
9
99
9
43
9
63
9
70
9
13
9
13
9
64
9
44
9
99
9
33
10
82
13
25
1
69
9
74
9
21
12
24
9
73
12
24
9
74
9
63
13
85
9
34
9
94
10
82
9
14
12
84
0
50
9
93
9
64
9
62
10
52
10
82
11
23
12
84
9
43
9
89
14
26
9
72
9
32
9
20
10
22
10
22
9
80
9
34
9
32
11
23
14
26
9
64
10
52
9
43
9
61
9
64
9
94
9
50
13
55
13
85
9
32
1
89
9
74
9
72
9
34
9
99
9
21
12
54
11
83
9
42
9
14
9
34
3
69
9
51
9
44
9
72
9
61
9
74
9
64
9
34
9
64
9
44
9
80
9
80
9
61
9
34
9
72
9
81
9
99
10
82
12
84
9
44
9
31
9
32
9
93
1
89
0
50
9
63
8
15
12
84
12
24
9
99
12
24
9
13
9
44
9
43
9
13
12
54
9
44
9
14
13
55
9
74
3
9
9
12
9
99
10
82
9
32
9
99
9
32
9
13
9
33
9
40
9
74
9
14
9
57
10
52
9
34
9
92
9
46
10
52
11
53
9
60
9
44
9
34
9
72
9
74
9
99
9
50
9
13
9
92
9
91
11
53
9
63
9
12
9
12
9
14
10
82
9
64
0
90
9
63
11
83
9
99
9
13
9
11
12
24
9
93
9
44
13
55
9
99
10
22
9
63
9
71
9
32
9
63
9
14
9
94
12
54
9
99
9
14
9
93
9
14
12
24
9
62
9
73
13
25
9
32
3
49
9
71
9
63
9
34
13
25
4
99
9
14
14
56
9
72
9
34
9
81
9
21
9
71
9
42
10
82
10
22
0
60
9
70
9
14
9
20
9
33
9
94
9
94
9
32
9
62
9
34
9
40
10
82
9
14
11
83
9
63
12
84
10
82
9
63
1
29
9
94
9
74
14
86
10
82
11
53
9
42
9
72
9
90
9
74
9
34
9
14
11
23
11
53
9
99
10
82
9
74
9
13
13
55
12
54
9
72
9
44
12
24
9
81
9
11
4
39
9
50
1
89
11
23
9
81
