5
35
4
81
2
87
2
28
5
42
2
83
5
92
3
37
2
8
2
36
3
63
2
84
2
5
5
42
4
9
3
19
4
22
3
34
2
57
2
59
2
39
5
77
2
62
5
12
5
27
3
24
5
69
5
22
3
37
4
68
4
2
5
89
2
69
4
36
1
36
1
51
1
58
1
63
2
13
3
99
2
59
2
74
3
69
5
58
4
88
1
42
1
49
2
82
2
77
1
98
2
9
3
39
3
33
5
6
4
54
1
29
2
42
3
32
1
71
1
36
3
46
5
84
4
38
2
91
3
33
2
99
1
9
1
96
2
7
4
42
1
19
3
11
2
92
2
29
3
2
4
11
5
6
4
72
1
59
3
23
4
7
0
60
5
65
2
68
3
22
1
54
3
55
1
64
2
69
5
68
1
44
5
85
4
6
4
61
4
18
1
49
3
91
2
43
4
55
1
13
2
69
1
54
3
43
2
32
4
99
3
75
4
67
4
99
2
93
5
88
4
92
4
56
2
4
4
32
2
25
5
44
0
30
2
99
1
96
4
89
1
74
5
69
3
93
3
39
0
20
3
84
4
25
4
19
2
63
3
97
4
6
3
98
5
7
4
58
4
68
1
17
2
18
2
33
3
37
3
81
1
5
1
47
2
15
4
62
1
19
5
89
3
76
2
49
5
97
1
11
1
51
2
24
5
37
2
45
5
59
3
54
3
15
2
37
0
80
2
19
2
61
2
96
1
45
2
25
4
31
3
72
3
61
4
57
1
59
4
26
2
93
1
66
2
45
4
96
5
45
4
91
2
5
4
87
3
56
4
28
5
43
5
89
2
3
1
86
2
54
2
31
5
82
5
65
1
26
5
7
4
49
4
68
2
89
4
27
2
72
1
83
5
44
3
49
4
69
5
98
1
14
3
98
1
23
5
79
4
84
2
3
3
75
2
99
5
2
3
77
3
53
4
91
2
59
3
36
1
18
2
58
1
57
4
29
1
8
3
42
4
39
1
26
5
56
3
89
5
56
1
8
3
86
4
36
4
68
1
84
5
9
1
45
4
2
5
92
2
33
1
71
1
81
5
45
3
14
1
16
2
59
1
32
3
17
0
80
3
54
1
93
1
83
2
23
2
48
5
86
3
62
2
71
5
36
1
5
4
89
5
49
5
26
3
27
2
93
5
45
3
1
2
31
2
16
5
64
1
83
4
9
4
92
5
43
3
52
2
34
1
7
2
55
0
0
3
84
1
35
1
63
4
94
4
58
2
81
3
45
5
69
1
96
2
29
4
17
4
68
5
58
1
55
5
87
5
73
2
1
1
24
1
31
4
6
3
89
2
31
5
64
4
39
1
1
4
56
1
75
2
43
3
51
1
52
1
4
5
7
2
46
1
58
2
15
5
47
5
7
2
63
1
64
2
27
0
90
4
38
4
71
0
30
1
7
4
39
4
46
2
89
3
93
3
86
1
42
3
42
3
72
4
45
4
93
4
47
5
83
2
17
5
45
2
65
3
4
3
69
0
90
5
4
1
35
3
45
1
5
2
14
4
75
1
66
4
39
4
39
5
62
1
28
5
87
3
31
5
86
4
63
3
34
1
68
3
76
1
2
4
74
2
49
5
98
5
79
2
75
1
9
2
14
4
12
4
92
3
24
4
68
5
89
5
47
1
99
0
90
5
19
2
13
1
91
2
94
1
15
4
19
4
23
2
7
1
87
2
53
3
62
3
84
4
49
2
74
2
75
2
88
2
65
4
64
1
45
4
69
4
16
1
82
2
28
2
85
2
42
5
56
2
79
3
76
1
2
1
14
3
22
0
50
5
17
3
49
1
39
2
74
2
42
4
99
4
91
2
54
5
69
2
51
1
34
4
89
3
43
1
87
3
63
1
39
1
9
2
88
3
49
1
22
3
9
3
19
1
79
5
97
4
34
3
3
3
42
1
78
1
48
3
99
3
11
5
9
1
29
3
55
5
13
5
59
1
4
2
81
5
25
3
78
1
38
5
34
2
69
5
62
4
95
1
2
1
96
5
34
4
84
5
82
3
44
2
19
3
4
1
89
4
31
2
53
2
31
2
56
0
0
5
8
4
67
1
18
1
42
2
27
1
7
4
85
3
57
4
7
3
6
3
26
4
69
4
94
1
43
2
51
3
6
3
23
2
32
3
49
3
53
1
29
5
79
2
49
2
32
5
67
0
13
3
71
3
21
4
84
5
89
4
2
5
39
3
57
2
28
3
26
2
49
4
29
1
11
2
69
5
13
5
83
3
85
5
89
4
93
1
83
4
46
4
13
5
49
3
45
3
32
4
53
4
81
1
87
1
39
2
55
3
58
5
99
4
27
3
5
4
47
4
66
5
55
4
83
1
89
1
45
3
4
4
22
0
80
3
53
2
39
2
55
5
44
2
88
1
6
4
73
1
9
2
49
4
88
3
94
3
1
3
59
0
50
1
43
2
18
4
69
2
14
4
84
1
59
2
66
2
24
5
16
4
31
0
10
4
45
0
10
2
35
3
88
3
31
5
79
1
2
4
59
5
99
1
26
5
87
2
89
4
44
1
4
3
95
5
15
2
19
2
49
5
37
4
59
5
3
1
74
4
11
3
38
5
43
1
19
5
92
1
21
4
56
2
68
1
18
2
46
5
37
3
76
3
9
4
9
4
77
3
47
0
13
4
56
4
57
3
33
4
44
1
25
4
21
1
26
5
2
5
83
4
45
3
21
3
88
0
85
3
79
4
84
5
58
5
2
3
19
2
54
2
44
5
66
5
37
4
15
2
6
5
49
5
57
2
27
1
15
1
71
3
23
4
69
3
76
4
98
5
29
3
65
5
25
4
56
4
86
0
14
3
33
3
99
1
95
1
53
5
69
4
85
4
85
2
3
1
38
4
81
3
75
0
90
1
63
4
81
2
9
3
15
1
78
1
35
3
39
5
47
1
6
4
99
4
17
2
28
3
86
4
79
2
94
4
8
1
54
1
84
4
64
5
46
1
96
1
9
5
52
4
34
2
94
1
54
1
89
5
78
4
69
1
72
2
67
5
85
4
35
3
29
5
44
2
21
2
82
5
49
2
57
3
95
2
42
2
49
3
33
5
35
1
89
1
26
4
15
5
37
1
16
3
81
3
14
5
28
3
67
5
65
5
79
2
88
1
7
4
38
1
41
2
47
3
39
5
74
1
7
3
61
2
11
4
22
4
33
1
19
1
13
1
17
5
96
3
27
2
55
1
56
5
86
5
65
2
18
4
67
1
71
5
8
4
99
3
93
2
23
5
42
1
7
3
27
1
29
1
15
3
35
2
61
0
60
4
74
1
9
5
54
1
11
4
29
1
22
3
91
3
91
2
96
3
16
5
77
2
46
4
33
2
3
1
59
5
85
5
69
5
2
1
8
1
35
1
88
3
86
3
72
1
39
5
54
4
9
5
15
1
17
0
30
3
98
2
38
3
54
2
61
2
5
2
7
4
59
4
39
3
97
2
29
2
73
4
16
1
61
4
65
1
12
5
15
2
64
3
15
3
69
3
54
4
77
5
26
5
87
5
73
5
7
3
78
0
50
2
84
4
58
1
54
1
49
4
73
2
14
3
75
2
39
1
89
5
19
1
67
2
23
1
11
1
16
1
13
4
71
3
26
3
23
3
14
5
18
4
57
1
45
2
36
5
52
4
57
3
89
3
41
4
49
5
76
1
25
1
88
3
67
3
63
4
26
5
93
2
12
3
49
5
74
1
34
3
9
3
28
3
61
3
42
5
37
1
68
3
52
4
67
3
59
5
29
4
58
3
39
1
71
2
71
1
52
5
27
4
63
4
72
3
99
1
75
4
75
5
37
4
22
1
24
2
84
1
82
0
50
3
54
4
15
3
79
3
15
4
91
3
17
2
7
3
39
2
38
2
6
3
48
5
39
4
5
4
47
3
68
3
6
1
9
4
99
1
73
1
26
1
94
5
23
4
4
2
28
2
31
3
69
4
7
1
57
2
43
4
25
1
85
5
46
1
43
2
48
1
51
3
36
3
25
2
63
5
65
4
96
3
41
3
4
1
89
2
91
2
46
5
54
1
7
3
3
3
6
1
74
4
59
0
90
2
56
2
79
4
98
2
4
2
2
3
19
2
84
5
36
4
46
2
99
5
13
2
59
2
62
1
29
2
59
3
7
5
89
3
47
3
98
4
5
2
85
3
9
3
16
4
62
5
64
4
19
2
23
3
43
5
62
2
56
4
26
4
19
4
97
5
6
5
48
3
63
4
29
5
72
4
12
4
62
2
33
5
73
1
15
0
60
1
61
3
6
4
11
4
24
3
88
3
89
1
29
1
53
3
27
2
31
1
77
4
5
2
77
2
56
3
76
1
77
4
54
1
28
4
89
4
68
5
78
1
76
2
49
1
38
4
63
3
81
3
69
5
29
3
9
3
14
2
44
1
93
1
73
3
68
4
4
4
48
3
48
1
65
4
35
3
18
5
72
2
2
4
35
3
41
1
87
3
14
4
72
