4
34
4
80
1
86
1
27
4
41
1
82
4
91
2
36
1
7
1
35
2
62
1
83
1
4
4
41
3
8
2
18
3
21
2
33
1
56
1
58
1
38
4
76
1
61
4
11
4
26
2
23
4
69
4
21
2
36
3
67
3
1
4
88
1
68
3
35
0
35
1
50
0
57
0
62
1
12
2
98
1
59
1
73
2
69
4
57
3
87
0
41
0
48
1
81
1
76
0
97
1
9
2
38
2
32
4
5
3
53
0
29
1
41
2
31
1
70
0
35
2
45
4
83
3
37
2
90
2
32
1
99
0
8
0
95
1
6
3
41
0
19
3
10
1
91
1
28
2
1
4
10
4
5
3
71
0
59
2
22
3
6
0
60
4
64
1
67
2
21
0
53
2
54
0
63
1
68
4
67
0
43
4
84
3
5
4
60
3
17
0
48
3
90
1
42
3
54
0
12
1
69
0
53
2
42
1
31
3
99
2
74
3
66
3
98
1
92
4
87
3
91
3
55
1
3
3
31
1
24
4
43
0
30
1
98
0
95
3
88
0
73
4
68
2
92
2
38
0
20
2
83
3
24
3
19
1
62
2
96
3
5
2
97
4
6
3
57
3
67
0
16
1
17
1
32
2
36
3
80
0
4
0
46
1
14
3
61
0
19
4
89
2
75
1
48
4
96
1
10
1
50
1
23
4
36
1
44
4
58
2
53
2
14
1
36
0
80
1
18
2
60
1
95
0
44
1
24
4
30
2
71
3
60
3
56
0
59
3
25
1
92
0
65
1
44
3
95
4
44
4
90
1
4
3
86
2
55
3
27
4
42
4
89
1
2
0
85
1
53
2
30
4
81
4
64
0
25
4
6
3
48
3
67
1
89
3
26
1
71
0
82
4
43
2
48
3
68
4
97
0
13
2
97
0
22
4
79
3
83
1
2
2
74
1
99
4
1
2
76
2
52
4
90
1
59
2
35
0
17
1
57
0
56
3
29
0
7
2
41
3
39
0
25
4
55
2
88
4
55
0
7
2
85
3
35
3
67
0
83
4
9
0
44
3
1
4
91
1
32
1
70
1
80
4
44
2
13
0
15
1
58
0
31
2
16
0
80
2
53
0
92
0
82
1
22
1
47
4
85
2
61
2
70
4
35
0
4
3
89
4
48
4
25
2
26
1
92
4
44
3
0
2
30
1
15
4
63
0
82
3
8
3
91
4
42
2
51
1
33
0
6
1
54
0
0
2
83
0
34
0
62
3
93
3
57
2
80
2
44
4
68
0
95
1
28
3
16
3
67
4
57
0
54
4
86
4
72
2
0
0
23
1
30
3
5
2
88
2
30
4
63
3
39
1
0
3
55
0
74
1
42
3
50
0
51
0
3
4
6
1
45
0
57
1
14
4
46
4
6
1
62
0
63
1
26
0
90
3
37
4
70
0
30
0
6
3
39
3
45
1
88
2
92
2
85
0
41
2
41
2
71
3
44
3
92
3
46
4
82
1
16
4
44
1
64
2
3
2
69
0
90
4
3
0
34
2
44
0
4
1
13
3
74
0
65
3
38
3
39
4
61
0
27
4
86
3
30
4
85
4
62
2
33
0
67
2
75
0
1
3
73
1
48
4
97
4
79
1
74
0
9
2
13
3
11
3
91
2
23
3
67
4
89
4
46
0
98
0
90
4
18
1
12
1
90
1
93
0
14
3
19
3
22
1
6
0
86
1
52
2
61
2
83
3
49
1
73
2
74
1
87
1
64
3
63
0
44
3
69
3
15
0
81
2
27
1
84
1
41
4
55
1
78
2
75
0
1
0
13
3
21
0
50
4
16
2
49
0
39
1
73
1
41
3
99
4
90
1
53
4
69
2
50
0
33
3
88
3
42
1
86
2
62
0
39
0
9
1
87
2
49
0
21
2
8
2
18
1
78
4
96
3
33
2
2
2
41
0
77
1
47
2
99
3
10
4
9
0
29
2
54
4
12
4
58
0
3
2
80
4
24
2
77
0
37
4
33
1
68
4
61
3
94
0
1
1
95
4
33
3
83
4
81
2
43
1
18
2
3
0
89
4
30
1
52
2
30
1
55
0
0
4
7
3
66
0
17
0
41
1
26
0
6
3
84
2
56
3
6
2
5
2
25
3
69
3
94
0
42
2
50
2
5
2
22
1
31
2
49
2
52
0
29
4
79
1
48
1
31
4
66
0
13
3
70
3
20
3
83
4
89
3
1
4
39
2
56
1
27
2
25
1
49
3
29
1
10
1
68
4
12
4
82
2
84
4
88
3
92
0
82
3
45
3
12
4
49
2
44
2
31
3
52
4
80
0
86
0
38
1
54
2
57
4
98
3
26
2
4
3
46
3
65
4
54
3
82
0
88
0
44
2
3
3
21
0
80
2
52
1
39
1
54
4
43
1
87
0
5
3
72
0
9
1
48
3
87
2
93
3
0
2
59
0
50
0
42
1
17
3
69
1
13
3
83
0
58
2
65
1
23
4
15
4
30
0
10
3
44
0
10
1
34
2
87
3
30
4
79
0
1
3
58
4
98
0
25
4
86
1
88
3
43
0
3
2
94
4
14
1
18
1
49
4
36
3
59
4
2
0
73
4
10
3
37
4
42
0
19
4
91
1
20
3
55
1
67
0
17
1
45
4
36
2
75
2
9
3
8
3
76
2
46
0
13
3
55
3
56
2
32
3
43
0
24
4
20
0
25
4
1
4
82
3
44
3
20
2
87
0
85
2
79
3
83
4
57
4
1
2
19
1
53
1
43
4
65
4
36
4
14
1
5
4
48
4
56
1
26
0
14
1
70
3
22
3
69
2
75
3
97
4
28
2
64
4
24
3
55
3
85
0
14
2
32
2
99
0
94
0
52
4
69
3
84
3
84
1
2
0
37
4
80
2
74
0
90
0
62
4
80
1
9
2
14
0
77
0
34
2
39
4
46
0
5
3
99
3
16
1
27
2
85
4
79
1
93
3
7
0
53
1
83
3
63
4
45
0
95
0
9
4
51
3
33
1
93
0
53
0
89
4
77
3
69
0
71
1
66
4
84
3
34
2
28
4
43
2
20
1
81
4
49
1
56
2
95
1
41
1
49
2
32
4
34
0
89
0
25
3
14
4
36
0
15
3
80
2
13
4
27
2
66
4
64
4
79
1
87
0
6
3
37
1
40
1
46
2
39
4
73
0
6
3
60
2
10
3
21
3
32
0
18
0
12
0
16
4
95
2
26
1
54
0
55
4
85
4
64
1
17
3
66
1
70
4
7
3
98
2
92
1
22
4
41
0
6
2
26
0
28
0
14
2
34
2
60
0
60
3
73
0
9
4
53
1
10
3
28
0
21
3
90
3
90
1
95
3
15
4
76
1
45
3
32
1
2
0
59
4
84
4
69
4
1
0
7
0
34
0
87
2
85
2
71
0
38
4
53
3
9
4
14
1
16
0
30
2
97
1
37
2
53
2
60
1
4
1
6
3
59
3
38
2
96
1
28
1
72
3
15
1
60
3
64
0
11
4
14
1
63
2
14
2
69
2
53
3
76
4
25
4
86
4
72
4
6
2
77
0
50
1
83
3
57
0
53
0
48
3
72
1
13
2
74
1
39
0
89
4
18
0
66
1
22
1
10
0
15
0
12
4
70
2
25
2
22
2
13
4
17
3
56
0
44
1
35
4
51
3
56
2
88
3
40
3
49
4
75
0
24
1
87
2
66
2
62
3
25
4
92
1
11
2
49
4
73
0
33
2
9
2
27
3
60
2
41
4
36
0
67
2
51
3
66
2
59
4
28
3
57
2
39
1
70
2
70
0
51
4
26
3
62
3
71
2
99
0
74
3
74
4
36
3
21
0
23
1
83
0
81
0
50
2
53
3
15
2
79
2
14
4
90
2
16
1
6
2
38
1
37
1
5
2
47
4
38
3
4
3
46
2
67
3
5
0
9
3
98
0
72
0
25
0
93
4
22
3
3
1
27
2
30
2
68
3
6
0
57
1
42
3
24
0
84
4
46
0
42
1
47
1
50
2
35
2
24
1
62
4
64
3
95
3
40
2
3
0
89
1
91
1
45
4
53
0
6
2
2
2
5
0
73
3
59
0
90
1
55
1
79
3
97
1
3
1
1
2
19
1
83
4
35
3
45
1
98
4
12
1
59
1
61
0
28
1
58
2
6
4
89
2
46
2
97
3
4
1
84
2
8
2
15
3
62
4
63
3
19
1
22
3
42
4
61
1
55
3
25
3
19
4
96
4
5
4
47
2
62
3
28
4
71
3
11
3
61
1
32
4
72
0
14
0
60
1
60
2
5
4
10
3
23
2
87
2
88
0
28
0
52
2
26
2
30
0
76
3
4
1
76
1
55
2
75
0
76
3
53
1
27
3
89
3
67
4
77
0
75
1
48
0
37
3
62
3
80
2
69
4
29
2
8
2
13
1
43
0
92
0
72
2
67
3
3
3
47
2
47
0
64
3
34
2
17
4
71
1
1
4
34
3
40
1
86
2
13
3
71
