9
21
7
99
8
40
9
99
7
27
9
47
6
99
6
36
7
69
8
80
6
29
8
72
9
72
8
19
10
52
9
71
9
71
9
99
9
21
9
99
9
28
9
58
6
48
7
56
8
70
8
27
9
21
9
41
7
76
7
29
0
10
7
9
7
69
9
62
7
9
7
89
9
70
6
59
9
81
8
97
9
17
7
9
9
99
9
32
9
99
8
76
7
69
8
70
8
86
9
61
9
18
9
49
9
62
7
79
9
8
9
48
6
79
6
57
6
9
6
76
8
60
7
19
6
5
8
30
6
79
8
9
9
11
7
99
7
69
9
77
9
99
8
90
8
50
9
28
6
19
7
49
7
9
9
57
9
31
7
59
7
29
9
58
7
39
9
59
8
87
6
9
6
49
9
79
9
99
7
19
6
59
9
11
6
39
9
80
6
89
9
78
9
72
7
39
9
51
7
16
8
87
8
70
9
69
9
19
9
32
7
99
6
59
7
89
7
59
9
11
7
9
6
69
6
58
9
12
9
99
9
99
9
81
9
98
9
89
6
89
8
57
9
87
8
46
6
39
6
39
7
48
8
70
6
79
9
72
6
59
9
97
6
28
9
59
8
70
9
7
6
86
7
99
9
51
9
7
9
21
7
39
9
51
6
8
9
98
8
38
10
82
7
9
8
70
10
52
8
56
9
72
9
97
6
57
9
71
9
71
9
20
6
89
7
49
6
39
7
39
8
78
7
39
9
7
7
29
7
58
6
29
8
50
10
52
7
28
8
60
8
58
9
51
7
87
0
50
7
67
8
86
9
61
6
86
6
79
8
96
6
81
9
99
9
92
6
9
7
37
9
29
6
86
8
49
9
97
6
49
6
79
6
77
6
9
8
57
7
9
6
48
9
42
6
79
6
6
6
7
8
90
7
89
9
47
6
89
8
86
9
11
7
29
9
99
6
9
6
56
9
42
6
39
9
67
8
80
9
92
9
50
7
97
8
87
9
81
6
17
6
19
8
40
7
77
6
19
7
29
9
28
9
99
0
70
6
19
9
99
8
66
7
47
6
19
6
69
8
20
9
29
9
78
8
36
8
91
7
19
6
86
6
68
9
11
9
69
8
88
7
19
8
90
8
66
8
99
6
99
9
61
6
9
9
41
6
99
6
9
6
49
6
69
9
31
9
62
8
40
9
11
8
28
6
6
9
99
7
49
8
20
8
10
6
39
8
90
7
69
6
19
6
59
8
60
9
20
7
78
9
40
8
6
7
49
9
81
9
38
7
39
8
10
0
10
7
29
8
20
9
99
9
91
6
49
9
58
9
29
8
66
7
78
6
49
9
99
6
86
7
6
9
99
8
67
9
7
6
9
7
39
8
80
9
50
8
10
6
89
8
50
9
77
9
79
7
49
7
29
9
72
6
29
8
90
7
96
8
50
8
80
7
59
6
99
9
71
8
50
8
86
7
59
10
52
8
10
9
31
7
58
9
12
9
21
9
8
7
19
6
29
9
39
9
48
6
69
9
61
8
10
6
68
9
72
9
99
9
72
9
31
7
9
6
69
9
80
6
48
9
21
6
49
6
89
6
69
8
19
8
26
9
11
9
21
7
37
6
9
9
21
9
28
7
59
6
27
8
50
9
19
9
81
2
96
9
40
7
69
7
79
8
88
9
97
9
79
8
77
6
9
9
91
9
91
7
79
6
19
8
47
9
17
8
70
9
57
7
79
7
89
9
28
8
79
7
76
9
9
9
10
10
82
9
91
9
42
7
27
8
96
1
56
9
42
8
20
9
61
9
61
9
63
9
27
9
51
8
40
8
96
7
9
6
69
8
96
8
86
8
60
7
18
6
9
7
68
9
10
6
78
9
12
7
43
8
96
6
86
7
19
6
59
6
39
8
70
9
68
9
62
9
29
1
8
9
27
6
48
9
68
6
9
7
38
9
41
9
14
6
76
6
39
8
50
9
61
9
62
7
39
6
98
9
19
9
47
9
57
8
96
3
86
9
47
9
99
9
41
7
66
9
92
7
99
8
59
8
46
8
76
8
36
6
95
9
81
9
42
9
91
0
0
6
49
9
8
8
40
8
10
9
92
7
57
6
79
6
27
9
41
7
56
9
91
9
38
8
80
6
39
7
39
7
89
6
37
7
27
9
70
9
19
6
89
9
61
9
72
7
39
7
39
9
48
6
69
9
72
8
6
8
99
8
10
9
71
7
9
8
69
8
10
9
61
0
90
7
89
7
39
7
59
8
77
7
77
9
89
8
20
9
87
6
59
8
8
9
97
6
89
0
0
7
88
6
6
7
99
9
67
10
22
9
79
8
49
9
27
9
58
6
89
8
80
8
88
7
4
8
98
8
80
9
91
1
48
7
57
3
79
8
50
9
99
8
20
6
99
9
92
9
91
3
57
6
99
9
42
2
19
6
59
8
38
7
79
8
16
9
31
7
17
9
9
8
67
8
19
6
99
7
9
6
59
7
98
7
9
9
21
8
40
3
9
9
50
7
19
7
66
7
89
0
80
6
59
9
21
6
29
7
69
9
20
6
49
8
9
8
50
7
58
6
96
7
59
9
31
0
60
9
51
9
17
8
58
8
28
7
39
9
99
7
67
7
9
9
79
9
20
6
69
8
59
7
89
10
22
8
60
7
79
9
77
0
89
8
37
9
19
9
31
6
59
7
29
7
1
8
20
7
49
6
89
6
88
6
79
8
90
1
49
9
39
9
49
6
9
8
36
9
62
8
30
0
70
9
61
9
67
8
97
9
67
9
51
9
62
9
79
0
90
1
19
8
60
9
78
8
58
9
7
6
28
6
97
9
47
9
61
6
64
6
59
1
38
9
27
9
51
9
70
6
59
9
72
9
47
8
46
3
39
9
19
4
14
7
39
9
92
7
47
9
39
8
77
0
80
7
99
9
92
9
61
6
9
9
72
9
99
9
60
6
8
9
10
6
94
8
98
8
10
8
60
6
89
7
37
9
51
9
21
8
97
9
60
7
29
6
49
9
8
9
61
6
9
9
21
6
59
8
27
7
59
9
81
6
86
9
81
8
96
7
19
6
79
6
8
8
90
9
9
8
20
9
29
8
41
8
67
9
29
7
59
7
9
6
59
9
99
6
37
0
50
8
60
8
70
7
9
6
28
8
56
6
97
6
49
7
79
6
83
9
61
8
80
7
99
8
85
10
82
9
31
8
10
0
70
9
49
6
9
7
89
6
89
8
56
8
99
8
99
6
47
6
39
10
22
9
19
6
79
7
19
9
31
6
45
7
89
8
60
9
21
6
19
6
9
8
90
7
69
9
9
8
88
6
39
8
71
6
78
9
99
8
76
6
79
7
96
6
19
6
77
6
49
9
21
9
61
8
27
9
79
9
99
6
89
8
70
7
69
9
47
9
62
9
71
7
14
7
77
9
40
8
99
9
41
2
57
10
82
9
99
7
96
8
40
3
99
8
40
9
61
9
31
7
39
6
87
7
49
9
57
9
69
9
61
6
59
9
62
1
36
7
86
8
80
9
67
6
86
9
50
9
38
9
51
8
50
9
98
8
20
6
39
8
40
9
42
8
50
8
26
9
81
0
80
7
97
1
18
6
69
6
56
6
49
6
19
8
39
8
37
8
40
9
51
8
36
6
46
3
98
6
19
7
77
9
37
9
61
9
42
8
70
7
19
9
81
9
28
8
8
6
59
7
9
7
9
1
79
9
48
8
36
6
88
7
87
7
9
7
69
8
46
6
48
9
18
9
42
9
71
8
58
6
38
8
80
6
56
9
80
7
82
9
88
7
29
9
20
9
60
9
99
8
20
8
18
7
9
8
70
7
69
9
47
7
27
10
52
2
76
8
30
7
49
8
90
7
89
8
99
7
99
8
66
7
17
6
19
6
49
7
19
8
19
8
18
6
9
7
16
7
9
6
77
9
61
7
67
9
41
8
20
3
59
9
41
8
10
8
67
9
41
9
20
6
39
9
11
7
19
9
41
6
78
0
0
6
18
6
39
6
69
6
87
9
99
8
10
8
48
6
66
8
99
6
9
0
30
9
47
7
49
9
31
8
47
0
50
9
17
7
59
6
99
9
72
7
59
8
75
7
17
9
41
9
8
7
31
7
98
6
5
10
82
9
58
9
21
8
79
9
99
8
61
8
36
8
40
9
7
9
71
9
20
9
61
6
95
7
59
7
18
7
46
9
39
6
19
9
32
7
69
8
90
9
99
8
50
8
3
7
19
6
38
8
70
4
79
9
91
6
39
8
6
6
27
8
98
8
30
0
80
6
26
9
60
7
99
7
89
6
99
9
69
6
79
7
4
7
99
8
49
8
88
8
20
8
20
9
11
6
65
8
70
8
9
9
97
6
49
6
19
9
28
6
77
8
10
9
72
6
96
9
68
7
58
6
47
1
49
7
58
6
59
9
38
9
11
8
36
6
68
8
20
10
52
9
51
7
49
8
59
8
90
6
57
7
69
9
88
9
78
9
99
7
79
9
41
2
89
9
51
10
22
