18
30
9
99
9
44
9
99
9
34
14
56
9
99
9
44
9
74
17
89
9
34
9
72
9
74
16
28
19
61
9
74
9
74
9
99
18
30
9
99
9
34
9
64
15
57
9
64
9
74
9
34
18
30
9
44
9
76
9
34
0
10
9
14
9
74
9
64
9
14
9
94
9
74
9
64
18
90
9
99
14
26
9
14
9
99
9
34
9
99
13
85
9
74
9
74
9
94
9
64
15
27
16
58
9
64
16
88
9
14
15
57
15
87
9
64
9
14
13
85
9
64
16
28
8
5
9
34
15
87
9
14
9
14
9
99
9
74
14
86
9
99
9
94
17
59
9
34
15
27
16
58
9
14
9
64
9
34
9
64
9
34
9
64
9
44
9
64
9
94
9
14
15
57
16
88
9
99
16
28
9
64
9
14
9
44
17
89
9
94
15
87
9
74
9
44
18
60
13
25
9
94
9
74
9
69
16
28
9
34
9
99
9
64
9
94
9
64
9
14
9
14
9
74
9
64
9
14
9
99
9
99
18
90
9
99
9
94
9
94
9
64
9
94
13
55
9
44
9
44
15
57
9
74
15
87
9
74
9
64
9
99
9
34
9
64
9
74
9
14
9
94
9
99
18
60
9
14
18
30
9
44
18
60
9
14
9
99
9
44
19
91
9
14
9
74
19
61
9
64
9
74
9
99
9
64
9
74
9
74
17
29
9
94
16
58
9
44
9
44
15
87
9
44
9
14
9
34
9
64
9
34
17
59
19
61
9
34
9
64
9
64
18
60
9
94
0
50
9
74
9
94
9
64
9
94
15
87
9
99
15
81
9
99
9
94
9
14
9
44
9
34
9
94
16
58
9
99
15
57
15
87
14
86
9
14
9
64
9
14
15
57
9
44
15
87
9
14
9
14
9
94
9
94
14
56
9
94
9
94
9
14
9
34
9
99
9
14
9
64
9
44
9
44
9
74
17
89
9
94
17
59
9
97
9
94
18
90
14
26
15
27
9
44
14
86
15
27
9
34
9
34
9
99
0
70
15
27
9
99
9
74
14
56
15
27
9
74
17
29
9
34
15
87
9
44
9
91
16
28
9
94
9
74
9
14
9
74
9
94
16
28
9
94
9
74
9
99
9
99
9
64
9
14
9
44
9
99
9
14
15
57
9
74
9
34
9
64
9
44
9
14
9
34
9
14
9
99
16
58
17
29
9
14
9
44
9
94
9
74
15
27
9
64
9
64
17
29
15
87
9
44
9
14
16
58
18
90
9
44
9
44
9
14
0
10
9
34
17
29
9
99
9
94
15
57
9
64
9
34
9
74
9
78
15
57
9
99
9
94
9
14
9
99
9
74
9
14
9
14
9
44
17
89
17
59
9
14
9
94
17
59
14
86
16
88
16
58
9
34
9
74
9
34
9
94
9
99
17
59
17
89
9
64
9
99
9
74
17
59
9
94
9
64
19
61
9
14
9
34
9
64
9
14
18
30
9
14
16
28
9
34
9
44
15
57
9
74
9
64
9
14
9
68
9
74
9
99
9
74
9
34
9
14
9
74
17
89
15
57
18
30
15
57
9
94
9
74
16
28
9
34
9
14
18
30
9
44
9
14
18
30
9
34
9
64
9
34
17
59
16
28
18
90
2
99
9
44
9
74
16
88
9
94
9
99
16
88
14
86
9
14
9
94
9
94
16
88
15
27
14
56
14
26
9
74
9
64
16
88
9
94
9
34
16
88
13
85
9
14
9
14
19
91
9
94
9
44
9
27
9
99
1
59
9
44
17
29
9
64
9
61
9
63
9
34
18
60
9
44
9
99
9
14
9
74
9
99
9
94
9
64
15
27
9
14
9
74
9
14
15
87
9
14
9
43
9
99
9
94
16
28
9
64
9
44
9
74
9
68
9
64
9
34
1
9
9
34
15
57
9
74
9
14
9
44
9
44
9
14
13
85
9
44
17
59
9
64
9
64
9
44
9
99
16
28
14
56
9
64
9
99
3
89
14
56
9
99
9
41
9
74
9
94
9
99
9
64
13
55
13
85
9
44
8
95
18
90
9
44
9
94
0
0
15
57
9
14
9
44
9
14
9
94
9
64
15
87
9
34
9
44
9
64
9
94
9
44
17
89
9
44
9
44
9
94
9
44
9
34
9
74
16
28
9
94
9
64
9
74
9
44
9
44
15
57
9
74
9
74
9
14
9
99
9
14
9
74
9
14
9
74
9
14
9
64
0
90
9
94
9
44
9
64
14
86
14
86
9
94
17
29
9
94
9
64
9
14
9
99
9
94
0
0
9
94
9
14
9
99
9
74
19
31
16
88
16
58
9
34
9
64
9
94
17
89
9
94
9
3
9
99
17
89
9
94
1
49
9
64
3
79
17
59
9
99
17
29
9
99
9
94
9
94
3
59
9
99
9
44
2
19
9
64
9
44
16
88
13
25
9
34
14
26
9
14
9
74
16
28
9
99
9
14
9
64
9
99
9
14
18
30
9
44
3
9
17
59
16
28
9
74
9
94
0
80
9
64
18
30
9
34
9
74
17
29
15
57
9
14
17
59
9
64
9
99
9
64
9
34
0
60
18
60
14
26
9
64
9
34
9
44
9
99
9
74
9
14
16
88
17
29
9
74
9
64
9
94
19
22
9
64
16
88
14
86
0
89
9
44
16
28
9
34
9
64
9
34
9
1
17
29
16
58
9
94
9
94
15
87
9
94
1
49
9
44
16
58
9
14
9
44
9
64
9
34
0
70
9
64
9
74
9
99
9
74
18
60
9
64
16
88
0
90
1
19
9
64
15
87
9
58
9
14
9
34
9
99
14
56
9
61
9
64
9
64
1
39
9
34
18
60
9
74
9
64
9
74
14
56
13
55
3
39
16
28
4
14
9
44
9
92
14
56
9
44
14
86
0
80
9
99
9
94
9
64
9
14
9
74
9
99
9
64
9
14
9
14
9
93
9
99
9
14
9
64
9
94
9
44
18
60
18
30
9
99
9
64
9
34
15
57
9
14
9
64
9
14
18
30
9
64
9
34
9
64
18
90
9
94
18
90
9
99
16
28
15
87
9
14
9
94
9
14
17
29
9
34
9
41
9
74
9
34
9
64
9
14
9
64
9
99
9
44
0
50
9
64
9
74
9
14
9
34
9
64
9
99
15
57
16
88
15
82
9
64
17
89
9
99
8
85
19
91
9
34
9
14
0
70
16
58
9
14
9
94
9
94
9
64
9
99
9
99
14
56
9
44
19
31
16
28
15
87
16
28
9
34
8
45
9
94
9
64
18
21
15
27
9
14
9
94
9
74
9
14
9
94
9
44
9
71
15
87
9
99
13
85
15
87
9
99
15
27
14
86
15
57
18
30
9
64
9
34
16
88
9
99
9
94
9
74
9
74
14
56
9
64
9
74
9
13
14
86
9
44
9
99
9
44
2
59
19
91
9
99
9
99
9
44
3
99
9
44
9
64
9
34
9
44
9
94
16
58
9
64
9
74
9
64
9
64
9
64
1
39
9
94
17
89
9
74
9
94
17
59
9
44
18
60
17
59
9
98
17
29
9
44
9
44
9
44
17
59
9
34
18
90
0
80
9
99
1
19
9
74
9
64
15
57
15
27
9
44
9
44
9
44
18
60
9
44
13
55
3
99
15
27
14
86
9
44
9
64
9
44
9
74
16
28
18
90
9
34
9
14
9
64
9
14
9
14
1
79
15
57
9
44
9
94
9
94
9
14
9
74
13
55
15
57
15
27
9
44
9
74
9
64
9
44
17
89
9
64
17
89
16
82
9
94
9
34
17
29
9
64
9
99
17
29
15
27
9
14
9
74
9
74
14
56
9
34
19
61
2
79
9
34
16
58
9
94
9
94
9
99
9
99
9
74
14
26
15
27
15
57
16
28
16
28
15
27
9
14
13
25
9
14
14
86
9
64
9
74
9
44
17
29
3
59
9
44
9
14
9
74
9
44
17
29
9
44
9
14
16
28
9
44
15
87
0
0
15
27
9
44
9
74
9
94
9
99
9
14
15
57
9
74
9
99
9
14
0
30
14
56
16
58
9
34
14
56
0
50
14
26
9
64
9
99
9
74
9
64
8
75
14
26
9
44
9
14
9
31
9
99
8
5
19
91
9
64
18
30
16
88
9
99
9
61
9
44
9
44
9
14
9
74
17
29
9
64
8
95
9
64
15
27
13
55
9
44
15
27
9
34
9
74
9
94
9
99
17
59
9
3
16
28
9
44
9
74
4
79
9
94
9
44
9
14
9
34
9
99
9
34
0
80
9
34
9
64
9
99
9
94
9
99
9
74
15
87
9
4
9
99
16
58
9
94
17
29
17
29
9
14
8
65
9
74
9
14
9
99
15
57
15
27
9
34
9
77
9
14
9
74
9
99
9
74
9
64
14
56
1
49
9
64
9
64
9
44
9
14
9
44
9
74
17
29
19
61
18
60
16
58
9
64
9
94
9
64
9
74
9
94
9
78
9
99
16
88
9
44
2
89
18
60
19
31
