15
27
9
99
9
44
9
99
9
33
11
53
9
99
9
42
9
74
14
86
9
34
9
72
9
74
13
25
16
58
9
74
9
74
9
99
15
27
9
99
9
34
9
64
12
54
9
62
9
74
9
33
15
27
9
44
9
76
9
34
0
10
9
14
9
74
9
64
9
14
9
94
9
74
9
64
15
87
9
99
11
23
9
14
9
99
9
34
9
99
10
82
9
74
9
74
9
92
9
64
12
24
13
55
9
64
13
85
9
14
12
54
12
84
9
63
9
14
10
82
9
64
13
25
8
5
9
34
12
84
9
14
9
14
9
99
9
74
11
83
9
99
9
94
14
56
9
34
12
24
13
55
9
14
9
63
9
34
9
64
9
34
9
64
9
44
9
64
9
93
9
14
12
54
13
85
9
99
13
25
9
64
9
14
9
44
14
86
9
94
12
84
9
74
9
44
15
57
10
22
9
93
9
74
9
69
13
25
9
34
9
99
9
64
9
94
9
64
9
14
9
14
9
74
9
64
9
14
9
99
9
99
15
87
9
99
9
94
9
94
9
63
9
93
10
52
9
44
9
44
12
54
9
74
12
84
9
74
9
64
9
99
9
34
9
64
9
74
9
13
9
92
9
99
15
57
9
13
15
27
9
44
15
57
9
14
9
99
9
44
16
88
9
14
9
74
16
58
9
62
9
74
9
99
9
63
9
74
9
74
14
26
9
94
13
55
9
44
9
44
12
84
9
44
9
13
9
34
9
64
9
34
14
56
16
58
9
34
9
64
9
64
15
57
9
93
0
50
9
73
9
92
9
64
9
92
12
84
9
99
12
81
9
99
9
94
9
14
9
43
9
34
9
92
13
55
9
99
12
54
12
84
11
83
9
14
9
63
9
14
12
54
9
44
12
84
9
12
9
13
9
94
9
94
11
53
9
94
9
92
9
14
9
34
9
99
9
14
9
62
9
44
9
44
9
73
14
86
9
94
14
56
9
97
9
93
15
87
11
23
12
24
9
44
11
83
12
24
9
34
9
34
9
99
0
70
12
24
9
99
9
72
11
53
12
24
9
74
14
26
9
34
12
84
9
42
9
91
13
25
9
92
9
74
9
14
9
74
9
94
13
25
9
94
9
72
9
99
9
99
9
64
9
14
9
44
9
99
9
14
12
54
9
74
9
34
9
64
9
44
9
14
9
34
9
12
9
99
13
55
14
26
9
14
9
44
9
94
9
74
12
24
9
64
9
64
14
26
12
84
9
44
9
12
13
55
15
87
9
44
9
44
9
14
0
10
9
34
14
26
9
99
9
94
12
54
9
64
9
34
9
72
9
78
12
54
9
99
9
92
9
12
9
99
9
73
9
13
9
14
9
44
14
86
14
56
9
14
9
94
14
56
11
83
13
85
13
55
9
34
9
74
9
34
9
94
9
99
14
56
14
86
9
64
9
99
9
74
14
56
9
92
9
64
16
58
9
14
9
34
9
64
9
14
15
27
9
14
13
25
9
34
9
44
12
54
9
74
9
64
9
14
9
68
9
74
9
99
9
74
9
34
9
14
9
74
14
86
12
54
15
27
12
54
9
94
9
74
13
25
9
32
9
14
15
27
9
43
9
14
15
27
9
34
9
64
9
33
14
56
13
25
15
87
2
99
9
44
9
74
13
85
9
94
9
99
13
85
11
83
9
14
9
94
9
94
13
85
12
24
11
53
11
23
9
74
9
63
13
85
9
94
9
34
13
85
10
82
9
14
9
14
16
88
9
94
9
44
9
27
9
99
1
59
9
44
14
26
9
64
9
61
9
63
9
33
15
57
9
44
9
99
9
14
9
74
9
99
9
92
9
64
12
24
9
14
9
74
9
14
12
84
9
14
9
43
9
99
9
92
13
25
9
64
9
44
9
74
9
68
9
64
9
34
1
9
9
33
12
54
9
74
9
14
9
44
9
44
9
14
10
82
9
44
14
56
9
64
9
64
9
44
9
99
13
25
11
53
9
63
9
99
3
89
11
53
9
99
9
41
9
72
9
94
9
99
9
64
10
52
10
82
9
42
8
95
15
87
9
44
9
94
0
0
12
54
9
14
9
44
9
14
9
94
9
63
12
84
9
33
9
44
9
62
9
94
9
44
14
86
9
44
9
44
9
94
9
43
9
33
9
74
13
25
9
94
9
64
9
74
9
44
9
44
12
54
9
74
9
74
9
12
9
99
9
14
9
74
9
14
9
74
9
14
9
64
0
90
9
94
9
44
9
64
11
83
11
83
9
94
14
26
9
93
9
64
9
14
9
99
9
94
0
0
9
94
9
12
9
99
9
73
16
28
13
85
13
55
9
33
9
64
9
94
14
86
9
94
9
3
9
99
14
86
9
94
1
49
9
63
3
79
14
56
9
99
14
26
9
99
9
94
9
94
3
59
9
99
9
44
2
19
9
64
9
44
13
85
10
22
9
34
11
23
9
14
9
73
13
25
9
99
9
14
9
64
9
99
9
14
15
27
9
44
3
9
14
56
13
25
9
72
9
94
0
80
9
64
15
27
9
34
9
74
14
26
12
54
9
14
14
56
9
64
9
99
9
64
9
34
0
60
15
57
11
23
9
64
9
34
9
44
9
99
9
73
9
14
13
85
14
26
9
74
9
64
9
94
16
22
9
64
13
85
11
83
0
89
9
43
13
25
9
34
9
64
9
34
9
1
14
26
13
55
9
94
9
94
12
84
9
94
1
49
9
44
13
55
9
14
9
42
9
64
9
34
0
70
9
64
9
73
9
99
9
73
15
57
9
64
13
85
0
90
1
19
9
64
12
84
9
58
9
13
9
34
9
99
11
53
9
61
9
64
9
64
1
39
9
33
15
57
9
74
9
64
9
74
11
53
10
52
3
39
13
25
4
14
9
44
9
92
11
53
9
44
11
83
0
80
9
99
9
94
9
64
9
14
9
74
9
99
9
64
9
14
9
14
9
93
9
99
9
14
9
64
9
94
9
43
15
57
15
27
9
99
9
64
9
34
12
54
9
14
9
64
9
14
15
27
9
64
9
33
9
64
15
87
9
92
15
87
9
99
13
25
12
84
9
14
9
94
9
14
14
26
9
34
9
41
9
73
9
34
9
64
9
14
9
64
9
99
9
43
0
50
9
64
9
74
9
14
9
34
9
62
9
99
12
54
13
85
12
82
9
64
14
86
9
99
8
85
16
88
9
34
9
14
0
70
13
55
9
14
9
94
9
94
9
62
9
99
9
99
11
53
9
44
16
28
13
25
12
84
13
25
9
34
8
45
9
94
9
64
15
21
12
24
9
14
9
94
9
74
9
14
9
94
9
44
9
71
12
84
9
99
10
82
12
84
9
99
12
24
11
83
12
54
15
27
9
64
9
33
13
85
9
99
9
94
9
74
9
74
11
53
9
64
9
74
9
13
11
83
9
44
9
99
9
44
2
59
16
88
9
99
9
99
9
44
3
99
9
44
9
64
9
34
9
44
9
93
13
55
9
63
9
74
9
64
9
64
9
64
1
39
9
92
14
86
9
73
9
92
14
56
9
44
15
57
14
56
9
98
14
26
9
44
9
44
9
44
14
56
9
32
15
87
0
80
9
99
1
19
9
74
9
62
12
54
12
24
9
44
9
43
9
44
15
57
9
42
10
52
3
99
12
24
11
83
9
43
9
64
9
44
9
74
13
25
15
87
9
34
9
14
9
64
9
14
9
14
1
79
12
54
9
42
9
94
9
93
9
14
9
74
10
52
12
54
12
24
9
44
9
74
9
64
9
44
14
86
9
62
14
86
13
82
9
94
9
34
14
26
9
64
9
99
14
26
12
24
9
14
9
74
9
74
11
53
9
33
16
58
2
79
9
34
13
55
9
94
9
94
9
99
9
99
9
72
11
23
12
24
12
54
13
25
13
25
12
24
9
14
10
22
9
14
11
83
9
64
9
73
9
44
14
26
3
59
9
44
9
14
9
73
9
44
14
26
9
44
9
14
13
25
9
44
12
84
0
0
12
24
9
44
9
74
9
93
9
99
9
14
12
54
9
72
9
99
9
14
0
30
11
53
13
55
9
34
11
53
0
50
11
23
9
64
9
99
9
74
9
64
8
75
11
23
9
44
9
14
9
31
9
99
8
5
16
88
9
64
15
27
13
85
9
99
9
61
9
42
9
44
9
13
9
74
14
26
9
64
8
95
9
64
12
24
10
52
9
44
12
24
9
34
9
74
9
94
9
99
14
56
9
3
13
25
9
44
9
74
4
79
9
94
9
44
9
12
9
33
9
99
9
34
0
80
9
32
9
64
9
99
9
94
9
99
9
74
12
84
9
4
9
99
13
55
9
94
14
26
14
26
9
14
8
65
9
74
9
14
9
99
12
54
12
24
9
34
9
77
9
14
9
74
9
99
9
74
9
64
11
53
1
49
9
64
9
64
9
44
9
14
9
42
9
74
14
26
16
58
15
57
13
55
9
64
9
94
9
63
9
74
9
94
9
78
9
99
13
85
9
44
2
89
15
57
16
28
