8
20
6
99
7
39
8
99
6
26
8
46
5
99
5
35
6
69
7
79
5
29
7
72
9
71
7
18
9
51
8
70
8
70
8
98
8
20
8
98
8
27
9
57
5
47
6
55
7
69
7
26
8
20
8
40
6
76
6
29
0
10
6
9
6
69
9
61
6
9
6
89
9
69
5
59
8
80
7
96
8
16
6
9
8
99
9
31
9
98
7
75
6
68
7
69
8
85
8
60
9
17
9
48
9
61
6
79
8
7
8
47
5
79
5
56
5
9
5
75
7
59
6
19
5
5
7
29
5
79
7
8
9
10
6
99
6
69
8
76
9
99
7
89
7
49
8
27
5
18
6
49
6
9
8
56
8
30
6
59
6
29
9
57
6
39
8
58
7
86
5
9
5
49
9
78
8
99
6
19
5
59
8
10
5
39
9
79
5
88
8
77
9
71
6
39
8
50
6
15
7
86
7
69
9
69
8
18
9
31
6
99
5
59
6
89
6
58
8
10
6
9
5
69
5
57
9
11
8
99
8
99
8
80
9
97
8
88
5
89
7
56
8
86
7
45
5
38
5
39
6
47
7
69
5
79
9
71
5
58
8
96
5
27
9
58
7
69
8
6
5
85
6
99
8
50
8
6
9
20
6
39
8
50
5
7
9
97
7
37
9
81
6
9
7
69
9
51
7
55
9
71
8
96
5
56
8
70
8
70
8
19
5
89
6
49
5
39
6
39
7
77
6
38
8
6
6
28
6
57
5
29
7
49
9
51
6
27
7
59
7
57
8
50
6
86
0
50
6
66
8
85
8
60
5
85
5
79
8
95
5
81
9
99
9
91
5
8
6
36
8
28
5
85
7
48
8
96
5
49
5
79
5
76
5
9
7
56
6
9
5
47
9
41
5
79
5
5
5
6
7
89
6
89
8
46
5
89
8
85
8
10
6
28
9
99
5
9
5
55
9
41
5
39
8
66
7
79
9
91
9
49
6
97
7
86
8
80
5
16
5
19
7
39
6
76
5
18
6
29
9
27
8
99
0
70
5
19
9
99
8
65
6
46
5
18
5
69
7
19
9
28
9
77
8
35
7
91
6
19
5
85
5
67
8
10
9
68
7
87
6
19
7
89
8
65
7
99
5
99
8
60
5
9
8
40
5
99
5
9
5
49
5
69
8
30
9
61
7
39
8
10
7
27
5
5
9
99
6
49
7
19
7
9
5
39
7
89
6
69
5
19
5
59
7
59
8
19
6
77
8
39
7
5
6
49
8
80
9
37
6
39
7
9
0
10
6
28
7
19
9
99
8
90
5
49
8
57
9
28
8
65
6
78
5
49
9
99
5
85
6
5
9
99
7
66
8
6
5
9
6
39
7
79
9
49
7
9
5
89
7
49
8
76
9
78
6
48
6
29
9
71
5
29
7
89
6
95
7
49
7
79
6
59
5
99
8
70
7
49
8
85
6
59
9
51
7
9
8
30
6
57
9
11
8
20
9
7
6
19
5
29
8
38
9
47
5
68
8
60
7
9
5
68
9
71
8
98
9
71
8
30
6
9
5
69
9
79
5
47
8
20
5
49
5
89
5
69
7
18
8
25
8
10
8
20
6
36
5
9
8
20
9
27
6
59
5
26
7
49
8
18
9
80
2
95
8
39
6
69
6
79
7
87
8
96
8
78
7
76
5
9
8
90
8
90
6
79
5
19
7
46
8
16
7
69
8
56
6
79
6
88
8
27
7
78
6
75
8
8
9
9
9
81
8
90
9
41
6
27
8
95
1
55
9
41
7
19
8
60
8
61
9
63
8
26
8
50
7
39
7
95
6
9
5
69
8
95
8
85
7
59
6
17
5
9
6
67
8
9
5
77
9
11
6
43
8
95
5
85
6
19
5
58
5
39
7
69
8
68
9
61
9
28
1
7
8
26
5
47
9
67
5
9
6
37
8
40
9
14
5
75
5
39
7
49
9
60
9
61
6
39
5
97
9
18
8
46
8
56
8
95
3
85
8
46
9
99
8
41
6
65
9
91
6
99
7
58
7
45
7
75
8
35
5
95
8
80
9
41
8
90
0
0
5
49
9
7
7
39
7
9
9
91
6
56
5
79
5
26
8
40
6
55
8
90
9
37
7
79
5
39
6
39
6
89
5
36
6
26
9
69
8
18
5
89
8
60
9
71
6
38
6
39
8
47
5
68
9
71
7
5
7
99
7
9
8
70
6
8
7
68
7
9
8
60
0
90
6
89
6
39
6
59
7
76
6
76
9
88
7
19
8
86
5
59
7
7
8
96
5
89
0
0
6
87
5
5
6
99
8
66
9
21
8
78
7
48
8
26
9
57
5
89
7
79
7
87
6
4
7
97
7
79
8
90
1
47
6
56
3
79
7
49
9
99
7
19
5
98
9
91
8
90
3
56
5
99
9
41
2
19
5
59
7
37
6
79
8
15
8
30
6
16
8
8
7
66
7
18
5
98
6
9
5
58
6
97
6
9
8
20
7
39
3
9
8
49
6
19
6
65
6
89
0
80
5
59
8
20
5
29
6
69
9
19
5
48
7
8
7
49
6
57
5
95
6
59
8
30
0
60
8
50
8
16
7
57
7
27
6
39
9
99
6
66
6
9
9
78
8
19
5
69
7
58
6
89
9
23
7
59
6
79
8
76
0
89
7
36
9
18
8
30
5
59
6
29
6
1
7
19
6
49
5
89
5
87
5
79
7
89
1
49
8
38
9
48
5
8
7
35
9
61
7
29
0
70
9
60
8
66
7
96
8
66
8
50
9
61
9
78
0
90
1
19
7
59
8
77
7
58
8
6
5
27
5
96
8
46
9
61
5
64
5
58
1
37
8
26
8
50
9
69
5
59
9
71
8
46
8
45
3
39
9
18
4
14
6
39
9
92
6
46
8
38
7
76
0
80
6
99
9
91
8
60
5
8
9
71
9
99
8
59
5
7
9
9
5
94
7
97
7
9
7
59
5
89
6
36
8
50
8
20
7
96
8
59
6
29
5
49
9
7
8
60
5
9
8
20
5
59
7
26
6
59
8
80
5
85
8
80
7
95
6
19
5
78
5
7
7
89
9
8
7
19
8
28
7
41
7
66
8
28
6
59
6
8
5
59
8
99
5
36
0
50
7
59
7
69
6
9
5
27
8
55
5
96
5
49
6
79
5
83
8
60
7
79
6
99
8
85
9
81
8
30
7
9
0
70
8
48
5
9
6
89
5
89
8
55
7
99
7
99
5
46
5
39
9
21
8
18
5
79
6
18
8
30
5
45
6
88
7
59
8
21
5
19
5
9
7
89
6
69
9
8
7
87
5
38
7
71
5
77
8
98
8
75
5
79
6
95
5
19
5
76
5
49
8
20
9
60
7
26
8
78
9
99
5
89
7
69
6
69
8
46
9
61
9
70
6
14
6
76
8
39
7
98
8
40
2
56
9
81
8
98
6
95
7
39
3
99
7
39
9
60
8
30
6
39
5
86
6
49
8
56
9
68
8
60
5
59
9
61
1
35
6
85
7
79
8
66
5
85
9
49
9
37
8
50
7
49
8
98
7
19
5
39
7
39
9
41
7
49
8
25
8
80
0
80
6
96
1
17
5
69
5
55
5
49
5
19
7
38
7
36
7
39
9
50
8
35
5
45
3
97
5
19
6
76
8
36
9
60
9
41
7
69
6
19
8
80
8
27
7
7
5
59
6
9
6
9
1
79
8
47
8
35
5
87
6
86
6
9
6
69
8
45
5
47
9
17
9
41
8
70
7
57
5
37
7
79
5
55
9
79
6
82
8
87
6
29
9
19
9
59
9
98
7
19
7
17
6
8
7
69
6
69
8
46
6
26
9
51
2
75
7
29
6
49
7
89
6
89
7
99
6
99
8
65
6
16
5
19
5
49
6
19
7
18
7
17
5
9
6
15
6
8
5
76
8
60
6
66
8
40
7
19
3
59
8
40
7
9
7
66
8
40
8
19
5
38
9
10
6
19
8
40
5
77
0
0
5
17
5
39
5
69
5
86
8
98
7
9
7
47
5
65
7
98
5
8
0
30
8
46
6
49
8
30
7
46
0
50
8
16
6
59
5
99
9
71
6
58
7
75
6
16
8
40
9
7
6
31
6
97
5
5
9
81
9
57
8
20
7
78
9
99
7
61
8
35
7
39
8
6
8
70
8
19
8
60
5
95
6
59
6
17
6
45
9
38
5
19
9
31
6
69
7
89
9
98
7
49
7
3
6
19
5
37
7
69
4
79
8
90
5
39
7
5
5
26
7
97
7
29
0
80
5
25
9
59
6
98
6
89
5
98
9
68
5
79
6
4
6
99
7
48
7
87
7
19
7
19
8
10
5
65
7
69
7
8
8
96
5
48
5
19
9
27
5
77
7
9
9
71
5
95
9
67
6
57
5
46
1
49
6
57
5
59
8
37
8
10
8
35
5
67
7
19
9
51
8
50
6
48
7
58
7
89
5
56
6
69
8
87
8
78
8
99
6
78
8
40
2
89
8
50
9
21
