19
34
9
99
9
44
9
99
9
34
19
62
9
99
9
44
9
74
19
94
9
34
9
72
9
74
19
34
19
64
9
74
9
74
9
99
19
34
9
99
9
34
9
64
19
63
9
64
9
74
9
34
19
34
9
44
9
76
9
34
0
10
9
14
9
74
9
64
9
14
9
94
9
74
9
64
19
94
9
99
19
32
9
14
9
99
9
34
9
99
19
91
9
74
9
74
9
94
9
64
19
33
19
64
9
64
19
94
9
14
19
63
19
93
9
64
9
14
19
91
9
64
19
34
8
5
9
34
19
93
9
14
9
14
9
99
9
74
19
92
9
99
9
94
19
64
9
34
19
33
19
64
9
14
9
64
9
34
9
64
9
34
9
64
9
44
9
64
9
94
9
14
19
63
19
94
9
99
19
34
9
64
9
14
9
44
19
94
9
94
19
93
9
74
9
44
19
64
19
31
9
94
9
74
9
69
19
34
9
34
9
99
9
64
9
94
9
64
9
14
9
14
9
74
9
64
9
14
9
99
9
99
19
94
9
99
9
94
9
94
9
64
9
94
19
61
9
44
9
44
19
63
9
74
19
93
9
74
9
64
9
99
9
34
9
64
9
74
9
14
9
94
9
99
19
64
9
14
19
34
9
44
19
64
9
14
9
99
9
44
19
94
9
14
9
74
19
64
9
64
9
74
9
99
9
64
9
74
9
74
19
34
9
94
19
64
9
44
9
44
19
93
9
44
9
14
9
34
9
64
9
34
19
64
19
64
9
34
9
64
9
64
19
64
9
94
0
50
9
74
9
94
9
64
9
94
19
93
9
99
19
81
9
99
9
94
9
14
9
44
9
34
9
94
19
64
9
99
19
63
19
93
19
92
9
14
9
64
9
14
19
63
9
44
19
93
9
14
9
14
9
94
9
94
19
62
9
94
9
94
9
14
9
34
9
99
9
14
9
64
9
44
9
44
9
74
19
94
9
94
19
64
9
97
9
94
19
94
19
32
19
33
9
44
19
92
19
33
9
34
9
34
9
99
0
70
19
33
9
99
9
74
19
62
19
33
9
74
19
34
9
34
19
93
9
44
9
91
19
34
9
94
9
74
9
14
9
74
9
94
19
34
9
94
9
74
9
99
9
99
9
64
9
14
9
44
9
99
9
14
19
63
9
74
9
34
9
64
9
44
9
14
9
34
9
14
9
99
19
64
19
34
9
14
9
44
9
94
9
74
19
33
9
64
9
64
19
34
19
93
9
44
9
14
19
64
19
94
9
44
9
44
9
14
0
10
9
34
19
34
9
99
9
94
19
63
9
64
9
34
9
74
9
78
19
63
9
99
9
94
9
14
9
99
9
74
9
14
9
14
9
44
19
94
19
64
9
14
9
94
19
64
19
92
19
94
19
64
9
34
9
74
9
34
9
94
9
99
19
64
19
94
9
64
9
99
9
74
19
64
9
94
9
64
19
64
9
14
9
34
9
64
9
14
19
34
9
14
19
34
9
34
9
44
19
63
9
74
9
64
9
14
9
68
9
74
9
99
9
74
9
34
9
14
9
74
19
94
19
63
19
34
19
63
9
94
9
74
19
34
9
34
9
14
19
34
9
44
9
14
19
34
9
34
9
64
9
34
19
64
19
34
19
94
2
99
9
44
9
74
19
94
9
94
9
99
19
94
19
92
9
14
9
94
9
94
19
94
19
33
19
62
19
32
9
74
9
64
19
94
9
94
9
34
19
94
19
91
9
14
9
14
19
94
9
94
9
44
9
27
9
99
1
59
9
44
19
34
9
64
9
61
9
63
9
34
19
64
9
44
9
99
9
14
9
74
9
99
9
94
9
64
19
33
9
14
9
74
9
14
19
93
9
14
9
43
9
99
9
94
19
34
9
64
9
44
9
74
9
68
9
64
9
34
1
9
9
34
19
63
9
74
9
14
9
44
9
44
9
14
19
91
9
44
19
64
9
64
9
64
9
44
9
99
19
34
19
62
9
64
9
99
3
89
19
62
9
99
9
41
9
74
9
94
9
99
9
64
19
61
19
91
9
44
8
95
19
94
9
44
9
94
0
0
19
63
9
14
9
44
9
14
9
94
9
64
19
93
9
34
9
44
9
64
9
94
9
44
19
94
9
44
9
44
9
94
9
44
9
34
9
74
19
34
9
94
9
64
9
74
9
44
9
44
19
63
9
74
9
74
9
14
9
99
9
14
9
74
9
14
9
74
9
14
9
64
0
90
9
94
9
44
9
64
19
92
19
92
9
94
19
34
9
94
9
64
9
14
9
99
9
94
0
0
9
94
9
14
9
99
9
74
19
34
19
94
19
64
9
34
9
64
9
94
19
94
9
94
9
3
9
99
19
94
9
94
1
49
9
64
3
79
19
64
9
99
19
34
9
99
9
94
9
94
3
59
9
99
9
44
2
19
9
64
9
44
19
94
19
31
9
34
19
32
9
14
9
74
19
34
9
99
9
14
9
64
9
99
9
14
19
34
9
44
3
9
19
64
19
34
9
74
9
94
0
80
9
64
19
34
9
34
9
74
19
34
19
63
9
14
19
64
9
64
9
99
9
64
9
34
0
60
19
64
19
32
9
64
9
34
9
44
9
99
9
74
9
14
19
94
19
34
9
74
9
64
9
94
19
22
9
64
19
94
19
92
0
89
9
44
19
34
9
34
9
64
9
34
9
1
19
34
19
64
9
94
9
94
19
93
9
94
1
49
9
44
19
64
9
14
9
44
9
64
9
34
0
70
9
64
9
74
9
99
9
74
19
64
9
64
19
94
0
90
1
19
9
64
19
93
9
58
9
14
9
34
9
99
19
62
9
61
9
64
9
64
1
39
9
34
19
64
9
74
9
64
9
74
19
62
19
61
3
39
19
34
4
14
9
44
9
92
19
62
9
44
19
92
0
80
9
99
9
94
9
64
9
14
9
74
9
99
9
64
9
14
9
14
9
93
9
99
9
14
9
64
9
94
9
44
19
64
19
34
9
99
9
64
9
34
19
63
9
14
9
64
9
14
19
34
9
64
9
34
9
64
19
94
9
94
19
94
9
99
19
34
19
93
9
14
9
94
9
14
19
34
9
34
9
41
9
74
9
34
9
64
9
14
9
64
9
99
9
44
0
50
9
64
9
74
9
14
9
34
9
64
9
99
19
63
19
94
19
82
9
64
19
94
9
99
8
85
19
94
9
34
9
14
0
70
19
64
9
14
9
94
9
94
9
64
9
99
9
99
19
62
9
44
19
34
19
34
19
93
19
34
9
34
8
45
9
94
9
64
19
21
19
33
9
14
9
94
9
74
9
14
9
94
9
44
9
71
19
93
9
99
19
91
19
93
9
99
19
33
19
92
19
63
19
34
9
64
9
34
19
94
9
99
9
94
9
74
9
74
19
62
9
64
9
74
9
13
19
92
9
44
9
99
9
44
2
59
19
94
9
99
9
99
9
44
3
99
9
44
9
64
9
34
9
44
9
94
19
64
9
64
9
74
9
64
9
64
9
64
1
39
9
94
19
94
9
74
9
94
19
64
9
44
19
64
19
64
9
98
19
34
9
44
9
44
9
44
19
64
9
34
19
94
0
80
9
99
1
19
9
74
9
64
19
63
19
33
9
44
9
44
9
44
19
64
9
44
19
61
3
99
19
33
19
92
9
44
9
64
9
44
9
74
19
34
19
94
9
34
9
14
9
64
9
14
9
14
1
79
19
63
9
44
9
94
9
94
9
14
9
74
19
61
19
63
19
33
9
44
9
74
9
64
9
44
19
94
9
64
19
94
19
82
9
94
9
34
19
34
9
64
9
99
19
34
19
33
9
14
9
74
9
74
19
62
9
34
19
64
2
79
9
34
19
64
9
94
9
94
9
99
9
99
9
74
19
32
19
33
19
63
19
34
19
34
19
33
9
14
19
31
9
14
19
92
9
64
9
74
9
44
19
34
3
59
9
44
9
14
9
74
9
44
19
34
9
44
9
14
19
34
9
44
19
93
0
0
19
33
9
44
9
74
9
94
9
99
9
14
19
63
9
74
9
99
9
14
0
30
19
62
19
64
9
34
19
62
0
50
19
32
9
64
9
99
9
74
9
64
8
75
19
32
9
44
9
14
9
31
9
99
8
5
19
94
9
64
19
34
19
94
9
99
9
61
9
44
9
44
9
14
9
74
19
34
9
64
8
95
9
64
19
33
19
61
9
44
19
33
9
34
9
74
9
94
9
99
19
64
9
3
19
34
9
44
9
74
4
79
9
94
9
44
9
14
9
34
9
99
9
34
0
80
9
34
9
64
9
99
9
94
9
99
9
74
19
93
9
4
9
99
19
64
9
94
19
34
19
34
9
14
8
65
9
74
9
14
9
99
19
63
19
33
9
34
9
77
9
14
9
74
9
99
9
74
9
64
19
62
1
49
9
64
9
64
9
44
9
14
9
44
9
74
19
34
19
64
19
64
19
64
9
64
9
94
9
64
9
74
9
94
9
78
9
99
19
94
9
44
2
89
19
64
19
34
