3
15
1
99
2
34
3
99
1
21
4
41
0
94
1
30
1
64
2
78
0
27
2
72
4
69
2
13
4
49
3
68
3
68
3
93
3
18
3
93
3
22
4
52
0
42
2
50
2
65
2
21
3
16
3
39
1
76
1
28
0
10
1
4
1
65
4
57
1
7
1
84
4
64
0
56
3
76
2
91
4
11
1
5
3
94
4
26
4
93
3
70
1
63
2
66
4
80
3
59
4
12
4
43
4
56
1
75
3
2
3
42
0
75
0
51
0
4
1
70
2
55
1
17
0
5
2
27
0
78
2
3
4
5
1
97
1
69
3
71
4
94
2
85
2
49
3
22
0
13
1
47
1
4
3
51
3
26
1
54
1
26
4
52
1
34
3
53
2
81
0
7
0
48
4
73
3
99
1
15
0
54
3
7
0
38
4
74
0
83
3
72
4
67
1
34
3
47
2
10
2
81
2
65
4
69
3
13
4
26
1
96
0
59
1
87
1
53
3
5
1
7
0
65
0
52
4
8
3
99
3
95
3
79
4
92
3
83
0
84
2
51
3
81
3
40
0
33
0
38
1
42
2
68
0
78
4
69
0
53
4
91
0
22
4
53
2
69
4
1
1
80
1
94
3
47
3
1
4
15
1
36
3
49
0
2
4
92
2
32
4
77
1
8
2
68
4
47
3
50
4
67
3
91
0
51
3
66
3
65
3
14
0
84
1
48
0
38
1
37
2
72
1
33
4
1
1
23
1
52
0
28
2
48
4
46
1
22
2
58
2
52
3
49
1
81
0
50
1
61
4
80
3
56
1
80
0
75
4
90
0
81
4
98
4
88
0
3
1
31
3
23
1
80
2
43
4
91
0
49
0
77
0
71
0
5
2
51
1
9
0
42
4
38
0
79
1
0
0
1
2
86
1
84
3
41
0
89
4
80
3
7
1
23
4
99
0
7
1
50
4
37
0
36
4
61
2
74
4
86
4
44
1
97
2
81
3
77
0
11
0
18
2
34
1
71
0
13
1
26
4
22
3
94
0
70
0
14
4
99
4
60
1
41
0
13
0
65
2
19
4
23
4
72
4
30
2
91
1
14
1
80
0
62
3
8
4
63
2
82
1
16
2
89
4
60
2
99
0
96
3
59
0
7
3
38
0
98
0
8
0
44
0
64
3
29
4
59
2
39
3
9
2
22
1
0
4
96
1
46
2
17
2
8
0
35
2
85
1
64
0
18
0
55
2
59
3
14
1
72
3
34
3
0
1
45
3
75
4
32
1
38
2
7
0
10
1
23
2
17
4
96
3
85
0
44
3
52
4
23
4
60
1
78
0
44
4
96
1
80
2
0
4
96
2
61
3
1
0
9
1
36
2
78
4
44
2
9
0
88
2
45
4
71
4
73
1
43
1
25
4
69
0
28
2
88
2
90
2
48
2
76
1
58
0
96
3
65
2
46
4
80
1
58
4
48
2
9
3
28
1
52
4
6
3
16
4
2
1
19
0
26
3
33
4
42
0
63
3
59
2
6
0
68
4
67
3
93
4
69
3
29
1
5
0
65
4
74
0
42
3
16
0
48
0
86
0
64
2
13
4
20
3
6
3
17
1
31
0
4
3
15
4
22
1
55
0
21
2
47
3
13
4
75
3
90
3
34
1
68
1
74
2
82
3
91
3
73
2
71
0
8
3
85
3
89
1
76
0
15
2
41
4
11
2
69
3
51
1
74
1
83
3
22
2
73
2
70
3
3
4
4
4
78
3
85
4
38
1
27
4
90
1
50
4
36
2
16
3
56
3
61
4
63
3
21
3
49
2
38
3
90
1
9
0
66
4
90
4
80
2
54
1
12
0
7
1
62
3
4
0
72
4
7
1
43
4
90
1
80
1
19
0
53
0
35
2
66
3
69
4
57
4
23
0
2
4
21
0
42
4
62
0
5
1
32
3
38
4
14
1
70
0
36
2
46
4
55
4
56
1
35
0
92
4
13
3
41
3
51
4
90
3
80
3
41
4
94
4
40
2
60
4
87
1
94
2
53
3
40
3
70
4
30
0
95
3
77
4
36
3
88
0
0
0
45
4
2
2
39
2
8
4
88
1
51
0
74
0
21
3
37
2
50
3
86
4
32
2
78
0
37
1
35
1
86
0
31
1
21
4
64
3
13
0
84
3
57
4
68
1
33
1
38
3
42
0
63
4
66
3
0
2
96
2
5
3
65
1
3
2
63
2
8
3
55
0
90
1
86
1
35
1
54
2
71
1
71
4
83
2
14
4
81
0
56
2
2
4
91
0
88
0
0
1
82
1
0
1
97
3
61
4
18
3
73
2
43
3
21
4
52
0
87
2
79
2
82
1
4
2
92
2
76
3
88
0
42
1
51
3
74
2
46
4
98
2
18
0
93
4
86
3
87
3
51
0
94
4
39
2
15
0
57
2
32
1
77
4
10
3
28
1
11
3
3
2
61
2
13
0
93
1
4
0
53
1
92
1
9
3
17
2
39
3
8
3
44
1
18
2
60
1
88
0
80
0
55
3
16
0
29
1
69
4
14
0
43
2
3
2
46
1
52
1
90
1
59
3
25
0
60
3
46
4
11
2
52
2
22
1
36
4
96
1
61
1
8
4
73
3
14
0
66
2
53
1
85
4
23
2
54
1
74
3
71
0
86
2
31
4
13
3
29
0
59
1
28
1
1
2
15
1
49
0
88
0
82
0
75
2
88
0
47
3
33
4
43
0
3
3
30
4
59
2
25
0
70
4
55
4
61
2
91
3
61
3
49
4
57
4
73
0
90
1
16
2
56
3
72
2
59
3
1
0
22
0
91
4
41
4
61
0
64
0
53
2
32
4
21
3
45
4
64
0
54
4
68
4
41
4
40
3
38
4
13
4
14
1
37
4
92
1
41
3
33
2
71
0
80
1
94
4
86
3
57
0
3
4
66
4
94
3
54
0
2
4
4
0
94
2
92
2
8
2
56
0
87
1
31
3
46
3
15
2
91
3
54
1
29
0
44
4
2
3
57
0
5
3
19
0
59
2
21
1
58
3
76
1
80
3
79
3
90
1
18
0
73
0
2
2
84
4
3
2
14
3
23
2
41
2
61
3
23
1
56
1
3
0
54
3
96
0
31
0
50
2
58
2
69
1
8
0
22
4
50
0
91
0
47
1
78
0
83
3
55
2
78
1
97
4
85
4
79
3
28
2
4
0
70
3
43
0
5
1
89
0
84
4
50
2
94
2
95
0
41
0
36
4
17
3
13
0
76
1
13
3
28
0
45
1
83
2
58
3
21
0
19
0
9
2
85
1
68
4
3
2
82
0
33
2
71
0
72
3
93
4
70
0
74
2
90
0
15
0
71
0
49
3
16
4
55
2
21
3
73
4
95
0
84
2
65
1
65
4
41
4
59
4
65
1
14
1
71
3
34
2
93
3
38
2
51
4
78
3
93
2
90
2
39
3
94
2
39
4
55
3
28
1
36
0
81
1
44
3
51
4
63
3
58
0
59
4
59
1
30
2
80
2
79
3
61
1
80
4
44
4
32
3
45
2
49
3
98
2
16
0
36
2
35
4
39
2
46
4
20
3
77
0
80
1
91
1
12
0
68
1
50
0
47
0
19
2
33
2
31
2
34
4
45
4
30
1
40
3
92
0
16
1
71
4
31
4
55
4
39
2
67
1
16
3
79
3
22
2
2
0
56
1
8
1
9
1
74
3
42
4
30
0
82
1
81
1
9
1
65
4
40
0
42
4
12
4
36
3
65
2
52
0
32
2
74
1
50
4
74
1
82
3
82
1
27
4
14
4
54
4
93
2
18
2
12
1
3
2
67
1
64
4
41
1
21
4
46
2
70
2
26
1
46
2
86
1
88
2
98
1
96
4
60
1
11
0
15
0
49
1
14
2
13
2
12
0
7
2
10
1
3
0
71
3
59
1
61
3
38
2
15
3
58
3
35
2
7
2
61
3
37
3
14
0
33
4
5
1
18
3
39
0
72
0
0
0
12
0
35
0
66
0
81
3
93
2
9
2
42
1
60
2
93
0
3
0
30
4
41
1
47
3
29
2
41
0
50
4
11
1
59
0
94
4
67
1
53
2
75
1
11
3
35
4
2
2
30
1
92
0
5
4
76
4
52
3
16
2
73
4
96
2
61
4
30
2
34
3
1
3
65
3
14
3
56
0
95
1
54
1
12
2
40
4
33
0
14
4
26
1
65
2
85
4
93
2
49
2
3
1
16
0
32
2
67
4
76
3
86
0
39
3
0
0
21
2
92
2
27
0
80
1
20
4
54
1
93
1
85
0
93
4
63
0
77
1
4
1
97
2
43
2
82
2
17
2
16
3
8
0
65
2
64
2
3
3
91
0
43
0
19
4
22
0
77
2
7
4
69
1
90
4
62
1
52
0
41
1
45
1
52
0
58
3
32
3
8
4
30
0
62
2
15
4
48
3
49
1
43
2
53
2
88
0
51
1
69
3
82
3
79
3
97
1
73
3
36
2
85
3
45
4
19
