17
29
9
99
9
44
9
99
9
34
13
55
9
99
9
44
9
74
16
88
9
34
9
72
9
74
15
27
18
60
9
74
9
74
9
99
17
29
9
99
9
34
9
64
14
56
9
64
9
74
9
34
17
29
9
44
9
76
9
34
0
10
9
14
9
74
9
64
9
14
9
94
9
74
9
64
17
89
9
99
13
25
9
14
9
99
9
34
9
99
12
84
9
74
9
74
9
94
9
64
14
26
15
57
9
64
15
87
9
14
14
56
14
86
9
64
9
14
12
84
9
64
15
27
8
5
9
34
14
86
9
14
9
14
9
99
9
74
13
85
9
99
9
94
16
58
9
34
14
26
15
57
9
14
9
64
9
34
9
64
9
34
9
64
9
44
9
64
9
94
9
14
14
56
15
87
9
99
15
27
9
64
9
14
9
44
16
88
9
94
14
86
9
74
9
44
17
59
12
24
9
94
9
74
9
69
15
27
9
34
9
99
9
64
9
94
9
64
9
14
9
14
9
74
9
64
9
14
9
99
9
99
17
89
9
99
9
94
9
94
9
64
9
94
12
54
9
44
9
44
14
56
9
74
14
86
9
74
9
64
9
99
9
34
9
64
9
74
9
14
9
94
9
99
17
59
9
14
17
29
9
44
17
59
9
14
9
99
9
44
18
90
9
14
9
74
18
60
9
64
9
74
9
99
9
64
9
74
9
74
16
28
9
94
15
57
9
44
9
44
14
86
9
44
9
14
9
34
9
64
9
34
16
58
18
60
9
34
9
64
9
64
17
59
9
94
0
50
9
74
9
94
9
64
9
94
14
86
9
99
14
81
9
99
9
94
9
14
9
44
9
34
9
94
15
57
9
99
14
56
14
86
13
85
9
14
9
64
9
14
14
56
9
44
14
86
9
14
9
14
9
94
9
94
13
55
9
94
9
94
9
14
9
34
9
99
9
14
9
64
9
44
9
44
9
74
16
88
9
94
16
58
9
97
9
94
17
89
13
25
14
26
9
44
13
85
14
26
9
34
9
34
9
99
0
70
14
26
9
99
9
74
13
55
14
26
9
74
16
28
9
34
14
86
9
44
9
91
15
27
9
94
9
74
9
14
9
74
9
94
15
27
9
94
9
74
9
99
9
99
9
64
9
14
9
44
9
99
9
14
14
56
9
74
9
34
9
64
9
44
9
14
9
34
9
14
9
99
15
57
16
28
9
14
9
44
9
94
9
74
14
26
9
64
9
64
16
28
14
86
9
44
9
14
15
57
17
89
9
44
9
44
9
14
0
10
9
34
16
28
9
99
9
94
14
56
9
64
9
34
9
74
9
78
14
56
9
99
9
94
9
14
9
99
9
74
9
14
9
14
9
44
16
88
16
58
9
14
9
94
16
58
13
85
15
87
15
57
9
34
9
74
9
34
9
94
9
99
16
58
16
88
9
64
9
99
9
74
16
58
9
94
9
64
18
60
9
14
9
34
9
64
9
14
17
29
9
14
15
27
9
34
9
44
14
56
9
74
9
64
9
14
9
68
9
74
9
99
9
74
9
34
9
14
9
74
16
88
14
56
17
29
14
56
9
94
9
74
15
27
9
34
9
14
17
29
9
44
9
14
17
29
9
34
9
64
9
34
16
58
15
27
17
89
2
99
9
44
9
74
15
87
9
94
9
99
15
87
13
85
9
14
9
94
9
94
15
87
14
26
13
55
13
25
9
74
9
64
15
87
9
94
9
34
15
87
12
84
9
14
9
14
18
90
9
94
9
44
9
27
9
99
1
59
9
44
16
28
9
64
9
61
9
63
9
34
17
59
9
44
9
99
9
14
9
74
9
99
9
94
9
64
14
26
9
14
9
74
9
14
14
86
9
14
9
43
9
99
9
94
15
27
9
64
9
44
9
74
9
68
9
64
9
34
1
9
9
34
14
56
9
74
9
14
9
44
9
44
9
14
12
84
9
44
16
58
9
64
9
64
9
44
9
99
15
27
13
55
9
64
9
99
3
89
13
55
9
99
9
41
9
74
9
94
9
99
9
64
12
54
12
84
9
44
8
95
17
89
9
44
9
94
0
0
14
56
9
14
9
44
9
14
9
94
9
64
14
86
9
34
9
44
9
64
9
94
9
44
16
88
9
44
9
44
9
94
9
44
9
34
9
74
15
27
9
94
9
64
9
74
9
44
9
44
14
56
9
74
9
74
9
14
9
99
9
14
9
74
9
14
9
74
9
14
9
64
0
90
9
94
9
44
9
64
13
85
13
85
9
94
16
28
9
94
9
64
9
14
9
99
9
94
0
0
9
94
9
14
9
99
9
74
18
30
15
87
15
57
9
34
9
64
9
94
16
88
9
94
9
3
9
99
16
88
9
94
1
49
9
64
3
79
16
58
9
99
16
28
9
99
9
94
9
94
3
59
9
99
9
44
2
19
9
64
9
44
15
87
12
24
9
34
13
25
9
14
9
74
15
27
9
99
9
14
9
64
9
99
9
14
17
29
9
44
3
9
16
58
15
27
9
74
9
94
0
80
9
64
17
29
9
34
9
74
16
28
14
56
9
14
16
58
9
64
9
99
9
64
9
34
0
60
17
59
13
25
9
64
9
34
9
44
9
99
9
74
9
14
15
87
16
28
9
74
9
64
9
94
18
22
9
64
15
87
13
85
0
89
9
44
15
27
9
34
9
64
9
34
9
1
16
28
15
57
9
94
9
94
14
86
9
94
1
49
9
44
15
57
9
14
9
44
9
64
9
34
0
70
9
64
9
74
9
99
9
74
17
59
9
64
15
87
0
90
1
19
9
64
14
86
9
58
9
14
9
34
9
99
13
55
9
61
9
64
9
64
1
39
9
34
17
59
9
74
9
64
9
74
13
55
12
54
3
39
15
27
4
14
9
44
9
92
13
55
9
44
13
85
0
80
9
99
9
94
9
64
9
14
9
74
9
99
9
64
9
14
9
14
9
93
9
99
9
14
9
64
9
94
9
44
17
59
17
29
9
99
9
64
9
34
14
56
9
14
9
64
9
14
17
29
9
64
9
34
9
64
17
89
9
94
17
89
9
99
15
27
14
86
9
14
9
94
9
14
16
28
9
34
9
41
9
74
9
34
9
64
9
14
9
64
9
99
9
44
0
50
9
64
9
74
9
14
9
34
9
64
9
99
14
56
15
87
14
82
9
64
16
88
9
99
8
85
18
90
9
34
9
14
0
70
15
57
9
14
9
94
9
94
9
64
9
99
9
99
13
55
9
44
18
30
15
27
14
86
15
27
9
34
8
45
9
94
9
64
17
21
14
26
9
14
9
94
9
74
9
14
9
94
9
44
9
71
14
86
9
99
12
84
14
86
9
99
14
26
13
85
14
56
17
29
9
64
9
34
15
87
9
99
9
94
9
74
9
74
13
55
9
64
9
74
9
13
13
85
9
44
9
99
9
44
2
59
18
90
9
99
9
99
9
44
3
99
9
44
9
64
9
34
9
44
9
94
15
57
9
64
9
74
9
64
9
64
9
64
1
39
9
94
16
88
9
74
9
94
16
58
9
44
17
59
16
58
9
98
16
28
9
44
9
44
9
44
16
58
9
34
17
89
0
80
9
99
1
19
9
74
9
64
14
56
14
26
9
44
9
44
9
44
17
59
9
44
12
54
3
99
14
26
13
85
9
44
9
64
9
44
9
74
15
27
17
89
9
34
9
14
9
64
9
14
9
14
1
79
14
56
9
44
9
94
9
94
9
14
9
74
12
54
14
56
14
26
9
44
9
74
9
64
9
44
16
88
9
64
16
88
15
82
9
94
9
34
16
28
9
64
9
99
16
28
14
26
9
14
9
74
9
74
13
55
9
34
18
60
2
79
9
34
15
57
9
94
9
94
9
99
9
99
9
74
13
25
14
26
14
56
15
27
15
27
14
26
9
14
12
24
9
14
13
85
9
64
9
74
9
44
16
28
3
59
9
44
9
14
9
74
9
44
16
28
9
44
9
14
15
27
9
44
14
86
0
0
14
26
9
44
9
74
9
94
9
99
9
14
14
56
9
74
9
99
9
14
0
30
13
55
15
57
9
34
13
55
0
50
13
25
9
64
9
99
9
74
9
64
8
75
13
25
9
44
9
14
9
31
9
99
8
5
18
90
9
64
17
29
15
87
9
99
9
61
9
44
9
44
9
14
9
74
16
28
9
64
8
95
9
64
14
26
12
54
9
44
14
26
9
34
9
74
9
94
9
99
16
58
9
3
15
27
9
44
9
74
4
79
9
94
9
44
9
14
9
34
9
99
9
34
0
80
9
34
9
64
9
99
9
94
9
99
9
74
14
86
9
4
9
99
15
57
9
94
16
28
16
28
9
14
8
65
9
74
9
14
9
99
14
56
14
26
9
34
9
77
9
14
9
74
9
99
9
74
9
64
13
55
1
49
9
64
9
64
9
44
9
14
9
44
9
74
16
28
18
60
17
59
15
57
9
64
9
94
9
64
9
74
9
94
9
78
9
99
15
87
9
44
2
89
17
59
18
30
