4
16
2
99
3
35
4
99
2
22
5
42
1
95
1
31
2
65
3
79
1
28
3
72
5
69
3
14
5
49
4
69
4
69
4
94
4
19
4
94
4
23
5
53
1
43
2
51
3
66
3
22
4
17
4
39
2
76
2
29
0
10
2
5
2
66
5
58
2
8
2
85
5
65
1
57
4
77
3
92
5
12
2
6
4
95
5
27
5
94
3
71
2
64
3
67
4
81
4
59
5
13
5
44
5
57
2
76
4
3
4
43
1
76
1
52
1
5
1
71
3
56
2
18
1
5
3
28
1
79
3
4
5
6
2
98
2
69
4
72
5
95
3
86
3
49
4
23
1
14
2
48
2
5
4
52
4
27
2
55
2
27
5
53
2
35
4
54
3
82
1
8
1
49
5
74
4
99
2
16
1
55
4
8
1
39
5
75
1
84
4
73
5
68
2
35
4
48
2
11
3
82
3
66
5
69
4
14
5
27
2
97
1
59
2
88
2
54
4
6
2
8
1
66
1
53
5
9
4
99
4
96
4
79
5
93
4
84
1
85
3
52
4
82
3
41
1
34
1
39
2
43
3
69
1
79
5
69
1
54
5
92
1
23
5
54
3
69
5
2
1
81
2
95
4
48
4
2
5
16
2
37
4
49
1
3
5
93
3
33
5
78
2
9
3
69
5
48
3
51
5
68
4
92
1
52
4
67
4
66
4
15
1
85
2
49
1
39
2
38
3
73
2
34
5
2
2
24
2
53
1
29
3
49
5
47
2
23
3
59
3
53
4
49
2
82
0
50
2
62
4
81
4
57
1
81
1
76
4
91
1
81
5
99
5
89
1
4
2
32
4
24
1
81
3
44
5
92
1
49
1
78
1
72
1
6
3
52
2
9
1
43
5
39
1
79
1
1
1
2
3
87
2
85
4
42
1
89
4
81
4
8
2
24
5
99
1
8
1
51
5
38
1
37
5
62
3
75
5
87
5
45
2
97
3
82
4
78
1
12
1
19
3
35
2
72
1
14
2
27
5
23
4
95
0
70
1
15
5
99
4
61
2
42
1
14
1
66
3
19
5
24
5
73
4
31
3
91
2
15
1
81
1
63
4
9
5
64
3
83
2
17
3
89
4
61
3
99
1
97
4
59
1
8
4
39
1
99
1
9
1
45
1
65
4
29
5
59
3
39
4
9
3
23
1
1
5
97
2
47
3
18
3
9
1
36
3
86
2
65
1
19
1
56
3
59
4
15
2
73
4
35
3
1
2
46
4
76
5
33
2
39
3
8
0
10
2
24
3
18
5
97
4
86
1
45
4
53
5
24
4
61
2
78
1
45
5
97
1
81
2
1
5
97
3
62
4
2
1
9
2
37
3
79
5
45
3
9
1
89
3
46
5
72
5
74
2
44
2
26
5
69
1
29
3
89
2
91
3
49
3
77
2
59
1
97
4
66
3
47
4
81
2
59
5
49
3
9
4
29
2
53
5
7
4
17
5
3
2
19
1
27
4
34
5
43
1
64
4
59
3
7
1
68
5
68
4
94
5
69
4
29
2
6
1
66
5
75
1
43
4
17
1
49
1
87
1
65
3
14
4
21
4
7
4
18
2
32
1
5
4
16
5
23
2
56
1
22
3
48
4
14
5
76
2
91
4
35
2
69
2
75
3
83
4
92
4
74
3
72
1
9
4
86
4
89
2
77
1
16
3
42
5
12
3
69
4
52
2
75
2
84
4
23
3
74
2
71
4
4
5
5
5
79
4
86
5
39
2
27
4
91
1
51
5
37
3
17
4
57
4
61
5
63
4
22
4
49
3
39
3
91
2
9
1
67
4
91
4
81
3
55
2
13
1
8
2
63
4
5
1
73
5
8
2
43
4
91
1
81
2
19
1
54
1
36
3
67
4
68
5
58
5
24
1
3
5
22
1
43
5
63
1
6
2
33
4
39
5
14
1
71
1
37
3
47
5
56
5
57
2
36
1
93
5
14
4
42
4
52
4
91
3
81
4
42
5
95
4
41
2
61
5
88
2
95
3
54
3
41
3
71
4
31
1
95
4
78
5
37
4
89
0
0
1
46
5
3
3
39
3
9
5
89
2
52
1
75
1
22
4
38
2
51
4
87
5
33
3
79
1
38
2
36
2
87
1
32
2
22
5
65
4
14
1
85
4
58
5
69
2
34
2
39
4
43
1
64
5
67
3
1
3
97
3
6
4
66
2
4
3
64
3
9
4
56
0
90
2
87
2
36
2
55
3
72
2
72
5
84
3
15
5
82
1
57
3
3
5
92
1
89
0
0
2
83
1
1
2
98
4
62
5
19
4
74
3
44
4
22
5
53
1
88
3
79
3
83
2
4
3
93
3
77
4
89
1
43
2
52
3
75
3
47
5
99
3
19
1
94
5
87
4
88
3
52
1
95
5
39
2
16
1
58
3
33
2
78
4
11
4
29
2
12
4
4
3
62
3
14
1
94
2
5
1
54
2
93
2
9
4
18
3
39
3
9
4
45
2
19
2
61
2
89
0
80
1
56
4
17
1
29
2
69
5
15
1
44
3
4
3
47
2
53
1
91
2
59
4
26
0
60
4
47
5
12
3
53
3
23
2
37
5
97
2
62
2
9
5
74
4
15
1
67
3
54
2
86
5
23
3
55
2
75
4
72
0
87
3
32
5
14
4
29
1
59
2
29
2
1
3
16
2
49
1
89
1
83
1
76
3
89
1
48
4
34
5
44
1
4
3
31
5
59
3
26
0
70
5
56
5
62
3
92
4
62
4
49
5
58
5
74
0
90
1
17
3
57
4
73
3
58
4
2
1
23
1
92
5
42
5
61
1
64
1
54
1
33
5
22
4
46
5
65
1
55
5
69
5
42
4
41
3
39
5
14
4
14
2
38
5
92
2
42
4
34
3
72
0
80
2
95
5
87
4
58
1
4
5
67
5
95
4
55
1
3
5
5
1
94
3
93
3
9
3
57
1
88
2
32
4
47
4
16
3
92
4
55
2
29
1
45
5
3
4
58
1
6
4
19
1
59
3
22
2
59
4
77
1
81
4
79
3
91
2
19
1
74
1
3
3
85
5
4
3
15
4
24
3
41
3
62
4
24
2
57
2
4
1
55
4
97
1
32
0
50
3
59
3
69
2
9
1
23
4
51
1
92
1
48
2
79
1
83
4
56
3
79
2
98
5
85
5
79
4
29
3
5
0
70
4
44
1
6
2
89
1
85
4
51
3
95
3
96
1
42
1
37
5
18
4
14
1
77
2
14
4
29
1
45
2
84
3
59
4
21
1
19
1
9
3
86
2
69
5
4
3
83
1
34
3
71
1
73
4
94
4
71
1
75
2
91
1
16
1
72
1
49
4
17
5
56
3
22
4
74
5
96
1
85
3
66
2
66
5
42
5
59
5
66
2
14
2
72
4
35
3
94
4
39
2
52
5
79
4
94
2
91
3
39
3
95
3
39
5
56
4
29
2
37
1
82
2
45
4
52
5
64
4
59
1
59
5
59
1
31
2
81
3
79
4
62
1
81
5
45
5
33
4
46
3
49
4
98
3
17
1
37
3
36
5
39
3
47
4
21
4
78
0
80
2
92
1
13
1
69
1
51
1
48
1
19
3
34
3
32
3
35
5
46
4
31
1
41
3
93
1
17
2
72
5
32
5
56
5
39
3
68
2
17
4
79
4
23
3
3
1
57
2
9
2
9
1
75
4
43
4
31
1
83
2
82
2
9
2
66
4
41
1
43
5
13
5
37
4
66
3
53
1
33
3
75
1
51
5
75
2
82
4
83
2
28
5
15
5
55
5
94
3
19
3
13
2
4
3
68
2
65
5
42
2
22
5
47
2
71
3
27
2
47
3
87
2
89
3
99
2
97
4
61
2
12
1
16
1
49
2
15
3
14
3
13
1
8
2
11
2
4
1
72
4
59
2
62
4
39
3
16
3
59
4
36
3
8
3
62
4
38
4
15
1
34
5
6
2
19
4
39
1
73
0
0
1
13
1
36
1
67
1
82
4
94
3
9
3
43
1
61
3
94
1
4
0
30
5
42
2
48
4
29
3
42
0
50
5
12
2
59
1
95
5
68
2
54
3
75
2
12
4
36
5
3
2
31
2
93
1
5
5
77
5
53
4
17
3
74
5
97
3
61
4
31
3
35
4
2
4
66
4
15
4
57
1
95
2
55
2
13
2
41
5
34
1
15
5
27
2
66
3
86
5
94
3
49
3
3
2
17
1
33
3
68
4
77
4
87
1
39
3
1
1
22
3
93
3
28
0
80
1
21
5
55
2
94
2
86
1
94
5
64
1
78
2
4
2
98
3
44
3
83
3
18
3
17
4
9
1
65
3
65
3
4
4
92
1
44
1
19
5
23
1
77
3
8
5
69
1
91
5
63
2
53
1
42
1
46
2
53
1
59
4
33
4
9
4
31
1
63
3
16
5
49
4
49
2
44
3
54
3
89
1
52
2
69
4
83
4
78
4
98
2
74
4
37
2
86
4
46
5
19
