10
22
8
99
9
41
9
99
8
28
9
48
7
99
7
37
8
70
9
81
7
29
9
72
9
73
9
20
11
53
9
72
9
72
9
99
10
22
9
99
9
29
9
59
7
49
8
57
9
71
9
28
10
22
9
42
8
76
8
30
0
10
8
10
8
70
9
63
8
10
8
90
9
71
7
59
10
82
9
98
9
18
8
10
9
99
9
33
9
99
9
77
8
70
9
71
9
87
9
62
9
19
9
50
9
63
8
80
9
9
9
49
7
79
7
58
7
9
7
77
9
61
8
20
7
5
9
31
7
79
9
10
9
12
8
99
8
70
9
78
9
99
9
91
9
51
9
29
7
19
8
50
8
10
9
58
9
32
8
60
8
30
9
59
8
40
9
60
9
88
7
9
7
49
9
80
9
99
8
20
7
59
9
12
7
39
9
81
7
89
9
79
9
73
8
40
10
52
8
17
9
88
9
71
9
69
9
20
9
33
8
99
7
59
8
90
8
60
9
12
8
10
7
69
7
59
9
13
9
99
9
99
10
82
9
99
9
90
7
89
9
58
9
88
9
47
7
39
7
39
8
49
9
71
7
79
9
73
7
59
9
98
7
29
9
60
9
71
9
8
7
87
8
99
10
52
9
8
10
22
8
40
10
52
7
9
9
99
9
39
11
83
8
10
9
71
11
53
9
57
9
73
9
98
7
58
9
72
9
72
9
21
7
89
8
50
7
39
8
40
9
79
8
40
9
8
8
30
8
59
7
29
9
51
11
53
8
29
9
61
9
59
10
52
8
88
0
50
8
68
9
87
9
62
7
87
7
79
9
97
7
81
9
99
9
93
7
9
8
38
9
30
7
87
9
50
9
98
7
49
7
79
7
78
7
9
9
58
8
10
7
49
9
43
7
79
7
7
7
8
9
91
8
90
9
48
7
89
9
87
9
12
8
30
9
99
7
9
7
57
9
43
7
39
9
68
9
81
9
93
9
51
8
97
9
88
10
82
7
18
7
19
9
41
8
78
7
19
8
30
9
29
9
99
0
70
7
19
9
99
9
67
8
48
7
19
7
69
9
21
9
30
9
79
9
37
9
91
8
20
7
87
7
69
9
12
9
70
9
89
8
20
9
91
9
67
9
99
7
99
9
62
7
9
9
42
7
99
7
9
7
49
7
69
9
32
9
63
9
41
9
12
9
29
7
7
9
99
8
50
9
21
9
11
7
39
9
91
8
70
7
19
7
59
9
61
9
21
8
79
9
41
9
7
8
50
10
82
9
39
8
40
9
11
0
10
8
30
9
21
9
99
9
92
7
49
9
59
9
30
9
67
8
78
7
49
9
99
7
87
8
7
9
99
9
68
9
8
7
9
8
40
9
81
9
51
9
11
7
89
9
51
9
78
9
80
8
50
8
30
9
73
7
29
9
91
8
97
9
51
9
81
8
60
7
99
9
72
9
51
9
87
8
60
11
53
9
11
9
32
8
59
9
13
10
22
9
9
8
20
7
29
9
40
9
49
7
69
9
62
9
11
7
68
9
73
9
99
9
73
9
32
8
10
7
69
9
81
7
49
10
22
7
49
7
89
7
69
9
20
9
27
9
12
10
22
8
38
7
9
10
22
9
29
8
60
7
28
9
51
9
20
10
82
2
97
9
41
8
70
8
80
9
89
9
98
9
80
9
78
7
9
9
92
9
92
8
80
7
19
9
48
9
18
9
71
9
58
8
80
8
90
9
29
9
80
8
77
9
10
9
11
11
83
9
92
9
43
8
27
9
97
1
57
9
43
9
21
9
62
9
61
9
63
9
28
10
52
9
41
9
97
8
10
7
69
9
97
9
87
9
61
8
19
7
9
8
69
9
11
7
79
9
13
8
43
9
97
7
87
8
20
7
59
7
39
9
71
9
68
9
63
9
30
1
9
9
28
7
49
9
69
7
9
8
39
9
42
9
14
7
77
7
39
9
51
9
62
9
63
8
40
7
99
9
20
9
48
9
58
9
97
3
87
9
48
9
99
9
41
8
67
9
93
8
99
9
60
9
47
9
77
9
37
7
95
10
82
9
43
9
92
0
0
7
49
9
9
9
41
9
11
9
93
8
58
7
79
7
28
9
42
8
57
9
92
9
39
9
81
7
39
8
40
8
90
7
38
8
28
9
71
9
20
7
89
9
62
9
73
8
40
8
40
9
49
7
69
9
73
9
7
9
99
9
11
9
72
8
10
9
70
9
11
9
62
0
90
8
90
8
40
8
60
9
78
8
78
9
90
9
21
9
88
7
59
9
9
9
98
7
89
0
0
8
89
7
7
8
99
9
68
11
23
9
80
9
50
9
28
9
59
7
89
9
81
9
89
8
4
9
99
9
81
9
92
1
49
8
58
3
79
9
51
9
99
9
21
7
99
9
93
9
92
3
58
7
99
9
43
2
19
7
59
9
39
8
80
9
17
9
32
8
18
9
10
9
68
9
20
7
99
8
10
7
59
8
99
8
10
10
22
9
41
3
9
9
51
8
20
8
67
8
90
0
80
7
59
10
22
7
29
8
70
9
21
7
49
9
10
9
51
8
59
7
97
8
60
9
32
0
60
10
52
9
18
9
59
9
29
8
40
9
99
8
68
8
10
9
80
9
21
7
69
9
60
8
90
11
22
9
61
8
80
9
78
0
89
9
38
9
20
9
32
7
59
8
30
8
1
9
21
8
50
7
89
7
89
7
79
9
91
1
49
9
40
9
50
7
9
9
37
9
63
9
31
0
70
9
62
9
68
9
98
9
68
10
52
9
63
9
80
0
90
1
19
9
61
9
79
9
58
9
8
7
29
7
98
9
48
9
61
7
64
7
59
1
39
9
28
10
52
9
71
7
59
9
73
9
48
9
47
3
39
9
20
4
14
8
40
9
92
8
48
9
40
9
78
0
80
8
99
9
93
9
62
7
9
9
73
9
99
9
61
7
9
9
11
7
94
9
99
9
11
9
61
7
89
8
38
10
52
10
22
9
98
9
61
8
30
7
49
9
9
9
62
7
9
10
22
7
59
9
28
8
60
10
82
7
87
10
82
9
97
8
20
7
79
7
9
9
91
9
10
9
21
9
30
9
41
9
68
9
30
8
60
8
10
7
59
9
99
7
38
0
50
9
61
9
71
8
10
7
29
9
57
7
98
7
49
8
80
7
83
9
62
9
81
8
99
8
85
11
83
9
32
9
11
0
70
9
50
7
9
8
90
7
89
9
57
9
99
9
99
7
48
7
39
11
23
9
20
7
79
8
20
9
32
7
45
8
90
9
61
10
21
7
19
7
9
9
91
8
70
9
10
9
89
7
39
9
71
7
79
9
99
9
77
7
79
8
97
7
19
7
78
7
49
10
22
9
62
9
28
9
80
9
99
7
89
9
71
8
70
9
48
9
63
9
72
8
14
8
78
9
41
9
99
9
42
2
58
11
83
9
99
8
97
9
41
3
99
9
41
9
62
9
32
8
40
7
88
8
50
9
58
9
70
9
62
7
59
9
63
1
37
8
87
9
81
9
68
7
87
9
51
9
39
10
52
9
51
9
98
9
21
7
39
9
41
9
43
9
51
9
27
10
82
0
80
8
98
1
19
7
69
7
57
7
49
7
19
9
40
9
38
9
41
10
52
9
37
7
47
3
99
7
19
8
78
9
38
9
62
9
43
9
71
8
20
10
82
9
29
9
9
7
59
8
10
8
10
1
79
9
49
9
37
7
89
8
88
8
10
8
70
9
47
7
49
9
19
9
43
9
72
9
59
7
39
9
81
7
57
9
81
8
82
9
89
8
30
9
21
9
61
9
99
9
21
9
19
8
10
9
71
8
70
9
48
8
28
11
53
2
77
9
31
8
50
9
91
8
90
9
99
8
99
9
67
8
18
7
19
7
49
8
20
9
20
9
19
7
9
8
17
8
10
7
78
9
62
8
68
9
42
9
21
3
59
9
42
9
11
9
68
9
42
9
21
7
39
9
12
8
20
9
42
7
79
0
0
7
19
7
39
7
69
7
88
9
99
9
11
9
49
7
67
9
99
7
9
0
30
9
48
8
50
9
32
9
48
0
50
9
18
8
60
7
99
9
73
8
60
8
75
8
18
9
42
9
9
8
31
8
99
7
5
11
83
9
59
10
22
9
80
9
99
9
61
9
37
9
41
9
8
9
72
9
21
9
62
7
95
8
60
8
19
8
47
9
40
7
19
9
33
8
70
9
91
9
99
9
51
9
3
8
20
7
39
9
71
4
79
9
92
7
39
9
7
7
28
9
99
9
31
0
80
7
27
9
61
8
99
8
90
7
99
9
70
7
79
8
4
8
99
9
50
9
89
9
21
9
21
9
12
7
65
9
71
9
10
9
98
7
49
7
19
9
29
7
77
9
11
9
73
7
97
9
69
8
59
7
48
1
49
8
59
7
59
9
39
9
12
9
37
7
69
9
21
11
53
10
52
8
50
9
60
9
91
7
58
8
70
9
89
9
78
9
99
8
80
9
42
2
89
10
52
11
23
