7
19
5
99
6
38
7
99
5
25
8
45
4
98
4
34
5
68
6
79
4
29
6
72
8
70
6
17
8
50
7
69
7
69
7
97
7
19
7
97
7
26
8
56
4
46
5
54
6
69
6
25
7
19
7
39
5
76
5
29
0
10
5
8
5
69
8
60
5
9
5
88
8
68
4
59
7
79
6
95
8
15
5
9
7
98
8
30
8
97
6
74
5
67
6
69
7
84
7
59
8
16
8
47
8
60
5
79
7
6
7
46
4
79
4
55
4
8
4
74
6
59
5
19
4
5
6
29
4
79
6
7
8
9
5
99
5
69
7
75
8
98
6
89
6
49
7
26
4
17
5
49
5
8
7
55
7
29
5
58
5
29
8
56
5
38
7
57
6
85
4
9
4
49
8
77
7
99
5
19
4
58
7
9
4
39
8
78
4
87
7
76
8
70
5
38
7
49
5
14
6
85
6
69
8
69
7
17
8
30
5
99
4
59
5
89
5
57
7
9
5
9
4
69
4
56
8
10
7
99
7
99
7
79
8
96
7
87
4
88
6
55
7
85
6
44
4
37
4
39
5
46
6
69
4
79
8
70
4
57
8
95
4
26
8
57
6
69
8
5
4
84
5
98
7
49
7
5
8
19
5
39
7
49
4
6
8
96
6
36
8
80
5
9
6
69
8
50
6
54
8
70
7
95
4
55
7
69
7
69
7
18
4
88
5
49
4
39
5
39
6
76
5
37
8
5
5
27
5
56
4
29
6
49
8
50
5
26
6
59
6
56
7
49
5
85
0
50
5
65
7
84
7
59
4
84
4
79
7
94
4
81
8
99
8
90
4
7
5
35
7
27
4
84
6
47
8
95
4
49
4
79
4
75
4
9
6
55
5
9
4
46
8
40
4
79
4
4
4
5
6
89
5
88
7
45
4
89
7
84
7
9
5
27
8
99
4
9
4
54
8
40
4
39
8
65
6
78
8
90
8
48
5
97
6
85
7
79
4
15
4
19
6
38
5
75
4
17
5
29
8
26
7
98
0
70
4
18
8
99
7
64
5
45
4
17
4
69
6
19
8
27
8
76
7
34
6
91
5
18
4
84
4
66
7
9
8
67
6
86
5
19
6
89
7
64
6
99
4
99
7
59
4
9
7
39
4
99
4
9
4
48
4
68
7
29
8
60
6
39
7
9
6
26
4
4
8
99
5
49
6
19
6
9
4
39
6
89
5
68
4
19
4
59
6
59
7
18
5
76
7
38
6
4
5
49
7
79
8
36
5
39
6
9
0
10
5
27
6
19
8
99
7
89
4
48
7
56
8
27
7
64
5
78
4
48
8
99
4
84
5
4
8
99
6
65
7
5
4
9
5
39
6
79
8
48
6
9
4
89
6
49
8
75
8
77
5
47
5
29
8
70
4
29
6
89
5
94
6
49
6
79
5
59
4
99
7
69
6
49
7
84
5
59
8
50
6
9
7
29
5
56
8
10
7
19
8
6
5
19
4
29
7
37
8
46
4
67
7
59
6
9
4
68
8
70
7
97
8
70
7
29
5
9
4
69
8
78
4
46
7
19
4
49
4
89
4
68
6
17
7
24
7
9
7
19
5
35
4
8
7
19
8
26
5
59
4
25
6
49
7
17
8
79
2
94
7
38
5
69
5
78
6
86
7
95
7
77
6
75
4
9
7
89
7
89
5
79
4
19
6
45
8
15
6
69
7
55
5
78
5
87
7
26
6
77
5
74
7
7
8
8
8
80
7
89
8
40
5
27
7
94
1
54
8
40
6
19
7
59
7
61
8
63
7
25
7
49
6
39
6
94
5
9
4
69
7
94
7
84
6
58
5
16
4
9
5
66
7
8
4
76
8
10
5
43
7
94
4
84
5
19
4
57
4
39
6
69
7
68
8
60
8
27
1
6
8
25
4
46
8
66
4
9
5
36
7
39
8
14
4
74
4
39
6
49
8
59
8
60
5
39
4
96
8
17
7
45
7
55
7
94
3
84
7
45
8
98
7
41
5
64
8
90
5
98
6
57
6
44
6
74
7
34
4
95
7
79
8
40
7
89
0
0
4
49
8
6
6
39
6
9
8
90
5
55
4
78
4
25
7
39
5
54
7
89
8
36
6
79
4
39
5
39
5
89
4
35
5
25
8
68
7
17
4
88
7
59
8
70
5
37
5
39
7
46
4
67
8
70
6
4
6
99
6
9
7
69
5
7
6
67
6
9
7
59
0
90
5
89
5
39
5
58
6
75
5
75
8
87
6
18
8
85
4
59
6
6
8
95
4
89
0
0
5
86
4
4
5
99
7
65
8
20
7
77
6
47
7
25
8
56
4
89
6
79
6
86
5
4
6
96
6
79
7
89
1
46
5
55
3
78
6
49
8
99
6
19
4
97
8
90
7
89
3
55
4
98
8
40
2
19
4
59
6
36
5
79
7
14
7
29
5
15
7
7
6
65
6
17
4
97
5
8
4
57
5
96
5
9
7
19
6
39
3
9
7
48
5
19
5
64
5
89
0
80
4
59
7
19
4
29
5
69
8
18
4
47
6
7
6
49
5
56
4
94
5
59
7
29
0
60
7
49
8
15
6
56
6
26
5
39
8
99
5
65
5
9
8
77
7
18
4
69
6
57
5
89
8
23
6
58
5
78
7
75
0
89
6
35
8
17
7
29
4
59
5
29
5
1
6
19
5
49
4
89
4
86
4
79
6
89
1
49
7
37
8
47
4
7
6
34
8
60
6
29
0
70
8
59
8
65
6
95
7
65
7
49
8
60
8
77
0
90
1
19
6
59
7
76
6
58
7
5
4
26
4
95
8
45
8
61
4
64
4
57
1
36
8
25
7
49
8
68
4
58
8
70
8
45
7
44
3
39
8
17
4
14
5
39
8
92
5
45
7
37
6
75
0
80
5
98
8
90
7
59
4
7
8
70
8
98
7
58
4
6
8
8
4
94
6
96
6
9
6
59
4
89
5
35
7
49
7
19
6
95
7
58
5
29
4
48
8
6
7
59
4
9
7
19
4
59
6
25
5
59
7
79
4
84
7
79
6
94
5
19
4
77
4
6
6
88
8
7
6
18
7
27
6
41
6
65
7
27
5
59
5
7
4
58
7
99
4
35
0
50
6
59
6
69
5
9
4
26
7
54
4
95
4
49
5
79
4
83
7
59
6
79
5
99
8
85
8
80
7
29
6
8
0
70
7
47
4
9
5
89
4
88
7
54
6
98
6
99
4
45
4
39
8
20
7
17
4
79
5
17
7
29
4
45
5
87
6
59
7
21
4
19
4
9
6
89
5
69
8
7
6
86
4
37
6
71
4
76
7
97
7
74
4
78
5
94
4
19
4
75
4
49
7
19
8
59
6
25
7
77
8
99
4
88
6
69
5
69
8
45
8
60
8
69
5
14
5
75
7
38
6
97
7
39
2
55
8
80
7
97
5
94
6
39
3
98
6
39
8
59
7
29
5
39
4
85
5
48
7
55
8
67
7
59
4
59
8
60
1
34
5
84
6
79
7
65
4
84
8
48
8
36
7
49
6
49
7
98
6
19
4
39
6
39
8
40
6
49
7
24
7
79
0
80
5
95
1
16
4
69
4
54
4
49
4
19
6
37
6
35
6
38
8
49
7
34
4
44
3
96
4
19
5
75
8
35
8
59
8
40
6
69
5
19
7
79
7
26
6
6
4
59
5
9
5
9
1
78
7
46
7
34
4
86
5
85
5
9
5
69
7
44
4
46
8
16
8
40
7
69
6
56
4
36
6
78
4
54
8
78
5
82
7
86
5
29
8
18
8
58
8
97
6
19
6
16
5
7
6
69
5
68
8
45
5
25
8
50
2
74
6
29
5
49
6
89
5
89
6
99
5
99
7
64
5
15
4
19
4
49
5
18
6
17
6
16
4
9
5
14
5
7
4
75
7
59
5
65
7
39
6
19
3
59
7
39
6
9
6
65
7
39
7
18
4
37
8
9
5
19
7
39
4
76
0
0
4
16
4
39
4
69
4
85
7
97
6
9
6
46
4
64
6
97
4
7
0
30
8
45
5
49
7
29
6
45
0
50
8
15
5
59
4
98
8
70
5
57
6
75
5
15
7
39
8
6
5
31
5
96
4
5
8
80
8
56
7
19
6
77
8
99
6
61
7
34
6
38
7
5
7
69
7
18
7
59
4
95
5
58
5
16
5
44
8
37
4
18
8
30
5
69
6
89
8
97
6
49
6
3
5
19
4
36
6
69
4
79
7
89
4
39
6
4
4
25
6
96
6
29
0
80
4
24
8
58
5
97
5
89
4
97
8
67
4
79
5
4
5
99
6
47
6
86
6
19
6
19
7
9
4
65
6
68
6
7
7
95
4
47
4
19
8
26
4
77
6
9
8
70
4
94
8
66
5
56
4
45
1
49
5
56
4
59
7
36
7
9
7
34
4
66
6
19
8
50
7
49
5
47
6
57
6
89
4
55
5
69
7
86
7
78
7
99
5
77
7
39
2
89
7
49
8
20
