14
26
9
99
9
44
9
99
9
32
10
52
9
99
9
41
9
74
13
85
9
33
9
72
9
74
12
24
15
57
9
74
9
74
9
99
14
26
9
99
9
33
9
63
11
53
9
61
9
74
9
32
14
26
9
44
9
76
9
34
0
10
9
14
9
74
9
64
9
14
9
94
9
74
9
63
14
86
9
99
10
22
9
14
9
99
9
34
9
99
9
81
9
74
9
74
9
91
9
64
11
23
12
54
9
64
12
84
9
13
11
53
11
83
9
62
9
13
9
81
9
64
12
24
8
5
9
34
11
83
9
14
9
14
9
99
9
74
10
82
9
99
9
94
13
55
9
33
11
23
12
54
9
14
9
62
9
34
9
64
9
34
9
63
9
44
9
64
9
92
9
13
11
53
12
84
9
99
12
24
9
63
9
14
9
43
13
85
9
93
11
83
9
74
9
44
14
56
9
21
9
92
9
74
9
69
12
24
9
34
9
99
9
63
9
94
9
64
9
14
9
14
9
73
9
63
9
14
9
99
9
99
14
86
9
99
9
94
9
93
9
62
9
92
9
51
9
43
9
43
11
53
9
74
11
83
9
74
9
63
9
99
9
33
9
64
9
74
9
12
9
91
9
99
14
56
9
12
14
26
9
44
14
56
9
13
9
99
9
43
15
87
9
14
9
74
15
57
9
61
9
74
9
99
9
62
9
74
9
74
13
25
9
93
12
54
9
43
9
44
11
83
9
44
9
12
9
34
9
63
9
33
13
55
15
57
9
33
9
64
9
63
14
56
9
92
0
50
9
72
9
91
9
64
9
91
11
83
9
99
11
81
9
99
9
94
9
13
9
42
9
34
9
91
12
54
9
99
11
53
11
83
10
82
9
13
9
62
9
14
11
53
9
44
11
83
9
11
9
12
9
94
9
94
10
52
9
93
9
91
9
14
9
34
9
99
9
13
9
61
9
44
9
43
9
72
13
85
9
94
13
55
9
97
9
92
14
86
10
22
11
23
9
44
10
82
11
23
9
34
9
33
9
99
0
70
11
23
9
99
9
71
10
52
11
23
9
73
13
25
9
34
11
83
9
41
9
91
12
24
9
91
9
73
9
14
9
74
9
93
12
24
9
94
9
71
9
99
9
99
9
64
9
13
9
44
9
99
9
13
11
53
9
73
9
34
9
64
9
44
9
14
9
33
9
11
9
99
12
54
13
25
9
14
9
43
9
94
9
74
11
23
9
63
9
64
13
25
11
83
9
44
9
11
12
54
14
86
9
43
9
44
9
14
0
10
9
34
13
25
9
99
9
94
11
53
9
63
9
34
9
71
9
78
11
53
9
99
9
91
9
11
9
99
9
72
9
12
9
13
9
44
13
85
13
55
9
14
9
93
13
55
10
82
12
84
12
54
9
34
9
74
9
33
9
94
9
99
13
55
13
85
9
64
9
99
9
74
13
55
9
91
9
64
15
57
9
14
9
34
9
63
9
14
14
26
9
13
12
24
9
33
9
44
11
53
9
73
9
64
9
14
9
68
9
74
9
99
9
74
9
34
9
14
9
73
13
85
11
53
14
26
11
53
9
93
9
73
12
24
9
31
9
14
14
26
9
42
9
13
14
26
9
33
9
64
9
32
13
55
12
24
14
86
2
99
9
44
9
74
12
84
9
93
9
99
12
84
10
82
9
13
9
94
9
94
12
84
11
23
10
52
10
22
9
74
9
62
12
84
9
94
9
33
12
84
9
81
9
14
9
14
15
87
9
94
9
44
9
27
9
99
1
59
9
44
13
25
9
64
9
61
9
63
9
32
14
56
9
44
9
99
9
14
9
73
9
99
9
91
9
64
11
23
9
13
9
73
9
14
11
83
9
14
9
43
9
99
9
91
12
24
9
63
9
43
9
74
9
68
9
64
9
34
1
9
9
32
11
53
9
73
9
13
9
43
9
44
9
14
9
81
9
43
13
55
9
64
9
64
9
44
9
99
12
24
10
52
9
62
9
99
3
89
10
52
9
99
9
41
9
71
9
94
9
99
9
64
9
51
9
81
9
41
8
95
14
86
9
44
9
94
0
0
11
53
9
13
9
44
9
14
9
94
9
62
11
83
9
32
9
44
9
61
9
94
9
43
13
85
9
43
9
44
9
94
9
42
9
32
9
74
12
24
9
93
9
64
9
74
9
44
9
44
11
53
9
73
9
74
9
11
9
99
9
14
9
74
9
14
9
74
9
14
9
64
0
90
9
94
9
44
9
64
10
82
10
82
9
94
13
25
9
92
9
63
9
13
9
99
9
93
0
0
9
93
9
11
9
99
9
72
15
27
12
84
12
54
9
32
9
63
9
93
13
85
9
93
9
3
9
99
13
85
9
94
1
49
9
62
3
79
13
55
9
99
13
25
9
99
9
94
9
94
3
59
9
99
9
44
2
19
9
63
9
43
12
84
9
21
9
34
10
22
9
14
9
72
12
24
9
99
9
14
9
63
9
99
9
14
14
26
9
44
3
9
13
55
12
24
9
71
9
94
0
80
9
63
14
26
9
33
9
74
13
25
11
53
9
14
13
55
9
63
9
99
9
64
9
34
0
60
14
56
10
22
9
63
9
33
9
44
9
99
9
72
9
14
12
84
13
25
9
73
9
64
9
94
15
22
9
64
12
84
10
82
0
89
9
42
12
24
9
34
9
63
9
34
9
1
13
25
12
54
9
93
9
93
11
83
9
94
1
49
9
44
12
54
9
13
9
41
9
64
9
34
0
70
9
64
9
72
9
99
9
72
14
56
9
64
12
84
0
90
1
19
9
64
11
83
9
58
9
12
9
33
9
99
10
52
9
61
9
64
9
63
1
39
9
32
14
56
9
74
9
63
9
74
10
52
9
51
3
39
12
24
4
14
9
44
9
92
10
52
9
44
10
82
0
80
9
99
9
94
9
64
9
13
9
74
9
99
9
64
9
13
9
14
9
93
9
99
9
14
9
64
9
93
9
42
14
56
14
26
9
99
9
64
9
34
11
53
9
13
9
64
9
13
14
26
9
63
9
32
9
64
14
86
9
91
14
86
9
99
12
24
11
83
9
13
9
94
9
14
13
25
9
34
9
41
9
72
9
34
9
64
9
14
9
63
9
99
9
42
0
50
9
64
9
74
9
14
9
33
9
61
9
99
11
53
12
84
11
82
9
64
13
85
9
99
8
85
15
87
9
34
9
14
0
70
12
54
9
13
9
94
9
93
9
61
9
99
9
99
10
52
9
43
15
27
12
24
11
83
12
24
9
34
8
45
9
94
9
64
14
21
11
23
9
13
9
94
9
74
9
14
9
93
9
43
9
71
11
83
9
99
9
81
11
83
9
99
11
23
10
82
11
53
14
26
9
64
9
32
12
84
9
99
9
93
9
74
9
74
10
52
9
64
9
74
9
13
10
82
9
44
9
99
9
44
2
59
15
87
9
99
9
99
9
44
3
99
9
44
9
64
9
34
9
44
9
92
12
54
9
62
9
74
9
64
9
63
9
64
1
39
9
91
13
85
9
72
9
91
13
55
9
43
14
56
13
55
9
98
13
25
9
43
9
44
9
44
13
55
9
31
14
86
0
80
9
99
1
19
9
73
9
61
11
53
11
23
9
44
9
42
9
44
14
56
9
41
9
51
3
99
11
23
10
82
9
42
9
64
9
44
9
74
12
24
14
86
9
33
9
13
9
63
9
14
9
14
1
79
11
53
9
41
9
93
9
92
9
14
9
74
9
51
11
53
11
23
9
44
9
74
9
63
9
43
13
85
9
61
13
85
12
82
9
93
9
34
13
25
9
64
9
99
13
25
11
23
9
14
9
74
9
74
10
52
9
32
15
57
2
79
9
34
12
54
9
94
9
94
9
99
9
99
9
71
10
22
11
23
11
53
12
24
12
24
11
23
9
13
9
21
9
14
10
82
9
64
9
72
9
44
13
25
3
59
9
44
9
14
9
72
9
44
13
25
9
43
9
14
12
24
9
44
11
83
0
0
11
23
9
43
9
73
9
92
9
99
9
14
11
53
9
71
9
99
9
13
0
30
10
52
12
54
9
34
10
52
0
50
10
22
9
64
9
99
9
74
9
64
8
75
10
22
9
44
9
13
9
31
9
99
8
5
15
87
9
63
14
26
12
84
9
99
9
61
9
41
9
44
9
12
9
74
13
25
9
64
8
95
9
64
11
23
9
51
9
44
11
23
9
34
9
74
9
94
9
99
13
55
9
3
12
24
9
43
9
74
4
79
9
94
9
43
9
11
9
32
9
99
9
34
0
80
9
31
9
64
9
99
9
94
9
99
9
74
11
83
9
4
9
99
12
54
9
93
13
25
13
25
9
14
8
65
9
74
9
14
9
99
11
53
11
23
9
33
9
77
9
14
9
74
9
99
9
73
9
63
10
52
1
49
9
63
9
63
9
43
9
14
9
41
9
73
13
25
15
57
14
56
12
54
9
64
9
94
9
62
9
74
9
93
9
78
9
99
12
84
9
44
2
89
14
56
15
27
