19
31
9
99
9
44
9
99
9
34
15
57
9
99
9
44
9
74
18
90
9
34
9
72
9
74
17
29
19
62
9
74
9
74
9
99
19
31
9
99
9
34
9
64
16
58
9
64
9
74
9
34
19
31
9
44
9
76
9
34
0
10
9
14
9
74
9
64
9
14
9
94
9
74
9
64
19
91
9
99
15
27
9
14
9
99
9
34
9
99
14
86
9
74
9
74
9
94
9
64
16
28
17
59
9
64
17
89
9
14
16
58
16
88
9
64
9
14
14
86
9
64
17
29
8
5
9
34
16
88
9
14
9
14
9
99
9
74
15
87
9
99
9
94
18
60
9
34
16
28
17
59
9
14
9
64
9
34
9
64
9
34
9
64
9
44
9
64
9
94
9
14
16
58
17
89
9
99
17
29
9
64
9
14
9
44
18
90
9
94
16
88
9
74
9
44
19
61
14
26
9
94
9
74
9
69
17
29
9
34
9
99
9
64
9
94
9
64
9
14
9
14
9
74
9
64
9
14
9
99
9
99
19
91
9
99
9
94
9
94
9
64
9
94
14
56
9
44
9
44
16
58
9
74
16
88
9
74
9
64
9
99
9
34
9
64
9
74
9
14
9
94
9
99
19
61
9
14
19
31
9
44
19
61
9
14
9
99
9
44
19
92
9
14
9
74
19
62
9
64
9
74
9
99
9
64
9
74
9
74
18
30
9
94
17
59
9
44
9
44
16
88
9
44
9
14
9
34
9
64
9
34
18
60
19
62
9
34
9
64
9
64
19
61
9
94
0
50
9
74
9
94
9
64
9
94
16
88
9
99
16
81
9
99
9
94
9
14
9
44
9
34
9
94
17
59
9
99
16
58
16
88
15
87
9
14
9
64
9
14
16
58
9
44
16
88
9
14
9
14
9
94
9
94
15
57
9
94
9
94
9
14
9
34
9
99
9
14
9
64
9
44
9
44
9
74
18
90
9
94
18
60
9
97
9
94
19
91
15
27
16
28
9
44
15
87
16
28
9
34
9
34
9
99
0
70
16
28
9
99
9
74
15
57
16
28
9
74
18
30
9
34
16
88
9
44
9
91
17
29
9
94
9
74
9
14
9
74
9
94
17
29
9
94
9
74
9
99
9
99
9
64
9
14
9
44
9
99
9
14
16
58
9
74
9
34
9
64
9
44
9
14
9
34
9
14
9
99
17
59
18
30
9
14
9
44
9
94
9
74
16
28
9
64
9
64
18
30
16
88
9
44
9
14
17
59
19
91
9
44
9
44
9
14
0
10
9
34
18
30
9
99
9
94
16
58
9
64
9
34
9
74
9
78
16
58
9
99
9
94
9
14
9
99
9
74
9
14
9
14
9
44
18
90
18
60
9
14
9
94
18
60
15
87
17
89
17
59
9
34
9
74
9
34
9
94
9
99
18
60
18
90
9
64
9
99
9
74
18
60
9
94
9
64
19
62
9
14
9
34
9
64
9
14
19
31
9
14
17
29
9
34
9
44
16
58
9
74
9
64
9
14
9
68
9
74
9
99
9
74
9
34
9
14
9
74
18
90
16
58
19
31
16
58
9
94
9
74
17
29
9
34
9
14
19
31
9
44
9
14
19
31
9
34
9
64
9
34
18
60
17
29
19
91
2
99
9
44
9
74
17
89
9
94
9
99
17
89
15
87
9
14
9
94
9
94
17
89
16
28
15
57
15
27
9
74
9
64
17
89
9
94
9
34
17
89
14
86
9
14
9
14
19
92
9
94
9
44
9
27
9
99
1
59
9
44
18
30
9
64
9
61
9
63
9
34
19
61
9
44
9
99
9
14
9
74
9
99
9
94
9
64
16
28
9
14
9
74
9
14
16
88
9
14
9
43
9
99
9
94
17
29
9
64
9
44
9
74
9
68
9
64
9
34
1
9
9
34
16
58
9
74
9
14
9
44
9
44
9
14
14
86
9
44
18
60
9
64
9
64
9
44
9
99
17
29
15
57
9
64
9
99
3
89
15
57
9
99
9
41
9
74
9
94
9
99
9
64
14
56
14
86
9
44
8
95
19
91
9
44
9
94
0
0
16
58
9
14
9
44
9
14
9
94
9
64
16
88
9
34
9
44
9
64
9
94
9
44
18
90
9
44
9
44
9
94
9
44
9
34
9
74
17
29
9
94
9
64
9
74
9
44
9
44
16
58
9
74
9
74
9
14
9
99
9
14
9
74
9
14
9
74
9
14
9
64
0
90
9
94
9
44
9
64
15
87
15
87
9
94
18
30
9
94
9
64
9
14
9
99
9
94
0
0
9
94
9
14
9
99
9
74
19
32
17
89
17
59
9
34
9
64
9
94
18
90
9
94
9
3
9
99
18
90
9
94
1
49
9
64
3
79
18
60
9
99
18
30
9
99
9
94
9
94
3
59
9
99
9
44
2
19
9
64
9
44
17
89
14
26
9
34
15
27
9
14
9
74
17
29
9
99
9
14
9
64
9
99
9
14
19
31
9
44
3
9
18
60
17
29
9
74
9
94
0
80
9
64
19
31
9
34
9
74
18
30
16
58
9
14
18
60
9
64
9
99
9
64
9
34
0
60
19
61
15
27
9
64
9
34
9
44
9
99
9
74
9
14
17
89
18
30
9
74
9
64
9
94
19
22
9
64
17
89
15
87
0
89
9
44
17
29
9
34
9
64
9
34
9
1
18
30
17
59
9
94
9
94
16
88
9
94
1
49
9
44
17
59
9
14
9
44
9
64
9
34
0
70
9
64
9
74
9
99
9
74
19
61
9
64
17
89
0
90
1
19
9
64
16
88
9
58
9
14
9
34
9
99
15
57
9
61
9
64
9
64
1
39
9
34
19
61
9
74
9
64
9
74
15
57
14
56
3
39
17
29
4
14
9
44
9
92
15
57
9
44
15
87
0
80
9
99
9
94
9
64
9
14
9
74
9
99
9
64
9
14
9
14
9
93
9
99
9
14
9
64
9
94
9
44
19
61
19
31
9
99
9
64
9
34
16
58
9
14
9
64
9
14
19
31
9
64
9
34
9
64
19
91
9
94
19
91
9
99
17
29
16
88
9
14
9
94
9
14
18
30
9
34
9
41
9
74
9
34
9
64
9
14
9
64
9
99
9
44
0
50
9
64
9
74
9
14
9
34
9
64
9
99
16
58
17
89
16
82
9
64
18
90
9
99
8
85
19
92
9
34
9
14
0
70
17
59
9
14
9
94
9
94
9
64
9
99
9
99
15
57
9
44
19
32
17
29
16
88
17
29
9
34
8
45
9
94
9
64
19
21
16
28
9
14
9
94
9
74
9
14
9
94
9
44
9
71
16
88
9
99
14
86
16
88
9
99
16
28
15
87
16
58
19
31
9
64
9
34
17
89
9
99
9
94
9
74
9
74
15
57
9
64
9
74
9
13
15
87
9
44
9
99
9
44
2
59
19
92
9
99
9
99
9
44
3
99
9
44
9
64
9
34
9
44
9
94
17
59
9
64
9
74
9
64
9
64
9
64
1
39
9
94
18
90
9
74
9
94
18
60
9
44
19
61
18
60
9
98
18
30
9
44
9
44
9
44
18
60
9
34
19
91
0
80
9
99
1
19
9
74
9
64
16
58
16
28
9
44
9
44
9
44
19
61
9
44
14
56
3
99
16
28
15
87
9
44
9
64
9
44
9
74
17
29
19
91
9
34
9
14
9
64
9
14
9
14
1
79
16
58
9
44
9
94
9
94
9
14
9
74
14
56
16
58
16
28
9
44
9
74
9
64
9
44
18
90
9
64
18
90
17
82
9
94
9
34
18
30
9
64
9
99
18
30
16
28
9
14
9
74
9
74
15
57
9
34
19
62
2
79
9
34
17
59
9
94
9
94
9
99
9
99
9
74
15
27
16
28
16
58
17
29
17
29
16
28
9
14
14
26
9
14
15
87
9
64
9
74
9
44
18
30
3
59
9
44
9
14
9
74
9
44
18
30
9
44
9
14
17
29
9
44
16
88
0
0
16
28
9
44
9
74
9
94
9
99
9
14
16
58
9
74
9
99
9
14
0
30
15
57
17
59
9
34
15
57
0
50
15
27
9
64
9
99
9
74
9
64
8
75
15
27
9
44
9
14
9
31
9
99
8
5
19
92
9
64
19
31
17
89
9
99
9
61
9
44
9
44
9
14
9
74
18
30
9
64
8
95
9
64
16
28
14
56
9
44
16
28
9
34
9
74
9
94
9
99
18
60
9
3
17
29
9
44
9
74
4
79
9
94
9
44
9
14
9
34
9
99
9
34
0
80
9
34
9
64
9
99
9
94
9
99
9
74
16
88
9
4
9
99
17
59
9
94
18
30
18
30
9
14
8
65
9
74
9
14
9
99
16
58
16
28
9
34
9
77
9
14
9
74
9
99
9
74
9
64
15
57
1
49
9
64
9
64
9
44
9
14
9
44
9
74
18
30
19
62
19
61
17
59
9
64
9
94
9
64
9
74
9
94
9
78
9
99
17
89
9
44
2
89
19
61
19
32
