19
33
9
99
9
44
9
99
9
34
17
59
9
99
9
44
9
74
19
92
9
34
9
72
9
74
19
31
19
64
9
74
9
74
9
99
19
33
9
99
9
34
9
64
18
60
9
64
9
74
9
34
19
33
9
44
9
76
9
34
0
10
9
14
9
74
9
64
9
14
9
94
9
74
9
64
19
93
9
99
17
29
9
14
9
99
9
34
9
99
16
88
9
74
9
74
9
94
9
64
18
30
19
61
9
64
19
91
9
14
18
60
18
90
9
64
9
14
16
88
9
64
19
31
8
5
9
34
18
90
9
14
9
14
9
99
9
74
17
89
9
99
9
94
19
62
9
34
18
30
19
61
9
14
9
64
9
34
9
64
9
34
9
64
9
44
9
64
9
94
9
14
18
60
19
91
9
99
19
31
9
64
9
14
9
44
19
92
9
94
18
90
9
74
9
44
19
63
16
28
9
94
9
74
9
69
19
31
9
34
9
99
9
64
9
94
9
64
9
14
9
14
9
74
9
64
9
14
9
99
9
99
19
93
9
99
9
94
9
94
9
64
9
94
16
58
9
44
9
44
18
60
9
74
18
90
9
74
9
64
9
99
9
34
9
64
9
74
9
14
9
94
9
99
19
63
9
14
19
33
9
44
19
63
9
14
9
99
9
44
19
94
9
14
9
74
19
64
9
64
9
74
9
99
9
64
9
74
9
74
19
32
9
94
19
61
9
44
9
44
18
90
9
44
9
14
9
34
9
64
9
34
19
62
19
64
9
34
9
64
9
64
19
63
9
94
0
50
9
74
9
94
9
64
9
94
18
90
9
99
18
81
9
99
9
94
9
14
9
44
9
34
9
94
19
61
9
99
18
60
18
90
17
89
9
14
9
64
9
14
18
60
9
44
18
90
9
14
9
14
9
94
9
94
17
59
9
94
9
94
9
14
9
34
9
99
9
14
9
64
9
44
9
44
9
74
19
92
9
94
19
62
9
97
9
94
19
93
17
29
18
30
9
44
17
89
18
30
9
34
9
34
9
99
0
70
18
30
9
99
9
74
17
59
18
30
9
74
19
32
9
34
18
90
9
44
9
91
19
31
9
94
9
74
9
14
9
74
9
94
19
31
9
94
9
74
9
99
9
99
9
64
9
14
9
44
9
99
9
14
18
60
9
74
9
34
9
64
9
44
9
14
9
34
9
14
9
99
19
61
19
32
9
14
9
44
9
94
9
74
18
30
9
64
9
64
19
32
18
90
9
44
9
14
19
61
19
93
9
44
9
44
9
14
0
10
9
34
19
32
9
99
9
94
18
60
9
64
9
34
9
74
9
78
18
60
9
99
9
94
9
14
9
99
9
74
9
14
9
14
9
44
19
92
19
62
9
14
9
94
19
62
17
89
19
91
19
61
9
34
9
74
9
34
9
94
9
99
19
62
19
92
9
64
9
99
9
74
19
62
9
94
9
64
19
64
9
14
9
34
9
64
9
14
19
33
9
14
19
31
9
34
9
44
18
60
9
74
9
64
9
14
9
68
9
74
9
99
9
74
9
34
9
14
9
74
19
92
18
60
19
33
18
60
9
94
9
74
19
31
9
34
9
14
19
33
9
44
9
14
19
33
9
34
9
64
9
34
19
62
19
31
19
93
2
99
9
44
9
74
19
91
9
94
9
99
19
91
17
89
9
14
9
94
9
94
19
91
18
30
17
59
17
29
9
74
9
64
19
91
9
94
9
34
19
91
16
88
9
14
9
14
19
94
9
94
9
44
9
27
9
99
1
59
9
44
19
32
9
64
9
61
9
63
9
34
19
63
9
44
9
99
9
14
9
74
9
99
9
94
9
64
18
30
9
14
9
74
9
14
18
90
9
14
9
43
9
99
9
94
19
31
9
64
9
44
9
74
9
68
9
64
9
34
1
9
9
34
18
60
9
74
9
14
9
44
9
44
9
14
16
88
9
44
19
62
9
64
9
64
9
44
9
99
19
31
17
59
9
64
9
99
3
89
17
59
9
99
9
41
9
74
9
94
9
99
9
64
16
58
16
88
9
44
8
95
19
93
9
44
9
94
0
0
18
60
9
14
9
44
9
14
9
94
9
64
18
90
9
34
9
44
9
64
9
94
9
44
19
92
9
44
9
44
9
94
9
44
9
34
9
74
19
31
9
94
9
64
9
74
9
44
9
44
18
60
9
74
9
74
9
14
9
99
9
14
9
74
9
14
9
74
9
14
9
64
0
90
9
94
9
44
9
64
17
89
17
89
9
94
19
32
9
94
9
64
9
14
9
99
9
94
0
0
9
94
9
14
9
99
9
74
19
34
19
91
19
61
9
34
9
64
9
94
19
92
9
94
9
3
9
99
19
92
9
94
1
49
9
64
3
79
19
62
9
99
19
32
9
99
9
94
9
94
3
59
9
99
9
44
2
19
9
64
9
44
19
91
16
28
9
34
17
29
9
14
9
74
19
31
9
99
9
14
9
64
9
99
9
14
19
33
9
44
3
9
19
62
19
31
9
74
9
94
0
80
9
64
19
33
9
34
9
74
19
32
18
60
9
14
19
62
9
64
9
99
9
64
9
34
0
60
19
63
17
29
9
64
9
34
9
44
9
99
9
74
9
14
19
91
19
32
9
74
9
64
9
94
19
22
9
64
19
91
17
89
0
89
9
44
19
31
9
34
9
64
9
34
9
1
19
32
19
61
9
94
9
94
18
90
9
94
1
49
9
44
19
61
9
14
9
44
9
64
9
34
0
70
9
64
9
74
9
99
9
74
19
63
9
64
19
91
0
90
1
19
9
64
18
90
9
58
9
14
9
34
9
99
17
59
9
61
9
64
9
64
1
39
9
34
19
63
9
74
9
64
9
74
17
59
16
58
3
39
19
31
4
14
9
44
9
92
17
59
9
44
17
89
0
80
9
99
9
94
9
64
9
14
9
74
9
99
9
64
9
14
9
14
9
93
9
99
9
14
9
64
9
94
9
44
19
63
19
33
9
99
9
64
9
34
18
60
9
14
9
64
9
14
19
33
9
64
9
34
9
64
19
93
9
94
19
93
9
99
19
31
18
90
9
14
9
94
9
14
19
32
9
34
9
41
9
74
9
34
9
64
9
14
9
64
9
99
9
44
0
50
9
64
9
74
9
14
9
34
9
64
9
99
18
60
19
91
18
82
9
64
19
92
9
99
8
85
19
94
9
34
9
14
0
70
19
61
9
14
9
94
9
94
9
64
9
99
9
99
17
59
9
44
19
34
19
31
18
90
19
31
9
34
8
45
9
94
9
64
19
21
18
30
9
14
9
94
9
74
9
14
9
94
9
44
9
71
18
90
9
99
16
88
18
90
9
99
18
30
17
89
18
60
19
33
9
64
9
34
19
91
9
99
9
94
9
74
9
74
17
59
9
64
9
74
9
13
17
89
9
44
9
99
9
44
2
59
19
94
9
99
9
99
9
44
3
99
9
44
9
64
9
34
9
44
9
94
19
61
9
64
9
74
9
64
9
64
9
64
1
39
9
94
19
92
9
74
9
94
19
62
9
44
19
63
19
62
9
98
19
32
9
44
9
44
9
44
19
62
9
34
19
93
0
80
9
99
1
19
9
74
9
64
18
60
18
30
9
44
9
44
9
44
19
63
9
44
16
58
3
99
18
30
17
89
9
44
9
64
9
44
9
74
19
31
19
93
9
34
9
14
9
64
9
14
9
14
1
79
18
60
9
44
9
94
9
94
9
14
9
74
16
58
18
60
18
30
9
44
9
74
9
64
9
44
19
92
9
64
19
92
19
82
9
94
9
34
19
32
9
64
9
99
19
32
18
30
9
14
9
74
9
74
17
59
9
34
19
64
2
79
9
34
19
61
9
94
9
94
9
99
9
99
9
74
17
29
18
30
18
60
19
31
19
31
18
30
9
14
16
28
9
14
17
89
9
64
9
74
9
44
19
32
3
59
9
44
9
14
9
74
9
44
19
32
9
44
9
14
19
31
9
44
18
90
0
0
18
30
9
44
9
74
9
94
9
99
9
14
18
60
9
74
9
99
9
14
0
30
17
59
19
61
9
34
17
59
0
50
17
29
9
64
9
99
9
74
9
64
8
75
17
29
9
44
9
14
9
31
9
99
8
5
19
94
9
64
19
33
19
91
9
99
9
61
9
44
9
44
9
14
9
74
19
32
9
64
8
95
9
64
18
30
16
58
9
44
18
30
9
34
9
74
9
94
9
99
19
62
9
3
19
31
9
44
9
74
4
79
9
94
9
44
9
14
9
34
9
99
9
34
0
80
9
34
9
64
9
99
9
94
9
99
9
74
18
90
9
4
9
99
19
61
9
94
19
32
19
32
9
14
8
65
9
74
9
14
9
99
18
60
18
30
9
34
9
77
9
14
9
74
9
99
9
74
9
64
17
59
1
49
9
64
9
64
9
44
9
14
9
44
9
74
19
32
19
64
19
63
19
61
9
64
9
94
9
64
9
74
9
94
9
78
9
99
19
91
9
44
2
89
19
63
19
34
