16
28
9
99
9
44
9
99
9
34
12
54
9
99
9
43
9
74
15
87
9
34
9
72
9
74
14
26
17
59
9
74
9
74
9
99
16
28
9
99
9
34
9
64
13
55
9
63
9
74
9
34
16
28
9
44
9
76
9
34
0
10
9
14
9
74
9
64
9
14
9
94
9
74
9
64
16
88
9
99
12
24
9
14
9
99
9
34
9
99
11
83
9
74
9
74
9
93
9
64
13
25
14
56
9
64
14
86
9
14
13
55
13
85
9
64
9
14
11
83
9
64
14
26
8
5
9
34
13
85
9
14
9
14
9
99
9
74
12
84
9
99
9
94
15
57
9
34
13
25
14
56
9
14
9
64
9
34
9
64
9
34
9
64
9
44
9
64
9
94
9
14
13
55
14
86
9
99
14
26
9
64
9
14
9
44
15
87
9
94
13
85
9
74
9
44
16
58
11
23
9
94
9
74
9
69
14
26
9
34
9
99
9
64
9
94
9
64
9
14
9
14
9
74
9
64
9
14
9
99
9
99
16
88
9
99
9
94
9
94
9
64
9
94
11
53
9
44
9
44
13
55
9
74
13
85
9
74
9
64
9
99
9
34
9
64
9
74
9
14
9
93
9
99
16
58
9
14
16
28
9
44
16
58
9
14
9
99
9
44
17
89
9
14
9
74
17
59
9
63
9
74
9
99
9
64
9
74
9
74
15
27
9
94
14
56
9
44
9
44
13
85
9
44
9
14
9
34
9
64
9
34
15
57
17
59
9
34
9
64
9
64
16
58
9
94
0
50
9
74
9
93
9
64
9
93
13
85
9
99
13
81
9
99
9
94
9
14
9
44
9
34
9
93
14
56
9
99
13
55
13
85
12
84
9
14
9
64
9
14
13
55
9
44
13
85
9
13
9
14
9
94
9
94
12
54
9
94
9
93
9
14
9
34
9
99
9
14
9
63
9
44
9
44
9
74
15
87
9
94
15
57
9
97
9
94
16
88
12
24
13
25
9
44
12
84
13
25
9
34
9
34
9
99
0
70
13
25
9
99
9
73
12
54
13
25
9
74
15
27
9
34
13
85
9
43
9
91
14
26
9
93
9
74
9
14
9
74
9
94
14
26
9
94
9
73
9
99
9
99
9
64
9
14
9
44
9
99
9
14
13
55
9
74
9
34
9
64
9
44
9
14
9
34
9
13
9
99
14
56
15
27
9
14
9
44
9
94
9
74
13
25
9
64
9
64
15
27
13
85
9
44
9
13
14
56
16
88
9
44
9
44
9
14
0
10
9
34
15
27
9
99
9
94
13
55
9
64
9
34
9
73
9
78
13
55
9
99
9
93
9
13
9
99
9
74
9
14
9
14
9
44
15
87
15
57
9
14
9
94
15
57
12
84
14
86
14
56
9
34
9
74
9
34
9
94
9
99
15
57
15
87
9
64
9
99
9
74
15
57
9
93
9
64
17
59
9
14
9
34
9
64
9
14
16
28
9
14
14
26
9
34
9
44
13
55
9
74
9
64
9
14
9
68
9
74
9
99
9
74
9
34
9
14
9
74
15
87
13
55
16
28
13
55
9
94
9
74
14
26
9
33
9
14
16
28
9
44
9
14
16
28
9
34
9
64
9
34
15
57
14
26
16
88
2
99
9
44
9
74
14
86
9
94
9
99
14
86
12
84
9
14
9
94
9
94
14
86
13
25
12
54
12
24
9
74
9
64
14
86
9
94
9
34
14
86
11
83
9
14
9
14
17
89
9
94
9
44
9
27
9
99
1
59
9
44
15
27
9
64
9
61
9
63
9
34
16
58
9
44
9
99
9
14
9
74
9
99
9
93
9
64
13
25
9
14
9
74
9
14
13
85
9
14
9
43
9
99
9
93
14
26
9
64
9
44
9
74
9
68
9
64
9
34
1
9
9
34
13
55
9
74
9
14
9
44
9
44
9
14
11
83
9
44
15
57
9
64
9
64
9
44
9
99
14
26
12
54
9
64
9
99
3
89
12
54
9
99
9
41
9
73
9
94
9
99
9
64
11
53
11
83
9
43
8
95
16
88
9
44
9
94
0
0
13
55
9
14
9
44
9
14
9
94
9
64
13
85
9
34
9
44
9
63
9
94
9
44
15
87
9
44
9
44
9
94
9
44
9
34
9
74
14
26
9
94
9
64
9
74
9
44
9
44
13
55
9
74
9
74
9
13
9
99
9
14
9
74
9
14
9
74
9
14
9
64
0
90
9
94
9
44
9
64
12
84
12
84
9
94
15
27
9
94
9
64
9
14
9
99
9
94
0
0
9
94
9
13
9
99
9
74
17
29
14
86
14
56
9
34
9
64
9
94
15
87
9
94
9
3
9
99
15
87
9
94
1
49
9
64
3
79
15
57
9
99
15
27
9
99
9
94
9
94
3
59
9
99
9
44
2
19
9
64
9
44
14
86
11
23
9
34
12
24
9
14
9
74
14
26
9
99
9
14
9
64
9
99
9
14
16
28
9
44
3
9
15
57
14
26
9
73
9
94
0
80
9
64
16
28
9
34
9
74
15
27
13
55
9
14
15
57
9
64
9
99
9
64
9
34
0
60
16
58
12
24
9
64
9
34
9
44
9
99
9
74
9
14
14
86
15
27
9
74
9
64
9
94
17
22
9
64
14
86
12
84
0
89
9
44
14
26
9
34
9
64
9
34
9
1
15
27
14
56
9
94
9
94
13
85
9
94
1
49
9
44
14
56
9
14
9
43
9
64
9
34
0
70
9
64
9
74
9
99
9
74
16
58
9
64
14
86
0
90
1
19
9
64
13
85
9
58
9
14
9
34
9
99
12
54
9
61
9
64
9
64
1
39
9
34
16
58
9
74
9
64
9
74
12
54
11
53
3
39
14
26
4
14
9
44
9
92
12
54
9
44
12
84
0
80
9
99
9
94
9
64
9
14
9
74
9
99
9
64
9
14
9
14
9
93
9
99
9
14
9
64
9
94
9
44
16
58
16
28
9
99
9
64
9
34
13
55
9
14
9
64
9
14
16
28
9
64
9
34
9
64
16
88
9
93
16
88
9
99
14
26
13
85
9
14
9
94
9
14
15
27
9
34
9
41
9
74
9
34
9
64
9
14
9
64
9
99
9
44
0
50
9
64
9
74
9
14
9
34
9
63
9
99
13
55
14
86
13
82
9
64
15
87
9
99
8
85
17
89
9
34
9
14
0
70
14
56
9
14
9
94
9
94
9
63
9
99
9
99
12
54
9
44
17
29
14
26
13
85
14
26
9
34
8
45
9
94
9
64
16
21
13
25
9
14
9
94
9
74
9
14
9
94
9
44
9
71
13
85
9
99
11
83
13
85
9
99
13
25
12
84
13
55
16
28
9
64
9
34
14
86
9
99
9
94
9
74
9
74
12
54
9
64
9
74
9
13
12
84
9
44
9
99
9
44
2
59
17
89
9
99
9
99
9
44
3
99
9
44
9
64
9
34
9
44
9
94
14
56
9
64
9
74
9
64
9
64
9
64
1
39
9
93
15
87
9
74
9
93
15
57
9
44
16
58
15
57
9
98
15
27
9
44
9
44
9
44
15
57
9
33
16
88
0
80
9
99
1
19
9
74
9
63
13
55
13
25
9
44
9
44
9
44
16
58
9
43
11
53
3
99
13
25
12
84
9
44
9
64
9
44
9
74
14
26
16
88
9
34
9
14
9
64
9
14
9
14
1
79
13
55
9
43
9
94
9
94
9
14
9
74
11
53
13
55
13
25
9
44
9
74
9
64
9
44
15
87
9
63
15
87
14
82
9
94
9
34
15
27
9
64
9
99
15
27
13
25
9
14
9
74
9
74
12
54
9
34
17
59
2
79
9
34
14
56
9
94
9
94
9
99
9
99
9
73
12
24
13
25
13
55
14
26
14
26
13
25
9
14
11
23
9
14
12
84
9
64
9
74
9
44
15
27
3
59
9
44
9
14
9
74
9
44
15
27
9
44
9
14
14
26
9
44
13
85
0
0
13
25
9
44
9
74
9
94
9
99
9
14
13
55
9
73
9
99
9
14
0
30
12
54
14
56
9
34
12
54
0
50
12
24
9
64
9
99
9
74
9
64
8
75
12
24
9
44
9
14
9
31
9
99
8
5
17
89
9
64
16
28
14
86
9
99
9
61
9
43
9
44
9
14
9
74
15
27
9
64
8
95
9
64
13
25
11
53
9
44
13
25
9
34
9
74
9
94
9
99
15
57
9
3
14
26
9
44
9
74
4
79
9
94
9
44
9
13
9
34
9
99
9
34
0
80
9
33
9
64
9
99
9
94
9
99
9
74
13
85
9
4
9
99
14
56
9
94
15
27
15
27
9
14
8
65
9
74
9
14
9
99
13
55
13
25
9
34
9
77
9
14
9
74
9
99
9
74
9
64
12
54
1
49
9
64
9
64
9
44
9
14
9
43
9
74
15
27
17
59
16
58
14
56
9
64
9
94
9
64
9
74
9
94
9
78
9
99
14
86
9
44
2
89
16
58
17
29
