6
18
4
99
5
37
6
99
4
24
7
44
3
97
3
33
4
67
5
79
3
29
5
72
7
69
5
16
7
49
6
69
6
69
6
96
6
19
6
96
6
25
7
55
3
45
4
53
5
68
5
24
6
19
6
39
4
76
4
29
0
10
4
7
4
68
7
59
4
9
4
87
7
67
3
59
6
79
5
94
7
14
4
8
6
97
7
29
7
96
5
73
4
66
5
69
6
83
6
59
7
15
7
46
7
59
4
78
6
5
6
45
3
78
3
54
3
7
3
73
5
58
4
19
3
5
5
29
3
79
5
6
7
8
4
99
4
69
6
74
7
97
5
88
5
49
6
25
3
16
4
49
4
7
6
54
6
29
4
57
4
29
7
55
4
37
6
56
5
84
3
9
3
49
7
76
6
99
4
18
3
57
6
9
3
39
7
77
3
86
6
75
7
69
4
37
6
49
4
13
5
84
5
68
7
69
6
16
7
29
4
99
3
59
4
89
4
56
6
8
4
9
3
68
3
55
7
9
6
99
6
98
6
79
7
95
6
86
3
87
5
54
6
84
5
43
3
36
3
39
4
45
5
69
3
79
7
69
3
56
7
94
3
25
7
56
5
69
7
4
3
83
4
97
6
49
6
4
7
18
4
39
6
49
3
5
7
95
5
35
7
79
4
9
5
69
7
49
5
53
7
69
6
94
3
54
6
69
6
68
6
17
3
87
4
49
3
39
4
39
5
75
4
36
7
4
4
26
4
55
3
29
5
49
7
49
4
25
5
59
5
55
6
49
4
84
0
50
4
64
6
83
6
59
3
83
3
78
6
93
3
81
7
99
7
89
3
6
4
34
6
26
3
83
5
46
7
94
3
49
3
79
3
74
3
8
5
54
4
9
3
45
7
39
3
79
3
3
3
4
5
89
4
87
6
44
3
89
6
83
6
9
4
26
7
99
3
9
3
53
7
39
3
39
7
64
5
77
7
89
7
47
4
97
5
84
6
79
3
14
3
19
5
37
4
74
3
16
4
29
7
25
6
97
0
70
3
17
7
99
6
63
4
44
3
16
3
68
5
19
7
26
7
75
6
33
5
91
4
17
3
83
3
65
6
9
7
66
5
85
4
19
5
89
6
63
5
99
3
99
6
59
3
9
6
39
3
99
3
9
3
47
3
67
6
29
7
59
5
39
6
9
5
25
3
3
7
99
4
49
5
19
5
9
3
38
5
88
4
67
3
19
3
58
5
59
6
17
4
75
6
37
5
3
4
48
6
78
7
35
4
39
5
9
0
10
4
26
5
19
7
99
6
88
3
47
6
55
7
26
6
63
4
78
3
47
7
99
3
83
4
3
7
99
5
64
6
4
3
9
4
39
5
79
7
47
5
9
3
89
5
48
7
74
7
76
4
46
4
28
7
69
3
29
5
89
4
93
5
49
5
79
4
59
3
99
6
68
5
49
6
83
4
59
7
49
5
9
6
29
4
55
7
9
6
19
7
5
4
19
3
29
6
36
7
45
3
66
6
59
5
9
3
68
7
69
6
96
7
69
6
29
4
8
3
68
7
77
3
45
6
19
3
49
3
89
3
67
5
16
6
23
6
9
6
19
4
34
3
7
6
18
7
25
4
58
3
24
5
49
6
16
7
78
2
93
6
37
4
69
4
77
5
85
6
94
6
76
5
74
3
9
6
88
6
89
4
79
3
18
5
44
7
14
5
69
6
54
4
77
4
86
6
25
5
76
4
73
6
6
7
7
7
79
6
88
7
39
4
27
6
93
1
53
7
39
5
19
6
59
6
61
7
63
6
24
6
49
5
39
5
93
4
9
3
69
6
93
6
83
5
57
4
15
3
9
4
65
6
7
3
75
7
9
4
43
6
93
3
83
4
19
3
56
3
38
5
69
6
68
7
59
7
26
1
5
7
24
3
45
7
65
3
8
4
35
6
39
7
14
3
73
3
39
5
49
7
58
7
59
4
38
3
95
7
16
6
44
6
54
6
93
3
83
6
44
7
97
6
41
4
63
7
89
4
97
5
56
5
43
5
73
6
33
3
95
6
79
7
39
6
89
0
0
3
48
7
5
5
39
5
9
7
89
4
54
3
77
3
24
6
39
4
53
6
89
7
35
5
79
3
39
4
38
4
89
3
34
4
24
7
67
6
16
3
87
6
59
7
69
4
36
4
39
6
45
3
66
7
69
5
3
5
99
5
8
6
68
4
6
5
66
5
9
6
58
0
90
4
89
4
38
4
57
5
74
4
74
7
86
5
17
7
84
3
59
5
5
7
94
3
89
0
0
4
85
3
3
4
99
6
64
7
19
6
76
5
46
6
24
7
55
3
89
5
79
5
85
4
4
5
95
5
79
6
89
1
45
4
54
3
77
5
49
7
99
5
19
3
96
7
89
6
89
3
54
3
97
7
39
2
18
3
59
5
35
4
79
6
13
6
29
4
14
6
6
5
64
5
16
3
96
4
7
3
56
4
95
4
9
6
19
5
39
3
9
6
47
4
19
4
63
4
89
0
80
3
58
6
19
3
29
4
69
7
17
3
46
5
6
5
49
4
55
3
93
4
59
6
28
0
60
6
49
7
14
5
55
5
25
4
39
7
99
4
64
4
9
7
76
6
17
3
69
5
56
4
88
7
23
5
57
4
77
6
74
0
89
5
34
7
16
6
29
3
59
4
29
4
1
5
18
4
49
3
89
3
85
3
78
5
89
1
49
6
36
7
46
3
6
5
33
7
59
5
28
0
70
7
58
7
64
5
94
6
64
6
49
7
59
7
76
0
90
1
19
5
59
6
75
5
58
6
4
3
25
3
94
7
44
7
61
3
64
3
56
1
35
7
24
6
48
7
67
3
57
7
69
7
44
6
43
3
39
7
16
4
14
4
39
7
92
4
44
6
36
5
74
0
80
4
97
7
89
6
59
3
6
7
69
7
97
6
57
3
5
7
7
3
94
5
95
5
9
5
59
3
89
4
34
6
49
6
18
5
94
6
57
4
29
3
47
7
5
6
59
3
8
6
19
3
59
5
24
4
59
6
79
3
83
6
79
5
93
4
19
3
76
3
5
5
87
7
6
5
17
6
26
5
41
5
64
6
26
4
59
4
6
3
57
6
99
3
34
0
50
5
59
5
69
4
9
3
25
6
53
3
94
3
49
4
79
3
83
6
58
5
79
4
99
7
85
7
79
6
29
5
7
0
70
6
46
3
8
4
89
3
87
6
53
5
97
5
98
3
44
3
39
7
19
6
16
3
79
4
16
6
29
3
45
4
86
5
59
6
21
3
19
3
9
5
88
4
69
7
6
5
85
3
36
5
71
3
75
6
96
6
73
3
77
4
93
3
18
3
74
3
49
6
19
7
58
5
24
6
76
7
98
3
87
5
68
4
68
7
44
7
59
7
68
4
14
4
74
6
37
5
96
6
39
2
54
7
79
6
96
4
93
5
39
3
97
5
39
7
58
6
29
4
39
3
84
4
47
6
54
7
66
6
59
3
59
7
59
1
33
4
83
5
79
6
64
3
83
7
47
7
35
6
48
5
49
6
98
5
19
3
39
5
38
7
39
5
49
6
23
6
79
0
80
4
94
1
15
3
69
3
53
3
49
3
19
5
36
5
34
5
37
7
48
6
33
3
43
3
95
3
19
4
74
7
34
7
58
7
39
5
69
4
19
6
79
6
25
5
5
3
59
4
9
4
9
1
77
6
45
6
33
3
85
4
84
4
9
4
68
6
43
3
45
7
15
7
39
6
68
5
55
3
35
5
77
3
53
7
77
4
82
6
85
4
29
7
17
7
57
7
96
5
19
5
15
4
6
5
69
4
67
7
44
4
24
7
49
2
73
5
29
4
49
5
89
4
89
5
99
4
99
6
63
4
14
3
18
3
49
4
17
5
16
5
15
3
9
4
13
4
6
3
74
6
59
4
64
6
39
5
18
3
59
6
38
5
9
5
64
6
39
6
17
3
36
7
8
4
19
6
39
3
75
0
0
3
15
3
38
3
69
3
84
6
96
5
9
5
45
3
63
5
96
3
6
0
30
7
44
4
49
6
29
5
44
0
50
7
14
4
59
3
97
7
69
4
56
5
75
4
14
6
38
7
5
4
31
4
95
3
5
7
79
7
55
6
19
5
76
7
99
5
61
6
33
5
37
6
4
6
68
6
17
6
59
3
95
4
57
4
15
4
43
7
36
3
17
7
29
4
68
5
88
7
96
5
49
5
3
4
19
3
35
5
69
4
79
6
89
3
39
5
3
3
24
5
95
5
29
0
80
3
23
7
57
4
96
4
88
3
96
7
66
3
79
4
4
4
99
5
46
5
85
5
19
5
19
6
9
3
65
5
67
5
6
6
94
3
46
3
19
7
25
3
77
5
9
7
69
3
93
7
65
4
55
3
44
1
48
4
55
3
59
6
35
6
9
6
33
3
65
5
18
7
49
6
49
4
46
5
56
5
89
3
54
4
69
6
85
6
78
6
99
4
76
6
39
2
88
6
48
7
19
