13
25
9
99
9
44
9
99
9
31
9
51
9
99
9
40
9
73
12
84
9
32
9
72
9
74
11
23
14
56
9
74
9
74
9
99
13
25
9
99
9
32
9
62
10
52
9
60
9
74
9
31
13
25
9
44
9
76
9
33
0
10
9
13
9
73
9
64
9
13
9
93
9
74
9
62
13
85
9
99
9
21
9
13
9
99
9
34
9
99
9
80
9
73
9
74
9
90
9
64
10
22
11
53
9
64
11
83
9
12
10
52
10
82
9
61
9
12
9
80
9
64
11
23
8
5
9
34
10
82
9
13
9
14
9
99
9
73
9
81
9
99
9
94
12
54
9
32
10
22
11
53
9
13
9
61
9
34
9
63
9
33
9
62
9
43
9
63
9
91
9
12
10
52
11
83
9
99
11
23
9
62
9
14
9
42
12
84
9
92
10
82
9
74
9
43
13
55
9
20
9
91
9
74
9
69
11
23
9
34
9
99
9
62
9
93
9
63
9
14
9
13
9
72
9
62
9
14
9
99
9
99
13
85
9
99
9
93
9
92
9
61
9
91
9
50
9
42
9
42
10
52
9
74
10
82
9
74
9
62
9
99
9
32
9
63
9
74
9
11
9
90
9
99
13
55
9
11
13
25
9
43
13
55
9
12
9
99
9
42
14
86
9
13
9
74
14
56
9
60
9
74
9
99
9
61
9
74
9
74
12
24
9
92
11
53
9
42
9
43
10
82
9
43
9
11
9
33
9
62
9
32
12
54
14
56
9
32
9
64
9
62
13
55
9
91
0
50
9
71
9
90
9
64
9
90
10
82
9
99
10
81
9
99
9
94
9
12
9
41
9
33
9
90
11
53
9
99
10
52
10
82
9
81
9
12
9
61
9
13
10
52
9
44
10
82
9
10
9
11
9
94
9
93
9
51
9
92
9
90
9
14
9
33
9
99
9
12
9
60
9
44
9
42
9
71
12
84
9
94
12
54
9
97
9
91
13
85
9
21
10
22
9
44
9
81
10
22
9
33
9
32
9
99
0
70
10
22
9
99
9
70
9
51
10
22
9
72
12
24
9
33
10
82
9
40
9
91
11
23
9
90
9
72
9
14
9
73
9
92
11
23
9
94
9
70
9
99
9
99
9
64
9
12
9
44
9
99
9
12
10
52
9
72
9
34
9
64
9
44
9
14
9
32
9
10
9
99
11
53
12
24
9
14
9
42
9
94
9
73
10
22
9
62
9
64
12
24
10
82
9
44
9
10
11
53
13
85
9
42
9
43
9
14
0
10
9
33
12
24
9
99
9
94
10
52
9
62
9
33
9
70
9
78
10
52
9
99
9
90
9
10
9
99
9
71
9
11
9
12
9
43
12
84
12
54
9
14
9
92
12
54
9
81
11
83
11
53
9
33
9
74
9
32
9
94
9
99
12
54
12
84
9
63
9
99
9
74
12
54
9
90
9
63
14
56
9
14
9
34
9
62
9
14
13
25
9
12
11
23
9
32
9
43
10
52
9
72
9
64
9
14
9
68
9
74
9
99
9
74
9
34
9
13
9
72
12
84
10
52
13
25
10
52
9
92
9
72
11
23
9
30
9
14
13
25
9
41
9
12
13
25
9
32
9
63
9
31
12
54
11
23
13
85
2
99
9
44
9
73
11
83
9
92
9
99
11
83
9
81
9
12
9
94
9
94
11
83
10
22
9
51
9
21
9
74
9
61
11
83
9
93
9
32
11
83
9
80
9
13
9
14
14
86
9
94
9
44
9
27
9
99
1
59
9
44
12
24
9
64
9
61
9
63
9
31
13
55
9
44
9
99
9
13
9
72
9
99
9
90
9
64
10
22
9
12
9
72
9
14
10
82
9
14
9
43
9
99
9
90
11
23
9
62
9
42
9
74
9
68
9
64
9
33
1
9
9
31
10
52
9
72
9
12
9
42
9
44
9
14
9
80
9
42
12
54
9
64
9
64
9
43
9
99
11
23
9
51
9
61
9
99
3
89
9
51
9
99
9
41
9
70
9
94
9
99
9
63
9
50
9
80
9
40
8
95
13
85
9
44
9
94
0
0
10
52
9
12
9
44
9
14
9
94
9
61
10
82
9
31
9
44
9
60
9
94
9
42
12
84
9
42
9
43
9
93
9
41
9
31
9
74
11
23
9
92
9
64
9
74
9
43
9
43
10
52
9
72
9
74
9
10
9
99
9
14
9
74
9
13
9
73
9
14
9
64
0
90
9
93
9
43
9
63
9
81
9
81
9
93
12
24
9
91
9
62
9
12
9
99
9
92
0
0
9
92
9
10
9
99
9
71
14
26
11
83
11
53
9
31
9
62
9
92
12
84
9
92
9
3
9
99
12
84
9
94
1
49
9
61
3
79
12
54
9
99
12
24
9
99
9
94
9
94
3
59
9
99
9
44
2
19
9
62
9
42
11
83
9
20
9
34
9
21
9
13
9
71
11
23
9
99
9
13
9
62
9
99
9
13
13
25
9
44
3
9
12
54
11
23
9
70
9
93
0
80
9
62
13
25
9
32
9
73
12
24
10
52
9
13
12
54
9
62
9
99
9
63
9
34
0
60
13
55
9
21
9
62
9
32
9
43
9
99
9
71
9
13
11
83
12
24
9
72
9
63
9
93
14
22
9
64
11
83
9
81
0
89
9
41
11
23
9
34
9
62
9
33
9
1
12
24
11
53
9
92
9
92
10
82
9
94
1
49
9
43
11
53
9
12
9
40
9
64
9
34
0
70
9
64
9
71
9
99
9
71
13
55
9
64
11
83
0
90
1
19
9
64
10
82
9
58
9
11
9
32
9
99
9
51
9
61
9
64
9
62
1
39
9
31
13
55
9
74
9
62
9
74
9
51
9
50
3
39
11
23
4
14
9
43
9
92
9
51
9
43
9
81
0
80
9
99
9
94
9
64
9
12
9
74
9
99
9
64
9
12
9
14
9
93
9
99
9
14
9
64
9
92
9
41
13
55
13
25
9
99
9
64
9
33
10
52
9
12
9
64
9
12
13
25
9
62
9
31
9
63
13
85
9
90
13
85
9
99
11
23
10
82
9
12
9
94
9
13
12
24
9
33
9
41
9
71
9
33
9
63
9
13
9
62
9
99
9
41
0
50
9
64
9
74
9
13
9
32
9
60
9
99
10
52
11
83
10
82
9
64
12
84
9
99
8
85
14
86
9
34
9
14
0
70
11
53
9
12
9
93
9
92
9
60
9
99
9
99
9
51
9
42
14
26
11
23
10
82
11
23
9
34
8
45
9
93
9
64
13
21
10
22
9
12
9
94
9
73
9
13
9
92
9
42
9
71
10
82
9
99
9
80
10
82
9
99
10
22
9
81
10
52
13
25
9
64
9
31
11
83
9
99
9
92
9
74
9
73
9
51
9
64
9
74
9
13
9
81
9
44
9
99
9
44
2
59
14
86
9
99
9
99
9
44
3
99
9
44
9
64
9
34
9
43
9
91
11
53
9
61
9
73
9
64
9
62
9
64
1
39
9
90
12
84
9
71
9
90
12
54
9
42
13
55
12
54
9
98
12
24
9
42
9
44
9
44
12
54
9
30
13
85
0
80
9
99
1
19
9
72
9
60
10
52
10
22
9
43
9
41
9
44
13
55
9
40
9
50
3
99
10
22
9
81
9
41
9
64
9
44
9
74
11
23
13
85
9
32
9
12
9
62
9
13
9
13
1
79
10
52
9
40
9
92
9
91
9
13
9
73
9
50
10
52
10
22
9
44
9
74
9
62
9
42
12
84
9
60
12
84
11
82
9
92
9
33
12
24
9
64
9
99
12
24
10
22
9
13
9
74
9
73
9
51
9
31
14
56
2
79
9
34
11
53
9
94
9
93
9
99
9
99
9
70
9
21
10
22
10
52
11
23
11
23
10
22
9
12
9
20
9
13
9
81
9
64
9
71
9
44
12
24
3
59
9
44
9
14
9
71
9
44
12
24
9
42
9
14
11
23
9
44
10
82
0
0
10
22
9
42
9
72
9
91
9
99
9
14
10
52
9
70
9
99
9
12
0
30
9
51
11
53
9
34
9
51
0
50
9
21
9
63
9
99
9
74
9
63
8
75
9
21
9
44
9
12
9
31
9
99
8
5
14
86
9
62
13
25
11
83
9
99
9
61
9
40
9
44
9
11
9
74
12
24
9
64
8
95
9
63
10
22
9
50
9
43
10
22
9
34
9
73
9
94
9
99
12
54
9
3
11
23
9
42
9
74
4
79
9
94
9
42
9
10
9
31
9
99
9
34
0
80
9
30
9
64
9
99
9
93
9
99
9
73
10
82
9
4
9
99
11
53
9
92
12
24
12
24
9
14
8
65
9
74
9
13
9
99
10
52
10
22
9
32
9
77
9
14
9
74
9
99
9
72
9
62
9
51
1
49
9
62
9
62
9
42
9
14
9
40
9
72
12
24
14
56
13
55
11
53
9
63
9
94
9
61
9
73
9
92
9
78
9
99
11
83
9
44
2
89
13
55
14
26
