7
48
9
79
9
11
8
7
8
89
9
81
6
66
9
99
7
48
8
70
9
28
6
29
9
88
8
10
7
29
9
38
8
8
9
99
8
20
9
48
7
39
8
50
7
79
8
80
8
80
6
89
7
87
6
29
9
17
7
89
0
20
6
68
0
90
9
51
6
99
8
30
8
38
9
57
7
99
6
49
8
30
6
98
8
10
8
97
8
99
8
80
6
69
9
99
9
12
9
7
6
18
6
22
6
69
9
51
9
11
9
77
9
67
8
20
9
61
6
48
8
26
9
99
6
6
9
31
8
40
7
69
6
7
8
20
8
18
9
71
8
30
6
66
8
16
8
20
8
70
6
19
8
38
8
10
9
8
6
18
9
68
7
79
9
90
7
69
9
99
9
59
9
60
8
80
9
41
10
22
8
76
6
59
8
29
9
38
7
28
7
96
9
98
7
19
0
90
7
69
9
79
8
8
7
59
9
38
6
79
8
60
8
80
6
79
8
20
9
9
7
89
9
38
0
30
8
40
7
19
6
91
8
80
7
59
9
61
9
31
7
59
9
99
9
21
6
99
9
57
8
50
8
36
10
52
6
59
6
6
6
59
6
69
7
79
7
16
8
28
8
47
5
84
7
97
6
39
8
47
7
19
8
99
9
98
6
79
6
89
0
70
9
99
9
10
8
40
9
77
9
47
8
97
8
40
7
27
6
82
8
59
9
89
8
68
9
27
6
79
8
70
10
52
9
30
8
60
9
60
6
69
7
79
9
88
7
7
9
58
9
21
7
19
7
34
8
60
6
99
6
46
8
99
7
29
8
90
9
21
7
9
7
6
7
9
8
50
9
99
6
39
8
79
7
46
6
19
8
40
9
21
6
16
10
82
7
66
7
56
9
92
9
57
8
98
8
50
9
91
6
19
0
80
9
32
6
69
8
30
7
97
7
99
8
10
9
99
9
39
6
49
7
27
7
79
8
50
9
42
7
39
9
99
10
82
8
80
9
21
9
19
9
81
8
60
9
59
6
11
8
6
9
62
7
19
9
18
9
17
7
47
9
69
7
39
9
81
9
30
8
10
9
62
6
49
8
70
9
99
9
99
6
46
9
41
9
19
10
52
9
77
8
30
6
89
6
19
9
36
2
59
9
87
8
7
7
79
8
96
6
29
8
40
6
79
9
87
6
9
6
9
9
52
6
69
6
29
10
52
0
63
9
20
6
59
9
91
9
91
10
52
0
70
9
92
9
51
6
77
9
8
7
49
7
18
9
13
6
46
9
32
8
20
6
57
9
29
9
60
8
16
0
29
7
27
9
89
7
39
7
89
10
52
8
70
7
39
10
22
1
73
9
93
7
59
6
89
9
31
6
69
8
98
9
99
9
51
9
97
3
6
8
11
7
9
6
56
9
31
8
69
8
70
2
68
7
69
2
83
7
79
9
21
9
91
9
12
9
51
7
4
7
56
10
22
8
10
9
61
10
82
6
79
9
11
8
29
6
66
7
86
8
66
8
16
10
52
8
20
8
99
9
89
8
26
7
99
6
19
0
90
0
20
9
1
9
18
7
97
9
99
9
11
9
71
7
91
8
67
9
69
6
68
8
16
6
99
7
59
6
26
6
69
9
61
7
79
9
8
9
96
6
79
9
99
9
27
8
30
3
39
2
32
9
81
8
96
9
38
7
19
8
6
9
62
9
81
8
28
1
96
7
61
6
59
9
99
9
51
6
79
9
40
8
69
9
31
9
42
9
17
10
22
9
99
7
7
9
42
0
4
9
68
8
80
8
20
6
29
9
71
7
59
8
36
7
9
7
7
9
69
8
80
9
79
0
49
8
38
2
79
9
77
7
99
4
89
9
51
7
29
7
89
8
99
8
38
9
81
0
40
7
88
6
69
1
39
9
61
6
69
7
99
8
99
8
14
9
81
7
22
4
46
9
32
6
69
1
66
9
40
7
89
9
19
8
40
9
42
9
91
3
28
1
99
9
77
7
99
9
12
9
57
6
29
6
78
8
35
8
20
8
50
7
69
9
18
8
26
9
11
8
88
9
20
7
59
9
80
9
42
6
99
6
9
7
19
6
46
6
89
9
91
0
90
7
99
10
52
8
80
8
4
9
28
9
42
8
90
8
4
7
59
8
40
7
19
9
17
9
92
6
49
8
96
6
69
0
31
8
50
1
90
2
84
7
64
8
67
2
10
9
49
7
79
9
87
8
96
7
99
7
29
0
59
9
21
9
99
9
39
3
50
9
68
6
96
9
78
7
39
6
39
9
92
9
29
9
51
9
99
7
99
6
39
6
58
9
41
9
14
7
37
1
48
9
27
3
77
7
9
9
58
6
29
9
21
9
80
6
59
9
81
9
17
8
99
7
77
4
56
2
89
8
20
8
30
8
70
7
99
9
31
9
99
9
81
1
79
9
17
7
29
7
79
9
21
9
17
7
19
1
78
9
92
9
37
6
39
9
10
6
49
2
57
8
96
8
10
9
58
9
81
1
31
9
62
3
19
7
7
9
37
1
44
9
71
6
59
9
57
7
9
0
10
9
23
3
89
9
77
6
39
7
17
7
59
7
29
7
29
7
8
8
50
10
82
6
49
9
30
9
11
7
79
8
87
5
74
9
99
1
8
2
91
9
11
2
4
9
12
7
19
8
6
7
71
7
31
8
10
8
56
9
89
9
72
8
56
9
72
6
19
3
39
7
78
9
39
7
59
0
40
8
37
6
39
1
89
7
39
7
27
8
40
6
89
9
19
8
30
6
96
8
99
6
26
4
42
6
59
9
91
9
98
8
24
9
39
9
19
9
71
6
99
7
46
6
17
9
48
8
90
1
17
7
59
9
99
6
89
9
39
9
31
7
9
9
20
8
87
6
88
8
56
7
56
8
17
6
84
8
90
8
6
2
29
10
82
0
30
8
57
9
7
9
38
9
81
7
49
9
41
4
93
0
90
7
49
9
51
2
69
7
99
8
98
6
79
2
24
9
31
6
89
0
53
9
99
7
29
8
50
8
30
9
8
2
99
6
89
6
69
7
79
3
99
7
89
7
19
9
39
9
12
3
99
8
28
10
52
9
31
8
69
6
19
8
26
8
30
3
80
2
81
8
37
7
59
9
98
9
21
2
56
8
19
3
9
4
39
7
99
9
61
9
41
9
87
8
40
9
62
9
37
2
9
9
17
9
20
9
12
8
29
8
31
6
69
7
19
3
69
0
92
6
99
9
17
9
31
7
49
6
6
9
32
9
21
8
90
8
19
6
37
9
92
6
89
6
19
10
82
8
90
7
87
8
47
1
65
8
59
8
69
7
88
1
99
9
87
8
68
8
90
7
98
9
21
1
11
6
58
7
69
8
50
1
8
8
36
8
90
6
27
9
98
9
51
6
86
9
12
1
39
8
99
8
78
8
96
8
20
0
29
6
97
0
50
9
3
8
29
9
77
9
81
9
64
6
49
9
72
1
49
9
78
9
47
6
79
9
49
6
19
9
71
9
29
7
19
1
38
9
79
9
11
3
14
9
21
9
19
9
57
6
29
2
7
8
30
8
78
9
20
9
98
8
9
6
76
9
41
6
76
8
29
9
67
10
82
9
71
9
30
6
9
6
48
7
49
6
89
7
39
9
59
7
89
8
19
3
96
7
77
9
50
8
59
9
59
9
99
6
19
10
82
6
89
8
89
9
37
9
9
6
19
1
19
8
29
8
70
9
12
4
19
8
57
7
48
7
36
2
29
8
60
7
71
3
59
9
11
0
80
6
58
7
19
6
28
6
47
8
70
6
8
6
87
6
89
8
77
9
21
9
41
6
76
9
49
6
76
6
49
9
89
9
12
7
29
9
8
1
73
7
99
6
99
9
31
9
81
7
27
6
49
8
40
2
9
7
28
9
92
7
69
9
42
9
50
9
90
7
99
7
61
6
9
9
66
8
80
1
9
6
93
8
28
6
86
4
52
8
70
9
51
9
61
8
40
0
89
8
85
8
99
9
73
9
7
9
99
9
29
7
49
9
59
8
96
8
80
6
56
3
62
7
6
9
92
8
27
9
39
9
68
1
12
9
49
6
69
9
11
2
98
8
30
9
57
9
69
8
99
9
63
9
21
4
89
9
51
6
76
7
9
9
59
8
0
9
67
9
33
3
99
9
74
8
75
8
69
8
55
9
91
8
70
3
19
0
40
9
34
6
96
6
94
9
31
7
49
8
20
8
31
9
32
9
99
6
19
8
40
1
61
6
99
6
89
6
69
0
60
9
77
9
50
9
48
8
80
6
67
7
69
3
65
3
30
7
29
8
30
9
87
8
99
9
42
9
18
6
89
1
1
3
1
7
29
7
59
7
99
8
60
9
92
9
98
6
16
9
71
9
51
6
49
8
46
6
13
9
77
6
47
8
7
9
21
9
40
3
77
7
77
9
72
9
9
8
40
0
30
8
68
6
47
9
31
3
17
9
9
9
40
8
10
6
99
9
51
8
60
6
8
1
38
0
13
7
86
6
29
9
29
9
11
