11
53
9
76
9
14
9
12
9
94
14
86
9
71
9
99
11
53
9
74
9
33
9
33
9
93
9
14
9
34
9
43
9
13
9
99
13
25
11
53
9
44
13
55
12
84
13
85
13
85
9
93
9
92
9
33
10
22
9
94
0
20
9
73
0
90
14
56
9
99
9
34
9
38
9
62
9
99
11
53
9
34
9
99
9
14
9
99
9
99
13
85
9
73
9
99
9
14
9
12
11
23
11
22
9
73
14
56
9
14
10
82
9
72
13
25
9
64
11
53
9
31
9
99
9
11
9
34
9
44
9
74
9
12
13
25
11
23
9
74
9
34
9
71
9
21
13
25
9
74
11
23
9
43
9
14
9
13
11
23
9
73
12
84
9
94
9
74
9
99
9
56
9
64
13
85
9
44
15
27
9
81
9
63
9
34
9
43
9
33
9
99
9
99
12
24
0
90
9
74
12
84
9
13
9
64
9
43
11
83
9
64
13
85
11
83
13
25
9
14
9
94
9
43
0
30
9
44
12
24
9
91
13
85
9
64
9
64
9
34
9
64
9
99
14
26
9
99
9
62
13
55
9
41
15
57
9
63
9
11
9
63
9
73
12
84
9
21
9
28
10
52
9
79
9
99
9
43
10
52
12
24
9
99
9
99
11
83
9
93
0
70
9
99
9
14
9
44
10
82
10
52
9
99
9
44
9
32
11
82
9
64
9
94
9
73
9
32
11
83
9
74
15
52
9
34
9
64
9
64
9
73
12
84
9
93
9
12
9
63
14
26
12
24
9
33
9
64
9
99
9
51
9
99
9
34
9
94
14
26
9
14
9
11
9
14
13
55
9
99
9
43
12
84
9
51
11
23
9
44
14
26
9
21
15
87
9
71
9
61
9
94
9
62
9
99
13
55
9
94
11
23
0
80
9
34
9
73
9
34
9
99
9
99
9
14
9
99
9
44
11
53
9
32
12
84
13
55
9
44
9
44
9
99
15
87
13
85
14
26
9
19
14
86
9
64
9
64
9
11
9
11
9
64
12
24
11
23
10
22
9
47
9
74
9
44
14
86
9
34
9
14
9
64
11
53
9
74
9
99
9
99
9
51
9
44
12
24
15
57
10
82
9
34
9
93
11
23
9
36
2
59
9
92
9
12
12
84
9
99
9
33
9
44
11
83
9
92
9
13
9
13
14
51
9
73
9
33
15
52
0
63
13
25
9
63
9
94
9
94
15
57
0
70
9
94
14
56
10
82
9
8
12
54
11
23
9
13
9
51
9
34
13
25
9
62
9
34
9
64
9
21
0
29
9
32
9
94
9
44
9
94
15
57
9
74
9
44
15
27
1
73
9
93
9
64
9
93
9
34
9
73
9
99
9
99
14
56
9
99
3
9
9
11
9
14
9
61
9
34
9
74
9
74
2
68
9
74
2
83
12
84
14
26
9
94
9
14
14
56
9
3
9
61
15
27
9
14
9
61
15
87
11
83
9
14
9
34
9
71
9
91
9
71
9
21
15
57
13
25
9
99
9
94
9
31
9
99
11
23
0
90
0
20
9
1
11
23
9
99
9
99
9
14
9
74
9
86
9
72
9
74
9
73
9
21
9
99
9
64
9
31
9
73
9
64
12
84
9
13
9
96
11
83
9
99
9
32
9
34
3
39
2
32
14
86
9
99
9
43
12
24
9
11
9
64
14
86
9
33
1
96
9
56
9
63
9
99
14
56
11
83
9
44
9
74
9
34
9
44
10
22
15
27
9
99
9
12
9
44
0
4
9
68
13
85
13
25
9
33
9
74
9
64
9
41
9
14
9
12
9
74
13
85
12
84
0
49
9
43
2
79
10
82
9
99
4
89
14
56
9
34
9
94
9
99
9
43
14
86
0
40
9
88
9
73
1
39
9
64
9
73
9
99
9
99
9
14
14
86
12
22
4
49
9
34
9
73
1
66
9
44
9
94
12
24
9
44
9
44
9
94
3
29
1
99
10
82
9
99
9
14
9
62
9
33
11
83
8
35
13
25
13
55
9
74
11
23
9
31
9
14
9
93
13
25
9
64
13
85
9
44
9
99
9
13
12
24
9
51
9
93
9
94
0
90
9
99
15
57
13
85
9
4
9
28
9
44
9
94
9
0
9
64
9
44
12
24
10
22
9
94
11
53
9
99
9
73
0
31
13
55
1
90
2
84
9
64
9
72
2
10
12
54
12
84
9
92
9
99
9
99
9
34
0
59
14
26
9
99
9
44
3
50
9
73
9
99
11
83
9
44
9
43
9
94
9
34
14
56
9
99
9
99
9
43
9
63
9
44
9
14
9
42
1
49
9
27
3
79
9
14
9
63
9
33
14
26
13
85
9
63
14
86
10
22
9
99
9
77
4
59
2
89
13
25
9
34
9
74
9
99
9
34
9
99
14
86
1
79
10
22
9
34
12
84
14
26
10
22
12
24
1
79
9
94
9
42
9
43
9
14
11
53
2
59
9
99
9
14
9
63
14
86
1
31
9
64
3
19
9
12
9
42
1
44
9
74
9
63
9
62
9
14
0
10
14
22
3
89
10
82
9
43
10
22
9
64
9
34
9
34
9
8
13
55
15
87
11
53
9
34
9
14
12
84
9
92
5
74
9
99
1
9
2
91
9
14
2
4
9
14
12
24
9
11
9
66
9
26
9
14
9
61
9
94
9
74
9
61
9
74
11
23
3
39
9
78
9
44
9
64
0
40
9
42
9
43
1
89
9
44
9
32
9
44
9
93
12
24
9
34
9
99
9
99
9
31
4
42
9
63
9
94
9
99
9
24
9
44
12
24
9
71
9
99
9
46
10
22
11
53
9
86
1
17
9
64
9
99
9
93
9
44
9
34
9
14
13
25
9
92
9
93
9
61
9
61
10
22
11
82
9
94
9
11
2
29
15
87
0
30
9
62
9
7
9
43
14
86
12
54
9
44
4
93
0
90
12
54
14
56
2
69
9
99
9
98
11
83
2
24
9
34
9
93
0
53
9
99
9
34
13
55
9
34
9
13
2
99
9
93
9
73
12
84
3
99
9
94
12
24
9
39
9
14
3
99
9
28
15
57
9
31
9
74
11
23
9
31
9
34
3
80
2
81
9
42
9
64
9
99
14
26
2
59
12
24
3
9
4
39
9
99
9
64
9
44
9
92
9
44
9
64
9
42
2
9
9
17
13
25
9
14
9
34
9
31
9
73
12
24
3
69
0
92
9
99
10
22
9
34
12
54
9
11
9
34
14
26
9
94
12
24
9
42
9
94
9
89
11
23
15
87
9
94
9
92
10
52
1
65
9
64
9
74
9
93
1
99
9
87
9
73
9
94
9
99
14
26
1
11
9
63
9
74
9
46
1
9
9
41
9
94
9
32
9
99
14
56
9
91
9
14
1
39
9
99
11
83
9
99
13
25
0
29
9
99
0
50
9
3
9
34
10
82
14
86
9
64
11
53
9
74
1
49
11
83
10
52
11
83
12
54
11
23
9
74
9
34
12
24
1
38
12
84
9
14
3
14
14
26
12
24
9
62
9
33
2
7
9
34
9
78
13
25
9
99
9
14
9
81
9
44
9
81
9
34
9
72
15
87
9
74
9
34
9
13
11
53
12
54
9
93
9
44
9
64
9
94
12
24
3
96
10
82
13
55
9
64
9
64
9
99
11
23
15
87
9
93
9
94
9
42
9
14
11
23
1
19
9
34
9
74
9
14
4
19
9
62
9
48
9
41
2
29
9
64
9
66
3
59
9
14
0
80
9
63
12
24
9
28
10
52
9
74
9
8
9
92
9
93
10
82
14
26
9
44
9
81
12
54
9
81
11
53
9
94
9
14
9
34
9
13
1
73
9
99
9
99
9
34
14
86
9
32
11
53
9
44
2
9
9
33
9
94
9
74
9
44
13
55
9
94
9
99
9
56
9
13
9
66
13
85
1
9
9
93
9
33
9
91
4
51
9
74
14
56
9
64
9
44
0
89
8
85
9
99
9
73
9
12
9
99
9
34
12
54
9
64
9
99
13
85
9
56
3
62
9
11
9
94
9
32
9
39
9
73
1
12
9
49
9
73
9
14
2
99
9
34
9
62
9
74
9
99
9
63
14
26
4
89
14
56
9
81
9
14
9
64
9
0
9
72
9
33
3
99
9
74
8
75
9
69
8
55
9
94
9
74
3
19
0
40
9
34
9
99
9
94
9
34
12
54
13
25
9
31
9
34
9
99
11
23
9
44
1
61
9
99
9
93
9
73
0
60
10
82
13
55
11
53
13
85
9
72
9
74
3
65
3
30
9
34
9
34
9
92
9
99
9
44
11
23
9
93
1
1
3
1
9
34
9
64
9
99
9
64
9
94
9
99
9
21
9
74
14
56
11
53
9
51
9
13
10
82
10
52
9
12
14
26
9
44
3
79
10
82
9
74
9
14
9
44
0
30
9
68
10
52
9
34
3
19
9
9
9
44
9
14
9
99
14
56
9
64
9
13
1
39
0
13
9
91
9
33
9
34
9
14
