12
54
9
76
9
14
9
13
9
94
15
87
9
72
9
99
12
54
9
74
9
34
9
34
9
94
9
14
9
34
9
44
9
14
9
99
14
26
12
54
9
44
14
56
13
85
14
86
14
86
9
94
9
93
9
34
11
23
9
94
0
20
9
74
0
90
15
57
9
99
9
34
9
38
9
63
9
99
12
54
9
34
9
99
9
14
9
99
9
99
14
86
9
74
9
99
9
14
9
13
12
24
12
22
9
74
15
57
9
14
11
83
9
73
14
26
9
64
12
54
9
32
9
99
9
12
9
34
9
44
9
74
9
13
14
26
12
24
9
74
9
34
9
72
10
22
14
26
9
74
12
24
9
44
9
14
9
14
12
24
9
74
13
85
9
94
9
74
9
99
9
56
9
64
14
86
9
44
16
28
10
82
9
64
9
34
9
44
9
34
9
99
9
99
13
25
0
90
9
74
13
85
9
14
9
64
9
44
12
84
9
64
14
86
12
84
14
26
9
14
9
94
9
44
0
30
9
44
13
25
9
91
14
86
9
64
9
64
9
34
9
64
9
99
15
27
9
99
9
63
14
56
9
42
16
58
9
64
9
12
9
64
9
74
13
85
10
22
9
28
11
53
9
78
9
99
9
44
11
53
13
25
9
99
9
99
12
84
9
94
0
70
9
99
9
14
9
44
11
83
11
53
9
99
9
44
9
33
12
82
9
64
9
94
9
74
9
33
12
84
9
74
16
52
9
34
9
64
9
64
9
74
13
85
9
94
9
13
9
64
15
27
13
25
9
33
9
64
9
99
10
52
9
99
9
34
9
94
15
27
9
14
9
12
9
14
14
56
9
99
9
44
13
85
10
52
12
24
9
44
15
27
10
22
16
88
9
72
9
62
9
94
9
63
9
99
14
56
9
94
12
24
0
80
9
34
9
74
9
34
9
99
9
99
9
14
9
99
9
44
12
54
9
33
13
85
14
56
9
44
9
44
9
99
16
88
14
86
15
27
9
19
15
87
9
64
9
64
9
11
9
12
9
64
13
25
12
24
11
23
9
47
9
74
9
44
15
87
9
34
9
14
9
64
12
54
9
74
9
99
9
99
10
52
9
44
13
25
16
58
11
83
9
34
9
94
12
24
9
36
2
59
9
93
9
13
13
85
9
99
9
34
9
44
12
84
9
93
9
14
9
14
15
51
9
74
9
34
16
52
0
63
14
26
9
64
9
94
9
94
16
58
0
70
9
94
15
57
11
83
9
8
13
55
12
24
9
13
10
52
9
34
14
26
9
63
9
34
9
64
10
22
0
29
9
33
9
94
9
44
9
94
16
58
9
74
9
44
16
28
1
73
9
93
9
64
9
94
9
34
9
74
9
99
9
99
15
57
9
99
3
9
9
11
9
14
9
62
9
34
9
74
9
74
2
68
9
74
2
83
13
85
15
27
9
94
9
14
15
57
9
3
9
62
16
28
9
14
9
61
16
88
12
84
9
14
9
34
9
72
9
92
9
72
10
22
16
58
14
26
9
99
9
94
9
32
9
99
12
24
0
90
0
20
9
1
12
24
9
99
9
99
9
14
9
74
9
86
9
73
9
74
9
74
10
22
9
99
9
64
9
32
9
74
9
64
13
85
9
14
9
96
12
84
9
99
9
33
9
34
3
39
2
32
15
87
9
99
9
44
13
25
9
12
9
64
15
87
9
34
1
96
9
56
9
64
9
99
15
57
12
84
9
44
9
74
9
34
9
44
11
23
16
28
9
99
9
13
9
44
0
4
9
68
14
86
14
26
9
34
9
74
9
64
9
42
9
14
9
13
9
74
14
86
13
85
0
49
9
44
2
79
11
83
9
99
4
89
15
57
9
34
9
94
9
99
9
44
15
87
0
40
9
88
9
74
1
39
9
64
9
74
9
99
9
99
9
14
15
87
13
22
4
49
9
34
9
74
1
66
9
44
9
94
13
25
9
44
9
44
9
94
3
29
1
99
11
83
9
99
9
14
9
63
9
34
12
84
8
35
14
26
14
56
9
74
12
24
9
32
9
14
9
94
14
26
9
64
14
86
9
44
9
99
9
14
13
25
10
52
9
94
9
94
0
90
9
99
16
58
14
86
9
4
9
28
9
44
9
94
9
0
9
64
9
44
13
25
11
23
9
94
12
54
9
99
9
74
0
31
14
56
1
90
2
84
9
64
9
73
2
10
13
55
13
85
9
93
9
99
9
99
9
34
0
59
15
27
9
99
9
44
3
50
9
74
9
99
12
84
9
44
9
44
9
94
9
34
15
57
9
99
9
99
9
44
9
64
9
44
9
14
9
43
1
49
9
27
3
79
9
14
9
64
9
34
15
27
14
86
9
64
15
87
11
23
9
99
9
77
4
59
2
89
14
26
9
34
9
74
9
99
9
34
9
99
15
87
1
79
11
23
9
34
13
85
15
27
11
23
13
25
1
79
9
94
9
43
9
44
9
14
12
54
2
59
9
99
9
14
9
64
15
87
1
31
9
64
3
19
9
13
9
43
1
44
9
74
9
64
9
63
9
14
0
10
15
22
3
89
11
83
9
44
11
23
9
64
9
34
9
34
9
8
14
56
16
88
12
54
9
34
9
14
13
85
9
93
5
74
9
99
1
9
2
91
9
14
2
4
9
14
13
25
9
12
9
66
9
26
9
14
9
62
9
94
9
74
9
62
9
74
12
24
3
39
9
78
9
44
9
64
0
40
9
43
9
44
1
89
9
44
9
33
9
44
9
94
13
25
9
34
9
99
9
99
9
32
4
42
9
64
9
94
9
99
9
24
9
44
13
25
9
71
9
99
9
46
11
23
12
54
9
86
1
17
9
64
9
99
9
94
9
44
9
34
9
14
14
26
9
93
9
94
9
62
9
62
11
23
12
82
9
94
9
12
2
29
16
88
0
30
9
63
9
7
9
44
15
87
13
55
9
44
4
93
0
90
13
55
15
57
2
69
9
99
9
98
12
84
2
24
9
34
9
94
0
53
9
99
9
34
14
56
9
34
9
14
2
99
9
94
9
74
13
85
3
99
9
94
13
25
9
39
9
14
3
99
9
28
16
58
9
31
9
74
12
24
9
32
9
34
3
80
2
81
9
43
9
64
9
99
15
27
2
59
13
25
3
9
4
39
9
99
9
64
9
44
9
93
9
44
9
64
9
43
2
9
9
17
14
26
9
14
9
34
9
31
9
74
13
25
3
69
0
92
9
99
11
23
9
34
13
55
9
12
9
34
15
27
9
94
13
25
9
43
9
94
9
89
12
24
16
88
9
94
9
93
11
53
1
65
9
64
9
74
9
94
1
99
9
87
9
74
9
94
9
99
15
27
1
11
9
64
9
74
9
46
1
9
9
42
9
94
9
33
9
99
15
57
9
92
9
14
1
39
9
99
12
84
9
99
14
26
0
29
9
99
0
50
9
3
9
34
11
83
15
87
9
64
12
54
9
74
1
49
12
84
11
53
12
84
13
55
12
24
9
74
9
34
13
25
1
38
13
85
9
14
3
14
15
27
13
25
9
63
9
34
2
7
9
34
9
78
14
26
9
99
9
14
10
82
9
44
10
82
9
34
9
73
16
88
9
74
9
34
9
14
12
54
13
55
9
94
9
44
9
64
9
94
13
25
3
96
11
83
14
56
9
64
9
64
9
99
12
24
16
88
9
94
9
94
9
43
9
14
12
24
1
19
9
34
9
74
9
14
4
19
9
63
9
48
9
42
2
29
9
64
9
66
3
59
9
14
0
80
9
64
13
25
9
28
11
53
9
74
9
8
9
93
9
94
11
83
15
27
9
44
10
82
13
55
10
82
12
54
9
94
9
14
9
34
9
14
1
73
9
99
9
99
9
34
15
87
9
33
12
54
9
44
2
9
9
34
9
94
9
74
9
44
14
56
9
94
9
99
9
56
9
14
9
66
14
86
1
9
9
93
9
34
9
92
4
51
9
74
15
57
9
64
9
44
0
89
8
85
9
99
9
73
9
13
9
99
9
34
13
55
9
64
9
99
14
86
9
56
3
62
9
12
9
94
9
33
9
39
9
74
1
12
9
49
9
74
9
14
2
99
9
34
9
63
9
74
9
99
9
63
15
27
4
89
15
57
10
82
9
14
9
64
9
0
9
73
9
33
3
99
9
74
8
75
9
69
8
55
9
94
9
74
3
19
0
40
9
34
9
99
9
94
9
34
13
55
14
26
9
31
9
34
9
99
12
24
9
44
1
61
9
99
9
94
9
74
0
60
11
83
14
56
12
54
14
86
9
73
9
74
3
65
3
30
9
34
9
34
9
93
9
99
9
44
12
24
9
94
1
1
3
1
9
34
9
64
9
99
9
64
9
94
9
99
10
22
9
74
15
57
12
54
10
52
9
13
11
83
11
53
9
13
15
27
9
44
3
79
11
83
9
74
9
14
9
44
0
30
9
68
11
53
9
34
3
19
9
9
9
44
9
14
9
99
15
57
9
64
9
14
1
39
0
13
9
92
9
34
9
34
9
14
