8
49
9
78
9
12
9
8
9
90
10
82
7
67
9
99
8
49
9
71
9
29
7
29
9
89
9
11
8
30
9
39
9
9
9
99
9
21
9
49
8
40
9
51
8
80
9
81
9
81
7
89
8
88
7
29
9
18
8
90
0
20
7
69
0
90
10
52
7
99
9
31
9
38
9
58
8
99
7
49
9
31
7
99
9
11
9
98
9
99
9
81
7
69
9
99
9
13
9
8
7
19
7
22
7
69
10
52
9
12
9
78
9
68
9
21
9
62
7
49
9
27
9
99
7
7
9
32
9
41
8
70
7
8
9
21
9
19
9
72
9
31
7
67
9
17
9
21
9
71
7
19
9
39
9
11
9
9
7
19
9
69
8
80
9
91
8
70
9
99
9
58
9
61
9
81
9
42
11
23
9
77
7
59
9
30
9
39
8
29
8
97
9
99
8
20
0
90
8
70
9
80
9
9
8
60
9
39
7
79
9
61
9
81
7
79
9
21
9
10
8
90
9
39
0
30
9
41
8
20
7
91
9
81
8
60
9
62
9
32
8
60
9
99
10
22
7
99
9
58
9
51
9
37
11
53
7
59
7
7
7
59
7
69
8
80
8
17
9
28
9
48
6
83
8
98
7
39
9
48
8
20
9
99
9
99
7
79
7
89
0
70
9
99
9
11
9
41
9
78
9
48
9
98
9
41
8
28
7
82
9
60
9
90
9
69
9
28
7
79
9
71
11
52
9
31
9
61
9
61
7
69
8
80
9
89
8
8
9
59
10
22
8
20
8
34
9
61
7
99
7
47
9
99
8
30
9
91
10
22
8
10
8
7
8
10
9
51
9
99
7
39
9
80
8
47
7
19
9
41
10
22
7
17
11
83
8
67
8
57
9
93
9
58
9
99
9
51
9
92
7
19
0
80
9
33
7
69
9
31
8
98
8
99
9
11
9
99
9
40
7
49
8
28
8
80
9
51
9
43
8
40
9
99
11
83
9
81
10
22
9
19
10
82
9
61
9
60
7
11
9
7
9
63
8
20
9
19
9
18
8
47
9
70
8
40
10
82
9
31
9
11
9
63
7
49
9
71
9
99
9
99
7
47
9
42
9
20
11
53
9
78
9
31
7
89
7
19
9
36
2
59
9
88
9
8
8
80
9
97
7
29
9
41
7
79
9
88
7
9
7
9
10
51
7
69
7
29
11
52
0
63
9
21
7
59
9
92
9
92
11
53
0
70
9
93
10
52
7
78
9
8
8
50
8
19
9
13
7
47
9
33
9
21
7
58
9
30
9
61
9
17
0
29
8
28
9
90
8
40
8
90
11
53
9
71
8
40
11
23
1
73
9
93
8
60
7
89
9
32
7
69
9
99
9
99
10
52
9
98
3
7
9
11
8
10
7
57
9
32
9
70
9
71
2
68
8
70
2
83
8
80
10
22
9
92
9
13
10
52
8
4
8
57
11
23
9
11
9
61
11
83
7
79
9
12
9
30
7
67
8
87
9
67
9
17
11
53
9
21
9
99
9
90
9
27
8
99
7
19
0
90
0
20
9
1
9
19
8
98
9
99
9
12
9
72
8
90
9
68
9
70
7
69
9
17
7
99
8
60
7
27
7
69
9
62
8
80
9
9
9
96
7
79
9
99
9
28
9
31
3
39
2
32
10
82
9
97
9
39
8
20
9
7
9
63
10
82
9
29
1
96
8
60
7
59
9
99
10
52
7
79
9
41
9
70
9
32
9
43
9
18
11
23
9
99
8
8
9
43
0
4
9
68
9
81
9
21
7
29
9
72
8
60
9
37
8
10
8
8
9
70
9
81
9
80
0
49
9
39
2
79
9
78
8
99
4
89
10
52
8
30
8
90
9
99
9
39
10
82
0
40
8
88
7
69
1
39
9
62
7
69
8
99
9
99
9
14
10
82
8
22
4
47
9
33
7
69
1
66
9
41
8
90
9
20
9
41
9
43
9
92
3
29
1
99
9
78
8
99
9
13
9
58
7
29
7
79
8
35
9
21
9
51
8
70
9
19
9
27
9
12
9
89
9
21
8
60
9
81
9
43
7
99
7
9
8
20
7
47
7
89
9
92
0
90
8
99
11
53
9
81
9
4
9
28
9
43
9
91
9
3
8
60
9
41
8
20
9
18
9
93
7
49
9
97
7
69
0
31
9
51
1
90
2
84
8
64
9
68
2
10
9
50
8
80
9
88
9
97
8
99
8
30
0
59
10
22
9
99
9
40
3
50
9
69
7
97
9
79
8
40
7
39
9
93
9
30
10
52
9
99
8
99
7
39
7
59
9
42
9
14
8
38
1
49
9
27
3
78
8
10
9
59
7
29
10
22
9
81
7
59
10
82
9
18
9
99
8
77
4
57
2
89
9
21
9
31
9
71
8
99
9
32
9
99
10
82
1
79
9
18
8
30
8
80
10
22
9
18
8
20
1
79
9
93
9
38
7
39
9
11
7
49
2
58
9
97
9
11
9
59
10
82
1
31
9
63
3
19
8
8
9
38
1
44
9
72
7
59
9
58
8
10
0
10
10
22
3
89
9
78
7
39
8
18
8
60
8
30
8
30
8
8
9
51
11
83
7
49
9
31
9
12
8
80
9
88
5
74
9
99
1
9
2
91
9
12
2
4
9
13
8
20
9
7
8
70
8
30
9
11
9
57
9
90
9
73
9
57
9
73
7
19
3
39
8
78
9
40
8
60
0
40
9
38
7
39
1
89
8
40
8
28
9
41
7
89
9
20
9
31
7
97
9
99
7
27
4
42
7
59
9
92
9
99
9
24
9
40
9
20
9
71
7
99
8
46
7
18
9
49
9
89
1
17
8
60
9
99
7
89
9
40
9
32
8
10
9
21
9
88
7
89
9
57
8
57
9
18
7
84
9
91
9
7
2
29
11
83
0
30
9
58
9
7
9
39
10
82
8
50
9
42
4
93
0
90
8
50
10
52
2
69
8
99
9
98
7
79
2
24
9
32
7
89
0
53
9
99
8
30
9
51
9
31
9
9
2
99
7
89
7
69
8
80
3
99
8
90
8
20
9
39
9
13
3
99
9
28
11
53
9
31
9
70
7
19
9
27
9
31
3
80
2
81
9
38
8
60
9
99
10
22
2
57
9
20
3
9
4
39
8
99
9
62
9
42
9
88
9
41
9
63
9
38
2
9
9
17
9
21
9
13
9
30
9
31
7
69
8
20
3
69
0
92
7
99
9
18
9
32
8
50
7
7
9
33
10
22
9
91
9
20
7
38
9
93
7
89
7
19
11
83
9
91
8
88
9
48
1
65
9
60
9
70
8
89
1
99
9
87
9
69
9
91
8
99
10
22
1
11
7
59
8
70
9
49
1
9
9
37
9
91
7
28
9
99
10
52
7
87
9
13
1
39
9
99
9
79
9
97
9
21
0
29
7
98
0
50
9
3
9
30
9
78
10
82
9
64
7
49
9
73
1
49
9
79
9
48
7
79
9
50
7
19
9
72
9
30
8
20
1
38
9
80
9
12
3
14
10
22
9
20
9
58
7
29
2
7
9
31
9
78
9
21
9
99
9
10
7
77
9
42
7
77
9
30
9
68
11
83
9
72
9
31
7
9
7
49
8
50
7
89
8
40
9
60
8
90
9
20
3
96
8
78
9
51
9
60
9
60
9
99
7
19
11
83
7
89
9
90
9
38
9
10
7
19
1
19
9
30
9
71
9
13
4
19
9
58
8
48
8
37
2
29
9
61
8
70
3
59
9
12
0
80
7
59
8
20
7
28
7
48
9
71
7
8
7
88
7
89
9
78
10
22
9
42
7
77
9
50
7
77
7
49
9
90
9
13
8
30
9
9
1
73
8
99
7
99
9
32
10
82
8
28
7
49
9
41
2
9
8
29
9
93
8
70
9
43
9
51
9
91
8
99
8
60
7
9
9
66
9
81
1
9
7
93
9
29
7
87
4
51
9
71
10
52
9
62
9
41
0
89
8
85
9
99
9
73
9
8
9
99
9
30
8
50
9
60
9
97
9
81
7
56
3
62
8
7
9
93
9
28
9
39
9
69
1
12
9
49
7
69
9
12
2
99
9
31
9
58
9
70
9
99
9
63
10
22
4
89
10
52
7
77
8
10
9
60
9
0
9
68
9
33
3
99
9
74
8
75
9
69
8
55
9
92
9
71
3
19
0
40
9
34
7
97
7
94
9
32
8
50
9
21
9
31
9
33
9
99
7
19
9
41
1
61
7
99
7
89
7
69
0
60
9
78
9
51
9
49
9
81
7
68
8
70
3
65
3
30
8
30
9
31
9
88
9
99
9
43
9
19
7
89
1
1
3
1
8
30
8
60
8
99
9
61
9
93
9
99
7
17
9
72
10
52
7
49
9
47
7
13
9
78
7
48
9
8
10
22
9
41
3
78
8
78
9
73
9
10
9
41
0
30
9
68
7
48
9
32
3
18
9
9
9
41
9
11
7
99
10
52
9
61
7
9
1
39
0
13
8
87
7
29
9
30
9
12
