9
50
9
77
9
13
9
9
9
91
11
83
8
68
9
99
9
50
9
72
9
30
8
30
9
90
9
12
9
31
9
40
9
10
9
99
10
22
9
50
9
41
10
52
9
81
10
82
10
82
8
90
9
89
8
30
9
19
9
91
0
20
8
70
0
90
11
53
8
99
9
32
9
38
9
59
9
99
8
50
9
32
8
99
9
12
9
99
9
99
10
82
8
70
9
99
9
14
9
9
8
20
8
22
8
70
11
53
9
13
9
79
9
69
10
22
9
63
8
50
9
28
9
99
8
8
9
33
9
42
9
71
8
9
10
22
9
20
9
73
9
32
8
68
9
18
10
22
9
72
8
20
9
40
9
12
9
10
8
20
9
70
9
81
9
92
9
71
9
99
9
57
9
62
10
82
9
43
12
24
9
78
8
60
9
31
9
40
9
30
9
98
9
99
9
21
0
90
9
71
9
81
9
10
9
61
9
40
8
80
9
62
10
82
8
80
10
22
9
11
9
91
9
40
0
30
9
42
9
21
8
91
10
82
9
61
9
63
9
33
9
61
9
99
11
23
8
99
9
59
10
52
9
38
12
54
8
60
8
8
8
60
8
70
9
81
9
18
9
28
9
49
7
82
9
99
8
40
9
49
9
21
9
99
9
99
8
80
8
90
0
70
9
99
9
12
9
42
9
79
9
49
9
99
9
42
9
29
8
82
9
61
9
91
9
70
9
29
8
80
9
72
12
52
9
32
9
62
9
62
8
70
9
81
9
90
9
9
9
60
11
23
9
21
9
33
9
62
8
99
8
48
9
99
9
31
9
92
11
23
9
11
9
8
9
11
10
52
9
99
8
40
9
81
9
48
8
20
9
42
11
23
8
18
12
84
9
68
9
58
9
94
9
59
9
99
10
52
9
93
8
20
0
80
9
34
8
70
9
32
9
99
9
99
9
12
9
99
9
41
8
50
9
29
9
81
10
52
9
44
9
41
9
99
12
84
10
82
11
23
9
19
11
83
9
62
9
61
8
11
9
8
9
64
9
21
9
20
9
19
9
47
9
71
9
41
11
83
9
32
9
12
9
64
8
50
9
72
9
99
9
99
8
48
9
43
9
21
12
54
9
79
9
32
8
90
8
20
9
36
2
59
9
89
9
9
9
81
9
98
8
30
9
42
8
80
9
89
8
10
8
10
11
51
8
70
8
30
12
52
0
63
10
22
8
60
9
93
9
93
12
54
0
70
9
94
11
53
8
79
9
8
9
51
9
20
9
13
8
48
9
34
10
22
8
59
9
31
9
62
9
18
0
29
9
29
9
91
9
41
9
91
12
54
9
72
9
41
12
24
1
73
9
93
9
61
8
90
9
33
8
70
9
99
9
99
11
53
9
99
3
8
9
11
9
11
8
58
9
33
9
71
9
72
2
68
9
71
2
83
9
81
11
23
9
93
9
14
11
53
9
3
9
58
12
24
9
12
9
61
12
84
8
80
9
13
9
31
8
68
9
88
9
68
9
18
12
54
10
22
9
99
9
91
9
28
9
99
8
20
0
90
0
20
9
1
9
20
9
99
9
99
9
13
9
73
9
89
9
69
9
71
8
70
9
18
8
99
9
61
8
28
8
70
9
63
9
81
9
10
9
96
8
80
9
99
9
29
9
32
3
39
2
32
11
83
9
98
9
40
9
21
9
8
9
64
11
83
9
30
1
96
9
59
8
60
9
99
11
53
8
80
9
42
9
71
9
33
9
44
9
19
12
24
9
99
9
9
9
44
0
4
9
68
10
82
10
22
8
30
9
73
9
61
9
38
9
11
9
9
9
71
10
82
9
81
0
49
9
40
2
79
9
79
9
99
4
89
11
53
9
31
9
91
9
99
9
40
11
83
0
40
9
88
8
70
1
39
9
63
8
70
9
99
9
99
9
14
11
83
9
22
4
48
9
34
8
70
1
66
9
42
9
91
9
21
9
42
9
44
9
93
3
29
1
99
9
79
9
99
9
14
9
59
8
30
8
80
8
35
10
22
10
52
9
71
9
20
9
28
9
13
9
90
10
22
9
61
10
82
9
44
8
99
8
10
9
21
8
48
8
90
9
93
0
90
9
99
12
54
10
82
9
4
9
28
9
44
9
92
9
2
9
61
9
42
9
21
9
19
9
94
8
50
9
98
8
70
0
31
10
52
1
90
2
84
9
64
9
69
2
10
9
51
9
81
9
89
9
98
9
99
9
31
0
59
11
23
9
99
9
41
3
50
9
70
8
98
9
80
9
41
8
40
9
94
9
31
11
53
9
99
9
99
8
40
8
60
9
43
9
14
9
39
1
49
9
27
3
79
9
11
9
60
8
30
11
23
10
82
8
60
11
83
9
19
9
99
9
77
4
58
2
89
10
22
9
32
9
72
9
99
9
33
9
99
11
83
1
79
9
19
9
31
9
81
11
23
9
19
9
21
1
79
9
94
9
39
8
40
9
12
8
50
2
59
9
98
9
12
9
60
11
83
1
31
9
64
3
19
9
9
9
39
1
44
9
73
8
60
9
59
9
11
0
10
11
22
3
89
9
79
8
40
9
19
9
61
9
31
9
31
9
8
10
52
12
84
8
50
9
32
9
13
9
81
9
89
5
74
9
99
1
9
2
91
9
13
2
4
9
14
9
21
9
8
9
69
9
29
9
12
9
58
9
91
9
74
9
58
9
74
8
20
3
39
9
78
9
41
9
61
0
40
9
39
8
40
1
89
9
41
9
29
9
42
8
90
9
21
9
32
8
98
9
99
8
28
4
42
8
60
9
93
9
99
9
24
9
41
9
21
9
71
8
99
9
46
8
19
9
50
9
88
1
17
9
61
9
99
8
90
9
41
9
33
9
11
10
22
9
89
8
90
9
58
9
58
9
19
8
84
9
92
9
8
2
29
12
84
0
30
9
59
9
7
9
40
11
83
9
51
9
43
4
93
0
90
9
51
11
53
2
69
9
99
9
98
8
80
2
24
9
33
8
90
0
53
9
99
9
31
10
52
9
32
9
10
2
99
8
90
8
70
9
81
3
99
9
91
9
21
9
39
9
14
3
99
9
28
12
54
9
31
9
71
8
20
9
28
9
32
3
80
2
81
9
39
9
61
9
99
11
23
2
58
9
21
3
9
4
39
9
99
9
63
9
43
9
89
9
42
9
64
9
39
2
9
9
17
10
22
9
14
9
31
9
31
8
70
9
21
3
69
0
92
8
99
9
19
9
33
9
51
8
8
9
34
11
23
9
92
9
21
8
39
9
94
8
89
8
20
12
84
9
92
9
89
9
49
1
65
9
61
9
71
9
90
1
99
9
87
9
70
9
92
9
99
11
23
1
11
8
60
9
71
9
48
1
9
9
38
9
92
8
29
9
99
11
53
8
88
9
14
1
39
9
99
9
80
9
98
10
22
0
29
8
99
0
50
9
3
9
31
9
79
11
83
9
64
8
50
9
74
1
49
9
80
9
49
8
80
9
51
8
20
9
73
9
31
9
21
1
38
9
81
9
13
3
14
11
23
9
21
9
59
8
30
2
7
9
32
9
78
10
22
9
99
9
11
8
78
9
43
8
78
9
31
9
69
12
84
9
73
9
32
8
10
8
50
9
51
8
90
9
41
9
61
9
91
9
21
3
96
9
79
10
52
9
61
9
61
9
99
8
20
12
84
8
90
9
91
9
39
9
11
8
20
1
19
9
31
9
72
9
14
4
19
9
59
9
48
9
38
2
29
9
62
9
69
3
59
9
13
0
80
8
60
9
21
8
28
8
49
9
72
8
8
8
89
8
90
9
79
11
23
9
43
8
78
9
51
8
78
8
50
9
91
9
14
9
31
9
10
1
73
9
99
8
99
9
33
11
83
9
29
8
50
9
42
2
9
9
30
9
94
9
71
9
44
10
52
9
92
9
99
9
59
8
10
9
66
10
82
1
9
8
93
9
30
8
88
4
51
9
72
11
53
9
63
9
42
0
89
8
85
9
99
9
73
9
9
9
99
9
31
9
51
9
61
9
98
10
82
8
56
3
62
9
8
9
94
9
29
9
39
9
70
1
12
9
49
8
70
9
13
2
99
9
32
9
59
9
71
9
99
9
63
11
23
4
89
11
53
8
78
9
11
9
61
9
0
9
69
9
33
3
99
9
74
8
75
9
69
8
55
9
93
9
72
3
19
0
40
9
34
8
98
8
94
9
33
9
51
10
22
9
31
9
34
9
99
8
20
9
42
1
61
8
99
8
90
8
70
0
60
9
79
10
52
9
50
10
82
8
69
9
71
3
65
3
30
9
31
9
32
9
89
9
99
9
44
9
20
8
90
1
1
3
1
9
31
9
61
9
99
9
62
9
94
9
99
8
18
9
73
11
53
8
50
9
48
8
13
9
79
8
49
9
9
11
23
9
42
3
79
9
79
9
74
9
11
9
42
0
30
9
68
8
49
9
33
3
19
9
9
9
42
9
12
8
99
11
53
9
62
8
10
1
39
0
13
9
88
8
30
9
31
9
13
