6
47
8
80
8
10
7
6
7
88
8
80
5
65
9
99
6
47
7
69
8
27
5
29
9
87
7
9
6
29
9
37
7
7
9
99
7
19
8
47
6
39
7
49
6
79
7
79
7
79
5
89
6
86
5
29
8
16
6
89
0
20
5
67
0
90
8
50
5
98
7
29
7
38
8
56
6
98
5
49
7
29
5
97
7
9
7
96
7
98
7
79
5
69
8
99
9
11
8
6
5
17
5
22
5
69
9
50
8
10
8
76
8
66
7
19
8
60
5
47
7
25
8
99
5
5
9
30
7
39
6
69
5
6
7
19
7
17
8
70
7
29
5
65
8
15
7
19
7
69
5
18
7
37
7
9
9
7
5
17
8
67
6
79
8
89
6
69
8
99
8
60
8
59
7
79
8
40
9
21
8
75
5
59
7
28
9
37
6
27
6
95
8
97
6
18
0
90
6
69
9
78
7
7
6
59
9
37
5
79
7
59
7
79
5
79
7
19
8
8
6
89
8
37
0
30
7
39
6
19
5
91
7
79
6
58
8
60
8
30
6
59
8
99
8
20
5
98
8
56
7
49
8
35
9
51
5
59
5
5
5
58
5
69
6
78
6
15
7
28
7
46
4
85
6
96
5
38
7
46
6
19
7
99
9
97
5
79
5
89
0
70
8
99
8
9
7
39
8
76
8
46
7
96
7
39
6
26
5
82
7
58
9
88
7
67
8
26
5
78
7
69
9
53
9
29
7
59
8
59
5
69
6
79
9
87
6
6
8
57
8
20
6
19
6
34
7
59
5
99
5
45
7
99
6
29
7
89
9
20
6
9
6
5
6
9
7
49
9
98
5
39
7
78
6
45
5
19
7
39
8
20
5
15
9
81
6
65
6
55
9
91
8
56
7
97
7
49
9
90
5
19
0
80
9
31
5
68
7
29
6
96
6
99
7
9
8
99
9
38
5
49
6
26
6
79
7
49
9
41
6
39
9
99
9
81
7
79
8
20
9
19
8
80
7
59
9
58
5
11
8
5
9
61
6
18
8
17
8
16
6
47
8
68
6
39
8
80
9
29
7
9
9
61
5
49
7
69
8
99
9
99
5
45
8
40
9
18
9
51
8
76
7
29
5
89
5
19
9
36
2
59
8
86
7
6
6
79
7
95
5
29
7
39
5
79
8
86
5
9
5
8
8
53
5
69
5
29
9
52
0
63
9
19
5
59
8
90
8
90
9
51
0
70
9
91
8
50
5
76
9
8
6
49
6
17
9
13
5
45
9
31
7
19
5
56
8
28
8
59
8
15
0
29
6
26
9
88
6
38
6
89
9
51
7
69
6
39
9
21
1
73
9
93
6
59
5
89
8
30
5
69
7
97
8
99
8
50
8
96
3
5
7
11
6
9
5
55
9
30
7
68
7
69
2
68
6
69
2
83
6
79
8
20
8
90
9
11
8
50
6
4
6
55
9
21
7
9
8
61
9
81
5
79
8
10
7
28
5
65
6
85
8
65
8
15
9
51
7
19
7
98
9
88
7
25
6
99
5
19
0
90
0
20
9
1
8
17
6
96
8
99
8
10
9
70
6
91
7
66
9
68
5
67
8
15
5
99
6
59
5
25
5
69
8
60
6
79
8
7
9
96
5
79
9
98
8
26
7
29
3
39
2
32
8
80
8
95
9
37
6
19
7
5
9
61
9
80
7
27
1
96
6
62
5
59
9
99
8
50
5
79
9
39
7
68
8
30
9
41
8
16
9
21
8
99
6
6
9
41
0
4
8
68
7
79
7
19
5
28
8
70
6
58
8
35
6
9
6
6
8
68
7
79
8
78
0
49
7
37
2
79
8
76
6
99
4
89
8
50
6
29
6
89
7
99
7
37
9
80
0
40
6
88
5
69
1
38
8
60
5
69
6
98
7
99
7
14
8
80
6
22
4
45
9
31
5
69
1
66
9
39
6
89
9
18
7
39
9
41
8
90
3
27
1
99
8
76
6
99
9
11
8
56
5
29
5
77
8
35
7
19
7
49
6
69
9
17
8
25
8
10
7
87
9
19
6
59
9
79
9
41
5
99
5
9
6
19
5
45
5
89
8
90
0
90
6
99
9
51
7
79
7
4
8
28
9
41
7
89
8
5
6
58
7
39
6
19
8
16
9
91
5
49
8
95
5
68
0
31
7
49
1
90
2
84
6
64
7
66
2
10
9
48
6
79
8
86
7
95
6
99
6
29
0
59
9
20
8
99
9
38
3
50
8
67
5
95
8
77
6
39
5
39
9
91
9
28
8
50
9
98
6
99
5
39
5
57
8
40
9
14
6
36
1
47
9
27
3
76
6
8
9
57
5
29
8
20
9
79
5
59
8
80
8
16
7
99
6
77
4
55
2
89
7
19
7
29
7
69
6
99
9
30
9
99
8
80
1
79
8
16
6
29
6
79
8
20
8
16
6
18
1
77
9
91
8
36
5
39
8
9
5
49
2
56
8
95
7
9
8
57
8
80
1
31
9
61
3
19
6
6
8
36
1
44
8
70
5
58
8
56
6
9
0
10
8
23
3
89
8
76
5
39
6
16
6
58
6
29
6
29
6
8
7
49
9
81
5
49
9
29
8
10
6
79
7
86
5
74
8
99
1
7
2
91
8
10
2
4
9
11
6
18
8
5
6
71
6
31
7
9
8
55
9
88
9
71
7
55
9
71
5
19
3
38
6
78
8
38
6
59
0
40
7
36
5
39
1
89
6
39
6
26
7
39
5
89
8
18
7
29
5
95
7
99
5
25
4
42
5
58
8
90
9
97
7
24
9
38
9
18
8
71
5
99
6
46
5
16
8
47
7
91
1
17
6
59
8
98
5
89
8
38
8
30
6
9
9
19
7
86
5
87
7
55
6
55
7
16
5
84
7
89
7
5
2
29
9
81
0
30
7
56
9
7
8
37
8
80
6
48
9
40
4
93
0
90
6
49
8
50
2
69
6
99
7
98
5
79
2
24
9
30
5
89
0
53
8
99
6
29
7
49
7
29
8
7
2
99
5
88
5
69
6
78
3
99
6
89
6
19
8
39
9
11
3
99
7
28
9
51
8
31
7
68
5
19
8
25
7
29
3
80
2
82
7
36
6
59
9
97
8
20
2
55
7
18
3
9
4
39
6
99
8
60
8
40
8
86
7
39
9
61
8
36
2
9
9
17
8
19
9
11
7
28
7
31
5
69
6
19
3
69
0
92
5
99
8
16
8
30
6
48
5
5
9
31
8
20
7
89
7
18
5
36
9
91
5
89
5
19
9
81
7
89
6
86
7
46
1
65
7
58
7
68
6
87
1
99
8
87
7
67
7
89
6
97
8
20
1
11
5
57
6
69
7
51
1
7
8
35
7
89
5
26
8
97
8
50
5
85
9
11
1
39
7
99
7
77
7
95
7
19
0
29
5
96
0
50
8
4
7
28
8
76
8
80
8
64
5
48
9
71
1
48
9
77
8
46
5
79
8
48
5
19
8
70
9
28
6
18
1
38
9
78
8
10
3
14
8
20
9
18
8
56
5
29
2
7
7
29
7
78
9
19
8
97
7
8
5
75
8
40
5
75
7
28
8
66
9
81
8
70
8
29
5
9
5
47
6
49
5
88
6
39
8
58
6
89
7
18
3
96
6
76
9
49
7
58
9
58
8
99
5
19
9
81
5
89
7
88
8
36
9
8
5
19
1
19
7
28
7
69
9
11
4
19
7
56
6
48
6
35
2
29
7
59
6
71
3
59
8
10
0
80
5
57
6
19
5
28
5
46
7
69
5
8
5
86
5
89
7
76
8
20
8
40
5
75
8
48
5
75
5
48
9
88
9
11
6
29
9
7
1
73
6
99
5
99
9
30
8
80
6
26
5
49
7
39
2
8
6
27
9
91
6
69
9
41
8
49
9
89
6
99
6
61
5
9
8
66
7
79
1
9
5
93
7
27
5
85
4
53
7
69
8
50
8
60
7
39
0
89
8
85
7
99
8
73
8
6
9
99
9
28
6
49
8
58
8
95
7
79
5
56
3
62
6
5
9
91
7
26
8
39
8
67
1
12
9
49
5
68
9
10
2
97
7
29
8
56
9
68
7
99
9
63
8
20
4
89
8
50
5
75
6
9
9
58
7
1
8
66
9
33
3
99
8
74
8
75
7
69
8
55
8
90
7
69
3
19
0
40
9
34
5
95
5
94
8
30
6
48
7
19
7
31
9
31
9
99
5
18
7
39
1
61
5
99
5
89
5
69
0
60
8
76
9
49
8
47
7
79
5
66
6
69
3
65
3
30
6
29
7
29
8
86
7
99
9
41
9
17
5
89
1
1
3
1
6
29
6
58
6
99
7
59
9
91
8
97
5
15
8
70
8
50
5
49
8
45
5
13
8
76
5
46
7
6
8
20
8
39
3
76
6
76
9
71
9
8
7
39
0
30
7
68
5
46
8
30
3
16
8
9
8
39
7
9
5
99
8
50
7
59
5
7
1
37
0
13
6
85
5
29
9
28
8
10
