14
56
9
76
9
14
9
14
9
94
17
89
9
74
9
99
14
56
9
74
9
34
9
34
9
94
9
14
9
34
9
44
9
14
9
99
16
28
14
56
9
44
16
58
15
87
16
88
16
88
9
94
9
94
9
34
13
25
9
94
0
20
9
74
0
90
17
59
9
99
9
34
9
38
9
64
9
99
14
56
9
34
9
99
9
14
9
99
9
99
16
88
9
74
9
99
9
14
9
14
14
26
14
22
9
74
17
59
9
14
13
85
9
74
16
28
9
64
14
56
9
34
9
99
9
14
9
34
9
44
9
74
9
14
16
28
14
26
9
74
9
34
9
74
12
24
16
28
9
74
14
26
9
44
9
14
9
14
14
26
9
74
15
87
9
94
9
74
9
99
9
56
9
64
16
88
9
44
18
30
12
84
9
64
9
34
9
44
9
34
9
99
9
99
15
27
0
90
9
74
15
87
9
14
9
64
9
44
14
86
9
64
16
88
14
86
16
28
9
14
9
94
9
44
0
30
9
44
15
27
9
91
16
88
9
64
9
64
9
34
9
64
9
99
17
29
9
99
9
64
16
58
9
44
18
60
9
64
9
14
9
64
9
74
15
87
12
24
9
28
13
55
9
76
9
99
9
44
13
55
15
27
9
99
9
99
14
86
9
94
0
70
9
99
9
14
9
44
13
85
13
55
9
99
9
44
9
34
14
82
9
64
9
94
9
74
9
34
14
86
9
74
18
52
9
34
9
64
9
64
9
74
15
87
9
94
9
14
9
64
17
29
15
27
9
33
9
64
9
99
12
54
9
99
9
34
9
94
17
29
9
14
9
14
9
14
16
58
9
99
9
44
15
87
12
54
14
26
9
44
17
29
12
24
18
90
9
74
9
64
9
94
9
64
9
99
16
58
9
94
14
26
0
80
9
34
9
74
9
34
9
99
9
99
9
14
9
99
9
44
14
56
9
34
15
87
16
58
9
44
9
44
9
99
18
90
16
88
17
29
9
19
17
89
9
64
9
64
9
11
9
14
9
64
15
27
14
26
13
25
9
47
9
74
9
44
17
89
9
34
9
14
9
64
14
56
9
74
9
99
9
99
12
54
9
44
15
27
18
60
13
85
9
34
9
94
14
26
9
36
2
59
9
94
9
14
15
87
9
99
9
34
9
44
14
86
9
94
9
14
9
14
17
51
9
74
9
34
18
52
0
63
16
28
9
64
9
94
9
94
18
60
0
70
9
94
17
59
13
85
9
8
15
57
14
26
9
13
12
54
9
34
16
28
9
64
9
34
9
64
12
24
0
29
9
34
9
94
9
44
9
94
18
60
9
74
9
44
18
30
1
73
9
93
9
64
9
94
9
34
9
74
9
99
9
99
17
59
9
99
3
9
9
11
9
14
9
64
9
34
9
74
9
74
2
68
9
74
2
83
15
87
17
29
9
94
9
14
17
59
9
3
9
64
18
30
9
14
9
61
18
90
14
86
9
14
9
34
9
74
9
94
9
74
12
24
18
60
16
28
9
99
9
94
9
34
9
99
14
26
0
90
0
20
9
1
14
26
9
99
9
99
9
14
9
74
9
86
9
74
9
74
9
74
12
24
9
99
9
64
9
34
9
74
9
64
15
87
9
14
9
96
14
86
9
99
9
34
9
34
3
39
2
32
17
89
9
99
9
44
15
27
9
14
9
64
17
89
9
34
1
96
9
56
9
64
9
99
17
59
14
86
9
44
9
74
9
34
9
44
13
25
18
30
9
99
9
14
9
44
0
4
9
68
16
88
16
28
9
34
9
74
9
64
9
44
9
14
9
14
9
74
16
88
15
87
0
49
9
44
2
79
13
85
9
99
4
89
17
59
9
34
9
94
9
99
9
44
17
89
0
40
9
88
9
74
1
39
9
64
9
74
9
99
9
99
9
14
17
89
15
22
4
49
9
34
9
74
1
66
9
44
9
94
15
27
9
44
9
44
9
94
3
29
1
99
13
85
9
99
9
14
9
64
9
34
14
86
8
35
16
28
16
58
9
74
14
26
9
34
9
14
9
94
16
28
9
64
16
88
9
44
9
99
9
14
15
27
12
54
9
94
9
94
0
90
9
99
18
60
16
88
9
4
9
28
9
44
9
94
9
0
9
64
9
44
15
27
13
25
9
94
14
56
9
99
9
74
0
31
16
58
1
90
2
84
9
64
9
74
2
10
15
57
15
87
9
94
9
99
9
99
9
34
0
59
17
29
9
99
9
44
3
50
9
74
9
99
14
86
9
44
9
44
9
94
9
34
17
59
9
99
9
99
9
44
9
64
9
44
9
14
9
44
1
49
9
27
3
79
9
14
9
64
9
34
17
29
16
88
9
64
17
89
13
25
9
99
9
77
4
59
2
89
16
28
9
34
9
74
9
99
9
34
9
99
17
89
1
79
13
25
9
34
15
87
17
29
13
25
15
27
1
79
9
94
9
44
9
44
9
14
14
56
2
59
9
99
9
14
9
64
17
89
1
31
9
64
3
19
9
14
9
44
1
44
9
74
9
64
9
64
9
14
0
10
17
22
3
89
13
85
9
44
13
25
9
64
9
34
9
34
9
8
16
58
18
90
14
56
9
34
9
14
15
87
9
94
5
74
9
99
1
9
2
91
9
14
2
4
9
14
15
27
9
14
9
66
9
26
9
14
9
64
9
94
9
74
9
64
9
74
14
26
3
39
9
78
9
44
9
64
0
40
9
44
9
44
1
89
9
44
9
34
9
44
9
94
15
27
9
34
9
99
9
99
9
34
4
42
9
64
9
94
9
99
9
24
9
44
15
27
9
71
9
99
9
46
13
25
14
56
9
86
1
17
9
64
9
99
9
94
9
44
9
34
9
14
16
28
9
94
9
94
9
64
9
64
13
25
14
82
9
94
9
14
2
29
18
90
0
30
9
64
9
7
9
44
17
89
15
57
9
44
4
93
0
90
15
57
17
59
2
69
9
99
9
98
14
86
2
24
9
34
9
94
0
53
9
99
9
34
16
58
9
34
9
14
2
99
9
94
9
74
15
87
3
99
9
94
15
27
9
39
9
14
3
99
9
28
18
60
9
31
9
74
14
26
9
34
9
34
3
80
2
81
9
44
9
64
9
99
17
29
2
59
15
27
3
9
4
39
9
99
9
64
9
44
9
94
9
44
9
64
9
44
2
9
9
17
16
28
9
14
9
34
9
31
9
74
15
27
3
69
0
92
9
99
13
25
9
34
15
57
9
14
9
34
17
29
9
94
15
27
9
44
9
94
9
89
14
26
18
90
9
94
9
94
13
55
1
65
9
64
9
74
9
94
1
99
9
87
9
74
9
94
9
99
17
29
1
11
9
64
9
74
9
46
1
9
9
44
9
94
9
34
9
99
17
59
9
94
9
14
1
39
9
99
14
86
9
99
16
28
0
29
9
99
0
50
9
3
9
34
13
85
17
89
9
64
14
56
9
74
1
49
14
86
13
55
14
86
15
57
14
26
9
74
9
34
15
27
1
38
15
87
9
14
3
14
17
29
15
27
9
64
9
34
2
7
9
34
9
78
16
28
9
99
9
14
12
84
9
44
12
84
9
34
9
74
18
90
9
74
9
34
9
14
14
56
15
57
9
94
9
44
9
64
9
94
15
27
3
96
13
85
16
58
9
64
9
64
9
99
14
26
18
90
9
94
9
94
9
44
9
14
14
26
1
19
9
34
9
74
9
14
4
19
9
64
9
48
9
44
2
29
9
64
9
66
3
59
9
14
0
80
9
64
15
27
9
28
13
55
9
74
9
8
9
94
9
94
13
85
17
29
9
44
12
84
15
57
12
84
14
56
9
94
9
14
9
34
9
14
1
73
9
99
9
99
9
34
17
89
9
34
14
56
9
44
2
9
9
34
9
94
9
74
9
44
16
58
9
94
9
99
9
56
9
14
9
66
16
88
1
9
9
93
9
34
9
94
4
51
9
74
17
59
9
64
9
44
0
89
8
85
9
99
9
73
9
14
9
99
9
34
15
57
9
64
9
99
16
88
9
56
3
62
9
14
9
94
9
34
9
39
9
74
1
12
9
49
9
74
9
14
2
99
9
34
9
64
9
74
9
99
9
63
17
29
4
89
17
59
12
84
9
14
9
64
9
0
9
74
9
33
3
99
9
74
8
75
9
69
8
55
9
94
9
74
3
19
0
40
9
34
9
99
9
94
9
34
15
57
16
28
9
31
9
34
9
99
14
26
9
44
1
61
9
99
9
94
9
74
0
60
13
85
16
58
14
56
16
88
9
74
9
74
3
65
3
30
9
34
9
34
9
94
9
99
9
44
14
26
9
94
1
1
3
1
9
34
9
64
9
99
9
64
9
94
9
99
12
24
9
74
17
59
14
56
12
54
9
13
13
85
13
55
9
14
17
29
9
44
3
79
13
85
9
74
9
14
9
44
0
30
9
68
13
55
9
34
3
19
9
9
9
44
9
14
9
99
17
59
9
64
9
14
1
39
0
13
9
94
9
34
9
34
9
14
