9
51
9
76
9
14
9
10
9
92
12
84
9
69
9
99
9
51
9
73
9
31
9
31
9
91
9
13
9
32
9
41
9
11
9
99
11
23
9
51
9
42
11
53
10
82
11
83
11
83
9
91
9
90
9
31
9
20
9
92
0
20
9
71
0
90
12
54
9
99
9
33
9
38
9
60
9
99
9
51
9
33
9
99
9
13
9
99
9
99
11
83
9
71
9
99
9
14
9
10
9
21
9
22
9
71
12
54
9
14
9
80
9
70
11
23
9
64
9
51
9
29
9
99
9
9
9
34
9
43
9
72
9
10
11
23
9
21
9
74
9
33
9
69
9
19
11
23
9
73
9
21
9
41
9
13
9
11
9
21
9
71
10
82
9
93
9
72
9
99
9
56
9
63
11
83
9
44
13
25
9
79
9
61
9
32
9
41
9
31
9
99
9
99
10
22
0
90
9
72
10
82
9
11
9
62
9
41
9
81
9
63
11
83
9
81
11
23
9
12
9
92
9
41
0
30
9
43
10
22
9
91
11
83
9
62
9
64
9
34
9
62
9
99
12
24
9
99
9
60
11
53
9
39
13
55
9
61
9
9
9
61
9
71
10
82
9
19
9
28
9
50
8
81
9
99
9
41
9
50
10
22
9
99
9
99
9
81
9
91
0
70
9
99
9
13
9
43
9
80
9
50
9
99
9
43
9
30
9
82
9
62
9
92
9
71
9
30
9
81
9
73
13
52
9
33
9
63
9
63
9
71
10
82
9
91
9
10
9
61
12
24
10
22
9
33
9
63
9
99
9
49
9
99
9
32
9
93
12
24
9
12
9
9
9
12
11
53
9
99
9
41
10
82
9
49
9
21
9
43
12
24
9
19
13
85
9
69
9
59
9
94
9
60
9
99
11
53
9
94
9
21
0
80
9
34
9
71
9
33
9
99
9
99
9
13
9
99
9
42
9
51
9
30
10
82
11
53
9
44
9
42
9
99
13
85
11
83
12
24
9
19
12
84
9
63
9
62
9
11
9
9
9
64
10
22
9
21
9
20
9
47
9
72
9
42
12
84
9
33
9
13
9
64
9
51
9
73
9
99
9
99
9
49
9
44
10
22
13
55
9
80
9
33
9
91
9
21
9
36
2
59
9
90
9
10
10
82
9
99
9
31
9
43
9
81
9
90
9
11
9
11
12
51
9
71
9
31
13
52
0
63
11
23
9
61
9
94
9
94
13
55
0
70
9
94
12
54
9
80
9
8
10
52
9
21
9
13
9
49
9
34
11
23
9
60
9
32
9
63
9
19
0
29
9
30
9
92
9
42
9
92
13
55
9
73
9
42
13
25
1
73
9
93
9
62
9
91
9
34
9
71
9
99
9
99
12
54
9
99
3
9
9
11
9
12
9
59
9
34
9
72
9
73
2
68
9
72
2
83
10
82
12
24
9
94
9
14
12
54
9
3
9
59
13
25
9
13
9
61
13
85
9
81
9
14
9
32
9
69
9
89
9
69
9
19
13
55
11
23
9
99
9
92
9
29
9
99
9
21
0
90
0
20
9
1
9
21
9
99
9
99
9
14
9
74
9
88
9
70
9
72
9
71
9
19
9
99
9
62
9
29
9
71
9
64
10
82
9
11
9
96
9
81
9
99
9
30
9
33
3
39
2
32
12
84
9
99
9
41
10
22
9
9
9
64
12
84
9
31
1
96
9
58
9
61
9
99
12
54
9
81
9
43
9
72
9
34
9
44
9
20
13
25
9
99
9
10
9
44
0
4
9
68
11
83
11
23
9
31
9
74
9
62
9
39
9
12
9
10
9
72
11
83
10
82
0
49
9
41
2
79
9
80
9
99
4
89
12
54
9
32
9
92
9
99
9
41
12
84
0
40
9
88
9
71
1
39
9
64
9
71
9
99
9
99
9
14
12
84
10
22
4
49
9
34
9
71
1
66
9
43
9
92
10
22
9
43
9
44
9
94
3
29
1
99
9
80
9
99
9
14
9
60
9
31
9
81
8
35
11
23
11
53
9
72
9
21
9
29
9
14
9
91
11
23
9
62
11
83
9
44
9
99
9
11
10
22
9
49
9
91
9
94
0
90
9
99
13
55
11
83
9
4
9
28
9
44
9
93
9
1
9
62
9
43
10
22
9
20
9
94
9
51
9
99
9
71
0
31
11
53
1
90
2
84
9
64
9
70
2
10
10
52
10
82
9
90
9
99
9
99
9
32
0
59
12
24
9
99
9
42
3
50
9
71
9
99
9
81
9
42
9
41
9
94
9
32
12
54
9
99
9
99
9
41
9
61
9
44
9
14
9
40
1
49
9
27
3
79
9
12
9
61
9
31
12
24
11
83
9
61
12
84
9
20
9
99
9
77
4
59
2
89
11
23
9
33
9
73
9
99
9
34
9
99
12
84
1
79
9
20
9
32
10
82
12
24
9
20
10
22
1
79
9
94
9
40
9
41
9
13
9
51
2
59
9
99
9
13
9
61
12
84
1
31
9
64
3
19
9
10
9
40
1
44
9
74
9
61
9
60
9
12
0
10
12
22
3
89
9
80
9
41
9
20
9
62
9
32
9
32
9
8
11
53
13
85
9
51
9
33
9
14
10
82
9
90
5
74
9
99
1
9
2
91
9
14
2
4
9
14
10
22
9
9
9
68
9
28
9
13
9
59
9
92
9
74
9
59
9
74
9
21
3
39
9
78
9
42
9
62
0
40
9
40
9
41
1
89
9
42
9
30
9
43
9
91
10
22
9
33
9
99
9
99
9
29
4
42
9
61
9
94
9
99
9
24
9
42
10
22
9
71
9
99
9
46
9
20
9
51
9
87
1
17
9
62
9
99
9
91
9
42
9
34
9
12
11
23
9
90
9
91
9
59
9
59
9
20
9
83
9
93
9
9
2
29
13
85
0
30
9
60
9
7
9
41
12
84
10
52
9
44
4
93
0
90
10
52
12
54
2
69
9
99
9
98
9
81
2
24
9
34
9
91
0
53
9
99
9
32
11
53
9
33
9
11
2
99
9
91
9
71
10
82
3
99
9
92
10
22
9
39
9
14
3
99
9
28
13
55
9
31
9
72
9
21
9
29
9
33
3
80
2
81
9
40
9
62
9
99
12
24
2
59
10
22
3
9
4
39
9
99
9
64
9
44
9
90
9
43
9
64
9
40
2
9
9
17
11
23
9
14
9
32
9
31
9
71
10
22
3
69
0
92
9
99
9
20
9
34
10
52
9
9
9
34
12
24
9
93
10
22
9
40
9
94
9
89
9
21
13
85
9
93
9
90
9
50
1
65
9
62
9
72
9
91
1
99
9
87
9
71
9
93
9
99
12
24
1
11
9
61
9
72
9
47
1
9
9
39
9
93
9
30
9
99
12
54
9
89
9
14
1
39
9
99
9
81
9
99
11
23
0
29
9
99
0
50
9
3
9
32
9
80
12
84
9
64
9
51
9
74
1
49
9
81
9
50
9
81
10
52
9
21
9
74
9
32
10
22
1
38
10
82
9
14
3
14
12
24
10
22
9
60
9
31
2
7
9
33
9
78
11
23
9
99
9
12
9
79
9
44
9
79
9
32
9
70
13
85
9
74
9
33
9
11
9
51
10
52
9
91
9
42
9
62
9
92
10
22
3
96
9
80
11
53
9
62
9
62
9
99
9
21
13
85
9
91
9
92
9
40
9
12
9
21
1
19
9
32
9
73
9
14
4
19
9
60
9
48
9
39
2
29
9
63
9
68
3
59
9
14
0
80
9
61
10
22
9
28
9
50
9
73
9
8
9
90
9
91
9
80
12
24
9
44
9
79
10
52
9
79
9
51
9
92
9
14
9
32
9
11
1
73
9
99
9
99
9
34
12
84
9
30
9
51
9
43
2
9
9
31
9
94
9
72
9
44
11
53
9
93
9
99
9
58
9
11
9
66
11
83
1
9
9
93
9
31
9
89
4
51
9
73
12
54
9
64
9
43
0
89
8
85
9
99
9
73
9
10
9
99
9
32
10
52
9
62
9
99
11
83
9
56
3
62
9
9
9
94
9
30
9
39
9
71
1
12
9
49
9
71
9
14
2
99
9
33
9
60
9
72
9
99
9
63
12
24
4
89
12
54
9
79
9
12
9
62
9
0
9
70
9
33
3
99
9
74
8
75
9
69
8
55
9
94
9
73
3
19
0
40
9
34
9
99
9
94
9
34
10
52
11
23
9
31
9
34
9
99
9
21
9
43
1
61
9
99
9
91
9
71
0
60
9
80
11
53
9
51
11
83
9
70
9
72
3
65
3
30
9
32
9
33
9
90
9
99
9
44
9
21
9
91
1
1
3
1
9
32
9
62
9
99
9
63
9
94
9
99
9
19
9
74
12
54
9
51
9
49
9
13
9
80
9
50
9
10
12
24
9
43
3
79
9
80
9
74
9
12
9
43
0
30
9
68
9
50
9
34
3
19
9
9
9
43
9
13
9
99
12
54
9
63
9
11
1
39
0
13
9
89
9
31
9
32
9
14
