5
46
7
81
7
9
6
5
6
87
7
79
4
64
8
99
5
46
6
69
7
26
4
29
8
86
6
8
5
29
8
36
6
6
8
99
6
19
7
46
5
39
6
49
5
79
6
79
6
79
4
89
5
85
4
29
7
15
5
88
0
20
4
66
0
90
7
49
4
97
6
29
6
38
8
55
5
97
4
49
6
29
4
96
6
9
6
95
6
97
6
79
4
69
7
99
8
10
8
5
4
16
4
22
4
69
8
49
7
9
8
75
8
65
6
19
7
59
4
46
6
24
7
99
4
4
8
29
6
38
5
69
4
5
6
19
6
16
7
69
6
28
4
64
7
14
6
19
6
69
4
17
6
36
6
9
8
6
4
16
7
66
5
78
7
88
5
69
7
99
7
61
7
58
6
79
7
39
8
20
7
74
4
59
6
27
8
36
5
26
5
94
7
96
5
17
0
90
5
69
8
77
6
6
5
59
8
36
4
79
6
59
6
79
4
79
6
19
7
7
5
89
7
36
0
30
6
39
5
18
4
91
6
79
5
57
7
59
7
29
5
59
7
99
7
19
4
97
7
55
6
48
7
34
8
50
4
59
4
4
4
57
4
69
5
77
5
14
6
28
6
45
3
86
5
95
4
37
6
45
5
19
6
99
8
96
4
79
4
89
0
70
7
99
7
8
6
38
7
75
7
45
6
95
6
39
5
25
4
82
6
57
8
87
6
66
7
25
4
77
6
69
8
54
8
28
6
59
7
58
4
68
5
79
8
86
5
5
7
56
7
19
5
19
5
34
6
59
4
99
4
44
6
98
5
29
6
89
8
19
5
8
5
4
5
9
6
48
8
97
4
39
6
77
5
44
4
19
6
39
7
19
4
14
8
80
5
64
5
54
8
90
7
55
6
96
6
49
8
89
4
19
0
80
8
30
4
67
6
29
5
95
5
98
6
9
7
98
8
37
4
49
5
25
5
79
6
48
8
40
5
39
8
99
8
80
6
79
7
19
8
19
7
79
6
59
8
57
4
11
7
4
8
60
5
17
7
16
7
15
5
47
7
67
5
39
7
79
8
28
6
9
8
60
4
49
6
69
7
99
8
99
4
44
7
39
8
17
8
50
8
75
6
28
4
89
4
19
8
36
2
59
7
85
6
5
5
79
6
94
4
29
6
39
4
79
8
85
4
9
4
7
7
53
4
69
4
28
8
52
0
63
8
18
4
59
7
89
7
89
8
50
0
70
8
90
7
49
4
75
8
8
5
49
5
16
8
13
4
44
8
30
6
19
4
55
7
27
7
58
7
14
0
29
5
25
8
87
5
37
5
89
8
50
6
69
5
39
8
20
1
73
8
93
5
59
4
89
7
29
4
69
6
96
7
99
7
49
8
95
3
4
6
11
5
9
4
54
8
29
6
67
6
68
2
68
5
69
2
83
5
78
7
19
7
89
8
10
7
49
5
4
5
54
8
20
6
9
7
61
8
80
4
79
7
9
6
27
4
64
5
84
7
64
7
14
8
50
6
19
6
97
8
87
6
24
5
99
4
19
0
90
0
20
8
1
7
16
5
95
7
99
7
9
8
69
5
91
6
65
8
67
4
66
7
14
4
99
5
59
4
24
4
69
7
59
5
79
7
6
8
96
4
79
8
97
8
25
6
28
3
39
2
32
7
79
7
94
8
36
5
19
6
4
8
60
8
79
6
26
1
96
5
63
4
59
8
99
7
49
4
79
8
38
6
67
7
29
8
40
8
15
8
20
7
98
5
5
8
40
0
4
7
68
6
79
6
18
4
27
7
69
5
57
7
34
5
9
5
5
7
67
6
79
7
77
0
49
6
36
2
79
7
75
5
99
4
88
7
49
5
29
5
89
6
98
6
36
8
79
0
40
5
88
4
69
1
37
7
59
4
69
5
97
6
99
6
14
7
79
5
22
4
44
8
30
4
68
1
66
8
38
5
89
8
17
6
38
8
40
7
89
3
26
1
98
8
75
5
99
8
10
8
55
4
29
4
76
7
35
6
19
6
49
5
69
8
16
7
24
7
9
6
86
8
18
5
59
8
78
8
40
4
99
4
9
5
19
4
44
4
89
7
89
0
90
5
98
8
50
6
79
6
4
7
28
8
40
6
88
7
6
5
57
6
39
5
18
8
15
8
90
4
49
7
94
4
67
0
31
6
49
1
90
2
84
5
64
6
65
2
10
8
47
5
78
7
85
6
94
5
98
5
29
0
59
8
19
7
99
8
37
3
50
7
66
4
94
7
76
5
39
4
39
8
90
8
27
7
49
8
97
5
99
4
39
4
56
7
39
8
14
5
35
1
46
8
27
3
75
5
7
8
56
4
28
7
19
8
78
4
59
7
79
8
15
6
99
5
77
4
54
2
89
6
19
6
29
6
68
5
99
8
29
8
99
7
79
1
79
7
15
5
29
5
79
7
19
8
15
5
17
1
76
8
90
8
35
4
39
7
8
4
49
2
55
7
94
6
9
7
56
7
79
1
31
8
60
3
19
5
5
7
35
1
44
7
69
4
57
8
55
5
9
0
10
7
23
3
89
8
75
4
39
5
15
5
57
5
29
5
29
5
8
6
49
8
80
4
49
8
28
7
9
5
79
6
85
5
74
7
99
1
6
2
91
7
9
2
4
8
10
5
17
7
4
5
71
5
31
6
9
7
54
8
87
8
70
6
54
8
70
4
19
3
37
5
78
7
37
5
59
0
40
6
35
4
39
1
89
5
39
5
25
6
39
4
88
7
17
6
29
4
94
6
99
4
24
4
42
4
57
7
89
8
96
6
24
8
37
8
17
7
71
4
98
5
46
4
15
7
46
6
91
1
17
5
59
7
97
4
89
7
37
7
29
5
9
8
18
6
85
4
86
6
54
5
54
6
15
4
84
6
88
6
4
2
29
8
80
0
30
6
55
8
7
7
36
7
79
5
47
8
39
4
93
0
90
5
49
7
49
2
68
5
99
6
98
4
79
2
24
8
29
4
89
0
53
7
99
5
29
6
49
6
29
7
6
2
99
4
87
4
69
5
77
3
99
5
88
5
19
7
39
8
10
3
99
6
28
8
50
7
31
6
67
4
19
7
24
6
29
3
80
2
83
6
35
5
58
8
96
7
19
2
54
6
17
3
9
4
39
5
98
7
59
7
39
8
85
6
39
8
60
7
35
2
9
8
17
7
18
8
10
6
27
6
31
4
69
5
19
3
69
0
92
4
99
7
15
7
29
5
47
4
4
8
30
7
19
6
89
6
17
4
35
8
90
4
89
4
19
8
80
6
89
5
85
6
45
1
65
6
57
6
67
5
86
1
99
7
87
6
66
6
89
5
96
7
19
1
11
4
56
5
69
6
51
1
6
7
34
6
89
4
25
7
96
7
49
4
84
8
10
1
39
6
99
6
76
6
94
6
19
0
29
4
95
0
50
7
4
6
27
7
75
7
79
7
64
4
47
8
70
1
47
8
76
7
45
4
79
7
47
4
19
7
69
8
27
5
17
1
38
8
77
7
9
3
14
7
19
8
17
7
55
4
29
2
7
6
28
6
78
8
18
7
96
6
7
4
74
7
39
4
74
6
27
7
65
8
80
7
69
7
28
4
8
4
46
5
49
4
87
5
38
7
57
5
89
6
17
3
96
5
75
8
48
6
57
8
57
7
99
4
19
8
80
4
89
6
87
7
35
8
7
4
18
1
19
6
27
6
69
8
10
4
19
6
55
5
48
5
34
2
29
6
59
5
71
3
58
7
9
0
80
4
56
5
18
4
28
4
45
6
69
4
8
4
85
4
89
6
75
7
19
7
39
4
74
7
47
4
74
4
47
8
87
8
10
5
29
8
6
1
73
5
99
4
99
8
29
7
79
5
25
4
49
6
39
2
7
5
26
8
90
5
68
8
40
7
48
8
88
5
99
5
61
4
8
7
66
6
79
1
9
4
93
6
26
4
84
4
54
6
68
7
49
7
59
6
39
0
89
8
85
6
99
7
73
7
5
8
99
8
27
5
49
7
57
7
94
6
79
4
56
3
62
5
4
8
90
6
25
7
39
7
66
1
12
8
49
4
67
8
9
2
96
6
29
7
55
8
67
6
99
8
64
7
19
4
89
7
49
4
74
5
9
8
57
6
1
7
65
8
33
3
99
7
74
7
75
6
69
7
55
7
89
6
69
3
19
0
40
8
34
4
94
4
94
7
29
5
47
6
18
6
31
8
30
8
99
4
17
6
39
1
61
4
99
4
89
4
69
0
60
7
75
8
48
7
46
6
79
4
65
5
69
3
65
3
30
5
28
6
29
8
85
6
99
8
40
8
16
4
89
1
1
3
1
5
29
5
57
5
99
6
58
8
90
7
96
4
14
7
69
7
49
4
49
7
44
4
13
8
75
4
45
6
5
7
19
7
38
3
75
5
75
8
70
8
7
6
38
0
30
6
68
4
45
7
29
3
15
7
9
7
38
6
9
4
99
7
49
6
58
4
6
1
36
0
13
5
84
4
29
8
27
7
9
