15
57
9
76
9
14
9
14
9
94
18
90
9
74
9
99
15
57
9
74
9
34
9
34
9
94
9
14
9
34
9
44
9
14
9
99
17
29
15
57
9
44
17
59
16
88
17
89
17
89
9
94
9
94
9
34
14
26
9
94
0
20
9
74
0
90
18
60
9
99
9
34
9
38
9
64
9
99
15
57
9
34
9
99
9
14
9
99
9
99
17
89
9
74
9
99
9
14
9
14
15
27
15
22
9
74
18
60
9
14
14
86
9
74
17
29
9
64
15
57
9
34
9
99
9
14
9
34
9
44
9
74
9
14
17
29
15
27
9
74
9
34
9
74
13
25
17
29
9
74
15
27
9
44
9
14
9
14
15
27
9
74
16
88
9
94
9
74
9
99
9
56
9
64
17
89
9
44
19
31
13
85
9
64
9
34
9
44
9
34
9
99
9
99
16
28
0
90
9
74
16
88
9
14
9
64
9
44
15
87
9
64
17
89
15
87
17
29
9
14
9
94
9
44
0
30
9
44
16
28
9
91
17
89
9
64
9
64
9
34
9
64
9
99
18
30
9
99
9
64
17
59
9
44
19
61
9
64
9
14
9
64
9
74
16
88
13
25
9
28
14
56
9
76
9
99
9
44
14
56
16
28
9
99
9
99
15
87
9
94
0
70
9
99
9
14
9
44
14
86
14
56
9
99
9
44
9
34
15
82
9
64
9
94
9
74
9
34
15
87
9
74
19
52
9
34
9
64
9
64
9
74
16
88
9
94
9
14
9
64
18
30
16
28
9
33
9
64
9
99
13
55
9
99
9
34
9
94
18
30
9
14
9
14
9
14
17
59
9
99
9
44
16
88
13
55
15
27
9
44
18
30
13
25
19
91
9
74
9
64
9
94
9
64
9
99
17
59
9
94
15
27
0
80
9
34
9
74
9
34
9
99
9
99
9
14
9
99
9
44
15
57
9
34
16
88
17
59
9
44
9
44
9
99
19
91
17
89
18
30
9
19
18
90
9
64
9
64
9
11
9
14
9
64
16
28
15
27
14
26
9
47
9
74
9
44
18
90
9
34
9
14
9
64
15
57
9
74
9
99
9
99
13
55
9
44
16
28
19
61
14
86
9
34
9
94
15
27
9
36
2
59
9
94
9
14
16
88
9
99
9
34
9
44
15
87
9
94
9
14
9
14
18
51
9
74
9
34
19
52
0
63
17
29
9
64
9
94
9
94
19
61
0
70
9
94
18
60
14
86
9
8
16
58
15
27
9
13
13
55
9
34
17
29
9
64
9
34
9
64
13
25
0
29
9
34
9
94
9
44
9
94
19
61
9
74
9
44
19
31
1
73
9
93
9
64
9
94
9
34
9
74
9
99
9
99
18
60
9
99
3
9
9
11
9
14
9
64
9
34
9
74
9
74
2
68
9
74
2
83
16
88
18
30
9
94
9
14
18
60
9
3
9
64
19
31
9
14
9
61
19
91
15
87
9
14
9
34
9
74
9
94
9
74
13
25
19
61
17
29
9
99
9
94
9
34
9
99
15
27
0
90
0
20
9
1
15
27
9
99
9
99
9
14
9
74
9
86
9
74
9
74
9
74
13
25
9
99
9
64
9
34
9
74
9
64
16
88
9
14
9
96
15
87
9
99
9
34
9
34
3
39
2
32
18
90
9
99
9
44
16
28
9
14
9
64
18
90
9
34
1
96
9
56
9
64
9
99
18
60
15
87
9
44
9
74
9
34
9
44
14
26
19
31
9
99
9
14
9
44
0
4
9
68
17
89
17
29
9
34
9
74
9
64
9
44
9
14
9
14
9
74
17
89
16
88
0
49
9
44
2
79
14
86
9
99
4
89
18
60
9
34
9
94
9
99
9
44
18
90
0
40
9
88
9
74
1
39
9
64
9
74
9
99
9
99
9
14
18
90
16
22
4
49
9
34
9
74
1
66
9
44
9
94
16
28
9
44
9
44
9
94
3
29
1
99
14
86
9
99
9
14
9
64
9
34
15
87
8
35
17
29
17
59
9
74
15
27
9
34
9
14
9
94
17
29
9
64
17
89
9
44
9
99
9
14
16
28
13
55
9
94
9
94
0
90
9
99
19
61
17
89
9
4
9
28
9
44
9
94
9
0
9
64
9
44
16
28
14
26
9
94
15
57
9
99
9
74
0
31
17
59
1
90
2
84
9
64
9
74
2
10
16
58
16
88
9
94
9
99
9
99
9
34
0
59
18
30
9
99
9
44
3
50
9
74
9
99
15
87
9
44
9
44
9
94
9
34
18
60
9
99
9
99
9
44
9
64
9
44
9
14
9
44
1
49
9
27
3
79
9
14
9
64
9
34
18
30
17
89
9
64
18
90
14
26
9
99
9
77
4
59
2
89
17
29
9
34
9
74
9
99
9
34
9
99
18
90
1
79
14
26
9
34
16
88
18
30
14
26
16
28
1
79
9
94
9
44
9
44
9
14
15
57
2
59
9
99
9
14
9
64
18
90
1
31
9
64
3
19
9
14
9
44
1
44
9
74
9
64
9
64
9
14
0
10
18
22
3
89
14
86
9
44
14
26
9
64
9
34
9
34
9
8
17
59
19
91
15
57
9
34
9
14
16
88
9
94
5
74
9
99
1
9
2
91
9
14
2
4
9
14
16
28
9
14
9
66
9
26
9
14
9
64
9
94
9
74
9
64
9
74
15
27
3
39
9
78
9
44
9
64
0
40
9
44
9
44
1
89
9
44
9
34
9
44
9
94
16
28
9
34
9
99
9
99
9
34
4
42
9
64
9
94
9
99
9
24
9
44
16
28
9
71
9
99
9
46
14
26
15
57
9
86
1
17
9
64
9
99
9
94
9
44
9
34
9
14
17
29
9
94
9
94
9
64
9
64
14
26
15
82
9
94
9
14
2
29
19
91
0
30
9
64
9
7
9
44
18
90
16
58
9
44
4
93
0
90
16
58
18
60
2
69
9
99
9
98
15
87
2
24
9
34
9
94
0
53
9
99
9
34
17
59
9
34
9
14
2
99
9
94
9
74
16
88
3
99
9
94
16
28
9
39
9
14
3
99
9
28
19
61
9
31
9
74
15
27
9
34
9
34
3
80
2
81
9
44
9
64
9
99
18
30
2
59
16
28
3
9
4
39
9
99
9
64
9
44
9
94
9
44
9
64
9
44
2
9
9
17
17
29
9
14
9
34
9
31
9
74
16
28
3
69
0
92
9
99
14
26
9
34
16
58
9
14
9
34
18
30
9
94
16
28
9
44
9
94
9
89
15
27
19
91
9
94
9
94
14
56
1
65
9
64
9
74
9
94
1
99
9
87
9
74
9
94
9
99
18
30
1
11
9
64
9
74
9
46
1
9
9
44
9
94
9
34
9
99
18
60
9
94
9
14
1
39
9
99
15
87
9
99
17
29
0
29
9
99
0
50
9
3
9
34
14
86
18
90
9
64
15
57
9
74
1
49
15
87
14
56
15
87
16
58
15
27
9
74
9
34
16
28
1
38
16
88
9
14
3
14
18
30
16
28
9
64
9
34
2
7
9
34
9
78
17
29
9
99
9
14
13
85
9
44
13
85
9
34
9
74
19
91
9
74
9
34
9
14
15
57
16
58
9
94
9
44
9
64
9
94
16
28
3
96
14
86
17
59
9
64
9
64
9
99
15
27
19
91
9
94
9
94
9
44
9
14
15
27
1
19
9
34
9
74
9
14
4
19
9
64
9
48
9
44
2
29
9
64
9
66
3
59
9
14
0
80
9
64
16
28
9
28
14
56
9
74
9
8
9
94
9
94
14
86
18
30
9
44
13
85
16
58
13
85
15
57
9
94
9
14
9
34
9
14
1
73
9
99
9
99
9
34
18
90
9
34
15
57
9
44
2
9
9
34
9
94
9
74
9
44
17
59
9
94
9
99
9
56
9
14
9
66
17
89
1
9
9
93
9
34
9
94
4
51
9
74
18
60
9
64
9
44
0
89
8
85
9
99
9
73
9
14
9
99
9
34
16
58
9
64
9
99
17
89
9
56
3
62
9
14
9
94
9
34
9
39
9
74
1
12
9
49
9
74
9
14
2
99
9
34
9
64
9
74
9
99
9
63
18
30
4
89
18
60
13
85
9
14
9
64
9
0
9
74
9
33
3
99
9
74
8
75
9
69
8
55
9
94
9
74
3
19
0
40
9
34
9
99
9
94
9
34
16
58
17
29
9
31
9
34
9
99
15
27
9
44
1
61
9
99
9
94
9
74
0
60
14
86
17
59
15
57
17
89
9
74
9
74
3
65
3
30
9
34
9
34
9
94
9
99
9
44
15
27
9
94
1
1
3
1
9
34
9
64
9
99
9
64
9
94
9
99
13
25
9
74
18
60
15
57
13
55
9
13
14
86
14
56
9
14
18
30
9
44
3
79
14
86
9
74
9
14
9
44
0
30
9
68
14
56
9
34
3
19
9
9
9
44
9
14
9
99
18
60
9
64
9
14
1
39
0
13
9
94
9
34
9
34
9
14
