13
55
9
76
9
14
9
14
9
94
16
88
9
73
9
99
13
55
9
74
9
34
9
34
9
94
9
14
9
34
9
44
9
14
9
99
15
27
13
55
9
44
15
57
14
86
15
87
15
87
9
94
9
94
9
34
12
24
9
94
0
20
9
74
0
90
16
58
9
99
9
34
9
38
9
64
9
99
13
55
9
34
9
99
9
14
9
99
9
99
15
87
9
74
9
99
9
14
9
14
13
25
13
22
9
74
16
58
9
14
12
84
9
74
15
27
9
64
13
55
9
33
9
99
9
13
9
34
9
44
9
74
9
14
15
27
13
25
9
74
9
34
9
73
11
23
15
27
9
74
13
25
9
44
9
14
9
14
13
25
9
74
14
86
9
94
9
74
9
99
9
56
9
64
15
87
9
44
17
29
11
83
9
64
9
34
9
44
9
34
9
99
9
99
14
26
0
90
9
74
14
86
9
14
9
64
9
44
13
85
9
64
15
87
13
85
15
27
9
14
9
94
9
44
0
30
9
44
14
26
9
91
15
87
9
64
9
64
9
34
9
64
9
99
16
28
9
99
9
64
15
57
9
43
17
59
9
64
9
13
9
64
9
74
14
86
11
23
9
28
12
54
9
77
9
99
9
44
12
54
14
26
9
99
9
99
13
85
9
94
0
70
9
99
9
14
9
44
12
84
12
54
9
99
9
44
9
34
13
82
9
64
9
94
9
74
9
34
13
85
9
74
17
52
9
34
9
64
9
64
9
74
14
86
9
94
9
14
9
64
16
28
14
26
9
33
9
64
9
99
11
53
9
99
9
34
9
94
16
28
9
14
9
13
9
14
15
57
9
99
9
44
14
86
11
53
13
25
9
44
16
28
11
23
17
89
9
73
9
63
9
94
9
64
9
99
15
57
9
94
13
25
0
80
9
34
9
74
9
34
9
99
9
99
9
14
9
99
9
44
13
55
9
34
14
86
15
57
9
44
9
44
9
99
17
89
15
87
16
28
9
19
16
88
9
64
9
64
9
11
9
13
9
64
14
26
13
25
12
24
9
47
9
74
9
44
16
88
9
34
9
14
9
64
13
55
9
74
9
99
9
99
11
53
9
44
14
26
17
59
12
84
9
34
9
94
13
25
9
36
2
59
9
94
9
14
14
86
9
99
9
34
9
44
13
85
9
94
9
14
9
14
16
51
9
74
9
34
17
52
0
63
15
27
9
64
9
94
9
94
17
59
0
70
9
94
16
58
12
84
9
8
14
56
13
25
9
13
11
53
9
34
15
27
9
64
9
34
9
64
11
23
0
29
9
34
9
94
9
44
9
94
17
59
9
74
9
44
17
29
1
73
9
93
9
64
9
94
9
34
9
74
9
99
9
99
16
58
9
99
3
9
9
11
9
14
9
63
9
34
9
74
9
74
2
68
9
74
2
83
14
86
16
28
9
94
9
14
16
58
9
3
9
63
17
29
9
14
9
61
17
89
13
85
9
14
9
34
9
73
9
93
9
73
11
23
17
59
15
27
9
99
9
94
9
33
9
99
13
25
0
90
0
20
9
1
13
25
9
99
9
99
9
14
9
74
9
86
9
74
9
74
9
74
11
23
9
99
9
64
9
33
9
74
9
64
14
86
9
14
9
96
13
85
9
99
9
34
9
34
3
39
2
32
16
88
9
99
9
44
14
26
9
13
9
64
16
88
9
34
1
96
9
56
9
64
9
99
16
58
13
85
9
44
9
74
9
34
9
44
12
24
17
29
9
99
9
14
9
44
0
4
9
68
15
87
15
27
9
34
9
74
9
64
9
43
9
14
9
14
9
74
15
87
14
86
0
49
9
44
2
79
12
84
9
99
4
89
16
58
9
34
9
94
9
99
9
44
16
88
0
40
9
88
9
74
1
39
9
64
9
74
9
99
9
99
9
14
16
88
14
22
4
49
9
34
9
74
1
66
9
44
9
94
14
26
9
44
9
44
9
94
3
29
1
99
12
84
9
99
9
14
9
64
9
34
13
85
8
35
15
27
15
57
9
74
13
25
9
33
9
14
9
94
15
27
9
64
15
87
9
44
9
99
9
14
14
26
11
53
9
94
9
94
0
90
9
99
17
59
15
87
9
4
9
28
9
44
9
94
9
0
9
64
9
44
14
26
12
24
9
94
13
55
9
99
9
74
0
31
15
57
1
90
2
84
9
64
9
74
2
10
14
56
14
86
9
94
9
99
9
99
9
34
0
59
16
28
9
99
9
44
3
50
9
74
9
99
13
85
9
44
9
44
9
94
9
34
16
58
9
99
9
99
9
44
9
64
9
44
9
14
9
44
1
49
9
27
3
79
9
14
9
64
9
34
16
28
15
87
9
64
16
88
12
24
9
99
9
77
4
59
2
89
15
27
9
34
9
74
9
99
9
34
9
99
16
88
1
79
12
24
9
34
14
86
16
28
12
24
14
26
1
79
9
94
9
44
9
44
9
14
13
55
2
59
9
99
9
14
9
64
16
88
1
31
9
64
3
19
9
14
9
44
1
44
9
74
9
64
9
64
9
14
0
10
16
22
3
89
12
84
9
44
12
24
9
64
9
34
9
34
9
8
15
57
17
89
13
55
9
34
9
14
14
86
9
94
5
74
9
99
1
9
2
91
9
14
2
4
9
14
14
26
9
13
9
66
9
26
9
14
9
63
9
94
9
74
9
63
9
74
13
25
3
39
9
78
9
44
9
64
0
40
9
44
9
44
1
89
9
44
9
34
9
44
9
94
14
26
9
34
9
99
9
99
9
33
4
42
9
64
9
94
9
99
9
24
9
44
14
26
9
71
9
99
9
46
12
24
13
55
9
86
1
17
9
64
9
99
9
94
9
44
9
34
9
14
15
27
9
94
9
94
9
63
9
63
12
24
13
82
9
94
9
13
2
29
17
89
0
30
9
64
9
7
9
44
16
88
14
56
9
44
4
93
0
90
14
56
16
58
2
69
9
99
9
98
13
85
2
24
9
34
9
94
0
53
9
99
9
34
15
57
9
34
9
14
2
99
9
94
9
74
14
86
3
99
9
94
14
26
9
39
9
14
3
99
9
28
17
59
9
31
9
74
13
25
9
33
9
34
3
80
2
81
9
44
9
64
9
99
16
28
2
59
14
26
3
9
4
39
9
99
9
64
9
44
9
94
9
44
9
64
9
44
2
9
9
17
15
27
9
14
9
34
9
31
9
74
14
26
3
69
0
92
9
99
12
24
9
34
14
56
9
13
9
34
16
28
9
94
14
26
9
44
9
94
9
89
13
25
17
89
9
94
9
94
12
54
1
65
9
64
9
74
9
94
1
99
9
87
9
74
9
94
9
99
16
28
1
11
9
64
9
74
9
46
1
9
9
43
9
94
9
34
9
99
16
58
9
93
9
14
1
39
9
99
13
85
9
99
15
27
0
29
9
99
0
50
9
3
9
34
12
84
16
88
9
64
13
55
9
74
1
49
13
85
12
54
13
85
14
56
13
25
9
74
9
34
14
26
1
38
14
86
9
14
3
14
16
28
14
26
9
64
9
34
2
7
9
34
9
78
15
27
9
99
9
14
11
83
9
44
11
83
9
34
9
74
17
89
9
74
9
34
9
14
13
55
14
56
9
94
9
44
9
64
9
94
14
26
3
96
12
84
15
57
9
64
9
64
9
99
13
25
17
89
9
94
9
94
9
44
9
14
13
25
1
19
9
34
9
74
9
14
4
19
9
64
9
48
9
43
2
29
9
64
9
66
3
59
9
14
0
80
9
64
14
26
9
28
12
54
9
74
9
8
9
94
9
94
12
84
16
28
9
44
11
83
14
56
11
83
13
55
9
94
9
14
9
34
9
14
1
73
9
99
9
99
9
34
16
88
9
34
13
55
9
44
2
9
9
34
9
94
9
74
9
44
15
57
9
94
9
99
9
56
9
14
9
66
15
87
1
9
9
93
9
34
9
93
4
51
9
74
16
58
9
64
9
44
0
89
8
85
9
99
9
73
9
14
9
99
9
34
14
56
9
64
9
99
15
87
9
56
3
62
9
13
9
94
9
34
9
39
9
74
1
12
9
49
9
74
9
14
2
99
9
34
9
64
9
74
9
99
9
63
16
28
4
89
16
58
11
83
9
14
9
64
9
0
9
74
9
33
3
99
9
74
8
75
9
69
8
55
9
94
9
74
3
19
0
40
9
34
9
99
9
94
9
34
14
56
15
27
9
31
9
34
9
99
13
25
9
44
1
61
9
99
9
94
9
74
0
60
12
84
15
57
13
55
15
87
9
74
9
74
3
65
3
30
9
34
9
34
9
94
9
99
9
44
13
25
9
94
1
1
3
1
9
34
9
64
9
99
9
64
9
94
9
99
11
23
9
74
16
58
13
55
11
53
9
13
12
84
12
54
9
14
16
28
9
44
3
79
12
84
9
74
9
14
9
44
0
30
9
68
12
54
9
34
3
19
9
9
9
44
9
14
9
99
16
58
9
64
9
14
1
39
0
13
9
93
9
34
9
34
9
14
