10
52
9
76
9
14
9
11
9
93
13
85
9
70
9
99
10
52
9
74
9
32
9
32
9
92
9
14
9
33
9
42
9
12
9
99
12
24
10
52
9
43
12
54
11
83
12
84
12
84
9
92
9
91
9
32
9
21
9
93
0
20
9
72
0
90
13
55
9
99
9
34
9
38
9
61
9
99
10
52
9
34
9
99
9
14
9
99
9
99
12
84
9
72
9
99
9
14
9
11
10
22
10
22
9
72
13
55
9
14
9
81
9
71
12
24
9
64
10
52
9
30
9
99
9
10
9
34
9
44
9
73
9
11
12
24
10
22
9
74
9
34
9
70
9
20
12
24
9
74
10
22
9
42
9
14
9
12
10
22
9
72
11
83
9
94
9
73
9
99
9
56
9
64
12
84
9
44
14
26
9
80
9
62
9
33
9
42
9
32
9
99
9
99
11
23
0
90
9
73
11
83
9
12
9
63
9
42
10
82
9
64
12
84
10
82
12
24
9
13
9
93
9
42
0
30
9
44
11
23
9
91
12
84
9
63
9
64
9
34
9
63
9
99
13
25
9
99
9
61
12
54
9
40
14
56
9
62
9
10
9
62
9
72
11
83
9
20
9
28
9
51
9
80
9
99
9
42
9
51
11
23
9
99
9
99
10
82
9
92
0
70
9
99
9
14
9
44
9
81
9
51
9
99
9
44
9
31
10
82
9
63
9
93
9
72
9
31
10
82
9
74
14
52
9
34
9
64
9
64
9
72
11
83
9
92
9
11
9
62
13
25
11
23
9
33
9
64
9
99
9
50
9
99
9
33
9
94
13
25
9
13
9
10
9
13
12
54
9
99
9
42
11
83
9
50
10
22
9
44
13
25
9
20
14
86
9
70
9
60
9
94
9
61
9
99
12
54
9
94
10
22
0
80
9
34
9
72
9
34
9
99
9
99
9
14
9
99
9
43
10
52
9
31
11
83
12
54
9
44
9
43
9
99
14
86
12
84
13
25
9
19
13
85
9
64
9
63
9
11
9
10
9
64
11
23
10
22
9
21
9
47
9
73
9
43
13
85
9
34
9
14
9
64
10
52
9
74
9
99
9
99
9
50
9
44
11
23
14
56
9
81
9
34
9
92
10
22
9
36
2
59
9
91
9
11
11
83
9
99
9
32
9
44
10
82
9
91
9
12
9
12
13
51
9
72
9
32
14
52
0
63
12
24
9
62
9
94
9
94
14
56
0
70
9
94
13
55
9
81
9
8
11
53
10
22
9
13
9
50
9
34
12
24
9
61
9
33
9
64
9
20
0
29
9
31
9
93
9
43
9
93
14
56
9
74
9
43
14
26
1
73
9
93
9
63
9
92
9
34
9
72
9
99
9
99
13
55
9
99
3
9
9
11
9
13
9
60
9
34
9
73
9
74
2
68
9
73
2
83
11
83
13
25
9
94
9
14
13
55
9
3
9
60
14
26
9
14
9
61
14
86
10
82
9
14
9
33
9
70
9
90
9
70
9
20
14
56
12
24
9
99
9
93
9
30
9
99
10
22
0
90
0
20
9
1
10
22
9
99
9
99
9
14
9
74
9
87
9
71
9
73
9
72
9
20
9
99
9
63
9
30
9
72
9
64
11
83
9
12
9
96
10
82
9
99
9
31
9
34
3
39
2
32
13
85
9
99
9
42
11
23
9
10
9
64
13
85
9
32
1
96
9
57
9
62
9
99
13
55
10
82
9
44
9
73
9
34
9
44
9
21
14
26
9
99
9
11
9
44
0
4
9
68
12
84
12
24
9
32
9
74
9
63
9
40
9
13
9
11
9
73
12
84
11
83
0
49
9
42
2
79
9
81
9
99
4
89
13
55
9
33
9
93
9
99
9
42
13
85
0
40
9
88
9
72
1
39
9
64
9
72
9
99
9
99
9
14
13
85
11
22
4
49
9
34
9
72
1
66
9
44
9
93
11
23
9
44
9
44
9
94
3
29
1
99
9
81
9
99
9
14
9
61
9
32
10
82
8
35
12
24
12
54
9
73
10
22
9
30
9
14
9
92
12
24
9
63
12
84
9
44
9
99
9
12
11
23
9
50
9
92
9
94
0
90
9
99
14
56
12
84
9
4
9
28
9
44
9
94
9
0
9
63
9
44
11
23
9
21
9
94
10
52
9
99
9
72
0
31
12
54
1
90
2
84
9
64
9
71
2
10
11
53
11
83
9
91
9
99
9
99
9
33
0
59
13
25
9
99
9
43
3
50
9
72
9
99
10
82
9
43
9
42
9
94
9
33
13
55
9
99
9
99
9
42
9
62
9
44
9
14
9
41
1
49
9
27
3
79
9
13
9
62
9
32
13
25
12
84
9
62
13
85
9
21
9
99
9
77
4
59
2
89
12
24
9
34
9
74
9
99
9
34
9
99
13
85
1
79
9
21
9
33
11
83
13
25
9
21
11
23
1
79
9
94
9
41
9
42
9
14
10
52
2
59
9
99
9
14
9
62
13
85
1
31
9
64
3
19
9
11
9
41
1
44
9
74
9
62
9
61
9
13
0
10
13
22
3
89
9
81
9
42
9
21
9
63
9
33
9
33
9
8
12
54
14
86
10
52
9
34
9
14
11
83
9
91
5
74
9
99
1
9
2
91
9
14
2
4
9
14
11
23
9
10
9
67
9
27
9
14
9
60
9
93
9
74
9
60
9
74
10
22
3
39
9
78
9
43
9
63
0
40
9
41
9
42
1
89
9
43
9
31
9
44
9
92
11
23
9
34
9
99
9
99
9
30
4
42
9
62
9
94
9
99
9
24
9
43
11
23
9
71
9
99
9
46
9
21
10
52
9
86
1
17
9
63
9
99
9
92
9
43
9
34
9
13
12
24
9
91
9
92
9
60
9
60
9
21
10
82
9
94
9
10
2
29
14
86
0
30
9
61
9
7
9
42
13
85
11
53
9
44
4
93
0
90
11
53
13
55
2
69
9
99
9
98
10
82
2
24
9
34
9
92
0
53
9
99
9
33
12
54
9
34
9
12
2
99
9
92
9
72
11
83
3
99
9
93
11
23
9
39
9
14
3
99
9
28
14
56
9
31
9
73
10
22
9
30
9
34
3
80
2
81
9
41
9
63
9
99
13
25
2
59
11
23
3
9
4
39
9
99
9
64
9
44
9
91
9
44
9
64
9
41
2
9
9
17
12
24
9
14
9
33
9
31
9
72
11
23
3
69
0
92
9
99
9
21
9
34
11
53
9
10
9
34
13
25
9
94
11
23
9
41
9
94
9
89
10
22
14
86
9
94
9
91
9
51
1
65
9
63
9
73
9
92
1
99
9
87
9
72
9
94
9
99
13
25
1
11
9
62
9
73
9
46
1
9
9
40
9
94
9
31
9
99
13
55
9
90
9
14
1
39
9
99
10
82
9
99
12
24
0
29
9
99
0
50
9
3
9
33
9
81
13
85
9
64
10
52
9
74
1
49
10
82
9
51
10
82
11
53
10
22
9
74
9
33
11
23
1
38
11
83
9
14
3
14
13
25
11
23
9
61
9
32
2
7
9
34
9
78
12
24
9
99
9
13
9
80
9
44
9
80
9
33
9
71
14
86
9
74
9
34
9
12
10
52
11
53
9
92
9
43
9
63
9
93
11
23
3
96
9
81
12
54
9
63
9
63
9
99
10
22
14
86
9
92
9
93
9
41
9
13
10
22
1
19
9
33
9
74
9
14
4
19
9
61
9
48
9
40
2
29
9
64
9
67
3
59
9
14
0
80
9
62
11
23
9
28
9
51
9
74
9
8
9
91
9
92
9
81
13
25
9
44
9
80
11
53
9
80
10
52
9
93
9
14
9
33
9
12
1
73
9
99
9
99
9
34
13
85
9
31
10
52
9
44
2
9
9
32
9
94
9
73
9
44
12
54
9
94
9
99
9
57
9
12
9
66
12
84
1
9
9
93
9
32
9
90
4
51
9
74
13
55
9
64
9
44
0
89
8
85
9
99
9
73
9
11
9
99
9
33
11
53
9
63
9
99
12
84
9
56
3
62
9
10
9
94
9
31
9
39
9
72
1
12
9
49
9
72
9
14
2
99
9
34
9
61
9
73
9
99
9
63
13
25
4
89
13
55
9
80
9
13
9
63
9
0
9
71
9
33
3
99
9
74
8
75
9
69
8
55
9
94
9
74
3
19
0
40
9
34
9
99
9
94
9
34
11
53
12
24
9
31
9
34
9
99
10
22
9
44
1
61
9
99
9
92
9
72
0
60
9
81
12
54
10
52
12
84
9
71
9
73
3
65
3
30
9
33
9
34
9
91
9
99
9
44
10
22
9
92
1
1
3
1
9
33
9
63
9
99
9
64
9
94
9
99
9
20
9
74
13
55
10
52
9
50
9
13
9
81
9
51
9
11
13
25
9
44
3
79
9
81
9
74
9
13
9
44
0
30
9
68
9
51
9
34
3
19
9
9
9
44
9
14
9
99
13
55
9
64
9
12
1
39
0
13
9
90
9
32
9
33
9
14
