17
59
9
76
9
14
9
14
9
94
19
92
9
74
9
99
17
59
9
74
9
34
9
34
9
94
9
14
9
34
9
44
9
14
9
99
19
31
17
59
9
44
19
61
18
90
19
91
19
91
9
94
9
94
9
34
16
28
9
94
0
20
9
74
0
90
19
62
9
99
9
34
9
38
9
64
9
99
17
59
9
34
9
99
9
14
9
99
9
99
19
91
9
74
9
99
9
14
9
14
17
29
17
22
9
74
19
62
9
14
16
88
9
74
19
31
9
64
17
59
9
34
9
99
9
14
9
34
9
44
9
74
9
14
19
31
17
29
9
74
9
34
9
74
15
27
19
31
9
74
17
29
9
44
9
14
9
14
17
29
9
74
18
90
9
94
9
74
9
99
9
56
9
64
19
91
9
44
19
33
15
87
9
64
9
34
9
44
9
34
9
99
9
99
18
30
0
90
9
74
18
90
9
14
9
64
9
44
17
89
9
64
19
91
17
89
19
31
9
14
9
94
9
44
0
30
9
44
18
30
9
91
19
91
9
64
9
64
9
34
9
64
9
99
19
32
9
99
9
64
19
61
9
44
19
63
9
64
9
14
9
64
9
74
18
90
15
27
9
28
16
58
9
76
9
99
9
44
16
58
18
30
9
99
9
99
17
89
9
94
0
70
9
99
9
14
9
44
16
88
16
58
9
99
9
44
9
34
17
82
9
64
9
94
9
74
9
34
17
89
9
74
19
52
9
34
9
64
9
64
9
74
18
90
9
94
9
14
9
64
19
32
18
30
9
33
9
64
9
99
15
57
9
99
9
34
9
94
19
32
9
14
9
14
9
14
19
61
9
99
9
44
18
90
15
57
17
29
9
44
19
32
15
27
19
93
9
74
9
64
9
94
9
64
9
99
19
61
9
94
17
29
0
80
9
34
9
74
9
34
9
99
9
99
9
14
9
99
9
44
17
59
9
34
18
90
19
61
9
44
9
44
9
99
19
93
19
91
19
32
9
19
19
92
9
64
9
64
9
11
9
14
9
64
18
30
17
29
16
28
9
47
9
74
9
44
19
92
9
34
9
14
9
64
17
59
9
74
9
99
9
99
15
57
9
44
18
30
19
63
16
88
9
34
9
94
17
29
9
36
2
59
9
94
9
14
18
90
9
99
9
34
9
44
17
89
9
94
9
14
9
14
19
50
9
74
9
34
19
52
0
63
19
31
9
64
9
94
9
94
19
63
0
70
9
94
19
62
16
88
9
8
18
60
17
29
9
13
15
57
9
34
19
31
9
64
9
34
9
64
15
27
0
29
9
34
9
94
9
44
9
94
19
63
9
74
9
44
19
33
1
73
9
93
9
64
9
94
9
34
9
74
9
99
9
99
19
62
9
99
3
9
9
11
9
14
9
64
9
34
9
74
9
74
2
68
9
74
2
83
18
90
19
32
9
94
9
14
19
62
9
3
9
64
19
33
9
14
9
61
19
93
17
89
9
14
9
34
9
74
9
94
9
74
15
27
19
63
19
31
9
99
9
94
9
34
9
99
17
29
0
90
0
20
9
1
17
29
9
99
9
99
9
14
9
74
9
86
9
74
9
74
9
74
15
27
9
99
9
64
9
34
9
74
9
64
18
90
9
14
9
96
17
89
9
99
9
34
9
34
3
39
2
32
19
92
9
99
9
44
18
30
9
14
9
64
19
92
9
34
1
96
9
56
9
64
9
99
19
62
17
89
9
44
9
74
9
34
9
44
16
28
19
33
9
99
9
14
9
44
0
4
9
68
19
91
19
31
9
34
9
74
9
64
9
44
9
14
9
14
9
74
19
91
18
90
0
49
9
44
2
79
16
88
9
99
4
89
19
62
9
34
9
94
9
99
9
44
19
92
0
40
9
88
9
74
1
39
9
64
9
74
9
99
9
99
9
14
19
92
18
22
4
49
9
34
9
74
1
66
9
44
9
94
18
30
9
44
9
44
9
94
3
29
1
99
16
88
9
99
9
14
9
64
9
34
17
89
8
35
19
31
19
61
9
74
17
29
9
34
9
14
9
94
19
31
9
64
19
91
9
44
9
99
9
14
18
30
15
57
9
94
9
94
0
90
9
99
19
63
19
91
9
4
9
28
9
44
9
94
9
0
9
64
9
44
18
30
16
28
9
94
17
59
9
99
9
74
0
31
19
61
1
90
2
84
9
64
9
74
2
10
18
60
18
90
9
94
9
99
9
99
9
34
0
59
19
32
9
99
9
44
3
50
9
74
9
99
17
89
9
44
9
44
9
94
9
34
19
62
9
99
9
99
9
44
9
64
9
44
9
14
9
44
1
49
9
27
3
79
9
14
9
64
9
34
19
32
19
91
9
64
19
92
16
28
9
99
9
77
4
59
2
89
19
31
9
34
9
74
9
99
9
34
9
99
19
92
1
79
16
28
9
34
18
90
19
32
16
28
18
30
1
79
9
94
9
44
9
44
9
14
17
59
2
59
9
99
9
14
9
64
19
92
1
31
9
64
3
19
9
14
9
44
1
44
9
74
9
64
9
64
9
14
0
10
19
22
3
89
16
88
9
44
16
28
9
64
9
34
9
34
9
8
19
61
19
93
17
59
9
34
9
14
18
90
9
94
5
74
9
99
1
9
2
91
9
14
2
4
9
14
18
30
9
14
9
66
9
26
9
14
9
64
9
94
9
74
9
64
9
74
17
29
3
39
9
78
9
44
9
64
0
40
9
44
9
44
1
89
9
44
9
34
9
44
9
94
18
30
9
34
9
99
9
99
9
34
4
42
9
64
9
94
9
99
9
24
9
44
18
30
9
71
9
99
9
46
16
28
17
59
9
86
1
17
9
64
9
99
9
94
9
44
9
34
9
14
19
31
9
94
9
94
9
64
9
64
16
28
17
82
9
94
9
14
2
29
19
93
0
30
9
64
9
7
9
44
19
92
18
60
9
44
4
93
0
90
18
60
19
62
2
69
9
99
9
98
17
89
2
24
9
34
9
94
0
53
9
99
9
34
19
61
9
34
9
14
2
99
9
94
9
74
18
90
3
99
9
94
18
30
9
39
9
14
3
99
9
28
19
63
9
31
9
74
17
29
9
34
9
34
3
80
2
81
9
44
9
64
9
99
19
32
2
59
18
30
3
9
4
39
9
99
9
64
9
44
9
94
9
44
9
64
9
44
2
9
9
17
19
31
9
14
9
34
9
31
9
74
18
30
3
69
0
92
9
99
16
28
9
34
18
60
9
14
9
34
19
32
9
94
18
30
9
44
9
94
9
89
17
29
19
93
9
94
9
94
16
58
1
65
9
64
9
74
9
94
1
99
9
87
9
74
9
94
9
99
19
32
1
11
9
64
9
74
9
46
1
9
9
44
9
94
9
34
9
99
19
62
9
94
9
14
1
39
9
99
17
89
9
99
19
31
0
29
9
99
0
50
9
3
9
34
16
88
19
92
9
64
17
59
9
74
1
49
17
89
16
58
17
89
18
60
17
29
9
74
9
34
18
30
1
38
18
90
9
14
3
14
19
32
18
30
9
64
9
34
2
7
9
34
9
78
19
31
9
99
9
14
15
87
9
44
15
87
9
34
9
74
19
93
9
74
9
34
9
14
17
59
18
60
9
94
9
44
9
64
9
94
18
30
3
96
16
88
19
61
9
64
9
64
9
99
17
29
19
93
9
94
9
94
9
44
9
14
17
29
1
19
9
34
9
74
9
14
4
19
9
64
9
48
9
44
2
29
9
64
9
66
3
59
9
14
0
80
9
64
18
30
9
28
16
58
9
74
9
8
9
94
9
94
16
88
19
32
9
44
15
87
18
60
15
87
17
59
9
94
9
14
9
34
9
14
1
73
9
99
9
99
9
34
19
92
9
34
17
59
9
44
2
9
9
34
9
94
9
74
9
44
19
61
9
94
9
99
9
56
9
14
9
66
19
91
1
9
9
93
9
34
9
94
4
51
9
74
19
62
9
64
9
44
0
89
8
85
9
99
9
73
9
14
9
99
9
34
18
60
9
64
9
99
19
91
9
56
3
62
9
14
9
94
9
34
9
39
9
74
1
12
9
49
9
74
9
14
2
99
9
34
9
64
9
74
9
99
9
63
19
32
4
89
19
62
15
87
9
14
9
64
9
0
9
74
9
33
3
99
9
74
8
75
9
69
8
55
9
94
9
74
3
19
0
40
9
34
9
99
9
94
9
34
18
60
19
31
9
31
9
34
9
99
17
29
9
44
1
61
9
99
9
94
9
74
0
60
16
88
19
61
17
59
19
91
9
74
9
74
3
65
3
30
9
34
9
34
9
94
9
99
9
44
17
29
9
94
1
1
3
1
9
34
9
64
9
99
9
64
9
94
9
99
15
27
9
74
19
62
17
59
15
57
9
13
16
88
16
58
9
14
19
32
9
44
3
79
16
88
9
74
9
14
9
44
0
30
9
68
16
58
9
34
3
19
9
9
9
44
9
14
9
99
19
62
9
64
9
14
1
39
0
13
9
94
9
34
9
34
9
14
