4
75
6
89
6
49
7
36
7
96
5
78
7
15
5
79
5
58
7
95
4
87
0
80
6
49
6
9
8
86
7
55
7
84
5
18
4
38
5
56
6
27
4
9
5
69
7
95
5
97
4
15
7
39
7
29
8
99
4
67
7
89
4
77
4
69
5
48
5
19
7
69
7
99
8
48
5
69
4
36
7
19
6
56
4
88
4
77
7
97
7
7
7
59
4
9
7
25
5
59
6
16
4
39
8
46
4
79
5
35
6
24
4
96
4
19
8
99
4
75
5
69
6
69
4
65
8
30
5
59
4
99
4
26
8
99
6
39
6
79
6
19
4
48
8
17
5
26
8
30
7
54
5
67
6
6
8
99
8
16
8
30
7
58
7
47
5
19
7
59
6
59
4
5
5
49
8
38
5
74
7
99
7
14
7
8
6
39
6
9
6
18
4
78
5
59
4
25
6
9
6
4
7
9
5
77
8
8
7
79
6
46
6
39
7
67
4
59
6
38
6
67
6
75
4
69
8
99
6
99
7
68
5
89
8
30
4
39
8
56
7
38
6
14
6
96
5
79
8
90
8
48
8
50
7
56
6
39
8
85
5
26
8
99
5
59
8
6
7
47
5
59
6
44
5
85
6
5
4
89
7
39
4
78
0
0
4
89
6
75
8
20
5
79
5
49
8
38
5
18
5
88
4
67
4
88
5
39
4
76
6
99
5
48
5
27
7
89
5
49
7
36
5
89
7
59
8
16
8
17
6
79
7
86
5
39
4
19
0
40
5
27
4
99
5
86
6
16
4
74
4
9
4
98
6
86
8
50
4
9
7
59
8
76
7
8
4
38
5
87
4
99
7
95
7
76
6
7
8
30
5
78
7
36
4
89
8
99
5
43
6
63
4
25
4
19
8
9
8
68
6
29
8
39
6
39
6
4
8
95
4
64
8
90
4
9
7
74
0
60
7
37
5
49
5
89
7
5
8
48
8
58
5
56
8
95
4
6
5
69
8
28
5
9
7
59
8
45
7
59
8
67
6
17
8
60
6
29
8
10
5
98
7
86
8
40
7
55
7
39
8
30
5
98
5
66
5
14
7
85
7
99
4
57
5
86
5
18
7
69
5
89
5
99
4
19
7
27
5
24
5
84
5
36
8
47
8
50
4
84
7
68
5
29
6
49
6
77
7
5
8
9
6
59
6
79
6
19
7
47
7
9
5
29
4
29
4
64
5
69
7
78
5
39
5
64
2
49
5
15
6
49
5
64
6
39
7
49
8
60
6
99
6
79
0
0
6
49
6
29
7
89
4
63
5
87
7
49
8
10
8
60
5
65
7
49
6
44
7
89
7
97
7
49
7
87
8
65
8
49
5
89
4
19
5
29
6
54
4
57
7
37
4
59
6
98
5
19
6
49
5
33
8
56
7
99
5
16
7
17
5
94
6
9
8
50
7
9
4
8
8
30
4
39
7
45
6
6
4
29
6
19
6
14
4
49
5
79
6
89
6
89
7
79
8
75
7
96
5
69
8
76
7
77
8
50
4
99
4
19
6
39
1
88
6
89
6
39
4
68
8
50
5
89
4
58
6
99
4
79
7
79
7
22
7
94
6
46
4
59
6
69
8
65
7
25
7
79
7
36
8
75
1
57
6
59
5
48
6
38
5
79
5
24
4
59
5
79
7
35
6
19
4
99
0
79
5
64
6
19
4
15
5
9
4
88
4
69
6
8
6
87
6
49
8
60
5
36
0
30
4
69
5
89
6
89
4
18
7
84
4
49
8
95
0
0
8
40
8
41
0
80
6
16
6
58
8
25
5
29
7
99
8
60
8
38
4
67
5
54
4
15
1
65
4
19
5
42
6
59
5
69
4
85
4
9
5
49
0
0
7
9
8
10
4
49
6
49
7
79
8
15
5
86
5
99
4
76
5
79
7
79
5
44
4
14
1
29
7
15
4
38
6
59
6
66
8
90
8
57
8
74
5
65
5
69
0
20
4
5
4
49
4
8
7
59
4
3
5
29
7
79
6
57
8
70
7
29
4
99
4
69
5
45
4
59
4
49
8
50
8
40
8
90
7
59
4
99
5
99
7
9
5
9
4
19
5
54
6
19
5
27
6
68
7
4
6
44
5
97
6
99
7
5
8
25
5
19
5
65
6
34
7
84
5
89
7
49
8
87
8
36
8
8
7
59
1
59
6
21
6
29
8
9
5
6
4
79
7
17
8
79
5
59
5
59
7
14
8
40
6
89
6
57
6
39
5
55
4
89
6
79
6
96
5
16
6
79
4
79
8
70
8
70
4
26
7
16
0
10
7
79
8
17
6
26
2
29
8
6
7
34
5
99
8
99
7
29
6
55
7
94
8
80
6
69
7
88
7
49
4
5
4
89
5
29
6
26
6
69
8
78
5
29
7
99
1
25
4
28
4
9
8
75
7
26
7
69
6
97
7
69
5
7
4
49
7
35
4
89
5
88
8
99
6
99
5
54
6
19
6
29
5
16
5
39
5
99
4
9
7
14
7
79
4
27
8
5
5
59
5
59
6
37
5
6
5
39
5
69
2
76
6
69
7
18
8
70
5
9
7
16
5
49
4
49
6
97
6
99
6
58
7
79
5
78
7
45
4
49
6
61
4
48
1
79
0
40
8
66
4
44
6
94
5
6
5
8
6
19
4
16
4
78
4
97
8
93
8
68
7
54
4
36
5
39
0
20
7
29
7
57
6
58
8
20
8
58
6
9
7
68
1
59
8
92
4
86
8
40
6
84
6
69
6
59
0
10
8
60
7
16
5
9
7
47
4
67
5
19
3
39
8
7
8
50
6
57
4
19
6
9
5
75
7
65
4
6
8
11
7
64
5
19
1
78
5
49
4
54
7
78
7
87
8
88
7
76
8
90
8
60
4
78
5
64
4
24
5
49
5
45
0
50
6
15
6
9
4
83
4
79
5
19
7
38
5
69
5
9
5
8
4
26
8
49
5
15
4
94
7
76
8
68
8
95
4
86
4
54
7
14
6
9
7
19
4
39
4
35
5
98
7
29
4
84
7
58
4
99
4
19
8
58
4
28
0
50
4
79
7
69
8
87
6
19
6
77
6
69
8
50
4
39
4
64
6
19
8
48
4
39
7
26
4
45
6
98
4
99
8
77
4
34
4
69
6
98
4
35
4
67
4
99
6
84
7
99
8
69
5
4
5
69
4
57
2
9
0
10
4
65
7
46
5
9
8
9
8
10
6
76
8
25
7
57
5
45
6
57
6
29
5
86
8
99
7
25
5
28
4
28
8
65
8
48
7
38
4
29
4
99
4
68
4
18
6
17
5
49
5
64
5
17
4
99
7
39
6
44
8
80
4
28
6
74
8
99
8
7
6
89
6
19
4
29
4
49
8
79
8
99
7
15
5
39
6
76
4
49
7
59
8
78
5
36
5
56
8
80
4
88
6
36
4
16
5
99
6
7
5
76
6
85
7
84
8
9
7
38
5
64
6
94
6
9
0
60
5
59
5
39
8
77
8
19
5
18
4
26
8
38
8
55
8
88
7
99
8
57
5
18
7
89
1
8
5
49
4
9
8
90
8
35
5
19
6
74
5
5
4
79
8
30
4
39
4
64
4
37
5
99
1
19
6
68
4
37
7
49
7
46
7
49
8
86
4
45
8
56
7
39
5
39
6
34
7
29
2
99
7
98
4
29
6
89
7
29
5
16
8
87
5
59
5
24
6
57
0
99
5
39
8
60
4
16
6
8
2
76
8
20
5
39
4
44
7
17
7
79
5
49
5
9
7
59
5
95
7
99
7
47
7
29
4
61
5
5
4
19
5
58
4
57
5
45
5
28
8
90
7
97
6
49
1
37
8
39
6
96
8
79
5
6
4
48
5
19
0
0
1
9
6
89
7
99
8
50
7
99
5
9
6
29
8
99
5
86
4
94
4
86
6
19
0
0
4
14
8
6
5
29
6
72
4
39
5
24
4
26
8
40
8
10
5
39
6
14
1
19
4
59
7
6
5
24
5
59
7
39
4
7
4
77
7
68
6
74
6
49
8
88
5
55
5
49
6
98
6
98
6
95
1
59
3
54
4
59
6
74
0
60
7
75
5
79
5
49
8
10
6
99
8
40
7
64
5
49
7
94
7
65
8
20
7
89
5
59
4
9
5
59
5
86
8
6
7
74
6
29
8
10
6
9
7
84
6
46
7
79
5
87
7
19
8
99
4
29
6
99
5
86
4
59
7
18
5
86
8
37
8
20
8
46
4
96
0
50
5
14
7
39
8
75
4
8
8
36
7
9
6
24
6
5
8
47
6
99
8
70
8
18
4
66
5
89
8
20
5
65
5
28
6
78
5
49
7
97
8
32
4
39
8
28
5
59
8
50
6
49
7
39
6
17
4
89
8
36
7
79
7
89
5
54
8
90
8
30
0
80
0
40
5
64
5
44
5
35
5
66
7
39
5
69
4
89
8
68
7
19
8
50
6
19
8
95
5
64
5
48
4
28
6
46
7
19
8
99
5
99
