14
86
9
94
17
59
9
44
9
99
16
88
14
26
16
88
9
64
9
99
9
94
0
80
17
59
9
14
9
94
9
64
9
94
16
28
9
44
9
64
9
34
9
14
9
74
9
99
9
99
14
26
9
44
9
34
9
99
9
74
9
94
15
87
9
74
16
58
16
28
9
74
9
99
17
59
9
74
9
44
18
30
9
64
9
94
15
87
9
99
9
14
9
64
9
14
9
34
9
64
9
16
9
44
15
57
15
87
9
44
9
34
9
99
15
27
9
99
14
86
9
74
9
74
9
74
9
34
9
64
9
99
9
34
9
99
9
44
17
89
17
29
15
57
16
28
9
34
9
34
9
64
9
74
9
14
9
99
15
27
9
34
9
64
16
58
16
28
9
64
9
64
9
14
16
58
9
44
13
85
9
99
13
25
9
14
9
44
9
14
17
29
15
87
9
64
9
34
9
14
9
14
9
14
16
88
9
14
18
90
15
57
9
44
9
74
9
64
9
44
9
74
14
86
9
74
9
99
9
99
9
74
9
94
9
34
9
44
9
64
9
44
13
25
9
99
16
88
9
94
17
59
19
61
9
64
9
44
9
94
9
34
9
99
9
64
9
14
16
58
9
64
13
55
9
94
9
14
9
94
9
44
15
87
0
0
9
94
14
86
19
31
16
88
16
58
9
44
16
28
9
94
9
74
9
94
9
44
15
87
9
99
16
58
9
34
9
94
16
58
9
44
9
94
9
64
15
27
16
28
17
89
9
94
9
44
15
27
0
40
9
34
9
99
9
94
15
27
13
85
9
14
9
99
9
94
19
61
9
14
9
64
15
87
9
14
9
44
9
94
9
99
9
99
15
87
9
14
9
34
16
88
9
44
9
94
9
99
9
43
9
63
9
34
15
27
9
14
9
74
9
34
9
44
9
44
9
14
9
99
9
74
9
94
9
14
13
85
0
60
9
44
16
58
9
94
9
14
17
59
9
58
9
64
9
99
9
14
9
74
9
34
9
14
9
64
14
56
9
64
9
74
16
28
9
64
9
34
9
14
9
99
9
94
9
44
9
64
9
44
9
34
9
98
9
74
13
25
9
94
9
99
9
64
9
94
16
28
9
74
9
94
9
99
15
27
9
34
9
34
9
94
9
44
16
58
19
61
9
94
9
74
9
29
17
59
16
88
9
14
9
14
9
64
17
89
17
29
9
47
9
14
9
34
9
34
9
74
9
74
17
89
9
44
9
74
2
49
14
26
17
59
9
74
9
44
18
60
9
64
9
99
17
89
0
0
17
59
9
34
9
94
9
63
9
94
18
60
9
14
9
64
9
74
18
60
13
55
9
94
9
99
18
60
9
94
9
74
18
60
9
94
15
27
9
34
9
64
9
64
9
44
9
64
9
99
16
28
17
59
9
33
9
56
9
99
15
27
16
28
9
99
9
14
19
61
9
14
9
14
9
34
9
44
14
56
9
14
9
34
17
29
13
25
15
57
16
88
9
94
9
94
18
90
14
86
9
99
9
74
15
87
16
88
19
61
9
99
15
27
9
44
1
88
9
94
9
44
9
74
19
61
9
94
9
64
9
99
15
87
18
90
18
22
9
99
15
57
9
64
9
74
9
74
9
34
18
90
9
44
14
86
1
59
9
64
16
58
9
44
16
88
9
34
9
64
16
88
9
44
17
29
9
99
0
79
9
74
17
29
14
26
9
14
9
94
9
74
9
14
9
94
17
59
9
64
9
44
0
30
9
74
9
94
9
94
15
27
9
94
15
57
9
99
0
0
9
44
9
41
0
80
15
27
9
64
9
34
9
34
9
99
9
64
9
44
9
74
9
64
14
26
1
69
15
27
9
42
9
64
9
74
9
94
9
14
16
58
0
0
9
14
9
14
15
57
17
59
18
90
14
26
9
94
9
99
15
87
16
88
18
90
13
55
13
25
1
29
14
26
9
44
9
64
9
66
9
94
9
64
9
74
9
74
9
74
0
20
9
14
15
57
9
14
9
64
9
3
9
34
18
90
9
64
9
74
9
34
9
99
9
74
14
56
9
64
15
57
19
61
9
44
9
94
9
64
9
99
9
99
9
14
9
14
15
27
9
64
17
29
9
34
9
74
9
14
13
55
9
99
9
99
9
14
9
34
16
28
9
74
9
44
9
94
9
94
18
60
9
94
9
44
9
14
9
64
1
59
17
21
9
34
9
14
9
14
15
87
16
28
18
90
9
64
9
64
13
25
9
44
9
94
9
64
9
44
9
64
9
94
17
89
9
99
15
27
17
89
15
87
9
74
9
74
9
34
15
27
0
10
18
90
16
28
9
34
2
29
9
14
9
44
9
99
9
99
9
34
9
64
9
99
19
91
9
74
9
94
18
60
9
14
9
94
9
34
9
34
9
74
17
89
9
34
9
99
1
29
9
34
9
14
14
86
9
34
9
74
9
99
9
74
9
14
15
57
9
44
9
94
9
94
9
99
9
99
9
64
17
29
9
34
15
27
9
44
9
99
9
14
9
13
18
90
9
34
9
14
9
64
9
64
9
44
9
6
9
44
9
74
2
79
9
74
17
29
9
74
9
14
15
27
16
58
15
57
9
99
9
99
9
58
18
90
16
88
14
56
15
57
9
61
15
57
1
79
0
40
9
74
13
55
9
99
9
14
9
14
17
29
15
27
9
78
9
99
9
93
9
74
9
64
9
44
9
44
0
20
9
34
9
64
9
64
19
31
9
64
9
14
9
74
1
59
9
92
9
94
9
44
9
94
9
74
9
64
0
10
9
64
15
27
9
14
16
58
9
74
16
28
3
39
9
14
19
61
9
64
15
27
9
14
14
86
9
74
9
14
9
11
9
74
16
28
1
78
16
58
9
54
17
89
9
94
9
94
15
87
9
94
9
64
15
87
9
74
9
34
16
58
14
56
0
50
14
26
9
14
15
82
15
87
16
28
9
44
9
74
9
14
9
14
9
34
18
60
14
26
9
99
15
87
9
74
9
99
9
94
9
64
13
25
9
14
18
30
9
44
9
44
9
99
9
29
9
94
9
64
9
99
15
27
9
64
9
34
0
50
15
87
9
74
9
94
17
29
16
88
9
74
19
61
9
44
9
74
17
29
17
59
9
44
9
34
14
56
9
99
9
99
16
88
9
44
9
74
9
99
9
44
9
74
9
99
9
94
9
99
9
74
9
14
9
74
9
64
2
9
0
10
9
74
15
57
9
14
9
14
9
14
15
87
9
34
9
64
14
56
9
64
9
34
9
94
9
99
9
34
9
34
9
34
9
74
17
59
9
44
9
34
9
99
9
74
15
27
16
28
16
58
9
74
16
28
9
99
9
44
13
55
19
91
9
34
13
85
9
99
9
14
9
94
17
29
9
34
15
57
18
90
9
99
14
26
9
44
15
87
15
57
9
64
17
89
9
44
9
64
19
91
9
94
9
44
4
19
9
99
9
14
15
87
9
94
9
94
9
14
9
44
9
74
9
99
9
14
0
60
9
64
9
44
16
88
18
30
16
28
9
34
9
44
9
64
9
94
9
99
9
57
16
28
9
94
1
9
16
58
9
14
9
94
9
44
16
28
13
85
9
14
15
87
9
34
9
44
9
74
9
44
9
99
1
19
9
74
9
44
18
60
15
57
18
60
9
94
14
56
9
56
9
44
9
44
9
44
9
34
2
99
9
99
9
34
9
94
9
34
15
27
9
94
9
64
9
34
9
64
0
99
9
44
9
64
15
27
9
14
2
79
19
31
9
44
13
55
16
28
18
90
16
58
9
14
9
64
9
99
9
99
16
58
9
34
4
61
9
14
4
19
9
64
9
64
14
56
9
34
9
94
9
99
17
59
1
39
9
44
9
99
18
90
9
14
15
57
16
28
0
0
1
9
9
94
9
99
19
61
9
99
9
14
9
34
9
99
9
94
9
99
9
94
17
29
0
0
9
14
9
14
9
34
9
72
9
44
9
34
9
34
9
44
9
14
9
44
13
25
1
19
9
64
9
14
9
34
9
64
9
44
9
14
15
87
9
74
13
85
17
59
9
94
9
64
16
58
9
99
9
99
9
99
1
59
3
59
9
64
13
85
0
60
14
86
16
88
16
58
9
14
9
99
9
44
9
74
16
58
9
99
9
74
19
31
9
94
9
64
9
14
9
64
9
94
9
14
13
85
9
34
9
14
9
14
9
94
15
57
18
90
9
87
18
30
9
99
9
34
9
99
9
94
9
64
9
18
9
94
9
44
19
31
15
57
9
99
0
50
13
25
9
44
14
86
9
14
9
44
9
14
9
34
9
14
16
58
9
99
9
74
17
29
9
74
9
94
19
31
9
74
9
34
17
89
16
58
9
97
9
32
9
44
9
34
9
59
19
61
17
59
9
44
16
28
9
94
9
44
18
90
9
94
9
64
9
94
9
34
0
80
0
40
9
74
13
55
9
44
9
74
9
44
9
74
9
94
9
74
18
30
19
61
17
29
9
99
9
74
16
58
9
34
9
46
18
30
9
99
9
99
