13
85
9
94
16
58
9
44
9
99
15
87
13
25
15
87
9
64
9
99
9
94
0
80
16
58
9
14
9
94
9
64
9
94
15
27
9
44
9
64
9
34
9
14
9
74
9
99
9
99
13
25
9
44
9
34
9
99
9
74
9
94
14
86
9
74
15
57
15
27
9
74
9
99
16
58
9
74
9
44
17
29
9
64
9
94
14
86
9
99
9
14
9
64
9
14
9
34
9
64
9
16
9
44
14
56
14
86
9
44
9
34
9
99
14
26
9
99
13
85
9
74
9
74
9
74
9
34
9
64
9
99
9
34
9
99
9
44
16
88
16
28
14
56
15
27
9
34
9
34
9
64
9
74
9
14
9
99
14
26
9
34
9
64
15
57
15
27
9
64
9
64
9
14
15
57
9
44
12
84
9
99
12
24
9
14
9
44
9
14
16
28
14
86
9
64
9
34
9
14
9
14
9
14
15
87
9
14
17
89
14
56
9
44
9
74
9
64
9
44
9
74
13
85
9
74
9
99
9
99
9
74
9
94
9
34
9
44
9
64
9
44
12
24
9
99
15
87
9
94
16
58
18
60
9
64
9
44
9
94
9
34
9
99
9
64
9
14
15
57
9
64
12
54
9
94
9
14
9
94
9
44
14
86
0
0
9
94
13
85
18
30
15
87
15
57
9
44
15
27
9
94
9
74
9
94
9
44
14
86
9
99
15
57
9
34
9
94
15
57
9
44
9
94
9
64
14
26
15
27
16
88
9
94
9
44
14
26
0
40
9
34
9
99
9
94
14
26
12
84
9
14
9
99
9
94
18
60
9
14
9
64
14
86
9
14
9
44
9
94
9
99
9
99
14
86
9
14
9
34
15
87
9
44
9
94
9
99
9
43
9
63
9
34
14
26
9
14
9
74
9
34
9
44
9
44
9
14
9
99
9
74
9
94
9
14
12
84
0
60
9
44
15
57
9
94
9
14
16
58
9
58
9
64
9
99
9
14
9
74
9
34
9
14
9
64
13
55
9
64
9
74
15
27
9
64
9
34
9
14
9
99
9
94
9
44
9
64
9
44
9
34
9
98
9
74
12
24
9
94
9
99
9
64
9
94
15
27
9
74
9
94
9
99
14
26
9
34
9
34
9
94
9
44
15
57
18
60
9
94
9
74
9
29
16
58
15
87
9
14
9
14
9
64
16
88
16
28
9
47
9
14
9
34
9
34
9
74
9
74
16
88
9
44
9
74
2
49
13
25
16
58
9
74
9
44
17
59
9
64
9
99
16
88
0
0
16
58
9
34
9
94
9
63
9
94
17
59
9
14
9
64
9
74
17
59
12
54
9
94
9
99
17
59
9
94
9
74
17
59
9
94
14
26
9
34
9
64
9
64
9
44
9
64
9
99
15
27
16
58
9
33
9
56
9
99
14
26
15
27
9
99
9
14
18
60
9
14
9
14
9
34
9
44
13
55
9
14
9
34
16
28
12
24
14
56
15
87
9
94
9
94
17
89
13
85
9
99
9
74
14
86
15
87
18
60
9
99
14
26
9
44
1
88
9
94
9
44
9
74
18
60
9
94
9
64
9
99
14
86
17
89
17
22
9
99
14
56
9
64
9
74
9
74
9
34
17
89
9
44
13
85
1
59
9
64
15
57
9
44
15
87
9
34
9
64
15
87
9
44
16
28
9
99
0
79
9
74
16
28
13
25
9
14
9
94
9
74
9
14
9
94
16
58
9
64
9
44
0
30
9
74
9
94
9
94
14
26
9
94
14
56
9
99
0
0
9
44
9
41
0
80
14
26
9
64
9
34
9
34
9
99
9
64
9
44
9
74
9
64
13
25
1
69
14
26
9
42
9
64
9
74
9
94
9
14
15
57
0
0
9
14
9
14
14
56
16
58
17
89
13
25
9
94
9
99
14
86
15
87
17
89
12
54
12
24
1
29
13
25
9
44
9
64
9
66
9
94
9
64
9
74
9
74
9
74
0
20
9
14
14
56
9
14
9
64
9
3
9
34
17
89
9
64
9
74
9
34
9
99
9
74
13
55
9
64
14
56
18
60
9
44
9
94
9
64
9
99
9
99
9
14
9
14
14
26
9
64
16
28
9
34
9
74
9
14
12
54
9
99
9
99
9
14
9
34
15
27
9
74
9
44
9
94
9
94
17
59
9
94
9
44
9
14
9
64
1
59
16
21
9
34
9
14
9
14
14
86
15
27
17
89
9
64
9
64
12
24
9
44
9
94
9
64
9
44
9
64
9
94
16
88
9
99
14
26
16
88
14
86
9
74
9
74
9
34
14
26
0
10
17
89
15
27
9
34
2
29
9
14
9
44
9
99
9
99
9
34
9
64
9
99
18
90
9
74
9
94
17
59
9
14
9
94
9
34
9
34
9
74
16
88
9
34
9
99
1
29
9
34
9
14
13
85
9
34
9
74
9
99
9
74
9
14
14
56
9
44
9
94
9
94
9
99
9
99
9
64
16
28
9
34
14
26
9
44
9
99
9
14
9
13
17
89
9
34
9
14
9
64
9
64
9
44
9
6
9
44
9
74
2
79
9
74
16
28
9
74
9
14
14
26
15
57
14
56
9
99
9
99
9
58
17
89
15
87
13
55
14
56
9
61
14
56
1
79
0
40
9
74
12
54
9
99
9
14
9
14
16
28
14
26
9
78
9
99
9
93
9
74
9
64
9
44
9
44
0
20
9
34
9
64
9
64
18
30
9
64
9
14
9
74
1
59
9
92
9
94
9
44
9
94
9
74
9
64
0
10
9
64
14
26
9
14
15
57
9
74
15
27
3
39
9
14
18
60
9
64
14
26
9
14
13
85
9
74
9
14
9
11
9
74
15
27
1
78
15
57
9
54
16
88
9
94
9
94
14
86
9
94
9
64
14
86
9
74
9
34
15
57
13
55
0
50
13
25
9
14
14
82
14
86
15
27
9
44
9
74
9
14
9
14
9
34
17
59
13
25
9
99
14
86
9
74
9
99
9
94
9
64
12
24
9
14
17
29
9
44
9
44
9
99
9
29
9
94
9
64
9
99
14
26
9
64
9
34
0
50
14
86
9
74
9
94
16
28
15
87
9
74
18
60
9
44
9
74
16
28
16
58
9
44
9
34
13
55
9
99
9
99
15
87
9
44
9
74
9
99
9
44
9
74
9
99
9
94
9
99
9
74
9
14
9
74
9
64
2
9
0
10
9
74
14
56
9
14
9
14
9
14
14
86
9
34
9
64
13
55
9
64
9
34
9
94
9
99
9
34
9
34
9
34
9
74
16
58
9
44
9
34
9
99
9
74
14
26
15
27
15
57
9
74
15
27
9
99
9
44
12
54
18
90
9
34
12
84
9
99
9
14
9
94
16
28
9
34
14
56
17
89
9
99
13
25
9
44
14
86
14
56
9
64
16
88
9
44
9
64
18
90
9
94
9
44
4
19
9
99
9
14
14
86
9
94
9
94
9
14
9
44
9
74
9
99
9
14
0
60
9
64
9
44
15
87
17
29
15
27
9
34
9
44
9
64
9
94
9
99
9
57
15
27
9
94
1
9
15
57
9
14
9
94
9
44
15
27
12
84
9
14
14
86
9
34
9
44
9
74
9
44
9
99
1
19
9
74
9
44
17
59
14
56
17
59
9
94
13
55
9
56
9
44
9
44
9
44
9
34
2
99
9
99
9
34
9
94
9
34
14
26
9
94
9
64
9
34
9
64
0
99
9
44
9
64
14
26
9
14
2
79
18
30
9
44
12
54
15
27
17
89
15
57
9
14
9
64
9
99
9
99
15
57
9
34
4
61
9
14
4
19
9
64
9
64
13
55
9
34
9
94
9
99
16
58
1
39
9
44
9
99
17
89
9
14
14
56
15
27
0
0
1
9
9
94
9
99
18
60
9
99
9
14
9
34
9
99
9
94
9
99
9
94
16
28
0
0
9
14
9
14
9
34
9
72
9
44
9
34
9
34
9
44
9
14
9
44
12
24
1
19
9
64
9
14
9
34
9
64
9
44
9
14
14
86
9
74
12
84
16
58
9
94
9
64
15
57
9
99
9
99
9
99
1
59
3
59
9
64
12
84
0
60
13
85
15
87
15
57
9
14
9
99
9
44
9
74
15
57
9
99
9
74
18
30
9
94
9
64
9
14
9
64
9
94
9
14
12
84
9
34
9
14
9
14
9
94
14
56
17
89
9
87
17
29
9
99
9
34
9
99
9
94
9
64
9
18
9
94
9
44
18
30
14
56
9
99
0
50
12
24
9
44
13
85
9
14
9
44
9
14
9
34
9
14
15
57
9
99
9
74
16
28
9
74
9
94
18
30
9
74
9
34
16
88
15
57
9
97
9
32
9
44
9
34
9
59
18
60
16
58
9
44
15
27
9
94
9
44
17
89
9
94
9
64
9
94
9
34
0
80
0
40
9
74
12
54
9
44
9
74
9
44
9
74
9
94
9
74
17
29
18
60
16
28
9
99
9
74
15
57
9
34
9
46
17
29
9
99
9
99
