7
78
9
91
9
51
9
39
9
99
8
80
9
18
8
80
8
60
9
98
7
89
0
80
9
51
9
11
9
89
9
58
9
87
8
20
7
39
8
59
9
30
7
9
8
70
9
98
8
99
7
18
9
42
9
32
9
99
7
69
9
92
7
79
7
69
8
50
8
20
9
72
9
99
9
51
8
70
7
39
10
22
9
59
7
89
7
79
9
99
9
10
9
62
7
9
9
28
8
60
9
16
7
39
9
49
7
79
8
38
9
27
7
99
7
19
9
99
7
78
8
70
9
71
7
68
9
33
8
60
7
99
7
29
9
99
9
41
9
81
9
21
7
49
9
20
8
29
9
33
9
57
8
70
9
9
9
99
9
19
9
33
9
61
9
50
8
20
9
62
9
61
7
8
8
50
9
41
8
77
9
99
9
17
9
11
9
41
9
11
9
21
7
79
8
60
7
28
9
11
9
7
9
12
8
80
9
11
10
82
9
49
9
41
9
70
7
59
9
41
9
70
9
78
7
69
9
99
9
99
9
71
8
90
9
33
7
39
9
59
9
41
9
17
9
99
8
80
9
93
9
51
11
53
9
59
9
41
9
88
8
29
9
99
8
60
9
9
9
50
8
60
9
47
8
88
9
8
7
89
9
42
7
79
0
0
7
89
9
78
11
23
8
80
8
50
9
41
8
20
8
90
7
69
7
89
8
40
7
79
9
99
8
50
8
30
9
92
8
50
9
39
8
90
9
62
9
19
9
20
9
81
9
89
8
40
7
19
0
40
8
30
7
99
8
89
9
19
7
77
7
9
7
99
9
89
11
53
7
9
9
62
9
79
9
11
7
39
8
90
7
99
9
98
9
79
9
10
9
33
8
80
9
39
7
89
9
99
8
43
9
63
7
28
7
19
9
12
9
71
9
31
9
42
9
41
9
7
9
98
7
67
9
93
7
9
9
77
0
60
9
40
8
50
8
90
9
8
9
51
9
58
8
59
9
98
7
9
8
70
9
31
8
10
9
62
9
48
9
62
9
70
9
20
9
63
9
31
9
13
8
99
9
89
9
43
9
58
9
42
9
33
8
98
8
69
8
17
9
88
9
99
7
59
8
89
8
20
9
72
8
90
8
99
7
19
9
30
8
27
8
87
8
39
9
50
11
53
7
87
9
71
8
29
9
51
9
80
9
8
9
12
9
61
9
81
9
21
9
47
9
12
8
30
7
29
7
67
8
70
9
81
8
40
8
67
2
49
8
18
9
51
8
67
9
41
10
52
9
63
9
99
9
81
0
0
9
51
9
31
9
92
7
63
8
90
10
52
9
13
9
63
8
68
10
52
9
47
9
92
9
99
10
52
9
90
9
68
10
52
8
90
7
19
8
30
9
57
7
59
9
40
7
59
9
99
8
20
9
51
8
33
9
56
9
99
8
19
9
20
8
97
9
11
11
53
9
12
7
9
9
33
7
39
9
48
9
9
7
29
9
21
9
17
7
49
8
80
9
91
9
91
10
82
9
78
9
99
8
70
9
79
9
80
11
53
7
99
7
19
9
41
1
88
9
91
9
41
7
69
11
53
8
90
7
59
9
99
7
79
10
82
10
22
9
97
9
49
7
59
9
71
9
68
9
28
10
82
9
39
9
78
1
59
9
61
8
50
9
41
8
80
8
27
7
59
8
80
9
38
9
21
7
99
0
79
8
67
9
21
7
18
8
10
7
89
7
69
9
11
9
90
9
51
9
63
8
39
0
30
7
69
8
90
9
91
7
19
9
87
7
49
9
98
0
0
9
43
9
41
0
80
9
19
9
61
9
28
8
30
9
99
9
63
9
41
7
69
8
57
7
18
1
68
7
19
8
42
9
61
8
70
7
88
7
9
8
50
0
0
9
12
9
13
7
49
9
51
10
82
9
18
8
89
8
99
7
79
8
80
10
82
8
47
7
17
1
29
9
18
7
39
9
61
9
66
9
93
9
60
9
74
8
68
8
70
0
20
7
8
7
49
7
9
9
62
7
3
8
30
10
82
9
60
9
73
9
32
7
99
7
69
8
48
7
59
7
49
11
53
9
43
9
93
9
62
7
99
8
99
9
12
8
10
7
19
8
57
9
21
8
30
9
71
9
7
9
47
8
99
9
99
9
8
9
28
8
20
8
68
9
37
9
87
8
90
10
52
9
90
9
39
9
11
9
62
1
59
9
21
9
31
9
12
8
9
7
79
9
20
10
82
8
60
8
60
9
17
9
43
9
91
9
60
9
41
8
58
7
89
9
81
9
99
8
19
9
81
7
79
9
73
9
73
7
29
9
19
0
10
10
82
9
20
9
29
2
29
9
9
9
37
8
99
9
99
9
32
9
58
9
97
11
83
9
71
9
91
10
52
7
8
7
89
8
30
9
29
9
71
9
81
8
30
9
99
1
28
7
29
7
9
9
78
9
29
9
72
9
99
9
72
8
10
7
49
9
38
7
89
8
90
9
99
9
99
8
57
9
21
9
31
8
19
8
40
8
99
7
9
9
13
10
82
7
29
9
8
8
60
8
60
9
40
8
6
8
40
8
70
2
79
9
71
9
21
9
73
8
10
9
19
8
50
7
49
9
99
9
99
9
58
10
82
8
80
9
48
7
49
9
61
7
49
1
79
0
40
9
69
7
47
9
97
8
9
8
10
9
21
7
19
7
78
7
99
9
93
9
71
9
57
7
39
8
40
0
20
9
32
9
60
9
61
11
23
9
61
9
11
9
71
1
59
9
92
7
89
9
43
9
87
9
71
9
61
0
10
9
63
9
19
8
10
9
50
7
69
8
20
3
39
9
10
11
53
9
60
7
19
9
11
8
78
9
68
7
9
9
11
9
67
8
20
1
78
8
50
7
54
9
81
9
90
9
91
9
79
9
93
9
63
7
79
8
67
7
27
8
50
8
48
0
50
9
18
9
11
7
83
7
79
8
20
9
41
8
70
8
10
8
10
7
29
10
52
8
18
7
97
9
79
9
71
9
98
7
89
7
57
9
17
9
11
10
22
7
39
7
38
8
99
9
29
7
87
9
61
7
99
7
19
9
61
7
29
0
50
7
79
9
72
9
90
9
21
9
80
9
71
11
53
7
39
7
67
9
21
9
51
7
39
9
29
7
48
9
99
7
99
9
80
7
37
7
69
9
99
7
38
7
69
7
99
9
87
9
99
9
72
8
7
8
70
7
59
2
9
0
10
7
68
9
49
8
10
9
12
9
13
9
79
9
28
9
60
8
48
9
60
9
31
8
89
9
99
9
28
8
30
7
29
9
68
9
51
9
41
7
29
7
99
7
69
7
19
9
20
8
50
8
67
8
20
7
99
9
42
9
47
11
83
7
29
9
77
9
99
9
10
9
91
9
21
7
29
7
49
10
82
9
99
9
18
8
40
9
79
7
49
9
62
9
81
8
39
8
59
11
83
7
89
9
39
4
19
8
99
9
10
8
79
9
88
9
87
9
12
9
41
8
67
9
97
9
11
0
60
8
60
8
40
9
80
10
22
8
20
7
29
9
41
9
58
9
91
9
99
9
57
8
20
9
92
1
9
8
50
7
9
9
93
9
38
8
20
9
77
8
8
7
79
9
33
7
39
7
67
7
39
8
99
1
19
9
71
7
39
10
52
9
49
10
52
9
89
7
48
9
56
9
42
8
40
9
37
9
32
2
99
9
99
7
29
9
91
9
32
8
19
9
90
8
60
8
27
9
60
0
99
8
40
9
63
7
19
9
11
2
79
11
23
8
40
7
47
9
20
10
82
8
50
8
10
9
62
8
98
9
99
9
50
9
32
4
61
8
8
4
19
8
60
7
59
8
48
8
30
9
93
9
99
9
51
1
39
9
42
9
99
10
82
8
9
7
49
8
20
0
0
1
9
9
91
9
99
11
53
9
99
8
10
9
31
9
99
8
89
7
97
7
89
9
21
0
0
7
14
9
9
8
30
9
72
7
39
8
27
7
29
9
43
9
13
8
40
9
17
1
19
7
59
9
9
8
27
8
60
9
42
7
9
7
79
9
71
9
77
9
51
9
91
8
58
8
50
9
99
9
99
9
98
1
59
3
57
7
59
9
77
0
60
9
78
8
80
8
50
9
13
9
99
9
43
9
67
8
50
9
97
9
68
11
23
9
92
8
60
7
9
8
60
8
89
9
9
9
77
9
31
9
13
9
11
9
87
9
49
10
82
8
87
10
22
9
99
7
29
9
99
8
89
7
59
9
18
8
89
9
40
11
23
9
49
7
99
0
50
8
17
9
42
9
78
7
9
9
39
9
12
9
27
9
8
9
50
9
99
9
73
9
21
7
69
8
90
11
23
8
68
8
30
9
81
8
50
9
97
9
32
7
39
9
31
8
59
11
53
9
51
9
42
9
20
7
89
9
39
10
82
9
92
8
57
9
93
9
33
0
80
0
40
8
67
8
47
8
38
8
69
9
42
8
70
7
89
9
71
10
22
11
53
9
21
9
98
8
67
8
50
7
29
9
46
10
22
9
99
8
99
