1
72
3
87
3
46
4
33
4
93
2
75
4
12
2
78
2
55
4
92
1
84
0
80
3
48
3
9
5
83
4
52
4
81
2
15
1
35
2
53
3
24
1
9
2
67
4
92
2
94
1
12
4
39
4
27
5
99
1
64
4
89
1
74
1
67
2
45
2
17
4
68
4
99
5
45
2
68
1
33
4
18
3
53
1
85
1
74
4
94
4
4
4
59
1
9
4
22
2
59
3
16
1
38
5
43
1
76
2
32
3
21
1
93
1
17
5
98
1
72
2
66
3
66
1
62
5
29
2
57
1
99
1
23
5
96
3
39
3
78
3
19
1
45
5
14
2
23
5
29
4
51
2
64
3
3
5
96
5
13
5
29
4
55
4
44
2
16
4
59
3
58
1
2
2
49
5
35
2
71
4
96
4
11
4
5
3
36
3
8
3
15
1
75
2
58
1
22
3
8
3
1
4
9
2
74
5
5
4
76
3
43
3
36
4
64
1
56
3
35
3
64
3
72
1
66
5
99
3
98
4
65
2
89
5
29
1
39
5
53
4
35
3
11
3
93
2
76
5
88
5
45
5
48
4
53
3
36
5
82
2
23
5
97
2
59
5
3
4
44
2
57
3
41
2
82
3
2
1
88
4
37
1
75
0
0
1
89
3
72
5
19
2
76
2
49
5
35
2
15
2
85
1
64
1
85
2
39
1
73
3
98
2
45
2
24
4
89
2
47
4
33
2
87
4
56
5
13
5
14
3
79
4
83
2
37
1
19
0
40
2
24
1
99
2
83
3
13
1
71
1
8
1
95
3
83
5
49
1
7
4
56
5
73
4
5
1
35
2
84
1
96
4
92
4
73
3
4
5
29
2
75
4
33
1
89
5
98
2
43
3
63
1
22
1
19
5
6
5
65
3
26
5
36
3
36
3
1
5
92
1
61
5
88
1
6
4
71
0
60
4
34
2
49
2
87
4
2
5
45
5
58
2
53
5
92
1
3
2
69
5
25
2
9
4
57
5
42
4
59
5
64
3
14
5
58
3
29
5
9
2
95
4
83
5
38
4
52
4
36
5
28
2
98
2
63
2
11
4
82
4
99
1
54
2
83
2
15
4
67
2
89
2
96
1
18
4
24
2
21
2
81
2
33
5
44
5
48
1
81
4
65
2
29
3
48
3
74
4
2
5
6
3
57
3
79
3
18
4
47
4
9
2
26
1
26
1
61
2
66
4
75
2
38
2
61
2
48
2
12
3
46
2
61
3
37
4
49
5
59
3
99
3
78
0
0
3
49
3
26
4
89
1
63
2
84
4
46
5
7
5
59
2
62
4
48
3
41
4
87
4
94
4
47
4
84
5
62
5
46
2
88
1
18
2
29
3
51
1
54
4
34
1
56
3
95
2
19
3
47
2
33
5
56
4
96
2
13
4
14
2
91
3
6
5
47
4
9
1
5
5
28
1
37
4
42
3
3
1
29
3
18
3
11
1
49
2
78
3
89
3
88
4
78
5
72
4
93
2
69
5
73
4
74
5
49
1
97
1
17
3
36
1
88
3
89
3
39
1
65
5
48
2
86
1
55
3
98
1
76
4
76
4
22
4
91
3
43
1
59
3
67
5
62
4
22
4
79
4
33
5
72
1
54
3
59
2
45
3
35
2
77
2
21
1
58
2
76
4
32
3
17
1
99
0
79
2
61
3
16
1
12
2
8
1
85
1
69
3
5
3
84
3
47
5
57
2
33
0
30
1
67
2
86
3
89
1
15
4
81
1
48
5
92
0
0
5
39
5
41
0
80
3
13
3
55
5
22
2
29
4
98
5
59
5
35
1
64
2
51
1
12
1
62
1
17
2
42
3
59
2
66
1
82
1
6
2
49
0
0
4
6
5
8
1
47
3
46
4
79
5
12
2
83
2
99
1
73
2
76
4
77
2
41
1
11
1
29
4
12
1
35
3
59
3
66
5
88
5
54
5
74
2
62
2
69
0
20
1
2
1
48
1
5
4
59
1
3
2
29
4
77
3
54
5
69
4
29
1
99
1
69
2
42
1
58
1
49
5
48
5
39
5
89
4
56
1
98
2
99
4
6
2
7
1
17
2
51
3
19
2
24
3
65
4
1
3
41
2
94
3
99
4
2
5
22
2
19
2
62
3
31
4
81
2
89
4
49
5
84
5
33
5
5
4
57
1
59
3
21
3
28
5
6
2
3
1
76
4
14
5
76
2
59
2
57
4
11
5
39
3
87
3
54
3
38
2
52
1
89
3
78
3
93
2
13
3
79
1
77
5
69
5
68
1
23
4
13
0
10
4
76
5
14
3
23
2
26
5
3
4
31
2
97
5
99
4
26
3
52
4
91
5
77
3
69
4
85
4
47
1
2
1
86
2
27
3
23
3
69
5
75
2
29
4
97
1
22
1
25
1
6
5
72
4
23
4
68
3
94
4
66
2
4
1
49
4
32
1
89
2
85
5
99
3
99
2
51
3
17
3
29
2
13
2
39
2
97
1
7
4
14
4
77
1
24
5
2
2
56
2
56
3
34
2
6
2
36
2
66
2
73
3
66
4
15
5
69
2
9
4
13
2
48
1
47
3
94
3
98
3
58
4
77
2
75
4
42
1
49
3
61
1
45
1
78
0
40
5
63
1
41
3
91
2
3
2
5
3
19
1
13
1
78
1
94
5
93
5
65
4
51
1
33
2
39
0
20
4
29
4
54
3
55
5
19
5
55
3
9
4
65
1
58
5
92
1
83
5
38
3
81
3
66
3
59
0
10
5
58
4
13
2
7
4
44
1
64
2
19
3
37
5
4
5
49
3
54
1
19
3
8
2
72
4
62
1
3
5
11
4
61
2
19
1
78
2
49
1
54
4
75
4
84
5
85
4
73
5
89
5
57
1
75
2
61
1
21
2
46
2
42
0
50
3
12
3
6
1
83
1
79
2
18
4
35
2
66
2
9
2
5
1
23
5
46
2
12
1
91
4
73
5
65
5
92
1
83
1
51
4
11
3
9
4
17
1
37
1
32
2
95
4
29
1
81
4
55
1
97
1
19
5
55
1
25
0
50
1
77
4
67
5
84
3
17
3
74
3
68
5
48
1
38
1
61
3
18
5
45
1
38
4
23
1
42
3
95
1
97
5
74
1
31
1
69
3
95
1
32
1
64
1
98
3
81
4
96
5
66
2
1
2
67
1
54
2
8
0
10
1
62
4
43
2
6
5
6
5
7
3
73
5
22
4
54
2
42
3
54
3
28
2
83
5
97
4
22
2
25
1
25
5
62
5
45
4
35
1
26
1
97
1
65
1
15
3
14
2
49
2
61
2
14
1
99
4
38
3
41
5
77
1
25
3
71
5
96
5
4
3
87
3
18
1
26
1
49
5
76
5
98
4
12
2
36
3
73
1
49
4
57
5
75
2
33
2
53
5
79
1
85
3
33
4
13
2
96
3
4
2
73
3
82
4
81
5
6
4
35
2
61
3
91
3
7
0
60
2
59
2
39
5
74
5
16
2
15
1
23
5
35
5
52
5
85
4
96
5
57
2
15
4
86
1
5
2
49
1
8
5
88
5
32
2
16
3
71
2
2
1
79
5
27
1
39
1
61
1
34
2
98
1
17
3
65
1
34
4
46
4
43
4
46
5
83
1
42
5
56
4
39
2
37
3
31
4
26
2
99
4
95
1
27
3
89
4
27
2
13
5
84
2
57
2
21
3
54
0
99
2
36
5
59
1
13
3
5
2
73
5
17
2
36
1
41
4
14
4
77
2
49
2
9
4
57
2
92
4
99
4
44
4
27
4
61
2
2
4
19
2
55
1
54
2
42
2
25
5
88
4
94
3
49
1
34
5
36
3
93
5
76
2
3
1
45
2
16
0
0
1
9
3
87
4
97
5
49
4
99
2
7
3
26
5
99
2
83
1
91
1
83
3
18
0
0
1
14
5
3
2
27
3
72
1
36
2
21
1
23
5
39
5
8
2
37
3
11
3
18
1
58
4
3
2
21
2
59
4
38
1
4
1
74
4
65
3
71
3
47
5
85
2
52
2
49
3
95
3
95
3
92
1
56
3
51
1
59
3
71
0
60
4
72
2
77
2
49
5
9
3
99
5
37
4
61
2
47
4
91
4
62
5
19
4
89
2
59
1
9
2
59
2
83
5
3
4
71
3
29
5
9
3
9
4
81
3
43
4
79
2
87
4
19
5
99
1
29
3
99
2
83
1
59
4
18
2
83
5
34
5
18
5
43
1
93
0
50
2
11
4
39
5
72
1
5
5
33
4
9
3
21
3
2
5
44
3
96
5
69
5
15
1
63
2
89
5
19
2
62
2
25
3
75
2
47
4
97
5
32
1
38
5
25
2
59
5
48
3
49
4
39
3
14
1
86
5
33
4
79
4
86
2
51
5
89
5
29
0
80
0
40
2
61
2
41
2
32
2
63
4
38
2
68
1
88
5
65
4
16
5
49
3
17
5
92
2
61
2
45
1
25
3
46
4
18
5
99
2
99
