12
84
9
94
15
57
9
44
9
99
14
86
12
24
14
86
9
64
9
99
9
94
0
80
15
57
9
14
9
94
9
64
9
93
14
26
9
44
9
64
9
34
9
14
9
74
9
99
9
99
12
24
9
44
9
34
9
99
9
74
9
94
13
85
9
74
14
56
14
26
9
74
9
99
15
57
9
74
9
44
16
28
9
64
9
94
13
85
9
99
9
14
9
64
9
14
9
34
9
64
9
16
9
44
13
55
13
85
9
44
9
33
9
99
13
25
9
99
12
84
9
74
9
74
9
74
9
34
9
64
9
99
9
34
9
99
9
44
15
87
15
27
13
55
14
26
9
34
9
34
9
63
9
74
9
14
9
99
13
25
9
34
9
64
14
56
14
26
9
64
9
64
9
14
14
56
9
44
11
83
9
99
11
23
9
14
9
44
9
14
15
27
13
85
9
64
9
34
9
14
9
13
9
14
14
86
9
14
16
88
13
55
9
44
9
74
9
64
9
44
9
74
12
84
9
74
9
99
9
99
9
74
9
94
9
34
9
44
9
64
9
44
11
23
9
99
14
86
9
94
15
57
17
59
9
64
9
44
9
94
9
34
9
99
9
64
9
14
14
56
9
64
11
53
9
94
9
14
9
94
9
44
13
85
0
0
9
94
12
84
17
29
14
86
14
56
9
44
14
26
9
94
9
74
9
94
9
44
13
85
9
99
14
56
9
34
9
94
14
56
9
44
9
94
9
64
13
25
14
26
15
87
9
94
9
44
13
25
0
40
9
34
9
99
9
94
13
25
11
83
9
14
9
99
9
94
17
59
9
14
9
64
13
85
9
14
9
44
9
94
9
99
9
99
13
85
9
14
9
34
14
86
9
44
9
94
9
99
9
43
9
63
9
34
13
25
9
14
9
74
9
34
9
44
9
44
9
13
9
99
9
73
9
94
9
14
11
83
0
60
9
44
14
56
9
94
9
14
15
57
9
58
9
64
9
99
9
14
9
74
9
34
9
14
9
64
12
54
9
64
9
74
14
26
9
64
9
34
9
14
9
99
9
94
9
44
9
64
9
44
9
34
9
98
9
74
11
23
9
94
9
99
9
64
9
94
14
26
9
74
9
94
9
99
13
25
9
34
9
33
9
93
9
44
14
56
17
59
9
93
9
74
9
29
15
57
14
86
9
14
9
14
9
64
15
87
15
27
9
47
9
14
9
34
9
34
9
73
9
74
15
87
9
44
9
73
2
49
12
24
15
57
9
73
9
44
16
58
9
64
9
99
15
87
0
0
15
57
9
34
9
94
9
63
9
94
16
58
9
14
9
64
9
74
16
58
11
53
9
94
9
99
16
58
9
94
9
74
16
58
9
94
13
25
9
34
9
63
9
64
9
44
9
64
9
99
14
26
15
57
9
33
9
56
9
99
13
25
14
26
9
99
9
14
17
59
9
14
9
14
9
34
9
44
12
54
9
14
9
34
15
27
11
23
13
55
14
86
9
94
9
94
16
88
12
84
9
99
9
74
13
85
14
86
17
59
9
99
13
25
9
44
1
88
9
94
9
44
9
74
17
59
9
94
9
64
9
99
13
85
16
88
16
22
9
99
13
55
9
64
9
74
9
74
9
34
16
88
9
44
12
84
1
59
9
64
14
56
9
44
14
86
9
33
9
64
14
86
9
44
15
27
9
99
0
79
9
73
15
27
12
24
9
14
9
94
9
74
9
14
9
94
15
57
9
64
9
44
0
30
9
74
9
94
9
94
13
25
9
93
13
55
9
99
0
0
9
44
9
41
0
80
13
25
9
64
9
34
9
34
9
99
9
64
9
44
9
74
9
63
12
24
1
69
13
25
9
42
9
64
9
74
9
94
9
14
14
56
0
0
9
14
9
14
13
55
15
57
16
88
12
24
9
94
9
99
13
85
14
86
16
88
11
53
11
23
1
29
12
24
9
44
9
64
9
66
9
94
9
64
9
74
9
74
9
74
0
20
9
14
13
55
9
14
9
64
9
3
9
34
16
88
9
64
9
74
9
34
9
99
9
74
12
54
9
64
13
55
17
59
9
44
9
94
9
64
9
99
9
99
9
14
9
14
13
25
9
63
15
27
9
34
9
74
9
13
11
53
9
99
9
99
9
14
9
34
14
26
9
74
9
43
9
93
9
94
16
58
9
94
9
44
9
14
9
64
1
59
15
21
9
34
9
14
9
14
13
85
14
26
16
88
9
64
9
64
11
23
9
44
9
94
9
64
9
44
9
64
9
94
15
87
9
99
13
25
15
87
13
85
9
74
9
74
9
34
13
25
0
10
16
88
14
26
9
34
2
29
9
14
9
43
9
99
9
99
9
34
9
64
9
99
17
89
9
74
9
94
16
58
9
14
9
94
9
34
9
34
9
74
15
87
9
34
9
99
1
29
9
34
9
14
12
84
9
34
9
74
9
99
9
74
9
14
13
55
9
44
9
94
9
94
9
99
9
99
9
63
15
27
9
34
13
25
9
44
9
99
9
14
9
13
16
88
9
34
9
14
9
64
9
64
9
44
9
6
9
44
9
74
2
79
9
74
15
27
9
74
9
14
13
25
14
56
13
55
9
99
9
99
9
58
16
88
14
86
12
54
13
55
9
61
13
55
1
79
0
40
9
74
11
53
9
99
9
14
9
14
15
27
13
25
9
78
9
99
9
93
9
74
9
63
9
44
9
44
0
20
9
34
9
64
9
64
17
29
9
64
9
14
9
74
1
59
9
92
9
94
9
44
9
93
9
74
9
64
0
10
9
64
13
25
9
14
14
56
9
74
14
26
3
39
9
14
17
59
9
64
13
25
9
14
12
84
9
74
9
14
9
11
9
73
14
26
1
78
14
56
9
54
15
87
9
94
9
94
13
85
9
94
9
64
13
85
9
73
9
33
14
56
12
54
0
50
12
24
9
14
13
82
13
85
14
26
9
44
9
74
9
14
9
14
9
34
16
58
12
24
9
99
13
85
9
74
9
99
9
94
9
63
11
23
9
14
16
28
9
44
9
44
9
99
9
29
9
93
9
64
9
99
13
25
9
64
9
34
0
50
13
85
9
74
9
94
15
27
14
86
9
74
17
59
9
44
9
73
15
27
15
57
9
44
9
34
12
54
9
99
9
99
14
86
9
43
9
74
9
99
9
44
9
74
9
99
9
93
9
99
9
74
9
13
9
74
9
64
2
9
0
10
9
74
13
55
9
14
9
14
9
14
13
85
9
34
9
64
12
54
9
64
9
34
9
94
9
99
9
34
9
34
9
34
9
74
15
57
9
44
9
34
9
99
9
74
13
25
14
26
14
56
9
73
14
26
9
99
9
44
11
53
17
89
9
34
11
83
9
99
9
14
9
94
15
27
9
34
13
55
16
88
9
99
12
24
9
44
13
85
13
55
9
64
15
87
9
44
9
64
17
89
9
94
9
44
4
19
9
99
9
14
13
85
9
94
9
93
9
14
9
44
9
73
9
99
9
14
0
60
9
64
9
44
14
86
16
28
14
26
9
34
9
44
9
64
9
94
9
99
9
57
14
26
9
94
1
9
14
56
9
14
9
94
9
44
14
26
11
83
9
14
13
85
9
34
9
44
9
73
9
44
9
99
1
19
9
74
9
44
16
58
13
55
16
58
9
94
12
54
9
56
9
44
9
44
9
43
9
34
2
99
9
99
9
34
9
94
9
34
13
25
9
94
9
64
9
33
9
64
0
99
9
44
9
64
13
25
9
14
2
79
17
29
9
44
11
53
14
26
16
88
14
56
9
14
9
64
9
99
9
99
14
56
9
34
4
61
9
14
4
19
9
64
9
64
12
54
9
34
9
94
9
99
15
57
1
39
9
44
9
99
16
88
9
14
13
55
14
26
0
0
1
9
9
94
9
99
17
59
9
99
9
14
9
34
9
99
9
94
9
99
9
94
15
27
0
0
9
14
9
14
9
34
9
72
9
44
9
33
9
34
9
44
9
14
9
44
11
23
1
19
9
64
9
14
9
33
9
64
9
44
9
14
13
85
9
74
11
83
15
57
9
94
9
64
14
56
9
99
9
99
9
99
1
59
3
59
9
64
11
83
0
60
12
84
14
86
14
56
9
14
9
99
9
44
9
73
14
56
9
99
9
74
17
29
9
94
9
64
9
14
9
64
9
94
9
14
11
83
9
34
9
14
9
14
9
93
13
55
16
88
9
87
16
28
9
99
9
34
9
99
9
94
9
64
9
18
9
94
9
44
17
29
13
55
9
99
0
50
11
23
9
44
12
84
9
14
9
44
9
14
9
33
9
14
14
56
9
99
9
74
15
27
9
74
9
94
17
29
9
74
9
34
15
87
14
56
9
97
9
32
9
44
9
34
9
59
17
59
15
57
9
44
14
26
9
94
9
44
16
88
9
94
9
63
9
94
9
34
0
80
0
40
9
73
11
53
9
44
9
74
9
44
9
74
9
94
9
74
16
28
17
59
15
27
9
99
9
73
14
56
9
34
9
46
16
28
9
99
9
99
