6
77
8
90
8
50
9
38
9
98
7
79
9
17
7
79
7
59
9
97
6
89
0
80
8
50
8
10
9
88
9
57
8
86
7
19
6
39
7
58
8
29
6
9
7
69
9
97
7
99
6
17
9
41
9
31
9
99
6
69
9
91
6
79
6
69
7
49
7
19
9
71
9
99
9
50
7
69
6
38
9
21
8
58
6
89
6
79
9
99
9
9
9
61
6
9
9
27
7
59
8
16
6
39
9
48
6
79
7
37
8
26
6
98
6
19
9
99
6
77
7
69
8
70
6
67
9
32
7
59
6
99
6
28
9
99
8
40
8
80
8
20
6
49
9
19
7
28
9
32
8
56
7
69
8
8
9
99
9
18
9
32
9
60
9
49
7
19
9
61
8
60
6
7
7
49
9
40
7
76
9
99
8
16
9
10
8
40
8
10
8
20
6
79
7
59
6
27
8
10
8
6
9
11
7
79
9
10
9
81
8
48
8
40
9
69
6
59
8
40
8
69
8
77
6
69
9
99
8
99
9
70
7
89
9
32
6
39
9
58
9
40
8
16
8
98
7
79
9
92
9
50
10
52
9
58
8
40
9
87
7
28
9
99
7
59
9
8
9
49
7
59
8
46
7
87
8
7
6
89
9
41
6
79
0
0
6
89
8
77
10
22
7
79
7
49
9
40
7
19
7
89
6
69
6
89
7
39
6
78
8
99
7
49
7
29
9
91
7
49
9
38
7
89
9
61
9
18
9
19
8
80
9
88
7
39
6
19
0
40
7
29
6
99
7
88
8
18
6
76
6
9
6
99
8
88
10
52
6
9
9
61
9
78
9
10
6
39
7
89
6
99
9
97
9
78
8
9
9
32
7
79
9
38
6
89
9
99
7
43
8
63
6
27
6
19
9
11
9
70
8
30
9
41
8
40
8
6
9
97
6
66
9
92
6
9
8
76
0
60
9
39
7
49
7
89
9
7
9
50
9
58
7
58
9
97
6
8
7
69
9
30
7
9
9
61
9
47
9
61
9
69
8
19
9
62
8
30
9
12
7
99
9
88
9
42
9
57
9
41
9
32
7
98
7
68
7
16
9
87
9
99
6
59
7
88
7
19
9
71
7
89
7
99
6
19
9
29
7
26
7
86
7
38
9
49
10
52
6
86
9
70
7
29
8
50
8
79
9
7
9
11
8
60
8
80
8
20
9
47
9
11
7
29
6
29
6
66
7
69
9
80
7
39
7
66
2
49
7
17
8
50
7
66
8
40
9
51
9
62
8
99
8
80
0
0
8
50
8
30
9
91
6
63
7
89
9
51
9
12
9
62
7
67
9
51
8
46
9
91
9
99
9
51
9
89
9
67
9
51
7
89
6
19
7
29
8
56
6
59
9
39
6
59
8
99
7
19
8
50
7
33
9
56
9
99
7
18
9
19
7
96
8
10
10
52
9
11
6
9
9
32
6
39
9
47
8
8
6
29
8
20
8
16
6
49
7
79
8
90
8
90
9
81
9
77
9
98
7
69
9
78
9
79
10
52
6
99
6
19
8
40
1
88
8
90
8
40
6
69
10
52
7
89
6
59
8
99
6
79
9
81
9
22
8
96
8
48
6
59
8
70
9
67
9
27
9
81
9
38
9
77
1
59
8
60
7
49
8
40
7
79
7
26
6
59
7
79
9
37
8
20
6
99
0
79
7
66
8
20
6
17
7
9
6
89
6
69
8
10
8
89
8
50
9
62
7
38
0
30
6
69
7
89
8
90
6
19
8
86
6
49
9
97
0
0
9
42
9
41
0
80
8
18
8
60
9
27
7
29
9
99
9
62
9
40
6
69
7
56
6
17
1
67
6
19
7
42
8
60
7
69
6
87
6
9
7
49
0
0
9
11
9
12
6
49
8
50
9
81
9
17
7
88
7
99
6
78
7
79
9
81
7
46
6
16
1
29
9
17
6
39
8
60
8
66
9
92
9
59
9
74
7
67
7
69
0
20
6
7
6
49
6
9
9
61
6
3
7
29
9
81
8
59
9
72
9
31
6
99
6
69
7
47
6
59
6
49
10
52
9
42
9
92
9
61
6
99
7
99
9
11
7
9
6
19
7
56
8
20
7
29
8
70
8
6
8
46
7
99
8
99
9
7
9
27
7
19
7
67
8
36
8
86
7
89
9
51
9
89
9
38
9
10
9
61
1
59
8
21
8
30
9
11
7
8
6
79
9
19
9
81
7
59
7
59
8
16
9
42
8
90
8
59
8
40
7
57
6
89
8
80
8
98
7
18
8
80
6
79
9
72
9
72
6
28
9
18
0
10
9
81
9
19
8
28
2
29
9
8
8
36
7
99
9
99
9
31
8
57
8
96
10
82
8
70
9
90
9
51
6
7
6
89
7
29
8
28
8
70
9
80
7
29
9
99
1
27
6
29
6
9
9
77
9
28
9
71
8
99
9
71
7
9
6
49
9
37
6
89
7
89
9
99
8
99
7
56
8
20
8
30
7
18
7
39
7
99
6
9
9
13
9
81
6
29
9
7
7
59
7
59
8
39
7
6
7
39
7
69
2
78
8
70
9
20
9
72
7
9
9
18
7
49
6
49
8
99
8
99
8
58
9
81
7
79
9
47
6
49
8
61
6
49
1
79
0
40
9
68
6
46
8
96
7
8
7
9
8
20
6
18
6
78
6
99
9
93
9
70
8
56
6
38
7
39
0
20
9
31
9
59
8
60
10
22
9
60
8
10
9
70
1
59
9
92
6
88
9
42
8
86
8
70
8
60
0
10
9
62
9
18
7
9
9
49
6
69
7
19
3
39
9
9
10
52
8
59
6
19
8
10
7
77
9
67
6
8
9
11
8
66
7
19
1
78
7
49
6
54
9
80
9
89
9
90
9
78
9
92
9
62
6
79
7
66
6
26
7
49
7
47
0
50
8
17
8
10
6
83
6
79
7
19
9
40
7
69
7
9
7
9
6
28
9
51
7
17
6
96
9
78
9
70
9
97
6
88
6
56
8
16
8
10
9
21
6
39
6
37
7
99
9
29
6
86
9
60
6
99
6
19
9
60
6
29
0
50
6
79
9
71
9
89
8
20
8
79
8
70
10
52
6
39
6
66
8
20
9
50
6
39
9
28
6
47
8
99
6
99
9
79
6
36
6
69
8
99
6
37
6
69
6
99
8
86
9
99
9
71
7
6
7
69
6
59
2
9
0
10
6
67
9
48
7
9
9
11
9
12
8
78
9
27
9
59
7
47
8
59
8
30
7
88
9
99
9
27
7
29
6
29
9
67
9
50
9
40
6
29
6
99
6
69
6
19
8
19
7
49
7
66
7
19
6
99
9
41
8
46
10
82
6
29
8
76
9
99
9
9
8
90
8
20
6
29
6
49
9
81
9
99
9
17
7
39
8
78
6
49
9
61
9
80
7
38
7
58
10
82
6
89
8
38
4
18
7
99
8
9
7
78
8
87
8
86
9
11
9
40
7
66
8
96
8
10
0
60
7
59
7
39
9
79
9
21
7
19
6
28
9
40
9
57
9
90
9
99
9
57
7
19
9
91
1
9
7
49
6
9
9
92
9
37
7
19
8
76
7
7
6
79
9
32
6
39
6
66
6
39
7
99
1
19
8
70
6
39
9
51
9
48
9
51
9
88
6
47
9
56
9
41
7
39
8
36
9
31
2
99
9
99
6
29
8
90
9
31
7
18
9
89
7
59
7
26
8
59
0
99
7
39
9
62
6
18
8
10
2
78
10
22
7
39
6
46
9
19
9
81
7
49
7
9
9
61
7
97
9
99
9
49
9
31
4
61
7
7
4
19
7
59
6
59
7
47
7
29
9
92
9
99
8
50
1
39
9
41
8
98
9
81
7
8
6
49
7
19
0
0
1
9
8
90
9
99
10
52
9
99
7
9
8
30
9
99
7
88
6
96
6
88
8
20
0
0
6
14
9
8
7
29
8
72
6
39
7
26
6
28
9
42
9
12
7
39
8
16
1
19
6
59
9
8
7
26
7
59
9
41
6
9
6
79
9
70
8
76
8
50
9
90
7
57
7
49
8
99
8
99
8
97
1
59
3
56
6
59
8
76
0
60
9
77
7
79
7
49
9
12
8
99
9
42
8
66
7
49
8
96
9
67
10
22
9
91
7
59
6
9
7
59
7
88
9
8
8
76
8
30
9
12
8
10
8
86
8
48
9
81
7
87
9
21
9
99
6
29
8
99
7
88
6
59
9
18
7
88
9
39
10
22
9
48
6
98
0
50
7
16
9
41
9
77
6
9
9
38
9
11
8
26
8
7
9
49
8
99
9
72
9
20
6
68
7
89
10
22
7
67
7
29
8
80
7
49
9
97
9
32
6
39
9
30
7
59
10
52
8
50
9
41
8
19
6
89
9
38
9
81
9
91
7
56
9
92
9
32
0
80
0
40
7
66
7
46
7
37
7
68
9
41
7
69
6
89
9
70
9
21
10
52
8
20
9
97
7
66
7
49
6
29
8
46
9
21
9
99
7
99
