2
73
4
88
4
47
5
34
5
94
3
76
5
13
3
79
3
56
5
93
2
85
0
80
4
49
4
9
6
84
5
53
5
82
3
16
2
36
3
54
4
25
2
9
3
68
5
93
3
95
2
13
5
39
5
28
6
99
2
65
5
89
2
75
2
68
3
46
3
18
5
69
5
99
6
46
3
69
2
34
5
19
4
54
2
86
2
75
5
95
5
5
5
59
2
9
5
23
3
59
4
16
2
39
6
44
2
77
3
33
4
22
2
94
2
18
6
99
2
73
3
67
4
67
2
63
6
29
3
58
2
99
2
24
6
97
4
39
4
79
4
19
2
46
6
15
3
24
6
29
5
52
3
65
4
4
6
97
6
14
6
29
5
56
5
45
3
17
5
59
4
59
2
3
3
49
6
36
3
72
5
97
5
12
5
6
4
37
4
9
4
16
2
76
3
59
2
23
4
9
4
2
5
9
3
75
6
6
5
77
4
44
4
37
5
65
2
57
4
36
4
65
4
73
2
67
6
99
4
99
5
66
3
89
6
29
2
39
6
54
5
36
4
12
4
94
3
77
6
89
6
46
6
49
5
54
4
37
6
83
3
24
6
98
3
59
6
4
5
45
3
58
4
42
3
83
4
3
2
89
5
38
2
76
0
0
2
89
4
73
6
19
3
77
3
49
6
36
3
16
3
86
2
65
2
86
3
39
2
74
4
99
3
46
3
25
5
89
3
48
5
34
3
88
5
57
6
14
6
15
4
79
5
84
3
38
2
19
0
40
3
25
2
99
3
84
4
14
2
72
2
9
2
96
4
84
6
49
2
8
5
57
6
74
5
6
2
36
3
85
2
97
5
93
5
74
4
5
6
29
3
76
5
34
2
89
6
99
3
43
4
63
2
23
2
19
6
7
6
66
4
27
6
37
4
37
4
2
6
93
2
62
6
89
2
7
5
72
0
60
5
35
3
49
3
88
5
3
6
46
6
58
3
54
6
93
2
4
3
69
6
26
3
9
5
58
6
43
5
59
6
65
4
15
6
59
4
29
6
9
3
96
5
84
6
39
5
53
5
37
6
29
3
98
3
64
3
12
5
83
5
99
2
55
3
84
3
16
5
68
3
89
3
97
2
19
5
25
3
22
3
82
3
34
6
45
6
49
2
82
5
66
3
29
4
49
4
75
5
3
6
7
4
58
4
79
4
19
5
47
5
9
3
27
2
27
2
62
3
67
5
76
3
39
3
62
2
49
3
13
4
47
3
62
4
38
5
49
6
59
4
99
4
79
0
0
4
49
4
27
5
89
2
63
3
85
5
47
6
8
6
59
3
63
5
49
4
42
5
88
5
95
5
48
5
85
6
63
6
47
3
89
2
19
3
29
4
52
2
55
5
35
2
57
4
96
3
19
4
48
3
33
6
56
5
97
3
14
5
15
3
92
4
7
6
48
5
9
2
6
6
29
2
38
5
43
4
4
2
29
4
19
4
12
2
49
3
79
4
89
4
89
5
79
6
73
5
94
3
69
6
74
5
75
6
49
2
98
2
18
4
37
1
88
4
89
4
39
2
66
6
49
3
87
2
56
4
99
2
77
5
77
5
22
5
92
4
44
2
59
4
68
6
63
5
23
5
79
5
34
6
73
1
55
4
59
3
46
4
36
3
78
3
22
2
59
3
77
5
33
4
18
2
99
0
79
3
62
4
17
2
13
3
9
2
86
2
69
4
6
4
85
4
48
6
58
3
34
0
30
2
68
3
87
4
89
2
16
5
82
2
49
6
93
0
0
6
39
6
41
0
80
4
14
4
56
6
23
3
29
5
99
6
59
6
36
2
65
3
52
2
13
1
63
2
18
3
42
4
59
3
67
2
83
2
7
3
49
0
0
5
7
6
9
2
48
4
47
5
79
6
13
3
84
3
99
2
74
3
77
5
78
3
42
2
12
1
29
5
13
2
36
4
59
4
66
6
89
6
55
6
74
3
63
3
69
0
20
2
3
2
49
2
6
5
59
2
3
3
29
5
78
4
55
6
69
5
29
2
99
2
69
3
43
2
59
2
49
6
49
6
39
6
89
5
57
2
99
3
99
5
7
3
8
2
18
3
52
4
19
3
25
4
66
5
2
4
42
3
95
4
99
5
3
6
23
3
19
3
63
4
32
5
82
3
89
5
49
6
85
6
34
6
6
5
58
1
59
4
21
4
29
6
7
3
4
2
77
5
15
6
77
3
59
3
58
5
12
6
39
4
88
4
55
4
39
3
53
2
89
4
79
4
94
3
14
4
79
2
78
6
69
6
69
2
24
5
14
0
10
5
77
6
15
4
24
2
27
6
4
5
32
3
98
6
99
5
27
4
53
5
92
6
78
4
69
5
86
5
48
2
3
2
87
3
28
4
24
4
69
6
76
3
29
5
98
1
23
2
26
2
7
6
73
5
24
5
69
4
95
5
67
3
5
2
49
5
33
2
89
3
86
6
99
4
99
3
52
4
18
4
29
3
14
3
39
3
98
2
8
5
14
5
78
2
25
6
3
3
57
3
57
4
35
3
6
3
37
3
67
2
74
4
67
5
16
6
69
3
9
5
14
3
49
2
48
4
95
4
99
4
58
5
78
3
76
5
43
2
49
4
61
2
46
1
79
0
40
6
64
2
42
4
92
3
4
3
6
4
19
2
14
2
78
2
95
6
93
6
66
5
52
2
34
3
39
0
20
5
29
5
55
4
56
6
19
6
56
4
9
5
66
1
59
6
92
2
84
6
39
4
82
4
67
4
59
0
10
6
59
5
14
3
8
5
45
2
65
3
19
3
38
6
5
6
49
4
55
2
19
4
9
3
73
5
63
2
4
6
11
5
62
3
19
1
78
3
49
2
54
5
76
5
85
6
86
5
74
6
89
6
58
2
76
3
62
2
22
3
47
3
43
0
50
4
13
4
7
2
83
2
79
3
19
5
36
3
67
3
9
3
6
2
24
6
47
3
13
2
92
5
74
6
66
6
93
2
84
2
52
5
12
4
9
5
18
2
38
2
33
3
96
5
29
2
82
5
56
2
98
2
19
6
56
2
26
0
50
2
78
5
68
6
85
4
18
4
75
4
69
6
49
2
39
2
62
4
19
6
46
2
39
5
24
2
43
4
96
2
98
6
75
2
32
2
69
4
96
2
33
2
65
2
99
4
82
5
97
6
67
3
2
3
68
2
55
2
9
0
10
2
63
5
44
3
7
6
7
6
8
4
74
6
23
5
55
3
43
4
55
4
29
3
84
6
98
5
23
3
26
2
26
6
63
6
46
5
36
2
27
2
98
2
66
2
16
4
15
3
49
3
62
3
15
2
99
5
39
4
42
6
78
2
26
4
72
6
97
6
5
4
88
4
19
2
27
2
49
6
77
6
99
5
13
3
37
4
74
2
49
5
58
6
76
3
34
3
54
6
79
2
86
4
34
4
14
3
97
4
5
3
74
4
83
5
82
6
7
5
36
3
62
4
92
4
8
0
60
3
59
3
39
6
75
6
17
3
16
2
24
6
36
6
53
6
86
5
97
6
57
3
16
5
87
1
6
3
49
2
9
6
89
6
33
3
17
4
72
3
3
2
79
6
28
2
39
2
62
2
35
3
99
1
18
4
66
2
35
5
47
5
44
5
47
6
84
2
43
6
56
5
39
3
38
4
32
5
27
2
99
5
96
2
28
4
89
5
28
3
14
6
85
3
58
3
22
4
55
0
99
3
37
6
59
2
14
4
6
2
74
6
18
3
37
2
42
5
15
5
78
3
49
3
9
5
58
3
93
5
99
5
45
5
28
4
61
3
3
4
19
3
56
2
55
3
43
3
26
6
89
5
95
4
49
1
35
6
37
4
94
6
77
3
4
2
46
3
17
0
0
1
9
4
88
5
98
6
49
5
99
3
8
4
27
6
99
3
84
2
92
2
84
4
19
0
0
2
14
6
4
3
28
4
72
2
37
3
22
2
24
6
39
6
9
3
38
4
12
2
19
2
59
5
4
3
22
3
59
5
39
2
5
2
75
5
66
4
72
4
48
6
86
3
53
3
49
4
96
4
96
4
93
1
57
3
52
2
59
4
72
0
60
5
73
3
78
3
49
6
9
4
99
6
38
5
62
3
48
5
92
5
63
6
19
5
89
3
59
2
9
3
59
3
84
6
4
5
72
4
29
6
9
4
9
5
82
4
44
5
79
3
87
5
19
6
99
2
29
4
99
3
84
2
59
5
18
3
84
6
35
6
19
6
44
2
94
0
50
3
12
5
39
6
73
2
6
6
34
5
9
4
22
4
3
6
45
4
97
6
69
6
16
2
64
3
89
6
19
3
63
3
26
4
76
3
48
5
97
6
32
2
39
6
26
3
59
6
49
4
49
5
39
4
15
2
87
6
34
5
79
5
87
3
52
6
89
6
29
0
80
0
40
3
62
3
42
3
33
3
64
5
39
3
69
2
89
6
66
5
17
6
49
4
18
6
93
3
62
3
46
2
26
4
46
5
19
6
99
3
99
