5
76
7
89
7
49
8
37
8
97
6
79
8
16
6
79
6
59
8
96
5
88
0
80
7
49
7
9
9
87
8
56
8
85
6
19
5
39
6
57
7
28
5
9
6
69
8
96
6
98
5
16
8
40
8
30
9
99
5
68
8
90
5
78
5
69
6
49
6
19
8
70
8
99
9
49
6
69
5
37
8
20
7
57
5
89
5
78
8
98
8
8
8
60
5
9
8
26
6
59
7
16
5
39
9
47
5
79
6
36
7
25
5
97
5
19
9
99
5
76
6
69
7
69
5
66
9
31
6
59
5
99
5
27
9
99
7
39
7
79
7
19
5
49
9
18
6
27
9
31
8
55
6
68
7
7
9
99
9
17
9
31
8
59
8
48
6
19
8
60
7
59
5
6
6
49
9
39
6
75
8
99
8
15
8
9
7
39
7
9
7
19
5
79
6
59
5
26
7
9
7
5
8
10
6
78
9
9
8
80
7
47
7
39
8
68
5
59
7
39
7
68
7
76
5
69
9
99
7
99
8
69
6
89
9
31
5
39
9
57
8
39
7
15
7
97
6
79
9
91
9
49
9
51
8
57
7
39
8
86
6
27
9
99
6
59
9
7
8
48
6
59
7
45
6
86
7
6
5
89
8
40
5
79
0
0
5
89
7
76
9
21
6
79
6
49
9
39
6
19
6
89
5
68
5
89
6
39
5
77
7
99
6
49
6
28
8
90
6
49
8
37
6
89
8
60
9
17
9
18
7
79
8
87
6
39
5
19
0
40
6
28
5
99
6
87
7
17
5
75
5
9
5
99
7
87
9
51
5
9
8
60
9
77
8
9
5
39
6
88
5
99
8
96
8
77
7
8
9
31
6
79
8
37
5
89
9
99
6
43
7
63
5
26
5
19
9
10
9
69
7
29
9
40
7
39
7
5
8
96
5
65
9
91
5
9
8
75
0
60
8
38
6
49
6
89
8
6
9
49
9
58
6
57
8
96
5
7
6
69
9
29
6
9
8
60
8
46
8
60
9
68
7
18
9
61
7
29
9
11
6
99
8
87
9
41
8
56
8
40
9
31
6
98
6
67
6
15
8
86
8
99
5
58
6
87
6
19
8
70
6
89
6
99
5
19
8
28
6
25
6
85
6
37
9
48
9
51
5
85
8
69
6
29
7
49
7
78
8
6
9
10
7
59
7
79
7
19
8
47
8
10
6
29
5
29
5
65
6
69
8
79
6
39
6
65
2
49
6
16
7
49
6
65
7
39
8
50
9
61
7
99
7
79
0
0
7
49
7
29
8
90
5
63
6
88
8
50
9
11
9
61
6
66
8
50
7
45
8
90
8
98
8
50
8
88
8
66
9
50
6
89
5
19
6
29
7
55
5
58
8
38
5
59
7
99
6
19
7
49
6
33
9
56
8
99
6
17
8
18
6
95
7
9
9
51
8
10
5
9
9
31
5
39
8
46
7
7
5
29
7
19
7
15
5
49
6
79
7
89
7
89
8
80
8
76
8
97
6
69
9
77
8
78
9
51
5
99
5
19
7
39
1
88
7
89
7
39
5
69
9
51
6
89
5
59
7
99
5
79
8
80
8
22
8
95
7
47
5
59
7
69
8
66
8
26
8
80
8
37
8
76
1
58
7
59
6
49
7
39
6
79
6
25
5
59
6
79
8
36
7
19
5
99
0
79
6
65
7
19
5
16
6
9
5
89
5
69
7
9
7
88
7
49
9
61
6
37
0
30
5
69
6
89
7
89
5
19
8
85
5
49
8
96
0
0
9
41
9
41
0
80
7
17
7
59
8
26
6
29
8
99
9
61
9
39
5
68
6
55
5
16
1
66
5
19
6
42
7
59
6
69
5
86
5
9
6
49
0
0
8
10
9
11
5
49
7
49
8
80
8
16
6
87
6
99
5
77
6
79
8
80
6
45
5
15
1
29
8
16
5
39
7
59
7
66
9
91
9
58
9
74
6
66
6
69
0
20
5
6
5
49
5
9
8
60
5
3
6
29
8
80
7
58
9
71
8
30
5
99
5
69
6
46
5
59
5
49
9
51
9
41
9
91
8
60
5
99
6
99
8
10
6
9
5
19
6
55
7
19
6
28
7
69
8
5
7
45
6
98
7
99
8
6
8
26
6
19
6
66
7
35
8
85
6
89
8
50
9
88
9
37
9
9
8
60
1
59
7
21
7
29
9
10
6
7
5
79
8
18
9
80
6
59
6
59
8
15
9
41
7
89
7
58
7
39
6
56
5
89
7
79
7
97
6
17
7
79
5
79
9
71
9
71
5
27
8
17
0
10
8
80
9
18
7
27
2
29
9
7
8
35
6
99
9
99
8
30
7
56
8
95
9
81
7
69
8
89
8
50
5
6
5
89
6
29
7
27
7
69
9
79
6
29
8
99
1
26
5
29
5
9
8
76
8
27
8
70
7
98
8
70
6
8
5
49
8
36
5
89
6
89
9
99
7
99
6
55
7
19
7
29
6
17
6
39
6
99
5
9
8
14
8
80
5
28
8
6
6
59
6
59
7
38
6
6
6
39
6
69
2
77
7
69
8
19
9
71
6
9
8
17
6
49
5
49
7
98
7
99
7
58
8
80
6
79
8
46
5
49
7
61
5
49
1
79
0
40
9
67
5
45
7
95
6
7
6
9
7
19
5
17
5
78
5
98
9
93
9
69
8
55
5
37
6
39
0
20
8
30
8
58
7
59
9
21
9
59
7
9
8
69
1
59
9
92
5
87
9
41
7
85
7
69
7
59
0
10
9
61
8
17
6
9
8
48
5
68
6
19
3
39
9
8
9
51
7
58
5
19
7
9
6
76
8
66
5
7
9
11
8
65
6
19
1
78
6
49
5
54
8
79
8
88
9
89
8
77
9
91
9
61
5
79
6
65
5
25
6
49
6
46
0
50
7
16
7
9
5
83
5
79
6
19
8
39
6
69
6
9
6
9
5
27
9
50
6
16
5
95
8
77
9
69
8
96
5
87
5
55
8
15
7
9
8
20
5
39
5
36
6
99
8
29
5
85
8
59
5
99
5
19
9
59
5
29
0
50
5
79
8
70
9
88
7
19
7
78
7
69
9
51
5
39
5
65
7
19
9
49
5
39
8
27
5
46
7
99
5
99
9
78
5
35
5
69
7
99
5
36
5
68
5
99
7
85
8
99
9
70
6
5
6
69
5
58
2
9
0
10
5
66
8
47
6
9
9
10
9
11
7
77
8
26
8
58
6
46
7
58
7
29
6
87
9
99
8
26
6
29
5
29
8
66
9
49
8
39
5
29
5
99
5
69
5
19
7
18
6
49
6
65
6
18
5
99
8
40
7
45
9
81
5
29
7
75
9
99
9
8
7
89
7
19
5
29
5
49
9
80
9
99
8
16
6
39
7
77
5
49
8
60
9
79
6
37
6
57
9
81
5
89
7
37
4
17
6
99
7
8
6
77
7
86
8
85
9
10
8
39
6
65
7
95
7
9
0
60
6
59
6
39
9
78
9
20
6
19
5
27
9
39
8
56
9
89
8
99
9
57
6
19
8
90
1
9
6
49
5
9
9
91
8
36
6
19
7
75
6
6
5
79
9
31
5
39
5
65
5
38
6
99
1
19
7
69
5
38
8
50
8
47
8
50
9
87
5
46
9
56
8
40
6
39
7
35
8
30
2
99
8
99
5
29
7
89
8
30
6
17
9
88
6
59
6
25
7
58
0
99
6
39
9
61
5
17
7
9
2
77
9
21
6
39
5
45
8
18
8
80
6
49
6
9
8
60
6
96
8
99
8
48
8
30
4
61
6
6
4
19
6
59
5
58
6
46
6
29
9
91
8
98
7
49
1
38
9
40
7
97
9
80
6
7
5
49
6
19
0
0
1
9
7
89
8
99
9
51
8
99
6
9
7
29
9
99
6
87
5
95
5
87
7
19
0
0
5
14
9
7
6
29
7
72
5
39
6
25
5
27
9
41
9
11
6
39
7
15
1
19
5
59
8
7
6
25
6
59
8
40
5
8
5
78
8
69
7
75
7
49
9
89
6
56
6
49
7
99
7
99
7
96
1
59
3
55
5
59
7
75
0
60
8
76
6
79
6
49
9
11
7
99
9
41
8
65
6
49
8
95
8
66
9
21
8
90
6
59
5
9
6
59
6
87
9
7
8
75
7
29
9
11
7
9
8
85
7
47
8
80
6
87
8
20
9
99
5
29
7
99
6
87
5
59
8
18
6
87
9
38
9
21
9
47
5
97
0
50
6
15
8
40
8
76
5
9
9
37
8
10
7
25
7
6
9
48
7
99
9
71
9
19
5
67
6
89
9
21
6
66
6
29
7
79
6
49
8
97
9
32
5
39
9
29
6
59
9
51
7
49
8
40
7
18
5
89
9
37
8
80
8
90
6
55
9
91
9
31
0
80
0
40
6
65
6
45
6
36
6
67
8
40
6
69
5
89
9
69
8
20
9
51
7
19
8
96
6
65
6
49
5
29
7
46
8
20
9
99
6
99
