19
93
9
94
19
64
9
44
9
99
19
94
19
33
19
94
9
64
9
99
9
94
0
80
19
64
9
14
9
94
9
64
9
94
19
34
9
44
9
64
9
34
9
14
9
74
9
99
9
99
19
33
9
44
9
34
9
99
9
74
9
94
19
94
9
74
19
64
19
34
9
74
9
99
19
64
9
74
9
44
19
34
9
64
9
94
19
94
9
99
9
14
9
64
9
14
9
34
9
64
9
16
9
44
19
64
19
94
9
44
9
34
9
99
19
34
9
99
19
93
9
74
9
74
9
74
9
34
9
64
9
99
9
34
9
99
9
44
19
94
19
34
19
64
19
34
9
34
9
34
9
64
9
74
9
14
9
99
19
34
9
34
9
64
19
64
19
34
9
64
9
64
9
14
19
64
9
44
19
92
9
99
19
32
9
14
9
44
9
14
19
34
19
94
9
64
9
34
9
14
9
14
9
14
19
94
9
14
19
94
19
64
9
44
9
74
9
64
9
44
9
74
19
93
9
74
9
99
9
99
9
74
9
94
9
34
9
44
9
64
9
44
19
32
9
99
19
94
9
94
19
64
19
64
9
64
9
44
9
94
9
34
9
99
9
64
9
14
19
64
9
64
19
62
9
94
9
14
9
94
9
44
19
94
0
0
9
94
19
93
19
34
19
94
19
64
9
44
19
34
9
94
9
74
9
94
9
44
19
94
9
99
19
64
9
34
9
94
19
64
9
44
9
94
9
64
19
34
19
34
19
94
9
94
9
44
19
34
0
40
9
34
9
99
9
94
19
34
19
92
9
14
9
99
9
94
19
64
9
14
9
64
19
94
9
14
9
44
9
94
9
99
9
99
19
94
9
14
9
34
19
94
9
44
9
94
9
99
9
43
9
63
9
34
19
34
9
14
9
74
9
34
9
44
9
44
9
14
9
99
9
74
9
94
9
14
19
92
0
60
9
44
19
64
9
94
9
14
19
64
9
58
9
64
9
99
9
14
9
74
9
34
9
14
9
64
19
63
9
64
9
74
19
34
9
64
9
34
9
14
9
99
9
94
9
44
9
64
9
44
9
34
9
98
9
74
19
32
9
94
9
99
9
64
9
94
19
34
9
74
9
94
9
99
19
34
9
34
9
34
9
94
9
44
19
64
19
64
9
94
9
74
9
29
19
64
19
94
9
14
9
14
9
64
19
94
19
34
9
47
9
14
9
34
9
34
9
74
9
74
19
94
9
44
9
74
2
49
19
33
19
64
9
74
9
44
19
64
9
64
9
99
19
94
0
0
19
64
9
34
9
94
9
63
9
94
19
64
9
14
9
64
9
74
19
64
19
62
9
94
9
99
19
64
9
94
9
74
19
64
9
94
19
34
9
34
9
64
9
64
9
44
9
64
9
99
19
34
19
64
9
33
9
56
9
99
19
34
19
34
9
99
9
14
19
64
9
14
9
14
9
34
9
44
19
63
9
14
9
34
19
34
19
32
19
64
19
94
9
94
9
94
19
94
19
93
9
99
9
74
19
94
19
94
19
64
9
99
19
34
9
44
1
88
9
94
9
44
9
74
19
64
9
94
9
64
9
99
19
94
19
94
19
22
9
99
19
64
9
64
9
74
9
74
9
34
19
94
9
44
19
93
1
59
9
64
19
64
9
44
19
94
9
34
9
64
19
94
9
44
19
34
9
99
0
79
9
74
19
34
19
33
9
14
9
94
9
74
9
14
9
94
19
64
9
64
9
44
0
30
9
74
9
94
9
94
19
34
9
94
19
64
9
99
0
0
9
44
9
41
0
80
19
34
9
64
9
34
9
34
9
99
9
64
9
44
9
74
9
64
19
33
1
69
19
34
9
42
9
64
9
74
9
94
9
14
19
64
0
0
9
14
9
14
19
64
19
64
19
94
19
33
9
94
9
99
19
94
19
94
19
94
19
62
19
32
1
29
19
33
9
44
9
64
9
66
9
94
9
64
9
74
9
74
9
74
0
20
9
14
19
64
9
14
9
64
9
3
9
34
19
94
9
64
9
74
9
34
9
99
9
74
19
63
9
64
19
64
19
64
9
44
9
94
9
64
9
99
9
99
9
14
9
14
19
34
9
64
19
34
9
34
9
74
9
14
19
62
9
99
9
99
9
14
9
34
19
34
9
74
9
44
9
94
9
94
19
64
9
94
9
44
9
14
9
64
1
59
19
21
9
34
9
14
9
14
19
94
19
34
19
94
9
64
9
64
19
32
9
44
9
94
9
64
9
44
9
64
9
94
19
94
9
99
19
34
19
94
19
94
9
74
9
74
9
34
19
34
0
10
19
94
19
34
9
34
2
29
9
14
9
44
9
99
9
99
9
34
9
64
9
99
19
94
9
74
9
94
19
64
9
14
9
94
9
34
9
34
9
74
19
94
9
34
9
99
1
29
9
34
9
14
19
93
9
34
9
74
9
99
9
74
9
14
19
64
9
44
9
94
9
94
9
99
9
99
9
64
19
34
9
34
19
34
9
44
9
99
9
14
9
13
19
94
9
34
9
14
9
64
9
64
9
44
9
6
9
44
9
74
2
79
9
74
19
34
9
74
9
14
19
34
19
64
19
64
9
99
9
99
9
58
19
94
19
94
19
63
19
64
9
61
19
64
1
79
0
40
9
74
19
62
9
99
9
14
9
14
19
34
19
34
9
78
9
99
9
93
9
74
9
64
9
44
9
44
0
20
9
34
9
64
9
64
19
34
9
64
9
14
9
74
1
59
9
92
9
94
9
44
9
94
9
74
9
64
0
10
9
64
19
34
9
14
19
64
9
74
19
34
3
39
9
14
19
64
9
64
19
34
9
14
19
93
9
74
9
14
9
11
9
74
19
34
1
78
19
64
9
54
19
94
9
94
9
94
19
94
9
94
9
64
19
94
9
74
9
34
19
64
19
63
0
50
19
33
9
14
19
82
19
94
19
34
9
44
9
74
9
14
9
14
9
34
19
64
19
33
9
99
19
94
9
74
9
99
9
94
9
64
19
32
9
14
19
34
9
44
9
44
9
99
9
29
9
94
9
64
9
99
19
34
9
64
9
34
0
50
19
94
9
74
9
94
19
34
19
94
9
74
19
64
9
44
9
74
19
34
19
64
9
44
9
34
19
63
9
99
9
99
19
94
9
44
9
74
9
99
9
44
9
74
9
99
9
94
9
99
9
74
9
14
9
74
9
64
2
9
0
10
9
74
19
64
9
14
9
14
9
14
19
94
9
34
9
64
19
63
9
64
9
34
9
94
9
99
9
34
9
34
9
34
9
74
19
64
9
44
9
34
9
99
9
74
19
34
19
34
19
64
9
74
19
34
9
99
9
44
19
62
19
94
9
34
19
92
9
99
9
14
9
94
19
34
9
34
19
64
19
94
9
99
19
33
9
44
19
94
19
64
9
64
19
94
9
44
9
64
19
94
9
94
9
44
4
19
9
99
9
14
19
94
9
94
9
94
9
14
9
44
9
74
9
99
9
14
0
60
9
64
9
44
19
94
19
34
19
34
9
34
9
44
9
64
9
94
9
99
9
57
19
34
9
94
1
9
19
64
9
14
9
94
9
44
19
34
19
92
9
14
19
94
9
34
9
44
9
74
9
44
9
99
1
19
9
74
9
44
19
64
19
64
19
64
9
94
19
63
9
56
9
44
9
44
9
44
9
34
2
99
9
99
9
34
9
94
9
34
19
34
9
94
9
64
9
34
9
64
0
99
9
44
9
64
19
34
9
14
2
79
19
34
9
44
19
62
19
34
19
94
19
64
9
14
9
64
9
99
9
99
19
64
9
34
4
61
9
14
4
19
9
64
9
64
19
63
9
34
9
94
9
99
19
64
1
39
9
44
9
99
19
94
9
14
19
64
19
34
0
0
1
9
9
94
9
99
19
64
9
99
9
14
9
34
9
99
9
94
9
99
9
94
19
34
0
0
9
14
9
14
9
34
9
72
9
44
9
34
9
34
9
44
9
14
9
44
19
32
1
19
9
64
9
14
9
34
9
64
9
44
9
14
19
94
9
74
19
92
19
64
9
94
9
64
19
64
9
99
9
99
9
99
1
59
3
59
9
64
19
92
0
60
19
93
19
94
19
64
9
14
9
99
9
44
9
74
19
64
9
99
9
74
19
34
9
94
9
64
9
14
9
64
9
94
9
14
19
92
9
34
9
14
9
14
9
94
19
64
19
94
9
87
19
34
9
99
9
34
9
99
9
94
9
64
9
18
9
94
9
44
19
34
19
64
9
99
0
50
19
32
9
44
19
93
9
14
9
44
9
14
9
34
9
14
19
64
9
99
9
74
19
34
9
74
9
94
19
34
9
74
9
34
19
94
19
64
9
97
9
32
9
44
9
34
9
59
19
64
19
64
9
44
19
34
9
94
9
44
19
94
9
94
9
64
9
94
9
34
0
80
0
40
9
74
19
62
9
44
9
74
9
44
9
74
9
94
9
74
19
34
19
64
19
34
9
99
9
74
19
64
9
34
9
46
19
34
9
99
9
99
