9
81
9
94
12
54
9
42
9
99
11
83
9
21
11
83
9
63
9
99
9
92
0
80
12
54
9
14
9
92
9
61
9
90
11
23
9
42
9
62
9
33
9
12
9
73
9
99
9
99
9
21
9
44
9
34
9
99
9
72
9
94
10
82
9
72
11
53
11
23
9
74
9
99
12
54
9
73
9
42
13
25
9
62
9
92
10
82
9
99
9
13
9
64
9
12
9
31
9
63
9
16
9
42
10
52
10
82
9
41
9
30
9
99
10
22
9
99
9
81
9
73
9
74
9
71
9
34
9
63
9
99
9
32
9
99
9
44
12
84
12
24
10
52
11
23
9
32
9
34
9
60
9
73
9
12
9
99
10
22
9
34
9
64
11
53
11
23
9
64
9
64
9
11
11
53
9
44
9
80
9
99
9
20
9
14
9
44
9
14
12
24
10
82
9
63
9
31
9
14
9
10
9
14
11
83
9
14
13
85
10
52
9
44
9
73
9
62
9
44
9
73
9
81
9
72
9
99
9
99
9
74
9
93
9
34
9
42
9
62
9
44
9
20
9
99
11
83
9
94
12
54
14
56
9
62
9
44
9
91
9
32
9
99
9
63
9
12
11
53
9
63
9
50
9
91
9
11
9
92
9
44
10
82
0
0
9
92
9
81
14
26
11
83
11
53
9
44
11
23
9
93
9
72
9
92
9
43
10
82
9
99
11
53
9
33
9
94
11
53
9
42
9
93
9
64
10
22
11
23
12
84
9
92
9
43
10
22
0
40
9
33
9
99
9
92
10
22
9
80
9
12
9
99
9
92
14
56
9
12
9
64
10
82
9
14
9
42
9
93
9
99
9
99
10
82
9
13
9
34
11
83
9
42
9
92
9
99
9
43
9
63
9
31
10
22
9
14
9
74
9
34
9
44
9
44
9
10
9
99
9
70
9
94
9
12
9
80
0
60
9
43
11
53
9
93
9
11
12
54
9
58
9
62
9
99
9
12
9
73
9
34
9
13
9
64
9
51
9
64
9
73
11
23
9
64
9
34
9
14
9
99
9
92
9
44
9
61
9
44
9
34
9
98
9
72
9
20
9
91
9
99
9
62
9
92
11
23
9
74
9
93
9
99
10
22
9
33
9
30
9
90
9
42
11
53
14
56
9
90
9
74
9
29
12
54
11
83
9
11
9
14
9
64
12
84
12
24
9
47
9
14
9
33
9
32
9
70
9
73
12
84
9
43
9
70
2
49
9
21
12
54
9
70
9
44
13
55
9
64
9
99
12
84
0
0
12
54
9
34
9
94
9
63
9
93
13
55
9
14
9
64
9
71
13
55
9
50
9
94
9
99
13
55
9
93
9
71
13
55
9
93
10
22
9
33
9
60
9
62
9
43
9
62
9
99
11
23
12
54
9
33
9
56
9
99
10
22
11
23
9
99
9
14
14
56
9
14
9
12
9
34
9
42
9
51
9
12
9
32
12
24
9
20
10
52
11
83
9
94
9
94
13
85
9
81
9
99
9
73
10
82
11
83
14
56
9
99
10
22
9
44
1
88
9
94
9
44
9
72
14
56
9
93
9
62
9
99
10
82
13
85
13
22
9
99
10
52
9
62
9
74
9
71
9
31
13
85
9
42
9
81
1
59
9
64
11
53
9
44
11
83
9
30
9
62
11
83
9
41
12
24
9
99
0
79
9
70
12
24
9
21
9
13
9
92
9
72
9
14
9
93
12
54
9
64
9
42
0
30
9
72
9
93
9
94
10
22
9
90
10
52
9
99
0
0
9
44
9
41
0
80
10
22
9
64
9
31
9
33
9
99
9
64
9
44
9
72
9
60
9
21
1
69
10
22
9
42
9
64
9
73
9
91
9
12
11
53
0
0
9
14
9
14
10
52
12
54
13
85
9
21
9
92
9
99
10
82
11
83
13
85
9
50
9
20
1
29
9
21
9
42
9
64
9
66
9
94
9
63
9
74
9
71
9
73
0
20
9
11
10
52
9
12
9
64
9
3
9
33
13
85
9
63
9
74
9
34
9
99
9
72
9
51
9
62
10
52
14
56
9
44
9
94
9
64
9
99
9
99
9
14
9
13
10
22
9
60
12
24
9
33
9
74
9
10
9
50
9
99
9
99
9
11
9
31
11
23
9
71
9
40
9
90
9
93
13
55
9
93
9
42
9
14
9
64
1
59
12
21
9
34
9
14
9
12
10
82
11
23
13
85
9
63
9
63
9
20
9
44
9
94
9
63
9
44
9
61
9
92
12
84
9
99
10
22
12
84
10
82
9
74
9
74
9
32
10
22
0
10
13
85
11
23
9
32
2
29
9
12
9
40
9
99
9
99
9
34
9
61
9
99
14
86
9
74
9
94
13
55
9
11
9
92
9
33
9
32
9
74
12
84
9
33
9
99
1
29
9
32
9
12
9
81
9
32
9
74
9
99
9
74
9
13
10
52
9
41
9
92
9
93
9
99
9
99
9
60
12
24
9
34
10
22
9
43
9
99
9
12
9
13
13
85
9
32
9
11
9
63
9
63
9
43
9
6
9
43
9
73
2
79
9
74
12
24
9
74
9
13
10
22
11
53
10
52
9
99
9
99
9
58
13
85
11
83
9
51
10
52
9
61
10
52
1
79
0
40
9
72
9
50
9
99
9
12
9
13
12
24
10
22
9
78
9
99
9
93
9
74
9
60
9
42
9
43
0
20
9
34
9
63
9
64
14
26
9
64
9
14
9
74
1
59
9
92
9
92
9
44
9
90
9
74
9
64
0
10
9
64
10
22
9
13
11
53
9
72
11
23
3
39
9
13
14
56
9
63
10
22
9
14
9
81
9
71
9
12
9
11
9
70
11
23
1
78
11
53
9
54
12
84
9
93
9
94
10
82
9
94
9
64
10
82
9
70
9
30
11
53
9
51
0
50
9
21
9
14
10
82
10
82
11
23
9
44
9
73
9
13
9
13
9
32
13
55
9
21
9
99
10
82
9
74
9
99
9
92
9
60
9
20
9
14
13
25
9
42
9
41
9
99
9
29
9
90
9
64
9
99
10
22
9
64
9
32
0
50
10
82
9
74
9
93
12
24
11
83
9
74
14
56
9
42
9
70
12
24
12
54
9
42
9
32
9
51
9
99
9
99
11
83
9
40
9
72
9
99
9
41
9
72
9
99
9
90
9
99
9
74
9
10
9
73
9
62
2
9
0
10
9
71
10
52
9
13
9
14
9
14
10
82
9
31
9
63
9
51
9
63
9
34
9
92
9
99
9
31
9
33
9
32
9
71
12
54
9
44
9
32
9
99
9
72
10
22
11
23
11
53
9
70
11
23
9
99
9
44
9
50
14
86
9
32
9
80
9
99
9
13
9
94
12
24
9
32
10
52
13
85
9
99
9
21
9
43
10
82
10
52
9
64
12
84
9
42
9
62
14
86
9
92
9
42
4
19
9
99
9
13
10
82
9
91
9
90
9
14
9
44
9
70
9
99
9
14
0
60
9
63
9
43
11
83
13
25
11
23
9
32
9
44
9
61
9
94
9
99
9
57
11
23
9
94
1
9
11
53
9
12
9
94
9
41
11
23
9
80
9
11
10
82
9
34
9
42
9
70
9
42
9
99
1
19
9
74
9
42
13
55
10
52
13
55
9
92
9
51
9
56
9
44
9
43
9
40
9
34
2
99
9
99
9
32
9
94
9
34
10
22
9
93
9
63
9
30
9
63
0
99
9
43
9
64
10
22
9
14
2
79
14
26
9
43
9
50
11
23
13
85
11
53
9
13
9
64
9
99
9
99
11
53
9
34
4
61
9
11
4
19
9
63
9
62
9
51
9
33
9
94
9
99
12
54
1
39
9
44
9
99
13
85
9
12
10
52
11
23
0
0
1
9
9
94
9
99
14
56
9
99
9
13
9
34
9
99
9
92
9
99
9
92
12
24
0
0
9
14
9
12
9
33
9
72
9
42
9
30
9
32
9
44
9
14
9
43
9
20
1
19
9
62
9
12
9
30
9
63
9
44
9
12
10
82
9
74
9
80
12
54
9
94
9
61
11
53
9
99
9
99
9
99
1
59
3
59
9
62
9
80
0
60
9
81
11
83
11
53
9
14
9
99
9
44
9
70
11
53
9
99
9
71
14
26
9
94
9
63
9
12
9
63
9
92
9
12
9
80
9
34
9
14
9
14
9
90
10
52
13
85
9
87
13
25
9
99
9
32
9
99
9
92
9
62
9
18
9
92
9
43
14
26
10
52
9
99
0
50
9
20
9
44
9
81
9
12
9
42
9
14
9
30
9
11
11
53
9
99
9
74
12
24
9
72
9
93
14
26
9
71
9
33
12
84
11
53
9
97
9
32
9
42
9
34
9
59
14
56
12
54
9
44
11
23
9
92
9
42
13
85
9
94
9
60
9
94
9
34
0
80
0
40
9
70
9
50
9
41
9
72
9
44
9
73
9
92
9
74
13
25
14
56
12
24
9
99
9
70
11
53
9
32
9
46
13
25
9
99
9
99
