9
58
9
48
9
64
9
81
9
41
8
20
10
82
8
70
9
99
9
92
9
99
9
31
9
51
9
61
9
99
9
99
9
30
9
12
9
49
8
80
9
70
9
12
8
10
9
81
9
13
9
99
9
99
11
53
9
71
9
29
9
43
9
61
9
61
8
10
9
72
9
43
9
69
9
49
9
21
8
30
8
8
9
11
9
31
9
30
9
18
8
70
9
79
9
79
9
30
9
81
9
93
9
51
9
29
9
21
8
59
9
49
9
99
8
40
12
84
9
51
9
42
9
59
9
91
9
33
9
48
10
52
10
52
9
21
11
53
9
61
9
39
10
82
8
20
8
40
9
99
0
40
9
38
9
40
9
28
8
40
9
62
9
41
9
81
9
81
10
52
9
32
9
92
9
70
8
10
9
92
10
52
9
30
9
8
9
64
8
99
11
23
9
11
10
82
9
21
9
32
9
91
9
32
8
10
9
13
9
21
9
78
9
62
9
99
8
40
12
24
9
99
9
68
8
20
12
24
9
71
8
30
8
20
9
59
8
29
9
21
9
63
9
81
9
91
9
50
11
53
9
99
8
60
8
58
9
51
9
71
9
79
9
72
9
14
9
61
8
90
9
90
8
80
9
78
9
62
9
72
10
22
9
8
9
21
8
98
9
72
8
20
8
10
9
34
9
93
9
19
9
47
12
84
8
40
8
40
8
18
8
90
9
88
8
50
9
94
9
31
9
11
9
31
9
99
9
21
9
40
11
23
9
72
8
70
9
44
12
54
9
60
9
31
8
80
10
22
8
20
11
23
10
52
9
50
9
99
12
54
9
21
9
31
8
10
9
42
11
23
9
53
9
10
8
80
9
34
8
90
9
42
8
48
9
33
8
30
9
41
9
31
9
78
10
22
9
58
8
89
11
23
9
41
9
71
12
54
8
60
9
81
9
21
8
68
8
80
9
71
8
50
8
78
9
51
9
99
9
21
8
60
10
52
9
44
9
39
11
23
9
51
9
41
8
99
11
83
8
10
9
79
10
52
10
22
9
91
10
22
9
68
9
41
8
20
8
80
12
24
9
78
9
99
9
13
9
31
8
49
11
83
0
80
9
74
9
19
9
81
8
10
8
80
0
50
9
49
0
90
9
94
9
59
9
41
9
43
9
88
9
71
9
92
9
42
9
32
10
22
8
65
9
12
8
50
9
40
9
11
9
33
9
60
9
69
8
20
9
9
8
10
9
99
9
99
9
73
8
18
9
42
9
94
8
70
9
89
9
41
9
21
9
71
9
92
9
98
9
11
9
31
10
22
8
10
9
72
12
22
10
82
9
72
9
12
9
20
8
40
8
90
9
71
10
82
9
89
8
30
9
61
9
91
9
34
10
22
3
9
12
24
3
89
8
70
10
52
9
90
11
23
9
32
9
99
8
90
8
99
9
63
9
21
8
10
9
61
8
89
4
99
8
30
8
48
8
78
9
99
9
41
9
28
8
50
12
84
9
99
10
22
9
90
10
22
8
98
9
21
11
23
9
33
11
53
9
72
9
81
9
70
9
99
9
48
8
80
9
91
9
9
9
61
9
61
9
49
9
32
9
99
8
50
9
99
9
78
9
14
9
31
8
60
9
38
9
91
9
61
12
24
9
51
9
99
12
54
9
20
8
98
9
79
11
53
9
14
8
80
9
31
2
19
9
11
9
49
10
22
9
6
9
72
0
10
8
19
2
79
9
12
9
10
9
38
9
60
9
41
9
81
8
70
9
12
12
84
10
22
9
51
9
12
8
30
8
70
9
81
9
72
9
28
8
99
8
99
9
32
8
20
8
50
8
70
2
29
9
33
8
55
9
21
9
69
9
78
9
41
9
42
9
41
11
83
9
99
8
99
8
20
9
41
9
42
9
51
12
84
8
60
8
30
9
20
9
14
9
31
8
78
8
60
0
10
9
89
9
63
9
21
9
61
8
90
9
50
8
20
9
92
9
20
9
13
9
31
9
39
12
54
9
31
9
20
9
33
10
22
9
78
9
89
9
33
9
51
9
46
9
44
9
20
9
13
9
63
9
20
9
42
9
78
8
90
9
51
9
51
9
58
9
30
8
70
9
90
8
50
9
99
9
48
11
23
8
70
8
80
10
22
8
90
9
14
9
71
9
66
9
31
10
52
9
11
9
32
9
99
9
40
8
70
10
52
8
60
9
33
2
89
11
23
9
63
8
38
9
11
8
18
8
50
9
99
9
46
8
30
9
81
9
49
9
88
9
41
12
84
9
12
9
99
9
31
9
31
8
90
0
90
9
99
9
13
10
22
8
50
9
39
9
58
9
71
11
53
10
82
9
50
9
93
9
99
8
90
3
89
9
71
9
11
8
18
9
11
10
52
8
30
9
63
9
93
9
99
11
53
9
49
0
30
9
51
9
59
11
53
8
99
9
99
8
80
8
40
9
99
9
11
8
20
9
71
8
79
9
61
8
90
9
19
9
12
8
89
9
92
12
24
9
51
1
69
9
34
9
12
8
30
9
99
9
61
9
8
9
64
8
60
8
80
9
33
9
12
9
51
9
91
9
94
2
49
8
20
10
82
0
20
9
99
9
33
9
12
9
41
11
23
9
91
8
40
9
21
9
40
9
81
8
99
9
58
9
71
9
93
8
30
11
83
8
99
9
20
12
24
9
41
9
20
8
80
8
20
9
42
8
99
9
13
9
21
9
20
9
50
8
60
8
20
9
30
9
43
9
33
9
92
9
42
9
10
9
14
9
33
9
49
9
99
1
69
8
37
9
31
8
50
9
11
9
99
9
71
9
88
10
22
9
60
9
89
9
89
9
11
9
32
9
32
0
10
9
14
11
53
9
42
8
80
8
39
12
24
9
39
9
39
1
79
9
21
0
60
9
23
9
48
11
81
9
73
11
83
1
79
9
21
10
22
9
12
9
80
9
41
9
58
9
78
9
33
9
21
8
50
10
52
9
58
8
30
8
60
9
44
9
91
9
11
9
31
9
72
12
54
10
22
9
42
8
40
8
9
10
22
9
34
9
98
9
48
10
52
2
29
10
22
0
0
8
2
9
11
0
0
9
60
9
1
9
99
9
60
9
51
11
23
9
74
8
10
9
62
4
79
8
80
9
71
9
31
8
70
9
19
10
52
8
58
8
90
8
30
9
88
8
30
0
70
9
59
9
89
9
39
9
99
8
60
8
35
10
22
9
19
8
50
9
79
9
34
12
54
9
71
8
78
10
52
9
20
0
20
9
71
9
21
9
79
9
32
9
68
11
53
9
99
8
70
11
83
11
83
9
91
0
10
4
99
9
62
8
90
9
61
9
32
9
11
9
34
9
49
11
83
10
22
0
70
9
41
8
8
9
80
9
89
9
93
0
40
10
52
9
71
9
42
9
11
9
63
9
10
9
43
9
99
9
11
2
19
9
99
8
99
9
48
8
25
12
54
9
99
9
72
9
33
9
73
9
59
8
50
0
95
9
99
9
92
9
51
9
71
9
50
9
69
9
72
12
54
9
98
8
10
9
13
9
62
8
99
9
62
11
53
8
50
9
78
10
82
12
24
9
48
9
81
9
94
9
99
8
68
9
42
9
91
9
99
9
21
8
98
9
81
9
38
8
40
9
32
9
49
11
83
9
70
2
29
8
60
9
61
9
92
9
21
9
62
8
60
9
42
9
42
2
59
9
49
9
72
8
40
0
11
9
33
9
39
8
30
4
59
8
90
9
62
9
99
10
22
9
49
8
50
8
70
8
20
9
91
8
14
10
82
8
70
8
50
12
84
8
60
8
50
9
43
8
70
9
74
8
50
9
99
9
99
9
42
9
68
9
20
9
42
9
99
2
99
9
14
9
92
9
79
9
11
9
89
12
54
8
20
9
44
9
99
9
42
9
18
9
58
9
33
9
92
9
8
9
72
8
40
9
72
9
11
9
74
9
44
9
99
9
13
9
71
9
13
9
48
0
50
9
51
9
68
9
32
9
31
0
60
9
88
8
99
9
28
9
92
8
40
9
72
8
19
9
42
9
48
9
44
8
99
9
60
9
31
8
90
9
33
9
60
9
62
9
99
9
11
9
99
9
48
2
59
10
52
9
62
0
0
9
12
9
58
8
50
9
94
9
74
12
54
8
28
9
18
8
70
9
90
9
70
9
41
10
82
9
80
8
39
9
99
9
11
0
30
9
20
9
33
9
93
9
39
8
89
9
90
12
84
9
99
9
64
10
52
8
88
9
11
9
99
0
70
9
58
9
19
11
83
9
73
11
53
9
93
9
99
4
69
9
63
9
68
9
88
8
40
9
91
11
83
8
70
9
12
9
81
9
89
9
62
9
48
9
99
9
40
9
99
8
10
9
62
9
99
12
24
9
31
9
42
9
71
3
30
9
44
11
53
9
92
9
13
8
80
9
63
9
31
8
5
8
50
8
40
9
41
8
70
9
99
9
29
8
9
8
68
9
40
9
51
9
13
9
33
4
59
9
43
9
21
9
11
9
94
9
9
9
71
9
79
