6
53
5
43
7
59
4
79
5
36
3
19
5
79
3
69
5
99
6
87
4
99
4
29
5
46
6
56
7
95
6
96
5
25
5
9
7
44
3
79
4
65
5
9
3
9
7
76
6
8
7
99
4
99
6
49
6
66
6
24
6
39
4
59
4
57
3
9
5
67
6
39
6
64
4
44
6
16
3
25
3
3
7
6
4
29
4
25
5
13
3
65
4
74
5
74
6
25
4
79
6
89
6
46
7
24
5
16
3
54
6
44
5
99
3
39
7
79
7
46
5
39
7
54
4
86
6
29
5
43
5
49
5
48
4
19
7
48
4
59
7
34
5
78
3
15
3
39
7
98
0
40
5
33
5
35
4
23
3
35
5
59
4
41
5
76
4
79
5
49
5
27
7
87
4
65
3
6
5
89
6
47
7
25
6
3
7
59
3
99
6
18
4
8
5
78
4
16
5
29
4
89
5
29
3
6
7
8
4
19
5
73
7
57
4
99
3
39
7
19
5
99
6
63
3
15
7
19
7
66
3
25
3
16
7
54
3
24
4
18
6
59
5
76
4
88
4
45
6
49
7
96
3
56
3
58
6
46
4
66
6
74
5
67
7
9
5
56
3
88
6
85
3
76
5
73
5
59
5
69
5
18
4
3
4
18
3
93
5
69
3
19
3
9
7
29
6
89
7
14
7
47
7
79
3
39
3
39
3
13
3
86
6
83
3
47
7
89
4
29
7
6
4
29
6
99
7
16
5
35
6
19
5
69
3
69
7
39
7
49
5
55
4
29
3
79
5
19
3
19
6
19
5
48
6
45
5
94
7
49
5
16
4
27
3
9
6
37
7
18
4
53
4
5
3
75
7
29
3
86
6
37
3
43
6
29
3
29
4
38
4
29
6
73
5
19
6
53
3
84
6
18
4
39
6
66
7
49
3
57
4
79
4
19
3
63
3
79
4
69
3
49
3
73
4
46
4
98
4
19
3
59
6
47
7
39
7
34
6
19
4
49
4
39
3
99
6
78
3
7
7
74
5
49
5
19
7
86
7
17
6
63
4
36
3
19
3
79
7
19
5
73
6
95
7
8
4
26
3
44
6
79
0
80
7
69
6
14
5
76
3
5
3
75
0
50
7
44
0
90
7
89
5
54
4
39
6
39
4
83
4
66
7
87
5
37
6
27
7
17
4
65
6
7
3
45
7
35
4
6
6
29
6
55
4
64
3
19
5
4
3
9
7
97
6
99
7
68
3
13
7
37
7
89
3
65
6
84
6
36
5
16
4
69
5
89
6
93
6
6
4
29
5
17
3
8
5
69
7
23
5
79
5
69
5
9
5
15
3
39
3
89
6
66
5
79
5
84
3
29
4
58
5
86
7
29
6
17
3
9
7
19
3
89
3
69
5
47
4
85
6
19
5
29
6
97
3
85
3
97
6
59
4
19
3
9
5
61
3
84
4
96
3
25
3
48
3
73
7
97
6
36
6
23
3
49
7
79
6
99
6
17
6
85
5
17
3
93
5
16
6
19
7
28
6
49
5
67
4
79
7
65
7
99
5
43
3
77
7
86
7
4
4
56
4
57
4
44
5
29
5
94
3
49
6
96
5
73
7
9
4
26
3
58
5
33
6
86
6
56
7
19
4
49
4
99
7
49
6
15
3
93
4
74
6
49
7
9
3
75
4
29
2
19
4
9
7
44
6
17
5
6
6
67
0
10
3
14
2
77
5
9
6
5
5
33
6
55
4
39
4
79
3
69
5
9
7
79
6
17
4
48
5
9
3
29
3
66
4
77
5
69
6
23
3
94
3
99
5
27
3
19
3
49
3
66
2
29
6
29
7
55
5
16
7
64
5
73
4
39
5
38
4
39
6
78
4
95
3
99
3
19
4
39
5
38
5
46
7
79
3
55
3
25
6
15
7
9
4
27
3
73
3
59
0
10
4
84
6
58
5
16
6
61
3
89
7
45
3
19
5
89
5
15
7
13
4
29
7
34
7
49
4
29
4
15
6
29
5
19
6
78
6
84
6
28
4
49
5
46
7
39
4
15
6
9
6
59
5
15
5
38
6
73
3
85
4
49
4
49
6
53
7
25
3
69
7
85
3
49
7
99
6
43
6
19
3
66
3
79
6
17
3
89
7
9
4
67
4
66
4
29
5
49
5
6
5
29
7
94
7
35
3
69
7
47
3
56
6
29
2
84
7
18
6
59
3
33
4
9
3
13
3
45
4
96
6
46
3
29
4
79
4
44
5
83
4
39
7
79
6
7
7
99
4
29
4
28
3
87
0
90
6
99
7
13
5
19
3
49
4
34
4
53
7
66
6
49
7
77
7
45
6
89
5
95
3
87
3
89
4
69
4
9
3
13
4
9
5
49
3
29
6
58
6
89
6
94
6
49
7
44
0
30
4
46
5
54
6
48
3
97
4
99
3
77
3
39
5
97
6
11
3
16
4
67
3
74
4
59
3
89
4
14
5
9
3
84
5
89
7
19
7
46
1
69
7
29
5
9
3
29
6
95
4
57
4
8
7
59
3
59
3
75
6
28
5
8
4
48
4
89
7
89
2
46
3
17
5
79
0
20
5
98
6
29
6
7
4
39
6
19
4
89
3
39
4
19
7
35
4
77
3
98
6
58
7
66
6
89
3
29
6
79
3
95
4
15
7
19
6
36
5
15
3
79
3
19
5
39
3
94
7
8
6
16
4
15
6
45
3
59
3
18
7
25
6
38
7
28
6
87
5
39
5
5
7
9
6
29
4
44
7
94
1
68
3
37
4
28
3
46
6
6
4
96
5
66
5
83
5
19
6
55
6
84
4
84
6
6
5
29
6
32
0
10
7
9
6
49
5
37
3
76
3
34
7
19
7
34
5
34
1
78
4
16
0
60
4
23
4
43
6
81
6
68
6
78
1
75
4
16
5
18
6
7
7
75
4
37
6
53
7
78
7
28
4
19
3
49
5
49
5
53
3
29
3
55
7
39
4
87
4
9
4
29
5
68
7
49
5
19
6
42
3
36
3
4
5
18
7
29
4
93
6
43
6
47
2
28
5
19
0
0
3
2
4
8
0
0
5
55
7
1
6
96
6
55
4
46
6
18
7
69
3
9
5
59
4
75
3
79
4
67
4
29
3
69
4
14
5
49
3
53
3
89
3
27
6
83
3
29
0
70
5
54
5
84
7
34
4
98
3
55
3
35
5
18
5
14
3
47
7
74
7
29
7
49
6
66
3
73
5
47
6
15
0
20
5
66
6
16
7
74
4
32
5
63
6
49
7
97
3
69
6
78
6
78
6
86
0
10
4
99
5
58
3
89
6
56
5
29
5
6
7
29
7
44
6
79
5
19
0
70
7
36
3
8
5
75
4
84
6
89
0
40
5
48
4
66
5
37
7
6
6
59
4
5
6
39
4
95
4
7
2
17
6
99
3
99
5
43
7
25
7
49
5
96
5
69
6
29
6
68
4
54
3
48
0
95
6
98
5
89
4
49
4
69
7
45
7
64
7
67
7
49
6
93
3
8
6
9
5
59
3
99
5
59
6
48
3
45
4
73
5
79
7
19
4
43
4
79
7
89
6
98
3
63
5
39
4
89
6
96
4
18
3
93
4
79
6
33
3
38
5
29
5
44
6
79
6
65
2
27
3
55
4
59
5
89
5
16
6
57
3
58
5
39
5
39
2
59
5
44
5
69
3
35
0
11
6
29
5
34
3
25
4
57
3
89
5
57
4
99
5
19
4
44
3
49
3
69
3
19
4
86
3
14
5
79
3
68
3
49
7
79
3
58
3
48
6
38
3
65
7
69
3
46
6
99
5
97
5
42
5
63
7
15
6
37
6
95
2
95
7
9
5
89
5
74
4
9
6
84
7
49
3
17
7
39
6
95
5
39
4
13
6
53
6
28
5
89
6
3
6
67
3
39
5
69
4
9
7
69
7
39
6
94
6
9
6
66
6
9
5
43
0
50
4
49
4
63
5
27
4
29
0
60
5
83
3
99
4
23
5
89
3
39
6
67
3
14
5
39
5
43
7
39
3
99
4
55
6
26
3
87
6
28
4
55
5
59
4
98
4
9
4
99
5
43
2
56
5
49
6
57
0
0
5
9
4
58
3
49
7
89
7
69
7
49
3
23
4
13
3
68
5
85
6
65
4
41
5
79
7
75
3
34
4
98
6
6
0
30
5
15
6
29
6
89
6
34
3
84
5
85
7
79
6
96
7
59
6
47
3
83
4
6
7
99
0
70
4
53
4
14
6
79
6
69
6
49
6
88
7
96
4
65
6
59
5
63
4
88
3
39
5
86
6
79
3
69
5
9
4
79
6
84
5
58
5
43
5
99
7
35
6
94
3
7
5
59
7
97
7
19
4
29
7
37
4
69
3
30
7
39
7
48
5
89
6
8
3
78
6
59
4
29
3
5
3
49
3
36
4
38
3
65
7
99
4
24
3
4
3
63
7
35
4
46
6
9
5
33
4
58
6
39
5
16
4
9
7
89
7
4
4
69
6
74
