9
64
19
62
9
64
19
94
9
44
19
34
19
94
9
74
9
99
9
94
9
99
9
34
19
64
9
64
9
99
9
99
9
34
9
14
19
63
19
94
9
74
9
14
9
14
19
94
9
14
9
99
9
99
19
64
9
74
9
34
9
44
9
64
9
64
9
14
9
74
9
44
9
74
19
63
19
34
9
34
9
14
9
14
9
34
9
34
19
32
9
74
19
93
19
93
9
34
19
94
9
94
19
64
9
34
19
34
9
64
19
63
9
99
9
44
19
94
19
64
9
44
9
64
9
94
9
34
19
62
19
64
19
64
19
34
19
64
9
64
9
44
19
94
19
34
9
44
9
99
0
40
9
44
9
44
9
34
9
44
9
64
9
41
19
94
19
94
19
64
9
34
9
94
9
74
9
14
9
94
19
64
9
34
9
14
9
64
9
99
19
34
9
14
19
94
19
34
9
34
9
94
9
34
9
14
9
14
19
34
19
92
9
64
9
99
9
44
19
34
9
99
9
74
19
34
19
34
9
74
9
34
19
34
9
64
9
34
19
34
9
64
19
94
9
94
19
64
19
64
9
99
9
64
9
58
19
64
9
74
19
93
9
74
9
14
9
64
9
94
9
94
19
94
19
92
9
64
9
74
19
34
9
14
19
34
9
99
9
74
19
34
9
14
9
34
9
94
19
33
9
47
19
94
9
44
9
44
19
32
9
94
9
94
19
64
9
94
9
34
9
14
9
34
9
99
19
34
9
44
19
34
9
74
9
74
9
44
19
64
9
64
9
34
19
94
19
34
19
34
19
34
19
64
19
64
9
99
19
64
19
34
9
34
9
14
9
44
19
34
19
52
9
14
19
94
9
34
9
94
9
44
19
62
9
34
9
34
9
44
9
34
19
92
19
34
9
64
9
94
19
34
9
44
9
74
19
64
9
64
19
94
19
34
9
74
19
94
9
74
19
64
19
92
19
64
9
99
19
34
9
64
19
64
9
44
9
44
19
34
19
64
9
44
9
99
19
94
9
14
19
93
19
64
19
34
9
94
19
34
9
74
9
44
19
34
19
94
19
34
19
92
9
99
9
14
9
34
19
63
19
94
0
80
9
74
19
33
19
94
9
14
19
94
0
50
19
63
0
90
9
94
9
64
9
44
9
44
9
94
9
74
9
94
9
44
9
34
19
34
8
65
9
14
19
64
9
44
9
14
9
34
9
64
9
74
19
34
9
14
9
14
9
99
9
99
9
74
19
32
9
44
9
94
9
74
9
94
9
44
19
34
9
74
9
94
9
99
9
14
9
34
19
34
9
14
9
74
19
22
19
94
9
74
9
14
19
34
9
44
9
94
9
74
19
94
9
94
9
34
9
64
9
94
9
34
19
34
3
9
19
34
3
89
9
74
19
64
9
94
19
34
9
34
9
99
9
94
9
99
9
64
19
34
9
14
9
61
9
94
4
99
9
34
9
48
19
92
9
99
9
44
9
34
19
64
19
94
9
99
19
34
9
94
19
34
9
99
19
34
19
34
9
34
19
64
9
74
19
94
9
74
9
99
19
62
19
94
9
94
9
14
9
64
9
64
19
63
9
34
9
99
19
64
9
99
19
92
9
14
9
34
9
64
9
44
9
94
9
64
19
34
19
64
9
99
19
64
19
34
9
99
19
93
19
64
9
14
19
94
9
34
2
19
9
14
19
63
19
34
9
6
9
74
0
10
19
33
2
79
9
14
9
14
9
44
9
64
9
44
19
94
9
74
9
14
19
94
19
34
19
64
9
14
9
34
9
74
19
94
9
74
9
34
9
99
9
99
9
34
19
34
19
64
9
74
2
29
9
34
8
55
19
34
9
74
19
92
9
44
9
44
9
44
19
94
9
99
9
99
19
34
9
44
9
44
19
64
19
94
9
64
9
34
19
34
9
14
9
34
19
92
9
64
0
10
9
94
9
64
19
34
9
61
9
94
19
64
19
34
9
94
19
34
9
13
9
34
9
44
19
64
9
34
19
34
9
34
19
34
9
78
9
94
9
34
19
64
9
46
9
44
19
34
9
14
9
64
19
34
9
44
19
92
9
94
19
64
19
64
9
64
9
34
9
74
9
94
19
64
9
99
19
62
19
34
9
74
19
94
19
34
9
94
9
14
9
74
9
66
9
34
19
64
9
14
9
34
9
99
9
44
9
74
19
64
9
64
9
34
2
89
19
34
9
64
9
44
9
14
19
32
19
64
9
99
9
46
9
34
19
94
19
63
9
94
9
44
19
94
9
14
9
99
9
34
9
34
9
94
0
90
9
99
9
13
19
34
19
64
9
44
9
64
9
74
19
64
19
94
19
64
9
94
9
99
9
94
3
89
9
74
9
14
19
32
9
14
19
64
9
34
9
64
9
94
9
99
19
64
19
63
0
30
19
64
9
64
19
64
9
99
9
99
19
94
9
44
9
99
9
11
19
34
9
74
19
93
9
64
9
94
19
33
9
14
9
94
9
94
19
34
19
64
1
69
9
34
9
14
9
34
9
99
9
64
9
8
9
64
9
64
19
94
9
34
9
14
19
64
9
94
9
94
2
49
19
34
19
94
0
20
9
99
9
34
9
14
9
44
19
34
9
94
9
44
19
34
9
44
19
94
9
99
9
58
9
74
9
94
9
34
19
94
9
99
19
34
19
34
9
44
19
34
19
94
19
34
9
44
9
99
9
14
19
34
19
34
19
64
9
64
19
34
9
34
9
44
9
34
9
94
9
44
9
14
9
14
9
34
19
63
9
99
1
69
9
37
9
34
19
64
9
14
9
99
9
74
9
94
19
34
9
64
9
94
9
94
9
14
9
34
9
32
0
10
9
14
19
64
9
44
19
94
9
44
19
34
9
44
9
44
1
79
19
34
0
60
19
22
19
62
19
81
9
74
19
94
1
79
19
34
19
34
9
14
19
94
9
44
9
64
9
78
9
34
19
34
19
64
19
64
9
64
9
34
9
64
9
44
9
94
9
14
9
34
9
74
19
64
19
34
9
42
9
44
9
14
19
34
9
34
9
99
19
62
19
64
2
29
19
34
0
0
9
2
9
14
0
0
9
64
9
1
9
99
9
64
19
64
19
34
9
74
9
14
9
64
4
79
19
94
9
74
9
34
9
74
19
33
19
64
9
64
9
94
9
34
9
94
9
34
0
70
9
64
9
94
9
44
9
99
9
64
8
35
19
34
19
33
19
64
19
93
9
34
19
64
9
74
19
92
19
64
19
34
0
20
9
74
19
34
19
93
9
32
9
74
19
64
9
99
9
74
19
94
19
94
9
94
0
10
4
99
9
64
9
94
9
64
9
34
9
14
9
34
19
63
19
94
19
34
0
70
9
44
9
8
19
94
9
94
9
94
0
40
19
64
9
74
9
44
9
14
9
64
9
14
9
44
9
99
9
14
2
19
9
99
9
99
19
62
8
25
19
64
9
99
9
74
9
34
9
74
9
64
19
64
0
95
9
99
9
94
19
64
9
74
19
64
9
74
9
74
19
64
9
99
9
14
9
14
9
64
9
99
9
64
19
64
19
64
19
92
19
94
19
34
19
62
19
94
9
94
9
99
9
74
9
44
9
94
9
99
19
34
9
99
19
94
9
44
9
44
9
34
19
63
19
94
9
74
2
29
9
64
9
64
9
94
19
34
9
64
9
64
9
44
9
44
2
59
19
63
9
74
9
44
0
11
9
34
9
44
9
34
4
59
9
94
9
64
9
99
19
34
19
63
19
64
9
74
19
34
9
94
9
13
19
94
9
74
19
64
19
94
9
64
19
64
9
44
9
74
9
74
19
64
9
99
9
99
9
42
9
74
19
34
9
44
9
99
2
99
9
14
9
94
19
93
9
14
9
94
19
64
19
34
9
44
9
99
9
44
19
32
9
64
9
34
9
94
9
14
9
74
9
44
9
74
9
14
9
74
9
44
9
99
9
14
9
74
9
14
19
62
0
50
19
64
9
74
9
34
9
34
0
60
9
94
9
99
9
34
9
94
9
44
9
74
19
33
9
44
19
62
9
44
9
99
9
64
9
34
9
94
9
34
9
64
9
64
9
99
9
14
9
99
19
62
2
59
19
64
9
64
0
0
9
14
9
58
19
64
9
94
9
74
19
64
9
34
19
32
9
74
9
94
9
74
9
41
19
94
19
94
9
44
9
99
9
14
0
30
19
34
9
34
9
94
9
44
9
94
9
94
19
94
9
99
9
64
19
64
9
94
9
14
9
99
0
70
9
64
19
33
19
94
9
74
19
64
9
94
9
99
4
69
9
64
9
74
9
88
9
44
9
94
19
94
9
74
9
14
19
94
9
94
9
64
19
62
9
99
9
44
9
99
9
14
9
64
9
99
19
34
9
34
9
44
9
74
3
30
9
44
19
64
9
94
9
14
19
94
9
64
9
34
8
5
19
64
9
44
9
44
9
74
9
99
9
34
9
14
9
74
9
44
19
64
9
14
9
33
4
59
9
44
19
34
9
14
9
94
9
14
9
74
19
93
