8
56
8
46
9
62
7
79
8
39
6
19
8
80
6
69
8
99
9
90
7
99
7
29
8
49
9
59
9
98
9
99
8
28
8
10
9
47
6
79
7
68
8
10
6
9
9
79
9
11
9
99
7
99
9
51
9
69
9
27
9
41
7
59
7
59
6
9
8
70
9
41
9
67
7
47
9
19
6
28
6
6
9
9
7
29
7
28
8
16
6
68
7
77
8
77
9
28
7
79
9
91
9
49
9
27
8
19
6
57
9
47
8
99
6
39
10
82
9
49
8
40
9
57
7
89
9
31
8
46
8
50
8
50
7
19
9
51
7
59
9
37
8
80
6
18
6
39
9
99
0
40
8
36
8
38
7
26
6
38
8
60
7
41
8
79
7
79
8
50
8
30
9
90
7
68
6
9
8
90
9
50
9
28
8
6
9
62
6
99
9
21
7
9
8
80
7
19
8
30
7
89
8
30
6
9
9
11
7
19
8
76
9
60
7
99
6
39
10
22
8
99
8
66
6
18
10
22
9
69
6
28
6
19
9
57
6
27
7
19
9
61
8
79
7
89
7
48
9
51
9
99
6
59
6
58
9
49
7
69
9
77
8
70
9
12
8
59
6
89
9
88
6
79
8
76
8
60
8
70
8
20
7
6
7
19
6
96
8
70
6
19
6
9
9
32
9
91
9
17
9
47
10
82
6
39
6
39
6
16
6
89
8
86
6
49
9
92
7
29
9
9
7
29
9
99
9
19
8
38
9
21
8
70
6
69
9
42
10
52
8
58
7
29
6
79
8
20
6
19
9
21
8
50
9
48
8
97
10
52
8
19
7
29
6
9
9
40
9
21
7
53
7
8
6
78
9
32
6
89
9
40
6
46
9
31
6
29
7
39
7
29
8
76
8
20
8
56
6
87
9
21
7
39
9
69
10
52
6
59
7
79
7
19
6
66
6
79
7
69
6
49
6
76
7
49
7
99
7
19
6
59
9
50
9
42
9
37
9
21
7
49
7
39
6
99
9
81
6
9
9
77
8
50
8
20
9
89
9
20
8
66
7
39
6
19
6
79
10
22
8
76
9
98
9
11
7
29
6
47
9
81
0
80
9
72
9
17
8
79
6
8
6
78
0
50
9
47
0
90
9
92
8
57
7
39
9
41
7
86
7
69
9
90
8
40
9
30
9
20
7
65
9
10
6
48
9
38
7
9
9
31
9
58
7
67
6
19
8
7
6
9
9
99
9
99
9
71
6
16
9
40
9
92
6
68
9
87
9
39
8
19
7
69
8
90
8
96
9
9
7
29
8
20
6
9
8
70
10
22
8
80
8
70
8
10
8
18
6
39
6
89
9
69
8
80
8
87
6
29
7
59
8
89
9
32
9
20
3
9
10
22
3
89
6
69
8
50
7
88
9
21
8
30
9
99
6
88
6
99
9
61
7
19
6
9
8
61
6
87
4
99
6
28
6
48
6
76
9
99
9
39
8
26
6
49
10
82
9
99
9
20
9
88
8
20
6
96
8
19
9
21
9
31
9
51
8
70
7
79
9
68
9
99
8
46
6
79
9
89
9
7
7
59
7
59
7
47
8
30
8
97
6
49
9
99
8
76
9
12
7
29
6
59
8
36
9
89
9
59
10
22
7
49
7
99
10
52
9
18
6
96
7
77
9
51
9
12
6
78
7
29
2
19
7
9
9
47
9
20
8
6
9
70
0
10
6
17
2
79
8
10
9
8
8
36
9
58
7
39
7
79
6
69
8
10
10
82
9
20
7
49
8
10
6
29
6
69
7
79
8
70
8
26
6
97
6
99
8
30
6
19
6
49
6
69
2
29
9
31
8
55
8
19
9
67
8
76
7
39
8
40
7
39
9
81
7
98
6
99
6
19
7
39
8
40
8
49
10
82
6
58
6
28
9
18
9
12
7
29
6
76
6
59
0
10
7
87
9
61
8
19
9
61
6
89
9
48
6
19
8
90
8
18
9
13
7
29
9
37
10
52
7
29
7
18
9
31
8
20
9
78
9
87
9
31
7
49
8
46
9
42
7
18
9
11
9
61
8
18
8
40
8
76
6
88
7
49
7
49
8
56
9
28
6
69
9
88
6
49
9
99
8
46
9
21
6
69
6
79
9
20
6
89
9
12
7
69
7
66
7
29
8
50
8
9
8
30
9
97
9
38
6
69
9
50
6
59
9
31
2
87
9
21
9
61
6
36
7
9
6
16
6
48
7
99
9
46
6
29
7
79
7
47
8
86
7
39
10
82
9
10
9
99
7
29
7
29
6
89
0
90
9
99
9
13
8
20
6
49
7
37
7
56
9
69
9
51
9
80
9
48
9
91
8
98
6
89
3
89
7
69
7
9
6
16
7
9
8
50
6
29
9
61
9
91
9
97
9
51
9
47
0
30
7
49
8
57
9
51
6
99
7
99
6
79
6
39
8
99
9
11
6
19
7
69
6
77
7
59
6
89
7
17
8
10
6
87
8
90
10
22
9
49
1
69
9
32
8
10
6
29
9
98
7
59
7
8
9
62
6
59
6
78
9
31
8
10
7
49
7
89
9
92
2
49
6
19
8
80
0
20
8
99
9
31
9
10
7
39
9
21
7
89
6
39
7
19
9
38
7
79
6
99
9
58
9
69
9
91
6
29
9
81
6
98
7
18
10
22
9
39
8
18
6
79
6
19
8
40
6
97
9
11
9
19
7
18
9
48
6
59
6
19
9
28
9
41
9
31
9
90
8
40
8
8
9
12
9
31
7
47
9
97
1
69
6
37
7
29
6
49
9
9
7
99
8
69
8
86
8
20
9
58
9
87
7
87
9
9
8
30
9
32
0
10
9
12
9
51
8
40
6
79
6
37
10
22
9
37
8
37
1
79
7
19
0
60
7
23
7
46
9
81
9
71
9
81
1
78
7
19
8
20
9
10
9
78
7
39
8
56
9
78
9
31
7
19
6
49
8
50
8
56
6
29
6
58
9
42
7
89
7
9
7
29
8
70
10
52
8
20
9
42
6
39
6
7
8
20
9
32
7
96
8
46
9
50
2
29
8
20
0
0
6
2
7
9
0
0
8
58
9
1
9
99
9
58
7
49
9
21
9
72
6
9
8
60
4
78
6
79
7
69
7
29
6
69
7
17
8
50
6
56
6
89
6
29
8
86
6
29
0
70
8
57
8
87
9
37
7
99
6
58
6
35
8
20
8
17
6
49
9
77
9
32
10
52
9
69
6
76
8
50
9
18
0
20
8
69
9
19
9
77
7
32
8
66
9
51
9
99
6
69
9
81
9
81
9
89
0
10
4
99
8
60
6
89
9
59
8
30
8
9
9
32
9
47
9
81
8
20
0
70
9
39
6
8
8
78
7
87
9
91
0
40
8
50
7
69
8
40
9
9
9
61
7
8
9
41
7
98
7
9
2
19
9
99
6
99
8
46
8
25
10
52
8
99
8
70
9
31
9
71
7
57
6
49
0
95
9
99
8
90
7
49
7
69
9
48
9
67
9
70
10
52
8
96
6
9
9
11
8
60
6
99
8
60
9
51
6
48
7
76
8
80
10
22
7
46
7
79
9
92
9
99
6
66
8
40
7
89
9
99
7
19
6
96
7
79
8
36
6
39
8
30
8
47
9
81
9
68
2
29
6
58
7
59
8
90
8
19
9
60
6
59
8
40
8
40
2
59
8
47
8
70
6
38
0
11
9
31
8
37
6
28
4
59
6
89
8
60
7
99
8
20
7
47
6
49
6
69
6
19
7
89
6
14
8
80
6
69
6
49
10
82
6
59
6
49
9
41
6
68
9
72
6
49
9
99
8
99
8
42
8
66
9
18
9
40
9
98
2
98
9
12
8
90
8
77
7
9
9
87
10
52
6
19
9
42
9
98
8
40
7
16
8
56
9
31
8
90
8
6
9
70
6
39
8
70
7
9
9
72
9
42
9
97
9
11
9
69
9
11
8
46
0
50
7
49
7
66
8
30
7
29
0
60
8
86
6
99
7
26
8
90
6
39
9
70
6
17
8
40
8
46
9
42
6
99
7
58
9
29
6
89
9
31
7
58
8
60
7
99
7
9
7
99
8
46
2
59
8
50
9
60
0
0
8
10
7
58
6
49
9
92
9
72
10
52
6
26
7
16
6
69
8
88
9
68
7
41
8
80
9
78
6
37
7
99
9
9
0
30
8
18
9
31
9
91
9
37
6
87
8
88
10
82
9
99
9
62
9
50
6
86
7
9
9
99
0
70
7
56
7
17
9
81
9
71
9
51
9
91
9
99
4
68
9
61
8
66
7
88
6
39
8
89
9
81
6
69
8
10
7
79
9
87
8
60
8
46
8
99
9
38
9
97
6
9
8
60
9
99
10
22
7
29
9
40
7
69
3
30
9
42
9
51
8
90
9
11
6
79
9
61
7
29
6
5
6
49
6
39
7
39
6
68
9
99
7
27
6
7
6
66
9
38
7
49
9
11
8
33
4
59
9
41
8
19
7
9
9
92
9
7
7
69
9
77
