9
60
9
50
9
64
11
83
9
43
10
22
12
84
9
72
9
99
9
94
9
99
9
33
11
53
9
63
9
99
9
99
9
32
9
14
9
51
10
82
9
72
9
14
9
12
11
83
9
14
9
99
9
99
13
55
9
73
9
31
9
44
9
63
9
63
9
12
9
74
9
44
9
71
9
51
11
23
9
32
9
10
9
13
9
33
9
32
9
20
9
72
9
81
9
81
9
32
11
83
9
94
11
53
9
31
11
23
9
61
9
51
9
99
9
42
14
86
11
53
9
44
9
61
9
93
9
34
9
50
12
54
12
54
11
23
13
55
9
63
9
41
12
84
10
22
9
42
9
99
0
40
9
40
9
42
9
30
9
42
9
64
9
41
11
83
11
83
12
54
9
34
9
94
9
72
9
12
9
94
12
54
9
32
9
10
9
64
9
99
13
25
9
13
12
84
11
23
9
34
9
93
9
34
9
12
9
14
11
23
9
80
9
64
9
99
9
42
14
26
9
99
9
70
10
22
14
26
9
73
9
32
10
22
9
61
9
31
11
23
9
64
11
83
9
93
10
52
13
55
9
99
9
62
9
58
11
53
9
73
9
81
9
74
9
14
9
63
9
92
9
92
10
82
9
80
9
64
9
74
12
24
9
10
11
23
9
99
9
74
10
22
9
12
9
34
9
94
9
21
9
47
14
86
9
42
9
42
9
20
9
92
9
90
10
52
9
94
9
33
9
13
9
33
9
99
11
23
9
42
13
25
9
74
9
72
9
44
14
56
9
62
9
33
10
82
12
24
10
22
13
25
12
54
10
52
9
99
14
56
11
23
9
33
9
12
9
44
13
25
11
52
9
12
10
82
9
34
9
92
9
44
9
50
9
34
9
32
9
43
9
33
9
80
12
24
9
60
9
91
13
25
9
43
9
73
14
56
9
62
11
83
11
23
9
70
10
82
9
73
10
52
9
80
11
53
9
99
11
23
9
62
12
54
9
44
9
41
13
25
11
53
9
43
9
99
13
85
9
12
9
81
12
54
12
24
9
93
12
24
9
70
9
43
10
22
10
82
14
26
9
80
9
99
9
14
9
33
9
51
13
85
0
80
9
74
9
21
11
83
9
12
10
82
0
50
9
51
0
90
9
94
9
61
9
43
9
44
9
90
9
73
9
94
9
44
9
34
12
24
8
65
9
14
10
52
9
42
9
13
9
34
9
62
9
71
10
22
9
11
9
12
9
99
9
99
9
74
9
20
9
44
9
94
9
72
9
91
9
43
11
23
9
73
9
94
9
99
9
13
9
33
12
24
9
12
9
74
14
22
12
84
9
74
9
14
10
22
9
42
9
92
9
73
12
84
9
91
9
32
9
63
9
93
9
34
12
24
3
9
14
26
3
89
9
72
12
54
9
92
13
25
9
34
9
99
9
92
9
99
9
64
11
23
9
12
9
61
9
91
4
99
9
32
9
48
9
80
9
99
9
43
9
30
10
52
14
86
9
99
12
24
9
92
12
24
9
99
11
23
13
25
9
34
13
55
9
74
11
83
9
72
9
99
9
50
10
82
9
93
9
11
9
63
9
63
9
51
9
34
9
99
10
52
9
99
9
80
9
14
9
33
9
62
9
40
9
93
9
63
14
26
11
53
9
99
14
56
10
22
9
99
9
81
13
55
9
14
10
82
9
33
2
19
9
13
9
51
12
24
9
6
9
74
0
10
9
21
2
79
9
14
9
12
9
40
9
62
9
43
11
83
9
72
9
14
14
86
12
24
11
53
9
14
9
32
9
72
11
83
9
74
9
30
9
99
9
99
9
34
10
22
10
52
9
72
2
29
9
34
8
55
11
23
9
71
9
80
9
43
9
44
9
43
13
85
9
99
9
99
10
22
9
43
9
44
11
53
14
86
9
62
9
32
10
22
9
14
9
33
9
80
9
62
0
10
9
91
9
64
11
23
9
61
9
92
10
52
10
22
9
94
10
22
9
13
9
33
9
41
14
56
9
33
10
22
9
34
12
24
9
78
9
91
9
34
11
53
9
46
9
44
10
22
9
14
9
64
10
22
9
44
9
80
9
92
11
53
11
53
9
60
9
32
9
72
9
92
10
52
9
99
9
50
13
25
9
72
10
82
12
24
9
92
9
14
9
73
9
66
9
33
12
54
9
13
9
34
9
99
9
42
9
72
12
54
9
62
9
34
2
89
13
25
9
64
9
40
9
13
9
20
10
52
9
99
9
46
9
32
11
83
9
51
9
90
9
43
14
86
9
14
9
99
9
33
9
33
9
92
0
90
9
99
9
13
12
24
10
52
9
41
9
60
9
73
13
55
12
84
10
52
9
94
9
99
9
92
3
89
9
73
9
13
9
20
9
13
12
54
9
32
9
64
9
94
9
99
13
55
9
51
0
30
11
53
9
61
13
55
9
99
9
99
10
82
9
42
9
99
9
11
10
22
9
73
9
81
9
63
9
92
9
21
9
14
9
91
9
94
14
26
11
53
1
69
9
34
9
14
9
32
9
99
9
63
9
8
9
64
9
62
10
82
9
34
9
14
11
53
9
93
9
94
2
49
10
22
12
84
0
20
9
99
9
34
9
14
9
43
13
25
9
93
9
42
11
23
9
42
11
83
9
99
9
58
9
73
9
94
9
32
13
85
9
99
10
22
14
26
9
43
10
22
10
82
10
22
9
44
9
99
9
14
11
23
10
22
10
52
9
62
10
22
9
32
9
44
9
34
9
94
9
44
9
12
9
14
9
34
9
51
9
99
1
69
9
37
9
33
10
52
9
13
9
99
9
73
9
90
12
24
9
62
9
91
9
91
9
13
9
34
9
32
0
10
9
14
13
55
9
44
10
82
9
41
14
26
9
41
9
41
1
79
11
23
0
60
11
22
9
50
13
81
9
74
13
85
1
79
11
23
12
24
9
14
10
82
9
43
9
60
9
78
9
34
11
23
10
52
12
54
9
60
9
32
9
62
9
44
9
93
9
13
9
33
9
74
14
56
12
24
9
42
9
42
9
11
12
24
9
34
9
99
9
50
12
54
2
29
12
24
0
0
9
2
9
13
0
0
9
62
9
1
9
99
9
62
11
53
13
25
9
74
9
12
9
64
4
79
10
82
9
73
9
33
9
72
9
21
12
54
9
60
9
92
9
32
9
90
9
32
0
70
9
61
9
91
9
41
9
99
9
62
8
35
12
24
9
21
10
52
9
81
9
34
14
56
9
73
9
80
12
54
10
22
0
20
9
73
11
23
9
81
9
32
9
70
13
55
9
99
9
72
13
85
13
85
9
93
0
10
4
99
9
64
9
92
9
63
9
34
9
13
9
34
9
51
13
85
12
24
0
70
9
43
9
8
10
82
9
91
9
94
0
40
12
54
9
73
9
44
9
13
9
64
9
12
9
44
9
99
9
13
2
19
9
99
9
99
9
50
8
25
14
56
9
99
9
74
9
34
9
74
9
61
10
52
0
95
9
99
9
94
11
53
9
73
10
52
9
71
9
74
14
56
9
99
9
12
9
14
9
64
9
99
9
64
13
55
10
52
9
80
12
84
14
26
9
50
11
83
9
94
9
99
9
70
9
44
9
93
9
99
11
23
9
99
11
83
9
40
9
42
9
34
9
51
13
85
9
72
2
29
9
62
9
63
9
94
11
23
9
64
9
62
9
44
9
44
2
59
9
51
9
74
9
42
0
11
9
34
9
41
9
32
4
59
9
92
9
64
9
99
12
24
9
51
10
52
9
72
10
22
9
93
9
13
12
84
9
72
10
52
14
86
9
62
10
52
9
44
9
72
9
74
10
52
9
99
9
99
9
42
9
70
10
22
9
44
9
99
2
99
9
14
9
94
9
81
9
13
9
91
14
56
10
22
9
44
9
99
9
44
9
20
9
60
9
34
9
94
9
10
9
74
9
42
9
74
9
13
9
74
9
44
9
99
9
14
9
73
9
14
9
50
0
50
11
53
9
70
9
34
9
33
0
60
9
90
9
99
9
30
9
94
9
42
9
74
9
21
9
44
9
50
9
44
9
99
9
62
9
33
9
92
9
34
9
62
9
64
9
99
9
13
9
99
9
50
2
59
12
54
9
64
0
0
9
14
9
58
10
52
9
94
9
74
14
56
9
30
9
20
9
72
9
92
9
72
9
41
12
84
10
82
9
41
9
99
9
13
0
30
10
22
9
34
9
94
9
41
9
91
9
92
14
86
9
99
9
64
12
54
9
90
9
13
9
99
0
70
9
60
9
21
13
85
9
74
13
55
9
94
9
99
4
69
9
64
9
70
9
88
9
42
9
93
13
85
9
72
9
14
11
83
9
91
9
64
9
50
9
99
9
42
9
99
9
12
9
64
9
99
14
26
9
33
9
44
9
73
3
30
9
44
13
55
9
94
9
14
10
82
9
64
9
33
8
5
10
52
9
42
9
43
9
72
9
99
9
31
9
11
9
70
9
42
11
53
9
14
9
33
4
59
9
44
11
23
9
13
9
94
9
11
9
73
9
81
