9
61
9
51
9
64
12
84
9
44
11
23
13
85
9
73
9
99
9
94
9
99
9
34
12
54
9
64
9
99
9
99
9
33
9
14
10
52
11
83
9
73
9
14
9
13
12
84
9
14
9
99
9
99
14
56
9
74
9
32
9
44
9
64
9
64
9
13
9
74
9
44
9
72
10
52
12
24
9
33
9
11
9
14
9
34
9
33
9
21
9
73
10
82
10
82
9
33
12
84
9
94
12
54
9
32
12
24
9
62
10
52
9
99
9
43
15
87
12
54
9
44
9
62
9
94
9
34
9
51
13
55
13
55
12
24
14
56
9
64
9
42
13
85
11
23
9
43
9
99
0
40
9
41
9
43
9
31
9
43
9
64
9
41
12
84
12
84
13
55
9
34
9
94
9
73
9
13
9
94
13
55
9
33
9
11
9
64
9
99
14
26
9
14
13
85
12
24
9
34
9
94
9
34
9
13
9
14
12
24
9
81
9
64
9
99
9
43
15
27
9
99
9
71
11
23
15
27
9
74
9
33
11
23
9
62
9
32
12
24
9
64
12
84
9
94
11
53
14
56
9
99
9
63
9
58
12
54
9
74
10
82
9
74
9
14
9
64
9
93
9
93
11
83
9
81
9
64
9
74
13
25
9
11
12
24
9
99
9
74
11
23
9
13
9
34
9
94
10
22
9
47
15
87
9
43
9
43
9
21
9
93
9
91
11
53
9
94
9
34
9
14
9
34
9
99
12
24
9
43
14
26
9
74
9
73
9
44
15
57
9
63
9
34
11
83
13
25
11
23
14
26
13
55
11
53
9
99
15
57
12
24
9
34
9
13
9
44
14
26
12
52
9
13
11
83
9
34
9
93
9
44
9
51
9
34
9
33
9
44
9
34
9
81
13
25
9
61
9
92
14
26
9
44
9
74
15
57
9
63
12
84
12
24
9
71
11
83
9
74
11
53
9
81
12
54
9
99
12
24
9
63
13
55
9
44
9
42
14
26
12
54
9
44
9
99
14
86
9
13
10
82
13
55
13
25
9
94
13
25
9
71
9
44
11
23
11
83
15
27
9
81
9
99
9
14
9
34
10
52
14
86
0
80
9
74
10
22
12
84
9
13
11
83
0
50
10
52
0
90
9
94
9
62
9
44
9
44
9
91
9
74
9
94
9
44
9
34
13
25
8
65
9
14
11
53
9
43
9
14
9
34
9
63
9
72
11
23
9
12
9
13
9
99
9
99
9
74
9
21
9
44
9
94
9
73
9
92
9
44
12
24
9
74
9
94
9
99
9
14
9
34
13
25
9
13
9
74
15
22
13
85
9
74
9
14
11
23
9
43
9
93
9
74
13
85
9
92
9
33
9
64
9
94
9
34
13
25
3
9
15
27
3
89
9
73
13
55
9
93
14
26
9
34
9
99
9
93
9
99
9
64
12
24
9
13
9
61
9
92
4
99
9
33
9
48
9
81
9
99
9
44
9
31
11
53
15
87
9
99
13
25
9
93
13
25
9
99
12
24
14
26
9
34
14
56
9
74
12
84
9
73
9
99
9
51
11
83
9
94
9
12
9
64
9
64
10
52
9
34
9
99
11
53
9
99
9
81
9
14
9
34
9
63
9
41
9
94
9
64
15
27
12
54
9
99
15
57
11
23
9
99
10
82
14
56
9
14
11
83
9
34
2
19
9
14
10
52
13
25
9
6
9
74
0
10
10
22
2
79
9
14
9
13
9
41
9
63
9
44
12
84
9
73
9
14
15
87
13
25
12
54
9
14
9
33
9
73
12
84
9
74
9
31
9
99
9
99
9
34
11
23
11
53
9
73
2
29
9
34
8
55
12
24
9
72
9
81
9
44
9
44
9
44
14
86
9
99
9
99
11
23
9
44
9
44
12
54
15
87
9
63
9
33
11
23
9
14
9
34
9
81
9
63
0
10
9
92
9
64
12
24
9
61
9
93
11
53
11
23
9
94
11
23
9
13
9
34
9
42
15
57
9
34
11
23
9
34
13
25
9
78
9
92
9
34
12
54
9
46
9
44
11
23
9
14
9
64
11
23
9
44
9
81
9
93
12
54
12
54
9
61
9
33
9
73
9
93
11
53
9
99
9
51
14
26
9
73
11
83
13
25
9
93
9
14
9
74
9
66
9
34
13
55
9
14
9
34
9
99
9
43
9
73
13
55
9
63
9
34
2
89
14
26
9
64
9
41
9
14
9
21
11
53
9
99
9
46
9
33
12
84
10
52
9
91
9
44
15
87
9
14
9
99
9
34
9
34
9
93
0
90
9
99
9
13
13
25
11
53
9
42
9
61
9
74
14
56
13
85
11
53
9
94
9
99
9
93
3
89
9
74
9
14
9
21
9
14
13
55
9
33
9
64
9
94
9
99
14
56
10
52
0
30
12
54
9
62
14
56
9
99
9
99
11
83
9
43
9
99
9
11
11
23
9
74
10
82
9
64
9
93
10
22
9
14
9
92
9
94
15
27
12
54
1
69
9
34
9
14
9
33
9
99
9
64
9
8
9
64
9
63
11
83
9
34
9
14
12
54
9
94
9
94
2
49
11
23
13
85
0
20
9
99
9
34
9
14
9
44
14
26
9
94
9
43
12
24
9
43
12
84
9
99
9
58
9
74
9
94
9
33
14
86
9
99
11
23
15
27
9
44
11
23
11
83
11
23
9
44
9
99
9
14
12
24
11
23
11
53
9
63
11
23
9
33
9
44
9
34
9
94
9
44
9
13
9
14
9
34
10
52
9
99
1
69
9
37
9
34
11
53
9
14
9
99
9
74
9
91
13
25
9
63
9
92
9
92
9
14
9
34
9
32
0
10
9
14
14
56
9
44
11
83
9
42
15
27
9
42
9
42
1
79
12
24
0
60
12
22
9
51
14
81
9
74
14
86
1
79
12
24
13
25
9
14
11
83
9
44
9
61
9
78
9
34
12
24
11
53
13
55
9
61
9
33
9
63
9
44
9
94
9
14
9
34
9
74
15
57
13
25
9
42
9
43
9
12
13
25
9
34
9
99
9
51
13
55
2
29
13
25
0
0
9
2
9
14
0
0
9
63
9
1
9
99
9
63
12
54
14
26
9
74
9
13
9
64
4
79
11
83
9
74
9
34
9
73
10
22
13
55
9
61
9
93
9
33
9
91
9
33
0
70
9
62
9
92
9
42
9
99
9
63
8
35
13
25
10
22
11
53
10
82
9
34
15
57
9
74
9
81
13
55
11
23
0
20
9
74
12
24
10
82
9
32
9
71
14
56
9
99
9
73
14
86
14
86
9
94
0
10
4
99
9
64
9
93
9
64
9
34
9
14
9
34
10
52
14
86
13
25
0
70
9
44
9
8
11
83
9
92
9
94
0
40
13
55
9
74
9
44
9
14
9
64
9
13
9
44
9
99
9
14
2
19
9
99
9
99
9
51
8
25
15
57
9
99
9
74
9
34
9
74
9
62
11
53
0
95
9
99
9
94
12
54
9
74
11
53
9
72
9
74
15
57
9
99
9
13
9
14
9
64
9
99
9
64
14
56
11
53
9
81
13
85
15
27
9
51
12
84
9
94
9
99
9
71
9
44
9
94
9
99
12
24
9
99
12
84
9
41
9
43
9
34
10
52
14
86
9
73
2
29
9
63
9
64
9
94
12
24
9
64
9
63
9
44
9
44
2
59
10
52
9
74
9
43
0
11
9
34
9
42
9
33
4
59
9
93
9
64
9
99
13
25
10
52
11
53
9
73
11
23
9
94
9
13
13
85
9
73
11
53
15
87
9
63
11
53
9
44
9
73
9
74
11
53
9
99
9
99
9
42
9
71
11
23
9
44
9
99
2
99
9
14
9
94
10
82
9
14
9
92
15
57
11
23
9
44
9
99
9
44
9
21
9
61
9
34
9
94
9
11
9
74
9
43
9
74
9
14
9
74
9
44
9
99
9
14
9
74
9
14
9
51
0
50
12
54
9
71
9
34
9
34
0
60
9
91
9
99
9
31
9
94
9
43
9
74
10
22
9
44
9
51
9
44
9
99
9
63
9
34
9
93
9
34
9
63
9
64
9
99
9
14
9
99
9
51
2
59
13
55
9
64
0
0
9
14
9
58
11
53
9
94
9
74
15
57
9
31
9
21
9
73
9
93
9
73
9
41
13
85
11
83
9
42
9
99
9
14
0
30
11
23
9
34
9
94
9
42
9
92
9
93
15
87
9
99
9
64
13
55
9
91
9
14
9
99
0
70
9
61
10
22
14
86
9
74
14
56
9
94
9
99
4
69
9
64
9
71
9
88
9
43
9
94
14
86
9
73
9
14
12
84
9
92
9
64
9
51
9
99
9
43
9
99
9
13
9
64
9
99
15
27
9
34
9
44
9
74
3
30
9
44
14
56
9
94
9
14
11
83
9
64
9
34
8
5
11
53
9
43
9
44
9
73
9
99
9
32
9
12
9
71
9
43
12
54
9
14
9
33
4
59
9
44
12
24
9
14
9
94
9
12
9
74
10
82
