9
64
12
54
9
64
15
87
9
44
14
26
16
88
9
74
9
99
9
94
9
99
9
34
15
57
9
64
9
99
9
99
9
34
9
14
13
55
14
86
9
74
9
14
9
14
15
87
9
14
9
99
9
99
17
59
9
74
9
34
9
44
9
64
9
64
9
14
9
74
9
44
9
74
13
55
15
27
9
34
9
14
9
14
9
34
9
34
12
24
9
74
13
85
13
85
9
34
15
87
9
94
15
57
9
34
15
27
9
64
13
55
9
99
9
44
18
90
15
57
9
44
9
64
9
94
9
34
12
54
16
58
16
58
15
27
17
59
9
64
9
44
16
88
14
26
9
44
9
99
0
40
9
44
9
44
9
34
9
44
9
64
9
41
15
87
15
87
16
58
9
34
9
94
9
74
9
14
9
94
16
58
9
34
9
14
9
64
9
99
17
29
9
14
16
88
15
27
9
34
9
94
9
34
9
14
9
14
15
27
12
84
9
64
9
99
9
44
18
30
9
99
9
74
14
26
18
30
9
74
9
34
14
26
9
64
9
34
15
27
9
64
15
87
9
94
14
56
17
59
9
99
9
64
9
58
15
57
9
74
13
85
9
74
9
14
9
64
9
94
9
94
14
86
12
84
9
64
9
74
16
28
9
14
15
27
9
99
9
74
14
26
9
14
9
34
9
94
13
25
9
47
18
90
9
44
9
44
12
24
9
94
9
94
14
56
9
94
9
34
9
14
9
34
9
99
15
27
9
44
17
29
9
74
9
74
9
44
18
60
9
64
9
34
14
86
16
28
14
26
17
29
16
58
14
56
9
99
18
60
15
27
9
34
9
14
9
44
17
29
15
52
9
14
14
86
9
34
9
94
9
44
12
54
9
34
9
34
9
44
9
34
12
84
16
28
9
64
9
94
17
29
9
44
9
74
18
60
9
64
15
87
15
27
9
74
14
86
9
74
14
56
12
84
15
57
9
99
15
27
9
64
16
58
9
44
9
44
17
29
15
57
9
44
9
99
17
89
9
14
13
85
16
58
16
28
9
94
16
28
9
74
9
44
14
26
14
86
18
30
12
84
9
99
9
14
9
34
13
55
17
89
0
80
9
74
13
25
15
87
9
14
14
86
0
50
13
55
0
90
9
94
9
64
9
44
9
44
9
94
9
74
9
94
9
44
9
34
16
28
8
65
9
14
14
56
9
44
9
14
9
34
9
64
9
74
14
26
9
14
9
14
9
99
9
99
9
74
12
24
9
44
9
94
9
74
9
94
9
44
15
27
9
74
9
94
9
99
9
14
9
34
16
28
9
14
9
74
18
22
16
88
9
74
9
14
14
26
9
44
9
94
9
74
16
88
9
94
9
34
9
64
9
94
9
34
16
28
3
9
18
30
3
89
9
74
16
58
9
94
17
29
9
34
9
99
9
94
9
99
9
64
15
27
9
14
9
61
9
94
4
99
9
34
9
48
12
84
9
99
9
44
9
34
14
56
18
90
9
99
16
28
9
94
16
28
9
99
15
27
17
29
9
34
17
59
9
74
15
87
9
74
9
99
12
54
14
86
9
94
9
14
9
64
9
64
13
55
9
34
9
99
14
56
9
99
12
84
9
14
9
34
9
64
9
44
9
94
9
64
18
30
15
57
9
99
18
60
14
26
9
99
13
85
17
59
9
14
14
86
9
34
2
19
9
14
13
55
16
28
9
6
9
74
0
10
13
25
2
79
9
14
9
14
9
44
9
64
9
44
15
87
9
74
9
14
18
90
16
28
15
57
9
14
9
34
9
74
15
87
9
74
9
34
9
99
9
99
9
34
14
26
14
56
9
74
2
29
9
34
8
55
15
27
9
74
12
84
9
44
9
44
9
44
17
89
9
99
9
99
14
26
9
44
9
44
15
57
18
90
9
64
9
34
14
26
9
14
9
34
12
84
9
64
0
10
9
94
9
64
15
27
9
61
9
94
14
56
14
26
9
94
14
26
9
13
9
34
9
44
18
60
9
34
14
26
9
34
16
28
9
78
9
94
9
34
15
57
9
46
9
44
14
26
9
14
9
64
14
26
9
44
12
84
9
94
15
57
15
57
9
64
9
34
9
74
9
94
14
56
9
99
12
54
17
29
9
74
14
86
16
28
9
94
9
14
9
74
9
66
9
34
16
58
9
14
9
34
9
99
9
44
9
74
16
58
9
64
9
34
2
89
17
29
9
64
9
44
9
14
12
24
14
56
9
99
9
46
9
34
15
87
13
55
9
94
9
44
18
90
9
14
9
99
9
34
9
34
9
94
0
90
9
99
9
13
16
28
14
56
9
44
9
64
9
74
17
59
16
88
14
56
9
94
9
99
9
94
3
89
9
74
9
14
12
24
9
14
16
58
9
34
9
64
9
94
9
99
17
59
13
55
0
30
15
57
9
64
17
59
9
99
9
99
14
86
9
44
9
99
9
11
14
26
9
74
13
85
9
64
9
94
13
25
9
14
9
94
9
94
18
30
15
57
1
69
9
34
9
14
9
34
9
99
9
64
9
8
9
64
9
64
14
86
9
34
9
14
15
57
9
94
9
94
2
49
14
26
16
88
0
20
9
99
9
34
9
14
9
44
17
29
9
94
9
44
15
27
9
44
15
87
9
99
9
58
9
74
9
94
9
34
17
89
9
99
14
26
18
30
9
44
14
26
14
86
14
26
9
44
9
99
9
14
15
27
14
26
14
56
9
64
14
26
9
34
9
44
9
34
9
94
9
44
9
14
9
14
9
34
13
55
9
99
1
69
9
37
9
34
14
56
9
14
9
99
9
74
9
94
16
28
9
64
9
94
9
94
9
14
9
34
9
32
0
10
9
14
17
59
9
44
14
86
9
44
18
30
9
44
9
44
1
79
15
27
0
60
15
22
12
54
17
81
9
74
17
89
1
79
15
27
16
28
9
14
14
86
9
44
9
64
9
78
9
34
15
27
14
56
16
58
9
64
9
34
9
64
9
44
9
94
9
14
9
34
9
74
18
60
16
28
9
42
9
44
9
14
16
28
9
34
9
99
12
54
16
58
2
29
16
28
0
0
9
2
9
14
0
0
9
64
9
1
9
99
9
64
15
57
17
29
9
74
9
14
9
64
4
79
14
86
9
74
9
34
9
74
13
25
16
58
9
64
9
94
9
34
9
94
9
34
0
70
9
64
9
94
9
44
9
99
9
64
8
35
16
28
13
25
14
56
13
85
9
34
18
60
9
74
12
84
16
58
14
26
0
20
9
74
15
27
13
85
9
32
9
74
17
59
9
99
9
74
17
89
17
89
9
94
0
10
4
99
9
64
9
94
9
64
9
34
9
14
9
34
13
55
17
89
16
28
0
70
9
44
9
8
14
86
9
94
9
94
0
40
16
58
9
74
9
44
9
14
9
64
9
14
9
44
9
99
9
14
2
19
9
99
9
99
12
54
8
25
18
60
9
99
9
74
9
34
9
74
9
64
14
56
0
95
9
99
9
94
15
57
9
74
14
56
9
74
9
74
18
60
9
99
9
14
9
14
9
64
9
99
9
64
17
59
14
56
12
84
16
88
18
30
12
54
15
87
9
94
9
99
9
74
9
44
9
94
9
99
15
27
9
99
15
87
9
44
9
44
9
34
13
55
17
89
9
74
2
29
9
64
9
64
9
94
15
27
9
64
9
64
9
44
9
44
2
59
13
55
9
74
9
44
0
11
9
34
9
44
9
34
4
59
9
94
9
64
9
99
16
28
13
55
14
56
9
74
14
26
9
94
9
13
16
88
9
74
14
56
18
90
9
64
14
56
9
44
9
74
9
74
14
56
9
99
9
99
9
42
9
74
14
26
9
44
9
99
2
99
9
14
9
94
13
85
9
14
9
94
18
60
14
26
9
44
9
99
9
44
12
24
9
64
9
34
9
94
9
14
9
74
9
44
9
74
9
14
9
74
9
44
9
99
9
14
9
74
9
14
12
54
0
50
15
57
9
74
9
34
9
34
0
60
9
94
9
99
9
34
9
94
9
44
9
74
13
25
9
44
12
54
9
44
9
99
9
64
9
34
9
94
9
34
9
64
9
64
9
99
9
14
9
99
12
54
2
59
16
58
9
64
0
0
9
14
9
58
14
56
9
94
9
74
18
60
9
34
12
24
9
74
9
94
9
74
9
41
16
88
14
86
9
44
9
99
9
14
0
30
14
26
9
34
9
94
9
44
9
94
9
94
18
90
9
99
9
64
16
58
9
94
9
14
9
99
0
70
9
64
13
25
17
89
9
74
17
59
9
94
9
99
4
69
9
64
9
74
9
88
9
44
9
94
17
89
9
74
9
14
15
87
9
94
9
64
12
54
9
99
9
44
9
99
9
14
9
64
9
99
18
30
9
34
9
44
9
74
3
30
9
44
17
59
9
94
9
14
14
86
9
64
9
34
8
5
14
56
9
44
9
44
9
74
9
99
9
34
9
14
9
74
9
44
15
57
9
14
9
33
4
59
9
44
15
27
9
14
9
94
9
14
9
74
13
85
