9
64
14
56
9
64
17
89
9
44
16
28
18
90
9
74
9
99
9
94
9
99
9
34
17
59
9
64
9
99
9
99
9
34
9
14
15
57
16
88
9
74
9
14
9
14
17
89
9
14
9
99
9
99
19
61
9
74
9
34
9
44
9
64
9
64
9
14
9
74
9
44
9
74
15
57
17
29
9
34
9
14
9
14
9
34
9
34
14
26
9
74
15
87
15
87
9
34
17
89
9
94
17
59
9
34
17
29
9
64
15
57
9
99
9
44
19
92
17
59
9
44
9
64
9
94
9
34
14
56
18
60
18
60
17
29
19
61
9
64
9
44
18
90
16
28
9
44
9
99
0
40
9
44
9
44
9
34
9
44
9
64
9
41
17
89
17
89
18
60
9
34
9
94
9
74
9
14
9
94
18
60
9
34
9
14
9
64
9
99
19
31
9
14
18
90
17
29
9
34
9
94
9
34
9
14
9
14
17
29
14
86
9
64
9
99
9
44
19
32
9
99
9
74
16
28
19
32
9
74
9
34
16
28
9
64
9
34
17
29
9
64
17
89
9
94
16
58
19
61
9
99
9
64
9
58
17
59
9
74
15
87
9
74
9
14
9
64
9
94
9
94
16
88
14
86
9
64
9
74
18
30
9
14
17
29
9
99
9
74
16
28
9
14
9
34
9
94
15
27
9
47
19
92
9
44
9
44
14
26
9
94
9
94
16
58
9
94
9
34
9
14
9
34
9
99
17
29
9
44
19
31
9
74
9
74
9
44
19
62
9
64
9
34
16
88
18
30
16
28
19
31
18
60
16
58
9
99
19
62
17
29
9
34
9
14
9
44
19
31
17
52
9
14
16
88
9
34
9
94
9
44
14
56
9
34
9
34
9
44
9
34
14
86
18
30
9
64
9
94
19
31
9
44
9
74
19
62
9
64
17
89
17
29
9
74
16
88
9
74
16
58
14
86
17
59
9
99
17
29
9
64
18
60
9
44
9
44
19
31
17
59
9
44
9
99
19
91
9
14
15
87
18
60
18
30
9
94
18
30
9
74
9
44
16
28
16
88
19
32
14
86
9
99
9
14
9
34
15
57
19
91
0
80
9
74
15
27
17
89
9
14
16
88
0
50
15
57
0
90
9
94
9
64
9
44
9
44
9
94
9
74
9
94
9
44
9
34
18
30
8
65
9
14
16
58
9
44
9
14
9
34
9
64
9
74
16
28
9
14
9
14
9
99
9
99
9
74
14
26
9
44
9
94
9
74
9
94
9
44
17
29
9
74
9
94
9
99
9
14
9
34
18
30
9
14
9
74
19
22
18
90
9
74
9
14
16
28
9
44
9
94
9
74
18
90
9
94
9
34
9
64
9
94
9
34
18
30
3
9
19
32
3
89
9
74
18
60
9
94
19
31
9
34
9
99
9
94
9
99
9
64
17
29
9
14
9
61
9
94
4
99
9
34
9
48
14
86
9
99
9
44
9
34
16
58
19
92
9
99
18
30
9
94
18
30
9
99
17
29
19
31
9
34
19
61
9
74
17
89
9
74
9
99
14
56
16
88
9
94
9
14
9
64
9
64
15
57
9
34
9
99
16
58
9
99
14
86
9
14
9
34
9
64
9
44
9
94
9
64
19
32
17
59
9
99
19
62
16
28
9
99
15
87
19
61
9
14
16
88
9
34
2
19
9
14
15
57
18
30
9
6
9
74
0
10
15
27
2
79
9
14
9
14
9
44
9
64
9
44
17
89
9
74
9
14
19
92
18
30
17
59
9
14
9
34
9
74
17
89
9
74
9
34
9
99
9
99
9
34
16
28
16
58
9
74
2
29
9
34
8
55
17
29
9
74
14
86
9
44
9
44
9
44
19
91
9
99
9
99
16
28
9
44
9
44
17
59
19
92
9
64
9
34
16
28
9
14
9
34
14
86
9
64
0
10
9
94
9
64
17
29
9
61
9
94
16
58
16
28
9
94
16
28
9
13
9
34
9
44
19
62
9
34
16
28
9
34
18
30
9
78
9
94
9
34
17
59
9
46
9
44
16
28
9
14
9
64
16
28
9
44
14
86
9
94
17
59
17
59
9
64
9
34
9
74
9
94
16
58
9
99
14
56
19
31
9
74
16
88
18
30
9
94
9
14
9
74
9
66
9
34
18
60
9
14
9
34
9
99
9
44
9
74
18
60
9
64
9
34
2
89
19
31
9
64
9
44
9
14
14
26
16
58
9
99
9
46
9
34
17
89
15
57
9
94
9
44
19
92
9
14
9
99
9
34
9
34
9
94
0
90
9
99
9
13
18
30
16
58
9
44
9
64
9
74
19
61
18
90
16
58
9
94
9
99
9
94
3
89
9
74
9
14
14
26
9
14
18
60
9
34
9
64
9
94
9
99
19
61
15
57
0
30
17
59
9
64
19
61
9
99
9
99
16
88
9
44
9
99
9
11
16
28
9
74
15
87
9
64
9
94
15
27
9
14
9
94
9
94
19
32
17
59
1
69
9
34
9
14
9
34
9
99
9
64
9
8
9
64
9
64
16
88
9
34
9
14
17
59
9
94
9
94
2
49
16
28
18
90
0
20
9
99
9
34
9
14
9
44
19
31
9
94
9
44
17
29
9
44
17
89
9
99
9
58
9
74
9
94
9
34
19
91
9
99
16
28
19
32
9
44
16
28
16
88
16
28
9
44
9
99
9
14
17
29
16
28
16
58
9
64
16
28
9
34
9
44
9
34
9
94
9
44
9
14
9
14
9
34
15
57
9
99
1
69
9
37
9
34
16
58
9
14
9
99
9
74
9
94
18
30
9
64
9
94
9
94
9
14
9
34
9
32
0
10
9
14
19
61
9
44
16
88
9
44
19
32
9
44
9
44
1
79
17
29
0
60
17
22
14
56
19
81
9
74
19
91
1
79
17
29
18
30
9
14
16
88
9
44
9
64
9
78
9
34
17
29
16
58
18
60
9
64
9
34
9
64
9
44
9
94
9
14
9
34
9
74
19
62
18
30
9
42
9
44
9
14
18
30
9
34
9
99
14
56
18
60
2
29
18
30
0
0
9
2
9
14
0
0
9
64
9
1
9
99
9
64
17
59
19
31
9
74
9
14
9
64
4
79
16
88
9
74
9
34
9
74
15
27
18
60
9
64
9
94
9
34
9
94
9
34
0
70
9
64
9
94
9
44
9
99
9
64
8
35
18
30
15
27
16
58
15
87
9
34
19
62
9
74
14
86
18
60
16
28
0
20
9
74
17
29
15
87
9
32
9
74
19
61
9
99
9
74
19
91
19
91
9
94
0
10
4
99
9
64
9
94
9
64
9
34
9
14
9
34
15
57
19
91
18
30
0
70
9
44
9
8
16
88
9
94
9
94
0
40
18
60
9
74
9
44
9
14
9
64
9
14
9
44
9
99
9
14
2
19
9
99
9
99
14
56
8
25
19
62
9
99
9
74
9
34
9
74
9
64
16
58
0
95
9
99
9
94
17
59
9
74
16
58
9
74
9
74
19
62
9
99
9
14
9
14
9
64
9
99
9
64
19
61
16
58
14
86
18
90
19
32
14
56
17
89
9
94
9
99
9
74
9
44
9
94
9
99
17
29
9
99
17
89
9
44
9
44
9
34
15
57
19
91
9
74
2
29
9
64
9
64
9
94
17
29
9
64
9
64
9
44
9
44
2
59
15
57
9
74
9
44
0
11
9
34
9
44
9
34
4
59
9
94
9
64
9
99
18
30
15
57
16
58
9
74
16
28
9
94
9
13
18
90
9
74
16
58
19
92
9
64
16
58
9
44
9
74
9
74
16
58
9
99
9
99
9
42
9
74
16
28
9
44
9
99
2
99
9
14
9
94
15
87
9
14
9
94
19
62
16
28
9
44
9
99
9
44
14
26
9
64
9
34
9
94
9
14
9
74
9
44
9
74
9
14
9
74
9
44
9
99
9
14
9
74
9
14
14
56
0
50
17
59
9
74
9
34
9
34
0
60
9
94
9
99
9
34
9
94
9
44
9
74
15
27
9
44
14
56
9
44
9
99
9
64
9
34
9
94
9
34
9
64
9
64
9
99
9
14
9
99
14
56
2
59
18
60
9
64
0
0
9
14
9
58
16
58
9
94
9
74
19
62
9
34
14
26
9
74
9
94
9
74
9
41
18
90
16
88
9
44
9
99
9
14
0
30
16
28
9
34
9
94
9
44
9
94
9
94
19
92
9
99
9
64
18
60
9
94
9
14
9
99
0
70
9
64
15
27
19
91
9
74
19
61
9
94
9
99
4
69
9
64
9
74
9
88
9
44
9
94
19
91
9
74
9
14
17
89
9
94
9
64
14
56
9
99
9
44
9
99
9
14
9
64
9
99
19
32
9
34
9
44
9
74
3
30
9
44
19
61
9
94
9
14
16
88
9
64
9
34
8
5
16
58
9
44
9
44
9
74
9
99
9
34
9
14
9
74
9
44
17
59
9
14
9
33
4
59
9
44
17
29
9
14
9
94
9
14
9
74
15
87
