4
51
3
41
5
57
2
77
3
34
1
17
3
78
1
69
3
98
4
85
2
97
2
28
3
44
4
54
5
93
4
94
3
23
3
9
5
42
1
77
2
63
3
9
1
7
5
74
4
6
5
98
2
99
4
47
4
64
4
22
4
39
2
59
2
55
1
7
3
65
4
38
4
62
2
42
4
14
1
23
1
1
5
4
2
29
2
23
3
11
1
63
2
72
3
72
4
23
2
77
4
89
4
44
5
22
3
14
1
52
4
42
3
98
1
39
5
78
5
44
3
39
5
52
2
84
4
29
3
41
3
49
3
46
2
17
5
46
2
57
5
32
3
76
1
13
1
37
5
96
0
40
3
31
3
33
2
21
1
33
3
57
2
41
3
74
2
79
3
49
3
25
5
85
2
63
1
4
3
88
4
45
5
23
4
1
5
59
1
99
4
16
2
6
3
76
2
14
3
27
2
87
3
28
1
4
5
6
2
19
3
71
5
55
2
98
1
39
5
18
3
99
4
61
1
13
5
18
5
64
1
23
1
14
5
52
1
22
2
16
4
58
3
74
2
86
2
43
4
49
5
94
1
54
1
58
4
44
2
64
4
72
3
65
5
8
3
54
1
86
4
83
1
74
3
71
3
59
3
67
3
16
2
1
2
16
1
91
3
67
1
19
1
8
5
27
4
87
5
12
5
47
5
78
1
38
1
39
1
11
1
84
4
81
1
45
5
89
2
28
5
4
2
29
4
97
5
14
3
33
4
19
3
69
1
69
5
39
5
48
3
53
2
29
1
79
3
18
1
19
4
19
3
46
4
43
3
92
5
49
3
14
2
25
1
8
4
35
5
16
2
53
2
3
1
73
5
28
1
84
4
35
1
41
4
29
1
29
2
36
2
28
4
71
3
19
4
51
1
82
4
16
2
39
4
64
5
48
1
55
2
78
2
19
1
61
1
79
2
69
1
49
1
71
2
44
2
96
2
19
1
57
4
45
5
38
5
32
4
18
2
48
2
37
1
98
4
76
1
5
5
72
3
47
3
17
5
84
5
15
4
61
2
34
1
19
1
77
5
17
3
71
4
93
5
6
2
24
1
42
4
79
0
80
5
68
4
12
3
74
1
3
1
73
0
50
5
42
0
90
5
89
3
52
2
38
4
37
2
81
2
64
5
85
3
35
4
25
5
15
2
65
4
5
1
43
5
33
2
4
4
29
4
53
2
62
1
19
3
2
1
7
5
95
4
99
5
66
1
11
5
35
5
89
1
63
4
82
4
34
3
14
2
67
3
89
4
91
4
4
2
27
3
15
1
6
3
68
5
23
3
79
3
69
3
8
3
13
1
39
1
88
4
64
3
79
3
82
1
28
2
56
3
84
5
29
4
15
3
9
5
19
3
87
1
68
3
45
2
83
4
18
3
29
4
95
1
83
1
95
4
57
2
17
1
9
3
61
1
82
4
94
1
23
1
48
1
71
5
95
4
34
4
21
1
48
5
79
4
98
4
15
4
83
3
15
1
91
3
14
4
19
5
26
4
48
3
65
2
77
5
63
5
98
3
41
1
75
5
84
5
2
2
54
2
55
2
42
3
29
3
92
1
49
4
94
3
71
5
7
2
24
1
56
3
31
4
84
4
54
5
19
2
47
2
98
5
49
4
13
1
91
2
72
4
49
5
8
1
73
2
29
2
19
2
7
5
42
4
15
3
6
4
65
0
10
1
12
2
75
3
9
4
3
3
31
4
53
2
38
2
77
1
69
3
9
5
77
4
15
2
46
3
8
1
29
1
64
2
75
3
69
4
21
1
92
1
97
3
25
1
18
1
48
1
64
2
27
4
29
5
55
3
14
5
62
3
71
2
39
3
36
2
39
4
76
2
93
1
99
1
18
2
37
3
36
3
44
5
79
1
53
1
23
4
13
5
9
2
25
1
71
1
57
0
10
2
82
4
56
3
14
4
61
1
87
5
43
1
17
3
89
3
13
5
13
2
29
5
32
5
49
2
29
2
13
4
28
3
18
4
78
4
82
4
26
2
49
3
46
5
37
2
13
4
7
4
57
3
13
3
36
4
71
1
83
2
49
2
49
4
51
5
23
1
69
5
83
1
47
5
99
4
41
4
17
1
64
1
78
4
15
1
87
5
9
2
65
2
66
2
27
3
47
3
4
3
29
5
92
5
33
1
69
5
45
1
54
4
27
2
82
5
16
4
59
1
31
2
7
1
11
1
43
2
94
4
46
1
27
2
79
2
42
3
81
2
37
5
78
4
5
5
97
2
29
2
26
1
85
0
90
4
99
5
13
3
18
1
49
2
32
2
51
5
64
4
49
5
75
5
43
4
87
3
93
1
85
3
89
2
69
2
7
1
11
2
9
3
48
1
28
4
56
4
87
4
92
4
47
5
42
0
30
2
44
3
52
4
46
1
95
2
98
1
75
1
37
3
95
4
11
1
14
2
65
1
72
2
59
1
89
2
12
3
9
1
82
3
87
5
19
5
44
1
67
5
29
3
7
1
29
4
93
2
55
2
8
5
57
1
59
1
73
4
26
3
6
2
46
2
87
5
88
2
44
1
15
3
79
0
20
3
96
4
29
4
5
2
37
4
19
2
89
1
37
2
19
5
33
2
75
1
96
4
58
5
64
4
88
1
29
4
79
1
93
2
13
5
18
4
34
3
13
1
79
1
19
3
37
1
92
5
6
4
14
2
13
4
43
1
59
1
16
5
23
4
36
5
26
4
85
3
38
3
3
5
8
4
28
2
42
5
92
1
66
1
37
2
26
1
44
4
4
2
94
3
64
3
81
3
19
4
53
4
82
2
82
4
4
3
29
4
32
0
10
5
9
4
48
3
35
1
74
1
32
5
18
5
32
3
32
1
76
2
14
0
60
2
23
2
41
4
81
4
66
4
76
1
73
2
14
3
16
4
5
5
73
2
35
4
51
5
78
5
26
2
17
1
48
3
49
3
51
1
27
1
53
5
37
2
85
2
7
2
27
3
66
5
47
3
18
4
42
1
34
1
2
3
16
5
27
2
91
4
41
4
45
2
26
3
19
0
0
1
2
2
6
0
0
3
53
5
1
4
94
4
53
2
44
4
16
5
67
1
7
3
57
4
73
1
79
2
65
2
29
1
68
2
12
3
48
1
51
1
89
1
25
4
81
1
29
0
70
3
52
3
82
5
32
2
96
1
53
1
35
3
16
3
12
1
45
5
72
5
29
5
49
4
64
1
71
3
45
4
13
0
20
3
64
4
14
5
72
2
32
3
61
4
49
5
95
1
67
4
76
4
76
4
84
0
10
4
98
3
56
1
89
4
54
3
27
3
4
5
29
5
42
4
77
3
19
0
70
5
34
1
8
3
73
2
82
4
89
0
40
3
46
2
64
3
35
5
4
4
58
2
3
4
39
2
93
2
5
2
15
4
99
1
98
3
41
5
25
5
47
3
94
3
69
4
29
4
66
2
52
1
46
0
95
4
96
3
89
2
48
2
67
5
43
5
62
5
65
5
47
4
91
1
6
4
9
3
58
1
99
3
57
4
46
1
43
2
71
3
79
5
18
2
41
2
78
5
89
4
96
1
61
3
39
2
87
4
94
2
16
1
91
2
79
4
31
1
36
3
28
3
42
4
79
4
63
2
25
1
53
2
59
3
89
3
14
4
55
1
56
3
37
3
39
2
57
3
42
3
69
1
33
0
11
4
29
3
32
1
23
4
55
1
89
3
55
2
97
3
17
2
42
1
47
1
67
1
18
2
84
1
14
3
79
1
66
1
49
5
79
1
56
1
46
4
36
1
63
5
67
1
44
4
98
3
95
3
42
3
61
5
13
4
35
4
93
2
93
5
8
3
89
3
72
2
9
4
82
5
48
1
15
5
38
4
93
3
37
2
11
4
51
4
26
3
89
4
1
4
65
1
39
3
69
2
7
5
67
5
39
4
92
4
8
4
64
4
9
3
41
0
50
2
49
2
61
3
25
2
29
0
60
3
81
1
99
2
21
3
88
1
37
4
65
1
12
3
39
3
41
5
39
1
97
2
53
4
24
1
85
4
26
2
53
3
59
2
96
2
7
2
99
3
41
2
54
3
49
4
55
0
0
3
7
2
58
1
47
5
88
5
69
5
49
1
21
2
11
1
66
3
83
4
63
2
41
3
77
5
73
1
32
2
96
4
4
0
30
3
13
4
27
4
89
4
32
1
82
3
83
5
77
4
94
5
59
4
45
1
81
2
4
5
99
0
70
2
51
2
12
4
79
4
67
4
49
4
86
5
94
4
63
4
58
3
61
2
88
1
39
3
84
4
77
1
69
3
9
2
77
4
82
3
56
3
41
3
98
5
33
4
92
1
5
3
59
5
95
5
17
2
29
5
35
2
69
3
30
5
38
5
46
3
89
4
6
1
76
4
59
2
29
1
5
1
47
1
34
2
36
1
63
5
99
2
22
1
2
1
61
5
33
2
44
4
7
3
33
4
56
4
39
3
14
2
9
5
89
5
2
2
67
4
72
