9
63
11
53
9
64
14
86
9
44
13
25
15
87
9
74
9
99
9
94
9
99
9
34
14
56
9
64
9
99
9
99
9
34
9
14
12
54
13
85
9
74
9
14
9
14
14
86
9
14
9
99
9
99
16
58
9
74
9
34
9
44
9
64
9
64
9
14
9
74
9
44
9
74
12
54
14
26
9
34
9
13
9
14
9
34
9
34
11
23
9
74
12
84
12
84
9
34
14
86
9
94
14
56
9
34
14
26
9
64
12
54
9
99
9
44
17
89
14
56
9
44
9
64
9
94
9
34
11
53
15
57
15
57
14
26
16
58
9
64
9
44
15
87
13
25
9
44
9
99
0
40
9
43
9
44
9
33
9
44
9
64
9
41
14
86
14
86
15
57
9
34
9
94
9
74
9
14
9
94
15
57
9
34
9
13
9
64
9
99
16
28
9
14
15
87
14
26
9
34
9
94
9
34
9
14
9
14
14
26
11
83
9
64
9
99
9
44
17
29
9
99
9
73
13
25
17
29
9
74
9
34
13
25
9
64
9
34
14
26
9
64
14
86
9
94
13
55
16
58
9
99
9
64
9
58
14
56
9
74
12
84
9
74
9
14
9
64
9
94
9
94
13
85
11
83
9
64
9
74
15
27
9
13
14
26
9
99
9
74
13
25
9
14
9
34
9
94
12
24
9
47
17
89
9
44
9
44
11
23
9
94
9
93
13
55
9
94
9
34
9
14
9
34
9
99
14
26
9
44
16
28
9
74
9
74
9
44
17
59
9
64
9
34
13
85
15
27
13
25
16
28
15
57
13
55
9
99
17
59
14
26
9
34
9
14
9
44
16
28
14
52
9
14
13
85
9
34
9
94
9
44
11
53
9
34
9
34
9
44
9
34
11
83
15
27
9
63
9
94
16
28
9
44
9
74
17
59
9
64
14
86
14
26
9
73
13
85
9
74
13
55
11
83
14
56
9
99
14
26
9
64
15
57
9
44
9
44
16
28
14
56
9
44
9
99
16
88
9
14
12
84
15
57
15
27
9
94
15
27
9
73
9
44
13
25
13
85
17
29
11
83
9
99
9
14
9
34
12
54
16
88
0
80
9
74
12
24
14
86
9
14
13
85
0
50
12
54
0
90
9
94
9
64
9
44
9
44
9
93
9
74
9
94
9
44
9
34
15
27
8
65
9
14
13
55
9
44
9
14
9
34
9
64
9
74
13
25
9
14
9
14
9
99
9
99
9
74
11
23
9
44
9
94
9
74
9
94
9
44
14
26
9
74
9
94
9
99
9
14
9
34
15
27
9
14
9
74
17
22
15
87
9
74
9
14
13
25
9
44
9
94
9
74
15
87
9
94
9
34
9
64
9
94
9
34
15
27
3
9
17
29
3
89
9
74
15
57
9
94
16
28
9
34
9
99
9
94
9
99
9
64
14
26
9
14
9
61
9
94
4
99
9
34
9
48
11
83
9
99
9
44
9
33
13
55
17
89
9
99
15
27
9
94
15
27
9
99
14
26
16
28
9
34
16
58
9
74
14
86
9
74
9
99
11
53
13
85
9
94
9
14
9
64
9
64
12
54
9
34
9
99
13
55
9
99
11
83
9
14
9
34
9
64
9
43
9
94
9
64
17
29
14
56
9
99
17
59
13
25
9
99
12
84
16
58
9
14
13
85
9
34
2
19
9
14
12
54
15
27
9
6
9
74
0
10
12
24
2
79
9
14
9
14
9
43
9
64
9
44
14
86
9
74
9
14
17
89
15
27
14
56
9
14
9
34
9
74
14
86
9
74
9
33
9
99
9
99
9
34
13
25
13
55
9
74
2
29
9
34
8
55
14
26
9
74
11
83
9
44
9
44
9
44
16
88
9
99
9
99
13
25
9
44
9
44
14
56
17
89
9
64
9
34
13
25
9
14
9
34
11
83
9
64
0
10
9
94
9
64
14
26
9
61
9
94
13
55
13
25
9
94
13
25
9
13
9
34
9
44
17
59
9
34
13
25
9
34
15
27
9
78
9
94
9
34
14
56
9
46
9
44
13
25
9
14
9
64
13
25
9
44
11
83
9
94
14
56
14
56
9
63
9
34
9
74
9
94
13
55
9
99
11
53
16
28
9
74
13
85
15
27
9
94
9
14
9
74
9
66
9
34
15
57
9
14
9
34
9
99
9
44
9
74
15
57
9
64
9
34
2
89
16
28
9
64
9
43
9
14
11
23
13
55
9
99
9
46
9
34
14
86
12
54
9
93
9
44
17
89
9
14
9
99
9
34
9
34
9
94
0
90
9
99
9
13
15
27
13
55
9
44
9
63
9
74
16
58
15
87
13
55
9
94
9
99
9
94
3
89
9
74
9
14
11
23
9
14
15
57
9
34
9
64
9
94
9
99
16
58
12
54
0
30
14
56
9
64
16
58
9
99
9
99
13
85
9
44
9
99
9
11
13
25
9
74
12
84
9
64
9
94
12
24
9
14
9
94
9
94
17
29
14
56
1
69
9
34
9
14
9
34
9
99
9
64
9
8
9
64
9
64
13
85
9
34
9
14
14
56
9
94
9
94
2
49
13
25
15
87
0
20
9
99
9
34
9
14
9
44
16
28
9
94
9
44
14
26
9
44
14
86
9
99
9
58
9
74
9
94
9
34
16
88
9
99
13
25
17
29
9
44
13
25
13
85
13
25
9
44
9
99
9
14
14
26
13
25
13
55
9
64
13
25
9
34
9
44
9
34
9
94
9
44
9
14
9
14
9
34
12
54
9
99
1
69
9
37
9
34
13
55
9
14
9
99
9
74
9
93
15
27
9
64
9
94
9
94
9
14
9
34
9
32
0
10
9
14
16
58
9
44
13
85
9
44
17
29
9
44
9
44
1
79
14
26
0
60
14
22
11
53
16
81
9
74
16
88
1
79
14
26
15
27
9
14
13
85
9
44
9
63
9
78
9
34
14
26
13
55
15
57
9
63
9
34
9
64
9
44
9
94
9
14
9
34
9
74
17
59
15
27
9
42
9
44
9
14
15
27
9
34
9
99
11
53
15
57
2
29
15
27
0
0
9
2
9
14
0
0
9
64
9
1
9
99
9
64
14
56
16
28
9
74
9
14
9
64
4
79
13
85
9
74
9
34
9
74
12
24
15
57
9
63
9
94
9
34
9
93
9
34
0
70
9
64
9
94
9
44
9
99
9
64
8
35
15
27
12
24
13
55
12
84
9
34
17
59
9
74
11
83
15
57
13
25
0
20
9
74
14
26
12
84
9
32
9
73
16
58
9
99
9
74
16
88
16
88
9
94
0
10
4
99
9
64
9
94
9
64
9
34
9
14
9
34
12
54
16
88
15
27
0
70
9
44
9
8
13
85
9
94
9
94
0
40
15
57
9
74
9
44
9
14
9
64
9
14
9
44
9
99
9
14
2
19
9
99
9
99
11
53
8
25
17
59
9
99
9
74
9
34
9
74
9
64
13
55
0
95
9
99
9
94
14
56
9
74
13
55
9
74
9
74
17
59
9
99
9
14
9
14
9
64
9
99
9
64
16
58
13
55
11
83
15
87
17
29
11
53
14
86
9
94
9
99
9
73
9
44
9
94
9
99
14
26
9
99
14
86
9
43
9
44
9
34
12
54
16
88
9
74
2
29
9
64
9
64
9
94
14
26
9
64
9
64
9
44
9
44
2
59
12
54
9
74
9
44
0
11
9
34
9
44
9
34
4
59
9
94
9
64
9
99
15
27
12
54
13
55
9
74
13
25
9
94
9
13
15
87
9
74
13
55
17
89
9
64
13
55
9
44
9
74
9
74
13
55
9
99
9
99
9
42
9
73
13
25
9
44
9
99
2
99
9
14
9
94
12
84
9
14
9
94
17
59
13
25
9
44
9
99
9
44
11
23
9
63
9
34
9
94
9
13
9
74
9
44
9
74
9
14
9
74
9
44
9
99
9
14
9
74
9
14
11
53
0
50
14
56
9
73
9
34
9
34
0
60
9
93
9
99
9
33
9
94
9
44
9
74
12
24
9
44
11
53
9
44
9
99
9
64
9
34
9
94
9
34
9
64
9
64
9
99
9
14
9
99
11
53
2
59
15
57
9
64
0
0
9
14
9
58
13
55
9
94
9
74
17
59
9
33
11
23
9
74
9
94
9
74
9
41
15
87
13
85
9
44
9
99
9
14
0
30
13
25
9
34
9
94
9
44
9
94
9
94
17
89
9
99
9
64
15
57
9
93
9
14
9
99
0
70
9
63
12
24
16
88
9
74
16
58
9
94
9
99
4
69
9
64
9
73
9
88
9
44
9
94
16
88
9
74
9
14
14
86
9
94
9
64
11
53
9
99
9
44
9
99
9
14
9
64
9
99
17
29
9
34
9
44
9
74
3
30
9
44
16
58
9
94
9
14
13
85
9
64
9
34
8
5
13
55
9
44
9
44
9
74
9
99
9
34
9
14
9
73
9
44
14
56
9
14
9
33
4
59
9
44
14
26
9
14
9
94
9
14
9
74
12
84
