5
52
4
42
6
58
3
78
4
35
2
18
4
79
2
69
4
99
5
86
3
98
3
29
4
45
5
55
6
94
5
95
4
24
4
9
6
43
2
78
3
64
4
9
2
8
6
75
5
7
6
99
3
99
5
48
5
65
5
23
5
39
3
59
3
56
2
8
4
66
5
39
5
63
3
43
5
15
2
24
2
2
6
5
3
29
3
24
4
12
2
64
3
73
4
73
5
24
3
78
5
89
5
45
6
23
4
15
2
53
5
43
4
99
2
39
6
79
6
45
4
39
6
53
3
85
5
29
4
42
4
49
4
47
3
18
6
47
3
58
6
33
4
77
2
14
2
38
6
97
0
40
4
32
4
34
3
22
2
34
4
58
3
41
4
75
3
79
4
49
4
26
6
86
3
64
2
5
4
89
5
46
6
24
5
2
6
59
2
99
5
17
3
7
4
77
3
15
4
28
3
88
4
29
2
5
6
7
3
19
4
72
6
56
3
99
2
39
6
19
4
99
5
62
2
14
6
19
6
65
2
24
2
15
6
53
2
23
3
17
5
59
4
75
3
87
3
44
5
49
6
95
2
55
2
58
5
45
3
65
5
73
4
66
6
9
4
55
2
87
5
84
2
75
4
72
4
59
4
68
4
17
3
2
3
17
2
92
4
68
2
19
2
9
6
28
5
88
6
13
6
47
6
79
2
39
2
39
2
12
2
85
5
82
2
46
6
89
3
29
6
5
3
29
5
98
6
15
4
34
5
19
4
69
2
69
6
39
6
49
4
54
3
29
2
79
4
19
2
19
5
19
4
47
5
44
4
93
6
49
4
15
3
26
2
9
5
36
6
17
3
53
3
4
2
74
6
29
2
85
5
36
2
42
5
29
2
29
3
37
3
29
5
72
4
19
5
52
2
83
5
17
3
39
5
65
6
49
2
56
3
79
3
19
2
62
2
79
3
69
2
49
2
72
3
45
3
97
3
19
2
58
5
46
6
39
6
33
5
19
3
49
3
38
2
99
5
77
2
6
6
73
4
48
4
18
6
85
6
16
5
62
3
35
2
19
2
78
6
18
4
72
5
94
6
7
3
25
2
43
5
79
0
80
6
69
5
13
4
75
2
4
2
74
0
50
6
43
0
90
6
89
4
53
3
39
5
38
3
82
3
65
6
86
4
36
5
26
6
16
3
65
5
6
2
44
6
34
3
5
5
29
5
54
3
63
2
19
4
3
2
8
6
96
5
99
6
67
2
12
6
36
6
89
2
64
5
83
5
35
4
15
3
68
4
89
5
92
5
5
3
28
4
16
2
7
4
69
6
23
4
79
4
69
4
9
4
14
2
39
2
89
5
65
4
79
4
83
2
29
3
57
4
85
6
29
5
16
3
9
6
19
3
88
2
69
4
46
3
84
5
19
4
29
5
96
2
84
2
96
5
58
3
18
2
9
4
61
2
83
4
95
2
24
2
48
2
72
6
96
5
35
5
22
2
49
6
79
5
99
5
16
5
84
4
16
2
92
4
15
5
19
6
27
5
49
4
66
3
78
6
64
6
99
4
42
2
76
6
85
6
3
3
55
3
56
3
43
4
29
4
93
2
49
5
95
4
72
6
8
3
25
2
57
4
32
5
85
5
55
6
19
3
48
3
99
6
49
5
14
2
92
3
73
5
49
6
9
2
74
3
29
2
19
3
8
6
43
5
16
4
6
5
66
0
10
2
13
2
76
4
9
5
4
4
32
5
54
3
39
3
78
2
69
4
9
6
78
5
16
3
47
4
9
2
29
2
65
3
76
4
69
5
22
2
93
2
98
4
26
2
19
2
49
2
65
2
28
5
29
6
55
4
15
6
63
4
72
3
39
4
37
3
39
5
77
3
94
2
99
2
19
3
38
4
37
4
45
6
79
2
54
2
24
5
14
6
9
3
26
2
72
2
58
0
10
3
83
5
57
4
15
5
61
2
88
6
44
2
18
4
89
4
14
6
13
3
29
6
33
6
49
3
29
3
14
5
29
4
19
5
78
5
83
5
27
3
49
4
46
6
38
3
14
5
8
5
58
4
14
4
37
5
72
2
84
3
49
3
49
5
52
6
24
2
69
6
84
2
48
6
99
5
42
5
18
2
65
2
79
5
16
2
88
6
9
3
66
3
66
3
28
4
48
4
5
4
29
6
93
6
34
2
69
6
46
2
55
5
28
2
83
6
17
5
59
2
32
3
8
2
12
2
44
3
95
5
46
2
28
3
79
3
43
4
82
3
38
6
79
5
6
6
98
3
29
3
27
2
86
0
90
5
99
6
13
4
19
2
49
3
33
3
52
6
65
5
49
6
76
6
44
5
88
4
94
2
86
3
89
3
69
3
8
2
12
3
9
4
49
2
29
5
57
5
88
5
93
5
48
6
43
0
30
3
45
4
53
5
47
2
96
3
99
2
76
2
38
4
96
5
11
2
15
3
66
2
73
3
59
2
89
3
13
4
9
2
83
4
88
6
19
6
45
1
68
6
29
4
8
2
29
5
94
3
56
3
8
6
58
2
59
2
74
5
27
4
7
3
47
3
88
6
89
2
45
2
16
4
79
0
20
4
97
5
29
5
6
3
38
5
19
3
89
2
38
3
19
6
34
3
76
2
97
5
58
6
65
5
89
2
29
5
79
2
94
3
14
6
19
5
35
4
14
2
79
2
19
4
38
2
93
6
7
5
15
3
14
5
44
2
59
2
17
6
24
5
37
6
27
5
86
4
39
4
4
6
9
5
29
3
43
6
93
1
67
2
37
3
27
2
45
5
5
3
95
4
65
4
82
4
19
5
54
5
83
3
83
5
5
4
29
5
32
0
10
6
9
5
49
4
36
2
75
2
33
6
19
6
33
4
33
1
77
3
15
0
60
3
23
3
42
5
81
5
67
5
77
1
74
3
15
4
17
5
6
6
74
3
36
5
52
6
78
6
27
3
18
2
49
4
49
4
52
2
28
2
54
6
38
3
86
3
8
3
28
4
67
6
48
4
19
5
42
2
35
2
3
4
17
6
28
3
92
5
42
5
46
2
27
4
19
0
0
2
2
3
7
0
0
4
54
6
1
5
95
5
54
3
45
5
17
6
68
2
8
4
58
4
74
2
79
3
66
3
29
2
69
3
13
4
49
2
52
2
89
2
26
5
82
2
29
0
70
4
53
4
83
6
33
3
97
2
54
2
35
4
17
4
13
2
46
6
73
6
29
6
49
5
65
2
72
4
46
5
14
0
20
4
65
5
15
6
73
3
32
4
62
5
49
6
96
2
68
5
77
5
77
5
85
0
10
4
99
4
57
2
89
5
55
4
28
4
5
6
29
6
43
5
78
4
19
0
70
6
35
2
8
4
74
3
83
5
89
0
40
4
47
3
65
4
36
6
5
5
59
3
4
5
39
3
94
3
6
2
16
5
99
2
99
4
42
6
25
6
48
4
95
4
69
5
29
5
67
3
53
2
47
0
95
5
97
4
89
3
49
3
68
6
44
6
63
6
66
6
48
5
92
2
7
5
9
4
59
2
99
4
58
5
47
2
44
3
72
4
79
6
19
3
42
3
79
6
89
5
97
2
62
4
39
3
88
5
95
3
17
2
92
3
79
5
32
2
37
4
29
4
43
5
79
5
64
2
26
2
54
3
59
4
89
4
15
5
56
2
57
4
38
4
39
2
58
4
43
4
69
2
34
0
11
5
29
4
33
2
24
4
56
2
89
4
56
3
98
4
18
3
43
2
48
2
68
2
19
3
85
2
14
4
79
2
67
2
49
6
79
2
57
2
47
5
37
2
64
6
68
2
45
5
99
4
96
4
42
4
62
6
14
5
36
5
94
2
94
6
9
4
89
4
73
3
9
5
83
6
49
2
16
6
39
5
94
4
38
3
12
5
52
5
27
4
89
5
2
5
66
2
39
4
69
3
8
6
68
6
39
5
93
5
9
5
65
5
9
4
42
0
50
3
49
3
62
4
26
3
29
0
60
4
82
2
99
3
22
4
89
2
38
5
66
2
13
4
39
4
42
6
39
2
98
3
54
5
25
2
86
5
27
3
54
4
59
3
97
3
8
3
99
4
42
2
55
4
49
5
56
0
0
4
8
3
58
2
48
6
89
6
69
6
49
2
22
3
12
2
67
4
84
5
64
3
41
4
78
6
74
2
33
3
97
5
5
0
30
4
14
5
28
5
89
5
33
2
83
4
84
6
78
5
95
6
59
5
46
2
82
3
5
6
99
0
70
3
52
3
13
5
79
5
68
5
49
5
87
6
95
4
64
5
59
4
62
3
88
2
39
4
85
5
78
2
69
4
9
3
78
5
83
4
57
4
42
4
99
6
34
5
93
2
6
4
59
6
96
6
18
3
29
6
36
3
69
3
30
6
39
6
47
4
89
5
7
2
77
5
59
3
29
2
5
2
48
2
35
3
37
2
64
6
99
3
23
2
3
2
62
6
34
3
45
5
8
4
33
4
57
5
39
4
15
3
9
6
89
6
3
3
68
5
73
