8
27
5
88
8
25
5
85
8
75
6
69
5
89
7
45
6
29
7
9
5
85
8
49
7
87
4
18
7
18
7
85
6
59
4
39
4
26
4
69
5
19
7
75
5
66
6
9
8
25
8
26
5
17
6
69
8
20
5
29
5
16
8
19
6
37
7
83
7
39
6
29
0
20
0
60
5
29
8
99
6
7
6
5
7
65
7
88
7
19
7
79
8
75
5
99
4
26
4
39
6
76
5
66
5
79
8
99
4
89
0
10
6
9
4
69
6
34
8
20
4
49
6
49
6
56
5
37
5
49
8
95
4
97
5
56
4
36
6
9
5
58
6
39
4
29
7
9
7
69
5
69
6
89
6
59
6
8
4
68
8
78
4
17
4
48
5
24
6
26
6
7
7
48
5
77
4
29
5
5
8
6
6
29
4
48
7
29
8
56
6
19
5
9
7
69
7
65
7
66
8
83
4
15
6
49
4
58
8
19
8
56
8
36
5
14
6
95
4
67
4
48
4
49
6
37
8
99
4
32
8
70
8
60
7
49
7
9
8
98
4
29
8
98
4
79
6
88
6
69
6
49
4
25
8
18
8
50
7
89
5
39
4
39
6
79
5
96
4
79
7
49
8
45
6
9
7
49
7
36
5
55
8
96
6
66
8
40
7
27
7
87
4
9
8
66
8
99
4
68
6
19
6
27
7
9
4
8
5
16
7
59
4
27
7
77
6
9
6
19
4
54
7
29
5
59
8
46
6
25
5
19
8
75
4
59
6
44
6
47
8
6
5
34
0
60
7
19
7
6
6
34
5
27
8
85
5
19
4
89
7
98
8
15
6
59
6
39
0
20
8
30
8
99
5
18
7
79
4
28
7
95
4
16
6
54
0
20
5
27
4
25
7
46
7
69
6
45
6
68
6
64
7
9
7
39
8
7
8
86
6
9
8
90
5
87
8
67
7
27
6
85
4
29
4
59
6
58
7
21
7
46
8
90
7
37
6
24
5
25
7
9
7
65
5
59
5
69
4
69
8
48
8
98
8
18
8
98
8
10
0
60
4
29
5
59
6
36
6
79
8
29
6
19
7
89
5
69
6
79
5
48
7
7
5
27
6
49
5
9
8
10
6
39
6
47
6
99
8
79
6
9
7
16
7
9
6
8
4
15
5
9
6
79
6
69
0
50
5
46
5
89
6
89
7
59
7
95
0
90
8
60
6
49
7
29
5
49
7
49
5
67
5
97
4
97
7
29
4
56
4
49
7
18
8
99
4
46
5
36
5
77
6
98
5
95
4
99
8
7
8
89
4
59
7
16
6
49
6
79
7
25
4
69
8
96
6
89
4
45
8
50
8
19
8
47
5
39
8
89
8
6
4
84
5
99
7
4
0
90
4
75
4
59
7
44
8
80
8
55
4
35
6
8
5
9
6
38
6
38
5
26
6
85
6
5
6
16
4
84
8
19
8
60
7
39
4
19
7
39
7
99
4
19
4
45
4
95
5
88
8
60
7
27
5
9
7
38
6
87
3
87
6
59
7
78
4
49
8
36
6
19
8
52
8
30
5
39
4
89
5
69
4
59
1
36
7
26
6
41
7
59
8
9
5
69
6
99
8
78
4
19
4
84
6
69
5
39
6
87
7
29
7
39
6
99
7
49
5
29
4
59
8
70
4
19
6
19
8
59
4
9
5
7
8
30
2
75
5
79
4
28
4
97
0
40
6
64
4
44
0
36
6
87
7
49
6
38
6
65
4
69
5
59
6
79
6
44
5
37
7
86
4
84
8
30
6
85
4
44
6
44
7
79
4
5
5
64
4
9
6
44
4
79
7
27
5
99
6
19
4
26
4
59
5
9
7
85
5
99
8
28
7
17
4
27
8
45
7
9
7
29
5
85
6
67
8
38
6
58
6
49
4
79
7
9
6
84
6
19
7
19
5
77
7
39
8
77
8
50
4
66
4
45
5
8
5
66
4
39
5
69
7
14
7
19
4
18
0
80
5
99
4
96
4
19
8
90
6
89
6
9
2
46
4
14
8
40
6
14
8
30
4
69
4
58
6
89
7
19
8
16
4
69
5
8
4
89
8
20
8
40
4
99
5
69
4
9
4
79
7
77
8
66
5
7
7
79
6
87
5
29
8
90
6
76
4
3
6
56
8
87
0
30
5
16
6
47
6
88
6
56
6
64
6
69
8
80
5
9
5
28
5
4
6
39
4
9
8
90
7
39
5
65
6
17
5
29
4
59
6
86
8
97
5
14
8
28
7
24
5
49
7
47
5
39
6
49
8
80
6
68
6
59
4
24
0
40
7
59
8
73
4
19
5
77
8
75
5
58
4
59
4
34
4
9
0
10
8
50
6
59
5
96
6
39
7
19
7
29
8
86
8
40
6
47
7
28
6
26
6
55
6
87
4
79
8
20
4
79
6
16
5
39
8
98
1
79
5
68
8
7
6
85
8
20
6
28
5
9
5
39
1
65
0
50
7
89
5
65
5
6
5
78
5
27
0
63
8
89
2
10
8
75
8
16
5
34
4
99
7
89
8
35
5
29
6
26
6
89
8
90
8
37
5
49
6
26
7
89
8
28
4
9
8
30
5
36
6
35
8
28
8
40
5
35
8
40
4
4
4
18
8
25
2
29
8
77
5
89
5
79
4
46
1
65
6
38
0
20
6
49
7
66
0
89
8
79
6
89
7
33
5
75
8
86
0
0
5
88
5
26
5
14
4
49
8
60
7
27
8
48
8
99
7
36
6
65
5
55
6
87
5
99
6
26
5
99
8
18
6
19
5
33
7
79
7
9
4
47
7
79
4
23
7
59
4
6
7
7
8
40
8
68
8
37
7
47
8
75
7
37
4
46
5
74
6
92
8
80
3
46
4
5
4
74
3
19
6
19
6
78
8
76
7
25
1
98
4
99
4
49
8
47
5
87
4
46
4
14
5
77
7
59
7
16
4
27
6
78
6
9
7
94
4
18
8
50
7
39
7
75
7
19
8
70
4
64
8
20
0
60
8
10
6
49
5
16
6
44
4
77
4
59
5
16
6
84
5
89
7
26
5
19
6
94
5
37
6
29
6
68
8
8
4
49
8
70
6
89
7
29
8
39
4
88
5
99
8
40
5
2
7
49
8
10
4
16
2
29
4
31
6
14
8
25
4
64
6
99
8
49
6
59
7
79
7
89
5
94
5
25
6
24
4
88
5
39
5
69
8
80
7
19
7
79
0
30
4
89
1
83
6
95
4
69
8
50
8
8
4
69
6
9
5
69
6
37
3
28
5
57
8
49
6
19
5
39
5
48
1
38
8
49
4
55
7
39
8
81
6
49
7
69
1
89
7
77
6
89
5
79
6
39
5
9
5
98
6
79
6
59
8
65
5
39
6
64
6
54
8
20
5
59
5
87
6
69
7
9
6
89
8
79
7
74
7
59
6
54
8
99
4
75
6
16
7
87
5
49
8
24
7
36
4
27
4
99
4
9
6
17
8
30
7
19
4
19
7
94
7
4
5
95
5
16
6
85
8
36
8
30
8
6
2
25
8
28
6
19
5
75
7
25
6
39
7
45
8
16
4
99
7
15
5
44
5
29
6
91
7
99
4
64
7
67
6
95
6
97
4
78
4
89
7
56
5
22
6
9
5
37
5
94
5
69
8
65
7
15
7
89
7
94
6
4
5
79
7
89
6
18
6
94
7
89
4
69
7
49
4
19
8
15
8
20
7
89
4
65
5
78
7
64
5
59
6
9
7
69
7
86
5
24
8
79
5
89
7
88
8
50
4
54
7
74
4
9
7
99
4
74
7
87
5
79
4
74
6
35
5
24
4
79
4
77
8
40
5
76
4
28
7
99
1
49
7
1
7
7
6
99
7
59
8
36
8
67
7
6
8
96
5
9
5
25
7
85
7
56
4
26
6
39
3
98
8
50
4
49
4
85
4
59
8
76
6
59
8
5
4
4
5
39
0
10
8
50
5
97
4
89
4
89
0
24
8
65
5
95
5
79
6
9
8
27
5
34
7
67
5
44
8
80
8
77
6
19
6
19
5
29
5
7
7
39
7
99
4
24
5
14
7
19
5
49
8
99
5
64
7
18
6
6
6
56
5
39
4
69
6
39
4
37
7
8
4
55
6
29
6
57
8
46
8
35
7
89
5
44
8
26
5
35
5
99
6
39
6
28
4
79
5
38
8
20
7
34
7
38
8
49
5
9
5
56
8
5
5
79
4
9
0
60
5
94
8
40
6
47
8
70
7
66
8
58
7
9
6
19
6
79
8
45
2
89
5
69
5
36
0
10
5
4
5
59
5
47
4
0
4
38
4
19
4
28
5
69
5
77
7
12
8
76
7
78
5
67
4
59
7
89
7
39
7
59
7
44
6
7
7
98
6
14
7
75
1
50
4
98
6
28
5
59
7
7
6
8
7
99
4
79
5
78
7
29
7
89
5
85
8
17
5
27
8
98
6
69
6
48
7
29
5
66
6
87
7
69
7
69
5
9
5
56
4
67
7
9
8
87
