9
34
9
94
9
34
9
94
12
84
9
74
9
94
12
54
9
34
9
14
9
94
16
58
9
94
13
25
15
27
9
94
9
64
9
44
9
34
9
74
14
26
12
84
9
74
9
14
9
34
9
34
14
26
9
74
17
29
9
34
13
25
16
28
9
44
16
82
9
44
9
34
0
20
0
60
9
34
9
99
9
14
9
14
9
74
9
94
16
28
16
88
12
84
9
99
9
34
9
44
13
85
9
74
14
86
9
99
9
94
0
10
9
14
9
74
9
43
17
29
13
55
15
57
9
64
9
44
14
56
8
95
9
99
9
64
9
44
9
14
9
64
9
44
9
34
9
14
9
74
9
74
9
94
9
64
9
14
9
74
15
87
13
25
13
55
9
33
9
34
9
14
15
57
14
86
9
34
9
14
9
14
9
34
13
55
9
34
9
64
15
27
9
14
9
74
9
74
9
74
17
82
12
24
15
57
9
64
16
28
9
64
9
44
11
23
9
99
9
74
13
55
13
55
9
44
9
99
9
32
9
74
9
64
16
58
9
14
9
99
9
34
9
99
13
85
9
94
9
74
15
57
9
34
15
27
17
59
9
94
9
44
9
44
15
87
9
99
13
85
16
58
12
54
9
14
16
58
9
36
9
64
9
99
9
74
9
44
9
34
9
94
9
14
9
74
9
99
9
74
15
27
9
34
9
14
9
14
13
25
9
64
9
34
14
86
9
14
15
27
9
63
9
34
9
64
13
55
9
34
14
26
12
84
9
64
11
53
14
56
9
14
9
43
0
60
16
28
9
14
9
43
9
34
9
94
14
26
9
94
9
99
12
24
9
64
9
44
0
20
9
34
9
99
14
26
16
88
9
34
9
99
13
25
9
63
0
20
9
34
9
34
13
55
9
74
12
54
9
74
9
73
9
14
9
44
9
14
9
86
9
14
9
94
9
94
9
74
9
34
9
94
9
34
9
64
9
64
16
21
13
55
9
94
9
44
9
33
9
34
9
14
9
74
9
64
9
74
9
74
15
57
9
99
15
27
9
99
9
14
0
60
9
34
9
64
9
44
15
87
9
34
15
27
9
94
9
74
15
87
14
56
9
14
9
34
15
57
9
14
9
14
9
44
14
56
9
99
16
88
9
14
13
25
9
14
9
8
12
24
9
14
15
87
9
74
0
50
13
55
9
94
9
94
9
64
9
99
0
90
9
64
15
57
9
34
14
56
16
58
9
74
9
99
9
99
9
34
9
64
13
55
15
27
9
99
13
55
9
44
14
86
9
99
9
99
9
99
9
14
9
94
9
64
13
25
15
57
15
87
9
34
9
74
9
99
9
94
12
54
17
59
16
28
14
56
9
44
9
94
9
14
9
93
9
99
9
13
0
90
12
84
9
64
11
53
17
89
9
64
9
44
9
14
9
14
9
44
9
44
9
34
9
94
8
5
13
25
9
93
16
28
9
64
9
44
13
25
9
44
9
99
13
25
12
54
9
99
9
94
9
64
9
34
9
14
9
44
9
94
3
89
9
64
15
87
13
55
9
44
15
27
17
52
9
34
9
44
9
94
9
74
9
64
1
36
9
26
9
41
9
64
9
14
9
74
9
99
15
87
13
25
9
93
9
74
9
44
9
94
9
34
9
44
9
99
16
58
9
34
9
64
9
74
13
25
15
27
9
64
9
14
9
14
9
34
2
79
14
86
9
34
9
99
0
40
9
73
11
53
0
36
9
94
16
58
9
44
9
74
9
74
9
64
15
87
11
53
9
44
9
94
9
93
9
34
9
94
11
53
11
53
16
88
9
14
9
73
9
14
11
53
13
85
9
34
9
99
15
27
9
26
9
64
9
14
9
94
9
99
9
34
14
26
9
34
12
54
9
14
9
34
9
94
9
74
9
44
9
64
15
57
13
85
9
14
9
93
15
27
16
28
14
86
9
44
14
86
17
59
9
74
12
54
9
14
9
74
9
44
9
74
11
23
16
28
13
25
0
80
9
99
9
96
13
25
9
94
9
94
9
14
2
49
11
23
9
44
11
23
9
34
9
74
9
64
9
94
16
28
13
25
9
74
9
14
9
94
17
29
9
44
9
99
9
74
9
14
13
85
14
86
9
74
9
14
16
88
9
94
9
34
9
94
13
85
9
3
9
64
9
87
0
30
13
25
14
56
9
94
9
64
9
73
9
74
17
89
9
14
9
34
9
13
9
44
9
14
9
94
9
44
9
74
14
26
9
34
9
64
9
94
9
99
11
23
9
34
9
33
14
56
14
56
9
44
15
57
17
89
9
74
9
64
9
33
0
40
9
64
9
73
13
25
14
86
12
84
9
58
9
64
9
43
9
14
0
10
17
59
9
64
9
99
9
44
16
28
9
34
9
94
9
44
14
56
9
34
9
34
9
64
9
94
13
85
17
29
13
85
13
25
9
44
9
99
1
79
9
68
9
14
9
94
17
29
9
34
9
14
9
44
1
69
0
50
9
94
9
74
9
14
14
86
9
34
0
63
9
94
2
10
12
84
13
25
9
43
9
99
9
94
9
44
9
34
9
34
9
94
9
94
9
44
14
56
9
34
9
94
9
34
9
14
9
34
9
44
9
44
9
34
9
44
9
44
9
44
9
13
13
25
9
34
2
29
14
86
9
94
14
86
13
55
1
69
9
44
0
20
15
57
9
74
0
89
16
88
9
94
9
33
12
84
9
94
0
0
9
94
9
34
11
23
13
55
9
64
9
34
15
57
9
99
9
44
9
74
9
64
9
94
9
99
9
34
9
99
15
27
15
27
9
33
16
88
9
14
9
47
16
88
13
22
9
64
9
14
9
14
9
44
9
74
9
44
14
56
12
84
9
44
4
49
11
83
9
92
17
89
3
49
9
14
11
83
3
19
15
27
9
78
13
85
9
34
1
99
9
99
13
55
14
56
9
94
4
46
11
23
14
86
9
64
13
25
9
34
9
78
9
14
9
99
9
18
17
59
9
44
12
84
16
28
9
74
9
73
17
29
0
60
9
14
15
57
13
25
11
53
13
85
9
64
13
25
9
93
9
94
9
34
14
26
9
99
9
44
9
34
9
74
9
14
13
55
9
74
9
94
9
34
9
44
9
94
9
99
9
44
9
2
16
58
9
14
9
16
2
29
9
31
11
23
9
34
9
73
9
99
16
58
9
64
16
88
9
94
9
99
9
34
9
33
9
88
9
44
9
74
17
89
16
28
16
88
0
30
9
94
1
83
9
99
9
74
17
59
9
14
9
74
9
14
9
74
9
44
3
29
9
64
16
58
15
27
9
44
14
56
1
39
16
58
9
64
9
44
17
81
15
57
9
74
1
89
14
86
9
94
14
86
9
44
9
14
9
98
15
87
9
64
9
74
9
44
9
73
9
63
17
29
9
64
9
94
9
74
9
14
9
94
16
88
11
83
9
64
9
63
9
99
12
84
13
25
9
94
14
56
17
22
9
44
9
34
9
99
9
14
14
26
9
34
16
28
13
25
9
99
9
13
9
99
13
25
9
94
9
44
9
34
9
14
2
29
9
34
15
27
12
84
9
34
9
44
12
54
9
16
9
99
12
24
11
53
9
34
9
91
9
99
9
73
9
74
9
99
9
99
13
85
9
94
9
64
14
22
9
14
9
44
9
99
9
74
9
74
12
24
9
94
9
99
9
3
14
86
9
94
15
27
9
99
9
94
9
74
16
58
13
25
12
24
17
29
9
94
9
74
14
86
9
73
9
64
9
14
9
74
9
94
9
33
16
88
9
94
9
94
17
59
9
63
11
83
9
14
9
99
11
83
9
94
14
86
11
83
9
44
9
33
13
85
13
85
9
44
13
85
9
34
9
99
1
49
9
1
9
7
9
99
9
64
9
44
9
74
9
14
9
99
9
14
9
34
9
94
9
64
9
34
9
44
3
99
17
59
13
55
9
94
9
64
13
85
9
64
9
14
9
13
9
44
0
10
17
59
9
99
9
94
9
94
0
24
9
74
9
99
14
86
9
14
9
34
9
43
9
74
11
53
17
89
14
86
15
27
15
27
9
34
9
14
9
44
9
99
9
33
11
23
16
28
14
56
9
99
9
73
15
27
9
14
9
64
9
44
9
74
9
44
9
44
9
14
9
64
9
34
9
64
13
55
9
44
9
94
11
53
9
34
9
44
9
99
9
44
9
34
13
85
9
44
17
29
9
43
9
44
16
58
9
14
9
64
9
14
14
86
9
14
0
60
9
99
9
44
14
56
9
74
9
74
9
64
9
14
15
27
15
87
12
54
2
89
9
74
9
44
0
10
9
13
9
64
14
56
4
0
9
44
13
25
9
34
9
74
14
86
9
12
13
85
9
78
9
74
9
64
9
94
9
44
9
64
11
53
9
7
9
99
11
23
12
84
1
50
9
99
9
34
9
64
9
14
9
14
9
99
13
85
14
86
9
34
9
94
9
94
14
26
9
34
9
99
9
74
15
57
9
34
9
74
9
94
9
74
9
74
9
14
9
64
9
74
9
14
9
94
