6
25
3
86
6
23
3
83
6
73
4
69
3
89
5
43
4
29
5
9
3
83
6
47
5
85
2
16
5
16
5
83
4
59
2
39
2
24
2
69
3
19
5
73
3
64
4
9
6
23
6
24
3
15
4
69
6
19
3
29
3
14
6
17
4
35
5
83
5
39
4
29
0
20
0
60
3
28
6
99
4
5
4
3
5
63
5
86
5
19
5
77
6
73
3
99
2
24
2
39
4
74
3
64
3
78
6
98
2
89
0
10
4
9
2
67
4
32
6
19
2
49
4
48
4
54
3
35
3
47
6
95
2
95
3
54
2
34
4
9
3
56
4
39
2
29
5
9
5
69
3
67
4
88
4
59
4
6
2
66
6
76
2
15
2
46
3
22
4
24
4
5
5
46
3
75
2
28
3
3
6
4
4
27
2
46
5
28
6
54
4
19
3
9
5
69
5
63
5
64
6
83
2
13
4
47
2
56
6
17
6
54
6
34
3
12
4
93
2
65
2
46
2
49
4
35
6
99
2
32
6
68
6
59
5
48
5
7
6
96
2
29
6
96
2
77
4
86
4
68
4
48
2
23
6
16
6
49
5
89
3
37
2
39
4
79
3
94
2
78
5
49
6
43
4
9
5
49
5
36
3
53
6
94
4
64
6
39
5
25
5
85
2
7
6
64
6
99
2
66
4
18
4
25
5
9
2
6
3
14
5
58
2
25
5
75
4
8
4
19
2
52
5
29
3
59
6
44
4
23
3
19
6
73
2
59
4
42
4
45
6
4
3
32
0
60
5
18
5
4
4
32
3
25
6
83
3
19
2
88
5
96
6
13
4
58
4
39
0
20
6
28
6
98
3
16
5
78
2
26
5
93
2
14
4
52
0
20
3
25
2
23
5
44
5
69
4
43
4
66
4
62
5
9
5
39
6
5
6
86
4
8
6
88
3
85
6
65
5
25
4
83
2
29
2
58
4
56
5
21
5
44
6
89
5
35
4
22
3
23
5
9
5
63
3
59
3
69
2
69
6
46
6
96
6
16
6
96
6
9
0
60
2
29
3
59
4
34
4
78
6
27
4
19
5
88
3
67
4
79
3
46
5
5
3
25
4
49
3
9
6
8
4
39
4
45
4
99
6
77
4
7
5
14
5
9
4
8
2
13
3
8
4
79
4
69
0
50
3
44
3
89
4
88
5
59
5
93
0
90
6
59
4
48
5
29
3
49
5
49
3
65
3
95
2
95
5
27
2
54
2
49
5
16
6
98
2
44
3
34
3
75
4
96
3
93
2
99
6
5
6
87
2
59
5
14
4
49
4
78
5
23
2
69
6
94
4
89
2
43
6
49
6
17
6
45
3
39
6
87
6
4
2
82
3
97
5
2
0
90
2
73
2
58
5
42
6
78
6
53
2
33
4
6
3
9
4
36
4
36
3
24
4
83
4
5
4
14
2
82
6
17
6
59
5
39
2
19
5
37
5
99
2
19
2
43
2
93
3
86
6
58
5
25
3
9
5
36
4
85
3
85
4
59
5
76
2
48
6
34
4
17
6
52
6
28
3
38
2
89
3
69
2
59
1
36
5
26
4
41
5
57
6
7
3
69
4
98
6
76
2
19
2
82
4
69
3
39
4
85
5
29
5
39
4
99
5
47
3
29
2
58
6
69
2
18
4
19
6
57
2
9
3
5
6
29
2
73
3
79
2
26
2
95
0
40
4
62
2
42
0
36
4
85
5
48
4
36
4
63
2
67
3
58
4
79
4
42
3
35
5
84
2
82
6
28
4
83
2
42
4
42
5
79
2
3
3
62
2
8
4
42
2
79
5
25
3
99
4
19
2
26
2
57
3
9
5
83
3
99
6
26
5
15
2
25
6
43
5
7
5
28
3
83
4
65
6
36
4
56
4
48
2
79
5
7
4
82
4
19
5
18
3
75
5
39
6
75
6
48
2
64
2
43
3
6
3
64
2
39
3
69
5
12
5
17
2
16
0
80
3
98
2
96
2
19
6
89
4
89
4
7
2
44
2
12
6
39
4
12
6
29
2
69
2
56
4
88
5
19
6
14
2
68
3
6
2
89
6
19
6
39
2
99
3
68
2
8
2
79
5
75
6
64
3
5
5
79
4
85
3
28
6
89
4
74
2
3
4
54
6
87
0
30
3
14
4
45
4
86
4
54
4
62
4
68
6
79
3
9
3
26
3
2
4
38
2
9
6
89
5
37
3
63
4
15
3
28
2
59
4
84
6
95
3
12
6
26
5
22
3
47
5
45
3
39
4
49
6
78
4
66
4
59
2
22
0
40
5
59
6
73
2
19
3
75
6
73
3
58
2
59
2
32
2
9
0
10
6
48
4
59
3
94
4
37
5
19
5
27
6
84
6
39
4
45
5
26
4
24
4
53
4
85
2
79
6
18
2
79
4
14
3
39
6
96
1
77
3
68
6
5
4
83
6
18
4
26
3
9
3
39
1
63
0
50
5
89
3
63
3
4
3
76
3
25
0
63
6
87
2
10
6
73
6
14
3
32
2
98
5
89
6
33
3
29
4
24
4
89
6
89
6
35
3
49
4
24
5
89
6
26
2
7
6
28
3
34
4
33
6
26
6
39
3
33
6
39
2
2
2
16
6
23
2
29
6
75
3
88
3
77
2
44
1
63
4
36
0
20
4
47
5
64
0
89
6
77
4
88
5
33
3
73
6
84
0
0
3
86
3
24
3
12
2
48
6
59
5
25
6
46
6
99
5
34
4
63
3
53
4
85
3
99
4
24
3
98
6
16
4
19
3
33
5
79
5
8
2
47
5
79
2
23
5
57
2
4
5
5
6
39
6
66
6
35
5
45
6
73
5
35
4
44
3
72
4
92
6
79
3
44
2
3
2
72
3
19
4
19
4
78
6
74
5
23
1
96
2
99
2
49
6
45
3
85
4
46
2
12
3
75
5
59
5
14
2
25
4
78
4
9
5
92
2
18
6
49
5
39
5
73
5
17
6
69
2
62
6
18
0
60
6
9
4
49
3
14
4
42
2
75
2
57
3
14
4
82
3
89
5
24
3
19
4
92
3
35
4
29
4
66
6
6
2
47
6
68
4
89
5
29
6
37
2
86
3
99
6
39
3
2
5
49
6
8
2
16
2
28
2
31
4
12
6
23
2
62
4
99
6
47
4
58
5
78
5
87
3
92
3
23
4
22
2
88
3
39
3
67
6
79
5
19
5
79
0
30
2
88
1
83
4
93
2
69
6
49
6
6
2
69
4
9
3
69
4
35
3
26
3
55
6
47
4
18
3
37
3
46
1
36
6
47
2
53
5
39
6
81
4
49
5
69
1
87
5
75
4
89
3
79
4
38
3
8
3
98
4
78
4
58
6
63
3
39
4
62
4
52
6
19
3
57
3
85
4
67
5
9
4
87
6
77
5
72
5
59
4
52
6
99
2
73
4
14
5
85
3
48
6
24
5
34
2
25
2
99
2
8
4
15
6
29
5
19
2
19
5
92
5
2
3
93
3
14
4
83
6
34
6
29
6
4
2
23
6
26
4
19
3
73
5
23
4
39
5
43
6
16
2
98
5
13
3
42
3
28
4
91
5
97
2
62
5
65
4
93
4
95
2
76
2
89
5
54
3
22
4
8
3
35
3
92
3
67
6
63
5
13
5
88
5
92
4
4
3
79
5
89
4
16
4
92
5
87
2
69
5
49
2
17
6
13
6
19
5
88
2
63
3
76
5
62
3
57
4
7
5
67
5
84
3
22
6
77
3
88
5
86
6
49
2
52
5
72
2
8
5
99
2
72
5
85
3
79
2
72
4
33
3
22
2
79
2
75
6
39
3
74
2
26
5
98
1
49
5
1
5
7
4
99
5
59
6
34
6
65
5
4
6
94
3
9
3
23
5
83
5
54
2
24
4
38
3
96
6
49
2
48
2
83
2
59
6
74
4
59
6
3
2
2
3
39
0
10
6
48
3
95
2
89
2
88
0
24
6
63
3
93
3
77
4
9
6
25
3
32
5
65
3
42
6
78
6
75
4
17
4
19
3
29
3
5
5
37
5
97
2
22
3
12
5
17
3
49
6
99
3
62
5
16
4
4
4
54
3
39
2
69
4
37
2
35
5
6
2
53
4
28
4
55
6
44
6
33
5
88
3
42
6
24
3
33
3
99
4
38
4
26
2
79
3
36
6
19
5
32
5
36
6
47
3
7
3
54
6
3
3
79
2
9
0
60
3
92
6
38
4
45
6
68
5
64
6
56
5
7
4
19
4
79
6
43
2
89
3
68
3
34
0
10
3
2
3
58
3
45
4
0
2
36
2
19
2
26
3
68
3
75
5
12
6
74
5
78
3
65
2
58
5
87
5
38
5
59
5
42
4
7
5
96
4
12
5
73
1
50
2
96
4
26
3
58
5
5
4
6
5
99
2
77
3
76
5
29
5
87
3
83
6
15
3
25
6
96
4
69
4
46
5
29
3
64
4
85
5
68
5
67
3
7
3
54
2
65
5
9
6
85
