9
33
9
93
9
31
9
91
9
81
9
74
9
93
9
51
9
34
9
14
9
91
13
55
9
93
10
22
12
24
9
91
9
64
9
42
9
32
9
72
11
23
9
81
9
72
9
14
9
31
9
32
11
23
9
74
14
26
9
33
10
22
13
25
9
43
13
82
9
44
9
34
0
20
0
60
9
33
9
99
9
13
9
11
9
71
9
94
13
25
13
85
9
81
9
99
9
32
9
42
10
82
9
72
11
83
9
99
9
92
0
10
9
14
9
72
9
40
14
26
10
52
12
54
9
62
9
43
11
53
8
95
9
99
9
62
9
42
9
14
9
63
9
44
9
32
9
14
9
74
9
73
9
94
9
64
9
14
9
72
12
84
10
22
10
52
9
30
9
32
9
13
12
54
11
83
9
32
9
11
9
12
9
34
10
52
9
34
9
62
12
24
9
13
9
74
9
71
9
72
14
82
9
21
12
54
9
62
13
25
9
62
9
42
9
20
9
99
9
72
10
52
10
52
9
43
9
99
9
32
9
74
9
64
13
55
9
14
9
99
9
32
9
99
10
82
9
94
9
74
12
54
9
31
12
24
14
56
9
94
9
43
9
42
12
84
9
99
10
82
13
55
9
51
9
14
13
55
9
36
9
61
9
99
9
72
9
44
9
33
9
93
9
12
9
72
9
99
9
72
12
24
9
33
9
14
9
12
10
22
9
64
9
32
11
83
9
14
12
24
9
60
9
34
9
63
10
52
9
31
11
23
9
81
9
62
9
50
11
53
9
12
9
40
0
60
13
25
9
12
9
40
9
33
9
91
11
23
9
92
9
99
9
21
9
64
9
44
0
20
9
34
9
99
11
23
13
85
9
32
9
99
10
22
9
60
0
20
9
33
9
31
10
52
9
74
9
51
9
74
9
70
9
14
9
44
9
13
9
86
9
14
9
94
9
93
9
73
9
33
9
91
9
32
9
62
9
64
13
21
10
52
9
94
9
43
9
30
9
31
9
14
9
71
9
63
9
73
9
72
12
54
9
99
12
24
9
99
9
14
0
60
9
32
9
63
9
42
12
84
9
34
12
24
9
94
9
73
12
84
11
53
9
13
9
33
12
54
9
13
9
14
9
44
11
53
9
99
13
85
9
14
10
22
9
14
9
8
9
21
9
13
12
84
9
74
0
50
10
52
9
93
9
94
9
64
9
99
0
90
9
64
12
54
9
34
11
53
13
55
9
73
9
99
9
99
9
34
9
62
10
52
12
24
9
99
10
52
9
42
11
83
9
99
9
99
9
99
9
13
9
94
9
62
10
22
12
54
12
84
9
31
9
72
9
99
9
94
9
51
14
56
13
25
11
53
9
43
9
94
9
12
9
90
9
99
9
10
0
90
9
81
9
62
9
50
14
86
9
61
9
41
9
14
9
13
9
44
9
44
9
32
9
91
8
5
10
22
9
90
13
25
9
64
9
44
10
22
9
44
9
99
10
22
9
51
9
99
9
93
9
64
9
33
9
13
9
44
9
93
3
89
9
64
12
84
10
52
9
42
12
24
14
52
9
34
9
43
9
92
9
73
9
62
1
36
9
26
9
41
9
64
9
14
9
73
9
99
12
84
10
22
9
90
9
74
9
43
9
93
9
34
9
44
9
99
13
55
9
33
9
62
9
74
10
22
12
24
9
64
9
12
9
13
9
34
2
79
11
83
9
32
9
99
0
40
9
70
9
50
0
36
9
93
13
55
9
44
9
71
9
72
9
63
12
84
9
50
9
43
9
92
9
90
9
34
9
91
9
50
9
50
13
85
9
11
9
70
9
12
9
50
10
82
9
33
9
99
12
24
9
26
9
62
9
13
9
91
9
99
9
34
11
23
9
32
9
51
9
14
9
34
9
91
9
73
9
44
9
64
12
54
10
82
9
14
9
90
12
24
13
25
11
83
9
44
11
83
14
56
9
72
9
51
9
13
9
72
9
42
9
73
9
20
13
25
10
22
0
80
9
99
9
96
10
22
9
94
9
94
9
14
2
49
9
20
9
44
9
20
9
34
9
72
9
62
9
94
13
25
10
22
9
72
9
13
9
92
14
26
9
44
9
99
9
73
9
12
10
82
11
83
9
72
9
13
13
85
9
93
9
33
9
94
10
82
9
3
9
62
9
87
0
30
10
22
11
53
9
94
9
62
9
70
9
74
14
86
9
13
9
33
9
10
9
44
9
12
9
94
9
44
9
71
11
23
9
33
9
62
9
92
9
99
9
20
9
34
9
30
11
53
11
53
9
43
12
54
14
86
9
74
9
64
9
30
0
40
9
64
9
73
10
22
11
83
9
81
9
58
9
62
9
40
9
12
0
10
14
56
9
64
9
99
9
44
13
25
9
34
9
92
9
44
11
53
9
34
9
32
9
61
9
93
10
82
14
26
10
82
10
22
9
43
9
99
1
79
9
68
9
13
9
91
14
26
9
34
9
13
9
43
1
69
0
50
9
94
9
71
9
12
11
83
9
33
0
63
9
94
2
10
9
81
10
22
9
40
9
99
9
94
9
41
9
33
9
32
9
94
9
94
9
43
11
53
9
32
9
94
9
34
9
12
9
34
9
42
9
41
9
34
9
44
9
41
9
44
9
10
10
22
9
31
2
29
11
83
9
93
11
83
10
52
1
69
9
44
0
20
12
54
9
72
0
89
13
85
9
94
9
33
9
81
9
92
0
0
9
93
9
32
9
20
10
52
9
64
9
33
12
54
9
99
9
42
9
71
9
61
9
93
9
99
9
32
9
99
12
24
12
24
9
33
13
85
9
14
9
47
13
85
10
22
9
64
9
12
9
13
9
44
9
74
9
43
11
53
9
81
9
43
4
49
9
80
9
92
14
86
3
49
9
11
9
80
3
19
12
24
9
78
10
82
9
31
1
99
9
99
10
52
11
53
9
93
4
46
9
20
11
83
9
64
10
22
9
32
9
78
9
14
9
99
9
18
14
56
9
44
9
81
13
25
9
74
9
70
14
26
0
60
9
14
12
54
10
22
9
50
10
82
9
62
10
22
9
90
9
93
9
32
11
23
9
99
9
43
9
34
9
74
9
14
10
52
9
74
9
94
9
34
9
44
9
92
9
99
9
44
9
2
13
55
9
14
9
16
2
29
9
31
9
20
9
31
9
70
9
99
13
55
9
64
13
85
9
94
9
99
9
31
9
30
9
88
9
43
9
73
14
86
13
25
13
85
0
30
9
92
1
83
9
99
9
72
14
56
9
14
9
72
9
14
9
73
9
43
3
29
9
63
13
55
12
24
9
43
11
53
1
39
13
55
9
61
9
44
14
81
12
54
9
74
1
89
11
83
9
94
11
83
9
44
9
13
9
98
12
84
9
64
9
71
9
43
9
70
9
60
14
26
9
63
9
93
9
74
9
14
9
94
13
85
9
80
9
64
9
60
9
99
9
81
10
22
9
93
11
53
14
22
9
42
9
32
9
99
9
12
11
23
9
34
13
25
10
22
9
99
9
10
9
99
10
22
9
91
9
42
9
34
9
12
2
29
9
34
12
24
9
81
9
31
9
44
9
51
9
16
9
99
9
21
9
50
9
33
9
91
9
99
9
70
9
73
9
99
9
99
10
82
9
92
9
62
11
22
9
14
9
43
9
99
9
73
9
71
9
21
9
94
9
99
9
3
11
83
9
94
12
24
9
99
9
94
9
72
13
55
10
22
9
21
14
26
9
94
9
71
11
83
9
70
9
63
9
14
9
74
9
92
9
30
13
85
9
93
9
94
14
56
9
60
9
80
9
12
9
99
9
80
9
93
11
83
9
80
9
41
9
30
10
82
10
82
9
44
10
82
9
32
9
99
1
49
9
1
9
7
9
99
9
64
9
42
9
73
9
12
9
99
9
13
9
31
9
91
9
62
9
32
9
44
3
99
14
56
10
52
9
91
9
62
10
82
9
64
9
11
9
10
9
43
0
10
14
56
9
99
9
92
9
92
0
24
9
71
9
99
11
83
9
14
9
33
9
40
9
73
9
50
14
86
11
83
12
24
12
24
9
33
9
13
9
44
9
99
9
30
9
20
13
25
11
53
9
99
9
70
12
24
9
12
9
62
9
43
9
72
9
44
9
42
9
14
9
61
9
34
9
63
10
52
9
41
9
94
9
50
9
32
9
41
9
99
9
44
9
34
10
82
9
43
14
26
9
40
9
44
13
55
9
13
9
62
9
11
11
83
9
12
0
60
9
99
9
44
11
53
9
74
9
72
9
64
9
14
12
24
12
84
9
51
2
89
9
73
9
42
0
10
9
10
9
63
11
53
4
0
9
42
10
22
9
32
9
73
11
83
9
12
10
82
9
78
9
73
9
62
9
94
9
44
9
64
9
50
9
7
9
99
9
20
9
81
1
50
9
99
9
34
9
63
9
13
9
14
9
99
10
82
11
83
9
34
9
94
9
91
11
23
9
33
9
99
9
74
12
54
9
34
9
72
9
93
9
74
9
74
9
13
9
62
9
72
9
14
9
93
