9
31
9
91
9
29
9
89
9
79
9
72
9
91
9
49
9
32
9
13
9
89
11
53
9
91
8
20
10
22
9
89
9
62
8
40
8
30
8
70
9
21
9
79
9
70
9
12
9
29
9
30
9
21
9
72
12
24
9
31
9
20
11
23
9
41
11
82
9
43
9
32
0
20
0
60
9
31
9
99
9
11
9
9
9
69
9
92
11
23
11
83
9
79
9
99
8
30
8
40
9
80
9
70
9
81
9
99
8
90
0
10
9
12
8
70
9
38
12
24
8
50
10
52
9
60
9
41
9
51
8
95
8
99
9
60
8
40
9
12
9
61
9
42
8
30
9
13
9
73
9
71
9
92
9
62
9
12
8
70
10
82
8
20
8
50
9
28
9
30
9
11
10
52
9
81
8
30
9
9
9
10
9
32
8
50
9
33
9
60
10
22
9
11
9
73
9
69
9
70
12
82
8
19
10
52
8
60
11
23
9
60
9
40
9
18
9
99
8
70
8
50
8
50
9
41
9
99
8
32
9
74
9
64
11
53
9
13
9
99
8
30
9
99
8
80
9
92
9
72
10
52
8
29
10
22
12
54
9
93
9
41
8
40
10
82
9
99
8
80
11
53
9
49
9
12
11
53
9
36
9
59
9
99
9
70
9
44
9
31
9
91
8
10
9
70
9
99
8
70
10
22
9
31
9
13
8
10
9
20
9
63
8
30
9
81
9
12
10
22
8
58
9
33
9
61
9
50
9
29
9
21
9
79
8
60
9
48
9
51
9
10
9
38
0
60
11
23
9
10
9
38
9
31
9
89
9
21
8
90
9
99
9
19
9
62
9
42
0
20
9
34
9
99
9
21
11
83
8
30
9
99
8
20
9
58
0
20
9
31
8
29
9
50
9
73
9
49
9
72
9
68
9
13
9
43
9
11
9
86
9
12
9
94
9
91
9
71
9
31
9
89
8
30
8
60
9
62
11
21
9
50
9
94
9
41
9
28
9
29
9
13
9
69
9
61
9
71
8
70
10
52
9
99
10
22
9
99
9
14
0
60
8
30
9
61
9
40
10
82
9
33
10
22
9
93
9
71
10
82
9
51
9
11
9
31
10
52
9
11
9
14
9
42
9
51
9
99
11
83
9
12
9
20
9
13
9
8
8
19
9
11
10
82
9
72
0
50
9
50
9
91
9
92
9
63
9
99
0
90
9
64
10
52
9
33
9
51
11
53
9
71
9
99
8
99
9
33
8
60
8
50
10
22
9
99
8
50
9
40
9
81
9
99
9
99
8
99
9
11
9
93
8
60
9
20
10
52
10
82
9
29
8
70
9
99
9
92
8
49
12
54
11
23
9
51
9
41
9
93
9
10
8
88
9
99
9
8
0
90
8
79
8
60
9
48
12
84
9
59
8
39
9
12
9
11
9
42
9
42
9
30
9
89
8
5
9
20
8
88
11
23
9
64
9
43
8
20
9
43
9
99
8
20
8
49
8
99
9
91
9
64
9
31
9
11
9
42
9
91
3
89
9
62
10
82
8
50
9
40
10
22
12
52
9
34
9
41
8
90
9
71
8
60
1
36
9
26
9
41
9
63
9
13
9
71
9
99
10
82
8
20
8
88
9
72
9
41
9
91
9
33
9
43
9
99
11
53
9
31
8
60
9
74
8
20
10
22
9
63
8
10
9
11
9
34
2
79
9
81
8
30
8
99
0
40
9
68
8
48
0
36
9
91
11
53
9
42
9
69
8
70
9
61
10
82
9
48
9
41
9
90
8
88
9
34
9
89
8
48
9
48
11
83
8
9
9
68
8
10
9
48
8
80
9
31
9
99
10
22
8
26
8
60
9
11
9
89
9
99
9
32
9
21
8
30
9
49
9
13
9
33
9
89
9
71
9
42
9
62
10
52
8
80
9
13
9
88
10
22
11
23
9
81
9
43
9
81
12
54
8
70
8
49
9
11
9
70
8
40
9
71
9
18
11
23
8
20
0
80
9
99
8
96
8
20
9
94
9
92
9
12
2
49
8
18
9
44
9
18
9
34
8
70
8
60
9
92
11
23
9
20
8
70
9
11
8
90
12
24
9
44
8
99
9
71
8
10
8
80
9
81
9
70
9
11
11
83
9
91
9
31
9
94
9
80
8
3
9
60
9
87
0
30
9
20
9
51
9
92
9
60
9
68
9
72
12
84
9
11
9
31
9
8
9
42
8
10
9
94
9
43
9
69
9
21
9
31
8
60
9
90
9
99
9
18
9
32
9
28
9
51
9
51
9
41
10
52
12
84
9
72
9
62
8
28
0
40
9
63
9
73
8
20
9
81
9
79
9
58
8
60
8
38
8
10
0
10
12
54
9
62
9
99
9
42
11
23
9
33
9
90
9
44
9
51
9
32
9
30
9
59
9
91
8
80
12
24
8
80
9
20
9
41
9
99
1
79
9
68
9
11
9
89
12
24
9
32
9
11
9
41
1
69
0
50
9
93
9
69
9
10
9
81
9
31
0
63
9
93
2
10
9
79
9
20
9
38
8
99
9
93
9
39
9
31
9
30
9
92
9
94
9
41
9
51
9
30
9
93
9
32
8
10
9
34
9
40
9
39
9
32
9
44
9
39
9
44
8
8
8
20
9
29
2
29
9
81
9
91
9
81
8
50
1
69
9
42
0
20
10
52
9
70
0
89
11
83
9
92
9
33
9
79
9
90
0
0
9
91
9
30
9
18
8
50
9
64
9
31
10
52
9
99
9
40
9
69
9
59
9
91
9
99
9
30
9
99
10
22
10
22
9
33
11
83
9
13
8
47
11
83
8
23
9
63
8
10
9
11
9
44
9
72
9
41
9
51
9
79
9
41
4
49
9
78
9
92
12
84
3
49
8
9
8
78
3
19
10
22
9
78
9
80
9
29
1
99
8
99
8
50
9
51
9
91
4
46
8
18
9
81
9
63
9
20
8
30
9
78
9
12
9
98
8
18
12
54
9
43
9
79
11
23
9
74
8
68
12
24
0
60
9
14
10
52
9
20
9
48
8
80
8
60
9
20
9
88
9
91
9
30
9
21
9
98
9
41
9
32
9
72
9
12
8
50
9
74
9
92
9
33
9
43
8
90
9
99
9
44
9
2
11
53
9
14
8
16
2
29
8
31
9
18
9
29
8
68
9
99
11
53
9
62
11
83
9
93
9
98
9
29
9
28
8
88
9
41
9
71
12
84
11
23
11
83
0
30
8
90
1
83
9
99
8
70
12
54
9
12
8
70
9
12
9
71
9
41
3
29
9
61
11
53
10
22
9
41
9
51
1
39
11
53
8
59
9
43
12
81
10
52
9
73
1
89
9
81
9
92
9
81
9
42
9
11
9
98
10
82
9
62
9
69
9
41
9
68
9
58
12
24
9
61
9
91
9
72
9
13
9
92
11
83
9
78
9
63
9
58
9
99
8
79
9
20
9
91
9
51
12
22
9
40
8
30
8
99
8
10
9
21
9
34
11
23
8
20
9
98
9
8
9
99
9
20
9
89
9
40
9
34
9
10
2
29
9
32
10
22
9
79
9
29
9
42
9
49
9
16
8
99
9
19
9
48
9
31
9
91
9
99
8
68
9
71
9
99
9
99
8
80
8
90
9
60
9
22
9
12
9
41
9
98
9
71
9
69
9
19
9
93
9
98
9
3
9
81
9
93
10
22
9
98
9
93
8
70
11
53
8
20
9
19
12
24
9
93
8
69
9
81
9
68
9
61
9
12
9
73
9
90
9
28
11
83
9
91
9
92
12
54
8
58
9
78
8
10
9
99
8
78
9
91
9
81
8
78
9
39
9
28
8
80
8
80
9
44
9
80
8
30
9
99
1
49
9
1
9
7
9
99
9
63
9
40
9
71
9
10
9
99
9
11
9
29
9
89
9
60
8
30
9
42
3
99
12
54
8
50
8
89
8
60
9
80
9
62
9
9
8
8
9
41
0
10
12
54
9
99
8
90
8
90
0
24
9
69
9
99
9
81
9
12
9
31
9
38
9
71
9
48
12
84
9
81
10
22
10
22
9
31
9
11
9
43
9
99
8
28
9
18
11
23
9
51
9
99
9
68
10
22
9
10
9
60
9
41
8
70
9
42
8
40
9
12
8
59
9
32
9
61
9
50
9
39
9
93
9
48
9
30
9
39
9
99
9
42
9
32
8
80
9
41
12
24
9
38
9
42
11
53
9
11
9
60
9
9
9
81
8
10
0
60
9
98
9
44
9
51
9
74
9
70
9
62
9
13
10
22
10
82
9
49
2
89
9
71
9
40
0
10
9
8
9
61
9
51
4
0
8
40
8
20
8
30
9
71
9
81
9
12
9
80
9
78
9
71
8
60
9
93
9
43
9
63
9
48
9
7
9
99
9
18
9
79
1
50
8
99
9
32
9
61
9
11
9
12
9
99
8
80
9
81
9
33
9
93
9
89
9
21
9
31
9
99
9
72
10
52
9
33
9
70
9
91
9
73
9
73
9
11
9
60
8
70
9
13
9
91
