9
34
9
94
9
34
9
94
13
85
9
74
9
94
13
55
9
34
9
14
9
94
17
59
9
94
14
26
16
28
9
94
9
64
9
44
9
34
9
74
15
27
13
85
9
74
9
14
9
34
9
34
15
27
9
74
18
30
9
34
14
26
17
29
9
44
17
82
9
44
9
34
0
20
0
60
9
34
9
99
9
14
9
14
9
74
9
94
17
29
17
89
13
85
9
99
9
34
9
44
14
86
9
74
15
87
9
99
9
94
0
10
9
14
9
74
9
44
18
30
14
56
16
58
9
64
9
44
15
57
8
95
9
99
9
64
9
44
9
14
9
64
9
44
9
34
9
14
9
74
9
74
9
94
9
64
9
14
9
74
16
88
14
26
14
56
9
34
9
34
9
14
16
58
15
87
9
34
9
14
9
14
9
34
14
56
9
34
9
64
16
28
9
14
9
74
9
74
9
74
18
82
13
25
16
58
9
64
17
29
9
64
9
44
12
24
9
99
9
74
14
56
14
56
9
44
9
99
9
32
9
74
9
64
17
59
9
14
9
99
9
34
9
99
14
86
9
94
9
74
16
58
9
34
16
28
18
60
9
94
9
44
9
44
16
88
9
99
14
86
17
59
13
55
9
14
17
59
9
36
9
64
9
99
9
74
9
44
9
34
9
94
9
14
9
74
9
99
9
74
16
28
9
34
9
14
9
14
14
26
9
64
9
34
15
87
9
14
16
28
9
64
9
34
9
64
14
56
9
34
15
27
13
85
9
64
12
54
15
57
9
14
9
44
0
60
17
29
9
14
9
44
9
34
9
94
15
27
9
94
9
99
13
25
9
64
9
44
0
20
9
34
9
99
15
27
17
89
9
34
9
99
14
26
9
64
0
20
9
34
9
34
14
56
9
74
13
55
9
74
9
74
9
14
9
44
9
14
9
86
9
14
9
94
9
94
9
74
9
34
9
94
9
34
9
64
9
64
17
21
14
56
9
94
9
44
9
34
9
34
9
14
9
74
9
64
9
74
9
74
16
58
9
99
16
28
9
99
9
14
0
60
9
34
9
64
9
44
16
88
9
34
16
28
9
94
9
74
16
88
15
57
9
14
9
34
16
58
9
14
9
14
9
44
15
57
9
99
17
89
9
14
14
26
9
14
9
8
13
25
9
14
16
88
9
74
0
50
14
56
9
94
9
94
9
64
9
99
0
90
9
64
16
58
9
34
15
57
17
59
9
74
9
99
9
99
9
34
9
64
14
56
16
28
9
99
14
56
9
44
15
87
9
99
9
99
9
99
9
14
9
94
9
64
14
26
16
58
16
88
9
34
9
74
9
99
9
94
13
55
18
60
17
29
15
57
9
44
9
94
9
14
9
94
9
99
9
14
0
90
13
85
9
64
12
54
18
90
9
64
9
44
9
14
9
14
9
44
9
44
9
34
9
94
8
5
14
26
9
94
17
29
9
64
9
44
14
26
9
44
9
99
14
26
13
55
9
99
9
94
9
64
9
34
9
14
9
44
9
94
3
89
9
64
16
88
14
56
9
44
16
28
18
52
9
34
9
44
9
94
9
74
9
64
1
36
9
26
9
41
9
64
9
14
9
74
9
99
16
88
14
26
9
94
9
74
9
44
9
94
9
34
9
44
9
99
17
59
9
34
9
64
9
74
14
26
16
28
9
64
9
14
9
14
9
34
2
79
15
87
9
34
9
99
0
40
9
74
12
54
0
36
9
94
17
59
9
44
9
74
9
74
9
64
16
88
12
54
9
44
9
94
9
94
9
34
9
94
12
54
12
54
17
89
9
14
9
74
9
14
12
54
14
86
9
34
9
99
16
28
9
26
9
64
9
14
9
94
9
99
9
34
15
27
9
34
13
55
9
14
9
34
9
94
9
74
9
44
9
64
16
58
14
86
9
14
9
94
16
28
17
29
15
87
9
44
15
87
18
60
9
74
13
55
9
14
9
74
9
44
9
74
12
24
17
29
14
26
0
80
9
99
9
96
14
26
9
94
9
94
9
14
2
49
12
24
9
44
12
24
9
34
9
74
9
64
9
94
17
29
14
26
9
74
9
14
9
94
18
30
9
44
9
99
9
74
9
14
14
86
15
87
9
74
9
14
17
89
9
94
9
34
9
94
14
86
9
3
9
64
9
87
0
30
14
26
15
57
9
94
9
64
9
74
9
74
18
90
9
14
9
34
9
14
9
44
9
14
9
94
9
44
9
74
15
27
9
34
9
64
9
94
9
99
12
24
9
34
9
34
15
57
15
57
9
44
16
58
18
90
9
74
9
64
9
34
0
40
9
64
9
73
14
26
15
87
13
85
9
58
9
64
9
44
9
14
0
10
18
60
9
64
9
99
9
44
17
29
9
34
9
94
9
44
15
57
9
34
9
34
9
64
9
94
14
86
18
30
14
86
14
26
9
44
9
99
1
79
9
68
9
14
9
94
18
30
9
34
9
14
9
44
1
69
0
50
9
94
9
74
9
14
15
87
9
34
0
63
9
94
2
10
13
85
14
26
9
44
9
99
9
94
9
44
9
34
9
34
9
94
9
94
9
44
15
57
9
34
9
94
9
34
9
14
9
34
9
44
9
44
9
34
9
44
9
44
9
44
9
14
14
26
9
34
2
29
15
87
9
94
15
87
14
56
1
69
9
44
0
20
16
58
9
74
0
89
17
89
9
94
9
33
13
85
9
94
0
0
9
94
9
34
12
24
14
56
9
64
9
34
16
58
9
99
9
44
9
74
9
64
9
94
9
99
9
34
9
99
16
28
16
28
9
33
17
89
9
14
9
47
17
89
14
22
9
64
9
14
9
14
9
44
9
74
9
44
15
57
13
85
9
44
4
49
12
84
9
92
18
90
3
49
9
14
12
84
3
19
16
28
9
78
14
86
9
34
1
99
9
99
14
56
15
57
9
94
4
46
12
24
15
87
9
64
14
26
9
34
9
78
9
14
9
99
9
18
18
60
9
44
13
85
17
29
9
74
9
74
18
30
0
60
9
14
16
58
14
26
12
54
14
86
9
64
14
26
9
94
9
94
9
34
15
27
9
99
9
44
9
34
9
74
9
14
14
56
9
74
9
94
9
34
9
44
9
94
9
99
9
44
9
2
17
59
9
14
9
16
2
29
9
31
12
24
9
34
9
74
9
99
17
59
9
64
17
89
9
94
9
99
9
34
9
34
9
88
9
44
9
74
18
90
17
29
17
89
0
30
9
94
1
83
9
99
9
74
18
60
9
14
9
74
9
14
9
74
9
44
3
29
9
64
17
59
16
28
9
44
15
57
1
39
17
59
9
64
9
44
18
81
16
58
9
74
1
89
15
87
9
94
15
87
9
44
9
14
9
98
16
88
9
64
9
74
9
44
9
74
9
64
18
30
9
64
9
94
9
74
9
14
9
94
17
89
12
84
9
64
9
64
9
99
13
85
14
26
9
94
15
57
18
22
9
44
9
34
9
99
9
14
15
27
9
34
17
29
14
26
9
99
9
14
9
99
14
26
9
94
9
44
9
34
9
14
2
29
9
34
16
28
13
85
9
34
9
44
13
55
9
16
9
99
13
25
12
54
9
34
9
91
9
99
9
74
9
74
9
99
9
99
14
86
9
94
9
64
15
22
9
14
9
44
9
99
9
74
9
74
13
25
9
94
9
99
9
3
15
87
9
94
16
28
9
99
9
94
9
74
17
59
14
26
13
25
18
30
9
94
9
74
15
87
9
74
9
64
9
14
9
74
9
94
9
34
17
89
9
94
9
94
18
60
9
64
12
84
9
14
9
99
12
84
9
94
15
87
12
84
9
44
9
34
14
86
14
86
9
44
14
86
9
34
9
99
1
49
9
1
9
7
9
99
9
64
9
44
9
74
9
14
9
99
9
14
9
34
9
94
9
64
9
34
9
44
3
99
18
60
14
56
9
94
9
64
14
86
9
64
9
14
9
14
9
44
0
10
18
60
9
99
9
94
9
94
0
24
9
74
9
99
15
87
9
14
9
34
9
44
9
74
12
54
18
90
15
87
16
28
16
28
9
34
9
14
9
44
9
99
9
34
12
24
17
29
15
57
9
99
9
74
16
28
9
14
9
64
9
44
9
74
9
44
9
44
9
14
9
64
9
34
9
64
14
56
9
44
9
94
12
54
9
34
9
44
9
99
9
44
9
34
14
86
9
44
18
30
9
44
9
44
17
59
9
14
9
64
9
14
15
87
9
14
0
60
9
99
9
44
15
57
9
74
9
74
9
64
9
14
16
28
16
88
13
55
2
89
9
74
9
44
0
10
9
14
9
64
15
57
4
0
9
44
14
26
9
34
9
74
15
87
9
12
14
86
9
78
9
74
9
64
9
94
9
44
9
64
12
54
9
7
9
99
12
24
13
85
1
50
9
99
9
34
9
64
9
14
9
14
9
99
14
86
15
87
9
34
9
94
9
94
15
27
9
34
9
99
9
74
16
58
9
34
9
74
9
94
9
74
9
74
9
14
9
64
9
74
9
14
9
94
