9
34
9
94
9
34
9
94
19
92
9
74
9
94
19
62
9
34
9
14
9
94
19
64
9
94
19
33
19
34
9
94
9
64
9
44
9
34
9
74
19
34
19
92
9
74
9
14
9
34
9
34
19
34
9
74
19
34
9
34
19
33
19
34
9
44
19
82
9
44
9
34
0
20
0
60
9
34
9
99
9
14
9
14
9
74
9
94
19
34
19
94
19
92
9
99
9
34
9
44
19
93
9
74
19
94
9
99
9
94
0
10
9
14
9
74
9
44
19
34
19
63
19
64
9
64
9
44
19
64
8
95
9
99
9
64
9
44
9
14
9
64
9
44
9
34
9
14
9
74
9
74
9
94
9
64
9
14
9
74
19
94
19
33
19
63
9
34
9
34
9
14
19
64
19
94
9
34
9
14
9
14
9
34
19
63
9
34
9
64
19
34
9
14
9
74
9
74
9
74
19
82
19
32
19
64
9
64
19
34
9
64
9
44
19
31
9
99
9
74
19
63
19
63
9
44
9
99
9
32
9
74
9
64
19
64
9
14
9
99
9
34
9
99
19
93
9
94
9
74
19
64
9
34
19
34
19
64
9
94
9
44
9
44
19
94
9
99
19
93
19
64
19
62
9
14
19
64
9
36
9
64
9
99
9
74
9
44
9
34
9
94
9
14
9
74
9
99
9
74
19
34
9
34
9
14
9
14
19
33
9
64
9
34
19
94
9
14
19
34
9
64
9
34
9
64
19
63
9
34
19
34
19
92
9
64
19
61
19
64
9
14
9
44
0
60
19
34
9
14
9
44
9
34
9
94
19
34
9
94
9
99
19
32
9
64
9
44
0
20
9
34
9
99
19
34
19
94
9
34
9
99
19
33
9
64
0
20
9
34
9
34
19
63
9
74
19
62
9
74
9
74
9
14
9
44
9
14
9
86
9
14
9
94
9
94
9
74
9
34
9
94
9
34
9
64
9
64
19
21
19
63
9
94
9
44
9
34
9
34
9
14
9
74
9
64
9
74
9
74
19
64
9
99
19
34
9
99
9
14
0
60
9
34
9
64
9
44
19
94
9
34
19
34
9
94
9
74
19
94
19
64
9
14
9
34
19
64
9
14
9
14
9
44
19
64
9
99
19
94
9
14
19
33
9
14
9
8
19
32
9
14
19
94
9
74
0
50
19
63
9
94
9
94
9
64
9
99
0
90
9
64
19
64
9
34
19
64
19
64
9
74
9
99
9
99
9
34
9
64
19
63
19
34
9
99
19
63
9
44
19
94
9
99
9
99
9
99
9
14
9
94
9
64
19
33
19
64
19
94
9
34
9
74
9
99
9
94
19
62
19
64
19
34
19
64
9
44
9
94
9
14
9
94
9
99
9
14
0
90
19
92
9
64
19
61
19
94
9
64
9
44
9
14
9
14
9
44
9
44
9
34
9
94
8
5
19
33
9
94
19
34
9
64
9
44
19
33
9
44
9
99
19
33
19
62
9
99
9
94
9
64
9
34
9
14
9
44
9
94
3
89
9
64
19
94
19
63
9
44
19
34
19
52
9
34
9
44
9
94
9
74
9
64
1
36
9
26
9
41
9
64
9
14
9
74
9
99
19
94
19
33
9
94
9
74
9
44
9
94
9
34
9
44
9
99
19
64
9
34
9
64
9
74
19
33
19
34
9
64
9
14
9
14
9
34
2
79
19
94
9
34
9
99
0
40
9
74
19
61
0
36
9
94
19
64
9
44
9
74
9
74
9
64
19
94
19
61
9
44
9
94
9
94
9
34
9
94
19
61
19
61
19
94
9
14
9
74
9
14
19
61
19
93
9
34
9
99
19
34
9
26
9
64
9
14
9
94
9
99
9
34
19
34
9
34
19
62
9
14
9
34
9
94
9
74
9
44
9
64
19
64
19
93
9
14
9
94
19
34
19
34
19
94
9
44
19
94
19
64
9
74
19
62
9
14
9
74
9
44
9
74
19
31
19
34
19
33
0
80
9
99
9
96
19
33
9
94
9
94
9
14
2
49
19
31
9
44
19
31
9
34
9
74
9
64
9
94
19
34
19
33
9
74
9
14
9
94
19
34
9
44
9
99
9
74
9
14
19
93
19
94
9
74
9
14
19
94
9
94
9
34
9
94
19
93
9
3
9
64
9
87
0
30
19
33
19
64
9
94
9
64
9
74
9
74
19
94
9
14
9
34
9
14
9
44
9
14
9
94
9
44
9
74
19
34
9
34
9
64
9
94
9
99
19
31
9
34
9
34
19
64
19
64
9
44
19
64
19
94
9
74
9
64
9
34
0
40
9
64
9
73
19
33
19
94
19
92
9
58
9
64
9
44
9
14
0
10
19
64
9
64
9
99
9
44
19
34
9
34
9
94
9
44
19
64
9
34
9
34
9
64
9
94
19
93
19
34
19
93
19
33
9
44
9
99
1
79
9
68
9
14
9
94
19
34
9
34
9
14
9
44
1
69
0
50
9
94
9
74
9
14
19
94
9
34
0
63
9
94
2
10
19
92
19
33
9
44
9
99
9
94
9
44
9
34
9
34
9
94
9
94
9
44
19
64
9
34
9
94
9
34
9
14
9
34
9
44
9
44
9
34
9
44
9
44
9
44
9
14
19
33
9
34
2
29
19
94
9
94
19
94
19
63
1
69
9
44
0
20
19
64
9
74
0
89
19
94
9
94
9
33
19
92
9
94
0
0
9
94
9
34
19
31
19
63
9
64
9
34
19
64
9
99
9
44
9
74
9
64
9
94
9
99
9
34
9
99
19
34
19
34
9
33
19
94
9
14
9
47
19
94
19
22
9
64
9
14
9
14
9
44
9
74
9
44
19
64
19
92
9
44
4
49
19
91
9
92
19
94
3
49
9
14
19
91
3
19
19
34
9
78
19
93
9
34
1
99
9
99
19
63
19
64
9
94
4
46
19
31
19
94
9
64
19
33
9
34
9
78
9
14
9
99
9
18
19
64
9
44
19
92
19
34
9
74
9
74
19
34
0
60
9
14
19
64
19
33
19
61
19
93
9
64
19
33
9
94
9
94
9
34
19
34
9
99
9
44
9
34
9
74
9
14
19
63
9
74
9
94
9
34
9
44
9
94
9
99
9
44
9
2
19
64
9
14
9
16
2
29
9
31
19
31
9
34
9
74
9
99
19
64
9
64
19
94
9
94
9
99
9
34
9
34
9
88
9
44
9
74
19
94
19
34
19
94
0
30
9
94
1
83
9
99
9
74
19
64
9
14
9
74
9
14
9
74
9
44
3
29
9
64
19
64
19
34
9
44
19
64
1
39
19
64
9
64
9
44
19
81
19
64
9
74
1
89
19
94
9
94
19
94
9
44
9
14
9
98
19
94
9
64
9
74
9
44
9
74
9
64
19
34
9
64
9
94
9
74
9
14
9
94
19
94
19
91
9
64
9
64
9
99
19
92
19
33
9
94
19
64
19
22
9
44
9
34
9
99
9
14
19
34
9
34
19
34
19
33
9
99
9
14
9
99
19
33
9
94
9
44
9
34
9
14
2
29
9
34
19
34
19
92
9
34
9
44
19
62
9
16
9
99
19
32
19
61
9
34
9
91
9
99
9
74
9
74
9
99
9
99
19
93
9
94
9
64
19
22
9
14
9
44
9
99
9
74
9
74
19
32
9
94
9
99
9
3
19
94
9
94
19
34
9
99
9
94
9
74
19
64
19
33
19
32
19
34
9
94
9
74
19
94
9
74
9
64
9
14
9
74
9
94
9
34
19
94
9
94
9
94
19
64
9
64
19
91
9
14
9
99
19
91
9
94
19
94
19
91
9
44
9
34
19
93
19
93
9
44
19
93
9
34
9
99
1
49
9
1
9
7
9
99
9
64
9
44
9
74
9
14
9
99
9
14
9
34
9
94
9
64
9
34
9
44
3
99
19
64
19
63
9
94
9
64
19
93
9
64
9
14
9
14
9
44
0
10
19
64
9
99
9
94
9
94
0
24
9
74
9
99
19
94
9
14
9
34
9
44
9
74
19
61
19
94
19
94
19
34
19
34
9
34
9
14
9
44
9
99
9
34
19
31
19
34
19
64
9
99
9
74
19
34
9
14
9
64
9
44
9
74
9
44
9
44
9
14
9
64
9
34
9
64
19
63
9
44
9
94
19
61
9
34
9
44
9
99
9
44
9
34
19
93
9
44
19
34
9
44
9
44
19
64
9
14
9
64
9
14
19
94
9
14
0
60
9
99
9
44
19
64
9
74
9
74
9
64
9
14
19
34
19
94
19
62
2
89
9
74
9
44
0
10
9
14
9
64
19
64
4
0
9
44
19
33
9
34
9
74
19
94
9
12
19
93
9
78
9
74
9
64
9
94
9
44
9
64
19
61
9
7
9
99
19
31
19
92
1
50
9
99
9
34
9
64
9
14
9
14
9
99
19
93
19
94
9
34
9
94
9
94
19
34
9
34
9
99
9
74
19
64
9
34
9
74
9
94
9
74
9
74
9
14
9
64
9
74
9
14
9
94
