9
34
9
94
9
34
9
94
16
88
9
74
9
94
16
58
9
34
9
14
9
94
19
62
9
94
17
29
19
31
9
94
9
64
9
44
9
34
9
74
18
30
16
88
9
74
9
14
9
34
9
34
18
30
9
74
19
33
9
34
17
29
19
32
9
44
19
82
9
44
9
34
0
20
0
60
9
34
9
99
9
14
9
14
9
74
9
94
19
32
19
92
16
88
9
99
9
34
9
44
17
89
9
74
18
90
9
99
9
94
0
10
9
14
9
74
9
44
19
33
17
59
19
61
9
64
9
44
18
60
8
95
9
99
9
64
9
44
9
14
9
64
9
44
9
34
9
14
9
74
9
74
9
94
9
64
9
14
9
74
19
91
17
29
17
59
9
34
9
34
9
14
19
61
18
90
9
34
9
14
9
14
9
34
17
59
9
34
9
64
19
31
9
14
9
74
9
74
9
74
19
82
16
28
19
61
9
64
19
32
9
64
9
44
15
27
9
99
9
74
17
59
17
59
9
44
9
99
9
32
9
74
9
64
19
62
9
14
9
99
9
34
9
99
17
89
9
94
9
74
19
61
9
34
19
31
19
63
9
94
9
44
9
44
19
91
9
99
17
89
19
62
16
58
9
14
19
62
9
36
9
64
9
99
9
74
9
44
9
34
9
94
9
14
9
74
9
99
9
74
19
31
9
34
9
14
9
14
17
29
9
64
9
34
18
90
9
14
19
31
9
64
9
34
9
64
17
59
9
34
18
30
16
88
9
64
15
57
18
60
9
14
9
44
0
60
19
32
9
14
9
44
9
34
9
94
18
30
9
94
9
99
16
28
9
64
9
44
0
20
9
34
9
99
18
30
19
92
9
34
9
99
17
29
9
64
0
20
9
34
9
34
17
59
9
74
16
58
9
74
9
74
9
14
9
44
9
14
9
86
9
14
9
94
9
94
9
74
9
34
9
94
9
34
9
64
9
64
19
21
17
59
9
94
9
44
9
34
9
34
9
14
9
74
9
64
9
74
9
74
19
61
9
99
19
31
9
99
9
14
0
60
9
34
9
64
9
44
19
91
9
34
19
31
9
94
9
74
19
91
18
60
9
14
9
34
19
61
9
14
9
14
9
44
18
60
9
99
19
92
9
14
17
29
9
14
9
8
16
28
9
14
19
91
9
74
0
50
17
59
9
94
9
94
9
64
9
99
0
90
9
64
19
61
9
34
18
60
19
62
9
74
9
99
9
99
9
34
9
64
17
59
19
31
9
99
17
59
9
44
18
90
9
99
9
99
9
99
9
14
9
94
9
64
17
29
19
61
19
91
9
34
9
74
9
99
9
94
16
58
19
63
19
32
18
60
9
44
9
94
9
14
9
94
9
99
9
14
0
90
16
88
9
64
15
57
19
93
9
64
9
44
9
14
9
14
9
44
9
44
9
34
9
94
8
5
17
29
9
94
19
32
9
64
9
44
17
29
9
44
9
99
17
29
16
58
9
99
9
94
9
64
9
34
9
14
9
44
9
94
3
89
9
64
19
91
17
59
9
44
19
31
19
52
9
34
9
44
9
94
9
74
9
64
1
36
9
26
9
41
9
64
9
14
9
74
9
99
19
91
17
29
9
94
9
74
9
44
9
94
9
34
9
44
9
99
19
62
9
34
9
64
9
74
17
29
19
31
9
64
9
14
9
14
9
34
2
79
18
90
9
34
9
99
0
40
9
74
15
57
0
36
9
94
19
62
9
44
9
74
9
74
9
64
19
91
15
57
9
44
9
94
9
94
9
34
9
94
15
57
15
57
19
92
9
14
9
74
9
14
15
57
17
89
9
34
9
99
19
31
9
26
9
64
9
14
9
94
9
99
9
34
18
30
9
34
16
58
9
14
9
34
9
94
9
74
9
44
9
64
19
61
17
89
9
14
9
94
19
31
19
32
18
90
9
44
18
90
19
63
9
74
16
58
9
14
9
74
9
44
9
74
15
27
19
32
17
29
0
80
9
99
9
96
17
29
9
94
9
94
9
14
2
49
15
27
9
44
15
27
9
34
9
74
9
64
9
94
19
32
17
29
9
74
9
14
9
94
19
33
9
44
9
99
9
74
9
14
17
89
18
90
9
74
9
14
19
92
9
94
9
34
9
94
17
89
9
3
9
64
9
87
0
30
17
29
18
60
9
94
9
64
9
74
9
74
19
93
9
14
9
34
9
14
9
44
9
14
9
94
9
44
9
74
18
30
9
34
9
64
9
94
9
99
15
27
9
34
9
34
18
60
18
60
9
44
19
61
19
93
9
74
9
64
9
34
0
40
9
64
9
73
17
29
18
90
16
88
9
58
9
64
9
44
9
14
0
10
19
63
9
64
9
99
9
44
19
32
9
34
9
94
9
44
18
60
9
34
9
34
9
64
9
94
17
89
19
33
17
89
17
29
9
44
9
99
1
79
9
68
9
14
9
94
19
33
9
34
9
14
9
44
1
69
0
50
9
94
9
74
9
14
18
90
9
34
0
63
9
94
2
10
16
88
17
29
9
44
9
99
9
94
9
44
9
34
9
34
9
94
9
94
9
44
18
60
9
34
9
94
9
34
9
14
9
34
9
44
9
44
9
34
9
44
9
44
9
44
9
14
17
29
9
34
2
29
18
90
9
94
18
90
17
59
1
69
9
44
0
20
19
61
9
74
0
89
19
92
9
94
9
33
16
88
9
94
0
0
9
94
9
34
15
27
17
59
9
64
9
34
19
61
9
99
9
44
9
74
9
64
9
94
9
99
9
34
9
99
19
31
19
31
9
33
19
92
9
14
9
47
19
92
17
22
9
64
9
14
9
14
9
44
9
74
9
44
18
60
16
88
9
44
4
49
15
87
9
92
19
93
3
49
9
14
15
87
3
19
19
31
9
78
17
89
9
34
1
99
9
99
17
59
18
60
9
94
4
46
15
27
18
90
9
64
17
29
9
34
9
78
9
14
9
99
9
18
19
63
9
44
16
88
19
32
9
74
9
74
19
33
0
60
9
14
19
61
17
29
15
57
17
89
9
64
17
29
9
94
9
94
9
34
18
30
9
99
9
44
9
34
9
74
9
14
17
59
9
74
9
94
9
34
9
44
9
94
9
99
9
44
9
2
19
62
9
14
9
16
2
29
9
31
15
27
9
34
9
74
9
99
19
62
9
64
19
92
9
94
9
99
9
34
9
34
9
88
9
44
9
74
19
93
19
32
19
92
0
30
9
94
1
83
9
99
9
74
19
63
9
14
9
74
9
14
9
74
9
44
3
29
9
64
19
62
19
31
9
44
18
60
1
39
19
62
9
64
9
44
19
81
19
61
9
74
1
89
18
90
9
94
18
90
9
44
9
14
9
98
19
91
9
64
9
74
9
44
9
74
9
64
19
33
9
64
9
94
9
74
9
14
9
94
19
92
15
87
9
64
9
64
9
99
16
88
17
29
9
94
18
60
19
22
9
44
9
34
9
99
9
14
18
30
9
34
19
32
17
29
9
99
9
14
9
99
17
29
9
94
9
44
9
34
9
14
2
29
9
34
19
31
16
88
9
34
9
44
16
58
9
16
9
99
16
28
15
57
9
34
9
91
9
99
9
74
9
74
9
99
9
99
17
89
9
94
9
64
18
22
9
14
9
44
9
99
9
74
9
74
16
28
9
94
9
99
9
3
18
90
9
94
19
31
9
99
9
94
9
74
19
62
17
29
16
28
19
33
9
94
9
74
18
90
9
74
9
64
9
14
9
74
9
94
9
34
19
92
9
94
9
94
19
63
9
64
15
87
9
14
9
99
15
87
9
94
18
90
15
87
9
44
9
34
17
89
17
89
9
44
17
89
9
34
9
99
1
49
9
1
9
7
9
99
9
64
9
44
9
74
9
14
9
99
9
14
9
34
9
94
9
64
9
34
9
44
3
99
19
63
17
59
9
94
9
64
17
89
9
64
9
14
9
14
9
44
0
10
19
63
9
99
9
94
9
94
0
24
9
74
9
99
18
90
9
14
9
34
9
44
9
74
15
57
19
93
18
90
19
31
19
31
9
34
9
14
9
44
9
99
9
34
15
27
19
32
18
60
9
99
9
74
19
31
9
14
9
64
9
44
9
74
9
44
9
44
9
14
9
64
9
34
9
64
17
59
9
44
9
94
15
57
9
34
9
44
9
99
9
44
9
34
17
89
9
44
19
33
9
44
9
44
19
62
9
14
9
64
9
14
18
90
9
14
0
60
9
99
9
44
18
60
9
74
9
74
9
64
9
14
19
31
19
91
16
58
2
89
9
74
9
44
0
10
9
14
9
64
18
60
4
0
9
44
17
29
9
34
9
74
18
90
9
12
17
89
9
78
9
74
9
64
9
94
9
44
9
64
15
57
9
7
9
99
15
27
16
88
1
50
9
99
9
34
9
64
9
14
9
14
9
99
17
89
18
90
9
34
9
94
9
94
18
30
9
34
9
99
9
74
19
61
9
34
9
74
9
94
9
74
9
74
9
14
9
64
9
74
9
14
9
94
