9
34
9
94
9
33
9
93
11
83
9
74
9
94
11
53
9
34
9
14
9
93
15
57
9
94
12
24
14
26
9
93
9
64
9
44
9
34
9
74
13
25
11
83
9
74
9
14
9
33
9
34
13
25
9
74
16
28
9
34
12
24
15
27
9
44
15
82
9
44
9
34
0
20
0
60
9
34
9
99
9
14
9
13
9
73
9
94
15
27
15
87
11
83
9
99
9
34
9
44
12
84
9
74
13
85
9
99
9
94
0
10
9
14
9
74
9
42
16
28
12
54
14
56
9
64
9
44
13
55
8
95
9
99
9
64
9
44
9
14
9
64
9
44
9
34
9
14
9
74
9
74
9
94
9
64
9
14
9
74
14
86
12
24
12
54
9
32
9
34
9
14
14
56
13
85
9
34
9
13
9
14
9
34
12
54
9
34
9
64
14
26
9
14
9
74
9
73
9
74
16
82
11
23
14
56
9
64
15
27
9
64
9
44
10
22
9
99
9
74
12
54
12
54
9
44
9
99
9
32
9
74
9
64
15
57
9
14
9
99
9
34
9
99
12
84
9
94
9
74
14
56
9
33
14
26
16
58
9
94
9
44
9
44
14
86
9
99
12
84
15
57
11
53
9
14
15
57
9
36
9
63
9
99
9
74
9
44
9
34
9
94
9
14
9
74
9
99
9
74
14
26
9
34
9
14
9
14
12
24
9
64
9
34
13
85
9
14
14
26
9
62
9
34
9
64
12
54
9
33
13
25
11
83
9
64
10
52
13
55
9
14
9
42
0
60
15
27
9
14
9
42
9
34
9
93
13
25
9
94
9
99
11
23
9
64
9
44
0
20
9
34
9
99
13
25
15
87
9
34
9
99
12
24
9
62
0
20
9
34
9
33
12
54
9
74
11
53
9
74
9
72
9
14
9
44
9
14
9
86
9
14
9
94
9
94
9
74
9
34
9
93
9
34
9
64
9
64
15
21
12
54
9
94
9
44
9
32
9
33
9
14
9
73
9
64
9
74
9
74
14
56
9
99
14
26
9
99
9
14
0
60
9
34
9
64
9
44
14
86
9
34
14
26
9
94
9
74
14
86
13
55
9
14
9
34
14
56
9
14
9
14
9
44
13
55
9
99
15
87
9
14
12
24
9
14
9
8
11
23
9
14
14
86
9
74
0
50
12
54
9
94
9
94
9
64
9
99
0
90
9
64
14
56
9
34
13
55
15
57
9
74
9
99
9
99
9
34
9
64
12
54
14
26
9
99
12
54
9
44
13
85
9
99
9
99
9
99
9
14
9
94
9
64
12
24
14
56
14
86
9
33
9
74
9
99
9
94
11
53
16
58
15
27
13
55
9
44
9
94
9
14
9
92
9
99
9
12
0
90
11
83
9
64
10
52
16
88
9
63
9
43
9
14
9
14
9
44
9
44
9
34
9
93
8
5
12
24
9
92
15
27
9
64
9
44
12
24
9
44
9
99
12
24
11
53
9
99
9
94
9
64
9
34
9
14
9
44
9
94
3
89
9
64
14
86
12
54
9
44
14
26
16
52
9
34
9
44
9
94
9
74
9
64
1
36
9
26
9
41
9
64
9
14
9
74
9
99
14
86
12
24
9
92
9
74
9
44
9
94
9
34
9
44
9
99
15
57
9
34
9
64
9
74
12
24
14
26
9
64
9
14
9
14
9
34
2
79
13
85
9
34
9
99
0
40
9
72
10
52
0
36
9
94
15
57
9
44
9
73
9
74
9
64
14
86
10
52
9
44
9
94
9
92
9
34
9
93
10
52
10
52
15
87
9
13
9
72
9
14
10
52
12
84
9
34
9
99
14
26
9
26
9
64
9
14
9
93
9
99
9
34
13
25
9
34
11
53
9
14
9
34
9
93
9
74
9
44
9
64
14
56
12
84
9
14
9
92
14
26
15
27
13
85
9
44
13
85
16
58
9
74
11
53
9
14
9
74
9
44
9
74
10
22
15
27
12
24
0
80
9
99
9
96
12
24
9
94
9
94
9
14
2
49
10
22
9
44
10
22
9
34
9
74
9
64
9
94
15
27
12
24
9
74
9
14
9
94
16
28
9
44
9
99
9
74
9
14
12
84
13
85
9
74
9
14
15
87
9
94
9
34
9
94
12
84
9
3
9
64
9
87
0
30
12
24
13
55
9
94
9
64
9
72
9
74
16
88
9
14
9
34
9
12
9
44
9
14
9
94
9
44
9
73
13
25
9
34
9
64
9
94
9
99
10
22
9
34
9
32
13
55
13
55
9
44
14
56
16
88
9
74
9
64
9
32
0
40
9
64
9
73
12
24
13
85
11
83
9
58
9
64
9
42
9
14
0
10
16
58
9
64
9
99
9
44
15
27
9
34
9
94
9
44
13
55
9
34
9
34
9
63
9
94
12
84
16
28
12
84
12
24
9
44
9
99
1
79
9
68
9
14
9
93
16
28
9
34
9
14
9
44
1
69
0
50
9
94
9
73
9
14
13
85
9
34
0
63
9
94
2
10
11
83
12
24
9
42
9
99
9
94
9
43
9
34
9
34
9
94
9
94
9
44
13
55
9
34
9
94
9
34
9
14
9
34
9
44
9
43
9
34
9
44
9
43
9
44
9
12
12
24
9
33
2
29
13
85
9
94
13
85
12
54
1
69
9
44
0
20
14
56
9
74
0
89
15
87
9
94
9
33
11
83
9
94
0
0
9
94
9
34
10
22
12
54
9
64
9
34
14
56
9
99
9
44
9
73
9
63
9
94
9
99
9
34
9
99
14
26
14
26
9
33
15
87
9
14
9
47
15
87
12
22
9
64
9
14
9
14
9
44
9
74
9
44
13
55
11
83
9
44
4
49
10
82
9
92
16
88
3
49
9
13
10
82
3
19
14
26
9
78
12
84
9
33
1
99
9
99
12
54
13
55
9
94
4
46
10
22
13
85
9
64
12
24
9
34
9
78
9
14
9
99
9
18
16
58
9
44
11
83
15
27
9
74
9
72
16
28
0
60
9
14
14
56
12
24
10
52
12
84
9
64
12
24
9
92
9
94
9
34
13
25
9
99
9
44
9
34
9
74
9
14
12
54
9
74
9
94
9
34
9
44
9
94
9
99
9
44
9
2
15
57
9
14
9
16
2
29
9
31
10
22
9
33
9
72
9
99
15
57
9
64
15
87
9
94
9
99
9
33
9
32
9
88
9
44
9
74
16
88
15
27
15
87
0
30
9
94
1
83
9
99
9
74
16
58
9
14
9
74
9
14
9
74
9
44
3
29
9
64
15
57
14
26
9
44
13
55
1
39
15
57
9
63
9
44
16
81
14
56
9
74
1
89
13
85
9
94
13
85
9
44
9
14
9
98
14
86
9
64
9
73
9
44
9
72
9
62
16
28
9
64
9
94
9
74
9
14
9
94
15
87
10
82
9
64
9
62
9
99
11
83
12
24
9
94
13
55
16
22
9
44
9
34
9
99
9
14
13
25
9
34
15
27
12
24
9
99
9
12
9
99
12
24
9
93
9
44
9
34
9
14
2
29
9
34
14
26
11
83
9
33
9
44
11
53
9
16
9
99
11
23
10
52
9
34
9
91
9
99
9
72
9
74
9
99
9
99
12
84
9
94
9
64
13
22
9
14
9
44
9
99
9
74
9
73
11
23
9
94
9
99
9
3
13
85
9
94
14
26
9
99
9
94
9
74
15
57
12
24
11
23
16
28
9
94
9
73
13
85
9
72
9
64
9
14
9
74
9
94
9
32
15
87
9
94
9
94
16
58
9
62
10
82
9
14
9
99
10
82
9
94
13
85
10
82
9
43
9
32
12
84
12
84
9
44
12
84
9
34
9
99
1
49
9
1
9
7
9
99
9
64
9
44
9
74
9
14
9
99
9
14
9
33
9
93
9
64
9
34
9
44
3
99
16
58
12
54
9
93
9
64
12
84
9
64
9
13
9
12
9
44
0
10
16
58
9
99
9
94
9
94
0
24
9
73
9
99
13
85
9
14
9
34
9
42
9
74
10
52
16
88
13
85
14
26
14
26
9
34
9
14
9
44
9
99
9
32
10
22
15
27
13
55
9
99
9
72
14
26
9
14
9
64
9
44
9
74
9
44
9
44
9
14
9
63
9
34
9
64
12
54
9
43
9
94
10
52
9
34
9
43
9
99
9
44
9
34
12
84
9
44
16
28
9
42
9
44
15
57
9
14
9
64
9
13
13
85
9
14
0
60
9
99
9
44
13
55
9
74
9
74
9
64
9
14
14
26
14
86
11
53
2
89
9
74
9
44
0
10
9
12
9
64
13
55
4
0
9
44
12
24
9
34
9
74
13
85
9
12
12
84
9
78
9
74
9
64
9
94
9
44
9
64
10
52
9
7
9
99
10
22
11
83
1
50
9
99
9
34
9
64
9
14
9
14
9
99
12
84
13
85
9
34
9
94
9
93
13
25
9
34
9
99
9
74
14
56
9
34
9
74
9
94
9
74
9
74
9
14
9
64
9
74
9
14
9
94
