9
30
8
90
9
28
8
88
9
78
9
71
8
90
9
48
9
31
9
12
8
88
10
52
9
90
7
19
9
21
9
88
9
61
7
39
7
29
7
69
8
20
9
78
8
69
9
11
9
28
9
29
8
20
9
71
11
23
8
30
8
19
10
22
9
40
10
82
9
42
9
31
0
20
0
60
8
30
9
99
9
10
9
8
9
68
9
91
10
22
10
82
9
78
8
99
7
29
7
39
9
79
8
69
8
80
9
99
7
89
0
10
9
11
7
69
9
37
11
23
7
49
9
51
9
59
8
40
8
50
8
95
7
99
8
59
7
39
9
11
8
60
9
41
7
29
9
12
9
72
8
70
9
91
9
61
9
11
7
69
9
81
7
19
7
49
8
27
9
29
9
10
9
51
8
80
7
29
8
8
9
9
9
31
7
49
9
32
9
59
9
21
8
10
9
72
9
68
9
69
11
82
7
18
9
51
7
59
10
22
9
59
9
39
8
17
9
98
7
69
7
49
7
49
9
40
9
99
7
32
9
73
9
63
10
52
9
12
9
99
7
29
9
99
7
79
9
91
9
71
9
51
7
28
9
21
11
53
9
92
8
40
7
39
9
81
8
99
7
79
10
52
9
48
9
11
10
52
9
36
8
58
9
99
9
69
9
43
9
30
9
90
7
9
9
69
9
99
7
69
9
21
9
30
9
12
7
9
8
19
9
62
7
29
9
80
9
11
9
21
7
57
9
32
8
60
9
49
9
28
8
20
9
78
7
59
9
47
9
50
9
9
8
37
0
60
10
22
9
9
9
37
8
30
9
88
8
20
7
89
9
99
9
18
9
61
9
41
0
20
9
33
9
99
8
20
10
82
7
29
9
98
7
19
9
57
0
20
8
30
7
28
9
49
9
72
9
48
9
71
9
67
9
12
9
42
9
10
9
86
9
11
9
93
8
90
9
70
9
30
9
88
7
29
7
59
9
61
10
21
9
49
9
93
9
40
9
27
8
28
9
12
9
68
8
60
8
70
7
69
9
51
9
99
9
21
9
99
9
13
0
60
7
29
8
60
9
39
9
81
9
32
9
21
9
92
8
70
9
81
8
50
9
10
8
30
9
51
8
10
9
13
9
41
9
50
9
99
10
82
9
11
9
19
9
12
9
8
7
18
8
10
9
81
9
71
0
50
8
49
8
90
9
91
9
62
9
98
0
90
9
63
9
51
9
32
8
50
10
52
8
70
8
99
7
99
9
32
7
59
7
49
9
21
9
99
7
49
8
39
8
80
9
99
8
98
7
99
9
10
9
92
7
59
9
19
9
51
9
81
9
28
7
69
9
99
9
91
7
48
11
53
10
22
9
50
8
40
9
92
9
9
7
87
8
99
9
7
0
90
7
78
7
59
9
47
11
83
9
58
7
38
9
11
8
10
9
41
9
41
8
29
9
88
8
5
9
19
7
87
10
22
9
63
9
42
7
19
9
42
9
99
7
19
7
48
7
98
8
90
9
63
9
30
8
10
9
41
9
90
3
89
9
61
9
81
7
49
9
39
9
21
11
52
9
33
8
40
7
89
8
70
7
59
1
36
9
26
9
41
9
62
9
12
8
70
9
99
9
81
7
19
7
87
9
71
8
40
9
90
9
32
9
42
9
99
10
52
8
30
7
59
9
73
7
19
9
21
9
62
7
9
8
10
9
33
2
78
8
80
7
29
7
99
0
40
9
67
7
47
0
36
9
90
10
52
9
41
9
68
7
69
8
60
9
81
9
47
8
40
9
89
7
87
9
33
9
88
7
47
9
47
10
82
7
8
8
67
7
9
9
47
7
79
9
30
8
99
9
21
7
26
7
59
8
10
9
88
8
99
9
31
9
20
7
29
9
48
9
12
9
32
8
88
9
70
9
41
9
61
9
51
7
79
9
12
9
87
9
21
10
22
8
80
9
42
9
80
11
53
7
69
7
48
8
10
8
69
7
39
8
70
9
17
10
22
7
19
0
80
8
99
7
96
7
19
9
93
9
91
9
11
2
49
7
17
9
43
9
17
9
33
7
69
7
59
9
91
10
22
9
19
7
69
8
10
7
89
11
23
9
43
7
99
8
70
7
9
7
79
9
80
9
69
8
10
10
82
9
90
8
30
9
93
9
79
7
3
9
59
9
87
0
30
8
19
9
50
9
91
9
59
9
67
9
71
11
83
8
10
8
30
8
7
9
41
7
9
9
93
9
42
8
68
9
20
8
30
7
59
9
89
9
99
8
17
9
31
9
27
8
50
9
50
8
40
9
51
11
83
9
71
9
61
7
27
0
40
9
62
9
73
7
19
8
80
9
78
8
58
7
59
7
37
7
9
0
10
11
53
9
61
8
99
9
41
10
22
9
32
9
89
9
43
9
50
9
31
9
29
9
58
9
90
7
79
11
23
7
79
9
19
8
40
9
99
1
79
8
68
9
10
9
88
11
23
9
31
8
10
8
40
1
68
0
50
9
92
8
68
8
9
8
80
8
30
0
63
9
92
2
10
9
78
9
19
8
37
7
99
9
92
9
38
8
30
9
29
9
91
9
93
9
40
8
50
9
29
9
92
9
31
7
9
9
33
8
39
9
38
9
31
9
43
8
38
9
43
7
7
7
19
9
28
2
29
9
80
8
90
8
80
7
49
1
68
9
41
0
20
9
51
9
69
0
89
10
82
9
91
9
33
8
78
9
89
0
0
8
90
8
29
8
17
7
49
9
63
9
30
9
51
9
99
9
39
9
68
8
58
9
90
8
99
9
29
8
99
9
21
9
21
8
33
10
82
9
12
7
47
10
82
7
23
9
62
7
9
9
10
9
43
9
71
9
40
9
50
9
78
9
40
4
49
8
77
9
92
11
83
3
49
7
8
7
77
3
19
9
21
9
78
9
79
9
28
1
99
7
99
7
49
9
50
8
90
4
46
7
17
8
80
9
62
9
19
7
29
9
78
9
11
9
97
7
18
11
53
9
42
9
78
10
22
9
73
7
67
11
23
0
60
9
13
9
51
8
19
9
47
7
79
7
59
8
19
9
87
8
90
9
29
8
20
9
97
8
40
9
31
9
71
9
11
7
49
9
73
9
91
9
32
9
42
7
89
8
99
9
43
8
2
10
52
9
13
7
16
2
29
7
31
9
17
9
28
7
67
9
99
10
52
9
61
10
82
9
92
8
97
8
28
9
27
7
88
8
40
8
70
11
83
10
22
10
82
0
30
7
89
1
83
9
98
7
69
11
53
9
11
7
69
9
11
8
70
9
40
3
29
8
60
10
52
9
21
8
40
8
50
1
39
10
52
7
58
9
42
11
81
9
51
9
72
1
89
9
80
9
91
8
80
9
41
8
10
8
98
9
81
9
61
9
68
8
40
9
67
9
57
11
23
8
60
8
90
9
71
9
12
9
91
10
82
9
77
9
62
9
57
9
99
7
78
9
19
9
90
8
50
11
22
9
39
7
29
7
99
7
9
9
20
9
33
10
22
7
19
9
97
9
7
8
98
8
19
9
88
9
39
9
33
9
9
2
28
9
31
9
21
8
78
9
28
9
41
9
48
9
16
7
99
9
18
8
47
8
30
9
91
9
99
7
67
9
70
9
98
9
99
7
79
7
89
9
59
8
22
9
11
8
40
8
97
8
70
9
68
9
18
9
92
9
97
9
3
8
80
9
92
9
21
9
97
9
92
7
69
10
52
7
19
9
18
11
23
9
92
7
68
8
80
9
67
8
60
9
11
9
72
9
89
8
27
10
82
8
90
9
91
11
53
7
57
9
77
7
9
9
99
7
77
9
90
8
80
7
77
9
38
8
27
7
79
7
79
9
43
8
79
7
29
9
99
1
49
9
1
9
7
9
99
9
62
9
39
9
70
9
9
9
99
8
10
8
28
9
88
9
59
7
29
9
41
3
99
11
53
7
49
7
88
7
59
9
79
9
61
9
8
7
7
8
40
0
10
11
53
8
99
7
89
7
89
0
24
9
68
8
98
8
80
9
11
9
30
8
37
9
70
8
47
11
83
9
80
9
21
9
21
8
30
8
10
9
42
9
99
7
27
8
17
10
22
8
50
9
99
8
67
9
21
9
9
9
59
8
40
7
69
9
41
7
39
9
11
7
58
9
31
9
60
9
49
9
38
9
92
8
47
9
29
8
38
8
99
9
41
9
31
7
79
8
40
11
23
9
37
9
41
10
52
8
10
8
59
9
8
8
80
7
9
0
60
8
97
9
43
9
50
9
73
9
69
9
61
9
12
9
21
9
81
9
48
2
89
8
70
8
39
0
10
8
7
8
60
8
50
4
0
7
39
7
19
7
29
8
70
8
80
9
12
9
79
9
78
8
70
7
59
9
92
9
42
9
62
9
47
9
7
9
99
9
17
9
78
1
50
7
99
9
31
8
60
9
10
9
11
9
99
7
79
8
80
9
32
9
92
8
88
9
20
8
30
9
99
9
71
9
51
9
32
8
69
9
90
9
72
9
72
8
10
8
59
7
69
9
12
9
90
