9
34
9
94
9
34
9
94
14
86
9
74
9
94
14
56
9
34
9
14
9
94
18
60
9
94
15
27
17
29
9
94
9
64
9
44
9
34
9
74
16
28
14
86
9
74
9
14
9
34
9
34
16
28
9
74
19
31
9
34
15
27
18
30
9
44
18
82
9
44
9
34
0
20
0
60
9
34
9
99
9
14
9
14
9
74
9
94
18
30
18
90
14
86
9
99
9
34
9
44
15
87
9
74
16
88
9
99
9
94
0
10
9
14
9
74
9
44
19
31
15
57
17
59
9
64
9
44
16
58
8
95
9
99
9
64
9
44
9
14
9
64
9
44
9
34
9
14
9
74
9
74
9
94
9
64
9
14
9
74
17
89
15
27
15
57
9
34
9
34
9
14
17
59
16
88
9
34
9
14
9
14
9
34
15
57
9
34
9
64
17
29
9
14
9
74
9
74
9
74
19
82
14
26
17
59
9
64
18
30
9
64
9
44
13
25
9
99
9
74
15
57
15
57
9
44
9
99
9
32
9
74
9
64
18
60
9
14
9
99
9
34
9
99
15
87
9
94
9
74
17
59
9
34
17
29
19
61
9
94
9
44
9
44
17
89
9
99
15
87
18
60
14
56
9
14
18
60
9
36
9
64
9
99
9
74
9
44
9
34
9
94
9
14
9
74
9
99
9
74
17
29
9
34
9
14
9
14
15
27
9
64
9
34
16
88
9
14
17
29
9
64
9
34
9
64
15
57
9
34
16
28
14
86
9
64
13
55
16
58
9
14
9
44
0
60
18
30
9
14
9
44
9
34
9
94
16
28
9
94
9
99
14
26
9
64
9
44
0
20
9
34
9
99
16
28
18
90
9
34
9
99
15
27
9
64
0
20
9
34
9
34
15
57
9
74
14
56
9
74
9
74
9
14
9
44
9
14
9
86
9
14
9
94
9
94
9
74
9
34
9
94
9
34
9
64
9
64
18
21
15
57
9
94
9
44
9
34
9
34
9
14
9
74
9
64
9
74
9
74
17
59
9
99
17
29
9
99
9
14
0
60
9
34
9
64
9
44
17
89
9
34
17
29
9
94
9
74
17
89
16
58
9
14
9
34
17
59
9
14
9
14
9
44
16
58
9
99
18
90
9
14
15
27
9
14
9
8
14
26
9
14
17
89
9
74
0
50
15
57
9
94
9
94
9
64
9
99
0
90
9
64
17
59
9
34
16
58
18
60
9
74
9
99
9
99
9
34
9
64
15
57
17
29
9
99
15
57
9
44
16
88
9
99
9
99
9
99
9
14
9
94
9
64
15
27
17
59
17
89
9
34
9
74
9
99
9
94
14
56
19
61
18
30
16
58
9
44
9
94
9
14
9
94
9
99
9
14
0
90
14
86
9
64
13
55
19
91
9
64
9
44
9
14
9
14
9
44
9
44
9
34
9
94
8
5
15
27
9
94
18
30
9
64
9
44
15
27
9
44
9
99
15
27
14
56
9
99
9
94
9
64
9
34
9
14
9
44
9
94
3
89
9
64
17
89
15
57
9
44
17
29
19
52
9
34
9
44
9
94
9
74
9
64
1
36
9
26
9
41
9
64
9
14
9
74
9
99
17
89
15
27
9
94
9
74
9
44
9
94
9
34
9
44
9
99
18
60
9
34
9
64
9
74
15
27
17
29
9
64
9
14
9
14
9
34
2
79
16
88
9
34
9
99
0
40
9
74
13
55
0
36
9
94
18
60
9
44
9
74
9
74
9
64
17
89
13
55
9
44
9
94
9
94
9
34
9
94
13
55
13
55
18
90
9
14
9
74
9
14
13
55
15
87
9
34
9
99
17
29
9
26
9
64
9
14
9
94
9
99
9
34
16
28
9
34
14
56
9
14
9
34
9
94
9
74
9
44
9
64
17
59
15
87
9
14
9
94
17
29
18
30
16
88
9
44
16
88
19
61
9
74
14
56
9
14
9
74
9
44
9
74
13
25
18
30
15
27
0
80
9
99
9
96
15
27
9
94
9
94
9
14
2
49
13
25
9
44
13
25
9
34
9
74
9
64
9
94
18
30
15
27
9
74
9
14
9
94
19
31
9
44
9
99
9
74
9
14
15
87
16
88
9
74
9
14
18
90
9
94
9
34
9
94
15
87
9
3
9
64
9
87
0
30
15
27
16
58
9
94
9
64
9
74
9
74
19
91
9
14
9
34
9
14
9
44
9
14
9
94
9
44
9
74
16
28
9
34
9
64
9
94
9
99
13
25
9
34
9
34
16
58
16
58
9
44
17
59
19
91
9
74
9
64
9
34
0
40
9
64
9
73
15
27
16
88
14
86
9
58
9
64
9
44
9
14
0
10
19
61
9
64
9
99
9
44
18
30
9
34
9
94
9
44
16
58
9
34
9
34
9
64
9
94
15
87
19
31
15
87
15
27
9
44
9
99
1
79
9
68
9
14
9
94
19
31
9
34
9
14
9
44
1
69
0
50
9
94
9
74
9
14
16
88
9
34
0
63
9
94
2
10
14
86
15
27
9
44
9
99
9
94
9
44
9
34
9
34
9
94
9
94
9
44
16
58
9
34
9
94
9
34
9
14
9
34
9
44
9
44
9
34
9
44
9
44
9
44
9
14
15
27
9
34
2
29
16
88
9
94
16
88
15
57
1
69
9
44
0
20
17
59
9
74
0
89
18
90
9
94
9
33
14
86
9
94
0
0
9
94
9
34
13
25
15
57
9
64
9
34
17
59
9
99
9
44
9
74
9
64
9
94
9
99
9
34
9
99
17
29
17
29
9
33
18
90
9
14
9
47
18
90
15
22
9
64
9
14
9
14
9
44
9
74
9
44
16
58
14
86
9
44
4
49
13
85
9
92
19
91
3
49
9
14
13
85
3
19
17
29
9
78
15
87
9
34
1
99
9
99
15
57
16
58
9
94
4
46
13
25
16
88
9
64
15
27
9
34
9
78
9
14
9
99
9
18
19
61
9
44
14
86
18
30
9
74
9
74
19
31
0
60
9
14
17
59
15
27
13
55
15
87
9
64
15
27
9
94
9
94
9
34
16
28
9
99
9
44
9
34
9
74
9
14
15
57
9
74
9
94
9
34
9
44
9
94
9
99
9
44
9
2
18
60
9
14
9
16
2
29
9
31
13
25
9
34
9
74
9
99
18
60
9
64
18
90
9
94
9
99
9
34
9
34
9
88
9
44
9
74
19
91
18
30
18
90
0
30
9
94
1
83
9
99
9
74
19
61
9
14
9
74
9
14
9
74
9
44
3
29
9
64
18
60
17
29
9
44
16
58
1
39
18
60
9
64
9
44
19
81
17
59
9
74
1
89
16
88
9
94
16
88
9
44
9
14
9
98
17
89
9
64
9
74
9
44
9
74
9
64
19
31
9
64
9
94
9
74
9
14
9
94
18
90
13
85
9
64
9
64
9
99
14
86
15
27
9
94
16
58
19
22
9
44
9
34
9
99
9
14
16
28
9
34
18
30
15
27
9
99
9
14
9
99
15
27
9
94
9
44
9
34
9
14
2
29
9
34
17
29
14
86
9
34
9
44
14
56
9
16
9
99
14
26
13
55
9
34
9
91
9
99
9
74
9
74
9
99
9
99
15
87
9
94
9
64
16
22
9
14
9
44
9
99
9
74
9
74
14
26
9
94
9
99
9
3
16
88
9
94
17
29
9
99
9
94
9
74
18
60
15
27
14
26
19
31
9
94
9
74
16
88
9
74
9
64
9
14
9
74
9
94
9
34
18
90
9
94
9
94
19
61
9
64
13
85
9
14
9
99
13
85
9
94
16
88
13
85
9
44
9
34
15
87
15
87
9
44
15
87
9
34
9
99
1
49
9
1
9
7
9
99
9
64
9
44
9
74
9
14
9
99
9
14
9
34
9
94
9
64
9
34
9
44
3
99
19
61
15
57
9
94
9
64
15
87
9
64
9
14
9
14
9
44
0
10
19
61
9
99
9
94
9
94
0
24
9
74
9
99
16
88
9
14
9
34
9
44
9
74
13
55
19
91
16
88
17
29
17
29
9
34
9
14
9
44
9
99
9
34
13
25
18
30
16
58
9
99
9
74
17
29
9
14
9
64
9
44
9
74
9
44
9
44
9
14
9
64
9
34
9
64
15
57
9
44
9
94
13
55
9
34
9
44
9
99
9
44
9
34
15
87
9
44
19
31
9
44
9
44
18
60
9
14
9
64
9
14
16
88
9
14
0
60
9
99
9
44
16
58
9
74
9
74
9
64
9
14
17
29
17
89
14
56
2
89
9
74
9
44
0
10
9
14
9
64
16
58
4
0
9
44
15
27
9
34
9
74
16
88
9
12
15
87
9
78
9
74
9
64
9
94
9
44
9
64
13
55
9
7
9
99
13
25
14
86
1
50
9
99
9
34
9
64
9
14
9
14
9
99
15
87
16
88
9
34
9
94
9
94
16
28
9
34
9
99
9
74
17
59
9
34
9
74
9
94
9
74
9
74
9
14
9
64
9
74
9
14
9
94
