5
24
2
85
5
22
2
82
5
72
3
68
2
88
4
42
3
29
4
8
2
82
5
46
4
84
1
15
4
15
4
82
3
59
1
39
1
23
1
69
2
18
4
72
2
63
3
8
5
22
5
23
2
14
3
68
5
18
2
29
2
13
5
16
3
34
4
83
4
38
3
29
0
20
0
60
2
27
5
98
3
4
3
2
4
62
4
85
4
18
4
76
5
72
2
99
1
23
1
39
3
73
2
63
2
77
5
97
1
88
0
10
3
9
1
66
3
31
5
19
1
49
3
47
3
53
2
34
2
46
5
95
1
94
2
53
1
33
3
8
2
55
3
39
1
29
4
9
4
69
2
66
3
87
3
59
3
5
1
65
5
75
1
14
1
45
2
21
3
23
3
4
4
45
2
74
1
27
2
2
5
3
3
26
1
45
4
27
5
53
3
19
2
8
4
69
4
62
4
63
5
83
1
12
3
46
1
55
5
16
5
53
5
33
2
11
3
92
1
64
1
45
1
49
3
34
5
98
1
32
5
67
5
59
4
47
4
6
5
95
1
29
5
95
1
76
3
85
3
67
3
47
1
22
5
15
5
48
4
88
2
36
1
39
3
79
2
93
1
77
4
49
5
42
3
8
4
49
4
36
2
52
5
93
3
63
5
39
4
24
4
84
1
6
5
63
5
99
1
65
3
17
3
24
4
9
1
5
2
13
4
57
1
24
4
74
3
7
3
19
1
51
4
29
2
59
5
43
3
22
2
18
5
72
1
59
3
41
3
44
5
3
2
31
0
60
4
17
4
3
3
31
2
24
5
82
2
19
1
87
4
95
5
12
3
57
3
38
0
20
5
27
5
97
2
15
4
77
1
25
4
92
1
13
3
51
0
20
2
24
1
22
4
43
4
68
3
42
3
65
3
61
4
9
4
38
5
4
5
86
3
7
5
87
2
84
5
64
4
24
3
82
1
29
1
57
3
55
4
21
4
43
5
88
4
34
3
21
2
22
4
8
4
62
2
59
2
68
1
68
5
45
5
95
5
15
5
95
5
9
0
60
1
28
2
59
3
33
3
77
5
26
3
18
4
87
2
66
3
79
2
45
4
4
2
24
3
49
2
9
5
7
3
39
3
44
3
98
5
76
3
6
4
13
4
9
3
8
1
12
2
7
3
79
3
69
0
50
2
43
2
89
3
87
4
58
4
92
0
90
5
58
3
47
4
28
2
49
4
49
2
64
2
94
1
94
4
26
1
53
1
49
4
15
5
97
1
43
2
33
2
74
3
95
2
92
1
99
5
4
5
86
1
58
4
13
3
49
3
77
4
22
1
69
5
93
3
89
1
42
5
49
5
16
5
44
2
38
5
86
5
3
1
81
2
96
4
1
0
90
1
72
1
57
4
41
5
77
5
52
1
32
3
5
2
9
3
35
3
35
2
23
3
82
3
5
3
13
1
81
5
16
5
58
4
39
1
19
4
36
4
99
1
19
1
42
1
92
2
85
5
57
4
24
2
8
4
35
3
84
3
84
3
59
4
75
1
47
5
33
3
16
5
52
5
27
2
37
1
88
2
68
1
58
1
36
4
26
3
41
4
56
5
6
2
69
3
97
5
75
1
19
1
81
3
69
2
39
3
84
4
29
4
38
3
99
4
46
2
28
1
57
5
69
1
17
3
18
5
56
1
9
2
4
5
29
2
72
2
79
1
25
1
94
0
40
3
61
1
41
0
36
3
84
4
47
3
35
3
62
1
66
2
57
3
78
3
41
2
34
4
83
1
81
5
27
3
82
1
41
3
41
4
79
1
2
2
61
1
7
3
41
1
78
4
24
2
98
3
18
1
26
1
56
2
9
4
82
2
98
5
25
4
14
1
24
5
42
4
6
4
27
2
82
3
64
5
35
3
55
3
47
1
79
4
6
3
81
3
19
4
17
2
74
4
39
5
74
5
47
1
63
1
42
2
5
2
63
1
38
2
69
4
11
4
16
1
15
0
80
2
97
1
96
1
19
5
88
3
89
3
6
2
43
1
11
5
39
3
11
5
28
1
69
1
55
3
87
4
18
5
13
1
67
2
5
1
88
5
19
5
39
1
99
2
67
1
7
1
78
4
74
5
63
2
4
4
78
3
84
2
27
5
89
3
73
1
3
3
53
5
87
0
30
2
13
3
44
3
85
3
53
3
61
3
67
5
79
2
8
2
25
2
1
3
37
1
9
5
89
4
36
2
62
3
14
2
27
1
59
3
83
5
94
2
11
5
25
4
21
2
46
4
44
2
39
3
48
5
77
3
65
3
58
1
21
0
40
4
59
5
73
1
19
2
74
5
72
2
59
1
59
1
31
1
8
0
10
5
47
3
59
2
93
3
36
4
18
4
26
5
83
5
39
3
44
4
25
3
23
3
52
3
84
1
79
5
17
1
79
3
13
2
39
5
95
1
76
2
68
5
4
3
82
5
17
3
25
2
8
2
38
1
62
0
50
4
89
2
62
2
3
2
75
2
24
0
63
5
86
2
10
5
72
5
13
2
31
1
97
4
88
5
32
2
28
3
23
3
89
5
89
5
34
2
49
3
23
4
89
5
25
1
6
5
27
2
33
3
32
5
25
5
38
2
32
5
38
1
1
1
15
5
22
2
28
5
74
2
87
2
76
1
43
1
62
3
35
0
20
3
46
4
63
0
89
5
76
3
87
4
33
2
72
5
83
0
0
2
85
2
23
2
11
1
47
5
58
4
24
5
45
5
98
4
33
3
62
2
52
3
84
2
98
3
23
2
97
5
15
3
18
2
33
4
79
4
7
1
47
4
79
1
23
4
56
1
3
4
4
5
39
5
65
5
34
4
44
5
72
4
34
4
43
2
71
3
92
5
78
3
43
1
2
1
71
3
19
3
18
3
78
5
73
4
22
1
95
1
99
1
48
5
44
2
84
4
46
1
11
2
74
4
59
4
13
1
24
3
78
3
8
4
91
1
18
5
49
4
38
4
72
4
16
5
68
1
61
5
17
0
60
5
9
3
49
2
13
3
41
1
74
1
56
2
13
3
81
2
89
4
23
2
19
3
91
2
34
3
29
3
65
5
5
1
46
5
67
3
88
4
28
5
36
1
85
2
99
5
39
2
2
4
49
5
7
1
16
2
27
1
31
3
11
5
22
1
61
3
99
5
46
3
57
4
77
4
86
2
91
2
22
3
21
1
88
2
38
2
66
5
79
4
19
4
78
0
30
1
87
1
83
3
92
1
69
5
48
5
5
1
68
3
9
2
69
3
34
3
25
2
54
5
46
3
17
2
36
2
45
1
35
5
46
1
52
4
39
5
81
3
49
4
69
1
86
4
74
3
89
2
79
3
37
2
7
2
98
3
77
3
57
5
62
2
39
3
61
3
51
5
19
2
56
2
84
3
66
4
9
3
86
5
76
4
71
4
59
3
51
5
99
1
72
3
13
4
84
2
47
5
24
4
33
1
24
1
99
1
7
3
14
5
29
4
19
1
19
4
91
4
1
2
92
2
13
3
82
5
33
5
29
5
3
2
22
5
25
3
19
2
72
4
22
3
38
4
42
5
16
1
97
4
12
2
41
2
27
3
91
4
96
1
61
4
64
3
92
3
94
1
75
1
88
4
53
2
22
3
7
2
34
2
91
2
66
5
62
4
12
4
87
4
91
3
4
2
79
4
88
3
15
3
91
4
86
1
69
4
48
1
16
5
12
5
19
4
87
1
62
2
75
4
61
2
56
3
6
4
66
4
83
2
21
5
76
2
87
4
85
5
49
1
51
4
71
1
7
4
98
1
71
4
84
2
78
1
71
3
32
2
21
1
78
1
74
5
39
2
73
1
25
4
97
1
49
4
1
4
7
3
99
4
59
5
33
5
64
4
3
5
93
2
9
2
22
4
82
4
53
1
23
3
37
3
95
5
49
1
47
1
82
1
59
5
73
3
59
5
2
1
1
2
38
0
10
5
47
2
94
1
88
1
87
0
24
5
62
2
92
2
76
3
8
5
24
2
31
4
64
2
41
5
77
5
74
3
16
3
18
2
29
2
4
4
36
4
96
1
21
2
11
4
16
2
49
5
99
2
61
4
15
3
3
3
53
2
39
1
68
3
36
1
34
4
5
1
52
3
27
3
54
5
43
5
32
4
87
2
41
5
23
2
32
2
99
3
37
3
25
1
78
2
35
5
18
4
31
4
35
5
46
2
6
2
53
5
2
2
79
1
8
0
60
2
91
5
37
3
44
5
67
4
63
5
55
4
6
3
19
3
79
5
42
2
89
2
67
2
33
0
10
2
1
2
57
2
44
4
0
1
35
1
19
1
25
2
67
2
74
4
12
5
73
4
78
2
64
1
57
4
86
4
37
4
59
4
41
3
7
4
95
3
11
4
72
1
50
1
95
3
25
2
57
4
4
3
5
4
99
1
76
2
75
4
29
4
86
2
82
5
14
2
24
5
95
3
69
3
45
4
28
2
63
3
84
4
67
4
66
2
6
2
53
1
64
4
9
5
84
