9
28
6
89
8
26
6
86
8
76
7
69
6
89
8
46
7
29
8
10
6
86
9
50
8
88
5
19
8
19
8
86
7
59
5
39
5
27
5
69
6
19
8
76
6
67
7
9
8
26
9
27
6
18
7
69
9
21
6
29
6
17
9
20
7
38
8
83
8
40
7
29
0
20
0
60
6
29
9
99
7
8
7
6
8
66
8
89
8
20
8
80
8
76
6
99
5
27
5
39
7
77
6
67
6
79
9
99
5
89
0
10
7
9
5
69
7
35
9
21
5
49
7
49
7
57
6
38
6
49
8
95
5
98
6
57
5
37
7
9
6
59
7
39
5
29
8
10
8
70
6
69
7
89
7
59
7
9
5
69
9
79
5
18
5
49
6
25
7
27
7
8
8
49
6
78
5
29
6
6
9
7
7
29
5
49
8
30
9
57
7
19
6
9
8
70
8
66
8
67
9
83
5
16
7
49
5
59
9
20
9
57
9
37
6
15
7
96
5
68
5
49
5
49
7
38
9
99
5
32
9
71
9
61
8
50
8
10
9
99
5
29
9
99
5
79
7
89
7
69
7
49
5
26
9
19
9
51
8
90
6
39
5
39
7
79
6
97
5
79
8
50
8
46
7
9
8
50
8
36
6
56
9
97
7
67
9
41
8
28
8
88
5
9
9
67
9
99
5
69
7
19
7
28
8
10
5
9
6
17
8
60
5
28
8
78
7
9
7
19
5
55
8
30
6
59
9
47
7
26
6
19
8
76
5
59
7
45
7
48
9
7
6
35
0
60
8
20
8
7
7
35
6
28
8
86
6
19
5
89
8
99
8
16
7
59
7
39
0
20
9
31
9
99
6
19
8
80
5
29
8
96
5
17
7
55
0
20
6
28
5
26
8
47
8
70
7
46
7
69
7
65
8
10
8
40
9
8
9
86
7
9
9
91
6
88
9
68
8
28
7
86
5
29
5
59
7
59
8
21
8
47
9
91
8
38
7
25
6
26
8
10
8
66
6
59
6
69
5
69
9
49
9
99
9
19
9
99
9
11
0
60
5
29
6
59
7
37
7
79
9
30
7
19
8
90
6
69
7
79
6
49
8
8
6
28
7
49
6
9
9
11
7
39
7
48
7
99
9
80
7
9
8
17
8
10
7
8
5
16
6
9
7
79
7
69
0
50
6
47
6
89
7
89
8
60
8
96
0
90
9
61
7
49
8
30
6
49
8
50
6
68
6
98
5
98
8
30
5
57
5
49
8
19
9
99
5
47
6
37
6
78
7
99
6
96
5
99
9
8
9
90
5
59
8
17
7
49
7
79
8
26
5
69
9
97
7
89
5
46
9
51
9
20
9
48
6
39
9
90
9
7
5
85
6
99
8
5
0
90
5
76
5
59
8
45
9
81
8
56
5
36
7
9
6
9
7
39
7
39
6
27
7
86
7
5
7
17
5
85
9
20
9
61
8
40
5
19
8
40
8
99
5
19
5
46
5
96
6
89
9
61
8
28
6
9
8
39
7
88
3
88
7
59
8
79
5
49
9
37
7
19
9
52
9
31
6
39
5
89
6
69
5
59
1
36
8
26
7
41
8
60
9
10
6
69
7
99
9
79
5
19
5
85
7
69
6
39
7
88
8
30
8
40
7
99
8
50
6
29
5
59
9
71
5
19
7
19
9
60
5
9
6
8
9
31
2
76
6
79
5
29
5
98
0
40
7
65
5
45
0
36
7
88
8
50
7
39
7
66
5
69
6
59
7
79
7
45
6
38
8
87
5
85
9
31
7
86
5
45
7
45
8
80
5
6
6
65
5
9
7
45
5
79
8
28
6
99
7
19
5
26
5
59
6
9
8
86
6
99
9
29
8
18
5
28
8
46
8
10
8
30
6
86
7
68
9
39
7
59
7
49
5
79
8
10
7
85
7
19
8
20
6
78
8
40
9
78
9
51
5
67
5
46
6
9
6
67
5
39
6
69
8
15
8
20
5
19
0
80
6
99
5
96
5
19
9
91
7
89
7
9
2
47
5
15
9
41
7
15
9
31
5
69
5
59
7
89
8
20
9
17
5
69
6
9
5
89
9
21
9
41
5
99
6
69
5
9
5
79
8
78
9
67
6
8
8
80
7
88
6
29
9
91
7
77
5
3
7
57
9
87
0
30
6
17
7
48
7
89
7
57
7
65
7
69
9
81
6
9
6
29
6
5
7
39
5
9
9
91
8
40
6
66
7
18
6
29
5
59
7
87
9
98
6
15
9
29
8
25
6
49
8
48
6
39
7
49
9
81
7
69
7
59
5
25
0
40
8
60
9
73
5
19
6
78
8
76
6
58
5
59
5
35
5
9
0
10
9
51
7
59
6
97
7
39
8
20
8
30
9
87
9
41
7
48
8
29
7
27
7
56
7
88
5
79
9
21
5
79
7
17
6
39
9
99
1
79
6
68
9
8
7
86
9
21
7
29
6
9
6
39
1
66
0
50
8
90
6
66
6
7
6
79
6
28
0
63
9
90
2
10
8
76
9
17
6
35
5
99
8
90
8
36
6
29
7
27
7
89
9
91
9
38
6
49
7
27
8
90
9
29
5
9
9
31
6
37
7
36
9
29
9
41
6
36
9
41
5
5
5
19
8
26
2
29
9
78
6
89
6
79
5
47
1
66
7
39
0
20
7
49
8
67
0
89
9
80
7
89
8
33
6
76
9
87
0
0
6
89
6
27
6
15
5
49
9
61
8
28
9
49
9
99
8
37
7
66
6
56
7
88
6
99
7
27
6
99
9
19
7
19
6
33
8
80
8
10
5
47
8
80
5
23
8
60
5
7
8
8
9
41
9
69
9
38
8
48
8
76
8
38
4
47
6
75
7
92
9
81
3
47
5
6
5
75
3
19
7
19
7
78
9
77
8
26
1
99
5
99
5
49
9
48
6
88
4
46
5
15
6
78
8
60
8
17
5
28
7
78
7
9
8
95
5
18
9
51
8
40
8
76
8
20
9
71
5
65
9
21
0
60
9
11
7
49
6
17
7
45
5
78
5
59
6
17
7
85
6
89
8
27
6
19
7
95
6
38
7
29
7
69
9
9
5
49
9
71
7
89
8
30
9
40
5
89
6
99
9
41
6
2
8
50
9
11
5
16
2
29
5
31
7
15
8
26
5
65
7
99
9
50
7
59
8
80
8
90
6
95
6
26
7
25
5
88
6
39
6
69
9
81
8
20
8
80
0
30
5
89
1
83
7
96
5
69
9
51
9
9
5
69
7
9
6
69
7
38
3
29
6
58
9
50
7
19
6
39
6
49
1
39
9
50
5
56
8
40
9
81
7
49
8
70
1
89
8
78
7
89
6
79
7
39
6
9
6
98
7
79
7
59
8
66
6
39
7
65
7
55
9
21
6
59
6
88
7
69
8
10
7
89
9
80
8
75
8
60
7
55
9
99
5
76
7
17
8
88
6
49
9
23
8
37
5
28
5
99
5
9
7
18
9
31
8
20
5
19
8
95
8
5
6
96
6
17
7
86
9
37
9
31
9
7
2
26
9
29
7
19
6
76
8
26
7
39
8
46
9
16
5
99
8
16
6
45
6
29
7
91
8
99
5
65
8
68
7
96
7
98
5
79
5
89
8
57
6
22
7
9
6
38
6
95
6
69
8
66
8
16
8
90
8
95
7
4
6
79
8
90
7
19
7
95
8
90
5
69
8
50
5
19
8
16
9
21
8
90
5
66
6
79
8
65
6
59
7
9
8
70
8
87
6
25
9
80
6
89
8
89
9
51
5
55
8
75
5
9
8
99
5
75
8
88
6
79
5
75
7
36
6
25
5
79
5
78
9
41
6
77
5
29
8
99
1
49
8
1
8
7
7
99
8
60
9
37
9
68
8
7
9
97
6
9
6
26
8
86
8
57
5
27
7
39
3
99
9
51
5
49
5
86
5
59
9
77
7
59
8
6
5
5
6
39
0
10
9
51
6
98
5
89
5
89
0
24
8
66
6
96
6
79
7
9
9
28
6
35
8
68
6
45
9
81
9
78
7
19
7
19
6
29
6
8
8
40
8
99
5
25
6
15
8
20
6
49
9
99
6
65
8
19
7
7
7
57
6
39
5
69
7
39
5
38
8
9
5
56
7
29
7
58
9
47
8
36
8
90
6
45
9
27
6
36
6
99
7
39
7
29
5
79
6
39
9
21
8
35
8
39
9
50
6
9
6
57
8
6
6
79
5
9
0
60
6
95
9
41
7
48
9
71
8
67
9
59
8
10
7
19
7
79
8
46
2
89
6
69
6
37
0
10
6
5
6
59
6
48
4
0
5
39
5
19
5
29
6
69
6
78
8
12
9
77
8
78
6
68
5
59
8
90
8
40
8
60
8
45
7
7
8
99
7
15
8
76
1
50
5
99
7
29
6
59
8
8
7
9
8
99
5
79
6
79
8
30
8
90
6
86
9
18
6
28
9
99
7
69
7
49
8
30
6
67
7
88
8
70
8
70
6
9
6
57
5
68
8
10
9
88
