9
67
7
58
9
97
7
79
6
69
9
89
6
79
0
40
7
49
9
97
9
10
7
89
9
50
8
30
7
39
9
51
9
11
7
98
6
69
9
29
0
90
6
79
9
92
6
9
9
13
7
49
9
41
9
41
8
90
8
45
8
36
9
70
6
69
9
20
9
49
6
59
6
46
8
70
7
19
9
71
9
62
6
69
9
42
8
6
9
11
10
82
6
28
0
40
9
92
7
97
9
18
8
26
9
61
9
49
8
86
8
20
6
79
7
69
9
12
6
56
8
50
6
79
7
28
7
29
8
46
8
36
8
70
9
59
8
40
8
27
9
61
6
39
7
6
7
49
9
48
7
19
9
9
8
16
6
69
8
88
9
61
6
47
9
12
6
41
8
10
8
36
9
69
8
70
8
38
9
21
8
58
8
10
9
51
9
88
6
29
10
52
9
50
6
29
8
50
9
28
7
59
9
30
9
99
9
79
0
20
9
11
9
70
8
27
8
56
9
10
9
78
9
19
8
80
6
89
6
12
8
30
9
19
9
88
7
7
6
89
7
66
9
92
7
48
8
36
9
67
8
57
9
68
8
66
9
17
8
99
8
21
9
99
9
11
7
29
9
39
6
39
8
40
6
68
8
2
7
19
6
19
9
41
7
67
8
99
9
99
7
28
8
27
9
57
6
89
9
42
6
69
6
29
8
46
8
20
6
26
9
99
8
6
9
38
9
41
9
41
6
76
7
89
9
99
7
69
8
60
9
29
9
72
6
9
8
16
0
10
9
11
8
87
6
86
8
20
6
8
6
99
6
27
9
28
7
69
7
69
9
47
7
39
9
47
9
41
8
60
7
19
6
88
8
89
8
90
7
79
7
86
9
79
7
89
9
59
8
20
6
19
6
68
7
59
6
21
7
97
0
60
7
99
6
89
6
66
7
89
10
82
8
19
6
12
6
19
7
39
8
18
9
8
7
88
9
88
6
79
7
39
0
80
7
39
6
19
9
91
9
70
9
92
7
29
8
90
6
69
9
11
6
64
8
87
9
31
7
19
9
99
8
86
9
91
6
29
6
56
9
62
8
26
9
81
9
78
9
99
9
79
7
49
8
56
6
98
9
28
8
92
7
99
9
71
7
47
8
50
7
39
4
74
8
80
9
90
6
69
7
59
3
39
9
71
6
49
9
99
9
29
6
43
9
81
7
29
8
70
9
51
6
99
9
17
6
18
9
47
8
80
7
61
1
81
9
57
9
7
9
41
9
12
6
79
9
42
9
99
6
27
6
49
8
16
7
1
6
39
9
39
8
30
9
29
0
70
8
40
7
19
8
25
9
80
7
89
9
70
6
17
7
93
9
88
9
61
0
30
4
69
6
68
9
38
10
52
8
70
7
19
6
68
1
54
2
91
2
12
7
86
7
39
3
14
9
97
9
61
10
22
9
11
9
17
8
77
8
16
9
61
7
69
4
38
9
61
9
17
9
42
6
87
9
60
9
4
0
90
6
59
8
56
8
22
7
19
9
91
9
17
9
18
6
39
9
21
9
18
6
9
9
54
8
10
7
19
9
57
6
29
8
50
8
77
6
79
0
29
6
39
7
67
7
79
6
86
9
42
9
99
9
50
8
74
7
9
10
82
7
99
9
72
9
90
6
89
7
86
6
9
1
99
8
91
7
49
9
29
8
10
9
43
7
49
8
54
1
46
8
50
3
49
8
76
6
99
7
9
8
60
8
80
8
60
9
67
8
90
6
86
8
50
9
9
9
91
1
48
8
25
0
97
8
74
8
99
9
42
9
91
7
78
8
69
7
89
6
29
4
98
9
69
6
28
7
19
7
89
8
86
9
81
1
19
9
99
6
69
6
9
8
38
6
59
8
95
10
82
8
20
8
56
8
11
8
90
8
59
0
50
7
29
9
79
7
29
9
11
7
58
9
98
9
61
8
49
8
30
9
37
1
29
9
51
7
46
6
97
9
42
7
9
6
76
8
30
9
49
7
78
0
39
10
52
10
22
1
99
6
48
1
7
7
59
9
8
10
22
10
22
6
9
4
79
1
53
6
19
2
8
7
19
10
52
9
61
6
79
7
19
8
30
6
63
9
42
9
12
8
75
9
17
9
10
6
39
9
97
6
19
8
50
7
79
8
28
8
60
6
29
9
57
7
59
9
99
1
11
7
91
0
0
9
71
4
41
8
75
6
49
8
67
7
89
7
9
6
79
8
30
4
29
8
95
8
8
8
26
8
60
8
90
6
39
6
26
9
41
7
19
1
50
8
96
6
27
7
77
6
38
8
50
1
93
9
8
3
67
7
89
6
9
8
90
7
59
10
22
9
8
9
99
8
96
9
60
0
30
8
10
9
21
9
12
9
7
3
28
8
8
4
9
9
89
1
73
9
49
9
59
8
99
8
54
8
20
8
28
5
88
8
20
6
69
9
21
6
64
9
99
1
69
7
77
8
66
4
48
7
8
7
48
8
26
9
9
8
99
10
52
2
29
9
27
9
71
9
61
9
99
8
10
8
88
7
69
9
21
6
95
3
6
6
49
1
56
8
65
9
77
6
19
6
49
9
81
1
22
3
69
8
60
9
38
9
41
7
89
4
57
9
78
4
71
7
68
9
31
9
32
7
29
8
50
9
38
6
29
1
8
10
82
6
49
1
89
2
29
1
45
2
86
9
60
9
99
7
6
9
20
9
51
8
90
9
11
7
9
9
30
8
14
9
41
9
81
9
99
3
69
7
59
6
99
8
70
0
50
8
20
8
80
6
79
7
91
7
79
9
19
10
52
9
21
1
49
8
10
9
10
8
6
9
47
8
40
9
90
6
28
3
68
9
89
7
99
8
80
6
89
6
9
8
99
6
68
9
72
7
59
9
13
6
69
1
27
9
91
10
52
9
37
3
89
9
11
6
27
8
38
4
28
7
49
0
90
0
40
9
91
9
47
7
4
9
71
8
17
9
61
9
98
8
16
10
22
2
69
6
79
9
91
8
6
6
19
0
0
7
39
7
49
7
59
1
71
1
99
6
81
10
22
6
89
8
26
8
98
6
55
3
29
9
38
7
19
6
59
7
29
7
39
7
49
7
79
3
99
6
9
8
26
8
50
9
80
6
9
6
59
9
80
9
41
4
87
6
9
9
51
6
19
0
70
7
29
8
60
6
79
7
29
1
30
9
57
0
57
8
27
9
62
6
49
9
71
7
19
1
62
7
38
1
79
6
59
8
18
9
20
9
72
0
24
6
79
6
69
6
49
9
27
6
39
1
15
9
91
9
70
8
16
9
41
6
49
7
99
6
69
8
99
9
10
5
58
7
69
7
9
6
59
7
39
9
71
6
47
8
18
8
97
8
30
1
17
8
56
8
30
7
26
9
81
8
70
1
54
1
49
8
11
7
69
8
20
6
3
0
0
10
82
8
87
1
70
7
78
3
63
1
96
4
72
8
2
2
31
6
88
8
80
3
52
7
59
9
56
8
60
9
59
7
49
6
29
3
96
9
61
6
99
7
79
6
29
8
86
9
87
8
97
6
56
7
29
9
29
2
81
8
50
9
98
6
9
8
76
9
41
9
19
9
50
1
79
7
29
9
32
9
98
1
99
7
19
7
89
7
69
6
19
9
21
4
95
9
91
0
70
8
26
8
70
8
70
8
88
1
67
9
98
9
61
9
47
8
60
7
69
6
19
8
50
9
32
8
9
9
81
3
94
9
9
10
52
6
78
6
71
8
6
2
17
8
30
6
88
7
39
10
52
9
7
1
18
9
91
1
66
6
19
9
20
2
76
6
78
8
78
9
58
7
28
6
76
9
81
6
69
7
49
6
29
9
99
6
49
6
28
9
12
3
99
7
47
9
31
1
16
3
96
7
91
1
49
0
70
6
81
6
49
6
29
8
50
4
86
7
99
8
37
2
23
8
97
6
19
2
49
9
83
1
99
6
9
3
58
8
50
7
19
7
88
8
16
1
23
8
97
9
77
9
19
9
48
7
21
8
91
8
3
9
27
8
97
8
40
9
31
3
60
10
22
1
7
6
59
3
9
6
89
3
93
8
50
7
79
6
89
7
57
8
40
8
19
8
39
9
42
9
18
9
19
8
54
7
1
8
31
2
91
6
29
6
58
9
62
6
46
9
20
7
34
9
32
7
29
7
49
7
39
8
14
9
89
7
67
7
28
9
41
7
29
9
42
4
17
6
79
6
99
6
59
6
39
7
99
9
41
6
99
8
6
9
61
0
68
8
80
9
11
9
67
8
59
0
80
2
39
9
32
9
31
9
28
9
18
8
60
9
97
7
55
1
19
9
99
9
49
9
72
8
20
7
59
6
69
7
69
0
89
9
98
8
7
7
29
8
87
6
99
9
41
9
12
9
60
8
71
3
59
8
60
8
99
9
48
7
9
9
27
9
98
6
66
6
79
8
76
1
6
8
30
6
29
1
9
9
71
8
10
6
78
4
39
7
59
9
71
1
68
2
90
9
9
2
20
7
39
6
19
9
71
6
99
9
99
