8
66
6
57
8
96
6
79
5
69
8
90
5
79
0
40
6
48
8
96
8
9
6
89
8
49
7
29
6
39
8
50
8
10
6
97
5
69
8
28
0
90
5
79
9
91
5
9
8
14
6
48
8
40
8
40
7
89
8
45
8
35
8
69
5
69
8
19
8
48
5
59
5
45
7
69
6
19
8
70
9
61
5
69
9
41
8
5
9
10
9
81
5
27
0
40
9
91
6
96
9
17
8
25
9
60
9
48
7
85
7
19
5
79
6
69
9
11
5
55
7
49
5
79
6
27
6
29
7
45
7
35
7
69
9
58
7
39
7
26
8
60
5
38
6
5
6
49
8
47
6
19
9
8
8
15
5
69
7
87
8
60
5
47
9
11
5
41
7
9
7
35
8
68
7
69
7
37
8
20
7
57
7
9
8
50
8
87
5
29
9
51
9
49
5
28
7
49
9
27
6
59
9
29
9
99
8
78
0
20
9
10
9
69
7
26
8
55
8
9
8
77
8
18
7
79
5
88
5
12
7
29
9
18
9
87
6
6
5
89
6
65
9
91
6
47
7
35
8
66
7
56
8
68
7
66
8
16
7
99
7
21
9
99
8
10
6
29
8
38
5
39
7
39
5
68
7
2
6
19
5
19
8
40
6
66
7
99
8
99
6
27
7
26
8
56
5
89
9
41
5
69
5
29
7
45
7
19
5
26
9
99
7
5
9
37
8
40
8
40
5
75
6
88
9
99
6
69
7
59
8
28
9
71
5
8
7
15
0
10
8
10
7
86
5
85
7
19
5
7
5
99
5
26
8
27
6
68
6
69
8
46
6
39
8
46
8
40
7
59
6
19
5
88
7
88
7
89
6
78
6
85
9
78
6
88
9
58
7
19
5
19
5
67
6
59
5
21
6
96
0
60
6
98
5
89
5
65
6
89
9
81
7
18
5
12
5
18
6
38
7
17
8
7
6
87
9
87
5
79
6
38
0
80
6
39
5
19
8
90
8
69
9
91
6
29
7
89
5
69
8
10
5
64
7
86
8
30
6
19
9
99
7
85
8
90
5
29
5
55
9
61
8
25
8
80
9
78
9
99
9
78
6
49
7
55
5
97
8
27
7
92
6
99
8
70
6
46
7
49
6
39
4
74
7
79
8
89
5
68
6
59
3
39
8
70
5
49
9
99
8
28
5
43
8
80
6
29
7
69
8
50
5
99
8
16
5
17
8
46
7
79
6
62
1
81
8
56
8
6
8
40
9
11
5
79
9
41
8
99
5
26
5
49
8
15
6
1
5
39
9
39
7
29
9
28
0
70
7
39
6
19
8
25
8
79
6
89
9
69
5
16
6
93
9
87
9
60
0
30
4
69
5
67
8
37
9
51
7
69
6
19
5
67
1
54
2
91
2
12
6
86
6
39
3
14
8
96
9
60
9
21
8
10
8
16
7
76
8
15
8
60
6
69
4
37
8
60
8
16
9
41
5
86
8
59
9
4
0
90
5
59
7
55
7
23
6
19
8
90
8
16
9
18
5
38
8
20
9
17
5
9
9
54
7
9
6
19
8
56
5
29
7
49
7
76
5
79
0
29
5
38
6
66
6
78
5
85
9
41
9
99
8
49
7
75
6
9
9
81
6
99
9
71
9
89
5
89
6
85
5
9
1
98
7
91
6
49
8
28
7
9
9
43
6
49
7
54
1
46
7
49
3
49
8
75
5
99
6
9
7
59
7
79
7
59
8
66
7
89
5
85
7
49
9
8
8
90
1
48
8
25
0
97
7
75
7
99
9
41
8
90
6
77
7
68
6
89
5
29
4
97
8
68
5
27
6
19
6
89
8
85
8
80
1
19
8
99
5
69
5
9
7
37
5
59
8
95
9
81
7
19
8
55
7
12
7
89
7
58
0
50
6
29
8
78
6
29
8
10
6
57
9
97
8
62
7
48
7
29
8
36
1
28
8
50
6
45
5
96
9
41
6
9
5
75
7
29
8
48
6
77
0
39
9
52
9
21
1
99
5
47
1
6
6
59
9
9
9
21
9
21
5
9
4
79
1
53
5
19
2
8
6
18
9
51
9
60
5
79
6
18
7
29
5
63
8
42
9
11
8
75
8
16
9
9
5
38
8
96
5
19
7
49
6
79
7
27
7
59
5
29
9
57
6
59
8
99
1
11
6
91
0
0
8
70
4
41
7
75
5
49
7
66
6
89
6
9
5
78
7
29
4
29
8
95
7
7
7
25
7
59
7
89
5
39
5
25
8
40
6
18
1
50
7
95
5
26
6
76
5
37
7
49
1
94
8
7
3
67
6
89
5
8
7
89
6
59
9
23
9
7
9
99
8
95
9
59
0
30
7
9
8
20
9
11
8
6
3
27
7
7
4
9
8
88
1
73
8
50
8
58
7
99
8
55
7
19
7
28
4
88
7
19
5
69
9
20
5
65
9
99
1
69
6
76
7
65
4
48
6
7
6
47
7
25
8
8
7
99
9
51
2
28
9
27
8
70
9
60
8
99
7
9
7
87
6
69
8
20
5
95
3
5
5
49
1
56
8
65
8
76
5
19
5
49
8
80
1
23
3
69
7
61
9
38
8
41
6
88
4
57
8
77
4
71
6
67
8
30
9
31
6
29
7
49
9
38
5
29
1
7
9
81
5
49
1
89
2
29
1
45
2
86
9
59
8
98
6
5
8
19
8
51
7
89
8
10
6
9
8
29
7
14
9
40
8
80
9
99
3
69
6
58
5
98
7
69
0
50
7
19
7
79
5
79
6
91
6
79
8
18
9
53
9
20
1
49
7
9
9
9
7
5
9
47
7
39
8
89
5
27
3
68
8
88
6
99
7
79
5
89
5
8
7
99
5
67
9
71
6
59
8
13
5
69
1
26
8
90
9
51
8
36
3
89
8
10
5
27
7
38
4
28
6
48
0
90
0
40
9
91
8
46
6
4
8
70
7
16
8
60
9
97
7
15
9
21
2
68
5
79
8
90
7
5
5
19
0
0
6
39
6
49
6
59
1
71
1
99
5
81
9
21
5
88
8
25
7
97
5
55
3
29
8
37
6
19
5
59
6
29
6
39
6
48
6
79
3
99
5
8
7
25
7
49
8
79
5
9
5
59
8
79
8
40
4
86
5
9
8
50
5
19
0
70
6
29
7
59
5
79
6
29
1
30
8
56
0
57
7
26
9
61
5
49
8
71
6
19
1
62
6
37
1
79
5
59
7
17
9
19
9
71
0
24
5
79
5
69
5
49
8
26
5
39
1
15
8
90
9
69
8
15
8
40
5
49
6
99
5
68
7
99
8
9
4
58
6
69
6
9
5
59
6
39
8
70
5
46
7
18
7
96
7
29
1
17
8
55
7
29
6
25
8
80
7
69
1
54
1
49
7
11
6
69
7
19
5
3
0
0
9
81
7
86
1
70
6
77
3
63
1
95
4
72
7
2
2
31
5
87
7
79
3
52
6
58
8
56
7
59
9
58
6
49
5
28
3
95
8
60
5
99
6
79
5
29
8
85
8
86
7
96
5
55
6
29
8
28
2
81
7
49
9
97
5
9
7
76
8
40
8
18
8
49
1
78
6
29
9
31
8
98
1
99
6
19
6
89
6
68
5
19
8
20
4
95
8
90
0
70
7
25
7
69
7
69
7
87
1
67
9
97
8
60
8
46
7
59
6
69
5
18
7
49
9
31
7
8
9
80
3
94
9
8
9
51
5
77
5
71
7
5
2
16
7
29
5
87
6
39
9
51
8
6
1
17
8
90
1
65
5
19
9
19
2
75
5
77
7
77
8
57
6
27
5
75
8
80
5
69
6
49
5
28
8
99
5
49
5
27
9
11
3
99
6
47
8
30
1
16
3
95
6
92
1
49
0
70
5
81
5
49
5
29
7
49
4
85
6
99
7
36
2
23
7
96
5
19
2
49
8
83
1
99
5
9
3
57
7
49
6
19
6
87
8
15
1
23
7
96
8
76
9
18
8
48
6
21
7
91
7
3
8
26
7
96
7
39
8
30
3
60
9
21
1
7
5
59
3
9
5
89
3
93
7
49
6
79
5
89
6
56
7
39
7
18
7
38
9
41
9
17
8
20
7
54
6
1
7
31
2
91
5
29
5
57
9
61
5
45
9
19
6
34
9
31
6
29
6
49
6
39
7
14
8
88
6
66
6
28
8
40
6
29
9
41
4
16
5
79
5
99
5
59
5
39
6
99
8
40
5
99
7
5
8
60
0
68
7
79
8
10
8
66
7
58
0
80
2
39
9
31
8
30
9
27
9
17
7
59
8
96
6
55
1
19
8
99
9
49
9
71
7
19
6
59
5
69
6
69
0
88
8
98
7
6
6
29
7
86
5
99
9
41
9
11
9
59
7
71
3
59
7
59
7
99
8
47
6
9
8
26
8
97
5
66
5
79
8
75
1
5
7
29
5
29
1
9
9
70
7
9
5
77
4
39
6
58
8
70
1
67
2
90
9
8
2
20
6
39
5
19
9
70
5
99
9
99
