9
74
9
64
9
99
19
94
9
74
19
71
19
94
0
40
19
64
9
99
9
14
9
94
19
64
9
34
9
44
19
64
9
14
9
99
9
74
9
34
0
90
19
94
9
94
9
14
9
0
19
64
9
44
9
44
9
94
8
45
9
44
9
74
9
74
19
34
19
64
9
64
19
64
9
74
19
34
9
74
9
64
9
74
9
44
9
14
9
14
19
94
9
34
0
40
9
94
9
99
19
34
9
34
9
64
19
64
9
94
19
34
19
94
9
74
9
14
9
64
19
64
19
94
9
34
9
34
19
64
9
44
9
74
9
64
9
44
9
34
9
64
9
44
9
14
19
64
19
64
19
34
9
14
19
34
9
74
9
94
9
64
9
47
9
14
9
36
9
14
9
44
9
74
9
74
9
44
19
34
9
64
9
14
19
64
9
94
9
34
19
64
19
64
9
34
19
64
9
34
9
64
9
34
9
99
19
94
0
20
9
14
9
74
9
34
9
64
9
14
19
94
19
34
19
94
9
94
9
12
9
34
19
34
9
94
9
14
9
94
9
74
9
94
19
64
9
44
9
74
9
64
9
68
9
66
19
34
9
99
19
21
9
99
9
14
9
34
9
44
9
44
9
44
9
68
9
2
19
34
19
34
9
44
9
74
9
99
9
99
9
34
9
34
9
64
9
94
9
44
9
74
9
34
19
64
19
34
9
26
9
99
9
14
9
44
9
44
9
44
19
94
9
94
9
99
9
74
9
64
9
34
9
74
9
14
19
34
0
10
9
14
9
94
9
94
19
34
9
14
9
99
9
34
9
34
9
74
9
74
19
64
9
44
19
64
9
44
9
64
19
34
9
88
9
94
9
94
19
94
9
94
19
94
9
94
9
64
19
34
19
34
9
74
9
64
19
21
9
99
0
60
9
99
9
94
9
74
9
94
19
94
19
34
9
12
19
34
9
44
19
34
9
14
9
94
9
94
19
94
9
44
0
80
9
44
19
34
9
94
9
74
9
94
9
34
9
94
9
74
9
14
9
63
9
94
9
34
19
34
9
99
9
94
9
94
9
29
9
64
9
64
9
34
19
94
9
78
9
99
19
94
19
64
9
64
9
99
9
34
9
92
9
99
9
74
19
64
19
64
9
44
4
74
19
94
9
94
9
74
9
64
3
39
9
74
19
64
9
99
9
34
9
43
19
94
9
34
9
74
19
64
9
99
19
34
19
34
19
64
19
94
9
56
1
81
9
64
9
14
9
44
9
14
19
94
9
44
9
99
9
34
19
64
19
34
9
0
9
44
9
39
9
34
9
34
0
70
9
44
19
34
8
25
19
94
9
94
9
74
19
34
9
93
9
94
9
64
0
30
4
69
9
74
9
44
19
64
9
74
19
34
9
74
1
54
2
91
2
12
9
86
9
44
3
14
9
99
9
64
19
34
9
14
19
34
19
94
19
34
9
64
9
74
4
39
9
64
19
34
9
44
9
94
9
64
9
4
0
90
9
64
9
64
19
16
19
34
9
94
19
34
9
18
9
44
19
34
19
34
9
14
9
54
9
14
19
34
9
64
9
34
19
64
19
94
19
94
0
29
9
44
9
74
19
94
9
94
9
44
9
99
19
64
9
66
9
14
19
94
9
99
9
74
9
94
9
94
9
94
9
14
1
99
9
91
19
64
9
34
9
14
9
43
19
64
9
54
1
46
19
64
3
49
19
94
9
99
9
14
9
64
19
94
9
64
9
74
9
94
9
94
19
64
9
14
9
94
1
48
8
25
0
97
9
66
9
99
9
44
9
94
19
94
9
74
9
94
9
34
4
99
9
74
9
34
19
34
9
94
9
94
19
94
1
19
9
99
9
74
9
14
9
44
9
64
8
95
19
94
19
34
9
64
9
6
9
94
9
64
0
50
9
34
19
94
9
34
9
14
9
64
9
99
9
56
19
64
9
34
9
44
1
29
19
64
19
64
9
99
9
44
9
14
19
94
9
34
19
64
19
94
0
39
19
52
19
34
1
99
19
64
1
9
9
64
9
6
19
34
19
34
9
14
4
79
1
53
19
34
2
8
19
34
19
64
9
64
19
94
19
34
9
34
9
63
9
42
9
14
8
75
19
34
9
14
9
44
9
99
19
34
19
64
19
94
9
34
9
64
9
34
9
57
9
64
9
99
1
11
9
86
0
0
9
74
4
41
8
75
19
64
9
74
9
94
9
14
19
94
9
34
4
29
8
95
9
14
9
34
9
64
9
94
9
44
9
34
9
44
19
34
1
50
9
99
9
34
19
94
9
44
19
64
1
91
9
14
3
67
9
94
9
14
9
94
9
64
19
22
9
14
9
99
9
99
9
64
0
30
9
14
19
34
9
14
9
14
3
29
9
14
4
9
9
94
1
73
9
46
9
64
9
99
19
46
19
34
9
28
9
88
19
34
9
74
19
34
9
56
9
99
1
69
19
94
9
74
4
48
9
14
19
64
9
34
9
14
9
99
19
64
2
29
9
27
9
74
9
64
9
99
9
14
9
94
9
74
19
34
8
95
3
9
19
64
8
56
8
65
19
94
19
34
19
64
19
94
1
21
3
69
9
56
9
38
9
41
9
94
4
57
19
94
4
71
9
74
9
34
9
34
9
34
19
64
9
38
9
34
1
9
19
94
19
64
1
89
2
29
1
45
2
86
9
64
9
99
9
14
19
34
19
51
9
94
9
14
9
14
9
34
9
14
9
44
19
94
9
99
3
69
9
64
9
99
9
74
0
50
19
34
19
94
19
94
9
86
19
94
19
34
19
52
19
34
1
49
9
14
9
14
9
14
9
47
9
44
9
94
9
34
3
68
9
94
9
99
19
94
9
94
9
14
9
99
9
74
9
74
9
64
9
13
9
74
1
29
9
94
19
64
9
44
3
89
9
14
9
27
9
38
4
28
19
64
0
90
0
40
9
91
19
64
9
3
9
74
19
34
9
64
9
99
19
34
19
34
2
69
9
79
9
94
9
14
19
34
0
0
9
44
19
64
9
64
1
71
1
99
19
81
19
34
9
94
9
34
9
99
8
55
3
29
9
44
19
34
9
64
9
34
9
44
19
64
19
94
3
99
9
14
9
34
19
64
19
94
9
14
9
64
19
94
9
44
4
89
9
14
19
64
19
34
0
70
9
34
9
64
19
94
9
34
1
30
9
64
0
57
9
34
9
64
19
64
9
71
19
34
1
62
9
44
1
79
9
64
19
34
19
34
9
74
0
24
19
94
9
74
19
64
9
34
9
44
1
15
9
94
9
74
19
34
9
44
19
64
9
99
9
74
9
99
9
14
9
58
9
74
9
14
9
59
9
44
9
74
19
64
9
18
9
99
9
34
1
17
9
64
9
34
9
34
19
94
9
74
1
54
1
49
9
11
9
74
19
34
9
3
0
0
19
94
9
94
1
70
19
94
3
63
1
99
4
72
9
2
2
31
9
94
19
94
3
52
9
64
9
56
9
64
9
64
19
64
9
34
3
99
9
64
9
99
19
94
9
34
9
94
9
94
9
99
9
64
9
34
9
34
2
81
19
64
9
99
9
14
9
76
9
44
19
34
19
64
1
79
9
34
9
34
9
98
1
99
19
34
9
94
9
74
19
34
19
34
4
95
9
94
0
70
9
34
9
74
9
74
9
94
1
67
9
99
9
64
19
64
9
64
9
74
19
34
19
64
9
34
9
14
19
94
3
94
9
14
19
64
19
94
9
71
9
14
2
19
9
34
9
94
9
44
19
64
9
14
1
19
9
94
1
69
19
34
19
34
2
79
19
94
19
94
9
64
9
34
19
94
19
94
9
74
19
64
9
34
9
99
19
64
9
34
9
14
3
99
9
47
9
34
1
16
3
99
9
86
1
49
0
70
19
81
19
64
9
34
19
64
4
89
9
99
9
44
2
23
9
99
19
34
2
49
19
82
1
99
9
14
3
59
19
64
19
34
9
94
19
34
1
23
9
99
19
94
19
34
9
48
19
21
9
91
9
3
9
34
9
99
9
44
9
34
3
60
19
34
1
7
9
64
3
9
9
94
3
93
19
64
19
94
9
94
9
64
9
44
19
34
9
44
9
44
19
34
9
16
9
54
9
1
9
31
2
91
9
34
9
64
9
64
19
64
19
34
9
33
9
34
9
34
19
64
9
44
9
14
9
94
9
74
9
28
9
44
9
34
9
44
4
19
19
94
9
99
9
64
9
44
9
99
9
44
9
99
9
14
9
64
0
68
19
94
9
14
9
74
9
64
0
80
2
39
9
34
9
34
9
34
19
34
9
64
9
99
8
55
1
19
9
99
9
49
9
74
19
34
9
64
9
74
9
74
0
89
9
98
9
14
9
34
9
94
9
99
9
41
9
14
9
64
9
71
3
59
9
64
9
99
19
64
9
14
9
34
9
99
9
66
19
94
19
94
1
9
9
34
9
34
1
9
9
74
9
14
19
94
4
39
9
64
9
74
1
69
2
90
9
14
2
20
9
44
19
34
9
74
9
99
9
99
