9
69
9
60
9
99
9
81
8
70
9
87
8
80
0
40
9
51
9
99
9
12
9
91
10
52
9
32
9
41
11
53
9
13
9
99
8
70
9
31
0
90
8
80
9
94
8
10
9
11
9
51
9
43
9
43
9
92
8
45
9
38
9
72
8
70
10
22
9
51
8
60
8
48
9
72
9
21
9
73
9
64
8
70
9
44
9
8
9
13
12
84
8
30
0
40
9
94
9
99
9
20
9
28
9
63
9
51
9
88
10
22
8
80
9
71
9
14
8
58
10
52
8
80
9
30
9
31
9
48
9
38
9
72
9
61
9
42
9
29
9
63
8
40
9
8
9
51
9
50
9
21
9
11
9
18
8
70
9
90
9
63
8
47
9
14
8
40
9
12
9
38
9
71
9
72
9
40
11
23
9
60
9
12
11
53
9
90
8
30
12
54
10
52
8
30
10
52
9
30
9
61
9
32
9
99
9
81
0
20
9
13
9
72
9
29
9
58
9
12
9
80
9
21
10
82
8
90
8
12
9
32
9
21
9
90
9
9
8
90
9
68
9
94
9
50
9
38
9
69
9
59
9
68
9
66
9
19
9
99
10
21
9
99
9
13
9
31
9
41
8
40
9
42
8
68
9
2
9
21
8
20
9
43
9
69
9
99
9
99
9
30
9
29
9
59
8
90
9
44
8
70
8
30
9
48
10
22
8
26
9
99
9
8
9
40
9
43
9
43
8
78
9
91
9
99
9
71
9
62
9
31
9
74
8
10
9
18
0
10
9
13
9
89
8
88
10
22
8
10
8
99
8
29
9
30
9
71
9
71
9
49
9
41
9
49
9
43
9
62
9
21
8
88
9
91
9
92
9
81
9
88
9
81
9
91
9
61
10
22
8
20
8
70
9
61
8
21
9
99
0
60
9
99
8
90
8
68
9
91
12
84
9
21
8
12
8
20
9
41
9
20
9
10
9
90
9
90
8
80
9
41
0
80
9
41
8
20
9
93
9
72
9
94
9
31
9
92
8
70
9
13
8
64
9
89
9
33
9
21
9
99
9
88
9
93
8
29
8
58
9
64
9
28
11
83
9
78
9
99
9
81
9
51
9
58
8
99
9
30
9
92
9
99
9
73
9
49
10
52
9
41
4
74
10
82
9
92
8
70
9
61
3
39
9
73
8
50
9
99
9
31
8
43
11
83
9
31
9
72
11
53
8
99
9
19
8
20
9
49
10
82
9
59
1
81
9
59
9
9
9
43
9
14
8
80
9
44
9
99
8
29
8
50
9
18
9
0
8
40
9
39
9
32
9
31
0
70
9
42
9
21
8
25
10
82
9
91
9
72
8
19
9
93
9
90
9
63
0
30
4
69
8
70
9
40
12
54
9
72
9
21
8
70
1
54
2
91
2
12
9
86
9
41
3
14
9
99
9
63
12
24
9
13
9
19
9
79
9
18
9
63
9
71
4
39
9
63
9
19
9
44
8
89
9
62
9
4
0
90
8
60
9
58
10
21
9
21
9
93
9
19
9
18
8
40
11
23
9
20
8
10
9
54
9
12
9
21
9
59
8
30
10
52
9
79
8
80
0
29
8
40
9
69
9
81
8
88
9
44
9
99
10
52
9
72
9
11
12
84
9
99
9
74
9
92
8
90
9
88
8
10
1
99
9
91
9
51
9
31
9
12
9
43
9
51
9
54
1
46
10
52
3
49
9
78
8
99
9
11
9
62
10
82
9
62
9
69
9
92
8
88
10
52
9
11
9
93
1
48
8
25
0
97
9
72
9
99
9
44
9
93
9
80
9
71
9
91
8
30
4
99
9
71
8
30
9
21
9
91
9
88
11
83
1
19
9
99
8
70
8
10
9
40
8
60
8
95
12
84
10
22
9
58
9
9
9
92
9
61
0
50
9
31
9
81
9
31
9
13
9
60
9
99
9
59
9
51
9
32
9
39
1
29
11
53
9
48
8
99
9
44
9
11
8
78
9
32
9
51
9
80
0
39
12
52
12
24
1
99
8
50
1
9
9
61
9
6
12
24
12
24
8
10
4
79
1
53
8
20
2
8
9
21
12
54
9
63
8
80
9
21
9
32
8
63
9
42
9
14
8
75
9
19
9
12
8
40
9
99
8
20
10
52
9
81
9
30
9
62
8
30
9
57
9
61
9
99
1
11
9
89
0
0
9
73
4
41
8
75
8
50
9
69
9
91
9
11
8
80
9
32
4
29
8
95
9
10
9
28
9
62
9
92
8
40
8
28
9
43
9
21
1
50
9
98
8
29
9
79
8
40
10
52
1
91
9
10
3
67
9
91
8
10
9
92
9
61
12
22
9
10
9
99
9
98
9
62
0
30
9
12
11
23
9
14
9
9
3
29
9
10
4
9
9
91
1
73
9
47
9
61
9
99
10
52
10
22
9
28
7
88
10
22
8
70
11
23
8
62
9
99
1
69
9
79
9
68
4
48
9
10
9
50
9
28
9
11
9
99
12
54
2
29
9
27
9
73
9
63
9
99
9
12
9
90
9
71
11
23
8
95
3
8
8
50
1
56
8
65
9
79
8
20
8
50
11
83
1
21
3
69
9
58
9
38
9
41
9
91
4
57
9
80
4
71
9
70
9
33
9
34
9
31
10
52
9
38
8
30
1
9
12
84
8
50
1
89
2
29
1
45
2
86
9
62
9
99
9
8
10
22
11
51
9
92
9
13
9
11
9
32
9
14
9
43
11
83
9
99
3
69
9
61
8
99
9
72
0
50
10
22
10
82
8
80
9
89
9
81
9
21
12
52
11
23
1
49
9
12
9
12
9
8
9
47
9
42
9
92
8
30
3
68
9
91
9
99
10
82
8
90
8
10
9
99
8
70
9
74
9
61
9
13
8
70
1
29
9
93
12
54
9
39
3
89
9
13
8
27
9
38
4
28
9
51
0
90
0
40
9
91
9
49
9
3
9
73
9
19
9
63
9
99
9
18
12
24
2
69
8
79
9
93
9
8
8
20
0
0
9
41
9
51
9
61
1
71
1
99
8
81
12
24
8
90
9
28
9
99
8
55
3
29
9
40
9
21
8
60
9
31
9
41
9
51
9
81
3
99
8
10
9
28
10
52
10
82
8
10
8
60
10
82
9
43
4
89
8
10
11
53
8
20
0
70
9
31
9
62
8
80
9
31
1
30
9
59
0
57
9
29
9
64
8
50
9
71
9
21
1
62
9
40
1
79
8
60
9
20
10
22
9
74
0
24
8
80
8
70
8
50
9
29
8
40
1
15
9
93
9
72
9
18
9
43
8
50
9
99
8
70
9
99
9
12
7
58
9
71
9
11
8
59
9
41
9
73
8
49
9
18
9
99
9
32
1
17
9
58
9
32
9
28
11
83
9
72
1
54
1
49
9
11
9
71
10
22
8
3
0
0
12
84
9
89
1
70
9
80
3
63
1
98
4
72
9
2
2
31
8
90
10
82
3
52
9
61
9
56
9
62
9
61
9
51
8
30
3
98
9
63
8
99
9
81
8
30
9
88
9
89
9
99
8
58
9
31
9
31
2
81
10
52
9
99
8
10
9
76
9
43
9
21
10
52
1
79
9
31
9
34
9
98
1
99
9
21
9
91
9
71
8
20
11
23
4
95
9
93
0
70
9
28
9
72
9
72
9
90
1
67
9
99
9
63
9
49
9
62
9
71
8
20
10
52
9
34
9
11
11
83
3
94
9
11
12
54
8
80
8
71
9
8
2
19
9
32
8
90
9
41
12
54
9
9
1
19
9
93
1
68
8
20
10
22
2
78
8
80
9
80
9
60
9
30
8
78
11
83
8
70
9
51
8
30
9
99
8
50
8
30
9
14
3
99
9
47
9
33
1
16
3
98
9
89
1
49
0
70
8
81
8
50
8
30
10
52
4
88
9
99
9
39
2
23
9
99
8
20
2
49
11
82
1
99
8
10
3
59
10
52
9
21
9
90
9
18
1
23
9
99
9
79
9
21
9
48
9
21
9
91
9
3
9
29
9
99
9
42
9
33
3
60
12
24
1
7
8
60
3
9
8
90
3
93
10
52
9
81
8
90
9
59
9
42
9
21
9
41
9
44
9
20
9
17
9
54
9
1
9
31
2
91
8
30
8
60
9
64
8
48
10
22
9
33
9
34
9
31
9
51
9
41
9
14
9
91
9
69
9
28
9
43
9
31
9
44
4
19
8
80
8
99
8
60
8
40
9
99
9
43
8
99
9
8
9
63
0
68
10
82
9
13
9
69
9
61
0
80
2
39
9
34
9
33
9
30
9
20
9
62
9
99
8
55
1
19
9
99
9
49
9
74
10
22
9
61
8
70
9
71
0
89
9
98
9
9
9
31
9
89
8
99
9
41
9
14
9
62
9
71
3
59
9
62
9
99
9
50
9
11
9
29
9
99
8
66
8
80
9
78
1
8
9
32
8
30
1
9
9
73
9
12
8
80
4
39
9
61
9
73
1
69
2
90
9
11
2
20
9
41
8
20
9
73
8
99
9
99
