6
63
3
54
5
93
3
79
2
67
5
91
2
79
0
40
3
45
5
93
5
6
3
86
5
46
4
26
3
39
5
48
5
7
3
94
2
67
5
25
0
90
2
79
6
88
2
8
6
17
3
45
5
39
5
37
4
86
6
45
5
32
5
66
2
69
5
16
5
45
2
57
2
42
4
66
3
19
5
69
6
59
2
69
6
39
5
2
6
7
6
79
2
24
0
40
6
89
3
93
6
14
5
22
6
57
6
45
4
82
4
19
2
77
3
69
6
9
2
52
4
49
2
78
3
24
3
27
4
42
4
32
4
68
6
55
4
37
4
23
5
59
2
35
3
2
3
49
5
44
3
16
6
5
5
12
2
68
4
84
5
58
2
47
6
9
2
41
4
9
4
32
5
65
4
69
4
34
5
17
4
54
4
9
5
49
5
84
2
29
6
49
6
46
2
25
4
49
6
24
3
59
6
26
6
97
5
75
0
20
6
7
6
66
4
23
5
52
5
6
5
74
5
15
4
79
2
85
2
12
4
29
6
15
6
84
3
3
2
89
3
62
6
88
3
44
4
32
5
63
4
53
5
68
4
66
6
13
4
99
4
21
6
99
5
9
3
29
5
35
2
39
4
39
2
68
4
2
3
19
2
16
5
39
3
63
4
96
5
99
3
24
4
23
5
53
2
89
6
39
2
69
2
29
4
42
4
19
2
26
6
98
4
2
6
34
5
39
5
37
2
72
3
85
6
97
3
68
4
59
5
25
6
69
2
5
4
12
0
10
5
7
4
83
2
82
4
19
2
4
2
99
2
23
5
24
3
65
3
67
5
43
3
39
5
43
5
37
4
59
3
16
2
88
4
85
4
88
3
75
3
82
6
75
3
85
6
55
4
18
2
16
2
64
3
59
2
21
3
93
0
60
3
95
2
89
2
62
3
87
6
78
4
15
2
12
2
15
3
35
4
14
5
4
3
84
6
84
2
79
3
35
0
80
3
38
2
19
5
89
5
66
6
89
3
28
4
88
2
68
5
8
2
64
4
83
5
28
3
16
6
98
4
82
5
89
2
29
2
52
6
59
5
22
5
77
6
78
6
98
6
75
3
49
4
52
2
94
5
24
4
92
3
96
5
69
3
43
4
47
3
39
4
74
4
77
5
86
2
65
3
59
3
39
5
67
2
49
6
98
5
25
2
43
5
77
3
27
4
66
5
48
2
99
5
13
2
14
6
43
4
79
3
65
1
81
6
53
6
3
5
39
6
9
2
78
6
38
5
97
2
23
2
48
5
12
3
4
2
37
6
39
4
29
6
25
0
70
4
39
3
16
5
25
5
76
3
89
6
66
2
13
3
93
6
84
6
57
0
30
4
69
2
64
5
34
6
48
4
68
3
19
2
64
1
54
2
91
2
12
3
86
3
39
3
14
6
93
6
57
6
19
5
7
6
13
4
73
5
12
5
57
3
69
4
34
5
57
5
13
6
39
2
83
5
56
6
4
0
90
2
57
4
52
4
26
3
16
5
88
5
13
6
18
2
35
5
19
6
14
2
9
6
54
4
9
3
19
6
53
2
28
4
46
4
73
2
77
0
29
2
35
3
63
3
75
2
82
6
39
6
99
5
46
4
78
3
9
6
79
3
99
6
69
6
86
2
88
3
82
2
9
1
95
4
91
3
49
5
25
4
9
6
43
3
49
4
54
1
46
4
49
3
46
5
72
2
99
3
9
4
57
4
76
4
56
5
63
4
86
2
82
4
46
6
5
5
89
2
48
5
25
0
97
4
78
4
99
6
39
5
89
3
74
4
65
3
89
2
29
4
94
5
65
2
24
3
19
3
89
5
82
5
77
1
18
5
98
2
66
2
6
4
34
2
57
5
95
6
79
4
17
5
52
4
15
4
89
4
55
0
50
3
27
5
75
3
29
5
9
3
54
6
94
5
65
4
45
4
27
6
33
1
25
5
48
3
42
2
93
6
39
3
9
2
72
4
29
5
45
3
74
0
39
6
52
6
19
1
98
2
44
1
3
3
57
6
11
6
18
6
18
2
6
4
78
1
53
2
19
2
8
3
15
6
48
6
57
2
77
3
15
4
29
2
63
5
42
6
8
5
75
5
13
6
6
2
35
5
93
2
19
4
46
3
79
4
24
4
59
2
28
6
57
3
56
5
96
1
11
3
94
0
0
5
68
4
41
4
75
2
48
4
63
3
89
3
7
2
75
4
28
4
29
6
95
4
4
4
22
4
59
4
86
2
37
2
22
5
38
3
15
1
50
4
92
2
23
3
73
2
34
4
47
1
97
5
4
3
67
3
88
2
5
4
87
3
58
6
24
6
4
6
99
5
92
6
56
0
30
4
8
5
19
6
9
6
3
3
24
4
4
4
9
5
85
2
73
5
51
5
55
4
97
5
58
4
17
4
28
1
88
4
19
2
66
6
17
2
68
6
99
1
69
3
73
4
62
4
48
3
4
3
44
4
22
5
5
4
99
6
49
2
25
6
27
5
69
6
57
5
96
4
7
4
84
3
69
5
18
2
95
3
2
2
46
1
56
5
65
6
73
2
17
2
46
5
79
1
26
3
68
4
61
6
38
5
41
3
85
4
57
5
74
4
72
3
64
5
27
6
29
3
29
4
46
6
38
2
29
1
4
6
78
2
48
1
89
2
28
1
45
2
86
6
56
5
95
3
2
5
16
5
51
4
89
5
9
3
7
5
26
4
14
6
37
5
79
6
99
3
67
3
55
2
95
4
69
0
50
4
18
4
77
2
79
3
94
3
79
5
15
6
53
6
17
1
49
4
9
6
6
4
2
6
47
4
39
5
86
2
24
3
68
5
85
3
96
4
76
2
87
2
5
4
99
2
64
6
69
3
56
5
13
2
66
1
23
5
89
6
49
5
33
3
88
5
8
2
27
4
38
4
28
3
45
0
90
0
40
6
91
6
43
3
4
5
69
4
13
5
59
6
94
4
12
6
19
2
65
2
79
5
88
4
2
2
17
0
0
3
39
3
49
3
59
1
73
1
99
2
81
6
19
2
85
5
22
4
94
2
55
3
28
5
34
3
16
2
56
3
29
3
36
3
45
3
77
3
99
2
5
4
22
4
49
5
76
2
6
2
58
5
76
5
39
4
83
2
9
5
49
2
19
0
70
3
26
4
59
2
79
3
29
1
30
6
53
0
57
4
23
6
59
2
48
5
71
3
17
1
62
3
34
1
76
2
58
4
14
6
16
6
69
0
24
2
76
2
68
2
49
6
23
2
36
1
15
5
88
6
66
5
12
5
38
2
49
3
97
2
65
4
99
5
6
1
58
3
69
3
6
2
59
3
36
5
69
2
43
4
18
4
93
4
26
1
17
5
52
4
27
3
22
5
79
4
69
1
54
1
48
4
11
3
69
4
17
2
3
0
0
6
79
4
83
1
70
3
74
3
63
1
92
4
72
4
2
2
31
2
84
4
77
3
52
3
55
5
56
4
59
6
55
3
49
2
25
3
92
5
57
2
99
3
79
2
29
5
82
6
83
4
93
2
52
3
26
5
25
2
81
4
47
6
94
2
9
4
76
5
38
5
15
5
46
1
75
3
28
6
28
5
98
1
96
3
17
3
89
3
65
2
19
5
19
4
95
5
88
0
70
4
22
4
68
4
67
4
84
1
67
6
94
5
58
6
43
4
58
3
68
2
15
4
49
6
29
4
5
6
77
3
94
6
5
6
48
2
74
2
71
4
2
2
13
4
28
2
84
3
39
6
49
6
3
1
14
5
89
1
62
2
19
6
16
2
72
2
74
4
74
5
54
3
24
2
72
5
79
2
69
3
46
2
25
5
99
2
48
2
24
6
9
3
98
3
47
5
29
1
16
3
92
3
95
1
49
0
70
2
81
2
49
2
29
4
48
4
82
3
96
4
33
2
23
4
93
2
16
2
49
5
83
1
97
2
9
3
54
4
48
3
18
3
84
5
12
1
23
4
93
5
73
6
15
5
48
3
21
4
91
4
3
6
23
4
93
4
39
5
29
3
60
6
19
1
7
2
59
3
9
2
89
3
93
4
49
3
79
2
89
3
53
4
39
4
15
4
35
6
39
6
14
5
21
4
54
3
1
4
31
2
91
2
29
2
54
6
59
2
42
6
16
3
34
6
29
3
29
3
49
3
39
4
14
5
85
3
63
3
28
5
39
3
28
6
39
4
13
2
79
2
99
2
59
2
39
3
97
5
39
2
99
4
2
5
59
0
68
4
77
5
9
6
63
4
55
0
80
2
39
6
28
5
29
6
24
6
14
4
59
5
93
3
55
1
19
5
96
6
49
6
68
4
18
3
59
2
69
3
67
2
85
5
98
4
3
3
29
4
83
2
99
6
41
6
9
6
56
4
71
3
59
4
56
4
99
5
44
3
9
6
23
5
94
2
66
2
79
5
72
1
2
4
26
2
28
1
6
6
67
4
9
2
74
4
39
3
55
5
69
1
64
2
90
6
5
2
20
3
36
2
16
6
67
2
98
6
98
