8
65
5
56
7
95
5
79
4
69
7
91
4
79
0
40
5
47
7
95
7
8
5
88
7
48
6
28
5
39
7
49
7
9
5
96
4
69
7
27
0
90
4
79
8
90
4
9
8
15
5
47
7
39
7
39
6
88
8
45
7
34
7
68
4
69
7
18
7
47
4
59
4
44
6
68
5
19
7
69
8
60
4
69
8
40
7
4
8
9
8
80
4
26
0
40
8
90
5
95
8
16
7
24
8
59
8
47
6
84
6
19
4
79
5
69
8
10
4
54
6
49
4
79
5
26
5
29
6
44
6
34
6
69
8
57
6
39
6
25
7
59
4
37
5
4
5
49
7
46
5
18
8
7
7
14
4
69
6
86
7
59
4
47
8
10
4
41
6
9
6
34
7
67
6
69
6
36
7
19
6
56
6
9
7
49
7
86
4
29
8
50
8
48
4
27
6
49
8
26
5
59
8
28
8
99
7
77
0
20
8
9
8
68
6
25
7
54
7
8
7
76
7
17
6
79
4
87
4
12
6
29
8
17
8
86
5
5
4
89
5
64
8
90
5
46
6
34
7
65
6
55
7
68
6
66
8
15
6
99
6
21
8
99
7
9
5
29
7
37
4
39
6
39
4
68
6
2
5
19
4
18
7
39
5
65
6
98
7
99
5
26
6
25
7
55
4
89
8
40
4
69
4
29
6
44
6
19
4
26
8
99
6
4
8
36
7
39
7
39
4
74
5
87
8
99
5
69
6
59
7
27
8
70
4
7
6
14
0
10
7
9
6
85
4
84
6
19
4
6
4
99
4
25
7
26
5
67
5
69
7
45
5
39
7
45
7
39
6
59
5
18
4
88
6
87
6
89
5
77
5
84
8
77
5
87
8
57
6
19
4
18
4
66
5
59
4
21
5
95
0
60
5
97
4
89
4
64
5
89
8
80
6
17
4
12
4
17
5
37
6
16
7
6
5
86
8
86
4
79
5
37
0
80
5
39
4
19
7
89
7
68
8
90
5
29
6
89
4
69
7
9
4
64
6
85
7
29
5
18
8
99
6
84
7
89
4
29
4
54
8
60
7
24
7
79
8
78
8
99
8
77
5
49
6
54
4
96
7
26
6
92
5
98
7
69
5
45
6
49
5
39
4
74
6
79
7
88
4
67
5
59
3
39
7
69
4
49
8
99
7
27
4
43
7
79
5
29
6
68
7
49
4
99
7
15
4
16
8
45
6
79
5
63
1
81
8
55
8
5
7
39
8
10
4
79
8
40
7
99
4
25
4
49
7
14
5
2
4
39
8
39
6
29
8
27
0
70
6
39
5
18
7
25
7
78
5
89
8
68
4
15
5
93
8
86
8
59
0
30
4
69
4
66
7
36
8
50
6
69
5
19
4
66
1
54
2
91
2
12
5
86
5
39
3
14
8
95
8
59
8
20
7
9
8
15
6
75
7
14
7
59
5
69
4
36
7
59
7
15
8
40
4
85
7
58
8
4
0
90
4
59
6
54
6
24
5
18
7
89
7
15
8
18
4
37
7
19
8
16
4
9
8
54
6
9
5
19
8
55
4
29
6
48
6
75
4
79
0
29
4
37
5
65
5
77
4
84
8
40
8
99
7
48
6
76
5
9
8
80
5
99
8
70
8
88
4
89
5
84
4
9
1
97
6
91
5
49
7
27
6
9
8
43
5
49
6
54
1
46
6
49
3
48
7
74
4
99
5
9
6
59
6
78
6
58
7
65
6
88
4
84
6
48
8
7
7
89
1
48
7
25
0
97
6
76
6
99
8
40
7
89
5
76
6
67
5
89
4
29
4
96
7
67
4
26
5
19
5
89
7
84
7
79
1
19
7
99
4
68
4
8
6
36
4
59
7
95
8
80
6
19
7
54
6
13
6
89
6
57
0
50
5
29
7
77
5
29
7
9
5
56
8
96
7
63
6
47
6
29
8
35
1
27
7
49
5
44
4
95
8
40
5
9
4
74
6
29
7
47
5
76
0
39
8
52
8
20
1
99
4
46
1
5
5
59
8
10
8
20
8
20
4
8
4
79
1
53
4
19
2
8
5
17
8
50
8
59
4
79
5
17
6
29
4
63
7
42
8
10
7
75
7
15
8
8
4
37
7
95
4
19
6
48
5
79
6
26
6
59
4
29
8
57
5
58
7
98
1
11
5
92
0
0
7
69
4
41
6
75
4
49
6
65
5
89
5
9
4
77
6
29
4
29
8
95
6
6
6
24
6
59
6
88
4
39
4
24
7
39
5
17
1
50
6
94
4
25
5
75
4
36
6
49
1
95
7
6
3
67
5
89
4
7
6
89
5
59
8
24
8
6
8
99
7
94
8
58
0
30
6
9
7
19
8
10
8
5
3
26
6
6
4
9
7
87
1
73
7
51
7
57
6
99
7
56
6
19
6
28
3
88
6
19
4
68
8
19
4
66
8
99
1
69
5
75
6
64
4
48
5
6
5
46
6
24
7
7
6
99
8
50
2
27
8
27
7
69
8
59
7
98
6
9
6
86
5
69
7
19
4
95
3
4
4
48
1
56
7
65
8
75
4
19
4
48
7
79
1
24
3
69
6
61
8
38
7
41
5
87
4
57
7
76
4
71
5
66
7
29
8
30
5
29
6
48
8
38
4
29
1
6
8
80
4
49
1
89
2
29
1
45
2
86
8
58
7
97
5
4
7
18
7
51
6
89
7
9
5
9
7
28
6
14
8
39
7
79
8
99
3
69
5
57
4
97
6
69
0
50
6
19
6
79
4
79
5
92
5
79
7
17
8
53
8
19
1
49
6
9
8
8
6
4
8
47
6
39
7
88
4
26
3
68
7
87
5
98
6
78
4
89
4
7
6
99
4
66
8
70
5
58
7
13
4
68
1
25
7
89
8
50
7
35
3
89
7
9
4
27
6
38
4
28
5
47
0
90
0
40
8
91
8
45
5
4
7
69
6
15
7
59
8
96
6
14
8
20
2
67
4
79
7
89
6
4
4
19
0
0
5
39
5
49
5
59
1
71
1
99
4
81
8
20
4
87
7
24
6
96
4
55
3
29
7
36
5
18
4
58
5
29
5
38
5
47
5
79
3
99
4
7
6
24
6
49
7
78
4
8
4
59
7
78
7
39
4
85
4
9
7
49
4
19
0
70
5
28
6
59
4
79
5
29
1
30
8
55
0
57
6
25
8
60
4
49
7
71
5
19
1
62
5
36
1
78
4
59
6
16
8
18
8
70
0
24
4
78
4
69
4
49
8
25
4
38
1
15
7
89
8
68
7
14
7
39
4
49
5
99
4
67
6
99
7
8
3
58
5
69
5
8
4
59
5
38
7
69
4
45
6
18
6
95
6
28
1
17
7
54
6
29
5
24
7
79
6
69
1
54
1
49
6
11
5
69
6
19
4
3
0
0
8
80
6
85
1
70
5
76
3
63
1
94
4
72
6
2
2
31
4
86
6
79
3
52
5
57
7
56
6
59
8
57
5
49
4
27
3
94
7
59
4
99
5
79
4
29
7
84
8
85
6
95
4
54
5
28
7
27
2
81
6
49
8
96
4
9
6
76
7
39
7
17
7
48
1
77
5
29
8
30
7
98
1
98
5
19
5
89
5
67
4
19
7
19
4
95
7
89
0
70
6
24
6
69
6
69
6
86
1
67
8
96
7
59
8
45
6
59
5
69
4
17
6
49
8
30
6
7
8
79
3
94
8
7
8
50
4
76
4
71
6
4
2
15
6
29
4
86
5
39
8
50
8
5
1
16
7
89
1
64
4
19
8
18
2
74
4
76
6
76
7
56
5
26
4
74
7
79
4
69
5
48
4
27
7
99
4
49
4
26
8
10
3
99
5
47
7
29
1
16
3
94
5
93
1
49
0
70
4
81
4
49
4
29
6
49
4
84
5
98
6
35
2
23
6
95
4
18
2
49
7
83
1
99
4
9
3
56
6
49
5
19
5
86
7
14
1
23
6
95
7
75
8
17
7
48
5
21
6
91
6
3
8
25
6
95
6
39
7
29
3
60
8
20
1
7
4
59
3
9
4
89
3
93
6
49
5
79
4
89
5
55
6
39
6
17
6
37
8
40
8
16
7
21
6
54
5
1
6
31
2
91
4
29
4
56
8
60
4
44
8
18
5
34
8
30
5
29
5
49
5
39
6
14
7
87
5
65
5
28
7
39
5
29
8
40
4
15
4
79
4
99
4
59
4
39
5
99
7
39
4
99
6
4
7
59
0
68
6
79
7
9
8
65
6
57
0
80
2
39
8
30
7
29
8
26
8
16
6
59
7
95
5
55
1
19
7
98
8
49
8
70
6
19
5
59
4
69
5
69
0
87
7
98
6
5
5
29
6
85
4
99
8
41
8
10
8
58
6
71
3
59
6
58
6
99
7
46
5
9
8
25
7
96
4
66
4
79
7
74
1
4
6
28
4
29
1
8
8
69
6
9
4
76
4
39
5
57
7
69
1
66
2
90
8
7
2
20
5
38
4
18
8
69
4
99
8
99
