9
70
9
61
9
99
10
82
9
71
9
86
9
81
0
40
10
52
9
99
9
13
9
92
11
53
9
33
9
42
12
54
9
14
9
99
9
71
9
32
0
90
9
81
9
94
9
11
9
10
10
52
9
44
9
44
9
93
8
45
9
39
9
73
9
70
11
23
10
52
9
61
9
49
9
73
10
22
9
74
9
64
9
71
9
44
9
9
9
14
13
85
9
31
0
40
9
94
9
99
9
21
9
29
9
64
10
52
9
89
11
23
9
81
9
72
9
14
9
59
11
53
9
81
9
31
9
32
9
49
9
39
9
73
9
62
9
43
9
30
9
64
9
41
9
9
10
52
9
51
10
22
9
12
9
19
9
71
9
91
9
64
9
47
9
14
9
39
9
13
9
39
9
72
9
73
9
41
12
24
9
61
9
13
12
54
9
91
9
31
13
55
11
53
9
31
11
53
9
31
9
62
9
33
9
99
10
82
0
20
9
14
9
73
9
30
9
59
9
13
9
81
10
22
11
83
9
91
9
12
9
33
10
22
9
91
9
10
9
91
9
69
9
94
9
51
9
39
9
70
9
60
9
68
9
66
9
20
9
99
11
21
9
99
9
14
9
32
9
42
9
41
9
43
9
68
9
2
10
22
9
21
9
44
9
70
9
99
9
99
9
31
9
30
9
60
9
91
9
44
9
71
9
31
9
49
11
23
9
26
9
99
9
9
9
41
9
44
9
44
9
79
9
92
9
99
9
72
9
63
9
32
9
74
9
11
9
19
0
10
9
14
9
90
9
89
11
23
9
11
9
99
9
30
9
31
9
72
9
72
9
50
9
42
9
50
9
44
9
63
10
22
9
88
9
92
9
93
10
82
9
89
10
82
9
92
9
62
11
23
9
21
9
71
9
62
9
21
9
99
0
60
9
99
9
91
9
69
9
92
13
85
10
22
9
12
9
21
9
42
9
21
9
11
9
91
9
91
9
81
9
42
0
80
9
42
9
21
9
94
9
73
9
94
9
32
9
93
9
71
9
14
9
63
9
90
9
34
10
22
9
99
9
89
9
94
9
29
9
59
9
64
9
29
12
84
9
78
9
99
10
82
10
52
9
59
9
99
9
31
9
92
9
99
9
74
9
50
11
53
9
42
4
74
11
83
9
93
9
71
9
62
3
39
9
74
9
51
9
99
9
32
9
43
12
84
9
32
9
73
12
54
9
99
9
20
9
21
9
50
11
83
9
58
1
81
9
60
9
10
9
44
9
14
9
81
9
44
9
99
9
30
9
51
9
19
9
0
9
41
9
39
9
33
9
32
0
70
9
43
10
22
8
25
11
83
9
92
9
73
9
20
9
93
9
91
9
64
0
30
4
69
9
71
9
41
13
55
9
73
10
22
9
71
1
54
2
91
2
12
9
86
9
42
3
14
9
99
9
64
13
25
9
14
9
20
9
80
9
19
9
64
9
72
4
39
9
64
9
20
9
44
9
90
9
63
9
4
0
90
9
61
9
59
11
21
10
22
9
94
9
20
9
18
9
41
12
24
9
21
9
11
9
54
9
13
10
22
9
60
9
31
11
53
9
80
9
81
0
29
9
41
9
70
10
82
9
89
9
44
9
99
11
53
9
71
9
12
13
85
9
99
9
74
9
93
9
91
9
89
9
11
1
99
9
91
10
52
9
32
9
13
9
43
10
52
9
54
1
46
11
53
3
49
9
79
9
99
9
12
9
63
11
83
9
63
9
70
9
93
9
89
11
53
9
12
9
94
1
48
8
25
0
97
9
71
9
99
9
44
9
94
9
81
9
72
9
92
9
31
4
99
9
72
9
31
10
22
9
92
9
89
12
84
1
19
9
99
9
71
9
11
9
41
9
61
8
95
13
85
11
23
9
59
9
8
9
93
9
62
0
50
9
32
10
82
9
32
9
14
9
61
9
99
9
58
10
52
9
33
9
40
1
29
12
54
9
49
9
99
9
44
9
12
9
79
9
33
10
52
9
81
0
39
13
52
13
25
1
99
9
51
1
9
9
62
9
6
13
25
13
25
9
11
4
79
1
53
9
21
2
8
10
22
13
55
9
64
9
81
10
22
9
33
9
63
9
42
9
14
8
75
9
20
9
13
9
41
9
99
9
21
11
53
10
82
9
31
9
63
9
31
9
57
9
62
9
99
1
11
9
88
0
0
9
74
4
41
8
75
9
51
9
70
9
92
9
12
9
81
9
33
4
29
8
95
9
11
9
29
9
63
9
93
9
41
9
29
9
44
10
22
1
50
9
99
9
30
9
80
9
41
11
53
1
91
9
11
3
67
9
92
9
11
9
93
9
62
13
22
9
11
9
99
9
99
9
63
0
30
9
13
12
24
9
14
9
10
3
29
9
11
4
9
9
92
1
73
9
46
9
62
9
99
11
51
11
23
9
28
8
88
11
23
9
71
12
24
9
61
9
99
1
69
9
80
9
69
4
48
9
11
9
51
9
29
9
12
9
99
13
55
2
29
9
27
9
74
9
64
9
99
9
13
9
91
9
72
12
24
8
95
3
9
9
51
1
56
8
65
9
80
9
21
9
51
12
84
1
21
3
69
9
57
9
38
9
41
9
92
4
57
9
81
4
71
9
71
9
34
9
34
9
32
11
53
9
38
9
31
1
9
13
85
9
51
1
89
2
29
1
45
2
86
9
63
9
99
9
9
11
23
12
51
9
93
9
14
9
12
9
33
9
14
9
44
12
84
9
99
3
69
9
62
9
99
9
73
0
50
11
23
11
83
9
81
9
88
10
82
10
22
13
52
12
24
1
49
9
13
9
13
9
9
9
47
9
43
9
93
9
31
3
68
9
92
9
99
11
83
9
91
9
11
9
99
9
71
9
74
9
62
9
13
9
71
1
29
9
94
13
55
9
40
3
89
9
14
9
27
9
38
4
28
10
52
0
90
0
40
9
91
9
50
9
3
9
74
9
20
9
64
9
99
9
19
13
25
2
69
9
79
9
94
9
9
9
21
0
0
9
42
10
52
9
62
1
71
1
99
9
81
13
25
9
91
9
29
9
99
8
55
3
29
9
41
10
22
9
61
9
32
9
42
10
52
10
82
3
99
9
11
9
29
11
53
11
83
9
11
9
61
11
83
9
44
4
89
9
11
12
54
9
21
0
70
9
32
9
63
9
81
9
32
1
30
9
60
0
57
9
30
9
64
9
51
9
71
10
22
1
62
9
41
1
79
9
61
9
21
11
23
9
74
0
24
9
81
9
71
9
51
9
30
9
41
1
15
9
94
9
73
9
19
9
44
9
51
9
99
9
71
9
99
9
13
8
58
9
72
9
12
9
59
9
42
9
74
9
50
9
18
9
99
9
33
1
17
9
59
9
33
9
29
12
84
9
73
1
54
1
49
9
11
9
72
11
23
9
3
0
0
13
85
9
90
1
70
9
81
3
63
1
99
4
72
9
2
2
31
9
91
11
83
3
52
9
62
9
56
9
63
9
62
10
52
9
31
3
99
9
64
9
99
10
82
9
31
9
89
9
90
9
99
9
59
9
32
9
32
2
81
11
53
9
99
9
11
9
76
9
44
10
22
11
53
1
79
9
32
9
34
9
98
1
99
10
22
9
92
9
72
9
21
12
24
4
95
9
94
0
70
9
29
9
73
9
73
9
91
1
67
9
99
9
64
9
50
9
63
9
72
9
21
11
53
9
34
9
12
12
84
3
94
9
12
13
55
9
81
9
71
9
9
2
19
9
33
9
91
9
42
13
55
9
10
1
19
9
94
1
69
9
21
11
23
2
79
9
81
9
81
9
61
9
31
9
79
12
84
9
71
10
52
9
31
9
99
9
51
9
31
9
14
3
99
9
47
9
34
1
16
3
99
9
88
1
49
0
70
9
81
9
51
9
31
11
53
4
89
9
99
9
40
2
23
9
99
9
21
2
49
12
82
1
99
9
11
3
59
11
53
10
22
9
91
9
19
1
23
9
99
9
80
10
22
9
48
10
21
9
91
9
3
9
30
9
99
9
43
9
34
3
60
13
25
1
7
9
61
3
9
9
91
3
93
11
53
10
82
9
91
9
60
9
43
10
22
9
42
9
44
9
21
9
16
9
54
9
1
9
31
2
91
9
31
9
61
9
64
9
49
11
23
9
33
9
34
9
32
10
52
9
42
9
14
9
92
9
70
9
28
9
44
9
32
9
44
4
19
9
81
9
99
9
61
9
41
9
99
9
44
9
99
9
9
9
64
0
68
11
83
9
14
9
70
9
62
0
80
2
39
9
34
9
34
9
31
9
21
9
63
9
99
8
55
1
19
9
99
9
49
9
74
11
23
9
62
9
71
9
72
0
89
9
98
9
10
9
32
9
90
9
99
9
41
9
14
9
63
9
71
3
59
9
63
9
99
9
51
9
12
9
30
9
99
9
66
9
81
9
79
1
9
9
33
9
31
1
9
9
74
9
13
9
81
4
39
9
62
9
74
1
69
2
90
9
12
2
20
9
42
9
21
9
74
9
99
9
99
