9
74
9
64
9
99
16
88
9
74
9
86
15
87
0
40
16
58
9
99
9
14
9
94
17
59
9
34
9
44
18
60
9
14
9
99
9
74
9
34
0
90
15
87
9
94
9
14
9
6
16
58
9
44
9
44
9
94
8
45
9
44
9
74
9
74
17
29
16
58
9
64
13
55
9
74
16
28
9
74
9
64
9
74
9
44
9
14
9
14
19
91
9
34
0
40
9
94
9
99
15
27
9
34
9
64
16
58
9
94
17
29
15
87
9
74
9
14
9
64
17
59
15
87
9
34
9
34
13
55
9
44
9
74
9
64
9
44
9
34
9
64
9
44
9
14
16
58
15
57
16
28
9
14
13
25
9
74
9
94
9
64
9
47
9
14
9
36
9
14
9
44
9
74
9
74
9
44
18
30
9
64
9
14
18
60
9
94
9
34
19
61
17
59
9
34
17
59
9
34
9
64
9
34
9
99
16
88
0
20
9
14
9
74
9
34
9
64
9
14
15
87
16
28
17
89
9
94
9
12
9
34
16
28
9
94
9
14
9
94
9
74
9
94
15
57
9
44
9
74
9
64
9
68
9
66
14
26
9
99
17
21
9
99
9
14
9
34
9
44
9
44
9
44
9
68
9
2
16
28
15
27
9
44
9
74
9
99
9
99
9
34
9
34
9
64
9
94
9
44
9
74
9
34
13
55
17
29
9
26
9
99
9
14
9
44
9
44
9
44
13
85
9
94
9
99
9
74
9
64
9
34
9
74
9
14
13
25
0
10
9
14
9
94
9
94
17
29
9
14
9
99
9
34
9
34
9
74
9
74
14
56
9
44
14
56
9
44
9
64
16
28
9
88
9
94
9
94
16
88
9
94
16
88
9
94
9
64
17
29
15
27
9
74
9
64
15
21
9
99
0
60
9
99
9
94
9
74
9
94
19
91
16
28
9
12
15
27
9
44
15
27
9
14
9
94
9
94
15
87
9
44
0
80
9
44
15
27
9
94
9
74
9
94
9
34
9
94
9
74
9
14
9
63
9
94
9
34
16
28
9
99
9
94
9
94
9
29
9
64
9
64
9
34
18
90
9
78
9
99
16
88
16
58
9
64
9
99
9
34
9
92
9
99
9
74
14
56
17
59
9
44
4
74
17
89
9
94
9
74
9
64
3
39
9
74
15
57
9
99
9
34
9
43
18
90
9
34
9
74
18
60
9
99
14
26
15
27
14
56
17
89
9
56
1
81
9
64
9
14
9
44
9
14
15
87
9
44
9
99
9
34
15
57
13
25
9
0
9
44
9
39
9
34
9
34
0
70
9
44
16
28
8
25
17
89
9
94
9
74
14
26
9
93
9
94
9
64
0
30
4
69
9
74
9
44
19
61
9
74
16
28
9
74
1
54
2
91
2
12
9
86
9
44
3
14
9
99
9
64
19
31
9
14
14
26
14
86
13
25
9
64
9
74
4
39
9
64
14
26
9
44
9
94
9
64
9
4
0
90
9
64
9
64
17
21
16
28
9
94
14
26
9
18
9
44
18
30
15
27
9
14
9
54
9
14
16
28
9
64
9
34
17
59
14
86
15
87
0
29
9
44
9
74
16
88
9
94
9
44
9
99
17
59
9
66
9
14
19
91
9
99
9
74
9
94
9
94
9
94
9
14
1
99
9
91
16
58
9
34
9
14
9
43
16
58
9
54
1
46
17
59
3
49
13
85
9
99
9
14
9
64
17
89
9
64
9
74
9
94
9
94
17
59
9
14
9
94
1
48
8
25
0
97
9
66
9
99
9
44
9
94
15
87
9
74
9
94
9
34
4
99
9
74
9
34
16
28
9
94
9
94
18
90
1
19
9
99
9
74
9
14
9
44
9
64
8
95
19
91
17
29
9
64
9
6
9
94
9
64
0
50
9
34
16
88
9
34
9
14
9
64
9
99
9
56
16
58
9
34
9
44
1
29
18
60
13
55
9
99
9
44
9
14
13
85
9
34
16
58
15
87
0
39
19
52
19
31
1
99
15
57
1
9
9
64
9
6
19
31
19
31
9
14
4
79
1
53
15
27
2
8
16
28
19
61
9
64
15
87
16
28
9
34
9
63
9
42
9
14
8
75
14
26
9
14
9
44
9
99
15
27
17
59
16
88
9
34
9
64
9
34
9
57
9
64
9
99
1
11
9
86
0
0
9
74
4
41
8
75
15
57
9
74
9
94
9
14
15
87
9
34
4
29
8
95
9
14
9
34
9
64
9
94
9
44
9
34
9
44
16
28
1
50
9
99
9
34
14
86
9
44
17
59
1
91
9
14
3
67
9
94
9
14
9
94
9
64
19
22
9
14
9
99
9
99
9
64
0
30
9
14
18
30
9
14
9
14
3
29
9
14
4
9
9
94
1
73
9
46
9
64
9
99
17
51
17
29
9
28
9
88
17
29
9
74
18
30
9
56
9
99
1
69
14
86
9
74
4
48
9
14
15
57
9
34
9
14
9
99
19
61
2
29
9
27
9
74
9
64
9
99
9
14
9
94
9
74
18
30
8
95
3
9
15
57
4
56
8
65
14
86
15
27
15
57
18
90
1
21
3
69
9
56
9
38
9
41
9
94
4
57
15
87
4
71
9
74
9
34
9
34
9
34
17
59
9
38
9
34
1
9
19
91
15
57
1
89
2
29
1
45
2
86
9
64
9
99
9
14
17
29
18
51
9
94
9
14
9
14
9
34
9
14
9
44
18
90
9
99
3
69
9
64
9
99
9
74
0
50
17
29
17
89
15
87
9
86
16
88
16
28
19
52
18
30
1
49
9
14
9
14
9
14
9
47
9
44
9
94
9
34
3
68
9
94
9
99
17
89
9
94
9
14
9
99
9
74
9
74
9
64
9
13
9
74
1
29
9
94
19
61
9
44
3
89
9
14
9
27
9
38
4
28
16
58
0
90
0
40
9
91
14
56
9
3
9
74
14
26
9
64
9
99
13
25
19
31
2
69
9
79
9
94
9
14
15
27
0
0
9
44
16
58
9
64
1
71
1
99
15
81
19
31
9
94
9
34
9
99
8
55
3
29
9
44
16
28
9
64
9
34
9
44
16
58
16
88
3
99
9
14
9
34
17
59
17
89
9
14
9
64
17
89
9
44
4
89
9
14
18
60
15
27
0
70
9
34
9
64
15
87
9
34
1
30
9
64
0
57
9
34
9
64
15
57
9
71
16
28
1
62
9
44
1
79
9
64
15
27
17
29
9
74
0
24
15
87
9
74
15
57
9
34
9
44
1
15
9
94
9
74
13
25
9
44
15
57
9
99
9
74
9
99
9
14
9
58
9
74
9
14
9
59
9
44
9
74
14
56
9
18
9
99
9
34
1
17
9
64
9
34
9
34
18
90
9
74
1
54
1
49
9
11
9
74
17
29
9
3
0
0
19
91
9
94
1
70
15
87
3
63
1
99
4
72
9
2
2
31
9
94
17
89
3
52
9
64
9
56
9
64
9
64
16
58
9
34
3
99
9
64
9
99
16
88
9
34
9
94
9
94
9
99
9
64
9
34
9
34
2
81
17
59
9
99
9
14
9
76
9
44
16
28
17
59
1
79
9
34
9
34
9
98
1
99
16
28
9
94
9
74
15
27
18
30
4
95
9
94
0
70
9
34
9
74
9
74
9
94
1
67
9
99
9
64
14
56
9
64
9
74
15
27
17
59
9
34
9
14
18
90
3
94
9
14
19
61
15
87
9
71
9
14
2
19
9
34
9
94
9
44
19
61
9
14
1
19
9
94
1
69
15
27
17
29
2
79
15
87
15
87
9
64
9
34
13
85
18
90
9
74
16
58
9
34
9
99
15
57
9
34
9
14
3
99
9
47
9
34
1
16
3
99
9
86
1
49
0
70
15
81
15
57
9
34
17
59
4
89
9
99
9
44
2
23
9
99
15
27
2
49
18
82
1
99
9
14
3
59
17
59
16
28
9
94
13
25
1
23
9
99
14
86
16
28
9
48
16
21
9
91
9
3
9
34
9
99
9
44
9
34
3
60
19
31
1
7
9
64
3
9
9
94
3
93
17
59
16
88
9
94
9
64
9
44
16
28
9
44
9
44
15
27
9
16
9
54
9
1
9
31
2
91
9
34
9
64
9
64
13
55
17
29
9
33
9
34
9
34
16
58
9
44
9
14
9
94
9
74
9
28
9
44
9
34
9
44
4
19
15
87
9
99
9
64
9
44
9
99
9
44
9
99
9
14
9
64
0
68
17
89
9
14
9
74
9
64
0
80
2
39
9
34
9
34
9
34
15
27
9
64
9
99
8
55
1
19
9
99
9
49
9
74
17
29
9
64
9
74
9
74
0
89
9
98
9
14
9
34
9
94
9
99
9
41
9
14
9
64
9
71
3
59
9
64
9
99
15
57
9
14
9
34
9
99
9
66
15
87
13
85
1
9
9
34
9
34
1
9
9
74
9
14
15
87
4
39
9
64
9
74
1
69
2
90
9
14
2
20
9
44
15
27
9
74
9
99
9
99
