9
74
9
64
9
99
19
91
9
74
9
86
18
90
0
40
19
61
9
99
9
14
9
94
19
62
9
34
9
44
19
63
9
14
9
99
9
74
9
34
0
90
18
90
9
94
9
14
9
6
19
61
9
44
9
44
9
94
8
45
9
44
9
74
9
74
19
32
19
61
9
64
16
58
9
74
19
31
9
74
9
64
9
74
9
44
9
14
9
14
19
94
9
34
0
40
9
94
9
99
18
30
9
34
9
64
19
61
9
94
19
32
18
90
9
74
9
14
9
64
19
62
18
90
9
34
9
34
16
58
9
44
9
74
9
64
9
44
9
34
9
64
9
44
9
14
19
61
18
60
19
31
9
14
16
28
9
74
9
94
9
64
9
47
9
14
9
36
9
14
9
44
9
74
9
74
9
44
19
33
9
64
9
14
19
63
9
94
9
34
19
64
19
62
9
34
19
62
9
34
9
64
9
34
9
99
19
91
0
20
9
14
9
74
9
34
9
64
9
14
18
90
19
31
19
92
9
94
9
12
9
34
19
31
9
94
9
14
9
94
9
74
9
94
18
60
9
44
9
74
9
64
9
68
9
66
17
29
9
99
19
21
9
99
9
14
9
34
9
44
9
44
9
44
9
68
9
2
19
31
18
30
9
44
9
74
9
99
9
99
9
34
9
34
9
64
9
94
9
44
9
74
9
34
16
58
19
32
9
26
9
99
9
14
9
44
9
44
9
44
16
88
9
94
9
99
9
74
9
64
9
34
9
74
9
14
16
28
0
10
9
14
9
94
9
94
19
32
9
14
9
99
9
34
9
34
9
74
9
74
17
59
9
44
17
59
9
44
9
64
19
31
9
88
9
94
9
94
19
91
9
94
19
91
9
94
9
64
19
32
18
30
9
74
9
64
18
21
9
99
0
60
9
99
9
94
9
74
9
94
19
94
19
31
9
12
18
30
9
44
18
30
9
14
9
94
9
94
18
90
9
44
0
80
9
44
18
30
9
94
9
74
9
94
9
34
9
94
9
74
9
14
9
63
9
94
9
34
19
31
9
99
9
94
9
94
9
29
9
64
9
64
9
34
19
93
9
78
9
99
19
91
19
61
9
64
9
99
9
34
9
92
9
99
9
74
17
59
19
62
9
44
4
74
19
92
9
94
9
74
9
64
3
39
9
74
18
60
9
99
9
34
9
43
19
93
9
34
9
74
19
63
9
99
17
29
18
30
17
59
19
92
9
56
1
81
9
64
9
14
9
44
9
14
18
90
9
44
9
99
9
34
18
60
16
28
9
0
9
44
9
39
9
34
9
34
0
70
9
44
19
31
8
25
19
92
9
94
9
74
17
29
9
93
9
94
9
64
0
30
4
69
9
74
9
44
19
64
9
74
19
31
9
74
1
54
2
91
2
12
9
86
9
44
3
14
9
99
9
64
19
34
9
14
17
29
17
89
16
28
9
64
9
74
4
39
9
64
17
29
9
44
9
94
9
64
9
4
0
90
9
64
9
64
19
18
19
31
9
94
17
29
9
18
9
44
19
33
18
30
9
14
9
54
9
14
19
31
9
64
9
34
19
62
17
89
18
90
0
29
9
44
9
74
19
91
9
94
9
44
9
99
19
62
9
66
9
14
19
94
9
99
9
74
9
94
9
94
9
94
9
14
1
99
9
91
19
61
9
34
9
14
9
43
19
61
9
54
1
46
19
62
3
49
16
88
9
99
9
14
9
64
19
92
9
64
9
74
9
94
9
94
19
62
9
14
9
94
1
48
8
25
0
97
9
66
9
99
9
44
9
94
18
90
9
74
9
94
9
34
4
99
9
74
9
34
19
31
9
94
9
94
19
93
1
19
9
99
9
74
9
14
9
44
9
64
8
95
19
94
19
32
9
64
9
6
9
94
9
64
0
50
9
34
19
91
9
34
9
14
9
64
9
99
9
56
19
61
9
34
9
44
1
29
19
63
16
58
9
99
9
44
9
14
16
88
9
34
19
61
18
90
0
39
19
52
19
34
1
99
18
60
1
9
9
64
9
6
19
34
19
34
9
14
4
79
1
53
18
30
2
8
19
31
19
64
9
64
18
90
19
31
9
34
9
63
9
42
9
14
8
75
17
29
9
14
9
44
9
99
18
30
19
62
19
91
9
34
9
64
9
34
9
57
9
64
9
99
1
11
9
86
0
0
9
74
4
41
8
75
18
60
9
74
9
94
9
14
18
90
9
34
4
29
8
95
9
14
9
34
9
64
9
94
9
44
9
34
9
44
19
31
1
50
9
99
9
34
17
89
9
44
19
62
1
91
9
14
3
67
9
94
9
14
9
94
9
64
19
22
9
14
9
99
9
99
9
64
0
30
9
14
19
33
9
14
9
14
3
29
9
14
4
9
9
94
1
73
9
46
9
64
9
99
19
48
19
32
9
28
9
88
19
32
9
74
19
33
9
56
9
99
1
69
17
89
9
74
4
48
9
14
18
60
9
34
9
14
9
99
19
64
2
29
9
27
9
74
9
64
9
99
9
14
9
94
9
74
19
33
8
95
3
9
18
60
6
56
8
65
17
89
18
30
18
60
19
93
1
21
3
69
9
56
9
38
9
41
9
94
4
57
18
90
4
71
9
74
9
34
9
34
9
34
19
62
9
38
9
34
1
9
19
94
18
60
1
89
2
29
1
45
2
86
9
64
9
99
9
14
19
32
19
51
9
94
9
14
9
14
9
34
9
14
9
44
19
93
9
99
3
69
9
64
9
99
9
74
0
50
19
32
19
92
18
90
9
86
19
91
19
31
19
52
19
33
1
49
9
14
9
14
9
14
9
47
9
44
9
94
9
34
3
68
9
94
9
99
19
92
9
94
9
14
9
99
9
74
9
74
9
64
9
13
9
74
1
29
9
94
19
64
9
44
3
89
9
14
9
27
9
38
4
28
19
61
0
90
0
40
9
91
17
59
9
3
9
74
17
29
9
64
9
99
16
28
19
34
2
69
9
79
9
94
9
14
18
30
0
0
9
44
19
61
9
64
1
71
1
99
18
81
19
34
9
94
9
34
9
99
8
55
3
29
9
44
19
31
9
64
9
34
9
44
19
61
19
91
3
99
9
14
9
34
19
62
19
92
9
14
9
64
19
92
9
44
4
89
9
14
19
63
18
30
0
70
9
34
9
64
18
90
9
34
1
30
9
64
0
57
9
34
9
64
18
60
9
71
19
31
1
62
9
44
1
79
9
64
18
30
19
32
9
74
0
24
18
90
9
74
18
60
9
34
9
44
1
15
9
94
9
74
16
28
9
44
18
60
9
99
9
74
9
99
9
14
9
58
9
74
9
14
9
59
9
44
9
74
17
59
9
18
9
99
9
34
1
17
9
64
9
34
9
34
19
93
9
74
1
54
1
49
9
11
9
74
19
32
9
3
0
0
19
94
9
94
1
70
18
90
3
63
1
99
4
72
9
2
2
31
9
94
19
92
3
52
9
64
9
56
9
64
9
64
19
61
9
34
3
99
9
64
9
99
19
91
9
34
9
94
9
94
9
99
9
64
9
34
9
34
2
81
19
62
9
99
9
14
9
76
9
44
19
31
19
62
1
79
9
34
9
34
9
98
1
99
19
31
9
94
9
74
18
30
19
33
4
95
9
94
0
70
9
34
9
74
9
74
9
94
1
67
9
99
9
64
17
59
9
64
9
74
18
30
19
62
9
34
9
14
19
93
3
94
9
14
19
64
18
90
9
71
9
14
2
19
9
34
9
94
9
44
19
64
9
14
1
19
9
94
1
69
18
30
19
32
2
79
18
90
18
90
9
64
9
34
16
88
19
93
9
74
19
61
9
34
9
99
18
60
9
34
9
14
3
99
9
47
9
34
1
16
3
99
9
86
1
49
0
70
18
81
18
60
9
34
19
62
4
89
9
99
9
44
2
23
9
99
18
30
2
49
19
82
1
99
9
14
3
59
19
62
19
31
9
94
16
28
1
23
9
99
17
89
19
31
9
48
19
21
9
91
9
3
9
34
9
99
9
44
9
34
3
60
19
34
1
7
9
64
3
9
9
94
3
93
19
62
19
91
9
94
9
64
9
44
19
31
9
44
9
44
18
30
9
16
9
54
9
1
9
31
2
91
9
34
9
64
9
64
16
58
19
32
9
33
9
34
9
34
19
61
9
44
9
14
9
94
9
74
9
28
9
44
9
34
9
44
4
19
18
90
9
99
9
64
9
44
9
99
9
44
9
99
9
14
9
64
0
68
19
92
9
14
9
74
9
64
0
80
2
39
9
34
9
34
9
34
18
30
9
64
9
99
8
55
1
19
9
99
9
49
9
74
19
32
9
64
9
74
9
74
0
89
9
98
9
14
9
34
9
94
9
99
9
41
9
14
9
64
9
71
3
59
9
64
9
99
18
60
9
14
9
34
9
99
9
66
18
90
16
88
1
9
9
34
9
34
1
9
9
74
9
14
18
90
4
39
9
64
9
74
1
69
2
90
9
14
2
20
9
44
18
30
9
74
9
99
9
99
