9
72
9
63
9
99
12
84
9
73
9
86
11
83
0
40
12
54
9
99
9
14
9
94
13
55
9
34
9
44
14
56
9
14
9
99
9
73
9
34
0
90
11
83
9
94
9
13
9
8
12
54
9
44
9
44
9
94
8
45
9
41
9
74
9
72
13
25
12
54
9
63
9
51
9
74
12
24
9
74
9
64
9
73
9
44
9
11
9
14
15
87
9
33
0
40
9
94
9
99
11
23
9
31
9
64
12
54
9
91
13
25
11
83
9
74
9
14
9
61
13
55
11
83
9
33
9
34
9
51
9
41
9
74
9
64
9
44
9
32
9
64
9
43
9
11
12
54
11
53
12
24
9
14
9
21
9
73
9
93
9
64
9
47
9
14
9
37
9
14
9
41
9
74
9
74
9
43
14
26
9
63
9
14
14
56
9
93
9
33
15
57
13
55
9
33
13
55
9
33
9
64
9
34
9
99
12
84
0
20
9
14
9
74
9
32
9
61
9
14
11
83
12
24
13
85
9
93
9
12
9
34
12
24
9
93
9
12
9
93
9
71
9
94
11
53
9
41
9
72
9
62
9
68
9
66
10
22
9
99
13
21
9
99
9
14
9
34
9
44
9
43
9
44
9
68
9
2
12
24
11
23
9
44
9
72
9
99
9
99
9
33
9
32
9
62
9
93
9
44
9
73
9
33
9
51
13
25
9
26
9
99
9
11
9
43
9
44
9
44
9
81
9
94
9
99
9
74
9
64
9
34
9
74
9
13
9
21
0
10
9
14
9
92
9
91
13
25
9
13
9
99
9
32
9
33
9
74
9
74
10
52
9
44
10
52
9
44
9
64
12
24
9
88
9
94
9
94
12
84
9
91
12
84
9
94
9
64
13
25
11
23
9
73
9
64
11
21
9
99
0
60
9
99
9
93
9
71
9
94
15
87
12
24
9
12
11
23
9
44
11
23
9
13
9
93
9
93
11
83
9
44
0
80
9
44
11
23
9
94
9
74
9
94
9
34
9
94
9
73
9
14
9
63
9
92
9
34
12
24
9
99
9
91
9
94
9
29
9
61
9
64
9
31
14
86
9
78
9
99
12
84
12
54
9
61
9
99
9
33
9
92
9
99
9
74
10
52
13
55
9
44
4
74
13
85
9
94
9
73
9
64
3
39
9
74
11
53
9
99
9
34
9
43
14
86
9
34
9
74
14
56
9
99
10
22
11
23
10
52
13
85
9
56
1
81
9
62
9
12
9
44
9
14
11
83
9
44
9
99
9
32
11
53
9
21
9
0
9
43
9
39
9
34
9
34
0
70
9
44
12
24
8
25
13
85
9
94
9
74
10
22
9
93
9
93
9
64
0
30
4
69
9
73
9
43
15
57
9
74
12
24
9
73
1
54
2
91
2
12
9
86
9
44
3
14
9
99
9
64
15
27
9
14
10
22
10
82
9
21
9
64
9
74
4
39
9
64
10
22
9
44
9
92
9
64
9
4
0
90
9
63
9
61
13
21
12
24
9
94
10
22
9
18
9
43
14
26
11
23
9
13
9
54
9
14
12
24
9
62
9
33
13
55
10
82
11
83
0
29
9
43
9
72
12
84
9
91
9
44
9
99
13
55
9
69
9
14
15
87
9
99
9
74
9
94
9
93
9
91
9
13
1
99
9
91
12
54
9
34
9
14
9
43
12
54
9
54
1
46
13
55
3
49
9
81
9
99
9
14
9
64
13
85
9
64
9
72
9
94
9
91
13
55
9
14
9
94
1
48
8
25
0
97
9
69
9
99
9
44
9
94
11
83
9
74
9
94
9
33
4
99
9
74
9
33
12
24
9
94
9
91
14
86
1
19
9
99
9
73
9
13
9
43
9
63
8
95
15
87
13
25
9
61
9
6
9
94
9
64
0
50
9
34
12
84
9
34
9
14
9
63
9
99
9
56
12
54
9
34
9
42
1
29
14
56
9
51
9
99
9
44
9
14
9
81
9
34
12
54
11
83
0
39
15
52
15
27
1
99
11
53
1
9
9
64
9
6
15
27
15
27
9
13
4
79
1
53
11
23
2
8
12
24
15
57
9
64
11
83
12
24
9
34
9
63
9
42
9
14
8
75
10
22
9
14
9
43
9
99
11
23
13
55
12
84
9
33
9
64
9
33
9
57
9
64
9
99
1
11
9
86
0
0
9
74
4
41
8
75
11
53
9
72
9
94
9
14
11
83
9
34
4
29
8
95
9
13
9
31
9
64
9
94
9
43
9
31
9
44
12
24
1
50
9
99
9
32
10
82
9
43
13
55
1
91
9
13
3
67
9
94
9
13
9
94
9
64
15
22
9
13
9
99
9
99
9
64
0
30
9
14
14
26
9
14
9
12
3
29
9
13
4
9
9
94
1
73
9
46
9
64
9
99
13
51
13
25
9
28
9
88
13
25
9
73
14
26
9
59
9
99
1
69
10
82
9
71
4
48
9
13
11
53
9
31
9
14
9
99
15
57
2
29
9
27
9
74
9
64
9
99
9
14
9
93
9
74
14
26
8
95
3
9
11
53
2
56
8
65
10
82
11
23
11
53
14
86
1
21
3
69
9
56
9
38
9
41
9
94
4
57
11
83
4
71
9
73
9
34
9
34
9
34
13
55
9
38
9
33
1
9
15
87
11
53
1
89
2
29
1
45
2
86
9
64
9
99
9
11
13
25
14
51
9
94
9
14
9
14
9
34
9
14
9
44
14
86
9
99
3
69
9
64
9
99
9
74
0
50
13
25
13
85
11
83
9
86
12
84
12
24
15
52
14
26
1
49
9
14
9
14
9
11
9
47
9
44
9
94
9
33
3
68
9
94
9
99
13
85
9
93
9
13
9
99
9
73
9
74
9
64
9
13
9
73
1
29
9
94
15
57
9
42
3
89
9
14
9
27
9
38
4
28
12
54
0
90
0
40
9
91
10
52
9
3
9
74
10
22
9
64
9
99
9
21
15
27
2
69
9
79
9
94
9
11
11
23
0
0
9
44
12
54
9
64
1
71
1
99
11
81
15
27
9
93
9
31
9
99
8
55
3
29
9
43
12
24
9
63
9
34
9
44
12
54
12
84
3
99
9
13
9
31
13
55
13
85
9
13
9
63
13
85
9
44
4
89
9
13
14
56
11
23
0
70
9
34
9
64
11
83
9
34
1
30
9
62
0
57
9
32
9
64
11
53
9
71
12
24
1
62
9
43
1
79
9
63
11
23
13
25
9
74
0
24
11
83
9
73
11
53
9
32
9
43
1
15
9
94
9
74
9
21
9
44
11
53
9
99
9
73
9
99
9
14
9
58
9
74
9
14
9
59
9
44
9
74
10
52
9
18
9
99
9
34
1
17
9
61
9
34
9
31
14
86
9
74
1
54
1
49
9
11
9
74
13
25
9
3
0
0
15
87
9
92
1
70
11
83
3
63
1
99
4
72
9
2
2
31
9
93
13
85
3
52
9
64
9
56
9
64
9
64
12
54
9
33
3
99
9
64
9
99
12
84
9
33
9
91
9
92
9
99
9
61
9
34
9
34
2
81
13
55
9
99
9
13
9
76
9
44
12
24
13
55
1
79
9
34
9
34
9
98
1
99
12
24
9
94
9
74
11
23
14
26
4
95
9
94
0
70
9
31
9
74
9
74
9
93
1
67
9
99
9
64
10
52
9
64
9
74
11
23
13
55
9
34
9
14
14
86
3
94
9
14
15
57
11
83
9
71
9
11
2
19
9
34
9
93
9
44
15
57
9
12
1
19
9
94
1
69
11
23
13
25
2
79
11
83
11
83
9
63
9
33
9
81
14
86
9
73
12
54
9
33
9
99
11
53
9
33
9
14
3
99
9
47
9
34
1
16
3
99
9
86
1
49
0
70
11
81
11
53
9
33
13
55
4
89
9
99
9
42
2
23
9
99
11
23
2
49
14
82
1
99
9
13
3
59
13
55
12
24
9
93
9
21
1
23
9
99
10
82
12
24
9
48
12
21
9
91
9
3
9
32
9
99
9
44
9
34
3
60
15
27
1
7
9
63
3
9
9
93
3
93
13
55
12
84
9
93
9
62
9
44
12
24
9
44
9
44
11
23
9
16
9
54
9
1
9
31
2
91
9
33
9
63
9
64
9
51
13
25
9
33
9
34
9
34
12
54
9
44
9
14
9
94
9
72
9
28
9
44
9
34
9
44
4
19
11
83
9
99
9
63
9
43
9
99
9
44
9
99
9
11
9
64
0
68
13
85
9
14
9
72
9
64
0
80
2
39
9
34
9
34
9
33
11
23
9
64
9
99
8
55
1
19
9
99
9
49
9
74
13
25
9
64
9
73
9
74
0
89
9
98
9
12
9
34
9
92
9
99
9
41
9
14
9
64
9
71
3
59
9
64
9
99
11
53
9
14
9
32
9
99
9
66
11
83
9
81
1
9
9
34
9
33
1
9
9
74
9
14
11
83
4
39
9
64
9
74
1
69
2
90
9
14
2
20
9
44
11
23
9
74
9
99
9
99
