9
74
9
64
9
99
15
87
9
74
9
86
14
86
0
40
15
57
9
99
9
14
9
94
16
58
9
34
9
44
17
59
9
14
9
99
9
74
9
34
0
90
14
86
9
94
9
14
9
6
15
57
9
44
9
44
9
94
8
45
9
44
9
74
9
74
16
28
15
57
9
64
12
54
9
74
15
27
9
74
9
64
9
74
9
44
9
14
9
14
18
90
9
34
0
40
9
94
9
99
14
26
9
34
9
64
15
57
9
94
16
28
14
86
9
74
9
14
9
64
16
58
14
86
9
34
9
34
12
54
9
44
9
74
9
64
9
44
9
34
9
64
9
44
9
14
15
57
14
56
15
27
9
14
12
24
9
74
9
94
9
64
9
47
9
14
9
36
9
14
9
44
9
74
9
74
9
44
17
29
9
64
9
14
17
59
9
94
9
34
18
60
16
58
9
34
16
58
9
34
9
64
9
34
9
99
15
87
0
20
9
14
9
74
9
34
9
64
9
14
14
86
15
27
16
88
9
94
9
12
9
34
15
27
9
94
9
14
9
94
9
74
9
94
14
56
9
44
9
74
9
64
9
68
9
66
13
25
9
99
16
21
9
99
9
14
9
34
9
44
9
44
9
44
9
68
9
2
15
27
14
26
9
44
9
74
9
99
9
99
9
34
9
34
9
64
9
94
9
44
9
74
9
34
12
54
16
28
9
26
9
99
9
14
9
44
9
44
9
44
12
84
9
94
9
99
9
74
9
64
9
34
9
74
9
14
12
24
0
10
9
14
9
94
9
94
16
28
9
14
9
99
9
34
9
34
9
74
9
74
13
55
9
44
13
55
9
44
9
64
15
27
9
88
9
94
9
94
15
87
9
94
15
87
9
94
9
64
16
28
14
26
9
74
9
64
14
21
9
99
0
60
9
99
9
94
9
74
9
94
18
90
15
27
9
12
14
26
9
44
14
26
9
14
9
94
9
94
14
86
9
44
0
80
9
44
14
26
9
94
9
74
9
94
9
34
9
94
9
74
9
14
9
63
9
94
9
34
15
27
9
99
9
94
9
94
9
29
9
64
9
64
9
34
17
89
9
78
9
99
15
87
15
57
9
64
9
99
9
34
9
92
9
99
9
74
13
55
16
58
9
44
4
74
16
88
9
94
9
74
9
64
3
39
9
74
14
56
9
99
9
34
9
43
17
89
9
34
9
74
17
59
9
99
13
25
14
26
13
55
16
88
9
56
1
81
9
64
9
14
9
44
9
14
14
86
9
44
9
99
9
34
14
56
12
24
9
0
9
44
9
39
9
34
9
34
0
70
9
44
15
27
8
25
16
88
9
94
9
74
13
25
9
93
9
94
9
64
0
30
4
69
9
74
9
44
18
60
9
74
15
27
9
74
1
54
2
91
2
12
9
86
9
44
3
14
9
99
9
64
18
30
9
14
13
25
13
85
12
24
9
64
9
74
4
39
9
64
13
25
9
44
9
94
9
64
9
4
0
90
9
64
9
64
16
21
15
27
9
94
13
25
9
18
9
44
17
29
14
26
9
14
9
54
9
14
15
27
9
64
9
34
16
58
13
85
14
86
0
29
9
44
9
74
15
87
9
94
9
44
9
99
16
58
9
66
9
14
18
90
9
99
9
74
9
94
9
94
9
94
9
14
1
99
9
91
15
57
9
34
9
14
9
43
15
57
9
54
1
46
16
58
3
49
12
84
9
99
9
14
9
64
16
88
9
64
9
74
9
94
9
94
16
58
9
14
9
94
1
48
8
25
0
97
9
66
9
99
9
44
9
94
14
86
9
74
9
94
9
34
4
99
9
74
9
34
15
27
9
94
9
94
17
89
1
19
9
99
9
74
9
14
9
44
9
64
8
95
18
90
16
28
9
64
9
6
9
94
9
64
0
50
9
34
15
87
9
34
9
14
9
64
9
99
9
56
15
57
9
34
9
44
1
29
17
59
12
54
9
99
9
44
9
14
12
84
9
34
15
57
14
86
0
39
18
52
18
30
1
99
14
56
1
9
9
64
9
6
18
30
18
30
9
14
4
79
1
53
14
26
2
8
15
27
18
60
9
64
14
86
15
27
9
34
9
63
9
42
9
14
8
75
13
25
9
14
9
44
9
99
14
26
16
58
15
87
9
34
9
64
9
34
9
57
9
64
9
99
1
11
9
86
0
0
9
74
4
41
8
75
14
56
9
74
9
94
9
14
14
86
9
34
4
29
8
95
9
14
9
34
9
64
9
94
9
44
9
34
9
44
15
27
1
50
9
99
9
34
13
85
9
44
16
58
1
91
9
14
3
67
9
94
9
14
9
94
9
64
18
22
9
14
9
99
9
99
9
64
0
30
9
14
17
29
9
14
9
14
3
29
9
14
4
9
9
94
1
73
9
46
9
64
9
99
16
51
16
28
9
28
9
88
16
28
9
74
17
29
9
56
9
99
1
69
13
85
9
74
4
48
9
14
14
56
9
34
9
14
9
99
18
60
2
29
9
27
9
74
9
64
9
99
9
14
9
94
9
74
17
29
8
95
3
9
14
56
3
56
8
65
13
85
14
26
14
56
17
89
1
21
3
69
9
56
9
38
9
41
9
94
4
57
14
86
4
71
9
74
9
34
9
34
9
34
16
58
9
38
9
34
1
9
18
90
14
56
1
89
2
29
1
45
2
86
9
64
9
99
9
14
16
28
17
51
9
94
9
14
9
14
9
34
9
14
9
44
17
89
9
99
3
69
9
64
9
99
9
74
0
50
16
28
16
88
14
86
9
86
15
87
15
27
18
52
17
29
1
49
9
14
9
14
9
14
9
47
9
44
9
94
9
34
3
68
9
94
9
99
16
88
9
94
9
14
9
99
9
74
9
74
9
64
9
13
9
74
1
29
9
94
18
60
9
44
3
89
9
14
9
27
9
38
4
28
15
57
0
90
0
40
9
91
13
55
9
3
9
74
13
25
9
64
9
99
12
24
18
30
2
69
9
79
9
94
9
14
14
26
0
0
9
44
15
57
9
64
1
71
1
99
14
81
18
30
9
94
9
34
9
99
8
55
3
29
9
44
15
27
9
64
9
34
9
44
15
57
15
87
3
99
9
14
9
34
16
58
16
88
9
14
9
64
16
88
9
44
4
89
9
14
17
59
14
26
0
70
9
34
9
64
14
86
9
34
1
30
9
64
0
57
9
34
9
64
14
56
9
71
15
27
1
62
9
44
1
79
9
64
14
26
16
28
9
74
0
24
14
86
9
74
14
56
9
34
9
44
1
15
9
94
9
74
12
24
9
44
14
56
9
99
9
74
9
99
9
14
9
58
9
74
9
14
9
59
9
44
9
74
13
55
9
18
9
99
9
34
1
17
9
64
9
34
9
34
17
89
9
74
1
54
1
49
9
11
9
74
16
28
9
3
0
0
18
90
9
94
1
70
14
86
3
63
1
99
4
72
9
2
2
31
9
94
16
88
3
52
9
64
9
56
9
64
9
64
15
57
9
34
3
99
9
64
9
99
15
87
9
34
9
94
9
94
9
99
9
64
9
34
9
34
2
81
16
58
9
99
9
14
9
76
9
44
15
27
16
58
1
79
9
34
9
34
9
98
1
99
15
27
9
94
9
74
14
26
17
29
4
95
9
94
0
70
9
34
9
74
9
74
9
94
1
67
9
99
9
64
13
55
9
64
9
74
14
26
16
58
9
34
9
14
17
89
3
94
9
14
18
60
14
86
9
71
9
14
2
19
9
34
9
94
9
44
18
60
9
14
1
19
9
94
1
69
14
26
16
28
2
79
14
86
14
86
9
64
9
34
12
84
17
89
9
74
15
57
9
34
9
99
14
56
9
34
9
14
3
99
9
47
9
34
1
16
3
99
9
86
1
49
0
70
14
81
14
56
9
34
16
58
4
89
9
99
9
44
2
23
9
99
14
26
2
49
17
82
1
99
9
14
3
59
16
58
15
27
9
94
12
24
1
23
9
99
13
85
15
27
9
48
15
21
9
91
9
3
9
34
9
99
9
44
9
34
3
60
18
30
1
7
9
64
3
9
9
94
3
93
16
58
15
87
9
94
9
64
9
44
15
27
9
44
9
44
14
26
9
16
9
54
9
1
9
31
2
91
9
34
9
64
9
64
12
54
16
28
9
33
9
34
9
34
15
57
9
44
9
14
9
94
9
74
9
28
9
44
9
34
9
44
4
19
14
86
9
99
9
64
9
44
9
99
9
44
9
99
9
14
9
64
0
68
16
88
9
14
9
74
9
64
0
80
2
39
9
34
9
34
9
34
14
26
9
64
9
99
8
55
1
19
9
99
9
49
9
74
16
28
9
64
9
74
9
74
0
89
9
98
9
14
9
34
9
94
9
99
9
41
9
14
9
64
9
71
3
59
9
64
9
99
14
56
9
14
9
34
9
99
9
66
14
86
12
84
1
9
9
34
9
34
1
9
9
74
9
14
14
86
4
39
9
64
9
74
1
69
2
90
9
14
2
20
9
44
14
26
9
74
9
99
9
99
