2
58
2
11
4
42
1
1
3
39
1
92
4
44
5
42
0
42
1
31
0
31
5
43
5
6
3
14
4
23
3
63
1
62
1
51
4
83
1
93
3
48
2
4
2
85
1
68
1
52
4
52
1
4
3
34
1
38
5
34
4
38
4
73
1
7
1
25
1
10
3
31
1
16
5
69
5
57
1
37
5
58
0
47
4
67
4
75
3
47
4
43
4
50
4
58
4
20
4
65
0
87
1
27
4
19
3
58
2
27
3
3
1
36
2
83
3
76
4
74
4
88
3
59
2
59
5
86
2
69
1
22
2
88
1
1
1
63
2
35
2
56
5
19
5
2
4
75
1
87
1
7
5
28
4
2
4
74
2
95
4
7
1
63
1
34
3
12
2
49
1
2
2
17
4
8
3
1
5
52
5
81
2
82
3
73
3
2
4
85
3
44
4
47
2
83
4
68
5
16
4
35
3
55
2
44
2
72
4
58
5
68
4
49
5
19
2
42
5
95
1
78
3
31
0
22
4
18
4
21
5
63
5
18
5
28
4
69
1
85
5
18
5
53
3
24
5
74
0
10
0
60
2
98
4
56
1
29
3
88
2
9
4
21
5
95
4
11
1
66
5
29
1
21
4
1
5
51
1
11
1
9
5
2
1
86
5
52
4
31
3
89
5
89
3
83
3
10
2
71
4
31
0
71
1
79
4
81
3
91
1
7
2
85
2
66
2
21
5
98
1
63
1
68
4
36
1
36
1
71
3
78
1
97
1
17
1
24
4
56
2
60
4
59
2
47
4
58
3
8
2
19
1
31
5
82
1
69
3
28
2
88
1
49
3
22
2
36
2
13
3
92
2
41
4
88
4
98
1
17
1
51
2
49
4
40
3
11
3
32
0
86
1
85
2
57
5
44
4
12
4
23
1
56
5
88
5
53
1
5
0
35
2
48
4
91
1
48
2
43
1
77
3
97
4
65
3
62
2
67
3
12
1
78
2
18
2
39
2
85
3
88
3
58
2
30
4
60
5
88
3
17
4
95
4
54
1
73
3
65
1
12
1
26
4
89
3
68
4
27
3
84
4
89
1
85
4
18
5
81
2
44
1
13
3
1
2
2
3
77
1
30
2
82
4
75
1
93
3
31
4
98
2
72
2
0
1
60
0
90
5
35
4
86
4
86
2
68
4
78
2
6
5
69
2
27
1
28
2
91
2
69
5
72
4
34
1
99
4
3
2
57
2
79
2
93
3
48
5
99
2
94
0
24
0
30
4
83
4
83
1
39
2
68
1
76
3
91
3
48
2
7
1
13
0
29
4
87
4
89
2
7
4
91
0
60
3
19
2
42
3
55
2
22
2
54
3
87
1
3
3
76
2
91
3
17
1
78
4
71
3
13
0
54
5
8
5
16
1
80
1
2
4
14
2
13
2
89
2
2
2
89
2
24
2
91
3
3
4
32
3
11
0
67
4
8
2
68
5
66
5
79
0
24
2
24
3
28
0
32
3
21
1
83
4
86
4
99
2
41
1
80
1
7
4
68
1
75
4
53
0
13
1
37
0
45
1
37
2
86
1
52
2
8
4
58
5
56
4
62
3
38
4
8
4
12
2
68
3
51
5
21
1
12
4
9
2
51
1
27
4
35
2
52
3
23
1
8
2
16
4
14
4
65
3
41
5
64
2
73
1
97
1
24
2
70
1
14
1
38
3
46
1
8
3
98
2
3
3
76
1
34
2
31
3
14
1
77
1
5
3
37
1
18
1
33
2
80
2
85
5
39
0
59
1
12
2
61
3
25
4
56
2
45
2
72
5
52
3
86
1
15
5
6
5
39
3
77
2
36
0
20
2
74
0
0
2
1
1
49
3
47
2
75
1
16
3
41
1
85
2
50
4
19
1
19
1
58
5
8
1
43
1
47
2
13
1
13
1
21
1
17
2
6
1
26
5
6
3
25
5
39
2
0
2
24
4
11
4
67
1
81
4
59
0
20
2
39
3
51
1
75
5
27
3
14
4
98
1
99
1
55
3
4
3
51
3
94
1
64
3
56
2
15
3
65
1
63
1
46
4
87
2
1
1
44
1
75
4
86
4
52
4
74
2
65
1
86
4
13
2
78
2
68
2
48
3
65
2
43
4
53
2
51
5
18
1
7
1
61
2
65
4
19
3
71
0
80
0
88
4
76
1
24
5
93
3
77
3
65
4
77
2
15
4
11
1
39
2
91
5
75
1
11
1
26
3
72
3
37
4
1
0
85
4
34
4
97
4
87
1
98
1
19
0
91
1
62
4
61
3
39
2
7
1
55
0
85
1
86
4
82
0
33
2
18
1
61
4
7
1
16
0
59
3
18
3
99
0
40
2
41
1
14
2
5
1
11
0
62
5
13
4
87
2
3
2
13
3
62
2
68
1
53
3
82
1
31
5
71
5
24
0
1
1
46
2
72
1
10
1
34
1
80
3
36
4
85
2
17
4
87
4
97
2
29
2
67
5
81
4
16
2
68
2
11
5
57
4
8
1
64
4
1
5
4
4
53
2
7
0
8
3
12
1
7
1
11
1
96
3
74
3
93
0
10
2
78
1
21
2
15
3
98
1
5
1
4
3
35
2
59
2
42
2
91
4
6
0
45
2
43
5
14
5
32
1
83
1
86
1
49
3
57
4
91
3
92
4
17
1
1
5
39
4
92
0
2
1
9
3
13
3
74
0
20
4
62
5
48
1
82
2
1
0
60
1
69
4
78
4
73
4
57
3
22
1
56
1
86
3
66
2
41
2
64
1
81
2
1
3
15
5
28
5
42
1
16
1
81
1
43
1
6
3
25
4
71
2
97
5
17
4
35
5
6
0
27
2
26
4
51
3
39
2
98
2
57
0
30
3
73
5
28
4
13
2
11
3
77
1
52
5
42
4
43
4
88
2
34
0
91
2
42
2
41
1
5
1
21
1
87
1
68
5
81
1
91
1
47
1
76
3
51
2
52
5
42
4
36
2
95
5
97
1
84
1
61
4
39
5
92
1
14
3
45
5
84
3
78
0
16
2
71
1
71
3
55
4
5
0
20
1
15
2
62
4
66
0
4
1
14
0
82
2
96
3
8
4
64
4
16
5
3
3
71
1
96
1
78
2
86
4
18
3
30
3
27
2
22
5
8
1
2
0
25
3
97
3
64
3
76
2
98
3
43
3
7
4
38
3
75
0
8
5
81
2
95
3
92
1
54
2
96
3
51
3
58
4
75
3
59
2
72
1
61
2
83
3
11
3
57
1
83
4
99
4
54
1
45
4
12
0
50
5
86
2
26
2
59
3
87
1
21
1
59
4
33
2
81
3
3
1
69
1
81
4
85
3
51
2
62
1
84
2
42
3
84
4
28
5
86
1
62
1
65
5
21
4
4
1
89
2
93
3
93
3
83
1
61
4
92
4
61
5
47
2
26
2
5
2
11
4
21
2
87
1
29
3
18
2
14
2
53
2
47
1
81
1
76
1
34
3
24
1
98
4
33
1
35
3
6
5
18
2
71
2
31
2
79
3
18
0
46
1
99
2
68
4
52
4
55
1
33
3
48
1
62
2
3
1
13
3
54
5
83
4
58
5
35
5
5
4
37
1
58
5
39
4
33
1
9
1
52
5
28
2
18
2
65
5
58
3
37
2
84
2
34
3
25
3
47
0
65
1
78
2
53
3
58
2
18
1
38
3
6
0
24
3
1
1
16
3
9
5
27
0
0
2
16
2
57
2
31
4
52
1
79
4
31
1
51
1
51
3
42
0
29
3
79
3
36
3
41
1
71
3
46
5
25
1
23
1
47
2
85
2
32
1
51
3
23
4
17
3
21
4
74
1
39
1
39
1
36
3
95
3
88
4
32
3
97
4
19
4
19
5
44
3
66
4
96
4
22
3
29
2
65
3
7
3
53
3
5
3
78
3
84
5
56
3
56
1
46
1
93
3
9
1
32
1
71
4
82
1
99
2
96
4
63
3
86
3
92
1
53
3
96
1
44
3
89
3
68
3
28
3
13
3
64
1
57
4
45
0
10
4
31
1
19
5
71
3
96
3
85
3
1
3
63
5
84
4
91
0
61
1
61
2
71
0
6
2
36
5
2
4
63
1
31
1
46
5
94
5
8
5
47
2
95
1
18
2
54
5
51
4
28
3
71
2
1
4
17
1
74
5
77
1
95
4
18
4
8
4
14
3
92
1
34
4
28
0
29
4
89
5
59
4
74
0
39
1
51
4
77
3
13
2
47
4
77
3
8
2
1
2
24
0
59
1
55
2
97
3
74
2
5
3
3
4
68
3
35
3
31
4
61
2
87
1
84
3
38
3
68
2
99
4
99
3
11
4
47
1
77
1
54
3
21
2
41
2
22
3
81
1
84
2
95
2
20
1
43
4
69
1
88
5
85
3
79
1
81
5
76
4
84
1
25
4
85
1
48
4
2
4
25
3
21
1
25
3
73
4
31
3
61
2
21
2
71
2
34
2
20
1
72
2
29
2
84
4
6
1
8
4
35
4
87
