5
58
5
14
7
42
4
1
3
39
1
92
7
47
8
45
0
42
4
31
0
31
8
40
8
6
6
17
7
21
3
63
4
61
4
54
7
81
4
91
6
48
5
4
5
82
4
65
1
55
7
55
1
4
6
34
4
35
8
37
7
38
7
76
1
7
1
28
1
10
3
31
1
19
8
70
8
57
1
39
8
58
0
47
7
64
7
75
6
44
4
43
4
50
7
58
4
20
7
68
0
87
4
29
7
16
3
58
5
29
3
1
4
36
5
83
6
76
7
77
7
89
3
59
5
59
8
89
5
68
4
22
5
89
4
1
1
61
5
32
5
56
8
19
8
2
7
75
4
84
4
7
8
28
4
2
7
74
5
98
7
4
4
61
4
34
3
11
5
46
1
2
2
14
4
8
6
1
8
55
8
81
5
82
6
76
6
5
7
85
6
44
7
47
5
83
7
65
8
16
7
35
6
55
2
41
5
75
4
58
8
68
7
46
8
20
5
45
8
92
1
75
6
34
0
22
7
18
7
24
8
66
8
18
8
28
4
69
4
88
8
15
8
53
6
21
8
74
0
10
0
60
5
98
7
59
4
29
6
88
5
6
7
21
8
92
4
11
4
66
8
29
1
24
7
1
8
50
1
11
4
9
8
0
1
86
8
52
7
31
6
89
8
90
6
81
3
10
5
71
7
34
0
71
1
76
7
81
6
94
4
9
5
82
5
66
5
24
8
95
4
66
4
68
7
33
4
36
4
71
3
78
4
94
4
17
4
21
7
56
2
60
7
59
2
44
7
59
3
9
5
19
4
31
8
82
4
69
6
25
5
88
4
49
6
21
5
36
5
11
3
92
5
41
7
88
7
98
1
14
4
54
5
49
4
40
6
11
6
32
0
86
4
85
5
59
8
44
7
11
7
26
4
59
8
90
8
56
4
5
0
35
5
48
4
91
1
49
5
46
4
74
6
99
4
65
6
62
5
64
6
12
1
75
5
18
5
39
5
85
3
88
6
55
2
30
4
60
8
88
6
17
7
92
4
51
1
71
6
62
4
15
4
23
7
89
6
68
7
27
6
81
7
86
4
85
7
19
8
81
5
47
4
11
6
1
5
1
6
77
1
30
5
85
4
72
1
96
6
31
7
98
5
72
2
0
1
60
0
90
8
35
4
83
7
83
2
65
7
78
2
6
8
70
2
29
1
28
5
94
2
69
8
72
7
34
4
99
7
1
2
59
2
76
5
96
6
48
8
99
5
94
0
24
0
30
4
83
7
81
4
39
5
68
4
79
6
91
3
48
2
7
1
13
3
28
7
89
7
89
5
7
7
91
0
60
6
16
2
42
6
58
5
21
2
54
0
87
1
6
6
76
2
91
6
17
4
78
7
71
6
16
0
54
8
10
8
16
1
80
4
2
7
11
2
11
2
89
2
2
5
89
5
24
2
91
6
3
4
35
6
11
0
67
7
8
5
69
8
69
8
79
0
24
5
24
6
28
0
32
6
21
1
86
4
89
4
99
5
41
1
80
1
4
7
65
4
78
7
51
0
13
4
39
0
45
4
34
5
86
4
51
5
8
4
58
8
53
4
61
6
39
7
5
4
12
5
68
6
51
8
21
1
15
7
6
5
51
4
24
7
35
2
52
3
21
4
9
2
13
4
17
4
65
3
41
8
64
5
73
4
99
4
21
2
70
1
14
4
38
6
46
4
5
3
95
2
3
6
73
1
34
5
31
6
14
1
77
4
8
6
37
1
18
1
31
2
80
5
85
8
40
0
59
4
15
2
61
3
22
4
59
5
42
2
75
8
55
6
89
4
18
8
6
8
40
6
77
2
36
0
20
2
77
0
0
5
1
1
46
3
44
2
78
4
16
6
41
1
85
2
50
7
19
4
19
4
55
8
8
4
43
4
44
5
16
1
13
4
24
1
14
2
6
1
26
8
6
6
25
8
39
2
0
5
27
7
11
7
67
4
81
7
59
0
20
2
39
3
54
1
72
8
24
6
17
7
95
4
99
4
55
6
7
6
51
6
97
1
67
6
59
5
15
6
65
1
63
1
46
7
87
5
1
1
41
4
78
4
86
7
51
4
74
5
65
1
89
7
13
2
78
5
69
2
45
6
65
5
41
4
53
5
51
8
18
1
9
4
61
2
65
4
19
6
71
0
80
0
89
4
76
4
24
8
90
3
74
3
65
7
77
2
15
7
11
4
39
5
91
8
72
1
11
1
29
1
75
3
37
4
1
0
85
7
31
7
99
4
87
4
98
1
16
0
91
4
62
7
61
6
39
1
7
1
58
0
85
4
86
7
82
0
33
5
18
4
61
4
7
4
16
0
59
6
18
6
99
0
40
5
41
1
14
5
8
1
14
0
62
8
10
4
84
5
1
2
16
3
62
2
68
1
53
3
81
1
34
8
70
8
27
0
1
1
46
5
71
1
10
4
31
1
80
6
36
7
85
5
14
7
87
4
99
5
26
5
64
8
81
7
16
5
68
5
11
8
54
7
5
1
67
4
1
8
7
4
51
5
9
0
8
3
12
4
7
4
14
1
93
6
77
6
93
0
10
5
78
4
21
5
15
3
98
1
8
4
1
3
32
5
56
5
45
2
91
7
6
0
45
5
43
8
11
8
32
4
81
4
89
4
49
3
59
7
91
6
91
7
17
4
1
8
40
7
91
0
2
1
9
3
11
6
77
0
20
7
62
8
45
1
82
5
1
0
60
1
69
4
78
7
76
4
59
3
22
1
56
1
89
6
69
5
41
5
67
4
81
2
1
6
18
8
30
8
45
1
16
4
81
4
43
4
3
6
28
7
71
5
94
8
20
4
38
8
9
0
27
5
26
4
51
6
36
5
98
5
59
0
30
6
73
8
28
4
16
5
11
6
79
1
55
8
45
7
43
4
89
2
31
0
91
5
45
5
41
4
5
1
21
1
87
1
65
8
81
4
91
1
47
1
76
6
51
5
51
8
42
4
33
2
98
8
94
1
87
4
61
7
36
8
92
1
14
6
45
8
87
6
75
0
16
5
71
4
74
1
55
4
2
0
20
1
12
5
65
4
63
0
4
4
14
0
82
5
96
6
8
4
64
7
13
8
3
6
71
4
99
1
79
5
86
4
18
3
30
3
24
2
22
8
8
1
2
0
25
3
97
6
61
3
76
5
95
3
43
6
7
7
38
6
75
0
8
8
80
2
95
6
92
1
57
2
93
6
51
3
58
7
75
6
56
5
71
1
61
1
86
6
11
6
57
1
83
7
99
4
54
1
42
7
11
0
50
8
83
5
23
5
56
6
84
4
24
1
59
4
33
5
84
6
6
1
69
1
81
7
82
3
51
2
62
4
84
5
45
6
87
7
28
8
89
1
62
1
65
8
21
7
1
4
89
2
93
6
93
6
83
4
61
4
91
4
61
8
47
2
29
2
8
5
11
7
21
2
87
4
29
6
18
2
11
5
53
2
47
4
81
4
76
4
34
1
24
1
95
7
36
4
32
3
6
8
15
5
74
5
31
2
76
6
19
0
46
1
99
1
65
7
55
7
52
4
33
3
45
4
62
2
3
4
11
6
51
8
83
7
58
8
35
8
8
4
34
4
59
8
40
7
36
4
9
1
52
8
28
2
18
5
65
8
58
6
39
2
87
5
31
3
25
3
49
0
65
4
78
2
53
3
59
2
18
4
38
3
9
0
24
3
1
4
13
3
9
8
30
0
0
1
13
5
54
5
31
7
52
1
79
7
34
4
51
1
51
6
45
0
29
3
79
6
33
6
41
1
71
3
46
8
28
1
26
4
49
2
88
5
35
4
51
6
23
7
19
3
21
7
71
1
39
1
39
1
39
6
93
6
88
7
31
3
97
7
19
4
19
8
41
6
63
4
93
7
22
3
29
2
62
6
7
6
51
3
5
6
78
6
84
8
59
6
56
4
49
4
91
6
6
1
32
4
71
4
85
4
99
5
99
4
63
6
86
6
92
4
56
6
96
1
47
6
89
6
65
6
25
3
11
3
61
4
59
7
48
0
10
7
31
1
16
8
70
3
99
6
85
6
1
3
63
8
84
7
94
0
61
1
61
5
74
0
6
5
39
8
2
4
63
4
31
1
46
8
97
8
8
8
44
5
95
1
15
5
51
8
51
4
28
3
71
5
1
4
14
1
74
8
74
1
98
7
18
7
8
4
14
6
95
1
37
7
28
3
28
4
89
8
60
7
77
0
39
1
51
4
74
3
13
2
47
4
74
3
9
2
1
2
24
3
58
1
52
2
94
6
74
2
8
1
1
4
65
3
38
3
31
7
61
5
89
4
84
3
38
3
65
5
99
7
99
6
11
7
47
1
77
4
54
6
24
2
41
5
22
6
81
4
84
5
92
2
20
4
46
4
69
0
87
8
88
6
76
4
81
8
73
7
87
4
25
7
88
4
45
7
2
4
22
6
24
1
22
6
73
7
31
6
64
5
24
5
71
5
34
2
20
4
72
5
29
5
87
7
3
1
8
4
32
7
89
