9
58
9
20
9
42
9
0
3
39
1
92
11
53
9
51
0
42
9
28
0
31
9
36
9
6
11
23
9
16
3
63
9
58
9
60
9
76
9
88
9
48
9
4
11
81
9
59
1
59
9
61
1
4
9
33
9
29
9
43
9
38
10
82
1
7
1
29
1
10
3
31
1
19
9
74
9
57
1
39
9
58
0
47
9
58
8
75
9
38
4
43
4
50
9
58
4
20
9
74
0
87
9
32
9
10
3
58
9
33
3
1
9
36
11
82
9
76
11
83
9
94
3
59
9
63
9
94
9
66
10
22
9
93
9
0
1
61
9
27
9
56
9
19
9
2
8
75
9
78
9
7
9
28
4
2
9
74
9
99
9
0
9
58
9
33
3
11
9
40
1
2
2
11
4
8
9
1
9
61
14
81
11
82
10
82
9
11
8
85
9
43
9
47
11
83
9
59
9
16
8
35
8
55
2
41
9
81
4
58
9
68
9
40
14
26
9
51
9
86
1
71
9
40
0
22
9
18
9
30
9
72
9
18
9
28
4
69
9
92
9
9
14
52
9
16
9
74
0
10
0
60
9
98
9
64
9
32
9
88
9
0
9
16
9
86
4
11
9
66
9
29
1
29
9
1
9
46
1
11
9
12
9
0
1
86
14
52
9
31
9
94
9
94
9
76
3
10
9
71
9
40
0
71
1
71
13
81
9
99
9
12
9
77
9
66
9
30
9
89
9
72
9
68
9
27
9
36
9
68
3
78
9
88
9
17
9
18
9
56
2
60
9
59
2
41
9
64
3
9
9
19
9
31
14
82
9
72
12
21
9
88
10
52
9
16
9
36
9
7
3
92
9
41
9
88
9
98
1
11
9
60
11
53
4
40
9
11
9
32
0
86
8
85
9
63
9
43
9
6
9
32
9
62
9
94
9
62
8
5
0
35
9
48
4
91
1
49
10
52
9
68
9
99
4
65
9
62
9
58
9
12
1
71
9
18
9
43
8
85
3
88
12
51
2
30
4
60
9
88
9
17
9
86
4
51
1
71
9
56
9
21
9
18
9
94
9
68
9
27
9
76
12
81
8
85
13
25
14
81
11
53
9
8
9
0
9
0
9
77
1
30
9
91
4
71
1
99
9
26
9
98
9
72
2
0
1
60
0
90
8
35
4
81
13
81
2
61
9
78
2
6
9
74
2
29
1
28
9
99
2
69
9
72
9
34
9
99
9
0
2
59
2
71
9
99
9
48
9
99
9
94
0
24
0
30
4
83
9
76
9
42
9
68
10
82
9
86
3
48
2
7
1
13
9
28
9
94
9
89
9
7
9
86
0
60
9
10
2
42
9
64
9
17
2
54
0
87
1
9
9
76
2
91
9
17
9
78
9
71
10
22
0
54
9
14
9
16
1
80
9
2
9
6
2
11
2
89
2
2
9
89
9
24
2
91
9
3
4
39
9
6
0
67
9
8
9
73
9
74
9
79
0
24
11
22
9
28
0
32
12
21
1
89
4
89
4
99
9
41
1
80
1
1
9
59
10
82
9
46
0
13
9
42
0
45
9
28
9
86
9
48
9
8
4
58
14
51
4
61
9
44
9
0
4
12
9
68
9
46
14
21
1
19
9
0
11
51
9
18
8
35
2
52
3
21
9
12
2
11
4
19
4
65
3
41
9
64
9
73
9
99
9
18
2
70
1
14
9
38
9
46
9
0
3
91
2
3
9
67
1
34
9
31
9
14
1
77
9
12
9
37
1
18
1
31
2
80
8
85
9
44
0
59
9
21
2
61
3
21
4
59
9
37
2
79
9
61
9
94
10
22
9
6
9
44
9
77
2
36
0
20
2
79
0
0
9
1
1
41
3
41
2
79
9
16
9
41
1
85
2
50
13
25
10
22
9
49
9
8
9
43
9
38
10
22
1
13
9
30
1
11
2
6
1
26
9
6
8
25
9
39
2
0
9
33
9
11
9
67
9
78
9
59
0
20
2
39
3
59
1
71
14
21
11
23
9
89
9
99
8
55
9
13
9
46
9
99
1
69
9
64
8
15
8
65
1
63
1
46
9
87
9
0
1
41
10
82
4
86
9
46
4
74
8
65
1
89
9
13
2
78
9
73
2
41
8
65
9
37
4
53
9
47
9
18
1
9
9
61
2
65
4
19
9
71
0
80
0
89
4
76
10
22
9
86
3
71
3
65
9
77
2
15
9
6
9
42
9
91
9
66
1
11
1
29
1
79
3
37
4
1
0
85
9
26
9
99
4
87
9
98
1
11
0
91
9
62
9
61
9
44
1
7
1
59
0
85
9
86
13
82
0
33
9
18
9
58
4
7
9
16
0
59
9
18
9
99
0
40
9
41
1
14
9
13
1
19
0
62
9
6
4
81
9
0
2
19
3
62
2
68
1
53
3
81
1
39
9
66
9
33
0
1
1
46
9
67
1
10
9
28
1
80
9
36
8
85
9
8
9
87
4
99
11
21
9
58
14
81
9
16
9
68
9
7
14
51
9
0
1
69
4
1
9
13
4
51
9
13
0
8
3
12
9
7
9
20
1
91
11
83
9
93
0
10
9
78
10
21
8
15
3
98
1
9
9
0
3
31
11
51
9
51
2
91
9
6
0
45
9
43
9
6
9
32
9
78
9
92
10
52
3
59
9
91
9
86
9
17
9
0
9
44
9
86
0
2
1
9
3
11
11
83
0
20
9
62
9
39
1
82
9
1
0
60
1
69
4
78
10
82
4
59
3
22
1
56
1
89
9
74
9
37
9
73
10
81
2
1
12
24
9
34
9
51
1
16
10
81
9
43
9
0
9
34
9
66
9
88
14
26
4
39
9
14
0
27
9
26
4
51
9
30
9
98
9
63
0
30
9
73
9
28
9
18
9
11
12
84
1
59
9
51
9
43
4
89
2
31
0
91
9
51
9
41
8
5
1
21
1
87
1
61
14
81
9
91
1
47
1
76
9
46
9
47
9
42
4
31
2
99
9
88
1
89
9
61
9
30
9
92
1
14
8
45
9
93
9
69
0
16
9
67
9
80
1
55
4
1
0
20
1
11
9
71
4
61
0
4
9
14
0
82
9
96
9
8
4
64
9
7
9
3
9
71
9
99
1
79
9
86
4
18
3
30
3
21
2
22
9
8
1
2
0
25
3
97
9
56
3
76
9
89
3
43
9
7
9
38
8
75
0
8
9
76
2
95
9
92
1
59
2
91
12
51
3
58
8
75
12
51
9
67
1
61
0
89
9
11
9
57
1
83
9
99
4
54
1
41
9
11
0
50
14
81
9
17
11
51
12
81
9
30
1
59
4
33
9
90
9
12
1
69
1
81
9
76
3
51
2
62
9
84
9
51
9
93
9
28
9
94
1
62
1
65
14
21
9
0
9
89
2
93
9
93
12
82
9
61
4
91
4
61
9
47
2
29
2
9
9
11
9
16
2
87
9
31
9
18
2
11
11
52
2
47
9
78
9
76
9
34
1
24
1
91
9
42
9
28
3
6
9
9
9
80
9
31
2
71
12
24
0
46
1
99
1
61
9
61
9
46
9
33
3
41
9
62
2
3
9
8
9
46
14
82
9
58
8
35
9
14
4
31
9
62
9
44
9
42
9
12
1
52
9
28
2
18
8
65
9
58
9
44
2
89
9
27
3
25
3
49
0
65
9
78
2
53
3
59
2
18
9
38
3
9
0
24
3
1
9
8
3
9
9
34
0
0
1
11
9
48
9
31
13
52
1
79
9
40
10
51
1
51
9
51
0
29
3
79
9
27
9
41
1
71
3
46
9
34
1
29
10
52
2
89
9
41
9
48
12
23
13
25
3
21
9
66
1
39
1
39
1
39
9
91
9
88
9
26
3
97
9
19
4
19
9
36
9
57
4
91
13
22
3
29
2
61
9
7
9
46
3
5
9
78
12
82
9
64
9
56
10
52
9
88
9
0
1
32
9
68
4
89
9
99
9
99
4
63
9
86
9
92
9
62
9
96
1
49
9
94
9
59
12
21
3
11
3
61
9
62
12
54
0
10
9
26
1
11
9
66
3
99
8
85
9
1
3
63
14
82
9
99
0
61
1
61
9
80
0
6
9
43
9
2
4
63
9
31
1
46
9
99
9
8
9
38
8
95
1
11
9
47
14
51
4
28
3
71
9
0
4
11
1
74
9
68
1
99
9
18
9
8
4
14
9
99
1
39
9
28
9
28
4
89
9
64
11
83
0
39
1
51
4
71
3
13
2
47
4
71
3
9
2
1
2
24
9
58
1
51
2
91
9
74
2
9
1
1
4
61
3
39
3
31
9
56
9
93
9
84
3
38
3
61
9
99
9
99
9
11
9
47
1
77
8
54
9
30
2
41
11
22
12
81
9
84
9
87
2
20
10
52
4
69
0
87
9
94
9
70
10
81
9
67
9
93
8
25
9
94
9
39
9
2
4
21
9
30
1
21
9
73
9
31
9
70
9
30
9
71
9
34
2
20
9
72
9
33
9
93
9
0
1
8
4
31
9
94
