3
58
3
12
5
42
2
1
3
39
1
92
5
45
6
43
0
42
2
31
0
31
6
42
6
6
4
15
5
22
3
63
2
61
2
52
5
82
2
92
4
48
3
4
3
84
2
67
1
53
5
53
1
4
4
34
2
37
6
35
5
38
5
74
1
7
1
26
1
10
3
31
1
17
6
69
6
57
1
38
6
58
0
47
5
66
5
75
4
46
4
43
4
50
5
58
4
20
5
66
0
87
2
28
5
18
3
58
3
28
3
2
2
36
3
83
4
76
5
75
5
89
3
59
3
59
6
87
3
68
2
22
3
89
2
1
1
62
3
34
3
56
6
19
6
2
5
75
2
86
2
7
6
28
4
2
5
74
3
96
5
6
2
62
2
34
3
12
3
48
1
2
2
16
4
8
4
1
6
53
6
81
3
82
4
74
4
3
5
85
4
44
5
47
3
83
5
67
6
16
5
35
4
55
2
43
3
73
4
58
6
68
5
48
6
19
3
43
6
94
1
77
4
32
0
22
5
18
5
22
6
64
6
18
6
28
4
69
2
86
6
17
6
53
4
23
6
74
0
10
0
60
3
98
5
57
2
29
4
88
3
8
5
21
6
94
4
11
2
66
6
29
1
22
5
1
6
51
1
11
2
9
6
1
1
86
6
52
5
31
4
89
6
89
4
82
3
10
3
71
5
32
0
71
1
78
5
81
4
92
2
8
3
84
3
66
3
22
6
97
2
64
2
68
5
35
2
36
2
71
3
78
2
96
2
17
2
23
5
56
2
60
5
59
2
46
5
59
3
9
3
19
2
31
6
82
2
69
4
27
3
88
2
49
4
21
3
36
3
12
3
92
3
41
5
88
5
98
1
16
2
52
3
49
4
40
4
11
4
32
0
86
2
85
3
58
6
44
5
11
5
24
2
57
6
89
6
54
2
5
0
35
3
48
4
91
1
49
3
44
2
76
4
98
4
65
4
62
3
66
4
12
1
77
3
18
3
39
3
85
3
88
4
57
2
30
4
60
6
88
4
17
5
94
4
53
1
72
4
64
2
13
2
25
5
89
4
68
5
27
4
83
5
88
2
85
5
19
6
81
3
45
2
12
4
1
3
1
4
77
1
30
3
83
4
74
1
94
4
31
5
98
3
72
2
0
1
60
0
90
6
35
4
85
5
85
2
67
5
78
2
6
6
69
2
28
1
28
3
92
2
69
6
72
5
34
2
99
5
2
2
58
2
78
3
94
4
48
6
99
3
94
0
24
0
30
4
83
5
82
2
39
3
68
2
77
4
91
3
48
2
7
1
13
1
28
5
88
5
89
3
7
5
91
0
60
4
18
2
42
4
56
3
21
2
54
2
87
1
4
4
76
2
91
4
17
2
78
5
71
4
14
0
54
6
9
6
16
1
80
2
2
5
13
2
12
2
89
2
2
3
89
3
24
2
91
4
3
4
33
4
11
0
67
5
8
3
69
6
67
6
79
0
24
3
24
4
28
0
32
4
21
1
84
4
87
4
99
3
41
1
80
1
6
5
67
2
76
5
52
0
13
2
38
0
45
2
36
3
86
2
51
3
8
4
58
6
55
4
61
4
39
5
7
4
12
3
68
4
51
6
21
1
13
5
8
3
51
2
26
5
35
2
52
3
22
2
9
2
15
4
15
4
65
3
41
6
64
3
73
2
98
2
23
2
70
1
14
2
38
4
46
2
7
3
97
2
3
4
75
1
34
3
31
4
14
1
77
2
6
4
37
1
18
1
32
2
80
3
85
6
39
0
59
2
13
2
61
3
24
4
57
3
44
2
73
6
53
4
87
2
16
6
6
6
39
4
77
2
36
0
20
2
75
0
0
3
1
1
48
3
46
2
76
2
16
4
41
1
85
2
50
5
19
2
19
2
57
6
8
2
43
2
46
3
14
1
13
2
22
1
16
2
6
1
26
6
6
4
25
6
39
2
0
3
25
5
11
5
67
2
81
5
59
0
20
2
39
3
52
1
74
6
26
4
15
5
97
2
99
2
55
4
5
4
51
4
95
1
65
4
57
3
15
4
65
1
63
1
46
5
87
3
1
1
43
2
76
4
86
5
51
4
74
3
65
1
87
5
13
2
78
3
69
2
47
4
65
3
42
4
53
3
51
6
18
1
8
2
61
2
65
4
19
4
71
0
80
0
89
4
76
2
24
6
92
3
76
3
65
5
77
2
15
5
11
2
39
3
91
6
74
1
11
1
27
2
73
3
37
4
1
0
85
5
33
5
98
4
87
2
98
1
18
0
91
2
62
5
61
4
39
1
7
1
56
0
85
2
86
5
82
0
33
3
18
2
61
4
7
2
16
0
59
4
18
4
99
0
40
3
41
1
14
3
6
1
12
0
62
6
12
4
86
3
2
2
14
3
62
2
68
1
53
3
81
1
32
6
71
6
25
0
1
1
46
3
71
1
10
2
33
1
80
4
36
5
85
3
16
5
87
4
98
3
28
3
66
6
81
5
16
3
68
3
11
6
56
5
7
1
65
4
1
6
5
4
52
3
8
0
8
3
12
2
7
2
12
1
95
4
75
4
93
0
10
3
78
2
21
3
15
3
98
1
6
2
3
3
34
3
58
3
43
2
91
5
6
0
45
3
43
6
13
6
32
2
82
2
87
2
49
3
58
5
91
4
91
5
17
2
1
6
39
5
91
0
2
1
9
3
12
4
75
0
20
5
62
6
47
1
82
3
1
0
60
1
69
4
78
5
74
4
58
3
22
1
56
1
87
4
67
3
41
3
65
2
81
2
1
4
16
6
29
6
43
1
16
2
81
2
43
2
5
4
26
5
71
3
96
6
18
4
36
6
7
0
27
3
26
4
51
4
38
3
98
3
58
0
30
4
73
6
28
4
14
3
11
4
78
1
53
6
43
5
43
4
89
2
33
0
91
3
43
3
41
2
5
1
21
1
87
1
67
6
81
2
91
1
47
1
76
4
51
3
51
6
42
4
35
2
96
6
96
1
85
2
61
5
38
6
92
1
14
4
45
6
85
4
77
0
16
3
71
2
72
2
55
4
4
0
20
1
14
3
63
4
65
0
4
2
14
0
82
3
96
4
8
4
64
5
15
6
3
4
71
2
97
1
79
3
86
4
18
3
30
3
26
2
22
6
8
1
2
0
25
3
97
4
63
3
76
3
97
3
43
4
7
5
38
4
75
0
8
6
81
2
95
4
92
1
55
2
95
4
51
3
58
5
75
4
58
3
71
1
61
1
84
4
11
4
57
1
83
5
99
4
54
1
44
5
11
0
50
6
85
3
25
3
58
4
86
2
22
1
59
4
33
3
82
4
4
1
69
1
81
5
84
3
51
2
62
2
84
3
43
4
85
5
28
6
87
1
62
1
65
6
21
5
3
2
89
2
93
4
93
4
83
2
61
4
91
4
61
6
47
2
27
2
6
3
11
5
21
2
87
2
29
4
18
2
13
3
53
2
47
2
81
2
76
2
34
2
24
1
97
5
34
2
34
3
6
6
17
3
72
3
31
2
78
4
19
0
46
1
99
1
67
5
53
5
54
2
33
3
47
2
62
2
3
2
12
4
53
6
83
5
58
6
35
6
6
4
36
2
59
6
39
5
34
2
9
1
52
6
28
2
18
3
65
6
58
4
38
2
85
3
33
3
25
3
48
0
65
2
78
2
53
3
59
2
18
2
38
3
7
0
24
3
1
2
15
3
9
6
28
0
0
1
15
3
56
3
31
5
52
1
79
5
32
2
51
1
51
4
43
0
29
3
79
4
35
4
41
1
71
3
46
6
26
1
24
2
48
2
86
3
33
2
51
4
23
5
18
3
21
5
73
1
39
1
39
1
37
4
94
4
88
5
31
3
97
5
19
4
19
6
43
4
65
4
95
5
22
3
29
2
64
4
7
4
52
3
5
4
78
4
84
6
57
4
56
2
47
2
92
4
8
1
32
2
71
4
83
2
99
3
97
4
63
4
86
4
92
2
54
4
96
1
45
4
89
4
67
4
27
3
12
3
63
2
58
5
46
0
10
5
31
1
18
6
71
3
97
4
85
4
1
3
63
6
84
5
92
0
61
1
61
3
72
0
6
3
37
6
2
4
63
2
31
1
46
6
95
6
8
6
46
3
95
1
17
3
53
6
51
4
28
3
71
3
1
4
16
1
74
6
76
1
96
5
18
5
8
4
14
4
93
1
35
5
28
1
28
4
89
6
59
5
75
0
39
1
51
4
76
3
13
2
47
4
76
3
9
2
1
2
24
1
58
1
54
2
96
4
74
2
6
2
2
4
67
3
36
3
31
5
61
3
88
2
84
3
38
3
67
3
99
5
99
4
11
5
47
1
77
2
54
4
22
2
41
3
22
4
81
2
84
3
94
2
20
2
44
4
69
0
87
6
86
4
78
2
81
6
75
5
85
2
25
5
86
2
47
5
2
4
24
4
22
1
24
4
73
5
31
4
62
3
22
3
71
3
34
2
20
2
72
3
29
3
85
5
5
1
8
4
34
5
88
