9
58
18
30
9
42
9
0
3
39
1
92
19
63
19
61
0
42
9
26
0
31
9
36
9
6
19
33
9
16
3
63
9
56
9
64
9
76
9
86
9
48
9
4
19
80
9
56
1
59
9
64
1
4
9
33
9
26
9
44
9
38
19
92
1
7
1
29
1
10
3
31
1
19
9
74
9
57
1
39
9
58
0
47
9
56
8
75
9
36
4
43
4
50
9
58
4
20
9
74
0
87
9
34
9
6
3
58
9
34
3
1
9
36
19
82
9
76
19
93
9
94
3
59
9
64
9
94
9
66
19
22
9
94
9
0
1
61
9
26
9
56
9
19
9
2
8
75
9
76
9
7
9
28
4
2
9
74
9
99
9
0
9
56
9
33
3
11
9
36
1
2
2
11
4
8
9
1
9
64
19
81
19
82
19
92
9
14
8
85
9
43
9
47
19
83
9
56
9
16
8
35
8
55
2
41
19
91
4
58
9
68
9
36
19
34
19
61
9
86
1
71
9
44
0
22
9
18
9
34
9
74
9
18
9
28
4
69
9
94
9
6
19
52
9
16
9
74
0
10
0
60
9
98
9
64
9
34
9
88
9
0
9
16
9
86
4
11
9
66
9
29
1
29
9
1
9
46
1
11
9
14
9
0
1
86
19
52
9
31
9
94
9
94
9
76
3
10
9
71
9
44
0
71
1
71
19
81
9
99
9
14
9
76
9
66
9
34
9
86
9
74
9
68
9
26
9
36
9
66
3
78
9
86
9
17
9
16
9
56
2
60
9
59
2
41
9
64
3
9
9
19
9
31
19
82
9
74
19
16
9
88
19
62
9
16
9
36
9
6
3
92
9
41
9
88
9
98
1
11
9
64
19
63
4
40
9
11
9
32
0
86
8
85
9
64
9
43
9
6
9
34
9
64
9
94
9
64
8
5
0
35
9
48
4
91
1
49
19
62
9
66
9
99
4
65
9
62
9
56
9
12
1
71
9
18
9
44
8
85
3
88
19
46
2
30
4
60
9
88
9
17
9
86
4
51
1
71
9
56
19
31
9
16
9
94
9
68
9
27
9
76
19
76
8
85
19
34
19
81
19
63
9
6
9
0
9
0
9
77
1
30
9
94
4
71
1
99
9
26
9
98
9
72
2
0
1
60
0
90
8
35
4
81
19
76
2
61
9
78
2
6
9
74
2
29
1
28
9
99
2
69
9
72
9
34
9
99
9
0
2
59
2
71
9
99
9
48
9
99
9
94
0
24
0
30
4
83
9
76
9
44
9
68
19
92
9
86
3
48
2
7
1
13
9
28
9
94
9
89
9
7
9
86
0
60
9
6
2
42
9
64
9
16
2
54
0
87
1
9
9
76
2
91
9
17
9
78
9
71
19
32
0
54
9
14
9
16
1
80
9
2
9
6
2
11
2
89
2
2
9
89
9
24
2
91
9
3
4
39
9
6
0
67
9
8
9
74
9
74
9
79
0
24
19
22
9
28
0
32
19
21
1
89
4
89
4
99
9
41
1
80
1
1
9
56
19
92
9
46
0
13
9
44
0
45
9
26
9
86
9
46
9
8
4
58
19
46
4
61
9
44
9
0
4
11
9
68
9
46
19
21
1
19
9
0
19
51
9
16
8
35
2
52
3
21
9
14
2
11
4
19
4
65
3
41
9
64
9
73
9
99
9
16
2
70
1
14
9
38
9
46
9
0
3
91
2
3
9
66
1
34
9
31
9
14
1
77
9
14
9
37
1
18
1
31
2
80
8
85
9
44
0
59
19
31
2
61
3
21
4
59
9
36
2
79
9
64
9
94
19
32
9
6
9
44
9
77
2
36
0
20
2
79
0
0
9
1
1
41
3
41
2
79
9
16
9
41
1
85
2
50
19
34
19
32
9
46
9
8
9
43
9
36
19
32
1
13
9
34
1
11
2
6
1
26
9
6
8
25
9
39
2
0
9
34
9
11
9
67
9
76
9
59
0
20
2
39
3
59
1
71
19
16
19
33
9
86
9
99
8
55
9
14
9
46
9
99
1
69
9
64
8
15
8
65
1
63
1
46
9
87
9
0
1
41
19
92
4
86
9
46
4
74
8
65
1
89
9
13
2
78
9
74
2
41
8
65
9
36
4
53
9
46
9
18
1
9
9
61
2
65
4
19
9
71
0
80
0
89
4
76
19
22
9
86
3
71
3
65
9
77
2
15
9
6
9
44
9
91
9
66
1
11
1
29
1
79
3
37
4
1
0
85
9
26
9
99
4
87
9
98
1
11
0
91
9
62
9
61
9
44
1
7
1
59
0
85
9
86
19
82
0
33
9
18
9
56
4
7
9
16
0
59
9
18
9
99
0
40
9
41
1
14
9
14
1
19
0
62
9
6
4
81
9
0
2
19
3
62
2
68
1
53
3
81
1
39
9
66
9
34
0
1
1
46
9
66
1
10
9
26
1
80
9
36
8
85
9
6
9
87
4
99
19
17
9
56
19
81
9
16
9
68
9
6
19
46
9
0
1
69
4
1
9
14
4
51
9
14
0
8
3
12
9
7
18
30
1
91
19
93
9
93
0
10
9
78
19
21
8
15
3
98
1
9
9
0
3
31
19
47
19
61
2
91
9
6
0
45
9
43
9
6
9
32
9
76
9
94
19
62
3
59
9
91
9
86
9
17
9
0
9
44
9
86
0
2
1
9
3
11
19
93
0
20
9
62
9
36
1
82
9
1
0
60
1
69
4
78
19
92
4
59
3
22
1
56
1
89
9
74
9
36
9
74
19
81
2
1
19
34
9
34
19
61
1
16
19
81
9
43
9
0
9
34
9
66
9
86
19
34
4
39
9
14
0
27
9
26
4
51
9
26
9
98
9
64
0
30
9
73
9
28
9
18
9
11
19
94
1
59
19
61
9
43
4
89
2
31
0
91
19
61
9
41
8
5
1
21
1
87
1
61
19
81
9
91
1
47
1
76
9
46
9
46
9
42
4
31
2
99
9
86
1
89
9
61
9
26
9
92
1
14
8
45
9
94
9
66
0
16
9
66
18
90
1
55
4
1
0
20
1
11
9
74
4
61
0
4
9
14
0
82
9
96
9
8
4
64
9
6
9
3
9
71
9
99
1
79
9
86
4
18
3
30
3
21
2
22
9
8
1
2
0
25
3
97
9
56
3
76
9
86
3
43
9
7
9
38
8
75
0
8
9
76
2
95
9
92
1
59
2
91
19
51
3
58
8
75
19
46
9
66
1
61
0
89
9
11
9
57
1
83
9
99
4
54
1
41
9
11
0
50
19
76
9
16
19
47
19
76
9
34
1
59
4
33
9
94
9
14
1
69
1
81
9
76
3
51
2
62
9
84
19
61
9
94
9
28
9
94
1
62
1
65
19
21
9
0
9
89
2
93
9
93
19
82
9
61
4
91
4
61
9
47
2
29
2
9
9
11
9
16
2
87
9
29
9
18
2
11
19
52
2
47
9
76
9
76
9
34
1
24
1
91
9
44
9
26
3
6
9
6
18
90
9
31
2
71
19
34
0
46
1
99
1
61
9
64
9
46
9
33
3
41
9
62
2
3
9
6
9
46
19
82
9
58
8
35
9
14
4
31
9
64
9
44
9
44
9
14
1
52
9
28
2
18
8
65
9
58
9
44
2
89
9
26
3
25
3
49
0
65
9
78
2
53
3
59
2
18
9
38
3
9
0
24
3
1
9
6
3
9
9
34
0
0
1
11
9
46
9
31
19
52
1
79
9
44
19
51
1
51
19
61
0
29
3
79
9
26
9
41
1
71
3
46
9
34
1
29
19
62
2
89
9
44
9
46
19
23
19
34
3
21
9
66
1
39
1
39
1
39
9
89
9
88
9
26
3
97
9
19
4
19
9
36
9
56
4
91
19
22
3
29
2
61
9
7
9
46
3
5
9
78
19
82
9
64
9
56
19
62
9
86
9
0
1
32
9
66
4
89
9
99
9
99
4
63
9
86
9
92
9
64
9
96
1
49
9
94
9
56
19
16
3
11
3
61
9
64
19
64
0
10
9
26
1
11
9
66
3
99
8
85
9
1
3
63
19
82
9
99
0
61
1
61
18
90
0
6
9
44
9
2
4
63
9
31
1
46
9
99
9
8
9
36
8
95
1
11
9
46
19
51
4
28
3
71
9
0
4
11
1
74
9
66
1
99
9
18
9
8
4
14
9
99
1
39
9
28
9
28
4
89
9
64
19
93
0
39
1
51
4
71
3
13
2
47
4
71
3
9
2
1
2
24
9
58
1
51
2
91
9
74
2
9
1
1
4
61
3
39
3
31
9
56
9
94
9
84
3
38
3
61
9
99
9
99
9
11
9
47
1
77
8
54
9
34
2
41
19
22
19
81
9
84
9
86
2
20
19
62
4
69
0
87
9
94
9
66
19
81
9
66
9
94
8
25
9
94
9
36
9
2
4
21
9
34
1
21
9
73
9
31
9
74
9
34
9
71
9
34
2
20
9
72
9
34
9
94
9
0
1
8
4
31
9
94
