9
58
9
18
9
42
8
0
3
39
1
92
9
51
9
49
0
42
8
30
0
31
9
36
9
6
9
21
9
17
3
63
8
60
8
58
9
77
8
90
9
48
9
4
9
81
8
61
1
59
9
59
1
4
9
33
8
31
9
41
9
38
9
80
1
7
1
29
1
10
3
31
1
19
9
74
9
57
1
39
9
58
0
47
9
60
8
75
9
40
4
43
4
50
9
58
4
20
9
72
0
87
8
30
9
12
3
58
9
31
3
1
8
36
9
83
9
76
9
81
9
93
3
59
9
61
9
93
9
68
8
22
9
91
8
0
1
61
9
29
9
56
9
19
9
2
8
75
8
80
8
7
9
28
4
2
9
74
9
99
9
0
8
60
8
34
3
11
9
42
1
2
2
11
4
8
9
1
9
59
12
81
9
82
9
80
9
9
8
85
9
43
9
47
9
83
9
61
9
16
8
35
8
55
2
41
9
79
4
58
9
68
9
42
12
24
9
49
9
88
1
71
9
38
0
22
9
18
9
28
9
70
9
18
9
28
4
69
8
90
9
11
12
52
9
18
9
74
0
10
0
60
9
98
9
63
8
30
9
88
9
2
9
17
9
88
4
11
8
66
9
29
1
28
9
1
9
46
1
11
8
10
9
0
1
86
12
52
9
31
9
92
9
94
9
78
3
10
9
71
9
38
0
71
1
72
11
81
9
98
8
10
9
79
9
66
9
28
9
91
8
70
8
68
9
29
8
36
8
70
3
78
8
90
8
17
8
20
9
56
2
60
9
59
2
41
9
63
3
9
9
19
8
31
12
82
8
70
10
21
9
88
8
50
9
18
9
36
9
9
3
92
9
41
9
88
9
98
1
11
8
58
9
51
4
40
9
11
9
32
0
86
8
85
9
61
9
43
9
7
9
30
8
60
9
94
9
60
8
5
0
35
9
48
4
91
1
49
9
50
8
70
9
99
4
65
9
62
9
60
9
12
1
71
9
18
9
41
8
85
3
88
10
51
2
30
4
60
9
88
9
17
9
88
4
51
1
71
9
58
8
19
8
20
9
93
9
68
9
27
9
78
10
82
8
85
11
23
12
81
9
51
8
10
9
0
9
0
9
77
1
30
9
89
4
71
1
99
9
28
9
98
9
72
2
0
1
60
0
90
8
35
4
81
11
81
2
61
9
78
2
6
9
74
2
29
1
28
9
98
2
69
9
72
9
34
8
99
9
0
2
59
2
72
9
99
9
48
9
99
9
94
0
24
0
30
4
83
9
77
8
40
9
68
8
80
9
88
3
48
2
7
1
13
7
28
9
93
9
89
9
7
9
87
0
60
9
12
2
42
9
62
9
19
2
54
0
87
1
9
9
76
2
91
9
17
8
78
9
71
9
20
0
54
9
14
9
16
1
80
8
2
9
7
2
11
2
89
2
2
9
89
9
24
2
91
9
3
4
39
9
8
0
67
9
8
9
71
9
73
9
79
0
24
9
23
9
28
0
32
10
21
1
89
4
89
4
99
9
41
1
80
1
1
9
61
8
80
9
47
0
13
8
40
0
45
8
30
9
86
8
50
9
8
4
58
12
51
4
61
9
42
9
1
4
12
9
68
9
48
12
21
1
19
9
2
9
51
8
20
8
35
2
52
3
21
8
10
2
11
4
19
4
65
3
41
9
64
9
73
8
99
8
20
2
70
1
14
8
38
9
46
8
1
3
91
2
3
9
69
1
34
9
31
9
14
1
77
8
10
9
37
1
18
1
31
2
80
8
85
9
44
0
59
8
19
2
61
3
21
4
59
9
39
2
79
9
59
9
92
8
20
9
6
9
44
9
77
2
36
0
20
2
79
0
0
9
1
1
42
3
41
2
79
8
16
9
41
1
85
2
50
11
23
8
20
8
51
9
8
8
43
8
40
9
20
1
13
8
28
1
11
2
6
1
26
9
6
8
25
9
39
2
0
9
31
9
11
9
67
8
80
9
59
0
20
2
39
3
58
1
71
12
21
9
21
9
91
8
99
8
55
9
11
9
48
9
99
1
69
9
62
8
15
8
65
1
63
1
46
9
87
9
0
1
41
8
80
4
86
9
47
4
74
8
65
1
89
9
13
2
78
9
71
2
41
8
65
9
39
4
53
9
49
9
18
1
9
8
61
2
65
4
19
9
71
0
80
0
89
4
76
8
24
9
86
3
71
3
65
9
77
2
15
9
7
8
40
9
91
9
68
1
11
1
29
1
79
3
37
4
1
0
85
9
27
9
99
4
87
8
98
1
12
0
91
8
62
9
61
9
42
1
7
1
59
0
85
8
86
11
82
0
33
9
18
8
60
4
7
8
16
0
59
9
18
9
99
0
40
9
41
1
14
9
11
1
18
0
62
9
6
4
81
9
0
2
19
3
62
2
68
1
53
3
81
1
38
9
66
9
31
0
1
1
46
9
69
1
10
8
30
1
80
9
36
8
85
9
10
9
87
4
99
9
22
9
60
12
81
9
16
9
68
9
9
12
51
9
1
1
69
4
1
9
11
4
51
9
11
0
8
3
12
8
7
8
18
1
91
9
81
9
93
0
10
9
78
8
21
8
15
3
98
1
9
8
0
3
31
9
52
9
49
2
91
9
6
0
45
9
43
9
7
9
32
8
80
8
90
8
50
3
59
9
91
9
88
9
17
8
0
9
44
9
87
0
2
1
9
3
11
9
81
0
20
9
62
9
41
1
82
9
1
0
60
1
69
4
78
9
80
4
59
3
22
1
56
1
89
9
72
9
39
9
71
8
81
2
1
10
22
9
34
9
49
1
16
8
81
8
43
8
0
9
32
9
67
9
90
12
24
4
39
9
13
0
27
9
26
4
51
9
32
9
98
9
61
0
30
9
73
9
28
7
18
9
11
10
82
1
59
9
49
9
43
4
89
2
31
0
91
9
49
9
41
8
5
1
21
1
87
1
61
12
81
8
91
1
47
1
76
9
48
9
49
9
42
4
31
2
99
9
90
1
89
8
61
9
32
9
92
1
14
8
45
9
91
9
71
0
16
9
69
8
78
1
55
4
1
0
20
1
11
9
69
4
61
0
4
8
14
0
82
9
96
9
8
4
64
9
9
9
3
9
71
8
99
1
79
9
86
4
18
3
30
3
21
2
22
9
8
1
2
0
25
3
97
9
58
3
76
9
91
3
43
9
7
9
38
8
75
0
8
9
76
2
95
9
92
1
59
2
91
10
51
3
58
8
75
10
52
9
69
1
61
0
89
9
11
9
57
1
83
9
99
4
54
1
41
9
11
0
50
12
81
9
19
9
52
10
81
8
28
1
59
4
33
9
88
9
10
1
69
1
81
9
78
3
51
2
62
8
84
9
49
9
91
9
28
9
93
1
62
1
65
12
21
9
0
8
89
2
93
9
93
10
82
8
61
4
91
4
61
9
47
2
29
2
9
9
11
9
17
2
87
8
30
9
18
2
11
9
53
2
47
8
80
8
76
8
34
1
24
1
91
9
40
8
30
3
6
9
11
9
78
9
31
2
72
10
22
0
46
1
99
1
61
9
59
9
48
8
33
3
41
8
62
2
3
8
10
9
48
12
82
9
58
8
35
9
12
4
31
8
60
9
44
9
40
8
10
1
52
9
28
2
18
8
65
9
58
9
42
2
89
9
29
3
25
3
49
0
65
8
78
2
53
3
59
2
18
8
38
3
9
0
24
3
1
8
10
3
9
9
34
0
0
1
11
9
50
9
31
11
52
1
79
9
38
8
51
1
51
9
49
0
29
3
79
9
29
9
41
1
71
3
46
9
32
1
29
8
50
2
89
9
39
8
50
10
23
11
23
3
21
9
67
1
39
1
39
1
39
9
92
9
88
9
27
3
97
9
19
4
19
9
37
9
59
4
91
11
22
3
29
2
61
9
7
9
48
3
5
9
78
10
82
9
63
9
56
8
50
8
90
9
2
1
32
8
70
4
89
8
99
9
99
4
63
9
86
9
92
8
60
9
96
1
49
9
92
9
61
10
21
3
11
3
61
8
60
10
52
0
10
9
27
1
12
9
66
3
99
8
85
9
1
3
63
12
82
9
98
0
61
1
61
9
78
0
6
9
41
9
2
4
63
8
31
1
46
9
99
9
8
9
40
8
95
1
11
9
49
12
51
4
28
3
71
9
1
4
11
1
74
9
70
1
99
9
18
9
8
4
14
9
99
1
39
9
28
7
28
4
89
9
64
9
81
0
39
1
51
4
71
3
13
2
47
4
71
3
9
2
1
2
24
7
58
1
51
2
91
9
74
2
9
1
1
4
61
3
39
3
31
9
57
9
91
8
84
3
38
3
61
9
99
9
99
9
11
9
47
1
77
8
54
9
28
2
41
9
22
10
81
8
84
9
89
2
20
8
50
4
69
0
87
9
92
9
72
8
81
9
69
9
91
8
25
9
92
8
41
9
2
4
21
9
28
1
21
9
73
9
31
9
68
9
28
9
71
9
34
2
20
8
72
9
31
9
91
9
0
1
8
4
31
9
93
