1
59
2
10
3
42
0
2
3
39
0
92
3
43
4
41
0
42
0
32
0
31
4
44
4
6
2
13
3
24
3
63
0
63
1
50
3
84
0
94
2
48
1
4
1
86
0
69
1
51
3
51
1
4
2
34
0
39
4
33
3
39
3
72
1
7
0
24
1
10
3
31
1
15
4
68
4
57
1
36
4
59
0
47
3
68
3
75
2
48
4
43
4
50
3
59
4
20
3
64
0
87
0
26
4
20
3
58
1
26
3
4
0
36
1
83
2
76
3
73
3
87
3
59
1
58
4
85
2
70
0
22
1
87
0
2
1
64
1
36
1
56
4
19
4
2
3
75
0
88
0
7
4
28
4
2
3
74
1
94
3
8
0
64
0
34
3
12
2
50
0
2
2
18
4
9
2
1
4
51
4
81
1
82
2
72
2
1
3
85
2
44
3
47
1
83
3
69
4
16
3
35
2
55
2
45
1
71
4
58
4
69
4
50
4
18
1
41
4
96
1
79
3
30
0
22
3
18
4
20
4
62
4
18
4
28
4
69
0
84
4
19
4
53
2
25
4
74
0
10
0
60
1
99
3
55
0
29
2
88
2
10
3
21
4
96
4
11
0
66
4
29
1
20
3
1
4
52
1
10
0
8
4
3
0
86
4
52
4
30
2
88
4
88
2
84
3
10
1
71
4
30
0
71
1
80
3
81
3
90
0
6
1
86
1
66
2
20
4
99
0
62
0
68
3
37
0
36
0
71
3
79
0
98
0
17
0
25
3
56
2
60
3
59
2
48
3
57
3
7
1
19
0
31
4
82
0
68
2
29
1
89
0
49
2
23
1
36
1
14
3
92
1
41
3
89
3
98
1
18
1
50
1
48
4
40
2
11
2
32
0
86
0
85
1
56
4
44
3
13
3
22
0
55
4
87
4
52
0
5
0
35
1
48
4
91
0
47
1
42
0
78
2
96
4
65
2
62
1
68
2
12
1
79
1
19
1
39
1
85
3
89
2
59
2
30
4
60
4
89
2
17
3
96
4
55
1
74
2
66
0
11
0
27
3
89
2
68
3
27
2
85
4
90
0
85
3
17
4
81
1
43
0
14
2
1
1
3
2
77
1
30
1
81
4
76
1
92
2
32
3
99
1
72
2
0
1
60
0
90
4
35
4
87
3
87
2
69
3
79
2
6
4
69
2
26
1
29
2
90
2
69
4
72
3
34
0
98
3
4
2
56
2
80
1
92
2
49
4
99
1
94
0
24
0
30
4
83
3
84
0
39
1
68
0
75
2
91
3
49
2
7
1
13
0
30
3
86
3
89
1
7
3
91
0
60
3
20
2
42
2
54
1
23
2
54
4
87
1
2
2
76
2
91
2
17
0
78
3
71
2
12
0
54
4
7
4
16
1
80
0
2
3
15
2
14
2
88
2
2
1
89
1
24
2
91
2
3
4
31
2
11
0
67
3
8
1
67
4
65
4
79
0
24
1
24
2
29
0
32
3
20
0
82
4
85
4
98
1
41
1
80
1
8
3
69
0
74
3
54
0
13
0
36
0
45
0
38
1
86
0
53
1
8
4
59
4
57
4
63
2
37
3
9
4
12
1
68
2
51
4
21
1
11
4
10
1
51
0
28
3
35
2
52
3
24
0
7
2
17
4
13
4
65
3
41
4
64
1
73
0
96
0
25
2
70
1
14
0
38
2
46
0
9
3
99
2
3
2
77
1
34
1
31
2
14
2
77
0
4
2
37
1
18
1
34
2
80
1
85
4
38
0
59
0
11
2
62
3
26
4
55
1
46
2
71
4
51
2
85
0
14
4
6
4
39
2
77
2
36
0
20
2
73
0
0
1
1
1
50
3
48
2
74
0
16
2
41
0
85
2
50
3
19
0
18
0
59
4
8
0
43
0
48
1
12
0
13
1
20
1
18
2
6
1
26
4
6
2
25
4
39
2
0
1
23
3
11
3
67
0
82
3
59
0
20
2
39
4
50
1
76
4
28
2
13
3
99
0
99
0
55
2
3
2
51
2
93
1
63
2
56
1
15
2
65
1
63
0
46
3
87
1
1
1
45
0
74
4
86
3
53
4
74
1
65
1
85
3
13
2
78
1
67
2
49
2
65
1
44
4
53
1
51
4
18
0
6
0
61
1
65
4
19
2
71
0
80
0
87
4
76
0
24
4
94
3
78
3
65
3
77
2
15
3
12
0
38
1
91
4
76
1
11
1
25
4
71
3
37
4
1
0
85
3
35
3
96
4
87
0
99
1
20
0
91
0
62
4
60
2
38
3
7
0
54
0
85
0
86
3
82
0
33
1
18
0
61
4
7
0
16
0
59
2
19
2
99
0
40
2
40
0
14
1
4
1
10
0
62
4
14
4
88
1
4
2
12
3
62
2
69
1
53
3
83
2
30
4
71
4
23
0
1
2
46
1
73
1
10
0
35
1
80
2
36
3
85
1
18
3
87
4
96
2
30
1
68
4
81
3
16
1
68
1
11
4
58
3
9
1
63
4
1
4
3
4
54
1
6
0
8
3
12
0
7
1
10
0
97
2
73
2
93
0
10
1
78
0
21
1
15
3
98
1
4
0
5
3
36
2
60
1
41
2
91
3
6
0
45
1
43
4
15
4
32
0
84
0
85
0
49
3
56
3
92
2
93
3
17
0
2
4
38
3
93
0
2
1
8
3
14
2
73
0
20
3
62
4
49
1
82
1
1
0
60
1
69
4
78
3
72
4
56
3
22
1
56
1
85
2
65
1
42
1
63
1
80
2
0
2
14
4
27
4
41
2
16
0
81
0
43
0
7
2
24
3
71
1
98
4
16
4
34
4
5
0
28
1
26
4
51
3
40
1
99
1
56
0
30
2
73
4
28
4
12
2
10
2
76
1
51
4
41
3
43
4
87
2
35
0
91
1
41
1
41
0
5
0
21
1
87
0
69
4
81
1
90
1
47
0
76
2
52
1
53
4
42
4
37
2
94
4
98
1
83
1
60
4
40
4
92
1
14
2
45
4
83
2
79
0
16
1
72
1
70
4
55
4
6
0
20
1
16
1
61
4
67
0
4
0
14
0
82
1
96
2
8
4
64
3
17
4
3
2
71
0
95
0
77
1
86
4
18
3
30
3
28
2
22
4
9
1
2
0
25
3
97
2
65
3
76
1
99
3
43
2
7
3
38
2
75
0
8
4
82
2
95
2
92
0
53
2
97
2
51
3
58
3
75
3
60
1
73
2
60
3
82
3
10
2
57
1
83
3
98
4
54
1
46
3
13
0
50
4
87
1
27
2
60
2
88
1
20
1
58
4
33
2
80
2
2
0
69
0
81
3
86
3
51
2
62
0
84
1
41
2
83
3
28
4
85
1
62
1
65
4
21
3
5
0
89
2
93
2
93
2
83
0
61
4
93
4
61
4
47
2
25
2
4
1
11
3
21
2
87
0
28
2
18
2
15
1
53
2
47
0
81
0
76
0
34
4
24
0
99
3
32
0
36
3
6
4
19
2
70
1
31
2
80
2
17
0
46
0
99
3
69
3
51
3
56
0
33
3
49
0
62
2
3
0
14
2
55
4
83
3
59
4
35
4
4
4
38
0
57
4
38
3
32
0
9
0
52
4
28
2
19
1
65
4
59
2
36
2
83
1
35
3
25
3
46
0
65
0
78
2
53
3
57
2
19
0
39
3
5
0
24
3
2
0
17
3
9
4
26
0
0
3
17
1
58
1
31
3
52
1
78
4
30
0
51
1
51
2
41
0
29
3
79
2
37
2
41
1
71
3
46
4
24
1
22
0
46
2
84
1
31
0
51
2
23
3
16
3
22
3
75
1
39
2
39
0
35
2
96
2
88
3
33
3
97
3
19
4
19
4
45
2
67
4
97
3
22
3
28
2
66
2
7
2
54
3
5
2
78
2
84
4
55
2
56
0
45
0
94
3
10
2
32
0
72
4
81
0
99
1
95
4
63
2
86
2
92
0
52
2
96
1
43
2
88
2
69
2
29
3
14
3
65
0
56
3
44
0
10
3
31
1
20
4
71
3
95
2
85
2
1
3
63
4
84
4
90
0
61
1
61
2
70
0
6
1
35
4
2
4
63
0
31
0
46
4
93
4
9
4
48
1
95
0
19
1
55
4
51
4
28
3
71
1
1
4
18
0
74
4
78
2
94
3
18
3
9
4
14
2
91
1
33
3
29
0
30
4
88
4
58
3
73
0
39
2
51
4
78
3
13
2
47
4
78
3
7
3
0
2
24
0
60
1
56
2
98
2
74
2
4
4
4
4
69
3
34
3
30
3
62
1
86
0
84
3
38
3
69
1
99
3
99
2
11
3
47
1
77
0
54
3
20
2
41
1
22
2
81
0
84
1
96
2
20
0
42
4
69
2
89
4
84
3
80
0
81
4
77
3
83
0
25
3
84
0
49
3
2
4
25
3
20
1
26
2
73
3
31
3
60
2
20
2
70
1
34
2
20
0
72
1
28
1
83
3
7
1
9
4
36
3
86
