9
58
8
90
8
10
9
63
9
99
8
10
9
43
8
90
9
80
9
92
9
78
9
62
9
41
9
32
8
40
8
99
9
41
0
60
11
53
9
64
9
63
11
23
8
29
9
20
9
61
9
13
9
62
9
72
8
70
9
11
9
9
8
50
0
70
9
40
9
34
9
51
8
90
9
80
11
53
9
13
0
10
9
51
8
10
8
40
9
88
9
12
9
12
9
73
9
61
9
74
9
99
9
81
9
21
9
73
9
43
9
99
11
83
9
73
12
84
9
99
9
69
9
71
9
30
0
40
9
20
9
99
8
98
11
83
9
32
8
50
9
33
9
58
8
30
11
53
8
89
8
29
9
58
9
99
10
82
8
20
12
24
9
72
9
71
9
99
0
40
9
74
9
78
9
98
8
55
8
90
9
12
9
81
9
12
9
41
9
30
8
10
9
11
9
90
8
20
9
21
9
42
9
51
9
31
9
14
9
88
10
22
9
80
8
70
9
30
9
79
9
99
9
71
9
13
8
88
9
72
9
81
9
44
9
14
9
81
9
99
8
20
9
44
9
51
9
80
10
22
9
21
9
80
9
93
11
83
9
21
9
14
9
42
8
50
9
98
9
50
9
41
9
59
9
20
9
99
12
54
11
23
9
11
8
50
9
58
9
99
9
69
9
92
9
14
11
83
8
90
9
63
9
61
9
10
9
80
9
42
9
60
10
52
9
10
9
42
0
10
9
31
10
22
9
64
8
70
0
40
9
11
9
62
8
90
8
80
9
61
9
42
9
40
9
9
8
60
10
22
9
64
9
51
9
71
0
40
9
64
9
32
9
49
9
68
9
79
12
54
12
54
9
44
8
90
9
59
9
12
9
12
8
50
11
83
9
59
9
20
9
74
12
24
9
99
10
82
8
89
9
12
9
41
9
39
9
64
9
93
9
34
9
99
9
10
0
90
12
54
10
82
9
30
9
44
8
20
9
9
9
73
9
90
9
81
8
99
9
99
9
51
12
54
9
73
11
23
9
71
9
32
8
80
11
53
9
73
8
40
9
99
9
93
11
23
8
59
9
12
10
82
9
31
9
58
8
80
9
13
8
20
8
79
8
80
9
92
9
9
9
42
9
9
9
58
9
32
8
80
12
54
0
80
9
71
9
69
9
99
9
94
9
21
9
73
8
80
10
52
8
70
9
99
9
60
8
60
8
48
9
60
8
99
8
80
9
44
9
39
9
49
9
51
11
83
9
44
9
41
9
92
9
78
9
62
8
69
9
12
9
73
9
31
10
52
8
80
8
19
9
40
9
91
9
99
9
99
9
89
9
62
9
91
9
38
1
68
9
41
0
50
9
42
4
89
9
98
8
50
8
20
9
33
8
10
3
69
1
59
9
33
9
40
9
81
9
99
11
23
9
48
9
92
9
74
9
11
10
22
9
28
8
50
10
82
9
99
9
93
10
82
12
24
8
50
9
38
11
83
9
81
10
82
12
54
9
79
9
50
9
43
9
44
9
40
9
89
9
50
9
33
12
84
11
23
9
99
9
62
8
30
9
99
9
33
2
89
11
53
9
41
9
42
8
69
9
80
9
63
9
32
9
72
11
53
8
20
9
32
9
31
8
50
9
13
8
59
9
74
9
32
1
59
9
81
9
39
9
80
9
62
8
30
9
99
9
40
10
82
9
91
9
68
9
81
9
61
9
48
9
81
9
60
10
82
9
29
9
99
9
41
8
60
8
40
9
94
9
60
8
99
0
70
8
70
9
99
9
99
10
22
9
11
9
12
9
39
8
59
9
32
9
70
9
42
9
99
9
10
9
58
9
43
9
99
9
60
9
72
9
40
9
29
9
61
8
50
8
80
9
12
9
34
9
71
9
13
8
10
9
40
9
99
9
44
9
31
9
61
9
93
9
41
9
81
9
41
9
21
9
12
9
51
9
93
9
71
9
62
9
40
8
70
8
40
9
19
0
40
10
22
9
12
9
51
8
80
10
52
9
12
9
48
9
88
0
89
9
40
8
60
9
71
8
60
9
88
9
62
10
22
2
19
9
99
9
31
9
77
8
20
9
99
8
70
8
30
8
1
9
99
9
71
8
80
11
53
9
41
8
30
9
43
8
88
9
44
9
11
8
90
9
28
9
21
8
99
9
71
9
13
9
80
9
91
9
33
8
88
9
42
9
80
9
49
11
83
9
49
8
30
8
50
10
82
10
52
9
99
8
20
9
63
9
62
8
40
8
30
9
42
9
74
9
64
8
30
9
13
9
32
9
71
9
71
9
72
8
30
8
70
9
9
8
80
9
92
9
30
9
38
10
82
9
31
9
70
8
30
9
62
8
49
10
52
8
10
9
99
9
42
8
51
9
92
0
50
9
71
0
37
9
63
8
29
9
70
9
38
9
74
9
11
12
54
9
31
9
40
9
99
9
99
3
38
9
71
9
99
9
20
9
64
8
30
9
40
9
92
9
93
10
52
2
69
10
22
9
31
12
84
9
40
8
59
9
93
9
62
9
61
9
43
12
84
9
14
9
19
10
52
12
84
9
42
8
80
4
79
9
12
9
99
9
51
9
69
9
61
9
11
3
39
8
60
9
99
9
72
9
43
8
70
9
69
9
18
9
31
8
10
0
70
9
31
11
53
12
54
9
94
9
42
9
28
4
99
9
51
9
64
9
8
8
40
8
60
8
40
9
59
9
88
11
53
10
82
9
91
9
99
9
30
9
91
9
11
9
30
9
51
9
99
9
33
9
31
9
8
9
31
9
32
9
99
8
29
9
81
8
70
9
42
9
41
9
63
9
34
8
80
9
93
9
59
9
13
9
64
9
44
9
61
9
41
9
12
12
54
9
63
11
53
8
18
9
41
9
70
9
79
0
30
9
62
8
90
10
22
9
74
9
81
3
9
9
41
9
21
9
58
9
40
9
88
9
34
12
54
9
51
9
71
9
68
8
90
9
81
8
99
8
99
9
51
8
99
8
20
8
50
8
80
9
61
9
59
8
50
9
90
9
99
9
71
9
91
9
81
9
92
9
31
9
93
9
63
8
30
8
60
11
53
9
43
2
50
12
24
9
48
9
14
9
13
9
99
9
21
9
20
9
99
9
51
8
20
9
8
8
90
9
62
9
19
9
30
10
22
9
31
9
98
8
70
10
22
9
11
9
33
9
64
9
99
9
43
8
10
8
80
9
63
3
80
2
19
12
82
8
70
8
30
9
33
10
52
10
22
9
49
9
98
11
23
10
22
9
42
9
91
8
99
9
49
9
43
9
32
11
23
1
49
8
58
9
9
1
18
9
11
8
69
9
99
9
92
8
50
9
11
9
92
3
99
8
80
9
39
9
98
9
99
8
70
9
69
8
99
8
99
11
23
9
61
9
11
9
11
9
63
9
61
9
61
9
11
8
60
2
59
9
99
1
39
9
70
9
20
9
99
9
73
8
10
9
99
4
9
8
70
9
71
8
20
8
98
9
98
9
90
11
22
8
10
9
13
9
14
9
42
9
81
2
9
0
60
9
42
9
72
8
50
8
80
9
61
9
74
9
62
10
22
10
52
9
99
9
63
8
40
9
19
9
63
9
29
11
53
9
81
0
53
9
80
9
42
9
90
9
11
9
92
9
43
9
14
9
81
8
78
9
69
9
33
9
39
9
81
9
31
8
50
10
82
8
30
9
88
9
62
8
90
8
99
9
39
9
42
9
64
9
32
10
82
8
20
8
80
2
49
12
51
10
52
9
11
8
78
9
98
9
44
10
22
9
18
12
24
9
92
9
68
9
63
9
58
9
32
8
70
8
70
9
96
9
62
9
28
9
61
9
10
9
59
8
50
9
62
4
29
2
39
1
9
3
59
9
34
8
60
9
79
9
61
9
89
8
99
9
21
9
78
9
10
9
14
11
53
9
3
9
93
8
95
9
91
8
30
9
31
9
31
9
98
10
82
9
61
8
51
8
40
9
32
9
62
9
43
8
18
9
92
9
69
9
91
9
94
9
28
9
92
9
91
10
52
9
48
9
91
8
80
9
99
9
71
9
94
9
38
8
40
9
72
9
17
9
99
9
81
9
58
8
49
9
50
8
30
10
22
9
9
9
12
8
80
9
88
9
91
9
34
8
99
4
9
9
98
9
99
9
71
9
60
8
70
9
39
9
41
9
78
8
36
9
44
9
99
8
9
8
99
9
90
9
90
10
52
9
21
9
91
0
50
9
50
9
64
8
80
9
91
9
21
8
88
9
43
9
33
9
63
8
99
9
89
8
60
8
70
9
63
9
60
9
31
8
99
9
32
9
62
11
83
8
90
9
50
9
99
12
54
3
69
9
41
9
98
9
92
10
52
8
48
9
20
10
82
9
73
9
99
10
82
8
50
11
23
8
10
8
50
9
41
8
40
8
68
1
79
9
99
9
41
9
79
0
59
9
99
11
23
9
38
9
99
9
99
9
99
9
99
9
92
9
91
9
70
0
80
9
81
9
40
9
80
1
39
9
99
12
24
9
92
11
21
9
31
