9
64
9
94
9
14
9
64
9
99
9
14
9
44
9
94
14
86
9
94
12
84
9
64
9
44
9
34
9
44
9
99
9
44
0
60
17
59
9
64
9
64
17
29
9
34
14
26
9
64
9
14
9
64
9
74
9
74
9
14
9
14
14
56
0
70
9
44
9
34
15
57
9
94
14
86
17
59
9
14
0
10
15
57
9
14
9
44
9
94
9
14
9
14
9
74
9
64
9
74
9
99
15
87
15
27
9
74
9
44
9
99
17
89
9
74
18
90
9
99
9
74
9
74
9
34
0
40
14
26
9
99
9
99
17
89
9
34
14
56
9
34
9
64
9
34
17
59
9
94
9
34
9
64
9
99
16
88
14
26
18
30
9
74
9
74
9
99
0
40
9
74
12
84
9
99
8
55
9
94
9
14
15
87
9
14
9
44
9
34
9
14
9
14
9
94
14
26
15
27
9
44
15
57
9
34
9
14
9
94
16
28
14
86
9
74
9
34
13
85
9
99
9
74
9
14
9
94
9
74
15
87
9
44
9
14
15
87
9
99
14
26
9
44
15
57
14
86
16
28
15
27
14
86
9
94
17
89
15
27
9
14
9
44
14
56
9
99
14
56
9
44
9
64
14
26
9
99
18
60
17
29
9
14
14
56
9
64
9
99
9
74
9
94
9
14
17
89
9
94
9
64
9
64
9
14
14
86
9
44
9
64
16
58
9
14
9
44
0
10
9
34
16
28
9
64
9
74
0
40
9
14
9
64
9
94
14
86
9
64
9
44
9
44
9
14
9
64
16
28
9
64
15
57
9
74
0
40
9
64
9
34
13
55
9
74
13
85
18
60
18
60
9
44
9
94
9
64
9
14
9
14
14
56
17
89
9
64
14
26
9
74
18
30
9
99
16
88
9
94
9
14
9
44
9
44
9
64
9
94
9
34
9
99
9
14
0
90
18
60
16
88
9
34
9
44
14
26
9
14
9
74
9
94
15
87
9
99
9
99
15
57
18
60
9
74
17
29
9
74
9
34
14
86
17
59
9
74
9
44
9
99
9
94
17
29
9
64
9
14
16
88
9
34
9
64
14
86
9
14
14
26
13
85
14
86
9
94
9
14
9
44
9
14
9
64
9
34
14
86
18
60
0
80
9
74
9
74
9
99
9
94
15
27
9
74
14
86
16
58
9
74
9
99
9
64
9
64
12
54
9
64
9
99
14
86
9
44
9
44
13
55
15
57
17
89
9
44
9
44
9
94
12
84
9
64
9
74
9
14
9
74
9
34
16
58
14
86
13
25
9
44
9
91
9
99
9
99
9
94
9
64
9
94
9
44
1
69
9
44
0
50
9
44
4
89
9
99
14
56
14
26
9
34
9
14
3
69
1
59
9
34
9
44
15
87
9
99
17
29
12
54
9
94
9
74
9
14
16
28
9
34
14
56
16
88
9
99
9
94
16
88
18
30
14
56
9
44
17
89
15
87
16
88
18
60
13
85
14
56
9
44
9
44
9
44
9
94
14
56
9
34
18
90
17
29
9
99
9
64
9
34
9
99
9
34
2
89
17
59
9
44
9
44
9
74
14
86
9
64
9
34
9
74
17
59
14
26
9
34
9
34
14
56
9
13
9
59
9
74
9
34
1
59
15
87
9
44
14
86
9
64
9
34
9
99
9
44
16
88
9
94
9
74
15
87
9
64
12
54
15
87
9
64
16
88
9
34
9
99
9
44
9
64
9
44
9
94
9
64
9
99
0
70
9
74
9
99
9
99
16
28
9
14
9
14
9
44
9
64
9
34
9
74
9
44
9
99
9
14
9
64
9
44
9
99
9
64
9
74
9
44
9
34
9
64
14
56
14
86
9
14
9
34
9
74
9
14
9
14
9
44
9
99
9
44
9
34
9
64
9
94
9
44
15
87
9
44
15
27
9
14
15
57
9
94
9
74
9
64
9
44
9
74
9
44
13
25
0
40
16
28
9
14
15
57
14
86
16
58
9
14
9
46
9
94
0
89
9
44
9
64
9
74
9
64
9
94
9
64
16
28
2
19
9
99
9
34
9
77
14
26
9
99
9
74
9
34
9
1
9
99
9
74
14
86
17
59
9
44
9
34
9
44
9
94
9
44
9
14
9
94
9
34
15
27
9
99
9
74
9
14
14
86
9
94
9
34
9
94
9
44
14
86
13
55
17
89
13
55
9
34
14
56
16
88
16
58
9
99
14
26
9
64
9
64
9
44
9
34
9
44
9
74
9
64
9
34
9
14
9
34
9
74
9
74
9
74
9
34
9
74
9
14
14
86
9
94
9
34
9
44
16
88
9
34
9
74
9
34
9
64
13
55
16
58
9
14
9
99
9
44
14
51
9
94
0
50
9
74
0
37
9
64
9
34
9
74
9
44
9
74
9
14
18
60
9
34
9
44
9
99
9
99
3
39
9
74
9
99
14
26
9
64
9
34
9
44
9
94
9
94
16
58
2
69
16
28
9
34
18
90
9
44
9
64
9
94
9
64
9
64
9
44
18
90
9
14
13
25
16
58
18
90
9
44
14
86
4
79
9
14
9
99
15
57
9
74
9
64
9
14
3
39
9
64
9
99
9
74
9
44
9
74
9
74
12
24
9
34
9
14
0
70
9
34
17
59
18
60
9
94
9
44
9
34
4
99
15
57
9
64
9
14
9
44
9
64
9
44
9
64
9
94
17
59
16
88
9
94
9
99
9
34
9
94
9
14
9
34
15
57
9
99
9
34
9
34
9
14
9
34
9
34
9
99
9
34
15
87
9
74
9
44
9
44
9
64
9
34
14
86
9
94
9
64
9
14
9
64
9
44
9
64
9
44
9
14
18
60
9
64
17
59
12
24
9
44
9
74
9
79
0
30
9
64
9
94
16
28
9
74
15
87
3
9
9
44
15
27
9
58
9
44
9
94
9
34
18
60
15
57
9
74
9
74
9
94
15
87
9
99
9
99
15
57
9
99
14
26
14
56
14
86
9
64
9
64
14
56
9
94
9
99
9
74
9
94
15
87
9
94
9
34
9
94
9
64
9
34
9
64
17
59
9
44
2
50
18
30
9
48
9
14
9
14
9
99
15
27
14
26
9
99
15
57
14
26
9
14
9
94
9
64
13
25
9
34
16
28
9
34
9
99
9
74
16
28
9
14
9
34
9
64
9
99
9
44
9
14
14
86
9
64
3
80
2
19
18
82
9
74
9
34
9
34
16
58
16
28
13
55
9
99
17
29
16
28
9
44
9
94
9
99
13
55
9
44
9
34
17
29
1
49
9
58
9
14
1
19
9
14
9
74
9
99
9
94
14
56
9
14
9
94
3
99
14
86
9
44
9
99
9
99
9
74
9
74
9
99
9
99
17
29
9
64
9
14
9
14
9
64
9
64
9
64
9
14
9
64
2
59
9
99
1
39
9
74
14
26
9
99
9
74
9
14
9
99
4
9
9
74
9
74
14
26
9
99
9
99
9
94
17
22
9
14
9
14
9
14
9
44
15
87
2
9
0
60
9
42
9
74
14
56
14
86
9
64
9
74
9
64
16
28
16
58
9
99
9
64
9
44
13
25
9
64
9
34
17
59
15
87
0
53
14
86
9
44
9
94
9
14
9
94
9
44
9
14
15
87
12
84
9
74
9
34
9
44
15
87
9
34
14
56
16
88
9
34
9
94
9
64
9
94
9
99
9
44
9
44
9
64
9
34
16
88
14
26
14
86
2
49
18
51
16
52
9
14
12
84
9
99
9
44
16
28
12
24
18
30
9
94
9
74
9
64
9
64
9
34
9
74
9
74
9
96
9
64
9
34
9
64
9
14
9
64
14
56
9
64
4
29
2
39
1
9
3
59
9
34
9
64
13
85
9
64
9
94
9
99
15
27
12
84
9
14
9
14
17
59
9
3
9
94
8
95
9
94
9
34
9
34
9
34
9
99
16
88
9
64
9
46
9
44
9
34
9
64
9
44
12
24
9
94
9
74
9
94
9
94
9
34
9
94
9
94
16
58
12
54
9
94
14
86
9
99
9
74
9
94
9
44
9
44
9
74
9
17
9
99
15
87
9
64
13
55
14
56
9
34
16
28
9
14
9
14
14
86
9
94
9
94
9
34
9
99
4
9
9
99
9
99
9
74
9
64
9
74
9
44
9
44
12
84
9
36
9
44
9
99
9
14
9
99
9
94
9
94
16
58
15
27
9
94
0
50
14
56
9
64
14
86
9
94
15
27
9
94
9
44
9
34
9
64
9
99
9
94
9
64
9
74
9
64
9
64
9
34
9
99
9
34
9
64
17
89
9
94
14
56
9
99
18
60
3
69
9
44
9
99
9
94
16
58
12
54
14
26
16
88
9
74
9
99
16
88
14
56
17
29
9
14
14
56
9
44
9
44
9
74
1
79
9
99
9
44
13
85
0
59
9
99
17
29
9
44
9
99
9
99
9
99
9
99
9
94
9
94
9
74
0
80
15
87
9
44
14
86
1
39
9
99
18
30
9
94
17
21
9
34
