2
51
1
89
1
3
4
57
2
99
1
7
4
39
1
86
5
73
3
89
3
71
3
55
4
34
3
28
1
39
1
95
2
39
0
60
4
49
5
57
4
58
4
19
1
22
4
13
2
59
4
8
5
55
3
65
1
69
2
8
2
2
1
46
0
70
5
33
5
28
2
46
1
84
5
73
5
46
4
9
0
10
3
44
1
3
1
38
4
81
3
5
5
5
4
69
2
58
5
69
5
94
5
74
3
14
4
67
4
37
3
95
4
78
4
67
5
78
2
94
3
62
2
67
2
23
0
40
3
13
3
94
1
91
4
79
3
27
1
43
4
29
2
51
1
27
4
48
1
82
1
22
2
51
5
98
3
76
1
19
5
17
3
68
2
64
3
99
0
40
5
68
3
71
3
91
4
55
1
83
4
5
2
74
3
7
2
38
3
23
1
7
2
9
2
83
1
19
2
19
3
35
2
49
2
26
5
9
3
81
5
15
5
73
1
67
5
23
5
72
4
97
2
69
4
6
1
81
3
69
2
79
5
39
5
7
2
78
3
93
1
14
5
39
4
44
5
73
3
19
5
14
5
73
4
88
4
78
5
14
5
8
5
35
1
45
3
91
5
43
2
38
5
52
2
13
4
97
5
47
4
16
2
8
1
45
3
51
3
94
4
62
3
89
5
8
4
78
1
84
4
56
5
54
3
3
5
73
3
39
2
53
3
47
5
3
4
35
0
10
2
28
5
15
5
59
1
65
0
40
2
5
3
57
1
85
1
77
2
54
3
37
3
33
2
2
1
59
4
15
5
58
3
44
2
66
0
40
5
57
3
26
4
42
3
61
5
72
5
49
5
49
5
39
1
83
4
52
3
8
5
5
1
48
4
79
2
52
5
13
5
69
5
19
2
98
3
79
1
82
3
8
2
37
3
32
5
59
4
89
5
29
5
99
4
3
0
90
5
47
3
76
5
23
5
38
1
17
2
2
4
69
2
83
5
74
1
98
4
96
2
49
5
49
4
67
4
18
2
66
3
25
1
79
4
49
4
69
1
33
5
99
4
88
4
17
1
52
3
8
4
75
2
28
4
51
1
79
4
6
1
19
1
72
1
74
3
89
3
2
3
35
3
2
3
51
3
29
1
73
5
49
0
80
5
64
5
62
2
99
5
87
4
14
4
67
1
73
5
45
1
65
3
93
2
53
1
58
1
41
2
53
1
94
1
76
5
37
2
32
2
42
2
44
4
78
5
39
3
34
4
85
3
71
3
59
1
62
3
6
5
66
2
27
3
49
1
74
1
12
4
33
3
91
5
97
2
99
4
82
3
55
4
84
3
31
1
61
2
39
0
50
4
35
4
87
3
91
1
45
1
17
4
28
1
4
3
67
1
54
4
29
3
33
5
74
3
97
4
18
3
41
3
85
5
69
3
4
3
15
3
21
1
49
3
79
3
96
4
87
5
75
5
19
1
47
3
31
4
78
3
74
3
77
5
49
3
72
3
43
5
36
5
39
5
33
5
82
5
43
4
28
5
79
4
16
4
97
3
55
1
28
5
92
4
27
2
88
4
49
5
34
3
36
1
62
2
73
5
56
3
29
3
69
4
49
1
18
3
28
5
24
1
47
5
13
1
59
5
69
3
28
1
57
2
75
2
32
3
73
3
59
1
29
4
93
2
33
3
79
2
87
4
61
2
79
2
58
3
41
3
74
5
53
3
78
4
22
5
96
2
37
1
55
1
38
5
88
2
53
1
93
0
70
1
65
5
92
4
93
3
19
4
4
3
5
3
32
1
52
3
29
4
63
3
35
5
94
3
3
2
51
4
37
4
93
4
53
3
67
5
33
3
22
2
57
1
49
1
76
3
9
5
29
2
69
4
9
1
9
5
33
3
95
5
39
2
24
2
59
4
87
2
39
2
79
2
39
4
14
3
5
2
49
4
89
3
64
3
55
5
33
1
69
1
37
2
12
0
40
3
15
3
8
5
44
1
73
3
46
3
9
4
55
3
81
0
88
2
33
1
56
2
69
1
58
4
81
3
59
3
19
2
18
2
92
2
29
4
77
1
13
4
94
1
68
1
23
1
1
2
97
2
69
1
79
4
48
2
35
1
27
4
39
1
81
5
39
2
9
1
86
2
21
2
19
1
96
2
66
4
6
5
73
2
88
4
26
1
81
3
36
2
73
5
42
4
79
3
42
1
29
1
46
3
79
5
45
5
99
1
17
4
59
3
56
1
39
1
28
5
35
5
69
5
58
1
26
4
9
5
25
2
69
4
64
4
65
1
29
1
69
3
2
1
74
3
85
4
23
4
31
3
76
4
24
5
63
1
29
4
55
1
42
3
45
1
8
4
98
3
36
1
51
3
88
0
50
2
68
0
37
5
56
1
22
5
63
4
31
5
69
2
4
5
49
2
27
3
33
2
96
2
99
3
31
2
64
4
97
4
13
5
59
1
24
5
33
3
89
4
87
3
46
2
63
4
15
2
29
5
78
5
33
1
52
4
89
3
57
2
57
5
36
5
78
5
9
3
12
3
48
5
77
3
39
1
76
4
76
4
5
2
95
2
47
5
62
2
54
2
8
3
34
1
56
2
93
3
69
4
37
1
63
5
62
2
11
2
28
1
8
0
70
3
24
4
46
5
49
5
88
3
39
3
21
4
97
5
44
5
58
4
1
1
39
1
54
1
39
4
52
3
81
4
48
3
75
2
84
3
93
2
23
5
84
2
7
2
23
2
48
5
92
4
26
2
26
4
1
3
24
3
28
5
94
1
22
2
74
1
69
3
35
2
37
4
57
5
27
1
75
4
89
2
52
5
6
5
59
5
38
3
54
2
34
3
5
5
49
4
57
4
47
1
11
3
34
5
63
2
79
0
30
3
57
1
87
4
15
5
69
2
79
3
9
2
38
2
17
5
58
3
33
3
81
5
29
5
48
5
44
4
64
3
61
1
83
2
79
1
98
1
92
3
44
1
95
1
15
1
47
1
74
2
55
2
52
1
49
2
83
4
99
2
66
3
84
2
77
3
87
3
24
4
89
5
56
1
29
1
53
4
49
4
39
2
50
5
18
5
48
5
9
4
8
2
94
5
14
5
13
2
99
2
45
1
15
4
1
1
85
3
59
2
12
3
23
4
15
2
29
2
91
1
63
3
16
2
5
4
29
5
57
2
94
4
38
1
6
1
75
4
57
3
80
2
16
5
83
1
66
1
23
4
26
5
45
3
16
5
42
2
91
4
16
5
15
3
38
2
89
1
97
2
42
4
36
3
29
4
16
1
45
1
58
5
2
1
11
4
4
1
62
5
96
3
85
1
48
5
4
5
85
3
92
1
79
5
32
4
91
2
99
1
68
3
62
1
94
1
99
4
18
2
54
2
9
2
9
4
59
2
59
3
54
4
4
1
57
2
55
3
99
1
39
5
63
5
13
3
97
4
69
1
6
3
96
4
2
1
69
4
64
1
17
1
91
3
91
2
83
4
22
1
4
4
9
5
7
3
39
5
74
2
9
0
60
4
42
4
65
1
49
1
73
2
57
5
68
3
55
5
15
4
45
3
96
4
58
1
35
5
12
4
56
5
22
4
49
3
74
0
53
3
73
5
35
4
83
2
8
3
87
4
37
5
7
3
74
1
71
4
62
4
29
3
32
2
79
2
26
1
43
3
79
1
25
3
81
3
57
1
87
1
94
4
32
3
39
5
59
3
27
5
75
1
19
1
75
2
45
5
51
3
54
4
4
1
71
2
91
5
39
5
15
4
11
5
17
3
86
2
61
4
57
4
51
3
28
1
67
1
69
4
96
5
55
3
21
2
54
3
3
3
52
1
43
3
57
4
27
2
34
3
2
3
55
5
29
1
57
2
72
4
54
3
82
1
97
2
14
4
71
4
3
5
8
5
46
3
3
4
89
4
95
2
88
1
24
2
25
3
24
2
91
3
79
3
54
1
58
1
33
3
26
4
55
4
39
1
11
3
89
3
62
2
89
5
89
2
21
3
86
5
84
5
45
3
41
2
89
1
78
4
99
2
66
5
89
2
31
1
37
3
69
5
17
5
92
2
78
3
51
1
42
5
43
1
27
3
15
3
2
4
5
1
75
4
81
2
87
5
29
1
97
4
8
2
91
4
93
2
69
4
53
1
64
2
32
2
37
4
71
1
36
5
39
4
94
1
2
1
94
2
83
5
83
3
48
2
15
2
85
0
50
4
43
5
59
1
76
4
84
5
14
1
81
4
38
4
27
4
59
1
99
5
82
1
56
1
63
4
57
2
53
5
24
1
97
3
27
3
56
4
77
1
83
3
43
3
98
5
49
3
69
2
39
4
91
3
87
3
47
1
41
5
13
3
75
4
66
4
98
3
76
1
47
4
17
1
9
1
46
2
37
1
33
1
61
1
72
4
99
2
35
2
72
0
59
4
94
4
17
4
31
2
96
5
96
3
97
2
93
3
85
3
84
5
63
0
80
4
74
4
33
3
73
1
37
4
96
5
19
4
85
4
21
4
24
