9
64
9
94
9
14
9
64
9
99
9
14
9
44
9
94
19
94
9
94
19
93
9
64
9
44
9
34
9
44
9
99
9
44
0
60
19
64
9
64
9
64
19
34
9
34
19
34
9
64
9
14
9
64
9
74
9
74
9
14
9
14
19
64
0
70
9
44
9
34
19
64
9
94
19
94
19
64
9
14
0
10
19
64
9
14
9
44
9
94
9
14
9
14
9
74
9
64
9
74
9
99
19
94
19
34
9
74
9
44
9
99
19
94
9
74
19
94
9
99
9
74
9
74
9
34
0
40
19
34
9
99
9
99
19
94
9
34
19
64
9
34
9
64
9
34
19
64
9
94
9
34
9
64
9
99
19
94
19
34
19
34
9
74
9
74
9
99
0
40
9
74
19
93
9
99
8
55
9
94
9
14
19
94
9
14
9
44
9
34
9
14
9
14
9
94
19
34
19
34
9
44
19
64
9
34
9
14
9
94
19
34
19
94
9
74
9
34
19
94
9
99
9
74
9
14
9
94
9
74
19
94
9
44
9
14
19
94
9
99
19
34
9
44
19
64
19
94
19
34
19
34
19
94
9
94
19
94
19
34
9
14
9
44
19
64
9
99
19
64
9
44
9
64
19
34
9
99
19
64
19
34
9
14
19
64
9
64
9
99
9
74
9
94
9
14
19
94
9
94
9
64
9
64
9
14
19
94
9
44
9
64
19
64
9
14
9
44
0
10
9
34
19
34
9
64
9
74
0
40
9
14
9
64
9
94
19
94
9
64
9
44
9
44
9
14
9
64
19
34
9
64
19
64
9
74
0
40
9
64
9
34
19
64
9
74
19
94
19
64
19
64
9
44
9
94
9
64
9
14
9
14
19
64
19
94
9
64
19
34
9
74
19
34
9
99
19
94
9
94
9
14
9
44
9
44
9
64
9
94
9
34
9
99
9
14
0
90
19
64
19
94
9
34
9
44
19
34
9
14
9
74
9
94
19
94
9
99
9
99
19
64
19
64
9
74
19
34
9
74
9
34
19
94
19
64
9
74
9
44
9
99
9
94
19
34
9
64
9
14
19
94
9
34
9
64
19
94
9
14
19
34
19
94
19
94
9
94
9
14
9
44
9
14
9
64
9
34
19
94
19
64
0
80
9
74
9
74
9
99
9
94
19
34
9
74
19
94
19
64
9
74
9
99
9
64
9
64
19
63
9
64
9
99
19
94
9
44
9
44
19
64
19
64
19
94
9
44
9
44
9
94
19
93
9
64
9
74
9
14
9
74
9
34
19
64
19
94
19
34
9
44
9
91
9
99
9
99
9
94
9
64
9
94
9
44
1
69
9
44
0
50
9
44
4
89
9
99
19
64
19
34
9
34
9
14
3
69
1
59
9
34
9
44
19
94
9
99
19
34
19
63
9
94
9
74
9
14
19
34
9
34
19
64
19
94
9
99
9
94
19
94
19
34
19
64
9
44
19
94
19
94
19
94
19
64
19
94
19
64
9
44
9
44
9
44
9
94
19
64
9
34
19
94
19
34
9
99
9
64
9
34
9
99
9
34
2
89
19
64
9
44
9
44
9
74
19
94
9
64
9
34
9
74
19
64
19
34
9
34
9
34
19
64
9
13
9
59
9
74
9
34
1
59
19
94
9
44
19
94
9
64
9
34
9
99
9
44
19
94
9
94
9
74
19
94
9
64
19
63
19
94
9
64
19
94
9
34
9
99
9
44
9
64
9
44
9
94
9
64
9
99
0
70
9
74
9
99
9
99
19
34
9
14
9
14
9
44
9
64
9
34
9
74
9
44
9
99
9
14
9
64
9
44
9
99
9
64
9
74
9
44
9
34
9
64
19
64
19
94
9
14
9
34
9
74
9
14
9
14
9
44
9
99
9
44
9
34
9
64
9
94
9
44
19
94
9
44
19
34
9
14
19
64
9
94
9
74
9
64
9
44
9
74
9
44
19
34
0
40
19
34
9
14
19
64
19
94
19
64
9
14
9
46
9
94
0
89
9
44
9
64
9
74
9
64
9
94
9
64
19
34
2
19
9
99
9
34
9
77
19
34
9
99
9
74
9
34
9
1
9
99
9
74
19
94
19
64
9
44
9
34
9
44
9
94
9
44
9
14
9
94
9
34
19
34
9
99
9
74
9
14
19
94
9
94
9
34
9
94
9
44
19
94
19
64
19
94
19
64
9
34
19
64
19
94
19
64
9
99
19
34
9
64
9
64
9
44
9
34
9
44
9
74
9
64
9
34
9
14
9
34
9
74
9
74
9
74
9
34
9
74
9
14
19
94
9
94
9
34
9
44
19
94
9
34
9
74
9
34
9
64
19
64
19
64
9
14
9
99
9
44
19
51
9
94
0
50
9
74
0
37
9
64
9
34
9
74
9
44
9
74
9
14
19
64
9
34
9
44
9
99
9
99
3
39
9
74
9
99
19
34
9
64
9
34
9
44
9
94
9
94
19
64
2
69
19
34
9
34
19
94
9
44
9
64
9
94
9
64
9
64
9
44
19
94
9
14
19
34
19
64
19
94
9
44
19
94
4
79
9
14
9
99
19
64
9
74
9
64
9
14
3
39
9
64
9
99
9
74
9
44
9
74
9
74
19
33
9
34
9
14
0
70
9
34
19
64
19
64
9
94
9
44
9
34
4
99
19
64
9
64
9
14
9
44
9
64
9
44
9
64
9
94
19
64
19
94
9
94
9
99
9
34
9
94
9
14
9
34
19
64
9
99
9
34
9
34
9
14
9
34
9
34
9
99
9
34
19
94
9
74
9
44
9
44
9
64
9
34
19
94
9
94
9
64
9
14
9
64
9
44
9
64
9
44
9
14
19
64
9
64
19
64
19
33
9
44
9
74
9
79
0
30
9
64
9
94
19
34
9
74
19
94
3
9
9
44
19
34
9
58
9
44
9
94
9
34
19
64
19
64
9
74
9
74
9
94
19
94
9
99
9
99
19
64
9
99
19
34
19
64
19
94
9
64
9
64
19
64
9
94
9
99
9
74
9
94
19
94
9
94
9
34
9
94
9
64
9
34
9
64
19
64
9
44
2
50
19
34
9
48
9
14
9
14
9
99
19
34
19
34
9
99
19
64
19
34
9
14
9
94
9
64
19
34
9
34
19
34
9
34
9
99
9
74
19
34
9
14
9
34
9
64
9
99
9
44
9
14
19
94
9
64
3
80
2
19
19
82
9
74
9
34
9
34
19
64
19
34
19
64
9
99
19
34
19
34
9
44
9
94
9
99
19
64
9
44
9
34
19
34
1
49
9
58
9
14
1
19
9
14
9
74
9
99
9
94
19
64
9
14
9
94
3
99
19
94
9
44
9
99
9
99
9
74
9
74
9
99
9
99
19
34
9
64
9
14
9
14
9
64
9
64
9
64
9
14
9
64
2
59
9
99
1
39
9
74
19
34
9
99
9
74
9
14
9
99
4
9
9
74
9
74
19
34
9
99
9
99
9
94
19
22
9
14
9
14
9
14
9
44
19
94
2
9
0
60
9
42
9
74
19
64
19
94
9
64
9
74
9
64
19
34
19
64
9
99
9
64
9
44
19
34
9
64
9
34
19
64
19
94
0
53
19
94
9
44
9
94
9
14
9
94
9
44
9
14
19
94
19
93
9
74
9
34
9
44
19
94
9
34
19
64
19
94
9
34
9
94
9
64
9
94
9
99
9
44
9
44
9
64
9
34
19
94
19
34
19
94
2
49
19
51
19
52
9
14
19
93
9
99
9
44
19
34
19
33
19
34
9
94
9
74
9
64
9
64
9
34
9
74
9
74
9
96
9
64
9
34
9
64
9
14
9
64
19
64
9
64
4
29
2
39
1
9
3
59
9
34
9
64
19
94
9
64
9
94
9
99
19
34
19
93
9
14
9
14
19
64
9
3
9
94
8
95
9
94
9
34
9
34
9
34
9
99
19
94
9
64
9
46
9
44
9
34
9
64
9
44
19
33
9
94
9
74
9
94
9
94
9
34
9
94
9
94
19
64
19
63
9
94
19
94
9
99
9
74
9
94
9
44
9
44
9
74
9
17
9
99
19
94
9
64
19
64
19
64
9
34
19
34
9
14
9
14
19
94
9
94
9
94
9
34
9
99
4
9
9
99
9
99
9
74
9
64
9
74
9
44
9
44
19
93
9
36
9
44
9
99
9
14
9
99
9
94
9
94
19
64
19
34
9
94
0
50
19
64
9
64
19
94
9
94
19
34
9
94
9
44
9
34
9
64
9
99
9
94
9
64
9
74
9
64
9
64
9
34
9
99
9
34
9
64
19
94
9
94
19
64
9
99
19
64
3
69
9
44
9
99
9
94
19
64
19
63
19
34
19
94
9
74
9
99
19
94
19
64
19
34
9
14
19
64
9
44
9
44
9
74
1
79
9
99
9
44
19
94
0
59
9
99
19
34
9
44
9
99
9
99
9
99
9
99
9
94
9
94
9
74
0
80
19
94
9
44
19
94
1
39
9
99
19
34
9
94
19
21
9
34
