7
56
6
89
6
8
9
61
7
99
6
9
9
41
6
89
9
78
8
90
8
76
8
60
9
39
8
30
6
39
6
99
7
39
0
60
9
51
9
62
9
61
9
21
6
27
9
18
7
59
9
11
9
60
8
70
6
69
7
9
7
7
6
49
0
70
9
38
9
32
7
49
6
89
9
78
9
51
9
11
0
10
8
49
6
8
6
39
8
86
8
10
9
10
9
71
7
59
9
72
9
99
9
79
8
19
9
71
9
41
8
99
9
81
9
71
10
82
7
99
8
67
7
69
7
28
0
40
8
18
8
99
6
96
9
81
8
30
6
48
9
31
7
56
6
29
9
51
6
87
6
27
7
56
9
99
8
80
6
19
10
22
8
70
7
69
8
99
0
40
9
72
8
76
8
96
8
55
6
88
9
10
7
79
8
10
7
39
8
28
6
9
7
9
7
88
6
19
7
19
8
40
7
49
7
29
9
12
8
86
9
20
9
78
6
69
9
28
9
77
9
99
7
69
9
11
6
86
8
70
7
79
9
42
9
12
7
79
8
98
6
19
9
42
9
49
9
78
8
20
9
19
9
78
9
91
9
81
9
19
9
12
9
40
6
49
8
96
9
48
7
39
9
57
7
18
9
99
10
52
9
21
7
9
6
49
8
56
8
99
9
67
8
90
9
12
9
81
6
89
9
61
9
59
8
8
9
78
8
40
7
58
8
50
9
8
9
40
0
10
7
29
9
20
9
62
6
69
0
40
7
9
8
60
6
89
6
79
7
59
8
40
8
38
7
7
6
59
9
20
9
62
8
49
7
69
0
40
9
62
8
30
9
47
8
66
9
77
10
52
10
52
9
42
6
88
9
57
8
10
9
10
6
49
9
81
7
57
9
18
9
72
10
22
7
99
8
80
6
87
8
10
7
39
8
37
9
62
9
91
9
32
9
99
9
8
0
90
10
52
8
80
9
28
9
42
6
19
7
7
9
71
7
88
9
79
6
99
9
99
7
49
10
52
9
71
9
21
7
69
8
30
6
79
9
51
9
71
6
38
9
99
9
91
9
21
6
57
8
10
9
80
7
29
8
56
6
79
9
11
6
19
6
77
6
79
8
90
8
7
8
40
8
7
8
56
8
30
6
78
10
52
0
80
9
69
9
67
7
99
9
92
9
19
9
71
6
78
9
50
6
69
8
98
7
58
6
59
6
46
7
58
6
99
6
79
9
42
7
37
7
47
7
49
9
81
9
42
8
39
9
90
8
76
8
60
6
67
8
10
9
71
7
29
8
50
6
79
6
17
9
38
8
91
9
99
7
99
9
87
8
60
9
89
8
36
1
66
7
39
0
50
9
40
4
89
8
96
6
49
6
19
9
31
6
9
3
69
1
59
9
31
8
38
9
79
8
99
9
21
8
46
8
90
9
72
8
9
8
20
8
26
6
49
8
80
8
99
9
91
9
80
10
22
6
49
8
36
9
81
8
79
8
80
10
52
8
77
8
48
9
41
9
42
9
38
9
87
9
48
9
31
10
82
9
21
9
99
8
60
6
29
9
97
9
31
2
89
9
51
9
39
8
40
6
67
7
78
9
61
8
30
8
70
9
51
6
19
8
30
9
29
6
49
9
13
6
59
9
72
8
30
1
59
7
79
7
37
8
78
8
60
6
29
9
98
7
38
8
80
7
89
8
66
7
79
7
59
8
46
8
79
9
58
8
80
9
27
9
99
7
39
6
59
6
39
9
92
7
58
6
98
0
70
6
69
9
97
9
98
8
20
9
9
8
10
8
37
6
57
8
30
9
68
8
40
9
99
8
8
7
56
9
41
9
98
9
58
8
70
9
38
8
27
7
59
6
49
6
79
8
10
9
32
7
69
9
11
6
9
9
38
8
99
9
42
7
29
7
59
9
91
7
39
7
79
7
39
9
19
8
10
7
49
9
91
8
69
8
60
9
38
6
69
6
39
7
17
0
40
8
20
8
10
9
49
6
78
8
50
8
10
9
50
8
86
0
89
7
38
6
59
7
69
6
59
8
86
8
60
8
20
2
19
7
97
7
29
9
77
6
18
9
99
6
69
6
28
6
1
7
99
7
69
6
79
9
51
7
39
6
29
9
41
6
86
9
42
7
9
6
89
7
26
7
19
6
99
7
69
9
11
9
78
7
89
9
31
6
86
8
40
7
78
9
47
9
81
8
47
6
29
6
49
8
80
9
50
9
99
6
19
9
61
8
60
6
39
6
29
9
40
9
72
9
62
6
29
9
11
9
30
7
69
9
69
9
70
6
29
6
69
8
7
6
79
8
90
9
28
8
36
8
80
9
29
9
68
6
29
9
60
6
47
8
50
6
9
9
99
8
40
6
51
8
90
0
50
7
69
0
37
9
61
6
27
9
68
8
36
9
72
7
9
10
52
7
29
8
38
7
99
7
99
3
36
7
69
9
99
9
18
9
62
6
29
9
38
8
90
9
91
8
50
2
68
9
20
7
29
10
82
9
38
6
57
9
91
8
60
7
59
9
41
10
82
9
12
8
17
8
50
10
82
8
40
6
79
4
79
9
10
7
99
7
49
9
67
7
59
7
9
3
39
6
59
7
98
8
70
9
41
6
68
9
67
7
16
7
29
6
9
0
70
8
29
9
51
10
52
9
92
8
40
8
26
4
99
9
49
9
62
8
6
6
39
6
59
6
39
9
57
8
86
9
51
8
80
7
89
8
98
7
28
9
89
7
9
7
28
7
49
9
97
9
31
7
29
8
6
8
29
8
30
9
99
6
27
7
79
6
69
8
40
7
39
9
61
9
32
6
79
9
91
7
57
9
11
9
62
9
42
8
59
7
39
8
10
10
52
9
61
9
51
6
16
8
39
9
68
7
79
0
30
8
60
6
89
9
20
9
72
7
79
3
9
7
39
7
19
9
58
8
38
8
86
9
32
10
52
9
49
9
69
8
66
6
88
7
79
6
99
6
97
8
49
6
99
6
19
6
49
6
79
7
59
7
57
6
49
7
88
9
99
7
69
8
89
7
79
8
90
8
29
9
91
9
61
6
29
6
58
9
51
9
41
2
50
10
22
9
48
9
12
9
11
7
99
9
19
9
18
7
99
7
49
6
19
8
6
6
89
8
60
7
17
8
28
9
20
7
29
7
96
6
68
8
20
7
9
9
31
9
62
7
99
9
41
6
9
6
79
9
61
3
80
2
19
10
82
6
69
6
28
9
31
9
50
8
20
9
47
7
96
9
21
9
20
8
40
7
89
6
99
7
47
9
41
8
30
9
21
1
49
6
58
9
7
1
16
9
9
6
67
9
99
8
90
6
49
9
9
9
90
3
97
6
79
9
37
8
96
7
99
6
69
8
67
6
99
6
99
9
21
7
59
7
9
7
9
9
61
7
59
8
59
9
9
6
59
2
59
8
99
1
39
9
68
9
18
8
99
9
71
6
9
8
99
4
7
6
69
9
69
6
19
6
96
8
96
7
88
9
22
6
9
9
11
9
12
8
40
9
79
2
9
0
60
9
42
9
70
6
49
6
78
7
59
9
72
8
60
9
20
9
50
8
99
9
61
6
39
9
17
9
61
9
27
9
51
8
79
0
53
8
78
9
40
9
88
7
9
8
90
9
41
9
12
8
79
6
76
9
67
9
31
8
37
7
79
7
29
6
48
8
80
6
29
8
86
8
60
6
89
6
99
9
37
8
40
9
62
8
30
9
80
6
19
6
79
2
49
10
51
8
54
9
9
6
76
7
96
9
42
9
20
8
16
10
22
8
90
7
66
9
61
8
56
8
30
6
69
6
69
9
96
9
60
8
26
7
59
8
8
8
57
6
48
8
60
4
29
2
39
1
7
3
59
9
32
6
59
7
77
9
59
8
87
6
99
7
19
8
76
9
8
9
12
9
51
8
3
9
91
8
95
7
89
6
29
7
29
8
29
7
96
8
80
8
59
6
53
6
38
8
30
9
60
9
41
6
16
8
90
8
67
7
89
9
92
7
26
8
90
9
89
9
50
8
46
7
89
6
79
9
99
7
69
9
92
7
36
6
39
8
70
9
17
9
97
7
79
8
56
6
47
9
48
6
29
8
20
8
7
9
10
6
79
8
86
7
89
9
32
6
99
4
9
7
96
9
98
7
69
9
58
6
69
7
37
7
39
8
76
6
36
9
42
9
99
6
7
6
99
7
88
9
88
8
50
7
19
7
89
0
50
9
48
9
62
6
79
9
89
9
19
6
86
9
41
9
31
9
61
6
99
9
87
6
59
6
68
9
61
7
58
9
29
6
99
8
30
8
60
9
81
6
88
8
48
8
99
10
52
3
69
7
39
8
96
8
90
8
50
6
46
9
18
8
80
9
71
9
99
8
80
6
49
9
21
6
9
6
49
7
39
6
38
6
66
1
77
9
99
7
39
7
77
0
59
9
99
9
21
8
36
7
99
9
99
8
99
7
98
8
90
8
89
9
68
0
80
9
79
9
38
8
78
1
39
9
99
10
22
9
90
9
21
9
29
