6
55
5
89
5
7
8
60
6
99
5
9
8
40
5
89
9
77
7
89
7
75
7
59
8
38
7
29
5
39
5
99
6
39
0
60
8
50
9
61
8
60
8
20
5
26
8
17
6
59
8
10
9
59
7
69
5
69
6
9
6
6
5
49
0
70
9
37
9
31
6
49
5
88
9
77
9
50
8
10
0
10
7
48
5
7
5
39
8
85
7
9
9
9
8
70
6
59
9
71
9
98
9
78
7
18
8
70
8
40
7
99
8
80
8
70
9
81
6
98
7
66
6
69
6
27
0
40
7
17
7
98
5
95
8
80
7
29
5
47
8
30
6
55
5
29
8
50
5
86
5
26
6
55
9
99
7
79
5
19
9
21
7
69
6
68
7
99
0
40
9
71
7
75
7
95
8
55
5
87
8
9
6
78
7
9
6
39
7
27
5
9
6
9
6
87
5
19
6
19
7
39
6
49
6
29
9
11
7
85
9
19
9
77
5
69
9
27
8
76
8
99
6
69
8
10
5
85
7
69
6
79
9
41
9
11
6
79
7
97
5
18
9
41
8
48
9
77
7
19
9
18
9
77
8
90
8
80
9
18
9
11
9
39
5
49
7
95
9
47
6
39
8
56
6
17
8
99
9
51
8
20
6
9
5
49
7
55
7
98
8
66
7
89
9
11
8
80
5
88
8
60
9
58
7
7
9
77
7
39
6
57
7
49
9
7
8
39
0
10
6
29
9
19
9
61
5
69
0
40
6
9
7
59
5
89
5
79
6
58
7
39
7
37
6
6
5
59
8
19
9
61
7
48
6
69
0
40
9
61
7
29
8
46
7
65
8
76
9
51
9
51
9
41
5
87
8
56
7
9
9
9
5
49
8
80
6
56
9
17
9
71
9
21
6
99
7
79
5
86
7
9
6
39
7
36
9
61
8
90
9
31
9
99
8
7
0
90
9
51
7
79
9
27
9
41
5
19
6
6
8
70
6
87
9
78
5
99
8
99
6
49
9
51
8
70
8
20
6
69
7
29
5
79
8
50
8
70
5
37
9
99
8
90
8
20
5
56
7
9
8
79
6
29
8
55
5
79
8
10
5
19
5
76
5
78
7
89
7
6
7
39
7
6
7
55
7
29
5
77
9
51
0
80
9
68
8
66
6
99
9
91
8
18
8
70
5
77
9
49
5
69
7
97
6
57
5
59
5
45
6
57
5
98
5
79
9
41
6
36
6
46
6
48
8
80
9
41
7
38
8
89
7
75
7
59
5
66
7
9
9
70
6
29
7
49
5
78
5
16
8
37
7
91
9
99
6
99
8
86
7
59
8
88
7
35
1
65
6
39
0
50
8
39
4
89
7
95
5
49
5
19
8
30
5
8
3
69
1
58
8
30
7
37
9
78
7
99
8
20
7
45
7
89
9
71
7
8
7
19
7
25
5
49
7
79
7
99
8
90
9
79
9
21
5
49
7
35
8
80
7
78
7
79
9
51
7
76
7
47
9
40
9
41
9
37
8
86
9
47
8
30
9
81
8
20
8
99
7
59
5
29
8
96
8
30
2
89
8
50
9
38
7
39
5
66
6
77
9
60
7
29
7
69
8
50
5
19
7
29
9
28
5
49
9
13
5
59
9
71
7
29
1
59
6
79
6
36
7
77
7
59
5
29
8
97
6
37
7
79
6
89
8
65
6
79
6
59
7
45
7
78
9
57
7
79
8
26
9
99
6
39
5
59
5
39
9
91
6
57
5
97
0
70
5
69
8
96
8
97
7
19
8
8
7
9
7
36
5
56
7
29
8
67
7
39
9
98
7
7
6
55
8
40
8
97
8
57
7
69
9
37
7
26
6
59
5
49
5
79
7
9
9
31
6
69
8
10
5
9
9
37
7
99
9
41
6
28
6
59
8
90
6
39
6
79
6
39
8
18
7
9
6
49
8
90
7
68
7
59
9
37
5
69
5
39
6
16
0
40
7
19
7
9
9
48
5
77
7
49
7
9
8
51
7
85
0
89
6
37
5
59
6
69
5
59
8
85
7
59
7
19
2
19
6
96
6
29
8
77
5
17
8
98
5
69
5
27
5
1
6
99
6
69
5
79
8
50
6
39
5
29
8
40
5
85
9
41
6
9
5
89
6
25
6
19
5
99
6
69
8
10
9
77
6
89
8
30
5
85
7
39
6
77
8
46
8
80
7
46
5
29
5
49
7
79
9
49
9
99
5
19
8
60
7
59
5
39
5
29
9
39
9
71
9
61
5
29
8
10
9
29
6
69
8
68
8
69
5
29
5
69
7
6
5
78
7
89
8
27
8
35
7
79
8
28
9
67
5
29
8
59
5
46
7
49
5
9
8
99
7
39
5
51
7
89
0
50
6
69
0
37
9
60
5
26
9
67
8
35
9
71
6
8
9
51
6
29
7
37
6
99
6
99
3
35
6
68
8
99
8
17
9
61
5
28
9
37
7
89
8
90
7
49
2
67
8
19
6
29
9
81
9
37
5
56
8
90
7
59
6
59
9
40
9
81
9
11
7
16
7
49
9
81
7
39
5
79
4
79
8
9
6
99
6
49
8
66
6
58
6
9
3
38
5
59
6
97
7
69
8
40
5
67
8
66
6
15
6
29
5
9
0
70
7
28
8
50
9
51
9
91
7
39
7
25
4
99
9
48
9
61
8
5
5
39
5
58
5
39
8
56
7
85
8
50
7
79
6
88
7
97
6
27
9
88
6
9
6
27
6
49
8
96
8
30
6
29
8
5
7
28
7
29
9
98
5
26
6
78
5
69
7
39
6
39
8
60
9
31
5
79
8
90
6
56
9
10
9
61
9
41
7
58
6
38
7
9
9
51
8
60
8
50
5
15
7
38
9
67
6
79
0
30
7
59
5
89
8
19
9
71
6
79
3
9
6
39
6
19
9
58
7
37
7
85
9
31
9
51
9
48
8
68
7
65
5
87
6
79
5
99
5
96
7
48
5
99
5
19
5
49
5
78
6
59
6
56
5
49
6
87
8
99
6
69
7
88
6
79
7
89
7
28
8
90
9
60
5
29
5
57
8
50
8
40
2
50
9
21
9
48
9
11
8
10
6
98
9
18
9
17
6
99
6
49
5
19
8
5
5
89
7
59
6
16
7
27
8
19
6
29
6
95
5
67
7
19
6
9
8
30
9
61
6
98
8
40
5
9
5
79
8
60
3
80
2
19
9
83
5
69
5
27
8
30
9
49
7
19
8
46
6
95
8
20
9
19
7
39
6
89
5
99
6
46
8
40
7
29
8
20
1
49
5
58
8
6
1
15
8
8
5
66
9
99
7
89
5
49
9
8
9
89
3
96
5
79
8
36
8
95
6
99
5
69
7
66
5
98
5
99
8
20
6
58
6
9
6
9
8
60
6
59
7
58
8
8
5
59
2
59
7
99
1
39
9
67
9
17
7
99
8
70
5
9
7
99
4
6
5
69
8
68
5
19
5
95
7
95
6
87
8
22
5
8
8
10
9
11
7
39
9
78
2
9
0
60
8
42
8
69
5
49
5
77
6
59
9
71
7
59
9
19
8
49
7
99
8
60
5
39
8
16
8
60
8
26
8
50
7
78
0
53
7
77
9
39
8
87
6
9
7
89
8
40
9
11
7
78
5
75
8
66
8
30
7
36
6
79
6
29
5
47
7
79
5
29
7
85
7
59
5
89
5
98
8
36
7
39
9
61
7
29
9
79
5
19
5
79
2
49
9
51
7
54
8
8
5
75
6
95
9
41
9
19
8
15
9
21
7
89
6
65
8
60
8
55
7
29
5
69
5
69
8
96
9
59
7
25
6
58
7
7
7
56
5
47
7
59
4
29
2
38
1
6
3
59
9
31
5
59
6
76
8
58
7
86
5
99
6
18
8
75
8
7
9
11
9
50
7
3
8
90
8
95
6
89
5
28
6
29
7
28
6
95
7
79
7
58
5
54
5
37
7
29
8
59
8
40
5
15
7
89
7
66
6
89
9
91
6
25
7
89
9
88
9
49
7
45
6
89
5
79
8
99
6
69
9
91
6
35
5
39
7
69
9
17
8
96
6
79
7
55
5
46
9
47
5
29
7
19
7
6
8
9
5
79
8
85
6
89
9
31
5
99
4
9
6
95
8
97
6
69
8
57
5
68
6
36
6
39
8
75
5
36
9
41
8
98
5
6
5
98
6
87
9
87
7
49
6
19
6
89
0
50
8
47
9
61
5
79
8
88
9
18
5
85
8
40
8
30
8
60
5
99
8
86
5
59
5
67
8
60
6
57
9
28
5
99
7
29
7
59
8
80
5
87
7
47
7
99
9
51
3
69
6
39
8
95
7
89
7
49
5
45
9
17
7
79
8
70
8
99
7
79
5
49
8
20
5
9
5
49
6
39
5
37
5
65
1
76
8
99
6
39
6
76
0
59
8
98
8
20
8
35
6
99
9
99
7
99
6
97
7
89
7
88
9
67
0
80
8
78
8
37
7
77
1
39
8
99
9
21
8
89
8
21
8
28
