4
53
3
89
3
5
6
59
4
99
3
9
6
39
3
88
7
75
5
89
5
73
5
57
6
36
5
29
3
39
3
97
4
39
0
60
6
49
7
59
6
59
6
19
3
24
6
15
4
59
6
9
7
57
5
67
3
69
4
9
4
4
3
48
0
70
7
35
7
29
4
48
3
86
7
75
7
48
6
9
0
10
5
46
3
5
3
39
6
83
5
7
7
7
6
69
4
59
7
69
7
96
7
76
5
16
6
69
6
39
5
97
6
79
6
69
7
79
4
96
5
64
4
69
4
25
0
40
5
15
5
96
3
93
6
79
5
29
3
45
6
29
4
53
3
29
6
49
3
84
3
24
4
53
7
99
5
78
3
19
7
19
5
69
4
66
5
99
0
40
7
69
5
73
5
93
6
55
3
85
6
7
4
76
5
9
4
39
5
25
3
9
4
9
4
85
3
19
4
19
5
37
4
49
4
28
7
9
5
83
7
17
7
75
3
69
7
25
7
74
6
99
4
69
6
8
3
83
5
69
4
79
7
39
7
9
4
79
5
95
3
16
7
39
6
46
7
75
5
19
7
16
7
75
6
89
6
79
7
16
7
9
7
37
3
47
5
93
7
45
4
39
7
54
4
15
6
99
7
49
6
18
4
9
3
47
5
53
5
96
6
64
5
89
7
9
6
79
3
86
6
58
7
56
5
5
7
75
5
39
4
55
5
49
7
5
6
37
0
10
4
29
7
17
7
59
3
67
0
40
4
7
5
59
3
87
3
79
4
56
5
39
5
35
4
4
3
59
6
17
7
59
5
46
4
68
0
40
7
59
5
28
6
44
5
63
7
74
7
49
7
49
7
39
3
85
6
54
5
9
7
7
3
49
6
79
4
54
7
15
7
69
7
19
4
99
5
79
3
84
5
9
4
39
5
34
7
59
6
89
7
29
7
99
6
5
0
90
7
49
5
78
7
25
7
39
3
19
4
4
6
69
4
85
7
76
3
99
6
98
4
49
7
49
6
69
6
19
4
68
5
27
3
79
6
49
6
69
3
35
7
99
6
89
6
19
3
54
5
9
6
77
4
29
6
53
3
79
6
8
3
19
3
74
3
76
5
89
5
4
5
37
5
4
5
53
5
29
3
75
7
49
0
80
7
66
7
64
4
99
7
89
6
16
6
69
3
75
7
47
3
67
5
95
4
55
3
59
3
43
4
55
3
96
3
78
7
39
4
34
4
44
4
46
6
79
7
39
5
36
6
87
5
73
5
59
3
64
5
8
7
68
4
29
5
49
3
76
3
14
6
35
5
91
7
99
4
99
6
84
5
57
6
86
5
33
1
63
4
39
0
50
6
37
4
89
5
93
3
47
3
19
6
29
3
6
3
69
1
56
6
29
5
35
7
76
5
99
6
19
5
43
5
87
7
69
5
6
5
17
5
23
3
49
5
79
5
98
6
89
7
77
7
19
3
49
5
33
6
79
5
76
5
79
7
49
5
74
5
45
7
38
7
39
7
35
7
84
7
45
6
29
7
79
6
18
6
99
5
57
3
29
7
94
6
29
2
89
6
49
7
36
5
38
3
64
4
75
7
58
5
29
5
69
6
49
3
19
5
29
7
26
3
49
7
13
3
59
7
69
5
29
1
59
4
77
4
34
5
75
5
59
3
29
6
95
4
35
5
79
4
89
6
63
4
79
4
59
5
43
5
76
7
55
5
79
6
24
7
98
4
39
3
57
3
39
7
89
4
55
3
95
0
70
3
67
7
94
6
95
5
19
6
6
5
7
5
34
3
54
5
29
6
65
5
37
7
96
5
5
4
53
6
39
6
95
6
55
5
69
7
35
5
24
4
59
3
49
3
78
5
9
7
29
4
69
6
9
3
9
7
35
5
97
7
39
4
26
4
59
6
89
4
39
4
79
4
39
6
16
5
7
4
49
6
89
5
66
5
57
7
35
3
69
3
39
4
14
0
40
5
17
5
9
7
46
3
75
5
48
5
9
6
53
5
83
0
89
4
35
3
58
4
69
3
59
6
83
5
59
5
19
2
19
4
94
4
29
6
77
3
15
6
96
3
69
3
25
3
1
4
99
4
69
3
79
6
49
4
37
3
29
6
39
3
83
7
39
4
9
3
88
4
23
4
19
3
98
4
68
6
8
7
75
4
89
6
28
3
83
5
38
4
75
7
44
6
79
5
44
3
29
3
48
5
79
7
47
7
99
3
19
6
59
5
58
3
39
3
29
7
37
7
69
7
59
3
28
6
9
7
27
4
69
6
66
6
67
3
29
3
69
5
4
3
76
5
87
6
25
6
33
5
78
6
26
7
65
3
29
6
57
3
44
5
47
3
9
6
99
5
38
3
51
5
89
0
50
4
69
0
37
7
58
3
24
7
65
6
33
7
69
4
6
7
49
4
29
5
35
4
98
4
99
3
33
4
66
6
99
6
15
7
59
3
26
7
35
5
89
6
89
5
48
2
65
6
17
4
29
7
79
7
35
3
54
6
89
5
59
4
59
7
38
7
79
7
9
5
14
5
49
7
79
5
39
3
78
4
78
6
7
4
97
4
49
7
64
4
56
4
9
3
36
3
58
4
95
5
69
6
39
3
65
7
64
4
13
4
29
3
9
0
70
5
26
6
48
7
49
7
89
5
39
5
23
4
99
7
46
7
59
6
3
3
39
3
56
3
39
6
54
5
83
6
49
5
77
4
86
5
95
4
25
7
86
4
9
4
25
4
49
7
94
6
28
4
28
6
3
5
26
5
29
7
96
3
24
4
76
3
69
5
37
4
39
6
59
7
29
3
77
6
89
4
54
7
8
7
59
7
39
5
56
4
36
5
7
7
49
6
59
6
49
3
13
5
36
7
65
4
79
0
30
5
59
3
89
6
17
7
69
4
79
3
9
4
39
4
19
7
58
5
35
5
83
7
29
7
49
7
46
6
66
5
63
3
85
4
79
3
99
3
94
5
46
3
97
3
17
3
49
3
76
4
57
4
54
3
49
4
85
6
99
4
68
5
86
4
79
5
89
5
26
6
89
7
58
3
29
3
55
6
49
6
39
2
50
7
19
7
48
7
9
6
9
4
96
7
16
7
15
4
99
4
47
3
17
6
3
3
87
5
59
4
14
5
25
6
17
4
29
4
93
3
65
5
18
4
7
6
29
7
59
4
96
6
39
3
8
3
77
6
59
3
80
2
18
7
83
3
68
3
25
6
28
7
47
5
18
7
44
4
93
6
18
7
17
5
39
4
89
3
99
4
44
6
38
5
29
6
18
1
47
3
58
7
4
1
13
6
6
3
64
7
98
5
87
3
49
7
6
7
87
3
94
3
79
7
34
6
93
4
99
3
69
5
64
3
96
3
99
6
19
4
56
4
9
4
9
6
59
4
59
5
56
6
6
3
59
2
57
5
99
1
39
7
65
7
15
5
99
6
69
3
8
5
98
4
4
3
69
6
66
3
19
3
93
5
93
4
85
6
22
3
6
6
9
7
9
5
39
7
76
2
9
0
60
6
42
6
67
3
49
3
75
4
59
7
69
5
57
7
17
6
47
5
98
6
59
3
37
7
14
6
58
7
24
6
49
5
76
0
53
5
75
7
37
6
85
4
9
5
89
6
39
7
9
5
76
3
73
6
64
6
29
5
34
4
79
4
28
3
45
5
79
3
27
5
83
5
59
3
89
3
96
6
34
5
39
7
59
5
29
7
77
3
19
3
77
2
47
7
51
5
54
6
6
3
73
4
93
7
39
7
17
6
13
7
19
5
88
4
63
6
59
6
53
5
29
3
69
3
69
6
96
7
57
5
23
4
56
5
5
5
54
3
45
5
59
4
29
2
36
1
4
3
57
7
29
3
59
4
74
6
56
5
84
3
99
4
16
6
73
6
5
7
9
7
48
5
3
6
89
6
95
4
89
3
26
4
27
5
26
4
93
5
79
5
56
3
56
3
35
5
28
6
57
6
39
3
13
5
89
5
64
4
89
7
89
4
23
5
88
7
86
7
47
5
43
4
89
3
79
6
99
4
68
7
89
4
33
3
39
5
69
7
17
7
94
4
79
5
53
3
44
7
45
3
29
5
17
5
4
6
7
3
77
6
83
4
89
7
29
3
99
4
9
4
93
6
95
4
69
6
55
3
66
4
34
4
39
6
73
3
36
7
39
6
96
3
4
3
96
4
85
7
85
5
49
4
17
4
87
0
50
6
45
7
59
3
78
6
86
7
16
3
83
6
39
6
29
6
59
3
99
7
84
3
58
3
65
6
59
4
55
7
26
3
99
5
29
5
58
6
79
3
85
5
45
5
99
7
49
3
69
4
39
6
93
5
89
5
49
3
43
7
15
5
77
6
68
6
99
5
78
3
49
6
19
3
9
3
48
4
39
3
35
3
63
1
74
6
99
4
37
4
74
0
59
6
96
6
19
6
33
4
98
7
98
5
99
4
95
5
87
5
86
7
65
0
80
6
76
6
35
5
75
1
39
6
98
7
19
6
87
6
21
6
26
