9
63
9
94
9
14
9
64
9
99
9
14
9
44
9
94
13
85
9
94
11
83
9
64
9
44
9
34
9
44
9
99
9
44
0
60
16
58
9
64
9
64
16
28
9
34
13
25
9
64
9
14
9
64
9
74
9
74
9
14
9
14
13
55
0
70
9
44
9
34
14
56
9
94
13
85
16
58
9
14
0
10
14
56
9
14
9
44
9
93
9
14
9
14
9
74
9
64
9
74
9
99
14
86
14
26
9
74
9
44
9
99
16
88
9
74
17
89
9
99
9
74
9
74
9
34
0
40
13
25
9
99
9
99
16
88
9
34
13
55
9
34
9
63
9
34
16
58
9
94
9
34
9
63
9
99
15
87
13
25
17
29
9
74
9
74
9
99
0
40
9
74
11
83
9
99
8
55
9
94
9
14
14
86
9
14
9
44
9
34
9
14
9
14
9
94
13
25
14
26
9
44
14
56
9
34
9
14
9
93
15
27
13
85
9
74
9
34
12
84
9
99
9
74
9
14
9
93
9
74
14
86
9
44
9
14
14
86
9
99
13
25
9
44
14
56
13
85
15
27
14
26
13
85
9
94
16
88
14
26
9
14
9
44
13
55
9
99
13
55
9
44
9
64
13
25
9
99
17
59
16
28
9
14
13
55
9
63
9
99
9
74
9
94
9
14
16
88
9
94
9
64
9
64
9
14
13
85
9
44
9
64
15
57
9
14
9
44
0
10
9
34
15
27
9
64
9
74
0
40
9
14
9
64
9
94
13
85
9
64
9
44
9
44
9
14
9
64
15
27
9
64
14
56
9
74
0
40
9
64
9
34
12
54
9
73
12
84
17
59
17
59
9
44
9
94
9
64
9
14
9
14
13
55
16
88
9
64
13
25
9
74
17
29
9
99
15
87
9
94
9
14
9
44
9
44
9
64
9
94
9
34
9
99
9
14
0
90
17
59
15
87
9
34
9
44
13
25
9
14
9
74
9
94
14
86
9
99
9
99
14
56
17
59
9
74
16
28
9
74
9
34
13
85
16
58
9
74
9
44
9
99
9
94
16
28
9
64
9
14
15
87
9
34
9
63
13
85
9
14
13
25
12
84
13
85
9
94
9
14
9
44
9
14
9
63
9
34
13
85
17
59
0
80
9
74
9
74
9
99
9
94
14
26
9
74
13
85
15
57
9
74
9
99
9
64
9
64
11
53
9
64
9
99
13
85
9
44
9
44
12
54
14
56
16
88
9
44
9
44
9
94
11
83
9
64
9
74
9
14
9
74
9
34
15
57
13
85
12
24
9
44
9
91
9
99
9
99
9
94
9
64
9
94
9
43
1
69
9
44
0
50
9
44
4
89
9
99
13
55
13
25
9
34
9
14
3
69
1
59
9
34
9
44
14
86
9
99
16
28
11
53
9
94
9
74
9
14
15
27
9
33
13
55
15
87
9
99
9
94
15
87
17
29
13
55
9
43
16
88
14
86
15
87
17
59
12
84
13
55
9
44
9
44
9
44
9
94
13
55
9
34
17
89
16
28
9
99
9
64
9
34
9
99
9
34
2
89
16
58
9
44
9
44
9
74
13
85
9
64
9
34
9
74
16
58
13
25
9
34
9
34
13
55
9
13
9
59
9
74
9
34
1
59
14
86
9
44
13
85
9
64
9
34
9
99
9
44
15
87
9
94
9
73
14
86
9
64
11
53
14
86
9
64
15
87
9
34
9
99
9
44
9
64
9
44
9
94
9
64
9
99
0
70
9
74
9
99
9
99
15
27
9
14
9
14
9
44
9
64
9
34
9
74
9
44
9
99
9
14
9
63
9
44
9
99
9
64
9
74
9
44
9
34
9
64
13
55
13
85
9
14
9
34
9
74
9
14
9
14
9
44
9
99
9
44
9
34
9
64
9
94
9
44
14
86
9
44
14
26
9
14
14
56
9
94
9
74
9
64
9
44
9
74
9
44
12
24
0
40
15
27
9
14
14
56
13
85
15
57
9
14
9
46
9
93
0
89
9
44
9
64
9
74
9
64
9
93
9
64
15
27
2
19
9
99
9
34
9
77
13
25
9
99
9
74
9
34
9
1
9
99
9
74
13
85
16
58
9
44
9
34
9
44
9
93
9
44
9
14
9
94
9
33
14
26
9
99
9
74
9
14
13
85
9
94
9
34
9
93
9
44
13
85
12
54
16
88
12
54
9
34
13
55
15
87
15
57
9
99
13
25
9
64
9
64
9
44
9
34
9
44
9
74
9
64
9
34
9
14
9
34
9
74
9
74
9
74
9
34
9
74
9
14
13
85
9
94
9
34
9
43
15
87
9
34
9
74
9
34
9
64
12
54
15
57
9
14
9
99
9
44
13
51
9
94
0
50
9
74
0
37
9
64
9
34
9
74
9
43
9
74
9
14
17
59
9
34
9
44
9
99
9
99
3
39
9
74
9
99
13
25
9
64
9
34
9
44
9
94
9
94
15
57
2
69
15
27
9
34
17
89
9
44
9
64
9
94
9
64
9
64
9
44
17
89
9
14
12
24
15
57
17
89
9
44
13
85
4
79
9
14
9
99
14
56
9
74
9
64
9
14
3
39
9
64
9
99
9
74
9
44
9
74
9
74
11
23
9
34
9
14
0
70
9
34
16
58
17
59
9
94
9
44
9
33
4
99
14
56
9
64
9
13
9
44
9
64
9
44
9
64
9
93
16
58
15
87
9
94
9
99
9
34
9
94
9
14
9
34
14
56
9
99
9
34
9
34
9
13
9
34
9
34
9
99
9
34
14
86
9
74
9
44
9
44
9
64
9
34
13
85
9
94
9
64
9
14
9
64
9
44
9
64
9
44
9
14
17
59
9
64
16
58
11
23
9
44
9
74
9
79
0
30
9
64
9
94
15
27
9
74
14
86
3
9
9
44
14
26
9
58
9
44
9
93
9
34
17
59
14
56
9
74
9
73
9
94
14
86
9
99
9
99
14
56
9
99
13
25
13
55
13
85
9
64
9
64
13
55
9
94
9
99
9
74
9
94
14
86
9
94
9
34
9
94
9
64
9
34
9
64
16
58
9
44
2
50
17
29
9
48
9
14
9
14
9
99
14
26
13
25
9
99
14
56
13
25
9
13
9
94
9
64
12
24
9
34
15
27
9
34
9
99
9
74
15
27
9
14
9
34
9
64
9
99
9
44
9
14
13
85
9
64
3
80
2
19
17
82
9
74
9
34
9
34
15
57
15
27
12
54
9
99
16
28
15
27
9
44
9
94
9
99
12
54
9
44
9
34
16
28
1
49
9
58
9
14
1
19
9
14
9
74
9
99
9
94
13
55
9
14
9
94
3
99
13
85
9
44
9
99
9
99
9
74
9
74
9
99
9
99
16
28
9
64
9
14
9
14
9
64
9
64
9
64
9
14
9
64
2
59
9
99
1
39
9
74
13
25
9
99
9
74
9
14
9
99
4
9
9
74
9
74
13
25
9
99
9
99
9
94
16
22
9
14
9
14
9
14
9
44
14
86
2
9
0
60
9
42
9
74
13
55
13
85
9
64
9
74
9
64
15
27
15
57
9
99
9
64
9
44
12
24
9
64
9
34
16
58
14
86
0
53
13
85
9
44
9
94
9
14
9
94
9
44
9
14
14
86
11
83
9
74
9
34
9
44
14
86
9
34
13
55
15
87
9
34
9
93
9
64
9
94
9
99
9
44
9
44
9
64
9
34
15
87
13
25
13
85
2
49
17
51
15
52
9
14
11
83
9
99
9
44
15
27
11
23
17
29
9
94
9
73
9
64
9
63
9
34
9
74
9
74
9
96
9
64
9
33
9
64
9
14
9
64
13
55
9
64
4
29
2
39
1
9
3
59
9
34
9
64
12
84
9
64
9
94
9
99
14
26
11
83
9
14
9
14
16
58
9
3
9
94
8
95
9
94
9
34
9
34
9
34
9
99
15
87
9
64
9
46
9
44
9
34
9
64
9
44
11
23
9
94
9
74
9
94
9
94
9
33
9
94
9
94
15
57
11
53
9
94
13
85
9
99
9
74
9
94
9
43
9
44
9
74
9
17
9
99
14
86
9
63
12
54
13
55
9
34
15
27
9
14
9
14
13
85
9
93
9
94
9
34
9
99
4
9
9
99
9
99
9
74
9
64
9
74
9
44
9
44
11
83
9
36
9
44
9
99
9
14
9
99
9
94
9
94
15
57
14
26
9
94
0
50
13
55
9
64
13
85
9
94
14
26
9
93
9
44
9
34
9
64
9
99
9
94
9
64
9
74
9
64
9
64
9
34
9
99
9
34
9
64
16
88
9
94
13
55
9
99
17
59
3
69
9
44
9
99
9
94
15
57
11
53
13
25
15
87
9
74
9
99
15
87
13
55
16
28
9
14
13
55
9
44
9
44
9
73
1
79
9
99
9
44
12
84
0
59
9
99
16
28
9
43
9
99
9
99
9
99
9
99
9
94
9
94
9
74
0
80
14
86
9
44
13
85
1
39
9
99
17
29
9
94
16
21
9
34
