9
64
9
94
9
14
9
64
9
99
9
14
9
44
9
94
18
90
9
94
16
88
9
64
9
44
9
34
9
44
9
99
9
44
0
60
19
63
9
64
9
64
19
33
9
34
18
30
9
64
9
14
9
64
9
74
9
74
9
14
9
14
18
60
0
70
9
44
9
34
19
61
9
94
18
90
19
63
9
14
0
10
19
61
9
14
9
44
9
94
9
14
9
14
9
74
9
64
9
74
9
99
19
91
19
31
9
74
9
44
9
99
19
93
9
74
19
94
9
99
9
74
9
74
9
34
0
40
18
30
9
99
9
99
19
93
9
34
18
60
9
34
9
64
9
34
19
63
9
94
9
34
9
64
9
99
19
92
18
30
19
34
9
74
9
74
9
99
0
40
9
74
16
88
9
99
8
55
9
94
9
14
19
91
9
14
9
44
9
34
9
14
9
14
9
94
18
30
19
31
9
44
19
61
9
34
9
14
9
94
19
32
18
90
9
74
9
34
17
89
9
99
9
74
9
14
9
94
9
74
19
91
9
44
9
14
19
91
9
99
18
30
9
44
19
61
18
90
19
32
19
31
18
90
9
94
19
93
19
31
9
14
9
44
18
60
9
99
18
60
9
44
9
64
18
30
9
99
19
64
19
33
9
14
18
60
9
64
9
99
9
74
9
94
9
14
19
93
9
94
9
64
9
64
9
14
18
90
9
44
9
64
19
62
9
14
9
44
0
10
9
34
19
32
9
64
9
74
0
40
9
14
9
64
9
94
18
90
9
64
9
44
9
44
9
14
9
64
19
32
9
64
19
61
9
74
0
40
9
64
9
34
17
59
9
74
17
89
19
64
19
64
9
44
9
94
9
64
9
14
9
14
18
60
19
93
9
64
18
30
9
74
19
34
9
99
19
92
9
94
9
14
9
44
9
44
9
64
9
94
9
34
9
99
9
14
0
90
19
64
19
92
9
34
9
44
18
30
9
14
9
74
9
94
19
91
9
99
9
99
19
61
19
64
9
74
19
33
9
74
9
34
18
90
19
63
9
74
9
44
9
99
9
94
19
33
9
64
9
14
19
92
9
34
9
64
18
90
9
14
18
30
17
89
18
90
9
94
9
14
9
44
9
14
9
64
9
34
18
90
19
64
0
80
9
74
9
74
9
99
9
94
19
31
9
74
18
90
19
62
9
74
9
99
9
64
9
64
16
58
9
64
9
99
18
90
9
44
9
44
17
59
19
61
19
93
9
44
9
44
9
94
16
88
9
64
9
74
9
14
9
74
9
34
19
62
18
90
17
29
9
44
9
91
9
99
9
99
9
94
9
64
9
94
9
44
1
69
9
44
0
50
9
44
4
89
9
99
18
60
18
30
9
34
9
14
3
69
1
59
9
34
9
44
19
91
9
99
19
33
16
58
9
94
9
74
9
14
19
32
9
34
18
60
19
92
9
99
9
94
19
92
19
34
18
60
9
44
19
93
19
91
19
92
19
64
17
89
18
60
9
44
9
44
9
44
9
94
18
60
9
34
19
94
19
33
9
99
9
64
9
34
9
99
9
34
2
89
19
63
9
44
9
44
9
74
18
90
9
64
9
34
9
74
19
63
18
30
9
34
9
34
18
60
9
13
9
59
9
74
9
34
1
59
19
91
9
44
18
90
9
64
9
34
9
99
9
44
19
92
9
94
9
74
19
91
9
64
16
58
19
91
9
64
19
92
9
34
9
99
9
44
9
64
9
44
9
94
9
64
9
99
0
70
9
74
9
99
9
99
19
32
9
14
9
14
9
44
9
64
9
34
9
74
9
44
9
99
9
14
9
64
9
44
9
99
9
64
9
74
9
44
9
34
9
64
18
60
18
90
9
14
9
34
9
74
9
14
9
14
9
44
9
99
9
44
9
34
9
64
9
94
9
44
19
91
9
44
19
31
9
14
19
61
9
94
9
74
9
64
9
44
9
74
9
44
17
29
0
40
19
32
9
14
19
61
18
90
19
62
9
14
9
46
9
94
0
89
9
44
9
64
9
74
9
64
9
94
9
64
19
32
2
19
9
99
9
34
9
77
18
30
9
99
9
74
9
34
9
1
9
99
9
74
18
90
19
63
9
44
9
34
9
44
9
94
9
44
9
14
9
94
9
34
19
31
9
99
9
74
9
14
18
90
9
94
9
34
9
94
9
44
18
90
17
59
19
93
17
59
9
34
18
60
19
92
19
62
9
99
18
30
9
64
9
64
9
44
9
34
9
44
9
74
9
64
9
34
9
14
9
34
9
74
9
74
9
74
9
34
9
74
9
14
18
90
9
94
9
34
9
44
19
92
9
34
9
74
9
34
9
64
17
59
19
62
9
14
9
99
9
44
18
51
9
94
0
50
9
74
0
37
9
64
9
34
9
74
9
44
9
74
9
14
19
64
9
34
9
44
9
99
9
99
3
39
9
74
9
99
18
30
9
64
9
34
9
44
9
94
9
94
19
62
2
69
19
32
9
34
19
94
9
44
9
64
9
94
9
64
9
64
9
44
19
94
9
14
17
29
19
62
19
94
9
44
18
90
4
79
9
14
9
99
19
61
9
74
9
64
9
14
3
39
9
64
9
99
9
74
9
44
9
74
9
74
16
28
9
34
9
14
0
70
9
34
19
63
19
64
9
94
9
44
9
34
4
99
19
61
9
64
9
14
9
44
9
64
9
44
9
64
9
94
19
63
19
92
9
94
9
99
9
34
9
94
9
14
9
34
19
61
9
99
9
34
9
34
9
14
9
34
9
34
9
99
9
34
19
91
9
74
9
44
9
44
9
64
9
34
18
90
9
94
9
64
9
14
9
64
9
44
9
64
9
44
9
14
19
64
9
64
19
63
16
28
9
44
9
74
9
79
0
30
9
64
9
94
19
32
9
74
19
91
3
9
9
44
19
31
9
58
9
44
9
94
9
34
19
64
19
61
9
74
9
74
9
94
19
91
9
99
9
99
19
61
9
99
18
30
18
60
18
90
9
64
9
64
18
60
9
94
9
99
9
74
9
94
19
91
9
94
9
34
9
94
9
64
9
34
9
64
19
63
9
44
2
50
19
34
9
48
9
14
9
14
9
99
19
31
18
30
9
99
19
61
18
30
9
14
9
94
9
64
17
29
9
34
19
32
9
34
9
99
9
74
19
32
9
14
9
34
9
64
9
99
9
44
9
14
18
90
9
64
3
80
2
19
19
82
9
74
9
34
9
34
19
62
19
32
17
59
9
99
19
33
19
32
9
44
9
94
9
99
17
59
9
44
9
34
19
33
1
49
9
58
9
14
1
19
9
14
9
74
9
99
9
94
18
60
9
14
9
94
3
99
18
90
9
44
9
99
9
99
9
74
9
74
9
99
9
99
19
33
9
64
9
14
9
14
9
64
9
64
9
64
9
14
9
64
2
59
9
99
1
39
9
74
18
30
9
99
9
74
9
14
9
99
4
9
9
74
9
74
18
30
9
99
9
99
9
94
19
22
9
14
9
14
9
14
9
44
19
91
2
9
0
60
9
42
9
74
18
60
18
90
9
64
9
74
9
64
19
32
19
62
9
99
9
64
9
44
17
29
9
64
9
34
19
63
19
91
0
53
18
90
9
44
9
94
9
14
9
94
9
44
9
14
19
91
16
88
9
74
9
34
9
44
19
91
9
34
18
60
19
92
9
34
9
94
9
64
9
94
9
99
9
44
9
44
9
64
9
34
19
92
18
30
18
90
2
49
19
51
19
52
9
14
16
88
9
99
9
44
19
32
16
28
19
34
9
94
9
74
9
64
9
64
9
34
9
74
9
74
9
96
9
64
9
34
9
64
9
14
9
64
18
60
9
64
4
29
2
39
1
9
3
59
9
34
9
64
17
89
9
64
9
94
9
99
19
31
16
88
9
14
9
14
19
63
9
3
9
94
8
95
9
94
9
34
9
34
9
34
9
99
19
92
9
64
9
46
9
44
9
34
9
64
9
44
16
28
9
94
9
74
9
94
9
94
9
34
9
94
9
94
19
62
16
58
9
94
18
90
9
99
9
74
9
94
9
44
9
44
9
74
9
17
9
99
19
91
9
64
17
59
18
60
9
34
19
32
9
14
9
14
18
90
9
94
9
94
9
34
9
99
4
9
9
99
9
99
9
74
9
64
9
74
9
44
9
44
16
88
9
36
9
44
9
99
9
14
9
99
9
94
9
94
19
62
19
31
9
94
0
50
18
60
9
64
18
90
9
94
19
31
9
94
9
44
9
34
9
64
9
99
9
94
9
64
9
74
9
64
9
64
9
34
9
99
9
34
9
64
19
93
9
94
18
60
9
99
19
64
3
69
9
44
9
99
9
94
19
62
16
58
18
30
19
92
9
74
9
99
19
92
18
60
19
33
9
14
18
60
9
44
9
44
9
74
1
79
9
99
9
44
17
89
0
59
9
99
19
33
9
44
9
99
9
99
9
99
9
99
9
94
9
94
9
74
0
80
19
91
9
44
18
90
1
39
9
99
19
34
9
94
19
21
9
34
