9
64
9
94
9
14
9
64
9
99
9
14
9
44
9
94
15
87
9
94
13
85
9
64
9
44
9
34
9
44
9
99
9
44
0
60
18
60
9
64
9
64
18
30
9
34
15
27
9
64
9
14
9
64
9
74
9
74
9
14
9
14
15
57
0
70
9
44
9
34
16
58
9
94
15
87
18
60
9
14
0
10
16
58
9
14
9
44
9
94
9
14
9
14
9
74
9
64
9
74
9
99
16
88
16
28
9
74
9
44
9
99
18
90
9
74
19
91
9
99
9
74
9
74
9
34
0
40
15
27
9
99
9
99
18
90
9
34
15
57
9
34
9
64
9
34
18
60
9
94
9
34
9
64
9
99
17
89
15
27
19
31
9
74
9
74
9
99
0
40
9
74
13
85
9
99
8
55
9
94
9
14
16
88
9
14
9
44
9
34
9
14
9
14
9
94
15
27
16
28
9
44
16
58
9
34
9
14
9
94
17
29
15
87
9
74
9
34
14
86
9
99
9
74
9
14
9
94
9
74
16
88
9
44
9
14
16
88
9
99
15
27
9
44
16
58
15
87
17
29
16
28
15
87
9
94
18
90
16
28
9
14
9
44
15
57
9
99
15
57
9
44
9
64
15
27
9
99
19
61
18
30
9
14
15
57
9
64
9
99
9
74
9
94
9
14
18
90
9
94
9
64
9
64
9
14
15
87
9
44
9
64
17
59
9
14
9
44
0
10
9
34
17
29
9
64
9
74
0
40
9
14
9
64
9
94
15
87
9
64
9
44
9
44
9
14
9
64
17
29
9
64
16
58
9
74
0
40
9
64
9
34
14
56
9
74
14
86
19
61
19
61
9
44
9
94
9
64
9
14
9
14
15
57
18
90
9
64
15
27
9
74
19
31
9
99
17
89
9
94
9
14
9
44
9
44
9
64
9
94
9
34
9
99
9
14
0
90
19
61
17
89
9
34
9
44
15
27
9
14
9
74
9
94
16
88
9
99
9
99
16
58
19
61
9
74
18
30
9
74
9
34
15
87
18
60
9
74
9
44
9
99
9
94
18
30
9
64
9
14
17
89
9
34
9
64
15
87
9
14
15
27
14
86
15
87
9
94
9
14
9
44
9
14
9
64
9
34
15
87
19
61
0
80
9
74
9
74
9
99
9
94
16
28
9
74
15
87
17
59
9
74
9
99
9
64
9
64
13
55
9
64
9
99
15
87
9
44
9
44
14
56
16
58
18
90
9
44
9
44
9
94
13
85
9
64
9
74
9
14
9
74
9
34
17
59
15
87
14
26
9
44
9
91
9
99
9
99
9
94
9
64
9
94
9
44
1
69
9
44
0
50
9
44
4
89
9
99
15
57
15
27
9
34
9
14
3
69
1
59
9
34
9
44
16
88
9
99
18
30
13
55
9
94
9
74
9
14
17
29
9
34
15
57
17
89
9
99
9
94
17
89
19
31
15
57
9
44
18
90
16
88
17
89
19
61
14
86
15
57
9
44
9
44
9
44
9
94
15
57
9
34
19
91
18
30
9
99
9
64
9
34
9
99
9
34
2
89
18
60
9
44
9
44
9
74
15
87
9
64
9
34
9
74
18
60
15
27
9
34
9
34
15
57
9
13
9
59
9
74
9
34
1
59
16
88
9
44
15
87
9
64
9
34
9
99
9
44
17
89
9
94
9
74
16
88
9
64
13
55
16
88
9
64
17
89
9
34
9
99
9
44
9
64
9
44
9
94
9
64
9
99
0
70
9
74
9
99
9
99
17
29
9
14
9
14
9
44
9
64
9
34
9
74
9
44
9
99
9
14
9
64
9
44
9
99
9
64
9
74
9
44
9
34
9
64
15
57
15
87
9
14
9
34
9
74
9
14
9
14
9
44
9
99
9
44
9
34
9
64
9
94
9
44
16
88
9
44
16
28
9
14
16
58
9
94
9
74
9
64
9
44
9
74
9
44
14
26
0
40
17
29
9
14
16
58
15
87
17
59
9
14
9
46
9
94
0
89
9
44
9
64
9
74
9
64
9
94
9
64
17
29
2
19
9
99
9
34
9
77
15
27
9
99
9
74
9
34
9
1
9
99
9
74
15
87
18
60
9
44
9
34
9
44
9
94
9
44
9
14
9
94
9
34
16
28
9
99
9
74
9
14
15
87
9
94
9
34
9
94
9
44
15
87
14
56
18
90
14
56
9
34
15
57
17
89
17
59
9
99
15
27
9
64
9
64
9
44
9
34
9
44
9
74
9
64
9
34
9
14
9
34
9
74
9
74
9
74
9
34
9
74
9
14
15
87
9
94
9
34
9
44
17
89
9
34
9
74
9
34
9
64
14
56
17
59
9
14
9
99
9
44
15
51
9
94
0
50
9
74
0
37
9
64
9
34
9
74
9
44
9
74
9
14
19
61
9
34
9
44
9
99
9
99
3
39
9
74
9
99
15
27
9
64
9
34
9
44
9
94
9
94
17
59
2
69
17
29
9
34
19
91
9
44
9
64
9
94
9
64
9
64
9
44
19
91
9
14
14
26
17
59
19
91
9
44
15
87
4
79
9
14
9
99
16
58
9
74
9
64
9
14
3
39
9
64
9
99
9
74
9
44
9
74
9
74
13
25
9
34
9
14
0
70
9
34
18
60
19
61
9
94
9
44
9
34
4
99
16
58
9
64
9
14
9
44
9
64
9
44
9
64
9
94
18
60
17
89
9
94
9
99
9
34
9
94
9
14
9
34
16
58
9
99
9
34
9
34
9
14
9
34
9
34
9
99
9
34
16
88
9
74
9
44
9
44
9
64
9
34
15
87
9
94
9
64
9
14
9
64
9
44
9
64
9
44
9
14
19
61
9
64
18
60
13
25
9
44
9
74
9
79
0
30
9
64
9
94
17
29
9
74
16
88
3
9
9
44
16
28
9
58
9
44
9
94
9
34
19
61
16
58
9
74
9
74
9
94
16
88
9
99
9
99
16
58
9
99
15
27
15
57
15
87
9
64
9
64
15
57
9
94
9
99
9
74
9
94
16
88
9
94
9
34
9
94
9
64
9
34
9
64
18
60
9
44
2
50
19
31
9
48
9
14
9
14
9
99
16
28
15
27
9
99
16
58
15
27
9
14
9
94
9
64
14
26
9
34
17
29
9
34
9
99
9
74
17
29
9
14
9
34
9
64
9
99
9
44
9
14
15
87
9
64
3
80
2
19
19
82
9
74
9
34
9
34
17
59
17
29
14
56
9
99
18
30
17
29
9
44
9
94
9
99
14
56
9
44
9
34
18
30
1
49
9
58
9
14
1
19
9
14
9
74
9
99
9
94
15
57
9
14
9
94
3
99
15
87
9
44
9
99
9
99
9
74
9
74
9
99
9
99
18
30
9
64
9
14
9
14
9
64
9
64
9
64
9
14
9
64
2
59
9
99
1
39
9
74
15
27
9
99
9
74
9
14
9
99
4
9
9
74
9
74
15
27
9
99
9
99
9
94
18
22
9
14
9
14
9
14
9
44
16
88
2
9
0
60
9
42
9
74
15
57
15
87
9
64
9
74
9
64
17
29
17
59
9
99
9
64
9
44
14
26
9
64
9
34
18
60
16
88
0
53
15
87
9
44
9
94
9
14
9
94
9
44
9
14
16
88
13
85
9
74
9
34
9
44
16
88
9
34
15
57
17
89
9
34
9
94
9
64
9
94
9
99
9
44
9
44
9
64
9
34
17
89
15
27
15
87
2
49
19
51
17
52
9
14
13
85
9
99
9
44
17
29
13
25
19
31
9
94
9
74
9
64
9
64
9
34
9
74
9
74
9
96
9
64
9
34
9
64
9
14
9
64
15
57
9
64
4
29
2
39
1
9
3
59
9
34
9
64
14
86
9
64
9
94
9
99
16
28
13
85
9
14
9
14
18
60
9
3
9
94
8
95
9
94
9
34
9
34
9
34
9
99
17
89
9
64
9
46
9
44
9
34
9
64
9
44
13
25
9
94
9
74
9
94
9
94
9
34
9
94
9
94
17
59
13
55
9
94
15
87
9
99
9
74
9
94
9
44
9
44
9
74
9
17
9
99
16
88
9
64
14
56
15
57
9
34
17
29
9
14
9
14
15
87
9
94
9
94
9
34
9
99
4
9
9
99
9
99
9
74
9
64
9
74
9
44
9
44
13
85
9
36
9
44
9
99
9
14
9
99
9
94
9
94
17
59
16
28
9
94
0
50
15
57
9
64
15
87
9
94
16
28
9
94
9
44
9
34
9
64
9
99
9
94
9
64
9
74
9
64
9
64
9
34
9
99
9
34
9
64
18
90
9
94
15
57
9
99
19
61
3
69
9
44
9
99
9
94
17
59
13
55
15
27
17
89
9
74
9
99
17
89
15
57
18
30
9
14
15
57
9
44
9
44
9
74
1
79
9
99
9
44
14
86
0
59
9
99
18
30
9
44
9
99
9
99
9
99
9
99
9
94
9
94
9
74
0
80
16
88
9
44
15
87
1
39
9
99
19
31
9
94
18
21
9
34
