3
52
2
89
2
4
5
58
3
99
2
8
5
39
2
87
6
74
4
89
4
72
4
56
5
35
4
29
2
39
2
96
3
39
0
60
5
49
6
58
5
59
5
19
2
23
5
14
3
59
5
9
6
56
4
66
2
69
3
9
3
3
2
47
0
70
6
34
6
29
3
47
2
85
6
74
6
47
5
9
0
10
4
45
2
4
2
39
5
82
4
6
6
6
5
69
3
59
6
69
6
95
6
75
4
15
5
68
5
38
4
96
5
79
5
68
6
79
3
95
4
63
3
68
3
24
0
40
4
14
4
95
2
92
5
79
4
28
2
44
5
29
3
52
2
28
5
49
2
83
2
23
3
52
6
99
4
77
2
19
6
18
4
69
3
65
4
99
0
40
6
69
4
72
4
92
5
55
2
84
5
6
3
75
4
8
3
39
4
24
2
8
3
9
3
84
2
19
3
19
4
36
3
49
3
27
6
9
4
82
6
16
6
74
2
68
6
24
6
73
5
98
3
69
5
7
2
82
4
69
3
79
6
39
6
8
3
79
4
94
2
15
6
39
5
45
6
74
4
19
6
15
6
74
5
89
5
79
6
15
6
9
6
36
2
46
4
92
6
44
3
39
6
53
3
14
5
98
6
48
5
17
3
9
2
46
4
52
4
95
5
63
4
89
6
9
5
79
2
85
5
57
6
55
4
4
6
74
4
39
3
54
4
48
6
4
5
36
0
10
3
29
6
16
6
59
2
66
0
40
3
6
4
58
2
86
2
78
3
55
4
38
4
34
3
3
2
59
5
16
6
59
4
45
3
67
0
40
6
58
4
27
5
43
4
62
6
73
6
49
6
49
6
39
2
84
5
53
4
9
6
6
2
49
5
79
3
53
6
14
6
69
6
19
3
99
4
79
2
83
4
9
3
38
4
33
6
59
5
89
6
29
6
99
5
4
0
90
6
48
4
77
6
24
6
39
2
18
3
3
5
69
3
84
6
75
2
99
5
97
3
49
6
49
5
68
5
19
3
67
4
26
2
79
5
49
5
69
2
34
6
99
5
89
5
18
2
53
4
9
5
76
3
29
5
52
2
79
5
7
2
19
2
73
2
75
4
89
4
3
4
36
4
3
4
52
4
29
2
74
6
49
0
80
6
65
6
63
3
99
6
88
5
15
5
68
2
74
6
46
2
66
4
94
3
54
2
59
2
42
3
54
2
95
2
77
6
38
3
33
3
43
3
45
5
79
6
39
4
35
5
86
4
72
4
59
2
63
4
7
6
67
3
28
4
49
2
75
2
13
5
34
4
91
6
98
3
99
5
83
4
56
5
85
4
32
1
62
3
39
0
50
5
36
4
88
4
92
2
46
2
18
5
29
2
5
3
68
1
55
5
29
4
34
6
75
4
98
5
19
4
42
4
86
6
69
4
5
4
16
4
22
2
49
4
79
4
97
5
88
6
76
6
19
2
48
4
32
5
79
4
75
4
78
6
49
4
73
4
44
6
37
6
39
6
34
6
83
6
44
5
29
6
79
5
17
5
98
4
56
2
29
6
93
5
28
2
89
5
49
6
35
4
37
2
63
3
74
6
57
4
29
4
69
5
49
2
19
4
29
6
25
2
48
6
13
2
59
6
69
4
29
1
58
3
76
3
33
4
74
4
59
2
29
5
94
3
34
4
79
3
88
5
62
3
79
3
59
4
42
4
75
6
54
4
79
5
23
6
97
3
38
2
56
2
39
6
89
3
54
2
94
0
70
2
66
6
93
5
94
4
19
5
5
4
6
4
33
2
53
4
29
5
64
4
36
6
95
4
4
3
52
5
38
5
94
5
54
4
68
6
34
4
23
3
58
2
49
2
77
4
9
6
29
3
69
5
9
2
9
6
34
4
96
6
39
3
25
3
59
5
88
3
39
3
79
3
39
5
15
4
6
3
49
5
89
4
65
4
56
6
34
2
69
2
38
3
13
0
40
4
16
4
9
6
45
2
74
4
47
4
9
5
54
4
82
0
89
3
34
2
57
3
69
2
59
5
82
4
59
4
19
2
19
3
93
3
29
5
77
2
14
5
95
2
69
2
24
2
1
3
98
3
69
2
79
5
49
3
36
2
28
5
39
2
82
6
39
3
9
2
87
3
22
3
19
2
97
3
67
5
7
6
74
3
89
5
27
2
82
4
37
3
74
6
43
5
79
4
43
2
29
2
47
4
79
6
46
6
99
2
18
5
59
4
57
2
39
2
29
6
36
6
69
6
59
2
27
5
9
6
26
3
69
5
65
5
66
2
29
2
69
4
3
2
75
4
86
5
24
5
32
4
77
5
25
6
64
2
29
5
56
2
43
4
46
2
9
5
99
4
37
2
51
4
89
0
50
3
69
0
37
6
57
2
23
6
64
5
32
6
69
3
5
6
49
3
28
4
34
3
97
3
99
3
32
3
65
5
98
5
14
6
59
2
25
6
34
4
89
5
88
4
47
2
64
5
16
3
29
6
79
6
34
2
53
5
89
4
58
3
58
6
37
6
79
6
9
4
13
4
49
6
78
4
39
2
77
4
77
5
6
3
96
3
48
6
63
3
55
3
9
3
35
2
57
3
94
4
69
5
38
2
64
6
63
3
12
3
29
2
9
0
70
4
25
5
47
6
49
6
89
4
39
4
22
4
98
6
45
6
59
5
2
2
39
2
55
2
39
5
53
4
82
5
49
4
76
3
85
4
94
3
24
6
85
3
8
3
24
3
49
6
93
5
27
3
27
5
2
4
25
4
29
6
95
2
23
3
75
2
69
4
36
3
38
5
58
6
28
2
76
5
89
3
53
6
7
6
59
6
39
4
55
3
35
4
6
6
49
5
58
5
48
2
12
4
35
6
64
3
79
0
30
4
58
2
88
5
16
6
69
3
79
3
9
3
39
3
18
6
58
4
34
4
82
6
29
6
49
6
45
5
65
4
62
2
84
3
79
2
99
2
93
4
45
2
96
2
16
2
48
2
75
3
56
3
53
2
49
3
84
5
99
3
67
4
85
3
78
4
88
4
25
5
89
6
57
2
29
2
54
5
49
5
39
2
50
6
19
6
48
6
9
5
9
3
95
6
15
6
14
3
99
3
46
2
16
5
2
2
86
4
59
3
13
4
24
5
16
3
29
3
92
2
64
4
17
3
6
5
29
6
58
3
95
5
39
2
7
2
76
5
58
3
80
2
17
6
83
2
67
2
24
5
27
6
46
4
17
6
43
3
92
5
17
6
16
4
39
3
89
2
98
3
43
5
37
4
29
5
17
1
46
2
58
6
3
1
12
5
5
2
63
6
97
4
86
2
49
6
5
6
86
3
93
2
79
6
33
5
92
3
99
2
69
4
63
2
95
2
99
5
19
3
55
3
9
3
9
5
59
3
59
4
55
5
5
2
58
2
56
4
99
1
39
6
64
6
14
4
98
5
69
2
7
4
97
4
3
2
69
5
65
2
18
2
92
4
92
3
84
5
22
2
5
5
9
6
8
4
39
6
75
2
9
0
60
5
42
5
66
2
49
2
74
3
58
6
69
4
56
6
16
5
46
4
97
5
59
2
36
6
13
5
57
6
23
5
49
4
75
0
53
4
74
6
36
5
84
3
9
4
88
5
38
6
8
4
75
2
72
5
63
5
29
4
33
3
79
3
27
2
44
4
79
2
26
4
82
4
58
2
88
2
95
5
33
4
39
6
59
4
28
6
76
2
19
2
76
2
46
6
51
4
54
5
5
2
72
3
92
6
39
6
16
5
12
6
18
4
87
3
62
5
58
5
52
4
29
2
68
2
69
5
96
6
56
4
22
3
55
4
4
4
53
2
44
4
58
4
28
2
35
2
3
3
56
6
29
2
58
3
73
5
55
4
83
2
98
3
15
5
72
5
4
6
9
6
47
4
3
5
89
5
95
3
89
2
25
3
26
4
25
3
92
4
79
4
55
2
57
2
34
4
27
5
56
5
39
2
12
4
89
4
63
3
89
6
89
3
22
4
87
6
85
6
46
4
42
3
89
2
79
5
99
3
67
6
89
3
32
2
38
4
69
6
17
6
93
3
79
4
52
2
43
6
44
2
28
4
16
4
3
5
6
2
76
5
82
3
88
6
29
2
98
4
9
3
92
5
94
3
69
5
54
2
65
3
33
3
38
5
72
2
36
6
39
5
95
2
3
2
95
3
84
6
84
4
49
3
16
3
86
0
50
5
44
6
59
2
77
5
85
6
15
2
82
5
39
5
28
5
59
2
99
6
83
2
57
2
64
5
58
3
54
6
25
2
98
4
28
4
57
5
78
2
84
4
44
4
99
6
49
3
69
3
39
5
92
4
88
4
48
2
42
6
14
4
76
5
67
5
99
4
77
2
48
5
18
2
9
2
47
3
38
2
34
2
62
1
73
5
99
3
36
3
73
0
59
5
95
5
18
5
32
3
97
6
97
4
98
3
94
4
86
4
85
6
64
0
80
5
75
5
34
4
74
1
38
5
97
6
19
5
86
5
21
5
25
