2
50
0
89
0
2
3
56
1
98
0
6
3
38
0
85
4
72
2
89
3
70
2
54
3
33
2
27
0
39
0
94
1
39
0
60
3
49
4
56
3
57
3
18
0
21
3
12
1
58
3
7
4
54
2
64
0
68
1
7
1
1
0
45
0
70
4
32
4
27
1
45
0
83
4
72
4
45
3
9
0
10
2
43
0
2
0
37
4
80
2
4
4
4
3
68
1
57
4
69
4
93
4
73
2
13
3
66
3
36
2
94
3
77
3
66
4
77
1
93
2
61
1
66
1
22
0
40
2
12
2
93
1
90
3
78
2
26
0
42
3
28
2
50
0
26
3
47
0
81
0
21
2
50
4
97
2
75
0
18
4
16
2
67
1
63
2
98
0
40
4
67
3
70
3
90
3
55
0
82
3
4
1
73
2
6
1
37
2
22
0
6
1
8
1
82
0
18
1
19
2
34
1
49
1
25
4
8
3
80
4
14
4
72
0
66
4
22
4
71
3
96
1
68
3
5
1
80
2
69
1
78
4
38
4
6
1
77
2
92
0
13
4
39
3
43
4
72
2
18
4
13
4
72
3
87
3
77
4
13
4
7
4
34
0
44
3
90
4
42
1
37
4
51
1
12
3
96
4
46
3
16
1
7
0
44
3
50
2
93
3
61
2
88
4
7
3
77
0
83
3
55
4
53
2
2
4
72
2
38
1
52
2
46
4
2
3
34
0
10
1
27
4
14
4
59
0
64
0
40
1
4
2
56
0
84
0
76
1
53
2
36
2
32
1
1
0
59
3
14
4
57
2
43
1
65
0
40
4
56
2
25
3
41
3
60
4
71
4
49
4
48
4
38
0
82
3
51
2
7
4
4
0
47
3
79
1
51
4
12
4
68
4
19
1
97
2
79
0
81
2
7
1
36
2
31
4
58
3
88
4
29
4
98
3
2
0
90
4
46
2
75
4
22
4
37
0
16
1
1
3
68
1
82
4
73
0
97
3
95
1
49
4
49
3
66
3
17
1
65
2
24
0
79
3
49
3
69
0
32
4
98
3
87
3
16
0
51
2
7
3
74
1
27
4
50
0
79
3
5
0
18
0
71
0
73
2
88
2
1
2
34
2
1
3
50
2
28
0
72
4
48
0
80
4
63
4
61
1
98
4
86
3
13
3
66
0
72
4
44
0
64
2
92
1
52
0
57
1
40
1
52
0
93
0
75
4
36
1
31
1
41
1
43
3
77
4
38
2
33
3
84
3
70
2
58
0
61
2
5
4
65
1
26
2
48
0
73
0
11
3
32
2
91
4
96
1
99
3
81
2
54
3
83
3
30
2
60
1
38
0
50
3
34
4
86
3
90
0
44
0
16
3
27
0
3
3
66
1
53
3
29
2
32
4
73
2
96
3
17
3
40
2
84
4
69
2
3
2
14
3
20
0
49
2
78
2
95
3
86
4
74
4
19
0
46
3
30
3
77
2
73
2
76
4
48
2
71
2
42
4
35
4
39
4
32
4
81
4
42
3
27
4
78
3
15
3
96
2
54
0
27
4
91
3
26
2
87
3
49
4
33
2
35
0
61
1
72
4
55
2
29
2
69
3
49
0
17
2
27
4
23
0
46
4
13
0
59
4
68
2
27
1
56
1
74
1
31
2
72
2
59
0
29
3
92
1
32
2
79
1
86
4
60
1
79
1
57
3
40
2
73
4
52
2
77
3
21
4
95
1
36
0
54
0
37
4
87
1
52
0
92
0
70
0
64
4
91
3
92
2
19
3
3
2
4
2
31
0
51
2
28
3
62
2
34
4
93
2
2
2
50
3
36
3
92
3
52
2
66
4
32
2
21
1
56
0
49
0
75
2
8
4
29
1
68
3
8
0
8
4
32
2
94
4
39
1
23
1
58
3
86
1
39
1
79
1
38
3
13
2
4
1
49
3
88
2
63
2
54
4
32
0
68
0
36
1
11
0
40
2
14
2
7
4
43
0
72
2
45
2
9
3
56
3
80
0
87
1
32
0
55
1
68
0
57
4
80
2
59
2
18
2
17
1
91
1
28
3
77
0
12
3
93
0
67
0
22
0
1
1
96
1
68
0
78
3
47
1
34
0
26
3
38
1
80
4
38
1
8
0
85
2
20
1
18
0
95
1
65
3
5
4
72
1
87
3
25
1
80
2
35
1
72
4
41
3
78
2
41
0
28
0
45
2
78
4
44
4
99
0
16
3
58
2
55
0
38
0
27
4
34
4
69
4
57
0
25
3
8
4
24
1
69
3
63
3
64
0
29
0
68
2
1
0
73
2
84
3
22
4
30
2
75
3
23
4
62
0
29
3
54
0
41
2
44
0
7
3
97
2
35
0
51
2
87
0
50
1
67
0
37
4
55
0
21
4
62
4
30
4
69
1
3
4
49
1
26
2
32
1
95
1
98
3
30
1
63
3
96
3
12
4
58
0
23
4
32
2
88
3
86
2
45
2
62
3
14
1
29
4
77
4
32
0
51
3
88
2
56
1
56
4
35
4
77
4
8
2
11
2
47
4
76
2
39
0
75
4
75
3
4
1
94
1
46
4
61
1
53
1
7
3
33
0
55
1
92
2
69
3
36
0
62
4
61
2
10
1
27
0
7
0
70
2
23
3
45
4
49
4
87
2
38
3
20
4
96
4
43
4
57
4
0
0
38
0
53
0
38
3
51
3
80
3
47
2
74
1
83
2
92
1
22
4
83
1
6
1
22
1
47
4
91
3
25
1
25
4
0
2
23
2
27
4
93
0
21
1
73
0
68
2
34
1
36
3
56
4
26
0
74
3
88
1
51
4
5
4
58
4
37
2
53
1
33
2
4
4
48
3
56
3
46
1
10
2
33
4
62
1
79
0
30
2
56
0
86
3
14
4
69
1
79
3
9
1
37
1
16
4
58
2
32
3
80
4
29
4
47
4
43
3
63
3
60
0
82
1
78
0
97
0
91
2
43
0
94
0
14
0
46
0
73
1
54
1
51
0
49
1
82
3
99
1
65
2
83
1
76
2
86
2
23
3
89
4
55
0
29
0
52
3
49
3
39
2
50
4
17
4
49
4
8
3
7
1
93
4
13
4
12
1
99
1
44
0
14
4
0
0
84
2
58
1
11
2
22
3
14
1
29
2
90
0
62
2
15
1
4
3
29
4
56
1
93
3
37
0
5
0
74
3
56
3
80
2
15
4
83
0
65
0
22
3
25
4
44
2
15
4
41
2
90
3
15
4
14
2
37
1
88
0
96
1
41
3
35
2
29
3
15
0
44
0
58
4
1
2
10
3
3
0
61
4
95
2
84
0
47
4
3
4
84
3
91
0
79
4
31
4
90
1
98
0
67
2
61
0
93
0
99
3
17
1
53
1
9
1
9
3
58
1
58
2
53
3
3
0
56
2
54
2
98
1
38
4
62
4
12
2
96
3
68
0
5
2
95
4
1
0
68
3
63
0
16
1
90
3
90
1
82
3
22
0
3
3
8
4
6
2
38
4
73
2
8
0
60
3
42
3
64
0
48
0
72
1
56
4
67
2
54
4
14
3
44
2
95
3
57
0
34
4
11
3
55
4
21
3
48
2
73
0
53
2
72
4
34
3
82
1
7
2
86
3
36
4
6
2
73
1
70
3
61
3
29
2
31
1
78
1
25
0
42
2
79
0
24
3
80
2
56
0
86
0
93
3
31
2
38
4
59
2
26
4
74
0
18
0
74
2
44
4
51
2
54
3
3
1
70
2
90
4
38
4
14
4
10
4
16
2
85
2
60
3
56
4
50
2
27
0
66
0
68
3
96
4
54
3
20
1
53
2
2
2
51
0
42
2
56
4
26
2
33
4
1
3
54
4
29
0
56
1
71
3
53
2
81
0
96
1
13
4
70
3
2
4
7
4
45
2
3
3
88
3
95
1
87
0
23
1
24
2
23
2
90
2
79
2
53
0
59
0
32
2
25
3
54
3
39
1
10
2
88
2
61
1
89
4
89
2
20
2
85
4
83
4
44
3
40
1
88
0
77
3
98
1
65
4
88
2
30
0
36
2
68
4
17
4
91
1
77
3
50
0
41
4
42
0
26
2
14
2
1
3
4
0
74
4
80
1
86
4
28
0
96
4
7
2
90
3
92
1
69
3
52
0
63
1
31
1
36
4
70
0
36
4
38
3
93
0
1
0
93
1
82
4
82
2
47
1
14
1
84
0
50
3
42
4
59
0
75
3
83
4
13
1
80
3
37
3
26
3
59
0
98
4
81
0
55
0
62
3
56
1
52
4
23
0
96
2
26
2
55
3
76
0
82
2
42
2
97
4
48
3
69
1
39
4
90
2
86
2
46
1
40
4
12
2
74
3
65
3
97
2
75
0
46
3
16
0
9
0
45
1
37
0
32
1
60
0
71
3
99
1
34
1
71
0
58
3
93
3
16
4
30
1
95
4
95
2
96
1
92
2
84
2
83
4
62
0
80
3
73
3
32
2
72
0
36
3
95
4
18
3
84
4
20
3
23
