8
57
7
89
7
9
9
62
8
99
7
9
9
42
7
89
9
79
9
91
9
77
9
61
9
40
9
31
7
39
7
99
8
40
0
60
10
52
9
63
9
62
10
22
7
28
9
19
8
60
9
12
9
61
9
71
7
69
8
10
8
8
7
49
0
70
9
39
9
33
8
50
7
89
9
79
10
52
9
12
0
10
9
50
7
9
7
39
9
87
9
11
9
11
9
72
8
60
9
73
9
99
9
80
9
20
9
72
9
42
9
99
10
82
9
72
11
83
8
99
9
68
8
70
8
29
0
40
9
19
9
99
7
97
10
82
9
31
7
49
9
32
8
57
7
29
10
52
7
88
7
28
8
57
9
99
9
81
7
19
11
23
9
71
8
70
9
99
0
40
9
73
9
77
9
97
8
55
7
89
9
11
8
80
9
11
8
40
9
29
7
9
8
10
8
89
7
19
8
20
9
41
8
50
8
30
9
13
9
87
9
21
9
79
7
69
9
29
9
78
9
99
8
70
9
12
7
87
9
71
8
80
9
43
9
13
8
80
9
99
7
19
9
43
9
50
9
79
9
21
9
20
9
79
9
92
10
82
9
20
9
13
9
41
7
49
9
97
9
49
8
40
9
58
8
19
9
99
11
53
10
22
8
10
7
49
9
57
9
99
9
68
9
91
9
13
10
82
7
89
9
62
9
60
9
9
9
79
9
41
8
59
9
51
9
9
9
41
0
10
8
30
9
21
9
63
7
69
0
40
8
10
9
61
7
89
7
79
8
60
9
41
9
39
8
8
7
59
9
21
9
63
9
50
8
70
0
40
9
63
9
31
9
48
9
67
9
78
11
53
11
53
9
43
7
89
9
58
9
11
9
11
7
49
10
82
8
58
9
19
9
73
11
23
8
99
9
81
7
88
9
11
8
40
9
38
9
63
9
92
9
33
9
99
9
9
0
90
11
53
9
81
9
29
9
43
7
19
8
8
9
72
8
89
9
80
7
99
9
99
8
50
11
53
9
72
10
22
8
70
9
31
7
79
10
52
9
72
7
39
9
99
9
92
10
22
7
58
9
11
9
81
8
30
9
57
7
79
9
12
7
19
7
78
7
79
9
91
9
8
9
41
9
8
9
57
9
31
7
79
11
53
0
80
9
70
9
68
8
99
9
93
9
20
9
72
7
79
9
51
7
69
9
99
8
59
7
59
7
47
8
59
7
99
7
79
9
43
8
38
8
48
8
50
10
82
9
43
9
40
9
91
9
77
9
61
7
68
9
11
9
72
8
30
9
51
7
79
7
18
9
39
9
91
9
99
8
99
9
88
9
61
9
90
9
37
1
67
8
40
0
50
9
41
4
89
9
97
7
49
7
19
9
32
7
9
3
69
1
59
9
32
9
39
9
80
9
99
10
22
9
47
9
91
9
73
9
10
9
21
9
27
7
49
9
81
9
99
9
92
9
81
11
23
7
49
9
37
10
82
9
80
9
81
11
53
9
78
9
49
9
42
9
43
9
39
9
88
9
49
9
32
11
83
10
22
9
99
9
61
7
29
9
98
9
32
2
89
10
52
9
40
9
41
7
68
8
79
9
62
9
31
9
71
10
52
7
19
9
31
9
30
7
49
9
13
7
59
9
73
9
31
1
59
8
80
8
38
9
79
9
61
7
29
9
99
8
39
9
81
8
90
9
67
8
80
8
60
9
47
9
80
9
59
9
81
9
28
9
99
8
40
7
59
7
39
9
93
8
59
7
99
0
70
7
69
9
98
9
99
9
21
9
10
9
11
9
38
7
58
9
31
9
69
9
41
9
99
9
9
8
57
9
42
9
99
9
59
9
71
9
39
9
28
8
60
7
49
7
79
9
11
9
33
8
70
9
12
7
9
9
39
9
99
9
43
8
30
8
60
9
92
8
40
8
80
8
40
9
20
9
11
8
50
9
92
9
70
9
61
9
39
7
69
7
39
8
18
0
40
9
21
9
11
9
50
7
79
9
51
9
11
9
49
9
87
0
89
8
39
7
59
8
70
7
59
9
87
9
61
9
21
2
19
8
98
8
30
9
77
7
19
9
99
7
69
7
29
7
1
8
99
8
70
7
79
10
52
8
40
7
29
9
42
7
87
9
43
8
10
7
89
8
27
8
20
7
99
8
70
9
12
9
79
8
90
9
32
7
87
9
41
8
79
9
48
10
82
9
48
7
29
7
49
9
81
9
51
9
99
7
19
9
62
9
61
7
39
7
29
9
41
9
73
9
63
7
29
9
12
9
31
8
70
9
70
9
71
7
29
7
69
9
8
7
79
9
91
9
29
9
37
9
81
9
30
9
69
7
29
9
61
7
48
9
51
7
9
9
99
9
41
7
51
9
91
0
50
8
70
0
37
9
62
7
28
9
69
9
37
9
73
8
10
11
53
8
30
9
39
8
99
8
99
3
37
8
70
9
99
9
19
9
63
7
29
9
39
9
91
9
92
9
51
2
69
9
21
8
30
11
83
9
39
7
58
9
92
9
61
8
60
9
42
11
83
9
13
9
18
9
51
11
83
9
41
7
79
4
79
9
11
8
99
8
50
9
68
8
60
8
10
3
39
7
59
8
99
9
71
9
42
7
69
9
68
8
17
8
30
7
9
0
70
9
30
10
52
11
53
9
93
9
41
9
27
4
99
9
50
9
63
9
7
7
39
7
59
7
39
9
58
9
87
10
52
9
81
8
90
9
99
8
29
9
90
8
10
8
29
8
50
9
98
9
32
8
30
9
7
9
30
9
31
9
99
7
28
8
80
7
69
9
41
8
40
9
62
9
33
7
79
9
92
8
58
9
12
9
63
9
43
9
60
8
40
9
11
11
53
9
62
10
52
7
17
9
40
9
69
8
79
0
30
9
61
7
89
9
21
9
73
8
80
3
9
8
40
8
20
9
58
9
39
9
87
9
33
11
53
9
50
9
70
9
67
7
89
8
80
7
99
7
98
9
50
7
99
7
19
7
49
7
79
8
60
8
58
7
49
8
89
9
99
8
70
9
90
8
80
9
91
9
30
9
92
9
62
7
29
7
59
10
52
9
42
2
50
11
23
9
48
9
13
9
12
8
99
9
20
9
19
8
99
8
50
7
19
9
7
7
89
9
61
8
18
9
29
9
21
8
30
8
97
7
69
9
21
8
10
9
32
9
63
8
99
9
42
7
9
7
79
9
62
3
80
2
19
11
82
7
69
7
29
9
32
9
51
9
21
9
48
8
97
10
22
9
21
9
41
8
90
7
99
8
48
9
42
9
31
10
22
1
49
7
58
9
8
1
17
9
10
7
68
9
99
9
91
7
49
9
10
9
91
3
98
7
79
9
38
9
97
8
99
7
69
9
68
7
99
7
99
10
22
8
60
8
10
8
10
9
62
8
60
9
60
9
10
7
59
2
59
9
99
1
39
9
69
9
19
9
99
9
72
7
9
9
99
4
8
7
69
9
70
7
19
7
97
9
97
8
89
10
22
7
9
9
12
9
13
9
41
9
80
2
9
0
60
9
42
9
71
7
49
7
79
8
60
9
73
9
61
9
21
9
51
9
99
9
62
7
39
9
18
9
62
9
28
10
52
9
80
0
53
9
79
9
41
9
89
8
10
9
91
9
42
9
13
9
80
7
77
9
68
9
32
9
38
8
80
8
30
7
49
9
81
7
29
9
87
9
61
7
89
7
99
9
38
9
41
9
63
9
31
9
81
7
19
7
79
2
49
11
51
9
53
9
10
7
77
8
97
9
43
9
21
9
17
11
23
9
91
8
67
9
62
9
57
9
31
7
69
7
69
9
96
9
61
9
27
8
60
9
9
9
58
7
49
9
61
4
29
2
39
1
8
3
59
9
33
7
59
8
78
9
60
9
88
7
99
8
20
9
77
9
9
9
13
10
52
9
3
9
92
8
95
8
90
7
29
8
30
9
30
8
97
9
81
9
60
7
52
7
39
9
31
9
61
9
42
7
17
9
91
9
68
8
90
9
93
8
27
9
91
9
90
9
51
9
47
8
90
7
79
9
99
8
70
9
93
8
37
7
39
9
71
9
17
9
98
8
80
9
57
7
48
9
49
7
29
9
21
9
8
9
11
7
79
9
87
8
90
9
33
7
99
4
9
8
97
9
99
8
70
9
59
7
69
8
38
8
40
9
77
7
36
9
43
9
99
7
8
7
99
8
89
9
89
9
51
8
20
8
90
0
50
9
49
9
63
7
79
9
90
9
20
7
87
9
42
9
32
9
62
7
99
9
88
7
59
7
69
9
62
8
59
9
30
7
99
9
31
9
61
10
82
7
89
9
49
9
99
11
53
3
69
8
40
9
97
9
91
9
51
7
47
9
19
9
81
9
72
9
99
9
81
7
49
10
22
7
9
7
49
8
40
7
39
7
67
1
78
9
99
8
40
8
78
0
59
9
99
10
22
9
37
8
99
9
99
9
99
8
99
9
91
9
90
9
69
0
80
9
80
9
39
9
79
1
39
9
99
11
23
9
91
10
21
9
30
