4
59
7
68
4
87
6
93
6
58
5
54
5
29
7
89
5
78
4
33
3
9
3
24
5
95
5
15
5
44
6
7
5
89
6
54
5
49
3
99
3
8
5
39
3
9
3
27
6
48
5
76
5
39
7
19
6
33
6
59
4
9
5
38
4
9
7
47
3
99
4
83
5
37
4
79
6
29
4
39
5
25
3
95
7
29
3
75
5
83
4
8
4
79
5
35
4
9
5
75
4
44
6
39
6
99
4
59
4
53
4
8
4
59
5
66
4
77
4
57
3
78
7
57
6
6
4
89
4
56
5
57
3
39
3
69
6
19
4
89
6
79
0
40
6
66
7
37
4
36
7
39
7
57
6
33
0
50
3
15
5
79
4
39
4
54
5
99
3
15
4
65
4
9
7
5
6
19
3
96
4
29
4
37
5
38
5
25
6
78
3
36
6
29
4
9
5
55
6
68
3
58
4
28
5
19
6
19
6
39
3
31
5
56
7
29
4
28
3
48
6
57
4
19
7
38
4
59
7
69
3
88
4
57
3
69
5
89
4
45
5
28
5
94
4
36
5
5
5
79
7
99
5
89
3
17
6
8
7
27
5
39
4
3
3
97
3
15
6
56
6
57
5
83
6
78
4
89
4
46
4
29
7
48
7
94
4
56
6
49
3
47
5
28
6
89
7
39
4
19
3
96
3
29
5
49
3
86
3
33
0
70
6
98
7
35
6
5
3
9
0
40
4
47
7
89
5
87
6
37
5
49
3
9
3
97
4
9
4
28
7
14
3
85
7
29
3
19
4
4
3
97
7
69
5
89
6
49
4
47
3
79
7
5
4
97
6
9
5
16
3
89
6
19
3
69
7
89
7
72
6
96
7
16
3
89
4
76
0
20
6
37
3
59
4
89
5
78
4
29
7
89
3
63
6
59
3
49
5
86
6
19
5
39
5
6
6
5
5
18
3
76
4
9
0
80
6
68
3
53
7
5
4
28
6
59
7
78
3
14
7
96
5
99
3
69
5
58
5
39
3
68
5
79
6
47
4
75
6
69
6
99
3
9
3
49
5
9
3
77
3
74
6
79
3
24
4
19
7
75
3
43
6
39
7
59
7
79
5
99
5
93
6
34
6
33
6
63
7
19
5
94
3
99
7
79
3
48
5
35
7
19
4
86
6
19
6
74
6
89
5
39
4
9
7
97
7
74
5
19
5
49
3
79
3
89
3
86
4
45
3
43
6
64
6
14
7
9
6
35
6
59
5
29
5
77
4
9
4
86
0
80
7
76
6
5
6
99
3
17
4
7
7
58
7
59
3
69
5
19
4
96
5
76
3
54
3
99
5
4
5
49
3
77
5
79
6
97
6
13
5
39
6
65
6
24
5
69
5
14
4
74
4
25
3
17
3
50
5
88
6
7
4
9
7
19
4
99
4
31
7
89
7
99
5
49
3
38
6
68
7
19
3
23
2
79
5
78
3
74
4
94
4
16
6
99
5
95
3
39
3
96
7
75
3
89
3
3
4
69
3
99
5
55
4
9
6
29
4
84
4
96
7
24
0
30
7
47
4
68
1
6
4
29
3
99
6
78
6
75
7
67
7
39
3
3
7
66
7
87
6
79
5
46
3
93
3
69
5
34
4
7
4
8
4
29
5
83
1
93
5
6
3
13
3
19
5
48
4
9
3
9
7
14
3
89
6
74
6
59
4
15
6
29
7
9
5
39
4
49
5
48
3
97
4
43
0
30
7
89
5
78
4
54
7
8
4
54
7
57
5
19
3
39
6
87
3
26
4
79
3
86
7
85
3
16
4
28
7
19
7
89
3
99
6
44
5
47
0
80
3
43
3
56
4
13
6
59
3
43
6
59
6
29
6
57
7
37
5
63
7
75
7
94
6
8
3
14
5
19
5
53
7
69
7
66
5
14
4
15
5
94
4
25
3
25
7
74
5
14
3
48
3
27
4
38
3
74
4
9
3
76
4
53
6
45
3
3
4
76
5
14
3
29
6
15
5
35
6
2
6
79
4
69
6
65
6
37
3
7
5
87
4
69
6
68
3
17
5
75
7
39
5
85
6
93
7
4
0
80
6
64
6
27
4
89
3
9
4
79
3
38
5
69
7
9
3
35
5
13
7
89
5
87
7
89
4
39
7
9
5
99
4
75
6
49
7
75
5
24
7
16
5
29
4
39
6
64
3
8
3
66
0
30
7
44
3
27
3
65
3
19
3
33
4
49
6
69
6
35
1
69
6
58
7
79
4
38
4
29
5
8
4
99
4
45
5
44
7
9
5
45
6
15
3
69
5
79
5
35
7
29
3
99
5
55
4
16
6
93
5
65
5
88
7
78
3
9
6
36
1
25
0
50
5
74
5
25
5
16
4
99
0
0
5
35
3
28
5
17
6
39
4
49
5
69
6
89
7
9
5
29
3
69
5
39
4
49
3
99
7
69
7
79
4
36
6
97
5
59
7
89
7
48
6
89
3
53
7
59
4
86
7
86
6
3
5
54
5
49
4
87
6
26
6
1
4
45
3
39
3
39
3
79
3
16
7
47
6
59
5
33
6
73
6
6
4
64
5
4
5
49
6
44
7
44
6
19
6
69
3
69
6
7
3
29
4
77
5
79
5
24
4
39
3
88
3
26
5
99
3
66
6
8
5
69
3
99
3
49
7
9
6
79
7
89
4
68
5
39
3
79
4
28
3
29
6
75
5
75
0
10
7
94
3
29
5
78
3
49
6
39
7
9
0
0
6
17
3
56
6
63
7
25
6
99
3
75
4
29
3
29
3
74
6
7
5
13
4
39
5
74
6
24
3
99
3
76
5
13
3
84
5
38
6
25
4
75
4
55
7
72
6
39
6
77
5
29
4
39
0
10
3
75
5
89
7
79
3
89
5
4
7
44
6
39
4
49
4
19
6
49
4
84
3
46
6
39
6
39
6
1
4
56
3
9
7
78
6
39
4
25
6
6
3
15
6
57
4
39
6
53
7
36
7
48
6
49
4
89
3
86
5
77
4
9
6
75
7
19
3
26
3
29
3
55
4
63
4
15
3
86
4
97
3
43
6
37
4
17
3
89
7
54
5
4
7
98
4
53
4
69
1
33
3
38
4
66
3
49
3
69
5
59
6
43
3
79
1
78
3
99
7
99
7
65
5
65
5
79
3
49
6
39
5
33
7
99
7
19
3
27
7
87
4
13
7
99
3
79
4
19
6
19
6
65
6
53
3
65
5
98
3
66
3
79
4
58
4
4
7
36
4
79
3
68
6
55
6
44
0
0
5
84
3
29
5
97
3
9
7
77
4
38
5
26
4
36
4
3
4
15
6
53
5
39
7
99
3
38
5
39
6
37
3
17
6
73
6
9
4
79
6
95
3
34
5
86
3
39
3
49
5
56
6
29
3
69
6
36
7
49
5
76
4
45
5
19
5
27
4
8
6
49
7
99
6
68
4
69
5
49
3
9
3
46
6
96
3
57
7
6
4
77
5
69
4
16
4
36
3
49
3
44
4
59
7
95
6
89
4
97
3
24
7
89
7
64
3
94
5
29
5
7
6
78
6
63
4
99
3
19
6
6
6
29
3
25
3
36
3
89
3
96
3
49
3
58
7
98
6
88
7
79
6
77
3
60
5
25
0
70
5
75
4
88
1
18
3
59
3
54
6
13
7
69
4
49
3
99
3
7
3
85
7
49
4
9
4
59
5
68
4
5
7
84
5
53
3
18
4
84
4
46
6
81
3
39
5
8
7
74
7
49
4
9
4
99
3
49
4
49
3
48
4
89
6
69
3
56
5
69
4
19
4
15
4
49
6
39
4
84
7
29
6
15
3
14
4
46
4
19
4
33
3
77
3
66
4
27
3
4
3
95
4
67
3
69
4
99
7
89
7
89
4
43
3
85
3
67
4
76
4
99
3
74
5
19
6
69
7
99
7
58
3
28
3
59
4
27
6
75
7
26
4
29
5
19
4
83
4
29
3
45
7
9
7
55
3
97
5
69
3
68
4
24
3
34
4
67
3
49
5
7
7
6
6
39
0
59
6
85
6
99
3
79
7
57
5
34
5
44
5
39
5
69
0
29
3
49
4
23
6
43
6
69
5
49
6
48
7
79
3
76
7
24
4
89
4
53
5
79
3
38
6
56
4
24
7
28
6
59
6
29
6
88
3
25
5
47
5
47
5
44
3
57
4
13
4
9
7
34
6
39
4
19
7
39
6
63
3
94
5
79
0
80
4
86
6
59
6
24
5
59
3
88
6
97
3
37
4
39
6
15
4
46
3
45
5
28
4
84
7
57
6
79
6
69
6
23
5
66
3
35
0
90
5
49
3
77
5
28
5
93
5
47
0
20
4
6
5
68
3
87
7
29
6
19
7
15
7
7
7
14
6
9
5
11
5
69
4
49
5
79
4
49
5
93
6
55
0
29
6
14
4
99
3
36
3
56
3
68
4
95
5
64
3
59
4
59
5
55
3
47
6
19
3
9
4
28
1
99
6
79
5
17
7
19
4
85
