3
59
6
67
3
86
5
92
5
57
4
53
4
28
6
89
4
77
3
32
2
9
2
23
4
94
4
14
4
43
5
6
4
88
5
53
4
48
2
98
2
7
4
39
2
8
2
26
5
47
4
75
4
39
6
19
5
32
5
59
3
9
4
37
3
9
6
46
2
99
3
82
4
36
3
79
5
29
3
38
4
24
2
94
6
29
2
74
4
82
3
7
3
79
4
34
3
9
4
74
3
43
5
39
5
98
3
59
3
52
3
7
3
58
4
65
3
76
3
56
2
77
6
56
5
5
3
89
3
55
4
56
2
39
2
68
5
19
3
89
5
79
0
40
5
65
6
36
3
35
6
39
6
56
5
32
0
50
2
14
4
79
3
39
3
53
4
99
2
14
3
64
3
9
6
4
5
19
2
95
3
29
3
36
4
37
4
24
5
77
2
35
5
29
3
9
4
54
5
67
2
57
3
27
4
19
5
19
5
39
2
31
4
55
6
29
3
27
2
47
5
56
3
19
6
37
3
59
6
69
2
87
3
56
2
69
4
88
3
44
4
27
4
93
3
35
4
4
4
79
6
99
4
89
2
16
5
7
6
26
4
39
3
2
2
96
2
14
5
55
5
56
4
82
5
77
3
89
3
45
3
29
6
47
6
94
3
55
5
49
2
46
4
27
5
89
6
39
3
18
2
95
2
29
4
48
2
85
2
32
0
70
5
97
6
34
5
4
2
9
0
40
3
46
6
88
4
86
5
36
4
49
2
9
2
96
3
9
3
27
6
13
2
84
6
29
2
18
3
3
2
96
6
69
4
88
5
49
3
46
2
79
6
4
3
96
5
9
4
15
2
88
5
19
2
69
6
89
6
72
5
95
6
15
2
88
3
75
0
20
5
36
2
59
3
89
4
77
3
29
6
89
2
62
5
59
2
49
4
85
5
19
4
38
4
5
5
4
4
17
2
75
3
9
0
80
5
67
2
52
6
4
3
27
5
59
6
77
2
13
6
95
4
99
2
69
4
57
4
38
2
67
4
79
5
46
3
74
5
68
5
99
2
9
2
49
4
9
2
76
2
73
5
79
2
23
3
19
6
74
2
42
5
39
6
59
6
79
4
98
4
92
5
33
5
32
5
62
6
19
4
93
2
99
6
78
2
47
4
34
6
19
3
85
5
19
5
73
5
88
4
39
3
9
6
96
6
73
4
19
4
49
2
78
2
89
2
85
3
44
2
42
5
63
5
13
6
9
5
34
5
59
4
29
4
76
3
9
3
85
0
80
6
75
5
4
5
99
2
16
3
6
6
57
6
59
2
69
4
18
3
95
4
75
2
53
2
98
4
3
4
48
2
76
4
79
5
96
5
13
4
39
5
64
5
23
4
69
4
13
3
73
3
24
2
16
3
50
4
87
5
6
3
9
6
18
3
99
3
31
6
89
6
98
4
49
2
37
5
67
6
19
2
22
2
78
4
77
2
73
3
93
3
15
5
99
4
94
2
38
2
95
6
74
2
89
2
2
3
69
2
99
4
54
3
9
5
28
3
83
3
95
6
23
0
30
6
46
3
67
1
5
3
28
2
98
5
77
5
74
6
66
6
39
2
2
6
65
6
86
5
79
4
45
2
93
2
69
4
33
3
6
3
7
3
29
4
82
1
92
4
5
2
13
2
19
4
47
3
9
2
8
6
13
2
89
5
73
5
59
3
14
5
29
6
9
4
39
3
49
4
47
2
96
3
42
0
30
6
89
4
77
3
53
6
7
4
53
6
56
4
18
2
39
5
86
2
25
3
79
2
85
6
84
2
15
3
27
6
19
6
89
2
98
5
43
4
46
0
80
2
42
2
55
3
12
5
58
2
42
5
59
5
29
5
56
6
36
4
62
6
74
6
93
5
7
2
13
4
19
4
52
6
69
6
65
4
13
3
14
4
93
3
24
2
24
6
73
4
13
2
47
2
26
4
37
2
73
3
8
2
75
3
52
5
44
3
2
3
75
4
13
2
28
5
14
4
34
5
2
5
79
3
69
5
64
5
36
2
6
4
86
3
69
5
67
2
16
4
75
6
39
4
84
5
92
6
3
0
80
5
63
5
26
3
88
2
9
3
79
2
37
4
69
6
9
2
34
4
13
6
89
4
86
6
89
3
39
6
9
4
99
3
74
5
49
6
74
4
23
6
15
4
29
3
39
5
63
2
7
2
66
0
30
6
43
2
26
2
64
2
18
2
33
3
49
5
69
5
34
1
69
5
58
6
79
3
37
3
29
4
7
4
99
3
44
4
43
6
9
4
44
5
14
2
69
4
78
4
34
6
28
2
99
4
54
3
15
5
92
4
64
4
87
6
77
2
9
5
35
1
24
0
50
4
73
4
24
4
15
3
99
0
0
4
34
2
27
4
16
5
39
3
49
4
69
5
88
6
9
4
28
2
69
4
38
3
49
2
99
6
69
6
79
3
35
5
96
4
59
6
89
6
47
5
89
2
52
6
59
3
85
6
85
5
2
4
53
4
49
3
86
5
25
5
1
3
44
2
38
2
39
2
79
2
15
6
46
5
59
4
32
5
72
5
5
3
63
4
3
4
48
5
43
6
43
5
19
5
69
2
69
5
6
2
29
3
76
4
79
4
23
3
39
2
87
3
25
4
99
2
65
5
7
4
69
2
99
2
49
6
9
5
79
6
88
3
67
4
39
2
79
3
27
2
29
5
74
4
74
0
10
6
93
2
28
4
77
2
49
5
39
6
8
0
0
5
16
2
55
5
62
6
24
5
99
2
74
3
29
2
28
2
73
5
6
4
12
3
39
4
73
5
23
2
98
2
75
4
12
2
83
4
37
5
24
3
74
3
54
6
72
5
39
5
76
4
28
3
38
0
10
2
74
4
89
6
79
2
89
4
3
6
43
5
39
3
49
3
18
5
49
3
83
2
45
5
38
5
39
5
1
3
55
2
9
6
77
5
39
3
24
5
5
2
14
5
56
3
39
5
52
6
35
6
47
5
49
3
89
2
85
4
76
3
9
5
74
6
19
2
25
2
29
2
54
3
62
3
14
2
85
3
96
2
42
5
36
3
16
2
89
6
53
4
3
6
97
3
52
4
69
1
32
2
37
3
65
2
49
2
68
4
59
5
42
2
79
1
77
2
99
6
99
6
64
4
64
4
79
2
49
5
39
4
32
6
99
6
19
2
26
6
86
3
12
6
99
2
78
3
19
5
19
5
64
5
52
2
64
4
97
2
65
2
78
3
57
3
3
6
35
3
79
2
67
5
54
5
43
0
0
4
83
2
29
4
96
2
8
6
76
3
37
4
26
3
35
3
2
3
14
5
52
4
38
6
99
2
37
4
39
5
36
2
16
5
72
5
9
3
78
5
94
2
33
4
85
2
39
2
48
4
55
5
29
3
68
5
35
6
48
4
75
3
44
4
19
4
26
3
7
5
48
6
99
5
67
3
68
4
49
2
9
2
45
5
95
2
56
6
5
3
76
4
69
3
15
3
35
2
49
2
43
3
59
6
94
5
88
3
96
2
23
6
89
6
63
2
93
4
29
4
6
5
77
5
62
3
99
2
19
5
5
5
29
2
24
2
35
2
89
2
95
2
48
2
57
6
97
5
87
6
79
5
76
3
60
4
24
0
70
4
74
3
87
1
17
2
59
3
53
5
12
6
69
3
49
2
99
3
6
2
84
6
49
3
9
3
59
4
67
3
4
6
83
4
52
2
17
3
83
3
45
5
81
2
39
4
7
6
73
6
49
3
9
3
99
2
49
3
48
2
47
3
89
5
69
2
55
4
69
3
19
3
14
3
49
5
38
3
83
6
28
5
14
3
13
3
45
3
19
3
32
2
76
2
65
3
26
2
3
2
94
3
66
2
69
3
99
6
89
6
89
3
42
2
84
2
66
3
75
3
99
2
73
4
19
5
68
6
98
6
57
2
27
2
59
3
26
5
74
6
25
3
29
4
19
3
82
3
29
2
44
6
9
6
54
2
96
4
69
2
67
3
23
2
33
3
66
2
48
4
6
6
6
5
39
0
59
5
84
5
99
2
79
6
56
4
33
4
44
4
39
4
68
0
29
3
49
3
22
5
42
5
68
4
49
5
47
6
78
2
75
6
23
4
89
3
52
4
79
2
37
5
55
3
23
6
27
5
58
5
28
5
88
2
24
4
46
4
46
4
43
2
56
3
12
4
9
6
33
5
39
3
19
6
39
5
62
2
93
4
79
0
80
3
85
5
59
5
23
4
58
2
88
5
96
2
36
3
39
5
14
3
45
2
44
4
27
3
83
6
56
5
79
5
69
5
22
4
66
2
34
0
90
4
48
2
76
4
27
4
92
4
46
0
20
3
7
4
67
2
86
6
29
5
18
6
14
6
6
6
13
5
9
4
11
4
68
3
49
4
78
3
49
4
92
5
54
0
28
5
13
3
98
2
35
2
55
3
67
3
94
4
63
2
59
3
59
4
54
2
46
5
19
2
9
3
28
1
98
5
78
4
17
6
19
3
84
