2
59
5
66
2
85
4
91
4
56
3
52
3
27
5
89
3
76
2
31
1
8
1
22
3
93
3
13
3
42
4
5
3
87
4
52
3
47
1
97
1
6
3
38
1
7
1
25
4
46
3
74
3
39
5
19
4
31
4
59
2
8
3
36
2
9
5
45
1
98
2
81
3
35
2
78
4
28
2
37
3
23
1
93
5
28
1
73
3
81
2
6
2
78
3
33
2
9
3
73
2
42
4
39
4
97
2
58
2
51
2
6
2
57
3
64
2
75
2
55
1
76
5
55
4
4
2
89
2
54
3
55
1
39
1
67
4
19
2
89
4
78
0
40
4
64
5
35
2
34
5
39
5
55
4
31
0
50
1
13
3
79
2
39
2
52
3
99
1
13
2
63
2
9
5
3
4
19
1
94
2
28
2
35
3
36
3
23
4
76
1
34
4
28
2
9
3
53
4
66
1
56
2
26
3
19
4
18
4
38
1
31
3
54
5
29
2
26
1
46
4
55
2
18
5
36
2
59
5
69
1
86
2
55
1
68
3
87
2
43
3
26
3
92
2
34
3
3
3
78
5
99
3
89
1
15
4
6
5
25
3
39
2
1
1
95
1
13
4
54
4
55
3
81
4
76
2
89
2
44
2
28
5
46
5
94
2
54
4
49
1
45
3
26
4
88
5
39
2
17
1
94
1
29
3
47
1
84
1
31
0
70
4
96
5
33
4
3
1
8
0
40
2
45
5
87
3
85
4
35
3
49
1
9
1
95
2
8
2
26
5
12
1
83
5
29
1
17
2
2
1
95
5
69
3
87
4
49
2
45
1
79
5
3
2
95
4
8
3
14
1
87
4
19
1
69
5
88
5
72
4
94
5
14
1
87
2
74
0
20
4
35
1
59
2
89
3
76
2
29
5
89
1
61
4
58
1
49
3
84
4
19
3
37
3
4
4
3
3
16
1
74
2
9
0
80
4
66
1
51
5
3
2
26
4
59
5
76
1
12
5
94
3
99
1
69
3
56
3
37
1
66
3
79
4
45
2
73
4
67
4
99
1
9
1
48
3
8
1
75
1
72
4
79
1
22
2
19
5
73
1
41
4
39
5
59
5
78
3
97
3
91
4
32
4
31
4
61
5
19
3
92
1
98
5
77
1
46
3
33
5
18
2
84
4
18
4
72
4
87
3
39
2
9
5
95
5
72
3
19
3
49
1
77
1
88
1
84
2
43
1
41
4
62
4
12
5
9
4
33
4
58
3
28
3
75
2
9
2
84
0
80
5
74
4
3
4
99
1
15
2
5
5
56
5
59
1
69
3
17
2
94
3
74
1
52
1
97
3
2
3
47
1
75
3
78
4
95
4
13
3
39
4
63
4
22
3
69
3
12
2
72
2
23
1
15
3
50
3
86
4
5
2
9
5
17
2
98
2
31
5
89
5
97
3
49
1
36
4
66
5
19
1
21
2
77
3
76
1
72
2
92
2
14
4
98
3
93
1
37
1
94
5
73
1
88
1
1
2
68
1
98
3
53
2
9
4
27
2
82
2
94
5
22
0
30
5
45
2
66
1
4
2
27
1
97
4
76
4
73
5
65
5
39
1
1
5
64
5
85
4
79
3
44
1
93
1
69
3
32
2
5
2
6
2
29
3
81
1
91
3
4
1
13
1
18
3
46
2
8
1
7
5
12
1
89
4
72
4
58
2
13
4
28
5
9
3
39
2
48
3
46
1
95
2
41
0
30
5
89
3
76
2
52
5
6
4
52
5
55
3
17
1
39
4
85
1
24
2
79
1
84
5
83
1
14
2
26
5
19
5
89
1
97
4
42
3
45
0
80
1
41
1
54
2
11
4
57
1
41
4
58
4
28
4
55
5
35
3
61
5
73
5
92
4
6
1
12
3
19
3
51
5
69
5
64
3
12
2
13
3
92
2
23
1
23
5
72
3
12
1
46
1
25
4
36
1
72
2
7
1
74
2
51
4
43
3
1
2
74
3
12
1
27
4
13
3
33
4
2
4
78
2
68
4
63
4
35
1
5
3
85
2
69
4
66
1
15
3
75
5
39
3
83
4
91
5
2
0
80
4
62
4
25
2
87
1
8
2
79
1
36
3
69
5
9
1
33
3
13
5
89
3
85
5
88
2
39
5
8
3
98
2
73
4
49
5
73
3
22
5
14
3
29
2
39
4
62
1
6
1
66
0
30
5
42
1
25
1
63
1
17
1
33
2
49
4
69
4
33
1
69
4
58
5
79
2
36
2
28
3
6
4
99
2
43
3
42
5
9
3
43
4
13
1
69
3
77
3
33
5
27
1
99
3
53
2
14
4
91
3
63
3
86
5
76
1
9
4
34
1
23
0
50
3
72
3
23
3
14
2
98
0
0
3
33
1
26
3
15
4
39
2
49
3
69
4
87
5
8
3
27
1
69
3
37
2
49
1
99
5
69
5
79
2
34
4
95
3
59
5
89
5
46
4
88
1
51
5
58
2
84
5
84
4
1
3
52
3
49
2
85
4
24
4
1
2
43
1
37
1
38
1
79
1
14
5
45
4
58
3
31
4
71
4
4
2
62
3
2
3
47
4
42
5
42
4
18
4
68
1
69
4
5
1
29
2
75
3
78
3
22
2
39
1
86
3
24
3
99
1
64
4
6
3
68
1
98
1
48
5
9
4
79
5
87
2
66
3
39
1
78
2
26
1
29
4
73
3
73
0
10
5
92
1
27
3
76
1
49
4
39
5
7
0
0
4
15
1
54
4
61
5
23
4
98
1
73
2
29
1
27
1
72
4
5
3
11
2
38
3
72
4
22
1
97
1
74
3
11
1
82
3
36
4
23
2
73
2
53
5
72
4
38
4
75
3
27
2
37
0
10
1
73
3
89
5
79
1
88
3
2
5
42
4
38
2
48
2
17
4
49
2
82
1
44
4
37
4
38
4
1
2
54
1
8
5
76
4
39
2
23
4
4
1
13
4
55
2
39
4
51
5
34
5
46
4
48
2
88
1
84
3
75
2
9
4
73
5
18
1
24
1
28
1
53
2
61
2
13
1
84
2
95
1
41
4
35
2
15
1
88
5
52
3
2
5
96
2
51
4
68
1
31
1
36
2
64
1
49
1
67
3
59
4
41
1
79
1
76
1
98
5
99
5
63
3
63
3
79
1
49
4
39
3
31
5
98
5
18
1
25
5
85
2
11
5
99
1
77
2
18
4
18
4
63
4
51
1
63
3
96
1
64
1
77
2
56
2
2
5
34
2
79
1
66
4
53
4
42
0
0
3
82
1
29
3
95
1
7
5
75
2
36
3
26
2
34
2
1
2
13
4
51
3
37
5
99
1
36
3
39
4
35
1
15
4
71
4
8
2
77
4
93
1
32
3
84
1
38
1
47
3
54
4
29
3
67
4
34
5
47
3
74
2
43
3
19
3
25
2
6
4
47
5
99
4
66
2
67
3
48
1
8
1
44
4
94
1
55
5
4
2
75
3
69
2
14
2
34
1
49
1
42
2
58
5
93
4
87
2
95
1
22
5
89
5
62
1
92
3
29
3
5
4
76
4
61
2
99
1
18
4
4
4
29
1
23
1
34
1
89
1
94
1
47
1
56
5
96
4
86
5
79
4
75
3
60
3
23
0
70
3
73
2
86
1
16
1
59
3
52
4
11
5
69
2
49
1
99
3
5
1
83
5
48
2
9
2
59
3
66
2
3
5
82
3
51
1
16
2
82
2
44
4
81
1
39
3
6
5
72
5
48
2
8
2
99
1
48
2
47
1
46
2
89
4
69
1
54
3
68
2
18
2
13
2
49
4
37
2
82
5
27
4
13
3
12
2
44
2
18
2
31
1
75
1
64
2
25
1
2
1
93
2
65
1
69
2
99
5
89
5
89
2
41
1
83
1
65
2
74
2
99
1
72
3
19
4
67
5
97
5
56
1
26
1
59
2
25
4
73
5
24
2
29
3
19
2
81
2
28
1
43
5
9
5
53
1
95
3
68
1
66
2
22
1
32
2
65
1
47
3
5
5
6
4
39
0
59
4
83
4
99
1
79
5
55
3
32
3
44
3
38
3
67
0
29
3
48
2
21
4
41
4
67
3
49
4
46
5
77
1
74
5
22
4
89
2
51
3
79
1
36
4
54
2
22
5
26
4
57
4
27
4
88
1
23
3
45
3
45
3
42
1
55
2
11
4
9
5
32
4
39
2
19
5
39
4
61
1
92
3
78
0
80
2
84
4
59
4
22
3
57
1
88
4
95
1
35
2
38
4
13
2
44
1
43
3
26
2
82
5
55
4
79
4
68
4
21
3
66
1
33
0
90
3
47
1
75
3
26
3
91
3
45
0
20
2
8
3
66
1
85
5
29
4
17
5
13
5
5
5
12
4
9
3
11
3
67
2
49
3
77
2
49
3
91
4
53
0
27
4
12
2
97
1
34
1
54
3
66
2
93
3
62
1
58
2
58
3
53
1
45
4
19
1
8
2
28
1
97
4
77
3
17
5
19
2
83
