9
64
9
74
9
94
9
99
9
64
9
64
9
34
9
94
19
94
9
44
9
14
9
34
9
99
19
33
19
62
9
14
9
94
9
64
19
64
9
99
9
14
9
44
9
14
9
34
19
64
19
94
9
44
19
34
9
44
9
64
9
14
9
44
9
14
19
64
9
99
9
94
9
44
19
94
9
34
9
44
9
34
9
99
9
34
19
93
9
94
9
14
19
94
9
44
9
14
19
93
19
62
9
44
9
99
9
64
9
64
9
14
9
64
9
74
19
94
9
64
19
93
9
64
9
14
9
94
9
64
9
64
9
44
9
74
19
34
9
94
19
94
0
40
9
74
9
44
9
44
9
44
9
64
9
44
0
50
19
33
19
94
9
44
9
64
9
99
19
33
9
74
9
14
9
14
19
34
9
99
9
34
9
44
9
44
9
34
19
94
9
44
9
34
9
14
9
64
9
74
9
64
9
34
19
34
19
34
9
44
9
31
9
64
9
34
9
34
19
63
9
64
19
34
9
44
9
64
9
74
9
94
9
64
9
74
9
94
19
63
9
34
9
99
9
44
9
14
19
94
9
99
9
94
19
33
9
14
9
34
9
44
9
14
9
99
19
33
9
64
9
64
9
94
19
94
9
94
19
64
9
34
19
64
9
93
9
64
19
64
19
63
9
34
9
94
9
44
19
34
9
99
9
34
19
64
9
94
9
44
0
70
9
99
9
44
9
14
9
14
0
40
19
64
9
94
9
94
9
44
19
64
9
14
9
99
9
14
9
34
19
32
9
94
9
34
19
33
9
14
9
99
9
74
9
94
19
64
19
64
19
93
9
14
9
99
9
14
19
34
9
94
19
34
9
74
9
94
9
72
9
99
19
34
9
94
19
94
0
20
9
44
9
64
9
94
19
94
9
34
9
94
9
74
9
64
19
63
9
94
19
34
9
44
9
14
9
14
19
34
19
93
9
14
0
80
9
74
9
64
9
14
9
34
9
64
19
94
19
32
9
99
9
99
9
74
9
64
9
44
9
74
19
94
19
64
19
93
9
74
9
99
9
14
19
63
9
14
19
93
19
92
19
94
9
34
19
34
19
93
19
61
9
44
9
64
19
94
9
99
9
99
9
44
9
44
9
74
19
34
9
99
9
99
19
94
19
63
9
44
19
34
9
94
19
34
19
92
9
94
9
44
9
14
9
99
19
92
19
34
19
64
19
93
9
94
9
94
19
63
19
61
9
74
19
32
9
14
9
44
9
64
9
34
19
94
9
14
9
94
0
80
19
94
9
14
9
99
19
33
9
14
9
64
9
64
9
74
19
34
9
99
19
94
9
64
9
99
9
14
19
64
19
93
19
94
9
99
9
13
9
44
9
74
9
34
9
74
19
32
19
92
9
34
19
33
3
50
9
94
9
14
9
14
19
34
9
99
9
31
9
94
9
99
19
64
9
44
9
74
19
34
9
34
2
79
19
94
19
92
9
99
19
34
9
99
9
99
9
44
9
99
19
93
9
94
9
14
9
74
9
99
9
64
9
14
9
34
9
94
9
99
9
34
0
30
19
64
9
74
1
9
9
34
9
99
19
94
19
93
9
74
9
44
9
14
9
74
9
94
19
94
19
64
9
93
9
74
9
44
9
14
9
14
9
34
9
94
1
99
9
14
9
13
19
33
19
64
9
14
9
14
19
32
9
94
19
92
9
64
19
33
9
34
9
14
9
44
19
64
19
64
9
99
19
61
0
30
9
94
19
94
9
64
9
14
4
59
9
64
19
34
9
44
9
94
9
34
19
94
9
94
9
94
19
33
9
34
19
34
9
94
9
99
19
62
19
64
0
80
19
61
9
64
19
31
9
64
19
61
9
64
9
34
9
64
9
44
9
74
19
93
9
99
9
14
19
32
19
34
9
64
9
74
9
74
19
32
19
33
9
99
9
34
9
34
19
92
19
32
19
63
9
34
4
39
19
92
9
14
19
93
9
64
19
63
3
9
19
94
19
32
9
34
19
33
9
44
9
2
19
94
9
74
9
74
9
44
9
14
9
94
9
74
9
74
19
33
8
75
9
44
9
94
9
99
9
14
0
80
9
74
9
34
9
94
9
14
19
94
9
44
9
74
9
14
9
44
9
13
9
94
9
94
9
94
9
44
9
14
9
99
19
93
19
64
19
93
9
34
19
34
9
34
9
44
9
74
9
14
9
66
0
30
19
62
9
34
9
74
19
33
9
33
19
64
9
74
9
44
1
69
9
58
19
94
9
44
9
34
9
14
4
99
19
63
19
62
9
14
19
63
19
33
9
74
19
94
9
44
9
34
9
99
9
64
19
34
9
99
9
74
9
94
19
94
9
14
9
44
1
29
0
50
19
92
9
34
19
34
9
99
0
0
9
44
9
34
19
34
9
44
19
64
9
74
9
94
9
14
9
34
9
74
9
44
19
64
9
99
9
74
19
94
9
44
9
99
9
64
9
94
19
64
9
94
9
64
9
64
9
94
9
94
9
14
9
64
19
64
9
94
9
34
9
1
19
63
9
44
9
44
19
93
19
33
19
64
9
64
9
44
19
91
9
14
9
74
9
14
19
64
19
62
19
62
19
34
9
74
9
74
9
14
9
34
19
94
19
94
9
34
9
44
9
94
3
29
9
99
9
74
9
14
9
74
9
99
19
63
9
14
19
94
9
94
9
74
9
44
19
93
9
34
9
34
19
93
19
93
0
10
9
99
9
34
19
94
19
63
9
44
9
14
0
0
19
34
9
64
9
74
9
34
9
99
19
93
9
34
9
34
19
92
9
14
19
31
9
44
19
92
9
34
9
99
19
93
19
31
9
94
9
44
9
34
19
93
9
64
9
72
9
44
19
94
9
34
9
44
0
10
19
93
9
94
19
94
9
94
9
14
19
62
9
44
19
64
19
34
19
64
9
94
19
63
9
44
9
44
9
1
9
64
9
14
19
94
9
44
9
34
9
14
19
33
9
64
9
44
9
64
9
44
19
64
19
64
9
94
9
94
19
94
9
14
19
93
19
34
9
34
9
34
9
64
9
74
19
33
9
94
9
99
19
61
9
44
19
34
9
94
9
64
9
14
9
99
9
64
4
69
1
39
9
44
9
74
19
63
9
74
9
64
19
61
19
93
1
79
9
99
9
99
9
74
9
74
19
94
19
63
9
44
9
44
9
99
19
34
9
34
9
94
19
31
9
99
19
93
19
34
19
34
9
74
9
64
9
74
9
99
9
74
19
93
9
64
9
14
9
44
19
94
9
74
9
64
19
62
0
0
9
94
9
34
9
99
9
14
19
94
9
44
9
26
9
44
9
14
19
33
9
64
9
44
9
99
9
44
9
44
9
44
19
33
19
91
9
14
19
94
9
99
9
44
9
94
9
44
19
63
9
64
9
34
3
69
9
44
19
64
19
94
19
63
19
34
9
34
9
14
19
64
9
99
9
74
9
74
19
64
9
14
19
63
9
99
9
64
9
14
19
94
9
74
19
34
9
44
19
63
19
62
9
64
9
99
9
94
9
99
9
34
9
94
9
74
9
99
9
34
9
14
19
94
9
74
9
99
19
33
9
14
9
34
9
34
9
44
9
94
9
99
19
63
9
64
9
99
9
94
19
94
19
94
3
60
9
34
0
70
19
93
9
94
1
19
9
64
3
59
19
31
9
74
19
64
9
99
3
9
9
94
19
64
9
14
9
64
9
74
9
14
9
94
9
64
19
33
9
94
19
64
19
81
9
44
9
14
19
92
19
64
9
14
9
99
19
63
19
64
19
63
9
94
9
74
9
64
9
74
19
34
19
33
19
64
9
44
9
94
9
34
19
33
3
19
19
64
19
34
9
44
19
93
9
74
9
34
9
14
9
99
9
74
9
74
9
99
9
94
9
94
19
61
9
94
9
74
19
94
9
99
19
92
19
34
9
74
9
99
9
64
9
34
9
64
9
34
19
93
9
34
9
34
19
34
9
94
9
34
19
63
9
14
9
64
9
99
9
74
9
74
9
34
9
44
9
74
19
63
9
14
9
6
9
44
0
59
9
94
9
99
19
93
9
64
9
44
9
43
9
44
9
74
0
29
3
49
9
34
19
61
9
74
19
64
19
64
19
94
19
93
9
34
4
89
9
64
19
94
9
44
9
64
9
34
9
34
9
64
9
34
9
88
9
34
19
64
19
64
19
62
9
64
19
31
4
9
9
44
9
44
19
34
9
44
9
74
9
99
19
94
0
80
9
94
9
64
9
34
9
64
9
88
9
99
9
44
9
44
19
33
19
64
19
63
9
34
9
94
9
64
19
94
9
74
9
34
9
66
9
44
0
90
19
64
19
93
9
34
9
99
19
64
0
20
9
0
9
74
9
94
9
34
19
34
19
33
9
14
19
32
9
14
9
11
9
74
19
64
19
94
19
64
9
99
9
64
0
29
19
32
9
99
9
44
9
64
3
69
9
99
9
74
9
64
9
64
9
64
19
63
19
34
9
14
9
28
1
99
19
94
9
17
19
34
9
94
