9
63
9
74
9
93
9
99
9
64
9
61
9
34
9
94
12
84
9
40
9
12
9
31
9
99
10
22
9
51
9
14
9
94
9
61
12
54
9
99
9
12
9
44
9
12
9
32
13
55
11
83
9
44
14
26
9
40
9
64
9
13
9
44
9
13
12
54
9
99
9
90
9
44
11
83
9
34
9
43
9
32
9
99
9
34
10
82
9
90
9
13
11
83
9
42
9
13
10
82
9
51
9
44
9
99
9
63
9
60
9
13
9
63
9
73
11
83
9
63
10
82
9
64
9
13
9
93
9
63
9
64
9
42
9
72
13
25
9
93
13
85
0
40
9
73
9
44
9
43
9
44
9
64
9
40
0
50
10
22
12
84
9
43
9
61
9
99
10
22
9
72
9
13
9
12
13
25
9
99
9
33
9
43
9
44
9
32
13
85
9
42
9
34
9
13
9
62
9
74
9
62
9
33
12
24
13
25
9
44
9
31
9
63
9
34
9
33
10
52
9
64
11
23
9
44
9
63
9
74
9
92
9
63
9
72
9
94
10
52
9
34
9
99
9
43
9
12
12
84
9
99
9
94
10
22
9
14
9
34
9
44
9
10
9
99
10
22
9
63
9
64
9
90
13
85
9
93
11
53
9
33
13
55
9
93
9
63
13
55
10
52
9
34
9
94
9
44
11
23
9
99
9
32
12
54
9
92
9
40
0
70
9
99
9
42
9
12
9
12
0
40
11
53
9
94
9
94
9
44
12
54
9
12
9
99
9
13
9
33
9
21
9
92
9
34
10
22
9
11
9
99
9
74
9
94
13
55
11
53
10
82
9
12
9
99
9
14
11
23
9
92
13
25
9
72
9
94
9
72
9
99
11
23
9
92
11
83
0
20
9
44
9
62
9
93
12
84
9
33
9
94
9
70
9
64
10
52
9
93
13
25
9
44
9
13
9
12
12
24
10
82
9
13
0
80
9
74
9
60
9
12
9
33
9
64
13
85
9
21
9
99
9
99
9
72
9
64
9
44
9
72
12
84
12
54
10
82
9
74
9
99
9
12
10
52
9
14
10
82
9
81
13
85
9
31
11
23
10
82
9
50
9
44
9
64
14
86
9
99
9
99
9
41
9
40
9
70
14
26
9
99
9
99
14
86
10
52
9
42
14
26
9
93
13
25
9
81
9
94
9
44
9
13
9
99
9
81
12
24
12
54
10
82
9
92
9
92
10
52
9
50
9
71
9
21
9
14
9
42
9
64
9
34
12
84
9
13
9
93
0
80
11
83
9
12
9
99
10
22
9
13
9
64
9
64
9
72
12
24
9
99
11
83
9
61
9
99
9
11
12
54
10
82
12
84
9
99
9
13
9
44
9
72
9
31
9
74
9
21
9
81
9
32
10
22
3
50
9
94
9
14
9
13
14
26
9
99
9
31
9
94
9
99
12
54
9
42
9
74
14
26
9
30
2
79
12
84
9
81
9
99
11
23
9
99
9
99
9
42
9
99
10
82
9
92
9
10
9
73
9
99
9
62
9
13
9
34
9
91
9
99
9
31
0
30
12
54
9
73
1
9
9
33
9
99
13
85
10
82
9
74
9
44
9
10
9
73
9
94
13
85
11
53
9
93
9
72
9
41
9
13
9
13
9
33
9
90
1
99
9
13
9
13
10
22
12
54
9
13
9
12
9
21
9
92
9
81
9
64
10
22
9
34
9
14
9
44
11
53
12
54
9
99
9
50
0
30
9
94
12
84
9
61
9
14
4
59
9
64
12
24
9
42
9
94
9
32
11
83
9
92
9
92
10
22
9
33
14
26
9
94
9
99
9
51
12
54
0
80
9
50
9
62
9
20
9
64
9
50
9
64
9
34
9
64
9
44
9
70
10
82
9
99
9
14
9
21
12
24
9
60
9
74
9
73
9
21
10
22
9
99
9
32
9
32
9
81
9
21
10
52
9
32
4
39
9
81
9
13
10
82
9
60
10
52
3
9
11
83
9
21
9
32
10
22
9
42
9
2
13
85
9
73
9
72
9
44
9
12
9
94
9
73
9
74
10
22
8
75
9
44
9
92
9
99
9
11
0
80
9
71
9
34
9
93
9
12
11
83
9
42
9
74
9
14
9
42
9
13
9
94
9
94
9
94
9
43
9
14
9
99
10
82
13
55
10
82
9
31
11
23
9
34
9
43
9
71
9
12
9
66
0
30
9
51
9
32
9
72
10
22
9
33
11
53
9
74
9
42
1
69
9
58
14
86
9
43
9
33
9
14
4
99
10
52
9
51
9
14
10
52
10
22
9
72
12
84
9
42
9
34
9
99
9
62
11
23
9
99
9
72
9
94
13
85
9
12
9
43
1
29
0
50
9
81
9
32
11
23
9
99
0
0
9
42
9
32
12
24
9
44
11
53
9
74
9
94
9
14
9
34
9
72
9
44
11
53
9
99
9
74
14
86
9
43
9
99
9
64
9
94
13
55
9
94
9
60
9
64
9
93
9
93
9
10
9
61
12
54
9
93
9
33
9
1
10
52
9
42
9
42
10
82
10
22
12
54
9
64
9
40
9
80
9
13
9
71
9
11
12
54
9
51
9
51
13
25
9
74
9
72
9
14
9
32
11
83
12
84
9
31
9
43
9
92
3
29
9
99
9
72
9
14
9
74
9
99
10
52
9
14
13
85
9
94
9
73
9
44
10
82
9
33
9
32
10
82
10
82
0
10
9
99
9
32
12
84
10
52
9
44
9
14
0
0
12
24
9
62
9
70
9
32
9
99
10
82
9
33
9
32
9
81
9
14
9
20
9
43
9
81
9
31
9
99
10
82
9
20
9
91
9
44
9
32
10
82
9
62
9
72
9
44
12
84
9
34
9
43
0
10
10
82
9
94
14
86
9
92
9
11
9
51
9
44
11
53
11
23
13
55
9
91
10
52
9
44
9
44
9
1
9
63
9
12
13
85
9
44
9
32
9
13
10
22
9
64
9
43
9
60
9
43
13
55
13
55
9
93
9
92
12
84
9
13
10
82
14
26
9
32
9
32
9
62
9
70
10
22
9
92
9
99
9
50
9
44
11
23
9
92
9
61
9
11
9
99
9
60
4
69
1
39
9
42
9
73
10
52
9
72
9
64
9
50
10
82
1
79
9
99
9
99
9
72
9
72
12
84
10
52
9
44
9
40
9
99
14
26
9
32
9
94
9
20
9
99
10
82
11
23
13
25
9
72
9
60
9
72
9
99
9
72
10
82
9
63
9
11
9
43
11
83
9
72
9
62
9
51
0
0
9
91
9
32
9
99
9
12
12
84
9
43
9
26
9
43
9
10
10
22
9
60
9
44
9
99
9
42
9
44
9
44
10
22
9
80
9
14
11
83
9
99
9
41
9
93
9
42
10
52
9
63
9
34
3
69
9
43
14
56
11
83
10
52
12
24
9
34
9
13
13
55
9
99
9
74
9
73
12
54
9
12
10
52
9
99
9
62
9
13
11
83
9
74
11
23
9
43
10
52
9
51
9
63
9
99
9
94
9
99
9
31
9
94
9
71
9
99
9
34
9
14
13
85
9
70
9
99
10
22
9
13
9
34
9
32
9
42
9
92
9
99
10
52
9
62
9
99
9
94
14
86
12
84
3
60
9
32
0
70
10
82
9
93
1
19
9
62
3
59
9
20
9
74
11
53
9
99
3
9
9
92
14
56
9
13
9
63
9
74
9
12
9
91
9
60
10
22
9
91
11
53
13
81
9
42
9
14
9
81
14
56
9
13
9
99
10
52
11
53
10
52
9
93
9
74
9
62
9
74
11
23
10
22
11
53
9
44
9
91
9
34
10
22
3
19
11
53
11
23
9
40
10
82
9
72
9
33
9
11
9
99
9
73
9
72
9
99
9
94
9
94
9
50
9
92
9
72
11
83
9
99
9
81
12
24
9
74
9
99
9
64
9
32
9
62
9
33
10
82
9
33
9
33
12
24
9
90
9
33
10
52
9
14
9
62
9
99
9
74
9
72
9
31
9
41
9
73
10
52
9
14
9
6
9
44
0
59
9
92
9
99
10
82
9
64
9
41
9
43
9
44
9
74
0
29
3
49
9
30
9
50
9
74
12
54
13
55
14
86
10
82
9
31
4
89
9
60
12
84
9
42
9
63
9
31
9
34
9
64
9
34
9
88
9
32
12
54
12
54
9
51
9
62
9
20
4
9
9
41
9
44
11
23
9
44
9
70
9
99
12
84
0
80
9
93
9
64
9
31
9
64
9
88
9
99
9
42
9
43
10
22
11
53
10
52
9
34
9
91
9
64
13
85
9
74
9
30
9
66
9
42
0
90
12
54
10
82
9
34
9
99
12
54
0
20
9
0
9
74
9
92
9
34
13
25
10
22
9
14
9
21
9
14
9
11
9
74
11
53
12
84
11
53
9
99
9
62
0
29
9
21
9
99
9
42
9
62
3
69
9
99
9
71
9
62
9
63
9
62
10
52
13
25
9
12
9
28
1
99
13
85
9
17
14
26
9
92
