6
59
9
70
6
89
8
95
8
60
7
56
7
29
9
91
7
79
6
35
5
9
5
26
7
97
7
17
7
46
8
9
7
89
8
56
7
49
5
99
5
9
7
39
5
9
5
29
8
50
7
78
7
39
9
21
8
35
8
60
6
9
7
39
6
9
9
49
5
99
6
85
7
39
6
79
8
30
6
39
7
27
5
97
9
31
5
77
7
85
6
9
6
79
7
37
6
9
7
77
6
46
8
40
8
99
6
59
6
55
6
9
6
59
7
68
6
79
6
59
5
79
9
59
8
8
6
89
6
58
7
59
5
39
5
69
8
20
6
89
8
80
0
40
8
68
9
39
6
38
9
41
9
59
8
35
0
50
5
17
7
79
6
39
6
56
7
99
5
17
6
67
6
9
9
7
8
20
5
98
6
29
6
39
7
39
7
27
8
80
5
38
8
30
6
9
7
57
8
70
5
59
6
29
7
19
8
20
8
40
5
31
7
58
9
31
6
29
5
49
8
59
6
19
9
40
6
59
9
71
5
89
6
59
5
69
7
89
6
47
7
29
7
96
6
38
7
7
7
79
9
99
7
89
5
19
8
10
9
29
7
39
6
5
5
99
5
17
8
58
8
59
7
85
8
80
6
89
6
48
6
29
9
50
9
93
6
58
8
50
5
49
7
29
8
90
9
41
6
19
5
98
5
29
7
49
5
88
5
35
0
70
8
99
9
37
8
7
5
9
0
40
6
49
9
91
7
89
8
39
7
49
5
9
5
99
6
9
6
29
8
16
5
87
9
31
5
19
6
6
5
99
9
71
7
89
8
50
6
49
5
79
9
7
6
99
8
10
7
18
5
89
8
20
5
69
9
91
9
72
8
98
9
18
5
89
6
78
0
20
8
39
5
59
6
89
7
79
6
29
9
91
5
65
8
60
5
49
7
88
8
20
7
39
7
8
8
7
7
19
5
78
6
9
0
80
8
70
5
55
9
7
6
29
8
60
9
80
5
16
9
98
7
99
5
69
7
59
7
39
5
69
7
79
8
49
6
77
8
70
8
99
5
9
5
49
7
9
5
79
5
76
8
80
5
26
6
19
9
77
5
45
8
40
9
61
9
81
7
99
7
95
8
36
8
35
8
65
9
21
7
96
5
99
9
81
5
49
7
37
9
21
6
88
8
20
8
76
8
90
7
39
6
9
9
99
8
76
7
19
7
49
5
79
5
89
5
88
6
47
5
45
8
66
8
16
9
11
8
37
8
60
7
29
7
79
6
9
6
88
0
80
9
78
8
7
8
99
5
19
6
9
9
60
9
61
5
69
7
19
6
98
7
78
5
56
5
99
7
6
7
49
5
79
7
79
8
99
8
13
7
39
8
67
8
26
7
69
7
16
6
76
6
27
5
19
3
50
7
89
8
9
6
9
9
21
6
99
6
31
9
91
9
99
7
49
5
39
8
70
9
21
5
25
2
79
7
79
5
76
6
96
6
18
8
99
7
97
5
39
5
98
9
77
5
89
5
5
6
69
5
99
7
57
6
9
8
30
6
86
6
98
8
26
0
30
9
49
6
69
1
8
6
29
5
99
8
80
8
77
9
69
9
41
5
5
9
68
9
89
8
80
7
48
5
93
5
69
7
36
6
9
6
9
6
29
7
85
1
95
7
8
5
13
5
19
7
49
6
9
5
9
8
16
5
89
8
76
8
60
6
17
8
30
9
11
7
39
6
49
7
49
5
99
6
45
0
30
9
91
7
79
6
56
9
10
4
56
9
59
7
19
5
39
8
89
5
28
6
79
5
88
9
87
5
18
6
29
9
21
9
91
5
99
8
46
7
49
0
80
5
45
5
58
6
15
8
60
5
45
8
60
8
30
8
59
9
39
7
65
9
77
8
96
8
10
5
16
7
19
7
55
9
71
9
68
7
16
6
17
7
96
6
27
5
27
8
76
7
16
5
49
5
29
4
39
5
76
6
9
5
78
6
55
8
47
3
5
6
78
7
16
5
29
8
17
7
37
8
2
8
80
6
69
8
67
8
39
5
9
7
89
6
69
8
70
5
19
7
75
9
41
7
87
8
95
8
6
0
80
8
66
8
29
6
89
5
9
6
79
5
39
7
69
9
11
5
37
7
13
9
91
7
89
9
91
6
39
9
11
7
99
6
77
8
50
9
77
7
26
9
18
7
29
6
39
8
66
5
9
5
66
0
30
8
46
5
29
5
67
5
19
5
33
6
49
8
70
8
37
1
69
8
58
9
81
6
39
6
29
7
9
4
99
6
47
7
46
9
11
7
47
8
17
5
69
7
79
7
37
9
31
5
99
7
57
6
18
8
95
7
67
7
89
9
80
5
9
8
38
1
27
0
50
7
76
7
27
7
18
6
99
0
0
7
37
5
29
7
19
8
40
6
49
7
69
8
90
9
11
7
29
5
69
7
39
6
49
5
99
9
71
9
81
6
38
8
99
7
59
9
91
9
50
8
90
5
55
9
61
6
88
9
88
8
5
7
56
7
49
6
89
8
28
8
1
6
47
5
39
5
39
5
79
5
18
9
49
8
60
7
35
8
75
8
8
6
66
7
6
7
49
8
46
8
46
8
20
8
70
5
69
8
9
5
29
6
79
7
79
7
26
6
39
5
89
3
28
7
99
5
68
8
10
7
69
5
99
5
49
9
11
8
80
9
91
6
69
7
39
5
79
6
29
5
29
8
77
7
77
0
10
8
96
5
29
7
79
5
49
8
40
9
11
0
0
8
19
5
58
8
65
9
27
8
99
5
77
6
29
5
29
5
76
8
9
7
15
6
39
7
76
8
26
5
99
5
78
7
15
5
86
7
39
8
27
6
77
6
57
9
72
8
40
8
79
7
29
6
39
0
10
5
77
7
89
9
81
5
89
7
6
8
46
8
40
6
49
6
19
8
50
6
86
5
48
8
40
8
40
8
1
6
58
5
9
9
80
8
40
6
27
8
8
5
17
8
59
6
39
8
55
9
38
9
50
8
50
6
89
5
88
7
79
6
9
8
77
9
21
5
28
5
29
5
57
6
65
6
17
5
88
6
99
5
45
8
39
6
19
5
89
8
56
7
6
9
99
6
55
4
69
1
35
5
39
6
68
5
49
5
69
7
59
8
45
5
79
1
79
5
99
9
99
9
67
7
67
7
79
5
49
8
40
7
35
9
99
9
21
5
29
9
89
6
15
9
99
5
79
6
19
8
20
8
67
8
55
5
67
7
99
5
68
5
79
6
59
6
6
9
38
6
79
5
69
8
57
8
46
0
0
7
86
5
29
7
99
5
9
9
79
6
39
7
26
6
38
6
5
6
17
8
55
7
39
9
99
5
39
7
39
8
39
5
19
8
75
8
10
6
79
8
97
5
36
7
88
5
39
5
49
7
58
8
30
3
69
8
38
9
51
7
78
6
47
7
19
7
29
6
9
8
50
9
99
8
70
6
69
7
49
5
9
5
48
8
98
5
59
9
8
6
79
7
69
6
18
6
38
5
49
5
46
6
59
9
97
8
90
6
99
5
26
9
91
8
66
5
96
7
29
7
9
8
80
8
65
6
99
5
19
8
8
8
30
5
27
5
38
5
89
5
98
5
49
5
59
9
99
8
90
9
81
8
79
3
60
7
27
0
70
7
77
6
89
1
19
5
59
3
56
8
15
9
71
6
49
5
99
3
9
5
87
9
51
6
9
6
59
7
69
6
7
8
86
7
55
5
19
6
86
6
48
8
81
5
39
7
9
8
76
9
51
6
9
6
99
5
49
6
49
5
49
6
89
8
70
5
58
7
69
6
19
6
17
6
49
8
40
6
86
9
31
8
17
3
16
6
48
6
19
6
35
5
79
5
68
6
29
5
6
5
97
6
69
5
69
6
99
9
91
9
91
6
45
5
87
5
69
6
78
6
99
5
76
7
19
8
70
9
99
9
60
5
29
5
59
6
29
8
77
9
28
6
29
7
19
6
85
6
29
5
47
9
11
9
57
5
99
7
69
5
69
6
26
5
36
6
69
5
49
7
9
9
6
8
40
0
59
8
87
8
99
5
79
9
59
7
36
7
44
7
39
7
69
0
29
3
49
6
25
8
45
8
70
7
49
8
50
9
81
5
78
8
26
4
89
6
55
7
79
5
39
8
58
6
26
9
30
8
60
8
30
8
88
5
27
7
49
7
49
7
46
5
59
6
15
4
9
8
36
8
40
6
19
9
41
8
65
5
96
7
79
0
80
6
88
8
60
8
26
7
59
5
88
8
99
5
39
6
39
8
17
6
48
5
47
7
29
6
86
9
59
8
80
8
70
8
25
7
66
5
37
0
90
7
49
5
79
7
29
7
95
7
49
0
20
6
4
7
69
5
89
9
31
8
20
9
17
9
9
8
16
8
10
7
11
7
69
6
49
7
79
6
49
7
95
8
57
0
29
8
16
6
99
5
38
5
58
3
69
6
97
7
66
5
59
6
59
7
57
5
49
8
20
5
9
6
28
1
99
8
80
7
17
9
21
6
87
