9
45
0
73
4
41
1
51
1
82
8
20
9
48
3
71
0
88
4
47
1
1
3
91
12
24
9
72
4
77
1
9
1
79
9
87
2
82
2
68
0
0
9
76
2
84
1
85
2
1
1
54
0
18
0
80
1
51
9
85
1
14
1
79
9
48
0
29
2
1
1
15
1
1
1
82
1
73
1
39
2
69
8
25
1
59
4
21
1
92
2
18
4
92
11
53
4
81
8
30
3
18
9
75
1
89
1
2
0
81
1
16
1
82
1
14
1
62
9
73
0
30
0
97
1
39
3
51
0
53
1
81
2
59
9
69
9
51
9
92
1
96
0
19
3
10
0
51
4
19
4
52
1
31
9
9
1
4
0
54
1
39
2
1
4
85
2
31
0
18
1
69
9
61
8
91
9
86
4
23
3
98
9
18
9
32
0
83
0
87
1
79
1
91
2
50
1
51
4
11
4
77
2
21
1
99
9
99
1
15
1
31
1
94
4
55
3
0
0
97
1
31
1
6
1
45
4
26
3
41
9
95
8
60
1
69
1
71
9
74
3
97
1
78
9
26
1
53
1
40
9
27
9
89
0
93
9
71
8
21
1
48
0
47
1
71
1
78
4
51
1
35
0
58
1
69
3
79
9
99
1
39
1
81
1
12
3
61
1
31
4
98
1
69
8
0
1
61
9
0
1
47
0
80
1
11
0
10
1
41
1
99
11
52
0
36
9
96
9
11
3
19
1
41
2
39
1
19
4
15
2
79
2
23
4
20
8
50
9
79
0
59
8
40
2
29
0
87
3
61
0
57
9
19
1
91
3
8
3
88
1
99
4
91
2
83
1
77
9
49
9
68
2
11
3
51
4
32
8
28
1
2
9
92
2
7
9
26
2
59
9
98
1
8
1
86
3
69
9
24
1
1
9
27
1
71
0
87
9
48
9
96
1
15
0
38
3
56
1
31
0
84
2
67
0
22
1
61
9
94
0
72
2
59
1
15
0
25
12
24
3
64
1
46
0
27
1
79
4
97
8
77
0
57
9
12
1
72
9
86
1
61
8
80
4
69
2
51
8
53
1
43
2
61
2
31
2
23
9
42
4
34
1
8
1
51
1
69
9
88
4
96
1
81
2
11
0
77
9
86
3
0
3
52
9
45
0
3
3
0
1
49
4
69
4
24
9
44
9
5
11
22
4
69
1
49
3
68
4
92
1
89
3
44
1
21
3
14
4
41
2
71
2
27
1
71
2
40
2
39
3
84
9
26
3
58
1
19
2
69
1
11
9
89
1
81
4
0
1
2
3
71
1
91
9
8
1
69
3
49
0
80
1
33
8
92
9
39
1
64
2
26
1
89
2
23
4
1
4
28
1
1
0
87
1
96
2
87
4
69
0
76
8
99
1
11
9
18
8
91
3
65
1
9
1
71
9
92
4
87
1
82
1
9
2
5
3
19
3
39
1
79
1
68
1
23
2
5
1
39
9
27
0
77
2
23
1
19
9
64
2
28
4
1
9
60
8
79
4
51
1
42
1
67
1
38
9
30
9
6
9
51
1
19
9
36
0
93
9
41
0
33
0
37
2
14
1
92
1
49
1
98
1
19
3
78
1
93
0
33
1
41
1
71
3
38
2
59
0
70
2
8
3
41
1
80
2
67
4
26
3
51
1
89
1
50
9
73
3
56
2
95
1
48
1
84
9
12
3
47
0
37
8
60
4
49
4
59
0
48
1
81
1
8
9
69
0
85
9
0
0
57
9
11
1
31
3
41
1
69
3
8
1
91
3
96
2
58
9
61
9
76
1
96
1
21
4
64
1
32
9
31
9
1
1
28
4
68
9
99
9
31
0
64
0
75
1
79
0
84
2
67
0
8
9
28
8
92
0
27
1
71
2
18
3
1
2
59
2
21
1
15
0
82
1
81
9
1
3
11
1
51
9
7
2
28
9
20
3
68
0
89
3
3
2
92
4
33
3
19
3
71
3
51
9
83
11
83
1
98
9
16
0
17
1
88
1
21
3
19
1
21
0
29
9
79
8
57
1
99
3
49
1
62
0
50
0
80
0
99
8
87
1
1
0
60
1
41
1
52
1
67
1
38
0
77
1
48
0
10
4
62
4
2
9
91
0
80
9
88
3
69
8
10
1
38
2
41
0
20
1
69
2
61
2
29
3
88
1
66
1
71
9
32
1
22
1
9
4
3
9
0
1
71
4
29
1
26
8
40
1
66
9
81
8
31
0
42
4
12
8
50
3
81
3
21
1
24
0
52
2
79
0
78
2
64
1
99
4
11
1
1
3
99
4
80
0
59
1
99
2
48
1
25
1
9
4
30
1
79
0
46
0
29
0
70
3
63
1
1
3
15
2
91
1
6
1
51
1
16
8
9
3
61
3
12
1
79
0
95
1
21
1
69
1
51
9
17
1
72
0
18
7
48
0
68
9
0
1
49
9
6
0
58
1
4
1
21
0
58
1
1
1
88
3
31
9
88
1
87
4
79
9
88
9
70
9
29
9
47
1
31
2
39
9
11
0
53
3
74
8
73
3
79
2
97
1
49
9
0
1
1
3
48
1
69
2
11
9
91
1
51
4
41
0
61
9
63
0
87
4
52
9
68
1
21
4
81
2
59
9
85
11
81
9
36
9
35
9
0
1
47
1
11
4
11
1
96
1
11
1
99
1
39
1
89
9
50
1
7
1
41
1
21
2
19
11
21
2
38
4
4
3
21
4
68
4
91
1
51
0
34
9
89
11
81
1
41
3
19
1
12
1
27
0
59
1
27
0
11
4
2
1
91
1
80
1
45
1
19
1
36
9
91
9
79
4
50
1
69
2
59
1
97
9
73
0
93
1
1
0
59
9
18
2
71
1
99
4
81
1
49
2
59
2
43
0
87
1
70
1
86
1
1
9
1
2
59
1
80
0
58
9
14
1
37
1
11
9
89
0
28
0
29
0
59
2
14
3
36
10
52
1
88
9
10
4
40
9
50
9
85
1
81
2
39
1
79
1
81
9
42
0
89
9
12
2
60
1
86
9
79
1
91
1
58
3
8
1
51
1
71
0
27
1
84
0
75
9
47
1
66
9
12
1
59
1
67
4
61
1
64
3
59
1
78
9
9
4
17
3
90
4
29
1
51
1
32
4
97
1
79
0
58
1
9
1
55
1
79
9
38
3
96
4
4
0
80
0
87
3
19
9
93
9
62
1
1
3
43
9
45
1
79
2
80
3
36
1
78
1
31
9
12
9
67
3
1
9
27
1
61
9
85
9
25
8
90
1
99
1
46
1
44
0
34
3
38
8
20
9
82
0
91
1
19
1
26
1
54
4
48
2
42
3
29
4
41
4
69
1
61
9
17
8
14
0
78
1
18
3
21
3
34
1
13
8
18
4
19
2
51
8
20
8
11
3
10
1
11
1
99
2
1
9
59
1
8
1
39
4
33
1
69
2
29
9
42
1
40
0
59
4
64
0
24
9
75
9
79
0
25
9
99
0
23
9
61
4
79
1
91
3
17
3
53
2
33
1
91
1
41
1
9
9
29
9
50
4
84
1
21
1
36
0
4
2
43
1
1
8
70
8
50
1
13
4
52
2
19
0
29
1
19
4
71
1
21
1
46
9
14
0
57
3
39
0
70
1
39
0
65
1
21
2
11
1
49
9
11
2
17
1
47
1
21
4
99
1
72
4
35
9
87
1
38
10
22
1
52
9
32
8
60
3
58
4
72
3
81
0
58
3
30
4
49
1
92
1
35
12
81
0
29
9
11
3
68
1
32
0
24
3
69
8
80
9
69
10
52
9
64
9
5
1
11
1
91
4
79
1
38
2
49
2
42
1
39
1
68
1
19
9
15
3
19
4
39
9
61
1
9
3
99
1
31
9
63
9
95
2
19
4
20
1
42
2
96
9
31
1
69
3
35
8
58
3
16
4
41
3
70
2
68
4
63
2
71
9
78
4
59
1
39
2
41
2
73
3
46
3
95
3
74
0
90
1
93
0
13
4
62
3
31
9
70
1
97
4
59
1
67
1
3
4
19
3
0
1
61
3
53
1
21
0
55
9
44
2
22
3
69
1
91
0
13
1
32
4
50
3
11
1
38
0
72
4
75
0
93
1
51
3
59
8
60
9
9
1
79
8
0
9
76
2
47
1
22
9
78
0
57
0
90
8
17
8
9
3
73
1
86
9
63
1
71
8
0
1
69
1
18
3
61
2
32
9
99
8
51
0
60
1
92
9
25
9
91
8
10
1
61
1
51
10
52
9
74
1
99
1
99
8
3
0
53
0
8
9
71
1
69
2
18
2
15
1
61
3
9
1
26
9
61
1
81
0
82
0
2
9
61
2
19
1
34
2
18
1
1
3
95
4
49
9
46
1
99
3
38
0
4
1
33
1
49
1
18
1
19
1
61
9
95
9
34
3
71
1
41
3
71
0
71
1
6
0
50
8
20
1
68
2
69
1
39
0
76
1
98
1
56
2
9
4
81
8
84
2
19
1
2
4
32
1
62
0
57
9
25
