8
45
0
73
4
41
1
51
1
82
6
21
8
48
3
73
0
88
4
47
1
1
3
91
10
22
7
72
4
77
1
9
1
79
9
89
2
82
2
68
0
0
9
76
2
84
1
85
2
1
1
54
0
18
0
80
1
51
7
85
1
14
1
79
9
48
0
29
2
1
1
15
1
1
1
82
1
73
1
39
2
69
6
25
1
59
4
21
1
92
2
18
4
92
9
51
4
81
6
31
3
18
7
75
1
89
1
4
0
81
1
16
1
82
1
14
1
62
9
73
0
30
0
97
1
39
3
51
0
53
1
81
2
59
7
69
7
49
8
90
1
96
0
19
3
10
0
51
4
19
4
52
1
31
9
11
1
4
0
54
1
39
2
1
4
85
2
33
0
18
1
69
7
63
6
91
9
86
4
23
3
98
9
18
9
32
0
83
0
87
1
79
1
91
2
50
1
51
4
11
4
77
2
21
1
99
9
98
1
15
1
31
1
94
4
55
3
0
0
97
1
31
1
6
1
45
4
26
3
41
8
95
6
61
1
69
1
71
8
74
3
97
1
76
9
26
1
53
1
40
9
29
7
91
0
93
8
71
6
21
1
48
0
47
1
73
1
78
4
51
1
35
0
58
1
69
3
77
8
97
1
39
1
81
1
12
3
62
1
33
4
98
1
69
6
1
1
61
9
1
1
47
0
80
1
11
0
10
1
41
1
99
9
52
0
36
8
96
9
9
3
19
1
41
2
38
1
19
4
15
2
79
2
23
4
20
6
51
7
81
0
59
6
39
2
29
0
87
3
61
0
57
7
17
1
91
3
8
3
86
1
99
4
91
2
83
1
77
9
49
8
70
2
11
3
51
4
34
6
28
1
2
7
92
2
7
7
26
2
59
7
98
1
8
1
86
3
67
9
24
1
1
7
27
1
71
0
87
8
48
9
96
1
15
0
38
3
56
1
31
0
84
2
67
0
22
1
61
9
94
0
72
2
59
1
15
0
25
10
22
3
64
1
46
0
27
1
79
4
97
6
77
0
57
8
14
1
72
7
86
1
61
6
79
4
69
2
51
6
53
1
43
2
63
2
31
2
23
8
40
4
34
1
6
1
51
1
69
8
88
4
96
1
81
2
11
0
77
8
86
3
0
3
52
8
45
0
3
3
0
1
49
4
69
4
24
8
44
9
5
9
22
4
69
1
48
3
66
4
92
1
88
3
44
1
21
3
14
4
41
2
71
2
27
1
71
2
40
2
39
3
84
7
26
3
58
1
17
2
69
1
11
9
89
1
81
4
0
1
4
3
73
1
91
9
8
1
69
3
49
0
80
1
33
6
92
7
41
1
64
2
26
1
89
2
23
4
1
4
28
1
1
0
87
1
96
2
87
4
69
0
76
6
99
1
11
7
18
6
91
3
65
1
9
1
73
8
90
4
87
1
82
1
9
2
5
3
19
3
37
1
79
1
68
1
23
2
5
1
39
9
29
0
77
2
23
1
19
9
64
2
28
4
2
7
62
6
79
4
53
1
44
1
67
1
38
8
32
8
6
9
49
1
19
8
36
0
93
7
41
0
33
0
37
2
14
1
92
1
49
1
98
1
19
3
78
1
93
0
33
1
42
1
71
3
36
2
59
0
70
2
8
3
41
1
80
2
67
4
26
3
51
1
89
1
50
9
71
3
56
2
95
1
48
1
84
8
12
3
47
0
37
6
59
4
49
4
59
0
48
1
81
1
8
7
69
0
85
7
1
0
57
9
11
1
31
3
41
1
69
3
8
1
91
3
96
2
56
7
59
7
76
1
96
1
21
4
64
1
32
9
33
7
1
1
28
4
68
9
98
9
29
0
64
0
75
1
79
0
84
2
67
0
8
8
30
6
92
0
27
1
71
2
18
3
1
2
59
2
23
1
15
0
82
1
81
9
1
3
11
1
51
9
9
2
28
7
22
3
68
0
89
3
3
2
92
4
33
3
19
3
71
3
51
7
83
9
81
1
98
9
18
0
17
1
88
1
21
3
19
1
21
0
29
7
81
6
57
1
99
3
49
1
64
0
50
0
80
0
99
6
87
1
2
0
60
1
41
1
52
1
67
1
38
0
77
1
48
0
10
4
62
4
4
7
89
0
80
7
86
3
69
6
11
1
38
2
41
0
20
1
69
2
61
2
27
3
86
1
66
1
71
9
32
1
22
1
9
4
3
9
1
1
71
4
29
1
26
6
39
1
66
9
79
6
33
0
42
4
12
6
51
3
81
3
21
1
24
0
52
2
79
0
78
2
64
1
97
4
11
1
1
3
99
4
80
0
59
1
99
2
48
1
25
1
9
4
30
1
79
0
46
0
29
0
70
3
63
1
1
3
15
2
91
1
6
1
51
1
16
6
7
3
61
3
14
1
79
0
95
1
21
1
69
1
51
9
17
1
72
0
18
5
48
0
68
8
0
1
49
9
6
0
58
1
4
1
22
0
58
1
1
1
86
3
31
7
88
1
87
4
79
8
90
7
68
7
31
9
47
1
33
2
37
8
11
0
53
3
74
6
73
3
79
2
97
1
49
9
0
1
1
3
48
1
69
2
11
7
89
1
51
4
41
0
61
9
61
0
87
4
52
9
68
1
21
4
81
2
59
9
85
9
81
9
38
7
35
7
1
1
47
1
11
4
12
1
96
1
11
1
98
1
39
1
88
9
48
1
7
1
43
1
21
2
19
9
21
2
38
4
4
3
21
4
68
4
91
1
51
0
34
8
87
9
81
1
41
3
19
1
14
1
27
0
59
1
27
0
11
4
2
1
91
1
80
1
45
1
17
1
36
9
91
7
81
4
50
1
69
2
59
1
97
9
71
0
93
1
1
0
59
9
20
2
71
1
99
4
81
1
47
2
59
2
43
0
87
1
70
1
86
1
1
9
1
2
59
1
80
0
58
7
14
1
37
1
12
8
89
0
28
0
29
0
59
2
14
3
36
8
53
1
88
7
8
4
40
9
48
9
85
1
81
2
39
1
77
1
81
7
44
0
89
9
10
2
60
1
86
8
81
1
92
1
58
3
8
1
51
1
71
0
27
1
84
0
75
7
47
1
66
9
12
1
57
1
67
4
61
1
64
3
59
1
78
9
11
4
17
3
90
4
29
1
51
1
32
4
97
1
79
0
58
1
9
1
55
1
79
8
38
3
96
4
4
0
80
0
87
3
19
9
91
8
62
1
1
3
43
8
45
1
79
2
80
3
36
1
78
1
31
8
10
8
67
3
1
9
29
1
61
8
85
9
25
6
91
1
99
1
46
1
44
0
34
3
38
6
21
7
82
0
91
1
19
1
26
1
54
4
48
2
42
3
27
4
41
4
69
1
61
7
17
6
14
0
78
1
18
3
21
3
34
1
13
6
18
4
19
2
51
6
22
6
13
3
10
1
11
1
99
2
1
8
57
1
8
1
39
4
33
1
69
2
29
8
40
1
40
0
59
4
64
0
24
9
75
8
79
0
25
8
99
0
23
7
59
4
79
1
91
3
17
3
53
2
33
1
91
1
41
1
7
9
31
9
48
4
84
1
21
1
36
0
4
2
43
1
1
6
71
6
48
1
13
4
54
2
19
0
29
1
19
4
71
1
21
1
46
9
14
0
57
3
38
0
70
1
39
0
65
1
21
2
11
1
49
8
11
2
17
1
47
1
21
4
97
1
72
4
35
7
87
1
38
8
24
1
52
8
30
6
59
3
58
4
72
3
81
0
58
3
30
4
48
1
92
1
35
10
81
0
29
7
9
3
66
1
32
0
24
3
69
6
81
7
69
8
50
9
64
7
5
1
11
1
93
4
79
1
38
2
49
2
42
1
39
1
68
1
19
9
15
3
18
4
39
8
63
1
9
3
99
1
31
9
63
9
95
2
18
4
20
1
42
2
96
9
31
1
69
3
35
6
58
3
16
4
41
3
70
2
68
4
63
2
72
9
78
4
57
1
38
2
41
2
73
3
46
3
95
3
74
0
90
1
93
0
13
4
62
3
31
9
68
1
97
4
59
1
67
1
3
4
19
3
0
1
61
3
53
1
21
0
55
8
44
2
24
3
69
1
92
0
13
1
32
4
50
3
11
1
38
0
72
4
75
0
93
1
51
3
59
6
59
7
11
1
78
6
1
8
76
2
47
1
22
9
78
0
57
0
90
6
17
6
9
3
73
1
86
7
63
1
71
6
1
1
69
1
16
3
61
2
34
7
99
6
51
0
60
1
92
8
25
9
91
6
12
1
61
1
51
9
50
9
74
1
99
1
99
6
3
0
53
0
8
7
71
1
69
2
18
2
15
1
62
3
9
1
26
9
61
1
81
0
82
0
2
8
59
2
19
1
34
2
18
1
1
3
95
4
47
9
48
1
98
3
38
0
4
1
33
1
49
1
18
1
19
1
61
8
95
9
32
3
73
1
41
3
71
0
71
1
6
0
50
6
21
1
68
2
69
1
39
0
76
1
98
1
56
2
9
4
81
6
84
2
19
1
2
4
32
1
64
0
57
8
25
