3
45
0
73
4
42
2
54
1
82
1
26
3
48
3
78
2
88
4
47
1
1
3
91
5
18
2
72
4
77
1
5
1
75
4
94
2
82
2
68
0
0
5
76
2
84
1
85
2
4
3
54
0
18
0
80
3
51
2
85
1
14
1
79
5
48
2
26
2
2
1
15
3
5
1
82
1
73
1
37
2
69
1
25
1
57
4
26
1
92
2
18
4
92
4
49
4
81
1
32
3
18
2
75
1
87
1
9
0
81
1
16
1
82
3
14
1
62
4
73
0
30
0
97
1
36
3
51
0
53
1
81
2
56
2
69
2
48
3
85
2
96
0
19
3
10
0
51
4
16
4
52
1
31
4
16
2
4
0
54
1
39
2
6
4
85
2
38
0
18
3
69
2
68
1
91
4
86
4
23
3
98
4
18
4
32
0
83
0
89
1
76
2
93
2
50
1
51
4
14
4
77
2
21
1
95
5
93
1
15
1
36
2
94
4
55
3
0
0
97
3
31
1
6
1
45
4
26
3
41
3
95
1
63
1
65
1
71
3
74
3
97
2
71
4
26
1
53
1
40
4
34
2
92
0
93
3
71
1
21
1
48
0
47
1
78
2
78
4
55
3
35
0
58
2
69
3
72
3
92
2
38
2
81
1
12
3
67
3
38
4
98
3
67
1
1
1
63
5
6
1
47
0
80
1
16
0
10
1
46
2
95
4
52
0
36
3
96
5
4
3
19
3
41
2
33
2
19
4
15
2
75
2
23
4
20
1
52
2
83
2
58
1
35
2
28
0
87
3
64
0
57
2
12
1
91
3
8
3
81
3
99
4
93
2
83
1
77
4
49
3
73
2
15
3
53
4
39
1
28
1
2
2
92
2
7
2
26
2
56
2
98
2
8
1
86
3
62
5
24
2
5
2
27
1
73
1
87
3
48
4
96
1
15
0
38
3
56
3
32
0
84
2
67
0
22
3
61
5
94
0
72
2
56
1
15
0
25
5
19
3
64
2
46
0
29
2
79
4
97
1
77
3
57
3
19
1
72
2
86
3
62
1
79
4
67
2
51
1
53
1
43
2
68
2
31
2
23
3
37
4
34
1
1
2
54
1
69
3
88
4
96
1
81
2
11
0
77
3
86
3
0
3
52
3
45
0
3
3
0
1
46
4
67
4
24
3
44
4
5
4
22
4
69
3
43
3
61
4
92
1
83
3
44
1
25
3
14
4
45
2
75
2
27
1
75
2
40
2
37
3
84
2
26
3
58
1
12
2
68
1
11
5
89
1
81
4
0
1
9
3
78
3
91
5
8
1
67
3
44
0
80
3
33
1
92
2
41
1
64
2
26
1
89
2
23
4
1
4
27
1
1
1
87
1
96
2
87
4
66
0
76
1
99
1
11
2
18
1
91
3
65
1
9
1
78
3
87
4
87
1
82
1
9
2
5
3
19
3
32
2
79
1
68
1
23
2
5
3
37
4
31
0
77
2
23
2
19
5
64
2
28
4
7
2
67
1
79
4
58
3
49
1
67
1
38
3
37
3
6
4
44
3
17
3
36
0
93
2
41
0
33
0
37
2
14
1
92
2
47
1
98
1
17
3
78
1
93
0
33
1
47
3
73
3
31
2
59
0
70
2
8
3
41
1
80
2
67
4
26
3
56
1
87
1
50
4
67
3
56
2
95
1
48
1
84
3
12
3
47
0
37
1
56
4
44
4
58
0
48
1
84
1
8
2
69
0
85
2
6
0
57
4
11
1
33
3
44
1
64
3
8
3
93
3
96
2
51
2
54
2
76
1
96
3
21
4
64
1
32
4
38
2
1
1
28
4
68
4
93
4
24
0
64
0
75
1
77
0
84
2
67
0
8
3
31
1
92
0
27
3
72
2
18
3
1
2
54
2
28
1
15
0
82
3
81
5
1
3
15
1
55
4
12
2
28
2
27
3
68
0
87
3
3
2
92
4
33
3
18
3
73
3
54
2
83
5
76
1
98
5
21
0
17
1
88
1
21
3
15
1
21
2
25
2
86
1
57
1
94
3
49
1
69
0
50
0
80
0
99
1
87
1
7
0
60
2
45
1
52
1
67
1
38
0
77
1
48
0
10
4
62
4
9
2
88
0
80
2
81
3
67
1
13
1
38
2
46
0
20
1
69
2
64
2
22
3
81
1
66
2
71
5
32
3
22
1
9
4
3
5
6
1
71
4
25
2
26
1
39
1
66
4
74
1
38
0
42
4
12
1
52
3
85
3
23
1
24
0
52
2
78
0
78
2
64
2
92
4
12
3
1
3
98
4
80
0
58
1
97
2
48
1
25
2
7
4
30
1
77
0
46
2
29
0
70
3
63
2
1
3
15
2
91
1
6
1
53
1
16
1
2
3
61
3
19
1
75
0
95
1
24
1
68
1
51
5
17
1
72
0
18
0
47
0
68
3
5
1
47
4
6
1
58
2
4
2
27
2
58
3
1
1
81
3
32
2
88
1
87
4
74
3
92
2
63
2
32
5
47
1
38
2
32
3
11
0
53
3
74
1
73
3
78
2
97
1
45
4
5
3
1
3
48
1
67
2
11
2
84
1
53
4
46
0
61
4
59
0
87
4
52
4
68
1
22
4
82
2
55
4
85
4
81
5
41
2
35
2
2
1
47
1
11
4
17
1
96
1
11
2
93
3
39
1
83
4
43
1
7
1
48
1
21
2
15
4
26
2
38
4
4
3
21
4
68
4
96
1
51
0
34
3
82
4
81
2
41
3
19
1
19
1
27
1
54
1
27
0
11
4
2
3
91
1
80
1
45
2
12
1
36
5
91
2
82
4
50
1
65
2
57
1
97
4
67
0
93
2
1
0
57
4
25
2
71
1
99
4
86
1
42
2
56
2
43
0
87
1
70
2
86
1
3
5
1
2
58
1
80
0
59
2
14
3
37
1
17
3
89
0
29
3
26
3
54
2
14
3
36
3
53
1
88
2
3
4
40
5
43
5
85
1
84
2
34
1
72
1
81
2
49
1
84
4
5
2
60
1
86
3
86
3
97
1
58
3
8
1
51
1
71
0
27
3
84
0
75
2
47
1
66
5
12
1
52
2
67
4
61
1
64
3
59
2
78
5
16
4
17
3
90
4
27
2
52
1
32
4
97
1
77
1
58
3
9
1
55
1
74
3
38
3
96
4
4
0
80
3
89
3
19
4
88
3
62
1
1
3
43
3
45
1
78
2
80
3
36
1
78
1
31
3
6
3
67
3
2
4
31
1
61
3
85
4
25
1
95
1
99
3
46
1
44
0
34
3
38
1
21
2
82
0
91
1
15
1
26
1
54
4
48
2
42
3
22
4
41
4
64
1
61
2
17
1
14
0
78
1
18
3
25
3
34
1
13
1
18
4
17
2
55
1
27
1
18
3
10
1
11
1
96
2
1
3
52
1
8
1
39
4
33
2
68
2
25
3
37
1
40
0
59
4
64
0
24
4
75
3
79
0
25
3
99
0
23
2
59
4
79
1
91
3
17
3
53
2
33
3
91
1
41
1
2
5
36
5
43
4
84
1
21
1
36
0
4
2
43
1
5
1
74
1
43
1
13
4
59
2
19
3
29
1
19
4
71
1
21
1
46
4
14
3
59
3
33
0
70
2
34
0
65
2
21
2
13
1
49
3
11
2
17
1
47
1
21
4
92
1
72
4
35
2
87
1
38
3
29
1
52
3
27
1
55
3
58
4
72
3
86
0
59
3
30
4
43
1
92
3
35
5
85
0
29
2
4
3
61
3
32
0
24
3
65
1
84
2
69
3
47
4
64
2
5
3
13
1
98
4
75
3
38
2
45
2
42
3
34
1
68
1
19
5
15
3
13
4
39
3
68
1
5
3
95
1
31
5
63
5
95
2
13
4
20
2
42
2
96
4
31
2
69
3
35
1
58
3
16
4
41
3
70
2
68
4
63
2
77
5
78
4
52
1
33
2
41
2
73
3
46
3
95
3
74
0
90
1
93
0
13
4
62
3
32
4
63
1
97
4
56
3
67
1
3
4
19
3
0
1
61
3
53
3
21
0
55
3
44
2
29
3
69
1
97
0
13
1
32
4
50
3
11
1
38
0
72
4
75
0
93
1
53
3
59
1
57
2
14
3
78
1
1
3
76
2
47
2
22
5
78
2
59
0
90
1
17
1
9
3
73
1
86
2
63
2
71
1
4
1
69
1
11
3
66
2
39
2
99
1
51
0
60
1
92
3
25
4
91
1
17
1
61
1
51
5
45
4
74
1
97
1
99
1
3
0
53
0
8
2
71
1
69
2
18
2
15
1
67
3
9
1
26
4
61
1
84
0
82
0
2
3
54
2
19
1
34
2
18
1
2
3
95
4
42
5
52
2
93
3
38
0
4
1
33
1
45
1
18
1
16
1
61
3
95
5
29
3
78
1
42
3
71
0
71
1
6
0
50
1
22
1
68
2
69
1
34
0
76
3
98
1
56
2
5
4
83
1
84
2
19
3
2
4
32
4
69
1
59
3
25
