7
45
0
73
4
41
1
51
1
82
5
22
7
48
3
74
0
88
4
47
1
1
3
91
9
21
6
72
4
77
1
9
1
79
8
90
2
82
2
68
0
0
9
76
2
84
1
85
2
1
1
54
0
18
0
80
1
51
6
85
1
14
1
79
9
48
0
29
2
1
1
15
1
1
1
82
1
73
1
39
2
69
5
25
1
59
4
22
1
92
2
18
4
92
8
50
4
81
5
31
3
18
6
75
1
89
1
5
0
81
1
16
1
82
1
14
1
62
8
73
0
30
0
97
1
39
3
51
0
53
1
81
2
59
6
69
6
49
7
89
1
96
0
19
3
10
0
51
4
19
4
52
1
31
8
12
1
4
0
54
1
39
2
2
4
85
2
34
0
18
1
69
6
64
5
91
8
86
4
23
3
98
8
18
8
32
0
83
0
87
1
79
1
91
2
50
1
51
4
11
4
77
2
21
1
99
9
97
1
15
1
32
1
94
4
55
3
0
0
97
1
31
1
6
1
45
4
26
3
41
7
95
5
61
1
69
1
71
7
74
3
97
1
75
8
26
1
53
1
40
8
30
6
91
0
93
7
71
5
21
1
48
0
47
1
74
1
78
4
51
1
35
0
58
1
69
3
76
7
96
1
39
1
81
1
12
3
63
1
34
4
98
1
69
5
1
1
61
9
2
1
47
0
80
1
12
0
10
1
42
1
99
8
52
0
36
7
96
9
8
3
19
1
41
2
37
1
19
4
15
2
79
2
23
4
20
5
51
6
81
0
59
5
39
2
29
0
87
3
61
0
57
6
16
1
91
3
8
3
85
1
99
4
91
2
83
1
77
8
49
7
71
2
11
3
51
4
35
5
28
1
2
6
92
2
7
6
26
2
59
6
98
1
8
1
86
3
66
9
24
1
1
6
27
1
71
0
87
7
48
8
96
1
15
0
38
3
56
1
31
0
84
2
67
0
22
1
61
9
94
0
72
2
59
1
15
0
25
9
21
3
64
1
46
0
27
1
79
4
97
5
77
0
57
7
15
1
72
6
86
1
61
5
79
4
69
2
51
5
53
1
43
2
64
2
31
2
23
7
39
4
34
1
5
1
51
1
69
7
88
4
96
1
81
2
11
0
77
7
86
3
0
3
52
7
45
0
3
3
0
1
49
4
69
4
24
7
44
8
5
8
22
4
69
1
47
3
65
4
92
1
87
3
44
1
21
3
14
4
41
2
71
2
27
1
71
2
40
2
39
3
84
6
26
3
58
1
16
2
69
1
11
9
89
1
81
4
0
1
5
3
74
1
91
9
8
1
69
3
48
0
80
1
33
5
92
6
41
1
64
2
26
1
89
2
23
4
1
4
29
1
1
0
87
1
96
2
87
4
69
0
76
5
99
1
11
6
18
5
91
3
65
1
9
1
74
7
89
4
87
1
82
1
9
2
5
3
19
3
36
1
79
1
68
1
23
2
5
1
39
8
30
0
77
2
23
1
19
9
64
2
28
4
3
6
63
5
79
4
54
1
45
1
67
1
38
7
33
7
6
8
48
1
19
7
36
0
93
6
41
0
33
0
37
2
14
1
92
1
49
1
98
1
19
3
78
1
93
0
33
1
43
1
71
3
35
2
59
0
70
2
8
3
41
1
80
2
67
4
26
3
52
1
89
1
50
8
70
3
56
2
95
1
48
1
84
7
12
3
47
0
37
5
59
4
48
4
59
0
48
1
81
1
8
6
69
0
85
6
2
0
57
8
11
1
31
3
41
1
68
3
8
1
91
3
96
2
55
6
58
6
76
1
96
1
21
4
64
1
32
8
34
6
1
1
28
4
68
8
97
8
28
0
64
0
75
1
79
0
84
2
67
0
8
7
31
5
92
0
27
1
71
2
18
3
1
2
58
2
24
1
15
0
82
1
81
9
1
3
11
1
51
8
10
2
28
6
23
3
68
0
89
3
3
2
92
4
33
3
19
3
71
3
51
6
83
9
80
1
98
9
19
0
17
1
88
1
21
3
19
1
21
0
29
6
82
5
57
1
98
3
49
1
65
0
50
0
80
0
99
5
87
1
3
0
60
1
41
1
52
1
67
1
38
0
77
1
48
0
10
4
62
4
5
6
89
0
80
6
85
3
69
5
11
1
38
2
42
0
20
1
69
2
61
2
26
3
85
1
66
1
71
9
32
1
22
1
9
4
3
9
2
1
71
4
29
1
26
5
39
1
66
8
78
5
34
0
42
4
12
5
51
3
81
3
21
1
24
0
52
2
79
0
78
2
64
1
96
4
11
1
1
3
99
4
80
0
59
1
99
2
48
1
25
1
9
4
30
1
79
0
46
0
29
0
70
3
63
1
1
3
15
2
91
1
6
1
51
1
16
5
6
3
61
3
15
1
79
0
95
1
21
1
69
1
51
9
17
1
72
0
18
4
49
0
68
7
1
1
49
8
6
0
58
1
4
1
23
0
58
1
1
1
85
3
31
6
88
1
87
4
78
7
91
6
67
6
31
9
47
1
34
2
36
7
11
0
53
3
74
5
73
3
79
2
97
1
49
8
1
1
1
3
48
1
69
2
11
6
88
1
51
4
42
0
61
8
60
0
87
4
52
8
68
1
21
4
81
2
59
8
85
8
81
9
39
6
35
6
1
1
47
1
11
4
13
1
96
1
11
1
97
1
39
1
87
8
47
1
7
1
44
1
21
2
19
8
22
2
38
4
4
3
21
4
68
4
92
1
51
0
34
7
86
8
81
1
41
3
19
1
15
1
27
0
58
1
27
0
11
4
2
1
91
1
80
1
45
1
16
1
36
9
91
6
81
4
50
1
69
2
59
1
97
8
70
0
93
1
1
0
59
8
21
2
71
1
99
4
82
1
46
2
59
2
43
0
87
1
70
1
86
1
1
9
1
2
59
1
80
0
58
6
14
1
37
1
13
7
89
0
28
0
29
0
58
2
14
3
36
7
53
1
88
6
7
4
40
9
47
9
85
1
81
2
38
1
76
1
81
6
45
0
88
8
9
2
60
1
86
7
82
1
93
1
58
3
8
1
51
1
71
0
27
1
84
0
75
6
47
1
66
9
12
1
56
1
67
4
61
1
64
3
59
1
78
9
12
4
17
3
90
4
29
1
51
1
32
4
97
1
79
0
58
1
9
1
55
1
78
7
38
3
96
4
4
0
80
0
87
3
19
8
90
7
62
1
1
3
43
7
45
1
79
2
80
3
36
1
78
1
31
7
9
7
67
3
1
8
30
1
61
7
85
8
25
5
91
1
99
1
46
1
44
0
34
3
38
5
21
6
82
0
91
1
19
1
26
1
54
4
48
2
42
3
26
4
41
4
68
1
61
6
17
5
14
0
78
1
18
3
21
3
34
1
13
5
18
4
19
2
51
5
23
5
14
3
10
1
11
1
99
2
1
7
56
1
8
1
39
4
33
1
69
2
29
7
39
1
40
0
59
4
64
0
24
8
75
7
79
0
25
7
99
0
23
6
59
4
79
1
91
3
17
3
53
2
33
1
91
1
41
1
6
9
32
9
47
4
84
1
21
1
36
0
4
2
43
1
1
5
71
5
47
1
13
4
55
2
19
0
29
1
19
4
71
1
21
1
46
8
14
0
57
3
37
0
70
1
38
0
65
1
21
2
11
1
49
7
11
2
17
1
47
1
21
4
96
1
72
4
35
6
87
1
38
7
25
1
52
7
29
5
59
3
58
4
72
3
82
0
58
3
30
4
47
1
92
1
35
9
81
0
29
6
8
3
65
1
32
0
24
3
69
5
81
6
69
7
49
8
64
6
5
1
11
1
94
4
79
1
38
2
49
2
42
1
38
1
68
1
19
9
15
3
17
4
39
7
64
1
9
3
99
1
31
9
63
9
95
2
17
4
20
1
42
2
96
8
31
1
69
3
35
5
58
3
16
4
41
3
70
2
68
4
63
2
73
9
78
4
56
1
37
2
41
2
73
3
46
3
95
3
74
0
90
1
93
0
13
4
62
3
31
8
67
1
97
4
59
1
67
1
3
4
19
3
0
1
61
3
53
1
21
0
55
7
44
2
25
3
69
1
93
0
13
1
32
4
50
3
11
1
38
0
72
4
75
0
93
1
51
3
59
5
59
6
11
1
78
5
1
7
76
2
47
1
22
9
78
0
57
0
90
5
17
5
9
3
73
1
86
6
63
1
71
5
1
1
69
1
15
3
62
2
35
6
99
5
51
0
60
1
92
7
25
8
91
5
13
1
61
1
51
9
49
8
74
1
99
1
99
5
3
0
53
0
8
6
71
1
69
2
18
2
15
1
63
3
9
1
26
8
61
1
81
0
82
0
2
7
58
2
19
1
34
2
18
1
1
3
95
4
46
9
49
1
97
3
38
0
4
1
33
1
49
1
18
1
19
1
61
7
95
9
31
3
74
1
41
3
71
0
71
1
6
0
50
5
21
1
68
2
69
1
38
0
76
1
98
1
56
2
9
4
81
5
84
2
19
1
2
4
32
1
65
0
57
7
25
