2
45
0
73
4
43
3
55
1
82
0
27
2
49
3
79
3
88
4
47
2
1
3
91
4
17
1
72
4
77
1
4
2
74
3
95
2
82
2
69
0
0
4
76
2
84
1
85
2
5
4
54
0
18
0
80
4
51
1
85
1
14
0
79
4
48
3
25
2
3
0
15
4
6
2
82
0
73
2
36
2
69
0
25
1
56
4
27
2
92
2
18
4
92
3
48
4
81
0
33
3
18
1
75
1
86
1
10
0
81
1
16
1
82
4
14
1
62
3
73
0
30
0
97
1
35
4
50
0
53
0
81
2
55
1
69
1
47
2
84
3
96
0
19
3
10
0
51
4
15
4
52
0
31
3
17
3
4
0
54
1
39
2
7
4
85
2
39
0
18
4
69
1
69
0
91
3
86
4
23
3
98
3
19
3
32
0
83
0
90
0
75
3
94
2
50
0
51
4
15
4
77
3
20
2
94
4
92
0
15
2
37
3
94
4
55
3
0
0
97
4
32
0
6
1
45
4
26
3
41
2
95
0
64
1
64
2
71
2
74
3
97
3
70
3
26
1
53
1
40
3
35
1
93
0
93
2
71
0
21
1
48
0
47
2
79
3
78
4
56
4
35
0
58
3
69
3
71
2
91
3
37
3
81
1
12
3
68
4
39
4
99
4
66
0
2
1
64
4
7
0
47
0
80
1
17
0
10
0
47
3
94
3
52
0
36
2
96
4
3
3
19
4
41
2
32
3
18
4
15
2
74
2
23
4
20
0
53
1
84
3
57
0
34
2
27
0
88
3
65
0
57
1
11
1
91
3
9
4
80
4
98
4
94
2
83
2
77
3
49
2
74
2
16
3
54
4
40
0
29
1
2
1
92
2
7
1
26
2
55
1
99
3
8
1
86
3
61
4
24
2
6
1
27
1
74
2
87
2
48
3
96
1
15
0
38
3
56
4
33
0
84
2
67
0
22
4
61
4
94
0
72
2
55
1
15
0
25
4
19
3
64
3
46
0
30
3
78
4
97
0
77
4
57
3
20
2
72
1
86
4
63
0
78
4
66
2
51
0
53
1
43
2
69
2
32
2
23
2
36
4
34
1
0
3
55
1
69
2
89
4
96
1
80
2
11
0
77
2
86
3
0
3
52
2
45
0
3
3
0
1
45
4
66
4
24
2
44
3
5
3
22
4
69
4
42
3
60
4
92
0
82
3
44
1
26
3
14
4
46
2
76
2
27
1
76
2
40
2
36
3
84
1
26
3
58
2
11
2
67
1
11
4
89
0
81
4
0
1
10
3
79
4
91
4
8
1
66
3
43
0
80
4
33
0
92
1
42
1
64
2
26
1
89
2
23
4
2
4
26
1
1
2
87
1
96
2
87
4
65
0
76
0
98
2
11
1
18
1
90
3
65
1
9
1
79
2
86
4
87
1
82
1
9
2
5
3
19
3
31
3
78
1
68
1
23
2
5
4
36
3
31
0
77
2
23
3
19
4
64
2
28
4
8
1
68
0
79
4
59
3
50
1
67
1
39
2
38
2
6
3
43
4
16
2
36
0
93
1
41
0
33
0
37
2
14
0
92
3
46
1
98
0
16
3
79
2
93
0
33
1
48
4
74
3
30
2
58
0
70
2
8
4
40
1
80
2
67
4
26
3
57
1
86
1
50
3
66
3
56
2
95
1
49
2
84
2
12
3
47
0
37
0
55
4
43
4
57
0
48
1
85
1
8
1
69
0
85
1
7
0
57
4
10
0
34
3
45
1
63
3
9
4
94
3
96
3
50
1
53
1
76
1
96
4
22
4
64
2
32
3
39
1
1
1
29
4
69
3
92
3
23
0
64
0
75
1
76
0
84
2
67
0
8
2
32
0
92
1
27
4
73
2
19
3
2
2
53
2
29
0
15
0
82
4
81
4
1
3
16
0
56
3
13
2
28
1
28
3
68
0
86
3
3
2
92
4
33
3
17
3
74
3
55
1
83
4
75
2
98
4
21
0
17
1
88
1
20
3
14
1
21
3
24
1
87
0
57
2
93
3
49
1
70
0
50
0
80
0
99
0
87
0
8
0
60
3
46
1
52
1
67
1
38
0
77
2
48
0
10
4
62
4
10
1
87
0
80
2
80
3
66
0
14
1
38
2
47
0
20
1
69
2
65
2
21
3
80
1
66
3
71
4
32
4
22
2
8
4
3
4
7
1
71
4
24
3
26
0
39
1
66
3
73
0
39
0
42
4
12
0
53
3
86
3
24
1
24
0
52
2
77
0
78
2
64
3
91
4
13
4
1
3
97
4
80
0
57
2
96
2
49
1
25
3
6
4
30
0
76
0
46
3
29
0
70
3
63
3
0
3
15
2
91
2
6
1
54
1
16
0
1
3
61
3
20
2
74
0
95
1
25
1
67
2
50
4
17
1
72
0
18
0
47
0
68
2
6
1
46
3
6
2
59
3
4
3
28
3
58
4
1
1
80
3
33
1
88
1
87
4
73
2
93
1
62
1
33
4
47
0
39
2
31
3
10
0
53
3
74
0
73
3
77
2
97
1
44
3
6
4
1
3
48
2
66
2
11
1
83
1
54
4
47
0
61
3
59
0
87
4
52
3
68
1
23
4
83
2
54
3
85
3
81
4
41
1
35
1
3
1
47
1
11
4
18
2
96
1
12
3
92
4
39
0
82
3
42
2
7
1
49
2
21
2
14
3
27
2
38
4
4
3
21
4
69
4
97
1
52
0
34
2
81
3
81
3
41
3
19
1
20
1
27
2
53
1
27
0
11
4
2
4
92
1
80
2
45
3
11
0
36
4
91
1
83
4
50
1
64
2
56
1
97
3
66
0
93
3
2
0
56
3
26
2
72
1
99
4
87
1
41
2
55
2
43
0
87
1
70
3
86
1
4
4
1
2
57
1
80
0
60
1
14
4
37
1
18
2
89
0
30
4
25
4
53
2
14
3
36
2
53
1
88
1
2
4
40
4
42
4
85
0
85
2
33
2
71
1
80
2
50
1
83
3
4
2
60
2
86
2
87
4
98
1
58
3
8
1
51
1
72
1
26
4
84
0
75
1
47
2
66
4
12
1
51
3
67
4
60
0
64
3
58
3
78
4
17
4
17
3
90
4
26
3
53
1
32
4
97
0
76
2
59
4
8
1
55
2
73
2
39
3
96
4
4
0
80
3
90
3
19
3
87
2
62
1
1
3
43
2
45
2
77
2
80
3
36
1
78
2
30
2
5
2
67
3
3
3
31
1
62
2
85
3
25
0
96
1
99
4
46
1
44
0
34
3
38
0
21
1
82
0
91
1
14
1
26
1
54
4
48
2
42
3
21
4
41
4
63
1
61
1
17
0
14
0
78
1
18
3
26
3
34
2
13
0
19
4
16
2
56
0
28
0
19
3
10
2
10
1
95
2
1
2
51
2
9
1
39
4
33
3
67
2
24
2
36
1
40
0
58
4
64
0
24
3
75
2
79
0
25
2
98
0
23
1
59
4
79
1
91
3
17
3
53
2
33
4
91
1
41
2
1
4
37
4
42
4
84
1
21
0
36
0
4
2
43
1
6
0
75
0
42
0
13
4
60
2
19
4
28
1
18
4
71
1
21
2
46
3
14
3
60
3
32
0
70
3
33
0
65
3
21
2
14
1
49
3
10
2
17
0
47
0
21
4
91
1
72
4
35
1
87
1
39
3
30
1
52
2
26
0
54
3
58
4
72
3
87
0
60
3
30
4
42
0
92
4
35
4
86
0
28
1
3
3
60
4
32
0
24
3
64
0
85
1
69
2
46
3
64
1
5
4
14
1
99
4
74
4
39
2
44
2
42
4
33
2
69
0
19
4
15
3
12
4
38
2
69
1
4
3
94
1
32
4
63
4
95
2
12
4
20
3
42
2
96
4
30
3
68
3
35
0
58
3
16
4
42
3
70
2
68
4
63
2
78
4
78
4
51
1
32
2
42
2
73
3
46
3
95
3
74
0
90
2
93
0
13
4
62
3
33
3
62
1
97
4
55
4
67
0
3
4
19
3
0
2
60
3
53
4
21
0
55
2
44
2
30
3
69
0
98
0
13
1
32
4
50
3
12
1
39
0
72
4
75
0
93
1
54
3
59
0
56
1
15
4
78
0
1
2
76
2
47
3
22
4
78
2
60
0
90
0
17
0
9
3
73
2
86
1
63
3
71
0
5
1
69
1
10
3
67
2
40
1
98
0
51
0
60
0
92
2
25
3
91
0
18
0
61
2
51
4
44
3
74
2
96
0
99
0
3
0
53
0
8
2
70
1
68
2
19
2
15
2
68
3
9
1
26
3
61
1
85
0
82
0
2
2
53
2
19
1
34
2
18
0
3
3
95
4
41
4
53
3
92
3
38
0
4
2
33
0
44
1
18
2
15
1
61
2
95
4
29
3
79
2
43
3
71
0
71
1
6
0
50
0
23
0
69
2
68
1
33
0
76
4
98
1
56
2
4
4
84
0
84
2
19
4
2
4
32
4
70
1
60
2
25
