4
45
0
73
4
41
1
53
1
82
2
25
4
48
3
77
1
88
4
47
1
1
3
91
6
19
3
72
4
77
1
6
1
76
5
93
2
82
2
68
0
0
6
76
2
84
1
85
2
3
2
54
0
18
0
80
2
51
3
85
1
14
1
79
6
48
1
27
2
1
1
15
2
4
1
82
1
73
1
38
2
69
2
25
1
58
4
25
1
92
2
18
4
92
5
49
4
81
2
31
3
18
3
75
1
88
1
8
0
81
1
16
1
82
2
14
1
62
5
73
0
30
0
97
1
37
3
51
0
53
1
81
2
57
3
69
3
49
4
86
1
96
0
19
3
10
0
51
4
17
4
52
1
31
5
15
1
4
0
54
1
39
2
5
4
85
2
37
0
18
2
69
3
67
2
91
5
86
4
23
3
98
5
18
5
32
0
83
0
88
1
77
1
92
2
50
1
51
4
13
4
77
2
21
1
96
6
94
1
15
1
35
1
94
4
55
3
0
0
97
2
31
1
6
1
45
4
26
3
41
4
95
2
62
1
66
1
71
4
74
3
97
1
72
5
26
1
53
1
40
5
33
3
91
0
93
4
71
2
21
1
48
0
47
1
77
1
78
4
54
2
35
0
58
1
69
3
73
4
93
1
39
1
81
1
12
3
66
2
37
4
98
2
68
2
1
1
62
6
5
1
47
0
80
1
15
0
10
1
45
1
96
5
52
0
36
4
96
6
5
3
19
2
41
2
34
1
19
4
15
2
76
2
23
4
20
2
51
3
82
1
59
2
36
2
29
0
87
3
63
0
57
3
13
1
91
3
8
3
82
2
99
4
92
2
83
1
77
5
49
4
72
2
14
3
52
4
38
2
28
1
2
3
92
2
7
3
26
2
57
3
98
1
8
1
86
3
63
6
24
1
4
3
27
1
72
0
87
4
48
5
96
1
15
0
38
3
56
2
31
0
84
2
67
0
22
2
61
6
94
0
72
2
57
1
15
0
25
6
19
3
64
1
46
0
28
1
79
4
97
2
77
2
57
4
18
1
72
3
86
2
61
2
79
4
68
2
51
2
53
1
43
2
67
2
31
2
23
4
38
4
34
1
2
1
53
1
69
4
88
4
96
1
81
2
11
0
77
4
86
3
0
3
52
4
45
0
3
3
0
1
47
4
68
4
24
4
44
5
5
5
22
4
69
2
44
3
62
4
92
1
84
3
44
1
24
3
14
4
44
2
74
2
27
1
74
2
40
2
38
3
84
3
26
3
58
1
13
2
69
1
11
6
89
1
81
4
0
1
8
3
77
2
91
6
8
1
68
3
45
0
80
2
33
2
92
3
41
1
64
2
26
1
89
2
23
4
1
4
28
1
1
0
87
1
96
2
87
4
67
0
76
2
99
1
11
3
18
2
91
3
65
1
9
1
77
4
88
4
87
1
82
1
9
2
5
3
19
3
33
1
79
1
68
1
23
2
5
2
38
5
31
0
77
2
23
1
19
6
64
2
28
4
6
3
66
2
79
4
57
2
48
1
67
1
38
4
36
4
6
5
45
2
18
4
36
0
93
3
41
0
33
0
37
2
14
1
92
1
48
1
98
1
18
3
78
1
93
0
33
1
46
2
72
3
32
2
59
0
70
2
8
3
41
1
80
2
67
4
26
3
55
1
88
1
50
5
68
3
56
2
95
1
48
1
84
4
12
3
47
0
37
2
57
4
45
4
59
0
48
1
83
1
8
3
69
0
85
3
5
0
57
5
11
1
32
3
43
1
65
3
8
2
92
3
96
2
52
3
55
3
76
1
96
2
21
4
64
1
32
5
37
3
1
1
28
4
68
5
94
5
25
0
64
0
75
1
78
0
84
2
67
0
8
4
31
2
92
0
27
2
71
2
18
3
1
2
55
2
27
1
15
0
82
2
81
6
1
3
14
1
54
5
11
2
28
3
26
3
68
0
88
3
3
2
92
4
33
3
19
3
72
3
53
3
83
6
77
1
98
6
21
0
17
1
88
1
21
3
16
1
21
1
26
3
85
2
57
1
95
3
49
1
68
0
50
0
80
0
99
2
87
1
6
0
60
1
44
1
52
1
67
1
38
0
77
1
48
0
10
4
62
4
8
3
89
0
80
3
82
3
68
2
12
1
38
2
45
0
20
1
69
2
63
2
23
3
82
1
66
1
71
6
32
2
22
1
9
4
3
6
5
1
71
4
26
1
26
2
39
1
66
5
75
2
37
0
42
4
12
2
51
3
84
3
22
1
24
0
52
2
79
0
78
2
64
1
93
4
11
2
1
3
99
4
80
0
59
1
98
2
48
1
25
1
8
4
30
1
78
0
46
1
29
0
70
3
63
1
1
3
15
2
91
1
6
1
52
1
16
2
3
3
61
3
18
1
76
0
95
1
23
1
69
1
51
6
17
1
72
0
18
1
48
0
68
4
4
1
48
5
6
0
58
1
4
1
26
1
58
2
1
1
82
3
31
3
88
1
87
4
75
4
91
3
64
3
31
6
47
1
37
2
33
4
11
0
53
3
74
2
73
3
79
2
97
1
46
5
4
2
1
3
48
1
68
2
11
3
85
1
52
4
45
0
61
5
59
0
87
4
52
5
68
1
21
4
81
2
56
5
85
5
81
6
41
3
35
3
1
1
47
1
11
4
16
1
96
1
11
1
94
2
39
1
84
5
44
1
7
1
47
1
21
2
16
5
25
2
38
4
4
3
21
4
68
4
95
1
51
0
34
4
83
5
81
1
41
3
19
1
18
1
27
1
55
1
27
0
11
4
2
2
91
1
80
1
45
1
13
1
36
6
91
3
81
4
50
1
66
2
58
1
97
5
68
0
93
1
1
0
58
5
24
2
71
1
99
4
85
1
43
2
57
2
43
0
87
1
70
1
86
1
2
6
1
2
59
1
80
0
58
3
14
2
37
1
16
4
89
0
28
2
27
2
55
2
14
3
36
4
53
1
88
3
4
4
40
6
44
6
85
1
83
2
35
1
73
1
81
3
48
1
85
5
6
2
60
1
86
4
85
2
96
1
58
3
8
1
51
1
71
0
27
2
84
0
75
3
47
1
66
6
12
1
53
1
67
4
61
1
64
3
59
1
78
6
15
4
17
3
90
4
28
1
51
1
32
4
97
1
78
0
58
2
9
1
55
1
75
4
38
3
96
4
4
0
80
2
88
3
19
5
89
4
62
1
1
3
43
4
45
1
79
2
80
3
36
1
78
1
31
4
7
4
67
3
1
5
31
1
61
4
85
5
25
2
94
1
99
2
46
1
44
0
34
3
38
2
21
3
82
0
91
1
16
1
26
1
54
4
48
2
42
3
23
4
41
4
65
1
61
3
17
2
14
0
78
1
18
3
24
3
34
1
13
2
18
4
18
2
54
2
26
2
17
3
10
1
11
1
97
2
1
4
53
1
8
1
39
4
33
1
69
2
26
4
38
1
40
0
59
4
64
0
24
5
75
4
79
0
25
4
99
0
23
3
59
4
79
1
91
3
17
3
53
2
33
2
91
1
41
1
3
6
35
6
44
4
84
1
21
1
36
0
4
2
43
1
4
2
73
2
44
1
13
4
58
2
19
2
29
1
19
4
71
1
21
1
46
5
14
2
58
3
34
0
70
1
35
0
65
1
21
2
12
1
49
4
11
2
17
1
47
1
21
4
93
1
72
4
35
3
87
1
38
4
28
1
52
4
28
2
56
3
58
4
72
3
85
0
58
3
30
4
44
1
92
2
35
6
84
0
29
3
5
3
62
2
32
0
24
3
66
2
83
3
69
4
48
5
64
3
5
2
12
1
97
4
76
2
38
2
46
2
42
2
35
1
68
1
19
6
15
3
14
4
39
4
67
1
6
3
96
1
31
6
63
6
95
2
14
4
20
1
42
2
96
5
31
1
69
3
35
2
58
3
16
4
41
3
70
2
68
4
63
2
76
6
78
4
53
1
34
2
41
2
73
3
46
3
95
3
74
0
90
1
93
0
13
4
62
3
31
5
64
1
97
4
57
2
67
1
3
4
19
3
0
1
61
3
53
2
21
0
55
4
44
2
28
3
69
1
96
0
13
1
32
4
50
3
11
1
38
0
72
4
75
0
93
1
52
3
59
2
58
3
13
2
78
2
1
4
76
2
47
1
22
6
78
1
58
0
90
2
17
2
9
3
73
1
86
3
63
1
71
2
3
1
69
1
12
3
65
2
38
3
99
2
51
0
60
1
92
4
25
5
91
2
16
1
61
1
51
6
46
5
74
1
98
1
99
2
3
0
53
0
8
3
71
1
69
2
18
2
15
1
66
3
9
1
26
5
61
1
83
0
82
0
2
4
55
2
19
1
34
2
18
1
1
3
95
4
43
6
51
1
94
3
38
0
4
1
33
1
46
1
18
1
17
1
61
4
95
6
29
3
77
1
41
3
71
0
71
1
6
0
50
2
21
1
68
2
69
1
35
0
76
2
98
1
56
2
6
4
82
2
84
2
19
2
2
4
32
3
68
0
58
4
25
