9
99
13
25
9
74
9
64
9
99
9
74
0
10
9
74
12
84
9
34
9
74
13
25
9
64
9
64
9
64
9
64
9
64
9
74
9
64
9
14
12
84
15
57
9
94
9
14
13
55
9
33
14
56
11
83
9
64
12
54
9
74
13
85
9
44
9
99
9
74
16
28
9
12
9
94
9
99
16
58
9
34
9
44
13
25
9
74
10
52
9
14
9
74
11
83
9
14
9
44
9
34
9
34
9
99
9
74
9
94
9
99
9
74
9
34
9
34
9
14
9
99
9
14
9
33
9
34
0
20
9
64
13
25
9
99
9
74
9
42
9
14
9
43
9
44
9
44
9
94
9
44
10
82
9
99
9
44
9
14
9
72
9
74
9
74
14
86
0
80
9
14
9
64
9
99
9
74
9
64
14
86
9
94
9
99
9
64
9
99
9
32
9
99
9
63
11
83
9
99
9
99
9
99
9
14
9
34
9
74
13
55
10
82
9
14
9
94
9
34
9
64
9
34
9
34
9
94
13
85
14
86
9
94
9
74
9
34
9
63
13
25
13
55
14
56
9
74
14
26
9
74
9
64
9
94
9
94
9
34
9
14
9
14
9
44
13
55
9
44
13
25
9
99
12
84
9
14
12
54
14
56
16
58
13
25
9
74
9
94
9
64
11
23
14
86
9
14
9
34
0
10
9
13
13
85
0
80
9
99
9
99
9
34
12
54
9
99
12
54
13
85
9
34
9
44
13
25
13
25
12
84
9
33
9
14
15
57
9
94
14
56
9
74
14
26
9
99
9
14
8
15
9
44
9
34
13
25
13
85
9
63
9
94
9
73
12
24
9
74
16
88
9
94
9
14
9
94
9
14
9
64
9
74
9
99
13
55
9
14
9
93
9
34
14
26
9
74
9
99
14
56
9
99
9
44
9
44
16
58
15
57
9
99
9
64
9
1
9
13
9
94
0
30
13
55
9
34
9
94
9
99
12
84
0
30
10
52
9
94
9
94
9
99
9
34
9
13
9
74
9
74
9
74
9
99
9
64
9
99
9
34
9
34
12
24
9
34
11
23
9
64
13
85
9
34
14
56
9
44
15
27
9
34
9
14
9
94
0
70
9
34
11
83
9
99
9
99
9
99
13
85
9
13
14
86
9
14
9
34
13
85
9
94
15
87
9
44
12
54
9
44
0
90
9
74
9
34
9
14
9
74
9
64
13
85
9
44
9
34
12
24
9
94
9
33
9
94
9
99
12
84
10
52
9
94
12
84
9
99
9
34
9
44
9
64
9
12
9
73
9
74
9
34
0
40
14
26
9
74
13
25
9
94
9
99
9
34
9
34
9
92
9
99
9
14
9
64
9
34
9
14
9
99
9
33
9
74
9
99
9
64
9
34
9
99
14
26
9
74
9
44
14
56
9
92
9
14
15
27
9
34
9
13
9
34
9
63
9
44
15
87
9
94
9
64
9
99
14
56
9
14
9
62
10
22
9
74
9
64
9
34
12
24
9
94
13
25
9
63
9
14
14
26
9
64
9
74
9
64
9
44
13
55
9
34
9
33
2
39
9
64
9
34
0
60
9
99
9
64
14
26
9
34
0
0
11
53
3
30
9
43
13
85
9
74
9
44
14
26
9
43
9
64
9
94
9
99
1
89
9
99
12
24
9
12
9
74
9
34
12
84
1
79
9
99
15
27
1
49
9
94
10
22
4
28
9
73
9
99
9
99
9
13
9
74
9
64
9
64
11
83
9
14
9
94
4
79
13
85
9
14
9
74
9
14
13
25
9
74
2
79
9
14
12
84
9
99
9
99
12
54
9
14
9
94
12
24
9
63
0
12
9
74
14
86
9
34
9
94
9
14
12
24
9
93
13
25
9
14
9
34
16
28
11
83
13
85
9
14
9
74
9
64
9
99
9
63
9
74
9
99
0
30
13
85
9
94
9
34
9
14
9
14
0
40
10
22
10
52
9
44
10
22
13
25
9
34
9
99
9
14
9
74
9
44
9
94
9
64
13
25
14
56
9
64
9
94
9
94
2
19
9
34
12
54
9
14
10
82
12
24
0
90
9
42
9
14
9
44
9
99
9
74
9
99
0
80
9
73
15
57
9
99
9
14
9
34
0
80
1
39
9
34
14
86
9
73
9
34
12
84
9
14
9
44
9
94
9
99
9
74
9
14
13
25
13
52
9
91
15
82
14
26
13
25
9
94
9
58
9
14
9
99
13
85
4
29
9
34
9
44
1
99
9
44
9
94
15
87
9
99
9
64
9
44
9
44
9
99
9
44
14
86
14
56
0
90
9
44
9
99
9
44
9
72
9
14
13
55
9
62
9
99
9
44
12
84
9
64
12
84
12
54
9
99
9
99
9
74
9
92
9
99
12
54
9
94
0
74
9
94
9
34
9
64
9
99
15
22
15
27
9
99
10
82
12
84
9
44
9
94
9
74
9
64
9
64
13
85
9
74
9
14
9
74
15
27
9
44
9
94
9
93
9
44
9
99
9
44
9
34
9
99
9
14
9
34
9
13
9
44
9
34
9
14
9
74
9
7
14
56
9
74
9
14
9
94
12
84
9
44
9
13
9
34
9
99
12
84
9
94
9
94
9
74
9
94
16
28
9
62
9
74
9
99
9
74
9
44
9
44
9
94
9
97
13
55
14
86
9
12
11
53
9
94
9
94
9
16
9
14
9
44
9
34
9
99
9
34
9
99
0
0
9
12
0
0
9
44
2
45
9
14
9
99
9
64
15
57
14
56
14
56
9
32
9
99
9
44
9
44
9
64
9
74
9
34
9
92
12
24
12
54
9
32
15
27
9
14
9
44
9
74
14
56
9
12
9
99
9
44
1
79
13
25
9
34
0
70
12
24
9
94
12
54
16
28
16
88
9
64
16
88
12
84
16
88
9
94
0
0
9
64
9
34
9
44
0
30
13
85
9
43
9
74
12
84
9
48
9
14
9
44
9
64
15
87
9
14
13
85
9
44
9
94
9
63
1
79
14
26
14
56
9
44
16
88
9
99
9
64
9
34
9
43
13
25
1
59
9
74
9
99
9
99
9
44
12
54
9
94
9
72
9
64
2
99
9
12
9
3
13
55
9
74
14
86
12
84
9
34
9
64
10
22
9
12
15
87
16
88
9
34
9
62
9
13
9
94
9
2
9
64
16
58
9
44
9
99
16
58
9
99
9
99
9
99
9
94
9
94
3
79
9
14
10
82
9
99
16
28
9
44
13
55
9
43
14
26
14
86
9
44
9
99
9
64
12
54
9
99
9
94
14
26
9
64
4
89
9
43
9
74
4
59
9
44
9
64
11
23
9
64
9
74
9
34
9
32
9
94
9
74
14
26
9
94
9
44
10
22
14
86
9
99
9
74
1
99
9
94
9
14
9
94
10
22
9
13
0
59
9
64
16
52
9
99
9
42
9
44
4
69
14
26
15
87
14
86
9
99
9
99
9
14
12
84
9
14
9
94
9
94
9
34
14
56
15
52
9
94
12
24
9
74
10
82
9
99
9
34
9
64
10
52
9
42
9
14
9
44
9
14
12
54
10
22
10
22
9
12
9
94
12
54
13
85
11
53
10
82
9
99
9
94
9
64
9
34
9
64
9
12
9
72
9
74
9
64
13
85
10
52
14
56
9
94
9
99
9
64
9
94
9
74
9
34
9
34
9
43
9
64
9
34
4
79
9
64
9
44
9
72
14
56
9
99
9
94
12
24
9
99
9
92
9
32
12
84
9
14
9
44
9
42
16
88
4
69
9
94
9
64
9
64
12
84
9
92
13
85
12
24
11
53
9
72
9
14
15
87
2
9
9
34
9
88
9
12
9
94
9
99
12
84
13
55
9
64
9
13
14
86
16
88
9
74
9
94
9
14
9
94
11
23
9
44
9
64
9
64
12
24
9
94
9
99
9
99
13
55
15
57
9
94
12
54
9
44
4
75
9
74
12
84
13
25
13
85
9
94
1
69
9
93
9
14
9
76
16
28
9
99
12
54
9
74
9
99
9
99
16
88
14
56
9
64
13
25
15
27
9
94
9
14
12
24
9
99
9
44
9
13
9
64
9
94
15
27
14
86
12
84
0
75
9
14
9
99
9
14
12
84
9
12
1
49
9
44
9
74
9
99
9
99
9
44
9
13
3
59
15
27
9
74
9
64
9
34
9
14
9
13
15
27
14
26
9
14
15
27
10
52
9
73
9
74
9
94
0
90
3
9
9
34
9
74
9
74
12
54
13
55
16
88
9
42
9
94
9
42
9
94
9
34
12
84
9
73
9
99
16
58
14
56
9
94
9
12
13
25
9
62
9
44
9
58
11
83
12
81
9
64
9
99
9
92
9
94
9
14
9
14
9
44
9
43
9
64
9
13
0
59
9
73
9
44
14
26
12
54
9
74
9
44
14
86
9
74
9
48
9
94
9
34
9
14
9
99
9
34
9
34
4
29
16
58
9
74
9
64
9
8
13
25
9
92
9
94
12
24
9
99
10
82
9
44
9
99
