7
99
5
18
4
69
8
60
7
94
5
69
0
10
8
70
4
79
6
29
6
66
6
17
8
60
8
59
8
60
5
56
4
59
5
69
6
59
4
9
6
76
8
49
5
89
7
7
5
47
5
25
7
48
5
75
8
60
4
49
8
67
5
79
5
39
6
99
4
68
8
20
4
4
5
89
6
94
8
50
8
27
4
38
5
19
5
67
4
44
7
9
8
70
4
75
5
9
5
39
4
28
7
29
7
97
8
67
5
89
8
99
8
67
8
30
7
29
8
10
6
99
6
9
8
25
4
29
0
20
8
60
5
18
5
96
8
68
4
34
6
9
4
35
5
36
7
39
6
89
4
36
7
74
7
96
7
39
4
9
4
64
5
69
7
66
7
78
0
80
5
9
5
58
4
98
7
69
6
59
6
79
8
90
7
99
6
59
6
99
5
24
6
98
7
55
5
75
6
98
4
94
4
95
6
9
4
27
4
66
6
47
4
74
8
10
6
89
6
29
4
59
4
29
6
29
4
86
5
79
8
78
4
88
6
69
4
27
5
55
8
17
7
47
6
48
4
67
6
19
8
68
5
59
5
89
8
89
8
28
6
9
6
9
4
39
5
47
7
39
5
19
6
94
5
76
6
7
4
48
6
49
8
50
8
17
6
66
7
88
5
59
8
15
6
79
7
6
5
26
0
10
8
5
5
77
0
80
6
99
4
99
7
29
4
49
7
94
4
46
5
78
8
30
5
38
5
19
7
17
5
76
5
25
4
9
7
49
6
88
6
49
7
69
6
19
7
95
6
6
6
15
7
39
8
29
5
19
5
77
4
55
6
86
4
65
4
19
8
70
8
80
5
89
7
9
8
87
6
8
7
59
8
70
5
99
5
49
6
9
4
85
4
27
6
18
7
68
4
96
6
49
4
99
8
37
4
37
8
50
8
49
4
99
5
59
4
1
7
5
6
89
0
30
5
49
4
28
4
89
8
96
4
78
0
30
7
44
5
87
6
87
4
99
4
29
6
5
4
69
4
69
5
69
8
98
7
59
7
94
6
27
8
29
7
16
7
29
6
15
8
60
5
78
5
29
6
49
7
39
7
19
8
30
4
7
6
89
0
70
6
29
4
75
7
94
6
99
4
99
5
79
8
5
6
79
7
9
8
29
5
77
8
90
7
79
7
39
4
48
7
39
0
90
5
69
8
27
6
9
6
68
7
59
5
78
6
39
7
29
7
16
5
89
5
25
4
89
6
99
4
79
4
44
4
89
7
76
7
99
6
28
5
39
4
59
7
4
7
65
4
69
4
29
0
40
7
18
4
68
5
19
4
89
5
99
6
29
4
29
5
84
5
99
5
7
4
59
4
27
8
10
7
98
6
25
5
67
6
97
7
57
6
27
4
99
6
19
4
69
4
39
7
48
5
84
4
8
7
19
5
29
5
5
8
30
6
55
6
36
7
79
5
89
8
60
4
99
6
49
4
7
4
54
6
14
5
69
6
59
4
28
4
17
5
86
5
19
5
55
6
9
6
19
7
58
8
70
5
56
6
38
5
49
8
30
5
25
2
39
4
57
7
29
0
60
5
94
4
57
6
19
6
27
0
0
5
45
3
30
7
35
5
79
6
69
6
38
6
19
4
35
8
58
6
89
5
95
1
89
8
99
4
19
6
4
8
66
7
28
4
79
1
79
6
96
7
19
1
45
5
89
7
14
4
28
6
65
7
99
5
99
8
5
5
69
4
59
8
56
5
75
8
6
8
90
4
78
5
77
7
7
5
69
4
7
5
19
4
69
2
79
4
9
6
76
8
99
8
99
4
49
7
9
8
88
4
18
6
55
0
12
6
68
6
78
7
29
8
89
7
9
4
18
8
85
5
19
8
10
8
27
8
20
4
75
5
79
6
9
5
69
5
57
6
99
6
55
4
68
7
99
0
30
6
77
8
88
8
27
6
8
8
10
0
40
6
14
4
44
8
40
7
14
6
17
7
29
8
99
5
9
5
69
6
39
7
89
6
59
5
19
6
49
4
59
6
87
6
87
2
15
7
29
4
49
4
8
7
74
4
18
0
90
7
34
5
7
7
39
7
99
4
69
6
94
0
80
5
65
7
49
7
96
4
9
4
28
0
80
1
34
4
29
8
78
8
65
6
29
4
79
6
6
5
39
5
89
7
97
8
66
5
8
5
19
5
54
4
91
7
82
6
19
5
19
6
88
7
58
4
9
5
99
5
77
4
29
8
30
8
40
1
99
5
38
7
89
7
79
8
98
8
57
7
39
5
39
6
94
5
38
7
78
6
49
0
90
5
39
6
99
6
39
6
64
7
8
5
49
5
54
6
94
5
36
4
79
5
59
4
78
4
49
6
96
8
96
8
68
5
84
7
99
4
49
8
90
0
74
8
89
8
27
5
59
6
99
7
22
7
19
5
98
4
74
7
76
7
39
5
89
7
69
5
59
7
57
5
77
5
69
5
9
7
68
8
19
8
36
8
90
8
85
5
39
6
99
8
37
8
30
8
99
4
9
4
29
4
5
7
37
4
28
6
9
5
69
7
7
8
48
7
67
4
8
7
89
4
78
5
39
7
5
4
26
6
96
4
79
4
89
7
87
4
69
8
90
8
20
7
54
5
69
4
99
4
69
7
36
4
39
8
87
6
97
8
47
6
79
4
4
4
45
4
89
8
90
6
16
6
8
4
36
7
27
4
99
6
29
6
99
0
0
6
4
0
0
6
36
2
45
6
9
4
99
5
56
7
49
6
49
7
48
4
24
6
98
7
36
6
39
7
59
7
67
7
29
6
84
7
16
4
49
5
24
7
19
4
6
8
39
5
69
6
49
5
4
4
99
7
38
1
75
5
18
4
29
0
70
6
16
7
86
6
46
8
20
8
80
5
59
8
80
4
79
8
80
5
89
0
0
7
56
8
27
7
39
0
30
7
77
6
35
5
69
4
77
7
48
8
6
7
37
6
58
7
79
8
10
5
79
4
39
8
90
8
55
1
77
7
18
6
49
4
39
8
80
6
99
4
58
5
29
4
35
6
17
1
59
7
67
8
95
5
96
5
39
4
47
7
89
4
64
5
57
2
96
6
4
6
3
5
48
7
67
7
78
4
79
6
29
6
59
6
14
7
4
7
79
8
80
4
29
5
54
8
5
5
87
6
2
7
59
8
50
8
36
4
97
8
50
5
99
8
99
4
99
4
88
6
89
3
76
6
9
7
74
4
94
8
20
5
38
5
49
5
35
8
18
7
78
5
39
5
99
8
59
4
46
8
99
5
86
6
19
7
56
4
87
7
35
4
67
4
56
5
39
6
57
6
15
4
59
6
68
4
28
4
24
6
86
6
69
6
19
7
88
7
39
5
14
6
79
6
99
8
66
1
99
8
90
7
9
5
89
7
14
4
5
0
59
8
57
8
52
4
99
5
34
6
37
4
69
6
19
7
79
6
79
6
99
7
99
5
7
4
77
4
9
7
87
6
86
4
29
6
49
7
54
5
89
4
19
5
69
6
74
8
99
6
29
6
59
7
44
6
34
7
9
7
39
8
9
6
46
7
14
6
14
7
4
5
89
4
49
5
79
4
45
7
74
6
97
6
89
8
57
5
29
6
58
6
4
7
64
8
70
6
59
5
79
6
44
6
49
6
89
5
99
4
59
4
88
4
69
5
29
6
26
8
35
4
57
7
26
4
79
7
58
4
36
6
64
6
49
6
95
8
90
4
16
6
99
7
84
7
24
5
76
7
9
7
38
4
42
8
80
4
68
5
88
7
56
7
59
4
79
4
84
5
77
8
16
8
45
5
64
8
8
8
79
2
7
4
29
8
88
4
4
6
86
6
99
4
79
6
47
7
59
7
5
6
78
8
80
5
68
7
89
5
9
4
89
4
15
7
39
8
59
7
59
8
16
4
89
8
96
7
95
7
47
7
49
6
86
8
46
5
39
4
75
8
70
4
79
5
19
5
79
6
89
1
65
8
85
5
9
8
76
8
20
6
95
4
47
4
67
6
97
4
96
8
80
6
48
4
59
5
19
7
19
4
89
5
7
4
18
7
98
7
39
4
5
7
59
5
89
7
19
6
79
4
79
0
75
6
9
4
99
8
8
4
76
7
4
1
49
5
38
8
70
4
99
6
99
5
39
6
5
3
59
8
19
5
69
6
58
5
29
6
9
7
5
8
19
8
18
5
14
7
19
6
44
4
65
6
66
8
87
0
90
3
9
5
27
7
69
4
67
4
46
5
49
8
80
8
42
7
89
7
34
7
88
8
30
4
79
4
65
4
99
8
50
6
49
7
87
7
4
5
19
7
54
4
37
4
58
8
75
4
81
7
59
8
99
6
84
8
86
8
9
5
9
5
39
7
35
5
59
4
5
0
59
8
65
7
39
6
19
5
46
6
69
7
36
6
79
8
70
4
48
7
88
7
29
8
9
4
94
6
29
7
29
4
29
8
50
6
69
4
59
8
8
5
18
4
92
7
87
7
16
8
99
6
74
7
36
7
98
