9
99
11
23
9
72
9
64
9
99
9
73
0
10
9
74
10
82
9
34
9
72
11
23
9
64
9
64
9
64
9
62
9
62
9
73
9
64
9
12
10
82
13
55
9
93
9
13
11
53
9
31
12
54
9
81
9
64
10
52
9
73
11
83
9
43
9
99
9
72
14
26
9
10
9
93
9
99
14
56
9
33
9
42
11
23
9
73
9
50
9
14
9
74
9
81
9
13
9
43
9
32
9
34
9
99
9
73
9
93
9
99
9
73
9
34
9
34
9
14
9
99
9
14
9
31
9
32
0
20
9
64
11
23
9
99
9
74
9
40
9
14
9
41
9
42
9
44
9
94
9
42
9
80
9
99
9
44
9
12
9
70
9
73
9
72
12
84
0
80
9
13
9
63
9
99
9
74
9
64
12
84
9
94
9
99
9
64
9
99
9
30
9
99
9
61
9
81
9
99
9
99
9
99
9
14
9
32
9
72
11
53
9
80
9
14
9
94
9
34
9
62
9
32
9
34
9
92
11
83
12
84
9
92
9
74
9
32
9
61
11
23
11
53
12
54
9
72
12
24
9
74
9
63
9
93
9
94
9
34
9
14
9
14
9
42
11
53
9
44
11
23
9
99
10
82
9
13
10
52
12
54
14
56
11
23
9
72
9
94
9
63
9
21
12
84
9
12
9
32
0
10
9
11
11
83
0
80
9
99
9
99
9
34
10
52
9
99
10
52
11
83
9
34
9
43
11
23
11
23
10
82
9
31
9
12
13
55
9
94
12
54
9
74
12
24
9
99
9
12
8
15
9
44
9
34
11
23
11
83
9
61
9
92
9
71
10
22
9
74
14
86
9
93
9
14
9
93
9
14
9
64
9
74
9
99
11
53
9
14
9
91
9
32
12
24
9
74
9
99
12
54
9
99
9
43
9
42
14
56
13
55
9
99
9
63
9
1
9
11
9
94
0
30
11
53
9
32
9
92
9
99
10
82
0
30
9
50
9
93
9
93
9
99
9
32
9
11
9
72
9
72
9
73
9
99
9
64
9
99
9
33
9
34
10
22
9
34
9
21
9
64
11
83
9
33
12
54
9
44
13
25
9
34
9
12
9
94
0
70
9
34
9
81
9
99
9
99
9
99
11
83
9
11
12
84
9
14
9
34
11
83
9
94
13
85
9
44
10
52
9
44
0
90
9
73
9
33
9
14
9
74
9
64
11
83
9
44
9
34
10
22
9
93
9
31
9
92
9
99
10
82
9
50
9
92
10
82
9
99
9
34
9
43
9
62
9
10
9
71
9
72
9
32
0
40
12
24
9
72
11
23
9
92
9
99
9
34
9
32
9
90
9
99
9
13
9
62
9
32
9
14
9
99
9
31
9
73
9
99
9
63
9
33
9
99
12
24
9
72
9
42
12
54
9
90
9
12
13
25
9
33
9
11
9
34
9
61
9
42
13
85
9
93
9
64
9
99
12
54
9
12
9
60
9
20
9
73
9
64
9
32
10
22
9
92
11
23
9
61
9
14
12
24
9
64
9
74
9
62
9
44
11
53
9
34
9
31
2
39
9
62
9
34
0
60
9
99
9
62
12
24
9
33
0
0
9
51
3
30
9
41
11
83
9
74
9
44
12
24
9
41
9
64
9
94
9
99
1
89
9
99
10
22
9
10
9
72
9
34
10
82
1
79
9
99
13
25
1
49
9
93
9
20
4
28
9
71
9
99
9
99
9
11
9
73
9
62
9
62
9
81
9
12
9
94
4
79
11
83
9
13
9
73
9
12
11
23
9
72
2
79
9
12
10
82
9
99
9
99
10
52
9
14
9
94
10
22
9
61
0
12
9
74
12
84
9
34
9
94
9
14
10
22
9
91
11
23
9
14
9
33
14
26
9
81
11
83
9
14
9
73
9
63
9
99
9
61
9
72
9
99
0
30
11
83
9
94
9
33
9
14
9
14
0
40
9
20
9
50
9
44
9
20
11
23
9
34
9
99
9
13
9
73
9
44
9
94
9
64
11
23
12
54
9
62
9
93
9
93
2
19
9
34
10
52
9
12
9
80
10
22
0
90
9
40
9
13
9
44
9
99
9
72
9
99
0
80
9
71
13
55
9
99
9
12
9
32
0
80
1
39
9
32
12
84
9
71
9
34
10
82
9
12
9
43
9
93
9
99
9
72
9
13
11
23
11
52
9
91
13
82
12
24
11
23
9
94
9
58
9
12
9
99
11
83
4
29
9
34
9
44
1
99
9
43
9
94
13
85
9
99
9
63
9
44
9
43
9
99
9
43
12
84
12
54
0
90
9
43
9
99
9
44
9
70
9
14
11
53
9
60
9
99
9
42
10
82
9
63
10
82
10
52
9
99
9
99
9
74
9
90
9
99
10
52
9
94
0
74
9
94
9
33
9
63
9
99
13
22
13
25
9
99
9
80
10
82
9
44
9
93
9
74
9
63
9
63
11
83
9
73
9
13
9
74
13
25
9
42
9
94
9
91
9
43
9
99
9
43
9
34
9
99
9
12
9
32
9
11
9
43
9
32
9
14
9
73
9
7
12
54
9
73
9
12
9
94
10
82
9
43
9
11
9
32
9
99
10
82
9
92
9
93
9
72
9
94
14
26
9
60
9
73
9
99
9
72
9
42
9
42
9
93
9
97
11
53
12
84
9
10
9
51
9
92
9
94
9
16
9
14
9
42
9
33
9
99
9
34
9
99
0
0
9
10
0
0
9
42
2
45
9
14
9
99
9
62
13
55
12
54
12
54
9
30
9
99
9
42
9
44
9
64
9
73
9
34
9
90
10
22
10
52
9
30
13
25
9
12
9
44
9
73
12
54
9
10
9
99
9
44
1
79
11
23
9
32
0
70
10
22
9
92
10
52
14
26
14
86
9
63
14
86
10
82
14
86
9
93
0
0
9
62
9
33
9
44
0
30
11
83
9
41
9
73
10
82
9
48
9
12
9
43
9
64
13
85
9
14
11
83
9
42
9
94
9
61
1
79
12
24
12
54
9
42
14
86
9
99
9
62
9
33
9
41
11
23
1
59
9
73
9
99
9
99
9
43
10
52
9
94
9
70
9
63
2
99
9
10
9
3
11
53
9
73
12
84
10
82
9
34
9
64
9
20
9
10
13
85
14
86
9
32
9
60
9
11
9
93
9
2
9
64
14
56
9
42
9
99
14
56
9
99
9
99
9
99
9
92
9
94
3
79
9
14
9
80
9
99
14
26
9
43
11
53
9
41
12
24
12
84
9
43
9
99
9
64
10
52
9
99
9
92
12
24
9
62
4
89
9
41
9
72
4
59
9
43
9
63
9
21
9
62
9
74
9
32
9
30
9
92
9
74
12
24
9
94
9
44
9
20
12
84
9
99
9
72
1
99
9
94
9
14
9
93
9
20
9
11
0
59
9
63
14
52
9
99
9
40
9
43
4
69
12
24
13
85
12
84
9
99
9
99
9
13
10
82
9
12
9
93
9
92
9
32
12
54
13
52
9
93
10
22
9
73
9
80
9
99
9
34
9
64
9
50
9
40
9
14
9
44
9
14
10
52
9
20
9
20
9
10
9
93
10
52
11
83
9
51
9
80
9
99
9
94
9
63
9
33
9
64
9
10
9
70
9
74
9
64
11
83
9
50
12
54
9
94
9
99
9
62
9
92
9
72
9
33
9
32
9
41
9
62
9
32
4
79
9
64
9
42
9
70
12
54
9
99
9
94
10
22
9
99
9
90
9
30
10
82
9
14
9
44
9
42
14
86
4
69
9
93
9
62
9
64
10
82
9
90
11
83
10
22
9
51
9
70
9
14
13
85
2
9
9
32
9
88
9
10
9
92
9
99
10
82
11
53
9
64
9
11
12
84
14
86
9
73
9
94
9
13
9
92
9
21
9
44
9
64
9
64
10
22
9
92
9
99
9
99
11
53
13
55
9
92
10
52
9
43
4
75
9
74
10
82
11
23
11
83
9
94
1
69
9
91
9
13
9
76
14
26
9
99
10
52
9
72
9
99
9
99
14
86
12
54
9
62
11
23
13
25
9
92
9
13
10
22
9
99
9
44
9
11
9
64
9
93
13
25
12
84
10
82
0
75
9
14
9
99
9
14
10
82
9
10
1
49
9
43
9
74
9
99
9
99
9
43
9
11
3
59
13
25
9
73
9
64
9
33
9
14
9
11
13
25
12
24
9
14
13
25
9
50
9
71
9
72
9
93
0
90
3
9
9
33
9
74
9
72
10
52
11
53
14
86
9
42
9
94
9
40
9
94
9
34
10
82
9
71
9
99
14
56
12
54
9
93
9
10
11
23
9
60
9
42
9
58
9
81
10
81
9
64
9
99
9
90
9
92
9
14
9
13
9
43
9
41
9
63
9
11
0
59
9
71
9
44
12
24
10
52
9
74
9
42
12
84
9
74
9
48
9
94
9
34
9
14
9
99
9
34
9
34
4
29
14
56
9
74
9
62
9
8
11
23
9
92
9
93
10
22
9
99
9
80
9
42
9
99
