3
98
1
14
0
67
4
57
4
90
1
69
0
10
4
68
0
79
2
25
2
62
2
13
4
57
4
55
4
56
1
52
0
57
1
68
2
57
0
8
2
72
4
45
1
86
3
3
1
43
1
21
3
44
1
71
4
58
0
47
4
63
1
77
1
35
2
99
0
64
4
19
1
0
1
89
3
90
4
49
4
23
0
34
1
19
1
63
1
40
3
5
4
67
0
71
1
6
1
36
0
24
3
26
3
93
4
63
1
88
4
97
4
63
4
27
3
27
4
7
2
98
2
8
4
21
0
27
0
20
4
57
1
14
1
92
4
64
1
30
2
8
0
31
1
32
3
39
2
88
0
32
4
70
3
92
3
37
0
8
1
60
1
68
3
62
3
74
0
80
1
9
1
54
0
94
3
67
2
57
2
76
4
87
3
98
2
56
2
95
2
20
2
94
3
51
1
71
2
94
1
90
0
91
2
8
0
23
0
62
2
43
1
70
4
8
2
89
2
29
0
56
0
27
2
26
0
82
1
77
4
74
0
84
2
65
0
23
1
51
4
13
3
43
2
44
0
63
2
17
4
64
1
59
1
85
4
85
4
24
2
9
2
8
0
35
1
43
3
39
1
19
3
90
1
72
2
3
0
44
2
45
4
47
4
13
2
62
3
84
1
55
4
11
2
76
3
2
1
22
0
10
4
1
1
73
0
80
2
99
0
97
3
26
0
45
4
90
0
42
1
74
4
27
1
34
1
19
3
13
1
72
1
21
0
7
3
45
2
84
2
46
3
68
2
18
3
91
2
2
2
15
3
37
4
25
1
15
1
73
0
51
2
82
0
61
0
16
4
66
4
79
1
89
3
7
4
83
2
4
3
56
4
69
1
96
1
49
2
8
0
81
0
23
2
14
3
64
0
92
2
47
0
97
4
33
0
33
4
48
4
45
0
97
1
57
1
0
3
1
2
86
0
30
1
46
0
24
0
86
4
92
0
74
0
30
4
40
1
83
2
83
0
99
0
25
2
1
0
65
0
68
1
69
4
94
3
56
4
90
2
23
4
25
3
12
3
29
2
11
4
56
1
74
1
25
2
45
3
37
3
17
4
26
0
3
2
85
0
70
2
27
0
71
4
90
2
97
0
98
1
75
4
1
2
76
3
6
4
25
1
73
4
88
3
79
3
35
0
44
3
35
0
90
1
68
4
23
2
6
2
64
3
57
1
74
2
36
3
27
3
12
1
86
1
21
0
86
2
97
0
78
1
40
0
86
3
72
3
97
2
24
1
38
0
58
4
0
3
61
0
65
0
29
0
40
3
14
0
64
1
17
0
89
1
99
2
27
0
28
2
80
1
96
1
3
0
55
0
23
4
8
3
94
2
21
1
63
2
93
3
53
2
23
0
95
2
16
0
67
0
39
3
44
2
80
0
4
3
18
1
28
1
1
4
27
2
51
2
32
3
76
1
86
4
58
0
97
2
47
0
3
1
50
3
10
1
65
2
55
0
24
0
13
1
82
1
16
1
51
2
7
2
16
3
54
4
68
1
52
2
34
1
47
4
27
1
21
2
38
0
53
3
28
0
60
2
90
0
53
2
19
2
23
0
0
1
41
3
30
3
31
1
78
2
69
2
34
2
18
0
31
4
54
2
88
1
91
1
85
4
95
0
19
3
0
4
62
3
24
0
77
1
79
2
92
3
17
1
41
1
87
4
10
4
28
2
61
3
97
1
97
4
1
1
65
0
58
4
52
1
71
4
2
4
86
4
74
1
73
3
3
1
66
0
3
1
15
0
65
2
79
0
9
2
72
4
98
4
99
0
47
3
9
4
84
0
14
2
51
0
12
2
64
2
74
3
26
4
85
3
9
0
14
4
81
1
19
4
7
4
23
4
19
0
71
1
78
2
6
1
69
1
53
2
95
2
51
0
64
3
95
0
30
2
73
4
84
4
23
2
4
4
6
0
40
3
10
1
40
4
39
4
10
2
13
3
25
4
98
1
7
1
68
2
38
3
86
2
56
1
15
2
49
0
58
2
83
2
83
2
11
3
27
0
47
0
4
4
70
0
14
0
90
4
30
1
3
3
39
3
99
0
68
3
90
0
80
1
61
3
49
3
92
0
7
0
24
0
80
1
30
0
29
4
74
4
61
2
27
0
76
2
2
1
37
1
88
3
93
4
62
1
4
1
18
1
54
0
91
3
82
2
16
1
15
2
84
3
59
0
6
1
95
1
73
4
29
4
26
4
38
1
96
1
34
3
86
3
75
4
94
4
53
3
38
1
37
3
90
1
34
3
74
2
49
0
90
1
37
2
95
2
35
3
60
3
4
1
47
2
50
3
90
1
32
0
78
1
58
0
74
0
47
2
92
4
92
4
64
2
80
3
98
0
45
4
87
0
74
4
85
4
23
1
59
2
95
3
22
3
17
1
94
1
70
3
72
3
38
1
88
3
65
1
59
3
53
1
73
1
68
1
7
3
64
4
15
4
32
4
86
4
81
1
38
2
95
4
33
4
26
4
95
0
5
0
25
0
1
3
33
0
24
2
5
1
65
3
7
4
44
3
63
0
4
3
89
0
74
1
38
3
1
0
22
2
92
0
76
0
85
3
83
0
67
4
89
4
17
4
50
1
68
0
98
0
66
3
32
0
37
4
83
2
97
4
43
2
77
1
0
0
41
0
86
4
89
2
16
2
4
0
32
3
23
0
97
2
29
2
98
0
0
3
0
0
0
2
32
2
45
2
6
0
96
1
52
3
46
2
46
3
44
1
20
2
94
3
32
2
36
3
58
3
63
3
29
3
80
3
12
0
47
2
20
3
18
0
2
4
35
1
66
2
46
2
0
0
95
3
34
1
71
1
14
0
28
0
70
2
12
3
82
2
42
4
19
4
78
1
55
4
77
0
79
4
78
1
86
0
0
3
52
4
23
3
38
0
30
3
73
2
31
1
69
0
73
3
48
4
2
3
33
2
54
3
76
4
8
1
76
0
37
4
86
4
51
1
73
3
14
2
45
0
35
4
76
2
97
0
54
1
27
0
31
2
13
1
59
3
63
4
91
1
92
1
39
0
43
3
85
1
60
1
53
2
92
3
0
2
3
1
44
3
63
3
74
0
78
2
26
2
59
3
10
4
0
3
79
4
76
0
25
2
50
4
1
1
83
2
2
3
57
4
49
4
32
0
93
4
47
1
98
4
97
0
97
0
84
2
85
3
72
2
6
4
70
1
90
4
18
1
34
1
49
1
31
4
14
3
74
1
38
1
97
4
55
0
42
4
98
1
82
2
18
3
52
4
83
3
31
0
63
4
52
1
37
2
53
2
11
0
55
2
64
0
24
1
20
2
82
2
68
2
17
3
84
3
37
2
10
2
77
2
99
4
62
0
97
4
87
3
9
1
85
4
10
0
1
0
57
4
53
4
52
0
99
2
30
2
33
4
66
2
17
3
75
2
79
2
95
3
96
1
3
0
73
0
9
3
83
2
82
0
27
2
46
3
54
1
85
0
16
1
66
3
70
4
95
2
25
2
59
4
40
3
30
3
7
3
38
4
5
2
42
4
10
3
10
4
0
1
86
0
48
1
78
0
41
4
70
2
93
2
89
4
53
1
26
2
54
3
0
4
60
4
67
2
57
1
75
3
40
2
49
2
85
1
98
0
55
0
84
0
65
1
25
2
22
4
31
0
53
3
22
4
79
3
54
0
32
3
60
2
47
2
91
4
86
0
12
2
95
4
80
4
20
1
72
3
7
3
34
0
42
4
77
4
64
1
84
3
52
3
57
0
76
1
80
1
73
4
12
4
41
2
60
4
4
4
75
2
3
0
28
4
89
1
0
2
82
2
95
0
79
2
43
3
55
3
1
2
74
4
77
1
64
3
89
1
7
0
86
0
11
3
36
4
55
3
56
4
12
0
85
4
92
3
91
3
43
3
45
2
82
4
42
1
36
4
75
4
69
0
79
1
18
1
75
2
87
1
61
4
81
1
5
4
76
4
17
2
91
0
43
0
63
2
93
0
92
4
77
2
44
0
56
1
16
3
17
0
85
1
3
0
14
3
94
3
37
0
1
3
56
1
87
3
19
2
75
0
77
0
75
2
6
0
96
4
4
0
72
4
0
1
48
1
34
4
68
0
95
2
96
1
39
2
1
3
59
4
15
1
65
2
54
1
28
2
5
3
1
4
15
4
14
1
14
3
18
3
40
0
61
2
62
4
83
0
90
3
8
1
23
3
68
0
63
0
42
1
47
4
77
4
42
3
86
4
30
3
84
4
26
0
75
0
61
0
97
4
47
2
48
3
83
4
0
1
17
4
50
0
33
0
59
4
71
0
81
3
55
4
97
3
80
4
82
4
5
1
9
1
39
3
31
1
55
0
1
0
59
4
61
3
37
2
17
1
42
2
66
3
32
2
77
4
67
0
49
3
84
3
25
4
5
1
90
2
29
3
26
4
28
4
47
2
66
0
59
4
9
1
14
0
92
3
83
3
12
4
96
3
70
3
32
3
94
