8
99
6
19
5
69
9
61
8
95
6
69
0
10
9
71
5
79
7
29
7
67
7
18
9
61
9
60
9
61
6
57
5
59
6
69
7
59
5
9
7
77
9
50
6
89
8
8
6
48
6
26
8
49
6
76
9
61
5
49
9
68
6
79
6
39
7
99
5
69
9
21
5
5
6
89
7
95
9
51
9
28
5
39
6
19
6
68
5
45
8
10
9
71
5
76
6
9
6
39
5
29
8
30
8
98
9
68
6
89
9
99
9
68
9
31
8
30
9
11
7
99
7
9
8
26
5
29
0
20
9
61
6
19
6
97
9
69
5
35
7
9
5
36
6
37
8
40
7
89
5
37
8
75
8
97
8
40
5
9
5
65
6
69
8
67
8
79
0
80
6
9
6
59
5
99
8
70
7
59
7
79
9
91
8
99
7
59
7
99
6
25
7
99
8
56
6
76
7
99
5
95
5
96
7
9
5
28
5
67
7
48
5
75
9
11
7
89
7
29
5
59
5
29
7
29
5
87
6
79
9
79
5
89
7
69
5
28
6
56
9
18
8
48
7
49
5
68
7
19
9
69
6
59
6
89
9
90
9
29
7
9
7
9
5
39
6
48
8
40
6
19
7
95
6
77
7
8
5
49
7
49
9
51
9
18
7
67
8
89
6
59
8
16
7
79
8
7
6
27
0
10
8
6
6
78
0
80
7
99
5
99
8
30
5
49
8
95
5
47
6
79
9
31
6
39
6
19
8
18
6
77
6
26
5
9
8
50
7
89
7
49
8
70
7
19
8
96
7
7
7
15
8
40
9
30
6
19
6
78
5
56
7
87
5
66
5
19
9
71
9
81
6
89
8
10
9
88
7
9
8
60
9
71
6
99
6
49
7
9
5
86
5
28
7
19
8
69
5
97
7
49
5
99
9
38
5
38
9
51
9
50
5
99
6
59
5
1
8
6
7
89
0
30
6
49
5
29
5
89
9
97
5
79
0
30
8
45
6
88
7
88
5
99
5
29
7
6
5
69
5
69
6
69
9
99
8
60
8
95
7
28
9
30
8
17
8
30
7
16
9
61
6
79
6
29
7
49
8
40
8
20
9
31
5
8
7
89
0
70
7
29
5
76
8
95
7
99
5
99
6
79
8
6
7
79
8
10
9
30
6
78
9
91
8
80
8
40
5
49
8
40
0
90
6
69
9
28
7
9
7
69
8
60
6
79
7
39
8
30
8
17
6
89
6
26
5
89
7
99
5
79
5
45
5
89
8
77
8
99
7
29
6
39
5
59
8
5
8
66
5
69
5
29
0
40
8
19
5
69
6
19
5
89
6
99
7
29
5
29
6
85
6
99
6
8
5
59
5
28
9
11
8
99
7
26
6
68
7
98
8
58
7
28
5
99
7
19
5
69
5
39
8
49
6
85
5
9
8
20
6
29
6
6
9
31
7
56
7
37
8
80
6
89
9
61
5
99
7
49
5
8
5
55
7
15
6
69
7
59
5
29
5
18
6
87
6
19
6
56
7
9
7
19
8
59
9
71
6
57
7
39
6
49
9
31
6
26
2
39
5
58
8
30
0
60
6
95
5
58
7
19
7
28
0
0
6
46
3
30
8
36
6
79
7
69
7
39
7
19
5
36
9
59
7
89
6
96
1
89
9
99
5
19
7
5
9
67
8
29
5
79
1
79
7
97
8
20
1
46
6
89
8
15
4
28
7
66
8
99
6
99
8
6
6
69
5
59
9
57
6
76
9
7
9
91
4
79
6
78
8
8
6
69
5
8
6
19
5
69
2
79
5
9
7
77
9
99
9
99
5
49
8
10
9
89
5
19
7
56
0
12
7
69
7
79
8
30
9
90
8
10
5
19
8
86
6
19
9
11
9
28
9
21
5
76
6
79
7
9
6
69
6
58
7
99
7
56
5
69
8
99
0
30
7
78
9
89
9
28
7
9
9
11
0
40
7
15
5
45
9
41
8
15
7
18
8
30
9
99
6
9
6
69
7
39
8
90
7
59
6
19
7
49
5
59
7
88
7
88
2
16
8
30
5
49
5
9
8
75
5
19
0
90
8
35
6
8
8
40
8
99
5
69
7
95
0
80
6
66
8
50
8
97
5
9
5
29
0
80
1
35
5
29
9
79
8
66
7
29
5
79
7
7
6
39
6
89
8
98
9
67
6
9
6
19
6
54
5
91
8
82
7
19
6
19
7
89
8
58
5
9
6
99
6
78
4
29
9
31
9
41
1
99
6
39
8
90
8
80
9
99
9
58
8
40
6
39
7
95
6
39
8
79
7
49
0
90
6
39
7
99
7
39
7
65
8
9
6
49
6
55
7
95
6
37
5
79
6
59
5
79
5
49
7
97
9
97
9
69
6
85
8
99
5
49
9
91
0
74
9
90
9
28
6
59
7
99
8
22
8
20
6
99
5
75
8
77
8
40
6
89
8
70
6
59
8
58
6
78
6
69
6
9
8
69
9
20
9
37
9
91
8
86
6
39
7
99
9
38
9
31
9
99
5
9
5
29
5
6
8
38
5
29
7
9
6
69
8
7
9
49
8
68
5
9
8
90
5
79
6
39
8
6
5
27
7
97
5
79
5
89
8
88
5
69
9
91
9
21
8
55
6
69
5
99
5
69
8
37
5
39
9
88
7
97
9
48
7
79
5
5
5
46
5
89
9
91
7
16
7
9
5
37
8
28
5
99
7
29
7
99
0
0
7
5
0
0
7
37
2
45
7
9
5
99
6
57
8
50
7
49
8
49
5
25
7
99
8
37
7
39
8
60
8
68
8
30
7
85
8
17
5
49
6
25
8
20
5
7
9
40
6
69
7
49
6
5
5
99
8
39
1
76
6
19
5
29
0
70
7
17
8
87
7
47
9
21
9
81
6
59
9
81
5
79
9
81
6
89
0
0
8
57
9
28
8
40
0
30
8
78
7
36
6
69
5
78
8
48
9
7
8
38
7
59
8
80
9
11
6
79
5
39
9
91
8
56
1
78
8
19
7
49
5
39
9
81
7
99
5
59
6
29
5
36
7
18
1
59
8
68
8
96
6
97
6
39
5
48
8
90
5
65
6
58
2
97
7
5
7
3
6
49
8
68
8
79
5
79
7
29
7
59
7
15
8
5
8
80
9
81
5
29
6
55
8
6
6
88
7
2
8
60
9
51
9
37
5
98
9
51
6
99
9
99
5
99
5
89
7
89
3
77
7
9
8
75
5
95
9
21
6
39
6
49
6
36
9
19
8
79
6
39
6
99
9
60
5
47
9
99
6
87
7
19
8
57
4
88
8
36
5
68
4
57
6
39
7
58
7
16
5
59
7
69
5
29
5
25
7
87
7
69
7
19
8
89
8
40
6
15
7
79
7
99
9
67
1
99
9
91
8
10
6
89
8
15
5
6
0
59
9
58
9
52
5
99
6
35
7
38
4
69
7
19
8
80
7
79
7
99
8
99
6
8
5
78
5
9
8
88
7
87
5
29
7
49
8
54
6
89
5
19
6
69
7
75
9
99
7
29
7
59
8
45
7
35
8
10
8
40
9
10
7
47
8
15
7
15
8
5
6
89
5
49
6
79
5
46
8
75
7
98
7
89
9
58
6
29
7
59
7
5
8
65
9
71
7
59
6
79
7
45
7
49
7
89
6
99
5
59
5
89
5
69
6
29
7
27
8
36
5
58
8
27
4
79
8
59
5
37
7
65
7
49
7
96
9
91
5
17
7
99
8
85
8
25
6
77
8
10
8
39
5
42
9
81
4
69
6
89
8
57
8
60
5
79
5
85
6
78
9
17
8
46
6
65
9
9
9
80
2
8
5
29
9
88
5
5
7
87
7
99
5
79
7
48
8
60
8
6
7
79
9
81
6
69
8
90
6
9
5
89
5
16
8
40
9
60
8
60
9
17
5
89
9
97
8
96
8
48
8
50
7
87
9
47
6
39
4
75
9
71
5
79
6
19
6
79
7
89
1
66
8
86
6
9
9
76
9
21
7
96
5
48
5
68
7
98
5
97
9
81
7
49
5
59
6
19
8
20
5
89
6
8
5
19
8
99
8
40
5
6
8
60
6
89
8
20
7
79
5
79
0
75
7
9
5
99
9
9
5
77
8
5
1
49
6
39
9
71
5
99
7
99
6
39
7
6
3
59
9
20
6
69
7
59
6
29
7
9
8
6
9
20
9
19
6
14
8
20
7
45
5
66
7
67
9
88
0
90
3
9
6
28
8
70
5
68
5
47
6
49
9
81
9
42
8
90
8
35
8
89
9
31
5
79
5
66
5
99
9
51
7
49
8
88
8
5
6
19
8
55
5
38
5
58
8
76
5
81
8
60
9
99
7
85
9
87
9
10
6
9
6
39
8
36
6
59
5
6
0
59
8
66
8
40
7
19
6
47
7
69
8
37
7
79
9
71
5
48
8
89
8
30
9
10
5
95
7
29
8
30
4
29
9
51
7
69
5
59
9
8
6
19
5
92
8
88
8
17
9
99
7
75
8
37
8
99
