9
99
14
26
9
74
9
64
9
99
9
74
0
10
9
74
13
85
9
34
9
74
14
26
9
64
9
64
9
64
9
64
9
64
9
74
9
64
9
14
13
85
16
58
9
94
9
14
14
56
9
34
15
57
12
84
9
64
13
55
9
74
14
86
9
44
9
99
9
74
17
29
9
13
9
94
9
99
17
59
9
34
9
44
14
26
9
74
11
53
9
14
9
74
12
84
9
14
9
44
9
34
9
34
9
99
9
74
9
94
9
99
9
74
9
34
9
34
9
14
9
99
9
14
9
34
9
34
0
20
9
64
14
26
9
99
9
74
9
43
9
14
9
44
9
44
9
44
9
94
9
44
11
83
9
99
9
44
9
14
9
73
9
74
9
74
15
87
0
80
9
14
9
64
9
99
9
74
9
64
15
87
9
94
9
99
9
64
9
99
9
33
9
99
9
64
12
84
9
99
9
99
9
99
9
14
9
34
9
74
14
56
11
83
9
14
9
94
9
34
9
64
9
34
9
34
9
94
14
86
15
87
9
94
9
74
9
34
9
64
14
26
14
56
15
57
9
74
15
27
9
74
9
64
9
94
9
94
9
34
9
14
9
14
9
44
14
56
9
44
14
26
9
99
13
85
9
14
13
55
15
57
17
59
14
26
9
74
9
94
9
64
12
24
15
87
9
14
9
34
0
10
9
14
14
86
0
80
9
99
9
99
9
34
13
55
9
99
13
55
14
86
9
34
9
44
14
26
14
26
13
85
9
34
9
14
16
58
9
94
15
57
9
74
15
27
9
99
9
14
8
15
9
44
9
34
14
26
14
86
9
64
9
94
9
74
13
25
9
74
17
89
9
94
9
14
9
94
9
14
9
64
9
74
9
99
14
56
9
14
9
94
9
34
15
27
9
74
9
99
15
57
9
99
9
44
9
44
17
59
16
58
9
99
9
64
9
1
9
14
9
94
0
30
14
56
9
34
9
94
9
99
13
85
0
30
11
53
9
94
9
94
9
99
9
34
9
14
9
74
9
74
9
74
9
99
9
64
9
99
9
34
9
34
13
25
9
34
12
24
9
64
14
86
9
34
15
57
9
44
16
28
9
34
9
14
9
94
0
70
9
34
12
84
9
99
9
99
9
99
14
86
9
14
15
87
9
14
9
34
14
86
9
94
16
88
9
44
13
55
9
44
0
90
9
74
9
34
9
14
9
74
9
64
14
86
9
44
9
34
13
25
9
94
9
34
9
94
9
99
13
85
11
53
9
94
13
85
9
99
9
34
9
44
9
64
9
13
9
74
9
74
9
34
0
40
15
27
9
74
14
26
9
94
9
99
9
34
9
34
9
93
9
99
9
14
9
64
9
34
9
14
9
99
9
34
9
74
9
99
9
64
9
34
9
99
15
27
9
74
9
44
15
57
9
93
9
14
16
28
9
34
9
14
9
34
9
64
9
44
16
88
9
94
9
64
9
99
15
57
9
14
9
63
11
23
9
74
9
64
9
34
13
25
9
94
14
26
9
64
9
14
15
27
9
64
9
74
9
64
9
44
14
56
9
34
9
34
2
39
9
64
9
34
0
60
9
99
9
64
15
27
9
34
0
0
12
54
3
30
9
44
14
86
9
74
9
44
15
27
9
44
9
64
9
94
9
99
1
89
9
99
13
25
9
13
9
74
9
34
13
85
1
79
9
99
16
28
1
49
9
94
11
23
4
28
9
74
9
99
9
99
9
14
9
74
9
64
9
64
12
84
9
14
9
94
4
79
14
86
9
14
9
74
9
14
14
26
9
74
2
79
9
14
13
85
9
99
9
99
13
55
9
14
9
94
13
25
9
64
0
12
9
74
15
87
9
34
9
94
9
14
13
25
9
94
14
26
9
14
9
34
17
29
12
84
14
86
9
14
9
74
9
64
9
99
9
64
9
74
9
99
0
30
14
86
9
94
9
34
9
14
9
14
0
40
11
23
11
53
9
44
11
23
14
26
9
34
9
99
9
14
9
74
9
44
9
94
9
64
14
26
15
57
9
64
9
94
9
94
2
19
9
34
13
55
9
14
11
83
13
25
0
90
9
43
9
14
9
44
9
99
9
74
9
99
0
80
9
74
16
58
9
99
9
14
9
34
0
80
1
39
9
34
15
87
9
74
9
34
13
85
9
14
9
44
9
94
9
99
9
74
9
14
14
26
14
52
9
91
16
82
15
27
14
26
9
94
9
58
9
14
9
99
14
86
4
29
9
34
9
44
1
99
9
44
9
94
16
88
9
99
9
64
9
44
9
44
9
99
9
44
15
87
15
57
0
90
9
44
9
99
9
44
9
73
9
14
14
56
9
63
9
99
9
44
13
85
9
64
13
85
13
55
9
99
9
99
9
74
9
93
9
99
13
55
9
94
0
74
9
94
9
34
9
64
9
99
16
22
16
28
9
99
11
83
13
85
9
44
9
94
9
74
9
64
9
64
14
86
9
74
9
14
9
74
16
28
9
44
9
94
9
94
9
44
9
99
9
44
9
34
9
99
9
14
9
34
9
14
9
44
9
34
9
14
9
74
9
7
15
57
9
74
9
14
9
94
13
85
9
44
9
14
9
34
9
99
13
85
9
94
9
94
9
74
9
94
17
29
9
63
9
74
9
99
9
74
9
44
9
44
9
94
9
97
14
56
15
87
9
13
12
54
9
94
9
94
9
16
9
14
9
44
9
34
9
99
9
34
9
99
0
0
9
13
0
0
9
44
2
45
9
14
9
99
9
64
16
58
15
57
15
57
9
33
9
99
9
44
9
44
9
64
9
74
9
34
9
93
13
25
13
55
9
33
16
28
9
14
9
44
9
74
15
57
9
13
9
99
9
44
1
79
14
26
9
34
0
70
13
25
9
94
13
55
17
29
17
89
9
64
17
89
13
85
17
89
9
94
0
0
9
64
9
34
9
44
0
30
14
86
9
44
9
74
13
85
9
48
9
14
9
44
9
64
16
88
9
14
14
86
9
44
9
94
9
64
1
79
15
27
15
57
9
44
17
89
9
99
9
64
9
34
9
44
14
26
1
59
9
74
9
99
9
99
9
44
13
55
9
94
9
73
9
64
2
99
9
13
9
3
14
56
9
74
15
87
13
85
9
34
9
64
11
23
9
13
16
88
17
89
9
34
9
63
9
14
9
94
9
2
9
64
17
59
9
44
9
99
17
59
9
99
9
99
9
99
9
94
9
94
3
79
9
14
11
83
9
99
17
29
9
44
14
56
9
44
15
27
15
87
9
44
9
99
9
64
13
55
9
99
9
94
15
27
9
64
4
89
9
44
9
74
4
59
9
44
9
64
12
24
9
64
9
74
9
34
9
33
9
94
9
74
15
27
9
94
9
44
11
23
15
87
9
99
9
74
1
99
9
94
9
14
9
94
11
23
9
14
0
59
9
64
17
52
9
99
9
43
9
44
4
69
15
27
16
88
15
87
9
99
9
99
9
14
13
85
9
14
9
94
9
94
9
34
15
57
16
52
9
94
13
25
9
74
11
83
9
99
9
34
9
64
11
53
9
43
9
14
9
44
9
14
13
55
11
23
11
23
9
13
9
94
13
55
14
86
12
54
11
83
9
99
9
94
9
64
9
34
9
64
9
13
9
73
9
74
9
64
14
86
11
53
15
57
9
94
9
99
9
64
9
94
9
74
9
34
9
34
9
44
9
64
9
34
4
79
9
64
9
44
9
73
15
57
9
99
9
94
13
25
9
99
9
93
9
33
13
85
9
14
9
44
9
42
17
89
4
69
9
94
9
64
9
64
13
85
9
93
14
86
13
25
12
54
9
73
9
14
16
88
2
9
9
34
9
88
9
13
9
94
9
99
13
85
14
56
9
64
9
14
15
87
17
89
9
74
9
94
9
14
9
94
12
24
9
44
9
64
9
64
13
25
9
94
9
99
9
99
14
56
16
58
9
94
13
55
9
44
4
75
9
74
13
85
14
26
14
86
9
94
1
69
9
94
9
14
9
76
17
29
9
99
13
55
9
74
9
99
9
99
17
89
15
57
9
64
14
26
16
28
9
94
9
14
13
25
9
99
9
44
9
14
9
64
9
94
16
28
15
87
13
85
0
75
9
14
9
99
9
14
13
85
9
13
1
49
9
44
9
74
9
99
9
99
9
44
9
14
3
59
16
28
9
74
9
64
9
34
9
14
9
14
16
28
15
27
9
14
16
28
11
53
9
74
9
74
9
94
0
90
3
9
9
34
9
74
9
74
13
55
14
56
17
89
9
42
9
94
9
43
9
94
9
34
13
85
9
74
9
99
17
59
15
57
9
94
9
13
14
26
9
63
9
44
9
58
12
84
13
81
9
64
9
99
9
93
9
94
9
14
9
14
9
44
9
44
9
64
9
14
0
59
9
74
9
44
15
27
13
55
9
74
9
44
15
87
9
74
9
48
9
94
9
34
9
14
9
99
9
34
9
34
4
29
17
59
9
74
9
64
9
8
14
26
9
92
9
94
13
25
9
99
11
83
9
44
9
99
