9
99
8
20
7
69
9
63
9
97
8
70
0
10
9
73
7
79
9
31
9
69
9
20
9
63
9
62
9
63
8
59
7
59
8
70
9
61
7
9
9
79
10
52
8
90
9
10
8
50
8
28
9
51
8
78
9
63
7
49
9
70
8
80
8
40
9
99
7
69
11
23
7
7
8
90
9
97
11
53
9
30
7
39
8
20
8
70
7
47
9
12
9
73
7
78
8
10
8
40
7
29
9
32
9
99
9
70
8
90
9
99
9
70
9
33
9
32
9
13
9
99
9
11
9
28
7
29
0
20
9
63
8
20
8
99
9
71
7
37
9
11
7
38
8
39
9
42
9
91
7
39
9
77
9
99
9
42
7
9
7
67
8
70
9
69
9
81
0
80
8
10
8
60
7
99
9
72
9
61
9
81
9
93
9
99
9
61
9
99
8
27
9
99
9
58
8
78
9
99
7
97
7
98
9
11
7
29
7
69
9
50
7
77
9
13
9
91
9
31
7
59
7
29
9
31
7
89
8
80
9
81
7
89
9
71
7
29
8
58
9
20
9
50
9
51
7
69
9
21
9
71
8
60
8
90
9
92
9
31
9
11
9
11
7
39
8
50
9
42
8
20
9
97
8
79
9
10
7
49
9
51
11
53
9
20
9
69
9
91
8
60
9
18
9
81
9
9
8
29
0
10
9
8
8
80
0
80
9
99
7
99
9
32
7
49
9
97
7
49
8
80
9
33
8
40
8
20
9
20
8
79
8
28
7
9
10
52
9
91
9
51
9
72
9
21
9
98
9
9
8
15
9
42
9
32
8
20
8
80
7
58
9
89
7
68
7
19
9
73
11
83
8
90
9
12
9
90
9
11
9
62
9
73
8
99
8
50
9
11
7
88
7
29
9
21
9
71
7
99
9
51
7
99
9
40
7
39
11
53
10
52
7
99
8
60
7
1
9
8
9
91
0
30
8
50
7
29
7
89
9
99
7
79
0
30
9
47
8
90
9
90
7
99
7
29
9
8
7
69
7
69
8
70
9
99
9
62
9
97
9
30
9
32
9
19
9
32
9
18
9
63
8
80
8
30
9
51
9
42
10
22
9
33
7
9
9
91
0
70
9
31
7
78
9
97
9
99
7
99
8
80
9
8
9
81
9
12
9
32
8
80
9
93
10
82
9
42
7
49
9
42
0
90
8
70
9
30
9
11
9
71
9
62
8
80
9
41
9
32
9
19
8
90
8
28
7
89
9
99
7
79
7
47
7
89
9
79
9
99
9
31
8
40
7
59
9
7
9
68
7
69
7
29
0
40
9
21
7
69
8
20
7
89
8
99
9
31
7
29
8
87
8
99
8
10
7
59
7
29
9
13
9
99
9
28
8
70
9
99
9
60
9
30
7
99
9
21
7
69
7
39
9
51
8
87
7
9
10
22
8
30
8
8
9
33
9
58
9
39
10
82
8
90
9
63
7
99
9
51
7
9
7
57
9
17
8
70
9
61
7
29
7
19
8
89
8
20
8
58
9
11
9
21
9
61
9
73
8
59
9
41
8
50
9
33
8
28
2
39
7
59
9
32
0
60
8
97
7
59
9
21
9
30
0
0
8
48
3
30
9
38
8
80
9
71
9
41
9
21
7
38
9
61
9
91
8
98
1
89
9
99
7
19
9
7
9
69
9
31
7
79
1
79
9
99
10
22
1
48
8
90
9
17
4
28
9
68
9
99
8
99
9
8
8
70
7
59
9
59
8
78
9
9
9
93
4
79
8
80
9
10
8
70
7
9
8
20
7
69
2
79
7
9
9
79
9
99
9
99
7
49
9
12
9
91
7
19
9
58
0
12
9
71
9
81
9
32
9
92
9
12
7
19
9
88
8
20
9
13
9
30
11
23
7
78
8
80
9
11
8
70
8
60
9
99
9
58
7
69
9
99
0
30
9
80
9
91
9
30
9
11
9
13
0
40
9
17
7
47
9
43
9
17
9
20
9
32
9
99
8
10
8
70
9
41
9
92
9
61
8
20
9
51
7
59
9
90
9
90
2
18
9
32
7
49
7
9
9
77
7
19
0
90
9
37
8
10
9
42
9
99
7
69
9
97
0
80
8
68
10
52
9
99
7
9
7
29
0
80
1
37
7
29
9
81
9
68
9
31
7
79
9
9
8
40
8
90
9
99
9
69
8
10
8
20
8
54
7
91
10
82
9
21
8
20
9
91
9
58
7
9
8
99
8
80
4
29
9
33
9
43
1
99
8
40
9
92
10
82
9
99
9
60
9
42
8
40
9
97
8
40
9
81
9
51
0
90
8
40
9
99
9
41
9
67
9
11
8
50
8
57
9
97
8
39
7
79
8
60
7
79
7
49
9
99
9
99
9
71
8
87
9
99
7
49
9
93
0
74
9
92
9
30
8
60
9
99
10
22
10
22
8
99
7
77
9
79
9
42
8
90
9
72
8
60
9
60
8
80
8
70
8
10
9
71
10
22
9
39
9
93
9
88
8
40
9
99
9
40
9
33
9
99
7
9
7
29
7
8
9
40
7
29
9
11
8
70
9
7
9
51
9
70
7
9
9
92
7
79
8
40
9
8
7
29
9
99
7
79
7
89
9
90
7
69
9
93
11
23
9
57
8
70
7
99
7
69
9
39
7
39
9
90
9
97
9
50
9
81
7
7
7
48
7
89
9
93
9
16
9
11
7
39
9
30
7
99
9
31
9
99
0
0
9
7
0
0
9
39
2
45
9
11
7
99
8
59
10
52
9
51
9
51
7
27
9
99
9
39
9
41
9
62
9
70
9
32
9
87
9
19
7
49
8
27
10
22
7
9
9
42
8
70
9
51
8
7
7
99
9
41
1
78
8
20
7
29
0
70
9
19
9
89
9
49
11
23
11
83
8
60
11
83
7
79
11
83
8
90
0
0
9
59
9
30
9
42
0
30
9
80
9
38
8
70
7
79
9
48
9
9
9
40
9
61
10
82
9
13
8
80
7
39
9
93
9
58
1
79
9
21
9
51
7
39
11
83
9
99
7
59
8
30
7
38
9
20
1
59
9
70
9
98
8
99
8
40
7
49
9
92
7
67
8
60
2
99
9
7
9
3
8
50
9
70
9
81
7
79
9
31
9
61
9
17
9
7
10
82
11
83
7
29
8
57
9
8
8
90
9
2
9
62
11
53
9
39
7
99
11
53
8
99
9
99
7
99
7
89
9
91
3
79
9
11
9
77
7
97
11
23
8
40
8
50
8
38
9
21
9
81
8
40
8
99
9
62
7
49
9
99
8
89
9
21
9
59
4
89
9
38
7
69
4
59
8
40
9
60
9
18
7
59
9
71
7
29
7
27
9
89
9
71
9
21
9
91
9
42
8
17
9
81
9
99
9
69
1
99
9
93
9
12
8
90
9
17
7
8
0
59
9
60
11
52
7
99
8
37
9
40
4
69
9
21
10
82
9
81
9
99
9
99
8
10
7
79
7
9
9
90
9
89
7
29
9
51
10
52
8
90
7
19
8
70
9
77
9
99
9
31
9
61
9
47
9
37
9
12
9
42
9
12
9
49
9
17
9
17
9
7
8
90
7
49
8
80
7
48
9
77
9
99
9
91
9
60
8
30
9
61
9
7
9
67
9
73
9
61
8
80
9
47
9
51
9
91
8
99
7
59
7
89
7
69
8
30
9
29
9
38
7
59
9
29
4
79
9
61
7
39
9
67
9
51
9
98
9
93
7
19
9
99
9
87
9
27
8
79
9
12
9
41
7
42
11
83
4
69
8
90
9
59
9
62
7
79
7
87
8
80
9
19
9
48
8
67
9
11
10
82
2
9
7
29
9
88
7
7
9
89
9
99
7
79
9
50
9
62
9
8
9
81
11
83
8
70
9
92
8
10
7
89
7
18
9
42
9
62
9
62
9
19
7
89
9
99
9
98
9
50
10
52
9
89
9
49
8
40
4
75
9
73
7
79
8
20
8
80
9
91
1
68
9
88
8
10
9
76
11
23
9
98
7
49
7
69
9
99
7
99
11
83
9
51
7
59
8
20
10
22
7
89
8
10
7
19
9
99
9
42
7
8
9
62
8
90
10
22
9
81
7
79
0
75
9
11
7
99
9
11
7
79
9
7
1
49
8
40
9
73
7
99
9
99
8
40
9
8
3
59
10
22
8
70
9
61
8
30
9
11
9
8
10
22
9
21
8
14
10
22
9
47
7
68
9
69
9
90
0
90
3
9
8
30
9
72
7
69
7
49
8
50
11
83
9
42
9
92
9
37
9
91
9
33
7
79
7
68
7
99
11
53
9
51
9
90
9
7
8
20
9
57
7
39
7
58
9
78
7
81
9
62
9
99
9
87
9
89
9
12
8
10
8
40
9
38
8
60
7
8
0
59
9
68
9
42
9
21
8
49
9
71
9
39
9
81
9
73
7
48
9
91
9
32
9
12
7
97
9
31
9
32
4
29
11
53
9
71
7
59
9
8
8
20
7
92
9
90
9
19
9
99
9
77
9
39
9
99
