9
99
18
30
9
74
9
64
9
99
9
74
0
10
9
74
17
89
9
34
9
74
18
30
9
64
9
64
9
64
9
64
9
64
9
74
9
64
9
14
17
89
19
62
9
94
9
14
18
60
9
34
19
61
16
88
9
64
17
59
9
74
18
90
9
44
9
99
9
74
19
33
9
14
9
94
9
99
19
63
9
34
9
44
18
30
9
74
15
57
9
14
9
74
16
88
9
14
9
44
9
34
9
34
9
99
9
74
9
94
9
99
9
74
9
34
9
34
9
14
9
99
9
14
9
34
9
34
0
20
9
64
18
30
9
99
9
74
9
44
9
14
9
44
9
44
9
44
9
94
9
44
15
87
9
99
9
44
9
14
9
74
9
74
9
74
19
91
0
80
9
14
9
64
9
99
9
74
9
64
19
91
9
94
9
99
9
64
9
99
9
34
9
99
9
64
16
88
9
99
9
99
9
99
9
14
9
34
9
74
18
60
15
87
9
14
9
94
9
34
9
64
9
34
9
34
9
94
18
90
19
91
9
94
9
74
9
34
9
64
18
30
18
60
19
61
9
74
19
31
9
74
9
64
9
94
9
94
9
34
9
14
9
14
9
44
18
60
9
44
18
30
9
99
17
89
9
14
17
59
19
61
19
63
18
30
9
74
9
94
9
64
16
28
19
91
9
14
9
34
0
10
9
14
18
90
0
80
9
99
9
99
9
34
17
59
9
99
17
59
18
90
9
34
9
44
18
30
18
30
17
89
9
34
9
14
19
62
9
94
19
61
9
74
19
31
9
99
9
14
8
15
9
44
9
34
18
30
18
90
9
64
9
94
9
74
17
29
9
74
19
93
9
94
9
14
9
94
9
14
9
64
9
74
9
99
18
60
9
14
9
94
9
34
19
31
9
74
9
99
19
61
9
99
9
44
9
44
19
63
19
62
9
99
9
64
9
1
9
14
9
94
0
30
18
60
9
34
9
94
9
99
17
89
0
30
15
57
9
94
9
94
9
99
9
34
9
14
9
74
9
74
9
74
9
99
9
64
9
99
9
34
9
34
17
29
9
34
16
28
9
64
18
90
9
34
19
61
9
44
19
32
9
34
9
14
9
94
0
70
9
34
16
88
9
99
9
99
9
99
18
90
9
14
19
91
9
14
9
34
18
90
9
94
19
92
9
44
17
59
9
44
0
90
9
74
9
34
9
14
9
74
9
64
18
90
9
44
9
34
17
29
9
94
9
34
9
94
9
99
17
89
15
57
9
94
17
89
9
99
9
34
9
44
9
64
9
14
9
74
9
74
9
34
0
40
19
31
9
74
18
30
9
94
9
99
9
34
9
34
9
94
9
99
9
14
9
64
9
34
9
14
9
99
9
34
9
74
9
99
9
64
9
34
9
99
19
31
9
74
9
44
19
61
9
94
9
14
19
32
9
34
9
14
9
34
9
64
9
44
19
92
9
94
9
64
9
99
19
61
9
14
9
64
15
27
9
74
9
64
9
34
17
29
9
94
18
30
9
64
9
14
19
31
9
64
9
74
9
64
9
44
18
60
9
34
9
34
2
39
9
64
9
34
0
60
9
99
9
64
19
31
9
34
0
0
16
58
3
30
9
44
18
90
9
74
9
44
19
31
9
44
9
64
9
94
9
99
1
89
9
99
17
29
9
14
9
74
9
34
17
89
1
79
9
99
19
32
1
49
9
94
15
27
4
28
9
74
9
99
9
99
9
14
9
74
9
64
9
64
16
88
9
14
9
94
4
79
18
90
9
14
9
74
9
14
18
30
9
74
2
79
9
14
17
89
9
99
9
99
17
59
9
14
9
94
17
29
9
64
0
12
9
74
19
91
9
34
9
94
9
14
17
29
9
94
18
30
9
14
9
34
19
33
16
88
18
90
9
14
9
74
9
64
9
99
9
64
9
74
9
99
0
30
18
90
9
94
9
34
9
14
9
14
0
40
15
27
15
57
9
44
15
27
18
30
9
34
9
99
9
14
9
74
9
44
9
94
9
64
18
30
19
61
9
64
9
94
9
94
2
19
9
34
17
59
9
14
15
87
17
29
0
90
9
44
9
14
9
44
9
99
9
74
9
99
0
80
9
74
19
62
9
99
9
14
9
34
0
80
1
39
9
34
19
91
9
74
9
34
17
89
9
14
9
44
9
94
9
99
9
74
9
14
18
30
18
52
9
91
19
82
19
31
18
30
9
94
9
58
9
14
9
99
18
90
4
29
9
34
9
44
1
99
9
44
9
94
19
92
9
99
9
64
9
44
9
44
9
99
9
44
19
91
19
61
0
90
9
44
9
99
9
44
9
74
9
14
18
60
9
64
9
99
9
44
17
89
9
64
17
89
17
59
9
99
9
99
9
74
9
94
9
99
17
59
9
94
0
74
9
94
9
34
9
64
9
99
19
22
19
32
9
99
15
87
17
89
9
44
9
94
9
74
9
64
9
64
18
90
9
74
9
14
9
74
19
32
9
44
9
94
9
94
9
44
9
99
9
44
9
34
9
99
9
14
9
34
9
14
9
44
9
34
9
14
9
74
9
7
19
61
9
74
9
14
9
94
17
89
9
44
9
14
9
34
9
99
17
89
9
94
9
94
9
74
9
94
19
33
9
64
9
74
9
99
9
74
9
44
9
44
9
94
9
97
18
60
19
91
9
14
16
58
9
94
9
94
9
16
9
14
9
44
9
34
9
99
9
34
9
99
0
0
9
14
0
0
9
44
2
45
9
14
9
99
9
64
19
62
19
61
19
61
9
34
9
99
9
44
9
44
9
64
9
74
9
34
9
94
17
29
17
59
9
34
19
32
9
14
9
44
9
74
19
61
9
14
9
99
9
44
1
79
18
30
9
34
0
70
17
29
9
94
17
59
19
33
19
93
9
64
19
93
17
89
19
93
9
94
0
0
9
64
9
34
9
44
0
30
18
90
9
44
9
74
17
89
9
48
9
14
9
44
9
64
19
92
9
14
18
90
9
44
9
94
9
64
1
79
19
31
19
61
9
44
19
93
9
99
9
64
9
34
9
44
18
30
1
59
9
74
9
99
9
99
9
44
17
59
9
94
9
74
9
64
2
99
9
14
9
3
18
60
9
74
19
91
17
89
9
34
9
64
15
27
9
14
19
92
19
93
9
34
9
64
9
14
9
94
9
2
9
64
19
63
9
44
9
99
19
63
9
99
9
99
9
99
9
94
9
94
3
79
9
14
15
87
9
99
19
33
9
44
18
60
9
44
19
31
19
91
9
44
9
99
9
64
17
59
9
99
9
94
19
31
9
64
4
89
9
44
9
74
4
59
9
44
9
64
16
28
9
64
9
74
9
34
9
34
9
94
9
74
19
31
9
94
9
44
15
27
19
91
9
99
9
74
1
99
9
94
9
14
9
94
15
27
9
14
0
59
9
64
19
52
9
99
9
44
9
44
4
69
19
31
19
92
19
91
9
99
9
99
9
14
17
89
9
14
9
94
9
94
9
34
19
61
19
52
9
94
17
29
9
74
15
87
9
99
9
34
9
64
15
57
9
44
9
14
9
44
9
14
17
59
15
27
15
27
9
14
9
94
17
59
18
90
16
58
15
87
9
99
9
94
9
64
9
34
9
64
9
14
9
74
9
74
9
64
18
90
15
57
19
61
9
94
9
99
9
64
9
94
9
74
9
34
9
34
9
44
9
64
9
34
4
79
9
64
9
44
9
74
19
61
9
99
9
94
17
29
9
99
9
94
9
34
17
89
9
14
9
44
9
42
19
93
4
69
9
94
9
64
9
64
17
89
9
94
18
90
17
29
16
58
9
74
9
14
19
92
2
9
9
34
9
88
9
14
9
94
9
99
17
89
18
60
9
64
9
14
19
91
19
93
9
74
9
94
9
14
9
94
16
28
9
44
9
64
9
64
17
29
9
94
9
99
9
99
18
60
19
62
9
94
17
59
9
44
4
75
9
74
17
89
18
30
18
90
9
94
1
69
9
94
9
14
9
76
19
33
9
99
17
59
9
74
9
99
9
99
19
93
19
61
9
64
18
30
19
32
9
94
9
14
17
29
9
99
9
44
9
14
9
64
9
94
19
32
19
91
17
89
0
75
9
14
9
99
9
14
17
89
9
14
1
49
9
44
9
74
9
99
9
99
9
44
9
14
3
59
19
32
9
74
9
64
9
34
9
14
9
14
19
32
19
31
9
14
19
32
15
57
9
74
9
74
9
94
0
90
3
9
9
34
9
74
9
74
17
59
18
60
19
93
9
42
9
94
9
44
9
94
9
34
17
89
9
74
9
99
19
63
19
61
9
94
9
14
18
30
9
64
9
44
9
58
16
88
17
81
9
64
9
99
9
94
9
94
9
14
9
14
9
44
9
44
9
64
9
14
0
59
9
74
9
44
19
31
17
59
9
74
9
44
19
91
9
74
9
48
9
94
9
34
9
14
9
99
9
34
9
34
4
29
19
63
9
74
9
64
9
8
18
30
9
92
9
94
17
29
9
99
15
87
9
44
9
99
