4
99
2
15
1
68
5
58
4
91
2
69
0
10
5
69
1
79
3
26
3
63
3
14
5
58
5
56
5
57
2
53
1
58
2
69
3
58
1
9
3
73
5
46
2
87
4
4
2
44
2
22
4
45
2
72
5
59
1
48
5
64
2
78
2
36
3
99
1
65
5
19
1
1
2
89
3
91
5
49
5
24
1
35
2
19
2
64
1
41
4
6
5
68
1
72
2
7
2
37
1
25
4
27
4
94
5
64
2
89
5
98
5
64
5
28
4
28
5
8
3
99
3
9
5
22
1
28
0
20
5
58
2
15
2
93
5
65
1
31
3
9
1
32
2
33
4
39
3
89
1
33
4
71
4
93
4
38
1
9
1
61
2
69
4
63
4
75
0
80
2
9
2
55
1
95
4
68
3
58
3
77
5
88
4
99
3
57
3
96
2
21
3
95
4
52
2
72
3
95
1
91
1
92
3
9
1
24
1
63
3
44
1
71
5
9
3
89
3
29
1
57
1
28
3
27
1
83
2
78
5
75
1
85
3
66
1
24
2
52
5
14
4
44
3
45
1
64
3
18
5
65
2
59
2
86
5
86
5
25
3
9
3
9
1
36
2
44
4
39
2
19
3
91
2
73
3
4
1
45
3
46
5
48
5
14
3
63
4
85
2
56
5
12
3
77
4
3
2
23
0
10
5
2
2
74
0
80
3
99
1
98
4
27
1
46
4
91
1
43
2
75
5
28
2
35
2
19
4
14
2
73
2
22
1
8
4
46
3
85
3
47
4
69
3
19
4
92
3
3
3
15
4
38
5
26
2
16
2
74
1
52
3
83
1
62
1
17
5
67
5
79
2
89
4
8
5
84
3
5
4
57
5
69
2
97
2
49
3
9
1
82
1
24
3
15
4
65
1
93
3
48
1
98
5
34
1
34
5
49
5
46
1
98
2
58
1
1
4
2
3
87
0
30
2
47
1
25
1
87
5
93
1
75
0
30
4
41
2
84
3
84
1
99
1
26
3
2
1
66
1
69
2
69
5
95
4
57
4
91
3
24
5
26
4
13
4
29
3
12
5
57
2
75
2
26
3
46
4
38
4
18
5
27
1
4
3
86
0
70
3
28
1
72
4
91
3
98
1
99
2
76
5
2
3
77
4
7
5
26
2
74
5
89
4
79
4
36
1
45
4
36
0
90
2
69
5
24
3
7
3
65
4
58
2
75
3
37
4
28
4
13
2
87
2
22
1
87
3
98
1
79
1
41
1
87
4
73
4
98
3
25
2
39
1
59
4
1
4
62
1
66
1
29
0
40
4
15
1
65
2
18
1
89
2
99
3
28
1
29
2
81
2
97
2
4
1
56
1
24
5
9
4
95
3
22
2
64
3
94
4
54
3
24
1
96
3
17
1
68
1
39
4
45
2
81
1
5
4
19
2
29
2
2
5
28
3
52
3
33
4
77
2
87
5
59
1
98
3
48
1
4
1
51
3
11
2
66
3
56
1
25
1
14
2
83
2
17
2
52
3
8
3
17
4
55
5
69
2
53
3
35
2
48
5
28
2
22
2
39
1
54
4
29
0
60
2
91
1
54
3
19
3
24
0
0
2
42
3
30
4
32
2
79
3
69
3
35
3
19
1
32
5
55
3
89
2
92
1
86
5
96
1
19
3
1
5
63
4
25
1
78
1
79
3
93
4
18
1
42
2
88
4
11
4
28
3
62
4
98
2
98
5
2
2
66
1
59
5
53
2
72
5
3
5
87
4
75
2
74
4
4
2
67
1
4
2
16
1
66
2
79
1
9
3
73
5
99
5
99
1
48
4
9
5
85
1
15
3
52
0
12
3
65
3
75
4
27
5
86
4
9
1
15
5
82
2
19
5
8
5
24
5
19
1
72
2
79
3
7
2
69
2
54
3
96
3
52
1
65
4
96
0
30
3
74
5
85
5
24
3
5
5
7
0
40
3
11
1
41
5
39
4
11
3
14
4
26
5
99
2
8
2
69
3
39
4
87
3
57
2
16
3
49
1
59
3
84
3
84
2
12
4
28
1
48
1
5
4
71
1
15
0
90
4
31
2
4
4
39
4
99
1
69
3
91
0
80
2
62
4
49
4
93
1
8
1
25
0
80
1
31
1
29
5
75
5
62
3
28
1
77
3
3
2
38
2
89
4
94
5
63
2
5
2
19
2
54
1
91
4
82
3
17
2
16
3
85
4
58
1
7
2
96
2
74
4
29
5
27
5
39
1
97
2
35
4
87
4
76
5
95
5
54
4
39
2
38
3
91
2
35
4
75
3
49
0
90
2
38
3
96
3
36
3
61
4
5
2
48
2
51
3
91
2
33
1
79
2
59
1
75
1
48
3
93
5
93
5
65
2
81
4
99
1
46
5
88
0
74
5
86
5
24
2
59
3
96
4
22
4
18
2
95
1
71
4
73
4
39
2
89
4
66
2
59
4
54
2
74
2
69
2
8
4
65
5
16
5
33
5
87
5
82
2
39
3
96
5
34
5
27
5
96
1
6
1
26
1
2
4
34
1
25
3
6
2
66
4
7
5
45
4
64
1
5
4
89
1
75
2
39
4
2
1
23
3
93
1
77
1
86
4
84
1
68
5
89
5
18
4
51
2
69
1
99
1
67
4
33
1
38
5
84
3
97
5
44
3
78
1
1
1
42
1
87
5
89
3
16
3
5
1
33
4
24
1
98
3
29
3
99
0
0
3
1
0
0
3
33
2
45
3
7
1
97
2
53
4
47
3
47
4
45
1
21
3
95
4
33
3
37
4
59
4
64
4
29
3
81
4
13
1
48
2
21
4
19
1
3
5
36
2
67
3
47
2
1
1
96
4
35
1
72
2
15
1
29
0
70
3
13
4
83
3
43
5
19
5
79
2
56
5
78
1
79
5
79
2
87
0
0
4
53
5
24
4
39
0
30
4
74
3
32
2
69
1
74
4
48
5
3
4
34
3
55
4
77
5
9
2
77
1
38
5
87
5
52
1
74
4
15
3
46
1
36
5
77
3
98
1
55
2
28
1
32
3
14
1
59
4
64
5
92
2
93
2
39
1
44
4
86
1
61
2
54
2
93
3
1
3
3
2
45
4
64
4
75
1
79
3
27
3
59
3
11
4
1
4
79
5
77
1
26
2
51
5
2
2
84
3
2
4
58
5
49
5
33
1
94
5
48
2
99
5
98
1
98
1
85
3
86
3
73
3
7
4
71
1
91
5
19
2
35
2
49
2
32
5
15
4
75
2
39
2
98
5
56
1
43
5
99
2
83
3
19
4
53
4
84
4
32
1
64
4
53
2
38
3
54
3
12
1
56
3
65
1
25
1
21
3
83
3
69
3
18
4
85
4
38
2
11
3
78
3
99
5
63
1
98
5
88
4
9
2
86
4
11
1
2
0
58
5
54
5
52
1
99
2
31
3
34
4
67
3
18
4
76
3
79
3
96
4
97
2
4
1
74
1
9
4
84
3
83
1
28
3
47
4
54
2
86
1
17
2
67
3
71
5
96
3
26
3
59
4
41
3
31
4
8
4
39
5
6
3
43
4
11
3
11
4
1
2
87
1
49
2
79
1
42
4
71
3
94
3
89
5
54
2
27
3
55
3
1
4
61
5
68
3
58
2
76
3
41
3
49
3
86
2
99
1
56
1
85
1
66
2
26
3
23
5
32
1
54
4
23
4
79
4
55
1
33
3
61
3
48
3
92
5
87
1
13
3
96
4
81
4
21
2
73
4
8
4
35
1
42
5
78
4
65
2
85
4
53
4
58
1
77
1
81
2
74
5
13
5
42
2
61
5
5
5
76
2
4
1
29
5
88
1
1
3
83
3
96
1
79
3
44
4
56
4
2
3
75
5
78
2
65
4
89
2
8
1
87
1
12
4
37
5
56
4
57
5
13
1
86
5
93
4
92
4
44
4
46
3
83
5
43
2
37
4
75
5
69
1
79
2
19
2
76
3
88
1
62
5
82
2
6
5
76
5
18
3
92
1
44
1
64
3
94
1
93
5
78
3
45
1
57
2
17
4
18
1
86
2
4
1
15
4
95
4
38
1
2
4
57
2
88
4
19
3
76
1
78
0
75
3
7
1
97
5
5
1
73
4
1
1
49
2
35
5
69
1
96
3
97
2
39
3
2
3
59
5
16
2
66
3
55
2
29
3
6
4
2
5
16
5
15
2
14
4
19
3
41
1
62
3
63
5
84
0
90
3
9
2
24
4
69
1
64
1
43
2
48
5
78
5
42
4
87
4
31
4
85
5
27
1
76
1
62
1
98
5
48
3
49
4
84
4
1
2
18
4
51
1
34
1
58
5
72
1
81
4
56
5
98
3
81
5
83
5
6
2
9
2
39
4
32
2
56
1
2
0
59
5
62
4
38
3
18
2
43
3
67
4
33
3
78
5
68
1
48
4
85
4
26
5
6
1
91
3
29
4
27
4
29
5
48
3
67
1
59
5
8
2
15
1
92
4
84
4
13
5
97
3
71
4
33
4
95
