6
99
4
17
3
69
7
59
6
93
4
69
0
10
7
69
3
79
5
28
5
65
5
16
7
59
7
58
7
59
4
55
3
59
4
69
5
59
3
9
5
75
7
48
4
89
6
6
4
46
4
24
6
47
4
74
7
59
3
49
7
66
4
79
4
38
5
99
3
67
7
19
3
3
4
89
5
93
7
49
7
26
3
37
4
19
4
66
3
43
6
8
7
69
3
74
4
9
4
39
3
27
6
29
6
96
7
66
4
89
7
99
7
66
7
29
6
29
7
9
5
99
5
9
7
24
3
29
0
20
7
59
4
17
4
95
7
67
3
33
5
9
3
34
4
35
6
39
5
89
3
35
6
73
6
95
6
39
3
9
3
63
4
69
6
65
6
77
0
80
4
9
4
57
3
97
6
69
5
59
5
79
7
89
6
99
5
59
5
98
4
23
5
97
6
54
4
74
5
97
3
93
3
94
5
9
3
26
3
65
5
46
3
73
7
9
5
89
5
29
3
59
3
29
5
29
3
85
4
79
7
77
3
87
5
68
3
26
4
54
7
16
6
46
5
47
3
66
5
19
7
67
4
59
4
88
7
88
7
27
5
9
5
9
3
38
4
46
6
39
4
19
5
93
4
75
5
6
3
47
5
48
7
49
7
16
5
65
6
87
4
58
7
14
5
79
6
5
4
25
0
10
7
4
4
76
0
80
5
99
3
99
6
29
3
48
6
93
3
45
4
77
7
29
4
37
4
19
6
16
4
75
4
24
3
9
6
48
5
87
5
49
6
69
5
19
6
94
5
5
5
15
6
39
7
28
4
18
4
76
3
54
5
85
3
64
3
19
7
69
7
79
4
89
6
9
7
86
5
7
6
59
7
69
4
99
4
49
5
9
3
84
3
26
5
17
6
67
3
95
5
49
3
99
7
36
3
36
7
49
7
48
3
99
4
59
3
1
6
4
5
89
0
30
4
49
3
27
3
89
7
95
3
77
0
30
6
43
4
86
5
86
3
99
3
28
5
4
3
68
3
69
4
69
7
97
6
59
6
93
5
26
7
28
6
15
6
29
5
14
7
59
4
77
4
28
5
48
6
39
6
19
7
29
3
6
5
88
0
70
5
29
3
74
6
93
5
99
3
99
4
78
7
4
5
79
6
9
7
28
4
76
7
89
6
79
6
38
3
47
6
38
0
90
4
69
7
26
5
9
5
67
6
59
4
77
5
39
6
29
6
15
4
89
4
24
3
89
5
99
3
79
3
43
3
89
6
75
6
99
5
27
4
39
3
59
6
3
6
64
3
68
3
29
0
40
6
17
3
67
4
19
3
89
4
99
5
29
3
29
4
83
4
99
4
6
3
58
3
26
7
9
6
97
5
24
4
66
5
96
6
56
5
26
3
98
5
19
3
69
3
39
6
47
4
83
3
7
6
19
4
29
4
4
7
29
5
54
5
35
6
79
4
89
7
59
3
99
5
49
3
6
3
53
5
13
4
68
5
58
3
27
3
16
4
85
4
19
4
54
5
9
5
19
6
57
7
69
4
55
5
37
4
49
7
29
4
24
2
39
3
56
6
29
0
60
4
93
3
56
5
19
5
26
0
0
4
44
3
30
6
34
4
79
5
69
5
37
5
19
3
34
7
57
5
89
4
94
1
88
7
98
3
19
5
3
7
65
6
27
3
79
1
79
5
95
6
19
1
44
4
89
6
13
4
28
5
64
6
99
4
99
7
4
4
68
3
59
7
55
4
74
7
5
7
89
4
77
4
76
6
6
4
69
3
6
4
18
3
68
2
79
3
9
5
75
7
99
7
99
3
49
6
9
7
87
3
17
5
54
0
12
5
67
5
77
6
29
7
88
6
9
3
17
7
84
4
19
7
9
7
26
7
19
3
74
4
79
5
9
4
69
4
56
5
98
5
54
3
67
6
98
0
30
5
76
7
87
7
26
5
7
7
9
0
40
5
13
3
43
7
39
6
13
5
16
6
28
7
99
4
9
4
69
5
39
6
89
5
59
4
18
5
49
3
59
5
86
5
86
2
14
6
29
3
49
3
7
6
73
3
17
0
90
6
33
4
6
6
39
6
99
3
69
5
93
0
80
4
64
6
49
6
95
3
9
3
27
0
80
1
33
3
29
7
77
7
64
5
29
3
79
5
5
4
39
4
89
6
96
7
65
4
7
4
19
4
54
3
91
6
82
5
19
4
18
5
87
6
58
3
9
4
98
4
76
4
29
7
29
7
39
1
99
4
37
6
89
6
78
7
97
7
56
6
39
4
39
5
93
4
37
6
77
5
49
0
90
4
39
5
98
5
38
5
63
6
7
4
49
4
53
5
93
4
35
3
79
4
59
3
77
3
49
5
95
7
95
7
67
4
83
6
99
3
48
7
89
0
74
7
88
7
26
4
59
5
98
6
22
6
19
4
97
3
73
6
75
6
39
4
89
6
68
4
59
6
56
4
76
4
69
4
9
6
67
7
18
7
35
7
89
7
84
4
39
5
98
7
36
7
29
7
98
3
8
3
28
3
4
6
36
3
27
5
8
4
68
6
7
7
47
6
66
3
7
6
89
3
77
4
39
6
4
3
25
5
95
3
79
3
88
6
86
3
69
7
89
7
19
6
53
4
69
3
99
3
69
6
35
3
39
7
86
5
97
7
46
5
79
3
3
3
44
3
89
7
89
5
16
5
7
3
35
6
26
3
99
5
29
5
99
0
0
5
3
0
0
5
35
2
45
5
9
3
99
4
55
6
49
5
49
6
47
3
23
5
97
6
35
5
39
6
59
6
66
6
29
5
83
6
15
3
49
4
23
6
19
3
5
7
38
4
69
5
49
4
3
3
98
6
37
1
74
4
17
3
29
0
70
5
15
6
85
5
45
7
19
7
79
4
58
7
79
3
79
7
79
4
89
0
0
6
55
7
26
6
39
0
30
6
76
5
34
4
69
3
76
6
48
7
5
6
36
5
57
6
79
7
9
4
79
3
39
7
89
7
54
1
76
6
17
5
48
3
38
7
79
5
99
3
57
4
29
3
34
5
16
1
59
6
66
7
94
4
95
4
39
3
46
6
88
3
63
4
56
2
95
5
3
5
3
4
47
6
66
6
77
3
79
5
29
5
59
5
13
6
3
6
79
7
79
3
28
4
53
7
4
4
86
5
2
6
59
7
49
7
35
3
96
7
49
4
99
7
99
3
99
3
87
5
88
3
75
5
9
6
73
3
93
7
19
4
37
4
49
4
34
7
17
6
77
4
39
4
99
7
58
3
45
7
99
4
85
5
19
6
55
4
86
6
34
3
66
4
55
4
39
5
56
5
14
3
58
5
67
3
27
3
23
5
85
5
69
5
19
6
87
6
39
4
13
5
79
5
99
7
65
1
99
7
89
6
9
4
88
6
13
3
4
0
59
7
56
7
52
3
99
4
33
5
36
4
69
5
19
6
78
5
79
5
98
6
99
4
6
3
76
3
9
6
86
5
85
3
29
5
49
6
54
4
88
3
19
4
69
5
73
7
98
5
28
5
59
6
43
5
33
6
9
6
39
7
8
5
45
6
13
5
13
6
3
4
89
3
49
4
79
3
44
6
73
5
96
5
89
7
56
4
29
5
57
5
3
6
63
7
69
5
59
4
78
5
43
5
49
5
88
4
99
3
58
3
87
3
68
4
28
5
25
7
34
3
56
6
25
4
79
6
57
3
35
5
63
5
49
5
94
7
89
3
15
5
98
6
83
6
23
4
75
6
9
6
37
3
42
7
79
4
67
4
87
6
55
6
59
3
79
3
83
4
76
7
15
7
44
4
63
7
7
7
78
2
6
3
29
7
88
3
3
5
85
5
98
3
79
5
46
6
58
6
4
5
77
7
79
4
67
6
89
4
9
3
89
3
14
6
39
7
58
6
59
7
15
3
88
7
95
6
94
6
46
6
48
5
85
7
45
4
39
4
75
7
69
3
79
4
19
4
78
5
89
1
64
7
84
4
8
7
76
7
19
5
94
3
46
3
66
5
96
3
95
7
79
5
47
3
59
4
19
6
19
3
88
4
6
3
17
6
97
6
39
3
4
6
59
4
89
6
19
5
78
3
79
0
75
5
9
3
99
7
7
3
75
6
3
1
49
4
37
7
69
3
98
5
99
4
39
5
4
3
59
7
18
4
68
5
57
4
29
5
8
6
4
7
18
7
17
4
14
6
19
5
43
3
64
5
65
7
86
0
90
3
9
4
26
6
69
3
66
3
45
4
49
7
79
7
42
6
89
6
33
6
87
7
29
3
78
3
64
3
99
7
49
5
49
6
86
6
3
4
19
6
53
3
36
3
58
7
74
3
81
6
58
7
99
5
83
7
85
7
8
4
9
4
39
6
34
4
58
3
4
0
59
7
64
6
39
5
19
4
45
5
69
6
35
5
79
7
69
3
48
6
87
6
28
7
8
3
93
5
29
6
29
4
29
7
49
5
69
3
59
7
8
4
17
3
92
6
86
6
15
7
99
5
73
6
35
6
97
