9
99
16
28
9
74
9
64
9
99
9
74
0
10
9
74
15
87
9
34
9
74
16
28
9
64
9
64
9
64
9
64
9
64
9
74
9
64
9
14
15
87
18
60
9
94
9
14
16
58
9
34
17
59
14
86
9
64
15
57
9
74
16
88
9
44
9
99
9
74
19
31
9
14
9
94
9
99
19
61
9
34
9
44
16
28
9
74
13
55
9
14
9
74
14
86
9
14
9
44
9
34
9
34
9
99
9
74
9
94
9
99
9
74
9
34
9
34
9
14
9
99
9
14
9
34
9
34
0
20
9
64
16
28
9
99
9
74
9
44
9
14
9
44
9
44
9
44
9
94
9
44
13
85
9
99
9
44
9
14
9
74
9
74
9
74
17
89
0
80
9
14
9
64
9
99
9
74
9
64
17
89
9
94
9
99
9
64
9
99
9
34
9
99
9
64
14
86
9
99
9
99
9
99
9
14
9
34
9
74
16
58
13
85
9
14
9
94
9
34
9
64
9
34
9
34
9
94
16
88
17
89
9
94
9
74
9
34
9
64
16
28
16
58
17
59
9
74
17
29
9
74
9
64
9
94
9
94
9
34
9
14
9
14
9
44
16
58
9
44
16
28
9
99
15
87
9
14
15
57
17
59
19
61
16
28
9
74
9
94
9
64
14
26
17
89
9
14
9
34
0
10
9
14
16
88
0
80
9
99
9
99
9
34
15
57
9
99
15
57
16
88
9
34
9
44
16
28
16
28
15
87
9
34
9
14
18
60
9
94
17
59
9
74
17
29
9
99
9
14
8
15
9
44
9
34
16
28
16
88
9
64
9
94
9
74
15
27
9
74
19
91
9
94
9
14
9
94
9
14
9
64
9
74
9
99
16
58
9
14
9
94
9
34
17
29
9
74
9
99
17
59
9
99
9
44
9
44
19
61
18
60
9
99
9
64
9
1
9
14
9
94
0
30
16
58
9
34
9
94
9
99
15
87
0
30
13
55
9
94
9
94
9
99
9
34
9
14
9
74
9
74
9
74
9
99
9
64
9
99
9
34
9
34
15
27
9
34
14
26
9
64
16
88
9
34
17
59
9
44
18
30
9
34
9
14
9
94
0
70
9
34
14
86
9
99
9
99
9
99
16
88
9
14
17
89
9
14
9
34
16
88
9
94
18
90
9
44
15
57
9
44
0
90
9
74
9
34
9
14
9
74
9
64
16
88
9
44
9
34
15
27
9
94
9
34
9
94
9
99
15
87
13
55
9
94
15
87
9
99
9
34
9
44
9
64
9
14
9
74
9
74
9
34
0
40
17
29
9
74
16
28
9
94
9
99
9
34
9
34
9
94
9
99
9
14
9
64
9
34
9
14
9
99
9
34
9
74
9
99
9
64
9
34
9
99
17
29
9
74
9
44
17
59
9
94
9
14
18
30
9
34
9
14
9
34
9
64
9
44
18
90
9
94
9
64
9
99
17
59
9
14
9
64
13
25
9
74
9
64
9
34
15
27
9
94
16
28
9
64
9
14
17
29
9
64
9
74
9
64
9
44
16
58
9
34
9
34
2
39
9
64
9
34
0
60
9
99
9
64
17
29
9
34
0
0
14
56
3
30
9
44
16
88
9
74
9
44
17
29
9
44
9
64
9
94
9
99
1
89
9
99
15
27
9
14
9
74
9
34
15
87
1
79
9
99
18
30
1
49
9
94
13
25
4
28
9
74
9
99
9
99
9
14
9
74
9
64
9
64
14
86
9
14
9
94
4
79
16
88
9
14
9
74
9
14
16
28
9
74
2
79
9
14
15
87
9
99
9
99
15
57
9
14
9
94
15
27
9
64
0
12
9
74
17
89
9
34
9
94
9
14
15
27
9
94
16
28
9
14
9
34
19
31
14
86
16
88
9
14
9
74
9
64
9
99
9
64
9
74
9
99
0
30
16
88
9
94
9
34
9
14
9
14
0
40
13
25
13
55
9
44
13
25
16
28
9
34
9
99
9
14
9
74
9
44
9
94
9
64
16
28
17
59
9
64
9
94
9
94
2
19
9
34
15
57
9
14
13
85
15
27
0
90
9
44
9
14
9
44
9
99
9
74
9
99
0
80
9
74
18
60
9
99
9
14
9
34
0
80
1
39
9
34
17
89
9
74
9
34
15
87
9
14
9
44
9
94
9
99
9
74
9
14
16
28
16
52
9
91
18
82
17
29
16
28
9
94
9
58
9
14
9
99
16
88
4
29
9
34
9
44
1
99
9
44
9
94
18
90
9
99
9
64
9
44
9
44
9
99
9
44
17
89
17
59
0
90
9
44
9
99
9
44
9
74
9
14
16
58
9
64
9
99
9
44
15
87
9
64
15
87
15
57
9
99
9
99
9
74
9
94
9
99
15
57
9
94
0
74
9
94
9
34
9
64
9
99
18
22
18
30
9
99
13
85
15
87
9
44
9
94
9
74
9
64
9
64
16
88
9
74
9
14
9
74
18
30
9
44
9
94
9
94
9
44
9
99
9
44
9
34
9
99
9
14
9
34
9
14
9
44
9
34
9
14
9
74
9
7
17
59
9
74
9
14
9
94
15
87
9
44
9
14
9
34
9
99
15
87
9
94
9
94
9
74
9
94
19
31
9
64
9
74
9
99
9
74
9
44
9
44
9
94
9
97
16
58
17
89
9
14
14
56
9
94
9
94
9
16
9
14
9
44
9
34
9
99
9
34
9
99
0
0
9
14
0
0
9
44
2
45
9
14
9
99
9
64
18
60
17
59
17
59
9
34
9
99
9
44
9
44
9
64
9
74
9
34
9
94
15
27
15
57
9
34
18
30
9
14
9
44
9
74
17
59
9
14
9
99
9
44
1
79
16
28
9
34
0
70
15
27
9
94
15
57
19
31
19
91
9
64
19
91
15
87
19
91
9
94
0
0
9
64
9
34
9
44
0
30
16
88
9
44
9
74
15
87
9
48
9
14
9
44
9
64
18
90
9
14
16
88
9
44
9
94
9
64
1
79
17
29
17
59
9
44
19
91
9
99
9
64
9
34
9
44
16
28
1
59
9
74
9
99
9
99
9
44
15
57
9
94
9
74
9
64
2
99
9
14
9
3
16
58
9
74
17
89
15
87
9
34
9
64
13
25
9
14
18
90
19
91
9
34
9
64
9
14
9
94
9
2
9
64
19
61
9
44
9
99
19
61
9
99
9
99
9
99
9
94
9
94
3
79
9
14
13
85
9
99
19
31
9
44
16
58
9
44
17
29
17
89
9
44
9
99
9
64
15
57
9
99
9
94
17
29
9
64
4
89
9
44
9
74
4
59
9
44
9
64
14
26
9
64
9
74
9
34
9
34
9
94
9
74
17
29
9
94
9
44
13
25
17
89
9
99
9
74
1
99
9
94
9
14
9
94
13
25
9
14
0
59
9
64
19
52
9
99
9
44
9
44
4
69
17
29
18
90
17
89
9
99
9
99
9
14
15
87
9
14
9
94
9
94
9
34
17
59
18
52
9
94
15
27
9
74
13
85
9
99
9
34
9
64
13
55
9
44
9
14
9
44
9
14
15
57
13
25
13
25
9
14
9
94
15
57
16
88
14
56
13
85
9
99
9
94
9
64
9
34
9
64
9
14
9
74
9
74
9
64
16
88
13
55
17
59
9
94
9
99
9
64
9
94
9
74
9
34
9
34
9
44
9
64
9
34
4
79
9
64
9
44
9
74
17
59
9
99
9
94
15
27
9
99
9
94
9
34
15
87
9
14
9
44
9
42
19
91
4
69
9
94
9
64
9
64
15
87
9
94
16
88
15
27
14
56
9
74
9
14
18
90
2
9
9
34
9
88
9
14
9
94
9
99
15
87
16
58
9
64
9
14
17
89
19
91
9
74
9
94
9
14
9
94
14
26
9
44
9
64
9
64
15
27
9
94
9
99
9
99
16
58
18
60
9
94
15
57
9
44
4
75
9
74
15
87
16
28
16
88
9
94
1
69
9
94
9
14
9
76
19
31
9
99
15
57
9
74
9
99
9
99
19
91
17
59
9
64
16
28
18
30
9
94
9
14
15
27
9
99
9
44
9
14
9
64
9
94
18
30
17
89
15
87
0
75
9
14
9
99
9
14
15
87
9
14
1
49
9
44
9
74
9
99
9
99
9
44
9
14
3
59
18
30
9
74
9
64
9
34
9
14
9
14
18
30
17
29
9
14
18
30
13
55
9
74
9
74
9
94
0
90
3
9
9
34
9
74
9
74
15
57
16
58
19
91
9
42
9
94
9
44
9
94
9
34
15
87
9
74
9
99
19
61
17
59
9
94
9
14
16
28
9
64
9
44
9
58
14
86
15
81
9
64
9
99
9
94
9
94
9
14
9
14
9
44
9
44
9
64
9
14
0
59
9
74
9
44
17
29
15
57
9
74
9
44
17
89
9
74
9
48
9
94
9
34
9
14
9
99
9
34
9
34
4
29
19
61
9
74
9
64
9
8
16
28
9
92
9
94
15
27
9
99
13
85
9
44
9
99
