9
99
12
24
9
73
9
64
9
99
9
74
0
10
9
74
11
83
9
34
9
73
12
24
9
64
9
64
9
64
9
63
9
63
9
74
9
64
9
13
11
83
14
56
9
94
9
14
12
54
9
32
13
55
10
82
9
64
11
53
9
74
12
84
9
44
9
99
9
73
15
27
9
11
9
94
9
99
15
57
9
34
9
43
12
24
9
74
9
51
9
14
9
74
10
82
9
14
9
44
9
33
9
34
9
99
9
74
9
94
9
99
9
74
9
34
9
34
9
14
9
99
9
14
9
32
9
33
0
20
9
64
12
24
9
99
9
74
9
41
9
14
9
42
9
43
9
44
9
94
9
43
9
81
9
99
9
44
9
13
9
71
9
74
9
73
13
85
0
80
9
14
9
64
9
99
9
74
9
64
13
85
9
94
9
99
9
64
9
99
9
31
9
99
9
62
10
82
9
99
9
99
9
99
9
14
9
33
9
73
12
54
9
81
9
14
9
94
9
34
9
63
9
33
9
34
9
93
12
84
13
85
9
93
9
74
9
33
9
62
12
24
12
54
13
55
9
73
13
25
9
74
9
64
9
94
9
94
9
34
9
14
9
14
9
43
12
54
9
44
12
24
9
99
11
83
9
14
11
53
13
55
15
57
12
24
9
73
9
94
9
64
10
22
13
85
9
13
9
33
0
10
9
12
12
84
0
80
9
99
9
99
9
34
11
53
9
99
11
53
12
84
9
34
9
44
12
24
12
24
11
83
9
32
9
13
14
56
9
94
13
55
9
74
13
25
9
99
9
13
8
15
9
44
9
34
12
24
12
84
9
62
9
93
9
72
11
23
9
74
15
87
9
94
9
14
9
94
9
14
9
64
9
74
9
99
12
54
9
14
9
92
9
33
13
25
9
74
9
99
13
55
9
99
9
44
9
43
15
57
14
56
9
99
9
64
9
1
9
12
9
94
0
30
12
54
9
33
9
93
9
99
11
83
0
30
9
51
9
94
9
94
9
99
9
33
9
12
9
73
9
73
9
74
9
99
9
64
9
99
9
34
9
34
11
23
9
34
10
22
9
64
12
84
9
34
13
55
9
44
14
26
9
34
9
13
9
94
0
70
9
34
10
82
9
99
9
99
9
99
12
84
9
12
13
85
9
14
9
34
12
84
9
94
14
86
9
44
11
53
9
44
0
90
9
74
9
34
9
14
9
74
9
64
12
84
9
44
9
34
11
23
9
94
9
32
9
93
9
99
11
83
9
51
9
93
11
83
9
99
9
34
9
44
9
63
9
11
9
72
9
73
9
33
0
40
13
25
9
73
12
24
9
93
9
99
9
34
9
33
9
91
9
99
9
14
9
63
9
33
9
14
9
99
9
32
9
74
9
99
9
64
9
34
9
99
13
25
9
73
9
43
13
55
9
91
9
13
14
26
9
34
9
12
9
34
9
62
9
43
14
86
9
94
9
64
9
99
13
55
9
13
9
61
9
21
9
74
9
64
9
33
11
23
9
93
12
24
9
62
9
14
13
25
9
64
9
74
9
63
9
44
12
54
9
34
9
32
2
39
9
63
9
34
0
60
9
99
9
63
13
25
9
34
0
0
10
52
3
30
9
42
12
84
9
74
9
44
13
25
9
42
9
64
9
94
9
99
1
89
9
99
11
23
9
11
9
73
9
34
11
83
1
79
9
99
14
26
1
49
9
94
9
21
4
28
9
72
9
99
9
99
9
12
9
74
9
63
9
63
10
82
9
13
9
94
4
79
12
84
9
14
9
74
9
13
12
24
9
73
2
79
9
13
11
83
9
99
9
99
11
53
9
14
9
94
11
23
9
62
0
12
9
74
13
85
9
34
9
94
9
14
11
23
9
92
12
24
9
14
9
34
15
27
10
82
12
84
9
14
9
74
9
64
9
99
9
62
9
73
9
99
0
30
12
84
9
94
9
34
9
14
9
14
0
40
9
21
9
51
9
44
9
21
12
24
9
34
9
99
9
14
9
74
9
44
9
94
9
64
12
24
13
55
9
63
9
94
9
94
2
19
9
34
11
53
9
13
9
81
11
23
0
90
9
41
9
14
9
44
9
99
9
73
9
99
0
80
9
72
14
56
9
99
9
13
9
33
0
80
1
39
9
33
13
85
9
72
9
34
11
83
9
13
9
44
9
94
9
99
9
73
9
14
12
24
12
52
9
91
14
82
13
25
12
24
9
94
9
58
9
13
9
99
12
84
4
29
9
34
9
44
1
99
9
44
9
94
14
86
9
99
9
64
9
44
9
44
9
99
9
44
13
85
13
55
0
90
9
44
9
99
9
44
9
71
9
14
12
54
9
61
9
99
9
43
11
83
9
64
11
83
11
53
9
99
9
99
9
74
9
91
9
99
11
53
9
94
0
74
9
94
9
34
9
64
9
99
14
22
14
26
9
99
9
81
11
83
9
44
9
94
9
74
9
64
9
64
12
84
9
74
9
14
9
74
14
26
9
43
9
94
9
92
9
44
9
99
9
44
9
34
9
99
9
13
9
33
9
12
9
44
9
33
9
14
9
74
9
7
13
55
9
74
9
13
9
94
11
83
9
44
9
12
9
33
9
99
11
83
9
93
9
94
9
73
9
94
15
27
9
61
9
74
9
99
9
73
9
43
9
43
9
94
9
97
12
54
13
85
9
11
10
52
9
93
9
94
9
16
9
14
9
43
9
34
9
99
9
34
9
99
0
0
9
11
0
0
9
43
2
45
9
14
9
99
9
63
14
56
13
55
13
55
9
31
9
99
9
43
9
44
9
64
9
74
9
34
9
91
11
23
11
53
9
31
14
26
9
13
9
44
9
74
13
55
9
11
9
99
9
44
1
79
12
24
9
33
0
70
11
23
9
93
11
53
15
27
15
87
9
64
15
87
11
83
15
87
9
94
0
0
9
63
9
34
9
44
0
30
12
84
9
42
9
74
11
83
9
48
9
13
9
44
9
64
14
86
9
14
12
84
9
43
9
94
9
62
1
79
13
25
13
55
9
43
15
87
9
99
9
63
9
34
9
42
12
24
1
59
9
74
9
99
9
99
9
44
11
53
9
94
9
71
9
64
2
99
9
11
9
3
12
54
9
74
13
85
11
83
9
34
9
64
9
21
9
11
14
86
15
87
9
33
9
61
9
12
9
94
9
2
9
64
15
57
9
43
9
99
15
57
9
99
9
99
9
99
9
93
9
94
3
79
9
14
9
81
9
99
15
27
9
44
12
54
9
42
13
25
13
85
9
44
9
99
9
64
11
53
9
99
9
93
13
25
9
63
4
89
9
42
9
73
4
59
9
44
9
64
10
22
9
63
9
74
9
33
9
31
9
93
9
74
13
25
9
94
9
44
9
21
13
85
9
99
9
73
1
99
9
94
9
14
9
94
9
21
9
12
0
59
9
64
15
52
9
99
9
41
9
44
4
69
13
25
14
86
13
85
9
99
9
99
9
14
11
83
9
13
9
94
9
93
9
33
13
55
14
52
9
94
11
23
9
74
9
81
9
99
9
34
9
64
9
51
9
41
9
14
9
44
9
14
11
53
9
21
9
21
9
11
9
94
11
53
12
84
10
52
9
81
9
99
9
94
9
64
9
34
9
64
9
11
9
71
9
74
9
64
12
84
9
51
13
55
9
94
9
99
9
63
9
93
9
73
9
34
9
33
9
42
9
63
9
33
4
79
9
64
9
43
9
71
13
55
9
99
9
94
11
23
9
99
9
91
9
31
11
83
9
14
9
44
9
42
15
87
4
69
9
94
9
63
9
64
11
83
9
91
12
84
11
23
10
52
9
71
9
14
14
86
2
9
9
33
9
88
9
11
9
93
9
99
11
83
12
54
9
64
9
12
13
85
15
87
9
74
9
94
9
14
9
93
10
22
9
44
9
64
9
64
11
23
9
93
9
99
9
99
12
54
14
56
9
93
11
53
9
44
4
75
9
74
11
83
12
24
12
84
9
94
1
69
9
92
9
14
9
76
15
27
9
99
11
53
9
73
9
99
9
99
15
87
13
55
9
63
12
24
14
26
9
93
9
14
11
23
9
99
9
44
9
12
9
64
9
94
14
26
13
85
11
83
0
75
9
14
9
99
9
14
11
83
9
11
1
49
9
44
9
74
9
99
9
99
9
44
9
12
3
59
14
26
9
74
9
64
9
34
9
14
9
12
14
26
13
25
9
14
14
26
9
51
9
72
9
73
9
94
0
90
3
9
9
34
9
74
9
73
11
53
12
54
15
87
9
42
9
94
9
41
9
94
9
34
11
83
9
72
9
99
15
57
13
55
9
94
9
11
12
24
9
61
9
43
9
58
10
82
11
81
9
64
9
99
9
91
9
93
9
14
9
14
9
44
9
42
9
64
9
12
0
59
9
72
9
44
13
25
11
53
9
74
9
43
13
85
9
74
9
48
9
94
9
34
9
14
9
99
9
34
9
34
4
29
15
57
9
74
9
63
9
8
12
24
9
92
9
94
11
23
9
99
9
81
9
43
9
99
