9
99
19
32
9
74
9
64
9
99
9
74
0
10
9
74
19
91
9
34
9
74
19
32
9
64
9
64
9
64
9
64
9
64
9
74
9
64
9
14
19
91
19
64
9
94
9
14
19
62
9
34
19
63
18
90
9
64
19
61
9
74
19
92
9
44
9
99
9
74
19
34
9
14
9
94
9
99
19
64
9
34
9
44
19
32
9
74
17
59
9
14
9
74
18
90
9
14
9
44
9
34
9
34
9
99
9
74
9
94
9
99
9
74
9
34
9
34
9
14
9
99
9
14
9
34
9
34
0
20
9
64
19
32
9
99
9
74
9
44
9
14
9
44
9
44
9
44
9
94
9
44
17
89
9
99
9
44
9
14
9
74
9
74
9
74
19
93
0
80
9
14
9
64
9
99
9
74
9
64
19
93
9
94
9
99
9
64
9
99
9
34
9
99
9
64
18
90
9
99
9
99
9
99
9
14
9
34
9
74
19
62
17
89
9
14
9
94
9
34
9
64
9
34
9
34
9
94
19
92
19
93
9
94
9
74
9
34
9
64
19
32
19
62
19
63
9
74
19
33
9
74
9
64
9
94
9
94
9
34
9
14
9
14
9
44
19
62
9
44
19
32
9
99
19
91
9
14
19
61
19
63
19
64
19
32
9
74
9
94
9
64
18
30
19
93
9
14
9
34
0
10
9
14
19
92
0
80
9
99
9
99
9
34
19
61
9
99
19
61
19
92
9
34
9
44
19
32
19
32
19
91
9
34
9
14
19
64
9
94
19
63
9
74
19
33
9
99
9
14
8
15
9
44
9
34
19
32
19
92
9
64
9
94
9
74
19
31
9
74
19
94
9
94
9
14
9
94
9
14
9
64
9
74
9
99
19
62
9
14
9
94
9
34
19
33
9
74
9
99
19
63
9
99
9
44
9
44
19
64
19
64
9
99
9
64
9
1
9
14
9
94
0
30
19
62
9
34
9
94
9
99
19
91
0
30
17
59
9
94
9
94
9
99
9
34
9
14
9
74
9
74
9
74
9
99
9
64
9
99
9
34
9
34
19
31
9
34
18
30
9
64
19
92
9
34
19
63
9
44
19
34
9
34
9
14
9
94
0
70
9
34
18
90
9
99
9
99
9
99
19
92
9
14
19
93
9
14
9
34
19
92
9
94
19
94
9
44
19
61
9
44
0
90
9
74
9
34
9
14
9
74
9
64
19
92
9
44
9
34
19
31
9
94
9
34
9
94
9
99
19
91
17
59
9
94
19
91
9
99
9
34
9
44
9
64
9
14
9
74
9
74
9
34
0
40
19
33
9
74
19
32
9
94
9
99
9
34
9
34
9
94
9
99
9
14
9
64
9
34
9
14
9
99
9
34
9
74
9
99
9
64
9
34
9
99
19
33
9
74
9
44
19
63
9
94
9
14
19
34
9
34
9
14
9
34
9
64
9
44
19
94
9
94
9
64
9
99
19
63
9
14
9
64
17
29
9
74
9
64
9
34
19
31
9
94
19
32
9
64
9
14
19
33
9
64
9
74
9
64
9
44
19
62
9
34
9
34
2
39
9
64
9
34
0
60
9
99
9
64
19
33
9
34
0
0
18
60
3
30
9
44
19
92
9
74
9
44
19
33
9
44
9
64
9
94
9
99
1
89
9
99
19
31
9
14
9
74
9
34
19
91
1
79
9
99
19
34
1
49
9
94
17
29
4
28
9
74
9
99
9
99
9
14
9
74
9
64
9
64
18
90
9
14
9
94
4
79
19
92
9
14
9
74
9
14
19
32
9
74
2
79
9
14
19
91
9
99
9
99
19
61
9
14
9
94
19
31
9
64
0
12
9
74
19
93
9
34
9
94
9
14
19
31
9
94
19
32
9
14
9
34
19
34
18
90
19
92
9
14
9
74
9
64
9
99
9
64
9
74
9
99
0
30
19
92
9
94
9
34
9
14
9
14
0
40
17
29
17
59
9
44
17
29
19
32
9
34
9
99
9
14
9
74
9
44
9
94
9
64
19
32
19
63
9
64
9
94
9
94
2
19
9
34
19
61
9
14
17
89
19
31
0
90
9
44
9
14
9
44
9
99
9
74
9
99
0
80
9
74
19
64
9
99
9
14
9
34
0
80
1
39
9
34
19
93
9
74
9
34
19
91
9
14
9
44
9
94
9
99
9
74
9
14
19
32
19
52
9
91
19
82
19
33
19
32
9
94
9
58
9
14
9
99
19
92
4
29
9
34
9
44
1
99
9
44
9
94
19
94
9
99
9
64
9
44
9
44
9
99
9
44
19
93
19
63
0
90
9
44
9
99
9
44
9
74
9
14
19
62
9
64
9
99
9
44
19
91
9
64
19
91
19
61
9
99
9
99
9
74
9
94
9
99
19
61
9
94
0
74
9
94
9
34
9
64
9
99
19
22
19
34
9
99
17
89
19
91
9
44
9
94
9
74
9
64
9
64
19
92
9
74
9
14
9
74
19
34
9
44
9
94
9
94
9
44
9
99
9
44
9
34
9
99
9
14
9
34
9
14
9
44
9
34
9
14
9
74
9
7
19
63
9
74
9
14
9
94
19
91
9
44
9
14
9
34
9
99
19
91
9
94
9
94
9
74
9
94
19
34
9
64
9
74
9
99
9
74
9
44
9
44
9
94
9
97
19
62
19
93
9
14
18
60
9
94
9
94
9
16
9
14
9
44
9
34
9
99
9
34
9
99
0
0
9
14
0
0
9
44
2
45
9
14
9
99
9
64
19
64
19
63
19
63
9
34
9
99
9
44
9
44
9
64
9
74
9
34
9
94
19
31
19
61
9
34
19
34
9
14
9
44
9
74
19
63
9
14
9
99
9
44
1
79
19
32
9
34
0
70
19
31
9
94
19
61
19
34
19
94
9
64
19
94
19
91
19
94
9
94
0
0
9
64
9
34
9
44
0
30
19
92
9
44
9
74
19
91
9
48
9
14
9
44
9
64
19
94
9
14
19
92
9
44
9
94
9
64
1
79
19
33
19
63
9
44
19
94
9
99
9
64
9
34
9
44
19
32
1
59
9
74
9
99
9
99
9
44
19
61
9
94
9
74
9
64
2
99
9
14
9
3
19
62
9
74
19
93
19
91
9
34
9
64
17
29
9
14
19
94
19
94
9
34
9
64
9
14
9
94
9
2
9
64
19
64
9
44
9
99
19
64
9
99
9
99
9
99
9
94
9
94
3
79
9
14
17
89
9
99
19
34
9
44
19
62
9
44
19
33
19
93
9
44
9
99
9
64
19
61
9
99
9
94
19
33
9
64
4
89
9
44
9
74
4
59
9
44
9
64
18
30
9
64
9
74
9
34
9
34
9
94
9
74
19
33
9
94
9
44
17
29
19
93
9
99
9
74
1
99
9
94
9
14
9
94
17
29
9
14
0
59
9
64
19
52
9
99
9
44
9
44
4
69
19
33
19
94
19
93
9
99
9
99
9
14
19
91
9
14
9
94
9
94
9
34
19
63
19
52
9
94
19
31
9
74
17
89
9
99
9
34
9
64
17
59
9
44
9
14
9
44
9
14
19
61
17
29
17
29
9
14
9
94
19
61
19
92
18
60
17
89
9
99
9
94
9
64
9
34
9
64
9
14
9
74
9
74
9
64
19
92
17
59
19
63
9
94
9
99
9
64
9
94
9
74
9
34
9
34
9
44
9
64
9
34
4
79
9
64
9
44
9
74
19
63
9
99
9
94
19
31
9
99
9
94
9
34
19
91
9
14
9
44
9
42
19
94
4
69
9
94
9
64
9
64
19
91
9
94
19
92
19
31
18
60
9
74
9
14
19
94
2
9
9
34
9
88
9
14
9
94
9
99
19
91
19
62
9
64
9
14
19
93
19
94
9
74
9
94
9
14
9
94
18
30
9
44
9
64
9
64
19
31
9
94
9
99
9
99
19
62
19
64
9
94
19
61
9
44
4
75
9
74
19
91
19
32
19
92
9
94
1
69
9
94
9
14
9
76
19
34
9
99
19
61
9
74
9
99
9
99
19
94
19
63
9
64
19
32
19
34
9
94
9
14
19
31
9
99
9
44
9
14
9
64
9
94
19
34
19
93
19
91
0
75
9
14
9
99
9
14
19
91
9
14
1
49
9
44
9
74
9
99
9
99
9
44
9
14
3
59
19
34
9
74
9
64
9
34
9
14
9
14
19
34
19
33
9
14
19
34
17
59
9
74
9
74
9
94
0
90
3
9
9
34
9
74
9
74
19
61
19
62
19
94
9
42
9
94
9
44
9
94
9
34
19
91
9
74
9
99
19
64
19
63
9
94
9
14
19
32
9
64
9
44
9
58
18
90
19
81
9
64
9
99
9
94
9
94
9
14
9
14
9
44
9
44
9
64
9
14
0
59
9
74
9
44
19
33
19
61
9
74
9
44
19
93
9
74
9
48
9
94
9
34
9
14
9
99
9
34
9
34
4
29
19
64
9
74
9
64
9
8
19
32
9
92
9
94
19
31
9
99
17
89
9
44
9
99
