3
46
4
99
3
69
6
69
5
2
6
4
3
88
5
54
4
49
2
13
3
39
6
47
2
89
6
34
2
59
6
26
5
82
4
49
5
86
3
69
2
15
5
43
5
9
5
29
3
34
3
23
3
52
3
88
5
7
4
46
4
96
2
19
5
24
2
34
5
39
5
82
4
55
4
86
4
93
5
68
3
2
3
72
6
37
6
88
3
9
2
19
5
9
6
58
3
96
2
49
4
93
3
84
2
96
6
85
2
82
2
88
4
88
3
3
2
99
3
47
2
79
3
2
6
66
6
69
3
94
5
89
6
99
3
38
4
77
5
8
3
12
3
45
2
33
5
88
5
37
5
98
3
59
3
59
4
66
5
69
5
29
2
39
5
43
4
59
6
55
2
99
5
99
2
97
4
37
3
74
3
53
5
98
2
69
3
22
3
37
5
7
4
43
4
73
3
49
2
49
4
95
5
46
4
78
3
57
3
36
3
43
5
18
6
27
2
6
5
96
5
49
2
3
6
57
2
76
5
29
6
68
4
16
3
18
5
56
2
93
3
86
2
9
3
59
4
22
5
6
5
14
6
5
2
22
4
12
2
56
6
74
5
43
3
9
2
59
2
89
5
53
2
37
3
82
6
76
2
4
5
99
5
93
2
46
6
4
3
99
6
89
4
33
5
39
3
25
3
73
2
59
2
35
5
48
3
93
3
29
3
29
5
44
2
79
6
55
5
29
4
59
5
4
2
38
5
97
3
82
6
49
5
69
6
25
5
89
3
39
4
98
5
63
4
92
4
96
5
96
2
97
6
43
6
74
2
19
6
97
6
74
6
38
4
36
3
54
6
27
5
64
3
18
2
2
2
16
5
65
2
39
6
14
5
45
5
15
4
96
0
50
6
28
5
34
5
69
4
29
4
87
3
76
4
12
2
76
2
4
2
8
3
89
2
63
3
42
5
25
3
94
4
83
4
92
4
9
6
19
6
69
6
7
6
85
2
48
5
95
2
88
6
95
2
6
4
79
5
89
3
99
2
7
2
18
4
88
6
57
5
79
6
43
4
96
2
19
5
5
4
47
3
49
4
29
5
57
3
29
4
69
3
56
4
38
2
32
4
49
5
12
5
33
3
93
5
79
6
76
6
79
3
45
6
25
4
39
5
44
2
17
5
79
2
62
2
32
6
37
2
65
5
13
0
80
5
43
4
65
5
13
6
36
3
57
4
46
4
86
5
54
3
43
5
67
4
72
6
49
3
52
4
59
5
45
4
52
6
97
4
73
4
17
4
34
2
89
3
68
4
88
2
59
5
75
3
49
3
96
2
16
5
35
3
15
3
47
5
33
0
80
4
5
3
44
6
24
3
72
5
54
6
87
5
3
6
94
0
10
4
49
5
27
5
5
5
74
4
24
4
39
2
76
4
52
2
53
6
39
3
32
3
79
4
8
5
29
4
39
2
5
3
67
5
97
5
23
2
91
2
53
4
17
3
59
3
69
6
46
5
89
2
49
5
45
5
76
6
83
4
46
5
15
5
9
5
56
5
9
3
95
5
25
5
99
5
93
6
24
6
19
3
99
2
88
2
9
0
17
4
48
6
49
6
9
3
62
2
54
3
55
6
56
6
19
4
51
6
54
2
48
6
25
3
19
3
3
4
95
2
3
2
69
5
66
3
37
5
92
5
56
3
75
5
18
4
53
4
39
2
15
2
12
5
87
4
99
5
68
6
77
2
25
5
16
3
38
6
47
2
64
5
73
3
39
4
68
4
29
2
29
3
6
6
15
3
9
6
59
5
99
3
72
3
59
3
54
2
37
3
85
2
15
3
79
2
88
6
9
6
54
3
46
2
87
3
5
4
7
4
79
6
89
4
39
3
99
5
19
5
3
4
75
6
69
3
39
6
9
5
24
2
19
3
29
2
64
2
74
2
99
0
10
2
65
4
54
6
98
5
38
1
77
6
39
4
9
2
52
2
73
2
54
6
63
5
69
5
29
6
43
6
77
4
54
5
42
4
46
5
97
5
87
2
33
4
59
6
4
3
72
5
85
4
49
5
9
5
59
3
47
2
59
4
98
2
15
3
36
4
29
0
50
3
59
5
17
6
49
3
46
2
19
2
15
5
47
0
58
4
38
6
59
3
6
4
52
6
97
2
89
3
99
2
45
2
79
2
79
3
65
2
27
5
79
4
56
4
88
5
25
4
9
4
74
3
77
6
49
5
12
2
78
6
48
6
37
3
58
6
78
2
56
4
53
5
27
3
69
3
9
5
72
2
44
2
62
2
79
2
27
0
60
6
63
5
67
4
54
5
69
2
92
2
37
5
22
0
80
2
29
4
18
3
43
6
93
2
76
5
93
1
2
3
79
4
55
2
5
4
79
6
85
2
58
1
37
1
34
3
28
4
18
4
77
5
11
4
66
3
54
5
49
6
16
5
25
3
32
5
96
2
85
5
86
4
66
4
59
3
14
6
15
4
39
6
15
4
32
4
35
4
46
3
89
5
19
5
42
2
39
5
56
5
49
6
77
6
27
3
9
3
31
6
25
4
69
3
39
6
49
2
29
6
47
3
46
3
45
6
45
2
93
5
68
2
93
5
22
6
24
5
49
6
13
5
48
2
25
4
78
4
89
4
29
3
13
5
19
2
59
3
58
3
25
4
95
6
69
2
94
2
18
5
41
4
99
4
3
4
99
4
75
3
49
4
88
2
79
6
34
5
76
4
12
5
52
4
94
1
99
6
65
6
7
2
89
5
7
3
16
2
9
6
58
3
16
6
5
2
63
1
85
4
93
2
57
4
22
4
12
6
86
0
50
4
68
5
16
3
73
2
46
3
5
2
56
5
17
2
13
5
83
3
4
3
25
3
78
6
75
2
74
4
62
6
66
2
46
5
9
2
99
6
15
6
69
3
67
4
49
3
96
4
59
6
74
5
25
2
6
5
25
2
3
5
49
4
98
2
66
2
49
4
37
6
4
5
53
4
74
5
25
2
7
4
29
2
93
5
3
3
49
2
35
2
1
6
96
3
69
6
53
3
15
3
19
6
66
6
97
3
19
3
89
4
15
6
67
2
9
2
76
6
64
5
54
4
57
5
62
6
49
3
12
3
92
6
46
5
54
4
33
6
59
2
29
6
29
2
53
4
46
4
59
3
69
5
14
5
98
2
56
4
23
5
58
2
74
5
98
6
99
2
69
3
92
6
46
6
36
5
94
6
64
2
33
4
55
3
72
2
36
3
76
2
68
3
17
5
92
3
55
6
28
5
38
5
29
3
99
5
84
6
43
4
43
2
49
6
16
4
59
4
6
3
17
4
66
6
69
3
76
6
37
4
49
0
10
5
32
3
2
5
96
0
13
3
96
6
23
4
89
4
32
4
47
5
38
2
47
5
68
2
78
4
75
2
44
5
59
5
75
6
4
3
49
2
52
5
98
4
37
6
83
5
49
5
52
4
7
6
59
2
18
2
95
3
84
6
25
2
55
4
79
4
15
4
17
6
54
5
47
2
34
4
45
4
79
1
14
4
93
5
3
3
5
6
9
3
63
3
76
2
99
2
22
5
87
6
47
3
73
2
99
2
29
2
36
2
95
5
83
5
34
4
65
3
75
6
3
4
19
3
38
3
87
2
58
4
49
3
89
5
98
5
24
3
6
5
87
3
24
6
66
6
89
5
89
2
56
6
96
2
57
6
63
4
2
3
95
5
36
5
9
5
59
4
2
2
35
2
24
6
48
5
64
2
75
2
69
2
54
3
59
4
44
6
95
2
42
2
84
4
68
2
64
4
78
4
72
2
25
0
10
6
4
3
89
2
39
4
37
2
9
5
22
6
79
3
93
6
5
0
80
5
94
6
69
6
99
5
39
3
99
5
39
2
5
5
43
3
26
4
87
2
29
5
54
6
83
4
28
6
17
2
88
4
16
6
69
2
9
6
33
3
43
4
79
3
79
5
16
2
46
2
9
2
5
2
46
5
17
6
96
6
3
3
34
4
89
5
42
6
27
4
67
5
64
2
58
6
13
3
53
0
0
2
2
4
43
2
72
2
16
5
45
3
7
4
82
6
35
5
63
4
87
1
87
4
75
5
72
2
59
3
99
3
44
2
19
3
57
2
9
2
47
2
2
2
66
5
59
2
29
5
92
3
18
0
30
6
17
5
67
4
47
3
75
4
19
5
33
4
89
3
12
6
89
6
67
4
62
6
96
3
42
4
73
3
29
2
46
3
54
3
6
4
88
3
42
5
51
3
12
2
45
5
39
1
5
3
9
3
24
3
49
2
8
5
39
2
98
4
19
3
73
5
69
4
19
5
69
3
77
6
7
6
29
3
78
2
49
6
17
4
84
5
19
6
46
2
34
6
53
2
67
2
34
2
67
3
49
5
66
6
49
2
79
2
96
3
83
5
63
3
19
0
70
6
66
4
15
3
21
5
39
6
74
4
89
4
16
6
64
2
39
4
97
3
44
5
89
2
43
5
28
5
9
5
98
3
59
6
59
4
57
3
26
