17
59
9
99
9
74
9
74
9
14
9
14
9
94
9
64
18
60
15
27
9
44
19
61
9
94
9
44
9
64
9
34
9
94
18
60
9
94
9
74
16
28
15
57
9
14
9
34
9
44
9
34
9
64
9
94
9
14
18
60
9
99
16
28
9
34
9
44
9
44
9
94
9
64
9
94
9
99
9
74
9
14
14
86
9
44
9
94
9
14
16
28
9
14
9
64
9
99
16
58
9
99
9
94
9
99
9
94
9
94
9
94
9
94
9
14
9
99
17
59
16
88
9
14
9
74
9
74
9
99
9
94
9
99
9
44
18
90
9
14
14
26
17
59
9
44
9
94
9
44
9
99
9
64
9
64
9
74
9
74
9
34
9
44
15
57
9
64
9
64
9
99
9
99
9
99
9
44
16
88
9
64
9
99
9
74
9
34
9
44
9
14
15
57
15
87
17
59
16
58
9
99
18
60
18
90
9
64
9
44
15
57
19
31
9
34
9
14
9
99
19
61
9
14
9
64
16
88
9
34
9
74
18
30
17
29
9
64
9
99
9
94
9
14
9
64
9
34
9
14
16
28
9
14
9
34
14
26
9
64
16
88
15
57
9
14
9
64
9
94
9
64
9
44
9
94
18
90
9
14
9
99
9
99
16
58
9
14
9
99
9
94
9
44
9
44
9
34
15
87
9
64
9
44
19
61
9
99
9
34
9
34
16
58
16
88
9
64
9
34
9
64
9
14
9
44
9
99
9
94
19
62
9
74
9
34
9
94
9
44
9
99
9
74
9
99
9
99
9
99
9
99
15
57
16
88
16
28
9
99
16
88
9
44
9
44
9
64
9
34
9
74
17
29
9
14
16
28
9
74
9
44
16
28
17
59
17
29
9
99
0
50
9
34
9
44
9
74
9
34
9
94
17
89
14
26
16
88
9
14
9
14
9
94
9
74
14
56
9
34
9
99
9
94
9
99
9
14
19
32
9
74
9
14
9
94
16
58
9
99
9
94
9
99
9
14
18
90
9
94
9
99
9
14
16
28
9
88
9
64
19
91
15
57
9
99
16
28
9
14
18
60
17
59
9
34
9
64
9
34
9
74
9
64
9
44
9
44
18
60
14
26
9
44
9
99
19
91
18
90
19
92
17
59
9
34
9
44
16
58
16
28
19
91
9
74
9
44
9
44
9
74
15
27
0
80
15
57
9
74
15
27
9
44
9
64
18
60
9
94
9
64
15
57
9
74
14
86
19
62
9
64
9
64
17
59
9
64
9
97
15
87
18
30
9
44
9
94
9
74
9
94
9
64
17
89
17
59
9
99
16
28
9
44
17
29
17
59
9
44
0
80
9
14
16
58
9
34
14
86
9
64
9
94
9
14
9
99
0
10
4
49
9
34
9
14
16
88
9
34
9
44
16
88
9
64
9
64
9
44
9
44
17
89
9
14
9
34
9
44
9
14
9
74
9
99
9
34
2
91
9
64
18
30
9
64
9
74
18
60
9
94
16
58
17
59
18
90
9
94
18
60
17
29
9
14
9
64
9
14
9
99
9
34
9
99
9
99
9
34
19
32
9
99
9
94
9
14
0
17
18
60
19
62
9
14
9
74
9
64
9
64
9
64
19
32
18
51
9
64
16
58
9
34
17
29
9
3
9
99
9
14
9
74
9
74
9
44
9
99
9
64
17
89
19
31
9
64
9
44
16
28
14
26
9
94
9
99
9
74
19
91
9
34
18
30
9
44
19
61
9
74
15
87
9
44
9
74
9
34
9
34
9
14
17
29
9
14
9
64
9
99
9
72
9
64
9
64
9
44
9
94
16
28
17
89
9
94
9
14
9
64
17
59
9
94
9
14
9
14
18
90
9
94
9
44
9
99
19
31
9
14
17
89
9
74
9
44
9
14
9
34
16
28
9
34
2
69
16
88
9
99
0
10
9
74
9
64
9
99
9
44
1
79
9
44
9
14
9
64
15
87
9
64
9
74
9
74
9
34
15
57
19
91
9
64
14
56
18
60
9
99
9
94
9
44
9
64
9
14
9
72
9
94
18
60
9
14
9
64
17
59
9
64
9
99
16
28
9
44
9
34
0
50
9
64
19
31
19
62
17
59
16
28
16
28
19
61
0
59
9
44
9
64
9
14
9
64
9
99
9
94
9
99
16
58
16
88
16
88
9
74
9
34
19
91
9
64
9
94
9
34
9
14
16
88
17
89
19
62
14
26
16
88
19
62
9
44
9
64
19
92
2
59
9
64
9
34
9
74
9
14
14
86
16
58
9
74
16
88
9
34
0
60
9
74
9
74
9
64
9
74
9
99
9
44
9
34
0
80
9
34
9
18
9
43
9
99
16
88
9
99
1
9
17
89
9
64
9
14
4
79
9
94
9
64
1
39
1
39
9
34
18
30
18
90
9
11
9
74
9
64
19
61
18
30
9
34
9
44
9
99
9
94
9
94
9
74
9
64
16
28
17
29
9
44
17
29
9
32
9
44
18
60
9
94
19
31
9
42
9
44
9
64
19
61
19
91
9
34
9
14
9
31
9
34
9
74
9
44
19
62
9
34
19
61
17
59
17
59
17
59
9
99
9
74
9
99
9
34
9
34
19
61
15
27
19
61
9
34
18
90
9
94
9
34
15
27
19
31
9
64
9
64
9
34
9
99
9
74
9
99
16
28
9
41
9
99
9
14
9
99
17
89
17
59
4
89
16
88
9
44
18
90
14
26
9
64
9
99
1
99
9
74
9
14
9
94
9
14
17
29
9
14
9
64
17
29
9
14
9
74
1
89
9
99
9
64
9
34
14
26
9
94
0
50
9
74
18
30
15
87
2
49
9
14
9
64
19
31
15
27
9
94
9
14
9
34
17
89
17
89
16
88
9
74
9
74
16
58
9
14
9
99
17
29
9
74
9
74
18
60
9
99
9
64
16
88
9
34
9
14
9
34
9
14
19
61
9
99
9
74
16
58
9
44
9
14
9
64
16
88
9
34
9
14
9
34
9
99
9
14
17
59
9
44
9
1
9
99
9
74
9
64
17
29
17
29
9
74
9
99
17
29
9
94
17
29
9
74
9
14
16
88
9
64
9
64
9
64
9
74
19
62
14
26
9
99
18
60
9
64
9
44
9
64
9
34
9
34
9
64
18
60
4
59
9
74
16
28
9
99
9
64
9
34
9
64
16
88
9
99
9
99
9
74
9
99
18
60
9
44
9
99
9
74
9
44
9
64
14
86
9
44
9
76
9
74
17
29
9
99
9
64
9
34
9
44
9
34
9
99
9
94
15
57
15
57
16
58
18
30
9
64
9
14
9
17
9
74
9
74
17
89
9
44
18
60
0
10
9
44
3
9
9
99
0
13
9
99
9
34
9
94
9
44
18
60
9
44
16
58
9
74
16
88
17
89
16
58
9
64
17
89
9
14
17
59
9
64
9
99
9
44
9
94
19
61
9
64
9
14
9
64
16
28
9
99
9
94
8
25
9
64
18
90
4
19
18
30
9
64
19
61
9
44
17
59
18
90
1
19
9
99
9
14
9
14
9
14
9
74
17
89
9
99
9
34
9
94
19
61
15
87
9
99
9
34
9
44
9
99
9
94
9
44
9
74
17
89
9
14
18
30
9
38
9
94
9
64
4
49
9
94
9
99
9
34
9
14
9
94
9
34
9
74
9
94
9
94
9
64
9
99
9
64
9
74
9
14
9
99
9
44
9
14
9
64
9
14
9
44
9
34
19
62
9
74
2
79
9
74
9
64
9
64
9
44
9
99
14
56
9
94
9
74
9
74
18
90
14
86
9
34
0
10
9
3
9
94
9
44
9
37
9
14
19
22
19
92
9
93
9
14
0
80
9
99
9
74
9
99
9
44
9
99
9
44
9
14
15
57
9
34
9
94
9
34
9
64
9
76
9
34
19
31
9
94
18
30
9
74
9
14
9
44
15
57
18
90
17
89
9
16
2
49
9
14
2
9
16
58
19
31
9
99
9
14
9
44
9
94
14
56
9
34
9
74
9
74
2
59
15
27
9
64
0
0
9
14
15
57
14
86
16
28
17
59
9
14
9
94
9
44
9
74
9
94
1
89
17
89
14
86
9
64
9
99
16
58
16
28
9
64
9
14
16
58
9
14
9
74
9
64
9
34
9
99
17
29
0
30
19
31
9
74
18
60
17
89
18
30
9
44
9
94
14
26
9
94
9
74
9
74
9
99
14
56
15
87
9
34
16
58
9
54
9
14
9
94
14
56
19
51
14
26
16
58
9
44
1
9
9
14
9
34
17
59
9
14
9
44
9
99
18
30
15
87
9
74
18
30
9
74
17
89
9
14
9
34
17
89
16
58
19
31
9
94
19
31
18
60
9
44
9
64
9
74
9
44
9
74
17
59
9
74
19
62
16
88
9
99
9
94
9
74
17
29
0
70
9
74
17
29
17
21
9
44
16
88
9
94
18
30
9
74
9
44
9
99
16
58
9
94
15
57
9
34
9
14
9
98
9
64
9
64
9
64
3
26
