13
55
9
99
9
74
9
74
9
12
9
14
9
94
9
64
14
56
11
23
9
44
15
57
9
94
9
44
9
64
9
34
9
92
14
56
9
94
9
74
12
24
11
53
9
14
9
34
9
44
9
33
9
62
9
94
9
14
14
56
9
99
12
24
9
34
9
44
9
44
9
92
9
64
9
94
9
99
9
74
9
12
10
82
9
44
9
94
9
14
12
24
9
14
9
64
9
99
12
54
9
99
9
94
9
99
9
94
9
92
9
94
9
94
9
13
9
99
13
55
12
84
9
12
9
74
9
74
9
99
9
94
9
99
9
44
14
86
9
14
10
22
13
55
9
43
9
94
9
44
9
99
9
64
9
64
9
74
9
74
9
34
9
44
11
53
9
64
9
64
9
99
9
99
9
99
9
44
12
84
9
63
9
99
9
74
9
32
9
44
9
14
11
53
11
83
13
55
12
54
9
99
14
56
14
86
9
64
9
44
11
53
15
27
9
34
9
14
9
99
15
57
9
13
9
64
12
84
9
34
9
74
14
26
13
25
9
64
9
99
9
94
9
14
9
64
9
32
9
14
12
24
9
14
9
32
10
22
9
64
12
84
11
53
9
14
9
64
9
94
9
63
9
44
9
92
14
86
9
14
9
99
9
99
12
54
9
14
9
99
9
94
9
43
9
44
9
34
11
83
9
64
9
44
15
57
9
99
9
34
9
34
12
54
12
84
9
64
9
34
9
64
9
14
9
44
9
99
9
92
16
58
9
74
9
34
9
94
9
44
9
99
9
73
9
99
9
99
9
99
9
99
11
53
12
84
12
24
9
99
12
84
9
44
9
44
9
64
9
34
9
74
13
25
9
12
12
24
9
74
9
44
12
24
13
55
13
25
9
99
0
50
9
34
9
44
9
74
9
34
9
94
13
85
10
22
12
84
9
14
9
14
9
94
9
73
10
52
9
34
9
99
9
93
9
99
9
14
16
28
9
74
9
14
9
94
12
54
9
99
9
94
9
99
9
14
14
86
9
94
9
99
9
14
12
24
9
88
9
64
15
87
11
53
9
99
12
24
9
14
14
56
13
55
9
34
9
64
9
34
9
74
9
64
9
44
9
42
14
56
10
22
9
43
9
99
15
87
14
86
16
88
13
55
9
34
9
44
12
54
12
24
15
87
9
72
9
42
9
44
9
74
11
23
0
80
11
53
9
74
11
23
9
44
9
64
14
56
9
94
9
64
11
53
9
74
10
82
16
58
9
62
9
64
13
55
9
62
9
97
11
83
14
26
9
44
9
94
9
74
9
94
9
64
13
85
13
55
9
99
12
24
9
44
13
25
13
55
9
43
0
80
9
14
12
54
9
34
10
82
9
64
9
94
9
13
9
99
0
10
4
49
9
34
9
14
12
84
9
34
9
44
12
84
9
62
9
63
9
44
9
42
13
85
9
14
9
34
9
44
9
14
9
74
9
99
9
33
2
91
9
63
14
26
9
64
9
74
14
56
9
94
12
54
13
55
14
86
9
93
14
56
13
25
9
14
9
64
9
14
9
99
9
34
9
99
9
99
9
34
16
28
9
99
9
94
9
14
0
17
14
56
16
58
9
14
9
72
9
64
9
64
9
64
16
28
14
51
9
64
12
54
9
34
13
25
9
3
9
99
9
13
9
74
9
74
9
44
9
99
9
64
13
85
15
27
9
63
9
44
12
24
10
22
9
94
9
99
9
74
15
87
9
34
14
26
9
44
15
57
9
74
11
83
9
44
9
74
9
34
9
34
9
14
13
25
9
14
9
64
9
99
9
72
9
64
9
64
9
44
9
94
12
24
13
85
9
94
9
14
9
64
13
55
9
94
9
14
9
14
14
86
9
94
9
44
9
99
15
27
9
13
13
85
9
74
9
44
9
14
9
34
12
24
9
34
2
69
12
84
9
99
0
10
9
74
9
64
9
99
9
44
1
79
9
44
9
14
9
62
11
83
9
64
9
73
9
74
9
34
11
53
15
87
9
64
10
52
14
56
9
99
9
94
9
43
9
64
9
14
9
72
9
94
14
56
9
14
9
64
13
55
9
64
9
99
12
24
9
44
9
34
0
50
9
64
15
27
16
58
13
55
12
24
12
24
15
57
0
59
9
44
9
64
9
14
9
62
9
99
9
94
9
99
12
54
12
84
12
84
9
74
9
34
15
87
9
64
9
94
9
34
9
14
12
84
13
85
16
58
10
22
12
84
16
58
9
44
9
64
16
88
2
59
9
63
9
34
9
74
9
14
10
82
12
54
9
72
12
84
9
34
0
60
9
73
9
74
9
64
9
74
9
99
9
44
9
32
0
80
9
34
9
18
9
43
9
99
12
84
9
99
1
9
13
85
9
64
9
14
4
79
9
94
9
64
1
39
1
39
9
34
14
26
14
86
9
11
9
74
9
64
15
57
14
26
9
34
9
42
9
99
9
94
9
94
9
74
9
64
12
24
13
25
9
44
13
25
9
32
9
44
14
56
9
94
15
27
9
42
9
44
9
64
15
57
15
87
9
34
9
14
9
31
9
34
9
74
9
44
16
58
9
34
15
57
13
55
13
55
13
55
9
99
9
74
9
99
9
32
9
34
15
57
11
23
15
57
9
34
14
86
9
94
9
34
11
23
15
27
9
64
9
64
9
34
9
99
9
74
9
99
12
24
9
41
9
99
9
13
9
99
13
85
13
55
4
89
12
84
9
44
14
86
10
22
9
62
9
99
1
99
9
74
9
14
9
94
9
14
13
25
9
14
9
64
13
25
9
14
9
73
1
89
9
99
9
64
9
32
10
22
9
94
0
50
9
74
14
26
11
83
2
49
9
14
9
64
15
27
11
23
9
93
9
14
9
34
13
85
13
85
12
84
9
72
9
74
12
54
9
14
9
99
13
25
9
74
9
74
14
56
9
99
9
64
12
84
9
34
9
14
9
34
9
13
15
57
9
99
9
74
12
54
9
44
9
14
9
63
12
84
9
34
9
14
9
34
9
99
9
13
13
55
9
44
9
1
9
99
9
74
9
63
13
25
13
25
9
74
9
99
13
25
9
94
13
25
9
74
9
14
12
84
9
64
9
64
9
64
9
72
16
58
10
22
9
99
14
56
9
64
9
43
9
64
9
34
9
34
9
63
14
56
4
59
9
74
12
24
9
99
9
64
9
33
9
64
12
84
9
99
9
99
9
74
9
99
14
56
9
44
9
99
9
74
9
43
9
64
10
82
9
44
9
76
9
74
13
25
9
99
9
64
9
34
9
44
9
34
9
99
9
94
11
53
11
53
12
54
14
26
9
64
9
14
9
17
9
74
9
74
13
85
9
44
14
56
0
10
9
42
3
9
9
99
0
13
9
99
9
33
9
94
9
42
14
56
9
44
12
54
9
74
12
84
13
85
12
54
9
64
13
85
9
14
13
55
9
62
9
99
9
44
9
93
15
57
9
62
9
14
9
64
12
24
9
99
9
94
8
25
9
64
14
86
4
19
14
26
9
64
15
57
9
44
13
55
14
86
1
19
9
99
9
13
9
14
9
14
9
73
13
85
9
99
9
32
9
94
15
57
11
83
9
99
9
34
9
44
9
99
9
93
9
44
9
74
13
85
9
13
14
26
9
38
9
94
9
64
4
49
9
94
9
99
9
34
9
14
9
94
9
34
9
74
9
94
9
94
9
64
9
99
9
64
9
73
9
12
9
99
9
44
9
14
9
64
9
12
9
44
9
34
16
58
9
74
2
79
9
74
9
64
9
64
9
44
9
99
10
52
9
94
9
74
9
74
14
86
10
82
9
34
0
10
9
3
9
94
9
44
9
37
9
14
15
22
16
88
9
93
9
14
0
80
9
99
9
74
9
99
9
44
9
99
9
44
9
14
11
53
9
34
9
94
9
34
9
64
9
76
9
34
15
27
9
94
14
26
9
74
9
14
9
43
11
53
14
86
13
85
9
16
2
49
9
14
2
9
12
54
15
27
9
99
9
13
9
44
9
94
10
52
9
34
9
74
9
74
2
59
11
23
9
63
0
0
9
12
11
53
10
82
12
24
13
55
9
14
9
92
9
44
9
73
9
94
1
89
13
85
10
82
9
64
9
99
12
54
12
24
9
64
9
14
12
54
9
12
9
74
9
64
9
34
9
99
13
25
0
30
15
27
9
74
14
56
13
85
14
26
9
43
9
94
10
22
9
94
9
74
9
72
9
99
10
52
11
83
9
34
12
54
9
54
9
14
9
94
10
52
15
51
10
22
12
54
9
44
1
9
9
14
9
34
13
55
9
14
9
44
9
99
14
26
11
83
9
74
14
26
9
74
13
85
9
14
9
34
13
85
12
54
15
27
9
94
15
27
14
56
9
44
9
63
9
74
9
44
9
74
13
55
9
74
16
58
12
84
9
99
9
93
9
73
13
25
0
70
9
74
13
25
13
21
9
44
12
84
9
94
14
26
9
74
9
44
9
99
12
54
9
94
11
53
9
34
9
14
9
98
9
64
9
64
9
64
3
26
