19
63
9
99
9
74
9
74
9
14
9
14
9
94
9
64
19
64
19
31
9
44
19
64
9
94
9
44
9
64
9
34
9
94
19
64
9
94
9
74
19
32
19
61
9
14
9
34
9
44
9
34
9
64
9
94
9
14
19
64
9
99
19
32
9
34
9
44
9
44
9
94
9
64
9
94
9
99
9
74
9
14
18
90
9
44
9
94
9
14
19
32
9
14
9
64
9
99
19
62
9
99
9
94
9
99
9
94
9
94
9
94
9
94
9
14
9
99
19
63
19
92
9
14
9
74
9
74
9
99
9
94
9
99
9
44
19
94
9
14
18
30
19
63
9
44
9
94
9
44
9
99
9
64
9
64
9
74
9
74
9
34
9
44
19
61
9
64
9
64
9
99
9
99
9
99
9
44
19
92
9
64
9
99
9
74
9
34
9
44
9
14
19
61
19
91
19
63
19
62
9
99
19
64
19
94
9
64
9
44
19
61
19
34
9
34
9
14
9
99
19
64
9
14
9
64
19
92
9
34
9
74
19
34
19
33
9
64
9
99
9
94
9
14
9
64
9
34
9
14
19
32
9
14
9
34
18
30
9
64
19
92
19
61
9
14
9
64
9
94
9
64
9
44
9
94
19
94
9
14
9
99
9
99
19
62
9
14
9
99
9
94
9
44
9
44
9
34
19
91
9
64
9
44
19
64
9
99
9
34
9
34
19
62
19
92
9
64
9
34
9
64
9
14
9
44
9
99
9
94
19
64
9
74
9
34
9
94
9
44
9
99
9
74
9
99
9
99
9
99
9
99
19
61
19
92
19
32
9
99
19
92
9
44
9
44
9
64
9
34
9
74
19
33
9
14
19
32
9
74
9
44
19
32
19
63
19
33
9
99
0
50
9
34
9
44
9
74
9
34
9
94
19
93
18
30
19
92
9
14
9
14
9
94
9
74
18
60
9
34
9
99
9
94
9
99
9
14
19
34
9
74
9
14
9
94
19
62
9
99
9
94
9
99
9
14
19
94
9
94
9
99
9
14
19
32
9
88
9
64
19
94
19
61
9
99
19
32
9
14
19
64
19
63
9
34
9
64
9
34
9
74
9
64
9
44
9
44
19
64
18
30
9
44
9
99
19
94
19
94
19
94
19
63
9
34
9
44
19
62
19
32
19
94
9
74
9
44
9
44
9
74
19
31
0
80
19
61
9
74
19
31
9
44
9
64
19
64
9
94
9
64
19
61
9
74
18
90
19
64
9
64
9
64
19
63
9
64
9
97
19
91
19
34
9
44
9
94
9
74
9
94
9
64
19
93
19
63
9
99
19
32
9
44
19
33
19
63
9
44
0
80
9
14
19
62
9
34
18
90
9
64
9
94
9
14
9
99
0
10
4
49
9
34
9
14
19
92
9
34
9
44
19
92
9
64
9
64
9
44
9
44
19
93
9
14
9
34
9
44
9
14
9
74
9
99
9
34
2
91
9
64
19
34
9
64
9
74
19
64
9
94
19
62
19
63
19
94
9
94
19
64
19
33
9
14
9
64
9
14
9
99
9
34
9
99
9
99
9
34
19
34
9
99
9
94
9
14
0
17
19
64
19
64
9
14
9
74
9
64
9
64
9
64
19
34
19
51
9
64
19
62
9
34
19
33
9
3
9
99
9
14
9
74
9
74
9
44
9
99
9
64
19
93
19
34
9
64
9
44
19
32
18
30
9
94
9
99
9
74
19
94
9
34
19
34
9
44
19
64
9
74
19
91
9
44
9
74
9
34
9
34
9
14
19
33
9
14
9
64
9
99
9
72
9
64
9
64
9
44
9
94
19
32
19
93
9
94
9
14
9
64
19
63
9
94
9
14
9
14
19
94
9
94
9
44
9
99
19
34
9
14
19
93
9
74
9
44
9
14
9
34
19
32
9
34
2
69
19
92
9
99
0
10
9
74
9
64
9
99
9
44
1
79
9
44
9
14
9
64
19
91
9
64
9
74
9
74
9
34
19
61
19
94
9
64
18
60
19
64
9
99
9
94
9
44
9
64
9
14
9
72
9
94
19
64
9
14
9
64
19
63
9
64
9
99
19
32
9
44
9
34
0
50
9
64
19
34
19
64
19
63
19
32
19
32
19
64
0
59
9
44
9
64
9
14
9
64
9
99
9
94
9
99
19
62
19
92
19
92
9
74
9
34
19
94
9
64
9
94
9
34
9
14
19
92
19
93
19
64
18
30
19
92
19
64
9
44
9
64
19
94
2
59
9
64
9
34
9
74
9
14
18
90
19
62
9
74
19
92
9
34
0
60
9
74
9
74
9
64
9
74
9
99
9
44
9
34
0
80
9
34
9
18
9
43
9
99
19
92
9
99
1
9
19
93
9
64
9
14
4
79
9
94
9
64
1
39
1
39
9
34
19
34
19
94
9
11
9
74
9
64
19
64
19
34
9
34
9
44
9
99
9
94
9
94
9
74
9
64
19
32
19
33
9
44
19
33
9
32
9
44
19
64
9
94
19
34
9
42
9
44
9
64
19
64
19
94
9
34
9
14
9
31
9
34
9
74
9
44
19
64
9
34
19
64
19
63
19
63
19
63
9
99
9
74
9
99
9
34
9
34
19
64
19
31
19
64
9
34
19
94
9
94
9
34
19
31
19
34
9
64
9
64
9
34
9
99
9
74
9
99
19
32
9
41
9
99
9
14
9
99
19
93
19
63
4
89
19
92
9
44
19
94
18
30
9
64
9
99
1
99
9
74
9
14
9
94
9
14
19
33
9
14
9
64
19
33
9
14
9
74
1
89
9
99
9
64
9
34
18
30
9
94
0
50
9
74
19
34
19
91
2
49
9
14
9
64
19
34
19
31
9
94
9
14
9
34
19
93
19
93
19
92
9
74
9
74
19
62
9
14
9
99
19
33
9
74
9
74
19
64
9
99
9
64
19
92
9
34
9
14
9
34
9
14
19
64
9
99
9
74
19
62
9
44
9
14
9
64
19
92
9
34
9
14
9
34
9
99
9
14
19
63
9
44
9
1
9
99
9
74
9
64
19
33
19
33
9
74
9
99
19
33
9
94
19
33
9
74
9
14
19
92
9
64
9
64
9
64
9
74
19
64
18
30
9
99
19
64
9
64
9
44
9
64
9
34
9
34
9
64
19
64
4
59
9
74
19
32
9
99
9
64
9
34
9
64
19
92
9
99
9
99
9
74
9
99
19
64
9
44
9
99
9
74
9
44
9
64
18
90
9
44
9
76
9
74
19
33
9
99
9
64
9
34
9
44
9
34
9
99
9
94
19
61
19
61
19
62
19
34
9
64
9
14
9
17
9
74
9
74
19
93
9
44
19
64
0
10
9
44
3
9
9
99
0
13
9
99
9
34
9
94
9
44
19
64
9
44
19
62
9
74
19
92
19
93
19
62
9
64
19
93
9
14
19
63
9
64
9
99
9
44
9
94
19
64
9
64
9
14
9
64
19
32
9
99
9
94
8
25
9
64
19
94
4
19
19
34
9
64
19
64
9
44
19
63
19
94
1
19
9
99
9
14
9
14
9
14
9
74
19
93
9
99
9
34
9
94
19
64
19
91
9
99
9
34
9
44
9
99
9
94
9
44
9
74
19
93
9
14
19
34
9
38
9
94
9
64
4
49
9
94
9
99
9
34
9
14
9
94
9
34
9
74
9
94
9
94
9
64
9
99
9
64
9
74
9
14
9
99
9
44
9
14
9
64
9
14
9
44
9
34
19
64
9
74
2
79
9
74
9
64
9
64
9
44
9
99
18
60
9
94
9
74
9
74
19
94
18
90
9
34
0
10
9
3
9
94
9
44
9
37
9
14
19
22
19
94
9
93
9
14
0
80
9
99
9
74
9
99
9
44
9
99
9
44
9
14
19
61
9
34
9
94
9
34
9
64
9
76
9
34
19
34
9
94
19
34
9
74
9
14
9
44
19
61
19
94
19
93
9
16
2
49
9
14
2
9
19
62
19
34
9
99
9
14
9
44
9
94
18
60
9
34
9
74
9
74
2
59
19
31
9
64
0
0
9
14
19
61
18
90
19
32
19
63
9
14
9
94
9
44
9
74
9
94
1
89
19
93
18
90
9
64
9
99
19
62
19
32
9
64
9
14
19
62
9
14
9
74
9
64
9
34
9
99
19
33
0
30
19
34
9
74
19
64
19
93
19
34
9
44
9
94
18
30
9
94
9
74
9
74
9
99
18
60
19
91
9
34
19
62
9
54
9
14
9
94
18
60
19
51
18
30
19
62
9
44
1
9
9
14
9
34
19
63
9
14
9
44
9
99
19
34
19
91
9
74
19
34
9
74
19
93
9
14
9
34
19
93
19
62
19
34
9
94
19
34
19
64
9
44
9
64
9
74
9
44
9
74
19
63
9
74
19
64
19
92
9
99
9
94
9
74
19
33
0
70
9
74
19
33
19
21
9
44
19
92
9
94
19
34
9
74
9
44
9
99
19
62
9
94
19
61
9
34
9
14
9
98
9
64
9
64
9
64
3
26
