6
49
7
99
6
69
9
71
8
5
9
7
6
89
8
57
7
49
5
16
6
39
9
50
5
89
9
37
5
59
9
29
8
85
7
49
8
89
6
69
5
18
8
46
8
10
8
30
6
37
6
26
6
55
6
89
8
10
7
49
7
99
5
19
8
27
5
37
8
40
8
85
7
58
7
89
7
96
8
70
6
5
6
75
9
40
9
91
6
9
5
19
8
10
9
61
6
99
5
49
7
96
6
87
5
99
9
88
5
85
5
89
7
89
6
6
5
99
6
49
5
79
6
5
9
69
9
71
6
97
8
90
9
99
6
39
7
79
8
10
6
15
6
48
5
36
8
90
8
40
8
99
6
59
6
59
7
69
8
70
8
30
5
39
8
46
7
59
9
58
5
99
8
99
5
99
7
39
6
77
6
56
8
99
5
69
6
25
6
39
8
10
7
46
7
76
6
49
5
49
7
98
8
49
7
79
6
59
6
39
6
46
8
20
9
30
5
9
8
99
8
50
5
6
9
60
5
79
8
30
9
71
7
19
6
19
8
59
5
96
6
89
5
9
6
59
7
25
8
9
8
17
9
8
5
25
7
15
5
59
9
77
8
46
6
9
5
59
5
89
8
56
5
39
6
85
9
79
5
7
8
99
8
96
5
49
9
7
6
99
9
91
7
36
8
40
6
28
6
76
5
59
5
38
8
50
6
96
6
29
6
29
8
47
5
79
9
58
8
30
7
59
8
7
5
39
8
99
6
85
9
51
8
70
9
28
8
90
6
39
7
99
8
66
7
95
7
99
8
99
5
99
8
46
9
77
5
19
9
99
9
77
9
41
7
39
6
57
9
30
8
67
6
19
5
5
5
19
8
68
5
39
9
17
8
48
8
18
7
99
0
50
9
31
8
37
8
70
7
29
7
89
6
79
7
15
5
79
5
7
5
9
6
89
5
66
6
45
8
28
6
97
7
86
7
95
7
9
9
21
9
71
9
10
9
88
5
49
8
98
5
89
9
98
5
9
7
79
8
90
6
99
5
9
5
19
7
88
9
60
8
80
8
46
7
99
5
19
8
8
7
49
6
49
7
29
8
60
6
29
7
69
6
59
7
39
5
35
7
49
8
15
8
36
6
96
8
80
9
79
9
81
6
48
9
28
7
39
8
47
5
19
8
80
5
65
5
35
9
40
5
68
8
16
0
80
8
46
7
68
8
16
9
39
6
59
7
49
7
89
8
57
6
46
8
70
7
75
9
51
6
55
7
59
8
48
7
55
9
97
7
76
7
19
7
37
5
89
6
69
7
89
5
59
8
78
6
49
6
99
5
19
8
38
6
18
6
49
8
36
0
80
7
8
6
47
9
27
6
75
8
57
9
90
8
6
9
97
0
10
4
49
8
30
8
8
8
77
7
27
7
39
5
79
7
55
5
56
9
41
6
35
6
79
7
9
8
30
7
39
5
8
6
69
8
99
8
26
2
91
5
56
7
19
6
59
6
69
9
49
8
90
5
49
8
48
8
79
8
86
7
49
8
18
8
10
8
59
8
10
6
98
8
28
8
99
8
96
9
27
9
21
6
99
5
89
5
9
0
17
7
49
9
51
9
11
6
65
5
57
6
58
9
59
9
21
7
51
9
57
5
49
9
28
6
19
6
3
7
98
5
6
5
69
8
69
6
39
8
95
8
59
6
78
8
20
7
56
7
39
5
18
5
15
8
90
7
99
8
70
9
80
5
28
8
19
6
39
9
50
5
67
8
76
6
39
7
69
7
29
5
29
6
9
9
18
6
9
9
61
8
99
6
72
6
59
6
57
5
39
6
88
5
18
6
79
5
89
9
11
9
57
6
49
5
89
6
8
7
9
7
79
9
91
7
39
6
99
8
20
8
6
7
78
9
71
6
39
9
11
8
27
5
19
6
29
2
67
5
77
5
99
0
10
5
68
7
57
9
99
8
40
1
79
9
41
7
9
5
55
5
76
5
57
8
66
8
70
8
30
8
46
9
80
7
57
8
45
7
49
8
99
8
90
5
36
7
59
9
7
6
72
8
88
7
49
8
10
8
60
6
49
5
59
7
99
5
18
6
39
7
29
0
50
6
59
8
20
9
51
6
49
5
19
5
18
8
50
0
59
7
39
9
61
6
9
7
55
9
99
5
89
6
99
5
48
5
79
5
79
6
68
5
29
8
80
7
59
7
89
8
28
7
9
7
77
6
79
9
51
8
15
5
79
9
51
9
40
6
59
9
81
2
59
7
56
8
30
6
69
6
9
8
75
5
47
5
65
5
79
5
29
0
60
8
66
8
70
7
57
8
70
5
95
5
39
8
25
0
80
5
29
7
18
6
43
8
96
5
79
8
96
1
5
6
79
7
58
5
8
4
79
9
88
5
59
1
39
1
37
6
29
7
19
7
79
8
11
7
69
6
57
8
50
9
19
8
28
6
35
8
99
5
88
8
89
7
69
7
59
6
17
9
18
7
39
9
18
7
32
7
38
7
49
6
89
8
20
8
42
5
39
8
59
8
50
9
80
9
30
6
9
6
31
9
28
7
69
6
39
9
51
5
29
9
50
6
49
6
48
9
48
5
96
8
70
5
96
8
25
9
27
8
50
8
16
8
50
5
28
7
79
7
89
7
29
6
16
8
20
5
59
6
59
6
28
7
98
9
71
5
97
5
19
8
41
7
99
7
6
7
99
7
78
6
49
4
89
5
79
9
37
8
79
7
15
8
55
7
97
1
99
9
68
9
10
5
89
8
10
6
19
5
9
9
61
6
19
9
8
5
66
1
88
7
96
5
59
7
25
7
15
9
89
0
50
7
69
8
19
6
76
2
49
6
8
5
59
8
20
5
16
8
86
6
7
6
28
6
79
9
78
5
77
7
65
9
69
5
49
8
10
5
99
9
18
9
71
6
69
7
49
6
99
7
59
9
77
8
28
5
9
8
28
5
6
8
50
7
99
5
69
5
49
7
39
9
7
8
56
7
77
8
28
5
9
7
29
5
96
8
6
6
49
5
38
5
1
9
99
6
69
8
56
6
18
6
19
9
69
9
99
6
19
6
89
7
18
9
70
5
9
5
79
9
64
8
57
7
59
8
65
9
51
6
15
6
95
9
49
8
57
7
36
9
61
5
29
9
31
5
56
7
49
4
59
6
69
8
17
8
99
5
59
7
26
8
60
5
77
8
99
9
99
5
69
6
95
9
49
9
39
8
97
9
67
5
36
7
58
6
75
5
39
6
76
5
69
6
19
8
95
6
58
9
31
8
40
8
30
6
99
8
87
8
46
7
46
5
49
9
19
7
59
7
9
6
17
7
69
9
71
6
79
9
40
7
49
0
10
8
35
3
5
8
99
0
13
6
99
8
26
7
89
7
35
7
49
8
40
5
49
8
70
5
79
7
78
5
47
8
60
8
78
9
7
6
49
5
55
8
99
7
39
8
86
8
50
8
55
7
9
9
61
5
19
5
98
6
87
8
25
5
58
7
79
4
18
7
19
9
57
8
50
5
37
7
48
7
79
1
17
7
96
8
6
6
8
9
11
6
66
6
79
5
99
5
25
8
90
9
50
6
76
5
99
5
29
5
39
5
98
8
86
8
37
7
68
6
78
8
6
7
19
6
38
6
89
5
59
4
49
6
89
8
99
8
27
6
9
8
90
6
27
9
69
9
91
8
90
5
59
9
99
5
59
8
66
7
5
6
98
8
39
8
10
8
60
7
5
5
38
5
27
9
51
8
67
2
78
5
69
5
57
6
59
7
44
9
98
5
45
5
87
7
69
5
67
7
79
7
75
5
28
0
10
9
3
6
89
5
39
7
37
5
9
8
22
9
81
6
93
9
8
0
80
8
97
9
71
9
99
8
40
6
99
8
40
5
8
8
46
6
29
7
89
5
29
8
57
9
80
7
29
9
20
5
89
7
19
9
71
5
9
8
36
6
46
7
79
6
79
8
16
2
49
5
9
2
8
5
49
8
20
9
99
8
6
6
37
7
89
8
45
9
30
7
69
8
67
2
59
8
16
6
56
0
0
5
5
7
46
5
75
5
19
8
48
6
9
7
85
9
38
8
66
7
89
1
89
7
78
8
75
5
59
6
99
6
47
5
19
6
59
5
9
5
49
5
5
5
69
8
60
5
29
8
95
6
19
0
30
9
20
8
70
7
49
6
78
7
19
8
36
7
89
6
15
9
91
9
70
7
65
9
99
6
45
7
76
6
29
5
49
6
54
6
9
7
89
6
45
8
51
6
15
5
48
8
40
1
8
6
9
6
27
6
49
5
9
8
40
5
99
7
19
6
76
8
70
7
19
8
70
6
79
9
10
9
31
6
79
5
49
9
20
7
87
8
20
9
49
5
37
8
56
5
69
5
37
5
69
6
49
8
69
9
51
5
79
5
99
6
86
8
66
6
19
0
70
9
69
7
18
6
21
8
40
9
77
7
89
7
19
9
67
5
39
7
99
6
47
8
90
5
46
8
30
8
10
8
98
6
59
9
61
7
59
3
26
