1
44
2
99
1
67
4
68
4
0
4
2
1
86
3
52
2
48
0
11
1
39
4
45
0
87
4
32
0
59
4
24
4
80
2
47
3
84
1
67
0
13
3
41
3
8
3
28
1
32
1
21
2
50
1
86
3
5
2
44
2
94
0
18
3
22
0
32
3
38
4
80
2
53
2
84
2
91
3
66
2
0
2
70
4
35
4
86
1
8
0
18
3
8
4
56
1
94
0
48
2
91
1
82
0
94
4
83
1
80
0
86
2
86
1
1
0
97
1
45
0
77
2
0
4
64
4
69
1
92
3
88
4
97
1
36
2
75
3
6
2
10
1
43
0
31
3
86
3
35
3
96
1
57
1
58
2
64
3
68
3
28
0
39
3
41
2
57
4
53
0
99
3
98
0
95
2
35
1
72
1
51
3
96
0
67
2
20
1
35
3
5
2
41
2
71
1
48
0
49
2
93
3
44
2
76
1
55
1
34
1
41
3
16
4
25
0
4
3
94
3
48
0
1
4
55
0
74
3
27
4
66
2
14
1
16
3
54
0
91
1
84
0
7
1
57
3
20
3
4
3
12
4
3
1
20
3
10
0
54
4
72
3
41
1
8
0
59
0
88
3
51
0
35
2
80
4
74
0
2
3
99
3
91
0
44
4
2
1
97
4
89
2
31
3
37
1
23
1
71
0
57
0
33
3
46
1
91
1
28
1
28
3
42
0
78
4
53
3
28
2
58
3
2
0
36
3
95
2
80
4
47
3
68
4
23
3
88
1
39
2
96
3
61
3
90
2
94
3
94
0
95
4
41
4
72
0
18
4
95
4
72
4
36
2
34
1
52
4
25
3
62
1
16
1
0
0
14
3
63
0
37
4
12
3
43
3
13
2
94
0
50
4
26
3
32
3
69
2
28
2
85
1
74
3
10
0
74
0
2
0
6
1
87
0
61
2
40
3
23
1
92
2
81
3
90
2
8
4
17
4
67
4
5
4
83
0
46
3
93
0
86
4
93
0
4
2
77
3
88
1
99
0
5
0
16
2
89
4
55
3
79
4
41
2
94
0
18
3
3
2
45
1
47
2
28
3
55
1
28
2
68
1
54
2
36
1
30
2
49
4
10
3
31
1
91
3
77
4
74
4
79
1
43
4
23
2
38
3
42
0
15
3
78
1
60
1
30
4
35
0
63
3
11
0
80
3
41
2
63
3
11
4
34
1
55
2
44
2
84
3
52
1
41
3
65
3
70
4
47
2
50
2
59
3
43
3
50
4
97
2
71
2
15
2
32
0
87
1
66
2
86
0
57
3
73
1
48
1
94
0
14
3
33
1
13
1
45
3
31
0
80
2
3
1
42
4
22
2
70
3
52
4
85
3
1
4
92
0
10
4
48
3
25
3
3
3
72
2
22
2
37
0
74
3
50
0
51
4
39
2
30
1
79
2
6
3
27
2
37
0
3
1
65
3
95
3
21
2
90
0
51
2
15
1
57
1
68
4
44
3
88
0
49
3
43
3
74
4
81
2
44
3
13
3
7
3
54
3
8
1
93
3
23
3
97
3
91
4
22
4
17
1
98
0
86
0
7
0
17
2
46
4
48
4
7
2
60
0
52
1
53
4
54
4
17
2
51
4
52
0
46
4
23
1
17
1
3
2
93
0
1
0
69
3
64
1
35
4
90
3
54
1
73
3
16
2
51
2
37
0
13
1
10
3
85
2
99
3
66
4
75
0
23
3
14
1
36
4
45
0
62
3
71
1
39
2
66
2
28
0
28
1
4
4
13
1
7
4
59
3
99
1
72
1
59
1
52
0
35
1
83
0
13
1
77
0
86
4
8
4
52
1
44
0
85
1
3
2
5
2
79
4
88
2
38
1
98
3
17
3
1
2
73
4
68
1
39
4
9
3
22
0
18
1
27
2
62
0
72
0
99
0
10
0
63
2
52
4
96
3
36
1
75
4
37
2
9
1
50
0
71
0
52
4
61
3
67
3
28
4
41
4
75
2
52
4
40
2
44
3
95
3
85
0
31
2
58
4
2
1
72
3
83
2
48
3
7
3
59
1
45
0
59
2
96
0
13
1
34
2
28
0
50
1
58
3
15
4
47
1
44
0
18
0
13
3
45
0
56
2
36
4
59
1
4
3
50
4
95
0
89
1
98
0
43
0
78
0
78
1
63
0
25
3
79
2
54
2
86
3
23
2
9
2
72
1
75
4
47
4
10
0
76
4
46
4
35
1
56
4
76
2
54
2
51
3
25
1
67
1
8
4
70
0
42
1
60
0
79
0
25
0
60
4
61
3
65
2
52
3
67
1
90
0
35
4
20
0
80
0
28
2
19
1
43
4
91
0
74
3
91
1
0
1
79
2
53
0
3
4
78
4
83
0
56
1
35
1
32
1
26
2
16
2
75
3
11
2
64
1
52
3
47
4
14
3
23
2
30
3
94
0
83
3
84
2
64
2
59
1
12
4
13
2
37
4
13
2
31
2
33
2
44
1
88
3
18
3
42
0
39
3
54
3
48
4
75
4
25
1
7
2
30
4
23
2
67
1
37
4
49
0
29
4
45
1
44
1
43
4
43
0
91
3
66
0
91
4
20
4
22
3
49
4
11
3
46
0
23
2
76
2
87
2
29
1
11
3
18
0
57
1
56
1
23
2
93
4
68
0
92
0
16
3
41
2
97
2
1
2
97
2
73
1
49
4
86
0
79
4
32
3
74
3
10
4
50
2
92
1
98
4
63
4
5
0
88
3
5
1
14
0
9
4
56
1
14
4
3
0
61
1
83
2
91
0
55
3
20
3
10
4
84
0
50
2
66
3
14
1
71
2
44
1
3
0
54
3
15
0
11
3
81
1
2
1
23
1
76
4
73
0
72
3
60
4
64
0
44
3
8
0
97
4
13
4
68
1
65
2
48
1
94
2
59
4
72
3
23
0
4
3
23
0
1
3
47
2
96
0
64
0
48
2
35
4
2
3
51
2
72
3
23
0
5
2
29
0
91
3
1
1
48
0
33
1
0
4
94
1
67
4
51
1
13
1
17
4
64
4
95
1
18
1
87
2
13
4
65
0
7
0
74
4
64
3
52
2
55
4
60
4
48
2
10
2
90
4
44
3
52
2
31
4
59
0
28
4
28
0
51
2
44
4
59
1
69
3
12
3
96
0
54
2
21
3
56
0
72
3
96
4
99
0
68
2
90
4
44
4
34
3
92
4
62
0
31
2
53
2
70
0
34
1
76
0
66
1
15
4
90
1
53
4
26
3
36
3
27
1
98
3
82
4
41
2
41
0
47
4
14
2
58
2
4
1
17
2
64
4
69
1
74
4
35
2
48
0
10
4
30
3
0
3
94
0
13
1
94
4
21
2
89
3
30
2
45
3
36
0
45
3
66
0
76
2
73
0
42
3
57
3
73
4
2
1
47
1
50
3
96
2
35
4
81
3
48
4
50
2
5
4
57
0
16
0
93
1
82
4
25
0
53
2
78
4
13
2
15
4
52
3
45
0
32
2
43
2
78
0
12
2
91
3
1
1
3
4
7
1
61
1
74
0
97
1
20
3
85
4
45
1
71
0
98
0
27
0
34
0
93
3
81
3
32
2
63
1
73
4
1
2
18
1
39
1
85
0
56
4
48
1
88
3
96
3
22
1
4
3
85
1
22
4
64
4
88
3
88
0
54
4
94
0
55
4
61
3
0
1
93
3
34
3
9
3
59
3
0
0
33
0
22
4
46
3
62
2
73
0
68
0
52
1
59
2
44
4
93
1
40
0
82
2
66
0
62
2
76
3
70
0
23
0
10
4
4
1
89
0
38
2
37
0
7
3
22
4
77
1
93
4
3
0
80
3
92
4
68
4
99
3
39
1
98
3
37
0
3
3
41
1
24
2
85
0
27
3
52
4
85
2
26
4
15
0
86
2
14
4
68
0
8
4
31
1
41
2
77
1
79
3
16
2
44
0
9
2
3
0
44
3
15
4
94
4
1
1
32
2
87
4
40
4
25
2
65
3
62
2
56
4
11
1
51
0
0
1
0
2
41
1
70
0
14
3
43
1
5
3
80
4
33
3
61
2
85
1
85
2
73
4
70
0
59
1
97
1
42
0
17
1
55
0
9
0
45
1
0
0
64
3
57
0
27
4
90
1
16
0
30
4
15
3
65
2
45
1
73
2
18
3
31
2
87
2
10
4
89
4
65
3
60
4
94
2
40
2
71
1
29
0
44
1
54
1
4
2
86
2
40
4
50
2
10
0
43
3
37
0
3
1
7
1
22
1
48
0
6
3
37
0
96
2
18
1
71
3
68
2
17
3
67
1
75
4
5
4
27
1
76
0
47
4
15
2
82
3
19
4
44
0
32
4
51
0
65
0
32
0
65
1
49
3
64
4
47
0
78
0
94
1
81
3
61
1
17
0
70
4
64
2
13
1
21
3
37
4
72
2
88
2
14
4
62
0
38
2
95
1
42
3
88
0
41
3
26
3
9
3
99
1
59
4
58
2
55
3
26
