5
48
6
99
5
69
8
70
7
4
8
6
5
89
7
56
6
49
4
15
5
39
8
49
4
89
8
36
4
59
8
28
7
84
6
49
7
88
5
69
4
17
7
45
7
9
7
29
5
36
5
25
5
54
5
89
7
9
6
48
6
98
4
19
7
26
4
36
7
39
7
84
6
57
6
88
6
95
7
69
5
4
5
74
8
39
8
90
5
9
4
19
7
9
8
60
5
98
4
49
6
95
5
86
4
98
8
87
4
84
4
89
6
89
5
5
4
99
5
49
4
79
5
4
8
68
8
70
5
96
7
89
8
99
5
39
6
79
7
9
5
14
5
47
4
35
7
89
7
39
7
99
5
59
5
59
6
68
7
69
7
29
4
39
7
45
6
59
8
57
4
99
7
99
4
99
6
39
5
76
5
55
7
99
4
69
5
24
5
39
7
9
6
45
6
75
5
49
4
49
6
97
7
48
6
79
5
59
5
38
5
45
7
19
8
29
4
8
7
98
7
49
4
5
8
59
4
78
7
29
8
70
6
18
5
19
7
58
4
95
5
88
4
9
5
59
6
24
7
8
7
16
8
7
4
24
6
14
4
58
8
76
7
45
5
9
4
59
4
89
7
55
4
39
5
84
8
78
4
6
7
99
7
95
4
48
8
6
5
99
8
90
6
35
7
39
5
27
5
75
4
59
4
37
7
49
5
95
5
29
5
29
7
46
4
79
8
57
7
29
6
59
7
6
4
39
7
99
5
84
8
50
7
69
8
27
7
89
5
39
6
99
7
65
6
94
6
98
7
98
4
99
8
45
8
76
4
19
8
99
8
76
8
40
6
38
5
56
8
29
7
66
5
19
4
4
4
18
7
67
4
39
8
16
7
47
7
17
6
98
0
50
8
30
7
36
7
69
6
29
6
89
5
78
6
14
4
78
4
6
4
9
5
89
4
65
5
44
7
27
5
96
6
85
6
94
6
9
8
20
8
70
8
9
8
87
4
49
7
97
4
89
8
97
4
8
6
79
7
89
5
99
4
9
4
19
6
88
8
59
7
79
8
45
6
98
4
19
7
7
6
49
5
49
6
29
7
59
5
29
6
69
5
58
6
39
4
34
6
49
7
14
7
35
5
95
7
79
8
78
8
80
5
47
8
27
6
39
7
46
4
19
7
79
4
64
4
34
8
39
4
67
7
15
0
80
7
45
6
67
7
15
8
38
5
59
6
48
6
88
7
56
5
45
7
69
6
74
8
50
5
54
6
59
7
47
6
54
8
97
6
75
6
19
6
36
4
89
5
69
6
89
4
59
7
77
5
49
5
98
4
18
7
37
5
17
5
49
7
35
0
80
6
7
5
46
8
26
5
74
7
56
8
89
7
5
8
96
0
10
4
49
7
29
7
7
7
76
6
26
6
39
4
78
6
54
4
55
8
40
5
34
5
79
6
9
7
29
6
39
4
7
5
69
7
99
7
25
2
91
4
55
6
19
5
59
5
69
8
48
7
89
4
49
7
47
7
78
8
85
6
48
7
17
7
9
7
58
7
9
5
97
7
27
7
99
7
95
8
26
8
20
5
99
4
89
4
9
0
17
6
49
8
50
8
10
5
64
4
56
5
57
8
58
8
20
6
51
8
56
4
49
8
27
5
19
5
3
6
97
4
5
4
69
7
68
5
39
7
94
7
58
5
77
7
19
6
55
6
39
4
17
4
14
7
89
6
99
7
69
8
79
4
27
7
18
5
39
8
49
4
66
7
75
5
39
6
69
6
29
4
29
5
8
8
17
5
9
8
60
7
99
5
72
5
59
5
56
4
39
5
87
4
17
5
79
4
89
8
10
8
56
5
48
4
89
5
7
6
9
6
79
8
90
6
39
5
99
7
19
7
5
6
77
8
70
5
39
8
10
7
26
4
19
5
29
2
66
4
76
4
99
0
10
4
67
6
56
8
99
7
39
1
79
8
40
6
9
4
54
4
75
4
56
8
65
7
69
7
29
8
45
8
79
6
56
7
44
6
48
7
99
7
89
4
35
6
59
8
6
5
72
7
87
6
49
7
9
7
59
5
49
4
59
6
99
4
17
5
38
6
29
0
50
5
59
7
19
8
50
5
48
4
19
4
17
7
49
0
59
6
39
8
60
5
8
6
54
8
99
4
89
5
99
4
47
4
79
4
79
5
67
4
29
7
79
6
58
6
89
7
27
6
9
6
76
5
79
8
50
7
14
4
79
8
50
8
39
5
59
8
80
2
58
6
55
7
29
5
69
5
9
7
74
4
46
4
64
4
79
4
29
0
60
8
65
7
69
6
56
7
69
4
94
4
39
7
24
0
80
4
29
6
18
5
43
8
95
4
78
7
95
1
4
5
79
6
57
4
7
4
79
8
87
4
59
1
39
1
36
5
29
6
19
6
79
7
11
6
68
5
56
7
49
8
18
7
27
5
34
7
98
4
87
7
88
6
68
6
59
5
16
8
17
6
39
8
17
6
32
6
37
6
48
5
89
7
19
7
42
4
39
7
58
7
49
8
79
8
29
5
9
5
31
8
27
6
69
5
39
8
50
4
29
8
49
5
48
5
47
8
47
4
95
7
69
4
95
7
24
8
26
7
49
8
15
7
49
4
27
6
79
6
89
6
29
5
15
7
19
4
59
5
59
5
27
6
97
8
70
4
96
4
19
7
41
6
99
6
5
6
99
6
77
5
49
4
89
4
79
8
36
7
78
6
14
7
54
6
96
1
99
8
67
8
9
4
89
7
9
5
18
4
9
8
60
5
18
8
7
4
65
1
87
6
95
4
59
6
24
6
14
8
88
0
50
6
69
7
18
5
75
2
48
5
7
4
58
7
19
4
15
7
85
5
6
5
27
5
79
8
77
4
76
6
64
8
68
4
48
7
9
4
99
8
17
8
70
5
69
6
49
5
98
6
59
8
76
7
27
4
8
7
27
4
5
7
49
6
99
4
68
4
49
6
39
8
6
7
55
6
76
7
27
4
9
6
29
4
95
7
5
5
49
4
37
4
1
8
98
5
69
8
55
5
17
5
19
8
68
8
99
5
19
5
89
6
17
8
69
4
9
4
78
8
64
7
56
6
59
7
64
8
50
5
14
5
94
8
48
7
56
6
35
8
60
4
29
8
30
4
55
6
48
4
59
5
69
7
16
7
99
4
58
6
25
7
59
4
76
7
99
8
99
4
69
5
94
8
48
8
38
7
96
8
66
4
35
6
57
5
74
4
38
5
76
4
69
5
19
7
94
5
57
8
30
7
39
7
29
5
99
7
86
8
45
6
45
4
49
8
18
6
59
6
8
5
17
6
68
8
70
5
78
8
39
6
49
0
10
7
34
3
4
7
98
0
13
5
98
8
25
6
89
6
34
6
49
7
39
4
49
7
69
4
79
6
77
4
46
7
59
7
77
8
6
5
49
4
54
7
99
6
39
8
85
7
49
7
54
6
9
8
60
4
19
4
97
5
86
8
25
4
57
6
79
4
17
6
19
8
56
7
49
4
36
6
47
6
79
1
16
6
95
7
5
5
7
8
10
5
65
5
78
4
99
4
24
7
89
8
49
5
75
4
99
4
29
4
38
4
97
7
85
7
36
6
67
5
77
8
5
6
19
5
38
5
89
4
59
4
49
5
89
7
99
7
26
5
8
7
89
5
26
8
68
8
90
7
89
4
58
8
98
4
59
8
65
6
4
5
97
7
38
7
9
7
59
6
4
4
37
4
26
8
50
7
66
2
77
4
69
4
56
5
59
6
44
8
97
4
44
4
86
6
69
4
66
6
79
6
74
4
27
0
10
8
4
5
89
4
39
6
37
4
9
7
22
8
80
5
93
8
7
0
80
7
96
8
70
8
99
7
39
5
99
7
39
4
7
7
45
5
28
6
89
4
29
7
56
8
81
6
29
8
19
4
89
6
18
8
70
4
9
8
35
5
45
6
79
5
79
7
16
2
48
4
9
2
7
4
48
7
19
8
98
8
5
5
36
6
89
7
44
8
29
6
69
7
66
2
59
8
15
5
55
0
0
4
4
6
45
4
74
4
18
7
47
5
9
6
84
8
37
7
65
6
89
1
89
6
77
7
74
4
59
5
99
5
46
4
19
5
59
4
9
4
49
4
4
4
68
7
59
4
29
7
94
5
19
0
30
8
19
7
69
6
49
5
77
6
19
7
35
6
89
5
14
8
90
8
69
6
64
8
98
5
44
6
75
5
29
4
48
5
54
5
8
6
89
5
44
7
51
5
14
4
47
7
39
1
7
5
9
5
26
5
49
4
9
7
39
4
99
6
19
5
75
7
69
6
19
7
69
5
79
8
9
8
30
5
79
4
49
8
19
6
86
7
19
8
48
4
36
8
55
4
69
4
36
4
69
5
49
7
68
8
50
4
79
4
98
5
85
7
65
5
19
0
70
8
68
6
17
5
21
7
39
8
76
6
89
6
18
8
66
4
39
6
99
5
46
7
89
4
45
7
29
7
9
7
98
5
59
8
60
6
59
3
26
