4
47
5
99
4
69
7
69
6
3
7
5
4
89
6
55
5
49
3
14
4
39
7
48
3
89
7
35
3
59
7
27
6
83
5
49
6
87
4
69
3
16
6
44
6
9
6
29
4
35
4
24
4
53
4
89
6
8
5
47
5
97
3
19
6
25
3
35
6
39
6
83
5
56
5
87
5
94
6
69
4
3
4
73
7
38
7
89
4
9
3
19
6
9
7
59
4
97
3
49
5
94
4
85
3
97
7
86
3
83
3
89
5
89
4
4
3
99
4
48
3
79
4
3
7
67
7
69
4
95
6
89
7
99
4
39
5
78
6
9
4
13
4
46
3
34
6
89
6
38
6
99
4
59
4
59
5
67
6
69
6
29
3
39
6
44
5
59
7
56
3
99
6
99
3
98
5
38
4
75
4
54
6
99
3
69
4
23
4
38
6
8
5
44
5
74
4
49
3
49
5
96
6
47
5
79
4
58
4
37
4
44
6
19
7
28
3
7
6
97
6
49
3
4
7
58
3
77
6
29
7
69
5
17
4
19
6
57
3
94
4
87
3
9
4
59
5
23
6
7
6
15
7
6
3
23
5
13
3
57
7
75
6
44
4
9
3
59
3
89
6
54
3
38
4
83
7
77
3
5
6
99
6
94
3
47
7
5
4
99
7
89
5
34
6
39
4
26
4
74
3
59
3
36
6
49
4
94
4
29
4
29
6
45
3
79
7
56
6
29
5
59
6
5
3
39
6
98
4
83
7
49
6
69
7
26
6
89
4
39
5
99
6
64
5
93
5
97
6
97
3
98
7
44
7
75
3
19
7
98
7
75
7
39
5
37
4
55
7
28
6
65
4
19
3
3
3
17
6
66
3
39
7
15
6
46
6
16
5
97
0
50
7
29
6
35
6
69
5
29
5
88
4
77
5
13
3
77
3
5
3
9
4
89
3
64
4
43
6
26
4
95
5
84
5
93
5
9
7
19
7
69
7
8
7
86
3
49
6
96
3
89
7
96
3
7
5
79
6
89
4
99
3
8
3
19
5
88
7
58
6
79
7
44
5
97
3
19
6
6
5
48
4
49
5
29
6
58
4
29
5
69
4
57
5
39
3
33
5
49
6
13
6
34
4
94
6
79
7
77
7
79
4
46
7
26
5
39
6
45
3
18
6
79
3
63
3
33
7
38
3
66
6
14
0
80
6
44
5
66
6
14
7
37
4
58
5
47
5
87
6
55
4
44
6
68
5
73
7
49
4
53
5
59
6
46
5
53
7
97
5
74
5
18
5
35
3
89
4
69
5
89
3
59
6
76
4
49
4
97
3
17
6
36
4
16
4
48
6
34
0
80
5
6
4
45
7
25
4
73
6
55
7
88
6
4
7
95
0
10
4
49
6
28
6
6
6
75
5
25
5
39
3
77
5
53
3
54
7
39
4
33
4
79
5
9
6
29
5
39
3
6
4
68
6
98
6
24
2
91
3
54
5
18
4
59
4
69
7
47
6
89
3
49
6
46
6
77
7
84
5
47
6
16
6
9
6
57
6
9
4
96
6
26
6
99
6
94
7
25
7
19
4
99
3
89
3
9
0
17
5
49
7
49
7
9
4
63
3
55
4
56
7
57
7
19
5
51
7
55
3
49
7
26
4
19
4
3
5
96
3
4
3
69
6
67
4
38
6
93
6
57
4
76
6
19
5
54
5
39
3
16
3
13
6
88
5
99
6
69
7
78
3
26
6
17
4
39
7
48
3
65
6
74
4
39
5
69
5
29
3
29
4
7
7
16
4
9
7
59
6
99
4
72
4
59
4
55
3
38
4
86
3
16
4
79
3
89
7
9
7
55
4
47
3
88
4
6
5
8
5
79
7
89
5
39
4
99
6
19
6
4
5
76
7
69
4
39
7
9
6
25
3
19
4
29
2
65
3
75
3
99
0
10
3
66
5
55
7
99
6
39
1
78
7
39
5
9
3
53
3
74
3
55
7
64
6
69
6
29
7
44
7
78
5
55
6
43
5
47
6
98
6
88
3
34
5
59
7
5
4
72
6
86
5
49
6
9
6
59
4
48
3
59
5
99
3
16
4
37
5
29
0
50
4
59
6
18
7
49
4
47
3
19
3
16
6
48
0
59
5
39
7
59
4
7
5
53
7
98
3
89
4
99
3
46
3
79
3
79
4
66
3
28
6
79
5
57
5
89
6
26
5
9
5
75
4
78
7
49
6
13
3
79
7
49
7
38
4
59
7
79
2
57
5
54
6
28
4
69
4
9
6
73
3
45
3
63
3
79
3
28
0
60
7
64
6
68
5
55
6
69
3
93
3
38
6
23
0
80
3
29
5
18
4
43
7
94
3
77
6
94
1
3
4
79
5
56
3
6
4
79
7
86
3
59
1
38
1
35
4
29
5
19
5
78
6
11
5
67
4
55
6
49
7
17
6
26
4
33
6
97
3
86
6
87
5
67
5
59
4
15
7
16
5
39
7
16
5
32
5
36
5
47
4
89
6
19
6
42
3
39
6
57
6
49
7
78
7
28
4
9
4
31
7
26
5
69
4
39
7
49
3
29
7
48
4
47
4
46
7
46
3
94
6
69
3
94
6
23
7
25
6
49
7
14
6
49
3
26
5
79
5
89
5
29
4
14
6
19
3
59
4
59
4
26
5
96
7
69
3
95
3
19
6
41
5
99
5
4
5
99
5
76
4
49
4
89
3
79
7
35
6
77
5
13
6
53
5
95
1
99
7
66
7
8
3
89
6
8
4
17
3
9
7
59
4
17
7
6
3
64
1
86
5
94
3
58
5
23
5
13
7
87
0
50
5
69
6
17
4
74
2
47
4
6
3
57
6
18
3
14
6
84
4
5
4
26
4
79
7
76
3
75
5
63
7
67
3
47
6
9
3
99
7
16
7
69
4
68
5
49
4
97
5
59
7
75
6
26
3
7
6
26
3
4
6
49
5
99
3
67
3
49
5
38
7
5
6
54
5
75
6
26
3
8
5
29
3
94
6
4
4
49
3
36
3
1
7
97
4
69
7
54
4
16
4
19
7
67
7
98
4
19
4
89
5
16
7
68
3
9
3
77
7
64
6
55
5
58
6
63
7
49
4
13
4
93
7
47
6
55
5
34
7
59
3
29
7
29
3
54
5
47
4
59
4
69
6
15
6
99
3
57
5
24
6
59
3
75
6
99
7
99
3
69
4
93
7
47
7
37
6
95
7
65
3
34
5
56
4
73
3
37
4
76
3
69
4
18
6
93
4
56
7
29
6
39
6
29
4
99
6
85
7
44
5
44
3
49
7
17
5
59
5
7
4
17
5
67
7
69
4
77
7
38
5
49
0
10
6
33
3
3
6
97
0
13
4
97
7
24
5
89
5
33
5
48
6
39
3
48
6
69
3
79
5
76
3
45
6
59
6
76
7
5
4
49
3
53
6
99
5
38
7
84
6
49
6
53
5
8
7
59
3
19
3
96
4
85
7
25
3
56
5
79
4
16
5
18
7
55
6
48
3
35
5
46
5
79
1
15
5
94
6
4
4
6
7
9
4
64
4
77
3
99
3
23
6
88
7
48
4
74
3
99
3
29
3
37
3
96
6
84
6
35
5
66
4
76
7
4
5
19
4
38
4
88
3
59
4
49
4
89
6
99
6
25
4
7
6
88
4
25
7
67
7
89
6
89
3
57
7
97
3
58
7
64
5
3
4
96
6
37
6
9
6
59
5
3
3
36
3
25
7
49
6
65
2
76
3
69
3
55
4
59
5
44
7
96
3
43
3
85
5
69
3
65
5
79
5
73
3
26
0
10
7
4
4
89
3
39
5
37
3
9
6
22
7
79
4
93
7
6
0
80
6
95
7
69
7
99
6
39
4
99
6
39
3
6
6
44
4
27
5
88
3
29
6
55
7
82
5
29
7
18
3
89
5
17
7
69
3
9
7
34
4
44
5
79
4
79
6
16
2
47
3
9
2
6
3
47
6
18
7
97
7
4
4
35
5
89
6
43
7
28
5
68
6
65
2
59
7
14
4
54
0
0
3
3
5
44
3
73
3
17
6
46
4
8
5
83
7
36
6
64
5
88
1
88
5
76
6
73
3
59
4
99
4
45
3
19
4
58
3
9
3
48
3
3
3
67
6
59
3
29
6
93
4
19
0
30
7
18
6
68
5
48
4
76
5
19
6
34
5
89
4
13
7
89
7
68
5
63
7
97
4
43
5
74
4
29
3
47
4
54
4
7
5
89
4
43
6
51
4
13
3
46
6
39
1
6
4
9
4
25
4
49
3
9
6
39
3
99
5
19
4
74
6
69
5
19
6
69
4
78
7
8
7
29
4
79
3
49
7
18
5
85
6
19
7
47
3
35
7
54
3
68
3
35
3
68
4
49
6
67
7
49
3
79
3
97
4
84
6
64
4
19
0
70
7
67
5
16
4
21
6
39
7
75
5
89
5
17
7
65
3
39
5
98
4
45
6
89
3
44
6
29
6
9
6
98
4
59
7
59
5
58
3
26
