9
51
9
99
9
71
9
74
9
8
9
10
9
91
9
60
10
52
8
19
9
41
11
53
8
90
9
40
8
60
9
32
9
88
10
52
9
92
9
71
8
20
9
49
9
13
9
33
9
40
9
29
9
58
9
91
9
13
10
52
9
99
8
20
9
30
8
40
9
43
9
88
9
61
9
92
9
99
9
73
9
8
9
78
9
43
9
94
9
11
8
20
9
13
9
64
9
99
8
50
9
99
9
90
8
99
9
91
8
88
8
90
9
92
9
9
8
99
9
51
8
80
9
8
9
72
9
74
9
99
9
93
9
99
9
41
10
82
9
13
9
18
9
51
8
39
9
93
9
43
9
99
9
61
9
61
9
72
9
73
9
33
8
40
9
49
9
62
9
61
8
99
9
99
8
99
9
42
9
80
9
59
9
99
8
70
9
28
9
41
9
13
9
49
9
79
9
51
8
50
9
99
10
52
10
82
9
61
9
41
9
49
11
23
9
33
8
10
9
99
11
53
8
9
9
63
8
80
9
33
9
74
10
22
9
21
9
62
8
99
9
91
8
10
9
61
9
28
9
12
9
20
9
11
8
28
9
18
8
60
9
80
9
49
9
11
8
60
8
90
9
59
8
40
9
88
10
82
8
10
9
99
9
99
8
50
9
10
9
99
9
94
9
39
9
43
9
31
9
79
8
60
8
40
11
53
9
99
9
31
9
31
9
50
8
80
9
61
9
33
9
62
9
10
8
40
9
99
9
88
12
54
9
73
9
31
9
93
9
41
9
99
9
69
9
98
9
99
9
99
8
99
9
49
9
80
8
20
9
99
9
80
9
44
9
42
9
60
9
33
9
70
9
21
8
8
8
20
9
71
8
40
9
20
9
51
9
21
9
99
0
50
9
34
9
40
9
73
9
32
9
92
9
81
9
18
8
80
8
10
8
10
9
91
8
69
9
48
9
31
9
99
9
89
9
98
9
12
12
24
9
74
9
13
9
91
8
50
9
99
8
90
9
99
8
10
10
82
9
93
9
99
8
10
8
20
9
88
9
63
11
83
9
49
9
99
8
20
9
11
10
52
9
51
9
32
9
63
9
31
9
72
9
61
9
42
8
38
10
52
9
18
9
39
9
99
11
83
10
82
12
84
9
51
9
31
9
42
9
50
8
20
11
83
8
68
8
38
9
43
8
70
9
19
0
80
9
49
9
71
9
19
9
42
9
61
10
52
9
92
9
60
9
49
9
73
9
78
12
54
9
58
9
62
9
51
9
58
9
97
9
79
10
22
9
40
8
90
9
71
9
92
8
60
9
81
9
51
9
99
8
20
9
41
9
21
9
51
9
39
0
80
9
11
9
50
9
30
9
78
9
60
9
93
9
9
9
99
0
10
4
49
9
33
9
11
9
80
9
30
9
42
8
80
9
58
8
59
9
44
9
38
9
81
9
12
9
33
9
42
8
10
9
71
9
99
9
29
2
91
8
59
10
22
9
61
9
71
10
52
9
93
8
50
9
51
10
82
9
89
10
52
9
21
9
13
9
62
9
13
9
99
9
31
9
99
9
99
9
30
12
24
9
99
8
90
8
10
0
17
10
52
12
54
9
14
9
68
8
60
9
61
9
62
12
24
10
51
9
60
8
50
9
31
9
21
9
3
9
99
8
9
8
70
9
72
9
41
9
98
9
62
9
81
11
23
9
59
9
42
8
20
8
18
9
93
9
99
9
73
11
83
8
30
10
22
9
41
11
53
8
70
9
79
9
41
9
72
9
32
8
30
9
11
9
21
9
11
9
64
9
99
9
72
9
61
9
60
8
40
9
91
8
20
9
81
8
90
9
14
9
60
9
51
8
90
9
11
9
12
10
82
9
94
9
42
9
99
11
23
9
9
9
81
9
74
9
41
9
14
9
30
8
20
9
31
2
69
8
80
8
99
0
10
8
70
9
60
9
99
9
43
1
79
9
44
9
12
8
58
8
79
8
60
9
69
9
73
9
33
9
49
11
83
9
60
9
48
10
52
9
99
9
93
8
39
9
62
9
10
9
72
9
91
10
52
9
13
9
63
9
51
8
60
9
99
8
20
9
41
9
32
0
50
9
61
11
23
12
54
9
51
8
20
8
20
11
53
0
59
9
42
9
64
9
11
9
58
9
99
8
90
9
99
8
50
8
80
8
80
9
71
8
30
11
83
9
62
9
92
9
31
9
12
9
80
9
81
12
54
9
18
8
80
12
54
9
43
9
61
12
84
2
59
9
59
9
33
9
71
9
11
9
78
8
50
8
68
8
80
8
30
0
60
9
69
9
73
9
60
9
73
8
98
8
40
9
28
0
80
8
30
9
18
9
43
9
99
8
80
9
99
1
8
9
81
9
61
8
10
4
79
9
91
8
60
1
39
1
39
9
31
10
22
10
82
9
11
9
72
9
60
11
53
10
22
9
31
9
38
9
99
8
90
9
92
9
72
9
62
9
20
9
21
9
42
9
21
9
32
9
41
10
52
9
91
11
23
9
42
8
40
9
62
11
53
11
83
9
33
9
11
9
31
9
31
9
72
9
41
12
54
8
30
11
53
9
51
9
51
9
51
8
99
9
73
8
99
9
28
9
30
11
53
9
19
11
53
8
30
10
82
9
92
9
32
9
19
11
23
8
60
9
61
9
31
9
99
9
74
8
99
8
20
9
41
9
99
9
9
9
99
9
81
9
51
4
89
8
80
9
40
10
82
9
18
9
58
9
99
1
99
9
71
9
13
8
90
9
13
9
21
8
10
9
64
9
21
9
11
8
69
1
89
9
99
8
60
9
28
9
18
9
92
0
50
9
72
10
22
9
79
2
49
9
11
8
60
11
23
8
19
9
89
9
10
9
31
9
81
9
81
8
80
9
68
9
72
8
50
9
13
8
99
9
21
9
74
9
71
10
52
9
99
9
62
9
80
9
31
8
10
9
31
8
9
11
53
9
99
8
70
8
50
9
42
9
10
9
59
9
80
9
31
8
10
9
32
8
99
9
9
9
51
8
40
8
1
9
99
9
71
9
59
9
21
9
21
9
72
9
99
9
21
9
91
9
21
9
73
8
10
8
80
9
64
9
60
9
62
9
68
12
54
9
18
9
98
10
52
9
60
9
39
9
64
8
30
9
34
8
59
10
52
4
59
9
71
9
20
9
99
8
60
9
29
9
63
8
80
9
99
9
99
8
70
9
98
10
52
9
42
9
99
9
70
8
39
9
61
9
78
8
40
9
76
8
70
9
21
9
98
9
61
9
34
9
43
9
33
9
99
9
90
9
49
9
49
8
50
10
22
9
62
9
12
9
17
9
72
9
74
9
81
9
43
10
52
0
10
9
38
3
8
9
99
0
13
9
99
9
29
9
92
9
38
10
52
9
43
8
50
9
73
8
80
9
81
8
50
9
63
9
81
9
10
9
51
8
58
9
99
9
42
9
89
11
53
9
58
9
12
9
64
8
20
8
99
9
90
8
25
8
60
10
82
4
19
10
22
9
60
11
53
8
40
9
51
10
82
1
19
9
99
9
9
9
11
9
14
9
69
9
81
8
99
8
28
9
93
11
53
9
79
8
99
8
30
8
40
8
99
9
89
9
40
9
71
9
81
9
9
10
22
9
38
9
91
8
60
4
49
9
91
9
99
9
30
9
11
9
93
9
30
9
72
9
94
9
93
8
60
9
99
8
60
9
69
9
8
9
99
9
42
9
13
9
63
9
8
8
40
8
30
12
54
9
70
2
79
8
70
8
60
9
61
9
44
9
99
8
48
8
90
9
72
8
70
10
82
9
78
8
30
0
10
9
3
9
91
8
40
9
37
8
10
11
22
12
84
9
93
9
11
0
80
9
99
9
74
9
99
9
43
9
99
9
43
8
10
9
49
9
31
9
92
8
30
9
60
9
77
9
32
11
23
8
90
10
22
9
74
8
10
9
39
9
49
10
82
9
81
9
16
2
49
8
10
2
9
8
50
11
23
9
99
9
9
9
40
9
92
9
48
9
33
9
72
9
70
2
59
9
19
9
59
0
0
8
8
9
49
8
78
8
20
9
51
9
11
9
88
9
41
9
69
9
92
1
89
9
81
9
78
8
60
9
99
9
50
8
20
9
61
8
10
8
50
8
8
8
70
9
63
8
30
9
98
9
21
0
30
11
23
9
73
10
52
9
81
10
22
9
39
9
92
9
18
9
94
9
73
9
68
9
99
9
48
9
79
9
31
8
50
9
54
9
11
9
92
9
48
11
51
9
18
8
50
9
43
1
9
9
11
9
30
9
51
8
10
9
43
8
99
10
22
9
79
9
73
10
22
9
73
9
81
9
13
9
34
9
81
8
50
11
23
9
90
11
23
10
52
8
40
9
59
8
70
8
40
8
70
9
51
9
72
12
54
8
80
8
99
9
89
9
69
9
21
0
70
9
72
9
21
9
21
9
43
9
80
9
92
10
22
9
70
8
40
9
99
9
50
9
93
8
49
9
33
9
13
9
98
9
61
9
64
9
62
3
26
