17
59
9
44
9
44
9
94
9
74
9
99
9
99
9
74
14
56
9
94
9
14
9
34
9
99
9
94
17
89
16
88
9
34
9
14
9
14
9
34
9
34
9
74
9
14
9
94
9
99
9
34
9
34
9
64
9
34
9
34
9
14
9
99
9
64
9
64
13
85
9
44
9
34
9
14
9
74
9
64
9
34
9
99
9
99
9
34
9
34
18
90
9
99
9
64
9
44
9
74
9
44
9
99
16
58
9
99
9
64
19
91
9
44
9
44
9
94
14
26
9
14
9
64
15
27
9
99
9
64
9
99
16
28
19
61
9
64
14
56
9
74
17
89
15
87
9
99
9
14
15
87
9
94
9
14
17
89
16
88
9
14
16
58
15
27
9
74
9
14
9
74
9
64
9
74
9
64
9
64
9
74
18
60
9
34
9
94
15
87
9
14
9
44
9
64
14
86
9
74
15
57
9
34
9
64
9
64
9
44
9
64
9
34
9
64
15
87
17
59
17
59
9
94
9
74
18
30
9
1
9
99
17
89
9
34
9
99
13
55
15
57
18
60
9
44
9
74
9
99
0
40
9
99
18
30
9
28
13
55
9
74
9
64
9
94
9
34
9
14
9
64
14
56
9
44
9
11
17
59
9
94
9
64
9
74
18
30
9
94
17
59
9
74
9
34
14
26
9
74
9
99
18
90
8
75
9
14
9
14
13
25
9
11
9
64
9
99
9
44
9
74
9
14
17
29
9
99
9
44
9
64
9
99
0
10
9
64
9
44
9
34
9
64
9
14
18
30
15
87
9
34
9
44
9
64
9
14
9
44
14
56
15
87
9
99
15
87
13
55
9
64
9
99
15
87
9
34
9
74
9
34
9
94
9
34
9
34
17
89
9
44
9
2
9
14
9
64
9
94
15
27
9
14
9
44
9
34
9
14
9
34
9
74
9
74
9
14
9
77
9
94
9
14
18
60
9
33
9
94
9
64
16
28
9
94
0
30
18
60
18
60
15
57
9
64
9
34
9
58
16
88
13
85
18
30
9
64
9
99
16
88
15
87
9
44
9
14
9
14
9
44
16
88
9
14
9
44
9
99
16
28
17
89
9
99
9
64
9
94
17
89
9
74
9
34
9
94
9
64
16
58
9
64
17
29
19
91
9
94
9
34
18
30
9
34
9
64
9
34
9
74
9
14
15
87
14
56
17
89
9
94
9
14
18
30
9
34
13
25
17
29
9
94
9
94
9
14
0
10
15
57
9
94
9
73
9
34
9
64
9
34
9
94
9
19
9
42
9
34
9
93
9
44
9
64
9
74
9
34
9
64
9
74
9
99
9
74
9
14
9
99
9
8
9
64
19
91
3
89
9
74
9
99
9
14
9
64
9
74
9
74
15
57
9
74
9
34
9
99
9
64
17
59
9
74
15
57
9
94
9
64
9
14
9
14
9
61
18
90
9
99
9
64
9
34
15
27
13
85
14
86
13
55
9
74
9
64
9
14
16
58
9
68
9
94
9
74
9
99
9
74
9
99
18
30
9
99
9
14
9
47
0
90
9
64
9
99
17
29
15
57
9
56
9
34
9
34
9
99
9
74
9
44
9
99
9
14
9
44
9
64
9
34
9
34
9
57
9
94
9
44
9
7
9
74
9
14
9
74
13
85
9
34
18
60
9
99
15
27
9
74
18
60
9
34
18
90
9
74
9
74
9
94
9
74
15
57
9
14
9
34
9
99
9
44
9
14
15
57
16
88
9
99
9
14
0
10
14
86
9
99
9
14
9
74
9
14
16
58
18
60
9
64
9
34
9
99
19
31
15
27
9
64
9
74
15
57
17
89
9
94
9
94
9
34
16
88
16
58
9
34
18
30
9
64
9
99
9
74
9
44
2
90
19
31
9
64
9
74
9
14
9
74
9
44
9
74
19
91
9
34
9
34
9
64
13
85
16
88
9
14
9
14
18
30
1
19
9
14
9
67
0
10
9
48
9
99
15
57
9
44
17
59
9
93
9
99
9
44
9
34
9
99
13
25
9
34
9
34
9
74
9
99
9
14
15
87
17
29
9
44
14
26
9
64
9
74
18
60
9
94
9
44
9
14
0
80
9
74
9
94
9
94
9
1
9
74
9
34
13
25
16
88
18
30
9
64
9
64
9
34
9
44
9
93
9
64
0
80
9
14
9
64
15
87
18
90
9
99
9
99
0
90
9
14
13
85
16
28
9
34
9
14
15
27
9
94
9
34
9
94
0
0
9
34
9
14
9
14
9
34
9
74
9
78
17
59
9
99
9
14
9
14
15
87
9
44
16
28
19
61
9
94
9
64
9
73
9
64
9
93
9
74
9
74
16
28
9
14
9
74
9
99
9
64
9
64
9
94
9
74
14
56
9
74
9
74
9
94
16
58
16
58
9
64
9
64
15
57
9
94
9
74
9
99
17
89
18
30
16
58
9
94
9
14
9
14
13
55
9
64
9
94
15
87
9
99
0
60
9
74
9
14
9
64
19
61
9
44
9
34
9
14
9
34
9
94
9
14
16
58
9
74
9
94
13
55
9
34
16
58
18
90
9
64
9
99
13
55
14
56
3
49
9
34
9
7
16
88
14
56
9
14
9
44
9
64
15
87
14
86
19
31
16
58
9
94
9
14
9
99
9
64
9
34
9
99
9
99
9
99
9
34
9
64
13
25
9
64
9
74
19
31
9
14
19
31
9
74
9
94
9
99
9
44
9
94
9
88
9
94
9
94
9
64
9
44
17
89
9
34
9
64
9
14
19
61
17
29
9
74
13
55
9
94
9
14
9
99
9
74
9
94
17
89
9
99
15
57
9
64
0
80
9
64
8
35
9
14
9
34
17
89
9
14
16
28
19
31
9
99
9
44
18
90
9
44
9
74
9
94
0
70
9
14
9
14
9
99
9
74
9
14
9
34
9
14
9
99
9
44
9
64
9
14
18
30
14
26
9
94
9
14
9
74
9
58
9
74
9
34
9
94
9
99
9
74
15
87
14
26
17
89
9
94
15
57
9
44
9
99
9
44
9
14
9
14
9
99
15
27
9
36
16
28
17
29
9
94
9
94
16
58
15
87
9
64
9
14
9
74
9
27
16
58
9
64
17
89
9
74
9
94
9
44
9
94
17
59
9
34
15
57
9
44
9
94
9
33
9
64
9
99
9
44
9
64
9
44
9
94
18
60
9
99
9
99
9
37
9
34
16
28
9
44
15
27
9
44
15
87
16
28
15
57
9
94
9
14
9
14
9
14
9
14
16
28
15
27
9
94
9
34
16
88
9
14
17
29
17
59
9
94
15
87
9
14
9
94
9
64
9
99
9
34
9
44
16
28
9
71
9
64
19
31
9
74
13
25
9
34
9
14
9
11
9
44
9
14
9
64
15
27
9
99
9
64
9
18
15
57
18
30
9
94
9
99
9
44
19
31
9
74
17
29
9
99
9
44
9
31
9
44
15
87
16
88
9
34
9
44
9
64
16
58
14
26
8
15
15
87
19
61
9
14
9
74
9
14
9
99
9
44
9
34
9
99
9
18
9
14
9
34
9
34
9
44
9
99
9
34
9
14
9
14
9
14
15
57
16
58
14
26
9
14
9
74
9
64
9
34
19
82
19
91
9
94
19
61
1
99
18
90
9
86
9
94
9
99
18
60
9
74
15
87
9
99
17
29
9
44
9
64
9
64
9
74
9
64
9
74
9
64
9
94
2
59
9
44
14
86
9
91
9
34
14
86
9
64
15
87
15
57
9
99
9
99
9
94
9
16
17
29
9
34
9
34
1
19
9
14
15
87
9
44
13
55
9
34
15
87
9
56
9
34
9
44
13
85
16
88
9
91
9
74
9
99
9
94
9
14
9
64
17
89
9
14
9
44
9
14
16
58
9
64
9
99
9
64
9
94
9
44
9
74
9
44
9
74
9
74
9
74
9
74
9
74
18
51
9
14
9
94
17
89
16
28
9
99
9
74
9
99
9
14
18
60
9
99
14
86
9
99
9
74
17
29
9
44
9
94
3
89
15
57
9
74
9
74
9
74
9
99
9
14
9
74
9
34
9
34
9
34
9
44
9
99
9
99
9
74
9
34
0
80
9
99
9
94
9
34
16
88
9
74
9
44
9
34
14
86
9
14
15
87
9
99
9
14
19
91
9
14
9
26
15
87
15
57
9
63
0
40
17
29
9
94
9
74
9
14
17
81
9
64
9
64
15
27
9
34
9
14
9
14
9
74
9
14
19
61
15
87
9
64
9
94
9
99
9
74
9
94
9
34
16
88
9
44
9
99
9
74
9
94
16
28
9
14
9
44
16
58
9
34
9
44
9
44
9
99
17
51
9
64
9
99
9
64
9
34
0
50
9
64
9
74
14
86
9
44
0
11
9
94
9
94
15
27
9
44
9
94
16
88
9
99
19
31
9
74
9
44
1
50
4
79
9
64
9
28
9
64
15
87
9
64
16
28
9
44
9
74
9
44
18
60
9
44
9
34
16
58
9
34
9
94
9
34
