16
58
9
44
9
44
9
94
9
74
9
99
9
99
9
74
13
55
9
94
9
14
9
34
9
99
9
94
16
88
15
87
9
34
9
14
9
14
9
34
9
34
9
74
9
14
9
94
9
99
9
34
9
34
9
64
9
34
9
34
9
14
9
99
9
64
9
64
12
84
9
44
9
34
9
14
9
74
9
64
9
34
9
99
9
99
9
34
9
34
17
89
9
99
9
64
9
44
9
74
9
44
9
99
15
57
9
99
9
64
18
90
9
44
9
44
9
94
13
25
9
14
9
64
14
26
9
99
9
64
9
99
15
27
18
60
9
64
13
55
9
74
16
88
14
86
9
99
9
14
14
86
9
94
9
14
16
88
15
87
9
14
15
57
14
26
9
74
9
14
9
74
9
64
9
74
9
64
9
64
9
74
17
59
9
34
9
94
14
86
9
14
9
44
9
64
13
85
9
74
14
56
9
34
9
64
9
64
9
44
9
64
9
34
9
64
14
86
16
58
16
58
9
94
9
74
17
29
9
1
9
99
16
88
9
34
9
99
12
54
14
56
17
59
9
44
9
74
9
99
0
40
9
99
17
29
9
28
12
54
9
74
9
64
9
94
9
34
9
14
9
64
13
55
9
44
9
11
16
58
9
94
9
64
9
74
17
29
9
94
16
58
9
74
9
34
13
25
9
74
9
99
17
89
8
75
9
14
9
14
12
24
9
11
9
64
9
99
9
44
9
74
9
14
16
28
9
99
9
44
9
64
9
99
0
10
9
64
9
44
9
34
9
64
9
14
17
29
14
86
9
34
9
44
9
64
9
14
9
44
13
55
14
86
9
99
14
86
12
54
9
64
9
99
14
86
9
34
9
74
9
34
9
94
9
34
9
34
16
88
9
44
9
2
9
14
9
64
9
94
14
26
9
14
9
44
9
34
9
14
9
34
9
74
9
74
9
14
9
77
9
94
9
14
17
59
9
33
9
94
9
64
15
27
9
94
0
30
17
59
17
59
14
56
9
64
9
34
9
58
15
87
12
84
17
29
9
64
9
99
15
87
14
86
9
44
9
14
9
14
9
44
15
87
9
14
9
44
9
99
15
27
16
88
9
99
9
64
9
94
16
88
9
74
9
34
9
94
9
64
15
57
9
64
16
28
18
90
9
94
9
34
17
29
9
34
9
64
9
34
9
74
9
14
14
86
13
55
16
88
9
94
9
14
17
29
9
34
12
24
16
28
9
94
9
94
9
14
0
10
14
56
9
94
9
73
9
34
9
64
9
34
9
94
9
19
9
42
9
34
9
93
9
44
9
64
9
74
9
34
9
64
9
74
9
99
9
74
9
14
9
99
9
8
9
64
18
90
3
89
9
74
9
99
9
14
9
64
9
74
9
74
14
56
9
74
9
34
9
99
9
64
16
58
9
74
14
56
9
94
9
64
9
14
9
14
9
61
17
89
9
99
9
64
9
34
14
26
12
84
13
85
12
54
9
74
9
64
9
14
15
57
9
68
9
94
9
74
9
99
9
74
9
99
17
29
9
99
9
14
9
47
0
90
9
64
9
99
16
28
14
56
9
56
9
34
9
34
9
99
9
74
9
44
9
99
9
14
9
44
9
64
9
34
9
34
9
57
9
94
9
44
9
7
9
74
9
14
9
74
12
84
9
34
17
59
9
99
14
26
9
74
17
59
9
34
17
89
9
74
9
74
9
94
9
74
14
56
9
14
9
34
9
99
9
44
9
14
14
56
15
87
9
99
9
14
0
10
13
85
9
99
9
14
9
74
9
14
15
57
17
59
9
64
9
34
9
99
18
30
14
26
9
64
9
74
14
56
16
88
9
94
9
94
9
34
15
87
15
57
9
34
17
29
9
64
9
99
9
74
9
44
2
90
18
30
9
64
9
74
9
14
9
74
9
44
9
74
18
90
9
34
9
34
9
64
12
84
15
87
9
14
9
14
17
29
1
19
9
14
9
67
0
10
9
48
9
99
14
56
9
44
16
58
9
93
9
99
9
44
9
34
9
99
12
24
9
34
9
34
9
74
9
99
9
14
14
86
16
28
9
44
13
25
9
64
9
74
17
59
9
94
9
44
9
14
0
80
9
74
9
94
9
94
9
1
9
74
9
34
12
24
15
87
17
29
9
64
9
64
9
34
9
44
9
93
9
64
0
80
9
14
9
64
14
86
17
89
9
99
9
99
0
90
9
14
12
84
15
27
9
34
9
14
14
26
9
94
9
34
9
94
0
0
9
34
9
14
9
14
9
34
9
74
9
78
16
58
9
99
9
14
9
14
14
86
9
44
15
27
18
60
9
94
9
64
9
73
9
64
9
93
9
74
9
74
15
27
9
14
9
74
9
99
9
64
9
64
9
94
9
74
13
55
9
74
9
74
9
94
15
57
15
57
9
64
9
64
14
56
9
94
9
74
9
99
16
88
17
29
15
57
9
94
9
14
9
14
12
54
9
64
9
94
14
86
9
99
0
60
9
74
9
14
9
64
18
60
9
44
9
34
9
14
9
34
9
94
9
14
15
57
9
74
9
94
12
54
9
34
15
57
17
89
9
64
9
99
12
54
13
55
3
49
9
34
9
7
15
87
13
55
9
14
9
44
9
64
14
86
13
85
18
30
15
57
9
94
9
14
9
99
9
64
9
34
9
99
9
99
9
99
9
34
9
64
12
24
9
64
9
74
18
30
9
14
18
30
9
74
9
94
9
99
9
44
9
94
9
88
9
94
9
94
9
64
9
44
16
88
9
34
9
64
9
14
18
60
16
28
9
74
12
54
9
94
9
14
9
99
9
74
9
94
16
88
9
99
14
56
9
64
0
80
9
64
8
35
9
14
9
34
16
88
9
14
15
27
18
30
9
99
9
44
17
89
9
44
9
74
9
94
0
70
9
14
9
14
9
99
9
74
9
14
9
34
9
14
9
99
9
44
9
64
9
14
17
29
13
25
9
94
9
14
9
74
9
58
9
74
9
34
9
94
9
99
9
74
14
86
13
25
16
88
9
94
14
56
9
44
9
99
9
44
9
14
9
14
9
99
14
26
9
36
15
27
16
28
9
94
9
94
15
57
14
86
9
64
9
14
9
74
9
27
15
57
9
64
16
88
9
74
9
94
9
44
9
94
16
58
9
34
14
56
9
44
9
94
9
33
9
64
9
99
9
44
9
64
9
44
9
94
17
59
9
99
9
99
9
37
9
34
15
27
9
44
14
26
9
44
14
86
15
27
14
56
9
94
9
14
9
14
9
14
9
14
15
27
14
26
9
94
9
34
15
87
9
14
16
28
16
58
9
94
14
86
9
14
9
94
9
64
9
99
9
34
9
44
15
27
9
71
9
64
18
30
9
74
12
24
9
34
9
14
9
11
9
44
9
14
9
64
14
26
9
99
9
64
9
18
14
56
17
29
9
94
9
99
9
44
18
30
9
74
16
28
9
99
9
44
9
31
9
44
14
86
15
87
9
34
9
44
9
64
15
57
13
25
8
15
14
86
18
60
9
14
9
74
9
14
9
99
9
44
9
34
9
99
9
18
9
14
9
34
9
34
9
44
9
99
9
34
9
14
9
14
9
14
14
56
15
57
13
25
9
14
9
74
9
64
9
34
18
82
18
90
9
94
18
60
1
99
17
89
9
86
9
94
9
99
17
59
9
74
14
86
9
99
16
28
9
44
9
64
9
64
9
74
9
64
9
74
9
64
9
94
2
59
9
44
13
85
9
91
9
34
13
85
9
64
14
86
14
56
9
99
9
99
9
94
9
16
16
28
9
34
9
34
1
19
9
14
14
86
9
44
12
54
9
34
14
86
9
56
9
34
9
44
12
84
15
87
9
91
9
74
9
99
9
94
9
14
9
64
16
88
9
14
9
44
9
14
15
57
9
64
9
99
9
64
9
94
9
44
9
74
9
44
9
74
9
74
9
74
9
74
9
74
17
51
9
14
9
94
16
88
15
27
9
99
9
74
9
99
9
14
17
59
9
99
13
85
9
99
9
74
16
28
9
44
9
94
3
89
14
56
9
74
9
74
9
74
9
99
9
14
9
74
9
34
9
34
9
34
9
44
9
99
9
99
9
74
9
34
0
80
9
99
9
94
9
34
15
87
9
74
9
44
9
34
13
85
9
14
14
86
9
99
9
14
18
90
9
14
9
26
14
86
14
56
9
63
0
40
16
28
9
94
9
74
9
14
16
81
9
64
9
64
14
26
9
34
9
14
9
14
9
74
9
14
18
60
14
86
9
64
9
94
9
99
9
74
9
94
9
34
15
87
9
44
9
99
9
74
9
94
15
27
9
14
9
44
15
57
9
34
9
44
9
44
9
99
16
51
9
64
9
99
9
64
9
34
0
50
9
64
9
74
13
85
9
44
0
11
9
94
9
94
14
26
9
44
9
94
15
87
9
99
18
30
9
74
9
44
1
50
4
79
9
64
9
28
9
64
14
86
9
64
15
27
9
44
9
74
9
44
17
59
9
44
9
34
15
57
9
34
9
94
9
34
