11
53
9
43
9
41
9
93
9
72
9
99
9
99
9
72
9
50
9
93
9
11
9
30
9
99
9
90
11
83
10
82
9
31
9
12
9
13
9
34
9
34
9
71
9
14
9
94
9
99
9
32
9
32
9
63
9
32
9
30
9
11
9
99
9
61
9
61
9
79
9
42
9
32
9
11
9
73
9
61
9
31
9
99
9
99
9
32
9
31
12
84
9
99
9
63
9
42
9
74
9
43
9
99
10
52
9
99
9
62
13
85
9
39
9
44
9
94
9
20
9
10
9
61
9
21
9
99
9
61
9
99
10
22
13
55
9
64
9
50
9
73
11
83
9
81
9
99
9
10
9
81
9
91
9
9
11
83
10
82
9
14
10
52
9
21
9
74
9
13
9
72
9
64
9
72
9
59
9
64
9
71
12
54
9
34
9
92
9
81
9
11
9
42
9
64
9
80
9
72
9
51
9
34
9
63
9
63
9
44
9
61
9
34
9
60
9
81
11
53
11
53
9
92
9
71
12
24
9
1
9
99
11
83
9
33
9
99
9
49
9
51
12
54
9
43
9
73
9
99
0
40
9
99
12
24
8
28
9
49
9
70
9
61
9
90
9
30
9
10
9
59
9
50
9
41
9
11
11
53
9
94
9
62
9
70
12
24
9
92
11
53
9
69
9
31
9
20
9
72
9
99
12
84
8
75
9
11
9
14
9
19
9
11
9
61
9
99
9
41
9
72
9
12
11
23
9
99
9
42
9
59
9
99
0
10
9
60
9
40
9
29
9
63
9
9
12
24
9
81
9
31
9
41
9
62
9
11
9
44
9
50
9
81
9
99
9
81
9
49
9
60
9
99
9
81
9
32
9
72
9
31
9
90
9
34
9
32
11
83
9
44
9
2
9
9
9
64
9
94
9
21
9
14
9
43
9
33
9
10
9
32
9
72
9
72
9
12
9
77
9
92
9
14
12
54
9
33
9
91
9
62
10
22
9
91
0
30
12
54
12
54
9
51
9
64
9
30
9
58
10
82
9
79
12
24
9
63
9
99
10
82
9
81
9
42
9
11
9
13
9
43
10
82
9
12
9
44
9
99
10
22
11
83
9
99
9
64
9
94
11
83
9
74
9
33
9
94
9
59
10
52
9
63
11
23
13
85
9
91
9
33
12
24
9
33
9
61
9
32
9
74
9
10
9
81
9
50
11
83
9
91
9
11
12
24
9
33
9
19
11
23
9
90
9
94
9
13
0
10
9
51
9
93
9
73
9
30
9
61
9
33
9
93
9
19
9
42
9
34
9
93
9
44
9
64
9
74
9
30
9
63
9
74
9
99
9
71
9
11
9
99
9
8
9
64
13
85
3
89
9
72
9
99
9
11
9
62
9
69
9
74
9
51
9
69
9
29
9
99
9
64
11
53
9
74
9
51
9
94
9
63
9
10
9
13
9
61
12
84
9
99
9
60
9
29
9
21
9
79
9
80
9
49
9
74
9
64
9
12
10
52
9
68
9
89
9
72
9
99
9
71
9
99
12
24
9
99
9
13
9
47
0
90
9
64
9
99
11
23
9
51
9
56
9
31
9
30
9
99
9
74
9
41
9
99
9
11
9
43
9
64
9
33
9
32
9
57
9
91
9
41
9
7
9
73
9
12
9
73
9
79
9
32
12
54
9
99
9
21
9
72
12
54
9
33
12
84
9
73
9
70
9
94
9
70
9
51
9
13
9
33
9
99
9
43
9
11
9
51
10
82
9
99
9
14
0
10
9
80
9
99
9
12
9
74
9
11
10
52
12
54
9
64
9
33
9
99
13
25
9
21
9
60
9
71
9
51
11
83
9
94
9
92
9
33
10
82
10
52
9
34
12
24
9
60
9
99
9
70
9
44
2
90
13
25
9
64
9
71
9
13
9
71
9
44
9
72
13
85
9
33
9
29
9
62
9
79
10
82
9
13
9
12
12
24
1
19
9
11
9
67
0
10
9
48
9
99
9
51
9
41
11
53
9
93
9
99
9
42
9
30
9
99
9
19
9
34
9
30
9
71
9
99
9
11
9
81
11
23
9
42
9
20
9
61
9
73
12
54
9
93
9
41
9
13
0
80
9
70
9
91
9
90
9
1
9
71
9
29
9
19
10
82
12
24
9
62
9
62
9
30
9
41
9
93
9
60
0
80
9
12
9
61
9
81
12
84
9
99
9
99
0
90
9
11
9
79
10
22
9
30
9
11
9
21
9
91
9
31
9
94
0
0
9
33
9
14
9
14
9
34
9
74
9
78
11
53
9
99
9
14
9
13
9
81
9
44
10
22
13
55
9
89
9
62
9
73
9
59
9
93
9
74
9
71
10
22
9
12
9
73
9
99
9
62
9
61
9
91
9
72
9
50
9
73
9
71
9
94
10
52
10
52
9
61
9
62
9
51
9
94
9
71
9
99
11
83
12
24
10
52
9
90
9
12
9
14
9
49
9
59
9
92
9
81
9
99
0
60
9
70
9
10
9
62
13
55
9
43
9
32
9
10
9
32
9
89
9
11
10
52
9
72
9
91
9
49
9
31
10
52
12
84
9
61
9
99
9
49
9
50
3
49
9
32
9
7
10
82
9
50
9
12
9
44
9
60
9
81
9
80
13
25
10
52
9
91
9
11
9
99
9
62
9
32
9
99
9
99
9
99
9
32
9
62
9
19
9
61
9
74
13
25
9
12
13
25
9
71
9
93
9
99
9
42
9
91
9
88
9
92
9
93
9
61
9
42
11
83
9
33
9
60
9
11
13
55
11
23
9
71
9
49
9
89
9
10
9
99
9
74
9
92
11
83
9
99
9
51
9
62
0
80
9
59
8
35
9
9
9
31
11
83
9
11
10
22
13
25
9
99
9
42
12
84
9
41
9
72
9
93
0
70
9
14
9
14
9
99
9
74
9
12
9
29
9
11
9
99
9
40
9
59
9
12
12
24
9
20
9
93
9
11
9
71
8
58
9
70
9
31
9
91
9
99
9
71
9
81
9
20
11
83
9
94
9
51
9
41
9
99
9
42
9
13
9
10
9
99
9
21
9
36
10
22
11
23
9
91
9
89
10
52
9
81
9
61
9
11
9
73
9
27
10
52
9
61
11
83
9
72
9
91
9
44
9
91
11
53
9
31
9
51
9
44
9
94
9
33
9
62
9
99
9
43
9
61
9
44
9
91
12
54
9
99
9
99
9
37
9
31
10
22
9
41
9
21
9
43
9
81
10
22
9
51
9
91
9
11
9
11
9
9
9
10
10
22
9
21
9
91
9
34
10
82
9
14
11
23
11
53
9
92
9
81
9
10
9
93
9
63
9
99
9
31
9
43
10
22
9
71
9
59
13
25
9
73
9
19
9
34
9
13
9
11
9
44
9
11
9
62
9
21
9
99
9
60
9
18
9
51
12
24
9
92
9
99
9
39
13
25
9
73
11
23
9
99
9
44
9
31
9
44
9
81
10
82
9
32
9
44
9
60
10
52
9
20
8
15
9
81
13
55
9
14
9
71
9
14
9
99
9
43
9
33
9
99
9
18
9
11
9
29
9
31
9
41
9
99
9
30
9
10
9
10
9
13
9
51
10
52
9
20
9
14
9
71
9
61
9
34
13
82
13
85
9
94
13
55
1
99
12
84
9
86
9
94
9
99
12
54
9
70
9
81
9
99
11
23
9
41
9
64
9
63
9
74
9
64
9
73
9
61
9
91
2
59
9
42
9
80
9
91
9
31
9
80
9
64
9
81
9
51
9
99
9
99
9
93
9
16
11
23
9
32
9
33
1
19
9
11
9
81
9
41
9
49
9
34
9
81
9
58
9
31
9
39
9
79
10
82
9
91
9
74
9
99
9
92
9
14
9
64
11
83
9
12
9
40
9
12
10
52
9
62
9
99
9
61
9
90
9
41
9
72
9
39
9
74
9
72
9
71
9
74
9
71
12
51
9
12
9
94
11
83
10
22
9
99
9
72
9
99
9
14
12
54
9
99
9
80
9
99
9
72
11
23
9
44
9
94
3
89
9
51
9
72
9
74
9
71
9
99
9
9
9
72
9
33
9
34
9
31
9
42
9
99
9
99
9
72
9
33
0
80
9
99
9
94
9
30
10
82
9
73
9
44
9
34
9
80
9
12
9
81
9
99
9
12
13
85
9
10
9
26
9
81
9
51
9
63
0
40
11
23
9
93
9
69
9
13
11
81
9
64
9
62
9
21
9
34
9
14
9
10
9
69
9
14
13
55
9
81
9
63
9
91
9
99
9
73
9
93
9
33
10
82
9
43
9
99
9
69
9
92
10
22
9
9
9
44
10
52
9
34
9
42
9
43
9
99
11
51
9
59
9
99
9
64
9
32
0
50
9
60
9
71
9
80
9
40
0
11
9
92
9
93
9
21
9
42
9
91
10
82
9
99
13
25
9
70
9
42
1
50
4
79
9
62
9
28
9
59
9
81
9
63
10
22
9
44
9
71
9
44
12
54
9
41
9
34
10
52
9
31
9
93
9
31
