8
49
7
39
6
37
7
89
6
69
5
99
6
99
8
68
8
46
7
89
8
7
5
26
7
99
6
86
7
79
6
79
5
29
9
8
7
9
9
31
8
30
9
67
8
10
9
91
5
99
6
29
7
28
7
59
7
28
8
26
5
9
6
99
6
57
9
57
5
75
7
38
8
28
5
9
8
69
9
57
5
28
8
95
6
99
7
28
5
29
8
80
6
97
7
59
6
39
8
70
9
39
7
99
9
48
7
99
6
59
9
81
8
35
8
40
9
91
8
16
8
6
5
59
5
19
6
99
5
57
7
99
7
18
9
51
8
60
6
46
7
69
7
79
5
79
9
99
6
6
8
77
5
89
6
5
7
79
9
78
9
11
6
48
5
19
9
71
7
9
6
69
9
61
7
68
8
55
9
61
7
67
8
50
8
30
9
88
6
77
8
7
7
38
9
61
8
76
6
69
5
49
9
31
7
59
9
59
8
40
5
59
9
31
6
56
5
78
7
49
7
49
7
88
8
67
8
20
6
1
5
98
7
79
8
29
5
99
5
45
5
49
8
50
9
39
7
69
7
99
0
40
6
99
8
20
4
28
6
45
7
66
5
59
8
86
6
26
7
6
8
55
5
46
6
37
7
11
9
49
8
90
8
58
7
66
8
20
6
88
8
49
6
65
5
29
5
16
9
68
8
99
8
80
5
75
5
9
9
11
8
15
7
11
5
58
5
99
5
39
6
69
6
9
7
19
5
96
6
39
5
55
7
98
0
10
6
56
7
36
6
25
8
59
5
5
8
20
8
77
6
27
5
39
6
59
8
7
9
41
5
46
5
77
9
99
5
79
8
45
5
56
9
99
9
77
8
28
6
69
5
29
8
86
8
30
6
29
7
79
8
40
6
2
7
5
9
61
8
90
7
17
9
10
7
39
9
29
8
6
9
28
6
69
6
69
6
9
5
77
6
89
9
11
8
50
5
34
5
89
6
59
6
19
9
87
0
30
8
50
9
50
5
49
9
60
8
26
6
58
6
79
8
75
8
20
8
59
5
95
6
79
7
77
6
39
5
9
9
9
7
39
6
79
6
8
8
40
6
98
6
19
7
79
6
99
9
60
9
91
7
79
9
71
9
29
8
90
5
55
9
48
7
59
7
19
9
81
5
89
7
29
8
20
7
29
6
57
6
29
8
70
6
6
5
79
5
46
7
79
5
89
5
9
8
20
7
29
8
15
9
19
7
86
8
90
7
9
0
10
8
47
9
89
5
74
8
26
9
57
9
29
7
89
5
19
6
42
8
30
9
93
9
41
9
61
9
71
6
26
7
59
9
71
5
99
9
67
9
7
7
99
8
8
8
60
9
81
3
89
6
69
7
99
5
9
6
59
5
65
9
71
8
47
8
65
7
25
7
97
9
60
7
49
9
71
5
49
8
90
7
59
6
6
7
9
9
61
8
80
8
99
8
56
5
25
5
19
5
75
7
76
8
45
9
71
8
60
6
9
6
49
9
68
6
85
7
68
8
99
6
67
5
97
8
20
8
95
7
9
6
47
0
90
9
61
5
99
7
19
9
47
8
56
5
29
8
26
7
95
9
70
5
39
8
99
8
7
7
39
8
60
7
29
9
28
5
57
5
89
5
39
6
7
7
69
9
8
7
69
5
75
6
29
8
50
7
96
5
19
6
69
8
50
7
29
9
80
7
69
8
66
9
91
8
66
5
49
7
9
9
29
7
96
7
39
9
7
5
49
6
79
9
99
8
10
0
10
8
76
9
99
8
8
8
70
8
7
6
49
8
50
8
60
7
29
8
99
9
21
5
18
7
56
5
69
8
47
7
79
9
91
6
89
7
29
8
78
6
49
8
30
8
20
8
56
8
96
8
66
9
41
2
90
9
21
9
60
6
67
7
9
5
69
9
41
9
68
9
81
9
29
5
25
6
59
7
75
6
79
7
9
6
9
9
20
1
15
9
7
8
67
0
10
5
48
8
99
9
47
5
39
7
49
5
93
8
99
6
39
7
26
7
99
6
15
8
30
6
26
7
67
9
97
9
7
5
79
7
19
6
39
6
16
5
57
9
69
8
50
7
89
6
37
7
9
0
80
8
66
5
89
8
86
7
1
5
68
6
25
8
15
6
79
8
20
6
58
6
59
8
26
5
39
7
94
8
56
0
80
6
9
5
59
5
78
8
80
7
98
5
97
0
90
8
7
6
75
6
19
6
26
5
9
5
19
5
88
5
29
9
91
0
0
7
29
9
11
9
11
9
31
8
70
5
78
9
49
9
99
8
10
7
9
5
77
9
41
7
18
9
51
6
85
6
59
5
73
7
55
9
93
9
71
5
67
9
18
6
9
7
69
6
99
6
59
9
57
8
87
6
68
7
46
8
69
8
67
9
91
6
49
7
48
5
59
9
58
6
47
8
90
5
69
7
98
7
79
8
20
9
48
6
86
6
9
8
10
8
45
5
55
7
88
5
79
8
97
0
60
8
66
7
6
7
58
9
51
7
39
6
29
6
6
6
29
8
85
5
7
6
49
6
69
5
89
5
45
6
27
9
48
8
80
5
58
7
99
7
45
5
46
3
49
6
29
5
7
6
79
7
46
6
9
9
41
6
56
9
77
5
76
9
21
6
49
5
89
6
7
6
98
7
58
6
28
5
98
6
99
5
96
6
29
6
58
8
15
5
58
5
74
9
21
6
9
9
21
5
69
7
89
7
98
7
38
5
89
7
88
6
89
7
89
6
57
6
39
7
79
8
29
8
56
5
9
9
51
8
19
9
67
7
45
6
85
5
6
8
99
9
71
6
89
7
79
8
99
5
48
6
59
0
80
8
55
6
35
7
5
5
29
7
79
5
9
6
19
9
21
9
97
6
38
8
80
5
39
6
69
7
89
0
70
9
10
8
10
7
99
9
71
6
9
5
25
5
9
8
99
8
36
6
55
6
9
8
20
5
16
7
89
6
7
5
69
4
58
5
66
6
27
5
89
6
99
5
69
5
79
8
16
7
79
8
90
5
49
5
38
8
99
6
39
7
9
5
6
5
99
8
17
7
36
7
18
7
19
5
89
7
85
6
48
5
77
5
57
5
9
9
69
9
27
6
49
5
59
7
79
6
69
5
89
8
40
5
89
7
49
7
27
7
47
9
41
9
91
7
33
8
58
7
99
7
39
5
57
9
41
7
87
8
50
8
96
9
99
8
37
6
27
6
19
5
39
6
17
7
39
8
77
7
18
5
49
5
89
9
7
5
9
6
5
8
6
8
18
5
19
5
89
9
31
6
79
8
10
7
19
7
49
9
88
7
77
6
6
7
89
9
59
7
99
5
28
7
39
6
19
7
71
7
55
9
21
7
69
5
15
9
31
9
9
7
11
8
40
6
7
6
59
5
19
8
99
8
56
9
18
5
49
8
20
6
89
7
99
5
35
9
21
7
69
7
19
5
99
8
40
7
31
8
40
5
79
6
79
6
29
8
40
7
56
7
48
5
16
8
15
9
77
9
51
8
10
5
68
9
11
7
99
8
39
9
29
9
99
9
18
5
7
7
25
9
27
5
39
5
97
7
26
6
6
8
6
7
9
5
49
6
49
5
16
8
10
5
69
5
59
8
30
9
83
9
81
9
91
9
51
1
99
9
80
5
86
9
91
6
99
8
50
7
66
5
79
6
99
7
19
5
39
8
60
8
59
9
71
9
61
7
69
5
59
7
87
2
57
6
39
7
76
9
91
5
29
5
76
8
60
5
79
5
49
9
99
7
99
7
89
9
16
7
19
6
29
7
29
1
17
5
9
5
79
7
37
8
45
8
30
5
79
6
61
5
29
6
35
8
75
6
79
5
91
9
71
8
98
9
88
9
11
8
60
7
79
6
9
5
36
6
9
9
48
6
59
6
95
5
59
6
86
5
39
9
68
6
35
8
70
6
69
5
69
8
70
5
67
8
51
6
8
9
91
7
79
6
19
7
99
6
68
6
99
8
10
8
50
8
96
6
76
7
99
6
69
7
19
8
40
9
90
3
88
5
49
6
69
9
71
6
67
5
96
8
5
6
69
7
29
8
30
8
27
7
38
5
99
6
99
6
69
8
29
0
80
9
99
9
91
5
26
8
78
9
69
8
40
9
31
8
76
9
8
5
77
6
99
6
9
9
81
7
6
7
26
5
77
8
47
8
64
0
40
7
19
7
89
5
65
7
9
7
81
8
60
6
59
5
18
9
31
9
11
8
6
8
65
8
10
9
51
5
79
9
59
7
87
5
97
7
69
7
89
7
29
6
79
7
39
6
96
7
65
6
89
6
19
6
5
9
41
6
49
8
30
6
39
7
39
7
99
7
51
8
55
8
99
8
60
6
29
0
50
6
56
8
67
5
76
8
36
0
11
7
88
7
89
7
17
7
38
5
89
6
79
8
99
9
21
6
66
6
38
1
50
4
76
9
58
5
28
5
55
5
78
7
59
6
19
8
40
5
68
9
40
8
50
5
38
9
31
6
49
5
29
7
89
5
28
