19
61
9
44
9
44
9
94
9
74
9
99
9
99
9
74
16
58
9
94
9
14
9
34
9
99
9
94
19
91
18
90
9
34
9
14
9
14
9
34
9
34
9
74
9
14
9
94
9
99
9
34
9
34
9
64
9
34
9
34
9
14
9
99
9
64
9
64
15
87
9
44
9
34
9
14
9
74
9
64
9
34
9
99
9
99
9
34
9
34
19
92
9
99
9
64
9
44
9
74
9
44
9
99
18
60
9
99
9
64
19
93
9
44
9
44
9
94
16
28
9
14
9
64
17
29
9
99
9
64
9
99
18
30
19
63
9
64
16
58
9
74
19
91
17
89
9
99
9
14
17
89
9
94
9
14
19
91
18
90
9
14
18
60
17
29
9
74
9
14
9
74
9
64
9
74
9
64
9
64
9
74
19
62
9
34
9
94
17
89
9
14
9
44
9
64
16
88
9
74
17
59
9
34
9
64
9
64
9
44
9
64
9
34
9
64
17
89
19
61
19
61
9
94
9
74
19
32
9
1
9
99
19
91
9
34
9
99
15
57
17
59
19
62
9
44
9
74
9
99
0
40
9
99
19
32
9
28
15
57
9
74
9
64
9
94
9
34
9
14
9
64
16
58
9
44
9
11
19
61
9
94
9
64
9
74
19
32
9
94
19
61
9
74
9
34
16
28
9
74
9
99
19
92
8
75
9
14
9
14
15
27
9
11
9
64
9
99
9
44
9
74
9
14
19
31
9
99
9
44
9
64
9
99
0
10
9
64
9
44
9
34
9
64
9
14
19
32
17
89
9
34
9
44
9
64
9
14
9
44
16
58
17
89
9
99
17
89
15
57
9
64
9
99
17
89
9
34
9
74
9
34
9
94
9
34
9
34
19
91
9
44
9
2
9
14
9
64
9
94
17
29
9
14
9
44
9
34
9
14
9
34
9
74
9
74
9
14
9
77
9
94
9
14
19
62
9
33
9
94
9
64
18
30
9
94
0
30
19
62
19
62
17
59
9
64
9
34
9
58
18
90
15
87
19
32
9
64
9
99
18
90
17
89
9
44
9
14
9
14
9
44
18
90
9
14
9
44
9
99
18
30
19
91
9
99
9
64
9
94
19
91
9
74
9
34
9
94
9
64
18
60
9
64
19
31
19
93
9
94
9
34
19
32
9
34
9
64
9
34
9
74
9
14
17
89
16
58
19
91
9
94
9
14
19
32
9
34
15
27
19
31
9
94
9
94
9
14
0
10
17
59
9
94
9
73
9
34
9
64
9
34
9
94
9
19
9
42
9
34
9
93
9
44
9
64
9
74
9
34
9
64
9
74
9
99
9
74
9
14
9
99
9
8
9
64
19
93
3
89
9
74
9
99
9
14
9
64
9
74
9
74
17
59
9
74
9
34
9
99
9
64
19
61
9
74
17
59
9
94
9
64
9
14
9
14
9
61
19
92
9
99
9
64
9
34
17
29
15
87
16
88
15
57
9
74
9
64
9
14
18
60
9
68
9
94
9
74
9
99
9
74
9
99
19
32
9
99
9
14
9
47
0
90
9
64
9
99
19
31
17
59
9
56
9
34
9
34
9
99
9
74
9
44
9
99
9
14
9
44
9
64
9
34
9
34
9
57
9
94
9
44
9
7
9
74
9
14
9
74
15
87
9
34
19
62
9
99
17
29
9
74
19
62
9
34
19
92
9
74
9
74
9
94
9
74
17
59
9
14
9
34
9
99
9
44
9
14
17
59
18
90
9
99
9
14
0
10
16
88
9
99
9
14
9
74
9
14
18
60
19
62
9
64
9
34
9
99
19
33
17
29
9
64
9
74
17
59
19
91
9
94
9
94
9
34
18
90
18
60
9
34
19
32
9
64
9
99
9
74
9
44
2
90
19
33
9
64
9
74
9
14
9
74
9
44
9
74
19
93
9
34
9
34
9
64
15
87
18
90
9
14
9
14
19
32
1
19
9
14
9
67
0
10
9
48
9
99
17
59
9
44
19
61
9
93
9
99
9
44
9
34
9
99
15
27
9
34
9
34
9
74
9
99
9
14
17
89
19
31
9
44
16
28
9
64
9
74
19
62
9
94
9
44
9
14
0
80
9
74
9
94
9
94
9
1
9
74
9
34
15
27
18
90
19
32
9
64
9
64
9
34
9
44
9
93
9
64
0
80
9
14
9
64
17
89
19
92
9
99
9
99
0
90
9
14
15
87
18
30
9
34
9
14
17
29
9
94
9
34
9
94
0
0
9
34
9
14
9
14
9
34
9
74
9
78
19
61
9
99
9
14
9
14
17
89
9
44
18
30
19
63
9
94
9
64
9
73
9
64
9
93
9
74
9
74
18
30
9
14
9
74
9
99
9
64
9
64
9
94
9
74
16
58
9
74
9
74
9
94
18
60
18
60
9
64
9
64
17
59
9
94
9
74
9
99
19
91
19
32
18
60
9
94
9
14
9
14
15
57
9
64
9
94
17
89
9
99
0
60
9
74
9
14
9
64
19
63
9
44
9
34
9
14
9
34
9
94
9
14
18
60
9
74
9
94
15
57
9
34
18
60
19
92
9
64
9
99
15
57
16
58
3
49
9
34
9
7
18
90
16
58
9
14
9
44
9
64
17
89
16
88
19
33
18
60
9
94
9
14
9
99
9
64
9
34
9
99
9
99
9
99
9
34
9
64
15
27
9
64
9
74
19
33
9
14
19
33
9
74
9
94
9
99
9
44
9
94
9
88
9
94
9
94
9
64
9
44
19
91
9
34
9
64
9
14
19
63
19
31
9
74
15
57
9
94
9
14
9
99
9
74
9
94
19
91
9
99
17
59
9
64
0
80
9
64
8
35
9
14
9
34
19
91
9
14
18
30
19
33
9
99
9
44
19
92
9
44
9
74
9
94
0
70
9
14
9
14
9
99
9
74
9
14
9
34
9
14
9
99
9
44
9
64
9
14
19
32
16
28
9
94
9
14
9
74
9
58
9
74
9
34
9
94
9
99
9
74
17
89
16
28
19
91
9
94
17
59
9
44
9
99
9
44
9
14
9
14
9
99
17
29
9
36
18
30
19
31
9
94
9
94
18
60
17
89
9
64
9
14
9
74
9
27
18
60
9
64
19
91
9
74
9
94
9
44
9
94
19
61
9
34
17
59
9
44
9
94
9
33
9
64
9
99
9
44
9
64
9
44
9
94
19
62
9
99
9
99
9
37
9
34
18
30
9
44
17
29
9
44
17
89
18
30
17
59
9
94
9
14
9
14
9
14
9
14
18
30
17
29
9
94
9
34
18
90
9
14
19
31
19
61
9
94
17
89
9
14
9
94
9
64
9
99
9
34
9
44
18
30
9
71
9
64
19
33
9
74
15
27
9
34
9
14
9
11
9
44
9
14
9
64
17
29
9
99
9
64
9
18
17
59
19
32
9
94
9
99
9
44
19
33
9
74
19
31
9
99
9
44
9
31
9
44
17
89
18
90
9
34
9
44
9
64
18
60
16
28
8
15
17
89
19
63
9
14
9
74
9
14
9
99
9
44
9
34
9
99
9
18
9
14
9
34
9
34
9
44
9
99
9
34
9
14
9
14
9
14
17
59
18
60
16
28
9
14
9
74
9
64
9
34
19
82
19
93
9
94
19
63
1
99
19
92
9
86
9
94
9
99
19
62
9
74
17
89
9
99
19
31
9
44
9
64
9
64
9
74
9
64
9
74
9
64
9
94
2
59
9
44
16
88
9
91
9
34
16
88
9
64
17
89
17
59
9
99
9
99
9
94
9
16
19
31
9
34
9
34
1
19
9
14
17
89
9
44
15
57
9
34
17
89
9
56
9
34
9
44
15
87
18
90
9
91
9
74
9
99
9
94
9
14
9
64
19
91
9
14
9
44
9
14
18
60
9
64
9
99
9
64
9
94
9
44
9
74
9
44
9
74
9
74
9
74
9
74
9
74
19
51
9
14
9
94
19
91
18
30
9
99
9
74
9
99
9
14
19
62
9
99
16
88
9
99
9
74
19
31
9
44
9
94
3
89
17
59
9
74
9
74
9
74
9
99
9
14
9
74
9
34
9
34
9
34
9
44
9
99
9
99
9
74
9
34
0
80
9
99
9
94
9
34
18
90
9
74
9
44
9
34
16
88
9
14
17
89
9
99
9
14
19
93
9
14
9
26
17
89
17
59
9
63
0
40
19
31
9
94
9
74
9
14
19
81
9
64
9
64
17
29
9
34
9
14
9
14
9
74
9
14
19
63
17
89
9
64
9
94
9
99
9
74
9
94
9
34
18
90
9
44
9
99
9
74
9
94
18
30
9
14
9
44
18
60
9
34
9
44
9
44
9
99
19
51
9
64
9
99
9
64
9
34
0
50
9
64
9
74
16
88
9
44
0
11
9
94
9
94
17
29
9
44
9
94
18
90
9
99
19
33
9
74
9
44
1
50
4
79
9
64
9
28
9
64
17
89
9
64
18
30
9
44
9
74
9
44
19
62
9
44
9
34
18
60
9
34
9
94
9
34
