12
54
9
44
9
42
9
94
9
73
9
99
9
99
9
73
9
51
9
94
9
12
9
31
9
99
9
91
12
84
11
83
9
32
9
13
9
14
9
34
9
34
9
72
9
14
9
94
9
99
9
33
9
33
9
64
9
33
9
31
9
12
9
99
9
62
9
62
9
80
9
43
9
33
9
12
9
74
9
62
9
32
9
99
9
99
9
33
9
32
13
85
9
99
9
64
9
43
9
74
9
44
9
99
11
53
9
99
9
63
14
86
9
40
9
44
9
94
9
21
9
11
9
62
10
22
9
99
9
62
9
99
11
23
14
56
9
64
9
51
9
74
12
84
10
82
9
99
9
11
10
82
9
92
9
10
12
84
11
83
9
14
11
53
10
22
9
74
9
14
9
73
9
64
9
73
9
60
9
64
9
72
13
55
9
34
9
93
10
82
9
12
9
43
9
64
9
81
9
73
10
52
9
34
9
64
9
64
9
44
9
62
9
34
9
61
10
82
12
54
12
54
9
93
9
72
13
25
9
1
9
99
12
84
9
34
9
99
9
50
10
52
13
55
9
44
9
74
9
99
0
40
9
99
13
25
9
28
9
50
9
71
9
62
9
91
9
31
9
11
9
60
9
51
9
42
9
11
12
54
9
94
9
63
9
71
13
25
9
93
12
54
9
70
9
32
9
21
9
73
9
99
13
85
8
75
9
12
9
14
9
20
9
11
9
62
9
99
9
42
9
73
9
13
12
24
9
99
9
43
9
60
9
99
0
10
9
61
9
41
9
30
9
64
9
10
13
25
10
82
9
32
9
42
9
63
9
12
9
44
9
51
10
82
9
99
10
82
9
50
9
61
9
99
10
82
9
33
9
73
9
32
9
91
9
34
9
33
12
84
9
44
9
2
9
10
9
64
9
94
10
22
9
14
9
44
9
34
9
11
9
33
9
73
9
73
9
13
9
77
9
93
9
14
13
55
9
33
9
92
9
63
11
23
9
92
0
30
13
55
13
55
10
52
9
64
9
31
9
58
11
83
9
80
13
25
9
64
9
99
11
83
10
82
9
43
9
12
9
14
9
44
11
83
9
13
9
44
9
99
11
23
12
84
9
99
9
64
9
94
12
84
9
74
9
34
9
94
9
60
11
53
9
64
12
24
14
86
9
92
9
34
13
25
9
34
9
62
9
33
9
74
9
11
10
82
9
51
12
84
9
92
9
12
13
25
9
34
9
20
12
24
9
91
9
94
9
14
0
10
10
52
9
94
9
73
9
31
9
62
9
34
9
94
9
19
9
42
9
34
9
93
9
44
9
64
9
74
9
31
9
64
9
74
9
99
9
72
9
12
9
99
9
8
9
64
14
86
3
89
9
73
9
99
9
12
9
63
9
70
9
74
10
52
9
70
9
30
9
99
9
64
12
54
9
74
10
52
9
94
9
64
9
11
9
14
9
61
13
85
9
99
9
61
9
30
10
22
9
80
9
81
9
50
9
74
9
64
9
13
11
53
9
68
9
90
9
73
9
99
9
72
9
99
13
25
9
99
9
14
9
47
0
90
9
64
9
99
12
24
10
52
9
56
9
32
9
31
9
99
9
74
9
42
9
99
9
12
9
44
9
64
9
34
9
33
9
57
9
92
9
42
9
7
9
74
9
13
9
74
9
80
9
33
13
55
9
99
10
22
9
73
13
55
9
34
13
85
9
74
9
71
9
94
9
71
10
52
9
14
9
34
9
99
9
44
9
12
10
52
11
83
9
99
9
14
0
10
9
81
9
99
9
13
9
74
9
12
11
53
13
55
9
64
9
34
9
99
14
26
10
22
9
61
9
72
10
52
12
84
9
94
9
93
9
34
11
83
11
53
9
34
13
25
9
61
9
99
9
71
9
44
2
90
14
26
9
64
9
72
9
14
9
72
9
44
9
73
14
86
9
34
9
30
9
63
9
80
11
83
9
14
9
13
13
25
1
19
9
12
9
67
0
10
9
48
9
99
10
52
9
42
12
54
9
93
9
99
9
43
9
31
9
99
9
20
9
34
9
31
9
72
9
99
9
12
10
82
12
24
9
43
9
21
9
62
9
74
13
55
9
94
9
42
9
14
0
80
9
71
9
92
9
91
9
1
9
72
9
30
9
20
11
83
13
25
9
63
9
63
9
31
9
42
9
93
9
61
0
80
9
13
9
62
10
82
13
85
9
99
9
99
0
90
9
12
9
80
11
23
9
31
9
12
10
22
9
92
9
32
9
94
0
0
9
34
9
14
9
14
9
34
9
74
9
78
12
54
9
99
9
14
9
14
10
82
9
44
11
23
14
56
9
90
9
63
9
73
9
60
9
93
9
74
9
72
11
23
9
13
9
74
9
99
9
63
9
62
9
92
9
73
9
51
9
74
9
72
9
94
11
53
11
53
9
62
9
63
10
52
9
94
9
72
9
99
12
84
13
25
11
53
9
91
9
13
9
14
9
50
9
60
9
93
10
82
9
99
0
60
9
71
9
11
9
63
14
56
9
44
9
33
9
11
9
33
9
90
9
12
11
53
9
73
9
92
9
50
9
32
11
53
13
85
9
62
9
99
9
50
9
51
3
49
9
33
9
7
11
83
9
51
9
13
9
44
9
61
10
82
9
81
14
26
11
53
9
92
9
12
9
99
9
63
9
33
9
99
9
99
9
99
9
33
9
63
9
20
9
62
9
74
14
26
9
13
14
26
9
72
9
94
9
99
9
43
9
92
9
88
9
93
9
94
9
62
9
43
12
84
9
34
9
61
9
12
14
56
12
24
9
72
9
50
9
90
9
11
9
99
9
74
9
93
12
84
9
99
10
52
9
63
0
80
9
60
8
35
9
10
9
32
12
84
9
12
11
23
14
26
9
99
9
43
13
85
9
42
9
73
9
94
0
70
9
14
9
14
9
99
9
74
9
13
9
30
9
12
9
99
9
41
9
60
9
13
13
25
9
21
9
94
9
12
9
72
9
58
9
71
9
32
9
92
9
99
9
72
10
82
9
21
12
84
9
94
10
52
9
42
9
99
9
43
9
14
9
11
9
99
10
22
9
36
11
23
12
24
9
92
9
90
11
53
10
82
9
62
9
12
9
74
9
27
11
53
9
62
12
84
9
73
9
92
9
44
9
92
12
54
9
32
10
52
9
44
9
94
9
33
9
63
9
99
9
44
9
62
9
44
9
92
13
55
9
99
9
99
9
37
9
32
11
23
9
42
10
22
9
44
10
82
11
23
10
52
9
92
9
12
9
12
9
10
9
11
11
23
10
22
9
92
9
34
11
83
9
14
12
24
12
54
9
93
10
82
9
11
9
94
9
64
9
99
9
32
9
44
11
23
9
71
9
60
14
26
9
74
9
20
9
34
9
14
9
11
9
44
9
12
9
63
10
22
9
99
9
61
9
18
10
52
13
25
9
93
9
99
9
40
14
26
9
74
12
24
9
99
9
44
9
31
9
44
10
82
11
83
9
33
9
44
9
61
11
53
9
21
8
15
10
82
14
56
9
14
9
72
9
14
9
99
9
44
9
34
9
99
9
18
9
12
9
30
9
32
9
42
9
99
9
31
9
11
9
11
9
14
10
52
11
53
9
21
9
14
9
72
9
62
9
34
14
82
14
86
9
94
14
56
1
99
13
85
9
86
9
94
9
99
13
55
9
71
10
82
9
99
12
24
9
42
9
64
9
64
9
74
9
64
9
74
9
62
9
92
2
59
9
43
9
81
9
91
9
32
9
81
9
64
10
82
10
52
9
99
9
99
9
94
9
16
12
24
9
33
9
34
1
19
9
12
10
82
9
42
9
50
9
34
10
82
9
57
9
32
9
40
9
80
11
83
9
91
9
74
9
99
9
93
9
14
9
64
12
84
9
13
9
41
9
13
11
53
9
63
9
99
9
62
9
91
9
42
9
73
9
40
9
74
9
73
9
72
9
74
9
72
13
51
9
13
9
94
12
84
11
23
9
99
9
73
9
99
9
14
13
55
9
99
9
81
9
99
9
73
12
24
9
44
9
94
3
89
10
52
9
73
9
74
9
72
9
99
9
10
9
73
9
34
9
34
9
32
9
43
9
99
9
99
9
73
9
34
0
80
9
99
9
94
9
31
11
83
9
74
9
44
9
34
9
81
9
13
10
82
9
99
9
13
14
86
9
11
9
26
10
82
10
52
9
63
0
40
12
24
9
94
9
70
9
14
12
81
9
64
9
63
10
22
9
34
9
14
9
11
9
70
9
14
14
56
10
82
9
64
9
92
9
99
9
74
9
94
9
34
11
83
9
44
9
99
9
70
9
93
11
23
9
10
9
44
11
53
9
34
9
43
9
44
9
99
12
51
9
60
9
99
9
64
9
33
0
50
9
61
9
72
9
81
9
41
0
11
9
93
9
94
10
22
9
43
9
92
11
83
9
99
14
26
9
71
9
43
1
50
4
79
9
63
9
28
9
60
10
82
9
64
11
23
9
44
9
72
9
44
13
55
9
42
9
34
11
53
9
32
9
94
9
32
