19
64
9
44
9
44
9
94
9
74
9
99
9
99
9
74
19
64
9
94
9
14
9
34
9
99
9
94
19
94
19
94
9
34
9
14
9
14
9
34
9
34
9
74
9
14
9
94
9
99
9
34
9
34
9
64
9
34
9
34
9
14
9
99
9
64
9
64
19
93
9
44
9
34
9
14
9
74
9
64
9
34
9
99
9
99
9
34
9
34
19
94
9
99
9
64
9
44
9
74
9
44
9
99
19
64
9
99
9
64
19
94
9
44
9
44
9
94
19
34
9
14
9
64
19
34
9
99
9
64
9
99
19
34
19
64
9
64
19
64
9
74
19
94
19
94
9
99
9
14
19
94
9
94
9
14
19
94
19
94
9
14
19
64
19
34
9
74
9
14
9
74
9
64
9
74
9
64
9
64
9
74
19
64
9
34
9
94
19
94
9
14
9
44
9
64
19
94
9
74
19
64
9
34
9
64
9
64
9
44
9
64
9
34
9
64
19
94
19
64
19
64
9
94
9
74
19
34
9
1
9
99
19
94
9
34
9
99
19
63
19
64
19
64
9
44
9
74
9
99
0
40
9
99
19
34
9
28
19
63
9
74
9
64
9
94
9
34
9
14
9
64
19
64
9
44
9
11
19
64
9
94
9
64
9
74
19
34
9
94
19
64
9
74
9
34
19
34
9
74
9
99
19
94
8
75
9
14
9
14
19
33
9
11
9
64
9
99
9
44
9
74
9
14
19
34
9
99
9
44
9
64
9
99
0
10
9
64
9
44
9
34
9
64
9
14
19
34
19
94
9
34
9
44
9
64
9
14
9
44
19
64
19
94
9
99
19
94
19
63
9
64
9
99
19
94
9
34
9
74
9
34
9
94
9
34
9
34
19
94
9
44
9
2
9
14
9
64
9
94
19
34
9
14
9
44
9
34
9
14
9
34
9
74
9
74
9
14
9
77
9
94
9
14
19
64
9
33
9
94
9
64
19
34
9
94
0
30
19
64
19
64
19
64
9
64
9
34
9
58
19
94
19
93
19
34
9
64
9
99
19
94
19
94
9
44
9
14
9
14
9
44
19
94
9
14
9
44
9
99
19
34
19
94
9
99
9
64
9
94
19
94
9
74
9
34
9
94
9
64
19
64
9
64
19
34
19
94
9
94
9
34
19
34
9
34
9
64
9
34
9
74
9
14
19
94
19
64
19
94
9
94
9
14
19
34
9
34
19
33
19
34
9
94
9
94
9
14
0
10
19
64
9
94
9
73
9
34
9
64
9
34
9
94
9
19
9
42
9
34
9
93
9
44
9
64
9
74
9
34
9
64
9
74
9
99
9
74
9
14
9
99
9
8
9
64
19
94
3
89
9
74
9
99
9
14
9
64
9
74
9
74
19
64
9
74
9
34
9
99
9
64
19
64
9
74
19
64
9
94
9
64
9
14
9
14
9
61
19
94
9
99
9
64
9
34
19
34
19
93
19
94
19
63
9
74
9
64
9
14
19
64
9
68
9
94
9
74
9
99
9
74
9
99
19
34
9
99
9
14
9
47
0
90
9
64
9
99
19
34
19
64
9
56
9
34
9
34
9
99
9
74
9
44
9
99
9
14
9
44
9
64
9
34
9
34
9
57
9
94
9
44
9
7
9
74
9
14
9
74
19
93
9
34
19
64
9
99
19
34
9
74
19
64
9
34
19
94
9
74
9
74
9
94
9
74
19
64
9
14
9
34
9
99
9
44
9
14
19
64
19
94
9
99
9
14
0
10
19
94
9
99
9
14
9
74
9
14
19
64
19
64
9
64
9
34
9
99
19
34
19
34
9
64
9
74
19
64
19
94
9
94
9
94
9
34
19
94
19
64
9
34
19
34
9
64
9
99
9
74
9
44
2
90
19
34
9
64
9
74
9
14
9
74
9
44
9
74
19
94
9
34
9
34
9
64
19
93
19
94
9
14
9
14
19
34
1
19
9
14
9
67
0
10
9
48
9
99
19
64
9
44
19
64
9
93
9
99
9
44
9
34
9
99
19
33
9
34
9
34
9
74
9
99
9
14
19
94
19
34
9
44
19
34
9
64
9
74
19
64
9
94
9
44
9
14
0
80
9
74
9
94
9
94
9
1
9
74
9
34
19
33
19
94
19
34
9
64
9
64
9
34
9
44
9
93
9
64
0
80
9
14
9
64
19
94
19
94
9
99
9
99
0
90
9
14
19
93
19
34
9
34
9
14
19
34
9
94
9
34
9
94
0
0
9
34
9
14
9
14
9
34
9
74
9
78
19
64
9
99
9
14
9
14
19
94
9
44
19
34
19
64
9
94
9
64
9
73
9
64
9
93
9
74
9
74
19
34
9
14
9
74
9
99
9
64
9
64
9
94
9
74
19
64
9
74
9
74
9
94
19
64
19
64
9
64
9
64
19
64
9
94
9
74
9
99
19
94
19
34
19
64
9
94
9
14
9
14
19
63
9
64
9
94
19
94
9
99
0
60
9
74
9
14
9
64
19
64
9
44
9
34
9
14
9
34
9
94
9
14
19
64
9
74
9
94
19
63
9
34
19
64
19
94
9
64
9
99
19
63
19
64
3
49
9
34
9
7
19
94
19
64
9
14
9
44
9
64
19
94
19
94
19
34
19
64
9
94
9
14
9
99
9
64
9
34
9
99
9
99
9
99
9
34
9
64
19
33
9
64
9
74
19
34
9
14
19
34
9
74
9
94
9
99
9
44
9
94
9
88
9
94
9
94
9
64
9
44
19
94
9
34
9
64
9
14
19
64
19
34
9
74
19
63
9
94
9
14
9
99
9
74
9
94
19
94
9
99
19
64
9
64
0
80
9
64
8
35
9
14
9
34
19
94
9
14
19
34
19
34
9
99
9
44
19
94
9
44
9
74
9
94
0
70
9
14
9
14
9
99
9
74
9
14
9
34
9
14
9
99
9
44
9
64
9
14
19
34
19
34
9
94
9
14
9
74
9
58
9
74
9
34
9
94
9
99
9
74
19
94
19
34
19
94
9
94
19
64
9
44
9
99
9
44
9
14
9
14
9
99
19
34
9
36
19
34
19
34
9
94
9
94
19
64
19
94
9
64
9
14
9
74
9
27
19
64
9
64
19
94
9
74
9
94
9
44
9
94
19
64
9
34
19
64
9
44
9
94
9
33
9
64
9
99
9
44
9
64
9
44
9
94
19
64
9
99
9
99
9
37
9
34
19
34
9
44
19
34
9
44
19
94
19
34
19
64
9
94
9
14
9
14
9
14
9
14
19
34
19
34
9
94
9
34
19
94
9
14
19
34
19
64
9
94
19
94
9
14
9
94
9
64
9
99
9
34
9
44
19
34
9
71
9
64
19
34
9
74
19
33
9
34
9
14
9
11
9
44
9
14
9
64
19
34
9
99
9
64
9
18
19
64
19
34
9
94
9
99
9
44
19
34
9
74
19
34
9
99
9
44
9
31
9
44
19
94
19
94
9
34
9
44
9
64
19
64
19
34
8
15
19
94
19
64
9
14
9
74
9
14
9
99
9
44
9
34
9
99
9
18
9
14
9
34
9
34
9
44
9
99
9
34
9
14
9
14
9
14
19
64
19
64
19
34
9
14
9
74
9
64
9
34
19
82
19
94
9
94
19
64
1
99
19
94
9
86
9
94
9
99
19
64
9
74
19
94
9
99
19
34
9
44
9
64
9
64
9
74
9
64
9
74
9
64
9
94
2
59
9
44
19
94
9
91
9
34
19
94
9
64
19
94
19
64
9
99
9
99
9
94
9
16
19
34
9
34
9
34
1
19
9
14
19
94
9
44
19
63
9
34
19
94
9
56
9
34
9
44
19
93
19
94
9
91
9
74
9
99
9
94
9
14
9
64
19
94
9
14
9
44
9
14
19
64
9
64
9
99
9
64
9
94
9
44
9
74
9
44
9
74
9
74
9
74
9
74
9
74
19
51
9
14
9
94
19
94
19
34
9
99
9
74
9
99
9
14
19
64
9
99
19
94
9
99
9
74
19
34
9
44
9
94
3
89
19
64
9
74
9
74
9
74
9
99
9
14
9
74
9
34
9
34
9
34
9
44
9
99
9
99
9
74
9
34
0
80
9
99
9
94
9
34
19
94
9
74
9
44
9
34
19
94
9
14
19
94
9
99
9
14
19
94
9
14
9
26
19
94
19
64
9
63
0
40
19
34
9
94
9
74
9
14
19
81
9
64
9
64
19
34
9
34
9
14
9
14
9
74
9
14
19
64
19
94
9
64
9
94
9
99
9
74
9
94
9
34
19
94
9
44
9
99
9
74
9
94
19
34
9
14
9
44
19
64
9
34
9
44
9
44
9
99
19
51
9
64
9
99
9
64
9
34
0
50
9
64
9
74
19
94
9
44
0
11
9
94
9
94
19
34
9
44
9
94
19
94
9
99
19
34
9
74
9
44
1
50
4
79
9
64
9
28
9
64
19
94
9
64
19
34
9
44
9
74
9
44
19
64
9
44
9
34
19
64
9
34
9
94
9
34
