13
55
9
44
9
43
9
94
9
74
9
99
9
99
9
74
10
52
9
94
9
13
9
32
9
99
9
92
13
85
12
84
9
33
9
14
9
14
9
34
9
34
9
73
9
14
9
94
9
99
9
34
9
34
9
64
9
34
9
32
9
13
9
99
9
63
9
63
9
81
9
44
9
34
9
13
9
74
9
63
9
33
9
99
9
99
9
34
9
33
14
86
9
99
9
64
9
44
9
74
9
44
9
99
12
54
9
99
9
64
15
87
9
41
9
44
9
94
10
22
9
12
9
63
11
23
9
99
9
63
9
99
12
24
15
57
9
64
10
52
9
74
13
85
11
83
9
99
9
12
11
83
9
93
9
11
13
85
12
84
9
14
12
54
11
23
9
74
9
14
9
74
9
64
9
74
9
61
9
64
9
73
14
56
9
34
9
94
11
83
9
13
9
44
9
64
10
82
9
74
11
53
9
34
9
64
9
64
9
44
9
63
9
34
9
62
11
83
13
55
13
55
9
94
9
73
14
26
9
1
9
99
13
85
9
34
9
99
9
51
11
53
14
56
9
44
9
74
9
99
0
40
9
99
14
26
9
28
9
51
9
72
9
63
9
92
9
32
9
12
9
61
10
52
9
43
9
11
13
55
9
94
9
64
9
72
14
26
9
94
13
55
9
71
9
33
10
22
9
74
9
99
14
86
8
75
9
13
9
14
9
21
9
11
9
63
9
99
9
43
9
74
9
14
13
25
9
99
9
44
9
61
9
99
0
10
9
62
9
42
9
31
9
64
9
11
14
26
11
83
9
33
9
43
9
64
9
13
9
44
10
52
11
83
9
99
11
83
9
51
9
62
9
99
11
83
9
34
9
74
9
33
9
92
9
34
9
34
13
85
9
44
9
2
9
11
9
64
9
94
11
23
9
14
9
44
9
34
9
12
9
34
9
74
9
74
9
14
9
77
9
94
9
14
14
56
9
33
9
93
9
64
12
24
9
93
0
30
14
56
14
56
11
53
9
64
9
32
9
58
12
84
9
81
14
26
9
64
9
99
12
84
11
83
9
44
9
13
9
14
9
44
12
84
9
14
9
44
9
99
12
24
13
85
9
99
9
64
9
94
13
85
9
74
9
34
9
94
9
61
12
54
9
64
13
25
15
87
9
93
9
34
14
26
9
34
9
63
9
34
9
74
9
12
11
83
10
52
13
85
9
93
9
13
14
26
9
34
9
21
13
25
9
92
9
94
9
14
0
10
11
53
9
94
9
73
9
32
9
63
9
34
9
94
9
19
9
42
9
34
9
93
9
44
9
64
9
74
9
32
9
64
9
74
9
99
9
73
9
13
9
99
9
8
9
64
15
87
3
89
9
74
9
99
9
13
9
64
9
71
9
74
11
53
9
71
9
31
9
99
9
64
13
55
9
74
11
53
9
94
9
64
9
12
9
14
9
61
14
86
9
99
9
62
9
31
11
23
9
81
10
82
9
51
9
74
9
64
9
14
12
54
9
68
9
91
9
74
9
99
9
73
9
99
14
26
9
99
9
14
9
47
0
90
9
64
9
99
13
25
11
53
9
56
9
33
9
32
9
99
9
74
9
43
9
99
9
13
9
44
9
64
9
34
9
34
9
57
9
93
9
43
9
7
9
74
9
14
9
74
9
81
9
34
14
56
9
99
11
23
9
74
14
56
9
34
14
86
9
74
9
72
9
94
9
72
11
53
9
14
9
34
9
99
9
44
9
13
11
53
12
84
9
99
9
14
0
10
10
82
9
99
9
14
9
74
9
13
12
54
14
56
9
64
9
34
9
99
15
27
11
23
9
62
9
73
11
53
13
85
9
94
9
94
9
34
12
84
12
54
9
34
14
26
9
62
9
99
9
72
9
44
2
90
15
27
9
64
9
73
9
14
9
73
9
44
9
74
15
87
9
34
9
31
9
64
9
81
12
84
9
14
9
14
14
26
1
19
9
13
9
67
0
10
9
48
9
99
11
53
9
43
13
55
9
93
9
99
9
44
9
32
9
99
9
21
9
34
9
32
9
73
9
99
9
13
11
83
13
25
9
44
10
22
9
63
9
74
14
56
9
94
9
43
9
14
0
80
9
72
9
93
9
92
9
1
9
73
9
31
9
21
12
84
14
26
9
64
9
64
9
32
9
43
9
93
9
62
0
80
9
14
9
63
11
83
14
86
9
99
9
99
0
90
9
13
9
81
12
24
9
32
9
13
11
23
9
93
9
33
9
94
0
0
9
34
9
14
9
14
9
34
9
74
9
78
13
55
9
99
9
14
9
14
11
83
9
44
12
24
15
57
9
91
9
64
9
73
9
61
9
93
9
74
9
73
12
24
9
14
9
74
9
99
9
64
9
63
9
93
9
74
10
52
9
74
9
73
9
94
12
54
12
54
9
63
9
64
11
53
9
94
9
73
9
99
13
85
14
26
12
54
9
92
9
14
9
14
9
51
9
61
9
94
11
83
9
99
0
60
9
72
9
12
9
64
15
57
9
44
9
34
9
12
9
34
9
91
9
13
12
54
9
74
9
93
9
51
9
33
12
54
14
86
9
63
9
99
9
51
10
52
3
49
9
34
9
7
12
84
10
52
9
14
9
44
9
62
11
83
10
82
15
27
12
54
9
93
9
13
9
99
9
64
9
34
9
99
9
99
9
99
9
34
9
64
9
21
9
63
9
74
15
27
9
14
15
27
9
73
9
94
9
99
9
44
9
93
9
88
9
94
9
94
9
63
9
44
13
85
9
34
9
62
9
13
15
57
13
25
9
73
9
51
9
91
9
12
9
99
9
74
9
94
13
85
9
99
11
53
9
64
0
80
9
61
8
35
9
11
9
33
13
85
9
13
12
24
15
27
9
99
9
44
14
86
9
43
9
74
9
94
0
70
9
14
9
14
9
99
9
74
9
14
9
31
9
13
9
99
9
42
9
61
9
14
14
26
10
22
9
94
9
13
9
73
9
58
9
72
9
33
9
93
9
99
9
73
11
83
10
22
13
85
9
94
11
53
9
43
9
99
9
44
9
14
9
12
9
99
11
23
9
36
12
24
13
25
9
93
9
91
12
54
11
83
9
63
9
13
9
74
9
27
12
54
9
63
13
85
9
74
9
93
9
44
9
93
13
55
9
33
11
53
9
44
9
94
9
33
9
64
9
99
9
44
9
63
9
44
9
93
14
56
9
99
9
99
9
37
9
33
12
24
9
43
11
23
9
44
11
83
12
24
11
53
9
93
9
13
9
13
9
11
9
12
12
24
11
23
9
93
9
34
12
84
9
14
13
25
13
55
9
94
11
83
9
12
9
94
9
64
9
99
9
33
9
44
12
24
9
71
9
61
15
27
9
74
9
21
9
34
9
14
9
11
9
44
9
13
9
64
11
23
9
99
9
62
9
18
11
53
14
26
9
94
9
99
9
41
15
27
9
74
13
25
9
99
9
44
9
31
9
44
11
83
12
84
9
34
9
44
9
62
12
54
10
22
8
15
11
83
15
57
9
14
9
73
9
14
9
99
9
44
9
34
9
99
9
18
9
13
9
31
9
33
9
43
9
99
9
32
9
12
9
12
9
14
11
53
12
54
10
22
9
14
9
73
9
63
9
34
15
82
15
87
9
94
15
57
1
99
14
86
9
86
9
94
9
99
14
56
9
72
11
83
9
99
13
25
9
43
9
64
9
64
9
74
9
64
9
74
9
63
9
93
2
59
9
44
10
82
9
91
9
33
10
82
9
64
11
83
11
53
9
99
9
99
9
94
9
16
13
25
9
34
9
34
1
19
9
13
11
83
9
43
9
51
9
34
11
83
9
56
9
33
9
41
9
81
12
84
9
91
9
74
9
99
9
94
9
14
9
64
13
85
9
14
9
42
9
14
12
54
9
64
9
99
9
63
9
92
9
43
9
74
9
41
9
74
9
74
9
73
9
74
9
73
14
51
9
14
9
94
13
85
12
24
9
99
9
74
9
99
9
14
14
56
9
99
10
82
9
99
9
74
13
25
9
44
9
94
3
89
11
53
9
74
9
74
9
73
9
99
9
11
9
74
9
34
9
34
9
33
9
44
9
99
9
99
9
74
9
34
0
80
9
99
9
94
9
32
12
84
9
74
9
44
9
34
10
82
9
14
11
83
9
99
9
14
15
87
9
12
9
26
11
83
11
53
9
63
0
40
13
25
9
94
9
71
9
14
13
81
9
64
9
64
11
23
9
34
9
14
9
12
9
71
9
14
15
57
11
83
9
64
9
93
9
99
9
74
9
94
9
34
12
84
9
44
9
99
9
71
9
94
12
24
9
11
9
44
12
54
9
34
9
44
9
44
9
99
13
51
9
61
9
99
9
64
9
34
0
50
9
62
9
73
10
82
9
42
0
11
9
94
9
94
11
23
9
44
9
93
12
84
9
99
15
27
9
72
9
44
1
50
4
79
9
64
9
28
9
61
11
83
9
64
12
24
9
44
9
73
9
44
14
56
9
43
9
34
12
54
9
33
9
94
9
33
