6
47
5
39
4
35
5
89
4
69
3
99
4
99
6
66
7
44
5
89
6
5
3
24
5
99
4
84
5
79
4
79
3
29
7
6
5
7
7
29
6
29
7
65
6
9
7
89
3
97
4
29
5
26
5
59
5
26
6
24
3
9
4
99
4
55
7
55
3
73
5
36
6
26
3
8
6
67
7
55
3
26
6
93
4
99
5
26
3
29
6
79
4
95
5
57
4
39
6
69
7
37
5
97
7
46
5
99
4
57
7
79
6
33
6
39
7
89
7
14
6
4
3
59
3
19
4
97
3
55
5
99
5
16
7
49
6
59
4
44
5
69
5
78
3
77
7
97
4
4
6
75
3
89
4
3
5
79
7
76
7
9
4
46
3
19
7
69
5
9
4
69
7
59
5
66
6
53
7
59
5
65
6
49
6
29
7
86
4
75
6
5
5
36
7
59
7
74
4
69
3
49
7
29
5
59
7
57
6
38
3
59
7
29
4
54
3
76
5
48
5
48
5
86
6
65
6
18
4
1
3
96
5
77
6
27
3
99
3
43
3
49
6
49
7
37
5
69
5
99
0
40
4
98
6
18
2
28
4
43
5
64
3
58
6
84
4
24
5
4
6
53
3
44
4
35
5
11
7
47
6
88
6
56
5
64
6
18
4
86
6
47
4
63
3
29
3
14
7
66
6
99
6
79
3
75
3
9
7
9
6
13
5
11
3
56
3
97
3
39
4
67
4
9
5
17
3
94
4
39
3
53
5
96
0
10
4
54
5
34
4
23
6
57
3
3
6
18
6
75
4
25
3
39
4
59
6
5
7
39
3
44
3
75
7
99
3
79
6
43
3
54
7
99
7
75
6
26
4
69
3
29
7
84
6
29
4
27
5
78
6
38
4
2
5
3
7
59
6
89
5
15
7
8
5
38
7
27
7
4
7
26
4
69
4
69
4
9
3
77
4
88
7
9
6
49
3
34
3
89
4
59
4
19
7
85
0
30
6
49
7
48
3
49
7
58
6
24
4
58
4
78
6
73
6
18
6
57
3
93
4
79
5
75
4
39
3
7
7
7
5
39
4
78
4
6
6
39
4
96
4
17
5
79
4
98
7
58
7
89
5
79
7
69
7
27
6
88
3
53
7
46
5
58
5
17
7
79
3
89
5
29
6
19
5
29
4
55
4
27
6
68
4
4
3
78
3
44
5
79
3
89
3
9
6
18
5
27
6
13
7
17
5
84
6
89
5
9
0
10
6
45
7
87
3
74
6
24
7
55
7
27
5
89
3
19
4
42
6
29
7
93
7
39
7
59
7
69
4
24
5
59
7
69
3
99
7
65
7
5
5
97
6
8
6
58
7
79
3
89
4
69
5
99
3
9
4
59
3
63
7
69
6
45
6
63
5
23
5
95
7
58
5
49
7
69
3
49
6
89
5
59
4
4
5
9
7
61
6
79
6
99
7
54
3
23
3
17
3
73
5
74
6
43
7
69
6
59
4
9
4
49
7
68
4
83
5
66
6
99
4
65
3
95
6
19
6
93
5
7
4
47
0
90
7
59
3
99
5
19
7
45
6
56
3
29
6
24
5
93
7
68
3
39
6
99
6
5
5
39
6
59
5
29
7
26
3
57
3
89
3
39
4
7
5
68
7
6
5
69
3
73
4
29
6
49
5
94
3
19
4
69
6
49
5
27
7
78
5
67
6
64
7
89
7
64
3
49
5
7
7
27
5
94
5
39
7
5
3
49
4
79
7
99
6
9
0
10
7
74
7
99
6
6
6
69
6
5
4
49
6
49
6
59
5
29
6
97
7
19
3
16
5
54
3
69
6
45
5
79
7
89
4
89
5
29
6
76
4
49
6
29
6
19
7
54
6
94
7
64
7
39
2
90
7
19
7
58
4
65
5
9
3
69
7
39
7
66
7
79
7
27
3
23
4
57
5
73
4
79
5
9
4
9
7
18
1
13
7
5
6
67
0
10
3
48
6
99
7
45
3
39
5
49
3
93
6
99
4
39
5
24
5
99
4
13
6
29
4
24
5
65
7
95
7
5
3
79
5
17
4
39
4
14
3
55
7
67
6
49
5
89
4
35
5
9
0
80
7
64
3
89
6
84
5
1
3
66
4
23
6
13
4
79
6
19
4
56
4
59
6
24
3
37
5
94
7
54
0
80
4
9
3
58
3
76
6
78
5
96
3
95
0
90
6
5
4
73
4
19
4
24
3
7
3
19
3
86
3
29
7
89
0
0
5
29
7
9
7
9
7
29
6
69
3
78
7
47
7
99
6
8
5
7
3
75
7
39
5
16
7
49
4
83
4
58
3
73
5
53
7
94
7
69
3
65
7
16
4
8
5
69
4
99
4
57
7
55
6
85
4
66
5
44
6
67
6
65
7
89
4
49
5
46
3
57
7
56
4
45
6
89
3
69
5
96
5
79
6
19
7
46
4
84
4
7
6
9
6
43
3
53
5
86
3
77
6
95
0
60
6
64
5
4
5
56
7
49
5
39
4
27
4
4
4
29
6
83
3
5
4
49
4
69
3
89
3
43
4
25
7
46
6
79
3
56
5
99
5
43
3
44
3
49
4
27
3
7
4
79
5
44
4
9
7
39
4
54
7
75
3
74
7
19
4
49
3
89
4
5
4
96
5
56
4
26
3
96
4
99
3
94
4
29
4
56
6
13
3
56
3
74
7
19
4
9
7
19
3
69
5
89
5
96
5
36
3
88
5
88
4
89
5
89
4
55
4
38
5
79
6
27
6
54
3
9
7
49
6
17
7
65
5
43
4
83
3
4
6
98
7
69
4
89
5
79
6
97
3
46
4
59
0
80
6
53
4
35
5
3
3
29
5
79
3
8
4
18
7
19
7
95
4
36
6
79
3
39
4
68
5
87
0
70
7
8
6
9
5
97
7
69
4
9
3
23
3
7
6
98
6
34
4
53
4
7
6
19
3
14
5
87
4
5
3
69
2
58
3
64
4
25
3
89
4
99
3
68
3
77
7
14
5
79
6
88
3
49
3
36
6
97
4
39
5
7
3
4
3
98
6
15
5
36
5
16
5
19
3
88
5
83
4
46
3
75
3
55
3
9
7
67
7
27
4
48
3
59
5
79
4
68
3
88
6
39
3
89
5
49
5
25
5
45
7
39
7
89
5
33
6
56
5
99
5
39
3
55
7
39
5
85
6
49
7
94
7
99
6
37
4
25
4
19
3
38
4
15
5
37
6
75
5
16
3
48
3
89
7
5
3
7
4
3
6
4
6
16
3
17
3
88
7
29
4
79
6
9
5
17
5
49
7
86
5
75
4
4
5
89
7
57
5
99
3
26
5
38
4
19
5
71
5
53
7
19
5
67
3
13
7
29
7
7
5
11
6
39
4
5
4
59
3
17
6
99
6
54
7
18
3
48
6
19
4
89
5
97
3
33
7
19
5
69
5
19
3
99
6
38
5
31
6
39
3
78
4
79
4
28
6
39
5
54
5
46
3
14
6
15
7
75
7
49
6
9
3
66
7
9
5
99
6
37
7
27
7
99
7
18
3
5
5
23
7
25
3
38
3
95
5
24
4
4
6
4
5
7
3
49
4
49
3
14
6
9
3
69
3
59
6
29
7
83
7
79
7
89
7
49
1
99
7
78
3
86
7
89
4
98
6
48
5
64
3
78
4
97
5
19
3
39
6
59
6
57
7
69
7
59
5
69
3
59
5
85
2
55
4
37
5
74
7
91
3
29
3
74
6
59
3
78
3
47
7
98
5
99
5
89
7
16
5
17
4
29
5
29
1
15
3
9
3
78
5
35
6
43
6
29
3
79
4
61
3
29
4
33
6
73
4
77
3
91
7
69
6
96
7
86
7
9
6
59
5
78
4
9
3
34
4
9
7
46
4
57
4
93
3
58
4
84
3
39
7
66
4
33
6
69
4
69
3
69
6
69
3
65
6
51
4
6
7
89
5
78
4
18
5
99
4
66
4
99
6
9
6
49
7
94
4
74
5
99
4
67
5
19
6
39
7
88
3
86
3
49
4
69
7
69
4
65
3
94
6
3
4
67
5
29
6
29
6
25
5
36
3
97
4
99
4
69
6
27
0
80
7
99
7
89
3
24
6
76
7
67
6
38
7
29
7
74
7
6
3
75
4
99
4
8
7
79
5
4
5
26
3
75
6
45
6
64
0
40
5
19
5
89
3
63
5
7
5
81
6
58
4
59
3
16
7
29
7
9
6
4
6
63
6
9
7
49
3
78
7
57
5
85
3
95
5
67
5
89
5
29
4
79
5
39
4
94
5
63
4
88
4
19
4
3
7
39
4
49
6
29
4
39
5
38
5
99
5
51
6
53
6
99
6
59
4
28
0
50
4
54
6
65
3
74
6
34
0
11
5
86
5
89
5
15
5
36
3
89
4
78
6
99
7
19
4
64
4
36
1
50
4
74
7
56
3
28
3
53
3
76
5
59
4
17
6
38
3
66
7
38
6
49
3
36
7
29
4
47
3
27
5
89
3
26
