9
50
8
40
7
38
8
90
7
69
6
99
7
99
9
69
9
47
8
90
9
8
6
27
8
99
7
87
8
80
7
79
6
29
9
9
8
10
9
32
9
31
9
68
9
11
9
92
6
99
7
29
8
29
8
60
8
29
9
27
6
9
7
99
7
58
9
58
6
76
8
39
9
29
6
9
9
70
9
58
6
29
8
96
7
99
8
29
6
29
9
81
7
98
8
60
7
39
9
71
9
40
8
99
9
49
8
99
7
59
10
82
8
36
9
41
9
92
9
17
9
7
6
59
6
19
7
99
6
58
8
99
8
19
10
52
9
61
7
47
8
70
8
80
6
79
9
99
7
7
9
78
6
89
7
6
8
80
9
79
9
12
7
49
6
19
9
72
8
10
7
69
9
62
8
69
8
56
9
62
8
68
9
51
9
31
9
89
7
78
9
8
8
39
9
62
9
77
7
69
6
49
9
32
8
60
9
60
9
41
6
59
9
32
7
57
6
79
8
50
8
50
8
89
9
68
9
21
7
1
6
99
8
80
9
30
6
99
6
46
6
49
9
51
9
40
8
70
8
99
0
40
7
99
9
21
5
28
7
46
8
67
6
59
9
87
7
27
8
7
8
56
6
47
7
38
8
11
9
50
9
91
9
59
8
67
9
21
7
89
9
50
7
66
6
29
6
17
9
69
9
99
9
81
6
75
6
9
9
12
8
16
8
11
6
59
6
99
6
39
7
69
7
9
8
20
6
97
7
39
6
56
8
99
0
10
7
57
8
37
7
26
9
60
6
6
9
21
9
78
7
28
6
39
7
59
9
8
9
42
6
47
6
78
9
99
6
79
8
46
6
57
9
99
9
78
9
29
7
69
6
29
9
87
9
31
7
29
8
80
9
41
7
2
8
6
9
62
9
91
8
18
9
11
8
40
9
30
9
7
9
29
7
69
7
69
7
9
6
77
7
89
9
12
9
51
6
34
6
89
7
59
7
19
9
88
0
30
9
51
9
51
6
49
9
61
9
27
7
58
7
79
8
76
9
21
9
60
6
96
7
79
8
78
7
39
6
9
9
10
8
40
7
79
7
9
9
41
7
99
7
19
8
80
7
99
9
61
9
92
8
80
9
72
9
30
9
91
6
56
9
49
8
60
8
20
10
82
6
89
8
30
9
21
8
30
7
58
7
29
9
71
7
7
6
79
6
47
8
80
6
89
6
9
9
21
8
30
8
16
9
20
8
87
9
91
8
10
0
10
9
48
9
90
6
74
9
27
9
58
9
30
8
90
6
19
7
42
9
31
9
93
9
42
9
62
9
72
7
27
8
60
9
72
6
99
9
68
9
8
8
99
9
8
9
61
10
82
3
89
7
69
8
99
6
9
7
59
6
66
9
72
9
48
8
66
8
26
8
98
9
61
8
50
9
72
6
49
9
91
8
60
7
7
8
10
9
61
9
81
9
99
9
57
6
26
6
19
6
76
8
77
8
46
9
72
9
61
7
9
7
49
9
68
7
86
8
69
9
99
7
68
6
98
9
21
8
96
8
10
7
47
0
90
9
62
6
99
8
20
9
48
9
56
6
29
9
27
8
96
9
71
6
39
9
99
9
8
8
40
9
61
8
30
9
29
6
57
6
89
6
39
7
7
8
70
9
9
8
70
6
76
7
29
9
51
8
97
6
19
7
69
9
51
8
30
9
81
8
70
9
67
9
92
9
67
6
49
8
10
9
30
8
97
8
40
9
8
6
49
7
79
9
99
9
11
0
10
9
77
9
99
9
9
9
71
9
8
7
49
9
51
9
61
8
30
9
99
10
22
6
19
8
57
6
69
9
48
8
80
9
92
7
89
8
30
9
79
7
49
9
31
9
21
9
57
9
97
9
67
9
42
2
90
10
22
9
61
7
68
8
10
6
69
9
42
9
69
10
82
9
30
6
26
7
59
8
76
7
79
8
10
7
9
9
21
1
16
9
8
9
67
0
10
6
48
9
99
9
48
6
39
8
50
6
93
9
99
7
39
8
27
8
99
7
16
9
31
7
27
8
68
9
98
9
8
6
79
8
20
7
39
7
17
6
58
9
70
9
51
8
90
7
38
8
10
0
80
9
67
6
89
9
87
8
1
6
69
7
26
8
16
7
79
9
21
7
59
7
59
9
27
6
39
8
94
9
57
0
80
7
9
6
59
6
79
9
81
8
99
6
98
0
90
9
8
7
76
7
19
7
27
6
9
6
19
6
89
6
29
9
92
0
0
8
30
9
12
9
12
9
32
9
71
6
78
9
50
9
99
9
11
8
10
6
78
9
42
8
19
10
52
7
86
7
59
6
73
8
56
9
93
9
72
6
68
9
19
7
9
8
70
7
99
7
59
9
58
9
88
7
69
8
47
9
70
9
68
9
92
7
49
8
49
6
59
9
59
7
48
9
91
6
69
8
99
8
80
9
21
9
49
7
87
7
9
9
11
8
46
6
56
8
89
6
79
9
98
0
60
9
67
8
7
8
59
10
52
8
40
7
29
7
7
7
29
8
86
6
8
7
49
7
69
6
89
6
46
7
28
9
49
9
81
6
59
8
99
8
46
6
47
3
49
7
29
6
7
7
79
8
47
7
9
9
42
7
57
9
78
6
77
10
22
7
49
6
89
7
8
7
99
8
59
7
29
6
99
7
99
6
97
7
29
7
59
8
16
6
59
6
74
10
22
7
9
10
22
6
69
8
90
8
99
8
39
6
89
8
88
7
89
8
90
7
58
7
39
8
80
9
30
9
57
6
9
10
52
9
20
9
68
8
46
7
86
6
7
9
99
9
72
7
89
8
80
9
99
6
49
7
59
0
80
8
56
7
35
8
6
6
29
8
80
6
9
7
19
10
22
9
98
7
39
9
81
6
39
7
69
8
90
0
70
9
11
9
11
8
99
9
72
7
9
6
26
6
9
9
99
9
37
7
56
7
9
9
21
6
17
8
90
7
8
6
69
5
58
6
67
7
28
6
89
7
99
6
69
6
79
9
17
8
80
9
91
6
49
6
39
9
99
7
39
8
10
6
7
6
99
9
18
8
36
8
19
8
20
6
89
8
86
7
49
6
78
6
58
6
9
9
70
9
27
7
49
6
59
8
80
7
69
6
89
9
41
6
89
8
50
8
28
8
48
9
42
9
92
8
33
9
59
8
99
8
40
6
58
9
42
8
88
9
51
9
97
9
99
9
37
7
28
7
19
6
39
7
18
8
40
9
78
8
19
6
49
6
89
9
8
6
9
7
6
9
7
9
19
6
19
6
89
9
32
7
79
9
11
8
20
8
50
9
89
8
78
7
7
8
90
9
60
8
99
6
29
8
40
7
19
8
71
8
56
10
22
8
70
6
16
9
32
9
10
8
11
9
41
7
8
7
59
6
19
9
99
9
57
9
18
6
49
9
21
7
89
8
99
6
36
10
22
8
70
8
20
6
99
9
41
8
31
9
41
6
79
7
79
7
29
9
41
8
57
8
49
6
17
8
15
9
78
10
52
9
11
6
69
9
12
8
99
9
40
9
30
9
99
9
18
6
8
8
26
9
28
6
39
6
98
8
27
7
7
9
7
8
10
6
49
7
49
6
17
9
11
6
69
6
59
9
31
10
82
10
82
9
92
10
52
1
99
9
81
6
86
9
92
7
99
9
51
8
67
6
79
7
99
8
20
6
39
9
61
9
60
9
72
9
62
8
70
6
59
8
88
2
58
7
39
8
77
9
91
6
29
6
77
9
61
6
79
6
49
9
99
8
99
8
90
9
16
8
20
7
29
8
30
1
18
6
9
6
79
8
38
8
46
9
31
6
79
7
61
6
29
7
36
8
76
7
79
6
91
9
72
9
99
9
89
9
12
9
61
8
80
7
9
6
37
7
9
9
49
7
59
7
96
6
59
7
87
6
39
9
69
7
36
9
71
7
69
6
69
9
71
6
68
9
51
7
9
9
92
8
80
7
19
8
99
7
69
7
99
9
11
9
51
9
97
7
77
8
99
7
69
8
20
9
41
9
91
3
89
6
49
7
69
9
72
7
68
6
97
8
6
7
69
8
30
9
31
9
28
8
39
6
99
7
99
7
69
9
30
0
80
9
99
9
92
6
27
9
79
9
70
9
41
9
32
9
77
9
9
6
78
7
99
7
9
10
82
8
7
8
26
6
78
9
48
9
63
0
40
8
20
8
90
6
66
8
10
8
81
9
61
7
59
6
19
9
32
9
12
9
7
8
66
9
11
10
52
6
79
9
60
8
88
6
98
8
70
8
90
8
30
7
79
8
40
7
97
8
66
7
89
7
19
7
6
9
42
7
49
9
31
7
39
8
40
8
99
8
51
8
56
9
99
9
61
7
29
0
50
7
57
9
68
6
77
9
37
0
11
8
89
8
90
8
18
8
39
6
89
7
79
9
99
10
22
7
67
7
39
1
50
4
77
9
59
6
28
6
56
6
79
8
60
7
19
9
41
6
69
9
41
9
51
6
39
9
32
7
49
6
29
8
90
6
29
