4
88
4
84
3
63
4
97
3
5
3
13
1
90
0
64
4
74
3
63
0
26
2
85
1
68
3
25
4
95
0
71
3
55
2
70
2
9
1
0
1
86
0
0
2
84
3
52
4
17
3
97
2
62
4
74
2
58
1
55
2
89
0
41
4
73
1
38
1
37
3
37
0
88
2
18
1
54
0
75
3
69
4
35
2
69
4
53
0
34
4
92
0
77
2
40
4
90
1
69
0
27
2
46
1
95
0
97
2
53
3
0
0
69
4
86
1
51
0
73
2
37
4
47
4
70
0
16
4
10
4
50
2
45
1
93
1
0
2
19
1
13
0
65
3
95
4
78
4
99
4
4
3
14
2
65
3
74
1
57
0
46
0
49
1
24
0
82
4
57
0
11
3
42
3
11
1
60
1
39
4
13
4
45
0
46
4
84
3
93
0
34
3
68
4
4
2
3
1
87
1
45
3
36
1
52
3
65
3
97
0
30
4
52
4
86
3
45
2
39
0
60
0
46
4
9
1
60
1
50
0
52
4
28
0
79
4
29
0
47
0
80
3
12
0
41
2
89
2
3
3
65
2
94
0
68
2
11
1
15
1
59
4
97
3
61
2
61
3
28
4
51
0
44
1
42
2
24
3
70
4
36
1
57
4
95
2
67
2
13
1
43
3
49
1
16
1
38
2
41
3
40
4
79
2
32
2
74
3
86
2
59
3
83
1
85
1
42
4
20
0
85
2
89
1
1
1
29
3
9
2
97
4
55
2
83
4
78
3
98
4
67
1
79
3
34
1
13
2
37
2
19
1
99
4
93
3
90
2
85
2
83
4
47
0
64
0
10
1
31
0
39
2
29
4
53
1
39
4
57
2
90
2
2
1
92
2
96
1
65
4
5
1
63
2
90
3
16
2
77
4
53
0
18
2
89
4
28
1
32
0
14
2
68
3
54
0
61
3
8
2
36
1
1
0
2
2
89
2
57
0
82
0
97
2
56
4
53
2
80
4
52
2
25
2
29
3
62
1
51
3
46
0
16
1
90
3
46
2
6
4
34
3
23
3
16
0
71
4
49
3
62
1
70
2
57
4
83
1
84
2
32
3
8
1
56
1
25
0
43
1
80
4
67
4
25
4
29
2
57
4
1
1
91
3
11
3
29
1
67
0
63
4
27
0
60
0
92
4
78
2
19
3
31
0
57
0
28
1
17
3
44
2
17
0
14
4
32
3
28
2
15
3
10
0
69
2
73
2
67
2
16
1
48
0
87
3
67
2
53
3
0
2
81
2
57
1
87
0
89
1
29
0
60
2
68
4
76
2
34
1
40
1
33
3
50
4
79
3
58
0
89
1
16
2
80
0
30
4
95
1
33
3
20
0
59
0
29
2
89
0
86
3
26
2
91
2
33
3
24
4
84
2
30
3
18
1
54
2
47
4
44
3
92
1
62
4
15
3
25
1
46
1
25
2
82
0
2
4
7
0
37
1
98
0
12
3
48
2
90
1
58
1
46
2
43
2
25
0
12
2
37
2
99
2
95
1
13
3
47
4
74
4
31
1
1
0
38
3
9
4
71
2
36
2
43
4
94
3
19
0
3
2
4
0
31
1
17
3
16
0
92
4
36
3
63
0
2
4
0
2
53
3
91
0
16
2
43
2
38
4
31
0
24
2
31
0
27
0
84
1
31
2
82
4
34
1
69
2
47
1
64
0
3
2
65
2
8
0
63
2
4
3
86
4
88
2
36
2
39
0
92
4
14
1
73
1
30
3
25
1
27
2
30
0
83
2
1
3
29
4
11
4
74
3
57
0
4
4
80
0
19
1
23
1
30
3
1
0
49
1
14
3
7
0
80
2
34
2
99
2
0
1
86
3
1
2
29
3
83
2
97
1
24
1
28
2
97
1
53
0
84
2
47
0
66
2
90
0
36
2
17
0
77
0
90
3
89
4
21
1
45
3
34
4
34
3
15
0
17
4
12
1
94
0
71
3
24
0
51
4
79
0
12
2
7
3
75
1
41
0
44
1
88
3
45
0
48
1
11
2
63
4
97
2
77
3
27
1
86
2
35
3
70
3
7
4
42
1
24
4
28
2
98
1
71
4
56
3
22
4
58
3
82
1
52
3
71
2
33
0
53
1
29
3
64
3
53
1
82
1
43
2
40
2
33
1
21
3
52
1
21
1
92
2
98
2
2
0
14
1
20
1
66
4
5
4
54
1
27
3
71
3
19
4
99
0
52
4
64
2
41
1
39
4
0
0
75
4
61
1
95
2
93
0
25
3
86
3
48
4
88
1
16
3
59
4
34
4
86
0
13
3
32
1
61
1
24
0
27
3
72
4
48
1
31
3
9
1
93
2
0
3
7
4
15
3
10
0
24
4
93
3
76
2
3
4
48
4
96
2
80
0
22
0
90
4
92
1
77
4
49
2
51
4
39
0
41
1
28
1
35
2
75
2
45
4
48
1
30
0
48
0
50
4
37
2
8
4
41
1
89
4
10
2
4
1
93
1
84
3
0
0
10
1
30
1
70
4
67
4
87
1
9
0
63
0
2
1
80
0
93
0
34
3
6
2
84
1
85
0
8
3
65
1
54
1
98
0
67
2
34
2
6
3
36
0
58
3
34
3
74
0
14
3
14
3
72
1
98
4
76
1
51
1
36
3
12
1
60
0
30
1
84
0
31
0
84
3
85
2
62
1
95
2
13
4
84
2
44
1
32
1
16
0
66
2
10
4
6
0
36
0
12
3
37
4
16
1
0
1
63
2
5
2
3
0
42
2
54
3
19
0
48
2
5
2
51
2
77
1
2
4
35
0
93
0
41
3
30
0
83
1
94
1
50
3
29
1
3
2
37
2
47
2
14
2
36
0
93
2
77
2
16
1
36
1
82
1
28
2
68
4
45
1
21
3
48
0
87
1
31
0
55
1
17
1
5
3
7
3
62
2
83
4
15
2
52
1
70
4
44
1
34
4
13
4
38
2
23
0
90
2
95
2
15
0
47
2
32
1
50
0
51
3
0
1
60
1
20
1
70
1
96
2
97
3
95
3
20
1
25
4
47
1
80
4
88
0
2
2
53
2
12
4
76
3
65
1
72
4
49
3
11
3
69
4
14
2
0
4
41
0
18
0
25
3
96
3
76
1
75
0
27
0
62
0
90
2
74
2
38
4
95
0
4
4
0
3
55
1
65
3
46
3
17
3
38
0
48
4
53
0
13
2
60
0
83
3
15
2
52
4
56
4
52
1
6
4
58
4
11
0
22
1
48
1
12
4
76
0
47
4
30
0
48
1
48
3
71
0
7
2
38
0
70
0
43
3
70
2
87
0
43
4
71
4
1
4
34
0
2
3
42
3
42
0
97
0
79
1
20
4
21
0
47
2
83
0
0
3
85
4
95
4
40
1
49
2
90
2
30
2
61
4
94
2
96
4
4
4
69
3
79
3
39
0
97
0
72
3
24
2
12
3
42
2
97
1
30
0
2
4
94
0
96
2
16
3
92
0
94
0
61
0
65
2
59
1
69
1
5
2
39
3
5
3
16
3
61
2
22
2
1
0
20
4
68
3
46
1
11
3
41
3
80
3
58
4
71
2
66
3
64
0
48
2
77
2
78
1
46
1
88
4
95
1
99
1
94
4
54
4
67
1
48
0
32
3
92
0
95
1
19
3
24
2
38
4
78
2
13
2
82
1
83
1
97
3
41
1
81
4
34
0
28
2
38
4
57
4
70
1
38
4
46
2
24
2
21
2
30
1
74
2
52
4
2
2
37
4
98
0
23
1
51
4
2
0
17
1
15
3
41
3
53
4
58
1
42
3
17
0
72
3
74
2
57
4
62
1
68
3
93
2
22
1
87
4
15
1
10
4
27
1
97
0
1
2
76
0
70
0
64
1
24
3
96
3
53
2
56
4
14
1
23
4
40
4
58
3
80
2
83
0
47
3
32
3
56
4
86
4
41
2
47
2
18
3
49
2
84
3
67
1
1
3
56
3
28
1
29
1
70
4
8
1
62
3
22
0
95
4
33
2
34
3
67
1
54
0
45
4
0
0
50
0
43
0
21
2
20
4
1
1
0
2
9
4
74
0
27
3
34
4
53
1
79
1
1
4
45
3
59
3
45
1
62
2
21
3
78
4
65
1
99
3
61
4
52
2
0
0
5
4
53
4
78
2
47
4
12
4
90
1
25
4
65
0
91
2
55
2
29
0
15
4
20
0
0
0
61
1
12
3
39
4
67
0
46
2
23
1
54
0
56
4
71
0
71
2
11
2
5
3
81
3
26
3
85
2
83
3
97
0
49
3
33
0
76
0
89
0
65
1
69
2
44
3
58
3
49
0
39
4
38
1
23
1
7
3
36
0
60
0
97
1
98
4
41
2
27
3
37
1
72
3
3
4
72
4
27
0
36
0
67
1
70
3
10
3
39
2
79
1
85
3
10
1
33
3
35
0
60
2
91
0
92
0
13
1
17
3
85
2
56
1
91
4
98
1
19
4
13
0
77
4
99
2
23
