4
81
4
81
9
56
1
97
3
9
1
11
1
90
0
64
4
79
9
56
9
34
2
85
1
69
1
25
1
91
0
71
3
51
9
56
2
9
1
0
9
94
0
0
0
89
3
51
9
6
1
97
9
56
1
74
9
58
1
55
2
88
0
41
1
73
1
38
9
44
9
37
0
88
2
18
1
51
0
75
1
69
4
35
2
69
1
53
9
34
4
91
0
77
2
40
9
86
9
66
9
27
9
46
1
99
0
97
1
53
3
0
9
56
4
86
19
51
19
94
9
37
4
41
9
74
1
19
1
11
4
59
7
45
9
99
1
0
2
19
9
13
0
65
3
99
4
78
3
98
4
4
9
14
1
61
1
74
1
51
19
64
9
49
1
24
0
82
1
51
1
11
3
42
3
11
1
60
9
39
4
19
1
45
0
46
9
76
3
93
9
34
3
69
1
4
2
3
1
81
1
49
1
31
1
52
9
74
1
99
0
30
1
52
4
86
7
45
1
31
0
60
0
46
9
14
0
57
1
41
0
52
4
28
1
71
1
21
1
47
0
80
1
12
0
41
2
81
2
3
1
69
2
99
0
68
2
11
7
15
1
59
4
99
3
61
1
69
3
21
1
51
0
44
1
42
2
29
3
70
4
39
9
64
1
95
2
69
2
13
1
43
3
48
1
16
9
38
2
41
3
31
3
78
9
44
2
71
3
86
9
59
19
83
0
89
9
42
4
20
0
85
2
81
1
1
0
29
3
1
9
99
4
51
2
83
4
78
9
98
1
67
9
79
3
31
1
19
1
37
1
19
1
99
4
99
19
76
9
94
1
83
9
47
0
64
0
10
1
31
9
39
2
29
4
59
1
31
4
59
19
76
2
9
1
92
2
96
1
65
4
5
1
61
1
99
3
16
9
66
4
53
1
18
9
94
1
21
1
32
9
14
1
69
3
54
1
61
1
9
1
36
1
1
0
2
9
94
9
64
0
82
1
97
2
56
4
59
9
94
1
52
2
25
2
21
1
62
1
51
3
46
0
16
1
90
9
46
1
6
4
39
19
23
3
11
1
71
9
46
9
74
1
71
2
59
9
94
1
84
9
32
3
1
0
59
7
25
19
64
1
81
4
69
4
25
4
29
2
57
4
1
1
91
1
11
3
29
1
61
0
63
0
27
0
58
1
92
1
78
2
19
9
26
0
57
9
28
1
19
19
64
2
17
19
34
4
39
3
28
1
19
2
19
0
69
2
73
2
69
9
6
9
48
0
87
1
67
2
51
3
0
2
81
0
59
9
87
0
89
1
21
0
60
2
68
9
76
1
34
1
41
1
33
0
59
4
79
0
58
0
89
1
16
1
81
0
30
7
95
9
33
3
20
0
58
0
27
2
88
9
86
9
16
9
91
2
39
9
34
4
81
1
39
1
11
9
64
19
62
1
41
1
99
1
62
4
15
3
21
1
46
7
25
9
94
0
2
4
7
0
37
1
99
0
12
9
36
19
76
0
59
1
46
9
43
2
21
9
12
9
44
2
98
2
91
1
13
3
41
4
74
4
39
1
1
1
38
3
9
1
71
2
39
1
43
4
94
3
19
9
14
2
1
9
26
19
34
3
11
1
99
9
44
9
63
1
1
3
9
9
46
9
86
0
16
1
49
9
44
9
26
1
29
1
31
0
27
0
84
1
31
2
82
1
34
1
69
2
49
9
64
1
1
2
65
2
9
0
63
2
9
1
81
0
89
2
36
2
39
1
92
1
19
1
73
1
31
3
21
0
29
9
44
0
83
9
0
9
34
4
11
4
79
9
64
0
4
4
71
0
19
1
23
1
39
3
1
0
49
1
19
1
7
0
80
2
34
1
99
2
0
1
86
3
9
19
16
1
81
2
91
9
24
9
16
9
97
1
51
0
84
19
64
0
66
2
90
0
36
1
17
0
77
0
88
3
88
4
21
1
45
9
26
4
31
1
15
19
34
1
11
9
94
1
79
3
24
9
46
1
78
1
12
1
7
1
75
1
41
19
64
9
88
9
36
9
48
1
11
2
61
4
99
9
77
3
21
9
86
2
31
3
79
3
7
4
41
1
24
4
21
2
98
9
71
1
56
3
22
4
59
3
82
1
51
1
71
2
39
0
53
1
21
3
69
3
51
1
81
1
49
1
31
2
33
1
21
3
52
1
29
1
92
1
98
2
2
1
14
9
6
9
66
4
9
1
54
9
27
3
79
3
18
1
99
0
52
4
61
9
41
1
38
4
1
1
75
1
69
1
91
2
99
1
21
9
86
3
48
4
81
9
6
9
64
4
31
4
86
0
13
3
32
1
61
1
24
0
27
19
94
9
48
1
31
3
9
1
91
2
0
3
9
19
34
2
19
9
34
4
99
9
76
1
9
4
41
4
99
2
80
0
22
9
88
1
99
1
77
4
49
2
51
4
39
9
36
9
16
1
31
1
75
1
41
4
41
1
31
0
48
0
50
4
37
1
9
9
41
1
89
1
19
2
4
9
93
9
84
3
0
0
10
1
30
1
79
4
67
4
81
9
8
1
61
1
2
1
81
0
93
1
34
3
9
2
89
1
85
0
8
3
65
19
52
1
91
9
74
2
31
2
1
3
36
0
57
3
39
3
79
0
14
1
14
3
71
1
99
4
79
1
51
9
44
9
12
1
51
0
30
1
81
0
31
0
84
3
81
1
69
1
95
9
13
4
84
9
43
1
32
1
16
0
66
9
11
4
6
0
36
9
6
1
37
9
6
1
9
1
61
9
0
1
3
19
64
1
51
1
19
9
48
1
1
2
51
2
77
1
2
4
35
0
93
0
41
3
39
1
83
1
94
1
50
3
29
1
3
1
37
9
36
2
14
1
31
9
93
19
94
19
34
1
36
9
76
1
28
1
69
7
45
1
21
3
48
0
87
1
31
0
55
1
17
9
0
9
14
1
62
2
83
1
15
1
52
1
70
4
41
1
31
1
11
4
39
2
21
0
90
7
95
2
15
0
47
1
32
1
41
0
51
2
9
1
69
1
29
1
79
1
96
2
97
3
95
3
20
1
25
9
36
1
71
4
89
1
2
1
53
1
11
4
79
3
69
1
72
4
41
3
11
9
68
4
19
2
9
4
41
0
18
0
25
3
96
9
66
1
79
9
16
0
62
0
87
2
74
9
26
1
95
0
4
1
9
9
64
1
61
3
49
3
19
1
31
1
48
4
51
1
13
2
61
19
83
1
11
2
59
1
51
19
52
1
6
0
59
4
11
0
22
1
48
9
6
4
71
1
41
4
39
9
36
1
48
3
79
9
14
2
38
0
70
0
43
3
79
2
89
9
43
4
71
4
1
9
26
0
2
3
42
3
49
1
91
0
79
1
20
4
21
0
47
2
81
0
0
1
85
4
99
4
40
1
48
2
81
2
21
2
61
9
94
1
99
9
3
4
69
3
79
9
39
1
99
0
72
19
22
9
6
1
49
2
99
1
30
1
2
9
99
0
96
1
16
3
92
0
94
0
61
1
61
0
59
1
69
1
5
2
31
1
9
3
16
1
69
9
16
2
1
0
20
1
68
3
49
1
11
3
41
2
81
19
46
1
71
1
66
3
69
0
48
9
77
9
78
9
36
0
88
4
94
1
91
1
94
4
54
9
67
9
48
0
32
1
99
0
95
1
11
3
24
9
38
9
78
1
11
2
82
1
81
1
91
9
41
1
89
4
34
0
29
2
37
4
51
4
70
1
38
9
36
2
21
1
21
2
30
9
74
2
52
4
1
2
31
4
99
0
23
19
51
9
0
1
11
1
11
1
49
3
59
4
58
9
42
3
18
1
72
3
71
2
51
9
74
1
61
1
93
2
21
1
87
7
15
1
11
0
29
1
91
0
1
2
76
0
70
9
63
9
24
1
99
3
53
2
51
1
11
9
16
1
49
4
59
1
81
9
94
0
47
3
32
3
59
4
86
4
41
9
47
2
19
3
49
9
76
3
67
1
9
0
59
0
29
1
29
1
79
4
8
9
62
1
22
0
95
9
33
1
39
3
69
1
59
1
49
4
0
0
50
9
43
19
21
1
21
4
1
1
1
2
9
9
74
0
27
1
39
1
51
9
79
1
9
1
45
3
51
7
45
1
61
2
29
1
71
4
69
9
99
9
61
4
59
1
1
0
5
4
51
19
94
2
49
4
12
9
94
7
25
9
74
0
91
2
55
0
29
0
15
9
16
0
0
0
61
9
12
3
31
9
56
0
46
2
23
1
59
9
46
1
79
0
71
2
19
2
5
3
89
9
34
3
85
2
89
9
99
0
49
3
31
0
76
0
87
0
65
1
61
2
44
9
58
3
49
1
39
9
38
9
16
1
7
3
31
0
57
0
97
9
98
9
36
2
21
3
31
1
72
9
3
9
66
4
29
0
36
0
67
1
71
3
11
9
44
2
71
7
85
3
1
1
31
1
39
9
46
9
91
0
92
1
11
1
19
9
94
9
56
1
91
1
98
9
6
9
13
0
77
4
98
9
16
