4
83
4
81
8
60
1
97
3
9
1
11
1
90
0
64
4
79
8
60
5
29
2
85
1
69
1
25
1
91
0
71
3
51
6
65
2
9
1
0
6
89
0
0
0
89
3
51
9
12
1
97
7
61
1
74
7
58
1
55
2
88
0
41
1
73
1
38
6
39
8
37
0
88
2
18
1
51
0
75
1
69
4
35
2
69
1
53
5
34
4
91
0
77
2
40
8
86
6
66
5
27
7
46
1
99
0
97
1
53
3
0
5
64
4
86
6
51
5
78
7
37
4
42
8
74
1
19
1
11
4
55
7
45
6
98
1
0
2
19
6
13
0
65
3
99
4
78
3
98
4
4
8
14
1
61
1
74
1
52
5
49
5
49
1
24
0
82
1
52
1
11
3
42
3
11
1
60
6
39
4
18
1
45
0
46
9
79
3
93
5
34
3
69
1
4
2
3
1
82
1
49
1
31
1
52
8
70
1
99
0
30
1
52
4
86
7
45
1
34
0
60
0
46
9
11
0
57
1
45
0
52
4
28
1
74
1
24
1
47
0
80
1
12
0
41
2
84
2
3
3
69
2
99
0
68
2
11
6
15
1
59
4
99
3
61
1
66
3
23
1
51
0
44
1
42
2
29
3
70
4
39
6
59
1
95
2
69
2
13
1
43
3
48
1
16
6
38
2
41
3
35
3
78
7
36
2
71
3
86
7
59
8
83
0
89
6
42
4
20
0
85
2
84
1
1
0
29
3
4
7
99
4
51
2
83
4
78
8
98
1
67
6
79
3
31
1
18
1
37
1
19
1
99
4
98
7
85
7
89
1
83
9
47
0
64
0
10
1
31
5
39
2
29
4
58
1
34
4
59
6
85
2
7
1
92
2
96
1
65
4
5
1
61
1
95
3
16
7
72
4
53
1
18
7
89
1
23
1
32
5
14
1
69
3
54
1
61
1
9
1
36
1
1
0
2
7
89
7
59
0
82
1
97
2
56
4
58
6
85
1
52
2
25
2
24
1
62
1
51
3
46
0
16
1
90
8
46
1
6
4
39
8
23
3
11
1
71
9
46
8
67
1
71
2
59
9
88
1
84
7
32
3
3
0
59
6
25
5
48
1
81
4
69
4
25
4
29
2
57
4
1
1
91
1
11
3
29
1
62
0
63
0
27
0
58
1
92
1
78
2
19
8
30
0
57
5
28
1
19
8
49
2
17
5
19
4
37
3
28
1
19
2
15
0
69
2
73
2
69
7
11
6
48
0
87
1
67
2
51
3
0
2
81
0
59
6
87
0
89
1
24
0
60
2
68
9
76
1
34
1
41
1
33
1
55
4
79
0
58
0
89
1
16
1
81
0
30
7
95
6
33
3
20
0
58
0
27
2
88
5
86
8
21
7
91
2
38
8
29
4
81
1
35
1
13
6
59
6
49
1
41
1
97
1
62
4
15
3
21
1
46
6
25
7
87
0
2
4
7
0
37
1
99
0
12
8
43
6
85
0
59
1
46
7
43
2
21
5
12
7
39
2
98
2
91
1
13
3
42
4
74
4
36
1
1
1
38
3
9
1
71
2
39
1
43
4
94
3
19
5
8
2
1
5
31
6
19
3
11
1
97
9
41
8
63
1
1
3
5
7
51
8
90
0
16
1
48
7
39
9
29
1
29
1
31
0
27
0
84
1
31
2
82
1
34
1
69
2
49
6
64
1
1
2
65
2
9
0
63
2
9
1
81
0
89
2
36
2
39
1
92
1
19
1
73
1
31
3
21
0
29
6
35
0
83
7
1
8
30
4
11
4
79
8
60
0
4
4
75
0
19
1
23
1
35
3
1
0
49
1
19
1
7
0
80
2
34
1
99
2
0
1
86
3
6
7
24
1
81
2
92
6
24
6
23
7
97
1
51
0
84
7
49
0
66
2
90
0
36
1
17
0
77
0
88
3
88
4
21
1
45
8
30
4
31
1
15
5
19
1
11
6
94
1
76
3
24
5
51
1
78
1
12
1
7
1
75
1
41
5
49
6
88
8
40
5
48
1
11
2
61
4
99
7
77
3
22
6
86
2
31
3
75
3
7
4
41
1
24
4
23
2
98
6
71
1
56
3
22
4
59
3
82
1
51
1
71
2
38
0
53
1
24
3
69
3
51
1
81
1
48
1
35
2
33
1
21
3
52
1
26
1
92
1
98
2
2
1
14
5
15
6
66
4
9
1
54
6
27
3
76
3
18
1
99
0
52
4
61
7
41
1
38
4
1
1
75
1
66
1
91
2
98
1
21
8
86
3
48
4
83
6
11
8
60
4
31
4
86
0
13
3
32
1
61
1
24
0
27
8
77
9
48
1
31
3
9
1
91
2
0
3
9
9
20
2
15
5
29
4
98
8
76
1
8
4
43
4
99
2
80
0
22
4
88
1
97
1
77
4
49
2
51
4
39
5
41
6
23
1
31
1
75
1
41
4
43
1
31
0
48
0
50
4
37
1
9
9
41
1
89
1
15
2
4
6
93
6
84
3
0
0
10
1
30
1
75
4
67
4
82
6
8
1
61
1
2
1
81
0
93
1
34
3
9
2
89
1
85
0
8
3
65
6
54
1
93
5
69
2
31
2
1
3
36
0
57
3
39
3
79
0
14
1
14
3
71
1
99
4
79
1
51
6
39
8
12
1
55
0
30
1
81
0
31
0
84
3
81
1
67
1
95
7
13
4
84
7
44
1
32
1
16
0
66
6
11
4
6
0
36
5
11
1
37
9
11
1
5
1
61
7
1
1
3
5
47
1
51
1
19
5
48
1
1
2
51
2
77
1
2
4
35
0
93
0
41
3
35
1
83
1
94
1
50
3
29
1
3
1
37
7
42
2
14
1
31
5
93
7
79
7
19
1
36
6
81
1
28
1
69
7
45
1
21
3
48
0
87
1
31
0
55
1
17
6
1
8
10
1
62
2
83
1
15
1
52
1
70
4
41
1
31
1
11
4
39
2
21
0
90
7
95
2
15
0
47
1
32
1
45
0
51
2
5
1
65
1
25
1
75
1
96
2
97
3
95
3
20
1
25
9
42
1
75
4
89
1
2
1
53
1
11
4
79
3
69
1
72
4
44
3
11
8
68
4
19
2
5
4
41
0
18
0
25
3
96
8
71
1
79
5
22
0
62
0
87
2
74
7
33
1
95
0
4
1
5
8
60
1
61
3
49
3
19
1
33
1
48
4
51
1
13
2
61
5
83
1
11
2
57
1
51
9
52
1
6
0
59
4
11
0
22
1
48
6
11
4
71
1
42
4
35
5
43
1
48
3
76
5
9
2
38
0
70
0
43
3
75
2
89
5
43
4
71
4
1
9
29
0
2
3
42
3
47
1
92
0
79
1
20
4
21
0
47
2
81
0
0
1
85
4
99
4
40
1
48
2
85
2
25
2
61
9
94
1
99
9
3
4
69
3
79
8
39
1
99
0
72
8
23
7
11
1
47
2
99
1
30
1
2
9
99
0
96
1
16
3
92
0
94
0
61
1
61
0
59
1
69
1
5
2
34
1
9
3
16
1
66
7
21
2
1
0
20
1
68
3
49
1
11
3
41
2
81
8
53
1
71
1
66
3
69
0
48
7
77
7
78
6
41
0
88
4
94
1
94
1
94
4
54
9
67
6
48
0
32
1
97
0
95
1
14
3
24
7
38
9
78
1
11
2
82
1
81
1
92
8
41
1
86
4
34
0
29
2
37
4
52
4
70
1
38
9
41
2
21
1
21
2
30
6
74
2
52
4
1
2
32
4
99
0
23
6
51
9
0
1
12
1
11
1
46
3
58
4
58
6
42
3
18
1
72
3
71
2
52
8
67
1
63
1
93
2
21
1
87
7
15
1
11
0
29
1
92
0
1
2
76
0
70
5
64
6
24
1
99
3
53
2
51
1
11
6
21
1
45
4
59
1
81
7
88
0
47
3
32
3
59
4
86
4
41
7
47
2
19
3
49
7
81
3
67
1
6
0
59
0
29
1
29
1
75
4
8
6
62
1
22
0
95
9
33
1
39
3
69
1
59
1
49
4
0
0
50
5
43
5
21
1
21
4
1
1
1
2
9
9
74
0
27
1
39
1
51
6
79
1
6
1
45
3
54
7
45
1
61
2
26
1
73
4
69
6
99
8
61
4
57
1
1
0
5
4
51
9
81
2
49
4
12
8
94
6
25
9
70
0
91
2
55
0
29
0
15
8
16
0
0
0
61
6
12
3
34
9
62
0
46
2
23
1
59
5
51
1
76
0
71
2
16
2
5
3
86
8
30
3
85
2
88
8
99
0
49
3
31
0
76
0
87
0
65
1
64
2
44
8
58
3
49
1
39
9
38
6
21
1
7
3
31
0
57
0
97
6
98
9
39
2
22
3
32
1
72
8
3
9
69
4
29
0
36
0
67
1
71
3
11
8
40
2
74
6
85
3
5
1
31
1
39
4
55
7
91
0
92
1
11
1
19
8
90
7
56
1
91
1
98
6
14
9
13
0
77
4
98
7
21
