4
85
4
81
6
61
1
97
3
8
1
11
1
90
0
64
4
77
6
61
3
29
2
85
1
69
1
25
1
92
0
71
3
52
4
67
2
9
1
0
4
89
0
0
0
87
3
51
7
14
1
97
5
61
1
74
5
58
1
55
2
88
0
41
1
73
1
38
4
39
6
37
0
88
2
18
1
51
0
75
1
69
4
35
2
69
1
53
3
34
4
91
0
77
2
40
6
87
4
68
3
27
5
46
1
98
0
97
1
53
3
0
3
66
4
86
4
51
3
76
5
37
4
44
6
73
1
19
1
11
4
53
5
45
4
96
1
0
2
19
4
13
0
65
3
98
4
78
3
98
4
4
6
14
1
62
1
74
1
54
3
49
3
49
1
24
0
82
1
54
1
11
3
42
3
11
1
60
4
39
4
16
1
45
0
46
7
81
3
93
3
34
3
69
1
4
2
3
1
84
1
48
1
33
1
52
6
68
1
99
0
30
1
52
4
86
6
45
1
36
0
60
0
46
7
9
0
57
1
47
0
52
4
28
1
76
1
26
1
47
0
80
1
12
0
41
2
86
2
3
3
68
2
97
0
68
2
11
4
15
1
59
4
99
3
61
1
64
3
25
1
51
0
44
1
42
2
27
3
70
4
39
4
59
1
95
2
69
2
13
1
43
3
48
1
16
4
38
2
41
3
37
3
78
5
34
2
71
3
86
5
59
6
83
0
88
4
42
4
20
0
85
2
86
1
1
0
29
3
6
5
99
4
52
2
83
4
78
6
98
1
67
4
79
3
31
1
16
1
37
1
19
1
99
4
96
5
87
5
88
1
83
7
47
0
64
0
10
1
31
3
39
2
29
4
56
1
36
4
59
4
87
2
5
1
92
2
96
1
65
4
5
1
61
1
93
3
16
5
74
4
53
1
18
5
89
1
25
1
32
3
14
1
69
3
54
1
61
1
9
1
36
1
1
0
2
5
89
5
59
0
82
1
97
2
56
4
56
4
83
1
52
2
25
2
26
1
62
1
51
3
46
0
16
1
90
6
46
1
6
4
37
6
23
3
13
1
71
7
46
6
65
1
71
2
59
7
86
1
84
5
32
3
5
0
59
4
25
3
46
1
81
4
69
4
25
4
29
2
57
4
1
1
91
1
11
3
29
1
64
0
63
1
27
0
58
1
92
1
78
2
19
6
31
0
57
3
28
1
19
6
47
2
17
3
17
4
35
3
28
1
18
2
13
0
69
2
73
2
69
5
13
4
48
0
87
1
67
2
51
3
0
2
81
0
59
4
87
0
89
1
26
0
60
2
68
7
76
1
34
1
41
1
33
1
53
4
79
0
58
0
89
1
16
1
81
0
30
7
95
4
33
3
20
0
58
0
27
2
88
3
86
6
23
5
91
2
36
6
27
4
81
1
33
1
15
4
57
5
49
1
41
1
95
1
62
4
15
3
22
1
46
4
25
5
85
0
2
4
7
0
37
1
99
0
12
6
45
4
87
0
59
1
46
5
43
2
22
3
12
5
39
2
98
2
92
1
13
3
44
4
74
4
34
1
1
1
38
3
9
1
71
2
39
1
43
4
94
3
19
3
6
2
1
3
31
4
19
3
13
1
95
7
39
6
63
1
1
3
3
5
51
6
91
0
16
1
46
5
39
7
31
1
27
1
31
0
27
0
84
1
31
2
82
1
34
1
69
2
49
4
64
1
1
2
65
2
9
0
63
2
7
1
83
1
89
2
36
2
39
1
92
1
17
1
73
1
31
3
22
0
29
4
33
0
83
5
1
6
29
4
11
4
77
6
59
0
4
4
77
0
19
1
23
1
33
3
1
0
49
1
17
1
7
0
80
2
34
1
99
2
0
1
86
3
4
5
26
1
81
2
94
4
24
4
25
5
97
1
51
0
84
5
49
0
66
2
90
0
36
1
17
0
77
0
88
3
88
4
21
1
45
6
31
4
31
1
15
3
19
1
11
4
94
1
74
3
24
3
51
1
78
1
12
1
7
1
75
1
41
3
47
4
88
6
42
3
48
1
11
2
61
4
99
5
77
3
24
4
86
2
32
3
73
3
7
4
41
1
24
4
25
2
98
4
71
1
56
3
22
4
59
3
82
1
51
1
71
2
36
0
53
1
26
3
67
3
51
1
81
1
46
1
37
2
33
1
21
3
52
1
24
1
92
1
98
2
2
1
14
3
17
4
66
4
8
1
54
4
27
3
74
3
18
1
99
0
52
4
61
5
41
1
38
4
1
1
75
1
64
1
92
2
96
1
22
6
86
3
48
4
85
4
13
6
59
4
31
4
86
0
13
3
32
1
61
1
24
0
27
6
75
7
48
1
31
3
9
1
91
2
0
3
9
7
18
2
13
3
27
4
96
6
76
1
6
4
45
4
99
2
80
0
22
2
88
1
95
1
77
4
49
2
51
4
39
3
41
4
25
1
32
1
75
1
42
4
45
1
31
0
48
0
50
4
37
1
9
7
41
1
89
1
13
2
4
4
93
4
84
3
0
0
10
1
30
1
73
4
67
4
84
4
8
1
61
1
2
1
81
0
93
1
34
3
9
2
87
1
85
0
8
3
65
4
54
1
95
3
69
2
31
2
3
3
36
0
57
3
37
3
77
0
14
1
14
3
71
1
99
4
79
1
51
4
39
6
12
1
57
0
30
1
81
0
31
0
84
3
82
1
65
1
95
5
13
4
84
5
44
1
32
1
16
0
66
4
11
4
6
0
36
3
11
1
37
7
13
1
3
1
61
5
2
1
3
3
45
1
51
1
19
3
48
1
2
2
51
2
77
1
2
4
35
0
93
0
41
3
33
1
83
1
94
1
50
3
29
1
3
1
37
5
44
2
14
1
33
3
93
5
79
5
19
1
36
4
81
1
28
1
69
7
45
1
21
3
48
0
87
1
31
0
55
1
17
4
2
6
9
1
62
2
83
1
15
1
52
1
70
4
41
1
31
1
11
4
39
2
21
0
90
5
95
2
15
0
47
1
32
1
47
0
51
2
3
1
63
1
23
1
73
1
96
2
97
3
95
3
20
1
25
7
44
1
77
4
89
1
2
1
53
1
11
4
79
3
68
1
72
4
46
3
11
6
68
4
17
2
3
4
41
0
18
0
25
3
96
6
73
1
78
3
24
0
62
0
87
2
74
5
35
1
95
0
4
1
3
6
58
1
62
3
49
3
19
1
35
1
48
4
51
1
13
2
61
3
83
1
12
2
55
1
53
7
52
1
6
1
59
4
11
0
22
1
48
4
11
4
73
1
44
4
33
3
45
1
48
3
74
3
9
2
38
0
70
0
43
3
73
2
89
3
43
4
71
4
1
7
31
0
2
3
42
3
45
1
94
0
79
1
20
4
21
0
47
2
81
0
0
1
85
4
98
4
40
1
48
2
87
2
27
2
61
7
94
1
99
7
4
4
69
3
79
6
39
1
99
0
72
6
24
5
11
1
45
2
99
1
30
1
2
7
97
0
96
1
16
3
92
0
94
0
61
1
62
0
59
1
69
1
5
2
36
1
8
3
16
1
64
5
21
2
1
0
20
1
68
3
49
1
11
3
41
2
81
6
55
1
71
1
66
3
67
0
48
5
77
5
78
4
43
0
88
4
94
1
96
1
94
4
54
7
67
4
48
0
32
1
95
0
95
1
16
3
24
5
38
7
78
1
11
2
82
1
81
1
94
6
41
1
84
4
34
0
29
2
37
4
54
4
70
1
38
7
43
2
21
1
21
2
30
4
74
2
52
4
1
2
34
4
99
0
23
4
51
7
1
1
14
1
12
1
44
3
56
4
58
4
42
3
18
1
72
3
71
2
54
7
65
1
65
1
93
2
21
1
87
7
15
1
11
1
29
1
94
0
1
2
76
0
70
3
64
4
24
1
99
3
53
2
53
1
11
4
21
1
43
4
59
1
81
5
86
0
47
3
32
3
59
4
86
4
41
5
47
2
19
3
49
5
81
3
67
1
4
0
59
0
29
1
29
1
73
4
8
4
62
1
22
0
95
7
33
1
37
3
69
1
57
1
48
4
0
0
50
3
43
3
21
1
21
4
1
1
1
2
9
7
74
0
27
1
37
1
51
4
79
1
4
1
45
3
56
6
45
1
61
2
24
1
75
4
68
4
99
6
61
4
55
1
1
0
5
4
51
7
79
2
49
4
12
6
93
4
25
7
68
0
91
2
55
0
29
0
15
6
17
0
0
0
61
4
12
3
36
7
64
0
46
2
23
1
57
3
53
1
74
0
71
2
14
2
5
3
84
6
29
3
85
2
86
6
99
0
49
3
31
0
76
0
87
0
65
1
66
2
44
6
58
3
49
1
39
7
38
4
21
1
7
3
33
0
57
0
97
4
98
7
41
2
24
3
34
1
72
6
3
7
71
4
29
0
36
0
67
1
71
3
11
6
39
2
76
4
85
3
7
1
31
1
38
2
57
5
91
0
92
1
11
1
19
6
88
5
56
1
91
1
98
4
16
7
13
0
77
4
98
5
21
