4
82
4
81
9
59
1
97
3
9
1
11
1
90
0
64
4
79
9
59
6
29
2
85
1
69
1
25
1
91
0
71
3
51
7
64
2
9
1
0
7
89
0
0
0
89
3
51
9
11
1
97
8
60
1
74
8
58
1
55
2
88
0
41
1
73
1
38
7
39
9
37
0
88
2
18
1
51
0
75
1
69
4
35
2
69
1
53
6
34
4
91
0
77
2
40
9
86
7
66
6
27
8
46
1
99
0
97
1
53
3
0
6
63
4
86
7
51
6
79
8
37
4
41
9
74
1
19
1
11
4
56
7
45
7
99
1
0
2
19
7
13
0
65
3
99
4
78
3
98
4
4
9
14
1
61
1
74
1
51
6
49
6
49
1
24
0
82
1
51
1
11
3
42
3
11
1
60
7
39
4
19
1
45
0
46
9
78
3
93
6
34
3
69
1
4
2
3
1
81
1
49
1
31
1
52
9
71
1
99
0
30
1
52
4
86
7
45
1
33
0
60
0
46
9
12
0
57
1
44
0
52
4
28
1
73
1
23
1
47
0
80
1
12
0
41
2
83
2
3
3
69
2
99
0
68
2
11
7
15
1
59
4
99
3
61
1
67
3
22
1
51
0
44
1
42
2
29
3
70
4
39
7
59
1
95
2
69
2
13
1
43
3
48
1
16
7
38
2
41
3
34
3
78
8
37
2
71
3
86
8
59
9
83
0
89
7
42
4
20
0
85
2
83
1
1
0
29
3
3
8
99
4
51
2
83
4
78
9
98
1
67
7
79
3
31
1
19
1
37
1
19
1
99
4
99
7
84
8
90
1
83
9
47
0
64
0
10
1
31
6
39
2
29
4
59
1
33
4
59
7
84
2
8
1
92
2
96
1
65
4
5
1
61
1
96
3
16
8
71
4
53
1
18
8
90
1
22
1
32
6
14
1
69
3
54
1
61
1
9
1
36
1
1
0
2
8
90
8
60
0
82
1
97
2
56
4
59
7
86
1
52
2
25
2
23
1
62
1
51
3
46
0
16
1
90
9
46
1
6
4
39
9
23
3
11
1
71
9
46
9
68
1
71
2
59
9
89
1
84
8
32
3
2
0
59
7
25
6
49
1
81
4
69
4
25
4
29
2
57
4
1
1
91
1
11
3
29
1
61
0
63
0
27
0
58
1
92
1
78
2
19
9
29
0
57
6
28
1
19
9
50
2
17
6
19
4
38
3
28
1
19
2
16
0
69
2
73
2
69
8
10
7
48
0
87
1
67
2
51
3
0
2
81
0
59
7
87
0
89
1
23
0
60
2
68
9
76
1
34
1
41
1
33
1
56
4
79
0
58
0
89
1
16
1
81
0
30
7
95
7
33
3
20
0
58
0
27
2
88
6
86
9
20
8
91
2
39
9
30
4
81
1
36
1
12
7
59
7
49
1
41
1
98
1
62
4
15
3
21
1
46
7
25
8
88
0
2
4
7
0
37
1
99
0
12
9
42
7
84
0
59
1
46
8
43
2
21
6
12
8
40
2
98
2
91
1
13
3
41
4
74
4
37
1
1
1
38
3
9
1
71
2
39
1
43
4
94
3
19
6
9
2
1
6
31
7
19
3
11
1
98
9
42
9
63
1
1
3
6
8
50
9
89
0
16
1
49
8
40
9
28
1
29
1
31
0
27
0
84
1
31
2
82
1
34
1
69
2
49
7
64
1
1
2
65
2
9
0
63
2
9
1
81
0
89
2
36
2
39
1
92
1
19
1
73
1
31
3
21
0
29
7
36
0
83
8
0
9
31
4
11
4
79
9
61
0
4
4
74
0
19
1
23
1
36
3
1
0
49
1
19
1
7
0
80
2
34
1
99
2
0
1
86
3
7
8
23
1
81
2
91
7
24
7
22
8
97
1
51
0
84
8
50
0
66
2
90
0
36
1
17
0
77
0
88
3
88
4
21
1
45
9
29
4
31
1
15
6
19
1
11
7
94
1
77
3
24
6
51
1
78
1
12
1
7
1
75
1
41
6
49
7
88
9
39
6
48
1
11
2
61
4
99
8
77
3
21
7
86
2
31
3
76
3
7
4
41
1
24
4
22
2
98
7
71
1
56
3
22
4
59
3
82
1
51
1
71
2
39
0
53
1
23
3
69
3
51
1
81
1
49
1
34
2
33
1
21
3
52
1
27
1
92
1
98
2
2
1
14
6
14
7
66
4
9
1
54
7
27
3
77
3
18
1
99
0
52
4
61
8
41
1
38
4
1
1
75
1
67
1
91
2
99
1
21
9
86
3
48
4
82
7
11
9
61
4
31
4
86
0
13
3
32
1
61
1
24
0
27
9
78
9
48
1
31
3
9
1
91
2
0
3
9
9
21
2
16
6
29
4
99
9
76
1
9
4
42
4
99
2
80
0
22
5
88
1
98
1
77
4
49
2
51
4
39
6
41
7
22
1
31
1
75
1
41
4
42
1
31
0
48
0
50
4
37
1
9
9
41
1
89
1
16
2
4
7
93
7
84
3
0
0
10
1
30
1
76
4
67
4
81
7
8
1
61
1
2
1
81
0
93
1
34
3
9
2
89
1
85
0
8
3
65
7
54
1
92
6
69
2
31
2
1
3
36
0
57
3
39
3
79
0
14
1
14
3
71
1
99
4
79
1
51
7
39
9
12
1
54
0
30
1
81
0
31
0
84
3
81
1
68
1
95
8
13
4
84
8
43
1
32
1
16
0
66
7
11
4
6
0
36
6
11
1
37
9
10
1
6
1
61
8
0
1
3
6
48
1
51
1
19
6
48
1
1
2
51
2
77
1
2
4
35
0
93
0
41
3
36
1
83
1
94
1
50
3
29
1
3
1
37
8
41
2
14
1
31
6
93
8
80
8
20
1
36
7
81
1
28
1
69
7
45
1
21
3
48
0
87
1
31
0
55
1
17
7
1
9
11
1
62
2
83
1
15
1
52
1
70
4
41
1
31
1
11
4
39
2
21
0
90
7
95
2
15
0
47
1
32
1
44
0
51
2
6
1
66
1
26
1
76
1
96
2
97
3
95
3
20
1
25
9
41
1
74
4
89
1
2
1
53
1
11
4
79
3
69
1
72
4
43
3
11
9
68
4
19
2
6
4
41
0
18
0
25
3
96
9
70
1
79
6
21
0
62
0
87
2
74
8
32
1
95
0
4
1
6
9
61
1
61
3
49
3
19
1
32
1
48
4
51
1
13
2
61
6
83
1
11
2
58
1
51
10
52
1
6
0
59
4
11
0
22
1
48
7
11
4
71
1
41
4
36
6
42
1
48
3
77
6
9
2
38
0
70
0
43
3
76
2
89
6
43
4
71
4
1
9
28
0
2
3
42
3
48
1
91
0
79
1
20
4
21
0
47
2
81
0
0
1
85
4
99
4
40
1
48
2
84
2
24
2
61
9
94
1
99
9
3
4
69
3
79
9
39
1
99
0
72
9
23
8
10
1
48
2
99
1
30
1
2
9
99
0
96
1
16
3
92
0
94
0
61
1
61
0
59
1
69
1
5
2
33
1
9
3
16
1
67
8
20
2
1
0
20
1
68
3
49
1
11
3
41
2
81
9
52
1
71
1
66
3
69
0
48
8
77
8
78
7
41
0
88
4
94
1
93
1
94
4
54
9
67
7
48
0
32
1
98
0
95
1
13
3
24
8
38
9
78
1
11
2
82
1
81
1
91
9
41
1
87
4
34
0
29
2
37
4
51
4
70
1
38
9
40
2
21
1
21
2
30
7
74
2
52
4
1
2
31
4
99
0
23
7
51
9
0
1
11
1
11
1
47
3
59
4
58
7
42
3
18
1
72
3
71
2
51
9
68
1
62
1
93
2
21
1
87
7
15
1
11
0
29
1
91
0
1
2
76
0
70
6
64
7
24
1
99
3
53
2
51
1
11
7
21
1
46
4
59
1
81
8
89
0
47
3
32
3
59
4
86
4
41
8
47
2
19
3
49
8
80
3
67
1
7
0
59
0
29
1
29
1
76
4
8
7
62
1
22
0
95
9
33
1
39
3
69
1
59
1
49
4
0
0
50
6
43
6
21
1
21
4
1
1
1
2
9
9
74
0
27
1
39
1
51
7
79
1
7
1
45
3
53
7
45
1
61
2
27
1
72
4
69
7
99
9
61
4
58
1
1
0
5
4
51
10
82
2
49
4
12
9
94
7
25
9
71
0
91
2
55
0
29
0
15
9
16
0
0
0
61
7
12
3
33
9
61
0
46
2
23
1
59
6
51
1
77
0
71
2
17
2
5
3
87
9
31
3
85
2
89
9
99
0
49
3
31
0
76
0
87
0
65
1
63
2
44
9
58
3
49
1
39
9
38
7
21
1
7
3
31
0
57
0
97
7
98
9
38
2
21
3
31
1
72
9
3
9
68
4
29
0
36
0
67
1
71
3
11
9
41
2
73
7
85
3
4
1
31
1
39
5
54
8
91
0
92
1
11
1
19
9
91
8
56
1
91
1
98
7
13
9
13
0
77
4
98
8
20
