4
86
4
82
5
61
2
97
3
7
1
11
1
90
0
64
4
76
5
61
2
28
2
85
1
69
1
25
2
93
0
71
3
53
3
68
2
9
1
0
3
88
0
0
1
86
3
51
6
15
1
97
4
61
2
74
4
58
1
55
2
88
0
41
2
73
1
38
3
39
5
37
0
88
2
18
1
52
0
75
1
69
4
35
2
69
2
53
2
34
4
91
0
77
2
40
5
88
3
68
2
27
4
46
1
97
0
97
1
53
3
0
2
67
4
86
3
51
2
75
4
37
4
45
5
72
1
18
2
11
4
52
4
45
3
95
1
0
2
19
3
13
0
65
3
97
4
78
3
98
4
4
5
14
1
63
1
74
1
55
2
48
2
49
1
24
0
82
2
55
1
11
3
42
3
11
1
60
3
39
4
15
2
45
0
46
6
82
3
93
2
34
3
69
2
4
2
3
1
85
1
47
1
34
1
52
5
67
1
99
0
30
2
52
4
86
5
45
1
37
0
60
0
46
6
9
0
58
1
48
0
52
4
28
1
77
2
27
1
47
0
80
1
12
0
41
2
87
2
3
3
67
2
96
0
68
2
11
3
15
1
59
4
99
3
61
1
63
3
26
2
51
0
44
1
42
2
26
3
70
4
38
3
59
2
95
2
69
2
13
1
43
3
48
1
16
3
38
2
41
3
38
3
78
4
33
2
72
3
86
4
59
5
83
0
87
3
42
4
20
0
85
2
87
1
1
0
29
3
7
4
99
4
53
2
83
4
78
5
98
2
67
3
79
3
32
1
15
1
37
1
19
1
99
4
95
4
88
4
87
1
83
6
47
0
64
0
10
1
31
2
39
2
29
4
55
1
37
4
59
3
88
2
4
1
92
2
96
1
65
4
5
1
61
1
92
3
16
4
75
4
53
1
18
4
89
2
26
1
32
2
14
1
69
3
54
1
61
1
9
1
36
1
1
0
2
4
89
4
59
0
82
1
97
2
56
4
55
3
82
2
52
2
25
2
27
1
62
1
51
3
46
0
16
1
90
5
46
1
6
4
36
5
23
3
14
1
71
6
47
5
64
1
71
2
59
6
85
1
84
4
32
3
6
0
58
3
25
2
45
1
81
4
69
4
25
4
29
2
57
4
1
1
91
1
11
3
29
1
65
0
63
2
27
0
58
1
92
2
78
2
19
5
31
0
57
2
28
1
19
5
46
2
17
2
16
4
34
3
28
1
17
2
12
0
69
2
73
2
69
4
14
3
48
0
87
1
67
2
51
3
0
2
81
0
59
3
87
0
89
1
27
0
60
2
68
6
76
1
34
1
41
1
33
1
52
4
79
1
58
0
89
1
16
1
81
0
30
6
95
3
33
3
20
0
58
0
27
2
88
2
86
5
24
4
91
2
35
5
26
4
82
1
32
1
16
3
56
4
49
2
42
1
94
1
62
4
15
3
23
1
46
3
25
4
84
0
2
4
7
0
37
1
99
0
12
5
46
3
88
0
59
1
46
4
43
2
23
2
12
4
39
2
98
2
93
1
13
3
45
4
74
4
33
1
1
1
38
3
9
2
71
2
38
1
43
4
94
3
19
2
5
2
2
2
31
3
19
3
14
1
94
6
38
5
63
1
1
3
2
4
51
5
91
0
16
1
45
4
39
6
31
1
26
1
31
0
27
0
84
1
31
2
82
2
34
1
69
2
49
3
64
1
1
2
65
2
9
0
63
2
6
1
84
2
89
2
36
2
39
1
92
2
16
1
73
1
31
3
23
0
29
3
32
0
83
4
1
5
29
4
11
4
76
5
59
0
4
4
78
0
19
1
23
1
32
3
1
0
49
1
16
1
7
0
80
2
34
1
99
2
0
1
86
3
3
4
27
1
81
2
95
3
24
3
26
4
97
1
51
0
84
4
49
0
66
2
90
0
36
1
17
0
77
0
88
3
88
4
21
1
45
5
32
4
32
1
15
2
19
2
11
3
94
1
73
3
24
2
51
2
78
1
12
1
7
1
75
1
41
2
46
3
88
5
43
2
48
1
11
2
61
4
99
4
77
3
25
3
86
2
33
3
72
3
7
4
41
1
24
4
26
2
98
3
71
2
56
3
22
4
59
3
82
1
51
1
71
2
35
0
53
1
27
3
66
3
51
1
81
1
45
1
38
2
33
1
21
3
52
1
23
1
92
1
98
2
2
1
14
2
18
3
66
4
7
2
54
3
27
3
73
3
18
2
99
0
52
4
62
4
41
1
38
4
1
1
75
2
63
1
93
2
95
1
23
5
86
3
48
4
86
3
14
5
59
4
32
4
86
0
13
3
32
1
61
1
24
0
27
5
74
6
48
1
31
3
9
1
91
2
0
3
9
6
17
2
12
2
26
4
95
5
76
1
5
4
46
4
98
2
80
0
22
1
88
2
94
1
77
4
49
2
51
4
39
2
41
3
26
1
33
1
75
1
43
4
46
1
31
0
48
0
50
4
37
1
9
6
41
1
89
2
12
2
4
3
93
3
84
3
0
0
10
1
30
1
72
4
67
4
85
3
8
1
61
1
2
1
81
0
93
1
34
3
8
2
86
1
85
0
8
3
65
3
54
1
96
2
69
2
32
2
4
3
36
0
57
3
36
3
76
0
14
1
14
3
71
1
99
4
78
1
51
3
38
5
12
1
58
0
30
1
82
0
31
0
84
3
83
1
64
1
95
4
13
4
84
4
44
1
32
1
16
0
66
3
11
4
6
0
36
2
11
1
37
6
14
1
2
1
61
4
3
1
3
2
44
1
52
1
19
2
48
1
3
2
51
2
77
1
2
4
35
0
93
0
41
3
32
1
83
1
94
1
50
3
29
1
3
1
37
4
45
2
14
1
34
2
93
4
79
4
18
1
36
3
81
1
28
1
69
6
45
1
21
3
48
0
87
1
31
0
55
1
17
3
3
5
9
1
62
2
83
2
15
1
52
1
70
4
42
1
32
2
11
4
39
2
21
0
90
4
95
2
15
0
47
1
32
1
48
0
51
2
2
1
62
1
22
1
72
1
96
2
97
3
95
3
20
1
25
6
45
1
78
4
89
1
2
1
53
1
11
4
78
3
67
1
72
4
47
3
11
5
68
4
16
2
2
4
41
0
18
0
25
3
96
5
74
1
77
2
25
0
62
0
88
2
74
4
36
2
95
0
4
2
2
5
57
1
63
3
48
3
19
1
36
1
48
4
51
1
13
2
61
2
83
1
13
2
54
2
54
6
52
1
6
2
59
4
11
0
22
1
48
3
11
4
74
1
45
4
32
2
46
1
48
3
73
2
9
2
38
0
70
0
43
3
72
2
89
2
43
4
71
4
1
6
32
0
2
3
42
3
44
1
95
0
79
1
20
4
21
0
47
2
81
0
0
1
85
4
97
4
40
1
48
2
88
2
28
2
61
6
94
1
98
6
4
4
69
3
79
5
39
1
99
0
72
5
24
4
11
1
44
2
99
1
30
1
2
6
96
0
96
1
16
3
92
0
94
0
61
1
63
0
59
1
69
1
5
2
37
1
7
3
16
1
63
4
21
2
1
0
20
2
68
3
48
1
11
3
41
2
81
5
56
2
71
1
66
3
66
0
48
4
77
4
78
3
44
0
88
4
94
1
97
1
94
4
54
6
67
3
48
0
32
1
94
0
95
1
17
3
24
4
38
6
78
1
11
2
82
1
81
1
95
5
41
1
83
4
34
0
29
2
37
4
55
4
70
1
38
6
44
2
22
1
21
2
30
3
74
2
52
4
1
2
35
4
99
0
23
3
51
6
1
1
15
1
13
1
43
3
55
4
58
3
42
3
18
1
72
3
72
2
55
6
64
1
66
1
93
2
21
1
87
6
15
1
11
2
29
1
95
0
1
2
76
0
70
2
64
3
24
1
98
3
53
2
54
2
12
3
21
2
42
4
59
1
81
4
85
0
47
3
32
3
58
4
86
4
41
4
47
2
19
3
49
4
82
3
67
1
3
1
58
1
29
1
29
1
72
4
8
3
62
1
22
0
95
6
33
1
36
3
69
1
56
1
47
4
0
0
50
2
43
2
21
1
21
4
1
1
1
2
9
6
74
0
27
1
36
2
51
3
79
1
3
2
45
3
57
5
45
1
61
2
23
1
76
4
67
3
99
5
61
4
54
1
1
0
5
4
51
6
79
2
49
4
12
5
92
3
25
6
67
0
91
2
55
0
29
0
15
5
18
0
0
0
61
3
12
3
37
6
65
0
46
2
23
1
56
2
54
2
73
0
71
2
13
2
5
3
83
5
28
3
85
2
85
5
99
0
49
3
31
0
76
0
87
0
65
1
67
2
44
5
58
3
49
1
39
6
38
3
21
1
7
3
34
0
58
0
97
3
98
6
41
2
25
3
35
1
72
5
3
6
71
4
29
0
36
0
67
1
71
3
11
5
39
2
77
3
85
3
8
1
31
1
37
1
58
4
91
0
92
1
11
1
19
5
87
4
56
1
91
2
98
3
17
6
13
0
77
4
98
4
21
