17
29
9
94
9
14
14
86
9
14
18
30
9
64
15
57
9
34
9
94
9
14
9
94
9
14
17
89
9
74
9
64
15
87
9
94
9
44
9
74
0
30
9
64
19
92
9
94
9
99
9
99
9
44
9
94
9
44
9
64
9
44
19
91
9
99
16
88
9
99
9
44
9
34
14
56
9
14
14
56
9
34
9
44
9
34
16
58
16
58
18
60
15
27
9
44
9
99
16
28
16
88
9
94
16
88
9
64
9
64
9
64
17
89
9
94
9
14
9
94
9
74
9
64
9
14
17
29
14
86
14
86
17
89
18
90
9
14
9
34
17
29
14
86
9
44
19
32
18
90
9
74
15
57
17
59
9
14
17
59
9
74
9
99
19
32
9
64
9
74
9
34
9
34
9
44
9
94
9
94
9
14
19
91
9
99
19
61
9
99
9
14
17
29
9
64
18
60
16
58
9
64
9
34
15
27
9
44
0
20
14
86
9
74
9
99
9
94
9
99
9
74
9
44
9
44
9
74
9
99
9
99
9
74
17
59
9
74
9
64
9
44
9
94
9
64
17
89
19
61
9
74
18
90
9
94
9
64
17
89
9
44
9
99
9
94
9
14
9
64
16
28
17
29
15
57
9
34
9
74
18
60
9
74
9
94
9
44
9
14
9
64
9
74
19
31
9
99
9
44
9
99
9
99
9
74
9
64
9
44
18
30
9
99
9
34
0
40
9
14
9
99
9
94
19
61
9
74
15
87
9
94
9
74
17
89
17
89
14
26
17
59
9
74
9
74
19
91
9
44
9
94
9
64
9
34
17
59
9
34
9
14
9
94
16
28
0
50
14
26
9
64
9
44
9
64
9
44
9
74
9
14
9
64
16
28
15
57
9
99
17
59
18
60
9
94
18
90
9
44
9
44
9
74
15
87
17
59
16
58
9
64
9
14
9
34
9
14
9
74
15
87
9
64
15
27
9
74
16
88
9
64
19
91
9
64
9
64
9
64
9
14
19
91
9
44
9
44
17
59
9
94
9
34
9
74
9
74
9
34
17
89
16
58
9
99
18
30
16
88
9
34
9
34
9
44
19
92
14
56
9
99
16
88
9
64
9
64
9
44
9
11
17
29
9
64
15
27
9
64
9
94
9
99
9
64
16
58
17
29
9
34
9
74
9
34
16
58
9
94
9
74
9
44
9
64
9
14
9
64
9
74
9
94
9
14
9
94
9
94
15
87
9
94
9
64
19
31
9
99
9
99
9
99
9
44
0
40
9
94
9
14
17
89
9
64
9
94
9
44
9
64
9
44
9
64
9
44
9
34
9
99
9
14
17
59
17
29
9
74
18
30
19
62
9
99
9
61
9
99
0
90
16
28
9
74
9
34
9
44
9
64
9
34
2
99
9
14
9
14
0
30
9
94
9
14
1
39
9
74
9
94
9
94
9
64
9
94
9
14
18
60
9
99
9
94
9
34
9
99
15
27
9
99
16
28
9
74
9
14
9
74
9
74
9
74
16
28
0
90
19
62
9
99
9
79
16
88
4
9
16
88
16
88
17
29
16
28
9
94
9
64
16
58
9
64
9
14
18
30
0
80
17
59
9
99
17
59
9
34
9
94
19
92
9
34
9
34
9
34
18
90
9
64
18
30
9
14
9
94
9
74
17
59
9
99
9
34
9
74
19
91
16
58
9
94
9
99
9
94
9
74
9
64
9
94
9
44
9
64
17
29
9
99
17
29
19
61
9
34
9
94
16
28
9
99
15
57
9
99
9
34
9
74
9
94
9
31
9
94
9
94
9
34
18
52
14
56
18
90
16
88
9
94
9
94
9
74
9
44
9
74
9
64
9
94
9
94
16
88
9
14
9
14
9
14
9
84
18
30
9
64
9
34
9
99
9
99
15
87
9
14
17
29
9
64
9
99
9
94
9
14
9
44
17
59
9
34
9
34
19
92
18
60
9
34
9
14
9
99
9
14
9
14
19
92
9
44
17
29
14
86
17
59
9
14
9
99
9
64
9
34
19
92
9
34
9
44
17
59
9
94
9
94
9
64
9
44
9
44
16
28
19
91
9
34
19
32
9
14
9
44
9
74
18
30
9
74
16
58
9
99
16
28
9
64
9
44
9
34
9
14
18
30
16
58
9
14
16
58
9
14
14
86
9
99
9
64
16
88
9
34
18
90
0
2
0
30
15
87
9
99
0
50
3
79
9
14
9
14
9
94
16
28
9
99
9
94
0
37
19
92
9
14
9
64
9
64
9
64
9
94
9
94
9
64
15
27
9
64
17
59
9
64
9
34
19
92
9
14
9
34
9
44
9
99
19
61
15
57
14
86
18
90
9
64
9
99
17
29
9
44
9
71
9
94
9
99
9
34
9
68
9
34
9
14
9
64
9
74
9
99
18
30
9
94
9
34
0
80
9
94
9
99
9
14
19
61
9
34
16
88
0
80
9
74
9
94
3
39
9
74
8
75
9
64
15
87
9
34
9
99
9
44
9
74
9
44
9
99
17
89
18
30
9
14
9
94
9
34
9
99
2
59
9
64
19
91
18
30
9
64
19
91
9
74
9
44
9
14
9
14
9
44
18
60
9
14
9
99
15
87
9
44
9
14
9
34
9
94
9
99
9
44
9
44
16
28
9
44
9
74
9
44
9
14
9
44
0
99
19
92
14
56
0
90
9
64
15
57
9
14
9
74
9
94
9
99
9
14
9
44
9
94
9
64
9
94
16
28
9
44
16
28
9
74
9
44
9
74
9
64
9
74
17
29
19
91
9
44
17
59
18
30
9
64
9
34
19
91
9
64
19
31
17
29
9
99
14
56
9
74
9
34
9
14
9
99
0
37
1
9
15
27
9
94
9
99
9
74
9
99
9
94
15
57
9
74
9
94
9
94
17
29
9
34
18
90
9
44
9
94
9
99
9
14
9
77
9
14
3
79
14
56
16
28
9
14
19
91
19
91
9
94
16
58
9
74
9
94
17
29
9
99
19
92
9
34
19
21
9
99
9
64
9
74
18
60
9
99
9
94
16
58
9
34
9
34
18
30
15
27
15
27
16
88
9
34
9
34
14
56
9
99
9
99
9
64
18
30
9
14
9
44
9
14
0
40
9
99
9
44
19
62
16
58
18
60
15
87
9
99
9
64
17
29
9
44
9
94
9
14
4
89
9
64
16
58
9
34
9
14
9
34
16
58
9
14
9
44
9
34
0
0
15
27
9
94
9
34
9
99
16
58
17
29
17
29
9
64
9
94
16
58
9
34
9
74
15
27
9
94
9
94
9
74
9
44
19
32
9
44
9
99
15
87
16
28
16
58
9
34
9
99
15
27
9
64
17
29
9
14
16
88
9
99
3
79
9
44
15
87
17
29
17
89
9
64
9
74
9
64
9
14
9
99
9
74
9
94
9
99
9
44
9
64
19
32
9
44
9
14
9
34
18
60
9
74
9
64
9
94
19
61
15
87
9
44
9
99
9
64
0
30
9
64
9
64
9
44
9
14
9
34
17
89
9
94
9
44
9
34
2
89
17
89
9
44
9
14
9
87
9
44
8
75
9
14
4
89
9
64
9
64
9
74
15
27
9
34
9
18
9
64
9
34
9
34
19
31
17
29
9
14
19
32
16
58
9
99
17
59
19
61
16
58
17
29
9
94
9
14
9
74
9
14
9
14
9
14
9
34
9
74
14
86
9
94
9
94
4
69
9
74
15
57
9
94
9
74
9
27
9
99
9
94
9
64
1
19
9
14
9
94
9
94
3
79
9
64
9
64
19
62
16
88
9
44
9
64
15
57
17
89
0
20
9
14
18
90
9
34
9
44
9
64
9
94
9
74
16
88
9
14
9
74
9
94
9
34
9
34
9
94
9
14
0
70
9
64
9
44
19
61
9
14
9
14
9
64
9
74
9
74
9
14
9
34
17
59
18
60
9
64
9
74
9
94
19
91
9
74
9
94
9
44
18
60
16
58
19
91
9
14
9
12
9
44
9
99
16
88
9
99
9
94
16
58
9
14
16
88
9
44
9
94
9
64
9
74
9
44
9
74
15
57
9
99
17
29
9
74
9
74
9
99
0
10
9
14
9
44
9
14
9
94
9
99
9
74
15
27
9
94
9
74
19
62
9
34
17
59
16
58
9
44
4
99
9
44
9
14
19
62
18
90
16
88
9
99
9
87
14
56
15
87
2
9
9
94
1
69
18
60
9
14
15
57
9
99
17
29
14
26
9
74
9
34
18
90
14
86
17
29
9
64
9
99
9
74
9
74
9
99
9
74
9
44
9
34
17
59
9
99
18
90
9
34
9
99
9
66
9
14
17
29
9
34
9
14
9
14
9
74
18
60
9
99
18
60
9
64
9
14
17
59
15
87
9
44
9
64
19
31
15
27
9
44
9
94
9
94
4
29
0
50
9
99
17
59
19
31
16
58
9
64
14
86
9
94
9
64
9
56
9
34
17
59
9
94
9
34
17
59
16
88
9
14
9
99
9
94
0
47
0
18
0
80
9
44
