18
30
9
94
9
14
15
87
9
14
19
31
9
64
16
58
9
34
9
94
9
14
9
94
9
14
18
90
9
74
9
64
16
88
9
94
9
44
9
74
0
30
9
64
19
93
9
94
9
99
9
99
9
44
9
94
9
44
9
64
9
44
19
92
9
99
17
89
9
99
9
44
9
34
15
57
9
14
15
57
9
34
9
44
9
34
17
59
17
59
19
61
16
28
9
44
9
99
17
29
17
89
9
94
17
89
9
64
9
64
9
64
18
90
9
94
9
14
9
94
9
74
9
64
9
14
18
30
15
87
15
87
18
90
19
91
9
14
9
34
18
30
15
87
9
44
19
33
19
91
9
74
16
58
18
60
9
14
18
60
9
74
9
99
19
33
9
64
9
74
9
34
9
34
9
44
9
94
9
94
9
14
19
92
9
99
19
62
9
99
9
14
18
30
9
64
19
61
17
59
9
64
9
34
16
28
9
44
0
20
15
87
9
74
9
99
9
94
9
99
9
74
9
44
9
44
9
74
9
99
9
99
9
74
18
60
9
74
9
64
9
44
9
94
9
64
18
90
19
62
9
74
19
91
9
94
9
64
18
90
9
44
9
99
9
94
9
14
9
64
17
29
18
30
16
58
9
34
9
74
19
61
9
74
9
94
9
44
9
14
9
64
9
74
19
32
9
99
9
44
9
99
9
99
9
74
9
64
9
44
19
31
9
99
9
34
0
40
9
14
9
99
9
94
19
62
9
74
16
88
9
94
9
74
18
90
18
90
15
27
18
60
9
74
9
74
19
92
9
44
9
94
9
64
9
34
18
60
9
34
9
14
9
94
17
29
0
50
15
27
9
64
9
44
9
64
9
44
9
74
9
14
9
64
17
29
16
58
9
99
18
60
19
61
9
94
19
91
9
44
9
44
9
74
16
88
18
60
17
59
9
64
9
14
9
34
9
14
9
74
16
88
9
64
16
28
9
74
17
89
9
64
19
92
9
64
9
64
9
64
9
14
19
92
9
44
9
44
18
60
9
94
9
34
9
74
9
74
9
34
18
90
17
59
9
99
19
31
17
89
9
34
9
34
9
44
19
93
15
57
9
99
17
89
9
64
9
64
9
44
9
11
18
30
9
64
16
28
9
64
9
94
9
99
9
64
17
59
18
30
9
34
9
74
9
34
17
59
9
94
9
74
9
44
9
64
9
14
9
64
9
74
9
94
9
14
9
94
9
94
16
88
9
94
9
64
19
32
9
99
9
99
9
99
9
44
0
40
9
94
9
14
18
90
9
64
9
94
9
44
9
64
9
44
9
64
9
44
9
34
9
99
9
14
18
60
18
30
9
74
19
31
19
63
9
99
9
61
9
99
0
90
17
29
9
74
9
34
9
44
9
64
9
34
2
99
9
14
9
14
0
30
9
94
9
14
1
39
9
74
9
94
9
94
9
64
9
94
9
14
19
61
9
99
9
94
9
34
9
99
16
28
9
99
17
29
9
74
9
14
9
74
9
74
9
74
17
29
0
90
19
63
9
99
9
79
17
89
4
9
17
89
17
89
18
30
17
29
9
94
9
64
17
59
9
64
9
14
19
31
0
80
18
60
9
99
18
60
9
34
9
94
19
93
9
34
9
34
9
34
19
91
9
64
19
31
9
14
9
94
9
74
18
60
9
99
9
34
9
74
19
92
17
59
9
94
9
99
9
94
9
74
9
64
9
94
9
44
9
64
18
30
9
99
18
30
19
62
9
34
9
94
17
29
9
99
16
58
9
99
9
34
9
74
9
94
9
31
9
94
9
94
9
34
19
52
15
57
19
91
17
89
9
94
9
94
9
74
9
44
9
74
9
64
9
94
9
94
17
89
9
14
9
14
9
14
9
84
19
31
9
64
9
34
9
99
9
99
16
88
9
14
18
30
9
64
9
99
9
94
9
14
9
44
18
60
9
34
9
34
19
93
19
61
9
34
9
14
9
99
9
14
9
14
19
93
9
44
18
30
15
87
18
60
9
14
9
99
9
64
9
34
19
93
9
34
9
44
18
60
9
94
9
94
9
64
9
44
9
44
17
29
19
92
9
34
19
33
9
14
9
44
9
74
19
31
9
74
17
59
9
99
17
29
9
64
9
44
9
34
9
14
19
31
17
59
9
14
17
59
9
14
15
87
9
99
9
64
17
89
9
34
19
91
0
2
0
30
16
88
9
99
0
50
3
79
9
14
9
14
9
94
17
29
9
99
9
94
0
37
19
93
9
14
9
64
9
64
9
64
9
94
9
94
9
64
16
28
9
64
18
60
9
64
9
34
19
93
9
14
9
34
9
44
9
99
19
62
16
58
15
87
19
91
9
64
9
99
18
30
9
44
9
71
9
94
9
99
9
34
9
68
9
34
9
14
9
64
9
74
9
99
19
31
9
94
9
34
0
80
9
94
9
99
9
14
19
62
9
34
17
89
0
80
9
74
9
94
3
39
9
74
8
75
9
64
16
88
9
34
9
99
9
44
9
74
9
44
9
99
18
90
19
31
9
14
9
94
9
34
9
99
2
59
9
64
19
92
19
31
9
64
19
92
9
74
9
44
9
14
9
14
9
44
19
61
9
14
9
99
16
88
9
44
9
14
9
34
9
94
9
99
9
44
9
44
17
29
9
44
9
74
9
44
9
14
9
44
0
99
19
93
15
57
0
90
9
64
16
58
9
14
9
74
9
94
9
99
9
14
9
44
9
94
9
64
9
94
17
29
9
44
17
29
9
74
9
44
9
74
9
64
9
74
18
30
19
92
9
44
18
60
19
31
9
64
9
34
19
92
9
64
19
32
18
30
9
99
15
57
9
74
9
34
9
14
9
99
0
37
1
9
16
28
9
94
9
99
9
74
9
99
9
94
16
58
9
74
9
94
9
94
18
30
9
34
19
91
9
44
9
94
9
99
9
14
9
77
9
14
3
79
15
57
17
29
9
14
19
92
19
92
9
94
17
59
9
74
9
94
18
30
9
99
19
93
9
34
19
21
9
99
9
64
9
74
19
61
9
99
9
94
17
59
9
34
9
34
19
31
16
28
16
28
17
89
9
34
9
34
15
57
9
99
9
99
9
64
19
31
9
14
9
44
9
14
0
40
9
99
9
44
19
63
17
59
19
61
16
88
9
99
9
64
18
30
9
44
9
94
9
14
4
89
9
64
17
59
9
34
9
14
9
34
17
59
9
14
9
44
9
34
0
0
16
28
9
94
9
34
9
99
17
59
18
30
18
30
9
64
9
94
17
59
9
34
9
74
16
28
9
94
9
94
9
74
9
44
19
33
9
44
9
99
16
88
17
29
17
59
9
34
9
99
16
28
9
64
18
30
9
14
17
89
9
99
3
79
9
44
16
88
18
30
18
90
9
64
9
74
9
64
9
14
9
99
9
74
9
94
9
99
9
44
9
64
19
33
9
44
9
14
9
34
19
61
9
74
9
64
9
94
19
62
16
88
9
44
9
99
9
64
0
30
9
64
9
64
9
44
9
14
9
34
18
90
9
94
9
44
9
34
2
89
18
90
9
44
9
14
9
87
9
44
8
75
9
14
4
89
9
64
9
64
9
74
16
28
9
34
9
18
9
64
9
34
9
34
19
32
18
30
9
14
19
33
17
59
9
99
18
60
19
62
17
59
18
30
9
94
9
14
9
74
9
14
9
14
9
14
9
34
9
74
15
87
9
94
9
94
4
69
9
74
16
58
9
94
9
74
9
27
9
99
9
94
9
64
1
19
9
14
9
94
9
94
3
79
9
64
9
64
19
63
17
89
9
44
9
64
16
58
18
90
0
20
9
14
19
91
9
34
9
44
9
64
9
94
9
74
17
89
9
14
9
74
9
94
9
34
9
34
9
94
9
14
0
70
9
64
9
44
19
62
9
14
9
14
9
64
9
74
9
74
9
14
9
34
18
60
19
61
9
64
9
74
9
94
19
92
9
74
9
94
9
44
19
61
17
59
19
92
9
14
9
12
9
44
9
99
17
89
9
99
9
94
17
59
9
14
17
89
9
44
9
94
9
64
9
74
9
44
9
74
16
58
9
99
18
30
9
74
9
74
9
99
0
10
9
14
9
44
9
14
9
94
9
99
9
74
16
28
9
94
9
74
19
63
9
34
18
60
17
59
9
44
4
99
9
44
9
14
19
63
19
91
17
89
9
99
9
87
15
57
16
88
2
9
9
94
1
69
19
61
9
14
16
58
9
99
18
30
15
27
9
74
9
34
19
91
15
87
18
30
9
64
9
99
9
74
9
74
9
99
9
74
9
44
9
34
18
60
9
99
19
91
9
34
9
99
9
66
9
14
18
30
9
34
9
14
9
14
9
74
19
61
9
99
19
61
9
64
9
14
18
60
16
88
9
44
9
64
19
32
16
28
9
44
9
94
9
94
4
29
0
50
9
99
18
60
19
32
17
59
9
64
15
87
9
94
9
64
9
56
9
34
18
60
9
94
9
34
18
60
17
89
9
14
9
99
9
94
0
47
0
18
0
80
9
44
