2
19
5
85
5
9
1
71
1
1
3
19
5
57
1
42
2
22
4
81
3
8
1
86
1
5
2
78
1
69
2
56
3
72
4
89
5
39
4
61
0
30
1
59
5
77
5
86
5
96
3
91
3
34
5
84
1
33
2
59
2
36
4
77
1
99
1
75
5
96
3
34
5
29
2
41
3
5
2
41
4
24
3
35
1
25
1
46
1
45
3
48
3
12
2
39
1
94
1
19
1
75
1
87
1
74
1
54
5
53
4
54
2
77
3
87
5
7
1
83
3
66
3
56
2
7
4
14
1
71
4
71
5
74
4
75
2
4
1
26
2
18
3
71
5
35
5
18
3
77
3
65
2
42
2
45
1
3
5
44
2
61
5
94
5
17
2
59
4
62
3
22
5
27
1
37
2
81
5
88
5
2
4
79
5
99
4
49
3
99
3
2
4
14
5
53
5
45
1
45
2
56
4
26
3
12
1
39
0
20
2
71
1
67
2
91
4
89
2
91
5
67
3
35
5
39
2
69
3
94
3
93
4
69
2
47
5
63
5
59
1
37
2
82
2
54
3
74
4
49
1
67
3
79
4
89
5
59
2
79
2
39
2
95
3
89
3
9
2
58
4
13
5
14
4
42
1
28
5
66
3
45
4
62
5
86
2
36
1
2
5
59
4
65
5
16
2
99
3
37
3
99
5
96
2
65
3
58
3
38
5
15
3
94
3
23
0
40
5
8
5
92
3
82
4
49
5
68
3
72
5
89
5
65
2
79
2
79
3
11
2
49
5
69
5
68
4
77
5
39
2
81
2
58
3
22
2
45
1
25
1
9
1
87
1
16
0
50
2
11
2
59
1
35
1
54
1
33
3
62
4
3
3
53
1
17
2
42
3
96
3
44
3
49
2
81
5
75
3
34
4
36
4
67
5
72
2
47
1
44
4
51
2
1
3
26
5
3
1
61
4
72
4
54
4
12
3
68
5
73
1
55
4
79
1
51
3
54
4
51
3
9
4
79
2
39
2
34
2
48
4
86
3
27
5
69
5
66
3
23
2
77
1
49
1
91
5
15
1
76
4
28
2
25
1
36
5
78
4
41
3
96
1
79
4
52
2
52
3
33
4
11
4
14
4
58
3
12
1
52
4
89
2
96
3
52
4
43
2
15
2
27
3
62
2
22
2
43
5
85
4
69
2
33
5
58
3
6
4
57
1
67
4
84
5
2
3
87
5
82
5
72
2
81
2
59
4
18
5
94
3
98
1
98
5
35
0
40
4
81
2
8
2
78
1
52
5
85
5
37
4
59
4
39
1
51
2
31
2
25
5
92
3
7
2
46
5
14
1
66
3
16
5
48
5
98
1
61
4
99
0
90
1
19
5
67
3
23
4
33
3
55
3
29
2
97
4
8
1
4
0
30
3
89
3
5
2
31
4
68
5
87
3
82
3
56
2
87
4
2
3
46
3
98
1
85
1
26
5
95
5
12
2
97
1
13
2
69
4
1
1
62
2
63
1
67
5
13
0
90
5
48
1
98
4
79
5
73
4
9
1
73
1
77
2
15
1
15
3
81
4
58
3
43
1
58
1
9
5
15
0
80
3
44
4
94
2
46
3
29
5
89
5
77
3
29
3
25
1
21
3
78
2
52
4
15
4
5
5
85
3
69
2
47
3
97
5
29
4
63
5
76
1
45
1
85
4
92
5
84
3
67
2
56
4
81
3
34
2
59
2
18
2
91
2
19
4
47
2
26
1
82
4
13
2
92
2
42
2
94
4
29
1
69
1
87
3
31
4
87
4
81
2
29
3
52
1
41
3
75
1
79
1
87
4
87
3
66
1
37
4
64
1
52
2
82
4
82
1
75
5
9
2
9
1
2
5
84
3
18
1
59
1
29
1
92
5
99
2
72
5
9
5
14
2
59
1
98
4
81
2
9
5
33
2
49
1
26
3
29
5
79
4
45
4
29
1
7
5
95
4
9
2
4
5
79
5
37
2
19
4
71
2
49
1
9
4
99
3
59
2
27
5
78
3
21
5
38
2
49
3
85
5
83
1
53
5
32
3
36
1
14
4
77
2
27
5
18
1
6
5
39
4
67
5
15
1
65
1
48
3
94
1
18
5
56
1
37
3
21
4
8
3
16
1
48
5
5
2
43
1
5
2
71
4
96
4
51
5
73
2
29
4
75
0
2
0
30
1
72
2
94
0
50
3
71
2
2
3
8
1
83
3
13
3
98
2
82
0
37
5
79
3
9
3
59
1
59
4
54
5
84
3
83
2
58
3
12
4
51
5
44
2
51
3
28
5
79
1
9
4
29
3
37
2
94
4
49
2
42
4
71
3
75
3
58
1
99
2
19
1
31
1
71
4
82
3
96
4
28
1
68
3
21
5
9
4
57
5
63
1
91
3
19
2
86
4
21
0
80
3
84
4
94
1
1
4
47
2
23
5
73
0
80
4
69
2
84
3
39
5
62
2
75
1
52
5
72
4
29
2
98
4
38
3
69
2
33
3
98
4
74
3
17
2
9
3
89
4
28
2
97
2
52
4
56
4
77
3
19
3
59
4
79
2
65
4
31
4
3
5
3
3
35
5
45
5
9
2
99
2
72
1
39
5
9
3
26
1
89
2
98
3
39
2
34
1
19
3
37
3
66
5
35
1
5
1
33
0
99
5
78
2
41
0
90
5
59
3
42
5
9
4
68
3
84
2
94
4
7
5
36
3
87
5
55
5
85
5
13
5
32
1
13
2
61
5
32
5
66
1
52
1
69
2
14
4
79
4
35
5
44
5
15
4
55
1
23
4
77
2
57
4
16
2
19
1
92
2
41
5
63
3
29
5
2
3
91
0
37
1
9
5
12
2
87
3
91
5
63
1
97
5
87
3
42
3
67
3
86
1
84
3
14
3
21
3
76
1
39
4
88
1
95
2
1
3
77
2
8
3
73
1
41
1
18
1
3
4
76
4
78
1
88
5
43
1
69
3
89
3
14
2
92
5
79
1
23
4
21
4
96
1
59
3
65
3
47
5
93
4
89
1
46
5
29
1
29
3
18
3
12
4
12
2
73
4
23
3
28
4
41
3
99
2
99
1
58
3
19
3
1
4
31
3
8
0
40
1
99
2
38
5
49
1
43
5
45
4
72
1
92
4
54
2
14
2
39
5
89
3
1
4
85
2
59
2
43
3
29
4
6
2
25
1
43
4
9
4
36
3
26
0
0
5
12
5
83
1
24
2
99
1
43
2
19
2
19
5
52
2
81
1
48
4
24
4
63
1
12
2
87
4
86
4
64
5
33
5
18
3
35
2
94
2
72
1
18
1
49
4
21
1
99
5
12
2
54
2
18
1
8
3
73
4
92
3
71
1
32
1
72
3
14
2
77
3
55
5
69
1
56
4
6
5
97
5
62
1
84
1
96
3
35
4
58
5
19
2
35
1
9
1
24
5
45
1
61
2
59
5
89
4
49
2
72
5
38
1
97
4
55
0
30
1
55
2
55
1
32
4
4
3
22
2
78
1
86
4
39
4
28
2
81
4
74
2
39
5
2
1
87
4
31
4
75
2
2
4
84
2
57
4
59
4
68
1
12
2
24
5
18
3
59
1
24
2
26
5
16
2
15
2
1
5
17
1
49
1
91
3
44
5
46
3
43
2
19
5
86
4
3
4
67
3
8
4
6
5
6
2
27
2
62
2
71
1
87
5
89
4
68
1
61
5
42
1
83
4
62
1
27
3
95
3
85
4
56
1
19
5
9
4
85
4
88
3
77
5
58
3
54
5
47
5
73
4
32
2
59
2
42
4
74
0
20
2
6
5
75
5
22
4
39
1
51
1
83
4
64
1
76
1
3
4
62
2
87
5
27
5
22
3
86
5
3
0
70
5
52
4
34
4
49
1
4
1
6
4
53
4
63
5
65
4
9
1
27
2
46
3
49
4
53
1
66
1
84
4
79
4
63
3
82
3
38
3
49
1
45
4
79
2
8
4
12
1
33
1
93
3
73
5
97
3
89
2
43
5
9
1
76
3
32
1
86
5
58
2
68
1
31
3
61
1
42
5
99
2
19
3
68
5
69
4
97
0
10
5
6
4
39
4
9
2
85
2
97
1
64
3
12
1
88
5
68
5
49
3
22
3
44
1
47
4
39
4
98
4
39
4
2
5
47
3
75
2
73
1
93
1
87
2
41
3
72
2
6
4
87
1
65
3
48
3
9
5
42
2
98
2
17
2
11
2
62
4
25
3
75
3
71
2
14
5
55
4
99
4
61
1
64
2
91
5
65
1
33
1
29
3
44
1
99
3
77
1
23
1
91
2
66
1
9
2
15
1
25
2
5
3
4
4
65
3
45
3
94
3
49
3
51
3
8
2
45
4
72
1
39
5
56
4
18
1
12
3
32
2
82
4
84
4
29
0
50
3
92
2
49
4
16
1
45
2
57
3
71
2
83
4
52
3
56
2
29
2
49
2
89
1
29
5
44
1
74
3
2
3
98
5
83
0
47
0
18
0
80
4
34
