11
23
9
94
9
14
9
80
9
10
12
24
9
64
9
51
9
31
9
90
9
14
9
92
9
12
11
83
9
72
9
63
9
81
9
94
9
44
9
70
0
30
9
62
14
86
9
94
9
99
9
99
9
43
9
93
9
42
9
63
9
43
13
85
9
99
10
82
9
99
9
43
9
34
9
50
9
14
9
50
9
33
9
44
9
32
10
52
10
52
12
54
9
21
9
43
9
99
10
22
10
82
9
92
10
82
9
62
9
62
9
63
11
83
9
94
9
14
9
92
9
74
9
64
9
13
11
23
9
80
9
80
11
83
12
84
9
13
9
32
11
23
9
80
9
44
14
26
12
84
9
74
9
51
11
53
9
12
11
53
9
70
9
99
14
26
9
63
9
71
9
31
9
34
9
42
9
90
9
94
9
11
13
85
9
99
13
55
9
99
9
11
11
23
9
62
12
54
10
52
9
63
9
34
9
21
9
42
0
20
9
80
9
72
9
99
9
94
9
99
9
74
9
44
9
44
9
73
9
99
9
99
9
74
11
53
9
72
9
64
9
42
9
91
9
63
11
83
13
55
9
72
12
84
9
94
9
64
11
83
9
43
9
99
9
94
9
14
9
63
10
22
11
23
9
51
9
32
9
74
12
54
9
71
9
94
9
43
9
11
9
64
9
74
13
25
9
99
9
44
9
99
9
99
9
73
9
64
9
44
12
24
9
99
9
32
0
40
9
14
9
99
9
91
13
55
9
74
9
81
9
94
9
74
11
83
11
83
9
20
11
53
9
74
9
74
13
85
9
44
9
90
9
63
9
31
11
53
9
32
9
12
9
92
10
22
0
50
9
20
9
63
9
42
9
62
9
42
9
71
9
12
9
62
10
22
9
51
9
99
11
53
12
54
9
90
12
84
9
43
9
44
9
74
9
81
11
53
10
52
9
60
9
10
9
34
9
12
9
70
9
81
9
63
9
21
9
74
10
82
9
62
13
85
9
60
9
63
9
60
9
14
13
85
9
43
9
43
11
53
9
94
9
34
9
74
9
74
9
32
11
83
10
52
9
99
12
24
10
82
9
34
9
33
9
42
14
86
9
50
9
99
10
82
9
61
9
61
9
42
9
11
11
23
9
64
9
21
9
61
9
94
9
99
9
61
10
52
11
23
9
33
9
71
9
31
10
52
9
94
9
74
9
42
9
64
9
14
9
64
9
72
9
93
9
11
9
94
9
91
9
81
9
90
9
63
13
25
9
99
9
99
9
99
9
44
0
40
9
90
9
13
11
83
9
61
9
94
9
44
9
64
9
44
9
60
9
40
9
33
9
99
9
14
11
53
11
23
9
72
12
24
14
56
9
99
9
61
9
99
0
90
10
22
9
74
9
32
9
42
9
64
9
34
2
99
9
14
9
12
0
30
9
94
9
14
1
39
9
74
9
94
9
91
9
64
9
93
9
11
12
54
9
99
9
92
9
32
9
99
9
21
9
99
10
22
9
73
9
10
9
71
9
72
9
72
10
22
0
90
14
56
9
99
9
79
10
82
4
9
10
82
10
82
11
23
10
22
9
90
9
64
10
52
9
62
9
12
12
24
0
80
11
53
9
99
11
53
9
34
9
94
14
86
9
34
9
34
9
30
12
84
9
61
12
24
9
14
9
94
9
74
11
53
9
99
9
34
9
72
13
85
10
52
9
92
9
99
9
93
9
74
9
63
9
90
9
43
9
63
11
23
9
99
11
23
13
55
9
33
9
91
10
22
9
99
9
51
9
99
9
34
9
72
9
92
9
31
9
94
9
90
9
33
12
52
9
50
12
84
10
82
9
92
9
94
9
74
9
42
9
73
9
61
9
91
9
91
10
82
9
14
9
13
9
11
9
84
12
24
9
62
9
32
9
99
9
99
9
81
9
14
11
23
9
63
9
99
9
90
9
13
9
42
11
53
9
32
9
34
14
86
12
54
9
34
9
12
9
99
9
14
9
13
14
86
9
44
11
23
9
80
11
53
9
12
9
99
9
64
9
33
14
86
9
30
9
44
11
53
9
94
9
92
9
62
9
41
9
44
10
22
13
85
9
33
14
26
9
12
9
44
9
74
12
24
9
72
10
52
9
99
10
22
9
64
9
42
9
30
9
14
12
24
10
52
9
14
10
52
9
12
9
80
9
99
9
60
10
82
9
33
12
84
0
2
0
30
9
81
9
99
0
50
3
79
9
11
9
14
9
92
10
22
9
99
9
91
0
37
14
86
9
14
9
64
9
62
9
63
9
93
9
92
9
63
9
21
9
60
11
53
9
60
9
34
14
86
9
12
9
34
9
44
9
99
13
55
9
51
9
80
12
84
9
64
9
99
11
23
9
40
9
71
9
91
9
99
9
34
9
68
9
30
9
14
9
64
9
72
9
99
12
24
9
93
9
30
0
80
9
93
9
99
9
10
13
55
9
32
10
82
0
80
9
74
9
93
3
39
9
71
8
75
9
61
9
81
9
34
9
99
9
44
9
74
9
42
9
99
11
83
12
24
9
13
9
94
9
34
9
99
2
59
9
64
13
85
12
24
9
64
13
85
9
73
9
40
9
12
9
12
9
44
12
54
9
14
9
99
9
81
9
42
9
14
9
34
9
92
9
99
9
44
9
43
10
22
9
44
9
74
9
44
9
12
9
42
0
99
14
86
9
50
0
90
9
64
9
51
9
14
9
74
9
93
9
99
9
14
9
44
9
94
9
64
9
94
10
22
9
41
10
22
9
70
9
41
9
74
9
61
9
72
11
23
13
85
9
44
11
53
12
24
9
64
9
32
13
85
9
63
13
25
11
23
9
99
9
50
9
72
9
34
9
11
9
99
0
37
1
9
9
21
9
93
9
99
9
72
9
99
9
94
9
51
9
74
9
94
9
92
11
23
9
30
12
84
9
42
9
94
9
99
9
10
9
77
9
13
3
79
9
50
10
22
9
12
13
85
13
85
9
92
10
52
9
72
9
94
11
23
9
99
14
86
9
32
13
21
9
99
9
62
9
74
12
54
9
99
9
94
10
52
9
34
9
32
12
24
9
21
9
21
10
82
9
32
9
34
9
50
9
99
9
99
9
62
12
24
9
10
9
40
9
14
0
40
9
99
9
43
14
56
10
52
12
54
9
81
9
99
9
63
11
23
9
43
9
94
9
10
4
89
9
63
10
52
9
34
9
14
9
33
10
52
9
14
9
44
9
34
0
0
9
21
9
92
9
32
9
99
10
52
11
23
11
23
9
61
9
90
10
52
9
33
9
72
9
21
9
93
9
94
9
73
9
42
14
26
9
44
9
99
9
81
10
22
10
52
9
30
9
99
9
21
9
63
11
23
9
12
10
82
9
99
3
79
9
41
9
81
11
23
11
83
9
64
9
74
9
62
9
14
9
99
9
71
9
92
9
99
9
44
9
64
14
26
9
43
9
12
9
32
12
54
9
70
9
63
9
94
13
55
9
81
9
44
9
99
9
64
0
30
9
62
9
63
9
41
9
13
9
31
11
83
9
92
9
44
9
34
2
89
11
83
9
43
9
11
9
87
9
40
8
75
9
11
4
89
9
63
9
64
9
74
9
21
9
33
9
18
9
64
9
32
9
33
13
25
11
23
9
10
14
26
10
52
9
99
11
53
13
55
10
52
11
23
9
94
9
12
9
74
9
14
9
14
9
14
9
33
9
71
9
80
9
92
9
94
4
69
9
70
9
51
9
92
9
71
9
27
9
99
9
94
9
64
1
19
9
14
9
94
9
94
3
79
9
64
9
63
14
56
10
82
9
41
9
63
9
51
11
83
0
20
9
13
12
84
9
31
9
44
9
60
9
92
9
73
10
82
9
12
9
71
9
93
9
34
9
31
9
94
9
12
0
70
9
61
9
43
13
55
9
12
9
12
9
62
9
72
9
74
9
14
9
32
11
53
12
54
9
62
9
72
9
92
13
85
9
72
9
91
9
44
12
54
10
52
13
85
9
13
9
12
9
42
9
99
10
82
9
99
9
94
10
52
9
14
10
82
9
41
9
92
9
64
9
73
9
40
9
70
9
51
9
99
11
23
9
74
9
74
9
99
0
10
9
14
9
44
9
14
9
93
9
99
9
72
9
21
9
92
9
74
14
56
9
31
11
53
10
52
9
44
4
99
9
44
9
11
14
56
12
84
10
82
9
99
9
87
9
50
9
81
2
9
9
94
1
69
12
54
9
14
9
51
9
99
11
23
9
20
9
71
9
34
12
84
9
80
11
23
9
64
9
99
9
70
9
72
9
99
9
74
9
42
9
32
11
53
9
99
12
84
9
32
9
99
9
66
9
12
11
23
9
32
9
13
9
13
9
74
12
54
9
99
12
54
9
60
9
14
11
53
9
81
9
42
9
64
13
25
9
21
9
41
9
91
9
93
4
29
0
50
9
99
11
53
13
25
10
52
9
63
9
80
9
92
9
61
9
56
9
33
11
53
9
93
9
32
11
53
10
82
9
11
9
99
9
92
0
47
0
18
0
80
9
43
