4
19
7
87
7
9
3
73
3
3
5
19
7
59
3
44
4
24
6
83
5
9
3
88
3
7
4
79
3
69
4
58
5
74
6
89
7
39
6
63
0
30
3
59
7
79
7
88
7
98
5
93
5
36
7
86
3
35
4
59
4
38
6
79
3
99
3
77
7
98
5
36
7
29
4
43
5
7
4
43
6
26
5
37
3
27
3
48
3
47
5
49
5
14
4
39
3
96
3
19
3
77
3
89
3
76
3
56
7
55
6
56
4
79
5
89
7
9
3
85
5
68
5
58
4
9
6
16
3
73
6
73
7
76
6
77
4
6
3
28
4
19
5
73
7
37
7
19
5
79
5
67
4
44
4
47
3
5
7
46
4
63
7
96
7
19
4
59
6
64
5
24
7
29
3
39
4
83
7
89
7
4
6
79
7
99
6
49
5
99
5
4
6
16
7
55
7
47
3
47
4
58
6
28
5
14
3
39
0
20
4
73
3
69
4
93
6
89
4
93
7
69
5
37
7
39
4
69
5
96
5
95
6
69
4
49
7
65
7
59
3
39
4
84
4
56
5
76
6
49
3
69
5
79
6
89
7
59
4
79
4
39
4
97
5
89
5
9
4
59
6
15
7
16
6
44
3
29
7
68
5
47
6
64
7
88
4
38
3
4
7
59
6
67
7
18
4
99
5
39
5
99
7
98
4
67
5
59
5
39
7
17
5
96
5
25
0
40
7
9
7
94
5
84
6
49
7
69
5
74
7
89
7
67
4
79
4
79
5
13
4
49
7
69
7
69
6
79
7
39
4
83
4
59
5
24
4
47
3
27
3
9
3
89
3
18
0
50
4
13
4
59
3
37
3
56
3
35
5
64
6
5
5
55
3
19
4
44
5
98
5
46
5
49
4
83
7
77
5
36
6
38
6
69
7
74
4
49
3
46
6
53
4
3
5
28
7
5
3
63
6
74
6
56
6
14
5
69
7
75
3
57
6
79
3
53
5
56
6
53
5
9
6
79
4
39
4
36
4
49
6
88
5
29
7
69
7
68
5
25
4
79
3
49
3
93
7
17
3
78
6
29
4
27
3
38
7
79
6
43
5
98
3
79
6
54
4
54
5
35
6
11
6
16
6
59
5
14
3
54
6
89
4
98
5
54
6
45
4
17
4
29
5
64
4
24
4
45
7
87
6
69
4
35
7
59
5
8
6
59
3
69
6
86
7
4
5
89
7
84
7
74
4
83
4
59
6
19
7
96
5
99
3
99
7
37
0
40
6
83
4
9
4
79
3
54
7
87
7
39
6
59
6
39
3
53
4
33
4
27
7
94
5
9
4
48
7
16
3
68
5
18
7
49
7
99
3
61
6
99
0
90
3
19
7
69
5
25
6
35
5
57
5
29
2
99
6
9
3
6
0
30
5
89
5
7
1
33
6
69
7
89
5
84
5
58
4
89
6
4
5
48
5
99
3
87
3
28
7
97
7
14
4
99
3
15
4
69
6
3
3
64
4
65
3
69
7
15
0
90
7
49
3
99
6
79
7
75
4
9
3
75
3
79
4
17
3
17
5
83
6
59
5
45
3
59
3
9
7
17
0
80
5
46
6
96
4
48
5
29
7
89
7
79
5
29
5
27
3
23
5
79
4
54
6
17
6
7
7
87
5
69
4
49
5
99
7
29
6
65
7
78
3
47
3
87
6
94
7
86
5
69
4
58
6
83
5
36
4
59
4
19
4
93
4
19
6
49
4
28
3
84
6
15
4
94
4
44
4
96
6
29
3
69
3
89
5
31
6
89
6
83
4
29
5
52
3
43
5
77
3
79
3
89
6
89
5
68
3
39
6
66
3
54
4
84
6
84
3
77
7
9
4
9
3
4
7
84
5
19
3
59
3
29
3
94
7
99
4
74
7
9
7
16
4
59
3
99
6
83
4
9
7
35
4
49
3
28
5
29
7
79
6
47
6
29
3
9
7
97
6
9
4
6
7
79
7
39
4
19
6
73
4
49
3
9
6
99
5
59
4
29
7
79
5
23
7
39
4
49
5
87
7
85
3
55
7
34
5
38
3
16
6
79
4
29
7
19
3
8
7
39
6
69
7
17
3
67
3
49
5
96
3
19
7
58
3
39
5
23
6
9
5
18
3
49
7
7
4
45
3
7
4
73
6
98
6
53
7
75
4
29
6
77
0
2
0
30
3
74
4
96
0
50
3
73
4
4
5
9
3
85
5
15
5
99
4
84
0
37
7
79
5
9
5
59
3
59
6
56
7
86
5
85
4
59
5
14
6
53
7
46
4
53
5
29
7
79
3
9
6
29
5
39
4
96
6
49
4
44
6
73
5
77
5
59
3
99
4
19
3
33
3
71
6
84
5
98
6
29
3
68
5
23
7
9
6
59
7
65
3
93
5
19
4
88
6
23
0
80
5
86
6
96
3
3
6
49
4
25
7
75
0
80
6
69
4
86
3
39
7
64
4
75
3
54
7
74
6
29
4
99
6
39
5
69
4
35
5
99
6
76
5
19
4
9
5
89
6
29
4
99
2
54
6
58
6
79
5
19
5
59
6
79
4
67
6
33
6
5
7
5
5
37
7
47
7
9
4
99
4
74
3
39
7
9
5
28
3
89
4
99
5
39
4
36
3
19
5
39
5
68
7
37
3
7
3
35
0
99
7
79
4
43
0
90
7
59
5
44
7
9
6
69
5
86
4
96
6
9
7
38
5
89
7
57
7
87
7
15
7
34
3
15
4
63
7
34
7
68
3
54
3
69
4
16
6
79
6
37
7
46
7
17
6
57
3
25
6
79
4
59
6
18
4
19
3
94
4
43
7
65
5
29
7
4
5
93
0
37
1
9
7
14
4
89
5
93
7
65
3
99
7
89
5
44
5
69
5
88
3
86
5
16
5
23
5
78
3
39
6
89
3
97
4
3
5
77
4
9
3
75
3
43
3
19
3
5
6
78
6
79
3
89
7
45
3
69
5
89
5
16
4
94
7
79
3
25
6
21
6
98
3
59
5
67
5
49
7
95
6
89
3
48
7
29
3
29
5
19
5
14
6
14
4
75
6
25
5
29
6
43
5
99
4
99
3
59
5
19
5
3
6
33
5
9
0
40
3
99
4
39
7
49
3
45
7
47
6
74
3
94
6
56
4
16
4
39
7
89
5
3
4
87
4
59
4
45
5
29
6
8
4
27
3
45
6
9
6
38
5
28
0
0
7
14
7
85
3
26
4
99
3
45
4
19
4
19
7
54
4
83
3
49
6
26
6
65
3
14
4
89
6
88
6
66
7
35
7
19
5
37
4
96
4
74
3
19
3
49
6
23
3
99
7
14
4
56
4
19
3
9
5
75
6
94
3
73
3
34
3
74
5
16
4
79
5
57
7
69
3
58
6
8
7
99
7
64
3
86
3
98
5
37
6
59
7
19
4
37
3
9
3
26
7
47
3
63
4
59
7
89
6
49
4
74
7
39
3
99
6
57
0
30
3
57
4
57
3
34
6
6
5
24
4
79
3
88
6
39
6
29
2
83
6
76
4
39
7
4
3
87
6
33
6
75
4
4
4
86
4
59
6
59
6
69
3
14
4
26
7
18
5
59
3
26
4
28
7
18
4
17
4
3
7
19
3
49
3
93
5
46
7
48
5
45
4
19
7
88
6
5
6
69
5
9
6
8
7
8
4
29
4
64
4
73
3
89
7
89
4
69
3
63
7
44
3
85
6
64
3
27
5
97
5
87
6
58
1
19
7
9
6
87
6
89
3
79
7
59
5
56
7
49
7
75
6
34
4
59
4
44
6
76
0
20
4
8
7
77
7
24
6
39
3
53
3
85
6
66
3
78
3
5
6
64
4
89
7
29
7
24
5
88
7
5
0
70
7
54
6
36
6
49
3
6
3
8
6
55
6
65
7
67
6
9
3
29
4
48
5
49
6
55
3
68
3
86
6
79
6
65
5
84
5
39
5
49
3
47
6
79
4
9
6
12
3
35
3
95
5
75
7
99
5
89
4
45
7
9
3
78
5
34
3
88
7
59
4
69
3
33
5
63
3
44
7
99
4
19
5
69
7
69
6
99
0
10
7
8
6
39
6
9
4
87
4
99
3
66
5
14
3
89
7
69
7
49
5
24
5
46
3
49
6
39
4
99
6
39
6
4
7
49
5
77
4
75
3
95
3
87
4
43
5
74
2
8
6
89
1
67
5
49
5
9
7
44
4
99
4
19
4
13
4
64
6
27
5
77
5
73
4
16
7
57
6
99
6
63
3
66
4
93
7
67
3
35
3
29
5
46
3
99
5
79
3
25
3
93
4
66
3
9
4
17
3
27
4
7
5
6
6
67
5
47
5
96
5
49
5
53
5
9
4
47
6
74
3
39
7
58
6
19
3
14
5
34
4
84
6
86
4
29
0
50
5
94
4
49
6
18
3
47
4
59
5
73
4
85
6
54
5
56
4
29
4
49
4
89
3
29
7
46
3
76
5
4
5
99
7
85
0
47
0
18
0
80
6
36
