15
27
9
94
9
14
12
84
9
14
16
28
9
64
13
55
9
34
9
94
9
14
9
94
9
14
15
87
9
74
9
64
13
85
9
94
9
44
9
74
0
30
9
64
18
90
9
94
9
99
9
99
9
44
9
94
9
44
9
64
9
44
17
89
9
99
14
86
9
99
9
44
9
34
12
54
9
14
12
54
9
34
9
44
9
34
14
56
14
56
16
58
13
25
9
44
9
99
14
26
14
86
9
94
14
86
9
64
9
64
9
64
15
87
9
94
9
14
9
94
9
74
9
64
9
14
15
27
12
84
12
84
15
87
16
88
9
14
9
34
15
27
12
84
9
44
18
30
16
88
9
74
13
55
15
57
9
14
15
57
9
74
9
99
18
30
9
64
9
74
9
34
9
34
9
44
9
94
9
94
9
14
17
89
9
99
17
59
9
99
9
14
15
27
9
64
16
58
14
56
9
64
9
34
13
25
9
44
0
20
12
84
9
74
9
99
9
94
9
99
9
74
9
44
9
44
9
74
9
99
9
99
9
74
15
57
9
74
9
64
9
44
9
94
9
64
15
87
17
59
9
74
16
88
9
94
9
64
15
87
9
44
9
99
9
94
9
14
9
64
14
26
15
27
13
55
9
34
9
74
16
58
9
74
9
94
9
44
9
14
9
64
9
74
17
29
9
99
9
44
9
99
9
99
9
74
9
64
9
44
16
28
9
99
9
34
0
40
9
14
9
99
9
94
17
59
9
74
13
85
9
94
9
74
15
87
15
87
12
24
15
57
9
74
9
74
17
89
9
44
9
94
9
64
9
34
15
57
9
34
9
14
9
94
14
26
0
50
12
24
9
64
9
44
9
64
9
44
9
74
9
14
9
64
14
26
13
55
9
99
15
57
16
58
9
94
16
88
9
44
9
44
9
74
13
85
15
57
14
56
9
64
9
14
9
34
9
14
9
74
13
85
9
64
13
25
9
74
14
86
9
64
17
89
9
64
9
64
9
64
9
14
17
89
9
44
9
44
15
57
9
94
9
34
9
74
9
74
9
34
15
87
14
56
9
99
16
28
14
86
9
34
9
34
9
44
18
90
12
54
9
99
14
86
9
64
9
64
9
44
9
11
15
27
9
64
13
25
9
64
9
94
9
99
9
64
14
56
15
27
9
34
9
74
9
34
14
56
9
94
9
74
9
44
9
64
9
14
9
64
9
74
9
94
9
14
9
94
9
94
13
85
9
94
9
64
17
29
9
99
9
99
9
99
9
44
0
40
9
94
9
14
15
87
9
64
9
94
9
44
9
64
9
44
9
64
9
44
9
34
9
99
9
14
15
57
15
27
9
74
16
28
18
60
9
99
9
61
9
99
0
90
14
26
9
74
9
34
9
44
9
64
9
34
2
99
9
14
9
14
0
30
9
94
9
14
1
39
9
74
9
94
9
94
9
64
9
94
9
14
16
58
9
99
9
94
9
34
9
99
13
25
9
99
14
26
9
74
9
14
9
74
9
74
9
74
14
26
0
90
18
60
9
99
9
79
14
86
4
9
14
86
14
86
15
27
14
26
9
94
9
64
14
56
9
64
9
14
16
28
0
80
15
57
9
99
15
57
9
34
9
94
18
90
9
34
9
34
9
34
16
88
9
64
16
28
9
14
9
94
9
74
15
57
9
99
9
34
9
74
17
89
14
56
9
94
9
99
9
94
9
74
9
64
9
94
9
44
9
64
15
27
9
99
15
27
17
59
9
34
9
94
14
26
9
99
13
55
9
99
9
34
9
74
9
94
9
31
9
94
9
94
9
34
16
52
12
54
16
88
14
86
9
94
9
94
9
74
9
44
9
74
9
64
9
94
9
94
14
86
9
14
9
14
9
14
9
84
16
28
9
64
9
34
9
99
9
99
13
85
9
14
15
27
9
64
9
99
9
94
9
14
9
44
15
57
9
34
9
34
18
90
16
58
9
34
9
14
9
99
9
14
9
14
18
90
9
44
15
27
12
84
15
57
9
14
9
99
9
64
9
34
18
90
9
34
9
44
15
57
9
94
9
94
9
64
9
44
9
44
14
26
17
89
9
34
18
30
9
14
9
44
9
74
16
28
9
74
14
56
9
99
14
26
9
64
9
44
9
34
9
14
16
28
14
56
9
14
14
56
9
14
12
84
9
99
9
64
14
86
9
34
16
88
0
2
0
30
13
85
9
99
0
50
3
79
9
14
9
14
9
94
14
26
9
99
9
94
0
37
18
90
9
14
9
64
9
64
9
64
9
94
9
94
9
64
13
25
9
64
15
57
9
64
9
34
18
90
9
14
9
34
9
44
9
99
17
59
13
55
12
84
16
88
9
64
9
99
15
27
9
44
9
71
9
94
9
99
9
34
9
68
9
34
9
14
9
64
9
74
9
99
16
28
9
94
9
34
0
80
9
94
9
99
9
14
17
59
9
34
14
86
0
80
9
74
9
94
3
39
9
74
8
75
9
64
13
85
9
34
9
99
9
44
9
74
9
44
9
99
15
87
16
28
9
14
9
94
9
34
9
99
2
59
9
64
17
89
16
28
9
64
17
89
9
74
9
44
9
14
9
14
9
44
16
58
9
14
9
99
13
85
9
44
9
14
9
34
9
94
9
99
9
44
9
44
14
26
9
44
9
74
9
44
9
14
9
44
0
99
18
90
12
54
0
90
9
64
13
55
9
14
9
74
9
94
9
99
9
14
9
44
9
94
9
64
9
94
14
26
9
44
14
26
9
74
9
44
9
74
9
64
9
74
15
27
17
89
9
44
15
57
16
28
9
64
9
34
17
89
9
64
17
29
15
27
9
99
12
54
9
74
9
34
9
14
9
99
0
37
1
9
13
25
9
94
9
99
9
74
9
99
9
94
13
55
9
74
9
94
9
94
15
27
9
34
16
88
9
44
9
94
9
99
9
14
9
77
9
14
3
79
12
54
14
26
9
14
17
89
17
89
9
94
14
56
9
74
9
94
15
27
9
99
18
90
9
34
17
21
9
99
9
64
9
74
16
58
9
99
9
94
14
56
9
34
9
34
16
28
13
25
13
25
14
86
9
34
9
34
12
54
9
99
9
99
9
64
16
28
9
14
9
44
9
14
0
40
9
99
9
44
18
60
14
56
16
58
13
85
9
99
9
64
15
27
9
44
9
94
9
14
4
89
9
64
14
56
9
34
9
14
9
34
14
56
9
14
9
44
9
34
0
0
13
25
9
94
9
34
9
99
14
56
15
27
15
27
9
64
9
94
14
56
9
34
9
74
13
25
9
94
9
94
9
74
9
44
18
30
9
44
9
99
13
85
14
26
14
56
9
34
9
99
13
25
9
64
15
27
9
14
14
86
9
99
3
79
9
44
13
85
15
27
15
87
9
64
9
74
9
64
9
14
9
99
9
74
9
94
9
99
9
44
9
64
18
30
9
44
9
14
9
34
16
58
9
74
9
64
9
94
17
59
13
85
9
44
9
99
9
64
0
30
9
64
9
64
9
44
9
14
9
34
15
87
9
94
9
44
9
34
2
89
15
87
9
44
9
14
9
87
9
44
8
75
9
14
4
89
9
64
9
64
9
74
13
25
9
34
9
18
9
64
9
34
9
34
17
29
15
27
9
14
18
30
14
56
9
99
15
57
17
59
14
56
15
27
9
94
9
14
9
74
9
14
9
14
9
14
9
34
9
74
12
84
9
94
9
94
4
69
9
74
13
55
9
94
9
74
9
27
9
99
9
94
9
64
1
19
9
14
9
94
9
94
3
79
9
64
9
64
18
60
14
86
9
44
9
64
13
55
15
87
0
20
9
14
16
88
9
34
9
44
9
64
9
94
9
74
14
86
9
14
9
74
9
94
9
34
9
34
9
94
9
14
0
70
9
64
9
44
17
59
9
14
9
14
9
64
9
74
9
74
9
14
9
34
15
57
16
58
9
64
9
74
9
94
17
89
9
74
9
94
9
44
16
58
14
56
17
89
9
14
9
12
9
44
9
99
14
86
9
99
9
94
14
56
9
14
14
86
9
44
9
94
9
64
9
74
9
44
9
74
13
55
9
99
15
27
9
74
9
74
9
99
0
10
9
14
9
44
9
14
9
94
9
99
9
74
13
25
9
94
9
74
18
60
9
34
15
57
14
56
9
44
4
99
9
44
9
14
18
60
16
88
14
86
9
99
9
87
12
54
13
85
2
9
9
94
1
69
16
58
9
14
13
55
9
99
15
27
12
24
9
74
9
34
16
88
12
84
15
27
9
64
9
99
9
74
9
74
9
99
9
74
9
44
9
34
15
57
9
99
16
88
9
34
9
99
9
66
9
14
15
27
9
34
9
14
9
14
9
74
16
58
9
99
16
58
9
64
9
14
15
57
13
85
9
44
9
64
17
29
13
25
9
44
9
94
9
94
4
29
0
50
9
99
15
57
17
29
14
56
9
64
12
84
9
94
9
64
9
56
9
34
15
57
9
94
9
34
15
57
14
86
9
14
9
99
9
94
0
47
0
18
0
80
9
44
