14
26
9
94
9
14
11
83
9
13
15
27
9
64
12
54
9
34
9
93
9
14
9
94
9
14
14
86
9
74
9
64
12
84
9
94
9
44
9
73
0
30
9
64
17
89
9
94
9
99
9
99
9
44
9
94
9
44
9
64
9
44
16
88
9
99
13
85
9
99
9
44
9
34
11
53
9
14
11
53
9
34
9
44
9
34
13
55
13
55
15
57
12
24
9
44
9
99
13
25
13
85
9
94
13
85
9
64
9
64
9
64
14
86
9
94
9
14
9
94
9
74
9
64
9
14
14
26
11
83
11
83
14
86
15
87
9
14
9
34
14
26
11
83
9
44
17
29
15
87
9
74
12
54
14
56
9
14
14
56
9
73
9
99
17
29
9
64
9
74
9
34
9
34
9
44
9
93
9
94
9
14
16
88
9
99
16
58
9
99
9
14
14
26
9
64
15
57
13
55
9
64
9
34
12
24
9
44
0
20
11
83
9
74
9
99
9
94
9
99
9
74
9
44
9
44
9
74
9
99
9
99
9
74
14
56
9
74
9
64
9
44
9
94
9
64
14
86
16
58
9
74
15
87
9
94
9
64
14
86
9
44
9
99
9
94
9
14
9
64
13
25
14
26
12
54
9
34
9
74
15
57
9
74
9
94
9
44
9
14
9
64
9
74
16
28
9
99
9
44
9
99
9
99
9
74
9
64
9
44
15
27
9
99
9
34
0
40
9
14
9
99
9
94
16
58
9
74
12
84
9
94
9
74
14
86
14
86
11
23
14
56
9
74
9
74
16
88
9
44
9
93
9
64
9
34
14
56
9
34
9
14
9
94
13
25
0
50
11
23
9
64
9
44
9
64
9
44
9
74
9
14
9
64
13
25
12
54
9
99
14
56
15
57
9
93
15
87
9
44
9
44
9
74
12
84
14
56
13
55
9
63
9
13
9
34
9
14
9
73
12
84
9
64
12
24
9
74
13
85
9
64
16
88
9
63
9
64
9
63
9
14
16
88
9
44
9
44
14
56
9
94
9
34
9
74
9
74
9
34
14
86
13
55
9
99
15
27
13
85
9
34
9
34
9
44
17
89
11
53
9
99
13
85
9
64
9
64
9
44
9
11
14
26
9
64
12
24
9
64
9
94
9
99
9
64
13
55
14
26
9
34
9
74
9
34
13
55
9
94
9
74
9
44
9
64
9
14
9
64
9
74
9
94
9
14
9
94
9
94
12
84
9
93
9
64
16
28
9
99
9
99
9
99
9
44
0
40
9
93
9
14
14
86
9
64
9
94
9
44
9
64
9
44
9
63
9
43
9
34
9
99
9
14
14
56
14
26
9
74
15
27
17
59
9
99
9
61
9
99
0
90
13
25
9
74
9
34
9
44
9
64
9
34
2
99
9
14
9
14
0
30
9
94
9
14
1
39
9
74
9
94
9
94
9
64
9
94
9
14
15
57
9
99
9
94
9
34
9
99
12
24
9
99
13
25
9
74
9
13
9
74
9
74
9
74
13
25
0
90
17
59
9
99
9
79
13
85
4
9
13
85
13
85
14
26
13
25
9
93
9
64
13
55
9
64
9
14
15
27
0
80
14
56
9
99
14
56
9
34
9
94
17
89
9
34
9
34
9
33
15
87
9
64
15
27
9
14
9
94
9
74
14
56
9
99
9
34
9
74
16
88
13
55
9
94
9
99
9
94
9
74
9
64
9
93
9
44
9
64
14
26
9
99
14
26
16
58
9
34
9
94
13
25
9
99
12
54
9
99
9
34
9
74
9
94
9
31
9
94
9
93
9
34
15
52
11
53
15
87
13
85
9
94
9
94
9
74
9
44
9
74
9
64
9
94
9
94
13
85
9
14
9
14
9
14
9
84
15
27
9
64
9
34
9
99
9
99
12
84
9
14
14
26
9
64
9
99
9
93
9
14
9
44
14
56
9
34
9
34
17
89
15
57
9
34
9
14
9
99
9
14
9
14
17
89
9
44
14
26
11
83
14
56
9
14
9
99
9
64
9
34
17
89
9
33
9
44
14
56
9
94
9
94
9
64
9
44
9
44
13
25
16
88
9
34
17
29
9
14
9
44
9
74
15
27
9
74
13
55
9
99
13
25
9
64
9
44
9
33
9
14
15
27
13
55
9
14
13
55
9
14
11
83
9
99
9
63
13
85
9
34
15
87
0
2
0
30
12
84
9
99
0
50
3
79
9
14
9
14
9
94
13
25
9
99
9
94
0
37
17
89
9
14
9
64
9
64
9
64
9
94
9
94
9
64
12
24
9
63
14
56
9
63
9
34
17
89
9
14
9
34
9
44
9
99
16
58
12
54
11
83
15
87
9
64
9
99
14
26
9
43
9
71
9
94
9
99
9
34
9
68
9
33
9
14
9
64
9
74
9
99
15
27
9
94
9
33
0
80
9
94
9
99
9
13
16
58
9
34
13
85
0
80
9
74
9
94
3
39
9
74
8
75
9
64
12
84
9
34
9
99
9
44
9
74
9
44
9
99
14
86
15
27
9
14
9
94
9
34
9
99
2
59
9
64
16
88
15
27
9
64
16
88
9
74
9
43
9
14
9
14
9
44
15
57
9
14
9
99
12
84
9
44
9
14
9
34
9
94
9
99
9
44
9
44
13
25
9
44
9
74
9
44
9
14
9
44
0
99
17
89
11
53
0
90
9
64
12
54
9
14
9
74
9
94
9
99
9
14
9
44
9
94
9
64
9
94
13
25
9
44
13
25
9
73
9
44
9
74
9
64
9
74
14
26
16
88
9
44
14
56
15
27
9
64
9
34
16
88
9
64
16
28
14
26
9
99
11
53
9
74
9
34
9
14
9
99
0
37
1
9
12
24
9
94
9
99
9
74
9
99
9
94
12
54
9
74
9
94
9
94
14
26
9
33
15
87
9
44
9
94
9
99
9
13
9
77
9
14
3
79
11
53
13
25
9
14
16
88
16
88
9
94
13
55
9
74
9
94
14
26
9
99
17
89
9
34
16
21
9
99
9
64
9
74
15
57
9
99
9
94
13
55
9
34
9
34
15
27
12
24
12
24
13
85
9
34
9
34
11
53
9
99
9
99
9
64
15
27
9
13
9
43
9
14
0
40
9
99
9
44
17
59
13
55
15
57
12
84
9
99
9
64
14
26
9
44
9
94
9
13
4
89
9
64
13
55
9
34
9
14
9
34
13
55
9
14
9
44
9
34
0
0
12
24
9
94
9
34
9
99
13
55
14
26
14
26
9
64
9
93
13
55
9
34
9
74
12
24
9
94
9
94
9
74
9
44
17
29
9
44
9
99
12
84
13
25
13
55
9
33
9
99
12
24
9
64
14
26
9
14
13
85
9
99
3
79
9
44
12
84
14
26
14
86
9
64
9
74
9
64
9
14
9
99
9
74
9
94
9
99
9
44
9
64
17
29
9
44
9
14
9
34
15
57
9
73
9
64
9
94
16
58
12
84
9
44
9
99
9
64
0
30
9
64
9
64
9
44
9
14
9
34
14
86
9
94
9
44
9
34
2
89
14
86
9
44
9
14
9
87
9
43
8
75
9
14
4
89
9
64
9
64
9
74
12
24
9
34
9
18
9
64
9
34
9
34
16
28
14
26
9
13
17
29
13
55
9
99
14
56
16
58
13
55
14
26
9
94
9
14
9
74
9
14
9
14
9
14
9
34
9
74
11
83
9
94
9
94
4
69
9
73
12
54
9
94
9
74
9
27
9
99
9
94
9
64
1
19
9
14
9
94
9
94
3
79
9
64
9
64
17
59
13
85
9
44
9
64
12
54
14
86
0
20
9
14
15
87
9
34
9
44
9
63
9
94
9
74
13
85
9
14
9
74
9
94
9
34
9
34
9
94
9
14
0
70
9
64
9
44
16
58
9
14
9
14
9
64
9
74
9
74
9
14
9
34
14
56
15
57
9
64
9
74
9
94
16
88
9
74
9
94
9
44
15
57
13
55
16
88
9
14
9
12
9
44
9
99
13
85
9
99
9
94
13
55
9
14
13
85
9
44
9
94
9
64
9
74
9
43
9
73
12
54
9
99
14
26
9
74
9
74
9
99
0
10
9
14
9
44
9
14
9
94
9
99
9
74
12
24
9
94
9
74
17
59
9
34
14
56
13
55
9
44
4
99
9
44
9
14
17
59
15
87
13
85
9
99
9
87
11
53
12
84
2
9
9
94
1
69
15
57
9
14
12
54
9
99
14
26
11
23
9
74
9
34
15
87
11
83
14
26
9
64
9
99
9
73
9
74
9
99
9
74
9
44
9
34
14
56
9
99
15
87
9
34
9
99
9
66
9
14
14
26
9
34
9
14
9
14
9
74
15
57
9
99
15
57
9
63
9
14
14
56
12
84
9
44
9
64
16
28
12
24
9
44
9
94
9
94
4
29
0
50
9
99
14
56
16
28
13
55
9
64
11
83
9
94
9
64
9
56
9
34
14
56
9
94
9
34
14
56
13
85
9
14
9
99
9
94
0
47
0
18
0
80
9
44
