8
20
9
91
9
13
7
77
7
7
9
21
9
63
7
48
8
28
9
87
9
11
7
89
7
9
8
80
7
69
8
60
9
78
9
92
9
43
9
67
0
30
7
59
11
83
9
92
9
99
9
97
9
40
9
90
7
39
8
60
8
40
10
82
7
99
7
79
9
99
9
40
9
33
8
47
9
11
8
47
9
30
9
41
7
29
7
49
7
49
9
51
9
18
8
40
7
99
7
19
7
79
7
89
7
79
7
59
9
59
9
60
8
80
9
91
9
13
7
89
9
71
9
61
8
10
9
20
7
77
9
77
9
80
9
81
8
10
7
29
8
20
9
77
9
41
11
23
9
81
9
71
8
48
8
50
7
9
9
50
8
67
9
99
11
23
8
60
9
68
9
28
9
33
7
39
8
87
9
93
9
8
10
82
9
99
10
52
9
99
9
8
9
20
9
59
9
51
7
49
8
60
9
32
9
18
7
39
0
20
8
77
7
69
8
97
9
92
8
97
9
73
9
41
9
43
8
70
9
99
9
99
9
72
8
50
9
69
9
63
7
39
8
88
8
60
9
80
10
52
7
69
9
81
9
92
9
63
8
80
8
40
8
99
9
91
9
11
8
60
9
19
9
20
9
48
7
29
9
72
9
51
9
68
9
92
8
40
7
8
9
63
9
71
10
22
8
99
9
41
9
99
9
99
8
70
9
61
9
41
9
21
9
99
9
29
0
40
9
13
9
98
9
88
10
52
9
73
9
78
9
93
9
71
8
80
8
80
9
17
8
50
9
73
9
73
10
82
9
43
8
87
8
60
9
28
8
50
7
29
7
9
7
89
7
19
0
50
8
17
8
60
7
39
7
59
7
39
9
68
9
9
9
59
7
19
8
48
9
99
9
50
9
51
8
87
9
81
9
40
9
42
9
72
9
78
8
50
7
49
9
57
8
7
9
31
9
9
7
67
9
78
9
60
9
18
9
71
9
79
7
59
10
82
7
57
9
60
9
57
9
11
10
82
8
40
8
40
8
50
9
92
9
31
9
73
9
72
9
29
8
80
7
49
7
97
9
21
7
79
9
32
8
30
7
39
11
83
9
47
9
99
7
79
9
58
8
58
9
39
9
11
9
20
9
62
9
18
7
58
9
92
8
99
9
58
9
49
8
20
8
30
9
68
8
28
8
49
9
91
9
72
8
39
9
63
9
11
9
62
7
69
9
90
9
8
9
91
9
88
9
78
8
87
8
60
10
22
9
99
9
99
7
99
9
41
0
40
9
87
8
10
8
80
7
58
9
91
9
43
9
62
9
42
7
57
8
37
8
30
9
98
9
11
8
50
9
20
7
69
9
21
11
53
9
99
7
61
9
99
0
90
7
19
9
73
9
29
9
39
9
61
9
31
2
99
9
12
7
9
0
30
9
91
9
11
1
37
9
72
9
93
9
88
9
61
8
90
9
8
9
51
9
99
7
89
7
29
9
99
9
18
8
99
7
19
8
70
9
7
7
68
8
69
7
69
9
19
0
90
11
53
7
99
9
79
9
79
4
9
7
79
7
79
8
20
7
19
9
87
9
62
9
49
7
59
7
9
9
21
0
80
9
50
9
99
8
50
9
31
9
93
11
83
9
31
9
31
7
27
9
81
8
58
9
21
9
11
9
91
9
71
8
50
9
99
9
33
9
69
10
82
7
49
7
89
9
98
9
90
9
71
8
60
9
87
9
40
8
60
8
20
8
97
8
20
10
52
8
30
7
88
9
19
8
98
8
48
8
99
9
32
7
69
7
89
9
31
9
92
9
87
8
30
9
52
7
47
9
81
7
79
7
89
9
92
9
71
7
39
9
70
7
58
8
88
9
88
7
79
9
13
8
10
7
8
9
84
9
21
7
59
7
29
7
98
9
99
8
78
9
13
9
20
8
60
7
99
9
87
8
10
9
39
8
50
7
29
9
31
11
83
9
51
9
32
7
9
9
99
9
12
8
10
11
83
9
43
8
20
9
77
8
50
7
9
9
99
9
61
8
30
11
83
9
27
9
43
8
50
9
91
9
89
7
59
9
38
9
41
7
19
10
82
8
30
11
23
7
9
9
43
9
72
9
21
7
69
7
49
9
99
7
19
9
62
7
39
9
27
9
12
9
21
7
49
9
11
8
49
7
9
8
77
9
99
9
57
9
79
8
30
9
81
0
2
0
30
7
78
8
99
0
50
3
77
8
8
9
11
7
89
9
19
9
99
8
88
0
37
11
83
9
11
9
61
7
59
9
60
9
90
9
89
8
60
9
18
9
57
9
50
8
57
9
31
11
83
7
9
9
32
9
41
8
99
10
52
8
48
9
77
9
81
9
61
7
99
8
20
7
37
7
71
9
88
9
99
9
32
7
68
9
27
9
13
9
62
9
69
7
97
9
21
8
90
9
27
0
80
9
90
9
99
7
7
10
52
8
29
9
79
0
80
9
72
8
90
3
39
9
68
8
75
7
58
9
78
9
32
8
99
9
42
9
71
8
39
9
99
9
80
9
21
8
10
9
91
9
32
8
99
2
58
9
62
10
82
9
21
9
61
10
82
8
70
9
37
9
9
9
9
9
41
9
51
9
13
8
99
8
78
7
39
9
13
9
31
7
89
8
99
9
41
8
40
7
19
9
41
9
71
9
41
7
9
7
39
0
99
11
83
8
47
0
90
9
63
9
48
9
13
9
72
9
90
8
99
9
12
9
42
9
91
9
61
9
91
9
19
9
38
7
19
8
67
9
38
9
72
7
58
7
69
8
20
10
82
9
41
9
50
9
21
9
61
7
29
10
82
8
60
10
22
8
20
7
98
8
47
9
69
9
31
9
8
9
97
0
37
1
9
9
18
8
90
9
97
9
69
7
99
9
93
9
48
9
71
9
91
7
89
9
20
9
27
9
81
7
39
9
92
7
99
8
7
9
77
8
10
3
79
7
47
7
19
7
9
10
82
10
82
7
89
9
49
7
69
9
91
9
20
8
98
11
83
7
29
10
21
9
99
7
59
9
71
9
51
9
99
9
92
7
49
9
33
7
29
9
21
9
18
9
18
8
79
9
29
9
31
9
47
9
99
8
99
7
59
9
21
9
7
9
37
9
11
0
40
7
99
8
40
11
53
7
49
9
51
9
78
7
98
9
60
8
20
8
40
9
93
9
7
4
89
8
60
8
49
9
31
9
12
8
30
7
49
9
12
9
42
9
31
0
0
9
18
9
89
7
29
8
99
7
49
8
20
8
20
9
58
8
87
7
49
9
30
9
69
7
18
8
90
9
92
9
70
9
39
11
23
9
41
8
99
8
78
7
19
7
49
9
27
7
99
9
18
8
60
8
20
7
9
9
79
9
98
3
77
7
38
7
78
9
20
8
80
9
61
9
73
7
59
9
12
9
99
9
68
7
89
7
99
9
41
9
62
11
23
8
40
7
9
7
29
9
51
7
67
8
60
9
93
10
52
8
78
9
43
7
99
9
61
0
30
7
59
8
60
7
38
9
10
9
28
8
80
7
89
9
42
9
32
2
87
9
80
8
40
9
8
7
87
9
37
8
75
8
8
4
89
8
60
9
62
9
72
7
18
8
30
9
18
9
61
7
29
8
30
10
22
8
20
8
7
11
23
7
49
7
97
9
50
10
52
9
49
8
20
9
92
9
9
9
72
9
11
9
12
9
12
8
30
8
68
8
77
7
89
9
93
4
69
7
67
9
48
7
89
9
68
7
27
9
99
9
91
9
62
1
19
9
13
9
91
9
92
3
79
9
63
9
60
11
53
9
79
9
38
8
60
8
48
9
80
0
20
8
10
9
81
9
28
9
42
7
57
7
89
9
70
7
79
7
9
9
68
8
90
9
33
9
28
9
91
9
9
0
70
9
58
9
40
10
52
7
9
7
9
9
59
9
69
9
71
9
12
7
29
8
50
9
51
9
59
7
69
7
89
10
82
9
69
9
88
9
41
9
51
7
49
10
82
8
10
9
12
7
39
7
99
9
79
9
99
9
91
8
49
9
13
7
79
9
38
7
89
9
63
8
70
7
37
9
67
7
48
9
99
8
20
9
71
9
73
9
99
0
10
9
12
9
42
9
12
8
90
8
99
7
69
9
18
7
89
9
73
11
53
9
28
9
50
7
49
9
42
4
99
9
42
9
8
11
53
9
81
8
79
7
99
7
87
8
47
9
78
2
9
9
92
1
69
9
51
9
11
9
48
8
99
8
20
8
17
8
68
9
31
9
81
9
77
8
20
9
61
9
99
9
67
7
69
8
97
9
71
7
39
7
29
9
50
7
99
9
81
7
29
7
97
8
66
7
9
8
20
7
29
8
10
9
10
9
71
9
51
9
99
9
51
9
57
9
11
8
50
9
78
7
39
9
62
10
22
7
18
9
38
8
88
9
90
4
29
0
50
9
98
8
50
10
22
7
49
8
60
9
77
8
89
9
58
9
56
8
30
8
50
8
90
7
29
9
50
7
79
9
8
9
99
9
89
0
47
0
18
0
80
9
40
