13
25
9
94
9
14
10
82
9
12
14
26
9
64
11
53
9
33
9
92
9
14
9
94
9
14
13
85
9
74
9
64
11
83
9
94
9
44
9
72
0
30
9
64
16
88
9
94
9
99
9
99
9
44
9
94
9
44
9
64
9
44
15
87
9
99
12
84
9
99
9
44
9
34
10
52
9
14
10
52
9
34
9
44
9
34
12
54
12
54
14
56
11
23
9
44
9
99
12
24
12
84
9
94
12
84
9
64
9
64
9
64
13
85
9
94
9
14
9
94
9
74
9
64
9
14
13
25
10
82
10
82
13
85
14
86
9
14
9
34
13
25
10
82
9
44
16
28
14
86
9
74
11
53
13
55
9
14
13
55
9
72
9
99
16
28
9
64
9
73
9
33
9
34
9
44
9
92
9
94
9
13
15
87
9
99
15
57
9
99
9
13
13
25
9
64
14
56
12
54
9
64
9
34
11
23
9
44
0
20
10
82
9
74
9
99
9
94
9
99
9
74
9
44
9
44
9
74
9
99
9
99
9
74
13
55
9
74
9
64
9
44
9
93
9
64
13
85
15
57
9
74
14
86
9
94
9
64
13
85
9
44
9
99
9
94
9
14
9
64
12
24
13
25
11
53
9
34
9
74
14
56
9
73
9
94
9
44
9
13
9
64
9
74
15
27
9
99
9
44
9
99
9
99
9
74
9
64
9
44
14
26
9
99
9
34
0
40
9
14
9
99
9
93
15
57
9
74
11
83
9
94
9
74
13
85
13
85
10
22
13
55
9
74
9
74
15
87
9
44
9
92
9
64
9
33
13
55
9
34
9
14
9
94
12
24
0
50
10
22
9
64
9
44
9
64
9
44
9
73
9
14
9
64
12
24
11
53
9
99
13
55
14
56
9
92
14
86
9
44
9
44
9
74
11
83
13
55
12
54
9
62
9
12
9
34
9
14
9
72
11
83
9
64
11
23
9
74
12
84
9
64
15
87
9
62
9
64
9
62
9
14
15
87
9
44
9
44
13
55
9
94
9
34
9
74
9
74
9
34
13
85
12
54
9
99
14
26
12
84
9
34
9
34
9
44
16
88
10
52
9
99
12
84
9
63
9
63
9
44
9
11
13
25
9
64
11
23
9
63
9
94
9
99
9
63
12
54
13
25
9
34
9
73
9
33
12
54
9
94
9
74
9
44
9
64
9
14
9
64
9
74
9
94
9
13
9
94
9
93
11
83
9
92
9
64
15
27
9
99
9
99
9
99
9
44
0
40
9
92
9
14
13
85
9
63
9
94
9
44
9
64
9
44
9
62
9
42
9
34
9
99
9
14
13
55
13
25
9
74
14
26
16
58
9
99
9
61
9
99
0
90
12
24
9
74
9
34
9
44
9
64
9
34
2
99
9
14
9
14
0
30
9
94
9
14
1
39
9
74
9
94
9
93
9
64
9
94
9
13
14
56
9
99
9
94
9
34
9
99
11
23
9
99
12
24
9
74
9
12
9
73
9
74
9
74
12
24
0
90
16
58
9
99
9
79
12
84
4
9
12
84
12
84
13
25
12
24
9
92
9
64
12
54
9
64
9
14
14
26
0
80
13
55
9
99
13
55
9
34
9
94
16
88
9
34
9
34
9
32
14
86
9
63
14
26
9
14
9
94
9
74
13
55
9
99
9
34
9
74
15
87
12
54
9
94
9
99
9
94
9
74
9
64
9
92
9
44
9
64
13
25
9
99
13
25
15
57
9
34
9
93
12
24
9
99
11
53
9
99
9
34
9
74
9
94
9
31
9
94
9
92
9
34
14
52
10
52
14
86
12
84
9
94
9
94
9
74
9
44
9
74
9
63
9
93
9
93
12
84
9
14
9
14
9
13
9
84
14
26
9
64
9
34
9
99
9
99
11
83
9
14
13
25
9
64
9
99
9
92
9
14
9
44
13
55
9
34
9
34
16
88
14
56
9
34
9
14
9
99
9
14
9
14
16
88
9
44
13
25
10
82
13
55
9
14
9
99
9
64
9
34
16
88
9
32
9
44
13
55
9
94
9
94
9
64
9
43
9
44
12
24
15
87
9
34
16
28
9
14
9
44
9
74
14
26
9
74
12
54
9
99
12
24
9
64
9
44
9
32
9
14
14
26
12
54
9
14
12
54
9
14
10
82
9
99
9
62
12
84
9
34
14
86
0
2
0
30
11
83
9
99
0
50
3
79
9
13
9
14
9
94
12
24
9
99
9
93
0
37
16
88
9
14
9
64
9
64
9
64
9
94
9
94
9
64
11
23
9
62
13
55
9
62
9
34
16
88
9
14
9
34
9
44
9
99
15
57
11
53
10
82
14
86
9
64
9
99
13
25
9
42
9
71
9
93
9
99
9
34
9
68
9
32
9
14
9
64
9
74
9
99
14
26
9
94
9
32
0
80
9
94
9
99
9
12
15
57
9
34
12
84
0
80
9
74
9
94
3
39
9
73
8
75
9
63
11
83
9
34
9
99
9
44
9
74
9
44
9
99
13
85
14
26
9
14
9
94
9
34
9
99
2
59
9
64
15
87
14
26
9
64
15
87
9
74
9
42
9
14
9
14
9
44
14
56
9
14
9
99
11
83
9
44
9
14
9
34
9
94
9
99
9
44
9
44
12
24
9
44
9
74
9
44
9
14
9
44
0
99
16
88
10
52
0
90
9
64
11
53
9
14
9
74
9
94
9
99
9
14
9
44
9
94
9
64
9
94
12
24
9
43
12
24
9
72
9
43
9
74
9
63
9
74
13
25
15
87
9
44
13
55
14
26
9
64
9
34
15
87
9
64
15
27
13
25
9
99
10
52
9
74
9
34
9
13
9
99
0
37
1
9
11
23
9
94
9
99
9
74
9
99
9
94
11
53
9
74
9
94
9
94
13
25
9
32
14
86
9
44
9
94
9
99
9
12
9
77
9
14
3
79
10
52
12
24
9
14
15
87
15
87
9
94
12
54
9
74
9
94
13
25
9
99
16
88
9
34
15
21
9
99
9
64
9
74
14
56
9
99
9
94
12
54
9
34
9
34
14
26
11
23
11
23
12
84
9
34
9
34
10
52
9
99
9
99
9
64
14
26
9
12
9
42
9
14
0
40
9
99
9
44
16
58
12
54
14
56
11
83
9
99
9
64
13
25
9
44
9
94
9
12
4
89
9
64
12
54
9
34
9
14
9
34
12
54
9
14
9
44
9
34
0
0
11
23
9
94
9
34
9
99
12
54
13
25
13
25
9
63
9
92
12
54
9
34
9
74
11
23
9
94
9
94
9
74
9
44
16
28
9
44
9
99
11
83
12
24
12
54
9
32
9
99
11
23
9
64
13
25
9
14
12
84
9
99
3
79
9
43
11
83
13
25
13
85
9
64
9
74
9
64
9
14
9
99
9
73
9
94
9
99
9
44
9
64
16
28
9
44
9
14
9
34
14
56
9
72
9
64
9
94
15
57
11
83
9
44
9
99
9
64
0
30
9
64
9
64
9
43
9
14
9
33
13
85
9
94
9
44
9
34
2
89
13
85
9
44
9
13
9
87
9
42
8
75
9
13
4
89
9
64
9
64
9
74
11
23
9
34
9
18
9
64
9
34
9
34
15
27
13
25
9
12
16
28
12
54
9
99
13
55
15
57
12
54
13
25
9
94
9
14
9
74
9
14
9
14
9
14
9
34
9
73
10
82
9
94
9
94
4
69
9
72
11
53
9
94
9
73
9
27
9
99
9
94
9
64
1
19
9
14
9
94
9
94
3
79
9
64
9
64
16
58
12
84
9
43
9
64
11
53
13
85
0
20
9
14
14
86
9
33
9
44
9
62
9
94
9
74
12
84
9
14
9
73
9
94
9
34
9
33
9
94
9
14
0
70
9
63
9
44
15
57
9
14
9
14
9
64
9
74
9
74
9
14
9
34
13
55
14
56
9
64
9
74
9
94
15
87
9
74
9
93
9
44
14
56
12
54
15
87
9
14
9
12
9
44
9
99
12
84
9
99
9
94
12
54
9
14
12
84
9
43
9
94
9
64
9
74
9
42
9
72
11
53
9
99
13
25
9
74
9
74
9
99
0
10
9
14
9
44
9
14
9
94
9
99
9
74
11
23
9
94
9
74
16
58
9
33
13
55
12
54
9
44
4
99
9
44
9
13
16
58
14
86
12
84
9
99
9
87
10
52
11
83
2
9
9
94
1
69
14
56
9
14
11
53
9
99
13
25
10
22
9
73
9
34
14
86
10
82
13
25
9
64
9
99
9
72
9
74
9
99
9
74
9
44
9
34
13
55
9
99
14
86
9
34
9
99
9
66
9
14
13
25
9
34
9
14
9
14
9
74
14
56
9
99
14
56
9
62
9
14
13
55
11
83
9
44
9
64
15
27
11
23
9
43
9
93
9
94
4
29
0
50
9
99
13
55
15
27
12
54
9
64
10
82
9
94
9
63
9
56
9
34
13
55
9
94
9
34
13
55
12
84
9
13
9
99
9
94
0
47
0
18
0
80
9
44
