5
19
8
88
8
10
4
74
4
4
6
19
8
60
4
45
5
25
7
84
6
9
4
89
4
8
5
79
4
69
5
59
6
75
7
89
8
40
7
64
0
30
4
59
8
80
8
89
8
99
6
94
6
37
8
87
4
36
5
59
5
39
7
79
4
99
4
78
8
99
6
37
8
30
5
44
6
8
5
44
7
27
6
38
4
28
4
49
4
48
6
49
6
15
5
39
4
97
4
19
4
78
4
89
4
77
4
57
8
56
7
57
5
79
6
89
8
10
4
86
6
69
6
59
5
9
7
17
4
74
7
74
8
77
7
78
5
7
4
29
5
19
6
74
8
38
8
20
6
79
6
68
5
45
5
48
4
6
8
47
5
64
8
97
8
20
5
59
7
65
6
25
8
30
4
39
5
84
8
90
8
5
7
79
8
99
7
49
6
99
6
5
7
17
8
56
8
48
4
48
5
59
7
29
6
15
4
39
0
20
5
74
4
69
5
94
7
89
5
94
8
70
6
38
8
40
5
69
6
97
6
96
7
69
5
49
8
66
8
60
4
39
5
85
5
57
6
77
7
49
4
69
6
79
7
89
8
60
5
79
5
39
5
98
6
89
6
9
5
59
7
16
8
17
7
45
4
29
8
69
6
48
7
65
8
89
5
39
4
5
8
60
7
68
8
19
5
99
6
39
6
99
8
99
5
68
6
59
6
39
8
18
6
97
6
26
0
40
8
10
8
95
6
85
7
49
8
70
6
75
8
90
8
68
5
79
5
79
6
14
5
49
8
70
8
70
7
79
8
40
5
84
5
59
6
25
5
48
4
28
4
9
4
89
4
19
0
50
5
14
5
59
4
38
4
57
4
36
6
65
7
6
6
56
4
19
5
45
6
99
6
47
6
49
5
84
8
78
6
37
7
39
7
69
8
75
5
49
4
47
7
54
5
4
6
29
8
6
4
64
7
75
7
57
7
15
6
69
8
76
4
58
7
79
4
54
6
57
7
54
6
9
7
79
5
39
5
37
5
49
7
89
6
29
8
70
8
69
6
26
5
79
4
49
4
94
8
18
4
79
7
29
5
28
4
39
8
80
7
44
6
99
4
79
7
55
5
55
6
36
7
11
7
17
7
59
6
15
4
55
7
89
5
99
6
55
7
46
5
18
5
29
6
65
5
25
5
46
8
88
7
69
5
36
8
60
6
9
7
59
4
69
7
87
8
5
6
89
8
85
8
75
5
84
5
59
7
19
8
97
6
99
4
99
8
38
0
40
7
84
5
9
5
79
4
55
8
88
8
40
7
59
7
39
4
54
5
34
5
28
8
95
6
9
5
49
8
17
4
69
6
19
8
50
8
99
4
61
7
99
0
90
4
19
8
70
6
26
7
36
6
58
6
29
2
99
7
9
4
7
0
30
6
89
6
8
1
34
7
69
8
90
6
85
6
59
5
89
7
5
6
49
6
99
4
88
4
29
8
98
8
15
5
99
4
16
5
69
7
4
4
65
5
66
4
69
8
16
0
90
8
50
4
99
7
79
8
76
4
9
4
76
4
79
5
18
4
18
6
84
7
59
6
46
4
59
4
9
8
18
0
80
6
47
7
97
5
49
6
29
8
90
8
80
6
29
6
28
4
24
6
79
5
55
7
18
7
8
8
88
6
69
5
49
6
99
8
30
7
66
8
79
4
48
4
88
7
95
8
87
6
69
5
59
7
84
6
37
5
59
5
19
5
94
5
19
7
49
5
29
4
85
7
16
5
95
5
45
5
97
7
29
4
69
4
89
6
31
7
89
7
84
5
29
6
52
4
44
6
78
4
79
4
89
7
89
6
69
4
39
7
67
4
55
5
85
7
85
4
78
8
10
5
9
4
5
8
84
6
19
4
59
4
29
4
95
8
99
5
75
8
10
8
17
5
59
4
99
7
84
5
9
8
36
5
49
4
29
6
29
8
80
7
48
7
29
4
9
8
98
7
9
5
7
8
80
8
40
5
19
7
74
5
49
4
9
7
99
6
59
5
29
8
80
6
24
8
40
5
49
6
88
8
86
4
56
8
35
6
39
4
17
7
79
5
29
8
20
4
9
8
40
7
69
8
18
4
68
4
49
6
97
4
19
8
59
4
39
6
24
7
9
6
19
4
49
8
8
5
46
4
8
5
74
7
99
7
54
8
76
5
29
7
78
0
2
0
30
4
75
5
97
0
50
3
74
5
5
6
9
4
86
6
16
6
99
5
85
0
37
8
80
6
9
6
59
4
59
7
57
8
87
6
86
5
59
6
15
7
54
8
47
5
54
6
29
8
80
4
9
7
29
6
39
5
97
7
49
5
45
7
74
6
78
6
59
4
99
5
19
4
34
4
71
7
85
6
99
7
29
4
68
6
24
8
10
7
59
8
66
4
94
6
19
5
89
7
24
0
80
6
87
7
97
4
4
7
49
5
26
8
76
0
80
7
69
5
87
3
39
8
65
5
75
4
55
8
75
7
29
5
99
7
39
6
69
5
36
6
99
7
77
6
19
5
9
6
89
7
29
5
99
2
55
7
59
7
79
6
19
6
59
7
79
5
68
7
34
7
6
8
6
6
38
8
48
8
10
5
99
5
75
4
39
8
10
6
29
4
89
5
99
6
39
5
37
4
19
6
39
6
69
8
38
4
8
4
36
0
99
8
80
5
44
0
90
8
60
6
45
8
10
7
69
6
87
5
97
7
9
8
39
6
89
8
58
8
88
8
16
8
35
4
16
5
64
8
35
8
69
4
55
4
69
5
17
7
79
7
38
8
47
8
18
7
58
4
26
7
79
5
59
7
19
5
19
4
95
5
44
8
66
6
29
8
5
6
94
0
37
1
9
8
15
5
89
6
94
8
66
4
99
8
90
6
45
6
69
6
89
4
87
6
17
6
24
6
79
4
39
7
89
4
98
5
4
6
77
5
9
3
76
4
44
4
19
4
6
7
79
7
79
4
89
8
46
4
69
6
89
6
17
5
95
8
80
4
26
7
21
7
99
4
59
6
68
6
49
8
96
7
89
4
49
8
30
4
29
6
19
6
15
7
15
5
76
7
26
6
29
7
44
6
99
5
99
4
59
6
19
6
4
7
34
6
9
0
40
4
99
5
39
8
50
4
46
8
48
7
75
4
95
7
57
5
17
5
39
8
90
6
4
4
88
5
59
5
46
6
29
7
9
5
28
4
46
7
9
7
39
6
29
0
0
8
15
8
86
4
27
5
99
4
46
5
19
5
19
8
55
5
84
4
49
7
27
7
66
4
15
5
89
7
89
7
67
8
36
8
20
6
38
5
97
5
75
4
19
4
49
7
24
4
99
8
15
5
57
5
19
4
9
6
76
7
95
3
74
4
35
4
75
6
17
5
79
6
58
8
70
4
59
7
9
8
99
8
65
4
87
4
99
6
38
7
59
8
20
5
38
4
9
4
27
8
48
4
64
5
59
8
90
7
49
5
75
8
40
4
99
7
58
0
30
4
58
5
58
4
35
7
7
6
25
5
79
4
89
7
39
7
29
2
84
7
77
5
39
8
5
4
87
7
34
7
75
5
5
4
87
5
59
7
59
7
69
4
15
5
27
8
18
6
59
4
27
5
29
8
19
5
18
5
4
8
20
4
49
4
94
6
47
8
49
6
46
5
19
8
89
7
6
7
69
6
9
7
9
8
9
5
29
5
65
5
74
4
89
8
90
4
69
4
64
8
45
4
86
7
65
4
27
6
98
6
88
7
59
1
19
8
10
7
88
7
89
3
79
8
60
6
57
8
50
8
76
7
35
5
59
5
45
7
77
0
20
5
9
8
78
8
25
7
39
4
54
4
86
7
67
4
79
4
6
7
65
5
89
8
30
8
25
6
89
8
6
0
70
8
55
7
37
7
49
4
7
4
9
7
56
7
66
8
68
7
9
4
29
5
49
6
49
7
56
4
69
4
87
7
79
7
66
6
85
6
39
6
49
4
48
7
79
5
9
7
12
4
36
4
96
6
76
8
99
6
89
5
46
8
10
4
79
6
35
4
89
8
60
5
69
4
34
6
64
4
45
8
99
5
19
6
69
8
70
7
99
0
10
8
9
7
39
7
9
5
88
5
99
4
67
6
15
4
89
8
70
8
50
6
25
6
47
4
49
7
39
4
99
7
39
7
5
8
50
6
78
5
76
4
96
4
87
5
44
6
75
2
9
7
89
1
68
6
49
6
9
8
45
5
99
5
19
5
14
5
65
7
28
6
78
6
74
5
17
8
58
7
99
7
64
4
67
5
94
8
68
4
36
4
29
6
47
4
99
6
79
4
26
4
94
5
66
4
9
5
18
4
28
5
8
6
7
7
68
6
48
6
97
6
49
6
54
6
9
5
48
7
75
4
39
8
59
7
19
4
15
6
35
5
85
7
87
4
29
0
50
6
95
5
49
7
19
4
48
5
59
6
74
5
86
7
55
6
56
5
29
5
49
5
89
4
29
8
47
4
77
6
5
6
99
8
86
0
47
0
18
0
80
7
37
