3
19
6
86
6
9
2
72
2
2
4
19
6
58
2
43
3
23
5
82
4
9
2
87
2
6
3
79
2
69
3
57
4
73
5
89
6
39
5
62
0
30
2
59
6
78
6
87
6
97
4
92
4
35
6
85
2
34
3
59
3
37
5
78
2
99
2
76
6
97
4
35
6
29
3
42
4
6
3
42
5
25
4
36
2
26
2
47
2
46
4
49
4
13
3
39
2
95
2
19
2
76
2
88
2
75
2
55
6
54
5
55
3
78
4
88
6
8
2
84
4
67
4
57
3
8
5
15
2
72
5
72
6
75
5
76
3
5
2
27
3
19
4
72
6
36
6
19
4
78
4
66
3
43
3
46
2
4
6
45
3
62
6
95
6
18
3
59
5
63
4
23
6
28
2
38
3
82
6
89
6
3
5
79
6
99
5
49
4
99
4
3
5
15
6
54
6
46
2
46
3
57
5
27
4
13
2
39
0
20
3
72
2
68
3
92
5
89
3
92
6
68
4
36
6
39
3
69
4
95
4
94
5
69
3
48
6
64
6
59
2
38
3
83
3
55
4
75
5
49
2
68
4
79
5
89
6
59
3
79
3
39
3
96
4
89
4
9
3
59
5
14
6
15
5
43
2
29
6
67
4
46
5
63
6
87
3
37
2
3
6
59
5
66
6
17
3
99
4
38
4
99
6
97
3
66
4
59
4
39
6
16
4
95
4
24
0
40
6
9
6
93
4
83
5
49
6
69
4
73
6
89
6
66
3
79
3
79
4
12
3
49
6
69
6
69
5
78
6
39
3
82
3
59
4
23
3
46
2
26
2
9
2
88
2
17
0
50
3
12
3
59
2
36
2
55
2
34
4
63
5
4
4
54
2
18
3
43
4
97
4
45
4
49
3
82
6
76
4
35
5
37
5
68
6
73
3
48
2
45
5
52
3
2
4
27
6
4
2
62
5
73
5
55
5
13
4
69
6
74
2
56
5
79
2
52
4
55
5
52
4
9
5
79
3
39
3
35
3
49
5
87
4
28
6
69
6
67
4
24
3
78
2
49
2
92
6
16
2
77
5
29
3
26
2
37
6
79
5
42
4
97
2
79
5
53
3
53
4
34
5
11
5
15
5
59
4
13
2
53
5
89
3
97
4
53
5
44
3
16
3
28
4
63
3
23
3
44
6
86
5
69
3
34
6
59
4
7
5
58
2
68
5
85
6
3
4
88
6
83
6
73
3
82
3
59
5
19
6
95
4
99
2
99
6
36
0
40
5
82
3
9
3
79
2
53
6
86
6
38
5
59
5
39
2
52
3
32
3
26
6
93
4
8
3
47
6
15
2
67
4
17
6
49
6
99
2
61
5
99
0
90
2
19
6
68
4
24
5
34
4
56
4
29
2
98
5
9
2
5
0
30
4
89
4
6
1
32
5
69
6
88
4
83
4
57
3
88
5
3
4
47
4
99
2
86
2
27
6
96
6
13
3
98
2
14
3
69
5
2
2
63
3
64
2
68
6
14
0
90
6
49
2
99
5
79
6
74
4
9
2
74
2
78
3
16
2
16
4
82
5
59
4
44
2
59
2
9
6
16
0
80
4
45
5
95
3
47
4
29
6
89
6
78
4
29
4
26
2
22
4
79
3
53
5
16
5
6
6
86
4
69
3
48
4
98
6
29
5
64
6
77
2
46
2
86
5
93
6
85
4
68
3
57
5
82
4
35
3
59
3
19
3
92
3
19
5
48
3
27
2
83
5
14
3
93
3
43
3
95
5
29
2
69
2
88
4
31
5
88
5
82
3
29
4
52
2
42
4
76
2
79
2
88
5
88
4
67
2
38
5
65
2
53
3
83
5
83
2
76
6
9
3
9
2
3
6
84
4
19
2
59
2
29
2
93
6
99
3
73
6
9
6
15
3
59
2
99
5
82
3
9
6
34
3
49
2
27
4
29
6
79
5
46
5
29
2
8
6
96
5
9
3
5
6
79
6
38
3
19
5
72
3
49
2
9
5
99
4
59
3
28
6
79
4
22
6
39
3
49
4
86
6
84
2
54
6
33
4
37
2
15
5
78
3
28
6
19
2
7
6
39
5
68
6
16
2
66
2
49
4
95
2
19
6
57
2
38
4
22
5
9
4
17
2
49
6
6
3
44
2
6
3
72
5
97
5
52
6
74
3
29
5
76
0
2
0
30
2
73
3
95
0
50
3
72
3
3
4
9
2
84
4
14
4
99
3
83
0
37
6
79
4
9
4
59
2
59
5
55
6
85
4
84
3
59
4
13
5
52
6
45
3
52
4
29
6
79
2
9
5
29
4
38
3
95
5
49
3
43
5
72
4
76
4
59
2
99
3
19
2
32
2
71
5
83
4
97
5
29
2
68
4
22
6
9
5
58
6
64
2
92
4
19
3
87
5
22
0
80
4
85
5
95
2
2
5
48
3
24
6
74
0
80
5
69
3
85
3
39
6
63
3
75
2
53
6
73
5
29
3
99
5
39
4
69
3
34
4
99
5
75
4
18
3
9
4
89
5
29
3
98
2
53
5
57
5
78
4
19
4
59
5
79
3
66
5
32
5
4
6
4
4
36
6
46
6
9
3
99
3
73
2
39
6
9
4
27
2
89
3
99
4
39
3
35
2
19
4
38
4
67
6
36
2
6
2
34
0
99
6
79
3
42
0
90
6
59
4
43
6
9
5
69
4
85
3
95
5
8
6
37
4
88
6
56
6
86
6
14
6
33
2
14
3
62
6
33
6
67
2
53
2
69
3
15
5
79
5
36
6
45
6
16
5
56
2
24
5
78
3
58
5
17
3
19
2
93
3
42
6
64
4
29
6
3
4
92
0
37
1
9
6
13
3
88
4
92
6
64
2
98
6
88
4
43
4
68
4
87
2
85
4
15
4
22
4
77
2
39
5
89
2
96
3
2
4
77
3
9
3
74
2
42
2
19
2
4
5
77
5
79
2
89
6
44
2
69
4
89
4
15
3
93
6
79
2
24
5
21
5
97
2
59
4
66
4
48
6
94
5
89
2
47
6
29
2
29
4
19
4
13
5
13
3
74
5
24
4
29
5
42
4
99
3
99
2
59
4
19
4
2
5
32
4
9
0
40
2
99
3
39
6
49
2
44
6
46
5
73
2
93
5
55
3
15
3
39
6
89
4
2
4
86
3
59
3
44
4
29
5
7
3
26
2
44
5
9
5
37
4
27
0
0
6
13
6
84
2
25
3
99
2
44
3
19
3
19
6
53
3
82
2
49
5
25
5
64
2
13
3
88
5
87
5
65
6
34
6
19
4
36
3
95
3
73
2
19
2
49
5
22
2
99
6
13
3
55
3
19
2
9
4
74
5
93
3
72
2
33
2
73
4
15
3
78
4
56
6
69
2
57
5
7
6
98
6
63
2
85
2
97
4
36
5
59
6
19
3
36
2
9
2
25
6
46
2
62
3
59
6
89
5
49
3
73
6
39
2
98
5
56
0
30
2
56
3
56
2
33
5
5
4
23
3
79
2
87
5
39
5
29
2
82
5
75
3
39
6
3
2
87
5
32
5
75
3
3
4
85
3
58
5
59
5
69
2
13
3
25
6
18
4
59
2
25
3
27
6
17
3
16
3
2
6
18
2
49
2
92
4
45
6
47
4
44
3
19
6
87
5
4
5
68
4
9
5
7
6
7
3
28
3
63
3
72
2
88
6
89
4
69
2
62
6
43
2
84
5
63
2
27
4
96
4
86
5
57
1
19
6
9
5
86
5
89
3
78
6
59
4
55
6
48
6
74
5
33
3
59
3
43
5
75
0
20
3
7
6
76
6
23
5
39
2
52
2
84
5
65
2
77
2
4
5
63
3
88
6
28
6
23
4
87
6
4
0
70
6
53
5
35
5
49
2
5
2
7
5
54
5
64
6
66
5
9
2
28
3
47
4
49
5
54
2
67
2
85
5
79
5
64
4
83
4
39
4
49
2
46
5
79
3
9
5
12
2
34
2
94
4
74
6
98
4
89
3
44
6
9
2
77
4
33
2
87
6
59
3
69
2
32
4
62
2
43
6
99
3
19
4
69
6
69
5
98
0
10
6
7
5
39
5
9
3
86
3
98
2
65
4
13
2
89
6
69
6
49
4
23
4
45
2
48
5
39
4
99
5
39
5
3
6
48
4
76
3
74
2
94
2
87
3
42
4
73
2
7
5
88
1
66
4
49
4
9
6
43
3
99
3
18
3
12
3
63
5
26
4
76
4
72
3
15
6
56
5
99
5
62
2
65
3
92
6
66
2
34
2
29
4
45
2
99
4
78
2
24
2
92
3
66
2
9
3
16
2
26
3
6
4
5
5
66
4
46
4
95
4
49
4
52
4
9
3
46
5
73
2
39
6
57
5
19
2
13
4
33
3
83
5
85
4
29
0
50
4
93
3
49
5
17
2
46
3
58
4
72
3
84
5
53
4
56
3
29
3
49
3
89
2
29
6
45
2
75
4
3
4
99
6
84
0
47
0
18
0
80
5
35
