16
28
9
94
9
14
13
85
9
14
17
29
9
64
14
56
9
34
9
94
9
14
9
94
9
14
16
88
9
74
9
64
14
86
9
94
9
44
9
74
0
30
9
64
19
91
9
94
9
99
9
99
9
44
9
94
9
44
9
64
9
44
18
90
9
99
15
87
9
99
9
44
9
34
13
55
9
14
13
55
9
34
9
44
9
34
15
57
15
57
17
59
14
26
9
44
9
99
15
27
15
87
9
94
15
87
9
64
9
64
9
64
16
88
9
94
9
14
9
94
9
74
9
64
9
14
16
28
13
85
13
85
16
88
17
89
9
14
9
34
16
28
13
85
9
44
19
31
17
89
9
74
14
56
16
58
9
14
16
58
9
74
9
99
19
31
9
64
9
74
9
34
9
34
9
44
9
94
9
94
9
14
18
90
9
99
18
60
9
99
9
14
16
28
9
64
17
59
15
57
9
64
9
34
14
26
9
44
0
20
13
85
9
74
9
99
9
94
9
99
9
74
9
44
9
44
9
74
9
99
9
99
9
74
16
58
9
74
9
64
9
44
9
94
9
64
16
88
18
60
9
74
17
89
9
94
9
64
16
88
9
44
9
99
9
94
9
14
9
64
15
27
16
28
14
56
9
34
9
74
17
59
9
74
9
94
9
44
9
14
9
64
9
74
18
30
9
99
9
44
9
99
9
99
9
74
9
64
9
44
17
29
9
99
9
34
0
40
9
14
9
99
9
94
18
60
9
74
14
86
9
94
9
74
16
88
16
88
13
25
16
58
9
74
9
74
18
90
9
44
9
94
9
64
9
34
16
58
9
34
9
14
9
94
15
27
0
50
13
25
9
64
9
44
9
64
9
44
9
74
9
14
9
64
15
27
14
56
9
99
16
58
17
59
9
94
17
89
9
44
9
44
9
74
14
86
16
58
15
57
9
64
9
14
9
34
9
14
9
74
14
86
9
64
14
26
9
74
15
87
9
64
18
90
9
64
9
64
9
64
9
14
18
90
9
44
9
44
16
58
9
94
9
34
9
74
9
74
9
34
16
88
15
57
9
99
17
29
15
87
9
34
9
34
9
44
19
91
13
55
9
99
15
87
9
64
9
64
9
44
9
11
16
28
9
64
14
26
9
64
9
94
9
99
9
64
15
57
16
28
9
34
9
74
9
34
15
57
9
94
9
74
9
44
9
64
9
14
9
64
9
74
9
94
9
14
9
94
9
94
14
86
9
94
9
64
18
30
9
99
9
99
9
99
9
44
0
40
9
94
9
14
16
88
9
64
9
94
9
44
9
64
9
44
9
64
9
44
9
34
9
99
9
14
16
58
16
28
9
74
17
29
19
61
9
99
9
61
9
99
0
90
15
27
9
74
9
34
9
44
9
64
9
34
2
99
9
14
9
14
0
30
9
94
9
14
1
39
9
74
9
94
9
94
9
64
9
94
9
14
17
59
9
99
9
94
9
34
9
99
14
26
9
99
15
27
9
74
9
14
9
74
9
74
9
74
15
27
0
90
19
61
9
99
9
79
15
87
4
9
15
87
15
87
16
28
15
27
9
94
9
64
15
57
9
64
9
14
17
29
0
80
16
58
9
99
16
58
9
34
9
94
19
91
9
34
9
34
9
34
17
89
9
64
17
29
9
14
9
94
9
74
16
58
9
99
9
34
9
74
18
90
15
57
9
94
9
99
9
94
9
74
9
64
9
94
9
44
9
64
16
28
9
99
16
28
18
60
9
34
9
94
15
27
9
99
14
56
9
99
9
34
9
74
9
94
9
31
9
94
9
94
9
34
17
52
13
55
17
89
15
87
9
94
9
94
9
74
9
44
9
74
9
64
9
94
9
94
15
87
9
14
9
14
9
14
9
84
17
29
9
64
9
34
9
99
9
99
14
86
9
14
16
28
9
64
9
99
9
94
9
14
9
44
16
58
9
34
9
34
19
91
17
59
9
34
9
14
9
99
9
14
9
14
19
91
9
44
16
28
13
85
16
58
9
14
9
99
9
64
9
34
19
91
9
34
9
44
16
58
9
94
9
94
9
64
9
44
9
44
15
27
18
90
9
34
19
31
9
14
9
44
9
74
17
29
9
74
15
57
9
99
15
27
9
64
9
44
9
34
9
14
17
29
15
57
9
14
15
57
9
14
13
85
9
99
9
64
15
87
9
34
17
89
0
2
0
30
14
86
9
99
0
50
3
79
9
14
9
14
9
94
15
27
9
99
9
94
0
37
19
91
9
14
9
64
9
64
9
64
9
94
9
94
9
64
14
26
9
64
16
58
9
64
9
34
19
91
9
14
9
34
9
44
9
99
18
60
14
56
13
85
17
89
9
64
9
99
16
28
9
44
9
71
9
94
9
99
9
34
9
68
9
34
9
14
9
64
9
74
9
99
17
29
9
94
9
34
0
80
9
94
9
99
9
14
18
60
9
34
15
87
0
80
9
74
9
94
3
39
9
74
8
75
9
64
14
86
9
34
9
99
9
44
9
74
9
44
9
99
16
88
17
29
9
14
9
94
9
34
9
99
2
59
9
64
18
90
17
29
9
64
18
90
9
74
9
44
9
14
9
14
9
44
17
59
9
14
9
99
14
86
9
44
9
14
9
34
9
94
9
99
9
44
9
44
15
27
9
44
9
74
9
44
9
14
9
44
0
99
19
91
13
55
0
90
9
64
14
56
9
14
9
74
9
94
9
99
9
14
9
44
9
94
9
64
9
94
15
27
9
44
15
27
9
74
9
44
9
74
9
64
9
74
16
28
18
90
9
44
16
58
17
29
9
64
9
34
18
90
9
64
18
30
16
28
9
99
13
55
9
74
9
34
9
14
9
99
0
37
1
9
14
26
9
94
9
99
9
74
9
99
9
94
14
56
9
74
9
94
9
94
16
28
9
34
17
89
9
44
9
94
9
99
9
14
9
77
9
14
3
79
13
55
15
27
9
14
18
90
18
90
9
94
15
57
9
74
9
94
16
28
9
99
19
91
9
34
18
21
9
99
9
64
9
74
17
59
9
99
9
94
15
57
9
34
9
34
17
29
14
26
14
26
15
87
9
34
9
34
13
55
9
99
9
99
9
64
17
29
9
14
9
44
9
14
0
40
9
99
9
44
19
61
15
57
17
59
14
86
9
99
9
64
16
28
9
44
9
94
9
14
4
89
9
64
15
57
9
34
9
14
9
34
15
57
9
14
9
44
9
34
0
0
14
26
9
94
9
34
9
99
15
57
16
28
16
28
9
64
9
94
15
57
9
34
9
74
14
26
9
94
9
94
9
74
9
44
19
31
9
44
9
99
14
86
15
27
15
57
9
34
9
99
14
26
9
64
16
28
9
14
15
87
9
99
3
79
9
44
14
86
16
28
16
88
9
64
9
74
9
64
9
14
9
99
9
74
9
94
9
99
9
44
9
64
19
31
9
44
9
14
9
34
17
59
9
74
9
64
9
94
18
60
14
86
9
44
9
99
9
64
0
30
9
64
9
64
9
44
9
14
9
34
16
88
9
94
9
44
9
34
2
89
16
88
9
44
9
14
9
87
9
44
8
75
9
14
4
89
9
64
9
64
9
74
14
26
9
34
9
18
9
64
9
34
9
34
18
30
16
28
9
14
19
31
15
57
9
99
16
58
18
60
15
57
16
28
9
94
9
14
9
74
9
14
9
14
9
14
9
34
9
74
13
85
9
94
9
94
4
69
9
74
14
56
9
94
9
74
9
27
9
99
9
94
9
64
1
19
9
14
9
94
9
94
3
79
9
64
9
64
19
61
15
87
9
44
9
64
14
56
16
88
0
20
9
14
17
89
9
34
9
44
9
64
9
94
9
74
15
87
9
14
9
74
9
94
9
34
9
34
9
94
9
14
0
70
9
64
9
44
18
60
9
14
9
14
9
64
9
74
9
74
9
14
9
34
16
58
17
59
9
64
9
74
9
94
18
90
9
74
9
94
9
44
17
59
15
57
18
90
9
14
9
12
9
44
9
99
15
87
9
99
9
94
15
57
9
14
15
87
9
44
9
94
9
64
9
74
9
44
9
74
14
56
9
99
16
28
9
74
9
74
9
99
0
10
9
14
9
44
9
14
9
94
9
99
9
74
14
26
9
94
9
74
19
61
9
34
16
58
15
57
9
44
4
99
9
44
9
14
19
61
17
89
15
87
9
99
9
87
13
55
14
86
2
9
9
94
1
69
17
59
9
14
14
56
9
99
16
28
13
25
9
74
9
34
17
89
13
85
16
28
9
64
9
99
9
74
9
74
9
99
9
74
9
44
9
34
16
58
9
99
17
89
9
34
9
99
9
66
9
14
16
28
9
34
9
14
9
14
9
74
17
59
9
99
17
59
9
64
9
14
16
58
14
86
9
44
9
64
18
30
14
26
9
44
9
94
9
94
4
29
0
50
9
99
16
58
18
30
15
57
9
64
13
85
9
94
9
64
9
56
9
34
16
58
9
94
9
34
16
58
15
87
9
14
9
99
9
94
0
47
0
18
0
80
9
44
