9
99
9
94
12
24
9
94
9
64
9
44
12
84
9
13
12
84
9
72
9
14
9
13
0
90
9
12
9
74
14
26
9
63
9
99
11
83
11
83
9
93
9
64
10
52
9
99
9
74
9
64
14
56
9
34
9
64
9
74
9
63
9
51
9
63
13
85
9
99
9
62
11
53
9
44
14
86
13
25
9
99
9
14
9
81
13
25
9
74
12
24
9
42
9
14
9
74
11
53
9
81
9
13
12
54
9
91
9
43
15
57
9
73
9
14
0
10
9
44
9
99
12
24
9
41
13
55
13
25
15
57
0
0
9
33
9
14
9
34
9
99
9
44
10
22
9
73
14
86
9
63
9
92
12
54
11
22
9
34
9
72
9
74
9
41
13
25
14
86
9
51
10
22
9
64
9
73
14
56
9
74
10
52
13
25
12
84
15
27
9
94
9
34
9
42
9
34
9
99
9
73
12
24
9
34
10
22
9
64
12
54
9
99
13
25
9
14
9
64
9
13
11
83
11
83
14
56
9
34
9
44
9
99
9
74
9
93
9
94
9
43
9
81
14
86
11
83
9
33
9
64
9
44
12
24
9
14
9
44
9
63
9
42
9
34
14
56
12
54
14
86
9
44
9
99
9
14
9
99
11
83
9
99
9
62
9
44
9
14
10
52
9
31
9
44
11
53
9
93
9
94
9
99
0
20
15
27
10
22
9
51
12
54
9
14
9
51
9
91
9
33
9
72
9
33
9
74
9
99
12
54
9
32
9
99
9
99
14
86
9
21
9
14
9
64
9
99
9
21
9
34
9
64
9
72
9
44
9
99
9
64
9
13
9
44
0
10
12
24
9
99
9
64
9
12
9
34
9
99
9
74
9
64
9
62
9
51
12
54
14
56
9
64
13
55
9
34
9
44
10
22
14
56
9
99
9
34
9
99
9
44
13
55
9
62
9
72
10
22
9
93
9
34
9
34
9
14
9
99
9
43
9
73
9
34
0
30
9
33
9
92
9
48
9
63
15
57
0
10
9
74
9
64
9
93
9
94
9
43
9
74
10
52
15
27
0
30
13
85
9
14
9
14
9
56
9
73
9
44
10
22
9
94
9
99
9
99
9
14
12
84
9
14
9
99
9
44
11
53
9
72
9
64
9
44
9
34
9
99
9
12
9
43
9
34
9
64
9
74
0
90
9
42
9
64
14
82
9
74
9
34
12
84
15
87
9
44
12
54
9
14
9
61
9
73
9
74
9
33
9
44
9
73
9
13
15
87
9
74
9
61
9
12
9
71
11
83
9
94
11
53
13
85
9
99
9
93
1
99
9
21
9
93
9
13
9
92
9
99
0
40
9
94
12
24
9
99
9
44
9
64
9
43
9
34
9
38
9
93
9
63
9
73
9
99
10
52
9
14
9
92
10
52
11
83
9
14
9
14
11
83
9
64
9
64
9
11
9
74
9
99
9
62
9
34
11
23
9
73
9
32
13
85
14
86
9
73
9
33
9
94
9
13
9
91
15
27
9
44
0
16
9
33
9
14
9
14
9
43
9
93
9
43
9
11
9
33
9
42
9
13
9
64
9
64
9
14
9
13
9
99
9
74
12
24
12
24
9
99
13
25
9
74
9
33
9
12
12
54
0
0
11
53
9
99
9
13
9
14
9
14
12
84
1
99
9
11
9
34
12
24
9
99
9
99
13
85
11
83
9
62
9
12
9
99
9
14
9
99
9
13
11
53
9
74
9
63
9
18
13
85
9
93
9
74
12
24
9
61
9
34
9
43
9
21
9
73
14
86
9
43
9
74
14
86
15
57
10
52
9
64
13
83
9
99
9
14
12
54
9
63
9
93
9
64
9
33
9
74
9
34
10
52
9
73
11
53
10
22
9
14
9
74
9
74
9
33
9
14
10
52
9
92
9
44
9
63
9
99
9
99
10
52
9
34
14
56
14
86
9
91
9
64
9
72
15
27
9
74
9
94
9
99
9
41
12
54
15
87
9
94
9
14
9
44
9
62
13
55
9
44
9
99
9
14
9
14
9
14
9
73
0
30
9
34
10
82
9
44
9
12
9
32
9
14
9
99
9
74
11
53
9
33
13
85
9
94
12
54
15
57
9
99
9
99
14
86
9
34
12
84
13
85
9
94
9
99
9
34
12
54
9
44
9
43
9
31
10
22
9
93
14
56
9
74
9
13
9
33
9
32
9
44
12
54
11
23
9
94
12
54
0
73
9
99
9
64
9
73
9
14
9
72
9
14
9
74
9
74
14
26
9
74
9
99
9
93
9
64
11
23
9
64
9
34
9
92
9
91
9
34
9
74
9
44
9
99
9
64
11
83
0
80
9
94
9
93
3
49
12
84
11
23
9
93
9
74
9
93
13
85
0
59
9
44
9
14
9
33
9
61
9
42
12
54
10
52
9
94
9
74
9
94
9
94
9
99
9
12
9
64
9
14
10
22
12
84
10
22
9
99
11
53
9
14
12
84
13
25
13
55
11
83
9
31
12
54
9
64
9
74
9
93
12
24
9
34
12
84
9
99
9
99
11
23
9
99
9
91
15
87
9
61
9
11
9
64
11
53
11
53
9
94
4
79
13
55
9
63
10
82
9
99
9
21
15
57
9
13
9
74
9
99
9
72
2
89
9
93
9
63
9
12
9
64
9
14
9
92
9
93
9
41
11
83
9
62
9
64
9
94
9
14
9
62
9
94
13
85
9
34
9
43
9
41
14
56
14
26
9
41
9
93
11
53
9
99
14
56
9
64
9
33
9
34
9
13
9
94
9
94
10
82
14
26
9
71
9
42
9
74
0
40
13
25
9
93
9
44
11
53
9
14
14
26
0
40
9
63
11
53
9
99
12
84
9
64
12
84
9
99
12
24
9
17
9
62
9
44
3
39
9
94
9
14
9
93
9
33
9
51
9
99
9
99
9
73
14
56
9
14
11
53
12
54
9
44
9
34
14
86
9
94
9
33
9
99
9
51
9
14
12
54
9
14
12
54
9
44
12
54
9
21
9
64
9
42
9
72
4
79
9
59
9
31
9
14
9
64
14
56
9
13
9
63
9
41
9
64
9
94
9
99
9
92
9
51
9
93
13
25
12
54
9
14
9
42
10
22
9
99
9
34
9
99
9
51
9
34
9
74
9
99
9
63
9
14
9
44
9
91
9
99
9
14
11
53
9
44
9
74
15
27
9
99
15
27
9
94
11
53
9
14
9
44
9
21
9
91
13
55
9
33
10
22
0
90
12
54
9
33
13
85
9
91
9
63
9
13
9
94
13
55
9
44
0
86
9
64
13
55
9
51
9
64
11
53
9
43
10
22
9
13
9
94
13
85
9
94
9
74
11
83
9
94
9
43
13
55
15
87
13
25
11
23
11
83
9
34
9
33
9
51
9
38
9
12
9
51
15
87
9
44
14
26
14
26
11
83
9
64
9
78
11
23
9
34
9
14
9
33
11
83
9
94
9
21
9
74
11
83
10
22
9
73
9
44
9
88
9
34
9
93
4
79
9
64
9
44
15
87
9
77
12
24
9
14
9
44
9
64
9
34
3
39
14
86
14
26
9
44
9
74
15
27
11
53
9
64
9
32
12
54
9
32
14
26
9
44
9
63
0
70
12
24
9
14
9
44
11
53
9
94
9
99
12
54
9
51
11
83
9
32
9
99
13
55
12
24
11
83
9
7
9
43
9
94
9
18
9
99
9
94
9
14
9
99
14
86
11
23
9
74
9
99
9
74
9
34
9
92
11
83
9
13
9
34
9
81
14
26
9
64
9
94
12
24
0
34
9
99
9
51
13
55
9
44
11
53
10
52
9
44
9
14
12
84
9
64
9
47
12
84
12
54
9
34
9
46
12
84
9
64
9
91
9
64
11
53
9
64
11
53
10
22
9
12
9
61
9
14
9
73
9
74
9
94
13
25
13
85
9
44
9
11
9
13
9
74
9
14
9
14
9
14
11
83
9
41
9
12
9
44
9
44
12
84
11
83
9
14
10
82
1
69
9
44
9
74
15
87
9
74
9
94
9
43
9
14
9
63
9
99
9
44
9
99
15
27
9
74
9
99
9
64
9
99
9
14
9
62
9
44
9
73
9
34
9
44
9
71
9
94
9
13
13
55
9
94
14
56
9
33
12
24
9
64
9
44
12
84
9
34
9
14
9
64
14
86
12
54
9
44
0
90
9
14
9
94
9
14
9
14
9
97
11
83
9
74
2
69
12
24
14
56
9
14
9
34
13
85
9
13
9
74
9
34
9
64
15
87
9
74
14
26
9
44
9
44
9
14
11
53
14
56
2
19
9
99
9
99
9
62
11
53
9
44
12
24
9
64
0
50
9
44
9
42
9
64
13
55
9
99
9
14
9
44
9
33
9
64
9
73
9
74
15
87
12
54
9
99
9
64
9
61
9
93
9
93
14
56
11
23
9
94
14
26
9
34
9
91
9
94
9
34
0
20
12
24
13
55
11
23
9
72
11
23
1
16
9
14
13
55
9
31
9
12
12
54
