9
99
9
94
18
30
9
94
9
64
9
44
18
90
9
14
18
90
9
74
9
14
9
14
0
90
9
14
9
74
19
32
9
64
9
99
17
89
17
89
9
94
9
64
16
58
9
99
9
74
9
64
19
62
9
34
9
64
9
74
9
64
15
57
9
64
19
91
9
99
9
64
17
59
9
44
19
92
19
31
9
99
9
14
15
87
19
31
9
74
18
30
9
44
9
14
9
74
17
59
15
87
9
14
18
60
9
94
9
44
19
63
9
74
9
14
0
10
9
44
9
99
18
30
9
44
19
61
19
31
19
63
0
0
9
34
9
14
9
34
9
99
9
44
16
28
9
74
19
92
9
64
9
94
18
60
17
22
9
34
9
74
9
74
9
44
19
31
19
92
15
57
16
28
9
64
9
74
19
62
9
74
16
58
19
31
18
90
19
33
9
94
9
34
9
44
9
34
9
99
9
74
18
30
9
34
16
28
9
64
18
60
9
99
19
31
9
14
9
64
9
14
17
89
17
89
19
62
9
34
9
44
9
99
9
74
9
94
9
94
9
44
15
87
19
92
17
89
9
34
9
64
9
44
18
30
9
14
9
44
9
64
9
44
9
34
19
62
18
60
19
92
9
44
9
99
9
14
9
99
17
89
9
99
9
64
9
44
9
14
16
58
9
34
9
44
17
59
9
94
9
94
9
99
0
20
19
33
16
28
15
57
18
60
9
14
15
57
9
94
9
34
9
74
9
34
9
74
9
99
18
60
9
34
9
99
9
99
19
92
15
27
9
14
9
64
9
99
15
27
9
34
9
64
9
74
9
44
9
99
9
64
9
14
9
44
0
10
18
30
9
99
9
64
9
14
9
34
9
99
9
74
9
64
9
64
15
57
18
60
19
62
9
64
19
61
9
34
9
44
16
28
19
62
9
99
9
34
9
99
9
44
19
61
9
64
9
74
16
28
9
94
9
34
9
34
9
14
9
99
9
43
9
74
9
34
0
30
9
34
9
94
9
48
9
64
19
63
0
10
9
74
9
64
9
94
9
94
9
43
9
74
16
58
19
33
0
30
19
91
9
14
9
14
9
56
9
74
9
44
16
28
9
94
9
99
9
99
9
14
18
90
9
14
9
99
9
44
17
59
9
74
9
64
9
44
9
34
9
99
9
14
9
44
9
34
9
64
9
74
0
90
9
44
9
64
19
82
9
74
9
34
18
90
19
93
9
44
18
60
9
14
9
64
9
74
9
74
9
34
9
44
9
74
9
14
19
93
9
74
9
64
9
14
9
74
17
89
9
94
17
59
19
91
9
99
9
94
1
99
15
27
9
94
9
14
9
94
9
99
0
40
9
94
18
30
9
99
9
44
9
64
9
44
9
34
9
38
9
94
9
64
9
74
9
99
16
58
9
14
9
94
16
58
17
89
9
14
9
14
17
89
9
64
9
64
9
14
9
74
9
99
9
64
9
34
17
29
9
74
9
34
19
91
19
92
9
74
9
34
9
94
9
14
9
94
19
33
9
44
0
16
9
34
9
14
9
14
9
44
9
94
9
44
9
14
9
34
9
44
9
14
9
64
9
64
9
14
9
14
9
99
9
74
18
30
18
30
9
99
19
31
9
74
9
34
9
14
18
60
0
0
17
59
9
99
9
14
9
14
9
14
18
90
1
99
9
11
9
34
18
30
9
99
9
99
19
91
17
89
9
64
9
14
9
99
9
14
9
99
9
14
17
59
9
74
9
63
9
18
19
91
9
94
9
74
18
30
9
61
9
34
9
44
15
27
9
74
19
92
9
44
9
74
19
92
19
63
16
58
9
64
19
83
9
99
9
14
18
60
9
64
9
94
9
64
9
34
9
74
9
34
16
58
9
74
17
59
16
28
9
14
9
74
9
74
9
33
9
14
16
58
9
94
9
44
9
64
9
99
9
99
16
58
9
34
19
62
19
92
9
94
9
64
9
74
19
33
9
74
9
94
9
99
9
44
18
60
19
93
9
94
9
14
9
44
9
64
19
61
9
44
9
99
9
14
9
14
9
14
9
74
0
30
9
34
16
88
9
44
9
14
9
34
9
14
9
99
9
74
17
59
9
34
19
91
9
94
18
60
19
63
9
99
9
99
19
92
9
34
18
90
19
91
9
94
9
99
9
34
18
60
9
44
9
44
9
34
16
28
9
94
19
62
9
74
9
14
9
34
9
34
9
44
18
60
17
29
9
94
18
60
0
73
9
99
9
64
9
74
9
14
9
74
9
14
9
74
9
74
19
32
9
74
9
99
9
94
9
64
17
29
9
64
9
34
9
92
9
94
9
34
9
74
9
44
9
99
9
64
17
89
0
80
9
94
9
94
3
49
18
90
17
29
9
94
9
74
9
94
19
91
0
59
9
44
9
14
9
34
9
64
9
44
18
60
16
58
9
94
9
74
9
94
9
94
9
99
9
14
9
64
9
14
16
28
18
90
16
28
9
99
17
59
9
14
18
90
19
31
19
61
17
89
9
34
18
60
9
64
9
74
9
94
18
30
9
34
18
90
9
99
9
99
17
29
9
99
9
94
19
93
9
64
9
14
9
64
17
59
17
59
9
94
4
79
19
61
9
64
16
88
9
99
15
27
19
63
9
14
9
74
9
99
9
74
2
89
9
94
9
64
9
14
9
64
9
14
9
94
9
94
9
44
17
89
9
64
9
64
9
94
9
14
9
64
9
94
19
91
9
34
9
44
9
44
19
62
19
32
9
41
9
94
17
59
9
99
19
62
9
64
9
34
9
34
9
14
9
94
9
94
16
88
19
32
9
74
9
44
9
74
0
40
19
31
9
94
9
44
17
59
9
14
19
32
0
40
9
64
17
59
9
99
18
90
9
64
18
90
9
99
18
30
9
17
9
64
9
44
3
39
9
94
9
14
9
94
9
34
15
57
9
99
9
99
9
74
19
62
9
14
17
59
18
60
9
44
9
34
19
92
9
94
9
34
9
99
15
57
9
14
18
60
9
14
18
60
9
44
18
60
15
27
9
64
9
44
9
74
4
79
9
59
9
34
9
14
9
64
19
62
9
13
9
64
9
44
9
64
9
94
9
99
9
94
15
57
9
94
19
31
18
60
9
14
9
44
16
28
9
99
9
34
9
99
15
57
9
34
9
74
9
99
9
64
9
14
9
44
9
91
9
99
9
14
17
59
9
44
9
74
19
33
9
99
19
33
9
94
17
59
9
14
9
44
15
27
9
94
19
61
9
34
16
28
0
90
18
60
9
34
19
91
9
94
9
64
9
14
9
94
19
61
9
44
0
86
9
64
19
61
15
57
9
64
17
59
9
44
16
28
9
14
9
94
19
91
9
94
9
74
17
89
9
94
9
44
19
61
19
93
19
31
17
29
17
89
9
34
9
34
15
57
9
38
9
14
15
57
19
93
9
44
19
32
19
32
17
89
9
64
9
78
17
29
9
34
9
14
9
34
17
89
9
94
15
27
9
74
17
89
16
28
9
74
9
44
9
88
9
34
9
94
4
79
9
64
9
44
19
93
9
77
18
30
9
14
9
44
9
64
9
34
3
39
19
92
19
32
9
44
9
74
19
33
17
59
9
64
9
32
18
60
9
34
19
32
9
44
9
63
0
70
18
30
9
14
9
44
17
59
9
94
9
99
18
60
15
57
17
89
9
34
9
99
19
61
18
30
17
89
9
7
9
44
9
94
9
18
9
99
9
94
9
14
9
99
19
92
17
29
9
74
9
99
9
74
9
34
9
94
17
89
9
14
9
34
15
87
19
32
9
64
9
94
18
30
0
34
9
99
15
57
19
61
9
44
17
59
16
58
9
44
9
14
18
90
9
64
9
47
18
90
18
60
9
34
9
46
18
90
9
64
9
94
9
64
17
59
9
64
17
59
16
28
9
14
9
64
9
14
9
74
9
74
9
94
19
31
19
91
9
44
9
14
9
14
9
74
9
14
9
14
9
14
17
89
9
44
9
14
9
44
9
44
18
90
17
89
9
14
16
88
1
69
9
44
9
74
19
93
9
74
9
94
9
43
9
14
9
64
9
99
9
44
9
99
19
33
9
74
9
99
9
64
9
99
9
14
9
64
9
44
9
74
9
34
9
44
9
74
9
94
9
14
19
61
9
94
19
62
9
34
18
30
9
64
9
44
18
90
9
34
9
14
9
64
19
92
18
60
9
44
0
90
9
14
9
94
9
14
9
14
9
97
17
89
9
74
2
69
18
30
19
62
9
14
9
34
19
91
9
14
9
74
9
34
9
64
19
93
9
74
19
32
9
44
9
44
9
14
17
59
19
62
2
19
9
99
9
99
9
64
17
59
9
44
18
30
9
64
0
50
9
44
9
44
9
64
19
61
9
99
9
14
9
44
9
33
9
64
9
74
9
74
19
93
18
60
9
99
9
64
9
64
9
94
9
94
19
62
17
29
9
94
19
32
9
34
9
94
9
94
9
34
0
20
18
30
19
61
17
29
9
74
17
29
1
16
9
14
19
61
9
31
9
14
18
60
