9
99
9
91
9
21
9
92
9
61
9
44
9
81
8
10
9
81
9
69
9
11
8
10
0
90
9
9
9
73
11
23
9
60
9
99
8
80
9
80
9
90
9
64
9
49
8
99
9
74
9
64
11
53
9
32
9
61
9
73
8
60
8
48
8
60
10
82
9
99
9
59
8
50
9
42
11
83
10
22
9
99
9
13
9
78
10
22
9
72
9
21
9
39
9
12
9
72
9
50
9
78
9
10
9
51
8
88
8
40
12
54
9
70
9
11
0
10
9
42
9
99
9
21
8
38
10
52
10
22
12
54
0
0
9
30
9
14
9
31
9
99
9
44
9
19
8
70
11
83
8
60
9
89
9
51
8
22
9
33
8
69
9
73
9
38
10
22
11
83
9
48
9
19
9
61
8
70
11
53
9
72
9
49
10
22
9
81
12
24
9
94
9
31
9
39
9
33
9
99
9
70
9
21
9
34
8
19
9
61
9
51
8
99
10
22
9
13
9
62
9
10
8
80
8
80
11
53
9
31
9
42
9
99
9
71
8
90
9
91
9
40
9
78
11
83
8
80
8
30
9
61
9
42
9
21
9
14
9
41
9
60
8
39
9
33
11
53
9
51
11
83
9
41
8
99
9
11
9
99
8
80
9
99
9
59
9
44
9
13
9
49
9
28
9
41
9
50
9
90
9
91
9
99
0
20
12
24
9
19
9
48
9
51
9
12
9
48
9
88
8
30
9
69
8
30
9
71
9
99
9
51
9
29
9
99
9
99
11
83
9
18
9
12
9
61
9
99
9
18
9
31
9
61
9
69
9
41
9
99
9
63
8
10
9
42
0
10
9
21
9
99
9
64
8
9
9
31
8
99
9
71
9
64
9
59
9
48
9
51
11
53
9
64
10
52
9
31
9
42
9
19
11
53
9
99
9
33
9
98
9
44
10
52
9
59
9
69
9
19
8
90
9
31
9
33
9
12
9
99
9
43
9
70
9
33
0
30
8
30
9
89
9
48
9
60
12
54
0
10
9
72
9
61
9
90
9
93
8
44
9
71
9
49
12
24
0
30
10
82
9
11
9
11
9
56
9
70
9
42
8
19
9
93
9
99
9
99
9
11
9
81
9
11
9
98
9
41
8
50
9
69
9
61
9
41
9
32
9
99
9
9
8
40
9
33
9
63
9
72
0
90
9
39
9
63
11
82
9
71
9
32
9
81
12
84
9
42
9
51
9
14
9
58
9
70
9
71
9
30
9
42
8
70
8
10
12
84
9
72
9
58
9
9
9
68
9
80
9
94
9
50
10
82
9
99
8
90
1
99
8
18
8
90
8
10
9
89
8
99
0
40
9
91
9
21
9
99
9
44
9
63
8
40
9
33
8
38
8
90
9
60
8
70
9
98
9
49
9
13
8
89
9
49
8
80
9
12
9
12
8
80
9
61
9
64
9
8
9
73
9
99
9
59
9
31
9
20
8
70
8
29
10
82
11
83
8
70
8
30
9
94
8
10
9
88
12
24
9
41
0
16
8
30
9
12
9
12
9
40
8
90
9
40
9
8
8
30
9
39
8
10
9
61
9
61
9
12
8
10
8
99
9
73
9
21
9
21
9
99
10
22
9
73
8
30
9
9
9
51
0
0
8
50
9
99
8
10
9
13
9
11
9
81
1
99
9
11
9
33
9
21
9
99
9
99
10
82
8
80
9
59
9
9
9
99
9
13
9
99
9
10
9
50
9
73
9
63
9
18
10
82
9
90
9
72
9
21
9
61
9
32
9
40
9
18
8
70
11
83
9
40
9
71
11
83
12
54
9
49
9
61
10
83
9
99
9
12
9
51
8
60
9
90
9
61
8
30
9
72
9
32
9
49
9
70
8
50
8
19
9
13
9
74
9
73
9
33
9
12
9
49
9
89
9
42
9
60
9
99
9
99
9
49
9
31
11
53
11
83
9
88
9
61
9
69
12
24
9
71
9
92
8
99
9
38
9
51
12
84
9
92
9
11
9
42
9
59
10
52
9
42
9
99
9
12
9
12
9
13
9
70
0
30
9
32
9
79
9
43
9
9
9
29
9
11
9
99
9
71
8
50
9
30
10
82
9
93
9
51
12
54
9
99
9
99
11
83
9
34
9
81
10
82
9
93
8
98
9
34
9
51
9
42
8
40
9
28
9
19
8
90
11
53
9
73
8
10
8
30
9
29
9
41
9
51
8
20
9
93
9
51
0
73
9
99
9
61
8
70
9
14
9
69
9
14
9
73
9
73
11
23
9
71
8
99
9
90
9
64
8
20
9
63
9
34
8
92
9
88
9
32
9
73
9
41
9
98
9
61
8
80
0
80
9
91
8
90
3
49
9
81
8
20
9
90
9
73
8
90
10
82
0
59
9
43
9
12
8
30
8
58
9
39
9
51
8
49
9
91
9
72
9
94
9
93
9
99
9
9
9
63
9
14
9
19
9
81
9
19
9
99
8
50
9
14
9
81
10
22
10
52
9
80
9
28
9
51
9
62
9
71
8
90
9
21
9
31
9
81
9
99
9
99
8
20
9
99
9
88
12
84
8
58
9
8
9
62
8
50
9
50
9
92
4
79
10
52
9
60
8
79
9
99
9
18
12
54
8
10
9
73
9
99
9
69
2
89
8
90
8
60
8
9
9
62
9
12
8
89
8
90
8
38
8
80
9
59
9
62
9
94
9
11
9
59
9
92
10
82
9
33
8
40
9
38
11
53
11
23
9
41
9
90
8
50
9
99
11
53
9
63
9
30
9
32
9
10
9
94
9
94
9
79
11
23
9
68
9
39
9
72
0
40
10
22
8
90
9
41
8
50
9
12
11
23
0
40
8
60
8
50
9
99
9
81
9
62
9
81
8
99
9
21
9
17
9
59
9
41
3
38
9
93
9
11
9
90
8
30
8
48
8
98
9
99
8
70
11
53
9
12
8
50
9
51
9
42
9
31
11
83
9
92
9
30
9
99
9
48
9
13
9
51
9
14
9
51
9
44
9
51
9
18
9
64
9
39
9
69
4
79
8
59
9
28
9
12
9
61
11
53
9
13
9
60
9
38
9
63
9
93
8
99
9
89
9
48
9
90
10
22
9
51
9
11
9
39
9
19
8
99
9
34
9
99
9
48
9
34
9
72
9
99
9
60
9
13
9
41
9
91
9
99
9
11
8
50
9
42
9
73
12
24
9
99
12
24
9
93
8
50
9
12
9
42
8
18
9
88
10
52
9
30
9
19
0
90
9
51
8
30
10
82
9
88
8
60
8
10
9
92
10
52
9
42
0
86
9
62
10
52
8
48
9
61
9
50
9
40
9
19
8
10
9
92
10
82
9
91
9
72
9
80
9
93
8
40
10
52
12
84
10
22
8
20
9
80
9
32
8
30
9
48
9
38
9
9
9
48
12
84
9
41
11
23
11
23
8
80
9
61
8
78
8
20
9
33
9
12
8
30
8
80
9
92
8
18
9
73
9
80
9
19
8
70
9
42
9
88
9
33
8
90
4
79
9
62
9
41
12
84
9
77
9
21
9
14
9
41
9
62
9
33
3
39
11
83
11
23
9
44
9
71
12
24
8
50
9
61
9
32
9
51
9
29
11
23
9
41
8
63
0
70
9
21
9
11
9
44
8
50
9
91
9
99
9
51
9
48
8
80
8
29
9
99
10
52
9
21
8
80
9
7
8
40
9
92
9
18
9
99
9
93
9
11
9
99
11
83
9
20
9
73
9
99
9
71
9
31
9
89
8
80
8
10
9
33
8
78
11
23
9
64
9
91
9
21
0
34
9
99
9
48
10
52
9
43
8
50
9
49
9
43
9
13
9
81
9
61
9
47
9
81
9
51
9
31
8
46
9
81
9
62
8
88
9
64
8
50
9
61
9
50
9
19
8
9
9
58
9
12
8
70
9
72
9
93
10
22
10
82
9
42
8
8
8
10
9
71
9
13
9
12
9
11
8
80
9
38
9
9
9
41
9
43
9
81
8
80
9
12
9
79
1
68
9
44
9
71
12
84
9
74
9
94
9
43
9
12
9
60
9
99
9
44
9
99
12
24
9
71
9
99
9
63
9
99
9
11
9
59
9
44
8
70
9
32
9
42
9
68
9
91
8
10
10
52
9
93
11
53
8
30
9
21
9
61
9
42
9
81
9
33
9
12
9
62
11
83
9
51
9
41
0
90
9
11
9
92
9
12
9
12
9
97
8
80
9
71
2
69
9
21
11
53
9
12
9
33
10
82
9
10
9
71
9
33
9
62
12
84
9
72
11
23
9
43
9
41
9
11
8
50
11
53
2
19
9
99
9
99
9
59
8
50
9
41
9
21
9
61
0
50
9
44
9
39
9
61
10
52
9
98
9
12
9
41
9
33
9
61
8
70
9
73
12
84
9
51
9
99
9
63
9
58
9
90
8
90
11
53
9
20
9
93
11
23
9
34
9
88
9
92
9
32
0
20
9
21
10
52
9
20
9
69
8
20
1
16
9
11
10
52
9
31
9
9
9
51
