9
99
9
94
13
25
9
94
9
64
9
44
13
85
9
14
13
85
9
73
9
14
9
14
0
90
9
13
9
74
15
27
9
64
9
99
12
84
12
84
9
94
9
64
11
53
9
99
9
74
9
64
15
57
9
34
9
64
9
74
9
64
10
52
9
64
14
86
9
99
9
63
12
54
9
44
15
87
14
26
9
99
9
14
10
82
14
26
9
74
13
25
9
43
9
14
9
74
12
54
10
82
9
14
13
55
9
92
9
44
16
58
9
74
9
14
0
10
9
44
9
99
13
25
9
42
14
56
14
26
16
58
0
0
9
34
9
14
9
34
9
99
9
44
11
23
9
74
15
87
9
64
9
93
13
55
12
22
9
34
9
73
9
74
9
42
14
26
15
87
10
52
11
23
9
64
9
74
15
57
9
74
11
53
14
26
13
85
16
28
9
94
9
34
9
43
9
34
9
99
9
74
13
25
9
34
11
23
9
64
13
55
9
99
14
26
9
14
9
64
9
14
12
84
12
84
15
57
9
34
9
44
9
99
9
74
9
94
9
94
9
44
10
82
15
87
12
84
9
34
9
64
9
44
13
25
9
14
9
44
9
64
9
43
9
34
15
57
13
55
15
87
9
44
9
99
9
14
9
99
12
84
9
99
9
63
9
44
9
14
11
53
9
32
9
44
12
54
9
94
9
94
9
99
0
20
16
28
11
23
10
52
13
55
9
14
10
52
9
92
9
34
9
73
9
34
9
74
9
99
13
55
9
33
9
99
9
99
15
87
10
22
9
14
9
64
9
99
10
22
9
34
9
64
9
73
9
44
9
99
9
64
9
14
9
44
0
10
13
25
9
99
9
64
9
13
9
34
9
99
9
74
9
64
9
63
10
52
13
55
15
57
9
64
14
56
9
34
9
44
11
23
15
57
9
99
9
34
9
99
9
44
14
56
9
63
9
73
11
23
9
94
9
34
9
34
9
14
9
99
9
43
9
74
9
34
0
30
9
34
9
93
9
48
9
64
16
58
0
10
9
74
9
64
9
94
9
94
9
43
9
74
11
53
16
28
0
30
14
86
9
14
9
14
9
56
9
74
9
44
11
23
9
94
9
99
9
99
9
14
13
85
9
14
9
99
9
44
12
54
9
73
9
64
9
44
9
34
9
99
9
13
9
44
9
34
9
64
9
74
0
90
9
43
9
64
15
82
9
74
9
34
13
85
16
88
9
44
13
55
9
14
9
62
9
74
9
74
9
34
9
44
9
74
9
14
16
88
9
74
9
62
9
13
9
72
12
84
9
94
12
54
14
86
9
99
9
94
1
99
10
22
9
94
9
14
9
93
9
99
0
40
9
94
13
25
9
99
9
44
9
64
9
44
9
34
9
38
9
94
9
64
9
74
9
99
11
53
9
14
9
93
11
53
12
84
9
14
9
14
12
84
9
64
9
64
9
12
9
74
9
99
9
63
9
34
12
24
9
74
9
33
14
86
15
87
9
74
9
34
9
94
9
14
9
92
16
28
9
44
0
16
9
34
9
14
9
14
9
44
9
94
9
44
9
12
9
34
9
43
9
14
9
64
9
64
9
14
9
14
9
99
9
74
13
25
13
25
9
99
14
26
9
74
9
34
9
13
13
55
0
0
12
54
9
99
9
14
9
14
9
14
13
85
1
99
9
11
9
34
13
25
9
99
9
99
14
86
12
84
9
63
9
13
9
99
9
14
9
99
9
14
12
54
9
74
9
63
9
18
14
86
9
94
9
74
13
25
9
61
9
34
9
44
10
22
9
74
15
87
9
44
9
74
15
87
16
58
11
53
9
64
14
83
9
99
9
14
13
55
9
64
9
94
9
64
9
34
9
74
9
34
11
53
9
74
12
54
11
23
9
14
9
74
9
74
9
33
9
14
11
53
9
93
9
44
9
64
9
99
9
99
11
53
9
34
15
57
15
87
9
92
9
64
9
73
16
28
9
74
9
94
9
99
9
42
13
55
16
88
9
94
9
14
9
44
9
63
14
56
9
44
9
99
9
14
9
14
9
14
9
74
0
30
9
34
11
83
9
44
9
13
9
33
9
14
9
99
9
74
12
54
9
34
14
86
9
94
13
55
16
58
9
99
9
99
15
87
9
34
13
85
14
86
9
94
9
99
9
34
13
55
9
44
9
44
9
32
11
23
9
94
15
57
9
74
9
14
9
34
9
33
9
44
13
55
12
24
9
94
13
55
0
73
9
99
9
64
9
74
9
14
9
73
9
14
9
74
9
74
15
27
9
74
9
99
9
94
9
64
12
24
9
64
9
34
9
92
9
92
9
34
9
74
9
44
9
99
9
64
12
84
0
80
9
94
9
94
3
49
13
85
12
24
9
94
9
74
9
94
14
86
0
59
9
44
9
14
9
34
9
62
9
43
13
55
11
53
9
94
9
74
9
94
9
94
9
99
9
13
9
64
9
14
11
23
13
85
11
23
9
99
12
54
9
14
13
85
14
26
14
56
12
84
9
32
13
55
9
64
9
74
9
94
13
25
9
34
13
85
9
99
9
99
12
24
9
99
9
92
16
88
9
62
9
12
9
64
12
54
12
54
9
94
4
79
14
56
9
64
11
83
9
99
10
22
16
58
9
14
9
74
9
99
9
73
2
89
9
94
9
64
9
13
9
64
9
14
9
93
9
94
9
42
12
84
9
63
9
64
9
94
9
14
9
63
9
94
14
86
9
34
9
44
9
42
15
57
15
27
9
41
9
94
12
54
9
99
15
57
9
64
9
34
9
34
9
14
9
94
9
94
11
83
15
27
9
72
9
43
9
74
0
40
14
26
9
94
9
44
12
54
9
14
15
27
0
40
9
64
12
54
9
99
13
85
9
64
13
85
9
99
13
25
9
17
9
63
9
44
3
39
9
94
9
14
9
94
9
34
10
52
9
99
9
99
9
74
15
57
9
14
12
54
13
55
9
44
9
34
15
87
9
94
9
34
9
99
10
52
9
14
13
55
9
14
13
55
9
44
13
55
10
22
9
64
9
43
9
73
4
79
9
59
9
32
9
14
9
64
15
57
9
13
9
64
9
42
9
64
9
94
9
99
9
93
10
52
9
94
14
26
13
55
9
14
9
43
11
23
9
99
9
34
9
99
10
52
9
34
9
74
9
99
9
64
9
14
9
44
9
91
9
99
9
14
12
54
9
44
9
74
16
28
9
99
16
28
9
94
12
54
9
14
9
44
10
22
9
92
14
56
9
34
11
23
0
90
13
55
9
34
14
86
9
92
9
64
9
14
9
94
14
56
9
44
0
86
9
64
14
56
10
52
9
64
12
54
9
44
11
23
9
14
9
94
14
86
9
94
9
74
12
84
9
94
9
44
14
56
16
88
14
26
12
24
12
84
9
34
9
34
10
52
9
38
9
13
10
52
16
88
9
44
15
27
15
27
12
84
9
64
9
78
12
24
9
34
9
14
9
34
12
84
9
94
10
22
9
74
12
84
11
23
9
74
9
44
9
88
9
34
9
94
4
79
9
64
9
44
16
88
9
77
13
25
9
14
9
44
9
64
9
34
3
39
15
87
15
27
9
44
9
74
16
28
12
54
9
64
9
32
13
55
9
33
15
27
9
44
9
63
0
70
13
25
9
14
9
44
12
54
9
94
9
99
13
55
10
52
12
84
9
33
9
99
14
56
13
25
12
84
9
7
9
44
9
94
9
18
9
99
9
94
9
14
9
99
15
87
12
24
9
74
9
99
9
74
9
34
9
93
12
84
9
14
9
34
10
82
15
27
9
64
9
94
13
25
0
34
9
99
10
52
14
56
9
44
12
54
11
53
9
44
9
14
13
85
9
64
9
47
13
85
13
55
9
34
9
46
13
85
9
64
9
92
9
64
12
54
9
64
12
54
11
23
9
13
9
62
9
14
9
74
9
74
9
94
14
26
14
86
9
44
9
12
9
14
9
74
9
14
9
14
9
14
12
84
9
42
9
13
9
44
9
44
13
85
12
84
9
14
11
83
1
69
9
44
9
74
16
88
9
74
9
94
9
43
9
14
9
64
9
99
9
44
9
99
16
28
9
74
9
99
9
64
9
99
9
14
9
63
9
44
9
74
9
34
9
44
9
72
9
94
9
14
14
56
9
94
15
57
9
34
13
25
9
64
9
44
13
85
9
34
9
14
9
64
15
87
13
55
9
44
0
90
9
14
9
94
9
14
9
14
9
97
12
84
9
74
2
69
13
25
15
57
9
14
9
34
14
86
9
14
9
74
9
34
9
64
16
88
9
74
15
27
9
44
9
44
9
14
12
54
15
57
2
19
9
99
9
99
9
63
12
54
9
44
13
25
9
64
0
50
9
44
9
43
9
64
14
56
9
99
9
14
9
44
9
33
9
64
9
74
9
74
16
88
13
55
9
99
9
64
9
62
9
94
9
94
15
57
12
24
9
94
15
27
9
34
9
92
9
94
9
34
0
20
13
25
14
56
12
24
9
73
12
24
1
16
9
14
14
56
9
31
9
13
13
55
