3
97
5
84
2
19
4
85
2
55
5
37
3
74
1
7
5
74
4
62
2
7
1
8
0
90
5
2
4
68
4
19
5
53
5
93
1
77
3
73
4
83
5
59
4
42
1
93
5
69
5
59
4
47
3
27
2
55
4
67
1
59
1
41
1
59
3
79
3
92
2
52
1
47
3
37
4
78
5
15
4
94
4
9
2
71
3
18
3
69
5
14
2
32
3
9
3
69
5
43
4
71
3
3
2
49
1
81
1
38
5
48
4
63
2
4
0
10
4
35
2
94
3
14
1
31
3
48
3
18
5
48
0
0
3
23
5
9
2
27
4
99
5
39
3
12
1
66
4
79
1
54
5
82
2
48
1
22
4
27
1
62
4
67
2
31
3
16
5
76
2
41
3
12
3
54
1
69
4
47
3
69
2
42
3
16
2
77
5
19
5
88
3
24
2
32
4
28
4
96
3
63
2
14
5
27
1
12
4
54
5
44
1
93
4
15
4
9
4
55
3
3
1
76
1
77
5
46
2
27
3
39
4
96
4
64
1
87
2
86
2
33
2
71
4
77
1
73
1
24
4
54
5
35
2
15
5
9
2
36
4
53
1
32
4
26
4
49
2
49
4
79
2
35
1
96
3
4
5
96
1
73
2
99
2
52
5
37
4
9
5
42
2
21
4
34
4
43
5
83
2
84
5
99
0
20
5
18
2
12
2
41
5
44
3
9
2
41
2
81
1
28
4
62
1
28
2
69
2
92
2
47
3
22
5
93
4
94
4
76
3
11
3
7
3
54
4
94
2
11
2
28
2
56
4
62
2
39
3
96
4
58
1
6
3
39
0
10
3
14
3
95
5
59
1
2
5
24
1
98
2
65
5
59
3
52
4
41
3
44
5
46
5
58
3
45
2
25
3
35
3
12
4
48
5
98
4
29
2
91
5
37
3
46
5
52
3
62
4
12
1
89
2
25
4
27
3
7
3
97
4
44
5
63
4
27
0
30
1
29
5
82
5
48
2
53
5
49
0
10
5
65
2
57
5
83
4
89
1
44
2
65
2
42
5
19
0
30
5
75
2
7
2
7
5
56
5
63
3
39
1
12
4
86
4
99
4
95
2
9
2
79
2
7
2
91
2
34
1
46
2
62
5
54
2
38
3
25
5
98
5
2
1
37
4
27
4
56
5
65
0
90
4
32
5
56
4
83
2
69
3
29
3
74
5
79
4
35
3
44
5
8
2
51
5
63
2
65
3
23
3
39
1
69
1
5
5
79
3
67
4
51
5
2
4
61
4
73
5
89
5
43
3
79
3
92
1
87
1
99
1
11
1
87
1
3
3
82
1
94
0
40
2
87
5
14
5
95
5
39
4
58
1
34
4
29
1
38
1
85
5
53
1
64
2
91
2
42
4
9
1
82
3
42
1
76
4
5
4
5
1
74
2
59
5
59
3
1
4
66
4
92
4
52
2
25
2
13
1
65
1
22
3
79
4
76
1
66
1
29
5
89
1
5
2
81
5
18
5
34
0
16
1
24
3
6
4
5
3
33
1
88
2
33
2
1
1
29
3
32
1
9
4
54
4
54
4
5
1
6
1
94
4
68
2
16
3
14
3
93
3
18
4
69
1
29
5
2
2
49
0
0
1
46
2
92
1
5
4
6
2
6
2
74
1
92
3
11
5
26
2
14
3
95
4
97
3
78
1
75
2
52
2
2
5
99
4
7
4
99
3
3
4
43
4
69
4
63
2
18
3
75
2
83
5
65
2
16
5
61
4
25
4
33
4
11
1
69
4
79
2
33
2
69
4
78
5
47
3
42
2
57
3
83
4
99
5
5
5
44
1
55
5
83
2
58
1
26
4
65
4
25
2
42
5
63
1
49
1
12
5
6
5
68
4
69
4
33
3
7
4
42
4
82
3
38
2
53
5
93
4
95
2
42
2
29
4
49
4
78
3
81
2
59
4
62
5
19
2
66
5
85
1
94
3
31
2
45
5
79
3
87
3
4
3
39
2
52
3
45
3
38
5
96
5
5
3
9
5
6
3
63
0
30
3
29
2
72
5
36
5
2
2
22
2
7
4
97
2
65
1
49
2
23
3
76
4
87
2
46
5
49
4
94
4
94
4
76
5
29
2
74
5
75
4
87
1
91
5
29
2
46
4
35
1
39
4
21
5
12
1
87
4
48
5
66
1
7
1
23
4
22
2
39
2
48
1
16
4
89
3
44
0
73
2
99
4
54
1
64
5
8
5
62
5
9
4
66
4
68
4
19
4
64
1
93
2
83
5
58
1
18
4
56
5
29
1
92
2
81
3
26
4
66
2
38
4
91
2
57
1
77
0
80
5
84
1
89
3
42
2
78
1
16
5
83
4
69
1
86
3
76
0
59
4
36
3
9
1
29
1
51
2
32
5
44
1
42
2
89
3
68
5
87
4
86
2
93
2
2
4
59
5
9
2
12
2
74
3
12
4
96
1
48
5
8
4
74
3
19
3
48
3
73
3
21
2
47
5
55
5
64
1
85
4
14
2
27
2
74
4
99
2
92
1
15
4
95
2
81
5
78
1
51
4
1
3
59
1
43
2
43
3
89
4
77
4
45
2
53
1
72
2
94
4
11
5
47
1
7
4
66
4
95
3
62
2
86
1
89
1
57
1
2
3
56
3
8
1
82
1
89
1
31
1
77
5
52
4
55
5
89
2
9
5
52
3
87
3
79
4
29
1
38
4
31
4
46
4
18
4
41
5
83
1
44
5
97
4
48
4
56
5
23
3
26
4
3
5
89
5
87
3
72
5
16
2
61
4
32
3
68
0
40
3
18
1
87
2
38
1
47
3
5
4
19
0
40
1
59
1
48
4
97
2
79
3
56
2
74
1
93
2
18
2
17
4
52
2
39
3
31
4
88
2
9
2
83
1
29
1
41
1
91
2
98
1
69
4
49
3
7
1
49
5
44
4
35
2
28
4
79
4
85
5
23
3
93
2
41
4
7
4
44
5
9
2
48
5
37
2
48
4
11
5
58
2
32
2
62
4
77
1
59
4
21
3
5
3
54
4
49
2
14
5
53
3
31
4
59
4
86
1
99
5
82
2
41
3
83
3
19
2
49
2
9
4
32
4
12
1
98
5
27
4
95
2
41
5
29
3
69
3
99
5
53
4
7
5
34
4
91
2
93
2
6
1
48
3
39
5
66
5
19
4
95
5
17
4
86
1
47
3
9
3
36
1
11
4
81
3
45
2
23
3
12
0
90
2
48
1
29
3
75
3
81
1
59
1
5
3
88
3
46
3
36
0
86
4
55
5
45
1
41
4
54
5
43
5
33
3
12
1
7
4
85
4
75
2
86
3
67
4
73
4
89
1
37
3
45
5
79
3
19
1
14
5
73
3
28
1
24
4
41
4
38
5
2
4
41
5
77
5
34
5
16
5
16
1
74
2
54
1
78
1
19
4
29
3
6
1
23
1
79
4
85
1
11
5
66
5
73
2
12
1
65
4
35
2
88
4
28
1
89
4
76
3
59
2
36
5
79
5
77
2
19
5
7
2
36
3
56
5
26
3
35
4
79
4
16
5
39
4
64
5
19
1
46
2
58
4
32
3
44
5
22
4
19
2
36
1
63
0
70
2
17
4
4
5
39
1
49
5
84
5
96
2
49
4
41
1
75
1
22
5
96
5
45
2
19
1
75
3
7
1
38
4
85
5
18
3
97
4
89
2
7
4
99
4
77
3
13
4
69
2
98
2
64
3
24
4
82
1
79
1
9
4
27
1
71
4
19
5
58
4
84
5
14
0
34
5
94
3
41
3
48
4
38
1
47
5
42
5
36
4
9
2
79
2
57
4
47
2
74
2
47
2
29
1
46
5
74
3
58
1
81
5
59
1
44
2
59
3
43
5
12
1
2
4
51
3
6
1
67
3
69
4
89
3
19
3
78
3
39
1
1
1
4
2
69
4
9
5
5
4
4
1
74
2
31
4
2
2
37
4
36
2
77
1
79
3
6
2
72
1
61
5
39
4
64
5
77
5
68
5
89
2
44
3
9
2
53
5
96
5
39
5
99
5
19
2
69
3
99
4
57
3
98
2
6
5
52
5
39
1
68
3
28
3
38
3
61
4
84
1
7
4
45
4
89
4
48
1
26
3
14
2
58
3
39
3
74
4
26
3
9
3
59
4
78
2
44
2
36
0
90
2
6
5
85
3
6
4
5
2
97
1
77
4
64
2
66
2
17
5
46
3
7
4
29
3
75
5
3
3
64
4
29
5
55
5
78
3
65
4
19
4
39
2
39
2
6
1
46
4
49
2
19
3
93
5
93
3
52
1
43
2
36
3
14
2
55
0
50
5
39
5
32
4
54
3
49
2
91
3
6
2
35
2
34
2
59
1
64
4
69
5
77
2
48
4
93
4
56
2
51
5
83
1
89
5
46
4
13
4
86
5
16
5
27
4
81
3
86
4
25
0
20
2
17
3
47
3
13
4
62
1
14
1
16
4
4
5
45
4
31
3
2
2
49
