9
99
9
93
11
23
9
94
9
63
9
44
11
83
9
12
11
83
9
71
9
13
9
12
0
90
9
11
9
74
13
25
9
62
9
99
10
82
10
82
9
92
9
64
9
51
9
99
9
74
9
64
13
55
9
34
9
63
9
74
9
62
9
50
9
62
12
84
9
99
9
61
10
52
9
44
13
85
12
24
9
99
9
14
9
80
12
24
9
74
11
23
9
41
9
14
9
74
10
52
9
80
9
12
11
53
9
90
9
42
14
56
9
72
9
13
0
10
9
44
9
99
11
23
9
40
12
54
12
24
14
56
0
0
9
32
9
14
9
33
9
99
9
44
9
21
9
72
13
85
9
62
9
91
11
53
10
22
9
34
9
71
9
74
9
40
12
24
13
85
9
50
9
21
9
63
9
72
13
55
9
74
9
51
12
24
11
83
14
26
9
94
9
33
9
41
9
34
9
99
9
72
11
23
9
34
9
21
9
63
11
53
9
99
12
24
9
14
9
64
9
12
10
82
10
82
13
55
9
33
9
44
9
99
9
73
9
92
9
93
9
42
9
80
13
85
10
82
9
32
9
63
9
44
11
23
9
14
9
43
9
62
9
41
9
34
13
55
11
53
13
85
9
43
9
99
9
13
9
99
10
82
9
99
9
61
9
44
9
14
9
51
9
30
9
43
10
52
9
92
9
93
9
99
0
20
14
26
9
21
9
50
11
53
9
14
9
50
9
90
9
32
9
71
9
32
9
73
9
99
11
53
9
31
9
99
9
99
13
85
9
20
9
14
9
63
9
99
9
20
9
33
9
63
9
71
9
43
9
99
9
64
9
12
9
44
0
10
11
23
9
99
9
64
9
11
9
33
9
99
9
73
9
64
9
61
9
50
11
53
13
55
9
64
12
54
9
33
9
44
9
21
13
55
9
99
9
34
9
99
9
44
12
54
9
61
9
71
9
21
9
92
9
33
9
34
9
14
9
99
9
43
9
72
9
34
0
30
9
32
9
91
9
48
9
62
14
56
0
10
9
74
9
63
9
92
9
94
9
43
9
73
9
51
14
26
0
30
12
84
9
13
9
13
9
56
9
72
9
44
9
21
9
94
9
99
9
99
9
13
11
83
9
13
9
99
9
43
10
52
9
71
9
63
9
43
9
34
9
99
9
11
9
42
9
34
9
64
9
74
0
90
9
41
9
64
13
82
9
73
9
34
11
83
14
86
9
44
11
53
9
14
9
60
9
72
9
73
9
32
9
44
9
72
9
12
14
86
9
74
9
60
9
11
9
70
10
82
9
94
10
52
12
84
9
99
9
92
1
99
9
20
9
92
9
12
9
91
9
99
0
40
9
93
11
23
9
99
9
44
9
64
9
42
9
34
9
38
9
92
9
62
9
72
9
99
9
51
9
14
9
91
9
51
10
82
9
14
9
14
10
82
9
63
9
64
9
10
9
74
9
99
9
61
9
33
10
22
9
72
9
31
12
84
13
85
9
72
9
32
9
94
9
12
9
90
14
26
9
43
0
16
9
32
9
14
9
14
9
42
9
92
9
42
9
10
9
32
9
41
9
12
9
63
9
63
9
14
9
12
9
99
9
74
11
23
11
23
9
99
12
24
9
74
9
32
9
11
11
53
0
0
10
52
9
99
9
12
9
14
9
13
11
83
1
99
9
11
9
34
11
23
9
99
9
99
12
84
10
82
9
61
9
11
9
99
9
14
9
99
9
12
10
52
9
74
9
63
9
18
12
84
9
92
9
74
11
23
9
61
9
34
9
42
9
20
9
72
13
85
9
42
9
73
13
85
14
56
9
51
9
63
12
83
9
99
9
14
11
53
9
62
9
92
9
63
9
32
9
74
9
34
9
51
9
72
10
52
9
21
9
14
9
74
9
74
9
33
9
14
9
51
9
91
9
44
9
62
9
99
9
99
9
51
9
33
13
55
13
85
9
90
9
63
9
71
14
26
9
73
9
94
9
99
9
40
11
53
14
86
9
94
9
13
9
44
9
61
12
54
9
44
9
99
9
14
9
14
9
14
9
72
0
30
9
34
9
81
9
44
9
11
9
31
9
13
9
99
9
73
10
52
9
32
12
84
9
94
11
53
14
56
9
99
9
99
13
85
9
34
11
83
12
84
9
94
9
99
9
34
11
53
9
44
9
42
9
30
9
21
9
92
13
55
9
74
9
12
9
32
9
31
9
43
11
53
10
22
9
94
11
53
0
73
9
99
9
63
9
72
9
14
9
71
9
14
9
74
9
74
13
25
9
73
9
99
9
92
9
64
10
22
9
64
9
34
9
92
9
90
9
34
9
74
9
43
9
99
9
63
10
82
0
80
9
93
9
92
3
49
11
83
10
22
9
92
9
74
9
92
12
84
0
59
9
44
9
14
9
32
9
60
9
41
11
53
9
51
9
93
9
74
9
94
9
94
9
99
9
11
9
64
9
14
9
21
11
83
9
21
9
99
10
52
9
14
11
83
12
24
12
54
10
82
9
30
11
53
9
64
9
73
9
92
11
23
9
33
11
83
9
99
9
99
10
22
9
99
9
90
14
86
9
60
9
10
9
64
10
52
10
52
9
94
4
79
12
54
9
62
9
81
9
99
9
20
14
56
9
12
9
74
9
99
9
71
2
89
9
92
9
62
9
11
9
64
9
14
9
91
9
92
9
40
10
82
9
61
9
64
9
94
9
13
9
61
9
94
12
84
9
34
9
42
9
40
13
55
13
25
9
41
9
92
10
52
9
99
13
55
9
64
9
32
9
34
9
12
9
94
9
94
9
81
13
25
9
70
9
41
9
74
0
40
12
24
9
92
9
43
10
52
9
14
13
25
0
40
9
62
10
52
9
99
11
83
9
64
11
83
9
99
11
23
9
17
9
61
9
43
3
39
9
94
9
13
9
92
9
32
9
50
9
99
9
99
9
72
13
55
9
14
10
52
11
53
9
44
9
33
13
85
9
94
9
32
9
99
9
50
9
14
11
53
9
14
11
53
9
44
11
53
9
20
9
64
9
41
9
71
4
79
9
59
9
30
9
14
9
63
13
55
9
13
9
62
9
40
9
64
9
94
9
99
9
91
9
50
9
92
12
24
11
53
9
13
9
41
9
21
9
99
9
34
9
99
9
50
9
34
9
74
9
99
9
62
9
14
9
43
9
91
9
99
9
13
10
52
9
44
9
74
14
26
9
99
14
26
9
94
10
52
9
14
9
44
9
20
9
90
12
54
9
32
9
21
0
90
11
53
9
32
12
84
9
90
9
62
9
12
9
94
12
54
9
44
0
86
9
64
12
54
9
50
9
63
10
52
9
42
9
21
9
12
9
94
12
84
9
93
9
74
10
82
9
94
9
42
12
54
14
86
12
24
10
22
10
82
9
34
9
32
9
50
9
38
9
11
9
50
14
86
9
43
13
25
13
25
10
82
9
63
9
78
10
22
9
34
9
14
9
32
10
82
9
94
9
20
9
74
10
82
9
21
9
72
9
44
9
88
9
34
9
92
4
79
9
64
9
43
14
86
9
77
11
23
9
14
9
43
9
64
9
34
3
39
13
85
13
25
9
44
9
73
14
26
10
52
9
63
9
32
11
53
9
31
13
25
9
43
9
63
0
70
11
23
9
13
9
44
10
52
9
93
9
99
11
53
9
50
10
82
9
31
9
99
12
54
11
23
10
82
9
7
9
42
9
94
9
18
9
99
9
94
9
13
9
99
13
85
10
22
9
74
9
99
9
73
9
33
9
91
10
82
9
12
9
34
9
80
13
25
9
64
9
93
11
23
0
34
9
99
9
50
12
54
9
44
10
52
9
51
9
44
9
14
11
83
9
63
9
47
11
83
11
53
9
33
9
46
11
83
9
64
9
90
9
64
10
52
9
63
10
52
9
21
9
11
9
60
9
14
9
72
9
74
9
94
12
24
12
84
9
44
9
10
9
12
9
73
9
14
9
14
9
13
10
82
9
40
9
11
9
43
9
44
11
83
10
82
9
14
9
81
1
69
9
44
9
73
14
86
9
74
9
94
9
43
9
14
9
62
9
99
9
44
9
99
14
26
9
73
9
99
9
64
9
99
9
13
9
61
9
44
9
72
9
34
9
44
9
70
9
93
9
12
12
54
9
94
13
55
9
32
11
23
9
63
9
44
11
83
9
34
9
14
9
64
13
85
11
53
9
43
0
90
9
13
9
94
9
14
9
14
9
97
10
82
9
73
2
69
11
23
13
55
9
14
9
34
12
84
9
12
9
73
9
34
9
64
14
86
9
74
13
25
9
44
9
43
9
13
10
52
13
55
2
19
9
99
9
99
9
61
10
52
9
43
11
23
9
63
0
50
9
44
9
41
9
63
12
54
9
99
9
14
9
43
9
33
9
63
9
72
9
74
14
86
11
53
9
99
9
64
9
60
9
92
9
92
13
55
10
22
9
94
13
25
9
34
9
90
9
94
9
34
0
20
11
23
12
54
10
22
9
71
10
22
1
16
9
13
12
54
9
31
9
11
11
53
