8
99
9
89
7
19
9
90
7
59
9
42
8
79
6
9
9
79
9
67
7
9
6
9
0
90
9
7
9
71
9
21
9
58
9
98
6
79
8
78
9
88
9
62
9
47
6
98
9
72
9
62
9
51
8
30
7
59
9
71
6
59
6
46
6
59
8
80
8
97
7
57
6
49
8
40
9
81
9
20
9
99
9
11
7
76
8
20
8
70
9
19
7
37
8
10
8
70
9
48
8
76
8
8
7
49
6
86
6
39
10
52
9
68
7
9
0
10
9
40
7
99
8
19
6
36
8
50
8
20
10
52
0
0
8
28
9
12
7
29
9
99
9
42
8
17
6
69
9
81
6
59
9
87
7
49
6
22
9
31
6
67
9
71
7
36
8
20
9
81
7
46
8
17
8
59
6
69
9
51
8
70
7
47
8
20
7
79
10
22
9
92
8
29
7
37
9
31
9
99
8
68
7
19
9
32
6
17
9
59
9
49
6
98
9
20
9
11
9
60
8
8
6
79
6
79
9
51
7
29
8
40
9
99
9
69
6
89
7
89
7
38
7
76
9
81
6
78
6
29
9
59
9
40
7
19
9
12
7
39
9
58
6
37
9
31
9
51
7
49
9
81
7
39
6
99
8
9
9
99
6
78
7
99
7
57
9
42
9
11
9
47
7
26
9
39
9
48
9
88
7
89
9
99
0
20
10
22
7
17
7
46
9
49
8
10
7
46
7
86
6
29
9
67
6
29
7
69
7
97
7
49
8
27
9
98
9
99
9
81
8
16
8
10
8
59
9
99
7
16
7
29
7
59
9
67
7
39
8
99
9
61
6
9
8
40
0
10
8
19
8
99
9
62
6
7
9
29
6
99
7
69
9
62
8
57
8
46
8
49
9
51
9
62
8
50
7
29
8
40
8
17
9
51
9
99
9
31
7
96
9
42
8
50
9
57
8
67
9
17
6
89
7
29
9
31
8
10
8
99
9
43
9
68
9
31
0
30
6
29
9
87
9
48
7
58
10
52
0
10
9
70
7
59
9
88
9
91
6
44
7
69
7
47
10
22
0
30
9
80
7
9
7
9
9
56
9
68
8
40
6
17
9
91
9
99
9
99
7
9
7
79
7
9
7
96
7
39
6
49
7
67
9
59
7
39
8
30
9
99
9
7
6
39
9
31
9
61
9
70
0
90
9
37
9
61
9
83
7
69
8
30
8
79
10
82
9
40
8
49
9
12
7
56
9
68
7
69
8
28
8
40
6
69
6
9
10
82
8
70
8
56
9
7
8
66
9
78
9
92
9
48
8
80
8
97
6
89
1
99
6
16
6
89
6
8
8
87
6
99
0
40
7
89
9
19
9
99
9
42
9
61
6
39
9
31
6
38
6
89
9
58
6
69
7
96
7
47
9
11
6
87
8
47
6
79
9
10
9
10
6
79
7
59
9
62
8
6
9
71
9
97
9
57
7
29
7
18
6
69
6
27
8
80
9
81
6
69
6
29
9
92
6
9
7
86
10
22
9
39
0
16
6
29
8
10
9
10
8
38
6
89
7
38
7
6
6
29
8
37
6
9
9
59
9
59
9
10
6
9
6
99
9
71
7
19
8
19
8
98
8
20
9
71
6
29
9
7
7
49
0
0
6
49
7
97
6
9
9
11
7
9
7
79
1
97
8
11
9
31
7
19
8
99
9
99
8
80
6
79
7
57
7
7
9
99
9
11
9
99
8
8
9
48
9
71
9
63
7
18
8
80
7
88
9
70
7
19
9
61
9
30
9
38
8
16
6
69
9
81
7
38
7
69
9
81
10
52
8
47
7
59
8
83
9
99
9
10
9
49
6
59
9
88
7
59
6
29
9
70
9
30
7
47
9
68
6
49
6
17
9
11
9
72
9
71
9
33
8
10
9
47
9
87
8
40
7
58
9
98
9
99
7
47
7
29
9
51
9
81
8
86
7
59
9
67
10
22
7
69
9
90
6
99
8
36
7
49
10
82
8
90
8
9
8
40
7
57
8
50
8
40
9
99
9
10
8
10
9
11
8
68
0
30
8
30
7
77
9
41
9
7
7
27
7
9
9
99
7
69
6
49
7
28
8
80
9
91
7
49
10
52
9
99
9
99
9
81
9
32
7
79
9
80
9
91
6
96
9
32
7
49
9
40
6
39
8
26
9
17
6
89
9
51
9
71
6
9
6
28
9
27
7
39
7
49
6
19
9
91
8
49
0
73
7
99
9
59
6
69
9
12
9
67
9
12
9
71
9
71
9
21
9
69
6
98
7
88
9
62
6
19
9
61
9
32
6
92
7
86
8
30
9
71
7
39
8
96
7
59
6
79
0
80
9
89
6
89
3
47
7
79
6
19
9
88
9
71
6
89
8
80
0
59
9
41
8
10
6
29
6
56
7
37
9
49
6
47
7
89
8
70
9
92
9
91
7
98
7
7
9
61
9
12
7
17
7
79
8
17
9
99
6
49
9
12
9
79
8
20
8
50
8
78
8
26
7
49
9
60
9
69
6
89
9
19
7
29
7
79
9
99
7
97
6
19
9
99
7
86
10
82
6
56
8
6
8
60
6
48
7
48
8
90
4
79
9
50
7
58
6
77
7
99
8
16
10
52
6
9
9
71
9
99
8
67
2
89
6
89
6
59
6
7
8
60
8
10
6
87
6
89
6
36
6
79
9
57
9
60
9
92
7
9
9
57
8
90
8
80
9
31
6
39
8
36
9
51
9
21
9
41
9
88
6
49
9
99
9
51
9
61
9
28
8
30
9
8
9
92
9
92
8
77
9
21
7
66
9
37
8
70
0
40
8
20
6
89
7
39
6
49
8
10
9
21
0
40
6
59
6
49
9
99
7
79
8
60
7
79
6
98
7
19
7
17
9
57
7
39
3
36
9
91
7
9
7
88
6
29
6
46
6
96
7
99
6
69
9
51
8
10
6
49
9
49
9
40
7
29
9
81
9
90
9
28
8
98
7
46
9
11
9
49
9
12
7
49
9
42
7
49
8
16
9
62
7
37
7
67
4
79
6
59
8
26
8
10
8
59
9
51
7
14
9
58
8
36
9
61
9
91
6
99
9
87
7
46
8
88
8
20
7
49
7
9
9
37
9
17
6
99
9
32
9
99
7
46
9
32
8
70
8
99
9
58
9
11
9
39
9
91
7
98
7
9
6
49
8
40
9
71
10
22
9
99
10
22
9
91
6
49
8
10
8
40
6
16
8
86
8
50
7
28
8
17
0
90
7
49
6
29
8
80
8
86
6
59
6
9
8
90
8
50
8
40
0
86
9
60
9
50
6
46
9
59
9
48
9
38
8
17
6
9
9
90
9
80
7
89
8
70
9
78
9
91
6
39
8
50
10
82
8
20
6
19
9
78
8
30
6
29
8
46
9
38
9
7
8
46
10
82
9
39
9
21
9
21
6
79
7
59
6
78
6
19
9
31
8
10
6
28
6
79
9
90
6
16
9
71
9
78
7
17
6
69
9
40
7
88
9
31
6
89
4
79
8
60
7
39
10
82
9
77
7
19
9
12
7
39
8
60
9
31
3
39
9
81
9
21
9
42
9
69
10
22
6
49
7
59
9
32
8
49
9
27
9
21
7
39
6
63
0
70
7
19
9
9
9
42
6
49
9
89
9
99
7
49
8
46
6
79
6
27
9
99
9
50
7
19
6
79
8
7
6
39
9
90
9
18
8
99
9
91
7
9
9
99
9
81
8
18
9
71
7
99
7
69
8
29
9
87
6
79
6
9
9
31
6
76
9
21
9
62
9
89
9
19
0
34
9
99
8
46
8
50
9
41
6
49
9
47
9
41
9
11
7
79
7
59
9
47
7
79
7
49
7
29
6
46
9
79
8
60
6
86
9
62
6
49
7
59
8
48
9
17
6
7
8
56
8
10
6
69
8
70
9
91
8
20
8
80
8
40
6
6
6
9
7
69
9
11
9
10
9
9
6
79
7
36
9
7
7
39
9
41
7
79
6
79
8
10
7
77
1
66
9
42
9
69
10
82
9
72
9
92
7
44
8
10
7
58
9
99
9
42
9
99
10
22
7
69
8
99
9
61
8
99
7
9
9
57
9
42
6
69
8
30
8
40
8
66
9
89
6
9
9
50
9
91
9
51
6
29
8
19
7
59
8
40
8
79
9
31
8
10
8
60
9
81
7
49
7
39
0
90
7
9
9
90
8
10
9
10
7
97
6
79
9
69
2
69
7
19
9
51
8
10
9
31
8
80
9
8
8
69
9
31
9
60
10
82
8
70
9
21
9
41
7
39
7
9
6
49
9
51
2
19
8
98
9
98
8
57
6
48
7
39
8
19
7
59
0
50
9
42
9
37
9
59
8
50
7
96
8
10
7
39
7
34
7
59
6
69
9
71
10
82
7
49
9
98
9
61
7
56
9
88
6
89
9
51
9
18
9
91
9
21
9
32
8
86
8
90
9
30
0
20
7
19
8
50
8
18
9
67
6
19
1
16
9
9
9
50
9
31
8
7
7
49
