2
96
4
83
1
18
3
84
1
54
4
36
2
73
0
6
4
73
3
61
1
6
0
7
0
90
4
1
3
67
3
18
4
52
4
92
0
76
2
72
3
82
4
58
3
41
0
92
4
69
4
58
3
46
2
26
1
54
3
66
0
59
1
40
0
58
2
78
2
91
1
51
0
46
2
36
3
77
4
14
3
93
3
9
2
70
2
17
2
68
4
13
1
31
2
8
2
68
4
42
4
70
2
2
1
48
1
80
0
37
4
47
3
62
1
3
0
10
3
34
1
93
2
13
1
30
2
47
2
17
4
47
0
0
2
22
4
8
1
26
3
99
4
39
2
11
0
65
3
79
0
53
4
81
1
47
0
22
3
26
0
61
3
66
2
30
2
15
4
75
2
40
2
11
2
53
0
69
3
46
2
69
1
41
2
15
1
76
4
19
4
87
2
23
1
31
3
27
3
95
2
62
1
13
4
26
0
11
3
53
4
43
0
92
3
14
3
9
3
54
2
2
0
75
0
76
4
45
1
26
2
39
3
95
3
63
0
86
1
85
1
32
2
70
3
76
0
72
0
23
3
53
4
34
1
14
4
8
1
35
3
52
0
31
3
25
3
49
1
49
3
79
1
34
0
95
2
3
4
95
0
72
1
98
1
51
4
36
3
9
4
41
2
20
3
33
3
42
4
82
1
83
4
98
0
20
4
17
1
11
2
40
4
43
2
9
2
40
2
80
0
27
3
61
0
27
1
68
1
91
1
46
2
21
4
92
3
93
3
75
3
10
2
6
2
53
3
93
2
10
1
27
1
55
3
61
1
38
2
95
3
57
0
5
2
38
0
10
2
13
2
94
4
58
0
1
4
23
0
97
1
64
4
58
2
51
4
40
2
43
4
45
4
57
2
44
1
24
2
34
2
11
3
47
4
97
3
29
2
90
4
36
2
45
4
51
2
61
3
11
0
88
1
24
3
26
2
6
2
96
3
44
4
62
3
26
0
30
0
29
4
81
4
49
1
52
4
49
0
10
4
64
1
56
4
82
3
89
0
44
1
64
1
41
4
19
0
30
4
74
1
6
1
6
4
56
4
62
2
39
0
11
3
85
3
99
3
94
1
9
1
78
1
6
2
90
1
33
0
45
1
61
4
53
1
37
2
24
4
97
4
1
0
36
3
26
3
55
4
64
0
90
3
31
4
55
3
83
1
69
2
29
2
73
4
78
3
34
2
43
4
7
2
50
4
62
1
64
2
22
2
39
0
69
0
4
4
78
2
66
4
50
4
1
4
60
3
72
4
89
4
42
2
79
2
91
0
86
0
99
1
10
0
86
0
2
2
81
0
93
0
40
1
86
4
13
4
94
4
38
3
57
0
33
3
29
0
38
0
84
4
52
0
63
2
90
1
41
3
8
0
81
2
41
0
75
3
4
3
4
0
73
1
58
4
58
3
0
3
65
3
91
3
51
1
24
1
12
0
64
0
21
2
78
3
75
0
65
0
29
4
88
0
4
2
80
4
17
4
33
0
16
0
23
2
5
3
4
2
32
0
87
1
32
2
0
0
28
2
31
0
9
3
53
3
53
3
4
0
5
0
93
3
67
1
15
2
13
2
92
2
17
3
69
0
29
4
1
1
48
0
0
0
45
1
91
0
4
3
5
1
5
1
73
0
91
3
10
4
25
1
13
2
94
3
96
2
77
0
74
1
51
1
1
4
98
3
6
3
99
2
2
3
42
3
69
3
63
1
19
2
74
1
82
4
64
1
15
4
61
3
24
3
32
4
10
0
69
3
78
1
32
1
68
3
77
4
46
2
41
1
56
2
83
3
99
4
4
4
43
0
54
4
82
1
57
0
25
3
64
3
24
1
41
4
62
0
49
0
11
4
5
4
67
3
69
3
33
2
6
3
41
3
81
2
37
1
52
4
92
3
94
1
41
1
28
3
49
3
77
3
80
1
59
3
61
4
18
1
65
4
84
0
93
3
30
1
44
4
79
2
86
2
3
2
38
1
51
2
44
2
37
4
95
4
4
2
9
4
5
2
62
0
30
2
28
1
71
4
35
4
1
1
21
1
6
3
96
1
64
0
48
1
22
2
75
3
86
1
45
4
48
3
93
3
93
3
75
4
28
1
73
4
74
3
86
1
90
4
28
1
45
3
34
0
39
4
20
4
11
0
86
3
47
4
65
0
6
0
22
3
21
1
39
1
47
0
15
3
88
2
43
0
73
1
98
3
53
0
63
4
7
4
61
4
9
3
65
3
67
3
18
3
63
0
92
1
82
4
57
0
17
3
55
4
28
0
92
2
80
2
25
3
65
1
37
4
90
1
56
0
76
0
80
4
83
0
88
3
41
1
77
0
15
4
82
3
69
0
85
2
75
0
58
3
35
2
9
0
29
1
50
1
31
4
43
0
41
1
88
2
67
4
86
3
85
1
92
1
1
3
58
4
9
1
11
1
73
2
11
3
95
0
47
4
7
3
73
2
18
2
47
2
72
3
20
1
46
4
54
4
63
0
84
3
13
1
26
1
73
3
99
1
91
0
14
3
94
2
80
4
77
1
50
4
0
2
59
0
42
1
42
2
89
4
76
3
44
1
52
0
71
1
93
4
10
4
46
0
6
3
65
3
94
2
61
2
85
0
88
0
56
0
1
2
55
2
7
0
81
0
88
1
30
0
76
4
51
3
54
4
89
1
8
4
51
2
86
2
79
3
29
0
37
4
30
3
45
3
17
3
41
4
82
0
43
4
96
3
47
3
55
4
22
2
25
3
2
4
89
4
86
2
71
4
15
2
60
3
31
2
67
0
40
2
17
0
86
1
37
0
46
2
4
3
19
0
40
0
59
0
47
3
96
1
79
2
55
1
73
0
92
1
17
1
17
3
51
1
38
3
30
3
87
1
9
1
82
0
29
1
40
1
90
1
97
0
68
3
48
2
6
0
49
4
43
3
34
1
27
3
79
3
84
4
22
2
92
2
40
3
6
3
43
4
9
1
47
4
36
1
47
4
10
4
57
1
31
1
61
4
76
0
59
4
20
2
4
2
53
3
48
1
14
4
52
3
30
3
58
3
85
0
98
4
81
2
40
2
82
2
18
1
48
1
9
3
31
3
11
0
97
4
26
3
94
2
40
4
29
2
68
2
98
4
52
3
6
4
33
3
91
1
92
1
5
0
47
2
39
4
65
4
19
3
94
4
16
3
85
0
46
2
9
2
35
1
10
4
80
2
44
1
22
2
11
0
90
1
47
0
29
2
74
3
80
0
59
0
4
2
87
2
45
2
35
0
86
3
54
4
44
1
40
3
53
4
42
4
32
2
11
0
6
3
84
3
74
1
85
2
66
3
72
3
88
0
36
2
44
4
78
2
18
0
13
4
72
2
27
0
23
4
40
3
38
4
1
4
40
4
76
4
33
4
15
4
15
0
73
1
53
0
78
0
19
3
29
2
5
0
22
0
79
3
84
1
10
4
65
4
72
1
11
0
64
3
34
1
88
3
27
0
89
4
75
2
58
1
35
4
79
4
77
1
19
4
6
1
35
2
55
4
25
3
34
3
78
3
15
4
39
3
63
4
19
0
45
1
57
3
32
2
43
4
21
3
18
1
35
0
63
0
70
1
16
3
3
4
39
0
49
4
83
4
95
1
48
4
40
0
74
0
21
4
95
4
44
1
19
0
74
2
7
0
37
3
84
4
18
2
96
3
89
1
6
3
99
3
76
2
12
3
68
1
97
1
63
2
23
3
81
0
78
0
8
3
26
1
70
3
19
4
57
3
83
4
13
0
34
4
93
3
40
2
47
3
37
0
46
4
41
4
35
3
8
1
79
1
56
3
47
1
73
1
46
1
28
0
46
4
73
2
57
1
80
4
58
0
43
1
58
2
42
4
11
0
1
4
50
2
5
0
66
2
69
3
89
2
18
2
77
2
39
1
0
0
3
1
68
3
9
4
4
3
3
0
73
2
30
3
1
1
36
3
35
1
76
0
79
2
5
1
71
1
60
4
38
3
63
4
76
4
67
4
88
1
44
2
9
1
52
4
95
4
38
4
98
4
18
1
69
2
99
3
56
2
97
1
5
4
51
4
39
0
67
2
27
2
37
3
60
3
83
0
6
3
44
3
89
3
47
0
25
2
13
1
57
2
39
2
73
3
25
2
9
2
59
3
77
1
43
1
35
0
90
1
5
4
84
2
5
3
4
1
97
0
76
3
63
2
65
1
16
4
45
2
6
3
28
2
74
4
2
2
63
3
28
4
54
4
77
2
64
3
19
3
38
1
39
1
5
0
45
3
48
2
19
2
92
4
92
2
51
0
42
1
35
2
13
1
54
0
50
4
39
4
31
3
53
2
48
2
90
2
5
1
34
1
34
1
59
0
63
3
68
4
76
1
47
3
92
3
55
2
50
4
82
0
89
4
45
3
12
3
85
4
15
4
26
4
80
2
85
3
24
0
20
1
16
2
46
2
12
3
61
0
13
1
16
3
3
4
44
3
31
2
1
1
48
