7
99
9
88
6
19
8
89
6
59
9
41
7
78
5
9
9
78
8
66
6
9
5
9
0
90
8
6
8
70
8
20
9
57
9
97
5
79
7
77
8
87
9
61
8
46
5
97
9
71
9
61
8
50
7
29
6
59
8
70
5
59
5
45
5
59
7
79
7
96
6
56
5
49
7
39
8
80
9
19
8
98
8
10
6
75
7
19
7
69
9
18
6
36
7
9
7
69
9
47
8
75
7
7
6
49
5
85
5
39
9
51
8
67
6
8
0
10
8
39
6
98
7
18
5
35
7
49
7
19
9
51
0
0
7
27
9
11
6
29
8
99
9
41
7
16
5
69
8
80
5
58
8
86
6
49
5
22
8
30
5
66
8
70
6
35
7
19
9
80
6
45
7
16
7
58
5
69
8
50
7
69
6
46
7
19
6
79
9
21
9
91
7
28
6
36
8
30
8
99
7
67
6
18
9
31
5
16
8
58
9
48
5
97
8
19
8
10
8
59
7
7
5
79
5
79
9
50
6
29
7
39
8
99
8
68
5
89
6
89
6
37
6
75
8
80
5
77
5
28
8
58
9
39
6
19
9
11
6
39
8
57
5
36
8
30
8
50
6
49
8
80
6
39
5
99
7
8
9
99
5
77
6
99
6
56
9
41
8
10
8
46
6
25
8
38
8
47
9
87
6
88
9
99
0
20
9
21
6
16
6
45
9
48
7
9
6
45
6
85
5
29
8
66
5
29
6
69
6
96
6
49
7
26
9
97
8
98
8
80
7
15
7
9
7
58
8
98
6
15
6
29
6
59
8
66
6
39
7
99
8
60
5
9
7
39
0
10
7
18
7
99
9
61
5
6
9
28
5
99
6
69
9
61
7
56
8
45
7
48
9
50
9
61
7
49
6
29
7
39
7
16
8
50
9
99
8
30
6
95
9
41
7
49
8
56
7
66
8
16
5
89
6
29
8
30
7
9
7
99
8
44
9
67
8
30
0
30
5
29
8
86
9
48
6
57
9
51
0
10
9
69
6
59
9
87
8
90
5
44
6
69
6
46
9
21
0
30
9
79
6
9
6
9
9
56
9
67
7
39
5
16
8
90
8
99
8
99
6
9
6
79
6
9
6
95
6
38
5
49
6
66
9
58
6
39
7
29
9
99
8
6
5
39
8
30
8
60
9
69
0
90
8
36
9
60
8
83
6
69
7
29
7
78
9
81
8
39
7
48
9
11
6
55
9
67
6
69
7
27
7
39
5
69
5
9
9
81
7
69
8
55
8
6
8
65
8
77
9
91
9
47
7
79
7
96
5
89
1
99
5
15
5
89
5
7
7
86
5
98
0
40
6
89
9
18
9
99
9
41
8
60
5
38
8
30
5
38
5
89
9
57
5
68
6
95
6
46
8
10
5
86
7
46
5
79
8
9
8
9
5
78
6
59
9
61
7
5
8
70
8
96
8
56
6
29
6
17
5
69
5
26
7
79
8
80
5
69
5
29
9
91
5
9
6
85
9
21
9
38
0
16
5
28
7
9
8
9
7
37
5
89
6
37
6
5
5
29
7
36
5
9
8
58
8
58
8
9
5
9
5
98
8
70
6
19
7
18
7
97
7
19
8
70
5
29
8
6
6
49
0
0
5
49
6
96
5
9
8
10
6
9
6
78
1
96
7
11
9
30
6
18
7
99
8
99
7
79
5
79
6
56
6
6
9
99
8
10
8
99
7
7
8
47
8
70
8
63
6
18
7
79
6
87
9
69
6
19
9
61
8
29
8
37
8
15
5
69
8
80
6
37
6
69
8
80
9
51
7
46
6
59
7
83
8
99
9
9
9
48
5
59
9
87
6
59
5
29
8
69
8
29
6
46
9
67
5
49
5
16
9
10
9
71
8
70
8
33
7
9
8
46
8
86
7
39
6
57
9
97
8
99
6
46
6
29
8
50
8
80
7
85
6
59
8
66
9
21
6
69
9
89
5
98
7
35
6
49
9
81
7
89
7
8
7
39
6
56
7
49
7
39
9
99
9
9
7
9
9
10
7
67
0
30
7
29
6
76
9
40
8
6
6
26
6
9
8
99
6
69
5
49
6
27
7
79
8
90
6
49
9
51
8
98
8
98
8
80
9
31
6
78
9
79
8
90
5
95
9
31
6
49
8
39
5
39
8
25
8
16
5
89
8
50
9
70
5
9
5
27
8
26
6
39
6
49
5
19
8
90
7
48
0
73
6
99
8
58
5
68
9
11
8
66
9
11
8
70
8
70
8
20
8
68
5
97
6
87
9
61
5
19
8
60
9
31
5
92
6
85
7
29
8
70
6
39
8
95
6
59
5
79
0
80
9
88
5
89
3
46
6
79
5
19
9
87
8
70
5
89
7
79
0
59
8
40
7
9
5
29
5
55
6
36
9
48
5
46
6
89
7
69
9
91
8
90
6
97
6
6
8
60
9
11
6
16
6
78
7
16
8
99
5
49
9
11
8
78
7
19
7
49
7
77
7
25
6
49
9
59
9
68
5
89
8
18
6
29
6
78
8
99
6
96
5
19
8
99
6
85
9
81
5
55
8
5
7
59
5
47
6
47
7
89
4
79
8
49
6
57
5
76
6
98
8
15
9
51
5
9
8
70
8
99
7
66
2
89
5
89
5
59
5
6
7
59
7
9
5
86
5
89
5
35
5
79
8
56
8
59
9
91
6
9
8
56
7
89
7
79
8
30
5
39
8
35
8
50
8
20
8
41
9
87
5
48
9
99
8
50
8
60
9
27
7
29
8
7
9
91
9
91
7
76
9
20
6
65
8
36
7
69
0
40
7
19
5
89
6
39
5
49
7
9
8
20
0
40
5
59
5
49
8
99
6
79
7
59
6
78
5
97
6
19
6
17
8
56
6
39
3
35
8
90
6
9
6
87
5
29
5
45
5
95
6
99
5
69
8
50
7
9
5
49
9
48
8
39
6
29
8
80
8
89
9
27
7
97
6
45
8
10
8
48
9
11
6
49
9
41
6
49
8
15
9
61
6
36
6
66
4
79
5
59
8
25
7
9
7
58
8
50
6
14
9
57
7
35
8
60
8
90
5
99
8
86
6
45
7
87
7
19
6
49
6
9
8
36
8
16
5
99
9
31
8
99
6
45
9
31
7
69
7
99
9
57
8
10
9
38
8
91
6
97
6
9
5
49
7
39
9
70
9
21
8
99
9
21
8
90
5
49
7
9
7
39
5
15
8
85
7
49
6
27
7
16
0
90
6
49
5
29
7
79
7
85
5
59
5
9
7
89
7
49
7
39
0
86
8
59
9
49
5
45
8
58
9
47
9
37
7
16
5
9
8
89
8
79
6
89
7
69
8
77
8
90
5
39
7
49
9
81
7
19
5
18
9
77
7
29
5
28
8
45
8
38
8
6
8
45
9
81
9
38
9
20
9
20
5
78
6
58
5
78
5
19
8
30
7
9
5
27
5
79
8
89
5
15
9
70
9
77
6
16
5
69
8
39
6
88
8
30
5
89
4
79
7
59
6
39
9
81
9
77
6
19
9
11
6
39
7
59
9
30
3
39
8
80
8
20
9
41
8
68
9
21
5
49
6
59
8
32
7
48
8
26
8
20
6
39
5
63
0
70
6
19
8
8
9
41
5
49
9
88
9
99
6
49
8
45
5
79
5
26
9
99
9
49
6
19
5
79
7
7
5
39
8
89
9
18
7
99
8
90
6
9
8
99
8
80
7
17
8
70
6
99
6
68
7
28
8
86
5
79
5
9
8
30
5
75
8
20
9
61
8
88
9
18
0
34
9
98
7
45
7
49
8
40
5
49
8
46
9
40
8
10
6
79
6
59
8
47
6
78
6
49
6
29
5
46
9
78
7
59
5
85
9
61
5
48
6
59
7
47
8
16
5
6
8
55
7
9
5
69
7
69
8
90
7
19
7
79
7
39
5
5
5
8
6
69
8
10
9
9
8
8
5
78
6
35
8
6
6
39
8
40
6
79
5
79
7
9
6
76
1
65
9
41
8
68
9
81
9
71
9
91
6
44
7
9
6
57
9
99
9
41
9
99
9
21
6
69
7
99
8
60
7
99
6
9
8
56
9
41
5
69
7
29
7
39
7
65
8
88
5
9
8
49
8
90
8
50
5
29
7
18
6
59
7
39
7
78
8
30
7
9
7
59
8
80
6
48
6
39
0
90
6
9
9
89
7
9
8
9
6
97
5
79
8
68
2
69
6
19
9
50
7
9
8
30
7
79
9
7
7
68
8
30
9
59
9
81
7
69
8
20
8
40
6
39
6
9
5
49
8
50
2
19
7
97
9
97
7
56
5
47
6
39
7
18
6
59
0
50
9
41
8
36
8
58
7
49
6
95
7
9
6
39
6
34
6
59
5
68
8
70
9
81
6
49
8
97
8
60
6
55
9
87
5
89
9
50
8
17
8
90
9
20
9
31
8
85
7
89
8
29
0
20
6
19
7
49
7
17
8
66
5
18
1
16
8
8
9
49
8
31
7
6
6
49
