9
99
9
94
19
34
9
94
9
64
9
44
19
94
9
14
19
94
9
74
9
14
9
14
0
90
9
14
9
74
19
34
9
64
9
99
19
94
19
94
9
94
9
64
19
64
9
99
9
74
9
64
19
64
9
34
9
64
9
74
9
64
19
64
9
64
19
94
9
99
9
64
19
64
9
44
19
94
19
34
9
99
9
14
19
94
19
34
9
74
19
34
9
44
9
14
9
74
19
64
19
94
9
14
19
64
9
94
9
44
19
64
9
74
9
14
0
10
9
44
9
99
19
34
9
44
19
64
19
34
19
64
0
0
9
34
9
14
9
34
9
99
9
44
19
34
9
74
19
94
9
64
9
94
19
64
19
22
9
34
9
74
9
74
9
44
19
34
19
94
19
64
19
34
9
64
9
74
19
64
9
74
19
64
19
34
19
94
19
34
9
94
9
34
9
44
9
34
9
99
9
74
19
34
9
34
19
34
9
64
19
64
9
99
19
34
9
14
9
64
9
14
19
94
19
94
19
64
9
34
9
44
9
99
9
74
9
94
9
94
9
44
19
94
19
94
19
94
9
34
9
64
9
44
19
34
9
14
9
44
9
64
9
44
9
34
19
64
19
64
19
94
9
44
9
99
9
14
9
99
19
94
9
99
9
64
9
44
9
14
19
64
9
34
9
44
19
64
9
94
9
94
9
99
0
20
19
34
19
34
19
64
19
64
9
14
19
64
9
94
9
34
9
74
9
34
9
74
9
99
19
64
9
34
9
99
9
99
19
94
19
34
9
14
9
64
9
99
19
34
9
34
9
64
9
74
9
44
9
99
9
64
9
14
9
44
0
10
19
34
9
99
9
64
9
14
9
34
9
99
9
74
9
64
9
64
19
64
19
64
19
64
9
64
19
64
9
34
9
44
19
34
19
64
9
99
9
34
9
99
9
44
19
64
9
64
9
74
19
34
9
94
9
34
9
34
9
14
9
99
9
43
9
74
9
34
0
30
9
34
9
94
9
48
9
64
19
64
0
10
9
74
9
64
9
94
9
94
9
43
9
74
19
64
19
34
0
30
19
94
9
14
9
14
9
56
9
74
9
44
19
34
9
94
9
99
9
99
9
14
19
94
9
14
9
99
9
44
19
64
9
74
9
64
9
44
9
34
9
99
9
14
9
44
9
34
9
64
9
74
0
90
9
44
9
64
19
82
9
74
9
34
19
94
19
94
9
44
19
64
9
14
9
64
9
74
9
74
9
34
9
44
9
74
9
14
19
94
9
74
9
64
9
14
9
74
19
94
9
94
19
64
19
94
9
99
9
94
1
99
19
34
9
94
9
14
9
94
9
99
0
40
9
94
19
34
9
99
9
44
9
64
9
44
9
34
9
38
9
94
9
64
9
74
9
99
19
64
9
14
9
94
19
64
19
94
9
14
9
14
19
94
9
64
9
64
9
14
9
74
9
99
9
64
9
34
19
34
9
74
9
34
19
94
19
94
9
74
9
34
9
94
9
14
9
94
19
34
9
44
0
16
9
34
9
14
9
14
9
44
9
94
9
44
9
14
9
34
9
44
9
14
9
64
9
64
9
14
9
14
9
99
9
74
19
34
19
34
9
99
19
34
9
74
9
34
9
14
19
64
0
0
19
64
9
99
9
14
9
14
9
14
19
94
1
99
9
11
9
34
19
34
9
99
9
99
19
94
19
94
9
64
9
14
9
99
9
14
9
99
9
14
19
64
9
74
9
63
9
18
19
94
9
94
9
74
19
34
9
61
9
34
9
44
19
34
9
74
19
94
9
44
9
74
19
94
19
64
19
64
9
64
19
83
9
99
9
14
19
64
9
64
9
94
9
64
9
34
9
74
9
34
19
64
9
74
19
64
19
34
9
14
9
74
9
74
9
33
9
14
19
64
9
94
9
44
9
64
9
99
9
99
19
64
9
34
19
64
19
94
9
94
9
64
9
74
19
34
9
74
9
94
9
99
9
44
19
64
19
94
9
94
9
14
9
44
9
64
19
64
9
44
9
99
9
14
9
14
9
14
9
74
0
30
9
34
19
94
9
44
9
14
9
34
9
14
9
99
9
74
19
64
9
34
19
94
9
94
19
64
19
64
9
99
9
99
19
94
9
34
19
94
19
94
9
94
9
99
9
34
19
64
9
44
9
44
9
34
19
34
9
94
19
64
9
74
9
14
9
34
9
34
9
44
19
64
19
34
9
94
19
64
0
73
9
99
9
64
9
74
9
14
9
74
9
14
9
74
9
74
19
34
9
74
9
99
9
94
9
64
19
34
9
64
9
34
9
92
9
94
9
34
9
74
9
44
9
99
9
64
19
94
0
80
9
94
9
94
3
49
19
94
19
34
9
94
9
74
9
94
19
94
0
59
9
44
9
14
9
34
9
64
9
44
19
64
19
64
9
94
9
74
9
94
9
94
9
99
9
14
9
64
9
14
19
34
19
94
19
34
9
99
19
64
9
14
19
94
19
34
19
64
19
94
9
34
19
64
9
64
9
74
9
94
19
34
9
34
19
94
9
99
9
99
19
34
9
99
9
94
19
94
9
64
9
14
9
64
19
64
19
64
9
94
4
79
19
64
9
64
19
94
9
99
19
34
19
64
9
14
9
74
9
99
9
74
2
89
9
94
9
64
9
14
9
64
9
14
9
94
9
94
9
44
19
94
9
64
9
64
9
94
9
14
9
64
9
94
19
94
9
34
9
44
9
44
19
64
19
34
9
41
9
94
19
64
9
99
19
64
9
64
9
34
9
34
9
14
9
94
9
94
19
94
19
34
9
74
9
44
9
74
0
40
19
34
9
94
9
44
19
64
9
14
19
34
0
40
9
64
19
64
9
99
19
94
9
64
19
94
9
99
19
34
9
17
9
64
9
44
3
39
9
94
9
14
9
94
9
34
19
64
9
99
9
99
9
74
19
64
9
14
19
64
19
64
9
44
9
34
19
94
9
94
9
34
9
99
19
64
9
14
19
64
9
14
19
64
9
44
19
64
19
34
9
64
9
44
9
74
4
79
9
59
9
34
9
14
9
64
19
64
9
13
9
64
9
44
9
64
9
94
9
99
9
94
19
64
9
94
19
34
19
64
9
14
9
44
19
34
9
99
9
34
9
99
19
64
9
34
9
74
9
99
9
64
9
14
9
44
9
91
9
99
9
14
19
64
9
44
9
74
19
34
9
99
19
34
9
94
19
64
9
14
9
44
19
34
9
94
19
64
9
34
19
34
0
90
19
64
9
34
19
94
9
94
9
64
9
14
9
94
19
64
9
44
0
86
9
64
19
64
19
64
9
64
19
64
9
44
19
34
9
14
9
94
19
94
9
94
9
74
19
94
9
94
9
44
19
64
19
94
19
34
19
34
19
94
9
34
9
34
19
64
9
38
9
14
19
64
19
94
9
44
19
34
19
34
19
94
9
64
9
78
19
34
9
34
9
14
9
34
19
94
9
94
19
34
9
74
19
94
19
34
9
74
9
44
9
88
9
34
9
94
4
79
9
64
9
44
19
94
9
77
19
34
9
14
9
44
9
64
9
34
3
39
19
94
19
34
9
44
9
74
19
34
19
64
9
64
9
32
19
64
9
34
19
34
9
44
9
63
0
70
19
34
9
14
9
44
19
64
9
94
9
99
19
64
19
64
19
94
9
34
9
99
19
64
19
34
19
94
9
7
9
44
9
94
9
18
9
99
9
94
9
14
9
99
19
94
19
34
9
74
9
99
9
74
9
34
9
94
19
94
9
14
9
34
19
94
19
34
9
64
9
94
19
34
0
34
9
99
19
64
19
64
9
44
19
64
19
64
9
44
9
14
19
94
9
64
9
47
19
94
19
64
9
34
9
46
19
94
9
64
9
94
9
64
19
64
9
64
19
64
19
34
9
14
9
64
9
14
9
74
9
74
9
94
19
34
19
94
9
44
9
14
9
14
9
74
9
14
9
14
9
14
19
94
9
44
9
14
9
44
9
44
19
94
19
94
9
14
19
94
1
69
9
44
9
74
19
94
9
74
9
94
9
43
9
14
9
64
9
99
9
44
9
99
19
34
9
74
9
99
9
64
9
99
9
14
9
64
9
44
9
74
9
34
9
44
9
74
9
94
9
14
19
64
9
94
19
64
9
34
19
34
9
64
9
44
19
94
9
34
9
14
9
64
19
94
19
64
9
44
0
90
9
14
9
94
9
14
9
14
9
97
19
94
9
74
2
69
19
34
19
64
9
14
9
34
19
94
9
14
9
74
9
34
9
64
19
94
9
74
19
34
9
44
9
44
9
14
19
64
19
64
2
19
9
99
9
99
9
64
19
64
9
44
19
34
9
64
0
50
9
44
9
44
9
64
19
64
9
99
9
14
9
44
9
33
9
64
9
74
9
74
19
94
19
64
9
99
9
64
9
64
9
94
9
94
19
64
19
34
9
94
19
34
9
34
9
94
9
94
9
34
0
20
19
34
19
64
19
34
9
74
19
34
1
16
9
14
19
64
9
31
9
14
19
64
