9
99
9
92
10
22
9
93
9
62
9
44
10
82
9
11
10
82
9
70
9
12
9
11
0
90
9
10
9
74
12
24
9
61
9
99
9
81
9
81
9
91
9
64
9
50
9
99
9
74
9
64
12
54
9
33
9
62
9
74
9
61
9
49
9
61
11
83
9
99
9
60
9
51
9
43
12
84
11
23
9
99
9
14
9
79
11
23
9
73
10
22
9
40
9
13
9
73
9
51
9
79
9
11
10
52
9
89
9
41
13
55
9
71
9
12
0
10
9
43
9
99
10
22
9
39
11
53
11
23
13
55
0
0
9
31
9
14
9
32
9
99
9
44
9
20
9
71
12
84
9
61
9
90
10
52
9
22
9
34
9
70
9
74
9
39
11
23
12
84
9
49
9
20
9
62
9
71
12
54
9
73
9
50
11
23
10
82
13
25
9
94
9
32
9
40
9
34
9
99
9
71
10
22
9
34
9
20
9
62
10
52
9
99
11
23
9
14
9
63
9
11
9
81
9
81
12
54
9
32
9
43
9
99
9
72
9
91
9
92
9
41
9
79
12
84
9
81
9
31
9
62
9
43
10
22
9
14
9
42
9
61
9
40
9
34
12
54
10
52
12
84
9
42
9
99
9
12
9
99
9
81
9
99
9
60
9
44
9
14
9
50
9
29
9
42
9
51
9
91
9
92
9
99
0
20
13
25
9
20
9
49
10
52
9
13
9
49
9
89
9
31
9
70
9
31
9
72
9
99
10
52
9
30
9
99
9
99
12
84
9
19
9
13
9
62
9
99
9
19
9
32
9
62
9
70
9
42
9
99
9
64
9
11
9
43
0
10
10
22
9
99
9
64
9
10
9
32
9
99
9
72
9
64
9
60
9
49
10
52
12
54
9
64
11
53
9
32
9
43
9
20
12
54
9
99
9
34
9
99
9
44
11
53
9
60
9
70
9
20
9
91
9
32
9
34
9
13
9
99
9
43
9
71
9
34
0
30
9
31
9
90
9
48
9
61
13
55
0
10
9
73
9
62
9
91
9
94
9
43
9
72
9
50
13
25
0
30
11
83
9
12
9
12
9
56
9
71
9
43
9
20
9
94
9
99
9
99
9
12
10
82
9
12
9
99
9
42
9
51
9
70
9
62
9
42
9
33
9
99
9
10
9
41
9
34
9
64
9
73
0
90
9
40
9
64
12
82
9
72
9
33
10
82
13
85
9
43
10
52
9
14
9
59
9
71
9
72
9
31
9
43
9
71
9
11
13
85
9
73
9
59
9
10
9
69
9
81
9
94
9
51
11
83
9
99
9
91
1
99
9
19
9
91
9
11
9
90
9
99
0
40
9
92
10
22
9
99
9
44
9
64
9
41
9
34
9
38
9
91
9
61
9
71
9
99
9
50
9
14
9
90
9
50
9
81
9
13
9
13
9
81
9
62
9
64
9
9
9
74
9
99
9
60
9
32
9
21
9
71
9
30
11
83
12
84
9
71
9
31
9
94
9
11
9
89
13
25
9
42
0
16
9
31
9
13
9
13
9
41
9
91
9
41
9
9
9
31
9
40
9
11
9
62
9
62
9
13
9
11
9
99
9
74
10
22
10
22
9
99
11
23
9
74
9
31
9
10
10
52
0
0
9
51
9
99
9
11
9
14
9
12
10
82
1
99
9
11
9
34
10
22
9
99
9
99
11
83
9
81
9
60
9
10
9
99
9
14
9
99
9
11
9
51
9
74
9
63
9
18
11
83
9
91
9
73
10
22
9
61
9
33
9
41
9
19
9
71
12
84
9
41
9
72
12
84
13
55
9
50
9
62
11
83
9
99
9
13
10
52
9
61
9
91
9
62
9
31
9
73
9
33
9
50
9
71
9
51
9
20
9
14
9
74
9
74
9
33
9
13
9
50
9
90
9
43
9
61
9
99
9
99
9
50
9
32
12
54
12
84
9
89
9
62
9
70
13
25
9
72
9
93
9
99
9
39
10
52
13
85
9
93
9
12
9
43
9
60
11
53
9
43
9
99
9
13
9
13
9
14
9
71
0
30
9
33
9
80
9
44
9
10
9
30
9
12
9
99
9
72
9
51
9
31
11
83
9
94
10
52
13
55
9
99
9
99
12
84
9
34
10
82
11
83
9
94
9
99
9
34
10
52
9
43
9
41
9
29
9
20
9
91
12
54
9
74
9
11
9
31
9
30
9
42
10
52
9
21
9
94
10
52
0
73
9
99
9
62
9
71
9
14
9
70
9
14
9
74
9
74
12
24
9
72
9
99
9
91
9
64
9
21
9
64
9
34
9
92
9
89
9
33
9
74
9
42
9
99
9
62
9
81
0
80
9
92
9
91
3
49
10
82
9
21
9
91
9
74
9
91
11
83
0
59
9
44
9
13
9
31
9
59
9
40
10
52
9
50
9
92
9
73
9
94
9
94
9
99
9
10
9
64
9
14
9
20
10
82
9
20
9
99
9
51
9
14
10
82
11
23
11
53
9
81
9
29
10
52
9
63
9
72
9
91
10
22
9
32
10
82
9
99
9
99
9
21
9
99
9
89
13
85
9
59
9
9
9
63
9
51
9
51
9
93
4
79
11
53
9
61
9
80
9
99
9
19
13
55
9
11
9
74
9
99
9
70
2
89
9
91
9
61
9
10
9
63
9
13
9
90
9
91
9
39
9
81
9
60
9
63
9
94
9
12
9
60
9
93
11
83
9
34
9
41
9
39
12
54
12
24
9
41
9
91
9
51
9
99
12
54
9
64
9
31
9
33
9
11
9
94
9
94
9
80
12
24
9
69
9
40
9
73
0
40
11
23
9
91
9
42
9
51
9
13
12
24
0
40
9
61
9
51
9
99
10
82
9
63
10
82
9
99
10
22
9
17
9
60
9
42
3
39
9
94
9
12
9
91
9
31
9
49
9
99
9
99
9
71
12
54
9
13
9
51
10
52
9
43
9
32
12
84
9
93
9
31
9
99
9
49
9
14
10
52
9
14
10
52
9
44
10
52
9
19
9
64
9
40
9
70
4
79
9
59
9
29
9
13
9
62
12
54
9
13
9
61
9
39
9
64
9
94
9
99
9
90
9
49
9
91
11
23
10
52
9
12
9
40
9
20
9
99
9
34
9
99
9
49
9
34
9
73
9
99
9
61
9
14
9
42
9
91
9
99
9
12
9
51
9
43
9
74
13
25
9
99
13
25
9
94
9
51
9
13
9
43
9
19
9
89
11
53
9
31
9
20
0
90
10
52
9
31
11
83
9
89
9
61
9
11
9
93
11
53
9
43
0
86
9
63
11
53
9
49
9
62
9
51
9
41
9
20
9
11
9
93
11
83
9
92
9
73
9
81
9
94
9
41
11
53
13
85
11
23
9
21
9
81
9
33
9
31
9
49
9
38
9
10
9
49
13
85
9
42
12
24
12
24
9
81
9
62
9
78
9
21
9
34
9
13
9
31
9
81
9
93
9
19
9
74
9
81
9
20
9
71
9
43
9
88
9
34
9
91
4
79
9
63
9
42
13
85
9
77
10
22
9
14
9
42
9
63
9
34
3
39
12
84
12
24
9
44
9
72
13
25
9
51
9
62
9
32
10
52
9
30
12
24
9
42
9
63
0
70
10
22
9
12
9
44
9
51
9
92
9
99
10
52
9
49
9
81
9
30
9
99
11
53
10
22
9
81
9
7
9
41
9
93
9
18
9
99
9
94
9
12
9
99
12
84
9
21
9
74
9
99
9
72
9
32
9
90
9
81
9
11
9
34
9
79
12
24
9
64
9
92
10
22
0
34
9
99
9
49
11
53
9
44
9
51
9
50
9
44
9
14
10
82
9
62
9
47
10
82
10
52
9
32
9
46
10
82
9
63
9
89
9
64
9
51
9
62
9
51
9
20
9
10
9
59
9
13
9
71
9
73
9
94
11
23
11
83
9
43
9
9
9
11
9
72
9
14
9
13
9
12
9
81
9
39
9
10
9
42
9
44
10
82
9
81
9
13
9
80
1
69
9
44
9
72
13
85
9
74
9
94
9
43
9
13
9
61
9
99
9
44
9
99
13
25
9
72
9
99
9
64
9
99
9
12
9
60
9
44
9
71
9
33
9
43
9
69
9
92
9
11
11
53
9
94
12
54
9
31
10
22
9
62
9
43
10
82
9
34
9
13
9
63
12
84
10
52
9
42
0
90
9
12
9
93
9
13
9
13
9
97
9
81
9
72
2
69
10
22
12
54
9
13
9
34
11
83
9
11
9
72
9
34
9
63
13
85
9
73
12
24
9
44
9
42
9
12
9
51
12
54
2
19
9
99
9
99
9
60
9
51
9
42
10
22
9
62
0
50
9
44
9
40
9
62
11
53
9
99
9
13
9
42
9
33
9
62
9
71
9
74
13
85
10
52
9
99
9
64
9
59
9
91
9
91
12
54
9
21
9
94
12
24
9
34
9
89
9
93
9
33
0
20
10
22
11
53
9
21
9
70
9
21
1
16
9
12
11
53
9
31
9
10
10
52
