9
99
9
94
14
26
9
94
9
64
9
44
14
86
9
14
14
86
9
74
9
14
9
14
0
90
9
14
9
74
16
28
9
64
9
99
13
85
13
85
9
94
9
64
12
54
9
99
9
74
9
64
16
58
9
34
9
64
9
74
9
64
11
53
9
64
15
87
9
99
9
64
13
55
9
44
16
88
15
27
9
99
9
14
11
83
15
27
9
74
14
26
9
44
9
14
9
74
13
55
11
83
9
14
14
56
9
93
9
44
17
59
9
74
9
14
0
10
9
44
9
99
14
26
9
43
15
57
15
27
17
59
0
0
9
34
9
14
9
34
9
99
9
44
12
24
9
74
16
88
9
64
9
94
14
56
13
22
9
34
9
74
9
74
9
43
15
27
16
88
11
53
12
24
9
64
9
74
16
58
9
74
12
54
15
27
14
86
17
29
9
94
9
34
9
44
9
34
9
99
9
74
14
26
9
34
12
24
9
64
14
56
9
99
15
27
9
14
9
64
9
14
13
85
13
85
16
58
9
34
9
44
9
99
9
74
9
94
9
94
9
44
11
83
16
88
13
85
9
34
9
64
9
44
14
26
9
14
9
44
9
64
9
44
9
34
16
58
14
56
16
88
9
44
9
99
9
14
9
99
13
85
9
99
9
64
9
44
9
14
12
54
9
33
9
44
13
55
9
94
9
94
9
99
0
20
17
29
12
24
11
53
14
56
9
14
11
53
9
93
9
34
9
74
9
34
9
74
9
99
14
56
9
34
9
99
9
99
16
88
11
23
9
14
9
64
9
99
11
23
9
34
9
64
9
74
9
44
9
99
9
64
9
14
9
44
0
10
14
26
9
99
9
64
9
14
9
34
9
99
9
74
9
64
9
64
11
53
14
56
16
58
9
64
15
57
9
34
9
44
12
24
16
58
9
99
9
34
9
99
9
44
15
57
9
64
9
74
12
24
9
94
9
34
9
34
9
14
9
99
9
43
9
74
9
34
0
30
9
34
9
94
9
48
9
64
17
59
0
10
9
74
9
64
9
94
9
94
9
43
9
74
12
54
17
29
0
30
15
87
9
14
9
14
9
56
9
74
9
44
12
24
9
94
9
99
9
99
9
14
14
86
9
14
9
99
9
44
13
55
9
74
9
64
9
44
9
34
9
99
9
14
9
44
9
34
9
64
9
74
0
90
9
44
9
64
16
82
9
74
9
34
14
86
17
89
9
44
14
56
9
14
9
63
9
74
9
74
9
34
9
44
9
74
9
14
17
89
9
74
9
63
9
14
9
73
13
85
9
94
13
55
15
87
9
99
9
94
1
99
11
23
9
94
9
14
9
94
9
99
0
40
9
94
14
26
9
99
9
44
9
64
9
44
9
34
9
38
9
94
9
64
9
74
9
99
12
54
9
14
9
94
12
54
13
85
9
14
9
14
13
85
9
64
9
64
9
13
9
74
9
99
9
64
9
34
13
25
9
74
9
34
15
87
16
88
9
74
9
34
9
94
9
14
9
93
17
29
9
44
0
16
9
34
9
14
9
14
9
44
9
94
9
44
9
13
9
34
9
44
9
14
9
64
9
64
9
14
9
14
9
99
9
74
14
26
14
26
9
99
15
27
9
74
9
34
9
14
14
56
0
0
13
55
9
99
9
14
9
14
9
14
14
86
1
99
9
11
9
34
14
26
9
99
9
99
15
87
13
85
9
64
9
14
9
99
9
14
9
99
9
14
13
55
9
74
9
63
9
18
15
87
9
94
9
74
14
26
9
61
9
34
9
44
11
23
9
74
16
88
9
44
9
74
16
88
17
59
12
54
9
64
15
83
9
99
9
14
14
56
9
64
9
94
9
64
9
34
9
74
9
34
12
54
9
74
13
55
12
24
9
14
9
74
9
74
9
33
9
14
12
54
9
94
9
44
9
64
9
99
9
99
12
54
9
34
16
58
16
88
9
93
9
64
9
74
17
29
9
74
9
94
9
99
9
43
14
56
17
89
9
94
9
14
9
44
9
64
15
57
9
44
9
99
9
14
9
14
9
14
9
74
0
30
9
34
12
84
9
44
9
14
9
34
9
14
9
99
9
74
13
55
9
34
15
87
9
94
14
56
17
59
9
99
9
99
16
88
9
34
14
86
15
87
9
94
9
99
9
34
14
56
9
44
9
44
9
33
12
24
9
94
16
58
9
74
9
14
9
34
9
34
9
44
14
56
13
25
9
94
14
56
0
73
9
99
9
64
9
74
9
14
9
74
9
14
9
74
9
74
16
28
9
74
9
99
9
94
9
64
13
25
9
64
9
34
9
92
9
93
9
34
9
74
9
44
9
99
9
64
13
85
0
80
9
94
9
94
3
49
14
86
13
25
9
94
9
74
9
94
15
87
0
59
9
44
9
14
9
34
9
63
9
44
14
56
12
54
9
94
9
74
9
94
9
94
9
99
9
14
9
64
9
14
12
24
14
86
12
24
9
99
13
55
9
14
14
86
15
27
15
57
13
85
9
33
14
56
9
64
9
74
9
94
14
26
9
34
14
86
9
99
9
99
13
25
9
99
9
93
17
89
9
63
9
13
9
64
13
55
13
55
9
94
4
79
15
57
9
64
12
84
9
99
11
23
17
59
9
14
9
74
9
99
9
74
2
89
9
94
9
64
9
14
9
64
9
14
9
94
9
94
9
43
13
85
9
64
9
64
9
94
9
14
9
64
9
94
15
87
9
34
9
44
9
43
16
58
16
28
9
41
9
94
13
55
9
99
16
58
9
64
9
34
9
34
9
14
9
94
9
94
12
84
16
28
9
73
9
44
9
74
0
40
15
27
9
94
9
44
13
55
9
14
16
28
0
40
9
64
13
55
9
99
14
86
9
64
14
86
9
99
14
26
9
17
9
64
9
44
3
39
9
94
9
14
9
94
9
34
11
53
9
99
9
99
9
74
16
58
9
14
13
55
14
56
9
44
9
34
16
88
9
94
9
34
9
99
11
53
9
14
14
56
9
14
14
56
9
44
14
56
11
23
9
64
9
44
9
74
4
79
9
59
9
33
9
14
9
64
16
58
9
13
9
64
9
43
9
64
9
94
9
99
9
94
11
53
9
94
15
27
14
56
9
14
9
44
12
24
9
99
9
34
9
99
11
53
9
34
9
74
9
99
9
64
9
14
9
44
9
91
9
99
9
14
13
55
9
44
9
74
17
29
9
99
17
29
9
94
13
55
9
14
9
44
11
23
9
93
15
57
9
34
12
24
0
90
14
56
9
34
15
87
9
93
9
64
9
14
9
94
15
57
9
44
0
86
9
64
15
57
11
53
9
64
13
55
9
44
12
24
9
14
9
94
15
87
9
94
9
74
13
85
9
94
9
44
15
57
17
89
15
27
13
25
13
85
9
34
9
34
11
53
9
38
9
14
11
53
17
89
9
44
16
28
16
28
13
85
9
64
9
78
13
25
9
34
9
14
9
34
13
85
9
94
11
23
9
74
13
85
12
24
9
74
9
44
9
88
9
34
9
94
4
79
9
64
9
44
17
89
9
77
14
26
9
14
9
44
9
64
9
34
3
39
16
88
16
28
9
44
9
74
17
29
13
55
9
64
9
32
14
56
9
34
16
28
9
44
9
63
0
70
14
26
9
14
9
44
13
55
9
94
9
99
14
56
11
53
13
85
9
34
9
99
15
57
14
26
13
85
9
7
9
44
9
94
9
18
9
99
9
94
9
14
9
99
16
88
13
25
9
74
9
99
9
74
9
34
9
94
13
85
9
14
9
34
11
83
16
28
9
64
9
94
14
26
0
34
9
99
11
53
15
57
9
44
13
55
12
54
9
44
9
14
14
86
9
64
9
47
14
86
14
56
9
34
9
46
14
86
9
64
9
93
9
64
13
55
9
64
13
55
12
24
9
14
9
63
9
14
9
74
9
74
9
94
15
27
15
87
9
44
9
13
9
14
9
74
9
14
9
14
9
14
13
85
9
43
9
14
9
44
9
44
14
86
13
85
9
14
12
84
1
69
9
44
9
74
17
89
9
74
9
94
9
43
9
14
9
64
9
99
9
44
9
99
17
29
9
74
9
99
9
64
9
99
9
14
9
64
9
44
9
74
9
34
9
44
9
73
9
94
9
14
15
57
9
94
16
58
9
34
14
26
9
64
9
44
14
86
9
34
9
14
9
64
16
88
14
56
9
44
0
90
9
14
9
94
9
14
9
14
9
97
13
85
9
74
2
69
14
26
16
58
9
14
9
34
15
87
9
14
9
74
9
34
9
64
17
89
9
74
16
28
9
44
9
44
9
14
13
55
16
58
2
19
9
99
9
99
9
64
13
55
9
44
14
26
9
64
0
50
9
44
9
44
9
64
15
57
9
99
9
14
9
44
9
33
9
64
9
74
9
74
17
89
14
56
9
99
9
64
9
63
9
94
9
94
16
58
13
25
9
94
16
28
9
34
9
93
9
94
9
34
0
20
14
26
15
57
13
25
9
74
13
25
1
16
9
14
15
57
9
31
9
14
14
56
