8
89
9
61
7
66
7
15
7
99
8
60
9
69
7
89
5
85
8
50
8
80
8
99
5
55
6
99
9
88
5
69
8
90
9
99
6
77
9
51
5
59
7
59
8
60
5
15
8
40
6
98
6
59
9
8
8
80
9
51
5
98
7
19
6
9
5
61
8
19
6
79
7
9
7
19
7
25
7
99
6
18
9
71
9
99
8
45
9
11
9
87
5
64
5
69
8
70
5
29
8
10
0
90
8
5
7
37
5
39
8
28
7
29
9
79
5
39
7
49
8
87
0
0
5
49
7
49
6
88
6
9
5
6
9
91
5
9
9
51
5
59
8
10
5
19
8
50
8
65
9
99
5
39
9
80
9
91
7
99
9
8
8
90
5
59
9
71
6
59
8
70
5
9
5
99
7
89
6
68
6
87
7
79
7
49
9
91
5
25
6
49
8
86
5
39
7
6
9
99
9
58
6
8
5
79
9
61
6
29
5
89
5
6
8
46
5
79
9
89
9
77
8
50
6
49
5
99
5
19
9
98
5
19
7
89
7
89
8
26
5
69
5
39
8
10
5
67
9
61
7
16
6
46
6
37
5
89
8
56
5
7
6
78
6
79
9
60
8
98
5
47
8
10
5
17
8
99
5
79
9
48
8
38
9
91
7
49
5
59
9
30
6
16
8
99
6
19
6
77
6
99
5
19
7
39
9
27
9
79
9
7
8
65
8
99
7
36
9
99
5
35
9
60
9
18
8
20
6
58
8
67
9
19
7
89
9
97
7
14
5
9
6
76
6
45
5
29
9
61
7
76
8
90
5
48
5
98
5
56
9
39
5
39
6
49
9
91
5
49
6
29
6
69
6
16
6
37
6
49
5
16
7
29
6
58
8
26
9
31
9
4
6
96
9
71
5
75
5
97
5
27
6
15
5
39
5
39
5
7
6
59
7
36
9
61
5
76
6
79
6
99
8
99
9
90
5
78
5
68
8
10
8
80
8
30
5
69
6
29
9
7
6
9
7
19
7
99
7
57
5
28
5
99
5
55
6
19
8
60
7
66
5
49
6
89
5
56
6
99
7
19
9
39
6
16
9
7
6
49
5
69
0
0
8
58
9
58
8
60
5
75
9
11
9
9
5
95
8
67
9
8
5
49
5
36
5
69
8
39
6
89
9
61
7
99
7
7
8
10
9
98
7
47
9
89
9
76
8
40
6
67
7
28
5
99
8
76
6
28
5
25
7
69
7
26
8
46
5
9
9
21
8
99
6
46
7
45
8
70
8
55
6
69
9
41
7
39
9
19
6
36
8
99
6
7
7
9
6
9
5
29
8
49
8
96
6
69
6
69
8
49
6
57
6
28
6
56
5
89
6
19
6
9
0
80
5
49
0
60
9
89
4
59
5
29
6
86
8
56
9
37
5
49
7
66
3
89
5
17
6
58
7
88
6
39
8
70
7
29
1
9
9
60
8
29
7
24
7
47
6
9
6
59
8
26
7
59
8
50
7
99
7
86
6
25
7
79
6
99
7
59
8
56
6
2
9
41
9
98
6
6
8
47
6
29
5
19
7
19
7
69
8
86
9
51
8
69
8
30
5
79
7
29
5
88
4
76
7
59
9
67
8
99
6
29
7
77
5
57
8
70
6
9
8
76
7
39
5
49
7
49
3
19
7
86
7
57
9
99
5
29
0
60
9
61
0
40
9
31
6
79
8
80
9
97
8
27
6
49
6
49
8
20
6
55
6
5
9
18
6
48
8
89
0
20
5
89
6
79
6
96
8
90
8
48
6
88
8
29
8
6
6
57
0
30
5
59
6
29
7
87
6
89
6
75
9
9
8
90
8
40
9
60
6
39
6
69
5
99
8
15
5
99
8
89
9
81
8
76
8
65
8
96
8
6
9
19
8
20
9
21
7
78
8
86
9
77
5
29
9
51
6
87
8
88
5
39
6
77
6
39
9
21
5
7
8
39
8
80
8
68
8
86
9
9
9
21
8
7
8
35
8
46
5
8
5
96
6
19
7
58
9
21
6
79
8
69
7
49
9
59
6
76
5
9
8
50
8
80
8
99
7
69
9
47
6
49
5
9
8
18
8
6
7
27
9
78
9
51
6
98
9
31
4
59
9
88
9
71
8
46
8
56
7
99
9
31
8
30
6
29
6
29
8
65
7
49
6
89
7
99
9
41
5
79
7
38
5
55
7
27
8
76
9
61
5
67
8
98
5
69
8
7
6
87
7
47
6
6
6
69
8
70
5
29
7
9
9
88
8
86
9
17
8
27
1
89
9
51
7
19
9
31
8
90
6
7
5
69
7
89
5
48
5
95
5
49
5
67
5
97
8
98
8
26
6
89
5
6
9
71
8
60
8
57
9
9
9
31
7
29
7
38
8
20
7
15
5
49
9
67
6
97
9
99
7
49
5
49
7
66
5
59
8
75
8
50
7
9
6
79
9
11
0
0
8
97
6
98
7
5
9
99
8
39
6
89
8
16
0
30
7
9
7
89
5
16
9
49
6
69
6
27
9
58
8
48
8
80
7
37
5
96
9
39
5
61
7
59
7
29
8
90
5
89
8
33
0
30
6
99
9
3
5
19
8
50
5
99
8
60
7
59
8
48
5
49
9
99
6
99
8
70
7
38
7
29
6
49
6
16
8
89
7
9
9
41
5
39
8
28
9
99
5
69
8
58
8
28
6
59
7
39
5
45
5
69
8
60
6
85
2
59
9
91
9
31
8
86
8
20
6
95
6
38
5
27
3
21
7
97
8
16
6
8
8
25
6
69
0
0
7
99
7
96
5
57
8
70
6
99
7
26
7
67
5
47
9
71
7
49
6
99
8
20
6
39
8
78
5
79
7
39
7
61
6
9
6
76
8
68
8
57
8
26
5
88
8
60
8
89
6
45
7
29
8
96
5
19
5
19
7
9
3
16
6
49
8
5
7
37
7
38
0
70
2
59
7
95
9
21
8
46
4
30
5
48
6
79
6
98
8
86
8
69
7
59
8
6
7
89
9
20
8
16
6
97
6
99
0
80
9
97
5
96
5
68
5
39
6
49
9
81
8
20
5
39
7
6
8
65
5
85
0
70
7
9
5
15
7
38
6
98
6
81
7
97
5
47
6
49
0
80
6
5
8
96
6
99
6
99
7
99
7
39
4
16
7
46
0
80
9
21
2
79
9
61
7
49
5
27
7
48
6
85
8
59
8
67
1
39
5
97
0
0
6
64
7
89
7
79
6
59
7
59
9
21
6
79
8
48
6
19
7
88
8
10
5
47
7
49
6
25
5
75
7
76
8
5
8
46
8
40
6
38
7
29
9
81
7
99
7
19
4
47
8
45
8
6
5
79
5
65
7
99
7
45
8
6
8
90
9
34
7
49
5
73
8
20
5
59
8
16
5
19
7
19
3
19
8
79
6
78
9
81
5
15
8
86
8
56
6
86
0
30
9
21
7
45
8
40
7
37
6
19
9
81
6
79
5
68
5
89
5
75
7
18
7
87
6
89
5
58
7
6
6
19
7
9
5
6
7
37
8
25
8
30
0
50
6
49
8
79
7
16
7
58
5
39
7
9
7
97
6
39
8
96
0
80
1
99
0
90
8
60
7
99
5
39
8
19
6
89
7
49
9
61
9
86
8
50
5
85
9
99
3
86
8
40
9
61
8
8
8
50
8
30
6
15
8
8
7
37
6
39
7
89
6
29
6
79
9
28
8
80
8
85
7
55
6
89
6
75
9
99
8
86
7
69
6
99
8
86
7
17
7
59
8
37
7
69
5
69
4
59
6
9
9
47
6
89
9
79
5
76
9
71
8
20
5
75
8
40
8
10
9
81
8
61
5
67
3
58
7
69
0
50
7
58
7
9
6
98
8
10
5
39
5
9
8
26
6
19
5
9
5
58
7
29
9
47
5
49
9
40
6
87
7
29
8
99
5
99
2
9
7
69
9
87
1
39
7
99
7
69
8
99
6
79
8
40
5
88
8
30
9
21
8
20
6
79
6
29
9
81
9
11
8
75
5
84
0
40
5
8
9
71
6
25
5
9
9
10
8
10
6
37
5
45
7
89
9
61
9
71
7
59
9
40
7
99
5
77
8
46
7
89
8
40
7
97
6
19
8
80
6
98
8
18
7
89
9
29
0
20
8
90
9
79
7
38
6
9
0
80
5
97
6
99
6
79
6
26
8
10
5
36
6
69
6
9
6
9
8
89
5
29
6
49
8
9
9
20
7
99
7
39
7
65
7
97
7
81
0
20
6
59
6
89
6
65
8
80
8
28
6
56
0
40
2
39
0
10
8
98
8
80
9
99
8
70
7
85
6
25
6
87
5
96
5
69
9
91
8
98
8
80
7
19
6
99
5
59
2
25
7
19
7
87
5
39
6
98
9
99
5
18
6
28
6
89
6
29
5
41
6
76
8
95
6
89
9
81
9
27
5
49
9
31
8
99
4
99
6
69
5
37
8
69
6
38
5
76
7
79
7
99
8
16
9
91
7
79
6
79
9
81
5
89
