9
94
9
64
9
74
12
24
9
99
9
64
9
74
9
94
9
94
17
59
17
89
9
99
9
64
9
99
9
94
9
74
9
94
9
99
14
86
18
60
9
64
9
64
9
64
12
24
9
44
9
99
9
64
9
14
17
89
18
60
9
99
16
28
9
14
9
61
16
28
15
87
9
14
16
28
9
34
9
99
15
27
9
74
9
99
12
54
9
14
9
94
9
63
9
74
9
74
9
34
9
14
0
90
9
14
9
44
9
44
9
34
9
34
16
88
9
44
16
58
9
94
0
0
14
56
16
58
9
94
9
14
9
14
9
94
9
14
18
60
9
64
9
14
14
26
17
59
9
74
9
99
9
44
17
89
9
94
9
99
9
14
9
94
9
64
9
74
9
64
9
74
9
14
9
99
9
94
9
74
9
94
16
88
16
58
9
94
9
34
15
57
9
94
9
44
9
14
9
99
9
64
9
14
14
86
9
64
9
34
9
94
9
14
13
55
14
86
9
94
14
86
17
59
15
57
9
99
14
26
9
99
14
26
9
94
9
94
9
34
9
74
9
44
9
14
9
74
9
64
13
25
13
55
9
44
9
94
9
56
9
14
15
87
15
87
9
64
9
99
14
56
9
14
14
26
9
99
14
86
15
57
9
44
9
94
16
58
9
64
9
34
13
25
9
99
15
27
14
86
9
99
14
26
9
44
9
34
16
88
9
14
9
74
9
99
9
44
9
99
9
44
9
64
15
27
17
29
9
64
9
74
16
28
9
94
9
99
9
14
9
14
13
85
12
54
9
34
9
64
13
85
9
94
14
56
9
99
9
64
9
44
9
44
15
57
9
94
14
56
9
34
9
74
13
25
9
44
15
57
13
25
9
34
9
64
9
34
9
34
9
4
9
99
9
74
12
84
9
99
9
34
12
24
9
44
9
44
9
14
9
64
9
44
9
64
13
85
15
87
9
99
9
99
9
94
14
86
9
74
9
14
17
89
9
34
9
74
9
34
9
14
9
14
16
28
9
99
9
64
9
34
9
99
8
55
15
27
9
64
9
74
14
56
9
94
9
64
9
99
16
28
9
44
13
25
9
14
15
57
9
74
0
0
9
64
9
64
9
64
12
84
9
14
9
14
9
99
9
74
9
14
14
56
9
44
9
74
9
44
9
94
9
64
9
99
9
14
9
14
9
99
14
56
9
94
9
76
9
44
9
74
9
34
9
99
13
85
9
34
9
34
9
74
9
34
13
55
9
14
18
30
9
99
13
55
12
54
9
74
9
64
9
74
9
44
9
44
16
28
9
44
9
99
9
14
9
14
9
14
9
34
16
58
9
99
9
74
9
74
16
58
9
64
9
34
9
64
9
94
15
27
9
14
0
80
14
56
0
60
9
94
4
59
9
34
9
94
9
64
9
44
14
56
9
74
3
89
14
26
9
64
9
94
9
44
9
74
9
34
1
9
9
64
9
34
16
22
14
56
9
14
9
64
9
34
9
64
17
59
9
99
9
94
9
34
16
88
9
99
9
64
9
64
9
2
9
44
9
99
9
14
14
56
9
34
14
26
16
28
9
74
9
94
18
60
9
74
9
34
14
86
9
34
9
94
4
79
9
64
9
74
9
99
9
34
14
86
9
64
9
74
9
14
13
85
9
44
14
56
16
58
3
19
9
94
9
64
9
99
9
34
0
60
9
64
0
40
9
34
15
87
17
89
9
99
9
34
15
57
15
57
17
29
9
64
9
14
15
27
15
57
9
94
0
20
9
94
15
87
9
99
9
94
15
57
9
94
9
34
9
14
9
64
0
30
9
64
9
34
9
94
9
94
12
84
9
14
9
94
9
44
9
64
9
44
9
74
9
99
12
24
9
99
9
94
18
90
13
85
9
74
9
99
9
14
16
28
17
29
18
30
15
87
9
94
14
86
9
34
18
60
9
94
9
94
9
44
14
86
9
44
18
30
9
14
9
44
17
89
9
74
9
94
9
14
18
30
9
14
9
44
13
55
9
14
9
99
15
27
9
64
18
30
15
87
9
74
16
58
9
64
13
85
9
14
17
59
17
89
9
99
9
74
14
56
15
57
9
14
9
18
9
14
9
34
15
87
18
60
9
98
9
34
4
59
9
94
9
74
13
55
9
64
9
99
9
34
9
34
9
34
9
34
9
74
16
58
9
94
9
99
9
44
14
86
9
44
9
64
9
34
13
85
9
64
9
74
9
99
9
74
9
14
9
94
14
56
9
14
9
74
9
74
9
34
9
14
9
88
9
94
14
26
9
34
1
89
18
60
16
28
9
34
9
94
9
14
9
74
9
94
14
56
9
99
14
56
9
74
9
99
9
99
9
34
9
94
9
14
9
74
9
64
9
64
9
14
9
34
9
34
9
44
17
29
12
24
14
56
9
74
9
99
9
99
16
58
14
56
9
74
9
64
12
84
17
59
9
14
15
87
9
14
0
0
9
99
9
99
9
14
9
99
9
44
9
94
13
25
0
30
9
14
9
94
13
25
16
58
9
74
9
27
9
64
15
57
17
89
9
44
9
99
9
44
9
61
9
64
9
34
9
94
9
94
9
33
0
30
9
99
9
3
14
26
17
59
9
99
9
64
9
64
15
57
14
56
9
99
9
99
9
74
9
44
9
34
15
57
13
25
9
94
9
14
9
41
9
44
9
34
9
99
9
74
9
64
9
34
9
64
9
44
12
54
9
74
9
64
9
94
2
59
9
94
9
34
9
94
17
29
9
99
9
44
9
34
3
21
9
99
13
25
9
14
9
34
9
74
0
0
9
99
9
99
9
64
9
74
9
99
9
34
9
74
14
56
9
74
16
58
9
99
17
29
9
44
15
87
14
86
9
44
9
61
9
14
13
85
9
74
9
64
9
34
9
94
9
64
9
94
12
54
9
34
9
99
14
26
14
26
9
14
3
19
15
57
9
14
9
37
9
44
0
70
2
59
9
99
18
30
13
55
4
30
14
56
15
87
9
98
9
94
9
74
9
64
9
14
9
94
17
29
13
25
9
99
9
99
0
80
9
99
9
99
9
74
9
44
15
57
18
90
17
29
9
44
9
14
9
74
9
94
0
70
9
13
12
24
9
44
9
99
15
81
9
97
14
56
15
57
0
80
9
14
9
99
9
99
9
99
9
99
9
44
4
19
13
55
0
80
18
30
2
79
9
64
16
58
9
34
15
57
9
94
9
64
9
74
1
39
9
99
0
0
9
63
9
94
16
88
9
64
9
64
18
30
15
87
15
57
15
27
9
94
9
14
14
56
16
58
9
34
12
84
13
85
9
14
13
55
9
44
9
44
9
34
18
90
9
99
16
28
4
49
12
54
9
14
14
86
9
74
9
99
12
54
9
6
9
94
9
34
16
58
9
73
17
29
9
64
13
25
14
26
16
28
3
19
16
88
15
87
18
90
12
24
9
94
9
64
9
86
0
30
18
30
12
54
9
44
9
44
15
27
18
90
15
87
9
74
9
94
12
84
15
27
9
94
9
94
9
64
9
14
15
27
9
14
9
14
9
44
9
34
9
34
0
50
15
57
16
88
13
25
9
64
9
44
9
14
9
99
9
44
9
99
0
80
1
99
0
90
9
64
9
99
9
44
16
28
9
94
16
58
9
64
9
86
17
59
9
94
9
99
3
89
9
44
9
64
9
14
17
59
9
34
12
24
9
14
9
44
9
44
9
94
9
34
15
87
9
34
17
89
9
94
9
64
9
94
12
84
9
99
9
94
9
74
9
99
9
94
14
26
9
64
9
44
9
74
9
74
4
59
9
14
14
56
9
94
16
88
13
85
9
74
17
29
12
84
9
44
9
14
18
90
9
61
9
74
3
59
9
74
0
50
9
64
9
14
9
99
9
14
9
44
9
14
9
34
15
27
9
14
9
64
9
34
14
56
14
56
9
44
9
94
9
34
9
99
9
99
2
9
9
74
9
94
1
39
9
99
9
74
9
99
15
87
9
44
9
94
9
34
18
30
17
29
15
87
9
34
18
81
9
14
12
84
9
84
0
40
9
14
9
74
9
34
9
14
9
14
9
14
9
44
12
54
9
94
9
64
9
74
9
64
9
44
9
99
14
86
13
55
9
94
9
44
9
99
15
27
17
89
9
99
15
27
9
94
9
34
0
20
9
94
16
88
9
44
9
14
0
80
9
99
9
99
15
87
9
34
9
14
9
44
9
74
9
14
9
14
9
94
9
34
15
57
9
14
17
29
9
99
9
44
9
74
9
99
16
81
0
20
9
64
9
94
9
74
17
89
9
34
9
64
0
40
2
39
0
10
9
99
17
89
9
99
9
74
9
94
9
34
9
94
9
99
9
74
9
94
9
99
17
89
16
28
9
99
9
64
2
29
16
28
9
94
9
44
9
99
9
99
14
26
9
34
9
94
9
34
9
41
13
85
9
99
9
94
18
90
9
34
14
56
9
34
9
99
4
99
9
74
9
44
9
74
9
44
13
85
16
88
9
99
13
25
9
94
16
88
15
87
18
90
9
94
