9
94
9
64
9
73
10
22
9
99
9
64
9
74
9
94
9
92
15
57
15
87
9
99
9
62
9
99
9
94
9
74
9
94
9
99
12
84
16
58
9
64
9
64
9
64
10
22
9
44
9
99
9
64
9
14
15
87
16
58
9
99
14
26
9
14
9
61
14
26
13
85
9
14
14
26
9
32
9
99
13
25
9
74
9
99
10
52
9
14
9
94
9
63
9
74
9
74
9
34
9
14
0
90
9
12
9
44
9
44
9
34
9
34
14
86
9
44
14
56
9
94
0
0
12
54
14
56
9
94
9
14
9
13
9
94
9
14
16
58
9
64
9
14
12
24
15
57
9
72
9
99
9
44
15
87
9
94
9
99
9
14
9
94
9
64
9
74
9
64
9
74
9
14
9
99
9
94
9
74
9
94
14
86
14
56
9
94
9
32
13
55
9
93
9
44
9
13
9
99
9
64
9
14
12
84
9
64
9
34
9
94
9
13
11
53
12
84
9
94
12
84
15
57
13
55
9
99
12
24
9
99
12
24
9
94
9
94
9
33
9
74
9
44
9
14
9
74
9
64
11
23
11
53
9
44
9
94
9
56
9
14
13
85
13
85
9
64
9
99
12
54
9
14
12
24
9
99
12
84
13
55
9
44
9
94
14
56
9
64
9
34
11
23
9
99
13
25
12
84
9
99
12
24
9
44
9
34
14
86
9
14
9
72
9
99
9
43
9
99
9
42
9
64
13
25
15
27
9
64
9
74
14
26
9
94
9
99
9
14
9
14
11
83
10
52
9
34
9
64
11
83
9
94
12
54
9
99
9
63
9
44
9
44
13
55
9
94
12
54
9
34
9
74
11
23
9
44
13
55
11
23
9
34
9
64
9
33
9
34
9
4
9
99
9
74
10
82
9
99
9
34
10
22
9
44
9
44
9
14
9
64
9
43
9
64
11
83
13
85
9
99
9
99
9
94
12
84
9
74
9
14
15
87
9
34
9
74
9
34
9
14
9
14
14
26
9
99
9
64
9
34
9
99
8
55
13
25
9
64
9
73
12
54
9
94
9
63
9
99
14
26
9
44
11
23
9
14
13
55
9
74
0
0
9
64
9
64
9
64
10
82
9
14
9
14
9
99
9
74
9
14
12
54
9
43
9
74
9
44
9
94
9
64
9
99
9
14
9
14
9
99
12
54
9
94
9
76
9
44
9
74
9
34
9
99
11
83
9
34
9
32
9
74
9
33
11
53
9
14
16
28
9
99
11
53
10
52
9
74
9
62
9
74
9
44
9
44
14
26
9
43
9
99
9
14
9
14
9
14
9
34
14
56
9
99
9
74
9
74
14
56
9
64
9
34
9
63
9
94
13
25
9
14
0
80
12
54
0
60
9
94
4
59
9
34
9
93
9
63
9
44
12
54
9
73
3
89
12
24
9
64
9
94
9
44
9
74
9
34
1
9
9
64
9
34
14
22
12
54
9
14
9
64
9
33
9
64
15
57
9
99
9
93
9
32
14
86
9
99
9
64
9
63
9
2
9
44
9
99
9
13
12
54
9
34
12
24
14
26
9
74
9
93
16
58
9
74
9
34
12
84
9
34
9
94
4
79
9
64
9
74
9
99
9
34
12
84
9
64
9
74
9
14
11
83
9
44
12
54
14
56
3
19
9
93
9
64
9
99
9
34
0
60
9
64
0
40
9
34
13
85
15
87
9
99
9
34
13
55
13
55
15
27
9
62
9
12
13
25
13
55
9
94
0
20
9
94
13
85
9
99
9
94
13
55
9
94
9
34
9
13
9
64
0
30
9
64
9
34
9
94
9
94
10
82
9
14
9
94
9
44
9
64
9
44
9
74
9
99
10
22
9
99
9
94
16
88
11
83
9
72
9
99
9
13
14
26
15
27
16
28
13
85
9
93
12
84
9
34
16
58
9
94
9
94
9
44
12
84
9
44
16
28
9
14
9
44
15
87
9
74
9
93
9
14
16
28
9
14
9
42
11
53
9
14
9
99
13
25
9
64
16
28
13
85
9
74
14
56
9
64
11
83
9
14
15
57
15
87
9
99
9
74
12
54
13
55
9
14
9
18
9
13
9
34
13
85
16
58
9
98
9
34
4
59
9
94
9
74
11
53
9
63
9
99
9
34
9
34
9
34
9
34
9
72
14
56
9
94
9
99
9
44
12
84
9
44
9
62
9
34
11
83
9
64
9
74
9
99
9
74
9
14
9
94
12
54
9
13
9
74
9
74
9
34
9
14
9
88
9
93
12
24
9
34
1
89
16
58
14
26
9
34
9
94
9
14
9
74
9
94
12
54
9
99
12
54
9
74
9
99
9
99
9
33
9
94
9
13
9
74
9
64
9
64
9
14
9
34
9
34
9
44
15
27
10
22
12
54
9
74
9
99
9
99
14
56
12
54
9
73
9
64
10
82
15
57
9
14
13
85
9
14
0
0
9
99
9
99
9
12
9
99
9
44
9
94
11
23
0
30
9
14
9
94
11
23
14
56
9
74
9
27
9
64
13
55
15
87
9
44
9
99
9
44
9
61
9
64
9
34
9
94
9
94
9
33
0
30
9
99
9
3
12
24
15
57
9
99
9
64
9
64
13
55
12
54
9
99
9
99
9
74
9
44
9
34
13
55
11
23
9
94
9
14
9
41
9
44
9
34
9
99
9
74
9
64
9
34
9
64
9
44
10
52
9
74
9
64
9
92
2
59
9
94
9
34
9
93
15
27
9
99
9
44
9
34
3
21
9
99
11
23
9
14
9
32
9
74
0
0
9
99
9
99
9
64
9
74
9
99
9
33
9
74
12
54
9
74
14
56
9
99
15
27
9
44
13
85
12
84
9
44
9
61
9
14
11
83
9
74
9
64
9
33
9
94
9
64
9
94
10
52
9
34
9
99
12
24
12
24
9
14
3
19
13
55
9
12
9
37
9
44
0
70
2
59
9
99
16
28
11
53
4
30
12
54
13
85
9
98
9
93
9
74
9
64
9
13
9
94
15
27
11
23
9
99
9
99
0
80
9
99
9
99
9
74
9
44
13
55
16
88
15
27
9
44
9
13
9
72
9
92
0
70
9
12
10
22
9
44
9
99
13
81
9
97
12
54
13
55
0
80
9
12
9
99
9
99
9
99
9
99
9
44
4
19
11
53
0
80
16
28
2
79
9
64
14
56
9
34
13
55
9
92
9
64
9
74
1
39
9
99
0
0
9
63
9
94
14
86
9
64
9
64
16
28
13
85
13
55
13
25
9
94
9
14
12
54
14
56
9
32
10
82
11
83
9
12
11
53
9
44
9
44
9
34
16
88
9
99
14
26
4
49
10
52
9
13
12
84
9
72
9
99
10
52
9
6
9
94
9
34
14
56
9
73
15
27
9
64
11
23
12
24
14
26
3
19
14
86
13
85
16
88
10
22
9
93
9
63
9
86
0
30
16
28
10
52
9
44
9
44
13
25
16
88
13
85
9
74
9
94
10
82
13
25
9
94
9
94
9
64
9
13
13
25
9
14
9
13
9
44
9
32
9
34
0
50
13
55
14
86
11
23
9
64
9
44
9
14
9
99
9
44
9
99
0
80
1
99
0
90
9
64
9
99
9
44
14
26
9
94
14
56
9
64
9
86
15
57
9
92
9
99
3
89
9
44
9
64
9
14
15
57
9
34
10
22
9
14
9
44
9
44
9
94
9
34
13
85
9
34
15
87
9
92
9
62
9
94
10
82
9
99
9
93
9
74
9
99
9
93
12
24
9
64
9
44
9
74
9
74
4
59
9
14
12
54
9
94
14
86
11
83
9
74
15
27
10
82
9
44
9
14
16
88
9
61
9
74
3
59
9
74
0
50
9
64
9
14
9
99
9
14
9
44
9
14
9
33
13
25
9
14
9
64
9
34
12
54
12
54
9
44
9
94
9
34
9
99
9
99
2
9
9
74
9
94
1
39
9
99
9
74
9
99
13
85
9
44
9
94
9
34
16
28
15
27
13
85
9
34
16
81
9
14
10
82
9
84
0
40
9
14
9
74
9
32
9
14
9
14
9
14
9
44
10
52
9
94
9
64
9
74
9
64
9
44
9
99
12
84
11
53
9
94
9
44
9
99
13
25
15
87
9
99
13
25
9
94
9
34
0
20
9
94
14
86
9
44
9
14
0
80
9
99
9
99
13
85
9
33
9
14
9
43
9
74
9
14
9
14
9
94
9
34
13
55
9
14
15
27
9
99
9
44
9
72
9
99
14
81
0
20
9
64
9
94
9
72
15
87
9
34
9
63
0
40
2
39
0
10
9
99
15
87
9
99
9
74
9
92
9
32
9
94
9
99
9
74
9
94
9
99
15
87
14
26
9
99
9
64
2
29
14
26
9
94
9
44
9
99
9
99
12
24
9
34
9
94
9
34
9
41
11
83
9
99
9
94
16
88
9
34
12
54
9
34
9
99
4
99
9
74
9
44
9
74
9
44
11
83
14
86
9
99
11
23
9
94
14
86
13
85
16
88
9
94
