9
93
9
64
9
70
9
19
9
99
9
64
9
73
9
93
9
89
12
54
12
84
9
99
9
59
9
99
9
92
9
71
9
94
9
99
9
81
13
55
9
61
9
63
9
64
9
19
9
44
9
99
9
62
9
12
12
84
13
55
9
99
11
23
9
12
9
61
11
23
10
82
9
13
11
23
9
29
9
99
10
22
9
74
9
99
9
49
9
14
9
91
9
63
9
71
9
74
9
31
9
14
0
90
9
9
9
41
9
41
9
32
9
33
11
83
9
41
11
53
9
91
0
0
9
51
11
53
9
92
9
12
9
10
9
94
9
11
13
55
9
61
9
14
9
21
12
54
9
69
9
99
9
41
12
84
9
94
9
99
9
12
9
94
9
61
9
74
9
62
9
74
9
11
9
99
9
93
9
72
9
91
11
83
11
53
9
94
9
29
10
52
9
90
9
41
9
10
9
99
9
62
9
12
9
81
9
64
9
32
9
91
9
10
9
50
9
81
9
93
9
81
12
54
10
52
9
99
9
21
9
99
9
21
9
93
9
93
9
30
9
71
9
41
9
14
9
71
9
64
9
20
9
50
9
41
9
91
9
56
9
11
10
82
10
82
9
64
9
99
9
51
9
14
9
21
9
99
9
81
10
52
9
42
9
94
11
53
9
61
9
34
9
20
9
99
10
22
9
81
9
99
9
21
9
43
9
31
11
83
9
11
9
69
9
99
9
40
9
99
9
39
9
64
10
22
12
24
9
62
9
71
11
23
9
93
9
99
9
14
9
11
9
80
9
49
9
31
9
64
9
80
9
94
9
51
9
99
9
60
9
43
9
41
10
52
9
94
9
51
9
32
9
72
9
20
9
41
10
52
9
20
9
33
9
62
9
30
9
34
9
4
9
99
9
74
9
79
9
99
9
31
9
19
9
41
9
41
9
11
9
62
9
40
9
64
9
80
10
82
9
99
9
99
9
94
9
81
9
71
9
14
12
84
9
34
9
71
9
32
9
11
9
12
11
23
9
99
9
61
9
31
9
99
8
55
10
22
9
64
9
70
9
51
9
92
9
60
9
99
11
23
9
43
9
20
9
11
10
52
9
71
0
0
9
62
9
62
9
64
9
79
9
14
9
13
9
99
9
71
9
12
9
51
9
40
9
71
9
43
9
92
9
64
9
99
9
11
9
14
9
99
9
51
9
93
9
76
9
44
9
71
9
32
9
99
9
80
9
32
9
29
9
73
9
30
9
50
9
11
13
25
9
99
9
50
9
49
9
74
9
59
9
72
9
44
9
43
11
23
9
40
9
99
9
11
9
13
9
12
9
31
11
53
9
99
9
72
9
72
11
53
9
61
9
32
9
60
9
91
10
22
9
12
0
80
9
51
0
60
9
93
4
59
9
31
9
90
9
60
9
41
9
51
9
70
3
89
9
21
9
62
9
92
9
42
9
74
9
33
1
9
9
64
9
33
11
22
9
51
9
12
9
62
9
30
9
63
12
54
9
99
9
90
9
29
11
83
9
99
9
63
9
60
9
2
9
44
9
99
9
10
9
51
9
32
9
21
11
23
9
73
9
90
13
55
9
73
9
34
9
81
9
33
9
91
4
79
9
63
9
71
9
99
9
32
9
81
9
61
9
74
9
12
9
80
9
43
9
51
11
53
3
19
9
90
9
61
9
99
9
31
0
60
9
64
0
40
9
34
10
82
12
84
9
99
9
31
10
52
10
52
12
24
9
59
9
9
10
22
10
52
9
93
0
20
9
91
10
82
9
99
9
94
10
52
9
92
9
33
9
10
9
61
0
30
9
61
9
32
9
91
9
92
9
79
9
13
9
94
9
44
9
64
9
42
9
72
9
99
9
19
9
99
9
93
13
85
9
80
9
69
9
99
9
10
11
23
12
24
13
25
10
82
9
90
9
81
9
31
13
55
9
91
9
92
9
41
9
81
9
42
13
25
9
11
9
43
12
84
9
72
9
90
9
13
13
25
9
11
9
39
9
50
9
11
9
99
10
22
9
62
13
25
10
82
9
73
11
53
9
63
9
80
9
11
12
54
12
84
9
99
9
73
9
51
10
52
9
11
9
18
9
10
9
31
10
82
13
55
9
98
9
34
4
59
9
92
9
74
9
50
9
60
9
99
9
34
9
34
9
32
9
32
9
69
11
53
9
92
9
99
9
44
9
81
9
42
9
59
9
31
9
80
9
64
9
71
9
99
9
71
9
11
9
91
9
51
9
10
9
72
9
74
9
31
9
13
9
88
9
90
9
21
9
31
1
89
13
55
11
23
9
34
9
94
9
11
9
71
9
93
9
51
9
99
9
51
9
71
9
99
9
99
9
30
9
92
9
10
9
74
9
64
9
61
9
13
9
34
9
33
9
42
12
24
9
19
9
51
9
71
9
99
9
99
11
53
9
51
9
70
9
61
9
79
12
54
9
13
10
82
9
14
0
0
9
99
9
99
9
9
9
99
9
43
9
92
9
20
0
30
9
13
9
93
9
20
11
53
9
72
9
27
9
62
10
52
12
84
9
41
9
99
9
43
9
61
9
63
9
33
9
94
9
91
9
33
0
30
9
99
9
3
9
21
12
54
9
99
9
64
9
63
10
52
9
51
9
99
9
99
9
74
9
42
9
33
10
52
9
20
9
93
9
13
9
41
9
41
9
32
9
99
9
71
9
62
9
32
9
62
9
43
9
49
9
71
9
64
9
89
2
59
9
94
9
34
9
90
12
24
9
99
9
42
9
31
3
21
9
99
9
20
9
12
9
29
9
72
0
0
9
99
9
99
9
61
9
74
9
99
9
30
9
71
9
51
9
74
11
53
9
99
12
24
9
42
10
82
9
81
9
43
9
61
9
12
9
80
9
72
9
61
9
30
9
91
9
64
9
93
9
49
9
33
9
99
9
21
9
21
9
13
3
19
10
52
9
9
9
37
9
42
0
70
2
59
9
99
13
25
9
50
4
30
9
51
10
82
9
98
9
90
9
73
9
63
9
10
9
93
12
24
9
20
9
99
9
99
0
80
9
99
9
99
9
71
9
41
10
52
13
85
12
24
9
41
9
10
9
69
9
89
0
70
9
10
9
19
9
42
9
99
10
81
9
97
9
51
10
52
0
80
9
9
9
99
9
99
9
99
9
99
9
43
4
19
9
50
0
80
13
25
2
79
9
64
11
53
9
31
10
52
9
89
9
63
9
71
1
39
9
99
0
0
9
63
9
93
11
83
9
62
9
63
13
25
10
82
10
52
10
22
9
92
9
14
9
51
11
53
9
29
9
79
9
80
9
9
9
50
9
44
9
42
9
33
13
85
9
99
11
23
4
49
9
49
9
10
9
81
9
69
9
99
9
49
9
6
9
94
9
34
11
53
9
73
12
24
9
61
9
20
9
21
11
23
3
19
11
83
10
82
13
85
9
19
9
90
9
60
9
86
0
30
13
25
9
49
9
44
9
41
10
22
13
85
10
82
9
71
9
91
9
79
10
22
9
91
9
92
9
61
9
10
10
22
9
13
9
10
9
41
9
29
9
34
0
50
10
52
11
83
9
20
9
62
9
41
9
13
9
99
9
42
9
99
0
80
1
99
0
90
9
64
9
99
9
41
11
23
9
92
11
53
9
64
9
86
12
54
9
89
9
99
3
89
9
44
9
64
9
12
12
54
9
34
9
19
9
12
9
41
9
42
9
93
9
32
10
82
9
32
12
84
9
89
9
59
9
92
9
79
9
99
9
90
9
73
9
99
9
90
9
21
9
63
9
41
9
73
9
71
4
59
9
12
9
51
9
92
11
83
9
80
9
74
12
24
9
79
9
44
9
14
13
85
9
61
9
71
3
59
9
73
0
50
9
62
9
13
9
99
9
14
9
41
9
11
9
30
10
22
9
11
9
61
9
33
9
51
9
51
9
44
9
91
9
33
9
99
9
99
2
9
9
73
9
91
1
39
9
99
9
73
9
99
10
82
9
44
9
91
9
34
13
25
12
24
10
82
9
32
13
81
9
14
9
79
9
84
0
40
9
11
9
74
9
29
9
11
9
14
9
14
9
41
9
49
9
93
9
64
9
74
9
63
9
44
9
99
9
81
9
50
9
93
9
44
9
99
10
22
12
84
9
99
10
22
9
93
9
33
0
20
9
94
11
83
9
42
9
12
0
80
9
99
9
99
10
82
9
30
9
14
9
40
9
72
9
12
9
12
9
93
9
31
10
52
9
13
12
24
9
99
9
43
9
69
9
99
11
81
0
20
9
62
9
92
9
69
12
84
9
32
9
60
0
40
2
39
0
10
9
99
12
84
9
99
9
74
9
89
9
29
9
91
9
99
9
71
9
94
9
99
12
84
11
23
9
99
9
61
2
29
11
23
9
91
9
41
9
99
9
99
9
21
9
32
9
92
9
32
9
41
9
80
9
99
9
92
13
85
9
31
9
51
9
34
9
99
4
99
9
72
9
41
9
73
9
42
9
80
11
83
9
99
9
20
9
94
11
83
10
82
13
85
9
91
