9
94
9
64
9
74
11
23
9
99
9
64
9
74
9
94
9
93
16
58
16
88
9
99
9
63
9
99
9
94
9
74
9
94
9
99
13
85
17
59
9
64
9
64
9
64
11
23
9
44
9
99
9
64
9
14
16
88
17
59
9
99
15
27
9
14
9
61
15
27
14
86
9
14
15
27
9
33
9
99
14
26
9
74
9
99
11
53
9
14
9
94
9
63
9
74
9
74
9
34
9
14
0
90
9
13
9
44
9
44
9
34
9
34
15
87
9
44
15
57
9
94
0
0
13
55
15
57
9
94
9
14
9
14
9
94
9
14
17
59
9
64
9
14
13
25
16
58
9
73
9
99
9
44
16
88
9
94
9
99
9
14
9
94
9
64
9
74
9
64
9
74
9
14
9
99
9
94
9
74
9
94
15
87
15
57
9
94
9
33
14
56
9
94
9
44
9
14
9
99
9
64
9
14
13
85
9
64
9
34
9
94
9
14
12
54
13
85
9
94
13
85
16
58
14
56
9
99
13
25
9
99
13
25
9
94
9
94
9
34
9
74
9
44
9
14
9
74
9
64
12
24
12
54
9
44
9
94
9
56
9
14
14
86
14
86
9
64
9
99
13
55
9
14
13
25
9
99
13
85
14
56
9
44
9
94
15
57
9
64
9
34
12
24
9
99
14
26
13
85
9
99
13
25
9
44
9
34
15
87
9
14
9
73
9
99
9
44
9
99
9
43
9
64
14
26
16
28
9
64
9
74
15
27
9
94
9
99
9
14
9
14
12
84
11
53
9
34
9
64
12
84
9
94
13
55
9
99
9
64
9
44
9
44
14
56
9
94
13
55
9
34
9
74
12
24
9
44
14
56
12
24
9
34
9
64
9
34
9
34
9
4
9
99
9
74
11
83
9
99
9
34
11
23
9
44
9
44
9
14
9
64
9
44
9
64
12
84
14
86
9
99
9
99
9
94
13
85
9
74
9
14
16
88
9
34
9
74
9
34
9
14
9
14
15
27
9
99
9
64
9
34
9
99
8
55
14
26
9
64
9
74
13
55
9
94
9
64
9
99
15
27
9
44
12
24
9
14
14
56
9
74
0
0
9
64
9
64
9
64
11
83
9
14
9
14
9
99
9
74
9
14
13
55
9
44
9
74
9
44
9
94
9
64
9
99
9
14
9
14
9
99
13
55
9
94
9
76
9
44
9
74
9
34
9
99
12
84
9
34
9
33
9
74
9
34
12
54
9
14
17
29
9
99
12
54
11
53
9
74
9
63
9
74
9
44
9
44
15
27
9
44
9
99
9
14
9
14
9
14
9
34
15
57
9
99
9
74
9
74
15
57
9
64
9
34
9
64
9
94
14
26
9
14
0
80
13
55
0
60
9
94
4
59
9
34
9
94
9
64
9
44
13
55
9
74
3
89
13
25
9
64
9
94
9
44
9
74
9
34
1
9
9
64
9
34
15
22
13
55
9
14
9
64
9
34
9
64
16
58
9
99
9
94
9
33
15
87
9
99
9
64
9
64
9
2
9
44
9
99
9
14
13
55
9
34
13
25
15
27
9
74
9
94
17
59
9
74
9
34
13
85
9
34
9
94
4
79
9
64
9
74
9
99
9
34
13
85
9
64
9
74
9
14
12
84
9
44
13
55
15
57
3
19
9
94
9
64
9
99
9
34
0
60
9
64
0
40
9
34
14
86
16
88
9
99
9
34
14
56
14
56
16
28
9
63
9
13
14
26
14
56
9
94
0
20
9
94
14
86
9
99
9
94
14
56
9
94
9
34
9
14
9
64
0
30
9
64
9
34
9
94
9
94
11
83
9
14
9
94
9
44
9
64
9
44
9
74
9
99
11
23
9
99
9
94
17
89
12
84
9
73
9
99
9
14
15
27
16
28
17
29
14
86
9
94
13
85
9
34
17
59
9
94
9
94
9
44
13
85
9
44
17
29
9
14
9
44
16
88
9
74
9
94
9
14
17
29
9
14
9
43
12
54
9
14
9
99
14
26
9
64
17
29
14
86
9
74
15
57
9
64
12
84
9
14
16
58
16
88
9
99
9
74
13
55
14
56
9
14
9
18
9
14
9
34
14
86
17
59
9
98
9
34
4
59
9
94
9
74
12
54
9
64
9
99
9
34
9
34
9
34
9
34
9
73
15
57
9
94
9
99
9
44
13
85
9
44
9
63
9
34
12
84
9
64
9
74
9
99
9
74
9
14
9
94
13
55
9
14
9
74
9
74
9
34
9
14
9
88
9
94
13
25
9
34
1
89
17
59
15
27
9
34
9
94
9
14
9
74
9
94
13
55
9
99
13
55
9
74
9
99
9
99
9
34
9
94
9
14
9
74
9
64
9
64
9
14
9
34
9
34
9
44
16
28
11
23
13
55
9
74
9
99
9
99
15
57
13
55
9
74
9
64
11
83
16
58
9
14
14
86
9
14
0
0
9
99
9
99
9
13
9
99
9
44
9
94
12
24
0
30
9
14
9
94
12
24
15
57
9
74
9
27
9
64
14
56
16
88
9
44
9
99
9
44
9
61
9
64
9
34
9
94
9
94
9
33
0
30
9
99
9
3
13
25
16
58
9
99
9
64
9
64
14
56
13
55
9
99
9
99
9
74
9
44
9
34
14
56
12
24
9
94
9
14
9
41
9
44
9
34
9
99
9
74
9
64
9
34
9
64
9
44
11
53
9
74
9
64
9
93
2
59
9
94
9
34
9
94
16
28
9
99
9
44
9
34
3
21
9
99
12
24
9
14
9
33
9
74
0
0
9
99
9
99
9
64
9
74
9
99
9
34
9
74
13
55
9
74
15
57
9
99
16
28
9
44
14
86
13
85
9
44
9
61
9
14
12
84
9
74
9
64
9
34
9
94
9
64
9
94
11
53
9
34
9
99
13
25
13
25
9
14
3
19
14
56
9
13
9
37
9
44
0
70
2
59
9
99
17
29
12
54
4
30
13
55
14
86
9
98
9
94
9
74
9
64
9
14
9
94
16
28
12
24
9
99
9
99
0
80
9
99
9
99
9
74
9
44
14
56
17
89
16
28
9
44
9
14
9
73
9
93
0
70
9
12
11
23
9
44
9
99
14
81
9
97
13
55
14
56
0
80
9
13
9
99
9
99
9
99
9
99
9
44
4
19
12
54
0
80
17
29
2
79
9
64
15
57
9
34
14
56
9
93
9
64
9
74
1
39
9
99
0
0
9
63
9
94
15
87
9
64
9
64
17
29
14
86
14
56
14
26
9
94
9
14
13
55
15
57
9
33
11
83
12
84
9
13
12
54
9
44
9
44
9
34
17
89
9
99
15
27
4
49
11
53
9
14
13
85
9
73
9
99
11
53
9
6
9
94
9
34
15
57
9
73
16
28
9
64
12
24
13
25
15
27
3
19
15
87
14
86
17
89
11
23
9
94
9
64
9
86
0
30
17
29
11
53
9
44
9
44
14
26
17
89
14
86
9
74
9
94
11
83
14
26
9
94
9
94
9
64
9
14
14
26
9
14
9
14
9
44
9
33
9
34
0
50
14
56
15
87
12
24
9
64
9
44
9
14
9
99
9
44
9
99
0
80
1
99
0
90
9
64
9
99
9
44
15
27
9
94
15
57
9
64
9
86
16
58
9
93
9
99
3
89
9
44
9
64
9
14
16
58
9
34
11
23
9
14
9
44
9
44
9
94
9
34
14
86
9
34
16
88
9
93
9
63
9
94
11
83
9
99
9
94
9
74
9
99
9
94
13
25
9
64
9
44
9
74
9
74
4
59
9
14
13
55
9
94
15
87
12
84
9
74
16
28
11
83
9
44
9
14
17
89
9
61
9
74
3
59
9
74
0
50
9
64
9
14
9
99
9
14
9
44
9
14
9
34
14
26
9
14
9
64
9
34
13
55
13
55
9
44
9
94
9
34
9
99
9
99
2
9
9
74
9
94
1
39
9
99
9
74
9
99
14
86
9
44
9
94
9
34
17
29
16
28
14
86
9
34
17
81
9
14
11
83
9
84
0
40
9
14
9
74
9
33
9
14
9
14
9
14
9
44
11
53
9
94
9
64
9
74
9
64
9
44
9
99
13
85
12
54
9
94
9
44
9
99
14
26
16
88
9
99
14
26
9
94
9
34
0
20
9
94
15
87
9
44
9
14
0
80
9
99
9
99
14
86
9
34
9
14
9
44
9
74
9
14
9
14
9
94
9
34
14
56
9
14
16
28
9
99
9
44
9
73
9
99
15
81
0
20
9
64
9
94
9
73
16
88
9
34
9
64
0
40
2
39
0
10
9
99
16
88
9
99
9
74
9
93
9
33
9
94
9
99
9
74
9
94
9
99
16
88
15
27
9
99
9
64
2
29
15
27
9
94
9
44
9
99
9
99
13
25
9
34
9
94
9
34
9
41
12
84
9
99
9
94
17
89
9
34
13
55
9
34
9
99
4
99
9
74
9
44
9
74
9
44
12
84
15
87
9
99
12
24
9
94
15
87
14
86
17
89
9
94
