9
94
9
64
9
74
14
26
9
99
9
64
9
74
9
94
9
94
19
61
19
91
9
99
9
64
9
99
9
94
9
74
9
94
9
99
16
88
19
62
9
64
9
64
9
64
14
26
9
44
9
99
9
64
9
14
19
91
19
62
9
99
18
30
9
14
9
61
18
30
17
89
9
14
18
30
9
34
9
99
17
29
9
74
9
99
14
56
9
14
9
94
9
63
9
74
9
74
9
34
9
14
0
90
9
14
9
44
9
44
9
34
9
34
18
90
9
44
18
60
9
94
0
0
16
58
18
60
9
94
9
14
9
14
9
94
9
14
19
62
9
64
9
14
16
28
19
61
9
74
9
99
9
44
19
91
9
94
9
99
9
14
9
94
9
64
9
74
9
64
9
74
9
14
9
99
9
94
9
74
9
94
18
90
18
60
9
94
9
34
17
59
9
94
9
44
9
14
9
99
9
64
9
14
16
88
9
64
9
34
9
94
9
14
15
57
16
88
9
94
16
88
19
61
17
59
9
99
16
28
9
99
16
28
9
94
9
94
9
34
9
74
9
44
9
14
9
74
9
64
15
27
15
57
9
44
9
94
9
56
9
14
17
89
17
89
9
64
9
99
16
58
9
14
16
28
9
99
16
88
17
59
9
44
9
94
18
60
9
64
9
34
15
27
9
99
17
29
16
88
9
99
16
28
9
44
9
34
18
90
9
14
9
74
9
99
9
44
9
99
9
44
9
64
17
29
19
31
9
64
9
74
18
30
9
94
9
99
9
14
9
14
15
87
14
56
9
34
9
64
15
87
9
94
16
58
9
99
9
64
9
44
9
44
17
59
9
94
16
58
9
34
9
74
15
27
9
44
17
59
15
27
9
34
9
64
9
34
9
34
9
4
9
99
9
74
14
86
9
99
9
34
14
26
9
44
9
44
9
14
9
64
9
44
9
64
15
87
17
89
9
99
9
99
9
94
16
88
9
74
9
14
19
91
9
34
9
74
9
34
9
14
9
14
18
30
9
99
9
64
9
34
9
99
8
55
17
29
9
64
9
74
16
58
9
94
9
64
9
99
18
30
9
44
15
27
9
14
17
59
9
74
0
0
9
64
9
64
9
64
14
86
9
14
9
14
9
99
9
74
9
14
16
58
9
44
9
74
9
44
9
94
9
64
9
99
9
14
9
14
9
99
16
58
9
94
9
76
9
44
9
74
9
34
9
99
15
87
9
34
9
34
9
74
9
34
15
57
9
14
19
32
9
99
15
57
14
56
9
74
9
64
9
74
9
44
9
44
18
30
9
44
9
99
9
14
9
14
9
14
9
34
18
60
9
99
9
74
9
74
18
60
9
64
9
34
9
64
9
94
17
29
9
14
0
80
16
58
0
60
9
94
4
59
9
34
9
94
9
64
9
44
16
58
9
74
3
89
16
28
9
64
9
94
9
44
9
74
9
34
1
9
9
64
9
34
18
22
16
58
9
14
9
64
9
34
9
64
19
61
9
99
9
94
9
34
18
90
9
99
9
64
9
64
9
2
9
44
9
99
9
14
16
58
9
34
16
28
18
30
9
74
9
94
19
62
9
74
9
34
16
88
9
34
9
94
4
79
9
64
9
74
9
99
9
34
16
88
9
64
9
74
9
14
15
87
9
44
16
58
18
60
3
19
9
94
9
64
9
99
9
34
0
60
9
64
0
40
9
34
17
89
19
91
9
99
9
34
17
59
17
59
19
31
9
64
9
14
17
29
17
59
9
94
0
20
9
94
17
89
9
99
9
94
17
59
9
94
9
34
9
14
9
64
0
30
9
64
9
34
9
94
9
94
14
86
9
14
9
94
9
44
9
64
9
44
9
74
9
99
14
26
9
99
9
94
19
92
15
87
9
74
9
99
9
14
18
30
19
31
19
32
17
89
9
94
16
88
9
34
19
62
9
94
9
94
9
44
16
88
9
44
19
32
9
14
9
44
19
91
9
74
9
94
9
14
19
32
9
14
9
44
15
57
9
14
9
99
17
29
9
64
19
32
17
89
9
74
18
60
9
64
15
87
9
14
19
61
19
91
9
99
9
74
16
58
17
59
9
14
9
18
9
14
9
34
17
89
19
62
9
98
9
34
4
59
9
94
9
74
15
57
9
64
9
99
9
34
9
34
9
34
9
34
9
74
18
60
9
94
9
99
9
44
16
88
9
44
9
64
9
34
15
87
9
64
9
74
9
99
9
74
9
14
9
94
16
58
9
14
9
74
9
74
9
34
9
14
9
88
9
94
16
28
9
34
1
89
19
62
18
30
9
34
9
94
9
14
9
74
9
94
16
58
9
99
16
58
9
74
9
99
9
99
9
34
9
94
9
14
9
74
9
64
9
64
9
14
9
34
9
34
9
44
19
31
14
26
16
58
9
74
9
99
9
99
18
60
16
58
9
74
9
64
14
86
19
61
9
14
17
89
9
14
0
0
9
99
9
99
9
14
9
99
9
44
9
94
15
27
0
30
9
14
9
94
15
27
18
60
9
74
9
27
9
64
17
59
19
91
9
44
9
99
9
44
9
61
9
64
9
34
9
94
9
94
9
33
0
30
9
99
9
3
16
28
19
61
9
99
9
64
9
64
17
59
16
58
9
99
9
99
9
74
9
44
9
34
17
59
15
27
9
94
9
14
9
41
9
44
9
34
9
99
9
74
9
64
9
34
9
64
9
44
14
56
9
74
9
64
9
94
2
59
9
94
9
34
9
94
19
31
9
99
9
44
9
34
3
21
9
99
15
27
9
14
9
34
9
74
0
0
9
99
9
99
9
64
9
74
9
99
9
34
9
74
16
58
9
74
18
60
9
99
19
31
9
44
17
89
16
88
9
44
9
61
9
14
15
87
9
74
9
64
9
34
9
94
9
64
9
94
14
56
9
34
9
99
16
28
16
28
9
14
3
19
17
59
9
14
9
37
9
44
0
70
2
59
9
99
19
32
15
57
4
30
16
58
17
89
9
98
9
94
9
74
9
64
9
14
9
94
19
31
15
27
9
99
9
99
0
80
9
99
9
99
9
74
9
44
17
59
19
92
19
31
9
44
9
14
9
74
9
94
0
70
9
13
14
26
9
44
9
99
17
81
9
97
16
58
17
59
0
80
9
14
9
99
9
99
9
99
9
99
9
44
4
19
15
57
0
80
19
32
2
79
9
64
18
60
9
34
17
59
9
94
9
64
9
74
1
39
9
99
0
0
9
63
9
94
18
90
9
64
9
64
19
32
17
89
17
59
17
29
9
94
9
14
16
58
18
60
9
34
14
86
15
87
9
14
15
57
9
44
9
44
9
34
19
92
9
99
18
30
4
49
14
56
9
14
16
88
9
74
9
99
14
56
9
6
9
94
9
34
18
60
9
73
19
31
9
64
15
27
16
28
18
30
3
19
18
90
17
89
19
92
14
26
9
94
9
64
9
86
0
30
19
32
14
56
9
44
9
44
17
29
19
92
17
89
9
74
9
94
14
86
17
29
9
94
9
94
9
64
9
14
17
29
9
14
9
14
9
44
9
34
9
34
0
50
17
59
18
90
15
27
9
64
9
44
9
14
9
99
9
44
9
99
0
80
1
99
0
90
9
64
9
99
9
44
18
30
9
94
18
60
9
64
9
86
19
61
9
94
9
99
3
89
9
44
9
64
9
14
19
61
9
34
14
26
9
14
9
44
9
44
9
94
9
34
17
89
9
34
19
91
9
94
9
64
9
94
14
86
9
99
9
94
9
74
9
99
9
94
16
28
9
64
9
44
9
74
9
74
4
59
9
14
16
58
9
94
18
90
15
87
9
74
19
31
14
86
9
44
9
14
19
92
9
61
9
74
3
59
9
74
0
50
9
64
9
14
9
99
9
14
9
44
9
14
9
34
17
29
9
14
9
64
9
34
16
58
16
58
9
44
9
94
9
34
9
99
9
99
2
9
9
74
9
94
1
39
9
99
9
74
9
99
17
89
9
44
9
94
9
34
19
32
19
31
17
89
9
34
19
81
9
14
14
86
9
84
0
40
9
14
9
74
9
34
9
14
9
14
9
14
9
44
14
56
9
94
9
64
9
74
9
64
9
44
9
99
16
88
15
57
9
94
9
44
9
99
17
29
19
91
9
99
17
29
9
94
9
34
0
20
9
94
18
90
9
44
9
14
0
80
9
99
9
99
17
89
9
34
9
14
9
44
9
74
9
14
9
14
9
94
9
34
17
59
9
14
19
31
9
99
9
44
9
74
9
99
18
81
0
20
9
64
9
94
9
74
19
91
9
34
9
64
0
40
2
39
0
10
9
99
19
91
9
99
9
74
9
94
9
34
9
94
9
99
9
74
9
94
9
99
19
91
18
30
9
99
9
64
2
29
18
30
9
94
9
44
9
99
9
99
16
28
9
34
9
94
9
34
9
41
15
87
9
99
9
94
19
92
9
34
16
58
9
34
9
99
4
99
9
74
9
44
9
74
9
44
15
87
18
90
9
99
15
27
9
94
18
90
17
89
19
92
9
94
