6
87
7
59
5
64
5
13
5
97
6
59
7
67
5
89
3
83
6
49
6
79
6
98
3
53
4
99
7
86
3
69
6
89
7
97
4
75
7
49
3
57
5
57
6
59
3
13
6
38
4
96
4
58
7
6
6
79
7
49
3
96
5
19
4
7
3
61
6
17
4
77
5
9
5
17
5
23
5
99
4
16
7
69
7
99
6
43
7
9
7
85
3
64
3
69
6
69
3
29
6
8
0
90
6
3
5
35
3
38
6
26
5
27
7
77
3
39
5
49
6
85
0
0
3
47
5
49
4
86
4
9
3
4
7
89
3
9
7
49
3
59
6
9
3
19
6
48
6
63
7
99
3
37
7
78
7
89
5
99
7
6
6
89
3
57
7
69
4
59
6
68
3
9
3
99
5
89
4
66
4
85
5
79
5
48
7
89
3
23
4
47
7
84
3
39
5
4
7
99
7
56
4
6
3
78
7
59
4
27
3
89
3
4
7
44
3
78
7
87
7
75
6
48
4
47
3
98
3
19
7
96
3
19
5
89
5
89
7
24
3
69
3
38
6
9
3
65
7
59
5
14
4
44
4
35
3
87
6
56
3
5
4
76
4
77
7
58
6
96
3
45
6
9
3
15
6
98
3
79
7
46
6
36
7
89
5
48
3
59
7
28
4
14
6
99
4
19
4
75
4
99
3
19
5
38
7
25
7
77
7
5
6
63
6
99
5
34
7
99
3
33
7
58
7
16
6
18
4
56
6
65
7
17
5
89
7
95
5
14
3
9
4
74
4
43
3
29
7
59
5
74
6
89
3
46
3
96
3
54
7
37
3
38
4
49
7
89
3
47
4
29
4
69
4
14
4
35
4
48
3
14
5
29
4
56
6
24
7
29
7
4
4
94
7
69
3
73
3
95
3
25
4
13
3
39
3
39
3
5
4
58
5
34
7
59
3
74
4
79
4
98
6
99
7
88
3
76
3
66
6
9
6
79
6
28
3
69
4
29
7
5
4
9
5
19
5
99
5
55
3
26
3
99
3
55
4
19
6
58
5
64
3
47
4
88
3
54
4
99
5
19
7
37
4
14
7
5
4
48
3
69
0
0
6
56
7
56
6
59
3
73
7
9
7
7
3
93
6
65
7
6
3
48
3
34
3
67
6
37
4
87
7
59
5
99
5
5
6
9
7
96
5
45
7
87
7
76
6
39
4
65
5
26
3
99
7
74
4
26
3
23
5
69
5
24
6
44
3
9
7
19
6
98
4
44
5
43
6
69
6
53
4
69
7
39
5
38
7
17
4
34
6
97
4
5
5
7
4
9
3
29
6
47
7
94
4
69
4
68
6
47
4
55
4
26
4
54
3
89
4
19
4
7
0
80
3
49
0
60
7
87
4
59
3
29
4
84
7
54
7
35
3
47
5
64
3
89
3
15
4
56
5
86
4
37
6
69
5
29
1
9
7
58
6
27
5
24
5
45
4
9
4
59
6
24
5
59
6
49
5
99
5
84
4
23
5
79
4
99
5
57
6
54
4
2
7
39
7
96
4
4
6
45
4
29
3
19
5
19
5
69
7
84
7
49
6
67
6
28
3
78
5
29
3
86
4
74
5
59
7
65
6
99
4
29
5
75
3
55
6
69
4
7
7
74
5
37
3
48
5
49
3
19
5
84
5
55
7
99
3
29
0
60
7
59
0
40
7
29
4
77
6
79
7
95
6
25
4
48
4
49
6
19
4
53
4
3
7
16
4
46
6
87
0
20
3
89
4
77
4
94
6
89
6
46
4
86
6
27
6
4
4
55
0
30
3
59
4
29
5
85
4
89
4
73
7
7
6
88
6
39
7
58
4
37
4
69
3
98
6
13
3
98
6
87
7
79
6
74
6
63
7
94
7
4
7
17
6
18
7
19
5
76
6
84
7
75
3
29
7
49
4
85
6
86
3
39
4
75
4
39
7
19
3
5
6
37
6
79
6
66
6
84
7
7
7
19
6
5
6
33
7
44
3
6
3
94
4
19
5
56
7
19
4
79
6
67
5
49
7
57
4
74
3
9
6
49
6
79
6
98
5
69
7
45
4
49
3
9
6
18
6
4
5
25
7
76
7
49
4
98
7
29
4
58
7
86
7
69
6
44
7
54
5
99
7
29
6
29
4
29
4
29
6
63
5
48
4
87
5
99
7
39
3
78
5
36
3
53
5
25
6
74
7
59
3
65
6
96
3
69
6
5
4
85
5
45
4
4
4
67
6
69
3
29
5
9
7
88
6
84
7
15
6
25
1
89
7
49
5
19
7
29
6
89
4
5
3
69
5
89
3
46
3
93
3
49
3
65
3
95
6
96
7
24
4
87
3
4
7
69
6
59
6
55
7
7
7
29
5
28
5
36
6
18
5
13
3
49
7
65
4
95
7
99
5
49
3
49
5
64
3
59
6
73
6
49
5
9
4
79
7
9
0
0
6
95
4
96
5
3
7
97
6
37
4
87
7
14
0
30
5
9
5
88
3
14
7
47
4
69
4
27
7
56
6
46
6
79
5
35
3
94
7
37
3
61
5
59
5
29
6
89
3
89
6
33
0
30
4
99
7
3
3
19
6
49
3
99
6
59
5
59
6
46
3
47
7
98
4
99
6
69
5
36
5
29
4
49
4
14
6
87
5
7
7
41
3
39
6
26
7
99
3
67
6
56
6
26
4
59
5
37
3
43
3
68
6
59
4
83
2
59
7
89
7
29
7
84
6
19
4
93
4
36
3
25
3
21
5
95
7
14
4
6
6
23
4
69
0
0
5
97
5
94
3
55
6
69
4
99
5
24
5
65
3
45
7
69
5
49
4
98
6
19
4
38
6
76
3
79
5
39
5
61
4
8
4
74
6
66
6
55
7
24
3
86
6
59
6
87
4
43
5
29
6
94
3
19
3
19
5
7
3
14
4
49
6
3
5
37
5
36
0
70
2
58
5
93
7
19
6
44
4
30
3
46
4
79
4
98
6
84
6
67
5
59
6
4
5
88
7
18
6
14
4
95
4
98
0
80
7
95
3
94
3
66
3
39
4
49
7
79
6
19
3
37
5
4
6
63
3
83
0
70
5
9
3
13
5
36
4
96
4
81
5
97
3
45
4
49
0
80
4
3
6
94
4
98
4
98
5
97
5
39
4
14
5
44
0
80
7
19
2
78
7
59
5
49
3
25
5
46
4
83
6
57
6
65
1
39
3
95
0
0
4
64
5
89
5
79
4
58
5
59
7
19
4
78
6
46
4
19
5
86
6
8
3
45
5
49
4
23
3
73
5
74
6
3
6
44
6
38
4
36
5
27
7
79
5
99
5
19
4
45
6
43
7
4
3
79
3
63
5
99
5
43
6
6
6
89
7
34
5
47
3
73
6
19
3
59
7
14
3
19
5
19
3
19
6
77
4
76
7
79
3
13
6
84
6
54
4
86
0
30
7
19
5
43
6
39
5
35
4
19
7
79
4
77
3
66
3
89
3
73
5
16
5
85
4
88
3
56
5
4
4
19
5
7
3
4
5
35
6
23
6
29
0
50
4
49
6
77
5
14
5
56
3
39
5
7
5
95
4
39
6
94
0
80
1
97
0
90
6
59
5
99
3
39
6
17
4
89
5
47
7
59
7
86
6
49
3
83
7
99
3
84
6
39
7
59
6
6
6
49
6
29
4
13
6
6
5
35
4
39
5
89
4
29
4
77
7
26
6
78
6
83
5
53
4
89
4
73
7
99
6
84
5
68
4
99
7
84
5
15
5
59
6
35
5
69
3
67
4
59
4
9
7
45
4
89
7
77
3
74
7
69
6
18
3
73
6
38
6
8
7
79
6
61
3
65
3
56
5
67
0
50
5
56
5
9
4
96
6
9
3
39
3
9
7
24
4
18
3
9
3
56
5
29
7
45
3
49
7
38
4
85
5
29
6
97
3
99
2
9
5
69
7
85
1
39
5
99
5
69
6
99
4
79
6
39
3
86
6
29
7
19
6
19
4
79
4
29
7
81
7
9
6
73
3
84
0
40
3
6
7
69
4
23
3
9
7
8
6
8
4
35
3
43
5
89
7
59
7
69
5
58
7
38
5
97
3
75
7
44
5
88
6
38
5
95
4
19
6
79
4
96
6
16
5
89
7
27
0
20
6
89
7
77
5
36
4
7
0
80
3
95
4
97
4
79
4
24
6
9
3
34
4
69
4
9
4
9
6
87
3
29
4
49
6
7
7
18
5
97
5
37
5
63
5
95
5
81
0
20
4
58
4
89
4
63
6
79
6
26
4
54
0
40
2
39
0
10
6
96
6
79
7
99
6
69
5
83
4
23
4
85
3
94
3
67
7
89
6
96
6
79
5
18
4
99
3
58
2
23
5
17
5
85
3
39
4
96
7
99
3
16
4
26
4
89
4
28
3
41
4
74
6
93
4
89
7
79
7
25
3
48
7
29
6
98
4
99
4
69
3
35
6
67
4
36
3
74
5
77
5
99
6
14
7
89
5
79
4
79
7
79
3
87
