9
91
9
63
9
68
9
17
9
99
9
62
9
71
9
91
7
87
10
52
10
82
9
99
7
57
8
99
9
90
7
69
9
92
9
99
8
79
11
53
7
59
9
61
9
62
7
17
9
42
8
99
8
60
9
10
10
82
11
53
7
99
9
21
8
10
7
61
9
21
8
80
9
11
9
21
9
27
9
99
8
20
9
73
9
99
9
47
9
13
9
89
7
64
7
69
9
72
7
29
9
12
0
90
9
7
9
39
7
39
9
30
9
31
9
81
7
39
9
51
9
89
0
0
7
49
9
51
8
90
8
10
7
8
9
93
7
9
11
53
7
59
9
12
7
19
10
52
9
67
9
99
7
39
10
82
9
93
9
99
9
10
9
92
7
59
9
73
8
60
9
72
7
9
7
99
9
91
8
70
8
89
9
81
9
51
9
93
7
27
8
50
9
88
7
39
9
8
9
99
9
60
8
10
7
79
9
63
8
30
7
89
7
8
9
48
7
79
9
91
9
79
10
52
8
50
7
99
7
19
9
99
7
19
9
91
9
91
9
28
7
69
7
39
9
12
7
69
9
63
9
18
8
48
8
39
7
89
9
56
7
9
8
80
8
80
9
62
9
99
7
49
9
12
7
19
9
99
7
79
9
50
9
40
9
93
9
51
7
59
9
32
8
18
9
99
8
20
8
79
8
99
7
19
9
41
9
29
9
81
9
9
9
67
9
99
9
38
9
99
7
37
9
62
9
20
10
22
8
60
9
69
9
21
9
91
9
99
9
14
7
9
8
78
8
47
7
29
9
63
9
78
9
92
7
49
7
99
7
58
9
41
7
39
8
50
9
93
7
49
8
30
8
70
8
18
8
39
8
50
7
18
9
31
8
60
9
28
9
33
9
4
8
98
9
73
7
77
7
99
7
29
8
17
7
39
7
39
7
9
8
60
9
38
9
63
7
78
8
80
8
99
9
99
9
92
7
79
7
69
9
12
10
82
9
32
7
69
8
30
9
9
8
10
9
21
9
99
9
59
7
29
7
99
7
55
8
20
9
62
9
68
7
49
8
90
7
58
8
99
9
21
9
41
8
18
9
9
8
50
7
69
0
0
9
60
9
60
9
62
7
77
9
13
9
11
7
97
9
69
9
10
7
49
7
38
7
69
9
41
8
90
9
63
9
99
9
9
9
12
9
99
9
49
9
91
9
76
9
42
8
69
9
30
7
99
9
78
8
30
7
27
9
71
9
28
9
48
7
9
11
23
9
99
8
48
9
47
9
72
9
57
8
70
9
43
9
41
9
21
8
38
9
99
8
9
9
11
8
10
7
29
9
51
9
98
8
70
8
70
9
51
8
59
8
30
8
58
7
89
8
20
8
10
0
80
7
49
0
60
9
91
4
59
7
29
8
88
9
58
9
39
7
49
9
68
3
89
7
19
8
60
9
90
8
40
9
72
9
31
1
9
9
62
9
31
9
23
9
49
8
10
8
60
9
28
9
61
10
52
9
99
9
88
8
27
9
81
8
99
9
61
9
58
8
2
9
43
9
99
8
8
9
49
8
30
7
19
9
21
9
71
9
88
11
53
9
71
9
32
7
79
9
31
7
89
4
78
9
61
9
69
9
99
8
30
9
79
7
59
9
72
8
10
9
78
9
41
7
49
9
51
3
19
9
88
9
59
9
99
7
29
0
60
9
63
0
40
9
33
8
80
10
82
9
99
9
29
8
50
8
50
10
22
8
57
8
7
9
20
8
50
9
91
0
20
7
89
8
80
8
98
9
92
9
50
8
90
9
31
9
8
8
59
0
30
7
59
8
30
9
89
8
90
8
77
9
11
9
92
9
42
9
62
8
40
8
70
7
99
9
17
7
99
9
91
11
83
9
78
9
67
9
98
9
8
9
21
10
22
11
23
9
80
9
88
9
79
7
29
11
53
8
89
9
90
7
39
8
79
8
40
11
23
7
9
9
41
10
82
9
70
9
88
9
11
11
23
9
9
9
37
9
48
7
9
7
98
8
20
9
60
11
23
8
80
9
71
9
51
9
61
8
78
7
9
10
52
10
82
9
99
9
71
9
49
8
50
7
9
9
18
9
8
9
29
9
80
11
53
8
98
9
33
4
59
9
90
9
73
9
48
9
58
9
99
9
33
9
32
8
30
8
30
9
67
9
51
8
90
9
99
9
43
7
79
9
40
7
57
9
29
9
78
9
63
7
69
9
99
7
69
9
9
8
89
9
49
8
8
8
70
9
72
7
29
9
11
9
88
9
88
9
19
9
29
1
89
11
53
9
21
9
33
9
92
8
9
7
69
9
91
7
49
7
97
7
49
7
69
7
99
9
99
9
28
8
90
7
8
9
73
9
62
9
59
9
11
9
33
9
31
9
40
10
22
9
17
7
49
9
69
8
99
9
99
9
51
7
49
9
68
7
59
9
77
10
52
9
11
8
80
9
13
0
0
9
99
8
99
9
7
9
99
9
41
8
90
9
18
0
30
9
11
9
91
7
18
9
51
8
70
8
27
9
60
9
50
10
82
9
39
7
98
9
41
7
61
9
61
9
31
9
92
7
89
9
33
0
30
8
99
9
3
7
19
10
52
7
99
9
62
9
61
9
50
7
49
9
99
8
99
9
72
9
40
9
31
8
50
8
18
9
91
9
11
9
41
7
39
9
30
9
99
7
69
9
60
9
30
8
60
9
41
7
47
7
69
9
62
8
87
2
59
9
93
9
33
9
88
10
22
8
97
8
40
7
29
3
21
9
99
9
18
8
10
9
27
8
70
0
0
9
99
9
98
7
59
9
72
8
99
9
28
9
69
7
49
9
73
9
51
8
99
10
22
8
40
9
80
7
79
9
41
9
61
8
10
8
78
9
70
9
59
9
28
7
89
9
62
9
91
8
47
9
31
9
98
7
19
7
19
9
11
3
18
8
50
9
7
9
37
9
40
0
70
2
59
9
97
11
23
9
48
4
30
7
49
8
80
8
98
9
88
9
71
9
61
9
8
9
91
10
22
9
18
8
99
8
99
0
80
9
99
7
98
7
69
7
39
8
50
11
83
10
22
7
39
9
8
9
67
7
87
0
70
9
10
7
17
9
40
8
99
8
81
9
97
7
49
8
50
0
80
8
7
9
98
8
99
8
99
9
99
9
41
4
18
9
48
0
80
11
23
2
79
9
63
9
51
7
29
9
50
8
87
9
61
9
69
1
39
7
99
0
0
8
64
9
91
9
81
8
60
9
61
11
23
8
80
9
50
8
20
9
90
9
12
7
49
9
51
8
27
7
77
9
78
9
7
9
48
9
42
8
40
9
31
11
83
9
99
9
21
4
49
9
47
9
8
7
79
7
67
9
99
9
47
9
6
9
92
9
34
9
51
7
73
10
22
7
59
9
18
7
19
9
21
3
19
9
81
8
80
11
83
7
17
9
88
9
58
8
86
0
30
11
23
9
47
9
42
9
39
8
20
11
83
8
80
7
69
7
89
7
77
9
20
9
89
8
90
7
59
9
8
8
20
9
11
7
8
9
39
9
27
9
32
0
50
8
50
9
81
9
18
9
60
7
39
9
11
9
99
8
40
9
98
0
80
1
99
0
90
9
62
9
99
7
39
9
21
8
90
9
51
9
63
9
86
10
52
7
87
9
99
3
88
9
42
9
63
9
10
10
52
9
32
8
17
9
10
9
39
8
40
9
91
8
30
8
80
9
30
10
82
9
87
9
57
8
90
8
77
9
99
9
88
9
71
8
99
9
88
9
19
9
61
9
39
9
71
7
69
4
59
8
10
9
49
8
90
9
81
7
78
9
73
10
22
7
77
9
42
9
12
11
83
9
61
7
69
3
59
9
71
0
50
9
60
9
11
8
99
9
12
7
39
7
9
9
28
8
20
7
9
7
59
9
31
9
49
7
49
9
42
8
89
9
31
9
99
7
99
2
9
9
71
9
89
1
39
9
99
9
71
9
99
8
80
9
42
7
89
9
32
11
23
10
22
8
80
8
30
11
81
9
13
9
77
7
84
0
40
7
9
9
73
8
27
7
9
9
12
9
12
8
39
7
47
9
91
9
63
9
73
9
61
9
42
9
99
7
79
9
48
9
91
9
42
9
99
8
20
10
82
8
99
9
20
9
91
9
31
0
20
9
92
9
81
9
40
8
10
0
80
7
99
8
99
8
80
8
28
9
12
7
38
8
70
8
10
8
10
9
91
7
29
8
50
9
11
10
22
9
99
9
41
9
67
9
99
9
81
0
20
8
60
8
90
8
67
10
82
9
30
8
58
0
40
2
39
0
10
9
99
10
82
9
99
9
72
9
87
8
27
8
89
7
98
7
69
9
93
9
99
10
82
9
21
8
99
7
59
2
27
9
21
9
89
7
39
8
99
9
99
7
19
8
30
8
90
8
30
7
41
8
78
9
97
8
90
11
83
9
29
7
49
9
33
9
99
4
99
8
70
7
39
9
71
8
40
7
78
9
81
9
99
9
18
9
93
9
81
8
80
11
83
7
89
