9
94
9
64
9
74
15
27
9
99
9
64
9
74
9
94
9
94
19
62
19
92
9
99
9
64
9
99
9
94
9
74
9
94
9
99
17
89
19
63
9
64
9
64
9
64
15
27
9
44
9
99
9
64
9
14
19
92
19
63
9
99
19
31
9
14
9
61
19
31
18
90
9
14
19
31
9
34
9
99
18
30
9
74
9
99
15
57
9
14
9
94
9
63
9
74
9
74
9
34
9
14
0
90
9
14
9
44
9
44
9
34
9
34
19
91
9
44
19
61
9
94
0
0
17
59
19
61
9
94
9
14
9
14
9
94
9
14
19
63
9
64
9
14
17
29
19
62
9
74
9
99
9
44
19
92
9
94
9
99
9
14
9
94
9
64
9
74
9
64
9
74
9
14
9
99
9
94
9
74
9
94
19
91
19
61
9
94
9
34
18
60
9
94
9
44
9
14
9
99
9
64
9
14
17
89
9
64
9
34
9
94
9
14
16
58
17
89
9
94
17
89
19
62
18
60
9
99
17
29
9
99
17
29
9
94
9
94
9
34
9
74
9
44
9
14
9
74
9
64
16
28
16
58
9
44
9
94
9
56
9
14
18
90
18
90
9
64
9
99
17
59
9
14
17
29
9
99
17
89
18
60
9
44
9
94
19
61
9
64
9
34
16
28
9
99
18
30
17
89
9
99
17
29
9
44
9
34
19
91
9
14
9
74
9
99
9
44
9
99
9
44
9
64
18
30
19
32
9
64
9
74
19
31
9
94
9
99
9
14
9
14
16
88
15
57
9
34
9
64
16
88
9
94
17
59
9
99
9
64
9
44
9
44
18
60
9
94
17
59
9
34
9
74
16
28
9
44
18
60
16
28
9
34
9
64
9
34
9
34
9
4
9
99
9
74
15
87
9
99
9
34
15
27
9
44
9
44
9
14
9
64
9
44
9
64
16
88
18
90
9
99
9
99
9
94
17
89
9
74
9
14
19
92
9
34
9
74
9
34
9
14
9
14
19
31
9
99
9
64
9
34
9
99
8
55
18
30
9
64
9
74
17
59
9
94
9
64
9
99
19
31
9
44
16
28
9
14
18
60
9
74
0
0
9
64
9
64
9
64
15
87
9
14
9
14
9
99
9
74
9
14
17
59
9
44
9
74
9
44
9
94
9
64
9
99
9
14
9
14
9
99
17
59
9
94
9
76
9
44
9
74
9
34
9
99
16
88
9
34
9
34
9
74
9
34
16
58
9
14
19
33
9
99
16
58
15
57
9
74
9
64
9
74
9
44
9
44
19
31
9
44
9
99
9
14
9
14
9
14
9
34
19
61
9
99
9
74
9
74
19
61
9
64
9
34
9
64
9
94
18
30
9
14
0
80
17
59
0
60
9
94
4
59
9
34
9
94
9
64
9
44
17
59
9
74
3
89
17
29
9
64
9
94
9
44
9
74
9
34
1
9
9
64
9
34
19
22
17
59
9
14
9
64
9
34
9
64
19
62
9
99
9
94
9
34
19
91
9
99
9
64
9
64
9
2
9
44
9
99
9
14
17
59
9
34
17
29
19
31
9
74
9
94
19
63
9
74
9
34
17
89
9
34
9
94
4
79
9
64
9
74
9
99
9
34
17
89
9
64
9
74
9
14
16
88
9
44
17
59
19
61
3
19
9
94
9
64
9
99
9
34
0
60
9
64
0
40
9
34
18
90
19
92
9
99
9
34
18
60
18
60
19
32
9
64
9
14
18
30
18
60
9
94
0
20
9
94
18
90
9
99
9
94
18
60
9
94
9
34
9
14
9
64
0
30
9
64
9
34
9
94
9
94
15
87
9
14
9
94
9
44
9
64
9
44
9
74
9
99
15
27
9
99
9
94
19
93
16
88
9
74
9
99
9
14
19
31
19
32
19
33
18
90
9
94
17
89
9
34
19
63
9
94
9
94
9
44
17
89
9
44
19
33
9
14
9
44
19
92
9
74
9
94
9
14
19
33
9
14
9
44
16
58
9
14
9
99
18
30
9
64
19
33
18
90
9
74
19
61
9
64
16
88
9
14
19
62
19
92
9
99
9
74
17
59
18
60
9
14
9
18
9
14
9
34
18
90
19
63
9
98
9
34
4
59
9
94
9
74
16
58
9
64
9
99
9
34
9
34
9
34
9
34
9
74
19
61
9
94
9
99
9
44
17
89
9
44
9
64
9
34
16
88
9
64
9
74
9
99
9
74
9
14
9
94
17
59
9
14
9
74
9
74
9
34
9
14
9
88
9
94
17
29
9
34
1
89
19
63
19
31
9
34
9
94
9
14
9
74
9
94
17
59
9
99
17
59
9
74
9
99
9
99
9
34
9
94
9
14
9
74
9
64
9
64
9
14
9
34
9
34
9
44
19
32
15
27
17
59
9
74
9
99
9
99
19
61
17
59
9
74
9
64
15
87
19
62
9
14
18
90
9
14
0
0
9
99
9
99
9
14
9
99
9
44
9
94
16
28
0
30
9
14
9
94
16
28
19
61
9
74
9
27
9
64
18
60
19
92
9
44
9
99
9
44
9
61
9
64
9
34
9
94
9
94
9
33
0
30
9
99
9
3
17
29
19
62
9
99
9
64
9
64
18
60
17
59
9
99
9
99
9
74
9
44
9
34
18
60
16
28
9
94
9
14
9
41
9
44
9
34
9
99
9
74
9
64
9
34
9
64
9
44
15
57
9
74
9
64
9
94
2
59
9
94
9
34
9
94
19
32
9
99
9
44
9
34
3
21
9
99
16
28
9
14
9
34
9
74
0
0
9
99
9
99
9
64
9
74
9
99
9
34
9
74
17
59
9
74
19
61
9
99
19
32
9
44
18
90
17
89
9
44
9
61
9
14
16
88
9
74
9
64
9
34
9
94
9
64
9
94
15
57
9
34
9
99
17
29
17
29
9
14
3
19
18
60
9
14
9
37
9
44
0
70
2
59
9
99
19
33
16
58
4
30
17
59
18
90
9
98
9
94
9
74
9
64
9
14
9
94
19
32
16
28
9
99
9
99
0
80
9
99
9
99
9
74
9
44
18
60
19
93
19
32
9
44
9
14
9
74
9
94
0
70
9
13
15
27
9
44
9
99
18
81
9
97
17
59
18
60
0
80
9
14
9
99
9
99
9
99
9
99
9
44
4
19
16
58
0
80
19
33
2
79
9
64
19
61
9
34
18
60
9
94
9
64
9
74
1
39
9
99
0
0
9
63
9
94
19
91
9
64
9
64
19
33
18
90
18
60
18
30
9
94
9
14
17
59
19
61
9
34
15
87
16
88
9
14
16
58
9
44
9
44
9
34
19
93
9
99
19
31
4
49
15
57
9
14
17
89
9
74
9
99
15
57
9
6
9
94
9
34
19
61
9
73
19
32
9
64
16
28
17
29
19
31
3
19
19
91
18
90
19
93
15
27
9
94
9
64
9
86
0
30
19
33
15
57
9
44
9
44
18
30
19
93
18
90
9
74
9
94
15
87
18
30
9
94
9
94
9
64
9
14
18
30
9
14
9
14
9
44
9
34
9
34
0
50
18
60
19
91
16
28
9
64
9
44
9
14
9
99
9
44
9
99
0
80
1
99
0
90
9
64
9
99
9
44
19
31
9
94
19
61
9
64
9
86
19
62
9
94
9
99
3
89
9
44
9
64
9
14
19
62
9
34
15
27
9
14
9
44
9
44
9
94
9
34
18
90
9
34
19
92
9
94
9
64
9
94
15
87
9
99
9
94
9
74
9
99
9
94
17
29
9
64
9
44
9
74
9
74
4
59
9
14
17
59
9
94
19
91
16
88
9
74
19
32
15
87
9
44
9
14
19
93
9
61
9
74
3
59
9
74
0
50
9
64
9
14
9
99
9
14
9
44
9
14
9
34
18
30
9
14
9
64
9
34
17
59
17
59
9
44
9
94
9
34
9
99
9
99
2
9
9
74
9
94
1
39
9
99
9
74
9
99
18
90
9
44
9
94
9
34
19
33
19
32
18
90
9
34
19
81
9
14
15
87
9
84
0
40
9
14
9
74
9
34
9
14
9
14
9
14
9
44
15
57
9
94
9
64
9
74
9
64
9
44
9
99
17
89
16
58
9
94
9
44
9
99
18
30
19
92
9
99
18
30
9
94
9
34
0
20
9
94
19
91
9
44
9
14
0
80
9
99
9
99
18
90
9
34
9
14
9
44
9
74
9
14
9
14
9
94
9
34
18
60
9
14
19
32
9
99
9
44
9
74
9
99
19
81
0
20
9
64
9
94
9
74
19
92
9
34
9
64
0
40
2
39
0
10
9
99
19
92
9
99
9
74
9
94
9
34
9
94
9
99
9
74
9
94
9
99
19
92
19
31
9
99
9
64
2
29
19
31
9
94
9
44
9
99
9
99
17
29
9
34
9
94
9
34
9
41
16
88
9
99
9
94
19
93
9
34
17
59
9
34
9
99
4
99
9
74
9
44
9
74
9
44
16
88
19
91
9
99
16
28
9
94
19
91
18
90
19
93
9
94
