9
94
9
16
9
99
9
99
14
86
9
64
12
84
9
64
9
94
9
94
13
55
9
34
9
34
9
34
9
34
9
6
14
56
16
88
9
14
9
99
9
99
9
34
14
86
9
34
9
14
14
26
9
99
9
34
9
99
0
80
18
90
15
27
12
24
0
0
9
44
16
58
15
27
18
30
13
85
9
44
9
14
17
29
9
74
9
94
9
34
9
74
14
56
9
34
9
94
9
2
9
14
9
43
14
56
9
64
9
14
9
64
9
34
9
34
9
34
14
86
9
64
9
64
15
57
14
86
9
99
9
44
9
44
9
74
9
74
13
85
15
87
9
14
9
64
9
94
16
28
14
26
16
28
9
34
9
64
9
99
9
64
9
34
15
87
15
27
14
86
15
81
9
4
13
85
9
64
9
14
15
57
9
34
9
34
9
44
17
59
9
34
9
94
9
99
13
55
14
86
9
74
9
44
13
85
9
14
9
14
9
34
17
59
9
14
16
28
18
90
17
29
9
94
9
99
9
64
16
58
12
84
15
27
9
44
9
64
9
99
9
14
9
94
9
94
9
44
9
74
17
59
15
57
9
74
8
45
9
74
9
94
14
56
17
59
9
44
9
74
9
34
9
64
14
26
9
94
14
26
9
74
9
94
9
34
18
30
9
74
9
94
9
94
14
86
14
56
9
64
18
30
9
14
9
44
17
89
13
25
9
44
9
64
9
74
9
94
14
56
9
14
9
44
9
34
9
93
9
14
9
74
9
34
16
58
9
14
12
54
15
57
9
74
9
64
9
34
9
14
9
64
9
94
14
86
9
16
9
64
18
30
13
55
9
14
9
14
9
64
9
64
9
64
12
84
9
34
13
25
17
59
9
74
17
89
9
44
12
24
13
25
9
99
14
26
0
80
9
64
9
99
9
14
9
64
9
94
16
58
9
44
9
34
9
94
9
34
9
34
9
74
9
99
9
94
14
56
9
64
9
94
9
74
13
25
9
64
9
44
14
26
16
58
9
74
9
64
9
14
14
26
18
90
9
74
9
14
9
66
9
64
9
94
9
94
18
60
16
58
9
74
16
28
15
27
9
14
9
99
9
99
9
99
9
64
9
99
9
99
17
29
9
14
16
58
18
90
9
99
15
57
9
64
9
34
9
74
9
74
0
30
9
74
9
74
9
14
14
86
9
99
9
14
9
94
14
56
9
34
9
94
9
99
9
98
12
54
9
66
15
27
14
26
9
14
9
99
9
64
13
55
9
34
16
28
9
74
15
87
9
74
9
74
9
34
9
34
9
74
15
87
9
94
9
87
14
86
16
58
1
29
9
74
9
14
14
26
14
56
0
29
9
74
9
99
9
44
9
34
9
94
9
34
9
14
9
64
9
14
9
44
9
74
15
87
9
44
15
87
16
58
9
34
9
44
9
47
9
99
9
34
9
44
9
99
4
19
0
70
9
99
9
94
9
44
9
14
14
86
3
59
18
90
14
86
0
93
9
64
15
87
9
14
9
34
1
27
9
32
9
64
0
48
4
53
12
84
12
84
9
62
9
99
9
74
9
74
15
87
9
94
9
44
9
14
15
81
9
44
0
30
14
56
2
79
9
94
9
64
9
44
2
27
9
99
9
99
9
94
14
86
9
14
9
74
9
44
15
27
9
44
12
84
9
43
13
55
16
58
9
99
9
64
9
99
9
64
9
74
1
99
9
74
9
44
1
79
9
74
16
88
15
57
16
28
16
28
14
26
9
94
9
44
9
64
9
99
9
99
9
14
9
44
9
34
9
96
1
49
9
99
9
34
9
44
9
34
9
44
9
94
9
99
9
34
9
99
9
64
9
44
16
58
18
30
13
55
9
34
9
74
9
14
9
14
9
44
14
26
16
88
1
81
9
64
9
74
15
27
9
94
9
14
9
94
9
74
9
94
9
99
9
71
16
88
17
59
14
86
3
59
9
99
2
19
1
20
15
87
8
95
16
88
9
44
0
90
9
98
9
64
9
62
3
59
9
74
9
14
9
94
9
64
9
44
9
44
15
87
9
16
9
94
1
74
15
27
9
34
3
69
9
99
9
64
9
44
14
26
9
64
16
22
9
64
9
94
12
24
9
14
9
64
9
74
12
24
15
57
13
55
1
79
9
14
15
57
9
14
9
13
14
56
9
34
3
89
9
74
9
2
9
94
17
29
9
64
9
64
16
28
9
94
17
29
9
44
9
74
14
56
9
99
9
14
14
56
13
55
9
64
9
94
18
60
16
58
9
86
15
87
12
54
9
14
9
14
9
74
0
12
9
99
8
45
16
88
12
84
8
5
9
44
17
29
3
26
9
94
9
99
9
34
13
85
16
28
9
44
4
49
13
25
1
79
0
49
9
74
9
64
9
74
13
85
9
44
15
87
9
99
17
59
15
27
9
94
9
14
9
34
9
74
0
40
0
90
9
34
9
64
4
78
8
15
9
63
14
86
9
96
12
84
9
34
18
60
18
90
9
34
9
94
9
34
9
34
12
54
9
34
9
74
9
14
9
34
17
59
9
34
16
28
9
64
9
64
9
74
3
81
9
94
9
74
15
57
0
50
14
26
9
64
0
40
14
56
9
94
9
66
9
44
9
94
14
56
9
14
0
50
9
86
9
94
9
44
9
14
3
69
9
14
9
44
9
64
9
64
9
34
9
34
9
34
9
64
9
74
9
74
16
28
9
74
9
64
9
44
18
30
9
74
9
94
9
94
9
64
9
56
14
26
3
24
14
26
9
44
1
39
9
64
9
99
9
34
9
99
9
34
9
74
9
14
9
94
9
99
9
41
9
64
9
44
12
84
9
14
4
69
9
64
9
34
14
26
9
94
9
44
9
34
9
89
9
14
0
89
9
99
1
16
9
44
9
44
9
74
9
74
0
24
9
34
16
28
9
99
9
64
8
15
0
80
9
66
9
88
9
96
9
34
18
30
9
94
9
68
12
24
9
64
13
55
3
69
9
99
13
85
15
57
9
14
9
94
1
69
4
9
9
44
9
64
9
44
9
34
1
82
2
79
3
0
14
56
9
14
9
74
18
60
9
64
9
64
9
44
14
86
18
90
16
28
9
44
9
64
9
99
9
88
15
27
9
94
15
27
9
99
9
34
12
24
9
44
9
44
0
90
17
29
0
70
9
44
15
57
9
64
1
16
9
74
9
38
9
99
9
64
0
30
9
74
1
9
9
14
9
34
1
5
9
33
9
44
9
99
4
19
9
99
9
14
9
99
15
57
9
44
14
56
15
87
9
38
12
84
9
99
0
89
9
14
9
94
15
27
9
74
0
0
9
99
9
94
13
55
9
34
9
64
9
38
13
85
9
76
9
44
15
27
16
58
3
79
9
64
9
44
9
34
9
44
9
74
9
64
9
74
9
44
16
58
18
90
9
74
1
39
9
99
9
74
16
51
9
44
18
30
0
10
1
59
9
14
16
88
9
94
9
73
9
34
4
89
12
84
1
84
1
39
0
90
9
34
14
56
4
29
9
74
9
34
9
14
9
44
15
57
0
2
9
34
3
99
9
64
12
54
2
29
9
44
3
69
9
74
9
44
1
30
0
20
9
74
9
44
17
52
9
64
9
34
16
28
9
94
9
44
15
27
9
99
14
86
9
34
9
74
9
94
9
64
0
52
9
74
17
29
9
74
9
74
17
59
14
86
9
74
9
67
9
64
16
88
3
69
15
87
3
50
9
14
12
24
9
63
3
15
9
34
14
26
9
64
9
34
9
64
0
80
9
99
9
99
9
99
9
34
4
9
9
13
14
86
12
54
9
94
13
55
14
56
9
86
9
64
9
34
9
64
9
14
9
7
12
84
14
26
9
74
9
14
16
58
9
14
2
39
9
99
17
21
1
99
9
34
9
99
2
19
9
74
14
26
3
34
9
34
4
29
9
74
9
99
9
94
9
74
16
88
14
56
4
49
9
99
9
1
9
99
1
60
9
99
16
88
9
86
9
99
9
93
9
74
16
88
12
84
4
89
4
59
9
34
14
26
9
94
9
94
9
44
9
14
9
74
15
57
3
49
9
88
9
64
2
69
9
74
9
74
14
86
9
74
3
99
9
66
16
58
9
94
15
87
9
74
16
58
14
86
9
94
9
99
9
34
0
10
9
34
15
27
9
34
1
19
16
88
4
14
9
94
9
14
9
14
9
14
9
94
9
44
9
99
14
26
9
44
9
94
9
34
9
14
9
44
9
64
14
86
9
63
9
34
13
85
9
34
9
44
9
14
16
88
9
34
17
29
9
14
9
27
9
34
9
99
4
24
9
67
9
6
9
64
9
58
1
99
9
99
9
64
16
58
16
28
13
55
9
14
9
44
9
99
0
40
14
86
12
84
14
86
9
34
9
34
12
84
18
30
3
99
9
76
2
79
17
81
9
14
9
34
9
44
1
64
9
14
9
94
0
10
3
39
9
34
14
86
0
37
9
94
1
69
0
10
9
64
18
81
15
57
9
74
9
94
9
94
9
64
9
64
1
39
5
36
