7
89
6
21
6
99
7
99
4
79
4
54
4
74
7
59
4
84
4
89
8
45
8
30
5
26
4
29
6
29
7
6
4
49
7
78
8
8
6
94
8
99
5
26
8
76
8
28
4
9
7
16
7
94
6
28
7
99
0
80
8
80
5
19
5
14
0
0
7
39
6
48
6
17
8
20
8
75
4
36
4
9
7
19
6
69
6
87
6
28
6
69
4
49
4
29
6
84
4
2
5
4
4
44
6
46
7
59
6
9
5
58
6
27
8
26
6
29
4
79
5
56
7
57
6
47
4
79
8
99
4
39
8
40
7
69
8
70
8
75
5
79
4
8
4
56
5
84
6
18
5
16
6
19
6
25
7
59
8
99
5
58
5
24
5
79
5
19
6
76
5
83
7
4
7
75
7
55
6
4
6
47
7
29
4
29
8
38
8
49
5
27
5
87
5
96
8
45
4
78
6
69
8
40
6
75
8
10
4
9
4
26
7
49
4
9
6
19
8
80
7
19
7
89
4
98
8
56
6
49
4
74
5
19
5
39
5
56
5
99
7
7
4
85
7
89
5
36
5
65
7
49
6
47
5
69
4
45
7
64
5
87
4
47
7
49
6
38
4
65
6
24
4
59
4
19
6
85
4
19
4
67
4
89
4
29
8
20
7
69
7
86
5
89
5
76
6
46
6
59
8
20
8
7
6
34
7
79
4
15
8
40
5
59
6
66
7
89
7
46
8
7
5
35
5
26
7
94
4
5
5
67
4
27
6
49
4
6
4
44
5
47
7
65
7
55
7
29
8
10
7
59
8
90
8
76
5
16
4
59
8
20
8
45
7
9
6
9
4
59
6
58
7
57
4
74
6
29
4
15
7
49
4
66
7
79
4
39
7
14
8
15
5
94
4
19
0
80
7
59
5
96
8
5
5
59
5
85
8
48
8
39
7
29
6
84
6
27
4
29
4
69
7
94
6
89
4
49
7
59
8
90
8
68
5
15
7
59
6
38
8
16
7
48
7
65
8
58
8
6
4
17
8
80
8
69
4
6
7
71
4
55
5
89
7
89
8
50
7
48
7
69
6
19
7
17
4
9
8
96
8
99
6
95
8
60
4
99
5
97
7
19
7
7
6
49
8
80
8
95
5
49
8
60
6
25
8
70
4
68
0
30
8
70
7
66
7
8
4
79
4
96
5
4
8
86
4
49
6
29
4
89
4
99
7
98
7
44
7
66
5
19
4
19
6
5
8
99
6
58
7
45
4
29
8
18
7
66
5
79
6
69
8
70
4
24
7
29
4
64
5
79
8
90
4
87
4
77
6
49
1
29
4
69
5
9
4
19
4
49
0
29
7
68
7
98
8
39
8
27
6
89
5
28
5
6
5
59
8
10
7
35
4
68
8
77
6
37
5
77
6
49
7
29
8
40
5
47
8
96
5
29
6
38
5
94
4
15
0
70
5
99
8
90
6
39
8
10
4
79
3
59
8
80
8
76
0
93
4
59
8
77
8
6
5
26
1
27
8
32
5
59
0
48
4
53
7
74
6
74
4
62
8
96
6
65
5
69
5
79
4
86
7
35
7
8
5
81
6
37
0
30
4
49
2
79
5
89
6
59
6
39
2
27
7
99
6
95
8
90
5
76
5
9
7
69
8
40
5
19
8
40
4
74
8
43
7
45
6
49
6
99
5
55
5
99
5
55
6
67
1
97
7
69
7
39
1
74
5
69
6
78
5
47
8
18
6
18
5
16
4
89
4
39
6
57
8
99
4
99
7
9
8
40
4
25
4
96
1
49
6
96
6
29
4
39
8
30
7
39
5
84
7
95
8
30
6
98
4
57
6
36
8
48
8
20
4
45
7
27
5
69
8
10
7
9
5
39
7
16
6
79
1
81
6
59
7
64
5
19
7
89
5
5
8
88
5
69
7
89
6
95
5
71
6
79
7
49
4
79
3
59
6
94
2
15
1
20
5
79
5
95
6
79
4
39
0
90
7
98
5
57
8
62
3
59
5
66
5
6
5
88
5
59
4
39
8
37
5
78
8
20
4
89
1
74
5
19
7
28
3
69
6
99
6
56
4
37
4
18
7
59
6
23
6
59
6
87
6
14
7
8
4
59
8
66
6
14
5
49
6
45
1
79
4
4
5
49
8
10
6
14
4
49
7
29
3
84
5
68
5
2
8
89
7
19
5
57
5
59
8
18
4
89
7
19
5
39
7
66
6
46
6
99
6
9
4
49
6
45
5
57
6
88
8
50
6
49
6
91
5
77
6
44
6
9
5
6
4
69
0
12
6
96
7
45
7
78
4
74
7
5
6
38
7
19
3
24
5
89
4
99
8
28
6
75
6
19
8
40
4
49
4
15
1
79
0
49
4
67
6
59
6
69
6
75
4
36
8
77
6
99
7
49
8
17
8
86
8
5
4
25
6
69
0
40
0
90
7
29
6
55
4
78
8
15
5
64
8
76
5
96
5
74
7
26
8
50
8
80
7
29
7
89
8
30
8
28
4
44
6
29
5
68
8
8
8
30
7
49
4
29
6
19
4
59
6
59
5
68
3
81
8
90
7
67
5
49
0
50
5
16
8
56
0
40
4
49
7
89
7
71
8
35
6
89
4
49
6
9
0
50
5
86
6
85
6
36
7
9
3
69
5
4
5
39
4
55
8
60
5
28
4
29
8
25
5
59
7
66
8
70
6
19
4
69
8
60
6
39
8
20
6
69
5
86
4
89
4
59
6
56
4
19
3
24
4
19
8
40
1
39
6
54
5
99
6
29
6
99
5
29
7
64
7
9
6
88
4
98
7
41
6
59
7
39
6
74
7
7
4
64
8
55
7
29
8
16
4
89
5
38
4
29
5
88
6
9
0
89
6
99
1
16
8
38
7
34
5
69
8
70
0
24
5
24
6
19
6
97
5
57
7
15
0
80
6
71
6
88
4
96
4
29
8
20
7
88
7
68
4
14
8
60
6
45
3
65
8
95
4
75
5
49
8
10
6
89
1
66
4
9
8
39
7
54
7
36
5
27
1
82
2
74
3
0
4
49
6
9
5
69
8
50
8
59
6
59
8
40
4
79
8
80
6
19
8
40
8
59
5
96
5
88
5
19
5
88
5
19
8
99
4
29
4
14
5
35
7
36
0
90
7
19
0
70
6
38
6
47
6
58
1
16
8
67
5
38
7
99
5
59
0
30
7
67
1
5
5
9
7
25
1
5
8
33
7
39
4
96
3
17
8
97
4
9
6
94
5
49
6
34
5
46
5
77
6
38
6
74
8
97
0
89
4
6
5
89
7
17
5
69
0
0
7
99
4
86
4
45
6
29
8
59
5
38
7
75
8
80
7
39
6
17
8
48
3
74
4
59
5
35
8
25
5
39
5
69
7
59
4
65
7
39
6
49
8
80
6
67
1
39
6
99
4
67
6
51
7
35
8
20
0
10
1
55
6
5
6
79
6
89
6
74
6
29
4
84
5
74
1
84
1
38
0
90
4
29
4
49
4
29
8
66
6
29
6
9
4
37
5
49
0
2
8
30
3
99
8
60
6
44
2
29
8
40
3
69
5
69
6
34
1
30
0
20
7
69
5
35
7
52
8
57
7
26
6
18
4
89
5
39
5
18
4
95
4
77
6
29
8
70
7
85
5
56
0
52
7
67
7
19
7
67
6
69
7
49
4
79
6
68
6
67
8
60
6
79
3
69
5
79
3
50
6
7
5
14
7
64
3
15
7
29
7
16
8
60
6
28
8
60
0
80
7
98
7
99
5
96
5
25
4
9
6
13
4
79
4
44
4
89
7
45
4
49
8
93
6
59
5
26
5
56
4
9
4
7
6
74
4
18
8
69
6
4
6
48
4
7
2
39
8
99
7
25
1
99
7
26
8
98
2
19
7
64
5
16
3
34
4
29
4
26
8
70
5
99
6
87
7
64
6
79
7
46
4
49
4
99
5
1
5
94
1
60
6
95
6
79
5
86
6
94
6
93
7
69
6
79
7
74
4
89
4
59
4
29
8
16
5
84
7
88
6
37
8
5
4
69
6
47
3
44
4
88
5
59
2
65
5
67
5
65
4
78
4
69
3
98
5
72
6
49
5
84
5
79
7
74
7
48
7
76
5
86
6
99
6
29
0
10
5
26
5
17
7
26
1
19
6
79
4
14
6
89
4
5
5
9
4
4
7
86
7
39
5
99
4
16
7
37
7
89
8
30
5
9
4
39
8
56
4
78
8
63
6
25
7
75
7
24
6
37
7
9
8
78
4
28
7
19
4
4
7
27
6
27
6
99
4
24
8
67
5
13
8
60
4
58
1
94
7
99
7
59
6
49
7
18
8
45
4
8
8
36
4
96
0
40
7
76
5
74
4
76
7
29
5
26
7
74
8
20
3
99
7
76
2
77
7
81
6
7
7
29
8
40
1
64
5
9
4
89
0
10
3
39
5
29
4
79
0
37
4
89
1
69
0
10
6
56
8
81
5
49
5
64
8
90
4
88
7
59
4
64
1
34
4
35
