9
94
9
16
9
99
9
99
11
83
9
61
9
81
9
64
9
91
9
93
10
52
9
34
9
33
9
33
9
34
9
6
11
53
13
85
9
14
9
99
9
99
9
33
11
83
9
34
9
13
11
23
9
99
9
34
9
99
0
80
15
87
12
24
9
21
0
0
9
44
13
55
12
24
15
27
10
82
9
43
9
13
14
26
9
74
9
94
9
34
9
74
11
53
9
33
9
91
9
2
9
11
9
43
11
53
9
64
9
14
9
64
9
34
9
33
9
34
11
83
9
63
9
64
12
54
11
83
9
99
9
43
9
44
9
74
9
74
10
82
12
84
9
13
9
63
9
91
13
25
11
23
13
25
9
32
9
64
9
99
9
64
9
31
12
84
12
24
11
83
12
81
9
4
10
82
9
62
9
11
12
54
9
34
9
33
9
44
14
56
9
34
9
94
9
99
10
52
11
83
9
74
9
44
10
82
9
14
9
13
9
33
14
56
9
13
13
25
15
87
14
26
9
94
9
99
9
63
13
55
9
81
12
24
9
44
9
63
9
99
9
14
9
92
9
94
9
43
9
72
14
56
12
54
9
74
8
45
9
71
9
94
11
53
14
56
9
44
9
72
9
31
9
63
11
23
9
92
11
23
9
73
9
93
9
33
15
27
9
74
9
93
9
94
11
83
11
53
9
64
15
27
9
14
9
41
14
86
10
22
9
44
9
64
9
73
9
94
11
53
9
14
9
42
9
33
9
93
9
12
9
74
9
33
13
55
9
13
9
51
12
54
9
72
9
62
9
34
9
14
9
64
9
94
11
83
9
16
9
63
15
27
10
52
9
14
9
14
9
63
9
64
9
64
9
81
9
34
10
22
14
56
9
73
14
86
9
43
9
21
10
22
9
99
11
23
0
80
9
64
9
99
9
12
9
64
9
92
13
55
9
44
9
34
9
91
9
34
9
33
9
73
9
99
9
94
11
53
9
64
9
94
9
74
10
22
9
64
9
44
11
23
13
55
9
72
9
64
9
13
11
23
15
87
9
74
9
13
9
66
9
62
9
94
9
94
15
57
13
55
9
74
13
25
12
24
9
13
9
99
9
99
9
99
9
64
9
99
9
99
14
26
9
14
13
55
15
87
9
99
12
54
9
64
9
32
9
74
9
73
0
30
9
74
9
73
9
14
11
83
9
99
9
11
9
93
11
53
9
34
9
93
9
99
9
98
9
51
9
66
12
24
11
23
9
12
9
99
9
64
10
52
9
33
13
25
9
73
12
84
9
74
9
74
9
31
9
34
9
71
12
84
9
94
9
87
11
83
13
55
1
29
9
73
9
14
11
23
11
53
0
29
9
74
9
99
9
44
9
34
9
94
9
34
9
13
9
64
9
14
9
42
9
73
12
84
9
44
12
84
13
55
9
34
9
44
9
47
9
99
9
34
9
44
9
99
4
19
0
70
9
99
9
94
9
44
9
14
11
83
3
59
15
87
11
83
0
93
9
63
12
84
9
13
9
33
1
27
9
32
9
64
0
48
4
53
9
81
9
81
9
62
9
99
9
72
9
74
12
84
9
93
9
42
9
14
12
81
9
44
0
30
11
53
2
79
9
94
9
64
9
44
2
27
9
99
9
99
9
94
11
83
9
14
9
74
9
44
12
24
9
44
9
81
9
43
10
52
13
55
9
99
9
62
9
99
9
62
9
74
1
99
9
74
9
44
1
79
9
74
13
85
12
54
13
25
13
25
11
23
9
93
9
43
9
64
9
99
9
99
9
14
9
44
9
32
9
96
1
49
9
99
9
34
9
43
9
34
9
44
9
91
9
99
9
34
9
99
9
63
9
43
13
55
15
27
10
52
9
34
9
74
9
14
9
14
9
44
11
23
13
85
1
81
9
64
9
71
12
24
9
94
9
12
9
94
9
74
9
94
9
99
9
71
13
85
14
56
11
83
3
59
9
99
2
19
1
20
12
84
8
95
13
85
9
43
0
90
9
98
9
64
9
62
3
59
9
73
9
13
9
94
9
64
9
43
9
44
12
84
9
16
9
93
1
74
12
24
9
34
3
69
9
99
9
63
9
43
11
23
9
64
13
22
9
64
9
94
9
21
9
14
9
63
9
73
9
21
12
54
10
52
1
79
9
11
12
54
9
14
9
13
11
53
9
34
3
89
9
74
9
2
9
94
14
26
9
64
9
64
13
25
9
93
14
26
9
44
9
73
11
53
9
99
9
14
11
53
10
52
9
64
9
94
15
57
13
55
9
86
12
84
9
51
9
14
9
13
9
73
0
12
9
99
8
45
13
85
9
81
8
5
9
44
14
26
3
24
9
94
9
99
9
34
10
82
13
25
9
44
4
49
10
22
1
79
0
49
9
73
9
64
9
74
10
82
9
43
12
84
9
99
14
56
12
24
9
93
9
12
9
32
9
74
0
40
0
90
9
34
9
62
4
78
8
15
9
63
11
83
9
96
9
81
9
33
15
57
15
87
9
34
9
94
9
34
9
34
9
51
9
34
9
74
9
14
9
34
14
56
9
33
13
25
9
63
9
64
9
74
3
81
9
94
9
74
12
54
0
50
11
23
9
63
0
40
11
53
9
94
9
66
9
42
9
94
11
53
9
14
0
50
9
86
9
92
9
43
9
14
3
69
9
11
9
44
9
62
9
64
9
34
9
33
9
32
9
64
9
73
9
74
13
25
9
73
9
64
9
44
15
27
9
74
9
93
9
93
9
63
9
56
11
23
3
24
11
23
9
44
1
39
9
61
9
99
9
34
9
99
9
34
9
71
9
14
9
94
9
99
9
41
9
64
9
44
9
81
9
14
4
69
9
62
9
34
11
23
9
93
9
44
9
33
9
89
9
14
0
89
9
99
1
16
9
44
9
41
9
74
9
74
0
24
9
31
13
25
9
99
9
64
8
15
0
80
9
66
9
88
9
96
9
33
15
27
9
94
9
68
9
21
9
64
10
52
3
69
9
99
10
82
12
54
9
14
9
94
1
69
4
9
9
44
9
61
9
43
9
34
1
82
2
79
3
0
11
53
9
14
9
74
15
57
9
64
9
64
9
44
11
83
15
87
13
25
9
44
9
64
9
99
9
88
12
24
9
94
12
24
9
99
9
33
9
21
9
42
9
43
0
90
14
26
0
70
9
44
12
54
9
64
1
16
9
74
9
38
9
99
9
64
0
30
9
74
1
9
9
14
9
32
1
5
9
33
9
44
9
99
4
19
9
99
9
13
9
99
12
54
9
41
11
53
12
84
9
38
9
81
9
99
0
89
9
13
9
94
12
24
9
74
0
0
9
99
9
93
10
52
9
34
9
64
9
38
10
82
9
76
9
44
12
24
13
55
3
79
9
63
9
42
9
32
9
44
9
74
9
64
9
72
9
44
13
55
15
87
9
74
1
39
9
99
9
73
13
51
9
42
15
27
0
10
1
59
9
12
13
85
9
94
9
73
9
34
4
89
9
81
1
84
1
39
0
90
9
33
11
53
4
29
9
73
9
34
9
14
9
43
12
54
0
2
9
34
3
99
9
64
9
51
2
29
9
44
3
69
9
74
9
41
1
30
0
20
9
74
9
42
14
52
9
64
9
33
13
25
9
93
9
44
12
24
9
99
11
83
9
34
9
74
9
92
9
63
0
52
9
74
14
26
9
74
9
74
14
56
11
83
9
74
9
67
9
64
13
85
3
69
12
84
3
50
9
14
9
21
9
63
3
15
9
34
11
23
9
64
9
34
9
64
0
80
9
99
9
99
9
99
9
32
4
9
9
13
11
83
9
51
9
93
10
52
11
53
9
86
9
64
9
33
9
63
9
13
9
7
9
81
11
23
9
74
9
11
13
55
9
13
2
39
9
99
14
21
1
99
9
33
9
99
2
19
9
71
11
23
3
34
9
33
4
29
9
74
9
99
9
94
9
71
13
85
11
53
4
49
9
99
9
1
9
99
1
60
9
99
13
85
9
86
9
99
9
93
9
74
13
85
9
81
4
89
4
59
9
33
11
23
9
91
9
94
9
44
9
12
9
73
12
54
3
49
9
88
9
64
2
69
9
74
9
72
11
83
9
73
3
99
9
66
13
55
9
91
12
84
9
74
13
55
11
83
9
93
9
99
9
34
0
10
9
33
12
24
9
33
1
19
13
85
4
14
9
94
9
12
9
14
9
11
9
93
9
44
9
99
11
23
9
44
9
94
9
34
9
14
9
43
9
63
11
83
9
63
9
32
10
82
9
31
9
44
9
14
13
85
9
33
14
26
9
11
9
27
9
34
9
99
4
24
9
67
9
6
9
64
9
58
1
99
9
99
9
64
13
55
13
25
10
52
9
13
9
43
9
99
0
40
11
83
9
81
11
83
9
34
9
33
9
81
15
27
3
99
9
76
2
79
14
81
9
14
9
34
9
44
1
64
9
14
9
93
0
10
3
39
9
34
11
83
0
37
9
93
1
69
0
10
9
63
15
81
12
54
9
71
9
94
9
93
9
64
9
64
1
39
5
36
