9
94
9
16
9
99
9
99
19
91
9
64
17
89
9
64
9
94
9
94
18
60
9
34
9
34
9
34
9
34
9
6
19
61
19
93
9
14
9
99
9
99
9
34
19
91
9
34
9
14
19
31
9
99
9
34
9
99
0
80
19
94
19
32
17
29
0
0
9
44
19
63
19
32
19
34
18
90
9
44
9
14
19
34
9
74
9
94
9
34
9
74
19
61
9
34
9
94
9
2
9
14
9
43
19
61
9
64
9
14
9
64
9
34
9
34
9
34
19
91
9
64
9
64
19
62
19
91
9
99
9
44
9
44
9
74
9
74
18
90
19
92
9
14
9
64
9
94
19
33
19
31
19
33
9
34
9
64
9
99
9
64
9
34
19
92
19
32
19
91
19
80
9
4
18
90
9
64
9
14
19
62
9
34
9
34
9
44
19
64
9
34
9
94
9
99
18
60
19
91
9
74
9
44
18
90
9
14
9
14
9
34
19
64
9
14
19
33
19
94
19
34
9
94
9
99
9
64
19
63
17
89
19
32
9
44
9
64
9
99
9
14
9
94
9
94
9
44
9
74
19
64
19
62
9
74
8
45
9
74
9
94
19
61
19
64
9
44
9
74
9
34
9
64
19
31
9
94
19
31
9
74
9
94
9
34
19
34
9
74
9
94
9
94
19
91
19
61
9
64
19
34
9
14
9
44
19
94
18
30
9
44
9
64
9
74
9
94
19
61
9
14
9
44
9
34
9
93
9
14
9
74
9
34
19
63
9
14
17
59
19
62
9
74
9
64
9
34
9
14
9
64
9
94
19
91
9
16
9
64
19
34
18
60
9
14
9
14
9
64
9
64
9
64
17
89
9
34
18
30
19
64
9
74
19
94
9
44
17
29
18
30
9
99
19
31
0
80
9
64
9
99
9
14
9
64
9
94
19
63
9
44
9
34
9
94
9
34
9
34
9
74
9
99
9
94
19
61
9
64
9
94
9
74
18
30
9
64
9
44
19
31
19
63
9
74
9
64
9
14
19
31
19
94
9
74
9
14
9
66
9
64
9
94
9
94
19
64
19
63
9
74
19
33
19
32
9
14
9
99
9
99
9
99
9
64
9
99
9
99
19
34
9
14
19
63
19
94
9
99
19
62
9
64
9
34
9
74
9
74
0
30
9
74
9
74
9
14
19
91
9
99
9
14
9
94
19
61
9
34
9
94
9
99
9
98
17
59
9
66
19
32
19
31
9
14
9
99
9
64
18
60
9
34
19
33
9
74
19
92
9
74
9
74
9
34
9
34
9
74
19
92
9
94
9
87
19
91
19
63
1
29
9
74
9
14
19
31
19
61
0
29
9
74
9
99
9
44
9
34
9
94
9
34
9
14
9
64
9
14
9
44
9
74
19
92
9
44
19
92
19
63
9
34
9
44
9
47
9
99
9
34
9
44
9
99
4
19
0
70
9
99
9
94
9
44
9
14
19
91
3
59
19
94
19
91
0
93
9
64
19
92
9
14
9
34
1
27
9
32
9
64
0
48
4
53
17
89
17
89
9
62
9
99
9
74
9
74
19
92
9
94
9
44
9
14
19
81
9
44
0
30
19
61
2
79
9
94
9
64
9
44
2
27
9
99
9
99
9
94
19
91
9
14
9
74
9
44
19
32
9
44
17
89
9
43
18
60
19
63
9
99
9
64
9
99
9
64
9
74
1
99
9
74
9
44
1
79
9
74
19
93
19
62
19
33
19
33
19
31
9
94
9
44
9
64
9
99
9
99
9
14
9
44
9
34
9
96
1
49
9
99
9
34
9
44
9
34
9
44
9
94
9
99
9
34
9
99
9
64
9
44
19
63
19
34
18
60
9
34
9
74
9
14
9
14
9
44
19
31
19
93
1
81
9
64
9
74
19
32
9
94
9
14
9
94
9
74
9
94
9
99
9
71
19
93
19
64
19
91
3
59
9
99
2
19
1
20
19
92
8
95
19
93
9
44
0
90
9
98
9
64
9
62
3
59
9
74
9
14
9
94
9
64
9
44
9
44
19
92
9
16
9
94
1
74
19
32
9
34
3
69
9
99
9
64
9
44
19
31
9
64
19
22
9
64
9
94
17
29
9
14
9
64
9
74
17
29
19
62
18
60
1
79
9
14
19
62
9
14
9
13
19
61
9
34
3
89
9
74
9
2
9
94
19
34
9
64
9
64
19
33
9
94
19
34
9
44
9
74
19
61
9
99
9
14
19
61
18
60
9
64
9
94
19
64
19
63
9
86
19
92
17
59
9
14
9
14
9
74
0
12
9
99
8
45
19
93
17
89
8
5
9
44
19
34
3
27
9
94
9
99
9
34
18
90
19
33
9
44
4
49
18
30
1
79
0
49
9
74
9
64
9
74
18
90
9
44
19
92
9
99
19
64
19
32
9
94
9
14
9
34
9
74
0
40
0
90
9
34
9
64
4
78
8
15
9
63
19
91
9
96
17
89
9
34
19
64
19
94
9
34
9
94
9
34
9
34
17
59
9
34
9
74
9
14
9
34
19
64
9
34
19
33
9
64
9
64
9
74
3
81
9
94
9
74
19
62
0
50
19
31
9
64
0
40
19
61
9
94
9
66
9
44
9
94
19
61
9
14
0
50
9
86
9
94
9
44
9
14
3
69
9
14
9
44
9
64
9
64
9
34
9
34
9
34
9
64
9
74
9
74
19
33
9
74
9
64
9
44
19
34
9
74
9
94
9
94
9
64
9
56
19
31
3
24
19
31
9
44
1
39
9
64
9
99
9
34
9
99
9
34
9
74
9
14
9
94
9
99
9
41
9
64
9
44
17
89
9
14
4
69
9
64
9
34
19
31
9
94
9
44
9
34
9
89
9
14
0
89
9
99
1
16
9
44
9
44
9
74
9
74
0
24
9
34
19
33
9
99
9
64
8
15
0
80
9
66
9
88
9
96
9
34
19
34
9
94
9
68
17
29
9
64
18
60
3
69
9
99
18
90
19
62
9
14
9
94
1
69
4
9
9
44
9
64
9
44
9
34
1
82
2
79
3
0
19
61
9
14
9
74
19
64
9
64
9
64
9
44
19
91
19
94
19
33
9
44
9
64
9
99
9
88
19
32
9
94
19
32
9
99
9
34
17
29
9
44
9
44
0
90
19
34
0
70
9
44
19
62
9
64
1
16
9
74
9
38
9
99
9
64
0
30
9
74
1
9
9
14
9
34
1
5
9
33
9
44
9
99
4
19
9
99
9
14
9
99
19
62
9
44
19
61
19
92
9
38
17
89
9
99
0
89
9
14
9
94
19
32
9
74
0
0
9
99
9
94
18
60
9
34
9
64
9
38
18
90
9
76
9
44
19
32
19
63
3
79
9
64
9
44
9
34
9
44
9
74
9
64
9
74
9
44
19
63
19
94
9
74
1
39
9
99
9
74
19
51
9
44
19
34
0
10
1
59
9
14
19
93
9
94
9
73
9
34
4
89
17
89
1
84
1
39
0
90
9
34
19
61
4
29
9
74
9
34
9
14
9
44
19
62
0
2
9
34
3
99
9
64
17
59
2
29
9
44
3
69
9
74
9
44
1
30
0
20
9
74
9
44
19
52
9
64
9
34
19
33
9
94
9
44
19
32
9
99
19
91
9
34
9
74
9
94
9
64
0
52
9
74
19
34
9
74
9
74
19
64
19
91
9
74
9
67
9
64
19
93
3
69
19
92
3
50
9
14
17
29
9
63
3
15
9
34
19
31
9
64
9
34
9
64
0
80
9
99
9
99
9
99
9
34
4
9
9
13
19
91
17
59
9
94
18
60
19
61
9
86
9
64
9
34
9
64
9
14
9
7
17
89
19
31
9
74
9
14
19
63
9
14
2
39
9
99
19
16
1
99
9
34
9
99
2
19
9
74
19
31
3
34
9
34
4
29
9
74
9
99
9
94
9
74
19
93
19
61
4
49
9
99
9
1
9
99
1
60
9
99
19
93
9
86
9
99
9
93
9
74
19
93
17
89
4
89
4
59
9
34
19
31
9
94
9
94
9
44
9
14
9
74
19
62
3
49
9
88
9
64
2
69
9
74
9
74
19
91
9
74
3
99
9
66
19
63
9
94
19
92
9
74
19
63
19
91
9
94
9
99
9
34
0
10
9
34
19
32
9
34
1
19
19
93
4
14
9
94
9
14
9
14
9
14
9
94
9
44
9
99
19
31
9
44
9
94
9
34
9
14
9
44
9
64
19
91
9
63
9
34
18
90
9
34
9
44
9
14
19
93
9
34
19
34
9
14
9
27
9
34
9
99
4
24
9
67
9
6
9
64
9
58
1
99
9
99
9
64
19
63
19
33
18
60
9
14
9
44
9
99
0
40
19
91
17
89
19
91
9
34
9
34
17
89
19
34
3
99
9
76
2
79
19
81
9
14
9
34
9
44
1
64
9
14
9
94
0
10
3
39
9
34
19
91
0
37
9
94
1
69
0
10
9
64
19
81
19
62
9
74
9
94
9
94
9
64
9
64
1
39
5
36
