6
89
5
21
5
99
6
98
3
79
3
53
3
73
6
59
3
83
3
89
7
44
7
29
4
25
3
29
5
29
6
6
3
49
6
77
7
7
5
93
7
99
4
25
7
75
7
27
3
9
6
15
6
93
5
27
6
99
0
80
7
79
4
19
4
13
0
0
6
39
5
47
5
16
7
19
7
74
3
35
3
9
6
19
5
69
5
86
5
27
5
69
3
49
3
29
5
83
3
2
4
3
3
44
5
45
6
58
5
9
4
57
5
26
7
25
5
28
3
79
4
55
6
56
5
46
3
78
7
99
3
39
7
39
6
69
7
69
7
74
4
79
3
7
3
55
4
83
5
17
4
15
5
19
5
24
6
58
7
98
4
57
4
23
4
79
4
18
5
75
4
83
6
4
6
74
6
54
5
3
5
46
6
29
3
29
7
37
7
48
4
26
4
86
4
95
7
44
3
77
5
69
7
39
5
74
7
9
3
9
3
25
6
48
3
9
5
18
7
79
6
19
6
88
3
97
7
55
5
49
3
73
4
19
4
39
4
55
4
99
6
6
3
84
6
89
4
35
4
64
6
49
5
46
4
68
3
45
6
63
4
86
3
46
6
49
5
37
3
64
5
23
3
59
3
19
5
84
3
19
3
66
3
89
3
29
7
19
6
69
6
85
4
89
4
75
5
45
5
59
7
19
7
6
5
33
6
79
3
14
7
39
4
59
5
65
6
89
6
45
7
6
4
34
4
25
6
94
3
4
4
66
3
26
5
49
3
5
3
43
4
46
6
64
6
54
6
28
7
9
6
59
7
89
7
75
4
16
3
59
7
19
7
44
6
9
5
9
3
59
5
57
6
56
3
73
5
29
3
14
6
48
3
65
6
79
3
39
6
13
7
14
4
93
3
19
0
80
6
59
4
95
7
4
4
58
4
84
7
47
7
38
6
29
5
83
5
26
3
29
3
69
6
93
5
89
3
48
6
59
7
89
7
67
4
14
6
59
5
37
7
15
6
47
6
64
7
57
7
5
3
16
7
79
7
68
3
5
6
71
3
54
4
89
6
89
7
49
6
47
6
69
5
19
6
16
3
9
7
95
7
99
5
94
7
59
3
99
4
96
6
19
6
6
5
49
7
79
7
94
4
49
7
59
5
24
7
69
3
67
0
30
7
69
6
65
6
7
3
78
3
95
4
3
7
85
3
49
5
28
3
89
3
99
6
98
6
43
6
66
4
19
3
19
5
4
7
99
5
57
6
44
3
29
7
17
6
65
4
79
5
69
7
69
3
23
6
29
3
63
4
79
7
89
3
87
3
76
5
49
1
28
3
69
4
9
3
18
3
49
0
29
6
67
6
97
7
38
7
26
5
88
4
27
4
5
4
59
7
9
6
34
3
67
7
76
5
36
4
76
5
49
6
29
7
39
4
47
7
95
4
29
5
37
4
93
4
14
0
70
4
99
7
89
5
39
7
9
3
79
3
59
7
79
7
75
0
93
3
58
7
76
7
5
4
25
1
27
7
32
4
58
0
48
4
53
6
73
5
73
3
62
7
95
5
64
4
69
4
79
3
85
6
34
6
7
4
81
5
36
0
30
3
49
2
79
4
89
5
59
5
39
2
27
6
99
5
94
7
89
4
75
4
9
6
68
7
39
4
18
7
39
3
73
7
43
6
44
5
49
5
99
4
54
4
98
4
54
5
66
1
96
6
69
6
38
1
73
4
69
5
77
4
46
7
17
5
17
4
15
3
89
3
39
5
56
7
99
3
99
6
9
7
39
3
24
3
96
1
49
5
95
5
29
3
38
7
29
6
39
4
83
6
94
7
29
5
97
3
56
5
35
7
47
7
19
3
44
6
26
4
69
7
9
6
9
4
38
6
15
5
79
1
81
5
59
6
63
4
19
6
89
4
4
7
87
4
69
6
89
5
94
4
71
5
79
6
49
3
79
3
59
5
93
2
14
1
20
4
78
4
95
5
78
3
38
0
90
6
98
4
56
7
62
3
59
4
65
4
5
4
87
4
58
3
39
7
36
4
77
7
21
3
88
1
74
4
19
6
27
3
69
5
99
5
55
3
36
3
17
6
59
5
23
5
58
5
86
5
13
6
7
3
58
7
65
5
13
4
49
5
44
1
79
3
3
4
48
7
9
5
14
3
49
6
29
3
83
4
67
4
2
7
88
6
19
4
56
4
58
7
17
3
89
6
18
4
39
6
65
5
45
5
98
5
9
3
49
5
44
4
56
5
87
7
49
5
48
5
92
4
76
5
43
5
9
4
5
3
69
0
12
5
95
6
45
6
77
3
73
6
5
5
37
6
18
3
24
4
89
3
99
7
27
5
74
5
19
7
39
4
49
3
14
1
79
0
49
3
66
5
58
5
69
5
74
3
35
7
76
5
99
6
49
7
16
7
85
7
4
3
24
5
69
0
40
0
90
6
28
5
54
4
78
7
15
4
64
7
75
4
96
4
73
6
25
7
49
7
79
6
29
6
89
7
29
7
27
3
43
5
29
4
67
7
7
7
29
6
48
3
28
5
19
3
59
5
59
4
67
3
81
7
89
6
66
4
49
0
50
4
15
7
55
0
40
3
48
6
88
6
72
7
34
5
89
3
49
5
9
0
50
4
86
5
84
5
35
6
9
3
69
4
3
4
38
3
54
7
59
4
27
3
29
7
24
4
59
6
65
7
69
5
19
3
68
7
59
5
39
7
19
5
69
4
85
3
89
3
59
5
56
3
19
3
24
3
19
7
39
1
39
5
53
4
99
5
29
5
98
4
28
6
63
6
9
5
87
3
97
6
41
5
59
6
38
5
73
6
6
4
63
7
54
6
29
7
15
3
89
4
37
3
29
4
88
5
9
0
89
5
98
1
16
7
37
6
33
4
69
7
69
0
24
4
23
5
19
5
96
4
56
6
15
0
80
5
71
5
88
3
96
3
29
7
19
6
87
6
68
3
13
7
59
5
44
3
64
7
94
3
74
4
49
7
9
5
89
1
65
4
9
7
38
6
53
6
35
4
26
1
82
2
73
3
0
3
49
5
9
4
69
7
49
7
58
5
59
7
39
3
78
7
79
5
18
7
39
7
58
4
95
4
88
4
19
4
87
4
18
7
99
3
29
3
13
4
34
6
35
0
90
6
19
0
70
5
37
5
46
5
57
1
16
7
66
4
38
6
99
4
59
0
30
6
66
1
4
4
8
6
24
1
5
7
33
6
38
3
95
3
16
7
96
3
9
5
93
4
49
5
33
4
45
4
76
5
38
5
73
7
96
0
89
3
5
4
89
6
16
4
69
0
0
6
99
3
85
3
44
5
29
7
58
4
38
6
74
7
81
6
39
5
16
7
47
3
73
3
59
4
34
7
24
4
38
4
69
6
59
3
64
6
38
5
49
7
79
5
66
1
39
5
99
3
66
5
51
6
34
7
19
0
10
1
54
5
4
5
78
5
88
5
74
5
29
4
83
4
73
1
84
1
37
0
90
3
29
3
49
4
28
7
65
5
28
5
8
3
36
4
49
0
2
7
29
3
99
7
59
5
43
2
29
7
39
3
69
4
68
5
33
1
30
0
20
6
69
4
34
6
52
7
56
6
25
5
17
3
89
4
39
4
17
3
94
3
76
5
28
7
69
6
84
4
55
0
52
6
66
6
19
6
66
5
69
6
49
3
79
5
67
5
67
7
59
5
79
3
68
4
79
3
50
5
6
4
13
6
64
3
15
6
29
6
15
7
59
5
27
7
59
0
80
6
97
6
99
4
95
4
24
4
9
5
13
3
79
3
43
3
89
6
44
3
48
7
94
5
59
4
25
4
55
3
9
3
7
5
73
3
17
7
68
5
3
5
47
3
6
2
38
7
98
6
26
1
99
6
25
7
97
2
19
6
63
4
15
3
34
3
29
4
25
7
69
4
99
5
86
6
63
5
79
6
45
4
48
3
99
4
1
4
93
1
60
5
94
5
79
4
86
5
93
5
93
6
68
5
79
6
73
4
89
4
59
3
28
7
15
4
83
6
87
5
36
7
4
3
68
5
46
3
43
3
88
4
59
2
64
4
66
4
64
3
77
3
69
3
97
4
73
5
49
4
83
4
79
6
74
6
47
6
75
4
85
5
99
5
29
0
10
4
25
4
16
6
25
1
19
5
79
4
14
5
89
3
4
4
9
3
3
6
85
6
39
4
99
3
15
6
36
6
89
7
29
4
9
3
39
7
55
3
77
7
63
5
24
6
74
6
23
5
36
6
9
7
77
3
27
6
19
3
3
6
27
5
26
5
99
4
24
7
67
4
14
7
59
3
58
1
93
6
99
6
59
5
49
6
17
7
44
3
7
7
35
3
95
0
40
6
75
4
73
3
75
6
29
4
25
6
73
7
19
3
99
6
76
2
76
6
81
5
6
6
29
7
39
1
64
4
8
3
88
0
10
3
39
4
29
3
78
0
37
3
89
1
69
0
10
5
55
7
81
4
48
4
63
7
89
3
87
6
59
3
64
1
33
4
34
