8
90
7
21
7
99
8
99
5
79
5
55
5
75
8
60
5
85
5
89
8
46
9
31
6
27
5
29
7
29
8
6
5
49
8
79
9
9
7
95
9
99
6
27
9
77
9
29
5
9
8
17
8
95
7
29
8
99
0
80
9
81
6
19
6
15
0
0
8
40
7
49
7
18
9
21
8
76
5
37
5
9
8
20
7
69
7
88
7
29
7
69
5
49
5
29
7
85
5
2
6
5
5
44
7
47
8
60
7
9
6
59
7
28
9
27
7
29
5
79
6
57
8
58
7
48
5
79
9
99
5
39
9
41
8
70
9
71
8
76
6
79
5
9
5
57
6
85
7
19
6
17
7
19
7
26
8
60
9
99
6
59
6
25
6
79
6
19
7
77
6
82
8
4
8
76
8
56
7
5
7
48
8
30
5
29
9
39
9
50
6
28
6
88
6
97
8
46
5
79
7
69
9
41
7
76
9
11
5
9
5
27
8
50
5
9
7
19
9
81
8
20
8
90
5
99
9
57
7
49
5
75
6
19
6
39
6
57
6
99
8
8
5
86
8
90
6
37
6
66
8
50
7
48
6
69
5
45
8
65
6
88
5
48
8
50
7
39
5
66
7
25
5
59
5
19
7
86
5
19
5
68
5
89
5
29
9
21
8
70
8
87
6
89
6
77
7
47
7
59
9
21
9
8
7
35
8
80
5
16
9
41
6
59
7
67
8
90
8
47
9
8
6
36
6
27
8
94
5
6
6
68
5
28
7
49
5
7
5
45
6
48
8
66
8
56
8
30
9
11
8
60
9
91
9
77
6
16
5
59
9
21
8
46
8
10
7
9
5
59
7
59
8
58
5
75
7
29
5
16
8
50
5
67
8
80
5
39
8
15
8
16
6
95
5
19
0
80
8
60
6
97
8
6
6
59
6
86
9
49
9
40
8
30
7
85
7
28
5
29
5
69
8
95
7
89
5
49
8
60
9
91
9
69
6
16
8
60
7
39
9
17
8
49
8
66
9
59
9
7
5
18
9
81
9
70
5
7
8
70
5
56
6
89
8
90
9
51
8
49
8
70
7
19
8
18
5
9
9
97
9
99
7
96
9
61
5
99
6
98
8
20
8
8
7
49
9
81
8
96
6
49
9
61
7
26
9
71
5
69
0
30
9
71
8
67
8
9
5
79
5
97
6
5
9
87
5
49
7
29
5
89
5
99
8
98
8
45
8
66
6
19
5
19
7
6
9
99
7
59
8
46
5
29
9
19
8
67
6
79
7
69
9
71
5
25
8
30
5
65
6
79
9
91
5
87
5
78
7
49
1
29
5
69
6
9
5
19
5
49
0
29
8
69
8
99
9
40
9
28
7
89
6
29
6
7
6
59
9
11
8
36
5
69
9
78
7
38
6
78
7
49
8
30
9
41
6
47
9
97
6
29
7
39
6
95
4
16
0
70
6
99
9
91
7
39
9
11
5
79
3
59
9
81
9
77
0
93
5
59
9
78
9
7
6
27
1
27
9
32
6
59
0
48
4
53
8
75
7
75
5
62
9
97
7
66
6
69
6
79
5
87
8
36
8
9
6
81
7
38
0
30
5
49
2
79
6
89
7
59
7
39
2
27
8
99
7
96
9
91
6
77
6
9
8
70
9
41
6
19
9
41
5
75
9
43
8
46
7
49
7
99
6
56
6
99
6
56
7
68
1
98
8
70
8
40
1
75
6
69
7
79
6
48
9
19
7
19
6
17
5
89
5
39
7
58
9
99
5
99
8
10
9
41
5
26
5
96
1
49
7
97
7
29
5
39
9
31
8
40
6
85
8
96
9
31
7
99
5
58
7
37
9
49
9
21
5
46
8
28
6
69
9
11
8
10
6
39
8
17
7
79
1
81
7
59
8
65
6
19
8
90
6
6
9
89
6
69
8
90
7
96
6
71
7
79
8
50
5
79
3
59
7
95
2
16
1
20
6
79
6
95
7
79
5
39
0
90
8
98
6
58
9
62
3
59
6
67
6
7
6
89
6
59
5
39
9
38
6
79
9
19
5
89
1
74
6
19
7
29
3
69
7
99
7
57
5
38
5
19
8
60
7
23
7
59
7
88
7
15
8
9
5
59
9
67
7
15
6
49
7
46
1
79
5
5
6
49
9
11
7
14
5
49
8
30
3
85
6
69
6
2
9
90
8
20
6
58
6
59
9
19
5
89
8
20
6
39
8
67
7
47
7
99
7
9
5
49
7
46
6
58
7
89
9
51
7
49
7
91
6
78
7
45
7
9
6
7
5
69
0
12
7
97
8
45
8
79
5
75
8
5
7
39
8
20
3
24
6
89
5
99
9
29
7
76
7
19
9
41
4
49
5
16
1
79
0
49
5
68
7
59
7
69
7
76
5
37
9
78
7
99
8
50
9
18
9
87
8
6
5
26
7
69
0
40
0
90
8
30
7
56
4
78
8
15
6
64
9
77
6
96
6
75
8
27
9
51
9
81
8
30
8
90
9
31
9
29
5
45
7
29
6
69
9
9
9
31
8
50
5
29
7
19
5
59
7
59
6
69
3
81
9
91
8
68
6
49
0
50
6
17
9
57
0
40
5
49
8
90
8
70
8
36
7
89
5
49
7
9
0
50
6
86
7
86
7
37
8
10
3
69
6
5
6
39
5
56
9
61
6
29
5
29
8
26
6
59
8
67
9
71
7
19
5
69
9
61
7
39
9
21
7
69
6
87
5
89
5
59
7
56
5
19
3
24
5
19
9
41
1
39
7
55
6
99
7
29
7
99
6
29
8
65
8
10
7
89
5
99
8
41
7
59
8
40
7
75
8
8
4
65
8
56
8
30
9
17
5
89
6
39
5
29
6
89
7
9
0
89
7
99
1
16
9
39
8
35
6
69
9
71
0
24
6
25
7
19
7
98
6
58
8
15
0
80
7
71
7
88
5
96
5
29
9
21
8
89
8
68
5
15
9
61
7
46
3
66
8
96
5
76
6
49
9
11
7
89
1
67
4
9
9
40
8
55
8
37
6
28
1
82
2
75
3
0
5
49
7
9
6
69
9
51
9
60
7
59
9
41
5
79
9
81
7
19
9
41
9
60
6
97
6
88
6
19
6
89
6
19
9
99
5
29
5
15
6
36
8
37
0
90
8
20
0
70
7
39
7
48
7
59
1
16
9
68
6
38
8
99
6
59
0
30
8
68
1
6
6
9
8
26
1
5
9
33
8
40
5
97
3
18
9
98
5
9
7
95
6
49
7
35
6
47
6
78
7
38
7
75
9
98
0
89
5
7
6
89
8
18
6
69
0
0
8
99
5
87
5
46
7
29
9
60
6
38
8
76
9
79
8
40
7
18
9
49
3
75
5
59
6
36
8
26
6
39
6
69
8
60
5
66
8
40
7
49
9
81
7
68
1
39
7
99
5
68
7
51
8
36
9
21
0
10
1
56
7
6
7
79
7
89
7
74
7
29
4
85
6
75
1
84
1
39
0
90
5
29
5
49
4
29
9
67
7
29
7
9
5
38
6
49
0
2
9
31
3
99
9
61
7
45
2
29
9
41
3
69
6
69
7
35
1
30
0
20
8
70
6
36
8
52
9
58
8
27
7
19
5
89
6
39
6
19
5
96
5
78
7
29
9
71
8
86
6
57
0
52
8
68
8
20
8
68
7
69
8
50
5
79
7
69
7
67
9
61
7
79
3
69
6
79
3
50
7
8
6
15
8
64
3
15
8
30
8
17
9
61
7
29
9
61
0
80
8
99
8
99
6
97
6
26
4
9
7
13
5
79
5
45
5
89
8
46
5
49
9
92
7
59
6
27
6
57
5
9
5
7
7
75
5
19
9
70
7
5
7
49
5
8
2
39
9
99
8
24
1
99
8
27
9
99
2
19
8
65
6
17
3
34
5
29
4
27
9
71
6
99
7
88
8
65
7
79
8
47
4
49
5
99
6
1
6
95
1
60
7
96
7
79
6
86
7
95
7
93
8
70
7
79
8
75
4
89
4
59
5
29
9
17
6
85
8
89
7
38
8
6
5
69
7
48
3
45
5
88
6
59
2
66
6
68
6
66
5
79
5
69
3
99
6
71
7
49
6
85
6
79
8
74
8
49
8
77
6
87
7
99
7
29
0
10
6
27
6
18
8
27
1
19
7
79
4
14
7
89
5
6
6
9
5
5
8
87
8
40
6
99
5
17
8
38
8
90
9
31
6
9
5
39
9
57
5
79
9
63
7
26
8
76
8
25
7
38
8
10
9
79
5
29
8
20
5
5
8
27
7
28
7
99
4
24
9
67
6
12
9
61
5
58
1
95
8
99
8
60
7
49
8
19
8
46
5
9
9
37
5
97
0
40
8
77
6
75
5
77
8
30
6
27
8
75
9
21
3
99
8
76
2
78
8
81
7
8
8
30
9
41
1
64
6
9
5
89
0
10
3
39
6
29
5
79
0
37
5
89
1
69
0
10
7
57
9
81
6
49
6
65
9
91
5
89
8
60
5
64
1
35
4
36
