9
94
9
16
9
99
9
99
16
88
9
64
14
86
9
64
9
94
9
94
15
57
9
34
9
34
9
34
9
34
9
6
16
58
18
90
9
14
9
99
9
99
9
34
16
88
9
34
9
14
16
28
9
99
9
34
9
99
0
80
19
92
17
29
14
26
0
0
9
44
18
60
17
29
19
32
15
87
9
44
9
14
19
31
9
74
9
94
9
34
9
74
16
58
9
34
9
94
9
2
9
14
9
43
16
58
9
64
9
14
9
64
9
34
9
34
9
34
16
88
9
64
9
64
17
59
16
88
9
99
9
44
9
44
9
74
9
74
15
87
17
89
9
14
9
64
9
94
18
30
16
28
18
30
9
34
9
64
9
99
9
64
9
34
17
89
17
29
16
88
17
81
9
4
15
87
9
64
9
14
17
59
9
34
9
34
9
44
19
61
9
34
9
94
9
99
15
57
16
88
9
74
9
44
15
87
9
14
9
14
9
34
19
61
9
14
18
30
19
92
19
31
9
94
9
99
9
64
18
60
14
86
17
29
9
44
9
64
9
99
9
14
9
94
9
94
9
44
9
74
19
61
17
59
9
74
8
45
9
74
9
94
16
58
19
61
9
44
9
74
9
34
9
64
16
28
9
94
16
28
9
74
9
94
9
34
19
32
9
74
9
94
9
94
16
88
16
58
9
64
19
32
9
14
9
44
19
91
15
27
9
44
9
64
9
74
9
94
16
58
9
14
9
44
9
34
9
93
9
14
9
74
9
34
18
60
9
14
14
56
17
59
9
74
9
64
9
34
9
14
9
64
9
94
16
88
9
16
9
64
19
32
15
57
9
14
9
14
9
64
9
64
9
64
14
86
9
34
15
27
19
61
9
74
19
91
9
44
14
26
15
27
9
99
16
28
0
80
9
64
9
99
9
14
9
64
9
94
18
60
9
44
9
34
9
94
9
34
9
34
9
74
9
99
9
94
16
58
9
64
9
94
9
74
15
27
9
64
9
44
16
28
18
60
9
74
9
64
9
14
16
28
19
92
9
74
9
14
9
66
9
64
9
94
9
94
19
62
18
60
9
74
18
30
17
29
9
14
9
99
9
99
9
99
9
64
9
99
9
99
19
31
9
14
18
60
19
92
9
99
17
59
9
64
9
34
9
74
9
74
0
30
9
74
9
74
9
14
16
88
9
99
9
14
9
94
16
58
9
34
9
94
9
99
9
98
14
56
9
66
17
29
16
28
9
14
9
99
9
64
15
57
9
34
18
30
9
74
17
89
9
74
9
74
9
34
9
34
9
74
17
89
9
94
9
87
16
88
18
60
1
29
9
74
9
14
16
28
16
58
0
29
9
74
9
99
9
44
9
34
9
94
9
34
9
14
9
64
9
14
9
44
9
74
17
89
9
44
17
89
18
60
9
34
9
44
9
47
9
99
9
34
9
44
9
99
4
19
0
70
9
99
9
94
9
44
9
14
16
88
3
59
19
92
16
88
0
93
9
64
17
89
9
14
9
34
1
27
9
32
9
64
0
48
4
53
14
86
14
86
9
62
9
99
9
74
9
74
17
89
9
94
9
44
9
14
17
81
9
44
0
30
16
58
2
79
9
94
9
64
9
44
2
27
9
99
9
99
9
94
16
88
9
14
9
74
9
44
17
29
9
44
14
86
9
43
15
57
18
60
9
99
9
64
9
99
9
64
9
74
1
99
9
74
9
44
1
79
9
74
18
90
17
59
18
30
18
30
16
28
9
94
9
44
9
64
9
99
9
99
9
14
9
44
9
34
9
96
1
49
9
99
9
34
9
44
9
34
9
44
9
94
9
99
9
34
9
99
9
64
9
44
18
60
19
32
15
57
9
34
9
74
9
14
9
14
9
44
16
28
18
90
1
81
9
64
9
74
17
29
9
94
9
14
9
94
9
74
9
94
9
99
9
71
18
90
19
61
16
88
3
59
9
99
2
19
1
20
17
89
8
95
18
90
9
44
0
90
9
98
9
64
9
62
3
59
9
74
9
14
9
94
9
64
9
44
9
44
17
89
9
16
9
94
1
74
17
29
9
34
3
69
9
99
9
64
9
44
16
28
9
64
18
22
9
64
9
94
14
26
9
14
9
64
9
74
14
26
17
59
15
57
1
79
9
14
17
59
9
14
9
13
16
58
9
34
3
89
9
74
9
2
9
94
19
31
9
64
9
64
18
30
9
94
19
31
9
44
9
74
16
58
9
99
9
14
16
58
15
57
9
64
9
94
19
62
18
60
9
86
17
89
14
56
9
14
9
14
9
74
0
12
9
99
8
45
18
90
14
86
8
5
9
44
19
31
3
26
9
94
9
99
9
34
15
87
18
30
9
44
4
49
15
27
1
79
0
49
9
74
9
64
9
74
15
87
9
44
17
89
9
99
19
61
17
29
9
94
9
14
9
34
9
74
0
40
0
90
9
34
9
64
4
78
8
15
9
63
16
88
9
96
14
86
9
34
19
62
19
92
9
34
9
94
9
34
9
34
14
56
9
34
9
74
9
14
9
34
19
61
9
34
18
30
9
64
9
64
9
74
3
81
9
94
9
74
17
59
0
50
16
28
9
64
0
40
16
58
9
94
9
66
9
44
9
94
16
58
9
14
0
50
9
86
9
94
9
44
9
14
3
69
9
14
9
44
9
64
9
64
9
34
9
34
9
34
9
64
9
74
9
74
18
30
9
74
9
64
9
44
19
32
9
74
9
94
9
94
9
64
9
56
16
28
3
24
16
28
9
44
1
39
9
64
9
99
9
34
9
99
9
34
9
74
9
14
9
94
9
99
9
41
9
64
9
44
14
86
9
14
4
69
9
64
9
34
16
28
9
94
9
44
9
34
9
89
9
14
0
89
9
99
1
16
9
44
9
44
9
74
9
74
0
24
9
34
18
30
9
99
9
64
8
15
0
80
9
66
9
88
9
96
9
34
19
32
9
94
9
68
14
26
9
64
15
57
3
69
9
99
15
87
17
59
9
14
9
94
1
69
4
9
9
44
9
64
9
44
9
34
1
82
2
79
3
0
16
58
9
14
9
74
19
62
9
64
9
64
9
44
16
88
19
92
18
30
9
44
9
64
9
99
9
88
17
29
9
94
17
29
9
99
9
34
14
26
9
44
9
44
0
90
19
31
0
70
9
44
17
59
9
64
1
16
9
74
9
38
9
99
9
64
0
30
9
74
1
9
9
14
9
34
1
5
9
33
9
44
9
99
4
19
9
99
9
14
9
99
17
59
9
44
16
58
17
89
9
38
14
86
9
99
0
89
9
14
9
94
17
29
9
74
0
0
9
99
9
94
15
57
9
34
9
64
9
38
15
87
9
76
9
44
17
29
18
60
3
79
9
64
9
44
9
34
9
44
9
74
9
64
9
74
9
44
18
60
19
92
9
74
1
39
9
99
9
74
18
51
9
44
19
32
0
10
1
59
9
14
18
90
9
94
9
73
9
34
4
89
14
86
1
84
1
39
0
90
9
34
16
58
4
29
9
74
9
34
9
14
9
44
17
59
0
2
9
34
3
99
9
64
14
56
2
29
9
44
3
69
9
74
9
44
1
30
0
20
9
74
9
44
19
52
9
64
9
34
18
30
9
94
9
44
17
29
9
99
16
88
9
34
9
74
9
94
9
64
0
52
9
74
19
31
9
74
9
74
19
61
16
88
9
74
9
67
9
64
18
90
3
69
17
89
3
50
9
14
14
26
9
63
3
15
9
34
16
28
9
64
9
34
9
64
0
80
9
99
9
99
9
99
9
34
4
9
9
13
16
88
14
56
9
94
15
57
16
58
9
86
9
64
9
34
9
64
9
14
9
7
14
86
16
28
9
74
9
14
18
60
9
14
2
39
9
99
19
19
1
99
9
34
9
99
2
19
9
74
16
28
3
34
9
34
4
29
9
74
9
99
9
94
9
74
18
90
16
58
4
49
9
99
9
1
9
99
1
60
9
99
18
90
9
86
9
99
9
93
9
74
18
90
14
86
4
89
4
59
9
34
16
28
9
94
9
94
9
44
9
14
9
74
17
59
3
49
9
88
9
64
2
69
9
74
9
74
16
88
9
74
3
99
9
66
18
60
9
94
17
89
9
74
18
60
16
88
9
94
9
99
9
34
0
10
9
34
17
29
9
34
1
19
18
90
4
14
9
94
9
14
9
14
9
14
9
94
9
44
9
99
16
28
9
44
9
94
9
34
9
14
9
44
9
64
16
88
9
63
9
34
15
87
9
34
9
44
9
14
18
90
9
34
19
31
9
14
9
27
9
34
9
99
4
24
9
67
9
6
9
64
9
58
1
99
9
99
9
64
18
60
18
30
15
57
9
14
9
44
9
99
0
40
16
88
14
86
16
88
9
34
9
34
14
86
19
32
3
99
9
76
2
79
19
81
9
14
9
34
9
44
1
64
9
14
9
94
0
10
3
39
9
34
16
88
0
37
9
94
1
69
0
10
9
64
19
81
17
59
9
74
9
94
9
94
9
64
9
64
1
39
5
36
