9
94
9
16
9
99
9
99
15
87
9
64
13
85
9
64
9
94
9
94
14
56
9
34
9
34
9
34
9
34
9
6
15
57
17
89
9
14
9
99
9
99
9
34
15
87
9
34
9
14
15
27
9
99
9
34
9
99
0
80
19
91
16
28
13
25
0
0
9
44
17
59
16
28
19
31
14
86
9
44
9
14
18
30
9
74
9
94
9
34
9
74
15
57
9
34
9
94
9
2
9
14
9
43
15
57
9
64
9
14
9
64
9
34
9
34
9
34
15
87
9
64
9
64
16
58
15
87
9
99
9
44
9
44
9
74
9
74
14
86
16
88
9
14
9
64
9
94
17
29
15
27
17
29
9
34
9
64
9
99
9
64
9
34
16
88
16
28
15
87
16
81
9
4
14
86
9
64
9
14
16
58
9
34
9
34
9
44
18
60
9
34
9
94
9
99
14
56
15
87
9
74
9
44
14
86
9
14
9
14
9
34
18
60
9
14
17
29
19
91
18
30
9
94
9
99
9
64
17
59
13
85
16
28
9
44
9
64
9
99
9
14
9
94
9
94
9
44
9
74
18
60
16
58
9
74
8
45
9
74
9
94
15
57
18
60
9
44
9
74
9
34
9
64
15
27
9
94
15
27
9
74
9
94
9
34
19
31
9
74
9
94
9
94
15
87
15
57
9
64
19
31
9
14
9
44
18
90
14
26
9
44
9
64
9
74
9
94
15
57
9
14
9
44
9
34
9
93
9
14
9
74
9
34
17
59
9
14
13
55
16
58
9
74
9
64
9
34
9
14
9
64
9
94
15
87
9
16
9
64
19
31
14
56
9
14
9
14
9
64
9
64
9
64
13
85
9
34
14
26
18
60
9
74
18
90
9
44
13
25
14
26
9
99
15
27
0
80
9
64
9
99
9
14
9
64
9
94
17
59
9
44
9
34
9
94
9
34
9
34
9
74
9
99
9
94
15
57
9
64
9
94
9
74
14
26
9
64
9
44
15
27
17
59
9
74
9
64
9
14
15
27
19
91
9
74
9
14
9
66
9
64
9
94
9
94
19
61
17
59
9
74
17
29
16
28
9
14
9
99
9
99
9
99
9
64
9
99
9
99
18
30
9
14
17
59
19
91
9
99
16
58
9
64
9
34
9
74
9
74
0
30
9
74
9
74
9
14
15
87
9
99
9
14
9
94
15
57
9
34
9
94
9
99
9
98
13
55
9
66
16
28
15
27
9
14
9
99
9
64
14
56
9
34
17
29
9
74
16
88
9
74
9
74
9
34
9
34
9
74
16
88
9
94
9
87
15
87
17
59
1
29
9
74
9
14
15
27
15
57
0
29
9
74
9
99
9
44
9
34
9
94
9
34
9
14
9
64
9
14
9
44
9
74
16
88
9
44
16
88
17
59
9
34
9
44
9
47
9
99
9
34
9
44
9
99
4
19
0
70
9
99
9
94
9
44
9
14
15
87
3
59
19
91
15
87
0
93
9
64
16
88
9
14
9
34
1
27
9
32
9
64
0
48
4
53
13
85
13
85
9
62
9
99
9
74
9
74
16
88
9
94
9
44
9
14
16
81
9
44
0
30
15
57
2
79
9
94
9
64
9
44
2
27
9
99
9
99
9
94
15
87
9
14
9
74
9
44
16
28
9
44
13
85
9
43
14
56
17
59
9
99
9
64
9
99
9
64
9
74
1
99
9
74
9
44
1
79
9
74
17
89
16
58
17
29
17
29
15
27
9
94
9
44
9
64
9
99
9
99
9
14
9
44
9
34
9
96
1
49
9
99
9
34
9
44
9
34
9
44
9
94
9
99
9
34
9
99
9
64
9
44
17
59
19
31
14
56
9
34
9
74
9
14
9
14
9
44
15
27
17
89
1
81
9
64
9
74
16
28
9
94
9
14
9
94
9
74
9
94
9
99
9
71
17
89
18
60
15
87
3
59
9
99
2
19
1
20
16
88
8
95
17
89
9
44
0
90
9
98
9
64
9
62
3
59
9
74
9
14
9
94
9
64
9
44
9
44
16
88
9
16
9
94
1
74
16
28
9
34
3
69
9
99
9
64
9
44
15
27
9
64
17
22
9
64
9
94
13
25
9
14
9
64
9
74
13
25
16
58
14
56
1
79
9
14
16
58
9
14
9
13
15
57
9
34
3
89
9
74
9
2
9
94
18
30
9
64
9
64
17
29
9
94
18
30
9
44
9
74
15
57
9
99
9
14
15
57
14
56
9
64
9
94
19
61
17
59
9
86
16
88
13
55
9
14
9
14
9
74
0
12
9
99
8
45
17
89
13
85
8
5
9
44
18
30
3
26
9
94
9
99
9
34
14
86
17
29
9
44
4
49
14
26
1
79
0
49
9
74
9
64
9
74
14
86
9
44
16
88
9
99
18
60
16
28
9
94
9
14
9
34
9
74
0
40
0
90
9
34
9
64
4
78
8
15
9
63
15
87
9
96
13
85
9
34
19
61
19
91
9
34
9
94
9
34
9
34
13
55
9
34
9
74
9
14
9
34
18
60
9
34
17
29
9
64
9
64
9
74
3
81
9
94
9
74
16
58
0
50
15
27
9
64
0
40
15
57
9
94
9
66
9
44
9
94
15
57
9
14
0
50
9
86
9
94
9
44
9
14
3
69
9
14
9
44
9
64
9
64
9
34
9
34
9
34
9
64
9
74
9
74
17
29
9
74
9
64
9
44
19
31
9
74
9
94
9
94
9
64
9
56
15
27
3
24
15
27
9
44
1
39
9
64
9
99
9
34
9
99
9
34
9
74
9
14
9
94
9
99
9
41
9
64
9
44
13
85
9
14
4
69
9
64
9
34
15
27
9
94
9
44
9
34
9
89
9
14
0
89
9
99
1
16
9
44
9
44
9
74
9
74
0
24
9
34
17
29
9
99
9
64
8
15
0
80
9
66
9
88
9
96
9
34
19
31
9
94
9
68
13
25
9
64
14
56
3
69
9
99
14
86
16
58
9
14
9
94
1
69
4
9
9
44
9
64
9
44
9
34
1
82
2
79
3
0
15
57
9
14
9
74
19
61
9
64
9
64
9
44
15
87
19
91
17
29
9
44
9
64
9
99
9
88
16
28
9
94
16
28
9
99
9
34
13
25
9
44
9
44
0
90
18
30
0
70
9
44
16
58
9
64
1
16
9
74
9
38
9
99
9
64
0
30
9
74
1
9
9
14
9
34
1
5
9
33
9
44
9
99
4
19
9
99
9
14
9
99
16
58
9
44
15
57
16
88
9
38
13
85
9
99
0
89
9
14
9
94
16
28
9
74
0
0
9
99
9
94
14
56
9
34
9
64
9
38
14
86
9
76
9
44
16
28
17
59
3
79
9
64
9
44
9
34
9
44
9
74
9
64
9
74
9
44
17
59
19
91
9
74
1
39
9
99
9
74
17
51
9
44
19
31
0
10
1
59
9
14
17
89
9
94
9
73
9
34
4
89
13
85
1
84
1
39
0
90
9
34
15
57
4
29
9
74
9
34
9
14
9
44
16
58
0
2
9
34
3
99
9
64
13
55
2
29
9
44
3
69
9
74
9
44
1
30
0
20
9
74
9
44
18
52
9
64
9
34
17
29
9
94
9
44
16
28
9
99
15
87
9
34
9
74
9
94
9
64
0
52
9
74
18
30
9
74
9
74
18
60
15
87
9
74
9
67
9
64
17
89
3
69
16
88
3
50
9
14
13
25
9
63
3
15
9
34
15
27
9
64
9
34
9
64
0
80
9
99
9
99
9
99
9
34
4
9
9
13
15
87
13
55
9
94
14
56
15
57
9
86
9
64
9
34
9
64
9
14
9
7
13
85
15
27
9
74
9
14
17
59
9
14
2
39
9
99
18
20
1
99
9
34
9
99
2
19
9
74
15
27
3
34
9
34
4
29
9
74
9
99
9
94
9
74
17
89
15
57
4
49
9
99
9
1
9
99
1
60
9
99
17
89
9
86
9
99
9
93
9
74
17
89
13
85
4
89
4
59
9
34
15
27
9
94
9
94
9
44
9
14
9
74
16
58
3
49
9
88
9
64
2
69
9
74
9
74
15
87
9
74
3
99
9
66
17
59
9
94
16
88
9
74
17
59
15
87
9
94
9
99
9
34
0
10
9
34
16
28
9
34
1
19
17
89
4
14
9
94
9
14
9
14
9
14
9
94
9
44
9
99
15
27
9
44
9
94
9
34
9
14
9
44
9
64
15
87
9
63
9
34
14
86
9
34
9
44
9
14
17
89
9
34
18
30
9
14
9
27
9
34
9
99
4
24
9
67
9
6
9
64
9
58
1
99
9
99
9
64
17
59
17
29
14
56
9
14
9
44
9
99
0
40
15
87
13
85
15
87
9
34
9
34
13
85
19
31
3
99
9
76
2
79
18
81
9
14
9
34
9
44
1
64
9
14
9
94
0
10
3
39
9
34
15
87
0
37
9
94
1
69
0
10
9
64
19
81
16
58
9
74
9
94
9
94
9
64
9
64
1
39
5
36
