5
89
4
21
4
98
5
97
2
79
2
52
2
72
5
58
2
82
2
89
6
43
6
29
3
24
2
29
4
29
5
6
2
49
5
76
6
6
4
92
6
99
3
24
6
74
6
26
2
9
5
14
5
92
4
26
5
98
0
80
6
79
3
19
3
12
0
0
5
39
4
46
4
15
6
18
6
73
2
34
2
9
5
19
4
69
4
85
4
26
4
69
2
49
2
29
4
82
2
2
3
2
2
44
4
44
5
57
4
8
3
56
4
25
6
24
4
27
2
79
3
54
5
55
4
45
2
77
6
98
2
39
6
38
5
68
6
68
6
73
3
79
2
6
2
54
3
82
4
16
3
14
4
18
4
23
5
57
6
97
3
56
3
22
3
78
3
17
4
74
3
83
5
4
5
73
5
53
4
2
4
45
5
29
2
29
6
36
6
47
3
25
3
85
3
94
6
43
2
76
4
68
6
39
4
73
6
9
2
9
2
24
5
47
2
9
4
17
6
79
5
19
5
87
2
96
6
54
4
49
2
72
3
19
3
39
3
54
3
99
5
5
2
83
5
88
3
34
3
63
5
48
4
45
3
67
2
45
5
62
3
85
2
45
5
49
4
36
2
63
4
22
2
59
2
18
4
83
2
18
2
65
2
88
2
29
6
19
5
68
5
84
3
89
3
74
4
44
4
59
6
19
6
5
4
32
5
78
2
13
6
39
3
58
4
64
5
89
5
44
6
5
3
33
3
24
5
94
2
3
3
65
2
25
4
49
2
4
2
42
3
45
5
63
5
53
5
27
6
8
5
59
6
89
6
74
3
16
2
59
6
19
6
43
5
9
4
9
2
59
4
56
5
55
2
72
4
29
2
13
5
47
2
64
5
79
2
38
5
12
6
13
3
92
2
19
0
80
5
59
3
94
6
3
3
57
3
83
6
46
6
37
5
28
4
82
4
25
2
28
2
68
5
92
4
88
2
47
5
58
6
89
6
66
3
13
5
59
4
36
6
14
5
46
5
63
6
56
6
4
2
15
6
79
6
67
2
4
5
71
2
53
3
89
5
89
6
49
5
46
5
69
4
19
5
15
2
9
6
94
6
99
4
93
6
59
2
99
3
95
5
19
5
5
4
49
6
79
6
93
3
48
6
59
4
23
6
69
2
66
0
30
6
69
5
64
5
6
2
77
2
94
3
2
6
84
2
49
4
27
2
89
2
99
5
98
5
42
5
66
3
18
2
18
4
3
6
99
4
56
5
43
2
29
6
16
5
64
3
78
4
69
6
68
2
22
5
29
2
62
3
79
6
89
2
87
2
75
4
49
1
27
2
69
3
9
2
17
2
49
0
29
5
66
5
96
6
37
6
25
4
87
3
26
3
4
3
59
6
8
5
33
2
66
6
75
4
35
3
75
4
49
5
29
6
38
3
47
6
94
3
29
4
36
3
92
4
13
0
70
3
99
6
89
4
39
6
9
2
79
3
59
6
79
6
74
0
93
2
57
6
75
6
4
3
24
1
27
6
32
3
57
0
48
4
53
5
72
4
72
2
62
6
94
4
63
3
69
3
79
2
84
5
33
5
6
3
81
4
35
0
30
2
49
2
79
3
88
4
58
4
39
2
27
5
98
4
93
6
89
3
74
3
9
5
67
6
39
3
17
6
38
2
72
6
43
5
43
4
49
4
99
3
53
3
97
3
53
4
65
1
95
5
69
5
37
1
72
3
69
4
76
3
45
6
16
4
16
3
14
2
88
2
39
4
55
6
99
2
99
5
9
6
39
2
23
2
96
1
49
4
94
4
29
2
37
6
29
5
39
3
82
5
93
6
29
4
96
2
55
4
34
6
46
6
18
2
43
5
25
3
69
6
9
5
8
3
37
5
14
4
79
1
81
4
59
5
62
3
19
5
89
3
3
6
86
3
69
5
88
4
93
3
71
4
79
5
48
2
78
3
59
4
92
2
13
1
20
3
77
3
95
4
77
2
37
0
90
5
98
3
55
6
62
3
58
3
64
3
4
3
86
3
57
2
38
6
35
3
76
6
21
2
87
1
74
3
19
5
26
3
69
4
98
4
54
2
35
2
16
5
58
4
23
4
57
4
85
4
12
5
6
2
57
6
64
4
12
3
48
4
43
1
78
2
2
3
47
6
9
4
14
2
49
5
29
3
82
3
66
3
2
6
87
5
19
3
55
3
57
6
16
2
88
5
17
3
38
5
64
4
44
4
97
4
9
2
49
4
43
3
55
4
86
6
49
4
47
4
93
3
75
4
42
4
8
3
4
2
69
0
12
4
94
5
45
5
76
2
72
5
5
4
36
5
17
3
23
3
89
2
99
6
26
4
73
4
19
6
39
4
49
2
13
1
78
0
49
2
65
4
57
4
69
4
73
2
34
6
75
4
99
5
49
6
15
6
84
6
3
2
23
4
69
0
40
0
90
5
27
4
53
4
78
6
15
3
64
6
74
3
96
3
72
5
24
6
49
6
79
5
29
5
88
6
29
6
26
2
42
4
29
3
66
6
6
6
29
5
47
2
27
4
19
2
59
4
59
3
66
3
81
6
88
5
65
3
49
0
50
3
14
6
54
0
40
2
47
5
87
5
73
6
33
4
89
2
49
4
9
0
50
3
86
4
83
4
34
5
9
3
68
3
2
3
37
2
53
6
59
3
26
2
28
6
23
3
59
5
64
6
69
4
19
2
67
6
59
4
39
6
19
4
69
3
84
2
89
2
58
4
56
2
19
3
24
2
18
6
39
1
38
4
52
3
99
4
29
4
97
3
27
5
62
5
9
4
86
2
96
5
41
4
59
5
37
4
72
5
5
4
62
6
53
5
29
6
14
2
89
3
36
2
29
3
88
4
9
0
89
4
97
1
16
6
36
5
32
3
69
6
69
0
24
3
22
4
19
4
95
3
55
5
15
0
80
4
72
4
88
2
96
2
29
6
19
5
86
5
68
2
12
6
58
4
43
3
63
6
93
2
73
3
49
6
9
4
88
1
64
4
9
6
37
5
52
5
34
3
25
1
82
2
72
3
0
2
48
4
9
3
68
6
49
6
57
4
58
6
39
2
77
6
79
4
17
6
39
6
57
3
94
3
88
3
19
3
86
3
17
6
99
2
29
2
12
3
33
5
34
0
90
5
19
0
70
4
36
4
45
4
56
1
16
6
65
3
38
5
98
3
58
0
30
5
65
1
3
3
7
5
23
1
5
6
33
5
37
2
94
2
15
6
95
2
8
4
92
3
49
4
32
3
44
3
75
4
38
4
72
6
95
0
88
2
4
3
89
5
15
3
68
0
0
5
98
2
84
2
43
4
29
6
57
3
38
5
73
6
81
5
39
4
15
6
46
3
72
2
59
3
33
6
23
3
37
3
68
5
58
2
63
5
37
4
49
6
78
4
65
2
39
4
98
2
65
4
51
5
33
6
19
0
10
1
53
4
3
4
77
4
87
4
74
4
29
4
82
3
72
1
84
1
36
0
90
2
28
2
49
4
27
6
64
4
27
4
7
2
35
3
48
0
2
6
29
3
99
6
59
4
42
2
29
6
39
3
69
3
67
4
32
1
30
0
20
5
68
3
33
5
52
6
55
5
24
4
16
2
89
3
39
3
16
2
93
2
75
4
27
6
69
5
83
3
54
0
52
5
65
5
19
5
65
4
69
5
48
2
78
4
66
4
67
6
59
4
79
3
67
3
79
3
50
4
5
3
12
5
64
3
15
5
29
5
14
6
59
4
26
6
58
0
80
5
96
5
99
3
94
3
23
4
9
4
13
2
79
2
42
2
89
5
43
2
47
6
95
4
59
3
24
3
54
2
9
2
7
4
72
2
16
6
67
4
2
4
46
2
5
2
37
6
97
5
27
1
98
5
24
6
96
2
19
5
62
3
14
3
34
2
28
4
24
6
69
3
99
4
85
5
62
4
79
5
44
4
47
2
99
3
1
3
92
1
60
4
93
4
79
3
86
4
92
4
93
5
67
4
78
5
72
4
89
4
59
2
27
6
14
3
82
5
86
4
35
6
3
2
67
4
45
3
42
2
88
3
59
2
63
3
65
3
63
2
76
2
69
3
96
3
74
4
48
3
82
3
79
5
74
5
46
5
74
3
84
4
99
4
28
0
10
3
24
3
15
5
24
1
19
4
79
4
14
4
89
2
3
3
9
2
2
5
84
5
39
3
98
2
14
5
35
5
89
6
29
3
9
2
39
6
54
2
76
6
63
4
23
5
73
5
22
4
35
5
8
6
76
2
26
5
19
2
2
5
27
4
25
4
99
4
24
6
67
3
15
6
59
2
58
1
92
5
99
5
59
4
49
5
16
6
43
2
6
6
34
2
94
0
40
5
74
3
72
2
74
5
28
3
24
5
72
6
19
3
99
5
76
2
75
5
81
4
5
5
28
6
39
1
64
3
7
2
87
0
10
3
38
3
29
2
77
0
37
2
89
1
68
0
10
4
54
6
81
3
47
3
62
6
88
2
86
5
59
2
64
1
32
4
33
