9
93
9
18
9
99
9
99
8
80
8
58
8
78
9
63
8
88
8
90
9
49
9
34
9
30
8
30
9
32
9
6
8
50
10
82
9
12
9
98
9
99
9
30
9
80
9
32
8
10
9
20
9
98
9
32
9
99
0
80
12
84
9
21
9
18
0
0
9
43
10
52
9
21
12
24
9
79
8
40
8
10
11
23
9
72
9
91
9
32
9
72
8
50
8
30
9
88
8
2
9
8
8
44
9
50
9
63
9
12
9
61
9
31
9
30
9
32
8
80
9
60
9
61
9
51
8
80
9
99
8
40
9
44
9
73
9
74
9
79
9
81
8
10
8
60
9
88
10
22
9
20
10
22
9
29
9
63
9
99
9
61
9
28
9
81
9
21
9
80
9
81
9
4
9
79
9
59
9
8
9
51
9
33
8
30
9
42
11
53
9
31
9
91
9
99
9
49
8
80
9
72
9
44
9
79
9
14
8
10
8
30
11
53
8
10
10
22
12
84
11
23
9
93
8
99
9
60
10
52
8
78
9
21
9
41
9
60
9
99
9
11
8
89
9
93
9
40
9
69
11
53
9
51
9
71
8
45
9
68
9
91
8
50
11
53
9
42
8
69
9
28
8
60
8
20
9
89
8
20
8
70
8
90
8
30
12
24
9
73
9
90
9
91
9
80
9
50
9
62
12
24
9
11
9
38
11
83
8
19
9
44
9
61
9
70
9
93
9
50
9
11
9
39
9
30
9
93
8
9
9
71
8
30
10
52
8
10
8
48
9
51
9
69
9
59
9
33
9
14
9
63
9
94
9
80
9
16
8
60
12
24
9
49
9
13
9
12
8
60
9
62
9
61
8
78
9
32
8
19
11
53
8
70
11
83
8
40
9
18
9
19
9
98
8
20
0
80
9
63
9
99
9
9
9
61
9
89
10
52
9
43
9
33
9
88
9
31
8
30
8
70
9
98
9
92
8
50
9
63
9
94
9
72
9
19
9
63
9
42
9
20
10
52
9
69
9
62
9
10
8
20
12
84
9
73
8
10
9
67
8
59
9
91
9
93
12
54
10
52
9
73
10
22
9
21
8
10
9
99
9
99
9
99
9
64
8
99
9
99
11
23
9
11
10
52
12
84
9
99
9
51
9
64
9
29
9
74
8
70
0
30
9
74
9
70
9
12
8
80
8
99
9
8
9
90
8
50
9
32
8
90
8
99
9
98
9
48
9
66
9
21
8
20
9
9
9
99
9
62
9
49
8
30
10
22
9
70
9
81
9
72
9
74
8
28
9
33
8
68
9
81
9
94
8
87
8
80
10
52
1
29
8
70
9
11
8
20
8
50
0
29
9
72
9
99
9
43
9
31
9
92
9
31
9
10
9
61
9
14
9
39
8
70
9
81
9
41
9
81
10
52
9
33
9
44
9
47
9
99
9
31
9
42
9
98
4
19
0
70
9
99
9
94
9
42
9
14
8
80
3
59
12
84
9
80
0
93
8
60
9
81
9
10
9
30
1
27
9
32
9
61
0
48
4
53
9
78
9
78
8
62
9
99
9
69
9
71
9
81
8
90
9
39
9
12
9
81
9
41
0
30
8
50
2
79
9
91
9
62
9
42
2
27
9
99
9
99
9
94
9
80
9
11
9
73
9
44
9
21
9
44
8
78
9
43
9
49
10
52
9
99
9
59
9
99
9
59
9
71
1
99
9
73
9
43
1
78
9
71
10
82
9
51
10
22
10
22
9
20
8
90
8
40
9
61
9
99
8
99
9
13
9
44
8
29
8
96
1
49
9
99
9
32
8
40
9
34
9
43
9
88
9
99
9
34
9
99
8
60
9
40
10
52
12
24
8
49
9
31
9
71
9
14
9
13
9
41
9
20
10
82
1
81
9
62
9
68
9
21
9
93
9
9
9
92
9
71
9
93
9
99
9
71
10
82
11
53
8
80
3
59
9
98
2
19
1
20
9
81
8
95
10
82
8
40
0
90
9
98
9
61
9
62
3
59
9
70
9
10
9
91
9
61
8
40
9
41
9
81
9
16
8
90
1
74
9
21
9
32
3
69
9
99
9
60
8
40
8
20
9
63
10
22
9
62
9
91
9
18
9
12
8
60
9
70
9
18
9
51
9
49
1
79
8
8
9
51
9
14
9
13
8
50
9
33
3
88
9
71
9
2
9
93
11
23
9
61
9
61
10
22
8
90
11
23
9
41
9
70
9
50
9
99
9
12
8
50
9
49
9
61
9
92
12
54
10
52
9
88
9
81
9
48
9
12
9
10
8
70
0
12
9
99
8
45
10
82
8
78
8
5
9
42
11
23
3
24
9
91
8
99
9
32
9
79
10
22
9
44
4
49
8
19
1
79
0
49
8
70
9
62
9
72
9
79
8
40
9
81
9
99
11
53
9
21
9
90
9
9
8
29
9
72
0
40
0
90
9
33
9
59
4
78
8
15
9
63
9
80
9
96
9
78
9
30
12
54
12
84
9
33
9
93
9
34
9
32
8
48
9
32
9
71
9
12
9
34
11
53
8
30
10
22
8
60
9
62
9
71
3
81
9
94
9
71
9
51
0
50
9
20
9
60
0
40
8
50
9
93
9
67
9
39
9
92
8
50
9
12
0
50
9
86
9
89
9
40
9
13
3
69
9
8
9
41
8
59
9
64
9
31
8
30
9
29
9
61
9
70
9
74
10
22
8
70
9
64
9
42
12
24
9
72
9
90
8
90
8
60
9
56
8
20
3
24
8
20
9
44
1
39
9
58
9
99
9
32
9
99
9
31
9
68
9
13
9
92
8
99
9
41
9
62
9
43
9
78
9
11
4
68
9
59
9
33
9
20
8
90
9
41
8
30
9
89
9
12
0
89
9
99
1
16
9
42
9
38
9
71
9
74
0
24
9
28
10
22
9
99
9
61
8
15
0
80
9
68
9
88
8
96
8
30
12
24
9
92
9
68
8
18
9
64
9
49
3
69
9
99
8
79
9
51
9
14
9
92
1
69
4
9
9
43
9
58
9
40
9
31
1
82
2
78
3
0
8
50
9
12
9
71
12
54
9
63
9
62
9
44
8
80
12
84
10
22
9
44
9
63
9
99
9
88
9
21
9
91
9
21
9
99
8
30
8
18
9
39
9
40
0
90
11
23
0
70
9
42
9
51
9
62
1
16
9
71
9
38
9
99
9
61
0
30
9
71
1
9
9
11
9
29
1
5
9
33
9
43
8
99
4
19
9
99
8
10
9
98
9
51
9
38
9
50
9
81
9
38
9
78
9
99
0
89
8
10
9
91
9
21
9
71
0
0
9
99
8
90
8
49
9
32
9
63
9
38
9
79
9
76
9
43
9
21
10
52
3
78
8
60
9
39
9
29
9
41
9
71
9
63
8
69
9
43
10
52
12
84
9
71
1
39
9
99
8
70
10
51
9
39
12
24
0
10
1
59
9
9
10
82
9
92
9
73
9
32
4
88
9
78
1
84
1
39
0
90
8
30
8
50
4
29
9
70
9
32
9
12
8
40
9
51
0
2
9
34
3
99
9
64
9
48
2
29
9
44
3
69
9
71
9
38
1
30
0
20
9
73
9
39
11
52
9
61
9
30
10
22
8
90
9
41
9
21
8
99
8
80
9
32
9
74
9
89
9
60
0
52
9
71
11
23
9
71
9
72
11
53
8
80
9
72
9
67
9
64
10
82
3
69
9
81
3
50
9
11
9
18
9
63
3
15
9
33
9
20
9
64
9
32
9
64
0
80
9
99
9
99
9
99
9
29
4
9
9
13
8
80
8
48
8
90
9
49
8
50
9
89
9
62
9
30
9
60
8
10
8
7
9
78
8
20
9
73
9
8
10
52
8
10
2
39
9
99
11
21
1
99
9
30
9
99
2
19
9
68
9
20
3
34
8
30
4
29
9
74
9
99
9
91
9
68
10
82
9
50
4
49
8
99
9
1
9
98
1
60
9
99
10
82
9
86
9
98
9
93
9
73
10
82
9
78
4
89
4
59
8
30
9
20
9
88
9
92
9
41
9
9
8
70
9
51
3
48
8
88
9
61
2
69
9
71
9
69
8
80
8
70
3
99
9
69
10
52
9
88
9
81
9
74
10
52
9
80
9
90
9
99
9
32
0
10
9
30
9
21
9
30
1
19
10
82
4
14
9
92
8
9
9
11
8
8
9
90
9
43
9
99
8
20
9
41
9
93
9
34
9
11
8
40
9
60
8
80
9
63
9
29
9
79
9
28
9
41
9
13
10
82
8
30
11
23
8
8
9
27
9
31
9
99
4
24
9
67
9
9
9
64
8
58
1
98
9
99
9
63
10
52
10
22
9
49
8
10
9
40
8
99
0
40
9
80
9
78
8
80
9
33
9
30
9
78
12
24
3
99
9
76
2
79
11
81
9
11
9
33
9
44
1
64
9
11
8
90
0
10
3
39
9
31
8
80
0
37
8
90
1
69
0
10
9
60
12
81
9
51
9
68
9
94
8
90
9
63
8
64
1
38
4
36
