9
14
9
74
9
74
16
58
15
57
9
64
9
74
9
99
0
90
9
14
9
14
9
99
9
94
14
56
14
56
9
94
9
14
9
34
9
94
9
34
9
99
17
59
9
99
14
56
9
34
14
26
9
64
9
13
9
99
9
99
9
34
9
44
9
99
9
14
9
99
9
94
17
29
9
99
9
14
9
34
9
74
9
99
9
64
14
86
9
34
9
44
9
64
9
34
9
14
14
86
16
28
9
34
17
59
9
94
9
64
9
74
9
34
14
86
9
99
15
57
16
28
16
28
9
34
9
94
0
70
9
44
9
99
17
29
9
44
9
94
14
26
14
86
9
74
9
99
16
58
9
99
9
14
15
27
9
94
9
63
17
59
9
99
16
88
9
34
9
94
9
99
9
99
12
84
14
26
9
14
13
25
16
88
14
56
15
87
14
26
9
64
13
55
9
44
9
34
9
34
16
58
9
74
9
94
9
94
16
58
9
94
14
86
15
27
9
94
9
99
9
34
16
58
9
64
14
86
9
66
9
94
17
29
9
74
9
44
18
90
9
99
9
44
9
34
9
44
9
94
15
87
9
44
9
14
9
64
14
26
9
94
14
86
9
44
17
29
14
26
15
87
17
89
9
14
9
99
9
34
9
64
15
57
14
86
9
64
9
44
15
57
9
74
9
94
9
34
16
58
9
34
9
74
9
64
15
87
13
25
15
87
15
27
9
44
13
85
14
86
9
74
9
14
9
44
9
34
9
44
9
74
9
44
14
26
9
44
15
57
9
14
17
89
9
44
0
10
9
44
9
44
16
28
9
94
9
14
14
56
9
64
0
70
9
74
17
29
9
44
9
74
9
64
9
74
9
34
9
14
9
44
13
25
9
64
9
94
9
34
9
74
14
86
9
99
15
87
9
74
9
99
17
29
9
14
9
34
9
44
9
94
9
74
16
88
9
34
12
54
9
99
14
56
9
74
14
86
9
94
9
94
9
99
13
85
9
44
9
64
13
55
9
64
9
44
9
64
17
89
9
34
17
59
9
44
9
99
9
94
16
88
9
34
13
85
9
99
9
74
9
44
9
99
0
10
9
34
9
44
9
14
16
28
9
44
9
99
15
57
16
28
15
57
9
44
9
64
9
94
9
34
15
87
9
74
9
34
9
74
9
99
9
99
9
94
9
94
9
64
9
94
9
34
9
14
9
34
17
29
9
74
9
64
9
34
9
44
16
58
14
56
16
58
9
99
16
88
17
59
16
88
9
74
9
74
16
28
9
94
9
94
9
64
9
14
9
14
9
34
9
14
9
64
9
74
9
99
9
74
9
34
9
44
15
87
9
99
15
87
13
85
9
34
9
64
9
99
16
58
16
88
9
34
9
34
14
86
14
86
9
34
15
27
13
85
9
44
9
74
9
64
9
44
9
94
15
57
9
99
9
64
9
74
16
58
12
24
9
44
16
58
9
34
9
99
9
74
9
64
16
58
9
44
9
34
9
34
9
74
9
99
14
86
9
99
9
99
2
79
9
74
9
34
18
90
17
29
9
44
14
86
9
34
18
30
16
58
9
44
15
87
9
44
9
44
14
56
9
99
9
64
18
30
9
34
17
29
9
14
9
99
14
86
9
99
14
26
9
74
9
99
9
94
9
94
9
14
9
64
9
64
14
56
9
44
14
26
9
99
9
34
9
18
9
94
9
94
9
99
17
89
0
80
9
14
9
99
14
56
9
44
9
34
9
99
9
44
14
26
9
99
9
34
17
29
8
85
9
14
9
74
9
94
9
74
18
30
13
25
2
69
17
89
9
99
17
59
14
56
9
34
9
78
9
34
9
99
12
84
9
44
9
74
9
34
9
94
14
86
9
44
14
26
9
34
0
80
9
74
9
66
18
90
15
87
9
64
9
44
9
94
16
28
9
64
9
64
9
47
9
64
13
85
17
29
9
14
9
94
14
86
9
94
9
34
9
64
9
74
14
56
13
25
9
99
9
14
9
64
9
94
9
74
1
49
9
44
9
64
9
14
1
29
9
74
15
87
9
64
9
99
9
94
17
29
9
64
9
74
13
25
9
64
9
44
16
28
9
44
9
48
9
64
9
99
9
34
14
26
9
94
16
88
9
94
18
60
9
14
17
59
9
64
15
87
16
88
9
74
9
44
9
74
9
44
9
34
9
94
9
74
9
99
9
99
4
60
9
14
2
59
9
99
9
34
9
14
13
25
9
99
15
57
9
64
9
99
13
85
15
87
9
99
14
86
9
99
0
30
9
74
9
99
9
74
9
74
9
64
9
74
13
25
9
44
9
44
9
99
9
94
15
27
9
44
18
60
14
86
12
54
9
74
9
64
9
64
9
99
9
64
9
34
17
89
9
44
9
44
9
64
9
74
17
29
13
25
9
44
9
14
9
94
13
55
9
44
17
89
16
58
15
27
9
14
9
74
9
99
13
55
9
74
13
85
9
94
9
64
9
14
9
64
18
60
17
59
9
94
16
28
15
27
9
94
9
14
9
64
9
14
9
44
15
87
9
63
9
44
9
99
9
44
9
44
9
99
9
99
17
59
17
29
14
86
9
94
15
87
9
74
9
64
16
88
9
99
9
34
9
99
9
94
15
87
9
64
12
54
14
86
9
94
15
57
14
26
12
24
9
74
9
99
15
27
15
87
9
64
9
64
9
34
14
86
9
64
4
89
9
94
9
34
3
49
9
64
9
64
15
87
15
87
9
74
9
74
0
20
9
34
9
78
9
74
9
99
9
34
9
34
9
74
9
99
9
94
9
99
9
99
9
94
13
85
9
99
9
14
9
64
9
94
9
64
9
43
9
14
9
14
9
74
9
99
9
34
9
74
14
26
16
88
15
57
9
44
9
34
9
74
9
99
14
86
0
16
17
89
14
26
9
94
9
74
9
14
9
99
16
88
9
74
13
55
9
94
9
44
17
89
9
64
18
60
9
94
9
34
9
94
9
74
9
94
9
99
9
99
15
57
0
10
18
60
9
64
9
44
14
26
9
34
9
44
9
91
9
94
9
44
9
14
9
44
9
94
9
64
1
89
9
14
9
64
9
99
9
14
9
64
9
99
9
78
9
64
9
99
9
34
9
99
14
56
9
74
9
44
14
86
9
64
9
34
9
34
9
34
9
34
9
64
13
55
13
85
9
14
9
46
9
64
9
44
9
94
9
74
9
64
17
89
9
14
12
24
9
34
14
86
1
99
9
44
14
26
9
74
9
99
3
49
9
64
9
64
9
14
9
34
17
59
9
94
9
34
14
26
16
88
9
34
9
94
14
56
9
94
9
74
9
74
9
64
9
64
4
69
18
30
9
44
9
64
9
34
9
94
9
74
15
87
9
14
9
74
9
44
9
94
9
34
9
99
9
64
9
64
9
14
9
74
9
44
9
99
12
54
9
64
9
94
9
64
15
27
9
44
17
89
13
25
9
72
14
86
9
44
9
44
9
44
15
87
9
14
9
74
9
34
9
99
18
30
15
87
9
34
16
88
9
14
13
25
15
87
9
34
9
44
9
99
1
72
9
14
9
14
9
14
14
86
9
34
9
99
9
44
9
94
9
14
9
64
9
14
4
19
9
14
1
59
15
27
0
70
17
59
9
44
1
9
9
94
9
94
9
74
9
94
9
64
12
84
16
58
14
86
9
94
17
59
16
88
13
85
9
99
18
30
15
87
9
94
9
74
9
14
14
26
9
99
9
99
18
90
9
74
9
94
9
14
12
54
17
29
13
25
9
34
15
27
9
74
17
29
9
74
9
34
9
34
15
87
9
94
9
74
17
89
9
44
9
44
9
34
9
99
9
74
9
14
9
99
9
74
9
44
9
64
12
24
18
30
9
7
13
55
9
34
9
64
9
74
9
14
9
99
0
30
9
94
9
68
9
74
18
60
9
34
9
94
9
74
9
14
9
44
9
34
17
89
14
26
9
64
15
57
17
59
9
8
15
27
9
94
9
99
9
74
14
56
9
14
9
34
9
99
9
14
9
14
9
64
9
94
3
19
9
74
9
99
0
21
9
43
9
44
16
88
16
88
9
34
9
33
9
44
16
28
14
86
9
44
17
29
9
99
9
63
9
46
9
94
9
74
9
64
14
56
3
79
9
34
9
94
9
34
15
27
9
44
9
34
16
88
14
56
9
94
15
87
9
99
13
85
8
75
9
43
17
89
9
34
9
44
9
94
9
34
0
0
9
14
9
44
9
64
9
99
14
26
16
88
9
74
9
14
9
8
14
56
9
34
9
4
9
28
9
14
9
14
1
29
9
64
14
26
9
64
14
86
9
44
9
14
13
85
9
34
9
14
9
94
14
56
9
94
9
71
9
14
16
28
12
24
9
64
9
64
15
57
14
86
9
99
9
34
9
44
9
99
9
99
9
99
9
64
14
26
9
34
15
27
9
64
15
57
9
74
9
74
9
34
9
99
15
87
9
44
15
57
9
94
15
57
12
54
9
14
9
34
9
99
9
64
15
57
9
44
9
34
9
34
9
44
9
34
