9
14
9
74
9
74
19
64
19
63
9
64
9
74
9
99
0
90
9
14
9
14
9
99
9
94
19
62
19
62
9
94
9
14
9
34
9
94
9
34
9
99
19
64
9
99
19
62
9
34
19
32
9
64
9
13
9
99
9
99
9
34
9
44
9
99
9
14
9
99
9
94
19
34
9
99
9
14
9
34
9
74
9
99
9
64
19
92
9
34
9
44
9
64
9
34
9
14
19
92
19
34
9
34
19
64
9
94
9
64
9
74
9
34
19
92
9
99
19
63
19
34
19
34
9
34
9
94
0
70
9
44
9
99
19
34
9
44
9
94
19
32
19
92
9
74
9
99
19
64
9
99
9
14
19
33
9
94
9
63
19
64
9
99
19
94
9
34
9
94
9
99
9
99
18
90
19
32
9
14
19
31
19
94
19
62
19
93
19
32
9
64
19
61
9
44
9
34
9
34
19
64
9
74
9
94
9
94
19
64
9
94
19
92
19
33
9
94
9
99
9
34
19
64
9
64
19
92
9
66
9
94
19
34
9
74
9
44
19
94
9
99
9
44
9
34
9
44
9
94
19
93
9
44
9
14
9
64
19
32
9
94
19
92
9
44
19
34
19
32
19
93
19
94
9
14
9
99
9
34
9
64
19
63
19
92
9
64
9
44
19
63
9
74
9
94
9
34
19
64
9
34
9
74
9
64
19
93
19
31
19
93
19
33
9
44
19
91
19
92
9
74
9
14
9
44
9
34
9
44
9
74
9
44
19
32
9
44
19
63
9
14
19
94
9
44
0
10
9
44
9
44
19
34
9
94
9
14
19
62
9
64
0
70
9
74
19
34
9
44
9
74
9
64
9
74
9
34
9
14
9
44
19
31
9
64
9
94
9
34
9
74
19
92
9
99
19
93
9
74
9
99
19
34
9
14
9
34
9
44
9
94
9
74
19
94
9
34
18
60
9
99
19
62
9
74
19
92
9
94
9
94
9
99
19
91
9
44
9
64
19
61
9
64
9
44
9
64
19
94
9
34
19
64
9
44
9
99
9
94
19
94
9
34
19
91
9
99
9
74
9
44
9
99
0
10
9
34
9
44
9
14
19
34
9
44
9
99
19
63
19
34
19
63
9
44
9
64
9
94
9
34
19
93
9
74
9
34
9
74
9
99
9
99
9
94
9
94
9
64
9
94
9
34
9
14
9
34
19
34
9
74
9
64
9
34
9
44
19
64
19
62
19
64
9
99
19
94
19
64
19
94
9
74
9
74
19
34
9
94
9
94
9
64
9
14
9
14
9
34
9
14
9
64
9
74
9
99
9
74
9
34
9
44
19
93
9
99
19
93
19
91
9
34
9
64
9
99
19
64
19
94
9
34
9
34
19
92
19
92
9
34
19
33
19
91
9
44
9
74
9
64
9
44
9
94
19
63
9
99
9
64
9
74
19
64
18
30
9
44
19
64
9
34
9
99
9
74
9
64
19
64
9
44
9
34
9
34
9
74
9
99
19
92
9
99
9
99
2
79
9
74
9
34
19
94
19
34
9
44
19
92
9
34
19
34
19
64
9
44
19
93
9
44
9
44
19
62
9
99
9
64
19
34
9
34
19
34
9
14
9
99
19
92
9
99
19
32
9
74
9
99
9
94
9
94
9
14
9
64
9
64
19
62
9
44
19
32
9
99
9
34
9
18
9
94
9
94
9
99
19
94
0
80
9
14
9
99
19
62
9
44
9
34
9
99
9
44
19
32
9
99
9
34
19
34
8
85
9
14
9
74
9
94
9
74
19
34
19
31
2
69
19
94
9
99
19
64
19
62
9
34
9
78
9
34
9
99
18
90
9
44
9
74
9
34
9
94
19
92
9
44
19
32
9
34
0
80
9
74
9
66
19
94
19
93
9
64
9
44
9
94
19
34
9
64
9
64
9
47
9
64
19
91
19
34
9
14
9
94
19
92
9
94
9
34
9
64
9
74
19
62
19
31
9
99
9
14
9
64
9
94
9
74
1
49
9
44
9
64
9
14
1
29
9
74
19
93
9
64
9
99
9
94
19
34
9
64
9
74
19
31
9
64
9
44
19
34
9
44
9
48
9
64
9
99
9
34
19
32
9
94
19
94
9
94
19
64
9
14
19
64
9
64
19
93
19
94
9
74
9
44
9
74
9
44
9
34
9
94
9
74
9
99
9
99
4
60
9
14
2
59
9
99
9
34
9
14
19
31
9
99
19
63
9
64
9
99
19
91
19
93
9
99
19
92
9
99
0
30
9
74
9
99
9
74
9
74
9
64
9
74
19
31
9
44
9
44
9
99
9
94
19
33
9
44
19
64
19
92
18
60
9
74
9
64
9
64
9
99
9
64
9
34
19
94
9
44
9
44
9
64
9
74
19
34
19
31
9
44
9
14
9
94
19
61
9
44
19
94
19
64
19
33
9
14
9
74
9
99
19
61
9
74
19
91
9
94
9
64
9
14
9
64
19
64
19
64
9
94
19
34
19
33
9
94
9
14
9
64
9
14
9
44
19
93
9
63
9
44
9
99
9
44
9
44
9
99
9
99
19
64
19
34
19
92
9
94
19
93
9
74
9
64
19
94
9
99
9
34
9
99
9
94
19
93
9
64
18
60
19
92
9
94
19
63
19
32
18
30
9
74
9
99
19
33
19
93
9
64
9
64
9
34
19
92
9
64
4
89
9
94
9
34
3
49
9
64
9
64
19
93
19
93
9
74
9
74
0
20
9
34
9
78
9
74
9
99
9
34
9
34
9
74
9
99
9
94
9
99
9
99
9
94
19
91
9
99
9
14
9
64
9
94
9
64
9
43
9
14
9
14
9
74
9
99
9
34
9
74
19
32
19
94
19
63
9
44
9
34
9
74
9
99
19
92
0
16
19
94
19
32
9
94
9
74
9
14
9
99
19
94
9
74
19
61
9
94
9
44
19
94
9
64
19
64
9
94
9
34
9
94
9
74
9
94
9
99
9
99
19
63
0
10
19
64
9
64
9
44
19
32
9
34
9
44
9
91
9
94
9
44
9
14
9
44
9
94
9
64
1
89
9
14
9
64
9
99
9
14
9
64
9
99
9
78
9
64
9
99
9
34
9
99
19
62
9
74
9
44
19
92
9
64
9
34
9
34
9
34
9
34
9
64
19
61
19
91
9
14
9
46
9
64
9
44
9
94
9
74
9
64
19
94
9
14
18
30
9
34
19
92
1
99
9
44
19
32
9
74
9
99
3
49
9
64
9
64
9
14
9
34
19
64
9
94
9
34
19
32
19
94
9
34
9
94
19
62
9
94
9
74
9
74
9
64
9
64
4
69
19
34
9
44
9
64
9
34
9
94
9
74
19
93
9
14
9
74
9
44
9
94
9
34
9
99
9
64
9
64
9
14
9
74
9
44
9
99
18
60
9
64
9
94
9
64
19
33
9
44
19
94
19
31
9
72
19
92
9
44
9
44
9
44
19
93
9
14
9
74
9
34
9
99
19
34
19
93
9
34
19
94
9
14
19
31
19
93
9
34
9
44
9
99
1
72
9
14
9
14
9
14
19
92
9
34
9
99
9
44
9
94
9
14
9
64
9
14
4
19
9
14
1
59
19
33
0
70
19
64
9
44
1
9
9
94
9
94
9
74
9
94
9
64
18
90
19
64
19
92
9
94
19
64
19
94
19
91
9
99
19
34
19
93
9
94
9
74
9
14
19
32
9
99
9
99
19
94
9
74
9
94
9
14
18
60
19
34
19
31
9
34
19
33
9
74
19
34
9
74
9
34
9
34
19
93
9
94
9
74
19
94
9
44
9
44
9
34
9
99
9
74
9
14
9
99
9
74
9
44
9
64
18
30
19
34
9
7
19
61
9
34
9
64
9
74
9
14
9
99
0
30
9
94
9
68
9
74
19
64
9
34
9
94
9
74
9
14
9
44
9
34
19
94
19
32
9
64
19
63
19
64
9
8
19
33
9
94
9
99
9
74
19
62
9
14
9
34
9
99
9
14
9
14
9
64
9
94
3
19
9
74
9
99
0
21
9
43
9
44
19
94
19
94
9
34
9
33
9
44
19
34
19
92
9
44
19
34
9
99
9
63
9
46
9
94
9
74
9
64
19
62
3
79
9
34
9
94
9
34
19
33
9
44
9
34
19
94
19
62
9
94
19
93
9
99
19
91
8
75
9
43
19
94
9
34
9
44
9
94
9
34
0
0
9
14
9
44
9
64
9
99
19
32
19
94
9
74
9
14
9
8
19
62
9
34
9
4
9
28
9
14
9
14
1
29
9
64
19
32
9
64
19
92
9
44
9
14
19
91
9
34
9
14
9
94
19
62
9
94
9
71
9
14
19
34
18
30
9
64
9
64
19
63
19
92
9
99
9
34
9
44
9
99
9
99
9
99
9
64
19
32
9
34
19
33
9
64
19
63
9
74
9
74
9
34
9
99
19
93
9
44
19
63
9
94
19
63
18
60
9
14
9
34
9
99
9
64
19
63
9
44
9
34
9
34
9
44
9
34
