9
8
9
71
5
69
9
49
8
48
6
58
5
69
8
99
0
90
9
7
6
9
6
99
9
91
9
47
7
47
7
85
8
10
6
26
8
90
8
30
6
98
8
50
6
97
5
49
8
25
8
17
8
57
6
13
5
99
8
97
7
25
9
41
9
97
5
9
5
99
8
89
8
20
5
95
7
6
8
26
5
69
7
97
5
59
5
79
8
30
8
40
8
60
8
30
5
9
8
77
7
19
6
29
8
50
6
89
5
59
5
65
9
31
5
79
8
99
6
49
8
19
9
19
8
26
8
90
0
70
5
39
6
98
9
20
7
36
8
87
5
19
5
79
5
69
8
95
7
49
7
99
7
6
6
19
9
89
5
63
8
50
7
99
7
79
7
29
6
89
6
99
8
99
7
75
5
19
6
9
7
16
8
79
5
49
6
79
5
17
6
59
8
46
7
39
6
29
9
31
7
49
8
70
5
89
7
89
9
49
6
89
5
79
9
18
7
87
7
97
9
31
9
49
8
56
5
79
7
66
8
88
8
20
5
67
7
38
9
81
8
96
5
39
8
26
7
39
6
89
6
79
7
39
5
7
8
58
5
17
6
87
5
79
6
39
8
20
7
17
6
78
9
80
6
6
5
95
8
30
8
60
6
49
5
79
6
57
6
39
6
49
5
67
6
89
8
26
7
49
6
28
8
65
7
59
9
78
6
16
6
78
6
19
8
40
8
76
5
79
7
67
7
5
7
39
6
29
8
40
8
70
9
37
5
18
6
39
9
48
6
9
9
80
9
39
0
10
6
39
6
38
7
19
5
89
5
7
5
47
5
58
0
70
8
68
9
20
6
39
5
69
5
59
5
69
7
25
7
9
9
37
8
16
5
59
5
86
6
29
8
66
5
79
7
99
6
78
8
70
5
99
8
20
7
9
9
29
7
37
9
90
8
65
7
79
5
28
5
45
5
99
5
49
5
69
5
78
8
90
7
86
7
99
7
76
6
39
6
59
8
46
5
59
5
39
5
59
8
80
8
30
8
50
8
40
5
97
6
87
7
79
6
28
7
76
6
99
9
71
6
39
7
99
0
10
5
29
9
41
9
11
7
19
8
40
8
99
6
49
7
19
9
48
8
38
8
56
5
86
7
25
6
79
9
71
8
30
5
68
8
99
9
99
5
87
5
87
7
58
7
89
9
30
9
9
5
29
8
20
7
69
6
58
7
25
6
37
7
49
5
49
9
49
9
98
7
79
8
50
7
79
6
65
7
69
8
19
8
89
5
85
6
55
6
9
7
5
6
27
5
6
7
58
6
65
7
99
5
69
5
28
6
39
6
79
9
99
8
78
6
76
9
31
6
59
7
95
7
49
7
79
8
30
7
27
9
77
5
79
5
29
6
19
6
76
8
39
9
71
6
57
7
39
7
89
9
48
9
99
5
59
7
68
8
49
6
15
8
37
8
49
5
29
6
99
6
69
9
57
7
49
9
39
7
29
7
25
5
69
9
99
5
79
7
99
6
95
2
79
9
71
9
31
9
81
8
20
8
40
5
79
8
27
9
21
7
49
8
36
6
79
7
39
6
39
5
48
7
99
8
60
9
21
6
29
8
20
8
7
8
97
5
79
9
99
5
18
6
68
6
99
8
86
9
91
7
9
5
56
6
58
7
47
9
39
7
17
8
99
9
29
7
18
6
89
7
89
9
98
8
80
0
80
7
6
9
99
7
47
7
36
6
25
6
99
7
39
5
19
8
99
6
28
8
20
8
85
8
5
5
69
8
87
5
65
9
21
8
16
2
67
8
80
8
97
8
50
8
47
6
29
5
78
6
29
5
98
5
75
6
38
8
69
6
27
7
89
9
77
5
39
5
19
8
30
0
80
9
70
8
66
9
81
7
78
9
61
8
36
9
87
7
19
6
59
6
59
9
47
8
56
7
76
8
20
8
10
8
86
9
77
5
89
8
30
8
58
8
66
7
47
7
16
7
98
8
10
6
59
9
91
6
68
1
49
8
36
5
59
8
10
1
29
9
71
6
79
5
55
6
95
6
86
8
20
7
59
7
69
7
16
8
55
6
39
7
19
5
37
9
48
5
59
7
99
7
29
5
19
5
89
7
79
9
91
9
51
5
9
8
50
7
59
6
79
8
79
9
70
9
41
9
69
7
39
7
29
7
89
7
67
9
99
8
99
4
60
8
8
2
59
9
98
7
29
5
9
7
16
7
95
6
49
6
59
7
99
8
76
6
79
6
99
8
77
9
98
0
30
9
69
5
99
9
71
7
69
5
59
6
69
7
16
6
39
5
35
5
99
5
89
8
18
9
41
9
51
5
79
8
45
8
70
6
59
5
59
8
95
8
56
9
31
8
80
9
40
6
38
9
58
9
71
8
20
8
16
9
41
7
9
5
89
8
46
5
36
8
80
7
49
9
18
5
9
7
69
6
97
6
46
9
71
8
76
8
90
8
57
5
7
7
56
9
51
8
50
6
87
7
19
6
19
8
90
8
8
7
57
8
10
5
39
7
78
5
63
8
40
6
99
9
41
6
35
7
96
8
96
8
50
8
20
5
79
8
90
6
79
6
67
7
59
7
79
9
99
6
29
5
97
7
89
6
79
5
58
6
45
5
79
6
88
6
49
5
17
6
15
5
69
9
99
6
19
6
79
6
59
8
56
5
29
5
78
7
57
4
85
8
90
8
30
3
49
5
58
5
59
6
79
6
79
8
66
5
68
0
20
7
29
7
78
5
68
7
97
7
29
6
26
8
68
8
99
5
88
7
99
7
99
8
90
7
76
5
99
8
10
8
55
9
91
8
56
6
43
8
8
8
10
8
70
9
99
8
30
9
71
9
17
7
79
6
49
7
39
8
30
6
68
5
99
5
77
0
16
8
80
5
19
7
87
5
69
5
9
5
99
7
79
6
69
8
46
8
85
7
39
8
80
8
57
9
51
7
85
6
29
5
86
6
65
7
89
8
99
9
99
6
49
0
10
9
51
6
55
9
41
5
18
9
28
8
40
6
91
6
87
5
39
8
10
6
38
8
90
9
61
1
89
8
6
5
59
7
99
9
11
8
57
6
98
9
78
9
61
8
99
8
30
8
99
5
49
6
69
9
41
6
77
7
59
7
29
9
31
9
27
7
27
8
60
8
46
6
76
5
9
8
50
8
60
9
40
6
87
7
68
8
60
8
80
7
9
8
15
9
31
7
77
1
99
6
39
5
18
8
67
9
99
3
49
9
61
8
60
5
9
7
25
8
50
7
87
8
30
5
19
9
79
5
26
8
86
8
47
5
89
8
66
7
69
6
59
6
57
4
69
9
21
9
39
7
55
9
28
5
86
9
71
6
79
5
7
5
69
9
40
9
88
9
31
8
99
9
57
5
59
7
9
8
70
9
41
5
95
7
45
5
59
9
90
6
56
6
19
8
38
8
80
5
16
6
72
5
79
7
39
9
41
8
40
6
79
5
9
9
67
7
29
6
99
9
21
6
78
8
29
8
79
6
9
6
16
6
79
6
29
8
38
8
99
1
72
6
6
5
9
5
6
5
78
6
29
7
99
8
38
6
86
7
5
6
57
6
9
4
16
9
7
1
56
6
19
0
70
8
50
7
39
1
9
6
89
7
89
8
70
6
89
8
60
7
75
7
49
9
77
6
89
9
50
8
79
5
76
7
99
9
21
6
78
8
90
8
66
8
10
9
17
8
99
5
99
9
81
8
65
8
90
9
7
5
45
8
20
5
16
9
30
6
19
9
68
8
20
6
66
8
30
6
29
7
78
5
87
8
70
8
80
6
39
5
39
7
29
5
96
6
67
6
9
8
99
6
66
7
39
9
61
6
15
9
21
7
7
5
46
6
29
7
55
8
70
5
9
6
99
0
30
7
89
5
68
6
65
9
51
7
27
9
91
5
69
7
7
8
39
6
28
9
80
5
19
8
60
6
49
8
50
8
8
8
18
9
87
9
99
5
69
5
49
9
11
8
29
5
99
9
10
8
10
5
57
5
87
3
16
9
68
8
99
0
21
7
44
7
39
9
79
7
79
9
31
9
33
5
35
7
19
5
79
8
40
8
20
8
99
6
63
5
51
7
89
9
71
5
59
7
47
3
79
7
29
9
90
8
27
6
19
6
37
5
29
7
79
6
47
8
90
6
79
6
99
7
76
8
75
5
43
8
80
6
28
5
39
7
89
8
30
0
0
9
11
8
40
9
60
9
99
5
19
7
79
8
69
7
6
5
8
5
47
9
27
5
4
7
28
5
5
9
11
1
29
5
59
9
17
9
61
5
79
6
39
9
10
8
76
5
25
8
10
9
91
9
47
7
89
8
71
5
9
7
19
5
15
8
60
7
57
9
48
5
79
7
95
5
26
8
40
7
99
9
99
8
99
9
64
5
19
5
29
6
19
9
64
6
49
8
68
8
66
8
30
6
99
6
78
7
36
8
48
7
89
8
48
8
45
8
7
8
30
6
99
9
61
6
49
9
40
6
29
9
28
8
40
8
30
