9
14
9
74
9
74
19
61
18
60
9
64
9
74
9
99
0
90
9
14
9
14
9
99
9
94
17
59
17
59
9
94
9
14
9
34
9
94
9
34
9
99
19
62
9
99
17
59
9
34
17
29
9
64
9
13
9
99
9
99
9
34
9
44
9
99
9
14
9
99
9
94
19
32
9
99
9
14
9
34
9
74
9
99
9
64
17
89
9
34
9
44
9
64
9
34
9
14
17
89
19
31
9
34
19
62
9
94
9
64
9
74
9
34
17
89
9
99
18
60
19
31
19
31
9
34
9
94
0
70
9
44
9
99
19
32
9
44
9
94
17
29
17
89
9
74
9
99
19
61
9
99
9
14
18
30
9
94
9
63
19
62
9
99
19
91
9
34
9
94
9
99
9
99
15
87
17
29
9
14
16
28
19
91
17
59
18
90
17
29
9
64
16
58
9
44
9
34
9
34
19
61
9
74
9
94
9
94
19
61
9
94
17
89
18
30
9
94
9
99
9
34
19
61
9
64
17
89
9
66
9
94
19
32
9
74
9
44
19
93
9
99
9
44
9
34
9
44
9
94
18
90
9
44
9
14
9
64
17
29
9
94
17
89
9
44
19
32
17
29
18
90
19
92
9
14
9
99
9
34
9
64
18
60
17
89
9
64
9
44
18
60
9
74
9
94
9
34
19
61
9
34
9
74
9
64
18
90
16
28
18
90
18
30
9
44
16
88
17
89
9
74
9
14
9
44
9
34
9
44
9
74
9
44
17
29
9
44
18
60
9
14
19
92
9
44
0
10
9
44
9
44
19
31
9
94
9
14
17
59
9
64
0
70
9
74
19
32
9
44
9
74
9
64
9
74
9
34
9
14
9
44
16
28
9
64
9
94
9
34
9
74
17
89
9
99
18
90
9
74
9
99
19
32
9
14
9
34
9
44
9
94
9
74
19
91
9
34
15
57
9
99
17
59
9
74
17
89
9
94
9
94
9
99
16
88
9
44
9
64
16
58
9
64
9
44
9
64
19
92
9
34
19
62
9
44
9
99
9
94
19
91
9
34
16
88
9
99
9
74
9
44
9
99
0
10
9
34
9
44
9
14
19
31
9
44
9
99
18
60
19
31
18
60
9
44
9
64
9
94
9
34
18
90
9
74
9
34
9
74
9
99
9
99
9
94
9
94
9
64
9
94
9
34
9
14
9
34
19
32
9
74
9
64
9
34
9
44
19
61
17
59
19
61
9
99
19
91
19
62
19
91
9
74
9
74
19
31
9
94
9
94
9
64
9
14
9
14
9
34
9
14
9
64
9
74
9
99
9
74
9
34
9
44
18
90
9
99
18
90
16
88
9
34
9
64
9
99
19
61
19
91
9
34
9
34
17
89
17
89
9
34
18
30
16
88
9
44
9
74
9
64
9
44
9
94
18
60
9
99
9
64
9
74
19
61
15
27
9
44
19
61
9
34
9
99
9
74
9
64
19
61
9
44
9
34
9
34
9
74
9
99
17
89
9
99
9
99
2
79
9
74
9
34
19
93
19
32
9
44
17
89
9
34
19
33
19
61
9
44
18
90
9
44
9
44
17
59
9
99
9
64
19
33
9
34
19
32
9
14
9
99
17
89
9
99
17
29
9
74
9
99
9
94
9
94
9
14
9
64
9
64
17
59
9
44
17
29
9
99
9
34
9
18
9
94
9
94
9
99
19
92
0
80
9
14
9
99
17
59
9
44
9
34
9
99
9
44
17
29
9
99
9
34
19
32
8
85
9
14
9
74
9
94
9
74
19
33
16
28
2
69
19
92
9
99
19
62
17
59
9
34
9
78
9
34
9
99
15
87
9
44
9
74
9
34
9
94
17
89
9
44
17
29
9
34
0
80
9
74
9
66
19
93
18
90
9
64
9
44
9
94
19
31
9
64
9
64
9
47
9
64
16
88
19
32
9
14
9
94
17
89
9
94
9
34
9
64
9
74
17
59
16
28
9
99
9
14
9
64
9
94
9
74
1
49
9
44
9
64
9
14
1
29
9
74
18
90
9
64
9
99
9
94
19
32
9
64
9
74
16
28
9
64
9
44
19
31
9
44
9
48
9
64
9
99
9
34
17
29
9
94
19
91
9
94
19
63
9
14
19
62
9
64
18
90
19
91
9
74
9
44
9
74
9
44
9
34
9
94
9
74
9
99
9
99
4
60
9
14
2
59
9
99
9
34
9
14
16
28
9
99
18
60
9
64
9
99
16
88
18
90
9
99
17
89
9
99
0
30
9
74
9
99
9
74
9
74
9
64
9
74
16
28
9
44
9
44
9
99
9
94
18
30
9
44
19
63
17
89
15
57
9
74
9
64
9
64
9
99
9
64
9
34
19
92
9
44
9
44
9
64
9
74
19
32
16
28
9
44
9
14
9
94
16
58
9
44
19
92
19
61
18
30
9
14
9
74
9
99
16
58
9
74
16
88
9
94
9
64
9
14
9
64
19
63
19
62
9
94
19
31
18
30
9
94
9
14
9
64
9
14
9
44
18
90
9
63
9
44
9
99
9
44
9
44
9
99
9
99
19
62
19
32
17
89
9
94
18
90
9
74
9
64
19
91
9
99
9
34
9
99
9
94
18
90
9
64
15
57
17
89
9
94
18
60
17
29
15
27
9
74
9
99
18
30
18
90
9
64
9
64
9
34
17
89
9
64
4
89
9
94
9
34
3
49
9
64
9
64
18
90
18
90
9
74
9
74
0
20
9
34
9
78
9
74
9
99
9
34
9
34
9
74
9
99
9
94
9
99
9
99
9
94
16
88
9
99
9
14
9
64
9
94
9
64
9
43
9
14
9
14
9
74
9
99
9
34
9
74
17
29
19
91
18
60
9
44
9
34
9
74
9
99
17
89
0
16
19
92
17
29
9
94
9
74
9
14
9
99
19
91
9
74
16
58
9
94
9
44
19
92
9
64
19
63
9
94
9
34
9
94
9
74
9
94
9
99
9
99
18
60
0
10
19
63
9
64
9
44
17
29
9
34
9
44
9
91
9
94
9
44
9
14
9
44
9
94
9
64
1
89
9
14
9
64
9
99
9
14
9
64
9
99
9
78
9
64
9
99
9
34
9
99
17
59
9
74
9
44
17
89
9
64
9
34
9
34
9
34
9
34
9
64
16
58
16
88
9
14
9
46
9
64
9
44
9
94
9
74
9
64
19
92
9
14
15
27
9
34
17
89
1
99
9
44
17
29
9
74
9
99
3
49
9
64
9
64
9
14
9
34
19
62
9
94
9
34
17
29
19
91
9
34
9
94
17
59
9
94
9
74
9
74
9
64
9
64
4
69
19
33
9
44
9
64
9
34
9
94
9
74
18
90
9
14
9
74
9
44
9
94
9
34
9
99
9
64
9
64
9
14
9
74
9
44
9
99
15
57
9
64
9
94
9
64
18
30
9
44
19
92
16
28
9
72
17
89
9
44
9
44
9
44
18
90
9
14
9
74
9
34
9
99
19
33
18
90
9
34
19
91
9
14
16
28
18
90
9
34
9
44
9
99
1
72
9
14
9
14
9
14
17
89
9
34
9
99
9
44
9
94
9
14
9
64
9
14
4
19
9
14
1
59
18
30
0
70
19
62
9
44
1
9
9
94
9
94
9
74
9
94
9
64
15
87
19
61
17
89
9
94
19
62
19
91
16
88
9
99
19
33
18
90
9
94
9
74
9
14
17
29
9
99
9
99
19
93
9
74
9
94
9
14
15
57
19
32
16
28
9
34
18
30
9
74
19
32
9
74
9
34
9
34
18
90
9
94
9
74
19
92
9
44
9
44
9
34
9
99
9
74
9
14
9
99
9
74
9
44
9
64
15
27
19
33
9
7
16
58
9
34
9
64
9
74
9
14
9
99
0
30
9
94
9
68
9
74
19
63
9
34
9
94
9
74
9
14
9
44
9
34
19
92
17
29
9
64
18
60
19
62
9
8
18
30
9
94
9
99
9
74
17
59
9
14
9
34
9
99
9
14
9
14
9
64
9
94
3
19
9
74
9
99
0
21
9
43
9
44
19
91
19
91
9
34
9
33
9
44
19
31
17
89
9
44
19
32
9
99
9
63
9
46
9
94
9
74
9
64
17
59
3
79
9
34
9
94
9
34
18
30
9
44
9
34
19
91
17
59
9
94
18
90
9
99
16
88
8
75
9
43
19
92
9
34
9
44
9
94
9
34
0
0
9
14
9
44
9
64
9
99
17
29
19
91
9
74
9
14
9
8
17
59
9
34
9
4
9
28
9
14
9
14
1
29
9
64
17
29
9
64
17
89
9
44
9
14
16
88
9
34
9
14
9
94
17
59
9
94
9
71
9
14
19
31
15
27
9
64
9
64
18
60
17
89
9
99
9
34
9
44
9
99
9
99
9
99
9
64
17
29
9
34
18
30
9
64
18
60
9
74
9
74
9
34
9
99
18
90
9
44
18
60
9
94
18
60
15
57
9
14
9
34
9
99
9
64
18
60
9
44
9
34
9
34
9
44
9
34
