9
14
9
74
9
73
13
55
12
54
9
64
9
73
9
99
0
90
9
13
9
14
9
99
9
94
11
53
11
53
9
91
9
14
9
32
9
94
9
34
9
99
14
56
9
99
11
53
9
31
11
23
9
63
9
13
9
99
9
99
9
31
9
44
9
99
9
13
9
99
9
94
14
26
9
99
9
12
9
32
9
73
9
99
9
63
11
83
9
34
9
44
9
64
9
34
9
13
11
83
13
25
9
34
14
56
9
94
9
63
9
71
9
34
11
83
9
99
12
54
13
25
13
25
9
32
9
94
0
70
9
43
9
99
14
26
9
42
9
93
11
23
11
83
9
73
9
99
13
55
9
99
9
12
12
24
9
94
9
63
14
56
9
99
13
85
9
34
9
94
9
99
9
99
9
81
11
23
9
14
10
22
13
85
11
53
12
84
11
23
9
64
10
52
9
44
9
34
9
34
13
55
9
74
9
93
9
94
13
55
9
94
11
83
12
24
9
93
9
99
9
34
13
55
9
62
11
83
9
66
9
94
14
26
9
73
9
44
15
87
9
99
9
43
9
32
9
44
9
94
12
84
9
44
9
13
9
64
11
23
9
93
11
83
9
44
14
26
11
23
12
84
14
86
9
12
9
99
9
34
9
64
12
54
11
83
9
63
9
44
12
54
9
73
9
94
9
32
13
55
9
34
9
71
9
64
12
84
10
22
12
84
12
24
9
44
10
82
11
83
9
73
9
11
9
44
9
34
9
44
9
74
9
43
11
23
9
44
12
54
9
14
14
86
9
44
0
10
9
44
9
44
13
25
9
93
9
13
11
53
9
63
0
70
9
74
14
26
9
44
9
73
9
63
9
73
9
31
9
14
9
43
10
22
9
63
9
92
9
34
9
72
11
83
9
99
12
84
9
74
9
99
14
26
9
14
9
34
9
43
9
94
9
71
13
85
9
33
9
51
9
99
11
53
9
73
11
83
9
94
9
92
9
99
10
82
9
44
9
64
10
52
9
63
9
43
9
63
14
86
9
34
14
56
9
44
9
99
9
93
13
85
9
34
10
82
9
99
9
74
9
44
9
99
0
10
9
33
9
44
9
14
13
25
9
44
9
99
12
54
13
25
12
54
9
44
9
62
9
92
9
31
12
84
9
74
9
34
9
73
9
99
9
99
9
93
9
93
9
64
9
94
9
34
9
14
9
33
14
26
9
74
9
64
9
31
9
43
13
55
11
53
13
55
9
99
13
85
14
56
13
85
9
71
9
74
13
25
9
94
9
91
9
61
9
14
9
11
9
33
9
12
9
64
9
71
9
99
9
73
9
33
9
44
12
84
9
99
12
84
10
82
9
34
9
64
9
99
13
55
13
85
9
34
9
33
11
83
11
83
9
33
12
24
10
82
9
44
9
74
9
63
9
44
9
94
12
54
9
99
9
63
9
74
13
55
9
21
9
43
13
55
9
33
9
99
9
74
9
63
13
55
9
44
9
34
9
31
9
73
9
99
11
83
9
99
9
99
2
79
9
74
9
34
15
87
14
26
9
44
11
83
9
33
15
27
13
55
9
42
12
84
9
44
9
44
11
53
9
99
9
64
15
27
9
34
14
26
9
13
9
99
11
83
9
99
11
23
9
74
9
99
9
92
9
94
9
14
9
62
9
64
11
53
9
44
11
23
9
99
9
34
9
18
9
94
9
94
9
99
14
86
0
80
9
12
9
99
11
53
9
42
9
31
9
99
9
44
11
23
9
99
9
34
14
26
8
85
9
11
9
73
9
93
9
71
15
27
10
22
2
69
14
86
9
99
14
56
11
53
9
34
9
78
9
34
9
99
9
81
9
44
9
74
9
33
9
94
11
83
9
43
11
23
9
34
0
80
9
74
9
66
15
87
12
84
9
64
9
42
9
93
13
25
9
64
9
64
9
47
9
62
10
82
14
26
9
14
9
92
11
83
9
93
9
34
9
64
9
72
11
53
10
22
9
99
9
14
9
64
9
94
9
74
1
49
9
42
9
63
9
14
1
29
9
74
12
84
9
61
9
99
9
92
14
26
9
64
9
74
10
22
9
61
9
44
13
25
9
43
9
48
9
63
9
99
9
34
11
23
9
93
13
85
9
94
15
57
9
13
14
56
9
64
12
84
13
85
9
74
9
44
9
74
9
44
9
34
9
94
9
73
9
99
9
99
4
60
9
14
2
59
9
99
9
34
9
13
10
22
9
99
12
54
9
64
9
99
10
82
12
84
9
99
11
83
9
99
0
30
9
74
9
99
9
74
9
74
9
63
9
74
10
22
9
44
9
41
9
99
9
93
12
24
9
44
15
57
11
83
9
51
9
74
9
64
9
63
9
99
9
62
9
34
14
86
9
44
9
44
9
64
9
74
14
26
10
22
9
44
9
14
9
93
10
52
9
42
14
86
13
55
12
24
9
13
9
74
9
99
10
52
9
74
10
82
9
94
9
63
9
13
9
62
15
57
14
56
9
93
13
25
12
24
9
94
9
14
9
63
9
14
9
43
12
84
9
63
9
44
9
99
9
44
9
41
9
99
9
99
14
56
14
26
11
83
9
94
12
84
9
73
9
64
13
85
9
99
9
34
9
99
9
94
12
84
9
63
9
51
11
83
9
94
12
54
11
23
9
21
9
73
9
99
12
24
12
84
9
64
9
62
9
33
11
83
9
63
4
89
9
94
9
34
3
49
9
63
9
63
12
84
12
84
9
72
9
73
0
20
9
34
9
78
9
73
9
99
9
34
9
32
9
74
9
99
9
93
9
99
9
99
9
94
10
82
9
99
9
14
9
61
9
94
9
62
9
43
9
14
9
14
9
74
9
99
9
34
9
74
11
23
13
85
12
54
9
44
9
34
9
74
9
99
11
83
0
16
14
86
11
23
9
93
9
73
9
13
9
99
13
85
9
74
10
52
9
91
9
44
14
86
9
63
15
57
9
91
9
34
9
92
9
71
9
94
9
99
9
99
12
54
0
10
15
57
9
61
9
44
11
23
9
34
9
44
9
91
9
93
9
43
9
14
9
44
9
94
9
64
1
89
9
12
9
63
9
99
9
14
9
63
9
99
9
78
9
64
9
99
9
34
9
99
11
53
9
74
9
44
11
83
9
64
9
34
9
34
9
33
9
33
9
64
10
52
10
82
9
13
9
46
9
64
9
44
9
93
9
74
9
64
14
86
9
14
9
21
9
34
11
83
1
99
9
44
11
23
9
73
9
99
3
49
9
64
9
64
9
13
9
31
14
56
9
93
9
34
11
23
13
85
9
32
9
92
11
53
9
93
9
72
9
74
9
64
9
63
4
69
15
27
9
44
9
61
9
34
9
92
9
74
12
84
9
13
9
73
9
44
9
94
9
34
9
99
9
63
9
63
9
14
9
74
9
44
9
99
9
51
9
63
9
94
9
62
12
24
9
44
14
86
10
22
9
72
11
83
9
44
9
44
9
44
12
84
9
13
9
73
9
34
9
99
15
27
12
84
9
34
13
85
9
14
10
22
12
84
9
34
9
44
9
99
1
72
9
12
9
13
9
12
11
83
9
34
9
99
9
44
9
92
9
11
9
63
9
14
4
19
9
13
1
59
12
24
0
70
14
56
9
44
1
9
9
94
9
94
9
74
9
94
9
64
9
81
13
55
11
83
9
94
14
56
13
85
10
82
9
99
15
27
12
84
9
94
9
72
9
14
11
23
9
99
9
99
15
87
9
71
9
94
9
13
9
51
14
26
10
22
9
34
12
24
9
74
14
26
9
72
9
34
9
34
12
84
9
93
9
74
14
86
9
44
9
43
9
34
9
99
9
73
9
14
9
99
9
72
9
44
9
64
9
21
15
27
9
7
10
52
9
34
9
61
9
74
9
13
9
99
0
30
9
94
9
68
9
71
15
57
9
33
9
94
9
73
9
13
9
44
9
34
14
86
11
23
9
64
12
54
14
56
9
8
12
24
9
93
9
99
9
73
11
53
9
14
9
34
9
99
9
14
9
14
9
63
9
93
3
19
9
74
9
99
0
21
9
43
9
44
13
85
13
85
9
34
9
33
9
41
13
25
11
83
9
44
14
26
9
99
9
63
9
47
9
94
9
74
9
63
11
53
3
79
9
34
9
94
9
33
12
24
9
43
9
33
13
85
11
53
9
94
12
84
9
99
10
82
8
75
9
43
14
86
9
34
9
43
9
94
9
34
0
0
9
14
9
44
9
64
9
99
11
23
13
85
9
74
9
12
9
8
11
53
9
33
9
4
9
28
9
11
9
14
1
29
9
63
11
23
9
64
11
83
9
44
9
14
10
82
9
31
9
14
9
94
11
53
9
94
9
71
9
13
13
25
9
21
9
64
9
63
12
54
11
83
9
99
9
32
9
44
9
99
9
99
9
99
9
64
11
23
9
33
12
24
9
64
12
54
9
74
9
72
9
34
9
99
12
84
9
42
12
54
9
94
12
54
9
51
9
13
9
34
9
99
9
64
12
54
9
44
9
34
9
34
9
44
9
34
