9
14
9
74
9
74
19
63
19
62
9
64
9
74
9
99
0
90
9
14
9
14
9
99
9
94
19
61
19
61
9
94
9
14
9
34
9
94
9
34
9
99
19
64
9
99
19
61
9
34
19
31
9
64
9
13
9
99
9
99
9
34
9
44
9
99
9
14
9
99
9
94
19
34
9
99
9
14
9
34
9
74
9
99
9
64
19
91
9
34
9
44
9
64
9
34
9
14
19
91
19
33
9
34
19
64
9
94
9
64
9
74
9
34
19
91
9
99
19
62
19
33
19
33
9
34
9
94
0
70
9
44
9
99
19
34
9
44
9
94
19
31
19
91
9
74
9
99
19
63
9
99
9
14
19
32
9
94
9
63
19
64
9
99
19
93
9
34
9
94
9
99
9
99
17
89
19
31
9
14
18
30
19
93
19
61
19
92
19
31
9
64
18
60
9
44
9
34
9
34
19
63
9
74
9
94
9
94
19
63
9
94
19
91
19
32
9
94
9
99
9
34
19
63
9
64
19
91
9
66
9
94
19
34
9
74
9
44
19
94
9
99
9
44
9
34
9
44
9
94
19
92
9
44
9
14
9
64
19
31
9
94
19
91
9
44
19
34
19
31
19
92
19
94
9
14
9
99
9
34
9
64
19
62
19
91
9
64
9
44
19
62
9
74
9
94
9
34
19
63
9
34
9
74
9
64
19
92
18
30
19
92
19
32
9
44
18
90
19
91
9
74
9
14
9
44
9
34
9
44
9
74
9
44
19
31
9
44
19
62
9
14
19
94
9
44
0
10
9
44
9
44
19
33
9
94
9
14
19
61
9
64
0
70
9
74
19
34
9
44
9
74
9
64
9
74
9
34
9
14
9
44
18
30
9
64
9
94
9
34
9
74
19
91
9
99
19
92
9
74
9
99
19
34
9
14
9
34
9
44
9
94
9
74
19
93
9
34
17
59
9
99
19
61
9
74
19
91
9
94
9
94
9
99
18
90
9
44
9
64
18
60
9
64
9
44
9
64
19
94
9
34
19
64
9
44
9
99
9
94
19
93
9
34
18
90
9
99
9
74
9
44
9
99
0
10
9
34
9
44
9
14
19
33
9
44
9
99
19
62
19
33
19
62
9
44
9
64
9
94
9
34
19
92
9
74
9
34
9
74
9
99
9
99
9
94
9
94
9
64
9
94
9
34
9
14
9
34
19
34
9
74
9
64
9
34
9
44
19
63
19
61
19
63
9
99
19
93
19
64
19
93
9
74
9
74
19
33
9
94
9
94
9
64
9
14
9
14
9
34
9
14
9
64
9
74
9
99
9
74
9
34
9
44
19
92
9
99
19
92
18
90
9
34
9
64
9
99
19
63
19
93
9
34
9
34
19
91
19
91
9
34
19
32
18
90
9
44
9
74
9
64
9
44
9
94
19
62
9
99
9
64
9
74
19
63
17
29
9
44
19
63
9
34
9
99
9
74
9
64
19
63
9
44
9
34
9
34
9
74
9
99
19
91
9
99
9
99
2
79
9
74
9
34
19
94
19
34
9
44
19
91
9
34
19
34
19
63
9
44
19
92
9
44
9
44
19
61
9
99
9
64
19
34
9
34
19
34
9
14
9
99
19
91
9
99
19
31
9
74
9
99
9
94
9
94
9
14
9
64
9
64
19
61
9
44
19
31
9
99
9
34
9
18
9
94
9
94
9
99
19
94
0
80
9
14
9
99
19
61
9
44
9
34
9
99
9
44
19
31
9
99
9
34
19
34
8
85
9
14
9
74
9
94
9
74
19
34
18
30
2
69
19
94
9
99
19
64
19
61
9
34
9
78
9
34
9
99
17
89
9
44
9
74
9
34
9
94
19
91
9
44
19
31
9
34
0
80
9
74
9
66
19
94
19
92
9
64
9
44
9
94
19
33
9
64
9
64
9
47
9
64
18
90
19
34
9
14
9
94
19
91
9
94
9
34
9
64
9
74
19
61
18
30
9
99
9
14
9
64
9
94
9
74
1
49
9
44
9
64
9
14
1
29
9
74
19
92
9
64
9
99
9
94
19
34
9
64
9
74
18
30
9
64
9
44
19
33
9
44
9
48
9
64
9
99
9
34
19
31
9
94
19
93
9
94
19
64
9
14
19
64
9
64
19
92
19
93
9
74
9
44
9
74
9
44
9
34
9
94
9
74
9
99
9
99
4
60
9
14
2
59
9
99
9
34
9
14
18
30
9
99
19
62
9
64
9
99
18
90
19
92
9
99
19
91
9
99
0
30
9
74
9
99
9
74
9
74
9
64
9
74
18
30
9
44
9
44
9
99
9
94
19
32
9
44
19
64
19
91
17
59
9
74
9
64
9
64
9
99
9
64
9
34
19
94
9
44
9
44
9
64
9
74
19
34
18
30
9
44
9
14
9
94
18
60
9
44
19
94
19
63
19
32
9
14
9
74
9
99
18
60
9
74
18
90
9
94
9
64
9
14
9
64
19
64
19
64
9
94
19
33
19
32
9
94
9
14
9
64
9
14
9
44
19
92
9
63
9
44
9
99
9
44
9
44
9
99
9
99
19
64
19
34
19
91
9
94
19
92
9
74
9
64
19
93
9
99
9
34
9
99
9
94
19
92
9
64
17
59
19
91
9
94
19
62
19
31
17
29
9
74
9
99
19
32
19
92
9
64
9
64
9
34
19
91
9
64
4
89
9
94
9
34
3
49
9
64
9
64
19
92
19
92
9
74
9
74
0
20
9
34
9
78
9
74
9
99
9
34
9
34
9
74
9
99
9
94
9
99
9
99
9
94
18
90
9
99
9
14
9
64
9
94
9
64
9
43
9
14
9
14
9
74
9
99
9
34
9
74
19
31
19
93
19
62
9
44
9
34
9
74
9
99
19
91
0
16
19
94
19
31
9
94
9
74
9
14
9
99
19
93
9
74
18
60
9
94
9
44
19
94
9
64
19
64
9
94
9
34
9
94
9
74
9
94
9
99
9
99
19
62
0
10
19
64
9
64
9
44
19
31
9
34
9
44
9
91
9
94
9
44
9
14
9
44
9
94
9
64
1
89
9
14
9
64
9
99
9
14
9
64
9
99
9
78
9
64
9
99
9
34
9
99
19
61
9
74
9
44
19
91
9
64
9
34
9
34
9
34
9
34
9
64
18
60
18
90
9
14
9
46
9
64
9
44
9
94
9
74
9
64
19
94
9
14
17
29
9
34
19
91
1
99
9
44
19
31
9
74
9
99
3
49
9
64
9
64
9
14
9
34
19
64
9
94
9
34
19
31
19
93
9
34
9
94
19
61
9
94
9
74
9
74
9
64
9
64
4
69
19
34
9
44
9
64
9
34
9
94
9
74
19
92
9
14
9
74
9
44
9
94
9
34
9
99
9
64
9
64
9
14
9
74
9
44
9
99
17
59
9
64
9
94
9
64
19
32
9
44
19
94
18
30
9
72
19
91
9
44
9
44
9
44
19
92
9
14
9
74
9
34
9
99
19
34
19
92
9
34
19
93
9
14
18
30
19
92
9
34
9
44
9
99
1
72
9
14
9
14
9
14
19
91
9
34
9
99
9
44
9
94
9
14
9
64
9
14
4
19
9
14
1
59
19
32
0
70
19
64
9
44
1
9
9
94
9
94
9
74
9
94
9
64
17
89
19
63
19
91
9
94
19
64
19
93
18
90
9
99
19
34
19
92
9
94
9
74
9
14
19
31
9
99
9
99
19
94
9
74
9
94
9
14
17
59
19
34
18
30
9
34
19
32
9
74
19
34
9
74
9
34
9
34
19
92
9
94
9
74
19
94
9
44
9
44
9
34
9
99
9
74
9
14
9
99
9
74
9
44
9
64
17
29
19
34
9
7
18
60
9
34
9
64
9
74
9
14
9
99
0
30
9
94
9
68
9
74
19
64
9
34
9
94
9
74
9
14
9
44
9
34
19
94
19
31
9
64
19
62
19
64
9
8
19
32
9
94
9
99
9
74
19
61
9
14
9
34
9
99
9
14
9
14
9
64
9
94
3
19
9
74
9
99
0
21
9
43
9
44
19
93
19
93
9
34
9
33
9
44
19
33
19
91
9
44
19
34
9
99
9
63
9
46
9
94
9
74
9
64
19
61
3
79
9
34
9
94
9
34
19
32
9
44
9
34
19
93
19
61
9
94
19
92
9
99
18
90
8
75
9
43
19
94
9
34
9
44
9
94
9
34
0
0
9
14
9
44
9
64
9
99
19
31
19
93
9
74
9
14
9
8
19
61
9
34
9
4
9
28
9
14
9
14
1
29
9
64
19
31
9
64
19
91
9
44
9
14
18
90
9
34
9
14
9
94
19
61
9
94
9
71
9
14
19
33
17
29
9
64
9
64
19
62
19
91
9
99
9
34
9
44
9
99
9
99
9
99
9
64
19
31
9
34
19
32
9
64
19
62
9
74
9
74
9
34
9
99
19
92
9
44
19
62
9
94
19
62
17
59
9
14
9
34
9
99
9
64
19
62
9
44
9
34
9
34
9
44
9
34
