9
14
9
74
9
74
15
57
14
56
9
64
9
74
9
99
0
90
9
14
9
14
9
99
9
94
13
55
13
55
9
93
9
14
9
34
9
94
9
34
9
99
16
58
9
99
13
55
9
33
13
25
9
64
9
13
9
99
9
99
9
33
9
44
9
99
9
14
9
99
9
94
16
28
9
99
9
14
9
34
9
74
9
99
9
64
13
85
9
34
9
44
9
64
9
34
9
14
13
85
15
27
9
34
16
58
9
94
9
64
9
73
9
34
13
85
9
99
14
56
15
27
15
27
9
34
9
94
0
70
9
44
9
99
16
28
9
44
9
94
13
25
13
85
9
74
9
99
15
57
9
99
9
14
14
26
9
94
9
63
16
58
9
99
15
87
9
34
9
94
9
99
9
99
11
83
13
25
9
14
12
24
15
87
13
55
14
86
13
25
9
64
12
54
9
44
9
34
9
34
15
57
9
74
9
94
9
94
15
57
9
94
13
85
14
26
9
94
9
99
9
34
15
57
9
64
13
85
9
66
9
94
16
28
9
74
9
44
17
89
9
99
9
44
9
34
9
44
9
94
14
86
9
44
9
14
9
64
13
25
9
94
13
85
9
44
16
28
13
25
14
86
16
88
9
14
9
99
9
34
9
64
14
56
13
85
9
64
9
44
14
56
9
74
9
94
9
34
15
57
9
34
9
73
9
64
14
86
12
24
14
86
14
26
9
44
12
84
13
85
9
74
9
13
9
44
9
34
9
44
9
74
9
44
13
25
9
44
14
56
9
14
16
88
9
44
0
10
9
44
9
44
15
27
9
94
9
14
13
55
9
64
0
70
9
74
16
28
9
44
9
74
9
64
9
74
9
33
9
14
9
44
12
24
9
64
9
94
9
34
9
74
13
85
9
99
14
86
9
74
9
99
16
28
9
14
9
34
9
44
9
94
9
73
15
87
9
34
11
53
9
99
13
55
9
74
13
85
9
94
9
94
9
99
12
84
9
44
9
64
12
54
9
64
9
44
9
64
16
88
9
34
16
58
9
44
9
99
9
94
15
87
9
34
12
84
9
99
9
74
9
44
9
99
0
10
9
34
9
44
9
14
15
27
9
44
9
99
14
56
15
27
14
56
9
44
9
64
9
94
9
33
14
86
9
74
9
34
9
74
9
99
9
99
9
94
9
94
9
64
9
94
9
34
9
14
9
34
16
28
9
74
9
64
9
33
9
44
15
57
13
55
15
57
9
99
15
87
16
58
15
87
9
73
9
74
15
27
9
94
9
93
9
63
9
14
9
13
9
34
9
14
9
64
9
73
9
99
9
74
9
34
9
44
14
86
9
99
14
86
12
84
9
34
9
64
9
99
15
57
15
87
9
34
9
34
13
85
13
85
9
34
14
26
12
84
9
44
9
74
9
64
9
44
9
94
14
56
9
99
9
64
9
74
15
57
11
23
9
44
15
57
9
34
9
99
9
74
9
64
15
57
9
44
9
34
9
33
9
74
9
99
13
85
9
99
9
99
2
79
9
74
9
34
17
89
16
28
9
44
13
85
9
34
17
29
15
57
9
44
14
86
9
44
9
44
13
55
9
99
9
64
17
29
9
34
16
28
9
14
9
99
13
85
9
99
13
25
9
74
9
99
9
94
9
94
9
14
9
64
9
64
13
55
9
44
13
25
9
99
9
34
9
18
9
94
9
94
9
99
16
88
0
80
9
14
9
99
13
55
9
44
9
33
9
99
9
44
13
25
9
99
9
34
16
28
8
85
9
13
9
74
9
94
9
73
17
29
12
24
2
69
16
88
9
99
16
58
13
55
9
34
9
78
9
34
9
99
11
83
9
44
9
74
9
34
9
94
13
85
9
44
13
25
9
34
0
80
9
74
9
66
17
89
14
86
9
64
9
44
9
94
15
27
9
64
9
64
9
47
9
64
12
84
16
28
9
14
9
94
13
85
9
94
9
34
9
64
9
74
13
55
12
24
9
99
9
14
9
64
9
94
9
74
1
49
9
44
9
64
9
14
1
29
9
74
14
86
9
63
9
99
9
94
16
28
9
64
9
74
12
24
9
63
9
44
15
27
9
44
9
48
9
64
9
99
9
34
13
25
9
94
15
87
9
94
17
59
9
14
16
58
9
64
14
86
15
87
9
74
9
44
9
74
9
44
9
34
9
94
9
74
9
99
9
99
4
60
9
14
2
59
9
99
9
34
9
14
12
24
9
99
14
56
9
64
9
99
12
84
14
86
9
99
13
85
9
99
0
30
9
74
9
99
9
74
9
74
9
64
9
74
12
24
9
44
9
43
9
99
9
94
14
26
9
44
17
59
13
85
11
53
9
74
9
64
9
64
9
99
9
64
9
34
16
88
9
44
9
44
9
64
9
74
16
28
12
24
9
44
9
14
9
94
12
54
9
44
16
88
15
57
14
26
9
14
9
74
9
99
12
54
9
74
12
84
9
94
9
64
9
14
9
64
17
59
16
58
9
94
15
27
14
26
9
94
9
14
9
64
9
14
9
44
14
86
9
63
9
44
9
99
9
44
9
43
9
99
9
99
16
58
16
28
13
85
9
94
14
86
9
74
9
64
15
87
9
99
9
34
9
99
9
94
14
86
9
64
11
53
13
85
9
94
14
56
13
25
11
23
9
74
9
99
14
26
14
86
9
64
9
64
9
34
13
85
9
64
4
89
9
94
9
34
3
49
9
64
9
64
14
86
14
86
9
74
9
74
0
20
9
34
9
78
9
74
9
99
9
34
9
34
9
74
9
99
9
94
9
99
9
99
9
94
12
84
9
99
9
14
9
63
9
94
9
64
9
43
9
14
9
14
9
74
9
99
9
34
9
74
13
25
15
87
14
56
9
44
9
34
9
74
9
99
13
85
0
16
16
88
13
25
9
94
9
74
9
14
9
99
15
87
9
74
12
54
9
93
9
44
16
88
9
64
17
59
9
93
9
34
9
94
9
73
9
94
9
99
9
99
14
56
0
10
17
59
9
63
9
44
13
25
9
34
9
44
9
91
9
94
9
44
9
14
9
44
9
94
9
64
1
89
9
14
9
64
9
99
9
14
9
64
9
99
9
78
9
64
9
99
9
34
9
99
13
55
9
74
9
44
13
85
9
64
9
34
9
34
9
34
9
34
9
64
12
54
12
84
9
14
9
46
9
64
9
44
9
94
9
74
9
64
16
88
9
14
11
23
9
34
13
85
1
99
9
44
13
25
9
74
9
99
3
49
9
64
9
64
9
14
9
33
16
58
9
94
9
34
13
25
15
87
9
34
9
94
13
55
9
94
9
74
9
74
9
64
9
64
4
69
17
29
9
44
9
63
9
34
9
94
9
74
14
86
9
14
9
74
9
44
9
94
9
34
9
99
9
64
9
64
9
14
9
74
9
44
9
99
11
53
9
64
9
94
9
64
14
26
9
44
16
88
12
24
9
72
13
85
9
44
9
44
9
44
14
86
9
14
9
74
9
34
9
99
17
29
14
86
9
34
15
87
9
14
12
24
14
86
9
34
9
44
9
99
1
72
9
14
9
14
9
14
13
85
9
34
9
99
9
44
9
94
9
13
9
64
9
14
4
19
9
14
1
59
14
26
0
70
16
58
9
44
1
9
9
94
9
94
9
74
9
94
9
64
11
83
15
57
13
85
9
94
16
58
15
87
12
84
9
99
17
29
14
86
9
94
9
74
9
14
13
25
9
99
9
99
17
89
9
73
9
94
9
14
11
53
16
28
12
24
9
34
14
26
9
74
16
28
9
74
9
34
9
34
14
86
9
94
9
74
16
88
9
44
9
44
9
34
9
99
9
74
9
14
9
99
9
74
9
44
9
64
11
23
17
29
9
7
12
54
9
34
9
63
9
74
9
14
9
99
0
30
9
94
9
68
9
73
17
59
9
34
9
94
9
74
9
14
9
44
9
34
16
88
13
25
9
64
14
56
16
58
9
8
14
26
9
94
9
99
9
74
13
55
9
14
9
34
9
99
9
14
9
14
9
64
9
94
3
19
9
74
9
99
0
21
9
43
9
44
15
87
15
87
9
34
9
33
9
43
15
27
13
85
9
44
16
28
9
99
9
63
9
46
9
94
9
74
9
64
13
55
3
79
9
34
9
94
9
34
14
26
9
44
9
34
15
87
13
55
9
94
14
86
9
99
12
84
8
75
9
43
16
88
9
34
9
44
9
94
9
34
0
0
9
14
9
44
9
64
9
99
13
25
15
87
9
74
9
14
9
8
13
55
9
34
9
4
9
28
9
13
9
14
1
29
9
64
13
25
9
64
13
85
9
44
9
14
12
84
9
33
9
14
9
94
13
55
9
94
9
71
9
14
15
27
11
23
9
64
9
64
14
56
13
85
9
99
9
34
9
44
9
99
9
99
9
99
9
64
13
25
9
34
14
26
9
64
14
56
9
74
9
74
9
34
9
99
14
86
9
44
14
56
9
94
14
56
11
53
9
14
9
34
9
99
9
64
14
56
9
44
9
34
9
34
9
44
9
34
