7
6
7
69
3
69
7
47
6
46
4
56
3
67
6
99
0
90
7
5
4
8
4
98
7
89
7
45
5
45
5
83
6
9
4
24
6
89
6
28
4
96
6
49
4
95
3
49
6
23
6
15
6
55
4
13
3
99
6
95
5
23
7
39
7
95
3
9
3
99
6
87
6
19
3
93
5
4
7
24
3
69
5
95
3
59
3
77
6
28
6
39
6
58
6
29
3
7
6
75
5
18
4
28
6
49
4
89
3
59
3
63
7
29
3
79
6
99
4
47
6
17
7
17
7
24
6
89
0
70
3
39
4
96
7
18
5
34
6
85
3
19
3
79
3
69
6
93
5
47
5
99
5
4
4
19
7
87
3
63
6
48
5
99
5
77
5
29
4
89
4
99
6
99
5
73
3
19
4
9
5
14
6
77
3
48
4
79
3
15
4
59
6
44
5
39
4
29
7
29
5
48
6
69
3
88
5
89
7
47
4
89
3
79
7
16
5
85
5
95
7
29
7
47
7
54
3
78
5
66
6
86
6
19
3
65
5
36
7
79
7
94
3
39
7
24
5
39
4
88
4
77
5
39
3
5
6
56
3
15
4
85
3
79
4
38
6
19
5
15
4
76
7
78
4
4
3
93
6
29
6
59
4
49
3
77
4
55
4
39
4
49
3
65
4
87
6
24
5
49
4
26
6
63
5
59
7
76
4
14
4
76
4
17
6
39
7
74
3
79
5
65
5
3
5
39
4
29
6
39
6
69
7
35
3
16
4
37
7
46
4
9
7
78
7
37
0
10
4
39
4
36
5
19
3
89
3
5
3
45
3
56
0
70
6
66
7
18
4
37
3
69
3
59
3
69
5
23
5
9
7
35
6
14
3
59
3
84
4
27
7
64
3
79
5
98
4
76
6
69
3
98
6
19
5
7
7
27
5
35
7
88
6
63
5
79
3
26
3
43
3
97
3
49
3
68
3
76
6
89
5
84
5
99
5
74
4
39
4
59
7
44
3
59
3
39
3
59
6
79
6
29
6
49
6
39
3
95
4
85
5
79
4
26
5
74
4
99
7
69
4
39
5
99
0
10
3
29
7
39
7
9
5
19
6
39
6
99
4
49
5
19
7
46
6
36
6
54
3
84
5
23
4
78
7
69
6
29
3
66
6
97
7
98
3
85
3
85
5
56
5
89
7
28
7
7
3
29
6
19
5
69
4
56
5
23
4
35
5
49
3
49
7
47
7
96
5
79
6
49
5
79
4
63
5
69
6
17
6
87
3
83
4
53
4
9
5
3
4
25
3
4
5
56
4
63
5
99
3
68
3
26
4
39
4
79
7
98
6
76
4
74
7
29
4
57
5
93
5
49
5
77
6
29
5
25
7
75
3
77
3
29
4
19
4
74
6
37
7
69
4
55
5
37
5
88
7
46
7
99
3
57
5
66
6
47
4
13
6
35
6
47
3
29
4
99
4
69
7
55
5
48
7
37
5
29
5
23
3
69
7
98
3
77
5
98
4
93
2
78
7
69
7
29
7
79
6
18
6
39
3
79
6
25
7
19
5
49
7
34
4
79
5
39
4
38
3
46
5
98
6
59
7
19
4
29
6
19
6
5
6
95
3
77
7
99
3
16
4
66
4
99
7
84
7
89
5
7
3
54
4
56
5
45
7
37
5
15
6
99
7
27
5
18
4
88
5
89
7
96
6
79
0
80
5
4
7
98
5
45
5
34
4
23
4
97
5
39
3
19
6
99
4
26
6
19
6
85
6
3
3
69
6
85
3
63
7
19
6
14
2
65
6
78
6
95
6
49
6
45
4
29
3
78
4
29
3
96
3
73
4
36
6
67
4
25
5
87
7
75
3
37
3
19
6
29
0
80
7
68
6
66
7
79
5
76
7
59
6
34
7
85
5
19
4
59
4
57
7
47
7
54
5
74
6
19
6
9
6
84
7
75
3
89
6
29
6
56
7
64
5
45
5
14
5
96
6
8
4
58
7
89
4
66
1
49
7
34
3
59
6
8
1
27
7
69
4
79
3
53
4
93
4
84
6
19
5
58
5
69
5
14
6
53
4
39
5
17
3
35
7
48
3
57
5
99
5
28
3
18
3
89
5
79
7
89
7
49
3
9
6
49
5
59
4
79
6
77
7
68
7
39
7
67
5
39
5
29
5
89
5
65
7
99
6
98
4
60
6
6
2
59
7
96
5
29
3
8
5
14
5
93
4
49
4
59
5
99
7
74
4
78
4
99
6
75
7
96
0
30
7
67
3
99
7
69
5
69
3
59
4
69
5
14
4
38
3
33
3
97
3
88
6
16
7
39
7
49
3
79
6
43
6
69
4
59
3
59
6
93
7
54
7
29
6
79
7
38
4
36
7
56
7
69
6
19
6
14
7
39
5
7
3
89
6
44
3
34
6
79
5
49
7
16
3
9
5
69
4
95
4
44
7
69
6
74
6
88
6
55
3
5
5
54
7
49
6
49
4
85
5
19
4
19
6
89
6
6
5
55
6
9
3
39
5
76
3
63
6
39
4
97
7
39
4
33
5
94
6
94
6
48
6
19
3
79
6
89
4
78
4
65
5
59
5
77
7
99
4
29
3
95
5
89
4
79
3
56
4
43
3
79
4
86
4
49
3
15
4
13
3
69
7
99
4
19
4
79
4
58
7
54
3
29
3
76
5
55
4
83
6
88
6
29
3
47
3
56
3
59
4
78
4
77
7
64
3
66
0
20
5
29
5
78
3
66
5
95
5
28
4
24
6
66
6
97
3
86
5
97
5
99
6
88
5
74
3
99
6
8
6
53
7
89
6
54
4
43
6
6
6
9
6
69
7
99
6
29
7
69
7
15
5
77
4
49
5
39
6
29
4
66
3
99
3
75
0
16
6
79
3
19
5
85
3
68
3
9
3
99
5
79
4
68
7
44
6
83
5
39
6
79
6
55
7
49
5
83
4
29
3
84
4
63
5
88
6
99
7
99
4
49
0
10
7
49
4
53
7
39
3
16
7
26
6
39
4
91
4
85
3
37
6
8
4
36
6
89
7
59
1
89
7
4
3
58
5
97
7
9
6
55
4
96
7
78
7
59
6
99
6
29
6
97
3
49
4
68
7
39
4
75
5
57
5
29
7
29
7
25
5
25
6
59
6
44
4
74
3
9
6
51
6
59
7
38
4
85
5
66
6
59
6
79
5
9
6
13
7
29
5
75
1
99
4
39
3
16
6
65
7
99
3
48
7
59
6
58
3
9
5
23
6
49
5
85
6
29
3
18
7
77
3
24
6
84
6
45
3
89
7
64
5
69
4
57
4
55
4
69
7
19
7
37
5
53
7
26
3
84
7
69
4
79
3
5
3
69
7
38
7
86
7
29
6
99
7
55
3
59
5
7
6
69
7
39
3
93
5
43
3
58
7
88
4
54
4
18
6
36
6
79
3
14
4
72
3
79
5
39
7
39
6
39
4
79
3
9
7
65
5
29
4
98
7
19
4
76
6
27
6
77
4
9
4
14
4
79
4
29
6
36
6
97
1
72
4
4
3
7
3
4
3
76
4
27
5
99
6
36
4
84
5
3
4
55
4
9
4
14
7
5
1
54
4
19
0
70
6
49
5
39
1
8
4
89
5
89
6
68
4
87
6
59
5
73
5
48
7
75
4
88
7
48
6
77
3
74
5
99
7
19
4
76
6
89
6
64
6
9
7
15
6
97
3
99
7
79
6
63
6
89
7
5
3
43
6
19
3
14
7
28
4
19
7
66
6
18
4
64
6
29
4
27
5
76
3
85
6
69
6
79
4
39
3
38
5
27
3
94
4
65
4
8
6
99
4
64
5
39
7
59
4
13
7
19
5
7
3
44
4
29
5
53
6
69
3
9
4
98
0
30
5
89
3
68
4
63
7
49
5
25
7
89
3
67
5
5
6
37
4
26
7
78
3
19
6
59
4
49
6
49
6
8
6
16
7
85
7
99
3
69
3
49
7
9
6
27
3
99
7
8
6
9
3
55
3
85
3
14
7
66
6
99
0
21
5
44
5
39
7
77
5
79
7
29
7
34
3
33
5
18
3
78
6
38
6
19
6
98
4
63
3
52
5
89
7
69
3
58
5
45
3
79
5
29
7
88
6
25
4
19
4
35
3
29
5
79
4
45
6
89
4
79
4
99
5
74
6
75
3
43
6
79
4
26
3
37
5
89
6
29
0
0
7
9
6
38
7
58
7
99
3
17
5
77
6
67
5
4
3
8
3
45
7
25
3
4
5
28
3
3
7
9
1
29
3
57
7
15
7
59
3
79
4
37
7
8
7
74
3
23
6
9
7
89
7
45
5
89
6
71
3
9
5
19
3
13
6
59
5
55
7
46
3
79
5
93
3
24
6
39
5
99
7
99
6
99
7
64
3
19
3
29
4
19
7
64
4
48
6
66
7
64
6
29
4
98
4
76
5
34
6
46
5
88
6
46
6
43
6
5
6
29
4
99
7
59
4
47
7
38
4
27
7
26
6
39
6
29
