9
13
9
74
9
72
12
54
11
53
9
63
9
72
9
99
0
90
9
12
9
13
9
99
9
94
10
52
10
52
9
90
9
14
9
31
9
94
9
34
9
99
13
55
9
99
10
52
9
30
10
22
9
62
9
13
9
99
9
99
9
30
9
44
9
99
9
12
9
99
9
94
13
25
9
99
9
11
9
31
9
72
9
99
9
62
10
82
9
34
9
44
9
64
9
34
9
12
10
82
12
24
9
33
13
55
9
93
9
62
9
70
9
34
10
82
9
99
11
53
12
24
12
24
9
31
9
94
0
70
9
42
9
99
13
25
9
41
9
92
10
22
10
82
9
72
9
99
12
54
9
99
9
11
11
23
9
94
9
63
13
55
9
99
12
84
9
34
9
93
9
99
9
99
9
80
10
22
9
13
9
21
12
84
10
52
11
83
10
22
9
63
9
51
9
44
9
33
9
34
12
54
9
74
9
92
9
94
12
54
9
93
10
82
11
23
9
92
9
99
9
34
12
54
9
61
10
82
9
66
9
93
13
25
9
72
9
43
14
86
9
99
9
42
9
31
9
44
9
93
11
83
9
44
9
12
9
63
10
22
9
92
10
82
9
43
13
25
10
22
11
83
13
85
9
11
9
99
9
34
9
64
11
53
10
82
9
62
9
43
11
53
9
72
9
93
9
31
12
54
9
33
9
70
9
64
11
83
9
21
11
83
11
23
9
44
9
81
10
82
9
72
9
10
9
44
9
33
9
44
9
74
9
42
10
22
9
43
11
53
9
13
13
85
9
44
0
10
9
43
9
43
12
24
9
92
9
12
10
52
9
62
0
70
9
73
13
25
9
43
9
72
9
62
9
72
9
30
9
14
9
42
9
21
9
62
9
91
9
33
9
71
10
82
9
99
11
83
9
74
9
99
13
25
9
14
9
34
9
42
9
94
9
70
12
84
9
32
9
50
9
99
10
52
9
72
10
82
9
94
9
91
9
99
9
81
9
43
9
63
9
51
9
62
9
42
9
62
13
85
9
34
13
55
9
44
9
99
9
92
12
84
9
33
9
81
9
99
9
74
9
43
9
99
0
10
9
32
9
44
9
14
12
24
9
44
9
99
11
53
12
24
11
53
9
43
9
61
9
91
9
30
11
83
9
74
9
34
9
72
9
99
9
99
9
92
9
92
9
63
9
94
9
34
9
14
9
32
13
25
9
74
9
63
9
30
9
42
12
54
10
52
12
54
9
99
12
84
13
55
12
84
9
70
9
74
12
24
9
94
9
90
9
60
9
13
9
10
9
32
9
11
9
63
9
70
9
99
9
72
9
32
9
43
11
83
9
99
11
83
9
81
9
34
9
63
9
99
12
54
12
84
9
34
9
32
10
82
10
82
9
32
11
23
9
81
9
44
9
74
9
62
9
44
9
94
11
53
9
99
9
62
9
73
12
54
9
20
9
42
12
54
9
32
9
99
9
73
9
62
12
54
9
44
9
34
9
30
9
72
9
99
10
82
9
99
9
99
2
79
9
74
9
34
14
86
13
25
9
44
10
82
9
32
14
26
12
54
9
41
11
83
9
44
9
43
10
52
9
99
9
64
14
26
9
33
13
25
9
12
9
99
10
82
9
99
10
22
9
73
9
99
9
91
9
94
9
14
9
61
9
63
10
52
9
44
10
22
9
99
9
34
9
18
9
93
9
94
9
99
13
85
0
80
9
11
9
99
10
52
9
41
9
30
9
99
9
44
10
22
9
99
9
33
13
25
8
85
9
10
9
72
9
92
9
70
14
26
9
21
2
69
13
85
9
99
13
55
10
52
9
33
9
78
9
33
9
99
9
80
9
43
9
74
9
32
9
94
10
82
9
42
10
22
9
34
0
80
9
74
9
66
14
86
11
83
9
64
9
41
9
92
12
24
9
63
9
63
9
47
9
61
9
81
13
25
9
14
9
91
10
82
9
92
9
34
9
63
9
71
10
52
9
21
9
99
9
14
9
63
9
94
9
73
1
49
9
41
9
62
9
14
1
29
9
74
11
83
9
60
9
99
9
91
13
25
9
64
9
74
9
21
9
60
9
43
12
24
9
42
9
48
9
62
9
99
9
34
10
22
9
92
12
84
9
94
14
56
9
12
13
55
9
64
11
83
12
84
9
74
9
44
9
74
9
44
9
34
9
94
9
72
9
99
9
99
4
60
9
13
2
59
9
99
9
34
9
12
9
21
9
99
11
53
9
63
9
99
9
81
11
83
9
99
10
82
9
99
0
30
9
74
9
99
9
74
9
74
9
62
9
73
9
21
9
43
9
40
9
99
9
92
11
23
9
44
14
56
10
82
9
50
9
74
9
63
9
62
9
99
9
61
9
34
13
85
9
44
9
43
9
63
9
74
13
25
9
21
9
44
9
14
9
92
9
51
9
41
13
85
12
54
11
23
9
12
9
74
9
99
9
51
9
74
9
81
9
94
9
62
9
12
9
61
14
56
13
55
9
92
12
24
11
23
9
94
9
13
9
62
9
14
9
42
11
83
9
63
9
44
9
99
9
44
9
40
9
99
9
99
13
55
13
25
10
82
9
94
11
83
9
72
9
64
12
84
9
99
9
33
9
99
9
94
11
83
9
62
9
50
10
82
9
93
11
53
10
22
9
20
9
72
9
99
11
23
11
83
9
63
9
61
9
32
10
82
9
62
4
89
9
94
9
34
3
49
9
62
9
62
11
83
11
83
9
71
9
72
0
20
9
34
9
78
9
72
9
99
9
34
9
31
9
73
9
99
9
92
9
99
9
99
9
94
9
81
9
99
9
14
9
60
9
94
9
61
9
43
9
13
9
14
9
74
9
99
9
34
9
74
10
22
12
84
11
53
9
44
9
34
9
73
9
99
10
82
0
16
13
85
10
22
9
92
9
72
9
12
9
99
12
84
9
73
9
51
9
90
9
44
13
85
9
62
14
56
9
90
9
33
9
91
9
70
9
94
9
99
9
99
11
53
0
10
14
56
9
60
9
44
10
22
9
33
9
44
9
91
9
92
9
42
9
14
9
43
9
94
9
64
1
89
9
11
9
62
9
99
9
14
9
62
9
99
9
78
9
64
9
99
9
34
9
99
10
52
9
73
9
44
10
82
9
64
9
34
9
34
9
32
9
32
9
64
9
51
9
81
9
12
9
46
9
64
9
44
9
92
9
73
9
64
13
85
9
14
9
20
9
34
10
82
1
99
9
43
10
22
9
72
9
99
3
49
9
64
9
64
9
12
9
30
13
55
9
92
9
34
10
22
12
84
9
31
9
91
10
52
9
92
9
71
9
74
9
63
9
62
4
69
14
26
9
44
9
60
9
33
9
91
9
74
11
83
9
12
9
72
9
44
9
93
9
34
9
99
9
62
9
62
9
14
9
74
9
44
9
99
9
50
9
62
9
94
9
61
11
23
9
43
13
85
9
21
9
72
10
82
9
44
9
44
9
44
11
83
9
12
9
72
9
34
9
99
14
26
11
83
9
34
12
84
9
13
9
21
11
83
9
33
9
43
9
99
1
72
9
11
9
12
9
11
10
82
9
33
9
99
9
43
9
91
9
10
9
62
9
13
4
19
9
12
1
59
11
23
0
70
13
55
9
44
1
9
9
93
9
94
9
74
9
93
9
64
9
80
12
54
10
82
9
93
13
55
12
84
9
81
9
99
14
26
11
83
9
94
9
71
9
14
10
22
9
99
9
99
14
86
9
70
9
94
9
12
9
50
13
25
9
21
9
34
11
23
9
73
13
25
9
71
9
34
9
33
11
83
9
92
9
74
13
85
9
43
9
42
9
34
9
99
9
72
9
13
9
99
9
71
9
44
9
64
9
20
14
26
9
7
9
51
9
33
9
60
9
74
9
12
9
99
0
30
9
94
9
68
9
70
14
56
9
32
9
94
9
72
9
12
9
44
9
33
13
85
10
22
9
64
11
53
13
55
9
8
11
23
9
92
9
99
9
72
10
52
9
14
9
34
9
99
9
14
9
14
9
62
9
92
3
19
9
73
9
99
0
21
9
43
9
44
12
84
12
84
9
34
9
33
9
40
12
24
10
82
9
44
13
25
9
99
9
63
9
48
9
94
9
74
9
62
10
52
3
79
9
34
9
94
9
32
11
23
9
42
9
32
12
84
10
52
9
94
11
83
9
99
9
81
8
75
9
43
13
85
9
33
9
42
9
94
9
34
0
0
9
14
9
44
9
64
9
99
10
22
12
84
9
74
9
11
9
8
10
52
9
32
9
4
9
28
9
10
9
14
1
29
9
62
10
22
9
64
10
82
9
43
9
14
9
81
9
30
9
14
9
94
10
52
9
94
9
71
9
12
12
24
9
20
9
64
9
62
11
53
10
82
9
99
9
31
9
44
9
99
9
99
9
99
9
64
10
22
9
32
11
23
9
64
11
53
9
73
9
71
9
34
9
99
11
83
9
41
11
53
9
94
11
53
9
50
9
12
9
34
9
99
9
64
11
53
9
44
9
33
9
33
9
44
9
34
