9
14
9
74
9
74
14
56
13
55
9
64
9
74
9
99
0
90
9
14
9
14
9
99
9
94
12
54
12
54
9
92
9
14
9
33
9
94
9
34
9
99
15
57
9
99
12
54
9
32
12
24
9
64
9
13
9
99
9
99
9
32
9
44
9
99
9
14
9
99
9
94
15
27
9
99
9
13
9
33
9
74
9
99
9
64
12
84
9
34
9
44
9
64
9
34
9
14
12
84
14
26
9
34
15
57
9
94
9
64
9
72
9
34
12
84
9
99
13
55
14
26
14
26
9
33
9
94
0
70
9
44
9
99
15
27
9
43
9
94
12
24
12
84
9
74
9
99
14
56
9
99
9
13
13
25
9
94
9
63
15
57
9
99
14
86
9
34
9
94
9
99
9
99
10
82
12
24
9
14
11
23
14
86
12
54
13
85
12
24
9
64
11
53
9
44
9
34
9
34
14
56
9
74
9
94
9
94
14
56
9
94
12
84
13
25
9
94
9
99
9
34
14
56
9
63
12
84
9
66
9
94
15
27
9
74
9
44
16
88
9
99
9
44
9
33
9
44
9
94
13
85
9
44
9
14
9
64
12
24
9
94
12
84
9
44
15
27
12
24
13
85
15
87
9
13
9
99
9
34
9
64
13
55
12
84
9
64
9
44
13
55
9
74
9
94
9
33
14
56
9
34
9
72
9
64
13
85
11
23
13
85
13
25
9
44
11
83
12
84
9
74
9
12
9
44
9
34
9
44
9
74
9
44
12
24
9
44
13
55
9
14
15
87
9
44
0
10
9
44
9
44
14
26
9
94
9
14
12
54
9
64
0
70
9
74
15
27
9
44
9
74
9
64
9
74
9
32
9
14
9
44
11
23
9
64
9
93
9
34
9
73
12
84
9
99
13
85
9
74
9
99
15
27
9
14
9
34
9
44
9
94
9
72
14
86
9
34
10
52
9
99
12
54
9
74
12
84
9
94
9
93
9
99
11
83
9
44
9
64
11
53
9
64
9
44
9
64
15
87
9
34
15
57
9
44
9
99
9
94
14
86
9
34
11
83
9
99
9
74
9
44
9
99
0
10
9
34
9
44
9
14
14
26
9
44
9
99
13
55
14
26
13
55
9
44
9
63
9
93
9
32
13
85
9
74
9
34
9
74
9
99
9
99
9
94
9
94
9
64
9
94
9
34
9
14
9
34
15
27
9
74
9
64
9
32
9
44
14
56
12
54
14
56
9
99
14
86
15
57
14
86
9
72
9
74
14
26
9
94
9
92
9
62
9
14
9
12
9
34
9
13
9
64
9
72
9
99
9
74
9
34
9
44
13
85
9
99
13
85
11
83
9
34
9
64
9
99
14
56
14
86
9
34
9
34
12
84
12
84
9
34
13
25
11
83
9
44
9
74
9
64
9
44
9
94
13
55
9
99
9
64
9
74
14
56
10
22
9
44
14
56
9
34
9
99
9
74
9
64
14
56
9
44
9
34
9
32
9
74
9
99
12
84
9
99
9
99
2
79
9
74
9
34
16
88
15
27
9
44
12
84
9
34
16
28
14
56
9
43
13
85
9
44
9
44
12
54
9
99
9
64
16
28
9
34
15
27
9
14
9
99
12
84
9
99
12
24
9
74
9
99
9
93
9
94
9
14
9
63
9
64
12
54
9
44
12
24
9
99
9
34
9
18
9
94
9
94
9
99
15
87
0
80
9
13
9
99
12
54
9
43
9
32
9
99
9
44
12
24
9
99
9
34
15
27
8
85
9
12
9
74
9
94
9
72
16
28
11
23
2
69
15
87
9
99
15
57
12
54
9
34
9
78
9
34
9
99
10
82
9
44
9
74
9
34
9
94
12
84
9
44
12
24
9
34
0
80
9
74
9
66
16
88
13
85
9
64
9
43
9
94
14
26
9
64
9
64
9
47
9
63
11
83
15
27
9
14
9
93
12
84
9
94
9
34
9
64
9
73
12
54
11
23
9
99
9
14
9
64
9
94
9
74
1
49
9
43
9
64
9
14
1
29
9
74
13
85
9
62
9
99
9
93
15
27
9
64
9
74
11
23
9
62
9
44
14
26
9
44
9
48
9
64
9
99
9
34
12
24
9
94
14
86
9
94
16
58
9
14
15
57
9
64
13
85
14
86
9
74
9
44
9
74
9
44
9
34
9
94
9
74
9
99
9
99
4
60
9
14
2
59
9
99
9
34
9
14
11
23
9
99
13
55
9
64
9
99
11
83
13
85
9
99
12
84
9
99
0
30
9
74
9
99
9
74
9
74
9
64
9
74
11
23
9
44
9
42
9
99
9
94
13
25
9
44
16
58
12
84
10
52
9
74
9
64
9
64
9
99
9
63
9
34
15
87
9
44
9
44
9
64
9
74
15
27
11
23
9
44
9
14
9
94
11
53
9
43
15
87
14
56
13
25
9
14
9
74
9
99
11
53
9
74
11
83
9
94
9
64
9
14
9
63
16
58
15
57
9
94
14
26
13
25
9
94
9
14
9
64
9
14
9
44
13
85
9
63
9
44
9
99
9
44
9
42
9
99
9
99
15
57
15
27
12
84
9
94
13
85
9
74
9
64
14
86
9
99
9
34
9
99
9
94
13
85
9
64
10
52
12
84
9
94
13
55
12
24
10
22
9
74
9
99
13
25
13
85
9
64
9
63
9
34
12
84
9
64
4
89
9
94
9
34
3
49
9
64
9
64
13
85
13
85
9
73
9
74
0
20
9
34
9
78
9
74
9
99
9
34
9
33
9
74
9
99
9
94
9
99
9
99
9
94
11
83
9
99
9
14
9
62
9
94
9
63
9
43
9
14
9
14
9
74
9
99
9
34
9
74
12
24
14
86
13
55
9
44
9
34
9
74
9
99
12
84
0
16
15
87
12
24
9
94
9
74
9
14
9
99
14
86
9
74
11
53
9
92
9
44
15
87
9
64
16
58
9
92
9
34
9
93
9
72
9
94
9
99
9
99
13
55
0
10
16
58
9
62
9
44
12
24
9
34
9
44
9
91
9
94
9
44
9
14
9
44
9
94
9
64
1
89
9
13
9
64
9
99
9
14
9
64
9
99
9
78
9
64
9
99
9
34
9
99
12
54
9
74
9
44
12
84
9
64
9
34
9
34
9
34
9
34
9
64
11
53
11
83
9
14
9
46
9
64
9
44
9
94
9
74
9
64
15
87
9
14
10
22
9
34
12
84
1
99
9
44
12
24
9
74
9
99
3
49
9
64
9
64
9
14
9
32
15
57
9
94
9
34
12
24
14
86
9
33
9
93
12
54
9
94
9
73
9
74
9
64
9
64
4
69
16
28
9
44
9
62
9
34
9
93
9
74
13
85
9
14
9
74
9
44
9
94
9
34
9
99
9
64
9
64
9
14
9
74
9
44
9
99
10
52
9
64
9
94
9
63
13
25
9
44
15
87
11
23
9
72
12
84
9
44
9
44
9
44
13
85
9
14
9
74
9
34
9
99
16
28
13
85
9
34
14
86
9
14
11
23
13
85
9
34
9
44
9
99
1
72
9
13
9
14
9
13
12
84
9
34
9
99
9
44
9
93
9
12
9
64
9
14
4
19
9
14
1
59
13
25
0
70
15
57
9
44
1
9
9
94
9
94
9
74
9
94
9
64
10
82
14
56
12
84
9
94
15
57
14
86
11
83
9
99
16
28
13
85
9
94
9
73
9
14
12
24
9
99
9
99
16
88
9
72
9
94
9
14
10
52
15
27
11
23
9
34
13
25
9
74
15
27
9
73
9
34
9
34
13
85
9
94
9
74
15
87
9
44
9
44
9
34
9
99
9
74
9
14
9
99
9
73
9
44
9
64
10
22
16
28
9
7
11
53
9
34
9
62
9
74
9
14
9
99
0
30
9
94
9
68
9
72
16
58
9
34
9
94
9
74
9
14
9
44
9
34
15
87
12
24
9
64
13
55
15
57
9
8
13
25
9
94
9
99
9
74
12
54
9
14
9
34
9
99
9
14
9
14
9
64
9
94
3
19
9
74
9
99
0
21
9
43
9
44
14
86
14
86
9
34
9
33
9
42
14
26
12
84
9
44
15
27
9
99
9
63
9
46
9
94
9
74
9
64
12
54
3
79
9
34
9
94
9
34
13
25
9
44
9
34
14
86
12
54
9
94
13
85
9
99
11
83
8
75
9
43
15
87
9
34
9
44
9
94
9
34
0
0
9
14
9
44
9
64
9
99
12
24
14
86
9
74
9
13
9
8
12
54
9
34
9
4
9
28
9
12
9
14
1
29
9
64
12
24
9
64
12
84
9
44
9
14
11
83
9
32
9
14
9
94
12
54
9
94
9
71
9
14
14
26
10
22
9
64
9
64
13
55
12
84
9
99
9
33
9
44
9
99
9
99
9
99
9
64
12
24
9
34
13
25
9
64
13
55
9
74
9
73
9
34
9
99
13
85
9
43
13
55
9
94
13
55
10
52
9
14
9
34
9
99
9
64
13
55
9
44
9
34
9
34
9
44
9
34
