8
7
8
70
4
69
8
48
7
47
5
57
4
68
7
99
0
90
8
6
5
9
5
99
8
90
8
46
6
46
6
84
7
9
5
25
7
89
7
29
5
97
7
49
5
96
4
49
7
24
7
16
7
56
5
13
4
99
7
96
6
24
8
40
8
96
4
9
4
99
7
88
7
19
4
94
6
5
8
25
4
69
6
96
4
59
4
78
7
29
7
39
7
59
7
29
4
8
7
76
6
19
5
29
7
49
5
89
4
59
4
64
8
30
4
79
7
99
5
48
7
18
8
18
8
25
7
89
0
70
4
39
5
97
8
19
6
35
7
86
4
19
4
79
4
69
7
94
6
48
6
99
6
5
5
19
8
88
4
63
7
49
6
99
6
78
6
29
5
89
5
99
7
99
6
74
4
19
5
9
6
15
7
78
4
49
5
79
4
16
5
59
7
45
6
39
5
29
8
30
6
49
7
69
4
89
6
89
8
48
5
89
4
79
8
17
6
86
6
96
8
30
8
48
8
55
4
79
6
66
7
87
7
19
4
66
6
37
8
80
8
95
4
39
8
25
6
39
5
89
5
78
6
39
4
6
7
57
4
16
5
86
4
79
5
39
7
19
6
16
5
77
8
79
5
5
4
94
7
29
7
59
5
49
4
78
5
56
5
39
5
49
4
66
5
88
7
25
6
49
5
27
7
64
6
59
8
77
5
15
5
77
5
18
7
39
8
75
4
79
6
66
6
4
6
39
5
29
7
39
7
69
8
36
4
17
5
38
8
47
5
9
8
79
8
38
0
10
5
39
5
37
6
19
4
89
4
6
4
46
4
57
0
70
7
67
8
19
5
38
4
69
4
59
4
69
6
24
6
9
8
36
7
15
4
59
4
85
5
28
8
65
4
79
6
99
5
77
7
69
4
99
7
19
6
8
8
28
6
36
8
89
7
64
6
79
4
27
4
44
4
98
4
49
4
69
4
77
7
89
6
85
6
99
6
75
5
39
5
59
8
45
4
59
4
39
4
59
7
79
7
29
7
49
7
39
4
96
5
86
6
79
5
27
6
75
5
99
8
70
5
39
6
99
0
10
4
29
8
40
8
10
6
19
7
39
7
99
5
49
6
19
8
47
7
37
7
55
4
85
6
24
5
79
8
70
7
29
4
67
7
98
8
99
4
86
4
86
6
57
6
89
8
29
8
8
4
29
7
19
6
69
5
57
6
24
5
36
6
49
4
49
8
48
8
97
6
79
7
49
6
79
5
64
6
69
7
18
7
88
4
84
5
54
5
9
6
4
5
26
4
5
6
57
5
64
6
99
4
69
4
27
5
39
5
79
8
99
7
77
5
75
8
30
5
58
6
94
6
49
6
78
7
29
6
26
8
76
4
78
4
29
5
19
5
75
7
38
8
70
5
56
6
38
6
89
8
47
8
99
4
58
6
67
7
48
5
14
7
36
7
48
4
29
5
99
5
69
8
56
6
49
8
38
6
29
6
24
4
69
8
99
4
78
6
99
5
94
2
79
8
70
8
30
8
80
7
19
7
39
4
79
7
26
8
20
6
49
8
35
5
79
6
39
5
39
4
47
6
99
7
59
8
20
5
29
7
19
7
6
7
96
4
78
8
99
4
17
5
67
5
99
8
85
8
90
6
8
4
55
5
57
6
46
8
38
6
16
7
99
8
28
6
18
5
89
6
89
8
97
7
79
0
80
6
5
8
99
6
46
6
35
5
24
5
98
6
39
4
19
7
99
5
27
7
19
7
85
7
4
4
69
7
86
4
64
8
20
7
15
2
66
7
79
7
96
7
49
7
46
5
29
4
78
5
29
4
97
4
74
5
37
7
68
5
26
6
88
8
76
4
38
4
19
7
29
0
80
8
69
7
66
8
80
6
77
8
60
7
35
8
86
6
19
5
59
5
58
8
47
8
55
6
75
7
19
7
9
7
85
8
76
4
89
7
29
7
57
8
65
6
46
6
15
6
97
7
9
5
59
8
90
5
67
1
49
8
35
4
59
7
9
1
28
8
70
5
79
4
54
5
94
5
85
7
19
6
59
6
69
6
15
7
54
5
39
6
18
4
36
8
48
4
58
6
99
6
29
4
19
4
89
6
79
8
90
8
50
4
9
7
49
6
59
5
79
7
78
8
69
8
40
8
68
6
39
6
29
6
89
6
66
8
99
7
99
4
60
7
7
2
59
8
97
6
29
4
9
6
15
6
94
5
49
5
59
6
99
8
75
5
79
5
99
7
76
8
97
0
30
8
68
4
99
8
70
6
69
4
59
5
69
6
15
5
39
4
34
4
98
4
89
7
17
8
40
8
50
4
79
7
44
7
69
5
59
4
59
7
94
8
55
8
30
7
79
8
39
5
37
8
57
8
70
7
19
7
15
8
40
6
8
4
89
7
45
4
35
7
79
6
49
8
17
4
9
6
69
5
96
5
45
8
70
7
75
7
89
7
56
4
6
6
55
8
50
7
49
5
86
6
19
5
19
7
89
7
7
6
56
7
9
4
39
6
77
4
63
7
39
5
98
8
40
5
34
6
95
7
95
7
49
7
19
4
79
7
89
5
79
5
66
6
59
6
78
8
99
5
29
4
96
6
89
5
79
4
57
5
44
4
79
5
87
5
49
4
16
5
14
4
69
8
99
5
19
5
79
5
59
8
55
4
29
4
77
6
56
4
84
7
89
7
29
3
48
4
57
4
59
5
79
5
78
8
65
4
67
0
20
6
29
6
78
4
67
6
96
6
29
5
25
7
67
7
98
4
87
6
98
6
99
7
89
6
75
4
99
7
9
7
54
8
90
7
55
5
43
7
7
7
9
7
69
8
99
7
29
8
70
8
16
6
78
5
49
6
39
7
29
5
67
4
99
4
76
0
16
7
79
4
19
6
86
4
69
4
9
4
99
6
79
5
69
8
45
7
84
6
39
7
79
7
56
8
50
6
84
5
29
4
85
5
64
6
89
7
99
8
99
5
49
0
10
8
50
5
54
8
40
4
17
8
27
7
39
5
91
5
86
4
38
7
9
5
37
7
89
8
60
1
89
8
5
4
59
6
98
8
10
7
56
5
97
8
78
8
60
7
99
7
29
7
98
4
49
5
69
8
40
5
76
6
58
6
29
8
30
8
26
6
26
7
59
7
45
5
75
4
9
7
51
7
59
8
39
5
86
6
67
7
59
7
79
6
9
7
14
8
30
6
76
1
99
5
39
4
17
7
66
8
99
3
49
8
60
7
59
4
9
6
24
7
49
6
86
7
29
4
19
8
78
4
25
7
85
7
46
4
89
8
65
6
69
5
58
5
56
4
69
8
20
8
38
6
54
8
27
4
85
8
70
5
79
4
6
4
69
8
39
8
87
8
30
7
99
8
56
4
59
6
8
7
69
8
40
4
94
6
44
4
59
8
89
5
55
5
19
7
37
7
79
4
15
5
72
4
79
6
39
8
40
7
39
5
79
4
9
8
66
6
29
5
99
8
20
5
77
7
28
7
78
5
9
5
15
5
79
5
29
7
37
7
98
1
72
5
5
4
8
4
5
4
77
5
28
6
99
7
37
5
85
6
4
5
56
5
9
4
15
8
6
1
55
5
19
0
70
7
49
6
39
1
9
5
89
6
89
7
69
5
88
7
59
6
74
6
49
8
76
5
89
8
49
7
78
4
75
6
99
8
20
5
77
7
89
7
65
7
9
8
16
7
98
4
99
8
80
7
64
7
89
8
6
4
44
7
19
4
15
8
29
5
19
8
67
7
19
5
65
7
29
5
28
6
77
4
86
7
69
7
79
5
39
4
39
6
28
4
95
5
66
5
9
7
99
5
65
6
39
8
60
5
14
8
20
6
7
4
45
5
29
6
54
7
69
4
9
5
99
0
30
6
89
4
68
5
64
8
50
6
26
8
90
4
68
6
6
7
38
5
27
8
79
4
19
7
59
5
49
7
49
7
8
7
17
8
86
8
99
4
69
4
49
8
10
7
28
4
99
8
9
7
9
4
56
4
86
3
15
8
67
7
99
0
21
6
44
6
39
8
78
6
79
8
30
8
34
4
34
6
19
4
79
7
39
7
19
7
99
5
63
4
51
6
89
8
70
4
59
6
46
3
79
6
29
8
89
7
26
5
19
5
36
4
29
6
79
5
46
7
89
5
79
5
99
6
75
7
75
4
43
7
79
5
27
4
38
6
89
7
29
0
0
8
10
7
39
8
59
8
99
4
18
6
78
7
68
6
5
4
8
4
46
8
26
4
4
6
28
4
4
8
10
1
29
4
58
8
16
8
60
4
79
5
38
8
9
8
75
4
24
7
9
8
90
8
46
6
89
7
71
4
9
6
19
4
14
7
59
6
56
8
47
4
79
6
94
4
25
7
39
6
99
8
99
7
99
8
64
4
19
4
29
5
19
8
64
5
49
7
67
8
65
7
29
5
99
5
77
6
35
7
47
6
89
7
47
7
44
7
6
7
29
5
99
8
60
5
48
8
39
5
28
8
27
7
39
7
29
