9
10
9
73
7
69
9
51
9
50
8
60
7
69
9
99
0
90
9
9
8
10
8
99
9
93
9
49
9
49
9
87
9
12
8
28
9
92
9
32
8
99
10
52
8
99
7
49
9
27
9
19
9
59
8
13
7
99
9
99
9
27
9
43
9
99
7
9
7
99
9
91
10
22
7
97
9
8
9
28
7
69
9
99
7
59
7
79
9
32
9
42
9
62
9
32
7
9
9
79
9
21
8
30
10
52
8
90
7
59
7
67
9
33
7
79
9
99
8
50
9
21
9
21
9
28
9
92
0
70
7
39
8
99
10
22
9
38
9
89
7
19
7
79
7
69
9
97
9
51
9
99
9
8
8
20
9
91
7
63
10
52
9
99
9
81
9
31
8
90
8
99
9
99
9
77
7
19
8
10
9
18
9
81
7
49
8
80
7
19
8
60
9
48
9
41
8
30
9
33
9
51
9
72
7
89
9
91
9
51
8
90
7
79
9
20
9
89
9
99
9
33
9
51
9
58
7
79
9
66
9
90
10
22
7
69
9
40
11
83
9
98
7
39
9
28
9
41
8
90
8
80
9
41
7
9
9
60
7
19
8
89
7
79
8
40
10
22
9
19
8
80
10
82
8
8
7
97
9
32
9
62
8
50
7
79
8
59
8
40
8
50
7
69
8
90
9
28
9
51
8
30
9
67
9
61
9
80
8
18
8
80
8
20
9
42
9
78
7
79
9
69
9
7
9
41
8
30
9
42
9
72
9
39
7
19
8
40
9
50
8
10
10
82
9
41
0
10
8
40
8
40
9
21
7
89
7
9
7
49
7
59
0
70
9
70
10
22
8
40
7
69
7
59
7
69
9
27
9
11
9
39
9
18
7
59
7
88
8
30
9
68
7
79
9
99
8
80
9
72
7
99
10
22
9
11
9
31
9
39
9
92
9
67
9
81
7
29
7
47
7
99
7
49
7
69
7
79
9
92
9
88
9
99
9
78
8
40
8
60
9
48
7
59
7
39
7
59
10
82
9
32
10
52
9
42
7
99
8
89
9
81
8
30
9
78
8
99
9
73
8
40
9
99
0
10
7
29
9
43
9
13
9
21
9
42
9
99
8
50
9
21
9
50
9
40
9
58
7
88
9
27
8
80
9
73
9
32
7
69
9
99
9
99
7
89
7
89
9
60
9
91
9
32
9
11
7
29
10
22
9
71
8
60
9
27
8
39
9
51
7
49
9
51
9
99
9
81
10
52
9
81
8
67
9
71
9
21
9
91
7
87
8
57
8
10
9
7
8
29
7
8
9
60
8
67
9
99
7
69
7
29
8
40
8
80
9
99
9
80
8
78
9
33
8
60
9
97
9
51
9
81
9
32
9
29
9
79
7
79
7
29
8
20
8
78
9
41
9
73
8
59
9
41
9
91
9
50
9
99
7
59
9
70
9
51
8
17
9
39
9
51
7
29
8
99
8
70
9
59
9
51
9
41
9
31
9
27
7
69
9
99
7
79
9
99
8
97
2
79
9
73
9
33
11
83
10
22
9
42
7
79
9
29
11
23
9
51
9
38
8
80
9
41
8
40
7
49
9
99
9
62
11
23
8
30
10
22
9
9
9
99
7
79
9
99
7
19
8
70
8
99
9
88
9
93
9
11
7
58
8
60
9
49
9
41
9
19
9
99
9
31
9
18
8
90
9
91
9
99
10
82
0
80
9
8
9
99
9
49
9
38
8
27
8
99
9
41
7
19
9
99
8
30
10
22
8
85
9
7
7
69
9
89
7
67
11
23
9
18
2
69
10
82
9
99
10
52
9
49
8
30
7
78
8
30
7
99
7
77
8
40
9
71
8
29
9
91
9
79
7
39
7
19
9
32
0
80
9
72
9
66
11
83
9
80
9
63
9
38
9
89
9
21
8
60
8
60
9
47
9
58
9
78
10
22
9
12
9
88
9
79
7
89
9
32
9
60
9
68
9
49
9
18
9
99
9
12
8
60
9
93
8
70
1
49
9
38
7
59
9
12
1
29
9
73
8
80
7
57
8
97
8
88
10
22
9
61
9
71
9
18
9
57
8
40
9
21
7
39
9
48
7
59
9
99
9
31
7
19
7
89
9
81
9
93
11
53
7
9
10
52
9
61
8
80
9
81
9
72
9
43
9
71
9
41
9
31
9
91
9
69
9
99
9
99
4
60
9
10
2
59
9
99
9
31
7
9
9
18
9
97
8
50
8
60
9
99
9
78
8
80
8
99
9
79
9
99
0
30
9
71
7
99
9
73
9
71
7
59
8
70
9
18
8
40
7
37
7
99
7
89
9
20
9
43
11
53
7
79
9
47
9
72
8
60
7
59
9
97
9
58
9
33
10
82
9
42
8
40
9
60
9
73
10
22
9
18
9
43
9
11
7
89
9
48
7
38
10
82
9
51
9
20
7
9
9
71
8
99
8
48
9
73
9
78
9
92
9
59
7
9
9
58
11
53
10
52
8
89
9
21
8
20
9
92
9
10
9
59
9
12
7
39
9
80
7
63
9
42
8
99
9
43
8
37
9
98
9
98
10
52
10
22
7
79
9
92
8
80
8
69
9
61
9
81
9
99
8
30
7
99
9
91
8
80
7
59
8
47
7
79
8
90
8
50
7
19
8
17
7
69
9
99
8
20
8
80
8
60
9
58
7
29
7
79
9
59
4
87
9
92
9
32
3
49
7
59
7
59
8
80
8
80
9
68
7
69
0
20
9
31
9
78
7
69
9
99
9
31
8
28
9
70
9
99
7
89
9
99
9
99
9
92
9
78
7
99
9
12
9
57
9
93
9
58
8
43
9
10
9
12
9
72
9
99
9
32
9
73
9
19
9
81
8
50
9
41
9
32
8
70
7
99
7
79
0
16
10
82
7
19
9
89
7
69
7
9
7
99
9
81
8
70
9
48
9
87
9
41
10
82
9
59
11
53
9
87
8
30
7
88
8
67
9
91
9
99
9
99
8
50
0
10
11
53
8
57
9
43
7
19
9
30
9
42
8
91
8
89
7
39
9
12
8
40
9
92
9
63
1
89
9
8
7
59
9
99
9
13
9
59
8
99
9
78
9
63
9
99
9
32
9
99
7
49
8
70
9
43
8
79
9
61
9
31
9
33
9
29
9
29
9
62
9
48
8
78
7
9
9
48
9
62
9
42
8
89
9
70
9
62
10
82
9
11
9
17
9
33
9
79
1
99
8
40
7
19
9
69
9
99
3
49
9
63
9
62
7
9
9
27
10
52
9
89
9
32
7
19
9
81
7
28
9
88
9
49
7
89
9
68
9
71
8
60
8
59
4
69
11
23
9
41
9
57
9
30
7
88
9
73
8
80
7
9
7
69
9
42
9
90
9
33
9
99
9
59
7
59
9
11
9
72
9
43
7
97
9
47
7
59
9
92
8
58
8
20
9
40
10
82
7
18
8
72
7
79
9
41
9
43
9
42
8
80
7
9
9
69
9
31
8
99
11
23
8
80
9
31
9
81
8
10
8
18
8
80
8
30
9
40
9
99
1
72
8
8
7
9
7
8
7
79
8
30
9
99
9
40
8
88
9
7
8
59
8
10
4
18
9
9
1
58
8
20
0
70
10
52
9
41
1
9
8
90
9
91
9
72
8
90
9
62
9
77
9
51
9
79
8
90
10
52
9
81
7
78
9
99
11
23
8
80
9
92
9
68
9
12
9
19
9
99
7
99
11
83
9
67
9
92
9
9
7
47
10
22
7
18
9
32
8
20
9
70
10
22
8
68
9
32
8
30
9
80
7
89
9
72
10
82
8
40
7
39
9
31
7
98
8
69
8
10
9
99
8
68
9
41
9
63
8
17
11
23
9
7
7
48
8
30
9
57
9
72
7
9
8
99
0
30
9
91
7
68
8
67
11
53
9
29
9
93
7
69
9
9
9
41
8
30
10
82
7
19
9
62
8
50
10
52
9
8
9
20
9
89
9
99
7
69
7
49
9
13
9
31
7
99
9
12
9
12
7
59
7
89
3
18
9
70
9
99
0
21
9
43
9
41
9
81
9
81
9
33
9
33
7
37
9
21
7
79
9
42
10
22
9
99
8
63
7
51
9
91
9
73
7
59
9
49
3
79
9
31
9
92
9
29
8
20
8
39
7
29
9
81
8
49
9
92
8
80
8
99
9
78
8
75
7
43
10
82
8
30
7
39
9
91
9
32
0
0
9
13
9
42
9
62
9
99
7
19
9
81
9
71
9
8
7
8
7
49
9
29
7
4
9
28
7
7
9
13
1
29
7
59
9
19
9
63
7
79
8
40
9
12
9
78
7
27
9
12
9
93
9
49
9
91
9
71
7
9
9
21
7
17
9
62
9
59
9
50
7
79
9
97
7
28
9
42
9
99
9
99
9
99
9
64
7
19
7
29
8
20
9
64
8
50
9
70
9
68
9
32
8
99
8
80
9
38
9
50
9
91
9
50
9
47
9
9
9
32
8
99
9
63
8
50
9
42
8
30
9
30
9
42
9
32
