9
14
9
74
9
74
17
59
16
58
9
64
9
74
9
99
0
90
9
14
9
14
9
99
9
94
15
57
15
57
9
94
9
14
9
34
9
94
9
34
9
99
18
60
9
99
15
57
9
34
15
27
9
64
9
13
9
99
9
99
9
34
9
44
9
99
9
14
9
99
9
94
18
30
9
99
9
14
9
34
9
74
9
99
9
64
15
87
9
34
9
44
9
64
9
34
9
14
15
87
17
29
9
34
18
60
9
94
9
64
9
74
9
34
15
87
9
99
16
58
17
29
17
29
9
34
9
94
0
70
9
44
9
99
18
30
9
44
9
94
15
27
15
87
9
74
9
99
17
59
9
99
9
14
16
28
9
94
9
63
18
60
9
99
17
89
9
34
9
94
9
99
9
99
13
85
15
27
9
14
14
26
17
89
15
57
16
88
15
27
9
64
14
56
9
44
9
34
9
34
17
59
9
74
9
94
9
94
17
59
9
94
15
87
16
28
9
94
9
99
9
34
17
59
9
64
15
87
9
66
9
94
18
30
9
74
9
44
19
91
9
99
9
44
9
34
9
44
9
94
16
88
9
44
9
14
9
64
15
27
9
94
15
87
9
44
18
30
15
27
16
88
18
90
9
14
9
99
9
34
9
64
16
58
15
87
9
64
9
44
16
58
9
74
9
94
9
34
17
59
9
34
9
74
9
64
16
88
14
26
16
88
16
28
9
44
14
86
15
87
9
74
9
14
9
44
9
34
9
44
9
74
9
44
15
27
9
44
16
58
9
14
18
90
9
44
0
10
9
44
9
44
17
29
9
94
9
14
15
57
9
64
0
70
9
74
18
30
9
44
9
74
9
64
9
74
9
34
9
14
9
44
14
26
9
64
9
94
9
34
9
74
15
87
9
99
16
88
9
74
9
99
18
30
9
14
9
34
9
44
9
94
9
74
17
89
9
34
13
55
9
99
15
57
9
74
15
87
9
94
9
94
9
99
14
86
9
44
9
64
14
56
9
64
9
44
9
64
18
90
9
34
18
60
9
44
9
99
9
94
17
89
9
34
14
86
9
99
9
74
9
44
9
99
0
10
9
34
9
44
9
14
17
29
9
44
9
99
16
58
17
29
16
58
9
44
9
64
9
94
9
34
16
88
9
74
9
34
9
74
9
99
9
99
9
94
9
94
9
64
9
94
9
34
9
14
9
34
18
30
9
74
9
64
9
34
9
44
17
59
15
57
17
59
9
99
17
89
18
60
17
89
9
74
9
74
17
29
9
94
9
94
9
64
9
14
9
14
9
34
9
14
9
64
9
74
9
99
9
74
9
34
9
44
16
88
9
99
16
88
14
86
9
34
9
64
9
99
17
59
17
89
9
34
9
34
15
87
15
87
9
34
16
28
14
86
9
44
9
74
9
64
9
44
9
94
16
58
9
99
9
64
9
74
17
59
13
25
9
44
17
59
9
34
9
99
9
74
9
64
17
59
9
44
9
34
9
34
9
74
9
99
15
87
9
99
9
99
2
79
9
74
9
34
19
91
18
30
9
44
15
87
9
34
19
31
17
59
9
44
16
88
9
44
9
44
15
57
9
99
9
64
19
31
9
34
18
30
9
14
9
99
15
87
9
99
15
27
9
74
9
99
9
94
9
94
9
14
9
64
9
64
15
57
9
44
15
27
9
99
9
34
9
18
9
94
9
94
9
99
18
90
0
80
9
14
9
99
15
57
9
44
9
34
9
99
9
44
15
27
9
99
9
34
18
30
8
85
9
14
9
74
9
94
9
74
19
31
14
26
2
69
18
90
9
99
18
60
15
57
9
34
9
78
9
34
9
99
13
85
9
44
9
74
9
34
9
94
15
87
9
44
15
27
9
34
0
80
9
74
9
66
19
91
16
88
9
64
9
44
9
94
17
29
9
64
9
64
9
47
9
64
14
86
18
30
9
14
9
94
15
87
9
94
9
34
9
64
9
74
15
57
14
26
9
99
9
14
9
64
9
94
9
74
1
49
9
44
9
64
9
14
1
29
9
74
16
88
9
64
9
99
9
94
18
30
9
64
9
74
14
26
9
64
9
44
17
29
9
44
9
48
9
64
9
99
9
34
15
27
9
94
17
89
9
94
19
61
9
14
18
60
9
64
16
88
17
89
9
74
9
44
9
74
9
44
9
34
9
94
9
74
9
99
9
99
4
60
9
14
2
59
9
99
9
34
9
14
14
26
9
99
16
58
9
64
9
99
14
86
16
88
9
99
15
87
9
99
0
30
9
74
9
99
9
74
9
74
9
64
9
74
14
26
9
44
9
44
9
99
9
94
16
28
9
44
19
61
15
87
13
55
9
74
9
64
9
64
9
99
9
64
9
34
18
90
9
44
9
44
9
64
9
74
18
30
14
26
9
44
9
14
9
94
14
56
9
44
18
90
17
59
16
28
9
14
9
74
9
99
14
56
9
74
14
86
9
94
9
64
9
14
9
64
19
61
18
60
9
94
17
29
16
28
9
94
9
14
9
64
9
14
9
44
16
88
9
63
9
44
9
99
9
44
9
44
9
99
9
99
18
60
18
30
15
87
9
94
16
88
9
74
9
64
17
89
9
99
9
34
9
99
9
94
16
88
9
64
13
55
15
87
9
94
16
58
15
27
13
25
9
74
9
99
16
28
16
88
9
64
9
64
9
34
15
87
9
64
4
89
9
94
9
34
3
49
9
64
9
64
16
88
16
88
9
74
9
74
0
20
9
34
9
78
9
74
9
99
9
34
9
34
9
74
9
99
9
94
9
99
9
99
9
94
14
86
9
99
9
14
9
64
9
94
9
64
9
43
9
14
9
14
9
74
9
99
9
34
9
74
15
27
17
89
16
58
9
44
9
34
9
74
9
99
15
87
0
16
18
90
15
27
9
94
9
74
9
14
9
99
17
89
9
74
14
56
9
94
9
44
18
90
9
64
19
61
9
94
9
34
9
94
9
74
9
94
9
99
9
99
16
58
0
10
19
61
9
64
9
44
15
27
9
34
9
44
9
91
9
94
9
44
9
14
9
44
9
94
9
64
1
89
9
14
9
64
9
99
9
14
9
64
9
99
9
78
9
64
9
99
9
34
9
99
15
57
9
74
9
44
15
87
9
64
9
34
9
34
9
34
9
34
9
64
14
56
14
86
9
14
9
46
9
64
9
44
9
94
9
74
9
64
18
90
9
14
13
25
9
34
15
87
1
99
9
44
15
27
9
74
9
99
3
49
9
64
9
64
9
14
9
34
18
60
9
94
9
34
15
27
17
89
9
34
9
94
15
57
9
94
9
74
9
74
9
64
9
64
4
69
19
31
9
44
9
64
9
34
9
94
9
74
16
88
9
14
9
74
9
44
9
94
9
34
9
99
9
64
9
64
9
14
9
74
9
44
9
99
13
55
9
64
9
94
9
64
16
28
9
44
18
90
14
26
9
72
15
87
9
44
9
44
9
44
16
88
9
14
9
74
9
34
9
99
19
31
16
88
9
34
17
89
9
14
14
26
16
88
9
34
9
44
9
99
1
72
9
14
9
14
9
14
15
87
9
34
9
99
9
44
9
94
9
14
9
64
9
14
4
19
9
14
1
59
16
28
0
70
18
60
9
44
1
9
9
94
9
94
9
74
9
94
9
64
13
85
17
59
15
87
9
94
18
60
17
89
14
86
9
99
19
31
16
88
9
94
9
74
9
14
15
27
9
99
9
99
19
91
9
74
9
94
9
14
13
55
18
30
14
26
9
34
16
28
9
74
18
30
9
74
9
34
9
34
16
88
9
94
9
74
18
90
9
44
9
44
9
34
9
99
9
74
9
14
9
99
9
74
9
44
9
64
13
25
19
31
9
7
14
56
9
34
9
64
9
74
9
14
9
99
0
30
9
94
9
68
9
74
19
61
9
34
9
94
9
74
9
14
9
44
9
34
18
90
15
27
9
64
16
58
18
60
9
8
16
28
9
94
9
99
9
74
15
57
9
14
9
34
9
99
9
14
9
14
9
64
9
94
3
19
9
74
9
99
0
21
9
43
9
44
17
89
17
89
9
34
9
33
9
44
17
29
15
87
9
44
18
30
9
99
9
63
9
46
9
94
9
74
9
64
15
57
3
79
9
34
9
94
9
34
16
28
9
44
9
34
17
89
15
57
9
94
16
88
9
99
14
86
8
75
9
43
18
90
9
34
9
44
9
94
9
34
0
0
9
14
9
44
9
64
9
99
15
27
17
89
9
74
9
14
9
8
15
57
9
34
9
4
9
28
9
14
9
14
1
29
9
64
15
27
9
64
15
87
9
44
9
14
14
86
9
34
9
14
9
94
15
57
9
94
9
71
9
14
17
29
13
25
9
64
9
64
16
58
15
87
9
99
9
34
9
44
9
99
9
99
9
99
9
64
15
27
9
34
16
28
9
64
16
58
9
74
9
74
9
34
9
99
16
88
9
44
16
58
9
94
16
58
13
55
9
14
9
34
9
99
9
64
16
58
9
44
9
34
9
34
9
44
9
34
