4
3
4
66
0
69
4
44
3
43
1
53
0
64
3
96
0
90
4
2
1
5
1
95
4
87
4
42
2
42
3
80
3
7
1
21
3
86
3
25
1
93
3
46
1
92
0
48
4
20
3
12
3
52
1
13
0
96
3
92
3
20
4
38
4
92
0
7
0
98
3
84
3
18
1
90
2
1
4
21
0
68
2
92
0
57
0
74
3
25
3
36
3
55
3
29
0
4
3
72
2
15
1
25
3
48
1
87
0
58
1
60
4
28
0
76
3
97
1
44
3
14
4
14
4
21
3
87
0
70
0
36
1
93
4
15
2
31
3
82
0
18
0
77
0
67
4
90
2
44
2
98
2
1
1
18
4
84
0
63
3
45
2
98
2
74
2
29
1
88
1
96
3
97
3
70
0
17
1
8
2
11
3
74
0
45
1
79
0
12
1
58
3
41
2
37
1
26
4
26
2
45
3
67
0
85
2
86
4
44
1
87
0
76
4
13
2
82
2
92
4
27
4
44
4
51
0
75
2
66
3
83
3
18
0
62
2
33
4
77
4
91
0
39
4
21
2
37
1
85
1
74
2
38
0
2
3
53
0
12
1
82
0
77
1
35
3
19
2
12
1
73
4
75
1
1
1
90
3
26
3
57
1
49
0
74
1
52
1
36
1
48
0
62
1
84
3
21
2
47
1
23
4
60
2
58
4
73
1
11
1
73
1
14
3
38
4
71
0
77
2
62
3
0
2
37
1
28
3
36
3
67
4
32
0
13
1
34
4
43
1
6
4
75
4
34
0
10
1
39
1
33
2
17
0
87
0
2
0
42
0
53
0
70
3
63
4
15
1
34
0
68
0
57
0
66
3
20
2
9
4
32
3
11
0
59
0
81
1
24
4
61
0
79
2
95
1
73
3
69
0
95
3
19
2
4
4
24
2
32
4
85
4
60
2
76
0
23
1
40
0
94
0
47
0
65
0
73
3
86
2
81
2
98
2
71
1
38
1
57
4
41
0
56
0
39
0
59
3
78
3
27
3
48
3
39
0
92
1
82
2
77
1
23
2
71
1
97
4
68
1
37
2
97
0
10
0
29
4
39
4
8
2
18
3
39
3
97
1
47
2
19
4
43
3
33
3
51
0
81
3
20
1
75
4
68
3
27
0
63
3
94
4
95
0
82
0
82
2
53
2
89
4
25
4
4
0
28
3
18
2
66
1
53
3
20
1
32
2
46
0
49
4
44
4
93
2
76
3
49
2
76
2
60
2
67
3
14
3
84
1
80
2
50
1
9
3
0
1
22
0
1
2
53
2
60
2
96
0
65
0
23
1
38
1
77
4
95
3
73
1
71
4
27
1
54
3
90
2
49
2
74
3
28
2
22
4
72
0
74
0
27
1
18
1
71
3
34
4
66
1
52
2
34
2
85
4
43
4
97
0
54
2
63
3
44
2
10
3
32
3
44
0
29
1
97
1
67
4
52
2
45
4
34
2
27
3
20
0
69
4
95
0
74
2
95
2
90
2
75
4
66
4
28
4
77
3
15
3
37
0
78
3
22
4
17
2
46
4
31
1
79
2
39
1
35
0
43
2
95
3
56
4
19
1
26
3
16
3
2
3
92
0
74
4
99
0
13
1
63
1
98
4
81
4
88
2
4
0
51
1
53
2
42
4
34
2
12
3
96
4
24
2
18
1
85
2
88
4
93
3
79
0
80
2
1
4
95
2
42
2
31
2
20
1
94
2
39
0
18
3
96
1
23
3
16
3
85
4
0
0
66
3
82
1
60
4
18
3
11
2
62
3
75
3
92
3
49
3
42
1
26
0
78
1
26
0
93
1
70
1
33
3
64
1
22
2
84
4
72
0
34
0
16
3
26
0
80
4
65
3
66
4
79
2
73
4
56
3
31
4
82
2
17
1
56
1
54
4
47
4
51
2
71
3
18
3
6
3
81
4
72
0
88
3
27
3
53
4
61
2
42
2
11
2
93
3
5
1
55
4
89
1
63
0
47
4
31
0
56
3
5
1
24
4
66
1
78
1
50
2
90
1
81
3
16
2
55
2
67
2
11
4
50
1
36
2
14
0
32
4
48
0
54
2
97
2
25
0
15
0
87
2
77
4
89
4
46
0
6
3
46
2
58
1
78
3
74
4
65
4
38
4
64
2
39
2
28
2
88
2
62
4
96
3
95
4
60
3
3
2
56
4
93
2
27
0
5
2
11
3
90
1
46
1
58
2
97
4
71
1
75
1
99
3
72
4
93
0
30
4
64
0
98
4
68
2
66
0
56
1
66
2
11
1
35
1
30
0
94
0
85
3
13
4
39
4
46
0
77
4
40
3
69
1
57
0
57
4
90
4
51
4
29
3
79
4
35
1
33
4
53
4
67
3
17
3
11
4
37
2
4
0
89
3
41
0
31
3
77
2
46
4
13
0
8
2
68
1
92
1
41
4
66
3
71
3
85
3
52
0
2
2
51
4
47
3
48
1
82
2
16
1
16
3
89
3
3
2
52
3
6
0
38
2
73
0
63
3
39
1
94
4
36
2
30
2
91
3
91
3
45
3
17
0
77
3
86
1
75
1
62
2
58
2
74
4
99
1
29
0
92
2
87
1
76
0
53
2
40
0
76
1
83
1
49
0
12
2
10
0
68
4
98
1
18
1
79
1
55
4
51
0
29
0
73
2
52
4
80
3
85
3
26
3
44
0
53
0
58
1
75
1
74
4
61
0
63
0
20
2
27
2
79
0
63
2
92
2
25
1
21
3
63
3
94
0
83
2
94
2
97
3
85
2
71
0
99
3
5
4
50
4
86
3
51
1
43
3
3
3
8
3
68
4
99
3
27
4
66
4
12
2
74
1
48
2
37
3
27
1
63
0
96
0
72
0
16
3
77
0
17
2
82
0
65
0
8
0
96
2
76
1
65
4
41
4
80
2
36
3
77
3
52
4
47
3
80
1
29
0
81
2
60
2
85
3
96
4
96
1
49
0
10
4
47
2
50
4
36
0
13
4
23
3
38
1
91
1
82
0
34
3
5
1
33
3
86
4
56
1
87
4
1
0
55
2
94
4
7
3
52
1
93
4
78
4
58
3
96
3
28
3
94
0
46
1
65
4
39
1
72
2
54
2
26
4
29
4
22
2
22
3
59
3
41
1
71
0
9
3
54
3
58
4
35
1
82
2
63
3
57
3
79
2
8
4
10
4
26
2
72
1
99
1
38
0
13
3
62
4
98
3
45
4
56
3
55
0
9
3
20
3
49
2
82
3
26
0
15
4
74
0
21
3
81
3
42
0
86
4
61
2
67
1
54
1
52
4
66
4
18
4
34
3
50
4
23
0
81
4
68
1
76
0
2
0
67
4
35
4
83
4
28
3
97
4
52
0
59
2
4
3
69
4
38
1
90
3
40
0
55
4
85
1
51
1
15
3
33
3
78
0
11
1
72
0
77
2
38
4
37
3
36
1
77
0
6
4
62
2
28
1
95
4
18
1
73
3
24
3
74
1
9
1
11
1
77
1
27
3
33
3
94
0
72
1
1
0
4
0
1
0
73
1
24
2
99
3
33
1
81
3
0
1
52
1
9
4
11
4
2
0
51
1
16
0
70
3
47
2
37
1
5
1
86
2
86
3
65
1
84
3
58
3
70
2
45
4
72
1
85
4
45
3
74
0
71
2
96
4
18
1
73
3
87
3
61
3
8
4
12
3
94
0
98
4
77
4
60
3
88
4
2
1
40
3
17
0
11
4
25
1
17
4
63
3
15
1
61
3
28
1
24
2
73
0
82
3
67
3
79
1
36
0
35
2
24
0
91
1
62
1
5
3
99
1
61
2
36
4
59
2
10
4
18
2
7
0
41
1
26
3
50
3
66
0
8
1
95
0
30
2
87
0
69
2
60
4
48
2
22
4
87
0
64
2
2
3
34
1
23
4
75
0
17
3
58
1
46
3
48
3
9
3
13
4
82
4
99
0
66
0
47
4
7
3
24
0
99
4
5
3
9
0
52
0
82
3
11
4
63
3
98
0
21
2
44
2
39
4
74
2
77
4
26
4
34
1
30
2
15
0
75
3
35
3
19
3
95
1
63
0
55
2
88
4
69
0
55
2
42
3
77
2
29
4
85
3
22
1
19
1
32
0
26
2
78
1
42
3
87
1
78
1
99
2
71
3
75
0
43
3
79
1
23
0
34
2
88
3
27
0
0
4
6
3
35
4
55
4
98
0
14
2
74
3
64
2
1
0
9
0
42
4
22
0
4
2
29
1
0
4
9
1
26
0
54
4
12
4
56
0
77
1
34
4
5
4
71
1
20
3
8
4
86
4
42
2
87
3
71
0
9
2
16
1
10
3
58
2
52
4
43
0
77
3
90
0
21
3
37
2
96
4
96
3
96
4
64
0
17
0
27
1
16
4
64
1
45
3
63
4
61
3
27
1
95
1
73
2
31
3
43
2
85
3
43
4
40
3
2
3
26
1
96
4
58
1
44
4
35
1
24
4
23
3
36
3
29
