6
5
6
68
2
69
6
46
5
45
3
55
2
66
5
98
0
90
6
4
3
7
3
97
6
89
6
44
4
44
4
82
5
9
3
23
5
88
5
27
3
95
5
48
3
94
2
49
5
22
5
14
5
54
3
13
2
98
5
94
4
22
6
39
6
94
2
9
2
99
5
86
5
19
2
92
4
3
6
23
2
69
4
94
2
59
2
76
5
27
5
38
5
57
5
29
2
6
5
74
4
17
3
27
5
49
3
89
2
59
2
62
6
29
2
78
5
99
3
46
5
16
6
16
6
23
5
89
0
70
2
38
3
95
6
17
4
33
5
84
2
19
2
79
2
69
5
92
4
46
4
99
4
3
3
19
6
86
2
63
5
47
4
99
4
76
4
29
3
89
3
98
5
99
4
72
2
19
3
9
4
13
5
76
2
47
3
79
2
14
3
59
5
43
4
39
3
28
6
28
4
47
5
69
2
87
4
88
6
46
3
89
2
78
6
15
4
84
4
94
6
29
6
46
6
53
2
77
4
66
5
85
5
19
2
64
4
35
6
79
6
93
2
39
6
23
4
39
3
87
3
76
4
39
2
4
5
55
2
14
3
84
2
79
3
37
5
19
4
14
3
75
6
77
3
3
2
92
5
28
5
59
3
49
2
76
3
54
3
38
3
49
2
64
3
86
5
23
4
49
3
25
5
62
4
59
6
75
3
13
3
75
3
16
5
39
6
73
2
79
4
64
4
2
4
39
3
29
5
38
5
69
6
34
2
15
3
36
6
45
3
8
6
77
6
36
0
10
3
39
3
35
4
19
2
89
2
4
2
44
2
55
0
70
5
65
6
17
3
36
2
69
2
59
2
68
4
22
4
9
6
34
5
13
2
59
2
83
3
26
6
63
2
79
4
97
3
75
5
69
2
97
5
19
4
6
6
26
4
34
6
87
5
62
4
78
2
25
2
42
2
96
2
49
2
67
2
75
5
88
4
83
4
99
4
73
3
39
3
59
6
43
2
58
2
39
2
59
5
79
5
29
5
49
5
39
2
94
3
84
4
79
3
25
4
73
3
99
6
69
3
39
4
99
0
10
2
29
6
39
6
9
4
19
5
39
5
99
3
49
4
19
6
45
5
35
5
53
2
83
4
22
3
77
6
69
5
29
2
65
5
96
6
97
2
84
2
84
4
55
4
89
6
27
6
6
2
29
5
19
4
68
3
55
4
22
3
34
4
48
2
49
6
46
6
95
4
78
5
49
4
78
3
62
4
69
5
16
5
86
2
82
3
52
3
9
4
2
3
24
2
3
4
55
3
62
4
98
2
67
2
25
3
39
3
79
6
97
5
75
3
73
6
29
3
56
4
92
4
49
4
76
5
29
4
24
6
74
2
76
2
29
3
19
3
73
5
36
6
68
3
54
4
36
4
87
6
45
6
99
2
56
4
65
5
46
3
12
5
34
5
46
2
29
3
99
3
69
6
54
4
47
6
36
4
29
4
22
2
69
6
97
2
76
4
97
3
92
2
77
6
68
6
29
6
79
5
17
5
39
2
79
5
24
6
19
4
48
6
33
3
79
4
39
3
37
2
45
4
97
5
58
6
19
3
28
5
18
5
4
5
94
2
76
6
99
2
15
3
65
3
99
6
83
6
89
4
6
2
53
3
55
4
44
6
36
4
14
5
98
6
26
4
18
3
87
4
89
6
95
5
79
0
80
4
3
6
97
4
44
4
33
3
22
3
96
4
39
2
19
5
98
3
25
5
18
5
85
5
2
2
68
5
84
2
62
6
19
5
13
2
64
5
77
5
94
5
49
5
44
3
28
2
78
3
28
2
95
2
72
3
35
5
66
3
24
4
86
6
74
2
36
2
18
5
28
0
80
6
67
5
66
6
79
4
75
6
58
5
33
6
84
4
19
3
58
3
56
6
47
6
53
4
73
5
19
5
8
5
83
6
74
2
89
5
29
5
55
6
63
4
44
4
13
4
95
5
7
3
57
6
89
3
65
1
49
6
33
2
58
5
7
1
26
6
68
3
79
2
52
3
92
3
83
5
18
4
57
4
69
4
13
5
52
3
38
4
16
2
34
6
48
2
56
4
99
4
27
2
17
2
89
4
79
6
89
6
48
2
8
5
48
4
59
3
79
5
76
6
67
6
39
6
66
4
39
4
29
4
89
4
64
6
98
5
97
4
60
5
5
2
58
6
95
4
29
2
7
4
13
4
92
3
48
3
59
4
99
6
73
3
77
3
99
5
74
6
95
0
30
6
66
2
99
6
69
4
68
2
58
3
68
4
13
3
37
2
32
2
96
2
87
5
15
6
39
6
48
2
79
5
42
5
69
3
59
2
59
5
92
6
53
6
29
5
79
6
37
3
35
6
55
6
69
5
19
5
13
6
39
4
6
2
89
5
43
2
33
5
79
4
48
6
15
2
9
4
69
3
94
3
43
6
68
5
73
5
87
5
54
2
4
4
53
6
49
5
49
3
84
4
18
3
18
5
89
5
5
4
54
5
8
2
39
4
75
2
63
5
39
3
96
6
38
3
32
4
93
5
93
5
47
5
19
2
79
5
88
3
77
3
64
4
59
4
76
6
99
3
29
2
94
4
89
3
78
2
55
3
42
2
78
3
85
3
49
2
14
3
12
2
69
6
99
3
19
3
79
3
57
6
53
2
29
2
75
4
54
4
82
5
87
5
28
3
46
2
55
2
59
3
77
3
76
6
63
2
65
0
20
4
29
4
78
2
65
4
94
4
27
3
23
5
65
5
96
2
85
4
96
4
99
5
87
4
73
2
99
5
7
5
52
6
88
5
53
3
43
5
5
5
9
5
69
6
99
5
29
6
68
6
14
4
76
3
49
4
39
5
29
3
65
2
98
2
74
0
16
5
79
2
19
4
84
2
67
2
9
2
98
4
78
3
67
6
43
5
82
4
38
5
79
5
54
6
49
4
82
3
29
2
83
3
62
4
87
5
98
6
98
3
49
0
10
6
49
3
52
6
38
2
15
6
25
5
39
3
91
3
84
2
36
5
7
3
35
5
88
6
58
1
89
6
3
2
57
4
96
6
9
5
54
3
95
6
78
6
59
5
98
5
29
5
96
2
48
3
67
6
39
3
74
4
56
4
28
6
29
6
24
4
24
5
59
5
43
3
73
2
9
5
52
5
59
6
37
3
84
4
65
5
59
5
79
4
9
5
12
6
28
4
74
1
99
3
39
2
15
5
64
6
99
3
47
6
58
5
57
2
9
4
22
5
49
4
84
5
28
2
17
6
76
2
23
5
83
5
44
2
88
6
63
4
69
3
56
3
54
4
68
6
19
6
36
4
52
6
25
2
83
6
69
3
78
2
4
2
69
6
37
6
85
6
29
5
99
6
54
2
59
4
6
5
69
6
39
2
92
4
42
2
57
6
87
3
53
3
17
5
35
5
79
2
13
3
72
2
79
4
39
6
39
5
38
3
79
2
8
6
64
4
29
3
97
6
19
3
75
5
26
5
76
3
9
3
13
3
79
3
29
5
35
5
96
1
72
3
3
2
6
2
3
2
75
3
26
4
99
5
35
3
83
4
2
3
54
3
9
4
13
6
4
1
53
3
18
0
70
5
49
4
39
1
7
3
88
4
88
5
67
3
86
5
59
4
72
4
47
6
74
3
87
6
47
5
76
2
73
4
98
6
19
3
75
5
89
5
63
5
9
6
14
5
96
2
99
6
79
5
62
5
89
6
4
2
42
5
19
2
13
6
27
3
19
6
65
5
17
3
63
5
29
3
26
4
75
2
84
5
69
5
79
3
38
2
37
4
26
2
93
3
64
3
7
5
99
3
63
4
38
6
59
3
12
6
19
4
7
2
43
3
28
4
52
5
68
2
9
3
97
0
30
4
89
2
68
3
62
6
49
4
24
6
89
2
66
4
4
5
36
3
25
6
77
2
19
5
59
3
48
5
49
5
8
5
15
6
84
6
99
2
68
2
49
6
9
5
26
2
99
6
7
5
9
2
54
2
84
3
13
6
65
5
99
0
21
4
44
4
39
6
76
4
79
6
28
6
34
2
32
4
17
2
77
5
37
5
19
5
97
3
63
2
53
4
89
6
69
2
57
4
44
3
79
4
29
6
87
5
24
3
19
3
34
2
28
4
79
3
44
5
89
3
79
3
99
4
73
5
75
2
43
5
79
3
25
2
36
4
89
5
29
0
0
6
8
5
37
6
57
6
99
2
16
4
76
5
66
4
3
2
8
2
44
6
24
2
4
4
28
2
2
6
9
1
28
2
56
6
14
6
58
2
79
3
36
6
7
6
73
2
22
5
9
6
88
6
44
4
89
5
71
2
9
4
18
2
12
5
59
4
54
6
45
2
79
4
92
2
23
5
39
4
98
6
98
5
98
6
64
2
19
2
29
3
18
6
64
3
47
5
65
6
63
5
29
3
97
3
75
4
33
5
45
4
87
5
45
5
42
5
4
5
28
3
98
6
59
3
46
6
37
3
26
6
25
5
38
5
29
