5
4
5
67
1
69
5
45
4
44
2
54
1
65
4
97
0
90
5
3
2
6
2
96
5
88
5
43
3
43
3
81
4
8
2
22
4
87
4
26
2
94
4
47
2
93
1
49
4
21
4
13
4
53
2
13
1
97
4
93
3
21
5
39
5
93
1
8
1
99
4
85
4
19
1
91
3
2
5
22
1
69
3
93
1
58
1
75
4
26
4
37
4
56
4
29
1
5
4
73
3
16
2
26
4
49
2
88
1
59
1
61
5
29
1
77
4
98
2
45
4
15
5
15
5
22
4
88
0
70
1
37
2
94
5
16
3
32
4
83
1
19
1
78
1
68
4
91
3
45
3
99
3
2
2
19
5
85
1
63
4
46
3
99
3
75
3
29
2
89
2
97
4
98
3
71
1
18
2
9
3
12
4
75
1
46
2
79
1
13
2
59
4
42
3
38
2
27
5
27
3
46
4
68
1
86
3
87
5
45
2
88
1
77
5
14
3
83
3
93
5
28
5
45
5
52
1
76
3
66
4
84
4
19
1
63
3
34
5
78
5
92
1
39
5
22
3
38
2
86
2
75
3
39
1
3
4
54
1
13
2
83
1
78
2
36
4
19
3
13
2
74
5
76
2
2
1
91
4
27
4
58
2
49
1
75
2
53
2
37
2
49
1
63
2
85
4
22
3
48
2
24
4
61
3
59
5
74
2
12
2
74
2
15
4
39
5
72
1
78
3
63
3
1
3
38
2
29
4
37
4
68
5
33
1
14
2
35
5
44
2
7
5
76
5
35
0
10
2
39
2
34
3
18
1
88
1
3
1
43
1
54
0
70
4
64
5
16
2
35
1
69
1
58
1
67
3
21
3
9
5
33
4
12
1
59
1
82
2
25
5
62
1
79
3
96
2
74
4
69
1
96
4
19
3
5
5
25
3
33
5
86
4
61
3
77
1
24
1
41
1
95
1
48
1
66
1
74
4
87
3
82
3
99
3
72
2
39
2
58
5
42
1
57
1
39
1
59
4
79
4
28
4
49
4
39
1
93
2
83
3
78
2
24
3
72
2
98
5
69
2
38
3
98
0
10
1
29
5
39
5
9
3
19
4
39
4
98
2
48
3
19
5
44
4
34
4
52
1
82
3
21
2
76
5
69
4
28
1
64
4
95
5
96
1
83
1
83
3
54
3
89
5
26
5
5
1
29
4
19
3
67
2
54
3
21
2
33
3
47
1
49
5
45
5
94
3
77
4
49
3
77
2
61
3
68
4
15
4
85
1
81
2
51
2
9
3
1
2
23
1
2
3
54
2
61
3
97
1
66
1
24
2
39
2
78
5
96
4
74
2
72
5
28
2
55
3
91
3
49
3
75
4
29
3
23
5
73
1
75
1
28
2
19
2
72
4
35
5
67
2
53
3
35
3
86
5
44
5
98
1
55
3
64
4
45
2
11
4
33
4
45
1
29
2
98
2
68
5
53
3
46
5
35
3
28
3
21
1
69
5
96
1
75
3
96
2
91
2
76
5
67
5
29
5
78
4
16
4
38
1
79
4
23
5
18
3
47
5
32
2
79
3
39
2
36
1
44
3
96
4
57
5
19
2
27
4
17
4
3
4
93
1
75
5
99
1
14
2
64
2
99
5
82
5
89
3
5
1
52
2
54
3
43
5
35
3
13
4
97
5
25
3
18
2
86
3
89
5
94
4
79
0
80
3
2
5
96
3
43
3
32
2
21
2
95
3
39
1
19
4
97
2
24
4
17
4
85
4
1
1
67
4
83
1
61
5
19
4
12
2
63
4
76
4
93
4
49
4
43
2
27
1
78
2
27
1
94
1
71
2
34
4
65
2
23
3
85
5
73
1
35
1
17
4
27
0
80
5
66
4
66
5
79
3
74
5
57
4
32
5
83
3
18
2
57
2
55
5
47
5
52
3
72
4
19
4
7
4
82
5
73
1
89
4
28
4
54
5
62
3
43
3
12
3
94
4
6
2
56
5
89
2
64
1
48
5
32
1
57
4
6
1
25
5
67
2
79
1
51
2
91
2
82
4
17
3
56
3
68
3
12
4
51
2
37
3
15
1
33
5
48
1
55
3
98
3
26
1
16
1
88
3
78
5
89
5
47
1
7
4
47
3
59
2
79
4
75
5
66
5
39
5
65
3
39
3
29
3
89
3
63
5
97
4
96
4
60
4
4
2
57
5
94
3
28
1
6
3
12
3
91
2
47
2
59
3
98
5
72
2
76
2
99
4
73
5
94
0
30
5
65
1
99
5
69
3
67
1
57
2
67
3
12
2
36
1
31
1
95
1
86
4
14
5
39
5
47
1
78
4
41
4
69
2
58
1
58
4
91
5
52
5
29
4
79
5
36
2
34
5
54
5
68
4
18
4
12
5
38
3
5
1
89
4
42
1
32
4
78
3
47
5
14
1
9
3
69
2
93
2
42
5
67
4
72
4
86
4
53
1
3
3
52
5
48
4
49
2
83
3
17
2
17
4
89
4
4
3
53
4
7
1
39
3
74
1
63
4
39
2
95
5
37
2
31
3
92
4
92
4
46
4
18
1
78
4
87
2
76
2
63
3
59
3
75
5
99
2
29
1
93
3
88
2
77
1
54
2
41
1
77
2
84
2
49
1
13
2
11
1
69
5
99
2
19
2
79
2
56
5
52
1
29
1
74
3
53
4
81
4
86
4
27
3
45
1
54
1
59
2
76
2
75
5
62
1
64
0
20
3
28
3
78
1
64
3
93
3
26
2
22
4
64
4
95
1
84
3
95
3
98
4
86
3
72
1
99
4
6
4
51
5
87
4
52
2
43
4
4
4
9
4
69
5
99
4
28
5
67
5
13
3
75
2
49
3
38
4
28
2
64
1
97
1
73
0
16
4
78
1
18
3
83
1
66
1
9
1
97
3
77
2
66
5
42
4
81
3
37
4
78
4
53
5
48
3
81
2
29
1
82
2
61
3
86
4
97
5
97
2
49
0
10
5
48
2
51
5
37
1
14
5
24
4
39
2
91
2
83
1
35
4
6
2
34
4
87
5
57
1
88
5
2
1
56
3
95
5
8
4
53
2
94
5
78
5
59
4
97
4
29
4
95
1
47
2
66
5
39
2
73
3
55
3
27
5
29
5
23
3
23
4
59
4
42
2
72
1
9
4
53
4
59
5
36
2
83
3
64
4
58
4
79
3
9
4
11
5
27
3
73
1
99
2
39
1
14
4
63
5
99
3
46
5
57
4
56
1
9
3
21
4
49
3
83
4
27
1
16
5
75
1
22
4
82
4
43
1
87
5
62
3
68
2
55
2
53
4
67
5
19
5
35
3
51
5
24
1
82
5
69
2
77
1
3
1
68
5
36
5
84
5
29
4
98
5
53
1
59
3
5
4
69
5
39
1
91
3
41
1
56
5
86
2
52
2
16
4
34
4
79
1
12
2
72
1
78
3
39
5
38
4
37
2
78
1
7
5
63
3
29
2
96
5
19
2
74
4
25
4
75
2
9
2
12
2
78
2
28
4
34
4
95
1
72
2
2
1
5
1
2
1
74
2
25
3
99
4
34
2
82
3
1
2
53
2
9
4
12
5
3
1
52
2
17
0
70
4
48
3
38
1
6
2
87
3
87
4
66
2
85
4
59
3
71
3
46
5
73
2
86
5
46
4
75
1
72
3
97
5
19
2
74
4
88
4
62
4
9
5
13
4
95
1
99
5
78
4
61
4
89
5
3
1
41
4
18
1
12
5
26
2
18
5
64
4
16
2
62
4
29
2
25
3
74
1
83
4
68
4
79
2
37
1
36
3
25
1
92
2
63
2
6
4
99
2
62
3
37
5
59
2
11
5
19
3
7
1
42
2
27
3
51
4
67
1
9
2
96
0
30
3
88
1
68
2
61
5
49
3
23
5
88
1
65
3
3
4
35
2
24
5
76
1
18
4
59
2
47
4
49
4
8
4
14
5
83
5
99
1
67
1
48
5
8
4
25
1
99
5
6
4
9
1
53
1
83
3
12
5
64
4
99
0
21
3
44
3
39
5
75
3
78
5
27
5
34
1
31
3
16
1
76
4
36
4
19
4
96
2
63
1
54
3
89
5
69
1
56
3
43
3
78
3
29
5
86
4
23
2
19
2
33
1
27
3
79
2
43
4
88
2
79
2
99
3
72
4
75
1
43
4
79
2
24
1
35
3
89
4
28
0
0
5
7
4
36
5
56
5
99
1
15
3
75
4
65
3
2
1
8
1
43
5
23
1
4
3
28
1
1
5
9
1
27
1
55
5
13
5
57
1
78
2
35
5
6
5
72
1
21
4
9
5
87
5
43
3
88
4
71
1
9
3
17
1
11
4
59
3
53
5
44
1
78
3
91
1
22
4
38
3
97
5
97
4
97
5
64
1
18
1
28
2
17
5
64
2
46
4
64
5
62
4
28
2
96
2
74
3
32
4
44
3
86
4
44
4
41
4
3
4
27
2
97
5
59
2
45
5
36
2
25
5
24
4
37
4
29
