9
29
9
33
9
77
9
60
11
53
7
59
9
42
7
79
9
62
8
10
9
61
9
62
9
28
9
31
7
59
7
99
9
31
7
49
8
80
10
82
9
72
9
41
9
99
8
30
7
99
9
31
7
69
8
90
7
49
8
20
7
19
8
99
7
79
9
58
9
61
9
73
9
58
9
91
7
18
7
28
9
87
7
59
9
42
7
9
9
11
9
12
9
28
8
40
9
51
9
9
9
67
9
49
8
89
9
30
11
23
9
92
9
32
7
48
0
0
9
31
9
31
9
62
8
39
9
92
7
68
7
88
9
73
10
52
9
29
8
60
0
30
0
0
9
20
7
98
8
90
8
57
9
29
9
32
9
21
9
51
7
37
0
0
10
22
8
99
8
30
9
39
7
49
10
52
10
82
10
22
7
17
9
81
9
97
9
70
9
60
8
40
9
33
0
80
9
71
8
20
7
69
9
9
9
57
9
19
8
80
9
11
8
30
9
21
7
9
9
18
7
39
9
50
8
50
9
32
9
99
8
30
8
58
8
20
9
50
8
10
7
99
8
30
11
53
9
51
8
37
7
49
10
22
9
59
9
98
8
5
9
18
9
87
9
12
7
9
8
97
9
42
9
12
7
88
8
30
8
99
8
80
9
68
9
51
8
27
8
88
7
8
11
83
9
62
9
81
9
12
9
41
8
99
9
31
9
50
7
37
7
69
9
12
8
99
9
11
9
48
9
20
10
22
9
41
9
42
7
59
9
49
9
93
9
30
11
83
7
78
7
59
0
90
9
62
7
29
9
63
8
10
9
77
8
20
9
71
8
10
9
72
9
20
8
97
7
18
9
99
8
10
9
99
9
61
9
63
0
50
9
99
9
12
7
49
9
39
7
18
8
7
9
41
7
39
7
99
7
49
9
38
7
87
9
21
9
12
9
63
9
78
9
29
7
9
7
29
0
50
9
13
8
50
9
69
0
0
9
11
10
22
9
99
9
42
8
30
8
18
8
30
9
33
9
93
9
72
9
59
7
29
9
12
9
87
7
49
7
78
7
59
9
99
7
69
9
49
9
37
11
23
8
20
7
99
8
38
9
13
8
98
9
39
9
31
8
60
9
30
8
70
9
21
11
23
8
7
0
0
7
11
9
97
8
7
7
29
9
18
9
29
7
39
9
92
9
71
7
9
9
81
9
38
9
70
9
57
7
29
9
29
10
82
9
50
9
37
7
29
7
59
9
72
7
49
9
88
9
59
7
89
9
42
7
9
9
20
8
98
7
59
9
41
8
20
9
92
8
60
9
71
9
21
9
91
0
50
1
7
9
8
9
42
9
8
7
49
8
42
7
39
7
69
2
99
9
77
9
48
9
49
7
69
8
40
9
47
0
82
8
85
7
99
9
39
7
64
8
7
8
20
8
50
9
50
9
47
9
10
9
79
9
71
7
67
9
41
7
89
9
11
9
32
8
30
8
90
7
79
9
32
7
77
7
49
9
62
7
39
8
51
7
89
9
57
9
48
9
99
7
28
10
52
9
32
9
68
9
92
1
28
9
60
9
90
7
39
8
60
8
69
9
50
9
41
8
70
9
73
7
47
9
98
10
22
9
72
0
2
7
9
9
28
10
52
9
32
7
59
9
41
7
79
4
89
9
3
9
99
8
90
11
83
9
80
9
92
9
99
9
17
9
79
8
90
9
30
9
92
7
29
9
43
7
89
7
99
7
69
8
38
9
11
9
61
7
99
9
33
9
60
9
62
8
40
7
59
10
22
9
13
8
59
9
61
9
72
8
49
7
69
9
92
8
60
9
38
9
8
9
41
9
72
9
63
11
53
9
89
8
19
8
50
9
71
1
39
7
69
9
50
8
50
9
12
9
29
8
57
9
21
7
69
10
82
8
80
9
58
8
9
9
48
8
19
8
70
9
72
4
89
7
28
9
41
9
48
9
48
7
58
9
92
9
99
8
50
10
52
9
92
11
23
9
30
9
11
10
22
8
40
8
40
8
40
9
71
9
41
9
17
9
80
9
29
9
81
9
48
0
40
9
60
7
97
7
77
7
9
8
47
9
40
9
39
8
27
9
72
9
61
7
39
8
18
8
99
7
79
7
39
7
9
8
10
9
80
8
80
9
79
9
28
11
53
7
68
9
61
9
73
8
59
9
73
9
59
8
30
9
51
8
50
9
18
9
71
8
50
9
32
0
30
9
89
9
32
9
11
9
72
9
20
9
20
8
8
7
39
10
82
9
71
9
71
9
38
9
21
0
80
8
78
9
30
9
29
8
20
9
7
8
80
8
20
9
92
9
61
9
59
7
59
9
48
9
20
8
28
9
98
9
32
9
21
9
9
8
99
9
99
11
53
7
9
7
19
8
30
9
19
3
89
7
49
9
62
7
19
7
99
9
8
9
61
7
29
9
58
8
47
9
33
0
90
9
92
9
31
9
11
7
39
9
81
9
19
7
39
1
29
8
80
10
22
7
69
11
23
9
99
8
70
10
52
9
31
9
9
9
72
9
18
9
93
9
99
7
49
9
93
9
17
8
30
9
89
9
21
9
13
9
80
9
69
9
91
9
71
8
11
7
99
9
61
8
70
9
92
9
71
9
87
9
88
8
30
9
63
9
8
8
10
8
20
9
57
7
48
9
92
11
53
8
78
7
39
9
99
9
92
7
59
7
79
9
70
9
18
4
39
9
92
9
88
9
71
7
59
7
69
0
90
8
99
9
50
9
73
8
70
8
30
7
59
8
99
9
40
7
99
7
79
9
88
7
19
9
9
8
10
9
50
7
47
9
21
7
29
7
19
9
89
9
17
9
8
9
41
8
30
7
29
7
79
9
12
9
72
10
82
9
80
9
61
10
82
9
92
7
17
9
11
9
42
8
70
9
32
9
32
8
19
7
19
7
49
9
93
9
31
9
32
9
41
9
37
8
98
9
99
3
79
7
19
7
31
8
50
8
20
8
50
8
50
8
40
9
63
9
39
0
30
9
70
9
21
7
89
9
81
9
32
8
30
2
68
9
71
11
23
8
58
8
60
9
11
9
93
9
11
9
99
8
20
7
79
8
87
8
90
9
63
9
81
8
90
7
99
9
72
9
99
3
49
1
79
7
39
9
42
8
30
8
49
8
30
9
12
9
78
7
49
7
9
9
62
9
38
1
99
8
90
9
61
9
28
8
8
9
20
9
38
8
19
9
62
9
61
8
48
9
87
8
60
9
43
8
80
9
87
9
28
7
18
7
88
0
91
9
68
8
80
9
99
9
97
7
39
9
33
7
99
7
39
1
59
7
64
9
21
9
11
10
52
9
73
9
7
8
60
4
29
9
77
9
42
8
29
9
71
9
68
7
89
10
82
7
79
8
10
9
43
9
31
9
51
8
40
9
21
7
78
8
28
8
30
8
80
9
20
9
77
9
59
8
37
9
68
9
51
9
43
9
81
9
98
7
39
7
79
9
12
9
42
7
79
9
80
9
68
10
22
3
67
9
90
9
72
9
81
9
91
8
40
9
99
8
10
7
61
8
50
9
98
7
29
9
68
3
97
7
69
9
71
9
66
9
31
10
22
9
98
11
23
7
89
7
48
9
57
9
13
8
79
9
73
7
48
1
79
7
69
9
99
0
10
7
49
7
97
3
49
9
99
1
39
9
96
8
75
9
38
8
80
9
78
9
41
9
31
9
81
7
39
9
81
4
69
7
98
10
22
9
92
9
99
9
31
9
91
7
9
10
82
11
23
9
62
9
12
9
27
9
71
7
79
7
59
9
51
9
99
10
22
7
49
8
70
7
89
7
79
11
23
2
69
9
41
8
60
7
9
7
78
8
18
9
97
9
81
7
49
9
21
9
21
9
48
9
81
9
93
8
80
9
38
9
21
7
39
9
99
9
71
8
49
7
9
9
31
7
48
8
80
0
90
9
21
9
20
8
90
3
49
9
8
8
60
9
49
9
93
8
60
9
70
7
69
7
59
7
27
9
67
7
19
9
90
0
10
7
47
8
9
7
29
7
89
9
59
9
18
9
73
9
9
9
74
9
50
8
28
10
22
9
59
8
70
8
19
9
31
9
31
9
32
9
38
8
20
7
19
9
92
9
13
9
40
7
49
8
50
9
99
7
79
9
21
9
49
1
79
9
12
8
20
9
38
8
60
8
48
8
30
11
82
4
79
9
13
9
58
9
40
9
70
7
69
9
12
9
47
9
8
0
30
7
79
7
88
8
59
4
39
9
98
9
88
9
71
9
90
9
12
9
19
9
89
9
42
9
42
2
89
9
73
9
71
9
60
9
89
9
71
9
21
8
30
9
43
9
80
7
88
9
19
9
71
7
69
7
29
9
33
9
71
1
19
9
93
8
78
8
40
9
70
8
80
9
12
8
48
9
92
9
71
9
71
7
48
8
32
9
40
9
73
9
8
7
41
7
59
9
32
9
11
8
57
9
58
9
99
9
12
9
13
9
51
8
70
9
63
8
30
7
69
9
47
7
29
9
27
10
22
8
10
7
9
