9
34
9
34
12
84
9
64
18
60
9
64
9
44
14
86
9
64
9
14
9
64
9
64
9
34
9
34
9
64
9
99
9
34
14
56
15
87
17
89
9
74
9
44
9
99
9
34
9
99
9
34
9
74
9
94
14
56
15
27
14
26
9
99
14
86
9
64
9
64
9
74
9
64
9
94
13
25
9
34
9
94
9
64
9
44
9
14
9
14
9
14
9
34
9
44
16
58
9
14
9
74
14
56
9
94
9
34
18
30
9
94
9
34
13
55
0
0
9
34
9
34
9
64
9
44
9
94
9
74
9
94
9
74
17
59
9
34
9
64
0
30
0
0
15
27
9
99
9
94
9
64
9
34
9
34
16
28
16
58
9
44
0
0
17
29
9
99
9
34
9
44
14
56
17
59
17
89
17
29
12
24
16
88
9
99
9
74
9
64
9
44
9
34
0
80
9
74
15
27
9
74
9
14
9
64
14
26
15
87
9
14
9
34
16
28
9
14
13
25
9
44
15
57
15
57
9
34
9
99
9
34
9
64
15
27
15
57
9
14
9
99
9
34
18
60
16
58
9
44
14
56
17
29
9
64
9
99
8
5
13
25
9
94
9
14
9
14
9
99
9
44
9
14
9
94
9
34
9
99
15
87
9
74
16
58
9
34
9
94
9
14
18
90
9
64
16
88
9
14
9
44
9
99
9
34
15
57
9
44
9
74
9
14
9
99
9
14
13
55
15
27
17
29
9
44
9
44
9
64
14
56
9
94
9
34
18
90
13
85
9
64
0
90
9
64
9
34
9
64
9
14
12
84
15
27
9
74
9
14
9
74
15
27
9
99
13
25
9
99
9
14
9
99
9
64
9
64
0
50
9
99
9
14
14
56
9
44
13
25
9
14
9
44
9
44
9
99
14
56
9
44
9
94
16
28
9
14
9
64
13
85
9
34
9
14
9
34
0
50
9
14
15
57
9
74
0
0
9
14
17
29
9
99
9
44
9
34
13
25
9
34
9
34
9
94
9
74
9
64
9
34
9
14
9
94
14
56
13
85
9
64
9
99
9
74
14
56
9
44
18
30
15
27
9
99
9
44
9
14
9
99
9
44
9
34
9
64
9
34
9
74
16
28
18
30
9
14
0
0
9
11
9
99
9
14
9
34
13
25
9
34
9
44
9
94
9
74
9
14
16
88
9
44
9
74
9
64
9
34
9
34
17
89
15
57
9
44
9
34
9
64
9
74
14
56
9
94
9
64
9
94
9
44
9
14
15
27
9
99
9
64
9
44
15
27
9
94
9
64
9
74
16
28
9
94
0
50
1
9
9
14
9
44
9
8
14
56
9
42
9
44
9
74
2
99
12
84
13
55
14
56
9
74
9
44
12
54
0
82
8
85
9
99
9
44
9
64
9
14
15
27
15
57
15
57
12
54
9
14
14
86
9
74
9
74
9
41
9
94
9
14
9
34
9
34
9
94
14
86
9
34
12
84
14
56
9
64
9
44
15
51
9
94
9
64
13
55
9
99
9
34
17
59
9
34
9
74
9
94
1
29
9
64
9
94
9
44
9
64
9
74
15
57
9
44
9
74
9
74
12
54
9
99
17
29
9
74
0
2
9
14
9
34
17
59
9
34
9
64
9
44
14
86
4
89
9
3
9
99
9
94
18
90
15
87
9
94
9
99
12
24
14
86
9
94
9
34
9
94
9
34
9
44
9
94
9
99
9
74
9
38
9
14
9
64
9
99
9
34
9
64
9
64
9
44
9
64
17
29
9
14
9
64
9
64
9
74
14
56
9
74
9
94
9
64
9
44
9
14
9
44
9
74
9
64
18
60
9
94
14
26
15
57
9
74
1
39
9
74
15
57
15
57
9
14
9
34
9
64
16
28
9
74
17
89
15
87
9
64
9
14
13
55
14
26
9
74
9
74
4
89
9
34
9
44
13
55
13
55
9
64
9
94
9
99
15
57
17
59
9
94
18
30
9
34
9
14
17
29
9
44
9
44
9
44
9
74
9
44
12
24
15
87
9
34
16
88
13
55
0
40
9
64
9
99
9
77
9
14
12
54
9
44
9
44
9
34
9
74
9
64
9
44
13
25
9
99
14
86
9
44
9
14
9
14
15
87
15
87
14
86
9
34
18
60
9
74
9
64
9
74
9
64
9
74
9
64
9
34
16
58
15
57
13
25
9
74
15
57
9
34
0
30
9
94
9
34
9
14
9
74
15
27
15
27
9
14
9
44
17
89
9
74
9
74
9
44
16
28
0
80
13
85
9
34
9
34
15
27
9
14
15
87
15
27
9
94
9
64
9
64
9
64
13
55
15
27
9
34
9
99
9
34
16
28
9
14
9
99
9
99
18
60
9
14
14
26
9
34
14
26
3
89
14
56
9
64
14
26
9
99
9
14
9
64
9
34
9
64
12
54
9
34
0
90
9
94
9
34
9
14
9
44
16
88
14
26
9
44
1
29
15
87
17
29
9
74
18
30
9
99
9
74
17
52
9
34
9
14
9
74
13
25
9
94
9
99
14
56
9
94
12
24
9
34
9
94
16
28
9
14
15
87
9
74
9
94
9
74
9
11
9
99
9
64
9
74
9
94
9
74
9
94
9
94
9
34
9
64
9
14
9
14
15
27
9
64
13
55
9
94
18
60
13
85
9
44
9
99
9
94
9
64
14
86
9
74
13
25
4
39
9
94
9
94
9
74
9
64
9
74
0
90
9
99
15
57
9
74
9
74
9
34
9
64
9
99
9
44
9
99
14
86
9
94
14
26
9
14
9
14
15
57
12
54
16
28
9
34
14
26
9
94
12
24
9
14
9
44
9
34
9
34
14
86
9
14
9
74
17
89
15
87
9
64
17
89
9
94
12
24
9
14
9
44
9
74
9
34
9
34
14
26
14
26
14
56
9
94
9
34
9
34
9
44
9
44
9
99
9
99
3
79
14
26
9
31
15
57
15
27
15
57
15
57
9
44
9
64
9
44
0
30
9
74
16
28
9
94
16
88
9
34
9
34
2
69
9
74
18
30
9
64
9
64
9
14
9
94
9
14
9
99
15
27
14
86
9
94
9
94
9
64
16
88
9
94
9
99
9
74
9
99
3
49
1
79
9
44
9
44
9
34
14
56
9
34
9
14
13
85
14
56
9
14
9
64
9
44
1
99
9
94
9
64
9
34
9
14
15
27
9
44
14
26
9
64
9
64
13
55
9
94
9
64
9
44
15
87
9
94
9
34
13
25
9
94
0
91
9
74
15
87
9
99
9
99
9
44
9
34
9
99
9
44
1
59
9
64
16
28
9
14
17
59
9
74
9
14
9
64
4
29
12
84
9
44
9
34
9
71
9
74
9
94
17
89
14
86
9
14
9
44
9
34
16
58
9
44
16
28
13
85
9
34
9
34
15
87
15
27
12
84
9
64
9
44
9
74
16
58
9
44
16
88
9
99
9
44
14
86
9
14
9
44
14
86
15
87
9
74
17
29
3
69
9
94
9
74
16
88
9
94
9
44
9
99
9
14
9
61
15
57
9
99
9
34
9
68
3
99
9
74
9
74
9
66
9
34
17
29
9
99
18
30
9
94
13
55
9
64
9
14
14
86
9
74
13
55
1
79
9
74
9
99
0
10
14
56
9
99
3
49
9
99
1
39
9
96
8
75
9
44
15
87
13
85
9
44
9
34
16
88
9
44
16
88
4
69
9
99
17
29
9
94
9
99
9
34
9
94
9
14
17
89
18
30
9
64
9
14
9
34
9
74
14
86
9
64
16
58
9
99
17
29
14
56
9
74
9
94
14
86
18
30
2
69
9
44
9
64
9
14
13
85
13
25
9
99
16
88
14
56
16
28
16
28
9
48
16
88
9
94
15
87
9
44
16
28
9
44
9
99
9
74
14
56
9
14
9
34
13
55
15
87
0
90
16
28
15
27
9
94
3
49
9
14
9
64
14
56
9
93
9
64
9
74
9
74
9
64
9
34
9
74
14
26
9
94
0
10
12
54
9
14
9
34
9
94
9
64
13
25
9
74
9
14
9
74
15
57
9
34
17
29
9
64
9
74
14
26
9
34
9
34
9
34
9
44
15
27
14
26
9
94
9
13
9
44
14
56
15
57
9
99
14
86
16
28
14
56
1
79
9
14
15
27
9
44
9
64
9
48
9
34
18
82
4
79
9
14
9
64
9
44
9
74
9
74
9
14
12
54
9
14
0
30
14
86
9
94
9
64
4
39
9
99
9
94
9
74
9
94
9
14
14
26
9
94
9
44
9
44
2
89
9
74
9
74
9
64
9
94
9
74
16
28
9
34
9
44
15
87
9
94
14
26
9
74
9
74
9
34
9
34
9
74
1
19
9
94
13
85
9
44
9
74
15
87
9
14
13
55
9
94
9
74
9
74
13
55
9
32
9
44
9
74
9
14
9
41
9
64
9
34
9
14
9
64
9
64
9
99
9
14
9
14
16
58
9
74
9
63
9
34
9
74
12
54
9
34
9
27
17
29
9
14
9
14
