9
34
9
34
10
82
9
64
16
58
9
64
9
44
12
84
9
64
9
14
9
64
9
64
9
33
9
34
9
64
9
99
9
34
12
54
13
85
15
87
9
74
9
44
9
99
9
34
9
99
9
34
9
74
9
94
12
54
13
25
12
24
9
99
12
84
9
63
9
64
9
74
9
63
9
94
11
23
9
33
9
92
9
64
9
44
9
14
9
14
9
14
9
33
9
44
14
56
9
14
9
72
12
54
9
94
9
34
16
28
9
94
9
34
11
53
0
0
9
34
9
34
9
64
9
44
9
94
9
73
9
93
9
74
15
57
9
34
9
64
0
30
0
0
13
25
9
99
9
94
9
62
9
34
9
34
14
26
14
56
9
42
0
0
15
27
9
99
9
34
9
44
12
54
15
57
15
87
15
27
10
22
14
86
9
99
9
74
9
64
9
44
9
34
0
80
9
74
13
25
9
74
9
14
9
62
12
24
13
85
9
14
9
34
14
26
9
14
11
23
9
44
13
55
13
55
9
34
9
99
9
34
9
63
13
25
13
55
9
14
9
99
9
34
16
58
14
56
9
42
12
54
15
27
9
64
9
99
8
5
11
23
9
92
9
14
9
14
9
99
9
44
9
14
9
93
9
34
9
99
13
85
9
73
14
56
9
32
9
93
9
13
16
88
9
64
14
86
9
14
9
44
9
99
9
34
13
55
9
42
9
74
9
14
9
99
9
14
11
53
13
25
15
27
9
44
9
44
9
64
12
54
9
94
9
34
16
88
11
83
9
64
0
90
9
64
9
34
9
64
9
14
10
82
13
25
9
74
9
14
9
74
13
25
9
99
11
23
9
99
9
14
9
99
9
64
9
64
0
50
9
99
9
14
12
54
9
44
11
23
9
12
9
44
9
44
9
99
12
54
9
43
9
92
14
26
9
14
9
64
11
83
9
34
9
14
9
34
0
50
9
14
13
55
9
74
0
0
9
14
15
27
9
99
9
44
9
34
11
23
9
34
9
34
9
94
9
74
9
64
9
34
9
14
9
92
12
54
11
83
9
64
9
99
9
74
12
54
9
42
16
28
13
25
9
99
9
43
9
14
9
99
9
44
9
34
9
64
9
34
9
74
14
26
16
28
9
12
0
0
9
11
9
99
9
12
9
34
11
23
9
34
9
44
9
94
9
74
9
14
14
86
9
43
9
74
9
62
9
34
9
34
15
87
13
55
9
42
9
34
9
64
9
74
12
54
9
93
9
64
9
94
9
44
9
14
13
25
9
99
9
64
9
44
13
25
9
94
9
64
9
74
14
26
9
94
0
50
1
9
9
13
9
44
9
8
12
54
9
42
9
44
9
74
2
99
10
82
11
53
12
54
9
74
9
44
10
52
0
82
8
85
9
99
9
44
9
64
9
12
13
25
13
55
13
55
10
52
9
14
12
84
9
74
9
72
9
41
9
94
9
14
9
34
9
34
9
94
12
84
9
34
10
82
12
54
9
64
9
44
13
51
9
94
9
62
11
53
9
99
9
33
15
57
9
34
9
73
9
94
1
29
9
64
9
94
9
44
9
64
9
74
13
55
9
44
9
74
9
74
10
52
9
99
15
27
9
74
0
2
9
14
9
33
15
57
9
34
9
64
9
44
12
84
4
89
9
3
9
99
9
94
16
88
13
85
9
94
9
99
10
22
12
84
9
94
9
34
9
94
9
34
9
44
9
94
9
99
9
74
9
38
9
14
9
64
9
99
9
34
9
64
9
64
9
44
9
64
15
27
9
14
9
64
9
64
9
74
12
54
9
74
9
94
9
64
9
43
9
13
9
44
9
74
9
64
16
58
9
94
12
24
13
55
9
74
1
39
9
74
13
55
13
55
9
14
9
34
9
62
14
26
9
74
15
87
13
85
9
63
9
14
11
53
12
24
9
74
9
74
4
89
9
33
9
44
11
53
11
53
9
63
9
94
9
99
13
55
15
57
9
94
16
28
9
34
9
14
15
27
9
44
9
44
9
44
9
74
9
44
10
22
13
85
9
34
14
86
11
53
0
40
9
64
9
99
9
77
9
14
10
52
9
44
9
44
9
32
9
74
9
64
9
44
11
23
9
99
12
84
9
44
9
14
9
14
13
85
13
85
12
84
9
33
16
58
9
73
9
64
9
74
9
64
9
74
9
64
9
34
14
56
13
55
11
23
9
74
13
55
9
34
0
30
9
94
9
34
9
14
9
74
13
25
13
25
9
13
9
44
15
87
9
74
9
74
9
43
14
26
0
80
11
83
9
34
9
34
13
25
9
12
13
85
13
25
9
94
9
64
9
64
9
64
11
53
13
25
9
33
9
99
9
34
14
26
9
14
9
99
9
99
16
58
9
14
12
24
9
34
12
24
3
89
12
54
9
64
12
24
9
99
9
13
9
64
9
34
9
63
10
52
9
34
0
90
9
94
9
34
9
14
9
44
14
86
12
24
9
44
1
29
13
85
15
27
9
74
16
28
9
99
9
74
15
52
9
34
9
14
9
74
11
23
9
94
9
99
12
54
9
94
10
22
9
34
9
94
14
26
9
14
13
85
9
74
9
94
9
74
9
11
9
99
9
64
9
74
9
94
9
74
9
92
9
93
9
34
9
64
9
13
9
14
13
25
9
62
11
53
9
94
16
58
11
83
9
44
9
99
9
94
9
64
12
84
9
74
11
23
4
39
9
94
9
93
9
74
9
64
9
74
0
90
9
99
13
55
9
74
9
74
9
34
9
64
9
99
9
44
9
99
12
84
9
93
12
24
9
14
9
14
13
55
10
52
14
26
9
34
12
24
9
94
10
22
9
13
9
44
9
34
9
34
12
84
9
14
9
74
15
87
13
85
9
64
15
87
9
94
10
22
9
14
9
44
9
74
9
34
9
34
12
24
12
24
12
54
9
94
9
34
9
34
9
44
9
42
9
99
9
99
3
79
12
24
9
31
13
55
13
25
13
55
13
55
9
44
9
64
9
44
0
30
9
74
14
26
9
94
14
86
9
34
9
34
2
69
9
74
16
28
9
63
9
64
9
14
9
94
9
14
9
99
13
25
12
84
9
92
9
94
9
64
14
86
9
94
9
99
9
74
9
99
3
49
1
79
9
44
9
44
9
34
12
54
9
34
9
14
11
83
12
54
9
14
9
64
9
43
1
99
9
94
9
64
9
33
9
13
13
25
9
43
12
24
9
64
9
64
11
53
9
92
9
64
9
44
13
85
9
92
9
33
11
23
9
93
0
91
9
73
13
85
9
99
9
99
9
44
9
34
9
99
9
44
1
59
9
64
14
26
9
14
15
57
9
74
9
12
9
64
4
29
10
82
9
44
9
34
9
71
9
73
9
94
15
87
12
84
9
14
9
44
9
34
14
56
9
44
14
26
11
83
9
33
9
34
13
85
13
25
10
82
9
64
9
42
9
73
14
56
9
44
14
86
9
99
9
44
12
84
9
14
9
44
12
84
13
85
9
73
15
27
3
69
9
94
9
74
14
86
9
94
9
44
9
99
9
14
9
61
13
55
9
99
9
34
9
68
3
99
9
74
9
74
9
66
9
34
15
27
9
99
16
28
9
94
11
53
9
62
9
14
12
84
9
74
11
53
1
79
9
74
9
99
0
10
12
54
9
99
3
49
9
99
1
39
9
96
8
75
9
43
13
85
11
83
9
44
9
34
14
86
9
44
14
86
4
69
9
99
15
27
9
94
9
99
9
34
9
94
9
14
15
87
16
28
9
64
9
14
9
32
9
74
12
84
9
64
14
56
9
99
15
27
12
54
9
74
9
94
12
84
16
28
2
69
9
44
9
64
9
14
11
83
11
23
9
99
14
86
12
54
14
26
14
26
9
48
14
86
9
94
13
85
9
43
14
26
9
44
9
99
9
74
12
54
9
14
9
34
11
53
13
85
0
90
14
26
13
25
9
94
3
49
9
13
9
64
12
54
9
93
9
64
9
74
9
74
9
64
9
32
9
72
12
24
9
94
0
10
10
52
9
14
9
34
9
94
9
64
11
23
9
74
9
14
9
74
13
55
9
33
15
27
9
64
9
74
12
24
9
34
9
34
9
34
9
43
13
25
12
24
9
94
9
13
9
44
12
54
13
55
9
99
12
84
14
26
12
54
1
79
9
14
13
25
9
43
9
64
9
48
9
34
16
82
4
79
9
14
9
63
9
44
9
74
9
74
9
14
10
52
9
13
0
30
12
84
9
93
9
64
4
39
9
99
9
93
9
74
9
94
9
14
12
24
9
94
9
44
9
44
2
89
9
74
9
74
9
64
9
94
9
74
14
26
9
34
9
44
13
85
9
93
12
24
9
74
9
74
9
34
9
34
9
74
1
19
9
94
11
83
9
44
9
74
13
85
9
14
11
53
9
94
9
74
9
74
11
53
9
32
9
44
9
74
9
13
9
41
9
64
9
34
9
14
9
62
9
63
9
99
9
14
9
14
14
56
9
74
9
63
9
34
9
74
10
52
9
34
9
27
15
27
9
14
9
14
