9
33
9
34
9
81
9
64
15
57
9
63
9
44
11
83
9
64
9
14
9
64
9
64
9
32
9
34
9
63
9
99
9
34
11
53
12
84
14
86
9
74
9
44
9
99
9
34
9
99
9
34
9
73
9
94
11
53
12
24
11
23
9
99
11
83
9
62
9
64
9
74
9
62
9
94
10
22
9
32
9
91
9
63
9
44
9
13
9
14
9
14
9
32
9
44
13
55
9
13
9
71
11
53
9
93
9
34
15
27
9
94
9
34
10
52
0
0
9
34
9
34
9
64
9
43
9
94
9
72
9
92
9
74
14
56
9
33
9
64
0
30
0
0
12
24
9
99
9
94
9
61
9
33
9
34
13
25
13
55
9
41
0
0
14
26
9
99
9
34
9
43
11
53
14
56
14
86
14
26
9
21
13
85
9
99
9
74
9
64
9
44
9
34
0
80
9
74
12
24
9
73
9
13
9
61
11
23
12
84
9
14
9
34
13
25
9
13
10
22
9
43
12
54
12
54
9
34
9
99
9
34
9
62
12
24
12
54
9
14
9
99
9
34
15
57
13
55
9
41
11
53
14
26
9
63
9
99
8
5
10
22
9
91
9
14
9
13
9
99
9
44
9
14
9
92
9
34
9
99
12
84
9
72
13
55
9
31
9
92
9
12
15
87
9
64
13
85
9
14
9
44
9
99
9
34
12
54
9
41
9
73
9
14
9
99
9
14
10
52
12
24
14
26
9
44
9
44
9
63
11
53
9
94
9
34
15
87
10
82
9
63
0
90
9
64
9
33
9
64
9
14
9
81
12
24
9
74
9
14
9
74
12
24
9
99
10
22
9
99
9
14
9
99
9
64
9
64
0
50
9
99
9
14
11
53
9
43
10
22
9
11
9
44
9
43
9
99
11
53
9
42
9
91
13
25
9
14
9
64
10
82
9
33
9
13
9
33
0
50
9
14
12
54
9
73
0
0
9
14
14
26
9
99
9
44
9
34
10
22
9
34
9
34
9
94
9
74
9
63
9
33
9
14
9
91
11
53
10
82
9
63
9
99
9
73
11
53
9
41
15
27
12
24
9
99
9
42
9
14
9
99
9
43
9
34
9
64
9
34
9
74
13
25
15
27
9
11
0
0
9
11
9
99
9
11
9
33
10
22
9
33
9
43
9
94
9
74
9
13
13
85
9
42
9
74
9
61
9
33
9
33
14
86
12
54
9
41
9
33
9
63
9
74
11
53
9
92
9
63
9
93
9
44
9
13
12
24
9
99
9
63
9
44
12
24
9
94
9
64
9
74
13
25
9
94
0
50
1
9
9
12
9
44
9
8
11
53
9
42
9
43
9
73
2
99
9
81
10
52
11
53
9
73
9
44
9
51
0
82
8
85
9
99
9
43
9
64
9
11
12
24
12
54
12
54
9
51
9
14
11
83
9
74
9
71
9
41
9
93
9
14
9
34
9
34
9
94
11
83
9
34
9
81
11
53
9
64
9
43
12
51
9
93
9
61
10
52
9
99
9
32
14
56
9
34
9
72
9
94
1
29
9
64
9
94
9
43
9
64
9
73
12
54
9
44
9
74
9
74
9
51
9
99
14
26
9
74
0
2
9
13
9
32
14
56
9
34
9
63
9
44
11
83
4
89
9
3
9
99
9
94
15
87
12
84
9
94
9
99
9
21
11
83
9
94
9
34
9
94
9
33
9
44
9
93
9
99
9
73
9
38
9
14
9
64
9
99
9
34
9
64
9
64
9
44
9
63
14
26
9
14
9
63
9
64
9
74
11
53
9
73
9
94
9
64
9
42
9
12
9
44
9
74
9
64
15
57
9
93
11
23
12
54
9
74
1
39
9
73
12
54
12
54
9
14
9
33
9
61
13
25
9
73
14
86
12
84
9
62
9
13
10
52
11
23
9
74
9
74
4
89
9
32
9
44
10
52
10
52
9
62
9
94
9
99
12
54
14
56
9
94
15
27
9
34
9
14
14
26
9
44
9
44
9
44
9
74
9
44
9
21
12
84
9
33
13
85
10
52
0
40
9
64
9
99
9
77
9
13
9
51
9
44
9
43
9
31
9
74
9
64
9
43
10
22
9
99
11
83
9
43
9
13
9
14
12
84
12
84
11
83
9
32
15
57
9
72
9
64
9
74
9
63
9
74
9
63
9
34
13
55
12
54
10
22
9
74
12
54
9
34
0
30
9
93
9
34
9
14
9
74
12
24
12
24
9
12
9
43
14
86
9
74
9
74
9
42
13
25
0
80
10
82
9
34
9
33
12
24
9
11
12
84
12
24
9
94
9
64
9
63
9
63
10
52
12
24
9
32
9
99
9
34
13
25
9
13
9
99
9
99
15
57
9
13
11
23
9
34
11
23
3
89
11
53
9
64
11
23
9
99
9
12
9
64
9
33
9
62
9
51
9
34
0
90
9
94
9
34
9
14
9
43
13
85
11
23
9
43
1
29
12
84
14
26
9
73
15
27
9
99
9
74
14
52
9
34
9
13
9
74
10
22
9
94
9
99
11
53
9
94
9
21
9
34
9
93
13
25
9
14
12
84
9
73
9
94
9
74
9
11
9
99
9
64
9
74
9
94
9
74
9
91
9
92
9
34
9
64
9
12
9
14
12
24
9
61
10
52
9
94
15
57
10
82
9
43
9
99
9
94
9
63
11
83
9
74
10
22
4
39
9
94
9
92
9
74
9
63
9
73
0
90
9
99
12
54
9
74
9
74
9
34
9
63
9
99
9
44
9
99
11
83
9
92
11
23
9
13
9
14
12
54
9
51
13
25
9
33
11
23
9
93
9
21
9
12
9
44
9
34
9
33
11
83
9
14
9
74
14
86
12
84
9
64
14
86
9
94
9
21
9
14
9
44
9
74
9
34
9
34
11
23
11
23
11
53
9
94
9
34
9
34
9
44
9
41
9
99
9
99
3
79
11
23
9
31
12
54
12
24
12
54
12
54
9
44
9
64
9
43
0
30
9
74
13
25
9
93
13
85
9
34
9
34
2
69
9
74
15
27
9
62
9
64
9
14
9
94
9
14
9
99
12
24
11
83
9
91
9
94
9
64
13
85
9
94
9
99
9
74
9
99
3
49
1
79
9
43
9
44
9
34
11
53
9
34
9
14
10
82
11
53
9
13
9
64
9
42
1
99
9
94
9
64
9
32
9
12
12
24
9
42
11
23
9
64
9
64
10
52
9
91
9
64
9
44
12
84
9
91
9
32
10
22
9
92
0
91
9
72
12
84
9
99
9
99
9
43
9
34
9
99
9
43
1
59
9
64
13
25
9
14
14
56
9
74
9
11
9
64
4
29
9
81
9
44
9
33
9
71
9
72
9
93
14
86
11
83
9
14
9
44
9
34
13
55
9
44
13
25
10
82
9
32
9
34
12
84
12
24
9
81
9
63
9
41
9
72
13
55
9
44
13
85
9
99
9
43
11
83
9
14
9
44
11
83
12
84
9
72
14
26
3
69
9
94
9
74
13
85
9
94
9
44
9
99
9
14
9
61
12
54
9
99
9
33
9
68
3
99
9
73
9
74
9
66
9
34
14
26
9
99
15
27
9
93
10
52
9
61
9
14
11
83
9
74
10
52
1
79
9
73
9
99
0
10
11
53
9
99
3
49
9
99
1
39
9
96
8
75
9
42
12
84
10
82
9
44
9
34
13
85
9
43
13
85
4
69
9
99
14
26
9
94
9
99
9
34
9
94
9
13
14
86
15
27
9
64
9
14
9
31
9
74
11
83
9
63
13
55
9
99
14
26
11
53
9
74
9
93
11
83
15
27
2
69
9
44
9
64
9
13
10
82
10
22
9
99
13
85
11
53
13
25
13
25
9
48
13
85
9
94
12
84
9
42
13
25
9
43
9
99
9
74
11
53
9
13
9
34
10
52
12
84
0
90
13
25
12
24
9
94
3
49
9
12
9
64
11
53
9
93
9
64
9
74
9
73
9
63
9
31
9
71
11
23
9
94
0
10
9
51
9
13
9
33
9
93
9
63
10
22
9
74
9
13
9
74
12
54
9
32
14
26
9
63
9
74
11
23
9
34
9
34
9
34
9
42
12
24
11
23
9
94
9
13
9
44
11
53
12
54
9
99
11
83
13
25
11
53
1
79
9
14
12
24
9
42
9
64
9
48
9
34
15
82
4
79
9
14
9
62
9
44
9
74
9
73
9
14
9
51
9
12
0
30
11
83
9
92
9
63
4
39
9
99
9
92
9
74
9
94
9
14
11
23
9
93
9
44
9
44
2
89
9
74
9
74
9
64
9
93
9
74
13
25
9
34
9
44
12
84
9
92
11
23
9
74
9
73
9
33
9
34
9
74
1
19
9
94
10
82
9
44
9
74
12
84
9
14
10
52
9
94
9
74
9
74
10
52
9
32
9
44
9
74
9
12
9
41
9
63
9
34
9
14
9
61
9
62
9
99
9
14
9
14
13
55
9
74
9
63
9
34
9
73
9
51
9
33
9
27
14
26
9
14
9
13
