9
27
9
31
8
75
8
58
9
51
5
57
8
40
5
79
9
60
6
9
7
59
8
60
8
26
7
29
5
59
5
99
8
29
5
49
6
79
8
80
8
70
7
39
7
98
6
29
5
98
7
29
5
69
6
89
5
47
6
19
5
19
6
99
5
79
7
56
7
59
9
71
8
56
7
89
5
16
5
26
7
85
5
57
8
40
5
9
7
9
8
10
7
26
6
39
7
49
9
7
8
65
7
47
6
87
7
28
9
21
9
90
8
30
5
46
0
0
7
29
9
29
8
60
6
37
8
90
5
66
5
86
9
71
9
50
7
27
6
59
0
30
0
0
8
18
5
96
6
88
6
55
9
27
9
30
7
19
9
49
5
35
0
0
8
20
6
99
6
29
9
37
5
49
8
50
8
80
8
20
5
15
9
79
8
95
7
68
8
58
6
38
9
31
0
80
7
69
6
19
5
69
7
7
7
55
8
17
6
79
7
9
6
28
9
19
5
9
8
16
5
39
9
48
6
49
8
30
8
97
6
29
6
56
6
19
9
48
6
9
5
99
6
28
9
51
7
49
6
35
5
49
8
20
7
57
8
96
8
5
8
16
7
85
8
10
5
9
6
95
8
40
9
10
5
86
6
29
6
98
6
78
8
66
7
49
6
25
6
86
5
6
9
81
8
60
7
79
8
10
7
39
6
99
7
29
8
48
5
35
5
68
9
10
6
97
8
9
7
46
9
18
8
20
7
39
9
40
5
59
8
47
9
91
7
28
9
81
5
76
5
57
0
90
9
60
5
27
9
61
6
9
8
75
6
19
7
69
6
9
8
70
7
18
6
95
5
16
7
99
6
9
7
99
7
59
9
61
0
50
9
99
8
10
5
49
7
37
5
16
6
5
8
39
5
38
5
98
5
49
7
36
5
85
7
19
8
10
9
61
8
76
7
27
5
8
5
29
0
50
9
11
6
49
8
67
0
0
7
9
8
20
8
99
8
40
6
29
6
16
6
29
9
31
9
91
8
70
7
57
5
27
8
10
7
85
5
49
5
76
5
59
9
99
5
69
7
47
7
35
9
21
6
19
5
99
6
36
9
11
6
96
9
37
7
29
6
59
7
28
6
69
7
19
9
21
6
5
0
0
5
11
8
95
6
5
5
29
8
16
7
27
5
38
8
90
8
69
5
9
8
79
8
36
9
68
8
55
5
29
9
27
8
80
8
48
7
35
5
29
5
59
8
70
5
49
8
86
9
57
5
87
9
40
5
7
8
18
6
96
5
59
7
39
6
19
8
90
6
59
7
69
7
19
8
89
0
50
1
5
8
6
8
40
8
8
5
49
6
42
5
39
5
69
2
97
8
75
8
46
7
47
5
69
6
39
8
45
0
82
6
85
5
99
9
37
5
64
6
5
6
19
6
49
7
48
7
45
7
8
9
77
7
69
5
65
7
41
5
89
7
9
8
30
6
29
6
89
5
79
8
30
5
75
5
47
8
60
5
37
6
51
5
88
7
55
8
46
7
97
5
26
8
50
8
30
8
66
8
90
1
26
8
58
7
88
5
39
6
59
6
67
9
48
7
39
6
69
9
71
5
45
7
96
8
20
8
70
0
2
5
9
8
26
8
50
8
30
5
59
7
39
5
79
4
89
7
3
7
99
6
89
9
81
7
78
8
90
7
98
7
15
9
77
6
89
7
28
8
90
5
29
9
41
5
89
5
99
5
69
6
38
8
9
7
59
5
98
9
31
9
58
8
60
6
39
5
59
8
20
9
11
6
57
7
59
8
70
6
47
5
69
8
90
6
59
8
36
7
6
9
39
9
70
9
61
9
51
7
87
6
17
6
49
9
69
1
39
5
68
7
48
6
49
8
10
8
27
6
55
7
19
5
69
8
80
6
79
8
56
6
7
8
46
6
17
6
69
9
70
4
89
5
26
7
39
8
46
7
46
5
56
8
90
9
99
6
49
8
50
8
90
9
21
9
28
8
9
9
20
6
38
6
38
6
39
7
69
7
39
7
15
9
78
8
27
9
79
8
46
0
40
9
58
5
95
5
77
5
9
6
45
9
38
9
37
6
25
8
70
7
59
5
39
6
16
6
97
5
79
5
37
5
7
6
9
8
78
6
79
8
77
7
26
9
51
5
66
7
59
9
71
6
57
9
71
7
57
6
29
7
49
6
49
8
16
9
69
6
49
8
30
0
30
8
87
8
30
8
9
9
70
7
18
8
18
6
6
5
39
8
80
8
69
7
69
8
36
7
19
0
80
6
76
7
28
9
27
6
19
8
5
6
79
6
19
8
90
9
59
7
57
5
59
8
46
7
18
6
26
8
96
9
30
7
19
9
7
6
99
9
99
9
51
5
9
5
19
6
29
9
17
3
89
5
49
8
60
5
17
5
99
8
6
7
59
5
29
7
56
6
45
9
31
0
90
8
90
7
29
7
9
5
37
7
79
8
17
5
39
1
27
6
79
8
20
5
69
9
21
8
99
6
69
8
52
7
29
7
7
8
70
8
16
9
91
7
97
5
49
9
91
8
15
6
29
9
87
7
19
9
11
9
78
9
67
8
89
7
69
6
11
5
99
8
59
6
69
8
90
7
69
8
85
8
86
6
28
9
61
8
6
6
9
6
19
8
55
5
46
8
90
9
51
6
76
5
38
8
99
8
90
5
59
5
78
7
68
8
16
4
39
9
90
7
86
7
69
5
59
5
69
0
90
6
99
7
48
9
71
6
69
6
29
5
57
6
99
8
38
5
99
5
79
8
86
5
18
7
7
6
8
7
48
5
45
7
19
5
29
5
19
7
87
8
15
8
6
7
39
6
29
5
27
5
79
8
10
8
70
9
80
9
78
7
59
9
80
8
90
5
15
8
9
8
40
6
69
8
30
9
30
6
17
5
17
5
49
9
91
7
29
9
30
7
39
7
35
6
96
7
99
3
79
5
19
5
31
6
49
6
19
6
49
6
49
6
39
9
61
8
37
0
30
7
68
7
19
5
89
7
79
8
30
6
29
2
66
7
69
9
21
6
56
6
59
8
9
9
91
7
9
7
99
6
19
5
79
6
85
6
89
9
61
7
79
6
89
5
98
8
70
7
97
3
48
1
79
5
39
8
40
6
29
6
47
6
28
8
10
7
76
5
49
5
9
8
60
8
36
1
99
6
89
7
59
8
26
6
6
8
18
8
36
6
17
8
60
7
59
6
46
8
85
6
59
9
41
6
79
7
85
7
26
5
16
5
86
0
91
8
66
6
79
8
97
8
95
5
39
9
31
5
99
5
39
1
59
5
64
7
19
7
9
8
50
9
71
7
5
6
59
4
29
8
75
8
40
6
27
8
71
7
66
5
89
8
80
5
79
6
9
9
41
9
29
7
49
6
38
7
19
5
76
6
26
6
28
6
79
9
18
7
75
7
57
6
35
8
66
7
49
9
41
7
79
8
96
5
39
5
78
8
10
8
40
5
79
9
78
7
66
8
20
3
65
7
88
8
70
7
79
7
89
6
38
7
97
6
9
5
61
6
49
8
96
5
29
9
68
3
95
5
67
7
69
9
66
7
29
8
20
8
96
9
21
5
87
5
46
8
55
9
11
6
77
9
71
5
46
1
79
5
69
8
98
0
10
5
48
5
95
3
49
9
97
1
38
9
96
7
75
8
36
6
78
7
76
8
39
7
29
9
79
5
39
7
79
4
67
5
96
8
20
8
90
8
99
8
29
7
89
5
9
8
80
9
21
9
60
8
10
8
25
7
69
5
79
5
59
9
49
9
99
8
20
5
49
6
68
5
89
5
79
9
21
2
68
7
39
6
59
5
7
5
76
6
16
8
95
7
79
5
49
9
19
9
19
9
48
7
79
9
91
6
79
8
36
7
19
5
39
8
99
9
69
6
47
5
8
7
29
5
46
6
79
0
90
8
19
8
18
6
89
3
49
8
6
6
58
8
47
7
94
6
59
9
68
5
69
5
59
5
25
8
65
5
18
7
88
0
10
5
45
6
7
5
27
5
89
7
57
8
16
9
71
7
7
8
74
9
48
6
26
8
20
7
57
6
69
6
17
7
29
8
29
8
30
8
36
6
19
5
19
8
90
8
13
9
38
5
49
6
49
8
99
5
79
7
19
9
47
1
79
8
10
6
19
8
36
6
59
6
48
6
29
9
83
4
79
9
11
7
56
7
38
9
68
5
69
8
10
8
45
8
6
0
30
5
79
5
86
6
57
4
39
8
96
8
86
8
69
8
88
8
10
7
17
8
87
8
40
9
40
2
87
9
71
7
69
8
58
7
87
7
69
7
19
6
29
9
41
7
78
5
86
9
17
7
69
5
69
5
29
9
31
7
69
1
17
9
91
6
76
6
39
8
68
6
79
9
10
6
46
8
90
7
69
7
69
5
46
6
32
9
38
9
71
7
6
5
41
5
59
8
30
7
9
6
55
8
56
9
97
8
10
9
11
7
49
6
69
8
64
6
29
5
69
8
45
5
29
7
27
8
20
6
9
5
9
