7
25
7
29
6
73
6
56
7
49
3
55
6
39
3
79
7
58
4
9
5
59
6
59
6
24
5
28
3
59
3
99
6
27
3
48
4
78
6
79
6
69
5
37
5
96
4
29
3
96
5
29
3
67
4
87
3
45
4
18
3
19
4
97
3
78
5
54
5
59
7
69
7
54
5
88
3
14
3
24
5
83
3
55
6
39
3
9
5
9
6
9
5
24
4
37
5
49
7
5
6
63
5
45
4
85
5
26
7
19
7
88
6
29
3
44
0
0
5
27
7
27
6
59
4
35
6
89
3
64
3
84
7
69
7
48
5
25
4
59
0
30
0
0
6
16
3
94
4
86
4
53
7
25
7
28
5
19
7
47
3
33
0
0
6
19
4
98
4
29
7
35
3
49
6
49
6
79
6
19
3
13
7
77
6
93
5
66
6
56
4
36
7
29
0
80
5
68
4
19
3
69
5
5
5
53
6
15
4
79
5
7
4
26
7
17
3
9
7
14
3
39
7
46
4
48
6
29
6
95
4
29
4
54
4
19
7
46
4
8
3
98
4
26
7
49
5
49
4
33
3
49
6
19
5
55
7
94
7
5
7
14
5
83
6
9
3
9
4
93
6
38
7
8
3
84
4
29
4
96
4
76
7
64
5
49
4
23
4
84
3
4
7
79
6
59
5
79
6
9
5
39
4
97
5
29
6
46
3
33
3
66
7
8
4
95
6
7
5
44
7
16
6
19
5
39
7
38
3
59
6
45
7
89
5
26
7
79
3
74
3
55
0
90
7
58
3
25
7
59
4
8
6
73
4
18
5
69
4
9
6
69
5
16
4
93
3
14
5
99
4
9
5
99
5
59
7
59
0
50
7
99
6
9
3
47
5
35
3
14
4
3
6
37
3
36
3
96
3
47
5
34
3
83
5
19
6
9
7
59
7
74
5
25
3
6
3
29
0
50
7
9
4
47
6
65
0
0
5
9
6
19
6
97
6
39
4
28
4
14
4
29
7
29
7
89
6
69
5
55
3
25
6
8
5
83
3
49
3
74
3
57
7
98
3
67
5
45
5
33
7
19
4
17
3
98
4
34
7
9
4
94
7
35
5
29
4
59
5
26
4
69
5
19
7
19
4
3
0
0
3
11
6
93
4
3
3
27
7
14
5
25
3
36
6
88
6
67
3
9
6
77
7
34
7
66
6
53
3
27
7
25
6
79
6
46
5
33
3
29
3
57
6
69
3
49
7
84
7
55
3
85
7
38
3
5
6
16
4
94
3
59
5
38
4
19
6
89
4
59
5
68
5
19
6
87
0
50
1
3
7
4
6
39
6
8
3
49
4
42
3
39
3
69
2
95
6
73
7
44
5
45
3
69
4
39
6
43
0
82
4
85
3
99
7
35
3
64
4
3
4
19
4
48
5
46
5
43
5
6
7
75
5
69
3
63
5
41
3
89
5
7
6
29
4
28
4
89
3
79
6
29
3
73
3
45
6
59
3
35
4
51
3
86
5
53
6
44
5
95
3
24
6
49
6
29
6
64
6
89
1
24
6
56
5
86
3
39
4
57
4
65
7
46
5
39
4
67
7
69
3
43
5
94
6
19
6
68
0
2
3
9
6
24
6
49
6
29
3
59
5
39
3
79
4
89
5
3
5
98
4
87
7
79
5
76
6
88
5
96
5
13
7
75
4
89
5
26
6
89
3
28
7
39
3
89
3
98
3
68
4
38
6
7
5
58
3
96
7
29
7
56
6
59
4
37
3
59
6
19
7
9
4
55
5
57
6
69
4
45
3
69
6
88
4
59
7
34
5
4
7
37
7
68
7
59
7
49
5
85
4
15
4
49
7
67
1
39
3
66
5
46
4
49
6
9
6
25
4
53
5
19
3
67
6
79
4
79
6
54
4
5
7
44
4
15
4
69
7
68
4
89
3
24
5
39
7
44
5
44
3
54
6
88
7
99
4
47
6
49
6
89
7
19
7
26
6
7
7
18
4
36
4
36
4
38
5
69
5
37
5
13
7
76
6
25
7
77
7
44
0
40
7
56
3
93
3
77
3
9
4
43
7
36
7
35
4
23
6
68
5
59
3
39
4
14
4
95
3
79
3
35
3
5
4
7
6
76
4
79
6
75
5
24
7
49
3
64
5
57
7
69
4
55
7
69
5
55
4
29
5
49
4
49
7
14
7
67
4
49
6
28
0
30
6
85
6
29
6
7
7
68
5
16
6
16
4
4
3
38
6
79
6
67
5
69
6
34
5
17
0
80
4
74
5
26
7
25
4
19
6
3
4
77
4
19
6
89
7
57
5
55
3
59
6
44
5
16
4
24
7
94
7
28
5
19
7
5
4
97
7
99
7
49
3
9
3
19
4
29
7
15
3
89
3
49
6
58
3
15
3
98
6
4
5
57
3
27
5
54
4
43
7
29
0
90
6
89
5
29
5
7
3
35
5
79
6
15
3
39
1
25
4
79
6
19
3
69
7
19
6
99
4
69
6
52
5
27
5
5
6
68
6
14
7
89
5
95
3
49
7
89
6
13
4
28
7
85
5
17
7
9
7
76
7
65
6
87
5
69
4
11
3
97
6
57
4
69
6
89
5
67
6
83
7
84
4
26
7
59
6
4
4
9
4
17
6
53
3
44
6
88
7
49
4
74
3
36
6
97
6
89
3
58
3
76
5
66
7
14
4
38
7
88
5
84
5
69
3
57
3
69
0
90
4
99
5
46
7
69
4
69
4
29
3
55
4
97
6
36
3
98
3
77
7
84
3
16
5
5
4
6
5
46
3
43
5
19
3
29
3
19
5
85
6
13
6
4
5
37
4
29
3
25
3
79
6
9
6
69
7
78
7
76
5
57
7
78
6
89
3
13
6
7
6
39
4
67
6
29
7
28
4
15
3
15
3
48
7
89
5
29
7
28
5
39
5
33
4
94
5
98
3
77
3
19
3
31
4
48
4
19
4
48
4
49
4
39
7
59
6
35
0
30
5
66
5
19
3
87
5
79
6
29
4
29
2
64
5
69
7
19
4
54
4
59
6
7
7
89
5
8
5
99
4
18
3
79
4
83
4
89
7
59
5
78
4
89
3
96
6
68
5
95
3
46
1
79
3
39
6
38
4
29
4
45
4
26
6
9
5
74
3
48
3
7
6
59
6
34
1
99
4
87
5
57
6
24
4
4
6
16
7
34
4
15
6
59
5
59
4
44
6
83
4
59
7
39
4
79
5
83
5
24
3
14
3
84
0
91
6
64
4
79
6
95
6
93
3
39
7
29
3
99
3
37
1
59
3
64
5
19
5
9
6
49
7
69
5
3
4
59
4
29
6
73
6
38
4
25
6
71
5
64
3
87
6
79
3
79
4
9
7
39
7
27
5
49
4
36
5
19
3
74
4
24
4
26
4
77
7
16
5
73
5
55
4
33
7
64
5
47
7
39
5
79
6
94
3
38
3
76
6
9
6
39
3
77
7
76
5
64
6
19
3
63
5
86
6
69
5
78
5
89
4
36
5
95
4
9
3
61
4
49
7
94
3
29
7
68
3
93
3
65
5
69
7
66
5
29
6
19
6
94
7
19
3
85
3
44
6
53
7
9
4
75
7
69
3
44
1
79
3
69
6
96
0
10
3
46
3
93
3
49
7
95
1
36
7
96
5
75
7
34
4
76
5
74
6
37
5
29
7
77
3
39
5
77
4
65
3
94
6
18
6
89
6
99
6
27
5
88
3
8
6
79
7
19
7
58
6
9
6
23
5
67
3
79
3
59
7
47
7
98
6
19
3
49
4
66
3
88
3
79
7
19
2
66
5
37
4
59
3
5
3
74
4
14
6
93
5
79
3
49
7
17
7
17
7
48
5
79
7
89
4
79
7
34
5
19
3
39
6
97
7
67
4
45
3
6
5
29
3
44
4
79
0
90
6
17
6
16
4
89
3
49
7
4
4
56
6
45
5
94
4
58
7
66
3
69
3
59
3
23
6
63
3
16
5
86
0
10
3
43
4
5
3
25
3
88
5
55
7
14
7
69
5
5
6
74
7
46
4
24
6
19
5
55
4
69
4
15
5
29
6
27
6
29
7
34
4
19
3
19
6
88
6
13
7
36
3
49
4
49
6
98
3
79
5
18
7
45
1
79
6
8
4
19
7
34
4
58
4
48
4
29
7
84
4
79
7
9
5
54
5
36
7
66
3
68
6
9
6
43
6
4
0
30
3
78
3
84
4
55
4
39
7
94
7
84
6
67
6
86
6
8
5
15
6
85
6
39
7
38
2
85
7
69
5
69
6
56
5
85
5
69
5
19
4
28
7
39
5
76
3
84
7
15
5
69
3
68
3
29
7
29
5
68
1
15
7
89
4
74
4
37
6
66
4
79
7
8
4
44
6
89
5
69
5
69
3
44
4
32
7
36
7
69
5
4
3
41
3
59
6
29
5
7
4
53
7
54
7
95
6
9
7
9
5
49
4
67
6
64
4
27
3
67
6
43
3
27
5
27
6
19
4
9
3
9
