9
34
9
34
15
87
9
64
19
63
9
64
9
44
17
89
9
64
9
14
9
64
9
64
9
34
9
34
9
64
9
99
9
34
17
59
18
90
19
92
9
74
9
44
9
99
9
34
9
99
9
34
9
74
9
94
17
59
18
30
17
29
9
99
17
89
9
64
9
64
9
74
9
64
9
94
16
28
9
34
9
94
9
64
9
44
9
14
9
14
9
14
9
34
9
44
19
61
9
14
9
74
17
59
9
94
9
34
19
33
9
94
9
34
16
58
0
0
9
34
9
34
9
64
9
44
9
94
9
74
9
94
9
74
19
62
9
34
9
64
0
30
0
0
18
30
9
99
9
94
9
64
9
34
9
34
19
31
19
61
9
44
0
0
19
32
9
99
9
34
9
44
17
59
19
62
19
92
19
32
15
27
19
91
9
99
9
74
9
64
9
44
9
34
0
80
9
74
18
30
9
74
9
14
9
64
17
29
18
90
9
14
9
34
19
31
9
14
16
28
9
44
18
60
18
60
9
34
9
99
9
34
9
64
18
30
18
60
9
14
9
99
9
34
19
63
19
61
9
44
17
59
19
32
9
64
9
99
8
5
16
28
9
94
9
14
9
14
9
99
9
44
9
14
9
94
9
34
9
99
18
90
9
74
19
61
9
34
9
94
9
14
19
93
9
64
19
91
9
14
9
44
9
99
9
34
18
60
9
44
9
74
9
14
9
99
9
14
16
58
18
30
19
32
9
44
9
44
9
64
17
59
9
94
9
34
19
93
16
88
9
64
0
90
9
64
9
34
9
64
9
14
15
87
18
30
9
74
9
14
9
74
18
30
9
99
16
28
9
99
9
14
9
99
9
64
9
64
0
50
9
99
9
14
17
59
9
44
16
28
9
14
9
44
9
44
9
99
17
59
9
44
9
94
19
31
9
14
9
64
16
88
9
34
9
14
9
34
0
50
9
14
18
60
9
74
0
0
9
14
19
32
9
99
9
44
9
34
16
28
9
34
9
34
9
94
9
74
9
64
9
34
9
14
9
94
17
59
16
88
9
64
9
99
9
74
17
59
9
44
19
33
18
30
9
99
9
44
9
14
9
99
9
44
9
34
9
64
9
34
9
74
19
31
19
33
9
14
0
0
9
11
9
99
9
14
9
34
16
28
9
34
9
44
9
94
9
74
9
14
19
91
9
44
9
74
9
64
9
34
9
34
19
92
18
60
9
44
9
34
9
64
9
74
17
59
9
94
9
64
9
94
9
44
9
14
18
30
9
99
9
64
9
44
18
30
9
94
9
64
9
74
19
31
9
94
0
50
1
9
9
14
9
44
9
8
17
59
9
42
9
44
9
74
2
99
15
87
16
58
17
59
9
74
9
44
15
57
0
82
8
85
9
99
9
44
9
64
9
14
18
30
18
60
18
60
15
57
9
14
17
89
9
74
9
74
9
41
9
94
9
14
9
34
9
34
9
94
17
89
9
34
15
87
17
59
9
64
9
44
18
51
9
94
9
64
16
58
9
99
9
34
19
62
9
34
9
74
9
94
1
29
9
64
9
94
9
44
9
64
9
74
18
60
9
44
9
74
9
74
15
57
9
99
19
32
9
74
0
2
9
14
9
34
19
62
9
34
9
64
9
44
17
89
4
89
9
3
9
99
9
94
19
93
18
90
9
94
9
99
15
27
17
89
9
94
9
34
9
94
9
34
9
44
9
94
9
99
9
74
9
38
9
14
9
64
9
99
9
34
9
64
9
64
9
44
9
64
19
32
9
14
9
64
9
64
9
74
17
59
9
74
9
94
9
64
9
44
9
14
9
44
9
74
9
64
19
63
9
94
17
29
18
60
9
74
1
39
9
74
18
60
18
60
9
14
9
34
9
64
19
31
9
74
19
92
18
90
9
64
9
14
16
58
17
29
9
74
9
74
4
89
9
34
9
44
16
58
16
58
9
64
9
94
9
99
18
60
19
62
9
94
19
33
9
34
9
14
19
32
9
44
9
44
9
44
9
74
9
44
15
27
18
90
9
34
19
91
16
58
0
40
9
64
9
99
9
77
9
14
15
57
9
44
9
44
9
34
9
74
9
64
9
44
16
28
9
99
17
89
9
44
9
14
9
14
18
90
18
90
17
89
9
34
19
63
9
74
9
64
9
74
9
64
9
74
9
64
9
34
19
61
18
60
16
28
9
74
18
60
9
34
0
30
9
94
9
34
9
14
9
74
18
30
18
30
9
14
9
44
19
92
9
74
9
74
9
44
19
31
0
80
16
88
9
34
9
34
18
30
9
14
18
90
18
30
9
94
9
64
9
64
9
64
16
58
18
30
9
34
9
99
9
34
19
31
9
14
9
99
9
99
19
63
9
14
17
29
9
34
17
29
3
89
17
59
9
64
17
29
9
99
9
14
9
64
9
34
9
64
15
57
9
34
0
90
9
94
9
34
9
14
9
44
19
91
17
29
9
44
1
29
18
90
19
32
9
74
19
33
9
99
9
74
19
52
9
34
9
14
9
74
16
28
9
94
9
99
17
59
9
94
15
27
9
34
9
94
19
31
9
14
18
90
9
74
9
94
9
74
9
11
9
99
9
64
9
74
9
94
9
74
9
94
9
94
9
34
9
64
9
14
9
14
18
30
9
64
16
58
9
94
19
63
16
88
9
44
9
99
9
94
9
64
17
89
9
74
16
28
4
39
9
94
9
94
9
74
9
64
9
74
0
90
9
99
18
60
9
74
9
74
9
34
9
64
9
99
9
44
9
99
17
89
9
94
17
29
9
14
9
14
18
60
15
57
19
31
9
34
17
29
9
94
15
27
9
14
9
44
9
34
9
34
17
89
9
14
9
74
19
92
18
90
9
64
19
92
9
94
15
27
9
14
9
44
9
74
9
34
9
34
17
29
17
29
17
59
9
94
9
34
9
34
9
44
9
44
9
99
9
99
3
79
17
29
9
31
18
60
18
30
18
60
18
60
9
44
9
64
9
44
0
30
9
74
19
31
9
94
19
91
9
34
9
34
2
69
9
74
19
33
9
64
9
64
9
14
9
94
9
14
9
99
18
30
17
89
9
94
9
94
9
64
19
91
9
94
9
99
9
74
9
99
3
49
1
79
9
44
9
44
9
34
17
59
9
34
9
14
16
88
17
59
9
14
9
64
9
44
1
99
9
94
9
64
9
34
9
14
18
30
9
44
17
29
9
64
9
64
16
58
9
94
9
64
9
44
18
90
9
94
9
34
16
28
9
94
0
91
9
74
18
90
9
99
9
99
9
44
9
34
9
99
9
44
1
59
9
64
19
31
9
14
19
62
9
74
9
14
9
64
4
29
15
87
9
44
9
34
9
71
9
74
9
94
19
92
17
89
9
14
9
44
9
34
19
61
9
44
19
31
16
88
9
34
9
34
18
90
18
30
15
87
9
64
9
44
9
74
19
61
9
44
19
91
9
99
9
44
17
89
9
14
9
44
17
89
18
90
9
74
19
32
3
69
9
94
9
74
19
91
9
94
9
44
9
99
9
14
9
61
18
60
9
99
9
34
9
68
3
99
9
74
9
74
9
66
9
34
19
32
9
99
19
33
9
94
16
58
9
64
9
14
17
89
9
74
16
58
1
79
9
74
9
99
0
10
17
59
9
99
3
49
9
99
1
39
9
96
8
75
9
44
18
90
16
88
9
44
9
34
19
91
9
44
19
91
4
69
9
99
19
32
9
94
9
99
9
34
9
94
9
14
19
92
19
33
9
64
9
14
9
34
9
74
17
89
9
64
19
61
9
99
19
32
17
59
9
74
9
94
17
89
19
33
2
69
9
44
9
64
9
14
16
88
16
28
9
99
19
91
17
59
19
31
19
31
9
48
19
91
9
94
18
90
9
44
19
31
9
44
9
99
9
74
17
59
9
14
9
34
16
58
18
90
0
90
19
31
18
30
9
94
3
49
9
14
9
64
17
59
9
93
9
64
9
74
9
74
9
64
9
34
9
74
17
29
9
94
0
10
15
57
9
14
9
34
9
94
9
64
16
28
9
74
9
14
9
74
18
60
9
34
19
32
9
64
9
74
17
29
9
34
9
34
9
34
9
44
18
30
17
29
9
94
9
13
9
44
17
59
18
60
9
99
17
89
19
31
17
59
1
79
9
14
18
30
9
44
9
64
9
48
9
34
19
82
4
79
9
14
9
64
9
44
9
74
9
74
9
14
15
57
9
14
0
30
17
89
9
94
9
64
4
39
9
99
9
94
9
74
9
94
9
14
17
29
9
94
9
44
9
44
2
89
9
74
9
74
9
64
9
94
9
74
19
31
9
34
9
44
18
90
9
94
17
29
9
74
9
74
9
34
9
34
9
74
1
19
9
94
16
88
9
44
9
74
18
90
9
14
16
58
9
94
9
74
9
74
16
58
9
32
9
44
9
74
9
14
9
41
9
64
9
34
9
14
9
64
9
64
9
99
9
14
9
14
19
61
9
74
9
63
9
34
9
74
15
57
9
34
9
27
19
32
9
14
9
14
