9
34
9
34
11
83
9
64
17
59
9
64
9
44
13
85
9
64
9
14
9
64
9
64
9
34
9
34
9
64
9
99
9
34
13
55
14
86
16
88
9
74
9
44
9
99
9
34
9
99
9
34
9
74
9
94
13
55
14
26
13
25
9
99
13
85
9
64
9
64
9
74
9
64
9
94
12
24
9
34
9
93
9
64
9
44
9
14
9
14
9
14
9
34
9
44
15
57
9
14
9
73
13
55
9
94
9
34
17
29
9
94
9
34
12
54
0
0
9
34
9
34
9
64
9
44
9
94
9
74
9
94
9
74
16
58
9
34
9
64
0
30
0
0
14
26
9
99
9
94
9
63
9
34
9
34
15
27
15
57
9
43
0
0
16
28
9
99
9
34
9
44
13
55
16
58
16
88
16
28
11
23
15
87
9
99
9
74
9
64
9
44
9
34
0
80
9
74
14
26
9
74
9
14
9
63
13
25
14
86
9
14
9
34
15
27
9
14
12
24
9
44
14
56
14
56
9
34
9
99
9
34
9
64
14
26
14
56
9
14
9
99
9
34
17
59
15
57
9
43
13
55
16
28
9
64
9
99
8
5
12
24
9
93
9
14
9
14
9
99
9
44
9
14
9
94
9
34
9
99
14
86
9
74
15
57
9
33
9
94
9
14
17
89
9
64
15
87
9
14
9
44
9
99
9
34
14
56
9
43
9
74
9
14
9
99
9
14
12
54
14
26
16
28
9
44
9
44
9
64
13
55
9
94
9
34
17
89
12
84
9
64
0
90
9
64
9
34
9
64
9
14
11
83
14
26
9
74
9
14
9
74
14
26
9
99
12
24
9
99
9
14
9
99
9
64
9
64
0
50
9
99
9
14
13
55
9
44
12
24
9
13
9
44
9
44
9
99
13
55
9
44
9
93
15
27
9
14
9
64
12
84
9
34
9
14
9
34
0
50
9
14
14
56
9
74
0
0
9
14
16
28
9
99
9
44
9
34
12
24
9
34
9
34
9
94
9
74
9
64
9
34
9
14
9
93
13
55
12
84
9
64
9
99
9
74
13
55
9
43
17
29
14
26
9
99
9
44
9
14
9
99
9
44
9
34
9
64
9
34
9
74
15
27
17
29
9
13
0
0
9
11
9
99
9
13
9
34
12
24
9
34
9
44
9
94
9
74
9
14
15
87
9
44
9
74
9
63
9
34
9
34
16
88
14
56
9
43
9
34
9
64
9
74
13
55
9
94
9
64
9
94
9
44
9
14
14
26
9
99
9
64
9
44
14
26
9
94
9
64
9
74
15
27
9
94
0
50
1
9
9
14
9
44
9
8
13
55
9
42
9
44
9
74
2
99
11
83
12
54
13
55
9
74
9
44
11
53
0
82
8
85
9
99
9
44
9
64
9
13
14
26
14
56
14
56
11
53
9
14
13
85
9
74
9
73
9
41
9
94
9
14
9
34
9
34
9
94
13
85
9
34
11
83
13
55
9
64
9
44
14
51
9
94
9
63
12
54
9
99
9
34
16
58
9
34
9
74
9
94
1
29
9
64
9
94
9
44
9
64
9
74
14
56
9
44
9
74
9
74
11
53
9
99
16
28
9
74
0
2
9
14
9
34
16
58
9
34
9
64
9
44
13
85
4
89
9
3
9
99
9
94
17
89
14
86
9
94
9
99
11
23
13
85
9
94
9
34
9
94
9
34
9
44
9
94
9
99
9
74
9
38
9
14
9
64
9
99
9
34
9
64
9
64
9
44
9
64
16
28
9
14
9
64
9
64
9
74
13
55
9
74
9
94
9
64
9
44
9
14
9
44
9
74
9
64
17
59
9
94
13
25
14
56
9
74
1
39
9
74
14
56
14
56
9
14
9
34
9
63
15
27
9
74
16
88
14
86
9
64
9
14
12
54
13
25
9
74
9
74
4
89
9
34
9
44
12
54
12
54
9
64
9
94
9
99
14
56
16
58
9
94
17
29
9
34
9
14
16
28
9
44
9
44
9
44
9
74
9
44
11
23
14
86
9
34
15
87
12
54
0
40
9
64
9
99
9
77
9
14
11
53
9
44
9
44
9
33
9
74
9
64
9
44
12
24
9
99
13
85
9
44
9
14
9
14
14
86
14
86
13
85
9
34
17
59
9
74
9
64
9
74
9
64
9
74
9
64
9
34
15
57
14
56
12
24
9
74
14
56
9
34
0
30
9
94
9
34
9
14
9
74
14
26
14
26
9
14
9
44
16
88
9
74
9
74
9
44
15
27
0
80
12
84
9
34
9
34
14
26
9
13
14
86
14
26
9
94
9
64
9
64
9
64
12
54
14
26
9
34
9
99
9
34
15
27
9
14
9
99
9
99
17
59
9
14
13
25
9
34
13
25
3
89
13
55
9
64
13
25
9
99
9
14
9
64
9
34
9
64
11
53
9
34
0
90
9
94
9
34
9
14
9
44
15
87
13
25
9
44
1
29
14
86
16
28
9
74
17
29
9
99
9
74
16
52
9
34
9
14
9
74
12
24
9
94
9
99
13
55
9
94
11
23
9
34
9
94
15
27
9
14
14
86
9
74
9
94
9
74
9
11
9
99
9
64
9
74
9
94
9
74
9
93
9
94
9
34
9
64
9
14
9
14
14
26
9
63
12
54
9
94
17
59
12
84
9
44
9
99
9
94
9
64
13
85
9
74
12
24
4
39
9
94
9
94
9
74
9
64
9
74
0
90
9
99
14
56
9
74
9
74
9
34
9
64
9
99
9
44
9
99
13
85
9
94
13
25
9
14
9
14
14
56
11
53
15
27
9
34
13
25
9
94
11
23
9
14
9
44
9
34
9
34
13
85
9
14
9
74
16
88
14
86
9
64
16
88
9
94
11
23
9
14
9
44
9
74
9
34
9
34
13
25
13
25
13
55
9
94
9
34
9
34
9
44
9
43
9
99
9
99
3
79
13
25
9
31
14
56
14
26
14
56
14
56
9
44
9
64
9
44
0
30
9
74
15
27
9
94
15
87
9
34
9
34
2
69
9
74
17
29
9
64
9
64
9
14
9
94
9
14
9
99
14
26
13
85
9
93
9
94
9
64
15
87
9
94
9
99
9
74
9
99
3
49
1
79
9
44
9
44
9
34
13
55
9
34
9
14
12
84
13
55
9
14
9
64
9
44
1
99
9
94
9
64
9
34
9
14
14
26
9
44
13
25
9
64
9
64
12
54
9
93
9
64
9
44
14
86
9
93
9
34
12
24
9
94
0
91
9
74
14
86
9
99
9
99
9
44
9
34
9
99
9
44
1
59
9
64
15
27
9
14
16
58
9
74
9
13
9
64
4
29
11
83
9
44
9
34
9
71
9
74
9
94
16
88
13
85
9
14
9
44
9
34
15
57
9
44
15
27
12
84
9
34
9
34
14
86
14
26
11
83
9
64
9
43
9
74
15
57
9
44
15
87
9
99
9
44
13
85
9
14
9
44
13
85
14
86
9
74
16
28
3
69
9
94
9
74
15
87
9
94
9
44
9
99
9
14
9
61
14
56
9
99
9
34
9
68
3
99
9
74
9
74
9
66
9
34
16
28
9
99
17
29
9
94
12
54
9
63
9
14
13
85
9
74
12
54
1
79
9
74
9
99
0
10
13
55
9
99
3
49
9
99
1
39
9
96
8
75
9
44
14
86
12
84
9
44
9
34
15
87
9
44
15
87
4
69
9
99
16
28
9
94
9
99
9
34
9
94
9
14
16
88
17
29
9
64
9
14
9
33
9
74
13
85
9
64
15
57
9
99
16
28
13
55
9
74
9
94
13
85
17
29
2
69
9
44
9
64
9
14
12
84
12
24
9
99
15
87
13
55
15
27
15
27
9
48
15
87
9
94
14
86
9
44
15
27
9
44
9
99
9
74
13
55
9
14
9
34
12
54
14
86
0
90
15
27
14
26
9
94
3
49
9
14
9
64
13
55
9
93
9
64
9
74
9
74
9
64
9
33
9
73
13
25
9
94
0
10
11
53
9
14
9
34
9
94
9
64
12
24
9
74
9
14
9
74
14
56
9
34
16
28
9
64
9
74
13
25
9
34
9
34
9
34
9
44
14
26
13
25
9
94
9
13
9
44
13
55
14
56
9
99
13
85
15
27
13
55
1
79
9
14
14
26
9
44
9
64
9
48
9
34
17
82
4
79
9
14
9
64
9
44
9
74
9
74
9
14
11
53
9
14
0
30
13
85
9
94
9
64
4
39
9
99
9
94
9
74
9
94
9
14
13
25
9
94
9
44
9
44
2
89
9
74
9
74
9
64
9
94
9
74
15
27
9
34
9
44
14
86
9
94
13
25
9
74
9
74
9
34
9
34
9
74
1
19
9
94
12
84
9
44
9
74
14
86
9
14
12
54
9
94
9
74
9
74
12
54
9
32
9
44
9
74
9
14
9
41
9
64
9
34
9
14
9
63
9
64
9
99
9
14
9
14
15
57
9
74
9
63
9
34
9
74
11
53
9
34
9
27
16
28
9
14
9
14
