8
26
8
30
7
74
7
57
8
50
4
56
7
39
4
79
8
59
5
9
6
59
7
59
7
25
6
29
4
59
4
99
7
28
4
49
5
79
7
79
7
69
6
38
6
97
5
29
4
97
6
29
4
68
5
88
4
46
5
19
4
19
5
98
4
79
6
55
6
59
8
70
8
55
6
89
4
15
4
25
6
84
4
56
7
39
4
9
6
9
7
9
6
25
5
38
6
49
8
6
7
64
6
46
5
86
6
27
8
20
8
89
7
29
4
45
0
0
6
28
8
28
7
59
5
36
7
89
4
65
4
85
8
70
8
49
6
26
5
59
0
30
0
0
7
17
4
95
5
87
5
54
8
26
8
29
6
19
8
48
4
34
0
0
7
19
5
99
5
29
8
36
4
49
7
49
7
79
7
19
4
14
8
78
7
94
6
67
7
57
5
37
8
30
0
80
6
69
5
19
4
69
6
6
6
54
7
16
5
79
6
8
5
27
8
18
4
9
8
15
4
39
8
47
5
49
7
29
7
96
5
29
5
55
5
19
8
47
5
9
4
99
5
27
8
50
6
49
5
34
4
49
7
19
6
56
8
95
8
5
8
15
6
84
7
9
4
9
5
94
7
39
8
9
4
85
5
29
5
97
5
77
8
65
6
49
5
24
5
85
4
5
8
80
7
59
6
79
7
9
6
39
5
98
6
29
7
47
4
34
4
67
8
9
5
96
7
8
6
45
8
17
7
19
6
39
8
39
4
59
7
46
8
90
6
27
8
80
4
75
4
56
0
90
8
59
4
26
8
60
5
9
7
74
5
19
6
69
5
9
7
69
6
17
5
94
4
15
6
99
5
9
6
99
6
59
8
60
0
50
8
99
7
9
4
48
6
36
4
15
5
4
7
38
4
37
4
97
4
48
6
35
4
84
6
19
7
9
8
60
8
75
6
26
4
7
4
29
0
50
8
10
5
48
7
66
0
0
6
9
7
19
7
98
7
39
5
29
5
15
5
29
8
30
8
90
7
69
6
56
4
26
7
9
6
84
4
49
4
75
4
58
8
99
4
68
6
46
6
34
8
20
5
18
4
99
5
35
8
10
5
95
8
36
6
29
5
59
6
27
5
69
6
19
8
20
5
4
0
0
4
11
7
94
5
4
4
28
8
15
6
26
4
37
7
89
7
68
4
9
7
78
8
35
8
67
7
54
4
28
8
26
7
79
7
47
6
34
4
29
4
58
7
69
4
49
8
85
8
56
4
86
8
39
4
6
7
17
5
95
4
59
6
39
5
19
7
89
5
59
6
69
6
19
7
88
0
50
1
4
8
5
7
39
7
8
4
49
5
42
4
39
4
69
2
96
7
74
8
45
6
46
4
69
5
39
7
44
0
82
5
85
4
99
8
36
4
64
5
4
5
19
5
49
6
47
6
44
6
7
8
76
6
69
4
64
6
41
4
89
6
8
7
29
5
29
5
89
4
79
7
29
4
74
4
46
7
59
4
36
5
51
4
87
6
54
7
45
6
96
4
25
7
49
7
29
7
65
7
89
1
25
7
57
6
87
4
39
5
58
5
66
8
47
6
39
5
68
8
70
4
44
6
95
7
19
7
69
0
2
4
9
7
25
7
49
7
29
4
59
6
39
4
79
4
89
6
3
6
99
5
88
8
80
6
77
7
89
6
97
6
14
8
76
5
89
6
27
7
89
4
29
8
40
4
89
4
99
4
69
5
38
7
8
6
59
4
97
8
30
8
57
7
59
5
38
4
59
7
19
8
10
5
56
6
58
7
69
5
46
4
69
7
89
5
59
8
35
6
5
8
38
8
69
8
60
8
50
6
86
5
16
5
49
8
68
1
39
4
67
6
47
5
49
7
9
7
26
5
54
6
19
4
68
7
79
5
79
7
55
5
6
8
45
5
16
5
69
8
69
4
89
4
25
6
39
8
45
6
45
4
55
7
89
8
99
5
48
7
49
7
89
8
20
8
27
7
8
8
19
5
37
5
37
5
39
6
69
6
38
6
14
8
77
7
26
8
78
8
45
0
40
8
57
4
94
4
77
4
9
5
44
8
37
8
36
5
24
7
69
6
59
4
39
5
15
5
96
4
79
4
36
4
6
5
8
7
77
5
79
7
76
6
25
8
50
4
65
6
58
8
70
5
56
8
70
6
56
5
29
6
49
5
49
8
15
8
68
5
49
7
29
0
30
7
86
7
29
7
8
8
69
6
17
7
17
5
5
4
39
7
79
7
68
6
69
7
35
6
18
0
80
5
75
6
27
8
26
5
19
7
4
5
78
5
19
7
89
8
58
6
56
4
59
7
45
6
17
5
25
8
95
8
29
6
19
8
6
5
98
8
99
8
50
4
9
4
19
5
29
8
16
3
89
4
49
7
59
4
16
4
99
7
5
6
58
4
28
6
55
5
44
8
30
0
90
7
89
6
29
6
8
4
36
6
79
7
16
4
39
1
26
5
79
7
19
4
69
8
20
7
99
5
69
7
52
6
28
6
6
7
69
7
15
8
90
6
96
4
49
8
90
7
14
5
29
8
86
6
18
8
10
8
77
8
66
7
88
6
69
5
11
4
98
7
58
5
69
7
89
6
68
7
84
8
85
5
27
8
60
7
5
5
9
5
18
7
54
4
45
7
89
8
50
5
75
4
37
7
98
7
89
4
59
4
77
6
67
8
15
4
39
8
89
6
85
6
69
4
58
4
69
0
90
5
99
6
47
8
70
5
69
5
29
4
56
5
98
7
37
4
99
4
78
8
85
4
17
6
6
5
7
6
47
4
44
6
19
4
29
4
19
6
86
7
14
7
5
6
38
5
29
4
26
4
79
7
9
7
69
8
79
8
77
6
58
8
79
7
89
4
14
7
8
7
39
5
68
7
29
8
29
5
16
4
16
4
49
8
90
6
29
8
29
6
39
6
34
5
95
6
99
3
78
4
19
4
31
5
49
5
19
5
49
5
49
5
39
8
60
7
36
0
30
6
67
6
19
4
88
6
79
7
29
5
29
2
65
6
69
8
20
5
55
5
59
7
8
8
90
6
9
6
99
5
19
4
79
5
84
5
89
8
60
6
79
5
89
4
97
7
69
6
96
3
47
1
79
4
39
7
39
5
29
5
46
5
27
7
9
6
75
4
49
4
8
7
59
7
35
1
99
5
88
6
58
7
25
5
5
7
17
8
35
5
16
7
59
6
59
5
45
7
84
5
59
8
40
5
79
6
84
6
25
4
15
4
85
0
91
7
65
5
79
7
96
7
94
4
39
8
30
4
99
4
38
1
59
4
64
6
19
6
9
7
49
8
70
6
4
5
59
4
29
7
74
7
39
5
26
7
71
6
65
4
88
7
79
4
79
5
9
8
40
8
28
6
49
5
37
6
19
4
75
5
25
5
27
5
78
8
17
6
74
6
56
5
34
8
65
6
48
8
40
6
79
7
95
4
39
4
77
7
9
7
39
4
78
8
77
6
65
7
19
3
64
6
87
7
69
6
79
6
89
5
37
6
96
5
9
4
61
5
49
8
95
4
29
8
68
3
94
4
66
6
69
8
66
6
29
7
19
7
95
8
20
4
86
4
45
7
54
8
10
5
76
8
70
4
45
1
79
4
69
7
97
0
10
4
47
4
94
3
49
8
96
1
37
8
96
6
75
8
35
5
77
6
75
7
38
6
29
8
78
4
39
6
78
4
66
4
95
7
19
7
89
7
99
7
28
6
89
4
9
7
79
8
20
8
59
7
9
7
24
6
68
4
79
4
59
8
48
8
99
7
19
4
49
5
67
4
89
4
79
8
20
2
67
6
38
5
59
4
6
4
75
5
15
7
94
6
79
4
49
8
18
8
18
8
48
6
79
8
90
5
79
8
35
6
19
4
39
7
98
8
68
5
46
4
7
6
29
4
45
5
79
0
90
7
18
7
17
5
89
3
49
8
5
5
57
7
46
6
94
5
59
8
67
4
69
4
59
4
24
7
64
4
17
6
87
0
10
4
44
5
6
4
26
4
89
6
56
8
15
8
70
6
6
7
74
8
47
5
25
7
19
6
56
5
69
5
16
6
29
7
28
7
29
8
35
5
19
4
19
7
89
7
13
8
37
4
49
5
49
7
99
4
79
6
19
8
46
1
79
7
9
5
19
8
35
5
59
5
48
5
29
8
84
4
79
8
10
6
55
6
37
8
67
4
69
7
9
7
44
7
5
0
30
4
79
4
85
5
56
4
39
8
95
8
85
7
68
7
87
7
9
6
16
7
86
7
39
8
39
2
86
8
70
6
69
7
57
6
86
6
69
6
19
5
29
8
40
6
77
4
85
8
16
6
69
4
69
4
29
8
30
6
69
1
16
8
90
5
75
5
38
7
67
5
79
8
9
5
45
7
89
6
69
6
69
4
45
5
32
8
37
8
70
6
5
4
41
4
59
7
29
6
8
5
54
8
55
8
96
7
9
8
10
6
49
5
68
7
64
5
28
4
68
7
44
4
28
6
27
7
19
5
9
4
9
