4
22
4
29
4
70
3
53
4
49
0
52
3
36
0
76
4
55
1
7
2
56
3
56
3
21
2
25
0
59
0
99
3
24
0
45
1
75
3
79
3
69
2
34
2
93
1
28
0
93
2
26
0
64
1
84
0
42
1
15
0
16
1
94
0
75
2
51
2
59
4
69
4
51
2
85
0
11
0
21
3
80
0
52
3
36
0
9
2
6
3
6
2
21
1
34
2
47
4
2
4
60
2
42
1
82
2
23
4
17
4
85
3
28
0
41
0
0
2
24
4
24
3
59
1
32
3
86
0
61
0
81
4
68
4
45
2
22
1
58
0
30
0
0
3
13
0
91
1
83
2
50
4
22
4
25
2
16
4
44
1
30
0
0
3
19
1
95
1
29
4
32
0
48
3
48
3
78
3
19
1
10
4
74
4
90
2
63
3
53
1
33
4
28
0
80
2
65
1
17
0
69
2
2
3
50
3
12
1
76
2
4
1
23
4
14
0
8
4
11
0
37
4
43
1
45
3
27
3
92
1
29
1
51
1
18
4
43
1
5
0
95
1
23
4
46
2
48
2
30
0
47
3
17
2
52
4
91
4
5
4
11
3
80
3
9
0
7
2
90
3
35
4
5
0
81
1
27
1
93
1
73
4
61
2
47
2
20
1
81
0
1
4
78
3
59
2
76
3
6
2
39
1
94
2
28
3
43
1
30
0
63
4
5
1
92
3
4
2
41
4
13
3
17
2
37
4
35
0
59
3
42
4
89
2
23
4
79
0
71
0
52
0
90
4
55
0
22
4
59
1
5
4
70
1
15
2
66
1
6
3
66
2
13
2
90
0
11
2
97
1
6
2
99
2
59
4
56
0
50
4
97
3
9
0
44
2
32
0
11
2
0
3
34
0
33
0
93
0
44
2
31
1
80
2
17
3
6
4
56
4
71
2
22
0
3
0
28
0
50
4
7
1
44
3
62
0
0
2
9
3
18
3
94
3
36
1
25
1
11
1
27
4
29
4
87
3
66
2
52
0
22
3
5
3
80
0
48
0
71
0
54
4
95
0
64
2
42
3
30
4
17
1
14
0
95
1
31
4
7
1
91
4
32
2
26
1
58
2
23
1
66
2
18
4
18
2
0
0
0
1
10
4
90
2
0
0
24
4
11
2
22
0
33
3
85
3
64
0
9
3
74
4
31
4
63
4
50
0
24
4
22
3
78
3
43
3
30
0
29
0
54
3
68
0
49
4
81
4
52
0
82
4
35
0
2
3
13
1
91
0
56
2
35
1
16
3
86
1
58
2
65
2
17
3
84
0
50
1
0
4
1
3
38
3
9
0
49
1
42
0
37
0
66
2
92
4
70
4
41
2
42
0
68
1
37
4
40
0
82
1
85
0
99
4
32
0
64
2
0
1
17
1
45
2
43
3
40
2
3
4
72
2
69
1
60
2
41
0
86
2
4
3
26
1
25
1
86
0
76
3
28
1
70
0
42
3
58
0
32
1
51
0
83
3
50
3
41
2
92
0
21
3
47
3
29
3
61
3
89
1
21
3
53
2
83
0
39
1
54
1
62
4
43
2
37
1
64
4
69
1
40
2
91
3
19
3
65
0
2
0
8
3
21
3
49
3
29
0
59
2
37
0
79
4
86
2
3
2
95
1
84
4
79
2
73
3
85
2
93
3
10
4
72
1
89
2
23
3
89
0
25
4
36
0
86
0
95
0
65
1
38
3
4
2
55
0
93
4
29
4
53
3
59
1
34
0
56
3
17
4
7
1
52
2
54
3
66
1
42
0
69
3
85
1
58
4
31
2
1
4
34
4
65
4
58
4
48
2
82
1
12
1
49
4
64
0
38
0
63
2
43
1
46
3
8
3
22
2
50
2
19
0
64
3
76
1
76
3
51
1
2
4
41
1
12
1
68
4
65
4
89
0
21
2
39
4
41
2
41
0
51
3
85
4
96
1
44
3
48
3
88
4
17
4
23
3
4
4
15
1
33
1
33
1
35
2
68
2
34
3
10
4
73
3
22
4
74
4
41
0
40
4
53
1
90
0
77
0
6
2
40
4
33
4
32
2
20
3
65
2
59
0
36
1
11
1
92
0
77
0
32
0
2
1
4
3
73
1
76
3
72
2
21
4
46
0
61
2
54
4
67
1
52
4
67
2
52
1
26
2
48
1
46
4
11
4
64
1
48
3
25
0
30
3
82
3
27
3
4
4
65
2
13
3
13
1
1
0
35
3
76
3
64
2
69
3
31
2
14
0
80
1
71
2
23
4
22
1
18
4
0
1
74
1
19
3
89
4
54
2
52
0
56
3
41
2
13
1
21
4
91
4
25
2
18
4
2
1
94
4
99
4
49
0
6
0
18
1
28
4
12
3
88
0
49
3
55
0
12
0
95
3
1
2
54
0
24
2
51
2
40
4
29
0
90
3
89
2
26
2
4
0
32
2
79
3
12
0
37
1
22
1
77
3
16
0
68
4
17
3
99
1
68
3
52
2
24
2
2
3
65
3
11
4
88
2
92
0
49
4
87
4
10
1
25
4
82
2
14
4
6
4
73
4
62
3
84
2
66
2
10
0
94
3
54
1
68
3
86
2
64
4
80
4
81
1
23
4
58
3
1
1
7
1
14
4
50
0
41
3
85
4
47
1
71
0
33
3
94
3
87
0
55
0
73
2
63
4
11
4
35
4
85
2
81
2
69
0
54
0
67
0
90
1
96
2
43
4
67
1
67
1
28
0
52
1
94
3
33
0
95
0
74
4
81
0
13
2
2
1
3
2
43
1
40
2
18
0
28
0
18
2
82
4
10
3
1
2
34
1
26
0
22
0
76
3
6
3
69
4
75
4
73
2
54
4
75
3
87
1
10
3
4
3
36
1
64
3
26
4
25
1
12
0
12
0
45
4
89
2
26
4
25
2
39
3
30
1
91
2
95
3
74
0
18
0
31
1
45
1
19
1
45
1
46
1
39
4
59
3
32
0
30
2
63
2
16
0
84
2
78
3
26
1
27
2
61
2
67
4
18
1
51
1
59
3
4
4
89
2
5
2
99
1
15
0
77
2
80
1
87
4
56
2
75
1
89
0
93
3
65
2
92
3
43
1
79
0
39
3
35
1
29
1
42
1
23
3
6
2
71
0
45
0
4
3
56
3
31
1
97
1
84
2
54
3
21
1
1
3
13
4
31
1
12
3
59
2
57
1
41
4
80
1
58
4
38
1
76
3
80
2
21
0
11
0
81
0
91
3
61
1
76
3
92
4
90
0
36
4
29
0
96
0
34
1
57
0
64
2
18
2
8
3
49
4
67
3
0
1
56
4
26
4
70
3
35
1
22
4
70
2
61
0
84
3
78
0
76
1
7
4
38
4
24
2
49
1
33
2
17
0
71
1
21
1
23
1
74
4
13
3
70
2
52
2
30
4
61
2
44
4
37
2
77
3
91
0
35
0
73
3
8
3
39
0
74
4
73
2
61
3
16
4
60
2
83
3
67
2
75
2
86
1
33
2
92
1
8
0
61
1
48
4
91
0
26
4
68
4
90
0
62
2
67
4
66
2
26
3
19
3
91
4
19
0
82
0
41
4
50
4
6
1
72
4
68
0
41
0
77
0
67
3
93
0
10
0
43
1
90
3
46
4
92
1
33
4
96
2
75
4
31
1
73
2
71
3
34
2
27
4
74
0
36
2
74
4
62
0
91
3
15
3
87
3
96
3
24
2
85
0
5
3
79
4
16
4
55
3
7
4
20
2
64
0
78
0
59
4
44
4
95
3
19
0
47
1
63
0
85
0
78
4
17
2
63
2
34
1
57
0
2
0
71
1
11
4
90
2
79
0
49
4
14
4
14
4
49
2
79
4
86
1
77
4
31
2
17
0
38
3
94
4
64
1
42
0
3
2
26
0
41
1
77
0
90
3
14
3
13
1
86
3
46
4
1
1
53
3
42
2
94
1
55
4
63
0
69
0
56
1
20
4
60
0
13
2
83
0
10
1
40
1
2
0
22
0
85
2
52
4
11
4
67
2
2
3
74
4
43
1
21
3
18
2
52
1
68
1
12
2
26
3
24
3
28
4
31
1
19
0
19
3
85
3
13
4
33
0
47
1
47
3
95
0
76
2
15
4
42
0
79
3
5
1
16
4
31
1
55
1
48
1
29
4
84
4
77
4
9
2
51
2
33
4
63
0
65
3
9
4
40
3
1
0
30
0
75
0
81
1
52
4
37
4
91
4
81
3
64
3
83
3
5
2
12
3
82
3
39
4
35
2
82
4
66
2
68
3
53
2
82
2
66
2
18
1
25
4
36
2
73
0
81
4
12
2
66
0
65
0
29
4
28
2
65
1
12
4
89
1
71
1
34
3
63
1
77
4
5
1
41
3
86
2
68
2
69
0
41
1
32
4
33
4
69
2
1
0
41
0
56
3
29
2
4
2
50
4
51
4
92
3
7
4
9
2
48
1
64
3
64
1
24
0
64
4
40
0
24
2
27
3
19
1
6
0
6
