9
30
9
34
9
78
9
61
12
54
8
60
9
43
8
80
9
63
9
11
9
62
9
63
9
29
9
32
8
60
8
99
9
32
8
50
9
81
11
83
9
73
9
42
9
99
9
31
8
99
9
32
8
70
9
91
8
50
9
21
8
20
9
99
8
80
9
59
9
62
9
74
9
59
9
92
8
19
8
29
9
88
8
60
9
43
8
10
9
12
9
13
9
29
9
41
10
52
9
10
9
68
9
50
9
90
9
31
12
24
9
93
9
33
8
49
0
0
9
32
9
32
9
63
9
40
9
93
8
69
8
89
9
74
11
53
9
30
9
61
0
30
0
0
9
21
8
99
9
91
9
58
9
30
9
33
10
22
10
52
8
38
0
0
11
23
9
99
9
31
9
40
8
50
11
53
11
83
11
23
8
18
10
82
9
98
9
71
9
61
9
41
9
34
0
80
9
72
9
21
8
70
9
10
9
58
9
20
9
81
9
12
9
31
10
22
8
10
9
19
8
40
9
51
9
51
9
33
9
99
9
31
9
59
9
21
9
51
9
11
8
99
9
31
12
54
10
52
9
38
8
50
11
23
9
60
9
99
8
5
9
19
9
88
9
13
8
10
9
98
9
43
9
13
8
89
9
31
9
99
9
81
9
69
10
52
9
28
9
89
8
9
12
84
9
63
10
82
9
13
9
42
9
99
9
32
9
51
8
38
8
70
9
13
9
99
9
12
9
49
9
21
11
23
9
42
9
43
8
60
9
50
9
94
9
31
12
84
8
79
8
60
0
90
9
63
8
30
9
64
9
11
9
78
9
21
9
72
9
11
9
73
9
21
9
98
8
19
9
99
9
11
9
99
9
62
9
64
0
50
9
99
9
13
8
50
9
40
8
19
9
8
9
42
8
40
8
99
8
50
9
39
8
88
10
22
9
13
9
64
9
79
9
30
8
10
8
30
0
50
9
14
9
51
9
70
0
0
9
12
11
23
9
99
9
43
9
31
9
19
9
31
9
34
9
94
9
73
9
60
8
30
9
13
9
88
8
50
8
79
8
60
9
99
8
70
9
50
9
38
12
24
9
21
8
99
9
39
9
14
9
99
9
40
9
32
9
61
9
31
9
71
10
22
12
24
9
8
0
0
8
11
9
98
9
8
8
30
9
19
9
30
8
40
9
93
9
72
8
10
10
82
9
39
9
71
9
58
8
30
9
30
11
83
9
51
9
38
8
30
8
60
9
73
8
50
9
89
9
60
8
90
9
43
8
10
9
21
9
99
8
60
9
42
9
21
9
93
9
61
9
72
10
22
9
92
0
50
1
8
9
9
9
43
9
8
8
50
9
42
8
40
8
70
2
99
9
78
9
49
9
50
8
70
9
41
9
48
0
82
8
85
8
99
9
40
8
64
9
8
9
21
9
51
9
51
9
48
9
11
9
80
9
72
8
68
9
41
8
90
9
12
9
33
9
31
9
91
8
80
9
33
8
78
8
50
9
63
8
40
9
51
8
90
9
58
9
49
9
99
8
29
11
53
9
33
9
69
9
93
1
29
9
61
9
91
8
40
9
61
9
70
9
51
9
42
9
71
9
74
8
48
9
99
11
23
9
73
0
2
8
10
9
29
11
53
9
33
8
60
9
42
8
80
4
89
9
3
9
99
9
91
12
84
9
81
9
93
9
99
9
18
9
80
9
91
9
31
9
93
8
30
9
44
8
90
8
99
8
70
9
38
9
12
9
62
8
99
9
34
9
61
9
63
9
41
8
60
11
23
9
14
9
60
9
62
9
73
9
50
8
70
9
93
9
61
9
39
9
9
9
42
9
73
9
64
12
54
9
90
9
20
9
51
9
72
1
39
8
70
9
51
9
51
9
13
9
30
9
58
10
22
8
70
11
83
9
81
9
59
9
10
9
49
9
20
9
71
9
73
4
89
8
29
9
42
9
49
9
49
8
59
9
93
9
99
9
51
11
53
9
93
12
24
9
31
9
12
11
23
9
41
9
41
9
41
9
72
9
42
9
18
9
81
9
30
10
82
9
49
0
40
9
61
8
98
8
77
8
10
9
48
9
41
9
40
9
28
9
73
9
62
8
40
9
19
9
99
8
80
8
40
8
10
9
11
9
81
9
81
9
80
9
29
12
54
8
69
9
62
9
74
9
60
9
74
9
60
9
31
10
52
9
51
9
19
9
72
9
51
9
33
0
30
9
90
9
33
9
12
9
73
9
21
9
21
9
9
8
40
11
83
9
72
9
72
9
39
10
22
0
80
9
79
9
31
9
30
9
21
9
8
9
81
9
21
9
93
9
62
9
60
8
60
9
49
9
21
9
29
9
99
9
33
10
22
9
10
9
99
9
99
12
54
8
10
8
20
9
31
9
20
3
89
8
50
9
63
8
20
8
99
9
9
9
62
8
30
9
59
9
48
9
34
0
90
9
93
9
32
9
12
8
40
10
82
9
20
8
40
1
29
9
81
11
23
8
70
12
24
9
99
9
71
11
52
9
32
9
10
9
73
9
19
9
94
9
99
8
50
9
94
9
18
9
31
9
90
10
22
9
14
9
81
9
70
9
92
9
72
9
11
8
99
9
62
9
71
9
93
9
72
9
88
9
89
9
31
9
64
9
9
9
11
9
21
9
58
8
49
9
93
12
54
9
79
8
40
9
99
9
93
8
60
8
80
9
71
9
19
4
39
9
93
9
89
9
72
8
60
8
70
0
90
9
99
9
51
9
74
9
71
9
31
8
60
9
99
9
41
8
99
8
80
9
89
8
20
9
10
9
11
9
51
8
48
10
22
8
30
8
20
9
90
9
18
9
9
9
42
9
31
8
30
8
80
9
13
9
73
11
83
9
81
9
62
11
83
9
93
8
18
9
12
9
43
9
71
9
33
9
33
9
20
8
20
8
50
9
94
9
32
9
33
9
42
9
38
9
99
9
99
3
79
8
20
8
31
9
51
9
21
9
51
9
51
9
41
9
64
9
40
0
30
9
71
10
22
8
90
10
82
9
33
9
31
2
69
9
72
12
24
9
59
9
61
9
12
9
94
9
12
9
99
9
21
8
80
9
88
9
91
9
64
10
82
9
91
8
99
9
73
9
99
3
49
1
79
8
40
9
43
9
31
9
50
9
31
9
13
9
79
8
50
8
10
9
63
9
39
1
99
9
91
9
62
9
29
9
9
9
21
9
39
9
20
9
63
9
62
9
49
9
88
9
61
9
44
9
81
9
88
9
29
8
19
8
89
0
91
9
69
9
81
9
99
9
98
8
40
9
34
8
99
8
40
1
59
8
64
10
22
9
12
11
53
9
74
9
8
9
61
4
29
9
78
9
43
9
30
9
71
9
69
8
90
11
83
8
80
9
11
9
44
9
32
10
52
9
41
10
22
8
79
9
29
9
31
9
81
9
21
9
78
9
60
9
38
9
69
10
52
9
44
10
82
9
99
8
40
8
80
9
13
9
43
8
80
9
81
9
69
11
23
3
68
9
91
9
73
10
82
9
92
9
41
9
99
9
11
8
61
9
51
9
99
8
30
9
68
3
98
8
70
9
72
9
66
9
32
11
23
9
99
12
24
8
90
8
49
9
58
9
14
9
80
9
74
8
49
1
79
8
70
9
99
0
10
8
50
8
98
3
49
9
99
1
39
9
96
8
75
9
39
9
81
9
79
9
42
9
32
10
82
8
40
10
82
4
69
8
99
11
23
9
93
9
99
9
32
9
92
8
10
11
83
12
24
9
63
9
13
9
28
9
72
8
80
8
60
10
52
9
99
11
23
8
50
9
71
8
90
8
80
12
24
2
69
9
42
9
61
8
10
8
79
9
19
9
98
10
82
8
50
10
22
10
22
9
48
10
82
9
94
9
81
9
39
10
22
8
40
9
99
9
72
9
50
8
10
9
32
8
49
9
81
0
90
10
22
9
21
9
91
3
49
9
9
9
61
9
50
9
93
9
61
9
71
8
70
8
60
8
28
9
68
8
20
9
91
0
10
8
48
9
10
8
30
8
90
9
60
9
19
9
74
9
10
9
74
9
51
9
29
11
23
9
60
9
71
9
20
9
32
9
32
9
33
9
39
9
21
8
20
9
93
9
13
9
41
8
50
9
51
9
99
8
80
10
22
9
50
1
79
9
13
9
21
9
39
9
61
9
48
9
31
12
82
4
79
9
14
9
59
9
41
9
71
8
70
9
13
9
48
9
9
0
30
8
80
8
89
9
60
4
39
9
99
9
89
9
72
9
91
9
13
9
20
9
90
9
43
9
43
2
89
9
74
9
72
9
61
9
90
9
72
10
22
9
31
9
44
9
81
8
89
9
20
9
72
8
70
8
30
9
34
9
72
1
19
9
94
9
79
9
41
9
71
9
81
9
13
9
49
9
93
9
72
9
72
8
49
9
32
9
41
9
74
9
9
8
41
8
60
9
33
9
12
9
58
9
59
9
99
9
13
9
14
10
52
9
71
9
63
9
31
8
70
9
48
8
30
9
27
11
23
9
11
8
10
