10
52
9
99
7
19
0
20
0
10
9
37
8
99
7
87
9
40
6
67
6
59
8
90
8
47
7
39
8
60
9
30
6
29
7
78
8
9
9
11
8
10
9
97
9
27
9
39
6
68
9
31
9
79
9
69
8
88
8
37
9
77
6
29
6
27
9
51
7
19
6
9
9
79
8
56
8
80
8
57
7
8
8
40
8
10
7
49
8
90
7
99
7
49
8
6
8
50
7
89
6
77
9
58
8
27
8
50
9
71
8
50
8
76
6
7
10
82
7
59
9
21
8
70
9
81
8
6
9
42
9
57
8
30
6
96
6
19
7
69
9
72
9
61
7
79
7
9
6
69
7
38
6
39
9
12
8
50
7
39
7
39
7
77
9
31
6
29
7
19
7
59
6
79
10
82
7
89
6
49
9
42
9
21
7
19
10
82
7
29
6
58
9
72
7
39
7
19
7
68
7
19
6
9
7
48
6
89
8
50
6
29
0
80
6
49
9
7
9
32
9
39
7
19
9
17
8
80
7
28
9
61
9
99
8
30
6
9
7
98
8
40
6
9
8
7
8
60
7
19
8
7
7
49
9
38
7
19
6
59
9
78
9
32
8
70
9
90
7
47
8
57
6
49
6
57
6
49
6
79
7
49
9
50
6
58
6
76
7
78
6
36
9
79
9
70
8
30
6
39
7
9
6
66
8
20
8
30
8
68
0
0
6
57
7
89
6
8
9
71
9
42
6
69
8
46
9
99
7
87
9
21
9
51
6
68
6
57
8
80
9
28
9
28
9
90
7
57
8
90
9
99
7
96
9
29
9
60
6
19
6
28
9
72
6
78
8
27
7
18
9
38
9
42
9
58
9
39
8
97
9
39
7
76
8
50
9
21
7
69
0
90
7
99
6
77
7
7
9
97
6
49
8
16
7
18
6
29
9
48
9
71
7
79
9
92
8
60
6
19
9
11
9
57
6
69
9
42
9
57
9
87
6
89
9
51
0
90
7
18
7
79
6
19
6
19
6
29
8
96
6
58
8
36
9
20
9
62
6
59
9
71
8
46
10
22
8
37
9
99
8
28
9
9
8
98
6
69
8
80
6
69
9
61
9
20
6
77
6
19
9
28
8
90
6
78
9
10
6
68
7
59
9
77
8
70
9
8
7
7
9
28
9
88
7
99
6
9
6
89
9
91
8
37
9
81
9
91
9
81
8
20
3
99
9
51
9
99
8
47
8
99
8
76
9
79
9
77
7
99
9
99
8
59
7
88
6
16
9
92
9
98
0
70
8
60
9
62
9
11
6
99
7
48
0
80
0
80
8
20
8
20
9
81
9
41
6
9
6
79
10
52
7
9
8
48
9
31
8
97
6
6
9
62
6
9
7
59
9
61
9
68
9
99
6
49
6
89
0
80
8
66
8
28
0
64
8
76
6
89
7
26
7
79
8
10
7
9
9
68
8
70
3
19
9
70
6
56
7
29
6
37
9
29
8
40
7
16
6
79
6
59
6
19
9
11
9
48
8
38
8
80
9
32
6
8
6
68
9
92
8
97
8
40
10
22
8
46
9
47
8
30
6
17
6
99
8
36
9
91
0
92
9
80
8
16
8
40
8
99
8
86
7
39
8
8
8
90
9
70
9
61
8
46
6
69
7
49
7
89
8
80
7
59
6
56
7
48
9
21
8
90
9
8
9
12
4
78
9
99
8
97
8
96
7
59
9
92
6
76
9
71
9
62
9
80
6
47
7
57
9
77
7
79
9
72
9
41
9
41
9
11
7
99
9
30
8
48
6
59
7
19
9
91
1
28
9
61
7
49
6
69
9
92
9
71
6
39
6
48
9
32
8
96
6
94
9
49
8
86
9
71
6
39
9
98
8
86
9
62
7
99
7
69
6
79
8
26
8
50
6
9
8
17
6
99
9
90
9
78
9
11
7
99
8
40
8
17
6
59
9
92
6
9
9
27
8
30
8
57
9
99
9
71
10
22
6
65
8
69
9
91
6
67
8
89
9
81
7
96
7
66
8
48
6
39
8
89
10
22
8
40
9
49
7
96
6
69
9
48
7
16
8
20
6
39
7
89
9
41
7
89
4
59
7
71
9
99
8
30
8
80
9
91
6
69
7
19
7
29
9
39
8
38
9
11
9
8
6
19
9
59
8
28
6
76
3
69
8
60
8
50
6
19
9
32
10
22
10
22
8
26
9
29
9
61
9
7
9
49
6
79
8
60
9
31
7
9
6
47
8
68
9
88
7
16
6
19
6
59
8
76
6
89
8
20
7
49
2
39
9
99
7
69
8
90
9
50
9
38
7
9
8
6
9
51
9
32
9
57
8
70
9
79
8
56
8
69
9
11
9
99
9
41
9
30
7
19
9
71
7
29
6
79
8
87
8
70
9
51
6
57
7
99
7
59
8
99
9
69
8
20
6
6
3
49
7
69
8
20
1
89
7
99
0
0
8
60
6
19
3
79
7
26
7
59
10
52
7
28
8
8
9
71
7
77
0
0
9
41
10
82
7
9
7
29
9
98
9
79
7
19
8
70
8
70
6
99
7
69
7
87
8
6
6
19
8
28
9
12
7
16
6
28
6
87
7
38
6
99
9
61
2
89
9
19
6
39
9
71
9
21
9
38
8
10
9
59
8
17
8
90
9
42
8
30
9
81
6
66
7
39
8
20
1
99
8
70
6
29
6
49
9
39
7
49
9
87
7
76
8
60
9
41
9
8
9
41
10
52
8
26
8
80
9
9
7
99
7
37
8
79
6
29
9
94
7
49
8
40
8
59
9
77
8
38
7
99
9
42
7
66
7
47
9
98
6
89
7
96
7
9
7
9
8
68
9
61
6
49
2
9
7
66
7
59
9
51
6
29
10
52
9
77
9
92
7
99
9
32
6
9
9
48
9
87
7
9
6
89
9
97
7
48
7
46
7
69
7
99
6
16
8
38
9
19
6
69
9
12
9
68
9
79
8
80
9
57
9
90
9
21
9
7
9
18
9
99
9
92
9
71
7
39
6
69
8
50
1
39
9
81
7
99
7
27
9
51
9
70
8
76
9
62
9
21
8
9
9
39
0
70
6
39
6
19
7
6
7
58
8
10
9
99
8
80
6
46
8
36
10
52
6
9
10
82
8
60
7
9
9
71
9
91
9
37
9
48
9
31
9
92
6
58
8
99
10
82
8
99
7
9
8
20
9
29
10
82
10
82
6
7
8
40
7
49
6
39
9
99
6
99
9
12
9
70
7
79
0
45
9
99
6
49
9
18
6
29
9
11
3
59
8
70
7
98
3
8
6
58
8
38
10
52
8
99
10
52
6
92
9
20
6
28
9
61
9
7
6
46
7
47
6
59
9
78
8
48
6
69
6
69
6
79
7
39
7
48
6
29
8
47
8
60
4
16
7
9
9
99
6
29
7
79
8
40
8
98
9
78
1
69
6
59
6
99
7
99
6
89
7
26
9
31
9
77
9
77
7
89
6
38
6
29
6
76
8
59
7
89
8
79
10
82
6
41
9
72
8
80
7
39
9
50
7
19
0
10
8
10
7
8
6
67
6
38
9
99
0
10
9
99
9
41
4
41
6
49
7
6
6
87
9
37
9
99
8
19
8
90
9
61
8
26
10
22
8
60
6
39
7
7
9
49
9
8
7
59
8
50
9
39
9
57
8
60
9
91
9
87
8
77
6
89
9
31
6
89
9
99
7
58
8
99
6
9
0
59
10
52
7
86
8
10
8
99
6
69
9
48
7
79
8
16
10
52
7
29
8
59
9
79
8
20
9
61
7
9
9
48
9
51
4
9
6
79
7
29
7
9
9
99
9
99
9
8
9
8
7
79
6
68
9
21
8
56
9
12
9
32
10
82
9
99
8
50
7
59
6
48
9
98
6
68
0
10
6
69
8
40
9
32
7
68
7
59
9
80
9
42
8
78
9
72
6
59
8
40
7
69
9
91
9
42
3
28
8
57
9
21
6
19
7
87
8
26
7
89
6
29
6
78
9
99
9
8
9
60
7
68
7
89
8
46
9
41
7
59
7
97
8
20
6
99
6
39
7
49
6
99
9
28
7
29
9
42
9
9
7
19
9
59
9
9
8
60
7
99
9
92
9
99
9
37
9
81
8
99
6
89
7
59
9
99
9
92
9
80
4
49
9
91
8
9
9
89
9
81
8
27
9
11
8
60
9
69
8
60
6
39
7
99
6
97
9
37
2
9
9
58
8
7
6
79
8
78
8
38
8
90
6
69
9
9
8
50
8
80
9
32
1
39
7
29
8
70
7
9
9
71
0
80
9
67
7
71
1
51
9
71
8
99
0
50
8
6
7
19
6
48
8
50
6
89
9
27
6
66
6
49
9
99
0
10
8
97
0
0
8
20
9
17
9
21
8
60
0
49
10
22
8
30
9
28
7
79
9
98
7
39
9
18
7
17
6
38
8
30
9
89
9
61
9
62
8
30
8
90
6
16
7
49
0
91
8
99
8
70
6
69
9
91
9
99
8
50
8
99
8
99
