7
49
7
96
4
17
0
20
0
10
6
34
5
99
4
84
7
37
3
64
3
59
5
88
5
44
4
37
5
59
7
27
3
28
4
75
5
6
6
8
5
9
6
94
6
24
7
36
3
65
6
28
7
76
7
66
5
85
5
34
7
74
3
27
3
24
6
49
4
19
3
8
7
76
6
53
5
79
5
54
4
5
5
39
5
9
4
48
5
89
4
97
4
49
6
3
5
49
4
89
3
74
6
55
5
24
5
49
6
69
5
48
5
73
3
4
7
79
4
59
6
18
5
69
6
79
5
3
7
39
7
54
5
28
3
93
3
19
4
69
7
69
6
59
4
76
4
9
3
66
4
35
3
39
7
9
5
49
4
38
4
39
4
74
6
29
3
29
4
19
4
59
3
79
7
79
4
89
3
48
7
39
6
19
4
19
7
79
4
26
3
55
7
69
4
36
4
19
4
65
4
17
3
6
4
45
3
87
5
49
3
29
0
80
3
48
6
4
7
29
6
36
4
16
6
14
5
79
4
25
6
59
6
97
5
29
3
6
4
95
5
39
3
9
5
4
5
59
4
19
5
4
4
49
7
35
4
19
3
59
7
75
7
29
5
69
7
87
4
44
5
54
3
49
3
54
3
49
3
76
4
46
7
47
3
55
3
73
4
75
3
33
6
76
6
67
5
29
3
37
4
8
3
63
5
19
5
28
5
65
0
0
3
54
4
89
3
5
6
69
7
39
3
69
6
43
6
99
4
84
6
19
6
48
3
65
3
54
5
79
6
25
7
25
6
87
4
54
5
87
6
99
4
93
6
26
6
57
3
19
3
28
7
69
3
75
5
24
4
15
7
35
7
39
6
55
6
36
5
94
6
41
4
73
5
47
7
18
4
69
0
90
4
99
3
74
4
4
7
94
3
49
5
13
4
15
3
27
7
45
7
68
4
78
7
89
5
59
3
19
6
9
6
54
3
66
7
39
7
54
6
84
3
86
7
48
0
90
4
15
4
79
3
19
3
19
3
29
5
93
3
55
5
33
7
17
7
59
3
56
6
69
6
43
7
19
5
34
6
97
5
25
6
6
5
95
3
69
5
79
3
69
6
58
7
17
3
74
3
17
6
25
5
89
3
75
6
7
3
65
4
59
7
74
5
68
6
5
4
4
7
25
7
85
4
99
3
9
3
89
6
89
5
34
7
78
7
88
7
78
5
18
3
99
6
48
6
99
5
44
5
99
5
73
7
76
7
74
4
97
7
99
5
56
4
85
3
13
7
89
7
95
0
70
5
59
7
59
7
8
3
97
4
45
0
80
0
80
5
18
5
17
7
78
6
39
3
9
3
79
7
49
4
9
5
45
6
29
5
94
3
3
7
59
3
9
4
59
6
59
6
65
7
99
3
47
3
88
0
80
6
63
5
25
0
64
5
73
3
87
4
23
4
76
5
9
4
6
7
65
5
69
3
18
7
67
3
53
4
29
3
34
7
26
5
39
4
13
3
79
3
59
3
19
6
9
7
45
5
35
5
79
7
29
3
5
3
65
7
89
5
94
5
39
7
19
6
43
7
44
5
29
3
14
3
99
6
33
6
89
0
92
6
77
6
13
5
38
5
96
6
83
4
39
5
5
5
87
7
67
6
59
6
43
3
67
4
49
4
87
5
79
4
56
3
53
4
48
6
18
5
88
6
5
7
9
4
75
7
99
5
94
5
93
4
59
7
89
3
73
6
69
7
59
6
77
3
44
4
54
6
74
4
76
7
69
6
39
6
39
7
8
4
97
6
27
5
45
3
59
4
16
6
89
1
25
6
58
4
49
3
69
7
89
7
68
3
39
3
45
7
29
6
93
3
94
7
46
5
83
6
69
3
39
7
95
5
83
7
59
4
99
4
69
3
79
6
23
5
48
3
9
5
14
3
98
6
87
7
75
6
9
4
97
5
39
5
14
3
58
7
89
3
8
7
24
5
27
5
54
7
99
6
69
7
19
3
65
5
66
6
89
3
64
5
86
7
78
4
93
4
63
5
45
3
39
5
86
7
19
5
39
6
46
4
93
3
69
7
45
4
13
5
19
3
39
4
88
7
38
4
86
4
57
4
73
7
99
5
28
5
77
6
89
3
68
4
19
4
28
6
36
5
35
6
9
7
5
3
18
7
56
5
25
3
73
3
69
5
57
5
48
3
19
7
29
7
19
7
19
6
23
6
26
6
59
7
4
7
46
3
79
5
59
6
29
4
9
3
44
5
65
6
85
4
13
3
16
3
59
5
73
3
88
5
17
4
48
2
39
6
99
4
67
5
89
7
47
6
35
4
9
5
3
6
48
7
29
7
54
5
69
6
76
5
53
5
66
6
9
6
99
6
39
6
27
4
19
7
68
4
29
3
76
5
84
5
68
6
49
3
54
4
96
4
59
5
99
6
66
5
19
3
3
3
49
4
67
5
18
1
89
4
99
0
0
5
59
3
19
3
79
4
23
4
59
7
49
4
28
5
5
6
68
4
74
0
0
6
39
7
79
4
6
4
29
6
95
6
76
4
19
5
69
5
69
3
99
4
69
4
84
5
3
3
19
5
25
7
9
4
13
3
25
3
84
4
38
3
96
6
59
2
89
7
16
3
39
6
69
6
19
6
35
5
8
7
56
5
14
5
89
7
39
5
28
6
79
3
63
4
38
5
19
1
99
5
68
3
28
3
48
6
36
4
49
6
84
4
73
5
58
6
38
7
5
6
39
7
49
5
23
5
79
7
6
4
97
4
34
5
76
3
27
7
94
4
49
5
39
5
56
7
74
5
35
4
99
7
39
4
63
4
44
7
95
3
89
4
93
4
9
4
8
5
68
6
59
3
48
2
8
4
63
4
58
6
49
3
29
7
49
7
74
7
89
4
99
7
29
3
9
7
45
6
84
4
6
3
89
6
94
4
45
4
43
4
67
4
96
3
13
5
35
6
16
3
69
7
9
6
65
7
76
5
77
7
54
6
87
6
19
6
4
7
15
6
99
7
89
6
69
4
36
3
66
5
51
1
39
6
78
4
99
4
24
6
49
7
67
5
73
7
59
6
19
5
6
7
39
0
70
3
37
3
19
4
3
4
55
5
9
6
99
5
77
3
43
6
33
7
49
3
8
7
79
5
59
4
8
6
69
7
88
6
34
6
45
6
29
7
89
3
55
5
99
7
79
5
99
4
6
5
19
7
26
7
79
7
79
3
4
5
39
4
47
3
38
7
99
3
97
7
9
6
67
4
77
0
45
7
99
3
49
7
15
3
29
6
9
3
59
5
69
4
95
3
5
3
55
5
35
7
49
5
99
7
49
3
95
6
17
3
25
6
59
7
4
3
43
4
44
3
57
6
75
5
45
3
69
3
69
3
78
4
39
4
45
3
29
5
44
5
57
4
13
4
9
6
99
3
27
4
79
5
39
5
95
7
75
1
69
3
59
3
99
4
99
3
89
4
23
6
28
7
74
6
74
4
89
3
35
3
29
3
73
5
56
4
89
5
76
7
79
3
41
7
69
5
79
4
38
6
47
4
19
0
10
5
7
4
5
3
64
3
35
7
99
0
10
7
97
6
39
4
41
3
49
4
3
3
84
6
34
7
96
5
16
5
89
6
58
5
23
7
19
5
59
3
39
4
4
6
46
6
5
4
59
5
48
7
36
7
54
5
59
7
88
7
84
5
74
3
88
6
29
3
88
6
97
4
55
5
96
3
9
0
59
7
49
4
86
5
8
5
98
3
69
6
45
4
79
6
13
7
49
4
29
5
56
6
76
5
19
6
58
4
9
6
45
7
48
4
9
3
79
4
29
4
9
6
99
6
99
6
5
6
5
4
76
3
65
6
19
6
53
7
9
7
29
7
79
6
99
5
49
4
57
3
45
7
95
3
65
0
10
3
69
5
37
7
29
4
65
4
59
7
77
7
39
5
75
7
69
3
59
5
39
4
69
7
88
7
39
3
25
5
54
6
19
3
16
4
84
5
23
4
89
3
29
3
75
6
99
7
5
6
57
4
65
4
89
5
43
6
39
4
59
4
94
5
18
3
98
3
39
4
48
3
99
6
28
4
29
7
39
6
6
4
17
6
56
7
6
5
58
4
99
7
89
6
98
6
37
6
79
5
99
3
89
4
59
6
98
7
89
6
77
4
48
6
88
5
6
6
86
6
79
5
24
7
8
5
59
6
66
5
59
3
39
4
99
3
94
7
34
2
6
6
55
5
4
3
79
5
75
5
35
5
89
3
69
6
6
5
49
5
79
7
29
1
39
4
26
5
68
4
8
6
68
0
80
6
64
4
71
1
51
7
68
5
98
0
50
6
3
4
19
3
45
5
49
3
89
6
24
3
63
3
49
6
97
0
10
5
94
0
0
5
19
7
14
6
19
5
59
0
49
7
19
5
29
6
25
4
79
7
95
4
39
6
18
4
14
3
35
5
29
6
86
6
59
7
59
5
29
5
89
3
13
4
47
0
91
5
99
5
69
3
69
7
88
7
97
5
48
5
98
5
99
