19
64
9
99
19
34
0
20
0
10
9
44
9
99
9
94
9
44
9
74
9
64
9
94
19
64
9
44
9
64
9
34
9
34
19
94
9
14
9
14
9
14
9
99
9
34
9
44
9
74
9
34
19
94
9
74
9
94
9
44
19
94
9
34
9
34
19
64
19
34
9
14
19
94
9
64
19
94
9
64
9
14
9
44
9
14
19
64
9
94
9
99
19
64
9
14
19
64
9
94
19
94
9
64
9
34
19
64
9
74
19
64
19
94
9
14
19
94
9
64
19
34
9
74
19
94
9
14
9
44
9
64
9
34
9
99
19
34
9
74
9
74
9
64
19
94
9
14
9
74
9
44
9
44
9
14
19
64
9
44
9
44
19
94
9
34
9
34
19
34
9
64
19
94
19
94
9
94
19
64
9
44
19
34
19
34
19
94
9
34
9
64
9
74
9
44
19
34
9
74
19
34
9
14
19
64
9
94
19
64
9
34
0
80
19
64
9
14
9
34
9
44
19
34
19
34
19
94
9
34
9
64
9
99
9
34
9
14
9
99
9
44
9
14
9
14
9
64
19
34
9
14
19
64
9
44
19
34
9
64
19
94
9
34
9
74
9
94
19
64
9
64
19
64
9
64
19
64
19
94
19
64
19
64
9
64
19
94
19
94
9
44
19
94
9
74
9
34
9
44
9
14
9
74
19
34
9
34
9
74
0
0
9
64
9
94
9
14
9
74
9
44
9
74
19
64
9
99
9
94
19
34
19
64
9
74
9
64
19
94
9
34
9
34
9
94
9
64
9
94
9
99
9
99
9
34
9
64
19
34
9
28
9
74
19
94
9
34
19
34
9
44
9
44
9
64
9
44
9
99
9
36
19
94
19
64
19
34
9
74
0
90
9
99
19
94
9
14
9
99
19
64
19
34
19
34
9
34
19
64
9
74
19
94
9
94
9
64
19
34
9
14
9
64
9
74
9
44
9
64
9
94
9
94
19
64
0
90
19
34
19
94
19
34
19
34
9
34
9
99
9
64
9
44
19
34
9
64
9
64
9
74
19
64
19
34
9
44
9
99
9
34
9
14
9
99
9
74
19
94
9
74
9
64
19
34
19
94
19
34
9
34
9
94
19
94
9
14
9
74
9
64
19
94
9
74
9
14
9
14
9
34
9
94
9
99
9
14
9
94
9
94
9
44
19
94
9
94
19
94
19
34
3
99
19
64
9
99
19
64
9
99
19
94
19
94
19
94
9
99
9
99
9
64
9
94
19
34
9
94
9
99
0
70
9
64
9
64
9
14
9
99
19
64
0
80
0
80
19
34
19
34
19
94
9
44
9
14
19
94
19
64
9
14
19
64
9
34
9
99
9
14
9
64
9
14
9
64
9
64
9
74
9
99
19
64
9
94
0
80
9
74
9
34
0
64
19
94
9
94
9
34
19
94
9
14
9
14
9
74
9
74
3
19
9
74
9
64
9
34
9
44
9
34
9
44
19
34
19
94
9
64
19
34
9
14
19
64
9
44
19
94
9
34
9
14
9
74
9
94
9
99
9
44
19
34
19
64
19
64
9
34
19
34
9
99
9
44
9
94
0
92
19
94
19
34
9
44
9
99
9
94
9
44
9
14
9
94
9
74
9
64
19
64
9
74
19
64
9
94
19
94
9
64
9
64
9
48
19
34
9
94
9
14
9
14
4
79
9
99
9
99
9
99
9
64
9
94
19
94
9
74
9
64
19
94
19
64
9
64
19
94
19
94
9
74
9
44
9
44
9
14
9
99
9
34
19
64
9
64
19
34
9
94
1
29
9
64
19
64
9
74
9
94
9
74
9
44
19
64
9
34
9
99
9
93
19
64
9
94
9
74
9
44
9
99
9
94
9
64
9
99
9
74
19
94
9
34
19
64
9
14
19
34
9
99
9
94
19
94
9
14
9
99
9
44
19
34
9
64
9
94
9
14
9
34
9
34
9
64
9
99
9
74
19
34
8
65
9
74
9
94
9
74
9
94
19
94
9
99
9
74
19
64
9
44
9
94
19
34
9
44
19
64
9
99
9
74
19
64
19
34
19
34
9
44
9
94
9
44
9
94
4
59
9
66
9
99
9
34
19
94
9
94
9
74
19
34
9
34
9
44
9
44
9
14
9
14
19
34
9
64
9
34
19
94
3
69
9
64
19
64
19
34
9
34
19
34
19
34
9
34
9
34
9
64
9
14
19
64
19
94
9
64
9
34
9
14
19
64
9
74
9
94
19
34
19
34
9
64
19
94
9
94
19
34
19
64
2
39
9
99
9
74
9
94
19
64
9
44
9
14
9
14
19
64
9
34
9
64
9
74
19
94
9
64
9
74
9
14
9
99
9
44
9
34
19
34
9
74
9
34
19
94
9
94
9
74
19
64
9
64
9
99
9
64
9
99
9
74
19
34
9
14
3
49
9
74
19
34
1
89
9
99
0
0
9
64
19
34
3
79
9
34
9
64
19
64
9
28
9
14
9
74
19
94
0
0
9
44
19
94
9
14
9
34
9
99
19
94
19
34
9
74
9
74
9
99
9
74
9
94
9
14
19
34
9
34
9
14
19
34
9
34
9
94
9
38
9
99
9
64
2
89
19
34
9
44
9
74
19
34
9
44
9
14
9
64
19
34
9
94
9
44
9
34
19
94
9
74
9
44
19
34
1
99
9
74
9
34
19
64
9
44
19
64
9
94
19
94
9
64
9
44
9
14
9
44
19
64
9
34
19
94
9
14
9
99
9
44
19
94
9
34
9
94
19
64
9
44
9
64
19
94
9
44
9
99
9
44
9
74
19
64
9
99
9
94
9
99
9
14
9
14
9
68
9
64
19
64
2
9
9
74
9
64
19
64
9
34
19
64
19
94
9
94
9
99
9
34
9
14
19
64
9
94
9
14
9
94
9
99
19
64
19
64
9
74
9
99
19
34
9
44
19
34
9
74
9
14
9
74
19
94
19
94
9
64
9
94
19
34
9
14
19
34
9
99
9
94
9
74
9
44
9
74
9
46
1
39
19
94
9
99
9
34
19
64
9
74
19
94
9
64
19
34
9
14
9
39
0
70
9
44
19
34
9
14
9
64
9
14
9
99
19
94
19
64
9
44
19
64
9
14
19
94
9
64
9
14
9
74
9
94
9
44
19
64
9
34
9
94
9
64
9
99
19
94
9
99
9
14
19
34
9
34
19
94
19
94
9
14
9
44
19
64
9
44
9
99
9
99
9
14
9
74
19
94
0
45
9
99
19
64
19
34
9
34
9
14
3
59
9
74
9
99
3
9
9
64
9
44
19
64
9
99
19
64
9
86
19
34
9
34
9
64
9
14
19
64
19
64
9
64
19
94
19
64
9
74
9
74
19
94
9
44
19
64
9
34
19
64
9
64
4
19
9
14
9
99
9
34
19
94
9
44
9
99
19
94
1
69
9
64
9
99
9
99
9
94
9
34
9
34
19
94
19
94
9
94
9
44
9
34
19
94
9
64
9
94
19
94
19
94
9
41
9
74
19
94
9
44
19
64
19
34
0
10
9
14
9
14
9
74
9
44
9
99
0
10
9
99
9
44
4
41
19
64
9
14
9
94
9
44
9
99
19
34
9
94
9
64
9
34
19
34
9
64
9
44
9
14
19
64
9
14
9
64
19
64
9
44
9
64
9
64
9
94
9
94
19
94
9
94
9
34
9
94
9
99
9
64
9
99
9
14
0
59
19
64
9
86
9
14
9
99
9
74
19
64
19
94
19
34
19
64
9
34
9
64
19
94
19
34
9
64
9
14
19
64
19
64
4
9
19
94
9
34
9
14
9
99
9
99
9
14
9
14
19
94
9
74
19
34
9
64
9
14
9
34
19
94
9
99
19
64
9
64
19
64
9
99
9
74
0
10
9
74
9
44
9
34
9
74
9
64
19
94
9
44
19
94
9
74
9
64
9
44
9
74
9
94
9
44
3
29
9
64
19
34
19
34
9
94
9
34
9
94
9
34
19
94
9
99
9
14
9
64
9
74
9
94
19
64
9
44
9
64
9
99
19
34
9
99
9
44
19
64
9
99
9
28
9
34
9
44
9
14
19
34
9
64
9
14
9
64
9
99
9
94
9
99
9
37
19
94
9
99
9
94
9
64
9
99
9
94
19
94
4
49
9
94
9
14
9
94
19
94
9
34
9
14
9
64
9
74
9
64
9
44
9
99
9
99
9
44
2
9
9
64
9
14
19
94
19
94
9
44
9
94
9
74
9
14
19
64
19
94
9
34
1
39
9
34
9
74
9
14
9
74
0
80
9
74
9
71
1
51
9
74
9
99
0
50
9
14
19
34
19
64
19
64
9
94
9
34
9
74
19
64
9
99
0
10
9
99
0
0
19
34
19
34
19
34
9
64
0
49
19
34
9
34
9
34
19
94
9
99
9
44
9
18
19
34
9
44
9
34
9
94
9
64
9
64
9
34
9
94
19
34
19
64
0
91
9
99
9
74
9
74
9
94
9
99
19
64
9
99
9
99
