13
55
9
99
10
22
0
20
0
10
9
40
9
99
9
90
9
43
9
70
9
61
9
93
9
50
9
42
9
63
9
33
9
31
9
81
9
12
9
14
9
13
9
99
9
30
9
42
9
71
9
34
10
82
9
72
9
91
9
40
9
80
9
31
9
30
12
54
10
22
9
11
10
82
9
59
11
83
9
60
9
11
9
43
9
13
10
52
9
93
9
99
10
52
9
9
11
53
9
92
9
80
9
61
9
30
11
53
9
74
11
53
9
79
9
10
13
85
9
62
12
24
9
73
12
84
9
9
9
44
9
60
9
33
9
99
9
21
9
72
9
74
9
64
10
82
9
12
9
71
9
41
9
41
9
14
11
53
9
42
9
42
9
80
9
34
9
31
10
22
9
62
9
81
13
85
9
92
9
51
9
44
12
24
10
22
13
85
9
32
9
61
9
74
9
42
10
22
9
71
10
22
9
11
9
51
9
91
11
53
9
31
0
80
9
51
9
10
9
34
9
42
10
22
9
20
11
83
9
31
9
64
9
99
9
33
9
11
9
99
9
43
9
11
9
10
9
63
10
22
9
10
10
52
9
41
10
22
9
61
9
81
9
34
9
73
9
93
9
50
9
60
9
51
9
60
9
51
9
81
10
52
11
53
9
61
9
79
9
81
9
39
10
82
9
73
9
33
9
41
9
12
9
69
11
23
9
33
9
71
0
0
9
60
9
92
9
11
9
74
9
44
9
71
9
49
9
99
9
90
12
24
12
54
9
71
9
60
11
83
9
31
9
31
9
93
9
60
9
93
9
99
9
99
9
32
9
63
9
21
9
28
9
74
9
81
9
30
9
21
9
41
9
44
9
61
9
42
9
99
9
36
9
79
11
53
12
24
9
72
0
90
9
99
9
80
9
10
9
99
9
51
9
19
9
21
9
31
9
51
9
74
10
82
9
94
9
63
9
21
9
14
9
60
9
71
9
44
9
60
9
90
9
91
12
54
0
90
9
21
10
82
9
21
9
21
9
31
9
99
9
61
9
39
11
23
9
64
9
61
9
74
9
49
13
25
9
40
9
99
9
31
9
12
9
99
9
71
11
83
9
71
9
64
11
23
9
80
9
21
9
31
9
93
9
81
9
13
9
71
9
62
9
80
9
73
9
11
9
10
9
31
9
91
9
99
9
11
9
91
9
94
9
40
12
84
9
94
12
84
11
23
3
99
12
54
9
99
9
50
9
99
9
79
10
82
9
80
9
99
9
99
9
62
9
91
9
19
9
94
9
99
0
70
9
63
9
64
9
14
9
99
9
51
0
80
0
80
11
23
11
23
12
84
9
44
9
11
9
81
13
55
9
12
9
51
9
34
9
99
9
9
9
64
9
11
9
62
9
64
9
71
9
99
9
51
9
91
0
80
9
69
9
31
0
64
9
79
9
91
9
29
10
82
9
13
9
12
9
71
9
73
3
19
9
73
9
59
9
32
9
40
9
32
9
43
9
19
9
81
9
61
9
21
9
14
9
51
9
41
11
83
9
34
9
11
9
71
9
94
9
99
9
43
13
25
9
49
9
50
9
33
9
20
9
99
9
39
9
94
0
92
11
83
9
19
9
43
9
99
9
89
9
42
9
11
9
93
9
73
9
64
9
49
9
71
10
52
9
92
11
83
9
62
9
59
9
48
12
24
9
93
9
11
9
14
4
79
9
99
9
99
9
99
9
62
9
94
9
79
9
74
9
64
11
83
9
50
9
60
9
80
10
82
9
74
9
44
9
44
9
14
9
99
9
33
9
51
9
61
10
22
9
94
1
29
9
64
10
52
9
71
9
94
9
74
9
41
9
51
9
34
9
99
9
93
10
52
9
89
9
74
9
41
9
99
9
89
9
64
9
99
9
72
9
81
9
29
11
53
9
11
9
20
9
99
9
93
9
81
9
14
9
99
9
43
9
20
9
61
9
94
9
11
9
30
9
33
9
60
9
99
9
74
13
25
8
65
9
72
9
94
9
70
9
92
12
84
9
99
9
69
9
51
9
41
9
92
13
25
9
43
10
52
9
99
9
71
9
51
9
19
11
23
9
41
9
92
9
44
9
92
4
59
9
68
9
99
9
33
11
83
9
94
9
71
10
22
9
32
9
42
9
41
9
14
9
11
9
21
9
62
9
31
9
79
3
69
9
63
11
53
9
21
9
34
13
25
13
25
9
29
9
32
9
64
9
10
10
52
9
81
9
63
9
34
9
12
9
50
9
71
9
91
9
19
9
21
9
61
9
79
9
91
11
23
10
52
2
39
9
99
9
72
9
93
11
53
9
41
9
12
9
9
12
54
9
34
9
60
9
73
10
82
9
59
9
72
9
14
9
99
9
44
9
33
10
22
9
74
9
32
9
81
9
90
9
73
12
54
9
60
9
99
9
62
9
99
9
72
11
23
9
9
3
49
9
72
11
23
1
89
9
99
0
0
9
63
9
21
3
79
9
29
9
62
13
55
9
28
9
11
9
74
9
80
0
0
9
44
13
85
9
12
9
32
9
99
10
82
10
22
9
73
9
73
9
99
9
72
9
90
9
9
9
21
9
31
9
14
9
19
9
31
9
90
9
38
9
99
9
64
2
89
10
22
9
41
9
74
12
24
9
41
9
13
9
62
9
20
9
93
9
44
9
33
12
84
9
69
9
42
11
23
1
99
9
73
9
31
9
51
9
42
10
52
9
90
9
79
9
63
9
44
9
11
9
44
13
55
9
29
11
83
9
12
9
99
9
40
10
82
9
31
9
94
10
52
9
43
9
62
9
80
9
41
9
99
9
44
9
69
9
50
9
99
9
91
9
99
9
12
9
12
9
68
9
64
9
51
2
9
9
69
9
62
12
54
9
31
13
55
9
80
9
94
9
99
9
34
9
11
9
51
9
90
9
12
9
91
9
99
9
51
9
49
9
72
9
99
9
19
9
41
10
22
9
71
9
14
9
71
10
82
11
83
9
60
9
93
12
24
9
10
9
21
9
99
9
94
9
74
9
42
9
71
9
47
1
39
12
84
9
99
9
30
12
54
9
73
9
79
9
64
12
24
9
12
9
39
0
70
9
41
9
21
9
9
9
61
9
13
9
99
11
83
9
49
9
39
13
55
9
11
13
85
9
63
9
12
9
74
9
94
9
40
9
51
9
34
9
94
9
61
9
99
13
85
9
99
9
12
11
23
9
32
13
85
13
85
9
10
9
43
10
52
9
41
9
99
9
99
9
14
9
73
10
82
0
45
9
99
9
51
9
21
9
31
9
14
3
59
9
73
9
99
3
9
9
61
9
41
13
55
9
99
13
55
9
89
11
23
9
31
9
64
9
10
9
49
9
50
9
61
9
81
9
51
9
71
9
71
9
81
9
42
9
51
9
31
9
50
9
63
4
19
9
12
9
99
9
31
10
82
9
43
9
99
9
81
1
69
9
61
9
99
9
99
9
91
9
29
9
34
9
80
9
80
9
92
9
41
9
31
9
79
9
62
9
92
10
82
13
85
9
41
9
74
11
83
9
42
11
53
10
22
0
10
9
13
9
11
9
70
9
41
9
99
0
10
9
99
9
44
4
41
9
51
9
9
9
90
9
40
9
99
10
22
9
93
9
64
9
29
13
25
9
63
9
41
9
10
10
52
9
11
9
62
11
53
9
42
9
60
9
63
9
94
9
90
9
80
9
91
9
34
9
91
9
99
9
61
9
99
9
11
0
59
13
55
9
86
9
13
9
99
9
71
9
51
10
82
9
19
13
55
9
32
9
62
10
82
11
23
9
64
9
12
9
51
12
54
4
9
9
81
9
32
9
12
9
99
9
99
9
11
9
11
10
82
9
71
12
24
9
59
9
14
9
34
13
85
9
99
11
53
9
62
9
51
9
99
9
71
0
10
9
71
9
43
9
34
9
71
9
62
11
83
9
44
9
81
9
74
9
61
9
43
9
72
9
94
9
44
3
29
9
60
12
24
9
21
9
90
9
29
9
92
9
31
9
81
9
99
9
11
9
63
9
71
9
92
9
49
9
44
9
62
9
99
11
23
9
99
9
41
10
52
9
99
9
28
9
32
9
44
9
12
10
22
9
62
9
12
9
63
9
99
9
94
9
99
9
37
12
84
9
99
9
91
9
62
9
99
9
94
11
83
4
49
9
94
9
12
9
92
12
84
9
30
9
14
9
63
9
72
9
63
9
41
9
99
9
99
9
40
2
9
9
61
9
10
9
81
9
81
9
41
9
93
9
71
9
12
11
53
11
83
9
34
1
39
9
32
9
73
9
12
9
74
0
80
9
70
9
71
1
51
9
74
9
99
0
50
9
9
10
22
9
51
11
53
9
91
9
30
9
69
9
51
9
99
0
10
9
99
0
0
11
23
9
20
12
24
9
63
0
49
13
25
9
33
9
31
10
82
9
99
9
42
9
18
9
20
9
41
9
33
9
92
9
64
9
64
9
33
9
93
9
19
10
52
0
91
9
99
9
73
9
71
9
94
9
99
11
53
9
99
9
99
