11
53
9
99
8
20
0
20
0
10
9
38
9
99
8
88
9
41
7
68
7
59
9
91
9
48
8
40
9
61
9
31
7
29
8
79
9
10
9
12
9
11
9
98
9
28
9
40
7
69
9
32
9
80
9
70
9
89
9
38
9
78
7
29
7
28
10
52
8
20
7
9
9
80
9
57
9
81
9
58
8
9
9
41
9
11
8
50
9
91
8
99
8
50
9
7
9
51
8
90
7
78
9
59
9
28
9
51
9
72
9
51
9
77
7
8
11
83
8
60
10
22
9
71
10
82
9
7
9
43
9
58
9
31
7
97
7
19
8
70
9
73
9
62
8
80
8
10
7
69
8
39
7
39
9
13
9
51
8
40
8
40
8
78
9
32
7
29
8
20
8
60
7
79
11
83
8
90
7
49
9
43
10
22
8
20
11
83
8
30
7
59
9
73
8
40
8
20
8
69
8
20
7
9
8
49
7
89
9
51
7
29
0
80
7
49
9
8
9
33
9
40
8
20
9
18
9
81
8
29
9
62
9
99
9
31
7
9
8
99
9
41
7
9
9
8
9
61
8
20
9
8
8
50
9
39
8
20
7
59
9
79
9
33
9
71
9
91
8
48
9
58
7
49
7
58
7
49
7
79
8
50
9
51
7
59
7
77
8
79
7
37
9
80
9
71
9
31
7
39
8
10
7
67
9
21
9
31
9
69
0
0
7
58
8
90
7
9
9
72
9
43
7
69
9
47
9
99
8
88
10
22
10
52
7
69
7
58
9
81
9
29
9
29
9
91
8
58
9
91
9
99
8
97
9
30
9
61
7
19
7
28
9
73
7
79
9
28
8
19
9
39
9
43
9
59
9
40
9
98
9
38
8
77
9
51
10
22
8
70
0
90
8
99
7
78
8
8
9
98
7
49
9
17
8
19
7
29
9
49
9
72
8
80
9
93
9
61
7
19
9
12
9
58
7
69
9
43
9
58
9
88
7
89
10
52
0
90
8
19
8
80
7
19
7
19
7
29
9
97
7
59
9
37
9
21
9
63
7
59
9
72
9
47
11
23
9
38
9
99
9
29
9
10
9
99
7
69
9
81
7
69
9
62
9
21
7
78
7
19
9
29
9
91
7
79
9
11
7
69
8
60
9
78
9
71
9
9
8
8
9
29
9
89
8
99
7
9
7
89
9
92
9
38
10
82
9
92
10
82
9
21
3
99
10
52
9
99
9
48
9
99
9
77
9
80
9
78
8
99
9
99
9
60
8
89
7
17
9
93
9
99
0
70
9
61
9
63
9
12
7
99
8
49
0
80
0
80
9
21
9
21
10
82
9
42
7
9
7
79
11
53
8
10
9
49
9
32
9
98
7
7
9
63
7
9
8
60
9
62
9
69
9
99
7
49
7
89
0
80
9
67
9
29
0
64
9
77
7
89
8
27
8
80
9
11
8
10
9
69
9
71
3
19
9
71
7
57
8
30
7
38
9
30
9
41
8
17
7
79
7
59
7
19
9
12
9
49
9
39
9
81
9
33
7
9
7
69
9
93
9
98
9
41
11
23
9
47
9
48
9
31
7
18
7
99
9
37
9
92
0
92
9
81
9
17
9
41
9
99
9
87
8
40
9
9
9
91
9
71
9
62
9
47
7
69
8
50
8
90
9
81
8
60
7
57
8
48
10
22
9
91
9
9
9
13
4
79
9
99
9
98
9
97
8
60
9
93
7
77
9
72
9
63
9
81
7
48
8
58
9
78
8
80
9
73
9
42
9
42
9
12
8
99
9
31
9
49
7
59
8
20
9
92
1
29
9
62
8
50
7
69
9
93
9
72
7
39
7
49
9
33
9
97
7
94
9
50
9
87
9
72
7
39
9
99
9
87
9
63
8
99
8
70
7
79
9
27
9
51
7
9
9
18
7
99
9
91
9
79
9
12
8
99
9
41
9
18
7
59
9
93
7
9
9
28
9
31
9
58
9
99
9
72
11
23
7
65
9
70
9
92
7
68
9
90
10
82
8
97
8
67
9
49
7
39
9
90
11
23
9
41
9
50
8
97
7
69
9
49
8
17
9
21
7
39
8
90
9
42
8
90
4
59
8
70
9
99
9
31
9
81
9
92
7
69
8
20
8
30
9
40
9
39
9
12
9
9
7
19
9
60
9
29
7
77
3
69
9
61
9
51
7
19
9
33
11
23
11
23
9
27
9
30
9
62
9
8
9
50
7
79
9
61
9
32
8
10
7
48
9
69
9
89
8
17
7
19
7
59
9
77
7
89
9
21
8
50
2
39
9
99
8
70
9
91
9
51
9
39
8
10
9
7
10
52
9
33
9
58
9
71
9
80
9
57
9
70
9
12
9
99
9
42
9
31
8
20
9
72
8
30
7
79
9
88
9
71
10
52
7
58
8
99
8
60
9
99
9
70
9
21
7
7
3
49
8
70
9
21
1
89
8
99
0
0
9
61
7
19
3
79
8
27
8
60
11
53
8
28
9
9
9
72
8
78
0
0
9
42
11
83
8
10
8
30
9
99
9
80
8
20
9
71
9
71
7
99
8
70
8
88
9
7
7
19
9
29
9
13
8
17
7
29
7
88
8
38
7
99
9
62
2
89
9
20
7
39
9
72
10
22
9
39
9
11
9
60
9
18
9
91
9
43
9
31
10
82
7
67
8
40
9
21
1
99
9
71
7
29
7
49
9
40
8
50
9
88
8
77
9
61
9
42
9
9
9
42
11
53
9
27
9
81
9
10
8
99
8
38
9
80
7
29
9
94
8
50
9
41
9
60
9
78
9
39
8
99
9
43
8
67
8
48
9
99
7
89
8
97
8
10
8
10
9
68
9
62
7
49
2
9
8
67
8
60
10
52
7
29
11
53
9
78
9
93
8
99
9
33
7
9
9
49
9
88
8
10
7
89
9
98
8
49
8
47
8
70
8
99
7
17
9
39
9
20
7
69
9
13
9
69
9
80
9
81
9
58
9
91
10
22
9
8
9
19
9
99
9
93
9
72
8
40
7
69
9
49
1
39
10
82
8
99
8
28
10
52
9
71
9
77
9
63
10
22
9
10
9
39
0
70
7
39
7
19
8
7
8
59
9
11
9
99
9
81
7
47
9
37
11
53
7
9
11
83
9
61
8
10
9
72
9
92
9
38
9
49
9
32
9
93
7
59
9
99
11
83
9
99
8
10
9
21
9
30
11
83
11
83
7
8
9
41
8
50
7
39
9
99
7
99
9
13
9
71
8
80
0
45
9
99
7
49
9
19
7
29
9
12
3
59
9
71
8
99
3
9
7
59
9
39
11
53
9
99
11
53
7
91
9
21
7
29
9
62
9
8
7
47
8
48
7
59
9
79
9
49
7
69
7
69
7
79
8
40
8
49
7
29
9
48
9
61
4
17
8
10
9
99
7
29
8
80
9
41
9
99
9
79
1
69
7
59
7
99
8
99
7
89
8
27
9
32
9
78
9
78
8
90
7
39
7
29
7
77
9
60
8
90
9
80
11
83
7
41
9
73
9
81
8
40
9
51
8
20
0
10
9
11
8
9
7
68
7
39
9
99
0
10
9
99
9
42
4
41
7
49
8
7
7
88
9
38
9
99
9
20
9
91
9
62
9
27
11
23
9
61
7
39
8
8
9
50
9
9
8
60
9
51
9
40
9
58
9
61
9
92
9
88
9
78
7
89
9
32
7
89
9
99
8
59
9
99
7
9
0
59
11
53
8
86
9
11
9
99
7
69
9
49
8
80
9
17
11
53
8
30
9
60
9
80
9
21
9
62
8
10
9
49
10
52
4
9
7
79
8
30
8
10
9
99
9
99
9
9
9
9
8
80
7
69
10
22
9
57
9
13
9
33
11
83
9
99
9
51
8
60
7
49
9
99
7
69
0
10
7
69
9
41
9
33
8
69
8
60
9
81
9
43
9
79
9
73
7
59
9
41
8
70
9
92
9
43
3
29
9
58
10
22
7
19
8
88
9
27
8
90
7
29
7
79
9
99
9
9
9
61
8
69
8
90
9
47
9
42
8
60
8
98
9
21
7
99
7
39
8
50
7
99
9
28
8
30
9
43
9
10
8
20
9
60
9
10
9
61
8
99
9
93
9
99
9
37
10
82
9
99
7
89
8
60
9
99
9
93
9
81
4
49
9
92
9
10
9
90
10
82
9
28
9
12
9
61
9
70
9
61
7
39
8
99
7
98
9
38
2
9
9
59
9
8
7
79
9
79
9
39
9
91
7
69
9
10
9
51
9
81
9
33
1
39
8
30
9
71
8
10
9
72
0
80
9
68
8
71
1
51
9
72
9
99
0
50
9
7
8
20
7
49
9
51
7
89
9
28
7
67
7
49
9
99
0
10
9
98
0
0
9
21
9
18
10
22
9
61
0
49
11
23
9
31
9
29
8
80
9
99
8
40
9
18
8
18
7
39
9
31
9
90
9
62
9
63
9
31
9
91
7
17
8
50
0
91
9
99
9
71
7
69
9
92
9
99
9
51
9
99
9
99
