19
64
9
99
19
31
0
20
0
10
9
44
9
99
9
94
9
44
9
74
9
64
9
94
17
59
9
44
9
64
9
34
9
34
18
90
9
14
9
14
9
14
9
99
9
34
9
44
9
74
9
34
19
91
9
74
9
94
9
44
17
89
9
34
9
34
19
63
19
31
9
14
19
91
9
64
19
92
9
64
9
14
9
44
9
14
19
61
9
94
9
99
19
61
9
14
19
62
9
94
17
89
9
64
9
34
19
62
9
74
19
62
16
88
9
14
19
94
9
64
19
33
9
74
19
93
9
14
9
44
9
64
9
34
9
99
18
30
9
74
9
74
9
64
19
91
9
14
9
74
9
44
9
44
9
14
19
62
9
44
9
44
17
89
9
34
9
34
19
31
9
64
18
90
19
94
9
94
18
60
9
44
19
33
19
31
19
94
9
34
9
64
9
74
9
44
19
31
9
74
19
31
9
14
18
60
9
94
19
62
9
34
0
80
18
60
9
14
9
34
9
44
19
31
17
29
19
92
9
34
9
64
9
99
9
34
9
14
9
99
9
44
9
14
9
14
9
64
19
31
9
14
19
61
9
44
19
31
9
64
18
90
9
34
9
74
9
94
17
59
9
64
18
60
9
64
18
60
18
90
19
61
19
62
9
64
16
88
18
90
9
44
19
91
9
74
9
34
9
44
9
14
9
74
19
32
9
34
9
74
0
0
9
64
9
94
9
14
9
74
9
44
9
74
16
58
9
99
9
94
19
33
19
63
9
74
9
64
19
92
9
34
9
34
9
94
9
64
9
94
9
99
9
99
9
34
9
64
18
30
9
28
9
74
18
90
9
34
18
30
9
44
9
44
9
64
9
44
9
99
9
36
16
88
19
62
19
33
9
74
0
90
9
99
17
89
9
14
9
99
18
60
16
28
18
30
9
34
18
60
9
74
19
91
9
94
9
64
18
30
9
14
9
64
9
74
9
44
9
64
9
94
9
94
19
63
0
90
18
30
19
91
18
30
18
30
9
34
9
99
9
64
9
44
19
32
9
64
9
64
9
74
16
58
19
34
9
44
9
99
9
34
9
14
9
99
9
74
19
92
9
74
9
64
19
32
17
89
18
30
9
34
9
94
18
90
9
14
9
74
9
64
17
89
9
74
9
14
9
14
9
34
9
94
9
99
9
14
9
94
9
94
9
44
19
93
9
94
19
93
19
32
3
99
19
63
9
99
17
59
9
99
16
88
19
91
17
89
9
99
9
99
9
64
9
94
16
28
9
94
9
99
0
70
9
64
9
64
9
14
9
99
18
60
0
80
0
80
19
32
19
32
19
93
9
44
9
14
18
90
19
64
9
14
18
60
9
34
9
99
9
14
9
64
9
14
9
64
9
64
9
74
9
99
18
60
9
94
0
80
9
74
9
34
0
64
16
88
9
94
9
34
19
91
9
14
9
14
9
74
9
74
3
19
9
74
9
64
9
34
9
44
9
34
9
44
16
28
18
90
9
64
18
30
9
14
18
60
9
44
19
92
9
34
9
14
9
74
9
94
9
99
9
44
19
34
16
58
17
59
9
34
17
29
9
99
9
44
9
94
0
92
19
92
16
28
9
44
9
99
9
94
9
44
9
14
9
94
9
74
9
64
16
58
9
74
19
61
9
94
19
92
9
64
9
64
9
48
19
33
9
94
9
14
9
14
4
79
9
99
9
99
9
99
9
64
9
94
16
88
9
74
9
64
19
92
17
59
9
64
17
89
19
91
9
74
9
44
9
44
9
14
9
99
9
34
18
60
9
64
19
31
9
94
1
29
9
64
19
61
9
74
9
94
9
74
9
44
18
60
9
34
9
99
9
93
19
61
9
94
9
74
9
44
9
99
9
94
9
64
9
99
9
74
18
90
9
34
19
62
9
14
17
29
9
99
9
94
18
90
9
14
9
99
9
44
17
29
9
64
9
94
9
14
9
34
9
34
9
64
9
99
9
74
19
34
8
65
9
74
9
94
9
74
9
94
19
93
9
99
9
74
18
60
9
44
9
94
19
34
9
44
19
61
9
99
9
74
18
60
16
28
19
32
9
44
9
94
9
44
9
94
4
59
9
66
9
99
9
34
19
92
9
94
9
74
19
31
9
34
9
44
9
44
9
14
9
14
18
30
9
64
9
34
16
88
3
69
9
64
19
62
18
30
9
34
19
34
19
34
9
34
9
34
9
64
9
14
19
61
18
90
9
64
9
34
9
14
17
59
9
74
9
94
16
28
18
30
9
64
16
88
9
94
19
32
19
61
2
39
9
99
9
74
9
94
19
62
9
44
9
14
9
14
19
63
9
34
9
64
9
74
19
91
9
64
9
74
9
14
9
99
9
44
9
34
19
31
9
74
9
34
18
90
9
94
9
74
19
63
9
64
9
99
9
64
9
99
9
74
19
32
9
14
3
49
9
74
19
32
1
89
9
99
0
0
9
64
18
30
3
79
9
34
9
64
19
64
9
28
9
14
9
74
17
89
0
0
9
44
19
94
9
14
9
34
9
99
19
91
19
31
9
74
9
74
9
99
9
74
9
94
9
14
18
30
9
34
9
14
16
28
9
34
9
94
9
38
9
99
9
64
2
89
19
31
9
44
9
74
19
33
9
44
9
14
9
64
17
29
9
94
9
44
9
34
19
93
9
74
9
44
19
32
1
99
9
74
9
34
18
60
9
44
19
61
9
94
16
88
9
64
9
44
9
14
9
44
19
64
9
34
19
92
9
14
9
99
9
44
19
91
9
34
9
94
19
61
9
44
9
64
17
89
9
44
9
99
9
44
9
74
17
59
9
99
9
94
9
99
9
14
9
14
9
68
9
64
18
60
2
9
9
74
9
64
19
63
9
34
19
64
17
89
9
94
9
99
9
34
9
14
18
60
9
94
9
14
9
94
9
99
18
60
16
58
9
74
9
99
16
28
9
44
19
31
9
74
9
14
9
74
19
91
19
92
9
64
9
94
19
33
9
14
18
30
9
99
9
94
9
74
9
44
9
74
9
46
1
39
19
93
9
99
9
34
19
63
9
74
16
88
9
64
19
33
9
14
9
39
0
70
9
44
18
30
9
14
9
64
9
14
9
99
19
92
16
58
9
44
19
64
9
14
19
94
9
64
9
14
9
74
9
94
9
44
18
60
9
34
9
94
9
64
9
99
19
94
9
99
9
14
19
32
9
34
19
94
19
94
9
14
9
44
19
61
9
44
9
99
9
99
9
14
9
74
19
91
0
45
9
99
18
60
18
30
9
34
9
14
3
59
9
74
9
99
3
9
9
64
9
44
19
64
9
99
19
64
9
86
19
32
9
34
9
64
9
14
16
58
17
59
9
64
18
90
18
60
9
74
9
74
18
90
9
44
18
60
9
34
17
59
9
64
4
19
9
14
9
99
9
34
19
91
9
44
9
99
18
90
1
69
9
64
9
99
9
99
9
94
9
34
9
34
17
89
17
89
9
94
9
44
9
34
16
88
9
64
9
94
19
91
19
94
9
41
9
74
19
92
9
44
19
62
19
31
0
10
9
14
9
14
9
74
9
44
9
99
0
10
9
99
9
44
4
41
18
60
9
14
9
94
9
44
9
99
19
31
9
94
9
64
9
34
19
34
9
64
9
44
9
14
19
61
9
14
9
64
19
62
9
44
9
64
9
64
9
94
9
94
17
89
9
94
9
34
9
94
9
99
9
64
9
99
9
14
0
59
19
64
9
86
9
14
9
99
9
74
18
60
19
91
16
28
19
64
9
34
9
64
19
91
19
32
9
64
9
14
18
60
19
63
4
9
18
90
9
34
9
14
9
99
9
99
9
14
9
14
19
91
9
74
19
33
9
64
9
14
9
34
19
94
9
99
19
62
9
64
18
60
9
99
9
74
0
10
9
74
9
44
9
34
9
74
9
64
19
92
9
44
18
90
9
74
9
64
9
44
9
74
9
94
9
44
3
29
9
64
19
33
18
30
9
94
9
34
9
94
9
34
18
90
9
99
9
14
9
64
9
74
9
94
16
58
9
44
9
64
9
99
19
32
9
99
9
44
19
61
9
99
9
28
9
34
9
44
9
14
19
31
9
64
9
14
9
64
9
99
9
94
9
99
9
37
19
93
9
99
9
94
9
64
9
99
9
94
19
92
4
49
9
94
9
14
9
94
19
93
9
34
9
14
9
64
9
74
9
64
9
44
9
99
9
99
9
44
2
9
9
64
9
14
18
90
18
90
9
44
9
94
9
74
9
14
19
62
19
92
9
34
1
39
9
34
9
74
9
14
9
74
0
80
9
74
9
71
1
51
9
74
9
99
0
50
9
14
19
31
18
60
19
62
9
94
9
34
9
74
18
60
9
99
0
10
9
99
0
0
19
32
17
29
19
33
9
64
0
49
19
34
9
34
9
34
19
91
9
99
9
44
9
18
17
29
9
44
9
34
9
94
9
64
9
64
9
34
9
94
16
28
19
61
0
91
9
99
9
74
9
74
9
94
9
99
19
62
9
99
9
99
