4
46
4
93
1
14
0
20
0
10
3
31
2
97
1
81
4
34
0
61
0
56
2
85
2
41
1
34
2
59
4
24
0
25
1
72
2
3
3
5
2
6
3
91
3
21
4
33
0
62
3
25
4
73
4
63
2
82
2
31
4
71
0
24
0
21
3
49
1
18
0
5
4
73
4
50
2
76
2
51
1
2
2
39
2
9
1
45
2
88
1
94
1
47
4
0
2
49
1
88
0
71
3
52
2
21
2
49
3
69
2
45
3
70
0
1
4
76
1
56
3
15
2
68
3
76
3
0
4
38
4
51
2
25
1
90
0
19
1
67
4
67
3
57
1
73
1
7
0
63
1
32
0
38
4
6
2
46
1
35
1
39
1
71
3
28
0
27
1
18
1
58
0
76
4
77
1
86
0
45
4
37
3
19
1
18
4
79
1
23
0
52
4
68
1
33
1
17
1
62
1
14
0
3
1
42
0
84
2
48
0
27
0
80
0
45
3
1
4
28
3
33
1
13
3
11
2
76
1
22
3
59
3
94
2
28
0
3
1
92
2
39
0
7
2
1
2
58
1
17
2
1
1
46
4
32
1
16
0
56
4
72
4
26
2
69
4
84
1
41
2
51
0
48
0
51
0
49
0
73
1
43
4
44
0
52
1
70
1
72
1
30
3
73
3
64
2
28
0
34
1
5
1
60
2
18
2
25
2
62
0
0
0
51
1
86
0
2
3
67
4
38
0
66
4
40
3
96
1
81
3
19
3
45
0
62
0
51
2
79
3
22
4
22
3
84
1
51
2
84
3
97
2
90
3
23
3
54
0
17
0
29
4
67
0
72
2
21
1
12
4
32
4
39
3
52
3
33
2
91
3
42
2
70
2
44
4
15
1
66
0
90
1
97
0
71
1
1
4
91
0
47
3
10
1
12
0
24
4
42
4
65
1
75
4
89
2
56
0
17
3
6
3
51
0
63
4
38
4
51
3
81
0
83
4
45
0
90
1
12
1
78
0
18
0
19
0
26
3
90
0
52
3
30
4
14
4
56
0
53
3
69
4
40
4
16
2
31
3
94
2
22
3
3
2
92
0
66
2
78
0
68
3
55
4
14
0
71
0
14
3
22
2
89
0
72
3
4
0
62
1
56
4
71
2
65
3
2
1
1
4
22
4
82
1
98
0
8
0
86
3
88
2
31
4
75
4
85
4
75
2
15
3
96
3
45
3
96
2
41
2
98
3
70
4
73
4
71
1
94
4
99
2
53
1
82
1
10
4
89
4
92
0
70
2
57
4
58
4
5
0
94
1
42
0
80
0
80
2
15
2
14
4
75
3
37
0
6
0
78
4
47
1
6
2
42
3
27
2
91
1
0
4
58
0
8
1
56
3
59
3
62
4
99
0
44
0
85
0
80
4
60
2
22
0
64
3
70
0
84
2
20
1
73
2
9
1
3
4
62
2
67
3
15
4
64
1
50
1
26
0
31
4
23
2
39
2
10
0
79
0
56
0
18
3
6
4
42
2
32
2
76
4
27
0
2
0
62
4
89
2
91
2
36
4
16
4
40
4
41
2
29
0
11
0
97
4
30
3
86
0
92
3
74
4
10
2
35
2
93
4
80
1
38
2
2
2
84
4
64
3
58
4
40
0
64
1
48
1
84
2
77
1
53
1
50
1
49
3
15
2
85
3
2
4
6
4
72
4
97
2
91
3
90
1
57
4
88
1
70
3
69
4
58
3
74
0
41
1
51
3
71
1
73
4
68
3
39
3
36
4
5
1
94
3
24
2
42
0
59
1
13
3
87
0
22
3
55
1
48
0
68
4
86
4
65
0
36
0
42
4
28
4
90
0
94
4
43
3
80
3
68
0
39
4
92
3
80
4
58
1
96
1
68
0
79
4
20
2
45
0
6
2
11
0
95
3
84
4
72
3
8
1
94
2
36
2
11
0
55
4
89
0
5
4
21
2
24
2
51
4
99
3
66
4
17
0
65
2
63
3
89
0
61
2
83
4
75
2
90
2
60
2
42
0
38
2
83
4
16
2
39
3
43
2
90
0
69
4
42
2
10
2
18
0
38
1
85
4
35
1
83
4
54
1
76
4
97
2
25
2
74
3
88
0
65
1
18
1
25
3
33
2
32
3
7
4
2
0
15
4
53
2
22
1
70
3
67
2
54
2
45
0
17
4
26
4
16
4
16
4
20
3
23
3
56
4
1
4
43
0
77
2
57
3
28
1
7
0
41
2
62
3
82
2
10
0
13
0
58
3
70
0
85
2
14
1
45
2
38
3
96
1
64
2
88
4
44
3
32
1
7
3
0
3
45
4
26
4
51
2
69
3
73
3
50
2
63
3
7
3
99
3
38
3
24
1
16
4
65
1
26
0
73
2
81
2
65
3
47
0
51
1
93
1
57
2
97
3
63
2
16
1
0
3
46
1
64
2
15
1
87
1
99
0
0
2
59
0
17
3
79
2
20
1
57
4
49
1
28
2
2
3
65
1
71
0
0
3
39
4
78
1
3
1
27
3
92
3
73
1
16
2
68
2
68
0
98
1
68
1
81
3
0
0
17
2
22
4
7
2
10
0
22
0
81
1
38
0
93
3
56
2
88
4
13
0
39
3
69
3
16
3
32
2
5
4
53
2
11
2
86
4
39
2
25
3
77
1
60
1
35
2
16
1
96
2
65
0
25
0
45
3
33
1
49
3
81
2
70
2
55
3
35
4
2
3
38
4
47
3
20
2
79
4
3
1
94
1
31
2
73
0
24
4
94
1
47
2
37
2
53
4
71
2
32
1
99
4
37
2
60
1
41
4
92
0
86
2
90
1
6
1
5
2
68
3
57
0
45
2
5
2
60
1
55
3
47
0
28
4
48
4
71
4
87
1
98
4
28
0
7
4
42
3
81
1
3
0
88
3
91
1
42
2
40
1
64
1
93
1
10
2
32
3
13
0
68
4
8
3
62
4
73
2
74
4
51
3
84
3
19
3
1
4
12
3
97
4
86
3
67
1
33
0
63
2
52
1
39
3
75
1
98
1
21
3
47
4
64
3
70
4
59
3
17
2
3
4
39
0
70
0
34
0
17
2
0
1
52
2
7
3
96
2
74
1
40
4
30
4
49
0
5
4
77
2
56
1
5
3
69
4
85
3
31
3
42
3
26
4
86
0
52
2
98
4
79
2
96
1
3
2
18
4
23
4
79
4
77
0
1
2
36
1
44
0
35
4
99
0
94
4
6
3
64
1
74
0
45
4
98
0
47
4
12
0
27
3
6
3
59
2
68
1
92
3
2
0
52
2
32
4
49
2
98
4
47
0
98
3
14
0
22
3
56
4
1
1
40
1
41
0
54
3
72
2
42
0
66
0
66
0
75
1
36
1
42
0
26
2
41
2
54
4
10
1
6
3
98
0
24
1
76
2
37
2
92
4
72
0
66
0
56
0
96
1
98
0
89
2
20
3
25
4
71
3
71
1
87
0
32
0
27
1
70
2
53
1
86
2
73
4
77
0
41
4
69
2
76
1
35
3
44
1
17
0
10
2
4
1
2
0
61
0
32
4
96
0
10
4
94
3
36
4
40
0
48
2
0
0
81
3
31
4
93
2
13
2
87
3
55
3
20
4
17
2
57
0
39
1
1
3
43
3
2
1
59
2
45
4
33
4
51
2
57
4
85
4
81
2
71
0
85
3
28
0
85
3
94
1
52
2
93
0
7
0
59
4
49
1
86
2
5
2
95
0
66
3
42
1
78
4
10
4
48
1
29
2
53
3
73
2
16
3
55
1
6
3
42
4
45
4
7
0
77
1
26
1
9
3
97
3
99
3
2
3
2
1
73
0
62
3
17
4
50
4
6
4
26
4
77
3
96
2
47
1
54
0
42
4
92
0
62
0
10
0
68
2
34
4
28
1
62
1
57
4
74
4
38
2
72
4
68
0
57
2
37
1
67
4
85
4
39
3
22
2
51
3
19
0
13
1
81
3
20
1
88
0
26
0
72
3
99
4
2
3
54
1
62
1
87
3
40
3
39
1
56
1
91
2
15
0
95
0
37
1
45
0
99
3
28
1
29
4
38
3
3
1
14
3
53
4
3
2
55
1
97
4
87
3
95
3
37
3
78
2
98
0
89
1
57
3
95
4
86
3
74
4
45
3
85
2
3
3
83
3
79
2
21
4
5
2
58
3
63
2
58
0
39
1
98
0
91
4
31
2
3
3
52
2
1
0
79
2
72
2
32
2
88
0
67
3
3
2
46
2
76
4
29
0
36
1
23
2
65
1
5
3
65
0
80
3
61
1
71
0
51
4
65
2
95
0
50
4
0
1
17
0
42
2
46
0
89
3
21
1
60
0
47
3
94
0
10
2
91
0
0
2
17
4
11
3
17
2
56
0
49
4
19
2
29
3
22
1
79
4
92
1
38
3
18
1
11
0
32
2
27
3
83
3
56
4
59
2
29
2
87
1
10
1
44
0
91
2
98
2
69
0
69
4
85
4
94
2
45
2
95
2
97
