19
61
9
99
16
28
0
20
0
10
9
44
9
99
9
94
9
44
9
74
9
64
9
94
14
56
9
44
9
64
9
34
9
34
15
87
9
14
9
14
9
14
9
99
9
34
9
44
9
74
9
34
16
88
9
74
9
94
9
44
14
86
9
34
9
34
18
60
16
28
9
14
16
88
9
64
17
89
9
64
9
14
9
44
9
14
16
58
9
94
9
99
16
58
9
14
17
59
9
94
14
86
9
64
9
34
17
59
9
74
17
59
13
85
9
14
19
91
9
64
18
30
9
74
18
90
9
14
9
44
9
64
9
34
9
99
15
27
9
74
9
74
9
64
16
88
9
14
9
74
9
44
9
44
9
14
17
59
9
44
9
44
14
86
9
34
9
34
16
28
9
64
15
87
19
91
9
94
15
57
9
44
18
30
16
28
19
91
9
34
9
64
9
74
9
44
16
28
9
74
16
28
9
14
15
57
9
94
17
59
9
34
0
80
15
57
9
14
9
34
9
44
16
28
14
26
17
89
9
34
9
64
9
99
9
34
9
14
9
99
9
44
9
14
9
14
9
64
16
28
9
14
16
58
9
44
16
28
9
64
15
87
9
34
9
74
9
94
14
56
9
64
15
57
9
64
15
57
15
87
16
58
17
59
9
64
13
85
15
87
9
44
16
88
9
74
9
34
9
44
9
14
9
74
17
29
9
34
9
74
0
0
9
64
9
94
9
14
9
74
9
44
9
74
13
55
9
99
9
94
18
30
18
60
9
74
9
64
17
89
9
34
9
34
9
94
9
64
9
94
9
99
9
99
9
34
9
64
15
27
9
28
9
74
15
87
9
34
15
27
9
44
9
44
9
64
9
44
9
99
9
36
13
85
17
59
18
30
9
74
0
90
9
99
14
86
9
14
9
99
15
57
13
25
15
27
9
34
15
57
9
74
16
88
9
94
9
64
15
27
9
14
9
64
9
74
9
44
9
64
9
94
9
94
18
60
0
90
15
27
16
88
15
27
15
27
9
34
9
99
9
64
9
44
17
29
9
64
9
64
9
74
13
55
19
31
9
44
9
99
9
34
9
14
9
99
9
74
17
89
9
74
9
64
17
29
14
86
15
27
9
34
9
94
15
87
9
14
9
74
9
64
14
86
9
74
9
14
9
14
9
34
9
94
9
99
9
14
9
94
9
94
9
44
18
90
9
94
18
90
17
29
3
99
18
60
9
99
14
56
9
99
13
85
16
88
14
86
9
99
9
99
9
64
9
94
13
25
9
94
9
99
0
70
9
64
9
64
9
14
9
99
15
57
0
80
0
80
17
29
17
29
18
90
9
44
9
14
15
87
19
61
9
14
15
57
9
34
9
99
9
14
9
64
9
14
9
64
9
64
9
74
9
99
15
57
9
94
0
80
9
74
9
34
0
64
13
85
9
94
9
34
16
88
9
14
9
14
9
74
9
74
3
19
9
74
9
64
9
34
9
44
9
34
9
44
13
25
15
87
9
64
15
27
9
14
15
57
9
44
17
89
9
34
9
14
9
74
9
94
9
99
9
44
19
31
13
55
14
56
9
34
14
26
9
99
9
44
9
94
0
92
17
89
13
25
9
44
9
99
9
94
9
44
9
14
9
94
9
74
9
64
13
55
9
74
16
58
9
94
17
89
9
64
9
64
9
48
18
30
9
94
9
14
9
14
4
79
9
99
9
99
9
99
9
64
9
94
13
85
9
74
9
64
17
89
14
56
9
64
14
86
16
88
9
74
9
44
9
44
9
14
9
99
9
34
15
57
9
64
16
28
9
94
1
29
9
64
16
58
9
74
9
94
9
74
9
44
15
57
9
34
9
99
9
93
16
58
9
94
9
74
9
44
9
99
9
94
9
64
9
99
9
74
15
87
9
34
17
59
9
14
14
26
9
99
9
94
15
87
9
14
9
99
9
44
14
26
9
64
9
94
9
14
9
34
9
34
9
64
9
99
9
74
19
31
8
65
9
74
9
94
9
74
9
94
18
90
9
99
9
74
15
57
9
44
9
94
19
31
9
44
16
58
9
99
9
74
15
57
13
25
17
29
9
44
9
94
9
44
9
94
4
59
9
66
9
99
9
34
17
89
9
94
9
74
16
28
9
34
9
44
9
44
9
14
9
14
15
27
9
64
9
34
13
85
3
69
9
64
17
59
15
27
9
34
19
31
19
31
9
34
9
34
9
64
9
14
16
58
15
87
9
64
9
34
9
14
14
56
9
74
9
94
13
25
15
27
9
64
13
85
9
94
17
29
16
58
2
39
9
99
9
74
9
94
17
59
9
44
9
14
9
14
18
60
9
34
9
64
9
74
16
88
9
64
9
74
9
14
9
99
9
44
9
34
16
28
9
74
9
34
15
87
9
94
9
74
18
60
9
64
9
99
9
64
9
99
9
74
17
29
9
14
3
49
9
74
17
29
1
89
9
99
0
0
9
64
15
27
3
79
9
34
9
64
19
61
9
28
9
14
9
74
14
86
0
0
9
44
19
91
9
14
9
34
9
99
16
88
16
28
9
74
9
74
9
99
9
74
9
94
9
14
15
27
9
34
9
14
13
25
9
34
9
94
9
38
9
99
9
64
2
89
16
28
9
44
9
74
18
30
9
44
9
14
9
64
14
26
9
94
9
44
9
34
18
90
9
74
9
44
17
29
1
99
9
74
9
34
15
57
9
44
16
58
9
94
13
85
9
64
9
44
9
14
9
44
19
61
9
34
17
89
9
14
9
99
9
44
16
88
9
34
9
94
16
58
9
44
9
64
14
86
9
44
9
99
9
44
9
74
14
56
9
99
9
94
9
99
9
14
9
14
9
68
9
64
15
57
2
9
9
74
9
64
18
60
9
34
19
61
14
86
9
94
9
99
9
34
9
14
15
57
9
94
9
14
9
94
9
99
15
57
13
55
9
74
9
99
13
25
9
44
16
28
9
74
9
14
9
74
16
88
17
89
9
64
9
94
18
30
9
14
15
27
9
99
9
94
9
74
9
44
9
74
9
46
1
39
18
90
9
99
9
34
18
60
9
74
13
85
9
64
18
30
9
14
9
39
0
70
9
44
15
27
9
14
9
64
9
14
9
99
17
89
13
55
9
44
19
61
9
14
19
91
9
64
9
14
9
74
9
94
9
44
15
57
9
34
9
94
9
64
9
99
19
91
9
99
9
14
17
29
9
34
19
91
19
91
9
14
9
44
16
58
9
44
9
99
9
99
9
14
9
74
16
88
0
45
9
99
15
57
15
27
9
34
9
14
3
59
9
74
9
99
3
9
9
64
9
44
19
61
9
99
19
61
9
86
17
29
9
34
9
64
9
14
13
55
14
56
9
64
15
87
15
57
9
74
9
74
15
87
9
44
15
57
9
34
14
56
9
64
4
19
9
14
9
99
9
34
16
88
9
44
9
99
15
87
1
69
9
64
9
99
9
99
9
94
9
34
9
34
14
86
14
86
9
94
9
44
9
34
13
85
9
64
9
94
16
88
19
91
9
41
9
74
17
89
9
44
17
59
16
28
0
10
9
14
9
14
9
74
9
44
9
99
0
10
9
99
9
44
4
41
15
57
9
14
9
94
9
44
9
99
16
28
9
94
9
64
9
34
19
31
9
64
9
44
9
14
16
58
9
14
9
64
17
59
9
44
9
64
9
64
9
94
9
94
14
86
9
94
9
34
9
94
9
99
9
64
9
99
9
14
0
59
19
61
9
86
9
14
9
99
9
74
15
57
16
88
13
25
19
61
9
34
9
64
16
88
17
29
9
64
9
14
15
57
18
60
4
9
15
87
9
34
9
14
9
99
9
99
9
14
9
14
16
88
9
74
18
30
9
64
9
14
9
34
19
91
9
99
17
59
9
64
15
57
9
99
9
74
0
10
9
74
9
44
9
34
9
74
9
64
17
89
9
44
15
87
9
74
9
64
9
44
9
74
9
94
9
44
3
29
9
64
18
30
15
27
9
94
9
34
9
94
9
34
15
87
9
99
9
14
9
64
9
74
9
94
13
55
9
44
9
64
9
99
17
29
9
99
9
44
16
58
9
99
9
28
9
34
9
44
9
14
16
28
9
64
9
14
9
64
9
99
9
94
9
99
9
37
18
90
9
99
9
94
9
64
9
99
9
94
17
89
4
49
9
94
9
14
9
94
18
90
9
34
9
14
9
64
9
74
9
64
9
44
9
99
9
99
9
44
2
9
9
64
9
14
15
87
15
87
9
44
9
94
9
74
9
14
17
59
17
89
9
34
1
39
9
34
9
74
9
14
9
74
0
80
9
74
9
71
1
51
9
74
9
99
0
50
9
14
16
28
15
57
17
59
9
94
9
34
9
74
15
57
9
99
0
10
9
99
0
0
17
29
14
26
18
30
9
64
0
49
19
31
9
34
9
34
16
88
9
99
9
44
9
18
14
26
9
44
9
34
9
94
9
64
9
64
9
34
9
94
13
25
16
58
0
91
9
99
9
74
9
74
9
94
9
99
17
59
9
99
9
99
