18
60
9
99
15
27
0
20
0
10
9
44
9
99
9
94
9
44
9
74
9
64
9
94
13
55
9
44
9
64
9
34
9
34
14
86
9
14
9
14
9
14
9
99
9
34
9
44
9
74
9
34
15
87
9
74
9
94
9
44
13
85
9
34
9
34
17
59
15
27
9
14
15
87
9
64
16
88
9
64
9
14
9
44
9
14
15
57
9
94
9
99
15
57
9
14
16
58
9
94
13
85
9
64
9
34
16
58
9
74
16
58
12
84
9
14
18
90
9
64
17
29
9
74
17
89
9
14
9
44
9
64
9
34
9
99
14
26
9
74
9
74
9
64
15
87
9
14
9
74
9
44
9
44
9
14
16
58
9
44
9
44
13
85
9
34
9
34
15
27
9
64
14
86
18
90
9
94
14
56
9
44
17
29
15
27
18
90
9
34
9
64
9
74
9
44
15
27
9
74
15
27
9
14
14
56
9
94
16
58
9
34
0
80
14
56
9
14
9
34
9
44
15
27
13
25
16
88
9
34
9
64
9
99
9
34
9
14
9
99
9
44
9
14
9
14
9
64
15
27
9
14
15
57
9
44
15
27
9
64
14
86
9
34
9
74
9
94
13
55
9
64
14
56
9
64
14
56
14
86
15
57
16
58
9
64
12
84
14
86
9
44
15
87
9
74
9
34
9
44
9
14
9
74
16
28
9
34
9
74
0
0
9
64
9
94
9
14
9
74
9
44
9
74
12
54
9
99
9
94
17
29
17
59
9
74
9
64
16
88
9
34
9
34
9
94
9
64
9
94
9
99
9
99
9
34
9
64
14
26
9
28
9
74
14
86
9
34
14
26
9
44
9
44
9
64
9
44
9
99
9
36
12
84
16
58
17
29
9
74
0
90
9
99
13
85
9
14
9
99
14
56
12
24
14
26
9
34
14
56
9
74
15
87
9
94
9
64
14
26
9
14
9
64
9
74
9
44
9
64
9
94
9
94
17
59
0
90
14
26
15
87
14
26
14
26
9
34
9
99
9
64
9
44
16
28
9
64
9
64
9
74
12
54
18
30
9
44
9
99
9
34
9
14
9
99
9
74
16
88
9
74
9
64
16
28
13
85
14
26
9
34
9
94
14
86
9
14
9
74
9
64
13
85
9
74
9
14
9
14
9
34
9
94
9
99
9
14
9
94
9
94
9
44
17
89
9
94
17
89
16
28
3
99
17
59
9
99
13
55
9
99
12
84
15
87
13
85
9
99
9
99
9
64
9
94
12
24
9
94
9
99
0
70
9
64
9
64
9
14
9
99
14
56
0
80
0
80
16
28
16
28
17
89
9
44
9
14
14
86
18
60
9
14
14
56
9
34
9
99
9
14
9
64
9
14
9
64
9
64
9
74
9
99
14
56
9
94
0
80
9
74
9
34
0
64
12
84
9
94
9
34
15
87
9
14
9
14
9
74
9
74
3
19
9
74
9
64
9
34
9
44
9
34
9
44
12
24
14
86
9
64
14
26
9
14
14
56
9
44
16
88
9
34
9
14
9
74
9
94
9
99
9
44
18
30
12
54
13
55
9
34
13
25
9
99
9
44
9
94
0
92
16
88
12
24
9
44
9
99
9
94
9
44
9
14
9
94
9
74
9
64
12
54
9
74
15
57
9
94
16
88
9
64
9
64
9
48
17
29
9
94
9
14
9
14
4
79
9
99
9
99
9
99
9
64
9
94
12
84
9
74
9
64
16
88
13
55
9
64
13
85
15
87
9
74
9
44
9
44
9
14
9
99
9
34
14
56
9
64
15
27
9
94
1
29
9
64
15
57
9
74
9
94
9
74
9
44
14
56
9
34
9
99
9
93
15
57
9
94
9
74
9
44
9
99
9
94
9
64
9
99
9
74
14
86
9
34
16
58
9
14
13
25
9
99
9
94
14
86
9
14
9
99
9
44
13
25
9
64
9
94
9
14
9
34
9
34
9
64
9
99
9
74
18
30
8
65
9
74
9
94
9
74
9
94
17
89
9
99
9
74
14
56
9
44
9
94
18
30
9
44
15
57
9
99
9
74
14
56
12
24
16
28
9
44
9
94
9
44
9
94
4
59
9
66
9
99
9
34
16
88
9
94
9
74
15
27
9
34
9
44
9
44
9
14
9
14
14
26
9
64
9
34
12
84
3
69
9
64
16
58
14
26
9
34
18
30
18
30
9
34
9
34
9
64
9
14
15
57
14
86
9
64
9
34
9
14
13
55
9
74
9
94
12
24
14
26
9
64
12
84
9
94
16
28
15
57
2
39
9
99
9
74
9
94
16
58
9
44
9
14
9
14
17
59
9
34
9
64
9
74
15
87
9
64
9
74
9
14
9
99
9
44
9
34
15
27
9
74
9
34
14
86
9
94
9
74
17
59
9
64
9
99
9
64
9
99
9
74
16
28
9
14
3
49
9
74
16
28
1
89
9
99
0
0
9
64
14
26
3
79
9
34
9
64
18
60
9
28
9
14
9
74
13
85
0
0
9
44
18
90
9
14
9
34
9
99
15
87
15
27
9
74
9
74
9
99
9
74
9
94
9
14
14
26
9
34
9
14
12
24
9
34
9
94
9
38
9
99
9
64
2
89
15
27
9
44
9
74
17
29
9
44
9
14
9
64
13
25
9
94
9
44
9
34
17
89
9
74
9
44
16
28
1
99
9
74
9
34
14
56
9
44
15
57
9
94
12
84
9
64
9
44
9
14
9
44
18
60
9
34
16
88
9
14
9
99
9
44
15
87
9
34
9
94
15
57
9
44
9
64
13
85
9
44
9
99
9
44
9
74
13
55
9
99
9
94
9
99
9
14
9
14
9
68
9
64
14
56
2
9
9
74
9
64
17
59
9
34
18
60
13
85
9
94
9
99
9
34
9
14
14
56
9
94
9
14
9
94
9
99
14
56
12
54
9
74
9
99
12
24
9
44
15
27
9
74
9
14
9
74
15
87
16
88
9
64
9
94
17
29
9
14
14
26
9
99
9
94
9
74
9
44
9
74
9
46
1
39
17
89
9
99
9
34
17
59
9
74
12
84
9
64
17
29
9
14
9
39
0
70
9
44
14
26
9
14
9
64
9
14
9
99
16
88
12
54
9
44
18
60
9
14
18
90
9
64
9
14
9
74
9
94
9
44
14
56
9
34
9
94
9
64
9
99
18
90
9
99
9
14
16
28
9
34
18
90
18
90
9
14
9
44
15
57
9
44
9
99
9
99
9
14
9
74
15
87
0
45
9
99
14
56
14
26
9
34
9
14
3
59
9
74
9
99
3
9
9
64
9
44
18
60
9
99
18
60
9
86
16
28
9
34
9
64
9
14
12
54
13
55
9
64
14
86
14
56
9
74
9
74
14
86
9
44
14
56
9
34
13
55
9
64
4
19
9
14
9
99
9
34
15
87
9
44
9
99
14
86
1
69
9
64
9
99
9
99
9
94
9
34
9
34
13
85
13
85
9
94
9
44
9
34
12
84
9
64
9
94
15
87
18
90
9
41
9
74
16
88
9
44
16
58
15
27
0
10
9
14
9
14
9
74
9
44
9
99
0
10
9
99
9
44
4
41
14
56
9
14
9
94
9
44
9
99
15
27
9
94
9
64
9
34
18
30
9
64
9
44
9
14
15
57
9
14
9
64
16
58
9
44
9
64
9
64
9
94
9
94
13
85
9
94
9
34
9
94
9
99
9
64
9
99
9
14
0
59
18
60
9
86
9
14
9
99
9
74
14
56
15
87
12
24
18
60
9
34
9
64
15
87
16
28
9
64
9
14
14
56
17
59
4
9
14
86
9
34
9
14
9
99
9
99
9
14
9
14
15
87
9
74
17
29
9
64
9
14
9
34
18
90
9
99
16
58
9
64
14
56
9
99
9
74
0
10
9
74
9
44
9
34
9
74
9
64
16
88
9
44
14
86
9
74
9
64
9
44
9
74
9
94
9
44
3
29
9
64
17
29
14
26
9
94
9
34
9
94
9
34
14
86
9
99
9
14
9
64
9
74
9
94
12
54
9
44
9
64
9
99
16
28
9
99
9
44
15
57
9
99
9
28
9
34
9
44
9
14
15
27
9
64
9
14
9
64
9
99
9
94
9
99
9
37
17
89
9
99
9
94
9
64
9
99
9
94
16
88
4
49
9
94
9
14
9
94
17
89
9
34
9
14
9
64
9
74
9
64
9
44
9
99
9
99
9
44
2
9
9
64
9
14
14
86
14
86
9
44
9
94
9
74
9
14
16
58
16
88
9
34
1
39
9
34
9
74
9
14
9
74
0
80
9
74
9
71
1
51
9
74
9
99
0
50
9
14
15
27
14
56
16
58
9
94
9
34
9
74
14
56
9
99
0
10
9
99
0
0
16
28
13
25
17
29
9
64
0
49
18
30
9
34
9
34
15
87
9
99
9
44
9
18
13
25
9
44
9
34
9
94
9
64
9
64
9
34
9
94
12
24
15
57
0
91
9
99
9
74
9
74
9
94
9
99
16
58
9
99
9
99
