14
56
9
99
11
23
0
20
0
10
9
41
9
99
9
91
9
44
9
71
9
62
9
94
9
51
9
43
9
64
9
34
9
32
10
82
9
13
9
14
9
14
9
99
9
31
9
43
9
72
9
34
11
83
9
73
9
92
9
41
9
81
9
32
9
31
13
55
11
23
9
12
11
83
9
60
12
84
9
61
9
12
9
44
9
14
11
53
9
94
9
99
11
53
9
10
12
54
9
93
9
81
9
62
9
31
12
54
9
74
12
54
9
80
9
11
14
86
9
63
13
25
9
74
13
85
9
10
9
44
9
61
9
34
9
99
10
22
9
73
9
74
9
64
11
83
9
13
9
72
9
42
9
42
9
14
12
54
9
43
9
43
9
81
9
34
9
32
11
23
9
63
10
82
14
86
9
93
10
52
9
44
13
25
11
23
14
86
9
33
9
62
9
74
9
43
11
23
9
72
11
23
9
12
10
52
9
92
12
54
9
32
0
80
10
52
9
11
9
34
9
43
11
23
9
21
12
84
9
32
9
64
9
99
9
34
9
12
9
99
9
44
9
12
9
11
9
64
11
23
9
11
11
53
9
42
11
23
9
62
10
82
9
34
9
74
9
94
9
51
9
61
10
52
9
61
10
52
10
82
11
53
12
54
9
62
9
80
10
82
9
40
11
83
9
74
9
34
9
42
9
13
9
70
12
24
9
34
9
72
0
0
9
61
9
93
9
12
9
74
9
44
9
72
9
50
9
99
9
91
13
25
13
55
9
72
9
61
12
84
9
32
9
32
9
94
9
61
9
94
9
99
9
99
9
33
9
64
10
22
9
28
9
74
10
82
9
31
10
22
9
42
9
44
9
62
9
43
9
99
9
36
9
80
12
54
13
25
9
73
0
90
9
99
9
81
9
11
9
99
10
52
9
20
10
22
9
32
10
52
9
74
11
83
9
94
9
64
10
22
9
14
9
61
9
72
9
44
9
61
9
91
9
92
13
55
0
90
10
22
11
83
10
22
10
22
9
32
9
99
9
62
9
40
12
24
9
64
9
62
9
74
9
50
14
26
9
41
9
99
9
32
9
13
9
99
9
72
12
84
9
72
9
64
12
24
9
81
10
22
9
32
9
94
10
82
9
14
9
72
9
63
9
81
9
74
9
12
9
11
9
32
9
92
9
99
9
12
9
92
9
94
9
41
13
85
9
94
13
85
12
24
3
99
13
55
9
99
9
51
9
99
9
80
11
83
9
81
9
99
9
99
9
63
9
92
9
20
9
94
9
99
0
70
9
64
9
64
9
14
9
99
10
52
0
80
0
80
12
24
12
24
13
85
9
44
9
12
10
82
14
56
9
13
10
52
9
34
9
99
9
10
9
64
9
12
9
63
9
64
9
72
9
99
10
52
9
92
0
80
9
70
9
32
0
64
9
80
9
92
9
30
11
83
9
14
9
13
9
72
9
74
3
19
9
74
9
60
9
33
9
41
9
33
9
44
9
20
10
82
9
62
10
22
9
14
10
52
9
42
12
84
9
34
9
12
9
72
9
94
9
99
9
44
14
26
9
50
9
51
9
34
9
21
9
99
9
40
9
94
0
92
12
84
9
20
9
44
9
99
9
90
9
43
9
12
9
94
9
74
9
64
9
50
9
72
11
53
9
93
12
84
9
63
9
60
9
48
13
25
9
94
9
12
9
14
4
79
9
99
9
99
9
99
9
63
9
94
9
80
9
74
9
64
12
84
9
51
9
61
9
81
11
83
9
74
9
44
9
44
9
14
9
99
9
34
10
52
9
62
11
23
9
94
1
29
9
64
11
53
9
72
9
94
9
74
9
42
10
52
9
34
9
99
9
93
11
53
9
90
9
74
9
42
9
99
9
90
9
64
9
99
9
73
10
82
9
30
12
54
9
12
9
21
9
99
9
94
10
82
9
14
9
99
9
44
9
21
9
62
9
94
9
12
9
31
9
34
9
61
9
99
9
74
14
26
8
65
9
73
9
94
9
71
9
93
13
85
9
99
9
70
10
52
9
42
9
93
14
26
9
44
11
53
9
99
9
72
10
52
9
20
12
24
9
42
9
93
9
44
9
93
4
59
9
67
9
99
9
34
12
84
9
94
9
72
11
23
9
33
9
43
9
42
9
14
9
12
10
22
9
63
9
32
9
80
3
69
9
64
12
54
10
22
9
34
14
26
14
26
9
30
9
33
9
64
9
11
11
53
10
82
9
64
9
34
9
13
9
51
9
72
9
92
9
20
10
22
9
62
9
80
9
92
12
24
11
53
2
39
9
99
9
73
9
94
12
54
9
42
9
13
9
10
13
55
9
34
9
61
9
74
11
83
9
60
9
73
9
14
9
99
9
44
9
34
11
23
9
74
9
33
10
82
9
91
9
74
13
55
9
61
9
99
9
63
9
99
9
73
12
24
9
10
3
49
9
73
12
24
1
89
9
99
0
0
9
64
10
22
3
79
9
30
9
63
14
56
9
28
9
12
9
74
9
81
0
0
9
44
14
86
9
13
9
33
9
99
11
83
11
23
9
74
9
74
9
99
9
73
9
91
9
10
10
22
9
32
9
14
9
20
9
32
9
91
9
38
9
99
9
64
2
89
11
23
9
42
9
74
13
25
9
42
9
14
9
63
9
21
9
94
9
44
9
34
13
85
9
70
9
43
12
24
1
99
9
74
9
32
10
52
9
43
11
53
9
91
9
80
9
64
9
44
9
12
9
44
14
56
9
30
12
84
9
13
9
99
9
41
11
83
9
32
9
94
11
53
9
44
9
63
9
81
9
42
9
99
9
44
9
70
9
51
9
99
9
92
9
99
9
13
9
13
9
68
9
64
10
52
2
9
9
70
9
63
13
55
9
32
14
56
9
81
9
94
9
99
9
34
9
12
10
52
9
91
9
13
9
92
9
99
10
52
9
50
9
73
9
99
9
20
9
42
11
23
9
72
9
14
9
72
11
83
12
84
9
61
9
94
13
25
9
11
10
22
9
99
9
94
9
74
9
43
9
72
9
46
1
39
13
85
9
99
9
31
13
55
9
74
9
80
9
64
13
25
9
13
9
39
0
70
9
42
10
22
9
10
9
62
9
14
9
99
12
84
9
50
9
40
14
56
9
12
14
86
9
64
9
13
9
74
9
94
9
41
10
52
9
34
9
94
9
62
9
99
14
86
9
99
9
13
12
24
9
33
14
86
14
86
9
11
9
44
11
53
9
42
9
99
9
99
9
14
9
74
11
83
0
45
9
99
10
52
10
22
9
32
9
14
3
59
9
74
9
99
3
9
9
62
9
42
14
56
9
99
14
56
9
88
12
24
9
32
9
64
9
11
9
50
9
51
9
62
10
82
10
52
9
72
9
72
10
82
9
43
10
52
9
32
9
51
9
64
4
19
9
13
9
99
9
32
11
83
9
44
9
99
10
82
1
69
9
62
9
99
9
99
9
92
9
30
9
34
9
81
9
81
9
93
9
42
9
32
9
80
9
63
9
93
11
83
14
86
9
41
9
74
12
84
9
43
12
54
11
23
0
10
9
14
9
12
9
71
9
42
9
99
0
10
9
99
9
44
4
41
10
52
9
10
9
91
9
41
9
99
11
23
9
94
9
64
9
30
14
26
9
64
9
42
9
11
11
53
9
12
9
63
12
54
9
43
9
61
9
64
9
94
9
91
9
81
9
92
9
34
9
92
9
99
9
62
9
99
9
12
0
59
14
56
9
86
9
14
9
99
9
72
10
52
11
83
9
20
14
56
9
33
9
63
11
83
12
24
9
64
9
13
10
52
13
55
4
9
10
82
9
33
9
13
9
99
9
99
9
12
9
12
11
83
9
72
13
25
9
60
9
14
9
34
14
86
9
99
12
54
9
63
10
52
9
99
9
72
0
10
9
72
9
44
9
34
9
72
9
63
12
84
9
44
10
82
9
74
9
62
9
44
9
73
9
94
9
44
3
29
9
61
13
25
10
22
9
91
9
30
9
93
9
32
10
82
9
99
9
12
9
64
9
72
9
93
9
50
9
44
9
63
9
99
12
24
9
99
9
42
11
53
9
99
9
28
9
33
9
44
9
13
11
23
9
63
9
13
9
64
9
99
9
94
9
99
9
37
13
85
9
99
9
92
9
63
9
99
9
94
12
84
4
49
9
94
9
13
9
93
13
85
9
31
9
14
9
64
9
73
9
64
9
42
9
99
9
99
9
41
2
9
9
62
9
11
10
82
10
82
9
42
9
94
9
72
9
13
12
54
12
84
9
34
1
39
9
33
9
74
9
13
9
74
0
80
9
71
9
71
1
51
9
74
9
99
0
50
9
10
11
23
10
52
12
54
9
92
9
31
9
70
10
52
9
99
0
10
9
99
0
0
12
24
9
21
13
25
9
64
0
49
14
26
9
34
9
32
11
83
9
99
9
43
9
18
9
21
9
42
9
34
9
93
9
64
9
64
9
34
9
94
9
20
11
53
0
91
9
99
9
74
9
72
9
94
9
99
12
54
9
99
9
99
