6
48
6
95
3
16
0
20
0
10
5
33
4
99
3
83
6
36
2
63
2
58
4
87
4
43
3
36
4
59
6
26
2
27
3
74
4
5
5
7
4
8
5
93
5
23
6
35
2
64
5
27
6
75
6
65
4
84
4
33
6
73
2
26
2
23
5
49
3
19
2
7
6
75
5
52
4
78
4
53
3
4
4
39
4
9
3
47
4
89
3
96
3
49
5
2
4
49
3
89
2
73
5
54
4
23
4
49
5
69
4
47
4
72
2
3
6
78
3
58
5
17
4
69
5
78
4
2
6
39
6
53
4
27
2
92
2
19
3
69
6
69
5
59
3
75
3
9
2
65
3
34
2
39
6
8
4
48
3
37
3
39
3
73
5
29
2
29
3
19
3
59
2
78
6
79
3
88
2
47
6
39
5
19
3
19
6
79
3
25
2
54
6
69
3
35
3
19
3
64
3
16
2
5
3
44
2
86
4
49
2
29
0
80
2
47
5
3
6
29
5
35
3
15
5
13
4
78
3
24
5
59
5
96
4
29
2
5
3
94
4
39
2
9
4
3
4
59
3
19
4
3
3
48
6
34
3
18
2
58
6
74
6
28
4
69
6
86
3
43
4
53
2
49
2
53
2
49
2
75
3
45
6
46
2
54
2
72
3
74
2
32
5
75
5
66
4
29
2
36
3
7
2
62
4
19
4
27
4
64
0
0
2
53
3
88
2
4
5
69
6
39
2
68
5
42
5
98
3
83
5
19
5
47
2
64
2
53
4
79
5
24
6
24
5
86
3
53
4
86
5
99
3
92
5
25
5
56
2
19
2
28
6
69
2
74
4
23
3
14
6
34
6
39
5
54
5
35
4
93
5
41
3
72
4
46
6
17
3
68
0
90
3
99
2
73
3
3
6
93
2
49
4
12
3
14
2
26
6
44
6
67
3
77
6
89
4
58
2
19
5
8
5
53
2
65
6
39
6
53
5
83
2
85
6
47
0
90
3
14
3
79
2
19
2
19
2
28
4
92
2
54
4
32
6
16
6
58
2
55
5
69
5
42
6
18
4
33
5
96
4
24
5
5
4
94
2
68
4
79
2
69
5
57
6
16
2
73
2
16
5
24
4
89
2
74
5
6
2
64
3
58
6
73
4
67
5
4
3
3
6
24
6
84
3
99
2
9
2
88
5
89
4
33
6
77
6
87
6
77
4
17
3
98
5
47
5
98
4
43
4
99
4
72
6
75
6
73
3
96
6
99
4
55
3
84
2
12
6
89
6
94
0
70
4
59
6
59
6
7
2
96
3
44
0
80
0
80
4
17
4
16
6
77
5
39
2
8
2
79
6
49
3
8
4
44
5
29
4
93
2
2
6
59
2
9
3
58
5
59
5
64
6
99
2
46
2
87
0
80
5
62
4
24
0
64
4
72
2
86
3
22
3
75
4
9
3
5
6
64
4
69
3
17
6
66
2
52
3
28
2
33
6
25
4
39
3
12
2
79
2
58
2
19
5
8
6
44
4
34
4
78
6
29
2
4
2
64
6
89
4
93
4
38
6
18
5
42
6
43
4
29
2
13
2
99
5
32
5
88
0
92
5
76
5
12
4
37
4
95
5
82
3
39
4
4
4
86
6
66
5
59
5
42
2
66
3
49
3
86
4
79
3
55
2
52
3
48
5
17
4
87
5
4
6
8
4
74
6
99
4
93
4
92
3
59
6
89
2
72
5
69
6
59
5
76
2
43
3
53
5
73
3
75
6
69
5
39
5
38
6
7
3
96
5
26
4
44
2
59
3
15
5
89
1
24
5
57
3
49
2
69
6
88
6
67
2
38
2
44
6
29
5
92
2
94
6
45
4
82
5
69
2
39
6
94
4
82
6
59
3
98
3
69
2
79
5
22
4
47
2
8
4
13
2
97
5
86
6
74
5
9
3
96
4
38
4
13
2
57
6
89
2
7
6
23
4
26
4
53
6
99
5
68
6
19
2
65
4
65
5
89
2
63
4
85
6
77
3
92
3
62
4
44
2
39
4
85
6
18
4
39
5
45
3
92
2
69
6
44
3
12
4
19
2
39
3
87
6
37
3
85
4
56
3
74
6
99
4
27
4
76
5
89
2
67
3
19
3
27
5
35
4
34
5
9
6
4
2
17
6
55
4
24
2
72
3
69
4
56
4
47
2
19
6
28
6
18
6
18
5
22
5
25
5
58
6
3
6
45
2
79
4
59
5
29
3
9
2
43
4
64
5
84
3
12
2
15
2
59
4
72
2
87
4
16
3
47
2
39
5
98
3
66
4
89
6
46
5
34
3
9
4
2
5
47
6
28
6
53
4
69
5
75
4
52
4
65
5
9
5
99
5
39
5
26
3
18
6
67
3
28
2
75
4
83
4
67
5
49
2
53
3
95
3
59
4
99
5
65
4
18
2
2
3
48
3
66
4
17
1
89
3
99
0
0
4
59
2
19
3
79
3
22
3
59
6
49
3
28
4
4
5
67
3
73
0
0
5
39
6
79
3
5
3
29
5
94
5
75
3
18
4
69
4
69
2
99
3
69
3
83
4
2
2
19
4
24
6
9
3
12
2
24
2
83
3
38
2
95
5
58
2
89
6
15
2
39
5
69
5
18
5
34
4
7
6
55
4
13
4
88
6
39
4
27
5
79
2
62
3
37
4
18
1
98
4
67
2
27
2
47
5
35
3
49
5
83
3
72
4
57
5
37
6
4
5
39
6
49
4
22
4
79
6
5
3
96
3
33
4
75
2
26
6
94
3
49
4
39
4
55
6
73
4
34
3
99
6
39
3
62
3
43
6
94
2
88
3
92
3
8
3
7
4
68
5
59
2
47
2
7
3
62
3
57
5
49
2
29
6
49
6
73
6
89
3
99
6
29
2
9
6
44
5
83
3
5
2
89
5
93
3
44
3
42
3
66
3
95
2
12
4
34
5
15
2
69
6
9
5
64
6
75
4
76
6
53
5
86
5
19
5
3
6
14
5
99
6
88
5
69
3
35
2
65
4
51
1
39
5
77
3
99
3
23
5
49
6
66
4
72
6
59
5
19
4
5
6
39
0
70
2
36
2
19
3
2
3
54
4
9
5
98
4
76
2
42
5
32
6
49
2
7
6
79
4
58
3
7
5
69
6
87
5
33
5
44
5
28
6
88
2
54
4
99
6
79
4
98
3
5
4
19
6
25
6
79
6
79
2
3
4
38
3
46
2
37
6
99
2
96
6
8
5
66
3
76
0
45
6
99
2
49
6
14
2
29
5
8
3
59
4
69
3
94
3
4
2
54
4
34
6
49
4
99
6
49
2
96
5
16
2
24
5
58
6
3
2
42
3
43
2
56
5
74
4
44
2
68
2
68
2
77
3
38
3
44
2
28
4
43
4
56
4
12
3
8
5
99
2
26
3
78
4
39
4
94
6
74
1
68
2
58
2
98
3
99
2
89
3
22
5
27
6
73
5
73
3
89
2
34
2
29
2
72
4
55
3
88
4
75
6
79
2
41
6
69
4
78
3
37
5
46
3
19
0
10
4
6
3
4
2
63
2
34
6
98
0
10
6
96
5
38
4
41
2
49
3
2
2
83
5
33
6
95
4
15
4
89
5
57
4
22
6
19
4
59
2
39
3
3
5
45
5
4
3
59
4
47
6
35
6
53
4
59
6
87
6
83
4
73
2
87
5
29
2
87
5
96
3
54
4
95
2
9
0
59
6
49
3
86
4
7
4
97
2
68
5
44
3
79
5
12
6
49
3
29
4
55
5
75
4
18
5
57
3
8
5
44
6
47
4
9
2
79
3
28
3
9
5
99
5
99
5
4
5
4
3
75
2
64
5
19
5
52
6
8
6
28
6
79
5
98
4
49
3
56
2
44
6
94
2
64
0
10
2
69
4
36
6
29
3
64
3
59
6
76
6
39
4
74
6
69
2
59
4
39
3
69
6
87
6
39
3
24
4
53
5
19
2
15
3
83
4
22
3
89
2
28
2
74
5
99
6
4
5
56
3
64
3
89
4
42
5
39
3
58
3
93
4
17
2
97
2
39
3
47
2
99
5
28
3
29
6
39
5
5
3
16
5
55
6
5
4
57
3
99
6
89
5
97
5
37
5
79
4
99
2
89
3
59
5
97
6
88
5
76
4
47
5
87
4
5
5
85
5
79
4
23
6
7
4
59
5
65
4
59
2
39
3
99
2
93
6
33
2
5
5
54
4
3
2
79
4
74
4
34
4
89
2
69
5
5
4
48
4
78
6
29
1
38
3
25
4
67
3
7
5
67
0
80
5
63
3
71
1
51
6
67
4
97
0
50
5
2
3
19
2
44
4
48
2
89
5
23
2
62
2
49
5
96
0
10
4
93
0
0
4
19
6
13
5
19
4
58
0
49
6
19
4
29
5
24
3
79
6
94
3
39
5
18
3
13
2
34
4
29
5
85
5
58
6
59
4
29
4
89
2
12
3
46
0
91
4
99
4
69
2
69
6
87
6
96
4
47
4
97
4
99
