19
63
9
99
18
30
0
20
0
10
9
44
9
99
9
94
9
44
9
74
9
64
9
94
16
58
9
44
9
64
9
34
9
34
17
89
9
14
9
14
9
14
9
99
9
34
9
44
9
74
9
34
18
90
9
74
9
94
9
44
16
88
9
34
9
34
19
62
18
30
9
14
18
90
9
64
19
91
9
64
9
14
9
44
9
14
18
60
9
94
9
99
18
60
9
14
19
61
9
94
16
88
9
64
9
34
19
61
9
74
19
61
15
87
9
14
19
93
9
64
19
32
9
74
19
92
9
14
9
44
9
64
9
34
9
99
17
29
9
74
9
74
9
64
18
90
9
14
9
74
9
44
9
44
9
14
19
61
9
44
9
44
16
88
9
34
9
34
18
30
9
64
17
89
19
93
9
94
17
59
9
44
19
32
18
30
19
93
9
34
9
64
9
74
9
44
18
30
9
74
18
30
9
14
17
59
9
94
19
61
9
34
0
80
17
59
9
14
9
34
9
44
18
30
16
28
19
91
9
34
9
64
9
99
9
34
9
14
9
99
9
44
9
14
9
14
9
64
18
30
9
14
18
60
9
44
18
30
9
64
17
89
9
34
9
74
9
94
16
58
9
64
17
59
9
64
17
59
17
89
18
60
19
61
9
64
15
87
17
89
9
44
18
90
9
74
9
34
9
44
9
14
9
74
19
31
9
34
9
74
0
0
9
64
9
94
9
14
9
74
9
44
9
74
15
57
9
99
9
94
19
32
19
62
9
74
9
64
19
91
9
34
9
34
9
94
9
64
9
94
9
99
9
99
9
34
9
64
17
29
9
28
9
74
17
89
9
34
17
29
9
44
9
44
9
64
9
44
9
99
9
36
15
87
19
61
19
32
9
74
0
90
9
99
16
88
9
14
9
99
17
59
15
27
17
29
9
34
17
59
9
74
18
90
9
94
9
64
17
29
9
14
9
64
9
74
9
44
9
64
9
94
9
94
19
62
0
90
17
29
18
90
17
29
17
29
9
34
9
99
9
64
9
44
19
31
9
64
9
64
9
74
15
57
19
33
9
44
9
99
9
34
9
14
9
99
9
74
19
91
9
74
9
64
19
31
16
88
17
29
9
34
9
94
17
89
9
14
9
74
9
64
16
88
9
74
9
14
9
14
9
34
9
94
9
99
9
14
9
94
9
94
9
44
19
92
9
94
19
92
19
31
3
99
19
62
9
99
16
58
9
99
15
87
18
90
16
88
9
99
9
99
9
64
9
94
15
27
9
94
9
99
0
70
9
64
9
64
9
14
9
99
17
59
0
80
0
80
19
31
19
31
19
92
9
44
9
14
17
89
19
63
9
14
17
59
9
34
9
99
9
14
9
64
9
14
9
64
9
64
9
74
9
99
17
59
9
94
0
80
9
74
9
34
0
64
15
87
9
94
9
34
18
90
9
14
9
14
9
74
9
74
3
19
9
74
9
64
9
34
9
44
9
34
9
44
15
27
17
89
9
64
17
29
9
14
17
59
9
44
19
91
9
34
9
14
9
74
9
94
9
99
9
44
19
33
15
57
16
58
9
34
16
28
9
99
9
44
9
94
0
92
19
91
15
27
9
44
9
99
9
94
9
44
9
14
9
94
9
74
9
64
15
57
9
74
18
60
9
94
19
91
9
64
9
64
9
48
19
32
9
94
9
14
9
14
4
79
9
99
9
99
9
99
9
64
9
94
15
87
9
74
9
64
19
91
16
58
9
64
16
88
18
90
9
74
9
44
9
44
9
14
9
99
9
34
17
59
9
64
18
30
9
94
1
29
9
64
18
60
9
74
9
94
9
74
9
44
17
59
9
34
9
99
9
93
18
60
9
94
9
74
9
44
9
99
9
94
9
64
9
99
9
74
17
89
9
34
19
61
9
14
16
28
9
99
9
94
17
89
9
14
9
99
9
44
16
28
9
64
9
94
9
14
9
34
9
34
9
64
9
99
9
74
19
33
8
65
9
74
9
94
9
74
9
94
19
92
9
99
9
74
17
59
9
44
9
94
19
33
9
44
18
60
9
99
9
74
17
59
15
27
19
31
9
44
9
94
9
44
9
94
4
59
9
66
9
99
9
34
19
91
9
94
9
74
18
30
9
34
9
44
9
44
9
14
9
14
17
29
9
64
9
34
15
87
3
69
9
64
19
61
17
29
9
34
19
33
19
33
9
34
9
34
9
64
9
14
18
60
17
89
9
64
9
34
9
14
16
58
9
74
9
94
15
27
17
29
9
64
15
87
9
94
19
31
18
60
2
39
9
99
9
74
9
94
19
61
9
44
9
14
9
14
19
62
9
34
9
64
9
74
18
90
9
64
9
74
9
14
9
99
9
44
9
34
18
30
9
74
9
34
17
89
9
94
9
74
19
62
9
64
9
99
9
64
9
99
9
74
19
31
9
14
3
49
9
74
19
31
1
89
9
99
0
0
9
64
17
29
3
79
9
34
9
64
19
63
9
28
9
14
9
74
16
88
0
0
9
44
19
93
9
14
9
34
9
99
18
90
18
30
9
74
9
74
9
99
9
74
9
94
9
14
17
29
9
34
9
14
15
27
9
34
9
94
9
38
9
99
9
64
2
89
18
30
9
44
9
74
19
32
9
44
9
14
9
64
16
28
9
94
9
44
9
34
19
92
9
74
9
44
19
31
1
99
9
74
9
34
17
59
9
44
18
60
9
94
15
87
9
64
9
44
9
14
9
44
19
63
9
34
19
91
9
14
9
99
9
44
18
90
9
34
9
94
18
60
9
44
9
64
16
88
9
44
9
99
9
44
9
74
16
58
9
99
9
94
9
99
9
14
9
14
9
68
9
64
17
59
2
9
9
74
9
64
19
62
9
34
19
63
16
88
9
94
9
99
9
34
9
14
17
59
9
94
9
14
9
94
9
99
17
59
15
57
9
74
9
99
15
27
9
44
18
30
9
74
9
14
9
74
18
90
19
91
9
64
9
94
19
32
9
14
17
29
9
99
9
94
9
74
9
44
9
74
9
46
1
39
19
92
9
99
9
34
19
62
9
74
15
87
9
64
19
32
9
14
9
39
0
70
9
44
17
29
9
14
9
64
9
14
9
99
19
91
15
57
9
44
19
63
9
14
19
93
9
64
9
14
9
74
9
94
9
44
17
59
9
34
9
94
9
64
9
99
19
93
9
99
9
14
19
31
9
34
19
93
19
93
9
14
9
44
18
60
9
44
9
99
9
99
9
14
9
74
18
90
0
45
9
99
17
59
17
29
9
34
9
14
3
59
9
74
9
99
3
9
9
64
9
44
19
63
9
99
19
63
9
86
19
31
9
34
9
64
9
14
15
57
16
58
9
64
17
89
17
59
9
74
9
74
17
89
9
44
17
59
9
34
16
58
9
64
4
19
9
14
9
99
9
34
18
90
9
44
9
99
17
89
1
69
9
64
9
99
9
99
9
94
9
34
9
34
16
88
16
88
9
94
9
44
9
34
15
87
9
64
9
94
18
90
19
93
9
41
9
74
19
91
9
44
19
61
18
30
0
10
9
14
9
14
9
74
9
44
9
99
0
10
9
99
9
44
4
41
17
59
9
14
9
94
9
44
9
99
18
30
9
94
9
64
9
34
19
33
9
64
9
44
9
14
18
60
9
14
9
64
19
61
9
44
9
64
9
64
9
94
9
94
16
88
9
94
9
34
9
94
9
99
9
64
9
99
9
14
0
59
19
63
9
86
9
14
9
99
9
74
17
59
18
90
15
27
19
63
9
34
9
64
18
90
19
31
9
64
9
14
17
59
19
62
4
9
17
89
9
34
9
14
9
99
9
99
9
14
9
14
18
90
9
74
19
32
9
64
9
14
9
34
19
93
9
99
19
61
9
64
17
59
9
99
9
74
0
10
9
74
9
44
9
34
9
74
9
64
19
91
9
44
17
89
9
74
9
64
9
44
9
74
9
94
9
44
3
29
9
64
19
32
17
29
9
94
9
34
9
94
9
34
17
89
9
99
9
14
9
64
9
74
9
94
15
57
9
44
9
64
9
99
19
31
9
99
9
44
18
60
9
99
9
28
9
34
9
44
9
14
18
30
9
64
9
14
9
64
9
99
9
94
9
99
9
37
19
92
9
99
9
94
9
64
9
99
9
94
19
91
4
49
9
94
9
14
9
94
19
92
9
34
9
14
9
64
9
74
9
64
9
44
9
99
9
99
9
44
2
9
9
64
9
14
17
89
17
89
9
44
9
94
9
74
9
14
19
61
19
91
9
34
1
39
9
34
9
74
9
14
9
74
0
80
9
74
9
71
1
51
9
74
9
99
0
50
9
14
18
30
17
59
19
61
9
94
9
34
9
74
17
59
9
99
0
10
9
99
0
0
19
31
16
28
19
32
9
64
0
49
19
33
9
34
9
34
18
90
9
99
9
44
9
18
16
28
9
44
9
34
9
94
9
64
9
64
9
34
9
94
15
27
18
60
0
91
9
99
9
74
9
74
9
94
9
99
19
61
9
99
9
99
