12
54
9
99
9
21
0
20
0
10
9
39
9
99
9
89
9
42
8
69
8
60
9
92
9
49
9
41
9
62
9
32
8
30
9
80
9
11
9
13
9
12
9
99
9
29
9
41
8
70
9
33
9
81
9
71
9
90
9
39
9
79
8
30
8
29
11
53
9
21
8
10
9
81
9
58
10
82
9
59
9
10
9
42
9
12
9
51
9
92
9
99
9
51
9
8
10
52
9
91
8
79
9
60
9
29
10
52
9
73
10
52
9
78
8
9
12
84
9
61
11
23
9
72
11
83
9
8
9
44
9
59
9
32
8
98
8
20
9
71
9
74
9
63
9
81
9
11
8
70
9
40
8
40
9
14
10
52
9
41
9
41
9
79
9
33
8
30
9
21
9
61
8
80
12
84
9
91
8
50
9
44
11
23
9
21
12
84
9
31
8
60
9
74
9
41
9
21
9
70
9
21
8
10
9
50
8
90
10
52
8
30
0
80
8
50
9
9
9
34
9
41
9
21
9
19
10
82
9
30
9
63
9
99
9
32
8
10
9
99
9
42
8
10
9
9
9
62
9
21
9
9
9
51
9
40
9
21
8
60
9
80
9
34
9
72
9
92
9
49
9
59
8
50
8
59
8
50
8
80
9
51
10
52
8
60
8
78
9
80
8
38
9
81
9
72
9
32
8
40
9
11
8
68
10
22
9
32
9
70
0
0
8
59
9
91
8
10
9
73
9
44
8
70
9
48
9
99
9
89
11
23
11
53
8
70
8
59
10
82
9
30
9
30
9
92
9
59
9
92
9
99
9
98
9
31
9
62
8
20
8
28
9
74
8
80
9
29
9
20
9
40
9
44
9
60
9
41
9
99
9
37
9
78
10
52
11
23
9
71
0
90
9
99
8
79
9
9
9
99
8
50
9
18
9
20
8
30
9
50
9
73
9
81
9
94
9
62
8
20
9
13
9
59
8
70
9
44
9
59
9
89
8
90
11
53
0
90
9
20
9
81
8
20
8
20
8
30
9
98
8
60
9
38
10
22
9
64
8
60
9
73
9
48
12
24
9
39
9
99
9
30
9
11
9
99
8
70
10
82
8
70
9
63
10
22
8
79
8
20
9
30
9
92
8
80
9
12
8
70
9
61
9
79
9
72
9
10
9
9
9
30
9
90
9
99
8
10
8
90
9
93
9
39
11
83
9
93
11
83
10
22
3
99
11
53
9
99
9
49
9
99
9
78
9
81
9
79
9
99
9
99
9
61
9
90
8
18
9
94
9
99
0
70
9
62
9
64
9
13
8
99
9
50
0
80
0
80
10
22
10
22
11
83
9
43
8
10
8
80
12
54
9
11
9
50
9
33
9
99
8
8
9
64
8
10
9
61
9
63
9
70
9
99
8
50
8
90
0
80
9
68
9
30
0
64
9
78
8
90
9
28
9
81
9
12
9
11
9
70
9
72
3
19
9
72
8
58
9
31
8
39
9
31
9
42
9
18
8
80
8
60
8
20
9
13
9
50
9
40
10
82
9
34
8
10
8
70
9
94
9
99
9
42
12
24
9
48
9
49
9
32
8
19
8
99
9
38
9
93
0
92
10
82
9
18
9
42
9
99
9
88
9
41
9
10
9
92
9
72
9
63
9
48
8
70
9
51
9
91
10
82
9
61
8
58
9
48
11
23
9
92
9
10
9
14
4
79
9
99
9
99
9
98
9
61
9
94
8
78
9
73
9
64
10
82
8
49
9
59
9
79
9
81
9
74
9
43
9
43
9
13
9
99
9
32
9
50
8
60
9
21
9
93
1
29
9
63
9
51
8
70
9
94
9
73
8
40
8
50
9
34
9
98
8
94
9
51
9
88
9
73
8
40
9
99
9
88
9
64
9
99
9
71
8
80
9
28
10
52
8
10
9
19
8
99
9
92
9
80
9
13
9
99
9
42
9
19
8
60
9
94
8
10
9
29
9
32
9
59
9
99
9
73
12
24
8
65
9
71
9
93
8
69
9
91
11
83
9
98
9
68
9
50
8
40
9
91
12
24
9
42
9
51
9
98
8
70
9
50
9
18
10
22
8
40
9
91
9
43
9
91
4
59
9
69
9
99
9
32
10
82
9
93
8
70
9
21
9
31
9
41
9
40
9
13
9
10
8
20
9
61
9
30
8
78
3
69
9
62
10
52
8
20
9
34
12
24
12
24
9
28
9
31
9
63
9
9
9
51
8
80
9
62
9
33
9
11
8
49
9
70
9
90
9
18
8
20
8
60
9
78
8
90
10
22
9
51
2
39
9
99
9
71
9
92
10
52
9
40
9
11
9
8
11
53
9
34
9
59
9
72
9
81
9
58
9
71
9
13
9
99
9
43
9
32
9
21
9
73
9
31
8
80
9
89
9
72
11
53
8
59
9
99
9
61
9
99
9
71
10
22
8
8
3
49
9
71
10
22
1
89
9
99
0
0
9
62
8
20
3
79
9
28
9
61
12
54
9
28
9
10
9
73
9
79
0
0
9
43
12
84
9
11
9
31
9
99
9
81
9
21
9
72
9
72
8
99
9
71
9
89
9
8
8
20
9
30
9
14
9
18
8
30
8
89
9
38
8
99
9
63
2
89
9
21
8
40
9
73
11
23
9
40
9
12
9
61
9
19
9
92
9
44
9
32
11
83
8
68
9
41
10
22
1
99
9
72
8
30
8
50
9
41
9
51
9
89
9
78
9
62
9
43
9
10
9
43
12
54
9
28
10
82
9
11
9
99
9
39
9
81
8
30
9
94
9
51
9
42
9
61
9
79
9
40
9
99
9
44
9
68
9
49
9
99
8
90
9
98
9
11
9
11
9
68
9
63
8
50
2
9
9
68
9
61
11
53
8
30
12
54
9
79
9
94
9
99
9
34
8
10
9
50
9
89
9
11
8
90
9
99
9
50
9
48
9
71
9
99
8
18
9
40
9
21
8
70
9
14
9
70
9
81
10
82
9
59
9
92
11
23
9
9
9
20
9
99
9
94
9
73
9
41
8
70
9
48
1
39
11
83
9
99
9
29
11
53
9
72
9
78
9
64
11
23
9
11
9
39
0
70
8
40
8
20
9
8
9
60
9
12
9
99
10
82
8
48
9
38
12
54
8
10
12
84
9
62
9
11
9
73
9
93
9
39
9
50
9
33
9
94
8
60
9
99
12
84
9
99
9
11
10
22
9
31
12
84
12
84
8
9
9
42
9
51
8
40
9
99
8
99
9
14
9
72
9
81
0
45
9
99
8
50
9
20
8
30
9
13
3
59
9
72
9
99
3
9
8
60
9
40
12
54
9
99
12
54
8
90
10
22
8
30
9
63
9
9
8
48
9
49
8
60
9
80
9
50
8
70
8
70
8
80
9
41
9
50
8
30
9
49
9
62
4
18
9
11
9
99
8
30
9
81
9
42
9
99
9
80
1
69
8
60
8
99
9
99
8
90
9
28
9
33
9
79
9
79
9
91
8
40
8
30
8
78
9
61
9
91
9
81
12
84
8
41
9
74
10
82
9
41
10
52
9
21
0
10
9
12
9
10
8
69
8
40
9
99
0
10
9
99
9
43
4
41
8
50
9
8
8
89
9
39
9
99
9
21
9
92
9
63
9
28
12
24
9
62
8
40
9
9
9
51
9
10
9
61
10
52
9
41
9
59
9
62
9
93
9
89
9
79
8
90
9
33
8
90
9
99
9
60
9
99
8
10
0
59
12
54
9
86
9
12
9
99
8
70
9
50
9
81
9
18
12
54
9
31
9
61
9
81
10
22
9
63
9
11
9
50
11
53
4
9
8
80
9
31
9
11
9
99
9
99
9
10
9
10
9
81
8
70
11
23
9
58
9
14
9
34
12
84
9
99
10
52
9
61
8
50
9
99
8
70
0
10
8
70
9
42
9
34
9
70
9
61
10
82
9
44
9
80
9
74
8
60
9
42
9
71
9
93
9
44
3
29
9
59
11
23
8
20
9
89
9
28
9
91
8
30
8
80
9
99
9
10
9
62
9
70
9
91
9
48
9
43
9
61
9
99
10
22
8
99
8
40
9
51
8
99
9
28
9
31
9
44
9
11
9
21
9
61
9
11
9
62
9
99
9
94
9
99
9
37
11
83
9
99
8
90
9
61
9
99
9
94
10
82
4
49
9
93
9
11
9
91
11
83
9
29
9
13
9
62
9
71
9
62
8
40
9
99
8
99
9
39
2
9
9
60
9
9
8
80
9
80
9
40
9
92
8
70
9
11
10
52
10
82
9
34
1
39
9
31
9
72
9
11
9
73
0
80
9
69
9
71
1
51
9
73
9
99
0
50
9
8
9
21
8
50
10
52
8
90
9
29
8
68
8
50
9
99
0
10
9
99
0
0
10
22
9
19
11
23
9
62
0
49
12
24
9
32
9
30
9
81
9
99
9
41
9
18
9
19
8
40
9
32
9
91
9
63
9
64
9
32
9
92
8
18
9
51
0
91
9
99
9
72
8
70
9
93
9
99
10
52
9
99
9
99
