9
14
16
58
19
92
9
64
9
34
9
34
0
10
9
14
9
74
19
31
9
14
9
44
14
86
9
64
9
99
9
99
9
64
9
74
9
74
18
60
18
60
17
29
9
64
9
94
9
74
9
94
9
14
9
74
9
64
9
74
9
34
9
94
15
87
9
87
9
44
9
99
18
60
17
89
9
44
18
60
9
74
9
99
9
64
18
60
9
64
9
99
9
34
9
34
9
64
19
91
9
14
15
57
9
44
9
99
9
99
18
30
9
34
17
29
9
99
9
94
18
30
0
70
16
58
9
14
9
64
9
44
9
14
17
59
0
10
18
30
9
14
9
99
9
94
14
86
9
64
9
14
9
44
19
91
9
94
9
34
9
74
9
99
9
99
15
57
9
99
0
50
9
64
9
99
9
47
14
86
9
44
9
34
9
64
9
94
9
74
9
44
9
34
9
44
15
57
16
28
9
94
18
60
9
1
9
34
16
88
9
96
9
34
17
29
9
44
18
90
9
14
9
94
9
14
17
29
17
89
9
64
9
94
19
31
15
57
14
86
9
74
9
64
9
44
9
74
9
44
15
27
9
64
16
88
9
99
19
91
17
29
9
94
9
64
9
99
0
50
18
60
9
44
9
74
9
64
9
34
9
34
16
28
9
94
9
99
17
59
9
34
9
94
9
64
16
58
9
44
16
88
9
64
18
90
9
34
9
64
9
99
9
44
9
74
9
44
9
44
9
34
9
14
9
74
9
64
9
94
15
57
9
44
9
34
9
44
16
88
16
88
16
88
9
64
19
61
9
44
9
74
19
62
0
30
9
94
9
44
9
99
9
14
17
29
9
99
9
74
9
34
9
74
19
61
9
99
15
27
9
34
9
99
17
29
9
34
9
34
16
58
9
64
9
94
9
44
17
29
9
99
9
34
19
62
18
90
9
64
9
74
9
34
17
29
9
14
9
44
9
74
9
94
9
44
9
34
9
99
9
99
9
74
9
99
9
14
18
90
9
14
9
99
17
59
9
94
9
34
9
74
9
34
9
74
9
74
9
99
18
30
9
99
9
64
9
44
9
14
18
60
9
94
9
34
8
85
9
94
9
74
9
64
9
34
9
14
9
74
17
89
9
99
9
94
9
94
9
64
17
59
9
99
17
29
19
31
9
74
15
87
9
99
9
99
18
60
9
99
14
86
9
74
17
29
9
16
9
94
9
94
9
94
9
74
9
44
9
94
18
90
9
44
9
14
9
74
9
34
9
94
9
64
9
99
9
34
9
64
17
29
9
99
9
99
9
64
9
99
9
74
9
74
18
30
9
34
9
91
9
34
9
14
18
30
9
34
19
32
9
14
9
99
9
14
9
99
9
99
9
64
9
14
18
30
19
32
9
99
9
34
18
30
14
86
18
60
9
74
9
74
18
30
9
44
9
14
2
86
9
44
9
34
9
99
2
69
16
28
9
34
9
14
9
34
9
74
9
94
9
74
16
88
16
58
9
64
9
44
19
61
9
64
9
94
9
94
3
9
9
34
9
99
9
94
14
86
9
44
9
99
9
94
9
99
9
99
9
64
9
74
9
94
18
30
19
91
9
44
18
60
9
34
9
34
9
74
19
91
17
89
9
94
16
28
9
74
16
28
15
27
9
34
9
74
9
44
9
64
9
34
16
58
9
74
9
74
9
44
9
94
9
14
17
89
9
74
16
88
9
99
17
89
14
56
9
99
9
94
9
44
16
58
9
94
9
99
9
44
17
29
9
34
9
34
15
57
9
99
9
34
18
60
9
99
9
74
9
34
9
14
19
32
1
29
9
34
17
59
9
34
16
58
18
90
14
86
9
94
9
74
18
90
17
29
9
94
17
89
9
34
9
92
2
79
9
94
17
59
9
34
9
34
19
31
19
62
8
75
9
44
9
99
9
99
16
88
9
99
16
58
9
14
9
74
9
34
9
94
9
14
9
44
9
14
9
94
9
34
2
69
9
44
16
28
9
34
14
26
9
34
9
99
9
14
9
74
15
27
9
34
19
92
9
44
19
92
17
29
9
14
9
14
9
44
9
34
17
29
18
90
19
62
17
89
9
64
9
74
18
90
9
64
9
14
19
61
9
34
9
44
9
74
1
19
9
64
9
34
9
44
9
44
9
34
9
74
9
94
9
94
9
34
9
14
9
74
9
44
9
94
9
58
18
60
16
58
9
34
9
44
9
64
9
94
9
64
15
87
9
64
19
31
9
94
9
99
9
64
19
61
9
99
14
26
17
29
9
34
9
94
17
59
9
88
18
60
16
28
19
61
16
58
9
7
19
31
9
94
16
28
16
58
17
29
9
74
9
34
9
94
9
34
17
59
9
99
9
34
9
44
9
94
17
89
9
14
9
34
1
29
9
44
9
14
9
74
9
84
9
14
9
34
14
56
9
44
9
99
9
44
19
91
9
14
9
34
17
29
9
74
9
64
18
60
9
64
9
14
9
14
9
94
9
34
9
94
9
14
2
39
17
29
9
44
9
94
17
29
9
44
15
87
9
44
18
30
17
59
16
88
3
69
9
14
9
99
9
44
9
99
16
88
9
99
19
32
9
74
9
64
9
94
9
64
9
44
9
34
9
64
9
44
9
44
9
99
18
30
9
44
9
74
9
44
9
44
9
74
3
19
9
34
9
44
9
64
9
44
19
92
17
59
9
74
9
34
9
14
9
14
18
90
1
70
9
74
9
44
9
64
9
99
9
34
9
76
9
44
9
34
9
99
14
56
9
34
9
14
9
44
9
44
16
88
9
14
9
94
15
27
9
14
9
34
16
88
9
34
9
64
19
92
9
64
16
28
19
31
9
44
9
2
9
34
9
64
18
90
9
64
9
44
0
50
9
14
19
61
9
64
16
28
9
64
9
44
0
10
15
87
9
64
9
99
9
44
9
64
9
14
17
29
9
18
9
44
9
62
18
90
9
99
9
64
4
29
14
26
18
90
9
44
18
90
9
44
18
30
17
29
2
76
9
99
18
90
9
44
14
56
9
94
14
86
15
87
9
99
9
34
9
34
9
99
9
74
9
72
9
34
9
64
9
64
9
14
9
34
9
14
9
99
9
94
9
74
9
44
16
58
9
64
9
74
9
64
1
99
9
94
16
28
18
90
9
34
17
59
9
94
9
44
9
34
2
76
9
94
18
60
9
64
1
90
9
34
9
14
16
88
19
31
9
94
9
34
18
90
9
64
15
27
0
40
9
34
3
12
17
59
16
28
9
74
9
94
9
74
17
89
9
74
14
86
9
44
18
30
9
44
15
57
14
86
9
64
9
94
9
94
9
34
18
90
17
89
19
32
9
34
3
19
9
44
16
88
9
94
9
94
9
14
3
9
16
88
9
74
9
74
9
34
9
74
18
90
9
94
9
74
19
91
9
64
15
27
9
44
16
82
18
30
19
62
3
99
9
64
9
14
9
14
17
29
9
94
9
34
9
99
9
14
9
64
19
31
9
99
9
99
9
64
9
64
14
86
17
29
9
97
9
64
9
64
2
79
18
90
9
94
9
44
16
28
15
57
19
31
9
14
17
89
9
94
16
28
9
99
9
14
3
89
9
74
1
29
9
64
16
88
9
44
9
34
9
74
15
57
0
0
15
87
9
44
16
28
9
99
9
34
9
94
18
60
9
34
9
74
4
40
9
64
9
44
9
64
3
73
16
88
16
58
14
86
9
74
9
14
0
70
19
91
15
27
9
14
9
12
15
87
9
94
9
64
9
64
1
59
18
90
17
59
0
29
19
62
9
44
9
64
9
44
9
64
9
44
9
44
9
64
9
64
9
44
9
94
8
75
15
57
9
64
9
14
9
99
18
90
9
14
9
99
1
19
16
88
18
30
9
14
9
14
9
74
16
58
9
99
9
74
18
30
9
44
19
32
9
34
9
94
17
89
9
18
9
34
9
44
9
96
9
14
9
44
9
64
15
57
9
64
9
64
9
99
17
59
9
34
14
26
3
49
9
99
18
30
9
99
9
44
1
39
9
34
16
88
9
62
9
34
17
89
2
69
17
59
16
88
9
99
9
44
1
49
9
14
9
14
9
64
16
28
9
99
18
60
9
44
9
34
9
44
9
99
9
94
19
32
9
94
18
30
9
34
9
94
19
61
9
64
9
44
9
14
9
74
9
14
9
44
9
94
9
44
9
94
8
65
9
74
9
74
9
44
18
90
15
27
16
58
14
26
9
14
9
14
18
60
9
34
9
34
9
73
9
94
9
99
19
91
9
99
9
14
9
94
9
34
9
99
9
74
1
59
9
44
9
74
9
94
9
64
9
14
9
14
9
39
16
28
9
99
9
44
19
31
9
86
17
59
19
91
9
94
9
44
9
74
0
82
9
74
9
34
19
92
9
64
9
64
9
99
9
64
9
64
9
34
9
34
9
64
9
94
19
31
9
99
16
58
9
44
9
74
17
29
9
34
9
99
9
94
9
14
9
14
9
99
19
61
9
74
17
29
9
14
9
14
9
94
9
94
9
34
9
99
9
64
