9
10
9
51
13
85
9
61
9
31
9
29
0
10
9
12
9
74
12
24
9
12
9
44
9
79
9
64
9
99
9
99
9
60
9
69
9
74
11
53
11
53
10
22
9
61
9
93
9
74
9
93
9
12
9
72
9
61
9
72
9
33
9
90
9
80
9
87
9
44
9
99
11
53
10
82
9
40
11
53
9
69
9
99
9
59
11
53
9
64
9
99
9
33
9
31
9
64
12
84
9
12
9
50
9
41
9
99
9
99
11
23
9
30
10
22
9
99
9
91
11
23
0
70
9
51
9
10
9
60
9
44
9
10
10
52
0
10
11
23
9
10
9
99
9
90
9
79
9
64
9
10
9
42
12
84
9
91
9
30
9
72
9
99
9
99
9
50
9
99
0
50
9
62
9
99
9
47
9
79
9
44
9
29
9
63
9
94
9
69
9
39
9
32
9
42
9
50
9
21
9
89
11
53
9
1
9
33
9
81
9
96
9
31
10
22
9
42
11
83
9
14
9
92
9
14
10
22
10
82
9
62
9
93
12
24
9
50
9
79
9
71
9
64
9
44
9
73
9
41
9
20
9
63
9
81
9
99
12
84
10
22
9
91
9
61
9
99
0
50
11
53
9
44
9
73
9
61
9
34
9
34
9
21
9
93
9
99
10
52
9
29
9
93
9
61
9
51
9
43
9
81
9
61
11
83
9
31
9
60
9
99
9
41
9
73
9
42
9
41
9
31
9
11
9
71
9
63
9
93
9
50
9
42
9
32
9
44
9
81
9
81
9
81
9
61
12
54
9
44
9
74
13
55
0
30
9
94
9
44
9
99
9
13
10
22
9
99
9
71
9
29
9
71
12
54
9
99
9
20
9
31
9
99
10
22
9
29
9
32
9
51
9
61
9
94
9
40
10
22
9
99
9
32
13
55
11
83
9
62
9
73
9
29
10
22
9
10
9
40
9
73
9
91
9
41
9
32
9
99
9
99
9
72
9
99
9
11
11
83
9
11
9
99
10
52
9
89
9
32
9
70
9
32
9
73
9
74
9
99
11
23
9
99
9
61
9
40
9
11
11
53
9
94
9
33
8
85
9
94
9
74
9
64
9
31
9
10
9
70
10
82
9
99
9
90
9
89
9
60
10
52
9
99
10
22
12
24
9
72
9
80
9
99
9
99
11
53
9
99
9
79
9
72
10
22
9
16
9
92
9
92
9
93
9
70
9
43
9
91
11
83
9
40
9
11
9
69
9
34
9
92
9
61
9
99
9
31
9
60
10
22
9
99
9
99
9
63
9
99
9
73
9
73
11
23
9
33
9
91
9
31
9
11
11
23
9
31
13
25
9
14
9
99
9
14
9
99
9
99
9
64
9
12
11
23
13
25
9
99
9
32
11
23
9
79
11
53
9
72
9
71
11
23
9
42
9
11
2
86
9
43
9
32
9
99
2
69
9
21
9
31
9
12
9
32
9
72
9
90
9
72
9
81
9
51
9
62
9
44
12
54
9
61
9
91
9
92
3
9
9
34
9
99
9
91
9
79
9
40
9
99
9
90
9
99
9
99
9
60
9
73
9
92
11
23
12
84
9
44
11
53
9
31
9
31
9
72
12
84
10
82
9
94
9
21
9
73
9
21
9
20
9
34
9
72
9
44
9
61
9
34
9
51
9
71
9
69
9
43
9
92
9
11
10
82
9
71
9
81
9
99
10
82
9
49
9
99
9
92
9
42
9
51
9
90
9
99
9
42
10
22
9
32
9
34
9
50
9
99
9
31
11
53
9
99
9
70
9
29
9
11
13
25
1
29
9
31
10
52
9
34
9
51
11
83
9
79
9
92
9
72
11
83
10
22
9
92
10
82
9
29
9
92
2
79
9
94
10
52
9
31
9
33
12
24
13
55
8
75
9
41
9
99
9
99
9
81
9
99
9
51
9
13
9
72
9
31
9
93
9
14
9
42
9
10
9
93
9
32
2
69
9
44
9
21
9
33
9
19
9
31
9
99
9
13
9
73
9
20
9
34
13
85
9
39
13
85
10
22
9
14
9
12
9
43
9
31
10
22
11
83
13
55
10
82
9
62
9
71
11
83
9
63
9
11
12
54
9
29
9
44
9
70
1
19
9
62
9
34
9
41
9
42
9
32
9
72
9
91
9
90
9
34
9
14
9
72
9
44
9
93
9
58
11
53
9
51
9
34
9
40
9
63
9
94
9
59
9
80
9
62
12
24
9
92
9
99
9
63
12
54
9
99
9
19
10
22
9
34
9
93
10
52
9
88
11
53
9
21
12
54
9
51
9
7
12
24
9
89
9
21
9
51
10
22
9
70
9
33
9
94
9
34
10
52
9
99
9
30
9
43
9
89
10
82
9
13
9
32
1
29
9
42
9
9
9
72
9
84
9
11
9
34
9
49
9
39
9
99
9
41
12
84
9
13
9
34
10
22
9
74
9
64
11
53
9
61
9
12
9
13
9
90
9
31
9
91
9
11
2
39
10
22
9
41
9
94
10
22
9
44
9
80
9
41
11
23
10
52
9
81
3
69
9
10
9
99
9
41
9
99
9
81
9
99
13
25
9
72
9
62
9
92
9
61
9
42
9
31
9
64
9
41
9
44
9
99
11
23
9
39
9
72
9
42
9
42
9
73
3
19
9
34
9
40
9
61
9
43
13
85
10
52
9
72
9
33
9
10
9
13
11
83
1
70
9
73
9
44
9
64
9
99
9
34
9
76
9
42
9
30
9
99
9
49
9
31
9
10
9
42
9
42
9
81
9
11
9
92
9
20
9
9
9
32
9
81
9
32
9
63
13
85
9
59
9
21
12
24
9
41
9
2
9
29
9
63
11
83
9
63
9
40
0
50
9
14
12
54
9
60
9
21
9
61
9
41
0
10
9
80
9
61
9
99
9
44
9
62
9
11
10
22
9
18
9
43
9
62
11
83
9
99
9
63
4
29
9
19
11
83
9
42
11
83
9
41
11
23
10
22
2
76
9
99
11
83
9
44
9
49
9
92
9
79
9
80
9
99
9
34
9
33
9
99
9
71
9
72
9
29
9
64
9
61
9
13
9
34
9
11
9
99
9
94
9
74
9
41
9
51
9
64
9
73
9
61
1
99
9
91
9
21
11
83
9
31
10
52
9
90
9
42
9
33
2
76
9
92
11
53
9
59
1
90
9
34
9
14
9
81
12
24
9
90
9
32
11
83
9
64
9
20
0
40
9
31
3
12
10
52
9
21
9
72
9
92
9
71
10
82
9
73
9
79
9
41
11
23
9
42
9
50
9
79
9
63
9
93
9
92
9
33
11
83
10
82
13
25
9
31
3
19
9
41
9
81
9
92
9
93
9
12
3
9
9
81
9
71
9
74
9
32
9
71
11
83
9
92
9
71
12
84
9
62
9
20
9
44
9
83
11
23
13
55
3
99
9
62
9
9
9
14
10
22
9
89
9
34
9
99
9
11
9
60
12
24
9
99
9
99
9
63
9
62
9
79
10
22
9
97
9
63
9
64
2
79
11
83
9
90
9
41
9
21
9
50
12
24
9
12
10
82
9
94
9
21
9
99
9
9
3
89
9
71
1
29
9
63
9
81
9
44
9
34
9
73
9
50
0
0
9
80
9
42
9
21
9
99
9
30
9
92
11
53
9
32
9
74
4
40
9
59
9
41
9
63
3
73
9
81
9
51
9
79
9
71
9
12
0
70
12
84
9
20
9
13
9
12
9
80
9
93
9
64
9
61
1
59
11
83
10
52
0
29
13
55
9
42
9
62
9
40
9
61
9
43
9
44
9
62
9
62
9
44
9
91
8
75
9
50
9
64
9
14
9
99
11
83
9
11
9
99
1
19
9
81
11
23
9
14
9
12
9
71
9
51
9
99
9
70
11
23
9
39
13
25
9
32
9
93
10
82
9
18
9
31
9
44
9
96
9
14
9
40
9
63
9
50
9
61
9
62
9
99
10
52
9
31
9
19
3
49
9
99
11
23
9
99
9
43
1
39
9
32
9
81
9
62
9
34
10
82
2
69
10
52
9
81
9
99
9
41
1
49
9
11
9
11
9
64
9
21
9
99
11
53
9
42
9
34
9
39
9
99
9
91
13
25
9
91
11
23
9
31
9
94
12
54
9
63
9
44
9
12
9
72
9
13
9
43
9
93
9
43
9
91
8
65
9
72
9
74
9
44
11
83
9
20
9
51
9
19
9
10
9
13
11
53
9
34
9
32
9
73
9
92
9
99
12
84
9
99
9
12
9
89
9
34
9
99
9
72
1
59
9
42
9
73
9
89
9
61
9
9
9
12
9
39
9
21
9
99
9
42
12
24
9
86
10
52
12
84
9
94
9
44
9
71
0
82
9
73
9
32
13
85
9
61
9
63
9
99
9
61
9
64
9
34
9
34
9
64
9
92
12
24
9
99
9
51
9
43
9
71
10
22
9
31
9
99
9
93
9
13
9
11
9
99
12
54
9
72
10
22
9
11
9
9
9
92
9
92
9
34
9
99
9
63
