5
3
3
44
6
79
2
55
6
24
2
22
0
10
5
5
5
69
5
18
3
7
5
39
3
72
6
59
2
99
2
99
3
53
2
62
6
69
4
49
4
46
4
15
4
54
4
89
6
69
5
86
3
7
3
66
2
59
6
65
6
26
4
83
6
73
3
87
5
39
5
96
4
46
3
79
3
33
5
46
3
62
2
99
3
52
5
46
5
58
4
99
4
27
4
24
5
58
6
77
3
9
2
43
5
34
2
96
4
99
4
18
5
23
3
19
4
94
3
84
4
19
0
70
5
44
3
3
4
53
5
38
4
3
3
48
0
10
4
19
5
3
4
94
4
83
2
72
5
59
4
3
3
39
5
79
2
87
6
23
3
69
5
92
6
94
4
43
6
93
0
50
3
59
6
94
6
47
2
72
5
37
2
22
4
58
6
89
2
62
5
32
6
25
3
39
5
43
2
16
5
82
6
46
6
1
4
29
6
74
2
96
2
27
4
15
3
35
4
78
6
9
3
87
6
7
4
15
3
79
3
55
4
89
5
18
6
43
5
72
2
68
5
59
5
39
6
66
2
37
5
13
4
59
5
74
6
99
5
78
3
19
6
84
2
56
2
92
0
50
4
49
5
39
4
69
2
59
6
27
6
29
5
14
4
87
2
98
3
49
3
22
6
86
6
54
2
48
4
36
2
75
2
56
4
78
2
26
4
53
6
99
2
39
4
69
3
37
2
36
2
29
2
9
2
66
4
59
4
86
4
43
3
36
6
25
6
39
2
79
5
74
2
76
4
54
6
47
5
37
5
67
6
48
0
30
6
87
5
39
6
96
5
6
3
16
6
97
2
68
5
22
2
68
5
49
3
99
4
13
2
29
5
98
3
15
4
22
3
29
3
44
4
54
6
89
6
33
3
15
2
94
3
25
6
49
4
76
3
59
4
68
5
22
3
19
3
3
5
33
4
67
2
89
2
38
6
25
4
97
4
94
3
65
5
97
2
4
4
79
2
7
5
93
3
46
2
82
5
25
2
63
4
25
4
68
6
69
4
99
4
19
6
94
4
54
6
33
2
5
4
48
6
89
4
28
2
85
5
89
6
68
5
59
2
25
6
3
2
63
3
78
2
96
2
83
3
82
2
53
3
45
4
99
3
18
5
18
4
65
2
73
3
97
5
99
4
46
4
92
2
72
6
65
6
15
6
16
3
88
3
88
4
86
5
63
5
36
2
89
4
79
2
33
2
5
5
62
6
29
3
86
2
57
5
97
5
24
3
53
3
19
4
94
3
98
4
56
3
99
4
68
5
66
4
19
4
28
2
91
3
24
3
4
5
16
4
24
6
18
6
8
4
99
6
9
4
98
6
99
5
59
3
9
4
17
6
18
6
99
3
27
6
16
3
72
4
46
5
65
2
69
4
16
3
39
2
9
2
86
4
39
3
27
6
98
2
65
2
19
2
29
3
5
3
29
3
68
5
83
3
69
2
79
4
44
4
55
6
39
5
48
3
54
5
84
3
85
3
4
5
29
5
92
2
87
3
72
3
33
3
94
2
83
4
99
2
99
2
53
6
66
4
85
4
16
5
79
6
38
4
49
2
25
4
24
3
69
5
78
3
79
5
88
2
19
6
66
2
15
3
13
5
29
4
65
6
39
3
54
6
28
3
44
2
69
4
62
4
39
3
85
2
4
3
78
2
66
2
76
6
96
4
75
2
42
4
92
3
89
3
37
5
44
6
83
4
92
3
36
3
19
6
25
5
27
2
43
3
95
2
26
4
49
3
96
3
63
5
22
5
4
6
19
1
22
2
27
5
45
5
28
3
44
4
78
4
72
3
85
6
65
4
79
3
19
3
89
3
75
2
22
6
92
2
78
5
88
5
45
2
28
4
26
5
17
6
49
5
75
2
35
2
92
5
99
2
79
4
92
5
44
4
8
3
67
6
24
4
89
5
9
5
35
6
3
4
87
3
29
2
63
5
39
2
18
4
26
4
12
2
26
5
93
5
6
5
66
4
13
5
29
6
79
4
32
6
79
6
15
6
7
4
5
4
39
2
28
4
15
4
79
6
49
3
79
4
55
3
64
4
76
4
57
5
4
5
47
5
22
6
39
2
63
1
15
3
59
6
29
6
34
3
36
3
29
3
65
2
88
3
83
5
34
6
9
3
69
6
37
4
88
3
58
4
47
4
44
6
29
2
33
4
59
5
89
2
52
3
73
4
55
5
18
4
85
3
99
4
57
5
49
4
99
3
12
3
19
6
29
6
86
3
47
5
88
6
46
2
14
5
47
2
49
5
7
5
19
4
82
2
15
2
46
3
16
6
63
5
26
6
89
6
29
5
45
2
98
3
23
4
39
5
82
3
79
6
6
3
29
1
25
3
37
2
2
6
65
2
84
5
4
6
29
2
42
5
32
6
93
2
39
5
79
5
6
5
28
3
17
5
68
5
59
4
49
5
54
4
5
4
9
6
83
2
29
2
89
2
9
2
34
3
19
3
34
6
89
4
15
6
39
4
73
4
34
4
19
3
49
3
74
3
68
2
3
5
99
2
39
6
99
2
79
4
93
6
18
5
65
3
59
3
86
4
54
3
36
2
29
5
59
2
38
5
39
5
99
5
16
3
32
3
69
6
35
6
35
4
66
3
13
4
34
6
33
2
59
4
36
6
79
3
49
3
69
4
29
3
3
4
9
4
77
1
70
4
69
6
39
5
59
6
95
5
29
3
76
3
37
4
23
3
99
2
42
2
24
3
3
5
35
3
36
6
74
2
6
3
89
6
13
3
2
3
28
2
76
3
29
4
59
6
79
4
52
5
14
6
17
6
34
4
2
5
22
5
56
5
76
4
56
3
33
0
50
5
9
5
49
3
53
2
19
4
54
2
37
0
10
3
73
2
59
2
99
6
39
3
55
2
4
3
19
3
18
4
39
3
62
4
77
2
97
4
59
4
25
4
12
4
79
3
39
4
79
2
34
4
16
5
15
2
76
5
97
4
77
5
39
5
42
5
85
5
72
5
73
4
99
6
29
4
28
6
98
4
64
4
72
5
22
6
59
2
59
6
6
6
29
6
4
3
96
6
89
6
67
2
39
2
45
5
59
4
69
2
59
1
95
2
84
2
19
4
79
6
24
6
45
3
83
3
39
4
29
2
76
4
85
5
46
4
52
1
90
6
27
6
9
2
76
6
17
4
83
3
29
4
77
5
57
5
13
0
40
2
24
3
12
5
45
2
17
3
69
3
85
3
64
3
77
4
69
4
72
2
35
4
16
3
38
2
43
3
72
4
59
4
88
3
88
4
26
4
79
3
79
6
19
2
26
3
19
3
34
2
75
3
85
4
89
3
8
3
6
5
74
2
69
6
68
3
26
2
68
5
76
3
89
2
69
5
77
3
55
3
13
6
39
2
84
4
19
6
48
3
93
3
59
2
2
5
7
3
18
4
82
6
27
6
99
4
4
6
53
5
18
2
93
6
99
5
56
3
57
5
72
3
19
5
97
4
58
5
58
2
77
4
79
3
83
2
39
3
14
6
43
5
19
6
5
3
77
6
89
2
17
3
96
3
2
3
89
2
66
1
29
4
59
2
77
5
39
5
28
4
69
4
43
0
0
4
73
3
39
2
18
6
98
5
23
6
85
4
47
3
25
5
68
4
40
3
52
4
34
4
59
3
73
2
79
2
47
2
72
3
64
3
9
0
70
5
79
3
13
5
6
3
12
5
73
4
88
6
59
2
59
1
54
5
76
3
46
0
28
6
49
3
38
6
55
2
33
2
59
6
36
6
38
6
55
3
56
6
39
2
86
2
75
5
43
5
59
5
9
6
93
4
76
4
4
6
99
1
15
2
79
4
19
6
7
3
8
5
64
2
46
6
95
2
63
4
19
4
32
6
19
5
25
4
86
3
76
5
18
6
24
6
38
5
96
5
9
6
33
4
59
5
43
2
55
5
55
3
99
3
46
3
24
2
12
3
46
3
94
4
19
6
99
5
36
1
39
3
25
2
74
6
62
5
29
3
75
2
66
4
45
2
76
5
94
4
34
1
47
2
4
2
8
6
59
6
14
2
95
4
49
4
35
6
29
2
32
4
93
2
84
6
19
2
84
4
19
2
26
5
87
5
47
4
57
6
39
6
5
6
65
6
6
4
36
4
89
5
36
2
89
3
65
3
69
5
69
5
39
4
76
6
13
3
44
5
12
5
3
4
9
4
49
6
29
5
25
3
73
3
87
4
95
5
78
4
93
3
9
3
82
6
29
2
99
5
65
1
55
3
37
4
69
5
82
2
55
4
2
5
5
5
39
2
19
5
93
5
35
6
17
2
86
3
46
5
79
6
87
6
38
2
69
0
82
4
69
6
25
6
79
2
58
4
57
3
99
2
56
6
59
5
29
6
29
5
57
3
87
5
19
4
94
2
44
4
36
3
64
5
15
5
24
2
99
6
86
4
6
2
4
3
97
5
49
3
69
3
19
2
5
5
2
3
89
3
89
6
29
3
92
4
58
