7
5
5
46
8
80
4
57
8
26
4
24
0
10
7
7
7
69
7
19
5
9
7
39
5
74
8
60
4
99
4
99
5
55
4
64
8
70
6
49
6
48
6
17
6
56
6
89
8
70
7
88
5
9
5
68
4
59
8
67
8
28
6
85
8
75
5
87
7
39
7
98
6
48
5
79
5
35
7
48
5
64
4
99
5
54
7
48
7
59
6
99
6
29
6
26
7
59
8
79
5
9
4
45
7
36
4
98
6
99
6
19
7
25
5
19
6
96
5
86
6
19
0
70
7
46
5
5
6
55
7
39
6
5
5
49
0
10
6
19
7
5
6
96
6
85
4
74
7
59
6
5
5
39
7
79
4
89
8
25
5
69
7
94
8
96
6
45
8
95
0
50
5
59
8
96
8
47
4
74
7
39
4
24
6
59
8
90
4
64
7
34
8
27
5
39
7
45
4
18
7
84
8
48
8
1
6
29
8
76
4
96
4
29
6
17
5
37
6
79
8
10
5
89
8
9
6
17
5
79
5
57
6
89
7
19
8
45
7
74
4
69
7
59
7
39
8
68
4
39
7
15
6
59
7
76
8
99
7
79
5
19
8
86
4
58
4
94
0
50
6
49
7
39
6
69
4
59
8
29
8
30
7
16
6
89
4
99
5
49
5
24
8
88
8
56
4
49
6
38
4
77
4
58
6
79
4
28
6
55
8
99
4
39
6
69
5
39
4
38
4
29
4
9
4
68
6
59
6
88
6
45
5
38
8
27
8
40
4
79
7
76
4
78
6
56
8
49
7
39
7
69
8
50
0
30
8
89
7
39
8
98
7
8
5
18
8
99
4
69
7
24
4
69
7
49
5
99
6
15
4
29
7
99
5
17
6
24
5
29
5
46
6
56
8
90
8
35
5
17
4
96
5
27
8
50
6
78
5
59
6
69
7
24
5
19
5
5
7
35
6
69
4
89
4
39
8
27
6
99
6
96
5
67
7
99
4
6
6
79
4
9
7
95
5
48
4
84
7
27
4
65
6
27
6
69
8
70
6
99
6
19
8
96
6
56
8
35
4
7
6
49
8
90
6
29
4
85
7
89
8
70
7
59
4
27
8
5
4
65
5
79
4
98
4
85
5
84
4
55
5
47
6
99
5
19
7
19
6
67
4
75
5
99
7
99
6
48
6
94
4
74
8
67
8
17
8
16
5
89
5
89
6
88
7
65
7
38
4
89
6
79
4
35
4
7
7
64
8
30
5
88
4
59
7
99
7
26
5
55
5
19
6
96
5
99
6
58
5
99
6
69
7
68
6
19
6
29
4
91
5
26
5
6
7
18
6
26
8
20
8
10
6
99
8
10
6
99
8
99
7
59
5
9
6
19
8
20
8
99
5
29
8
18
5
74
6
48
7
67
4
69
6
18
5
39
4
9
2
86
6
39
5
29
8
99
2
67
4
19
4
29
5
7
5
29
5
69
7
85
5
69
4
79
6
46
6
57
8
40
7
49
5
56
7
86
5
87
3
6
7
29
7
94
4
89
5
74
5
35
5
96
4
85
6
99
4
99
4
55
8
68
6
87
6
18
7
79
8
40
6
49
4
27
6
26
5
69
7
79
5
79
7
89
4
19
8
68
4
17
5
15
7
29
6
67
8
40
5
56
8
30
5
46
4
69
6
64
6
39
5
87
4
6
5
79
4
68
4
78
8
98
6
77
4
44
6
94
5
89
5
39
7
46
8
85
6
94
5
38
5
19
8
27
7
29
4
45
5
97
4
28
6
49
5
98
5
65
7
24
7
6
8
20
1
24
4
29
7
47
7
29
5
46
6
79
6
74
5
87
8
67
6
79
5
19
5
89
5
77
4
24
8
92
2
79
7
89
7
47
4
29
6
28
7
19
8
50
7
75
4
37
4
94
7
99
4
79
6
94
7
46
6
9
5
69
8
26
6
89
7
9
7
37
8
5
6
89
5
29
2
65
7
39
4
19
6
28
6
14
4
28
7
95
7
8
7
68
6
15
7
29
8
80
6
34
8
80
8
17
8
9
6
7
6
39
4
29
6
17
6
79
8
50
5
79
6
57
5
66
6
78
6
59
7
6
7
49
7
24
8
40
4
65
1
17
5
59
8
30
8
36
5
38
5
29
5
67
4
89
5
85
7
34
8
10
5
69
8
39
6
89
5
58
6
49
6
46
8
30
4
35
6
59
7
89
4
54
5
75
6
57
7
19
6
87
5
99
6
59
7
49
6
99
5
14
5
19
8
30
8
88
5
49
7
88
8
48
4
16
7
49
4
49
7
7
7
19
6
84
4
17
4
48
5
18
8
65
7
28
8
90
8
30
7
47
4
99
5
25
6
39
7
84
5
79
8
8
5
29
1
27
5
39
4
4
8
67
4
84
7
6
8
30
4
44
7
34
8
95
4
39
7
79
7
8
7
29
5
19
7
69
7
59
6
49
7
56
6
7
6
9
8
85
4
29
4
89
4
9
2
36
5
19
5
36
8
90
6
17
8
40
6
75
6
36
6
19
5
49
5
76
3
69
4
5
7
99
4
39
8
99
4
79
6
95
8
20
7
67
5
59
5
88
6
56
5
38
4
29
7
59
4
39
7
39
7
99
7
18
5
34
5
69
8
37
8
37
6
68
3
15
6
34
8
35
4
59
6
38
8
80
5
49
5
69
6
29
5
5
6
9
6
79
1
70
6
69
8
40
7
59
8
97
7
29
5
76
5
39
6
25
5
99
4
44
4
26
5
5
7
37
5
38
8
76
4
8
5
89
8
15
5
4
5
29
4
78
5
29
6
59
8
80
6
54
7
16
8
19
8
36
6
2
7
24
7
58
7
78
6
58
5
35
0
50
7
9
7
49
5
55
4
19
6
56
4
39
0
10
5
75
4
59
4
99
8
40
5
57
4
6
5
19
5
18
6
39
5
62
6
79
4
99
6
59
4
27
6
14
6
79
5
39
6
79
4
36
6
18
7
17
2
76
7
99
6
79
7
39
7
44
7
87
7
74
7
75
6
99
8
30
6
29
8
99
6
66
6
72
7
24
8
60
4
59
8
8
8
30
8
6
5
98
8
90
8
69
4
39
4
47
7
59
6
69
4
59
1
97
4
86
4
19
6
79
8
26
8
47
5
85
5
39
6
29
2
76
6
87
7
48
6
54
1
90
8
29
8
10
4
78
8
19
6
85
5
29
6
79
7
59
7
15
0
40
4
26
3
12
7
47
4
19
5
69
5
87
5
66
5
79
6
69
6
74
4
37
6
18
5
39
4
45
5
74
6
59
6
89
5
89
6
28
6
79
5
79
8
20
4
28
3
19
5
36
4
77
5
87
6
89
5
9
3
8
7
76
4
69
8
70
5
28
4
69
7
78
5
89
4
69
7
79
5
57
5
15
8
40
4
84
6
19
8
50
3
95
5
59
4
4
7
9
5
19
6
84
8
29
8
99
6
6
8
55
7
19
4
95
8
99
7
58
5
59
7
74
5
19
7
97
6
59
7
59
2
79
6
79
5
85
4
39
5
16
8
45
7
19
8
7
5
79
8
90
4
19
5
98
5
4
3
89
4
68
1
29
6
59
4
79
7
39
7
29
6
69
6
45
0
0
6
75
5
39
4
19
8
99
7
25
8
87
6
49
5
27
7
69
4
40
5
54
6
36
6
59
3
73
4
79
4
49
4
74
5
66
5
9
0
70
7
79
5
15
7
8
5
12
7
75
6
89
8
60
4
59
1
56
7
78
5
48
0
29
8
50
5
39
8
57
4
35
4
59
8
38
8
40
8
57
5
58
8
40
4
88
4
75
7
45
7
59
7
9
8
95
6
78
6
6
8
99
1
17
4
79
6
19
8
9
5
9
7
66
4
48
8
97
4
65
6
19
6
34
8
20
7
27
6
88
5
78
7
18
8
26
8
40
7
96
7
9
8
35
6
59
7
45
4
57
7
57
5
99
5
48
5
26
4
14
3
48
5
96
6
19
8
99
7
38
1
39
5
27
4
76
8
62
7
29
5
77
2
68
6
47
4
78
7
96
6
36
1
49
4
6
4
9
8
60
8
16
4
97
6
49
6
37
8
30
4
34
6
95
4
86
8
20
4
86
6
19
4
28
7
89
7
49
6
59
8
40
8
7
8
67
8
8
6
38
6
89
7
38
4
89
5
65
5
69
7
69
7
39
6
78
8
15
5
46
7
14
7
5
6
9
6
49
8
30
7
27
5
73
5
89
6
97
7
79
6
95
5
9
5
84
8
30
4
99
7
67
1
57
5
39
6
69
7
84
4
57
6
4
7
7
7
39
4
19
7
95
7
37
8
19
4
86
5
48
7
79
8
89
8
40
4
69
0
82
6
69
8
27
8
80
4
59
6
59
5
99
4
58
8
60
7
29
8
30
7
59
5
89
7
19
6
96
4
46
6
38
5
66
7
17
7
26
4
99
8
88
6
8
4
6
5
99
7
49
5
69
5
19
4
7
7
4
5
89
5
89
8
30
5
94
6
59
