9
14
19
61
19
94
9
64
9
34
9
34
0
10
9
14
9
74
19
34
9
14
9
44
17
89
9
64
9
99
9
99
9
64
9
74
9
74
19
63
19
63
19
32
9
64
9
94
9
74
9
94
9
14
9
74
9
64
9
74
9
34
9
94
18
90
9
87
9
44
9
99
19
63
19
92
9
44
19
63
9
74
9
99
9
64
19
63
9
64
9
99
9
34
9
34
9
64
19
94
9
14
18
60
9
44
9
99
9
99
19
33
9
34
19
32
9
99
9
94
19
33
0
70
19
61
9
14
9
64
9
44
9
14
19
62
0
10
19
33
9
14
9
99
9
94
17
89
9
64
9
14
9
44
19
94
9
94
9
34
9
74
9
99
9
99
18
60
9
99
0
50
9
64
9
99
9
47
17
89
9
44
9
34
9
64
9
94
9
74
9
44
9
34
9
44
18
60
19
31
9
94
19
63
9
1
9
34
19
91
9
96
9
34
19
32
9
44
19
93
9
14
9
94
9
14
19
32
19
92
9
64
9
94
19
34
18
60
17
89
9
74
9
64
9
44
9
74
9
44
18
30
9
64
19
91
9
99
19
94
19
32
9
94
9
64
9
99
0
50
19
63
9
44
9
74
9
64
9
34
9
34
19
31
9
94
9
99
19
62
9
34
9
94
9
64
19
61
9
44
19
91
9
64
19
93
9
34
9
64
9
99
9
44
9
74
9
44
9
44
9
34
9
14
9
74
9
64
9
94
18
60
9
44
9
34
9
44
19
91
19
91
19
91
9
64
19
64
9
44
9
74
19
64
0
30
9
94
9
44
9
99
9
14
19
32
9
99
9
74
9
34
9
74
19
64
9
99
18
30
9
34
9
99
19
32
9
34
9
34
19
61
9
64
9
94
9
44
19
32
9
99
9
34
19
64
19
93
9
64
9
74
9
34
19
32
9
14
9
44
9
74
9
94
9
44
9
34
9
99
9
99
9
74
9
99
9
14
19
93
9
14
9
99
19
62
9
94
9
34
9
74
9
34
9
74
9
74
9
99
19
33
9
99
9
64
9
44
9
14
19
63
9
94
9
34
8
85
9
94
9
74
9
64
9
34
9
14
9
74
19
92
9
99
9
94
9
94
9
64
19
62
9
99
19
32
19
34
9
74
18
90
9
99
9
99
19
63
9
99
17
89
9
74
19
32
9
16
9
94
9
94
9
94
9
74
9
44
9
94
19
93
9
44
9
14
9
74
9
34
9
94
9
64
9
99
9
34
9
64
19
32
9
99
9
99
9
64
9
99
9
74
9
74
19
33
9
34
9
91
9
34
9
14
19
33
9
34
19
34
9
14
9
99
9
14
9
99
9
99
9
64
9
14
19
33
19
34
9
99
9
34
19
33
17
89
19
63
9
74
9
74
19
33
9
44
9
14
2
86
9
44
9
34
9
99
2
69
19
31
9
34
9
14
9
34
9
74
9
94
9
74
19
91
19
61
9
64
9
44
19
64
9
64
9
94
9
94
3
9
9
34
9
99
9
94
17
89
9
44
9
99
9
94
9
99
9
99
9
64
9
74
9
94
19
33
19
94
9
44
19
63
9
34
9
34
9
74
19
94
19
92
9
94
19
31
9
74
19
31
18
30
9
34
9
74
9
44
9
64
9
34
19
61
9
74
9
74
9
44
9
94
9
14
19
92
9
74
19
91
9
99
19
92
17
59
9
99
9
94
9
44
19
61
9
94
9
99
9
44
19
32
9
34
9
34
18
60
9
99
9
34
19
63
9
99
9
74
9
34
9
14
19
34
1
29
9
34
19
62
9
34
19
61
19
93
17
89
9
94
9
74
19
93
19
32
9
94
19
92
9
34
9
92
2
79
9
94
19
62
9
34
9
34
19
34
19
64
8
75
9
44
9
99
9
99
19
91
9
99
19
61
9
14
9
74
9
34
9
94
9
14
9
44
9
14
9
94
9
34
2
69
9
44
19
31
9
34
17
29
9
34
9
99
9
14
9
74
18
30
9
34
19
94
9
44
19
94
19
32
9
14
9
14
9
44
9
34
19
32
19
93
19
64
19
92
9
64
9
74
19
93
9
64
9
14
19
64
9
34
9
44
9
74
1
19
9
64
9
34
9
44
9
44
9
34
9
74
9
94
9
94
9
34
9
14
9
74
9
44
9
94
9
58
19
63
19
61
9
34
9
44
9
64
9
94
9
64
18
90
9
64
19
34
9
94
9
99
9
64
19
64
9
99
17
29
19
32
9
34
9
94
19
62
9
88
19
63
19
31
19
64
19
61
9
7
19
34
9
94
19
31
19
61
19
32
9
74
9
34
9
94
9
34
19
62
9
99
9
34
9
44
9
94
19
92
9
14
9
34
1
29
9
44
9
14
9
74
9
84
9
14
9
34
17
59
9
44
9
99
9
44
19
94
9
14
9
34
19
32
9
74
9
64
19
63
9
64
9
14
9
14
9
94
9
34
9
94
9
14
2
39
19
32
9
44
9
94
19
32
9
44
18
90
9
44
19
33
19
62
19
91
3
69
9
14
9
99
9
44
9
99
19
91
9
99
19
34
9
74
9
64
9
94
9
64
9
44
9
34
9
64
9
44
9
44
9
99
19
33
9
44
9
74
9
44
9
44
9
74
3
19
9
34
9
44
9
64
9
44
19
94
19
62
9
74
9
34
9
14
9
14
19
93
1
70
9
74
9
44
9
64
9
99
9
34
9
76
9
44
9
34
9
99
17
59
9
34
9
14
9
44
9
44
19
91
9
14
9
94
18
30
9
14
9
34
19
91
9
34
9
64
19
94
9
64
19
31
19
34
9
44
9
2
9
34
9
64
19
93
9
64
9
44
0
50
9
14
19
64
9
64
19
31
9
64
9
44
0
10
18
90
9
64
9
99
9
44
9
64
9
14
19
32
9
18
9
44
9
62
19
93
9
99
9
64
4
29
17
29
19
93
9
44
19
93
9
44
19
33
19
32
2
76
9
99
19
93
9
44
17
59
9
94
17
89
18
90
9
99
9
34
9
34
9
99
9
74
9
72
9
34
9
64
9
64
9
14
9
34
9
14
9
99
9
94
9
74
9
44
19
61
9
64
9
74
9
64
1
99
9
94
19
31
19
93
9
34
19
62
9
94
9
44
9
34
2
76
9
94
19
63
9
64
1
90
9
34
9
14
19
91
19
34
9
94
9
34
19
93
9
64
18
30
0
40
9
34
3
12
19
62
19
31
9
74
9
94
9
74
19
92
9
74
17
89
9
44
19
33
9
44
18
60
17
89
9
64
9
94
9
94
9
34
19
93
19
92
19
34
9
34
3
19
9
44
19
91
9
94
9
94
9
14
3
9
19
91
9
74
9
74
9
34
9
74
19
93
9
94
9
74
19
94
9
64
18
30
9
44
19
82
19
33
19
64
3
99
9
64
9
14
9
14
19
32
9
94
9
34
9
99
9
14
9
64
19
34
9
99
9
99
9
64
9
64
17
89
19
32
9
97
9
64
9
64
2
79
19
93
9
94
9
44
19
31
18
60
19
34
9
14
19
92
9
94
19
31
9
99
9
14
3
89
9
74
1
29
9
64
19
91
9
44
9
34
9
74
18
60
0
0
18
90
9
44
19
31
9
99
9
34
9
94
19
63
9
34
9
74
4
40
9
64
9
44
9
64
3
73
19
91
19
61
17
89
9
74
9
14
0
70
19
94
18
30
9
14
9
12
18
90
9
94
9
64
9
64
1
59
19
93
19
62
0
29
19
64
9
44
9
64
9
44
9
64
9
44
9
44
9
64
9
64
9
44
9
94
8
75
18
60
9
64
9
14
9
99
19
93
9
14
9
99
1
19
19
91
19
33
9
14
9
14
9
74
19
61
9
99
9
74
19
33
9
44
19
34
9
34
9
94
19
92
9
18
9
34
9
44
9
96
9
14
9
44
9
64
18
60
9
64
9
64
9
99
19
62
9
34
17
29
3
49
9
99
19
33
9
99
9
44
1
39
9
34
19
91
9
62
9
34
19
92
2
69
19
62
19
91
9
99
9
44
1
49
9
14
9
14
9
64
19
31
9
99
19
63
9
44
9
34
9
44
9
99
9
94
19
34
9
94
19
33
9
34
9
94
19
64
9
64
9
44
9
14
9
74
9
14
9
44
9
94
9
44
9
94
8
65
9
74
9
74
9
44
19
93
18
30
19
61
17
29
9
14
9
14
19
63
9
34
9
34
9
73
9
94
9
99
19
94
9
99
9
14
9
94
9
34
9
99
9
74
1
59
9
44
9
74
9
94
9
64
9
14
9
14
9
39
19
31
9
99
9
44
19
34
9
86
19
62
19
94
9
94
9
44
9
74
0
82
9
74
9
34
19
94
9
64
9
64
9
99
9
64
9
64
9
34
9
34
9
64
9
94
19
34
9
99
19
61
9
44
9
74
19
32
9
34
9
99
9
94
9
14
9
14
9
99
19
64
9
74
19
32
9
14
9
14
9
94
9
94
9
34
9
99
9
64
