9
8
8
49
11
83
7
59
9
29
7
27
0
10
9
10
9
72
10
22
8
10
9
42
8
77
9
63
7
99
7
99
8
58
7
67
9
73
9
51
9
51
9
20
9
59
9
91
9
73
9
91
8
10
8
70
7
59
9
70
9
31
9
88
9
78
8
87
9
42
9
99
9
51
8
80
8
38
9
51
8
67
7
99
8
57
9
51
9
62
9
99
9
31
9
29
9
62
10
82
8
10
7
48
9
39
7
99
9
99
9
21
9
28
8
20
9
99
8
89
9
21
0
70
9
49
8
8
9
58
9
42
9
8
8
50
0
10
9
21
9
8
9
99
9
88
7
77
9
62
9
8
8
40
10
82
7
89
9
28
8
70
9
97
9
99
9
48
9
98
0
50
8
60
9
99
9
47
7
77
9
42
7
27
9
61
9
93
7
67
9
37
9
30
8
40
9
48
7
19
9
87
9
51
9
1
9
31
9
79
7
96
7
29
9
20
8
40
9
81
9
13
8
90
9
12
9
20
8
80
8
60
9
91
10
22
9
48
9
77
7
69
9
62
9
42
9
71
7
39
9
18
9
61
9
79
9
99
10
82
8
20
9
89
7
59
7
97
0
50
9
51
9
42
9
71
7
59
9
32
9
33
9
19
9
91
7
99
8
50
8
27
9
91
9
59
7
49
9
41
7
79
7
59
9
81
7
29
9
58
9
99
7
39
9
71
8
40
7
39
7
29
7
9
7
69
9
61
9
91
9
48
8
40
9
30
9
43
7
79
9
79
7
79
9
59
10
52
9
42
9
72
11
53
0
30
9
92
9
42
9
99
9
11
8
20
9
99
7
69
9
27
7
69
10
52
8
99
9
18
7
29
9
99
8
20
9
27
8
30
8
49
9
59
9
93
9
38
8
20
7
99
8
30
11
53
9
81
8
60
9
71
9
27
8
20
8
8
9
38
9
71
7
89
7
39
9
30
9
99
9
99
8
70
9
99
7
9
9
81
7
9
9
98
8
50
7
87
9
30
7
68
9
30
9
71
9
73
9
99
9
21
9
99
9
59
9
38
7
9
9
51
9
93
9
31
7
85
9
92
9
73
9
62
7
29
9
8
7
68
8
80
7
99
7
88
8
87
7
58
8
50
9
99
8
20
10
22
9
70
7
78
8
99
9
99
9
51
9
97
7
77
9
70
9
20
9
16
8
90
8
90
9
91
9
68
9
41
7
89
9
81
7
38
7
9
9
67
9
33
8
90
7
59
9
99
9
29
8
58
8
20
9
99
8
99
9
61
8
99
9
71
9
71
9
21
9
31
7
91
8
29
8
9
9
21
9
29
11
23
9
13
9
99
9
13
9
99
9
99
9
62
8
10
9
21
11
23
9
99
8
30
9
21
8
77
9
51
9
70
7
69
9
21
8
40
7
9
2
86
9
41
8
30
9
99
2
69
7
19
7
29
8
10
8
30
8
70
9
88
8
70
7
79
9
49
9
60
9
43
10
52
8
59
9
89
8
90
3
9
9
32
9
97
7
89
8
77
8
38
8
99
7
88
9
99
7
99
7
58
9
71
9
90
9
21
10
82
9
43
9
51
7
29
9
29
8
70
10
82
8
80
9
92
7
19
9
71
7
19
8
18
9
32
9
70
9
43
8
59
9
33
8
49
7
69
9
67
9
41
8
90
7
9
8
80
7
69
7
79
9
99
9
80
7
47
9
97
8
90
8
40
9
49
9
88
9
97
8
40
8
20
9
30
9
32
7
48
8
99
7
29
9
51
8
99
8
68
9
27
9
9
11
23
1
27
7
29
9
50
9
32
8
49
9
81
9
77
8
90
9
70
9
81
8
20
8
90
8
80
7
27
9
92
2
79
9
92
9
50
7
29
9
31
10
22
11
53
8
75
7
39
7
97
9
99
7
79
9
97
9
49
9
11
8
70
9
29
9
91
9
12
9
40
9
8
9
91
8
30
2
68
9
42
7
19
9
31
9
17
7
29
9
98
9
11
9
71
9
18
9
32
11
83
9
37
11
83
9
20
9
12
9
10
9
41
7
29
9
20
9
81
11
53
8
80
9
60
8
69
9
81
9
61
9
9
10
52
9
27
9
43
7
68
1
19
8
60
9
33
9
39
8
40
8
30
8
70
7
89
8
88
9
34
9
13
8
70
9
42
9
91
8
58
9
51
9
49
9
33
7
38
9
61
9
92
7
57
8
78
9
60
10
22
9
90
8
99
9
61
10
52
9
99
8
17
8
20
9
33
9
91
8
50
9
88
9
51
7
19
10
52
7
49
9
7
10
22
9
87
7
19
7
49
8
20
9
68
9
31
9
93
9
33
9
50
7
99
8
28
9
41
9
87
8
80
9
11
8
30
1
29
8
40
7
7
9
70
7
84
9
9
9
33
7
47
9
37
9
98
7
39
10
82
9
11
9
32
8
20
9
72
9
62
9
51
9
59
9
10
9
11
9
88
7
29
7
89
7
9
2
39
8
20
8
39
9
93
9
20
9
43
9
78
9
39
9
21
8
50
8
79
3
69
7
8
9
99
7
39
9
99
7
79
9
98
11
23
9
70
8
60
8
90
9
59
8
40
7
29
9
62
7
39
9
42
9
99
9
21
8
37
8
70
9
40
9
40
9
71
3
18
9
34
9
38
7
59
9
41
11
83
8
50
8
70
9
31
8
8
9
11
9
81
1
70
9
71
9
43
9
62
9
99
9
32
8
76
8
40
9
28
8
99
7
47
7
29
8
8
9
40
8
40
9
79
7
9
8
90
9
18
8
7
8
30
7
79
8
30
9
61
11
83
9
57
9
19
10
22
9
39
9
2
9
27
9
61
9
81
9
61
8
38
0
50
9
12
10
52
8
58
7
19
9
59
7
39
0
10
8
78
7
59
7
99
9
43
8
60
7
9
8
20
8
18
9
41
8
62
9
81
7
99
9
61
4
29
9
17
9
81
8
40
9
81
7
39
9
21
9
20
2
76
9
99
9
81
9
42
9
47
9
90
9
77
9
78
9
99
9
33
9
31
9
99
9
69
9
72
9
27
9
63
7
59
9
11
9
33
9
9
8
99
9
93
9
72
7
39
7
49
9
62
9
71
7
59
1
99
7
89
7
19
9
81
9
29
9
50
8
88
8
40
9
31
2
76
9
90
9
51
9
57
1
90
9
32
9
13
7
79
10
22
9
88
8
30
9
81
9
62
9
18
0
40
7
29
3
12
9
50
7
19
8
70
8
90
8
69
8
80
9
71
9
77
7
39
9
21
8
40
7
48
8
77
9
61
9
91
8
90
9
31
9
81
8
80
11
23
7
29
3
19
8
39
7
79
8
90
9
91
8
10
3
9
9
79
7
69
9
73
8
30
7
69
9
81
8
90
7
69
10
82
8
60
8
18
9
43
7
84
9
21
11
53
3
98
8
60
7
7
9
12
8
20
9
87
9
32
9
99
9
9
9
58
10
22
7
98
9
99
9
61
8
60
9
77
8
20
9
97
9
61
9
62
2
79
9
81
8
88
7
39
8
19
9
48
10
22
9
10
8
80
9
93
7
19
8
99
8
7
3
89
7
69
1
29
9
61
7
79
9
42
9
32
9
71
9
48
0
0
9
78
8
40
7
19
9
99
9
28
9
90
9
51
8
30
9
72
4
40
8
57
9
39
9
61
3
73
7
79
7
49
7
77
8
69
8
10
0
70
10
82
8
18
9
11
8
12
9
78
9
91
9
63
7
59
1
59
9
81
8
50
0
29
11
53
8
40
9
60
7
38
7
59
9
41
9
43
9
60
8
60
9
43
7
89
7
75
9
48
9
62
9
12
9
98
9
81
9
9
9
99
1
19
7
79
9
21
9
12
8
10
9
69
7
49
9
99
7
68
9
21
9
37
11
23
9
30
9
91
8
80
9
18
9
29
9
43
9
96
9
12
9
38
9
61
9
48
7
59
9
60
8
99
8
50
8
29
7
17
3
49
8
99
9
21
9
99
9
41
1
39
8
30
7
79
9
62
9
32
8
80
2
69
9
50
7
79
9
99
9
39
1
49
7
9
7
9
9
63
9
19
7
99
9
51
9
40
9
33
7
37
9
98
7
89
11
23
7
89
9
21
7
29
9
92
10
52
9
61
9
43
9
10
9
70
9
11
9
41
9
91
9
41
7
89
8
65
8
70
9
72
9
42
9
81
9
18
8
49
9
17
9
8
9
11
9
51
9
33
9
30
8
73
8
90
9
99
10
82
9
98
8
10
8
87
9
33
7
99
9
70
1
59
8
40
9
71
9
87
7
59
9
7
9
10
9
39
7
19
9
98
9
40
10
22
7
86
8
50
10
82
9
92
9
43
7
69
0
82
9
71
9
30
11
83
7
59
9
61
8
99
7
59
9
63
9
32
9
33
9
62
8
90
10
22
9
99
7
49
9
41
8
69
9
20
9
29
7
99
9
91
9
11
7
9
8
99
10
52
8
70
8
20
7
9
9
7
8
90
8
90
9
33
8
97
9
61
