9
13
12
54
16
88
9
64
9
34
9
32
0
10
9
14
9
74
15
27
9
14
9
44
10
82
9
64
9
99
9
99
9
63
9
72
9
74
14
56
14
56
13
25
9
64
9
94
9
74
9
94
9
14
9
74
9
64
9
74
9
34
9
93
11
83
9
87
9
44
9
99
14
56
13
85
9
43
14
56
9
72
9
99
9
62
14
56
9
64
9
99
9
34
9
34
9
64
15
87
9
14
11
53
9
44
9
99
9
99
14
26
9
33
13
25
9
99
9
94
14
26
0
70
12
54
9
13
9
63
9
44
9
13
13
55
0
10
14
26
9
13
9
99
9
93
10
82
9
64
9
13
9
44
15
87
9
94
9
33
9
74
9
99
9
99
11
53
9
99
0
50
9
64
9
99
9
47
10
82
9
44
9
32
9
64
9
94
9
72
9
42
9
34
9
44
11
53
12
24
9
92
14
56
9
1
9
34
12
84
9
96
9
34
13
25
9
44
14
86
9
14
9
94
9
14
13
25
13
85
9
64
9
94
15
27
11
53
10
82
9
74
9
64
9
44
9
74
9
44
11
23
9
64
12
84
9
99
15
87
13
25
9
94
9
64
9
99
0
50
14
56
9
44
9
74
9
64
9
34
9
34
12
24
9
94
9
99
13
55
9
32
9
94
9
64
12
54
9
44
12
84
9
64
14
86
9
34
9
63
9
99
9
44
9
74
9
44
9
44
9
34
9
14
9
74
9
64
9
94
11
53
9
44
9
34
9
44
12
84
12
84
12
84
9
64
15
57
9
44
9
74
16
58
0
30
9
94
9
44
9
99
9
14
13
25
9
99
9
74
9
32
9
74
15
57
9
99
11
23
9
34
9
99
13
25
9
32
9
34
12
54
9
64
9
94
9
43
13
25
9
99
9
34
16
58
14
86
9
64
9
74
9
32
13
25
9
13
9
43
9
74
9
94
9
44
9
34
9
99
9
99
9
74
9
99
9
14
14
86
9
14
9
99
13
55
9
92
9
34
9
73
9
34
9
74
9
74
9
99
14
26
9
99
9
64
9
43
9
14
14
56
9
94
9
34
8
85
9
94
9
74
9
64
9
34
9
13
9
73
13
85
9
99
9
93
9
92
9
63
13
55
9
99
13
25
15
27
9
74
11
83
9
99
9
99
14
56
9
99
10
82
9
74
13
25
9
16
9
94
9
94
9
94
9
73
9
44
9
94
14
86
9
43
9
14
9
72
9
34
9
94
9
64
9
99
9
34
9
63
13
25
9
99
9
99
9
64
9
99
9
74
9
74
14
26
9
34
9
91
9
34
9
14
14
26
9
34
16
28
9
14
9
99
9
14
9
99
9
99
9
64
9
14
14
26
16
28
9
99
9
34
14
26
10
82
14
56
9
74
9
74
14
26
9
44
9
14
2
86
9
44
9
34
9
99
2
69
12
24
9
34
9
14
9
34
9
74
9
93
9
74
12
84
12
54
9
64
9
44
15
57
9
64
9
94
9
94
3
9
9
34
9
99
9
94
10
82
9
43
9
99
9
93
9
99
9
99
9
63
9
74
9
94
14
26
15
87
9
44
14
56
9
34
9
34
9
74
15
87
13
85
9
94
12
24
9
74
12
24
11
23
9
34
9
74
9
44
9
64
9
34
12
54
9
74
9
72
9
44
9
94
9
14
13
85
9
74
12
84
9
99
13
85
10
52
9
99
9
94
9
44
12
54
9
93
9
99
9
44
13
25
9
34
9
34
11
53
9
99
9
34
14
56
9
99
9
73
9
32
9
14
16
28
1
29
9
34
13
55
9
34
12
54
14
86
10
82
9
94
9
74
14
86
13
25
9
94
13
85
9
32
9
92
2
79
9
94
13
55
9
34
9
34
15
27
16
58
8
75
9
44
9
99
9
99
12
84
9
99
12
54
9
14
9
74
9
34
9
94
9
14
9
44
9
13
9
94
9
34
2
69
9
44
12
24
9
34
10
22
9
34
9
99
9
14
9
74
11
23
9
34
16
88
9
42
16
88
13
25
9
14
9
14
9
44
9
34
13
25
14
86
16
58
13
85
9
64
9
74
14
86
9
64
9
14
15
57
9
32
9
44
9
73
1
19
9
64
9
34
9
44
9
44
9
34
9
74
9
94
9
93
9
34
9
14
9
74
9
44
9
94
9
58
14
56
12
54
9
34
9
43
9
64
9
94
9
62
11
83
9
64
15
27
9
94
9
99
9
64
15
57
9
99
10
22
13
25
9
34
9
94
13
55
9
88
14
56
12
24
15
57
12
54
9
7
15
27
9
92
12
24
12
54
13
25
9
73
9
34
9
94
9
34
13
55
9
99
9
33
9
44
9
92
13
85
9
14
9
34
1
29
9
44
9
12
9
74
9
84
9
14
9
34
10
52
9
42
9
99
9
44
15
87
9
14
9
34
13
25
9
74
9
64
14
56
9
64
9
14
9
14
9
93
9
34
9
94
9
14
2
39
13
25
9
44
9
94
13
25
9
44
11
83
9
44
14
26
13
55
12
84
3
69
9
13
9
99
9
44
9
99
12
84
9
99
16
28
9
74
9
64
9
94
9
64
9
44
9
34
9
64
9
44
9
44
9
99
14
26
9
42
9
74
9
44
9
44
9
74
3
19
9
34
9
43
9
64
9
44
16
88
13
55
9
74
9
34
9
13
9
14
14
86
1
70
9
74
9
44
9
64
9
99
9
34
9
76
9
44
9
33
9
99
10
52
9
34
9
13
9
44
9
44
12
84
9
14
9
94
11
23
9
12
9
34
12
84
9
34
9
64
16
88
9
62
12
24
15
27
9
44
9
2
9
32
9
64
14
86
9
64
9
43
0
50
9
14
15
57
9
63
12
24
9
64
9
44
0
10
11
83
9
64
9
99
9
44
9
64
9
14
13
25
9
18
9
44
9
62
14
86
9
99
9
64
4
29
10
22
14
86
9
44
14
86
9
44
14
26
13
25
2
76
9
99
14
86
9
44
10
52
9
94
10
82
11
83
9
99
9
34
9
34
9
99
9
74
9
72
9
32
9
64
9
64
9
14
9
34
9
14
9
99
9
94
9
74
9
44
12
54
9
64
9
74
9
64
1
99
9
94
12
24
14
86
9
34
13
55
9
93
9
44
9
34
2
76
9
94
14
56
9
62
1
90
9
34
9
14
12
84
15
27
9
93
9
34
14
86
9
64
11
23
0
40
9
34
3
12
13
55
12
24
9
74
9
94
9
74
13
85
9
74
10
82
9
44
14
26
9
44
11
53
10
82
9
64
9
94
9
94
9
34
14
86
13
85
16
28
9
34
3
19
9
44
12
84
9
94
9
94
9
14
3
9
12
84
9
74
9
74
9
34
9
74
14
86
9
94
9
74
15
87
9
64
11
23
9
44
12
82
14
26
16
58
3
99
9
64
9
12
9
14
13
25
9
92
9
34
9
99
9
14
9
63
15
27
9
99
9
99
9
64
9
64
10
82
13
25
9
97
9
64
9
64
2
79
14
86
9
93
9
44
12
24
11
53
15
27
9
14
13
85
9
94
12
24
9
99
9
12
3
89
9
74
1
29
9
64
12
84
9
44
9
34
9
74
11
53
0
0
11
83
9
44
12
24
9
99
9
33
9
94
14
56
9
34
9
74
4
40
9
62
9
44
9
64
3
73
12
84
12
54
10
82
9
74
9
14
0
70
15
87
11
23
9
14
9
12
11
83
9
94
9
64
9
64
1
59
14
86
13
55
0
29
16
58
9
44
9
64
9
43
9
64
9
44
9
44
9
64
9
64
9
44
9
94
8
75
11
53
9
64
9
14
9
99
14
86
9
14
9
99
1
19
12
84
14
26
9
14
9
14
9
74
12
54
9
99
9
73
14
26
9
42
16
28
9
34
9
94
13
85
9
18
9
34
9
44
9
96
9
14
9
43
9
64
11
53
9
64
9
64
9
99
13
55
9
34
10
22
3
49
9
99
14
26
9
99
9
44
1
39
9
34
12
84
9
62
9
34
13
85
2
69
13
55
12
84
9
99
9
44
1
49
9
14
9
14
9
64
12
24
9
99
14
56
9
44
9
34
9
42
9
99
9
94
16
28
9
94
14
26
9
34
9
94
15
57
9
64
9
44
9
14
9
74
9
14
9
44
9
94
9
44
9
94
8
65
9
74
9
74
9
44
14
86
11
23
12
54
10
22
9
13
9
14
14
56
9
34
9
34
9
73
9
94
9
99
15
87
9
99
9
14
9
92
9
34
9
99
9
74
1
59
9
44
9
74
9
92
9
64
9
12
9
14
9
39
12
24
9
99
9
44
15
27
9
86
13
55
15
87
9
94
9
44
9
74
0
82
9
74
9
34
16
88
9
64
9
64
9
99
9
64
9
64
9
34
9
34
9
64
9
94
15
27
9
99
12
54
9
44
9
74
13
25
9
34
9
99
9
94
9
14
9
14
9
99
15
57
9
74
13
25
9
14
9
12
9
94
9
94
9
34
9
99
9
64
