6
4
4
45
7
79
3
56
7
25
3
23
0
10
6
6
6
69
6
19
4
8
6
39
4
73
7
59
3
99
3
99
4
54
3
63
7
69
5
49
5
47
5
16
5
55
5
89
7
69
6
87
4
8
4
67
3
59
7
66
7
27
5
84
7
74
4
87
6
39
6
97
5
47
4
79
4
34
6
47
4
63
3
99
4
53
6
47
6
59
5
99
5
28
5
25
6
59
7
78
4
9
3
44
6
35
3
97
5
99
5
19
6
24
4
19
5
95
4
85
5
19
0
70
6
45
4
4
5
54
6
39
5
4
4
49
0
10
5
19
6
4
5
95
5
84
3
73
6
59
5
4
4
39
6
79
3
88
7
24
4
69
6
93
7
95
5
44
7
94
0
50
4
59
7
95
7
47
3
73
6
38
3
23
5
59
7
89
3
63
6
33
7
26
4
39
6
44
3
17
6
83
7
47
7
1
5
29
7
75
3
96
3
28
5
16
4
36
5
79
7
9
4
88
7
8
5
16
4
79
4
56
5
89
6
19
7
44
6
73
3
69
6
59
6
39
7
67
3
38
6
14
5
59
6
75
7
99
6
79
4
19
7
85
3
57
3
93
0
50
5
49
6
39
5
69
3
59
7
28
7
29
6
15
5
88
3
99
4
49
4
23
7
87
7
55
3
49
5
37
3
76
3
57
5
79
3
27
5
54
7
99
3
39
5
69
4
38
3
37
3
29
3
9
3
67
5
59
5
87
5
44
4
37
7
26
7
39
3
79
6
75
3
77
5
55
7
48
6
38
6
68
7
49
0
30
7
88
6
39
7
97
6
7
4
17
7
98
3
69
6
23
3
69
6
49
4
99
5
14
3
29
6
99
4
16
5
23
4
29
4
45
5
55
7
89
7
34
4
16
3
95
4
26
7
49
5
77
4
59
5
69
6
23
4
19
4
4
6
34
5
68
3
89
3
39
7
26
5
98
5
95
4
66
6
98
3
5
5
79
3
8
6
94
4
47
3
83
6
26
3
64
5
26
5
69
7
69
5
99
5
19
7
95
5
55
7
34
3
6
5
49
7
89
5
29
3
85
6
89
7
69
6
59
3
26
7
4
3
64
4
79
3
97
3
84
4
83
3
54
4
46
5
99
4
19
6
19
5
66
3
74
4
98
6
99
5
47
5
93
3
73
7
66
7
16
7
16
4
89
4
89
5
87
6
64
6
37
3
89
5
79
3
34
3
6
6
63
7
29
4
87
3
58
6
98
6
25
4
54
4
19
5
95
4
99
5
57
4
99
5
69
6
67
5
19
5
29
3
91
4
25
4
5
6
17
5
25
7
19
7
9
5
99
7
9
5
99
7
99
6
59
4
9
5
18
7
19
7
99
4
28
7
17
4
73
5
47
6
66
3
69
5
17
4
39
3
9
2
86
5
39
4
28
7
99
2
66
3
19
3
29
4
6
4
29
4
69
6
84
4
69
3
79
5
45
5
56
7
39
6
49
4
55
6
85
4
86
3
5
6
29
6
93
3
88
4
73
4
34
4
95
3
84
5
99
3
99
3
54
7
67
5
86
5
17
6
79
7
39
5
49
3
26
5
25
4
69
6
79
4
79
6
89
3
19
7
67
3
16
4
14
6
29
5
66
7
39
4
55
7
29
4
45
3
69
5
63
5
39
4
86
3
5
4
79
3
67
3
77
7
97
5
76
3
43
5
93
4
89
4
38
6
45
7
84
5
93
4
37
4
19
7
26
6
28
3
44
4
96
3
27
5
49
4
97
4
64
6
23
6
5
7
19
1
23
3
28
6
46
6
29
4
45
5
79
5
73
4
86
7
66
5
79
4
19
4
89
4
76
3
23
7
92
2
79
6
89
6
46
3
29
5
27
6
18
7
49
6
75
3
36
3
93
6
99
3
79
5
93
6
45
5
9
4
68
7
25
5
89
6
9
6
36
7
4
5
88
4
29
2
64
6
39
3
19
5
27
5
13
3
27
6
94
6
7
6
67
5
14
6
29
7
79
5
33
7
79
7
16
7
8
5
6
5
39
3
29
5
16
5
79
7
49
4
79
5
56
4
65
5
77
5
58
6
5
6
48
6
23
7
39
3
64
1
16
4
59
7
29
7
35
4
37
4
29
4
66
3
89
4
84
6
34
7
9
4
69
7
38
5
89
4
58
5
48
5
45
7
29
3
34
5
59
6
89
3
53
4
74
5
56
6
19
5
86
4
99
5
58
6
49
5
99
4
13
4
19
7
29
7
87
4
48
6
88
7
47
3
15
6
48
3
49
6
7
6
19
5
83
3
16
3
47
4
17
7
64
6
27
7
89
7
29
6
46
3
99
4
24
5
39
6
83
4
79
7
7
4
29
1
26
4
38
3
3
7
66
3
84
6
5
7
29
3
43
6
33
7
94
3
39
6
79
6
7
6
29
4
18
6
69
6
59
5
49
6
55
5
6
5
9
7
84
3
29
3
89
3
9
2
35
4
19
4
35
7
89
5
16
7
39
5
74
5
35
5
19
4
49
4
75
3
69
3
4
6
99
3
39
7
99
3
79
5
94
7
19
6
66
4
59
4
87
5
55
4
37
3
29
6
59
3
39
6
39
6
99
6
17
4
33
4
69
7
36
7
36
5
67
3
14
5
34
7
34
3
59
5
37
7
79
4
49
4
69
5
29
4
4
5
9
5
78
1
70
5
69
7
39
6
59
7
96
6
29
4
76
4
38
5
24
4
99
3
43
3
25
4
4
6
36
4
37
7
75
3
7
4
89
7
14
4
3
4
29
3
77
4
29
5
59
7
79
5
53
6
15
7
18
7
35
5
2
6
23
6
57
6
77
5
57
4
34
0
50
6
9
6
49
4
54
3
19
5
55
3
38
0
10
4
74
3
59
3
99
7
39
4
56
3
5
4
19
4
18
5
39
4
62
5
78
3
98
5
59
4
26
5
13
5
79
4
39
5
79
3
35
5
17
6
16
2
76
6
98
5
78
6
39
6
43
6
86
6
73
6
74
5
99
7
29
5
29
7
99
5
65
5
72
6
23
7
59
3
59
7
7
7
29
7
5
4
97
7
89
7
68
3
39
3
46
6
59
5
69
3
59
1
96
3
85
3
19
5
79
7
25
7
46
4
84
4
39
5
29
2
76
5
86
6
47
5
53
1
90
7
28
7
9
3
77
7
18
5
84
4
29
5
78
6
58
6
14
0
40
3
25
3
12
6
46
3
18
4
69
4
86
4
65
4
78
5
69
5
73
3
36
5
17
4
39
3
44
4
73
5
59
5
89
4
89
5
27
5
79
4
79
7
19
3
27
3
19
4
35
3
76
4
86
5
89
4
9
3
7
6
75
3
69
7
69
4
27
3
69
6
77
4
89
3
69
6
78
4
56
4
14
7
39
3
84
5
19
7
49
3
94
4
59
3
3
6
8
4
19
5
83
7
28
7
99
5
5
7
54
6
19
3
94
7
99
6
57
4
58
6
73
4
19
6
97
5
59
6
59
2
78
5
79
4
84
3
39
4
15
7
44
6
19
7
6
4
78
7
89
3
18
4
97
4
3
3
89
3
67
1
29
5
59
3
78
6
39
6
29
5
69
5
44
0
0
5
74
4
39
3
19
7
99
6
24
7
86
5
48
4
26
6
69
4
40
4
53
5
35
5
59
3
73
3
79
3
48
3
73
4
65
4
9
0
70
6
79
4
14
6
7
4
12
6
74
5
89
7
59
3
59
1
55
6
77
4
47
0
29
7
49
4
39
7
56
3
34
3
59
7
37
7
39
7
56
4
57
7
39
3
87
3
75
6
44
6
59
6
9
7
94
5
77
5
5
7
99
1
16
3
79
5
19
7
8
4
9
6
65
3
47
7
96
3
64
5
19
5
33
7
19
6
26
5
87
4
77
6
18
7
25
7
39
6
96
6
9
7
34
5
59
6
44
3
56
6
56
4
99
4
47
4
25
3
13
3
47
4
95
5
19
7
99
6
37
1
39
4
26
3
75
7
62
6
29
4
76
2
67
5
46
3
77
6
95
5
35
1
48
3
5
3
9
7
59
7
15
3
96
5
49
5
36
7
29
3
33
5
94
3
85
7
19
3
85
5
19
3
27
6
88
6
48
5
58
7
39
7
6
7
66
7
7
5
37
5
89
6
37
3
89
4
65
4
69
6
69
6
39
5
77
7
14
4
45
6
13
6
4
5
9
5
49
7
29
6
26
4
73
4
88
5
96
6
79
5
94
4
9
4
83
7
29
3
99
6
66
1
56
4
38
5
69
6
83
3
56
5
3
6
6
6
39
3
19
6
94
6
36
7
18
3
86
4
47
6
79
7
88
7
39
3
69
0
82
5
69
7
26
7
79
3
59
5
58
4
99
3
57
7
59
6
29
7
29
6
58
4
88
6
19
5
95
3
45
5
37
4
65
6
16
6
25
3
99
7
87
5
7
3
5
4
98
6
49
4
69
4
19
3
6
6
3
4
89
4
89
7
29
4
93
5
59
