6
19
6
49
8
76
8
86
9
91
8
60
5
29
6
79
5
35
5
7
5
29
5
59
8
77
7
65
9
78
6
59
7
99
9
81
5
99
8
86
7
78
8
46
5
79
9
51
7
69
7
39
7
29
5
89
6
95
9
99
7
65
9
91
6
19
5
68
6
89
7
19
9
48
8
86
9
9
8
48
6
89
5
9
6
28
5
59
9
11
6
79
5
98
8
40
8
29
5
9
5
99
7
99
5
69
8
90
8
40
5
59
9
80
8
70
9
79
7
76
7
99
5
19
5
59
8
80
7
69
5
39
7
59
5
29
5
69
5
69
6
9
5
29
6
97
6
79
5
9
7
38
5
49
7
65
6
89
7
59
6
89
7
49
8
99
8
70
8
10
8
90
8
5
9
69
6
86
8
10
6
18
7
69
9
59
9
41
6
49
6
99
8
15
9
21
8
56
9
51
5
98
7
19
7
29
5
39
9
27
5
65
6
37
5
5
8
40
6
59
8
37
5
99
5
59
7
69
8
20
7
49
7
69
8
26
7
99
9
21
0
80
5
99
7
29
5
99
9
31
5
86
6
76
8
50
7
26
7
48
6
39
8
45
7
47
8
87
6
19
5
55
7
89
7
89
9
99
9
60
6
19
0
80
6
48
8
90
8
30
7
49
8
85
6
69
7
89
7
9
5
29
9
39
8
25
8
50
7
49
6
69
9
37
6
19
7
57
8
89
9
51
6
48
6
65
7
49
8
66
9
31
6
19
9
99
9
69
8
99
5
79
8
20
0
40
7
79
6
29
5
9
7
7
9
20
7
47
8
60
6
25
7
59
9
30
7
69
5
29
9
71
6
86
7
18
6
19
5
19
5
47
6
9
9
7
7
8
6
39
5
77
8
10
6
38
7
6
8
27
0
10
7
15
8
70
7
19
5
69
7
76
6
16
9
71
0
20
7
69
8
46
7
9
8
66
7
89
9
61
6
79
9
8
8
77
8
30
9
31
6
88
6
99
7
59
5
19
8
40
6
29
5
29
6
47
7
39
7
49
8
49
8
75
7
49
5
6
9
67
8
68
5
99
5
59
7
29
7
49
9
78
8
37
6
95
9
10
9
88
9
10
9
28
7
98
8
10
5
27
7
68
9
40
7
19
6
89
7
39
8
20
5
9
5
29
6
38
6
27
9
17
6
45
7
97
5
69
9
71
9
41
5
5
9
58
5
89
6
79
6
69
5
15
8
29
8
22
6
96
0
80
7
99
7
99
9
97
5
77
9
38
5
79
8
76
8
46
7
9
8
58
8
56
8
20
6
17
7
26
7
89
7
99
6
49
7
69
3
19
6
59
6
39
8
65
5
19
6
39
7
59
9
47
8
79
8
99
9
97
7
77
7
59
6
39
5
99
5
81
7
27
6
7
7
19
7
97
9
91
9
88
9
50
9
37
7
49
9
28
9
93
7
47
8
87
5
9
0
90
7
39
8
30
9
21
5
5
7
7
7
67
9
31
7
36
5
87
6
82
8
77
9
69
7
69
5
19
0
50
8
50
5
86
5
29
5
39
5
49
5
39
7
53
9
28
9
70
8
60
5
49
5
5
5
96
9
9
5
29
8
39
6
18
6
79
6
39
8
40
6
48
6
75
9
31
8
86
9
61
9
72
8
77
7
89
6
99
5
89
8
67
0
10
7
46
6
49
5
79
8
95
8
50
9
11
8
45
9
77
5
56
8
8
5
86
9
7
6
59
9
71
5
66
7
29
6
16
6
59
7
9
5
69
5
68
7
98
6
76
5
5
5
59
6
16
0
20
5
5
9
11
9
50
7
99
6
89
9
99
6
7
6
69
8
60
7
9
6
66
8
56
9
11
7
36
5
59
5
39
5
59
5
65
8
37
9
29
6
59
9
41
9
39
5
59
8
68
5
79
6
47
8
17
5
79
8
6
7
59
4
89
9
31
9
80
5
79
1
35
5
29
7
99
6
56
9
21
5
6
8
40
5
26
8
99
5
75
7
26
5
49
8
55
0
70
9
99
5
39
5
49
7
59
0
74
7
91
0
40
5
9
7
29
5
5
9
31
7
59
7
36
7
56
8
65
6
98
6
15
5
19
8
16
7
59
7
6
6
89
6
67
8
56
7
47
8
60
5
79
7
29
9
47
6
19
5
68
6
88
8
35
7
38
8
76
7
6
5
28
6
69
7
99
6
6
9
80
8
86
5
17
5
29
6
45
6
5
6
59
9
91
6
9
5
29
9
68
9
27
9
8
7
69
8
58
5
77
8
90
7
59
7
39
8
25
7
29
9
7
9
31
8
60
5
9
9
99
7
69
7
96
5
59
8
50
8
80
5
19
8
37
9
11
9
7
9
91
6
37
7
77
8
37
6
85
9
81
8
38
7
39
9
40
5
16
8
87
7
97
8
60
5
69
8
50
9
10
9
20
6
59
9
71
5
19
6
9
8
89
7
9
6
9
6
37
9
71
8
67
6
9
5
25
6
29
7
68
5
87
9
10
5
77
0
50
4
58
7
49
5
89
8
70
9
51
8
99
7
49
8
40
6
48
8
50
8
79
8
58
9
71
7
59
7
9
7
86
5
19
5
85
7
69
8
98
5
49
7
49
6
99
8
5
6
69
6
75
7
95
5
97
8
20
6
65
5
58
8
18
8
99
8
70
9
41
7
46
2
16
6
49
5
9
7
69
6
29
7
69
8
63
7
29
0
91
6
22
6
59
7
99
8
40
6
59
8
89
9
37
5
85
3
99
8
99
7
39
5
37
9
10
6
66
8
80
5
29
5
99
6
59
8
88
8
90
7
58
7
61
5
29
9
50
8
86
5
95
5
46
7
49
1
21
9
31
5
39
7
89
5
58
9
38
9
70
7
19
7
59
6
89
6
56
6
79
1
46
6
19
6
49
8
63
7
47
4
99
6
97
6
9
7
39
7
69
7
79
9
9
5
19
7
95
5
27
9
80
0
67
8
25
5
59
9
99
5
15
3
68
7
68
8
69
8
6
7
57
5
99
6
19
6
37
7
19
7
29
8
59
9
68
7
49
8
66
7
95
5
28
0
20
8
70
6
49
7
9
6
89
3
9
0
10
8
46
6
19
5
95
5
39
8
50
5
56
7
95
8
36
8
29
7
79
2
17
7
89
7
5
6
99
8
90
8
75
8
40
7
86
0
11
6
79
9
89
7
6
9
71
6
69
9
41
8
76
9
71
8
40
9
61
6
76
6
19
7
69
7
68
7
39
6
69
7
55
7
29
7
97
8
66
5
9
5
59
5
59
9
21
7
9
7
19
1
99
6
89
5
6
7
79
7
99
6
9
8
38
2
69
7
69
7
19
5
39
8
80
6
9
5
56
5
79
5
59
7
36
7
35
8
10
7
49
6
49
7
55
6
19
5
99
8
29
5
16
7
26
0
80
6
56
8
90
8
59
7
84
9
51
5
77
7
69
5
9
7
38
8
40
7
39
6
88
8
36
6
79
6
59
7
86
5
57
6
99
5
35
7
67
7
98
6
25
5
77
8
30
9
60
6
36
9
41
9
71
8
99
6
56
8
77
9
91
6
57
9
91
9
99
7
49
8
65
6
47
1
9
8
68
9
41
8
20
6
69
8
27
6
27
8
90
6
69
5
66
9
91
7
79
9
91
8
45
9
21
8
99
6
79
5
15
7
99
5
17
7
49
5
99
5
47
9
11
5
59
7
69
1
99
6
5
5
16
7
79
8
19
0
50
7
79
7
37
5
79
7
46
8
56
7
7
6
66
5
29
7
96
7
29
5
19
5
6
9
31
5
46
6
27
5
29
8
9
7
19
8
15
8
80
6
29
5
88
7
38
9
89
7
9
5
46
2
85
5
58
5
95
6
9
7
97
8
86
8
7
8
7
6
98
7
49
5
59
5
99
8
10
6
9
7
39
8
36
6
39
5
15
9
7
5
59
6
76
9
21
6
65
5
99
6
39
5
96
7
18
6
15
5
96
8
80
7
59
9
71
5
9
9
33
8
20
8
86
7
79
9
77
9
29
8
9
6
47
7
7
7
59
2
5
8
99
6
59
8
99
8
40
8
96
8
30
7
36
8
76
5
9
7
15
6
67
7
19
6
9
5
29
9
21
8
30
7
88
7
99
1
59
6
37
5
16
9
51
6
57
5
8
5
99
8
15
7
28
8
29
7
28
3
44
6
53
8
70
7
63
7
79
5
39
5
99
5
39
6
49
9
71
7
19
8
30
5
19
7
3
9
61
8
99
5
5
9
7
6
49
8
80
7
99
9
81
6
55
8
40
1
59
9
81
6
29
9
50
5
38
9
61
8
60
6
28
6
19
5
79
6
26
7
8
7
77
8
78
9
98
6
79
8
80
7
95
5
19
3
45
5
77
8
78
8
70
6
39
9
98
8
70
6
99
9
48
3
9
6
27
8
15
7
99
8
70
9
51
6
77
2
69
8
49
6
9
5
69
5
65
5
88
5
99
6
19
5
89
8
85
6
18
9
7
