2
15
2
49
5
72
4
82
5
87
4
59
1
25
2
78
1
31
1
3
1
28
1
58
4
73
3
61
5
74
2
59
3
95
5
78
1
99
4
82
3
74
4
42
1
79
5
49
3
67
3
39
3
26
1
89
2
91
5
97
3
61
5
88
2
18
1
64
2
89
3
15
5
44
4
82
5
5
4
44
2
89
1
7
2
24
1
55
5
9
2
79
1
94
4
38
4
25
1
6
1
99
3
97
1
65
4
88
4
36
1
56
5
76
4
67
5
75
3
72
3
98
1
17
1
55
4
78
3
69
1
39
3
58
1
25
1
65
1
66
2
7
1
27
2
93
2
78
1
8
3
34
1
46
3
61
2
86
3
57
2
88
3
46
4
96
4
69
4
6
4
87
4
1
5
65
2
82
4
8
2
14
3
69
5
55
5
38
2
46
2
99
4
11
5
19
5
52
5
47
1
94
3
18
3
29
1
37
5
23
1
61
2
33
1
1
4
39
2
59
4
33
1
99
1
59
3
65
4
19
3
49
3
66
5
22
3
98
5
19
0
80
1
95
3
25
1
97
5
27
1
82
2
72
4
48
3
22
3
44
2
38
4
41
3
43
4
83
2
19
1
51
3
86
3
87
5
96
5
56
2
17
0
80
2
44
4
89
4
26
3
48
4
81
2
69
3
87
3
9
1
27
5
35
4
21
4
46
3
49
2
69
5
33
2
19
3
57
4
85
5
47
2
44
2
61
3
48
5
62
5
29
2
16
5
98
5
65
4
97
1
75
4
18
0
40
3
79
2
28
1
9
3
3
5
16
3
43
4
59
2
21
3
56
5
26
3
67
1
29
5
67
2
82
3
14
2
18
1
18
1
43
2
9
5
3
3
4
2
38
1
73
4
6
2
34
3
2
4
23
0
10
3
11
4
66
3
19
1
69
3
72
2
12
5
69
0
20
3
67
4
42
3
7
4
62
3
87
5
57
2
79
5
4
4
73
4
29
5
27
2
84
2
96
3
57
1
18
4
39
2
29
1
25
2
43
3
39
3
49
4
45
4
71
3
49
1
2
5
63
4
64
1
96
1
55
3
25
3
48
5
74
4
33
2
91
5
6
5
84
5
6
5
24
3
94
4
7
1
23
3
64
5
36
3
17
2
89
3
36
4
17
1
6
1
28
2
34
2
23
5
13
2
41
3
93
1
67
5
69
5
39
1
1
5
54
1
89
2
79
2
68
1
11
4
25
4
22
2
92
0
80
3
97
3
96
5
93
1
73
5
34
1
76
5
72
5
42
3
7
4
54
4
52
4
16
2
13
3
22
3
89
3
99
2
49
3
67
3
17
2
57
2
36
4
61
1
15
2
39
3
56
5
43
4
75
4
98
5
93
3
73
3
59
2
39
1
99
1
81
3
23
2
3
3
19
3
93
5
87
5
84
5
46
5
33
3
46
5
24
5
93
3
43
4
83
1
7
0
90
3
39
4
27
5
17
1
1
3
3
3
67
5
29
3
32
1
83
2
82
4
73
5
65
3
65
1
17
0
50
4
46
1
86
1
27
1
39
1
49
1
37
3
53
5
24
5
66
4
59
1
48
1
1
1
92
5
5
1
26
4
35
2
14
2
79
2
37
4
37
2
44
2
71
5
29
5
82
5
57
5
72
4
73
3
86
2
98
1
89
4
63
0
10
3
42
2
49
1
76
4
95
4
49
5
7
4
45
5
73
1
52
4
4
1
82
5
3
2
59
5
67
1
62
3
28
2
12
2
59
3
7
1
69
1
64
3
98
2
72
1
1
1
55
2
12
0
20
1
1
5
9
5
46
3
95
2
85
5
97
2
3
2
68
4
59
3
5
2
62
5
52
5
8
3
32
1
58
1
35
1
59
1
61
4
33
5
25
2
55
5
37
5
35
1
59
4
64
1
78
2
43
4
13
1
76
5
2
3
55
4
86
5
29
5
76
1
79
1
31
1
26
3
99
2
52
5
19
1
2
4
37
1
22
4
95
1
71
3
22
1
47
4
51
0
70
5
96
1
39
1
46
3
59
0
74
3
95
0
40
1
9
3
25
1
1
5
27
3
56
3
32
3
52
4
61
2
94
2
11
1
19
4
12
3
56
3
2
2
88
2
63
4
52
3
43
4
57
1
75
3
25
5
43
2
16
1
64
2
84
4
31
3
34
4
72
3
2
1
24
2
67
3
99
2
2
5
76
5
82
1
13
1
27
2
41
2
1
2
59
5
87
2
9
1
26
5
64
5
23
5
4
3
67
4
54
1
73
4
89
3
55
3
37
4
21
3
27
5
3
5
29
4
57
1
9
5
96
3
66
3
92
1
56
4
47
4
78
1
17
4
33
5
8
5
3
5
89
2
33
3
73
4
33
2
81
5
79
4
34
3
39
5
36
1
12
4
83
3
93
4
57
1
66
4
49
5
6
5
16
2
57
5
69
1
16
2
9
4
85
3
8
2
6
2
33
5
68
4
63
2
8
1
21
2
28
3
64
1
83
5
6
1
77
0
50
4
58
3
45
1
86
4
69
5
48
4
99
3
47
4
38
2
44
4
49
4
75
4
54
5
69
3
59
3
7
3
82
1
19
1
81
3
69
4
94
1
48
3
47
2
99
4
1
2
65
2
71
3
91
1
93
4
18
2
61
1
54
4
14
4
98
4
66
5
39
3
42
2
12
2
45
1
6
3
69
2
27
3
69
4
63
3
26
0
91
2
22
2
57
3
96
4
38
2
59
4
85
5
33
1
81
3
99
4
98
3
37
1
33
5
6
2
62
4
77
1
28
1
95
2
56
4
84
4
86
3
54
3
61
1
29
5
46
4
82
1
91
1
42
3
49
1
21
5
29
1
37
3
89
1
54
5
34
5
66
3
18
3
57
2
85
2
52
2
75
1
42
2
19
2
48
4
63
3
43
4
95
2
93
2
7
3
39
3
65
3
79
5
5
1
19
3
91
1
23
5
76
0
67
4
21
1
55
5
97
1
11
3
68
3
64
4
65
4
2
3
53
1
95
2
17
2
33
3
19
3
25
4
55
5
64
3
49
4
62
3
91
1
24
0
20
4
66
2
48
3
6
2
88
3
9
0
10
4
42
2
15
1
91
1
38
4
49
1
52
3
91
4
32
4
25
3
79
2
13
3
85
3
1
2
95
4
86
4
71
4
36
3
82
0
11
2
79
5
85
3
2
5
69
2
66
5
38
5
72
5
68
4
37
5
59
2
76
2
18
3
69
3
64
3
39
2
68
3
51
3
29
3
93
5
62
1
9
1
55
1
57
5
19
3
5
3
17
1
96
2
87
1
2
3
76
3
97
2
7
4
34
2
69
3
69
3
19
1
35
4
79
2
6
1
52
1
75
1
55
3
36
3
31
4
7
3
46
2
47
3
51
2
18
1
95
4
25
1
12
3
22
0
80
2
52
4
88
4
55
3
84
5
47
1
73
3
65
1
7
3
34
4
38
3
37
2
84
4
32
2
77
2
59
3
82
1
53
2
95
1
31
3
63
3
94
2
21
1
73
4
29
5
56
2
32
5
39
5
69
4
99
2
52
4
73
5
89
2
53
5
89
5
95
3
45
4
61
2
43
1
9
4
64
5
39
4
19
2
67
4
23
2
23
4
88
2
68
1
62
5
88
3
75
5
87
4
41
5
17
4
95
2
79
1
11
3
99
1
13
3
49
1
99
1
43
5
8
1
58
3
66
1
96
2
1
1
12
3
79
4
15
0
50
3
79
3
33
1
79
3
42
5
52
3
3
2
66
1
28
3
92
3
29
1
15
1
2
5
28
1
42
2
23
1
26
4
9
3
16
4
11
4
79
2
29
1
84
3
34
5
85
3
8
1
42
2
81
1
54
1
91
2
9
3
93
5
82
4
3
4
3
2
94
3
47
1
55
1
95
4
7
2
9
3
36
5
32
2
37
1
11
5
3
1
57
2
72
5
19
2
61
1
99
2
36
1
92
3
14
2
11
1
92
4
79
3
59
5
69
1
9
5
33
4
18
4
82
3
79
5
73
5
25
4
5
2
43
3
3
3
59
2
1
4
95
2
59
4
96
4
36
5
92
4
27
3
32
5
72
1
9
3
11
2
63
3
15
2
8
1
27
5
18
4
29
3
84
3
99
1
55
2
33
1
12
5
49
2
53
1
4
1
99
4
11
3
24
4
25
3
24
3
44
2
53
4
66
3
63
3
78
1
35
1
96
1
36
2
49
5
69
3
15
4
28
1
15
3
3
5
59
4
98
1
1
5
3
2
47
4
79
3
95
5
79
2
51
4
39
1
59
5
77
2
27
5
46
1
34
5
57
4
59
2
24
2
15
1
76
2
22
3
4
3
73
4
74
5
94
2
79
4
77
3
91
1
16
3
41
1
73
4
74
4
67
2
39
5
94
4
67
2
99
5
44
3
8
2
23
4
11
3
97
4
69
5
49
2
73
2
66
4
45
2
8
1
65
1
61
1
84
1
96
2
16
1
87
4
81
2
14
5
3
