17
29
17
59
15
87
9
94
9
94
9
64
9
34
17
89
9
44
9
14
9
34
9
64
16
88
9
74
17
89
9
64
9
99
19
92
9
99
9
94
17
89
15
57
16
88
19
62
9
74
9
44
9
34
9
94
9
99
9
99
9
74
9
94
17
29
9
74
9
94
18
30
17
59
9
94
9
14
17
59
9
94
9
14
9
34
9
64
9
14
17
89
9
99
9
44
9
34
9
14
9
99
9
99
9
74
9
94
9
44
9
64
19
91
9
74
18
90
15
87
9
99
16
28
9
64
19
91
9
74
9
44
9
64
9
34
9
74
9
74
9
14
9
34
9
99
17
89
9
14
9
44
16
58
9
74
9
94
9
64
9
94
18
60
9
99
9
74
9
14
9
94
9
14
9
74
9
94
9
14
17
29
9
69
9
64
9
44
17
59
9
99
14
26
19
32
9
64
19
62
9
99
18
30
9
34
9
44
9
34
9
74
9
44
9
14
9
44
9
64
9
44
9
99
9
64
9
74
19
31
18
60
9
74
9
34
9
99
19
32
0
80
9
99
9
34
9
99
9
34
9
94
15
87
19
61
9
34
17
59
9
44
14
56
16
58
9
94
17
29
9
64
9
94
9
94
9
99
9
64
17
29
0
80
17
59
9
94
9
34
18
60
9
94
9
74
9
94
9
14
9
34
9
44
9
34
19
61
18
60
9
74
9
44
17
29
9
57
9
94
19
62
17
59
9
74
18
60
9
74
9
34
17
29
9
99
9
74
9
99
16
88
19
31
0
40
18
90
9
34
9
14
9
14
19
31
16
58
9
64
9
34
9
64
9
34
9
74
9
34
9
74
9
94
17
29
17
29
16
28
16
58
9
14
9
14
9
14
9
44
16
88
9
14
9
44
9
14
9
34
0
10
14
26
9
74
18
30
9
74
15
87
15
27
9
74
0
20
9
74
15
57
9
14
9
74
9
94
9
64
17
89
9
14
16
88
9
34
9
34
9
94
9
99
9
64
16
28
9
44
9
34
9
34
16
58
9
44
18
60
18
60
14
86
18
60
9
14
9
74
9
74
9
99
9
64
9
34
18
60
17
89
9
44
9
99
9
14
9
94
9
14
9
34
9
99
9
14
9
34
9
74
9
44
18
30
9
94
9
44
19
31
9
14
9
34
9
44
9
34
16
28
14
56
9
99
9
74
9
74
9
44
9
14
9
64
9
94
17
89
9
74
14
26
9
34
19
22
9
99
0
80
9
99
9
99
9
99
16
88
9
44
16
88
15
87
15
57
9
14
9
64
9
64
19
31
16
28
9
34
9
94
9
99
17
59
9
74
3
19
9
64
9
44
9
74
16
28
9
44
9
64
16
58
18
90
9
99
9
99
16
88
9
64
9
44
9
99
16
81
9
34
9
14
18
30
9
99
9
94
9
94
19
61
9
44
18
60
9
34
9
93
16
58
9
94
9
14
0
90
9
44
9
34
19
32
9
14
9
14
9
67
9
34
9
44
9
94
17
82
16
88
9
74
9
74
16
28
0
50
19
61
9
86
9
34
9
44
16
58
9
44
18
52
9
34
9
74
9
64
16
58
9
14
9
99
9
14
9
34
9
44
17
29
17
89
9
44
9
44
17
59
14
86
9
34
9
94
9
64
9
72
16
88
9
94
9
99
9
94
9
74
0
10
15
57
17
59
16
88
8
95
19
61
9
14
8
45
16
88
9
64
9
14
9
94
9
14
9
64
9
74
9
74
9
34
15
27
9
64
9
14
9
74
9
74
9
98
15
87
9
14
9
64
15
27
0
20
9
14
9
14
19
61
9
99
9
94
9
99
9
14
9
74
9
64
9
14
9
74
9
64
9
14
9
44
9
64
9
44
9
64
9
74
9
44
9
34
9
64
9
44
9
44
9
64
9
74
16
88
16
58
16
28
16
88
9
14
9
64
4
89
9
34
19
91
16
88
1
39
9
34
9
99
9
64
19
32
9
14
9
44
9
34
9
99
14
86
9
34
16
58
9
64
0
70
9
99
9
44
16
58
9
64
0
74
9
86
0
40
9
14
9
34
9
14
9
34
9
64
9
44
9
64
9
74
9
99
14
26
16
28
15
27
9
64
9
14
9
94
9
74
9
64
16
58
9
64
16
88
9
34
16
58
17
29
9
74
9
94
9
44
9
44
15
87
9
14
9
34
9
74
9
99
9
14
19
91
9
94
16
28
9
34
14
56
9
14
9
64
9
94
9
14
9
34
9
74
9
34
9
14
9
74
9
64
16
88
9
94
9
64
9
44
9
34
9
34
9
14
9
34
9
64
9
14
9
99
9
74
9
99
9
64
19
61
19
91
16
28
9
44
9
14
9
14
9
94
9
44
16
88
9
44
9
94
19
92
9
44
9
44
9
44
15
27
9
94
9
99
9
64
9
74
19
61
9
14
19
31
9
64
9
74
16
28
9
14
9
94
9
14
9
14
9
44
9
74
9
74
9
14
9
34
9
34
9
74
9
94
9
14
9
77
0
50
4
58
18
60
9
94
9
74
19
62
9
99
18
60
9
44
17
59
19
61
18
90
9
64
9
74
9
64
9
14
9
94
16
28
9
94
9
74
9
99
16
58
18
60
9
99
9
14
9
74
14
86
9
99
9
99
19
31
9
74
9
64
17
29
9
99
9
74
9
44
15
57
2
19
17
59
9
14
9
74
9
34
9
74
9
63
9
34
0
91
17
22
9
64
9
99
9
44
9
64
9
94
9
44
9
94
3
99
9
99
9
44
9
44
9
14
9
74
19
91
9
34
9
99
9
64
9
94
9
94
9
64
9
61
9
34
19
61
9
94
9
99
15
57
18
60
1
21
9
34
9
44
9
94
9
64
9
44
9
74
18
30
9
64
9
94
9
64
17
89
1
49
17
29
17
59
9
63
16
58
4
99
9
99
9
14
9
44
9
74
18
90
9
14
16
28
9
99
9
34
19
91
0
67
9
34
9
64
9
99
14
26
3
68
9
74
9
74
9
14
9
64
9
99
17
29
9
44
18
30
9
34
9
64
9
74
18
60
9
74
9
99
9
34
0
20
9
74
17
59
9
14
9
94
3
9
0
10
15
57
17
29
9
99
9
44
19
61
9
64
9
99
9
44
9
34
18
90
2
19
9
94
9
14
9
99
9
94
14
86
9
44
9
94
0
11
17
89
9
94
9
14
9
74
9
74
9
44
15
87
9
74
9
44
9
64
9
76
17
29
9
74
9
74
9
44
9
74
9
64
9
34
9
99
9
74
9
14
9
64
9
64
19
32
9
14
18
30
1
99
9
94
9
14
18
90
9
99
9
14
9
44
2
69
9
74
18
30
9
44
19
91
9
14
9
64
16
88
9
64
9
36
9
44
9
14
18
60
17
59
9
64
17
29
9
99
9
34
15
27
9
34
0
80
9
64
9
94
9
64
9
84
19
62
16
88
9
74
9
14
9
44
9
44
9
44
9
94
9
44
17
89
9
64
9
94
9
64
9
99
9
44
9
74
9
99
9
34
16
88
9
34
9
64
9
44
9
44
9
74
9
99
9
64
16
88
9
94
9
64
9
94
9
99
18
60
9
74
16
58
1
9
9
74
9
44
19
31
9
74
9
34
9
34
9
94
9
74
9
74
9
94
18
90
9
94
14
56
19
32
9
99
17
89
14
26
9
99
16
28
18
60
9
99
16
58
9
14
9
64
9
74
1
99
9
14
15
27
18
90
18
30
0
50
18
90
9
44
16
88
15
57
9
64
9
14
9
66
9
34
9
99
9
34
16
28
9
14
9
34
15
57
9
34
9
34
9
9
18
30
14
26
19
91
9
34
9
94
9
44
9
94
9
14
15
57
2
89
9
64
9
99
9
14
9
99
9
94
9
14
9
14
9
99
18
60
9
64
9
99
9
14
9
14
9
44
9
44
9
44
14
26
9
14
9
64
15
87
19
32
9
74
9
99
9
44
9
99
17
29
14
26
9
99
19
91
9
64
9
74
9
14
9
33
19
31
9
94
18
90
16
88
9
34
9
14
16
58
9
14
9
64
2
9
9
99
9
64
9
99
9
44
9
99
9
34
9
44
15
87
9
14
14
26
9
74
18
30
9
14
9
34
19
32
9
34
9
94
9
99
1
59
9
44
15
27
19
62
9
64
9
14
9
99
14
26
9
34
9
34
9
34
3
44
17
52
9
74
9
63
18
90
9
44
9
99
9
44
17
59
9
74
18
30
9
34
16
28
9
3
9
64
9
99
9
14
9
14
17
59
19
91
9
99
19
92
9
64
9
44
1
59
19
92
9
34
19
61
9
44
9
64
9
64
9
34
17
29
16
88
9
34
9
14
16
88
17
89
9
99
17
89
19
91
9
99
16
28
3
49
16
88
17
89
9
74
9
44
9
99
9
74
9
99
17
59
3
9
9
34
14
26
9
99
9
74
19
62
16
88
2
69
18
60
9
14
9
74
9
74
9
94
9
99
17
29
9
94
9
94
17
29
9
14
