18
30
18
60
16
88
9
94
9
94
9
64
9
34
18
90
9
44
9
14
9
34
9
64
17
89
9
74
18
90
9
64
9
99
19
93
9
99
9
94
18
90
16
58
17
89
19
63
9
74
9
44
9
34
9
94
9
99
9
99
9
74
9
94
18
30
9
74
9
94
19
31
18
60
9
94
9
14
18
60
9
94
9
14
9
34
9
64
9
14
18
90
9
99
9
44
9
34
9
14
9
99
9
99
9
74
9
94
9
44
9
64
19
92
9
74
19
91
16
88
9
99
17
29
9
64
19
92
9
74
9
44
9
64
9
34
9
74
9
74
9
14
9
34
9
99
18
90
9
14
9
44
17
59
9
74
9
94
9
64
9
94
19
61
9
99
9
74
9
14
9
94
9
14
9
74
9
94
9
14
18
30
9
69
9
64
9
44
18
60
9
99
15
27
19
33
9
64
19
63
9
99
19
31
9
34
9
44
9
34
9
74
9
44
9
14
9
44
9
64
9
44
9
99
9
64
9
74
19
32
19
61
9
74
9
34
9
99
19
33
0
80
9
99
9
34
9
99
9
34
9
94
16
88
19
62
9
34
18
60
9
44
15
57
17
59
9
94
18
30
9
64
9
94
9
94
9
99
9
64
18
30
0
80
18
60
9
94
9
34
19
61
9
94
9
74
9
94
9
14
9
34
9
44
9
34
19
62
19
61
9
74
9
44
18
30
9
57
9
94
19
63
18
60
9
74
19
61
9
74
9
34
18
30
9
99
9
74
9
99
17
89
19
32
0
40
19
91
9
34
9
14
9
14
19
32
17
59
9
64
9
34
9
64
9
34
9
74
9
34
9
74
9
94
18
30
18
30
17
29
17
59
9
14
9
14
9
14
9
44
17
89
9
14
9
44
9
14
9
34
0
10
15
27
9
74
19
31
9
74
16
88
16
28
9
74
0
20
9
74
16
58
9
14
9
74
9
94
9
64
18
90
9
14
17
89
9
34
9
34
9
94
9
99
9
64
17
29
9
44
9
34
9
34
17
59
9
44
19
61
19
61
15
87
19
61
9
14
9
74
9
74
9
99
9
64
9
34
19
61
18
90
9
44
9
99
9
14
9
94
9
14
9
34
9
99
9
14
9
34
9
74
9
44
19
31
9
94
9
44
19
32
9
14
9
34
9
44
9
34
17
29
15
57
9
99
9
74
9
74
9
44
9
14
9
64
9
94
18
90
9
74
15
27
9
34
19
22
9
99
0
80
9
99
9
99
9
99
17
89
9
44
17
89
16
88
16
58
9
14
9
64
9
64
19
32
17
29
9
34
9
94
9
99
18
60
9
74
3
19
9
64
9
44
9
74
17
29
9
44
9
64
17
59
19
91
9
99
9
99
17
89
9
64
9
44
9
99
17
81
9
34
9
14
19
31
9
99
9
94
9
94
19
62
9
44
19
61
9
34
9
93
17
59
9
94
9
14
0
90
9
44
9
34
19
33
9
14
9
14
9
67
9
34
9
44
9
94
18
82
17
89
9
74
9
74
17
29
0
50
19
62
9
86
9
34
9
44
17
59
9
44
19
52
9
34
9
74
9
64
17
59
9
14
9
99
9
14
9
34
9
44
18
30
18
90
9
44
9
44
18
60
15
87
9
34
9
94
9
64
9
72
17
89
9
94
9
99
9
94
9
74
0
10
16
58
18
60
17
89
8
95
19
62
9
14
8
45
17
89
9
64
9
14
9
94
9
14
9
64
9
74
9
74
9
34
16
28
9
64
9
14
9
74
9
74
9
98
16
88
9
14
9
64
16
28
0
20
9
14
9
14
19
62
9
99
9
94
9
99
9
14
9
74
9
64
9
14
9
74
9
64
9
14
9
44
9
64
9
44
9
64
9
74
9
44
9
34
9
64
9
44
9
44
9
64
9
74
17
89
17
59
17
29
17
89
9
14
9
64
4
89
9
34
19
92
17
89
1
39
9
34
9
99
9
64
19
33
9
14
9
44
9
34
9
99
15
87
9
34
17
59
9
64
0
70
9
99
9
44
17
59
9
64
0
74
9
86
0
40
9
14
9
34
9
14
9
34
9
64
9
44
9
64
9
74
9
99
15
27
17
29
16
28
9
64
9
14
9
94
9
74
9
64
17
59
9
64
17
89
9
34
17
59
18
30
9
74
9
94
9
44
9
44
16
88
9
14
9
34
9
74
9
99
9
14
19
92
9
94
17
29
9
34
15
57
9
14
9
64
9
94
9
14
9
34
9
74
9
34
9
14
9
74
9
64
17
89
9
94
9
64
9
44
9
34
9
34
9
14
9
34
9
64
9
14
9
99
9
74
9
99
9
64
19
62
19
92
17
29
9
44
9
14
9
14
9
94
9
44
17
89
9
44
9
94
19
93
9
44
9
44
9
44
16
28
9
94
9
99
9
64
9
74
19
62
9
14
19
32
9
64
9
74
17
29
9
14
9
94
9
14
9
14
9
44
9
74
9
74
9
14
9
34
9
34
9
74
9
94
9
14
9
77
0
50
4
58
19
61
9
94
9
74
19
63
9
99
19
61
9
44
18
60
19
62
19
91
9
64
9
74
9
64
9
14
9
94
17
29
9
94
9
74
9
99
17
59
19
61
9
99
9
14
9
74
15
87
9
99
9
99
19
32
9
74
9
64
18
30
9
99
9
74
9
44
16
58
2
19
18
60
9
14
9
74
9
34
9
74
9
63
9
34
0
91
18
22
9
64
9
99
9
44
9
64
9
94
9
44
9
94
3
99
9
99
9
44
9
44
9
14
9
74
19
92
9
34
9
99
9
64
9
94
9
94
9
64
9
61
9
34
19
62
9
94
9
99
16
58
19
61
1
21
9
34
9
44
9
94
9
64
9
44
9
74
19
31
9
64
9
94
9
64
18
90
1
49
18
30
18
60
9
63
17
59
4
99
9
99
9
14
9
44
9
74
19
91
9
14
17
29
9
99
9
34
19
92
0
67
9
34
9
64
9
99
15
27
3
68
9
74
9
74
9
14
9
64
9
99
18
30
9
44
19
31
9
34
9
64
9
74
19
61
9
74
9
99
9
34
0
20
9
74
18
60
9
14
9
94
3
9
0
10
16
58
18
30
9
99
9
44
19
62
9
64
9
99
9
44
9
34
19
91
2
19
9
94
9
14
9
99
9
94
15
87
9
44
9
94
0
11
18
90
9
94
9
14
9
74
9
74
9
44
16
88
9
74
9
44
9
64
9
76
18
30
9
74
9
74
9
44
9
74
9
64
9
34
9
99
9
74
9
14
9
64
9
64
19
33
9
14
19
31
1
99
9
94
9
14
19
91
9
99
9
14
9
44
2
69
9
74
19
31
9
44
19
92
9
14
9
64
17
89
9
64
9
36
9
44
9
14
19
61
18
60
9
64
18
30
9
99
9
34
16
28
9
34
0
80
9
64
9
94
9
64
9
84
19
63
17
89
9
74
9
14
9
44
9
44
9
44
9
94
9
44
18
90
9
64
9
94
9
64
9
99
9
44
9
74
9
99
9
34
17
89
9
34
9
64
9
44
9
44
9
74
9
99
9
64
17
89
9
94
9
64
9
94
9
99
19
61
9
74
17
59
1
9
9
74
9
44
19
32
9
74
9
34
9
34
9
94
9
74
9
74
9
94
19
91
9
94
15
57
19
33
9
99
18
90
15
27
9
99
17
29
19
61
9
99
17
59
9
14
9
64
9
74
1
99
9
14
16
28
19
91
19
31
0
50
19
91
9
44
17
89
16
58
9
64
9
14
9
66
9
34
9
99
9
34
17
29
9
14
9
34
16
58
9
34
9
34
9
9
19
31
15
27
19
92
9
34
9
94
9
44
9
94
9
14
16
58
2
89
9
64
9
99
9
14
9
99
9
94
9
14
9
14
9
99
19
61
9
64
9
99
9
14
9
14
9
44
9
44
9
44
15
27
9
14
9
64
16
88
19
33
9
74
9
99
9
44
9
99
18
30
15
27
9
99
19
92
9
64
9
74
9
14
9
33
19
32
9
94
19
91
17
89
9
34
9
14
17
59
9
14
9
64
2
9
9
99
9
64
9
99
9
44
9
99
9
34
9
44
16
88
9
14
15
27
9
74
19
31
9
14
9
34
19
33
9
34
9
94
9
99
1
59
9
44
16
28
19
63
9
64
9
14
9
99
15
27
9
34
9
34
9
34
3
44
18
52
9
74
9
63
19
91
9
44
9
99
9
44
18
60
9
74
19
31
9
34
17
29
9
3
9
64
9
99
9
14
9
14
18
60
19
92
9
99
19
93
9
64
9
44
1
59
19
93
9
34
19
62
9
44
9
64
9
64
9
34
18
30
17
89
9
34
9
14
17
89
18
90
9
99
18
90
19
92
9
99
17
29
3
49
17
89
18
90
9
74
9
44
9
99
9
74
9
99
18
60
3
9
9
34
15
27
9
99
9
74
19
63
17
89
2
69
19
61
9
14
9
74
9
74
9
94
9
99
18
30
9
94
9
94
18
30
9
14
