19
34
19
64
19
94
9
94
9
94
9
64
9
34
19
94
9
44
9
14
9
34
9
64
19
94
9
74
19
94
9
64
9
99
19
94
9
99
9
94
19
94
19
64
19
94
19
64
9
74
9
44
9
34
9
94
9
99
9
99
9
74
9
94
19
34
9
74
9
94
19
34
19
64
9
94
9
14
19
64
9
94
9
14
9
34
9
64
9
14
19
94
9
99
9
44
9
34
9
14
9
99
9
99
9
74
9
94
9
44
9
64
19
94
9
74
19
94
19
94
9
99
19
34
9
64
19
94
9
74
9
44
9
64
9
34
9
74
9
74
9
14
9
34
9
99
19
94
9
14
9
44
19
64
9
74
9
94
9
64
9
94
19
64
9
99
9
74
9
14
9
94
9
14
9
74
9
94
9
14
19
34
9
69
9
64
9
44
19
64
9
99
19
34
19
34
9
64
19
64
9
99
19
34
9
34
9
44
9
34
9
74
9
44
9
14
9
44
9
64
9
44
9
99
9
64
9
74
19
34
19
64
9
74
9
34
9
99
19
34
0
80
9
99
9
34
9
99
9
34
9
94
19
94
19
64
9
34
19
64
9
44
19
64
19
64
9
94
19
34
9
64
9
94
9
94
9
99
9
64
19
34
0
80
19
64
9
94
9
34
19
64
9
94
9
74
9
94
9
14
9
34
9
44
9
34
19
64
19
64
9
74
9
44
19
34
9
57
9
94
19
64
19
64
9
74
19
64
9
74
9
34
19
34
9
99
9
74
9
99
19
94
19
34
0
40
19
94
9
34
9
14
9
14
19
34
19
64
9
64
9
34
9
64
9
34
9
74
9
34
9
74
9
94
19
34
19
34
19
34
19
64
9
14
9
14
9
14
9
44
19
94
9
14
9
44
9
14
9
34
0
10
19
34
9
74
19
34
9
74
19
94
19
34
9
74
0
20
9
74
19
64
9
14
9
74
9
94
9
64
19
94
9
14
19
94
9
34
9
34
9
94
9
99
9
64
19
34
9
44
9
34
9
34
19
64
9
44
19
64
19
64
19
94
19
64
9
14
9
74
9
74
9
99
9
64
9
34
19
64
19
94
9
44
9
99
9
14
9
94
9
14
9
34
9
99
9
14
9
34
9
74
9
44
19
34
9
94
9
44
19
34
9
14
9
34
9
44
9
34
19
34
19
64
9
99
9
74
9
74
9
44
9
14
9
64
9
94
19
94
9
74
19
34
9
34
19
22
9
99
0
80
9
99
9
99
9
99
19
94
9
44
19
94
19
94
19
64
9
14
9
64
9
64
19
34
19
34
9
34
9
94
9
99
19
64
9
74
3
19
9
64
9
44
9
74
19
34
9
44
9
64
19
64
19
94
9
99
9
99
19
94
9
64
9
44
9
99
19
81
9
34
9
14
19
34
9
99
9
94
9
94
19
64
9
44
19
64
9
34
9
93
19
64
9
94
9
14
0
90
9
44
9
34
19
34
9
14
9
14
9
67
9
34
9
44
9
94
19
82
19
94
9
74
9
74
19
34
0
50
19
64
9
86
9
34
9
44
19
64
9
44
19
52
9
34
9
74
9
64
19
64
9
14
9
99
9
14
9
34
9
44
19
34
19
94
9
44
9
44
19
64
19
94
9
34
9
94
9
64
9
72
19
94
9
94
9
99
9
94
9
74
0
10
19
64
19
64
19
94
8
95
19
64
9
14
8
45
19
94
9
64
9
14
9
94
9
14
9
64
9
74
9
74
9
34
19
34
9
64
9
14
9
74
9
74
9
98
19
94
9
14
9
64
19
34
0
20
9
14
9
14
19
64
9
99
9
94
9
99
9
14
9
74
9
64
9
14
9
74
9
64
9
14
9
44
9
64
9
44
9
64
9
74
9
44
9
34
9
64
9
44
9
44
9
64
9
74
19
94
19
64
19
34
19
94
9
14
9
64
4
89
9
34
19
94
19
94
1
39
9
34
9
99
9
64
19
34
9
14
9
44
9
34
9
99
19
94
9
34
19
64
9
64
0
70
9
99
9
44
19
64
9
64
0
74
9
86
0
40
9
14
9
34
9
14
9
34
9
64
9
44
9
64
9
74
9
99
19
34
19
34
19
34
9
64
9
14
9
94
9
74
9
64
19
64
9
64
19
94
9
34
19
64
19
34
9
74
9
94
9
44
9
44
19
94
9
14
9
34
9
74
9
99
9
14
19
94
9
94
19
34
9
34
19
64
9
14
9
64
9
94
9
14
9
34
9
74
9
34
9
14
9
74
9
64
19
94
9
94
9
64
9
44
9
34
9
34
9
14
9
34
9
64
9
14
9
99
9
74
9
99
9
64
19
64
19
94
19
34
9
44
9
14
9
14
9
94
9
44
19
94
9
44
9
94
19
94
9
44
9
44
9
44
19
34
9
94
9
99
9
64
9
74
19
64
9
14
19
34
9
64
9
74
19
34
9
14
9
94
9
14
9
14
9
44
9
74
9
74
9
14
9
34
9
34
9
74
9
94
9
14
9
77
0
50
4
58
19
64
9
94
9
74
19
64
9
99
19
64
9
44
19
64
19
64
19
94
9
64
9
74
9
64
9
14
9
94
19
34
9
94
9
74
9
99
19
64
19
64
9
99
9
14
9
74
19
94
9
99
9
99
19
34
9
74
9
64
19
34
9
99
9
74
9
44
19
64
2
19
19
64
9
14
9
74
9
34
9
74
9
63
9
34
0
91
19
22
9
64
9
99
9
44
9
64
9
94
9
44
9
94
3
99
9
99
9
44
9
44
9
14
9
74
19
94
9
34
9
99
9
64
9
94
9
94
9
64
9
61
9
34
19
64
9
94
9
99
19
64
19
64
1
21
9
34
9
44
9
94
9
64
9
44
9
74
19
34
9
64
9
94
9
64
19
94
1
49
19
34
19
64
9
63
19
64
4
99
9
99
9
14
9
44
9
74
19
94
9
14
19
34
9
99
9
34
19
94
0
67
9
34
9
64
9
99
19
34
3
68
9
74
9
74
9
14
9
64
9
99
19
34
9
44
19
34
9
34
9
64
9
74
19
64
9
74
9
99
9
34
0
20
9
74
19
64
9
14
9
94
3
9
0
10
19
64
19
34
9
99
9
44
19
64
9
64
9
99
9
44
9
34
19
94
2
19
9
94
9
14
9
99
9
94
19
94
9
44
9
94
0
11
19
94
9
94
9
14
9
74
9
74
9
44
19
94
9
74
9
44
9
64
9
76
19
34
9
74
9
74
9
44
9
74
9
64
9
34
9
99
9
74
9
14
9
64
9
64
19
34
9
14
19
34
1
99
9
94
9
14
19
94
9
99
9
14
9
44
2
69
9
74
19
34
9
44
19
94
9
14
9
64
19
94
9
64
9
36
9
44
9
14
19
64
19
64
9
64
19
34
9
99
9
34
19
34
9
34
0
80
9
64
9
94
9
64
9
84
19
64
19
94
9
74
9
14
9
44
9
44
9
44
9
94
9
44
19
94
9
64
9
94
9
64
9
99
9
44
9
74
9
99
9
34
19
94
9
34
9
64
9
44
9
44
9
74
9
99
9
64
19
94
9
94
9
64
9
94
9
99
19
64
9
74
19
64
1
9
9
74
9
44
19
34
9
74
9
34
9
34
9
94
9
74
9
74
9
94
19
94
9
94
19
64
19
34
9
99
19
94
19
34
9
99
19
34
19
64
9
99
19
64
9
14
9
64
9
74
1
99
9
14
19
34
19
94
19
34
0
50
19
94
9
44
19
94
19
64
9
64
9
14
9
66
9
34
9
99
9
34
19
34
9
14
9
34
19
64
9
34
9
34
9
9
19
34
19
34
19
94
9
34
9
94
9
44
9
94
9
14
19
64
2
89
9
64
9
99
9
14
9
99
9
94
9
14
9
14
9
99
19
64
9
64
9
99
9
14
9
14
9
44
9
44
9
44
19
34
9
14
9
64
19
94
19
34
9
74
9
99
9
44
9
99
19
34
19
34
9
99
19
94
9
64
9
74
9
14
9
33
19
34
9
94
19
94
19
94
9
34
9
14
19
64
9
14
9
64
2
9
9
99
9
64
9
99
9
44
9
99
9
34
9
44
19
94
9
14
19
34
9
74
19
34
9
14
9
34
19
34
9
34
9
94
9
99
1
59
9
44
19
34
19
64
9
64
9
14
9
99
19
34
9
34
9
34
9
34
3
44
19
52
9
74
9
63
19
94
9
44
9
99
9
44
19
64
9
74
19
34
9
34
19
34
9
3
9
64
9
99
9
14
9
14
19
64
19
94
9
99
19
94
9
64
9
44
1
59
19
94
9
34
19
64
9
44
9
64
9
64
9
34
19
34
19
94
9
34
9
14
19
94
19
94
9
99
19
94
19
94
9
99
19
34
3
49
19
94
19
94
9
74
9
44
9
99
9
74
9
99
19
64
3
9
9
34
19
34
9
99
9
74
19
64
19
94
2
69
19
64
9
14
9
74
9
74
9
94
9
99
19
34
9
94
9
94
19
34
9
14
