16
28
16
58
14
86
9
94
9
94
9
64
9
34
16
88
9
44
9
14
9
34
9
64
15
87
9
74
16
88
9
64
9
99
19
91
9
99
9
94
16
88
14
56
15
87
19
61
9
74
9
44
9
34
9
94
9
99
9
99
9
74
9
94
16
28
9
74
9
94
17
29
16
58
9
94
9
14
16
58
9
94
9
14
9
34
9
64
9
14
16
88
9
99
9
44
9
34
9
14
9
99
9
99
9
74
9
94
9
44
9
64
18
90
9
74
17
89
14
86
9
99
15
27
9
64
18
90
9
74
9
44
9
64
9
34
9
74
9
74
9
14
9
34
9
99
16
88
9
14
9
44
15
57
9
74
9
94
9
64
9
94
17
59
9
99
9
74
9
14
9
94
9
14
9
74
9
94
9
14
16
28
9
69
9
64
9
44
16
58
9
99
13
25
19
31
9
64
19
61
9
99
17
29
9
34
9
44
9
34
9
74
9
44
9
14
9
44
9
64
9
44
9
99
9
64
9
74
18
30
17
59
9
74
9
34
9
99
19
31
0
80
9
99
9
34
9
99
9
34
9
94
14
86
18
60
9
34
16
58
9
44
13
55
15
57
9
94
16
28
9
64
9
94
9
94
9
99
9
64
16
28
0
80
16
58
9
94
9
34
17
59
9
94
9
74
9
94
9
14
9
34
9
44
9
34
18
60
17
59
9
74
9
44
16
28
9
57
9
94
19
61
16
58
9
74
17
59
9
74
9
34
16
28
9
99
9
74
9
99
15
87
18
30
0
40
17
89
9
34
9
14
9
14
18
30
15
57
9
64
9
34
9
64
9
34
9
74
9
34
9
74
9
94
16
28
16
28
15
27
15
57
9
14
9
14
9
14
9
44
15
87
9
14
9
44
9
14
9
34
0
10
13
25
9
74
17
29
9
74
14
86
14
26
9
74
0
20
9
74
14
56
9
14
9
74
9
94
9
64
16
88
9
14
15
87
9
34
9
34
9
94
9
99
9
64
15
27
9
44
9
34
9
34
15
57
9
44
17
59
17
59
13
85
17
59
9
14
9
74
9
74
9
99
9
64
9
34
17
59
16
88
9
44
9
99
9
14
9
94
9
14
9
34
9
99
9
14
9
34
9
74
9
44
17
29
9
94
9
44
18
30
9
14
9
34
9
44
9
34
15
27
13
55
9
99
9
74
9
74
9
44
9
14
9
64
9
94
16
88
9
74
13
25
9
34
18
22
9
99
0
80
9
99
9
99
9
99
15
87
9
44
15
87
14
86
14
56
9
14
9
64
9
64
18
30
15
27
9
34
9
94
9
99
16
58
9
74
3
19
9
64
9
44
9
74
15
27
9
44
9
64
15
57
17
89
9
99
9
99
15
87
9
64
9
44
9
99
15
81
9
34
9
14
17
29
9
99
9
94
9
94
18
60
9
44
17
59
9
34
9
93
15
57
9
94
9
14
0
90
9
44
9
34
19
31
9
14
9
14
9
67
9
34
9
44
9
94
16
82
15
87
9
74
9
74
15
27
0
50
18
60
9
86
9
34
9
44
15
57
9
44
17
52
9
34
9
74
9
64
15
57
9
14
9
99
9
14
9
34
9
44
16
28
16
88
9
44
9
44
16
58
13
85
9
34
9
94
9
64
9
72
15
87
9
94
9
99
9
94
9
74
0
10
14
56
16
58
15
87
8
95
18
60
9
14
8
45
15
87
9
64
9
14
9
94
9
14
9
64
9
74
9
74
9
34
14
26
9
64
9
14
9
74
9
74
9
98
14
86
9
14
9
64
14
26
0
20
9
14
9
14
18
60
9
99
9
94
9
99
9
14
9
74
9
64
9
14
9
74
9
64
9
14
9
44
9
64
9
44
9
64
9
74
9
44
9
34
9
64
9
44
9
44
9
64
9
74
15
87
15
57
15
27
15
87
9
14
9
64
4
89
9
34
18
90
15
87
1
39
9
34
9
99
9
64
19
31
9
14
9
44
9
34
9
99
13
85
9
34
15
57
9
64
0
70
9
99
9
44
15
57
9
64
0
74
9
86
0
40
9
14
9
34
9
14
9
34
9
64
9
44
9
64
9
74
9
99
13
25
15
27
14
26
9
64
9
14
9
94
9
74
9
64
15
57
9
64
15
87
9
34
15
57
16
28
9
74
9
94
9
44
9
44
14
86
9
14
9
34
9
74
9
99
9
14
18
90
9
94
15
27
9
34
13
55
9
14
9
64
9
94
9
14
9
34
9
74
9
34
9
14
9
74
9
64
15
87
9
94
9
64
9
44
9
34
9
34
9
14
9
34
9
64
9
14
9
99
9
74
9
99
9
64
18
60
18
90
15
27
9
44
9
14
9
14
9
94
9
44
15
87
9
44
9
94
19
91
9
44
9
44
9
44
14
26
9
94
9
99
9
64
9
74
18
60
9
14
18
30
9
64
9
74
15
27
9
14
9
94
9
14
9
14
9
44
9
74
9
74
9
14
9
34
9
34
9
74
9
94
9
14
9
77
0
50
4
58
17
59
9
94
9
74
19
61
9
99
17
59
9
44
16
58
18
60
17
89
9
64
9
74
9
64
9
14
9
94
15
27
9
94
9
74
9
99
15
57
17
59
9
99
9
14
9
74
13
85
9
99
9
99
18
30
9
74
9
64
16
28
9
99
9
74
9
44
14
56
2
19
16
58
9
14
9
74
9
34
9
74
9
63
9
34
0
91
16
22
9
64
9
99
9
44
9
64
9
94
9
44
9
94
3
99
9
99
9
44
9
44
9
14
9
74
18
90
9
34
9
99
9
64
9
94
9
94
9
64
9
61
9
34
18
60
9
94
9
99
14
56
17
59
1
21
9
34
9
44
9
94
9
64
9
44
9
74
17
29
9
64
9
94
9
64
16
88
1
49
16
28
16
58
9
63
15
57
4
99
9
99
9
14
9
44
9
74
17
89
9
14
15
27
9
99
9
34
18
90
0
67
9
34
9
64
9
99
13
25
3
68
9
74
9
74
9
14
9
64
9
99
16
28
9
44
17
29
9
34
9
64
9
74
17
59
9
74
9
99
9
34
0
20
9
74
16
58
9
14
9
94
3
9
0
10
14
56
16
28
9
99
9
44
18
60
9
64
9
99
9
44
9
34
17
89
2
19
9
94
9
14
9
99
9
94
13
85
9
44
9
94
0
11
16
88
9
94
9
14
9
74
9
74
9
44
14
86
9
74
9
44
9
64
9
76
16
28
9
74
9
74
9
44
9
74
9
64
9
34
9
99
9
74
9
14
9
64
9
64
19
31
9
14
17
29
1
99
9
94
9
14
17
89
9
99
9
14
9
44
2
69
9
74
17
29
9
44
18
90
9
14
9
64
15
87
9
64
9
36
9
44
9
14
17
59
16
58
9
64
16
28
9
99
9
34
14
26
9
34
0
80
9
64
9
94
9
64
9
84
19
61
15
87
9
74
9
14
9
44
9
44
9
44
9
94
9
44
16
88
9
64
9
94
9
64
9
99
9
44
9
74
9
99
9
34
15
87
9
34
9
64
9
44
9
44
9
74
9
99
9
64
15
87
9
94
9
64
9
94
9
99
17
59
9
74
15
57
1
9
9
74
9
44
18
30
9
74
9
34
9
34
9
94
9
74
9
74
9
94
17
89
9
94
13
55
19
31
9
99
16
88
13
25
9
99
15
27
17
59
9
99
15
57
9
14
9
64
9
74
1
99
9
14
14
26
17
89
17
29
0
50
17
89
9
44
15
87
14
56
9
64
9
14
9
66
9
34
9
99
9
34
15
27
9
14
9
34
14
56
9
34
9
34
9
9
17
29
13
25
18
90
9
34
9
94
9
44
9
94
9
14
14
56
2
89
9
64
9
99
9
14
9
99
9
94
9
14
9
14
9
99
17
59
9
64
9
99
9
14
9
14
9
44
9
44
9
44
13
25
9
14
9
64
14
86
19
31
9
74
9
99
9
44
9
99
16
28
13
25
9
99
18
90
9
64
9
74
9
14
9
33
18
30
9
94
17
89
15
87
9
34
9
14
15
57
9
14
9
64
2
9
9
99
9
64
9
99
9
44
9
99
9
34
9
44
14
86
9
14
13
25
9
74
17
29
9
14
9
34
19
31
9
34
9
94
9
99
1
59
9
44
14
26
19
61
9
64
9
14
9
99
13
25
9
34
9
34
9
34
3
44
16
52
9
74
9
63
17
89
9
44
9
99
9
44
16
58
9
74
17
29
9
34
15
27
9
3
9
64
9
99
9
14
9
14
16
58
18
90
9
99
19
91
9
64
9
44
1
59
19
91
9
34
18
60
9
44
9
64
9
64
9
34
16
28
15
87
9
34
9
14
15
87
16
88
9
99
16
88
18
90
9
99
15
27
3
49
15
87
16
88
9
74
9
44
9
99
9
74
9
99
16
58
3
9
9
34
13
25
9
99
9
74
19
61
15
87
2
69
17
59
9
14
9
74
9
74
9
94
9
99
16
28
9
94
9
94
16
28
9
14
