19
32
19
62
18
90
9
94
9
94
9
64
9
34
19
92
9
44
9
14
9
34
9
64
19
91
9
74
19
92
9
64
9
99
19
94
9
99
9
94
19
92
18
60
19
91
19
64
9
74
9
44
9
34
9
94
9
99
9
99
9
74
9
94
19
32
9
74
9
94
19
33
19
62
9
94
9
14
19
62
9
94
9
14
9
34
9
64
9
14
19
92
9
99
9
44
9
34
9
14
9
99
9
99
9
74
9
94
9
44
9
64
19
94
9
74
19
93
18
90
9
99
19
31
9
64
19
94
9
74
9
44
9
64
9
34
9
74
9
74
9
14
9
34
9
99
19
92
9
14
9
44
19
61
9
74
9
94
9
64
9
94
19
63
9
99
9
74
9
14
9
94
9
14
9
74
9
94
9
14
19
32
9
69
9
64
9
44
19
62
9
99
17
29
19
34
9
64
19
64
9
99
19
33
9
34
9
44
9
34
9
74
9
44
9
14
9
44
9
64
9
44
9
99
9
64
9
74
19
34
19
63
9
74
9
34
9
99
19
34
0
80
9
99
9
34
9
99
9
34
9
94
18
90
19
64
9
34
19
62
9
44
17
59
19
61
9
94
19
32
9
64
9
94
9
94
9
99
9
64
19
32
0
80
19
62
9
94
9
34
19
63
9
94
9
74
9
94
9
14
9
34
9
44
9
34
19
64
19
63
9
74
9
44
19
32
9
57
9
94
19
64
19
62
9
74
19
63
9
74
9
34
19
32
9
99
9
74
9
99
19
91
19
34
0
40
19
93
9
34
9
14
9
14
19
34
19
61
9
64
9
34
9
64
9
34
9
74
9
34
9
74
9
94
19
32
19
32
19
31
19
61
9
14
9
14
9
14
9
44
19
91
9
14
9
44
9
14
9
34
0
10
17
29
9
74
19
33
9
74
18
90
18
30
9
74
0
20
9
74
18
60
9
14
9
74
9
94
9
64
19
92
9
14
19
91
9
34
9
34
9
94
9
99
9
64
19
31
9
44
9
34
9
34
19
61
9
44
19
63
19
63
17
89
19
63
9
14
9
74
9
74
9
99
9
64
9
34
19
63
19
92
9
44
9
99
9
14
9
94
9
14
9
34
9
99
9
14
9
34
9
74
9
44
19
33
9
94
9
44
19
34
9
14
9
34
9
44
9
34
19
31
17
59
9
99
9
74
9
74
9
44
9
14
9
64
9
94
19
92
9
74
17
29
9
34
19
22
9
99
0
80
9
99
9
99
9
99
19
91
9
44
19
91
18
90
18
60
9
14
9
64
9
64
19
34
19
31
9
34
9
94
9
99
19
62
9
74
3
19
9
64
9
44
9
74
19
31
9
44
9
64
19
61
19
93
9
99
9
99
19
91
9
64
9
44
9
99
19
81
9
34
9
14
19
33
9
99
9
94
9
94
19
64
9
44
19
63
9
34
9
93
19
61
9
94
9
14
0
90
9
44
9
34
19
34
9
14
9
14
9
67
9
34
9
44
9
94
19
82
19
91
9
74
9
74
19
31
0
50
19
64
9
86
9
34
9
44
19
61
9
44
19
52
9
34
9
74
9
64
19
61
9
14
9
99
9
14
9
34
9
44
19
32
19
92
9
44
9
44
19
62
17
89
9
34
9
94
9
64
9
72
19
91
9
94
9
99
9
94
9
74
0
10
18
60
19
62
19
91
8
95
19
64
9
14
8
45
19
91
9
64
9
14
9
94
9
14
9
64
9
74
9
74
9
34
18
30
9
64
9
14
9
74
9
74
9
98
18
90
9
14
9
64
18
30
0
20
9
14
9
14
19
64
9
99
9
94
9
99
9
14
9
74
9
64
9
14
9
74
9
64
9
14
9
44
9
64
9
44
9
64
9
74
9
44
9
34
9
64
9
44
9
44
9
64
9
74
19
91
19
61
19
31
19
91
9
14
9
64
4
89
9
34
19
94
19
91
1
39
9
34
9
99
9
64
19
34
9
14
9
44
9
34
9
99
17
89
9
34
19
61
9
64
0
70
9
99
9
44
19
61
9
64
0
74
9
86
0
40
9
14
9
34
9
14
9
34
9
64
9
44
9
64
9
74
9
99
17
29
19
31
18
30
9
64
9
14
9
94
9
74
9
64
19
61
9
64
19
91
9
34
19
61
19
32
9
74
9
94
9
44
9
44
18
90
9
14
9
34
9
74
9
99
9
14
19
94
9
94
19
31
9
34
17
59
9
14
9
64
9
94
9
14
9
34
9
74
9
34
9
14
9
74
9
64
19
91
9
94
9
64
9
44
9
34
9
34
9
14
9
34
9
64
9
14
9
99
9
74
9
99
9
64
19
64
19
94
19
31
9
44
9
14
9
14
9
94
9
44
19
91
9
44
9
94
19
94
9
44
9
44
9
44
18
30
9
94
9
99
9
64
9
74
19
64
9
14
19
34
9
64
9
74
19
31
9
14
9
94
9
14
9
14
9
44
9
74
9
74
9
14
9
34
9
34
9
74
9
94
9
14
9
77
0
50
4
58
19
63
9
94
9
74
19
64
9
99
19
63
9
44
19
62
19
64
19
93
9
64
9
74
9
64
9
14
9
94
19
31
9
94
9
74
9
99
19
61
19
63
9
99
9
14
9
74
17
89
9
99
9
99
19
34
9
74
9
64
19
32
9
99
9
74
9
44
18
60
2
19
19
62
9
14
9
74
9
34
9
74
9
63
9
34
0
91
19
22
9
64
9
99
9
44
9
64
9
94
9
44
9
94
3
99
9
99
9
44
9
44
9
14
9
74
19
94
9
34
9
99
9
64
9
94
9
94
9
64
9
61
9
34
19
64
9
94
9
99
18
60
19
63
1
21
9
34
9
44
9
94
9
64
9
44
9
74
19
33
9
64
9
94
9
64
19
92
1
49
19
32
19
62
9
63
19
61
4
99
9
99
9
14
9
44
9
74
19
93
9
14
19
31
9
99
9
34
19
94
0
67
9
34
9
64
9
99
17
29
3
68
9
74
9
74
9
14
9
64
9
99
19
32
9
44
19
33
9
34
9
64
9
74
19
63
9
74
9
99
9
34
0
20
9
74
19
62
9
14
9
94
3
9
0
10
18
60
19
32
9
99
9
44
19
64
9
64
9
99
9
44
9
34
19
93
2
19
9
94
9
14
9
99
9
94
17
89
9
44
9
94
0
11
19
92
9
94
9
14
9
74
9
74
9
44
18
90
9
74
9
44
9
64
9
76
19
32
9
74
9
74
9
44
9
74
9
64
9
34
9
99
9
74
9
14
9
64
9
64
19
34
9
14
19
33
1
99
9
94
9
14
19
93
9
99
9
14
9
44
2
69
9
74
19
33
9
44
19
94
9
14
9
64
19
91
9
64
9
36
9
44
9
14
19
63
19
62
9
64
19
32
9
99
9
34
18
30
9
34
0
80
9
64
9
94
9
64
9
84
19
64
19
91
9
74
9
14
9
44
9
44
9
44
9
94
9
44
19
92
9
64
9
94
9
64
9
99
9
44
9
74
9
99
9
34
19
91
9
34
9
64
9
44
9
44
9
74
9
99
9
64
19
91
9
94
9
64
9
94
9
99
19
63
9
74
19
61
1
9
9
74
9
44
19
34
9
74
9
34
9
34
9
94
9
74
9
74
9
94
19
93
9
94
17
59
19
34
9
99
19
92
17
29
9
99
19
31
19
63
9
99
19
61
9
14
9
64
9
74
1
99
9
14
18
30
19
93
19
33
0
50
19
93
9
44
19
91
18
60
9
64
9
14
9
66
9
34
9
99
9
34
19
31
9
14
9
34
18
60
9
34
9
34
9
9
19
33
17
29
19
94
9
34
9
94
9
44
9
94
9
14
18
60
2
89
9
64
9
99
9
14
9
99
9
94
9
14
9
14
9
99
19
63
9
64
9
99
9
14
9
14
9
44
9
44
9
44
17
29
9
14
9
64
18
90
19
34
9
74
9
99
9
44
9
99
19
32
17
29
9
99
19
94
9
64
9
74
9
14
9
33
19
34
9
94
19
93
19
91
9
34
9
14
19
61
9
14
9
64
2
9
9
99
9
64
9
99
9
44
9
99
9
34
9
44
18
90
9
14
17
29
9
74
19
33
9
14
9
34
19
34
9
34
9
94
9
99
1
59
9
44
18
30
19
64
9
64
9
14
9
99
17
29
9
34
9
34
9
34
3
44
19
52
9
74
9
63
19
93
9
44
9
99
9
44
19
62
9
74
19
33
9
34
19
31
9
3
9
64
9
99
9
14
9
14
19
62
19
94
9
99
19
94
9
64
9
44
1
59
19
94
9
34
19
64
9
44
9
64
9
64
9
34
19
32
19
91
9
34
9
14
19
91
19
92
9
99
19
92
19
94
9
99
19
31
3
49
19
91
19
92
9
74
9
44
9
99
9
74
9
99
19
62
3
9
9
34
17
29
9
99
9
74
19
64
19
91
2
69
19
63
9
14
9
74
9
74
9
94
9
99
19
32
9
94
9
94
19
32
9
14
