8
20
8
50
9
78
9
88
9
93
9
62
7
29
8
80
7
37
7
9
7
29
7
59
9
79
9
67
9
80
8
60
9
99
11
83
7
99
9
88
9
80
9
48
7
79
11
53
9
71
9
41
9
31
7
89
8
97
9
99
9
67
9
93
8
20
7
69
8
90
9
21
9
50
9
88
9
11
9
50
8
90
7
9
8
30
7
59
9
13
8
80
7
99
9
42
9
31
7
9
7
99
9
99
7
69
9
92
9
42
7
59
10
82
9
72
9
81
9
78
9
99
7
19
7
59
10
82
9
71
7
39
9
61
7
29
7
69
7
69
8
10
7
29
8
99
8
80
7
9
9
40
7
49
9
67
8
90
9
61
8
90
9
51
9
99
9
72
9
12
9
92
9
7
9
71
8
88
9
12
8
20
9
69
9
61
9
43
8
50
8
99
9
17
11
23
9
58
11
53
7
99
9
21
9
31
7
39
9
29
7
67
8
39
7
7
9
42
8
60
9
39
7
99
7
59
9
71
10
22
9
51
9
71
9
28
9
99
11
23
0
80
7
99
9
31
7
99
9
33
7
88
8
78
10
52
9
28
9
50
8
40
9
47
9
49
9
89
8
20
7
57
9
91
9
91
9
99
9
62
8
20
0
80
8
50
9
92
9
32
9
51
9
87
8
70
9
91
9
11
7
29
9
41
9
27
10
52
9
51
8
70
9
39
8
20
9
57
9
91
11
53
8
50
8
67
9
51
9
68
9
33
8
20
9
99
9
71
9
99
7
79
10
22
0
40
9
81
8
30
7
9
9
9
10
22
9
49
9
62
8
27
9
61
9
32
9
71
7
29
9
73
8
88
9
20
8
20
7
19
7
49
8
10
9
9
9
10
8
40
7
79
9
12
8
40
9
8
9
29
0
10
9
17
9
72
9
21
7
69
9
78
8
18
9
73
0
20
9
71
9
48
9
11
9
68
9
91
9
63
8
80
9
10
9
79
9
32
9
33
8
90
8
99
9
61
7
19
9
42
8
30
7
29
8
49
9
41
9
51
9
51
9
77
9
51
7
8
9
69
9
70
7
99
7
59
9
31
9
51
9
80
9
39
8
97
9
12
9
90
9
12
9
30
9
99
9
12
7
29
9
70
9
42
9
21
8
90
9
41
10
22
7
9
7
29
8
40
8
29
9
19
8
47
9
99
7
69
9
73
9
43
7
7
9
60
7
89
8
80
8
70
7
17
9
31
10
22
8
98
0
80
9
99
9
99
9
99
7
79
9
40
7
79
9
78
9
48
9
11
9
60
9
58
10
22
8
19
9
28
9
91
9
99
8
50
9
71
3
19
8
60
8
40
9
67
7
19
8
40
9
61
9
49
9
81
9
99
9
99
9
79
9
61
8
40
7
99
7
81
9
29
8
9
9
21
9
99
9
93
9
90
10
52
9
39
9
51
9
30
9
93
9
49
9
89
7
9
0
90
9
41
9
32
11
23
7
7
9
9
9
67
9
33
9
38
7
89
8
82
9
79
9
71
9
71
7
19
0
50
10
52
7
86
7
29
7
39
7
49
7
39
9
53
9
30
9
72
9
62
7
49
7
7
7
98
9
11
7
29
9
41
8
20
8
80
8
40
9
42
8
50
8
77
9
33
9
88
9
63
9
72
9
79
9
91
8
99
7
89
9
69
0
10
9
48
8
50
7
79
8
95
10
52
9
13
8
45
9
79
7
58
9
10
7
88
9
9
8
60
9
73
7
68
9
31
8
18
8
60
9
11
7
69
7
69
9
98
8
78
7
7
7
59
8
18
0
20
7
7
9
13
10
52
9
99
8
90
9
99
8
9
8
70
9
62
9
11
8
68
9
58
9
13
9
38
7
59
7
39
7
59
7
67
9
39
9
31
8
60
9
43
9
41
7
59
9
70
7
79
8
49
9
19
7
79
9
8
9
61
4
89
9
33
10
82
7
79
1
37
7
29
9
99
8
58
11
23
7
8
9
42
7
28
9
99
7
77
9
28
7
49
9
57
0
70
9
99
7
39
7
49
9
61
0
74
9
89
0
40
7
9
9
31
7
7
9
33
9
61
9
38
9
58
9
67
8
99
8
17
7
19
9
18
9
61
9
8
8
90
8
69
9
58
9
49
9
62
7
79
9
31
9
49
8
20
7
69
8
90
9
37
9
40
9
78
9
8
7
29
8
70
9
99
8
8
10
82
9
88
7
19
7
29
8
47
8
7
8
60
9
93
8
10
7
29
9
70
9
29
9
10
9
71
9
60
7
79
9
92
9
61
9
41
9
27
9
31
9
9
9
33
9
62
7
9
9
99
9
71
9
98
7
59
10
52
10
82
7
19
9
39
9
13
9
9
9
93
8
39
9
79
9
39
8
87
11
83
9
40
9
41
9
42
7
18
9
89
9
99
9
62
7
69
10
52
9
12
10
22
8
60
9
73
7
19
8
10
9
91
9
11
8
10
8
39
9
73
9
69
8
10
7
27
8
30
9
70
7
89
9
12
7
77
0
50
4
58
9
51
7
89
9
72
11
53
9
99
9
51
9
42
8
50
10
52
9
81
9
60
9
73
9
61
9
11
9
88
7
19
7
87
9
71
9
99
7
49
9
51
8
99
9
7
8
70
8
77
9
97
7
99
10
22
8
67
7
59
9
20
9
99
9
72
9
43
9
48
2
18
8
50
7
9
9
71
8
30
9
71
9
63
9
31
0
91
8
22
8
60
9
99
9
42
8
60
9
91
9
39
7
87
3
99
9
99
9
41
7
39
9
12
8
68
10
82
7
29
7
99
8
60
9
90
9
92
9
60
9
61
7
29
10
52
9
88
7
97
7
48
9
51
1
21
9
33
7
39
9
91
7
59
9
40
9
72
9
21
9
61
8
90
8
58
8
80
1
48
8
20
8
50
9
63
9
49
4
99
8
99
8
10
9
41
9
71
9
81
9
11
7
19
9
97
7
29
10
82
0
67
9
27
7
59
9
99
7
17
3
68
9
70
9
71
9
8
9
59
7
99
8
20
8
39
9
21
9
31
9
61
9
70
9
51
9
68
9
97
7
29
0
20
9
72
8
50
9
11
8
90
3
9
0
10
9
48
8
20
7
97
7
39
10
52
7
58
9
97
9
38
9
31
9
81
2
19
9
91
9
7
8
99
9
92
9
77
9
42
9
88
0
11
8
80
9
91
9
8
9
73
8
70
9
43
9
78
9
73
9
42
9
63
8
76
8
20
9
71
9
70
9
41
8
70
9
57
9
31
9
99
9
68
7
9
7
59
7
59
11
23
9
11
9
21
1
99
8
90
7
8
9
81
9
99
8
10
9
40
2
69
9
71
9
21
7
39
10
82
8
10
7
58
7
79
7
59
9
36
9
37
9
12
9
51
8
50
9
57
8
20
7
99
9
31
7
18
9
28
0
80
8
58
9
92
9
61
9
84
11
53
7
79
9
71
7
9
9
40
9
42
9
41
8
90
9
38
8
80
8
60
9
88
7
59
8
99
7
37
9
69
9
99
8
27
7
79
9
32
9
62
8
38
9
43
9
73
9
99
8
58
9
79
9
93
8
59
9
93
9
99
9
51
9
67
8
49
1
9
9
70
9
43
10
22
8
70
9
29
8
29
9
92
8
70
7
68
9
93
9
81
9
93
9
47
11
23
9
99
8
80
7
17
9
99
7
19
9
51
7
99
7
49
9
13
7
59
9
71
1
99
8
7
7
18
9
81
9
21
0
50
9
81
9
39
7
79
9
48
9
58
9
9
8
66
7
29
9
98
9
31
7
19
7
8
9
33
7
48
8
29
7
29
9
9
9
21
9
17
10
82
8
30
7
89
9
40
9
91
9
11
7
48
2
87
7
59
7
97
8
10
9
99
9
88
9
9
9
9
8
99
9
51
7
59
7
99
9
12
8
10
9
41
9
38
8
40
7
17
9
9
7
59
8
78
11
23
8
67
7
99
8
40
7
98
9
20
8
17
7
98
10
82
9
61
9
73
7
9
9
33
10
22
9
88
9
81
9
79
9
31
9
11
8
49
9
9
9
61
2
7
9
99
8
60
9
99
9
42
9
98
9
32
9
38
9
78
7
9
9
17
8
69
9
21
8
10
7
29
11
23
9
32
9
90
9
99
1
59
8
39
7
18
11
53
8
59
7
9
7
99
9
17
9
30
9
31
9
30
3
44
8
53
9
72
9
63
9
81
7
39
7
99
7
39
8
50
9
73
9
21
9
32
7
19
9
3
9
63
9
99
7
7
9
9
8
50
10
82
9
99
11
83
8
57
9
42
1
59
11
83
8
30
10
52
7
39
9
63
9
62
8
30
8
20
7
79
8
28
9
10
9
79
9
80
9
99
8
80
10
82
9
97
7
19
3
47
7
79
9
80
9
72
8
40
9
99
9
72
8
99
9
50
3
9
8
29
9
17
9
99
9
72
11
53
8
79
2
69
9
51
8
10
7
69
7
67
7
89
7
99
8
20
7
89
9
87
8
20
9
9
