10
22
10
52
9
80
9
90
9
94
9
64
9
31
10
82
9
39
9
11
9
31
9
61
9
81
9
69
10
82
9
62
9
99
13
85
9
99
9
90
10
82
9
50
9
81
13
55
9
73
9
43
9
33
9
91
9
99
9
99
9
69
9
94
10
22
9
71
9
92
11
23
10
52
9
90
9
13
10
52
9
92
9
11
9
32
9
61
9
14
10
82
9
99
9
44
9
33
9
11
9
99
9
99
9
71
9
94
9
44
9
61
12
84
9
74
11
83
9
80
9
99
9
21
9
61
12
84
9
73
9
41
9
63
9
31
9
71
9
71
9
12
9
31
9
99
10
82
9
11
9
42
9
51
9
69
9
92
9
63
9
92
11
53
9
99
9
74
9
14
9
94
9
9
9
73
9
90
9
14
10
22
9
69
9
63
9
44
10
52
9
99
9
19
13
25
9
60
13
55
9
99
11
23
9
33
9
41
9
31
9
69
9
41
9
9
9
44
9
62
9
41
9
99
9
61
9
73
12
24
11
53
9
73
9
30
9
99
13
25
0
80
9
99
9
33
9
99
9
34
9
90
9
80
12
54
9
30
10
52
9
42
9
49
9
51
9
91
10
22
9
59
9
93
9
93
9
99
9
64
10
22
0
80
10
52
9
94
9
34
11
53
9
89
9
72
9
93
9
13
9
31
9
43
9
29
12
54
11
53
9
72
9
41
10
22
9
57
9
93
13
55
10
52
9
69
11
53
9
70
9
34
10
22
9
99
9
73
9
99
9
81
12
24
0
40
11
83
9
32
9
11
9
11
12
24
9
51
9
64
9
29
9
63
9
34
9
73
9
31
9
74
9
90
10
22
10
22
9
21
9
51
9
12
9
11
9
12
9
42
9
81
9
14
9
42
9
10
9
31
0
10
9
19
9
74
11
23
9
71
9
80
9
20
9
74
0
20
9
73
9
50
9
13
9
70
9
93
9
64
10
82
9
12
9
81
9
34
9
34
9
92
9
99
9
63
9
21
9
44
9
32
9
31
9
51
9
43
11
53
11
53
9
79
11
53
9
10
9
71
9
72
9
99
9
61
9
33
11
53
10
82
9
41
9
99
9
14
9
92
9
14
9
32
9
99
9
14
9
31
9
72
9
44
11
23
9
92
9
43
12
24
9
11
9
31
9
42
9
31
9
21
9
49
9
99
9
71
9
74
9
44
9
9
9
62
9
91
10
82
9
72
9
19
9
33
12
22
9
99
0
80
9
99
9
99
9
99
9
81
9
42
9
81
9
80
9
50
9
13
9
62
9
60
12
24
9
21
9
30
9
93
9
99
10
52
9
73
3
19
9
62
9
42
9
69
9
21
9
42
9
63
9
51
11
83
9
99
9
99
9
81
9
63
9
42
9
99
9
81
9
31
9
11
11
23
9
99
9
94
9
92
12
54
9
41
11
53
9
32
9
93
9
51
9
91
9
11
0
90
9
43
9
34
13
25
9
9
9
11
9
67
9
34
9
40
9
91
10
82
9
81
9
73
9
73
9
21
0
50
12
54
9
86
9
31
9
41
9
51
9
41
11
52
9
32
9
74
9
64
9
51
9
9
9
99
9
13
9
31
9
43
10
22
10
82
9
42
9
44
10
52
9
79
9
34
9
90
9
64
9
72
9
81
9
93
9
99
9
91
9
71
0
10
9
50
10
52
9
81
8
95
12
54
9
14
8
45
9
81
9
60
9
12
9
90
9
11
9
62
9
74
9
70
9
33
9
20
9
62
9
13
9
71
9
71
9
98
9
80
9
9
9
61
9
20
0
20
9
9
9
14
12
54
9
99
9
92
9
99
9
11
9
72
9
64
9
13
9
70
9
60
9
14
9
40
9
61
9
41
9
61
9
69
9
41
9
33
9
62
9
44
9
43
9
61
9
72
9
81
9
51
9
21
9
81
9
10
9
63
4
89
9
34
12
84
9
81
1
39
9
31
9
99
9
60
13
25
9
10
9
44
9
30
9
99
9
79
9
30
9
51
9
59
0
70
9
99
9
41
9
51
9
63
0
74
9
87
0
40
9
11
9
33
9
9
9
34
9
63
9
40
9
60
9
69
9
99
9
19
9
21
9
20
9
63
9
10
9
92
9
71
9
60
9
51
9
64
9
81
9
33
9
51
10
22
9
71
9
92
9
39
9
42
9
80
9
10
9
31
9
72
9
99
9
10
12
84
9
90
9
21
9
31
9
49
9
9
9
62
9
94
9
12
9
31
9
72
9
31
9
12
9
73
9
62
9
81
9
94
9
63
9
43
9
29
9
33
9
11
9
34
9
64
9
11
9
99
9
73
9
99
9
61
12
54
12
84
9
21
9
41
9
14
9
11
9
94
9
41
9
81
9
41
9
89
13
85
9
42
9
43
9
44
9
20
9
91
9
99
9
64
9
71
12
54
9
14
12
24
9
62
9
74
9
21
9
12
9
93
9
13
9
12
9
41
9
74
9
71
9
12
9
29
9
32
9
72
9
91
9
14
9
77
0
50
4
58
11
53
9
91
9
74
13
55
9
99
11
53
9
44
10
52
12
54
11
83
9
62
9
74
9
63
9
13
9
90
9
21
9
89
9
73
9
99
9
51
11
53
9
99
9
9
9
72
9
79
9
99
9
99
12
24
9
69
9
61
10
22
9
99
9
74
9
44
9
50
2
19
10
52
9
11
9
73
9
32
9
73
9
63
9
33
0
91
10
22
9
62
9
99
9
44
9
62
9
93
9
41
9
89
3
99
9
99
9
43
9
41
9
14
9
70
12
84
9
31
9
99
9
62
9
92
9
94
9
62
9
61
9
31
12
54
9
90
9
99
9
50
11
53
1
21
9
34
9
41
9
93
9
61
9
42
9
74
11
23
9
63
9
92
9
60
10
82
1
49
10
22
10
52
9
63
9
51
4
99
9
99
9
12
9
43
9
73
11
83
9
13
9
21
9
99
9
31
12
84
0
67
9
29
9
61
9
99
9
19
3
68
9
72
9
73
9
10
9
61
9
99
10
22
9
41
11
23
9
33
9
63
9
72
11
53
9
70
9
99
9
31
0
20
9
74
10
52
9
13
9
92
3
9
0
10
9
50
10
22
9
99
9
41
12
54
9
60
9
99
9
40
9
33
11
83
2
19
9
93
9
9
9
99
9
94
9
79
9
44
9
90
0
11
10
82
9
93
9
10
9
74
9
72
9
44
9
80
9
74
9
44
9
64
9
76
10
22
9
73
9
72
9
43
9
72
9
59
9
33
9
99
9
70
9
11
9
61
9
61
13
25
9
13
11
23
1
99
9
92
9
10
11
83
9
99
9
12
9
42
2
69
9
73
11
23
9
41
12
84
9
12
9
60
9
81
9
61
9
36
9
39
9
14
11
53
10
52
9
59
10
22
9
99
9
33
9
20
9
30
0
80
9
60
9
94
9
63
9
84
13
55
9
81
9
73
9
11
9
42
9
44
9
43
9
92
9
40
10
82
9
62
9
90
9
61
9
99
9
39
9
71
9
99
9
29
9
81
9
34
9
64
9
40
9
44
9
74
9
99
9
60
9
81
9
94
9
61
9
94
9
99
11
53
9
69
9
51
1
9
9
72
9
44
12
24
9
72
9
31
9
31
9
94
9
72
9
70
9
94
11
83
9
94
9
49
13
25
9
99
10
82
9
19
9
99
9
21
11
53
9
99
9
51
9
14
9
61
9
73
1
99
9
9
9
20
11
83
11
23
0
50
11
83
9
41
9
81
9
50
9
60
9
11
9
66
9
31
9
99
9
33
9
21
9
10
9
34
9
50
9
31
9
31
9
9
11
23
9
19
12
84
9
32
9
91
9
42
9
93
9
13
9
50
2
89
9
61
9
99
9
12
9
99
9
90
9
11
9
11
9
99
11
53
9
61
9
99
9
14
9
12
9
43
9
40
9
42
9
19
9
11
9
61
9
80
13
25
9
69
9
99
9
42
9
99
10
22
9
19
9
99
12
84
9
63
9
74
9
11
9
33
12
24
9
90
11
83
9
81
9
33
9
13
9
51
9
11
9
63
2
9
9
99
9
62
9
99
9
44
9
99
9
34
9
40
9
80
9
11
9
19
9
71
11
23
9
12
9
31
13
25
9
34
9
92
9
99
1
59
9
41
9
20
13
55
9
61
9
11
9
99
9
19
9
32
9
33
9
32
3
44
10
52
9
74
9
63
11
83
9
41
9
99
9
41
10
52
9
74
11
23
9
34
9
21
9
3
9
64
9
99
9
9
9
11
10
52
12
84
9
99
13
85
9
59
9
44
1
59
13
85
9
32
12
54
9
41
9
64
9
64
9
32
10
22
9
81
9
30
9
12
9
81
10
82
9
99
10
82
12
84
9
99
9
21
3
49
9
81
10
82
9
74
9
42
9
99
9
74
9
99
10
52
3
9
9
31
9
19
9
99
9
74
13
55
9
81
2
69
11
53
9
12
9
71
9
69
9
91
9
99
10
22
9
91
9
89
10
22
9
11
