4
17
4
49
7
74
6
84
7
89
6
59
3
27
4
79
3
33
3
5
3
29
3
59
6
75
5
63
7
76
4
59
5
97
7
79
3
99
6
84
5
76
6
44
3
79
7
49
5
69
5
39
5
28
3
89
4
93
7
99
5
63
7
89
4
19
3
66
4
89
5
17
7
46
6
84
7
7
6
46
4
89
3
9
4
26
3
57
7
9
4
79
3
96
6
39
6
27
3
8
3
99
5
99
3
67
6
89
6
38
3
58
7
78
6
69
7
77
5
74
5
99
3
19
3
57
6
79
5
69
3
39
5
59
3
27
3
67
3
68
4
9
3
29
4
95
4
79
3
9
5
36
3
48
5
63
4
88
5
59
4
89
5
48
6
98
6
69
6
8
6
89
6
3
7
67
4
84
6
9
4
16
5
69
7
57
7
39
4
48
4
99
6
13
7
19
7
54
7
49
3
96
5
19
5
29
3
39
7
25
3
63
4
35
3
3
6
39
4
59
6
35
3
99
3
59
5
67
6
19
5
49
5
68
7
24
5
99
7
19
0
80
3
97
5
27
3
99
7
29
3
84
4
74
6
49
5
24
5
46
4
39
6
43
5
45
6
85
4
19
3
53
5
88
5
89
7
98
7
58
4
19
0
80
4
46
6
89
6
28
5
49
6
83
4
69
5
89
5
9
3
29
7
37
6
23
6
48
5
49
4
69
7
35
4
19
5
57
6
87
7
49
4
46
4
63
5
49
7
64
7
29
4
18
7
99
7
67
6
99
3
77
6
19
0
40
5
79
4
29
3
9
5
5
7
18
5
45
6
59
4
23
5
58
7
28
5
69
3
29
7
69
4
84
5
16
4
19
3
19
3
45
4
9
7
5
5
6
4
39
3
75
6
8
4
36
5
4
6
25
0
10
5
13
6
68
5
19
3
69
5
74
4
14
7
69
0
20
5
69
6
44
5
9
6
64
5
89
7
59
4
79
7
6
6
75
6
29
7
29
4
86
4
98
5
59
3
19
6
39
4
29
3
27
4
45
5
39
5
49
6
47
6
73
5
49
3
4
7
65
6
66
3
98
3
57
5
27
5
49
7
76
6
35
4
93
7
8
7
86
7
8
7
26
5
96
6
9
3
25
5
66
7
38
5
19
4
89
5
38
6
19
3
8
3
29
4
36
4
25
7
15
4
43
5
95
3
69
7
69
7
39
3
3
7
56
3
89
4
79
4
69
3
13
6
27
6
22
4
94
0
80
5
99
5
98
7
95
3
75
7
36
3
78
7
74
7
44
5
9
6
56
6
54
6
18
4
15
5
24
5
89
5
99
4
49
5
69
3
19
4
59
4
38
6
63
3
17
4
39
5
58
7
45
6
77
6
99
7
95
5
75
5
59
4
39
3
99
3
81
5
25
4
5
5
19
5
95
7
89
7
86
7
48
7
35
5
48
7
26
7
93
5
45
6
85
3
9
0
90
5
39
6
29
7
19
3
3
5
5
5
67
7
29
5
34
3
85
4
82
6
75
7
67
5
67
3
19
0
50
6
48
3
86
3
29
3
39
3
49
3
39
5
53
7
26
7
68
6
59
3
49
3
3
3
94
7
7
3
28
6
37
4
16
4
79
4
39
6
39
4
46
4
73
7
29
7
84
7
59
7
72
6
75
5
88
4
99
3
89
6
65
0
10
5
44
4
49
3
78
6
95
6
49
7
9
6
45
7
75
3
54
6
6
3
84
7
5
4
59
7
69
3
64
5
29
4
14
4
59
5
9
3
69
3
66
5
98
4
74
3
3
3
57
4
14
0
20
3
3
7
9
7
48
5
97
4
87
7
99
4
5
4
69
6
59
5
7
4
64
7
54
7
9
5
34
3
59
3
37
3
59
3
63
6
35
7
27
4
57
7
39
7
37
3
59
6
66
3
79
4
45
6
15
3
78
7
4
5
57
4
88
7
29
7
78
3
79
1
33
3
28
5
99
4
54
7
19
3
4
6
39
3
24
6
97
3
73
5
24
3
49
6
53
0
70
7
98
3
39
3
48
5
59
0
74
5
93
0
40
3
9
5
27
3
3
7
29
5
58
5
34
5
54
6
63
4
96
4
13
3
19
6
14
5
58
5
4
4
89
4
65
6
54
5
45
6
59
3
77
5
27
7
45
4
18
3
66
4
86
6
33
5
36
6
74
5
4
3
26
4
69
5
99
4
4
7
78
7
84
3
15
3
29
4
43
4
3
4
59
7
89
4
9
3
28
7
66
7
25
7
6
5
69
6
56
3
75
6
89
5
57
5
39
6
23
5
29
7
5
7
29
6
59
3
9
7
98
5
68
5
94
3
58
6
49
6
79
3
19
6
35
7
9
7
5
7
89
4
35
5
75
6
35
4
83
7
79
6
36
5
39
7
38
3
14
6
85
5
95
6
59
3
68
6
49
7
8
7
18
4
59
7
69
3
18
4
9
6
87
5
9
4
8
4
35
7
69
6
65
4
9
3
23
4
29
5
66
3
85
7
8
3
77
0
50
4
58
5
47
3
88
6
69
7
49
6
99
5
49
6
39
4
46
6
49
6
77
6
56
7
69
5
59
5
9
5
84
3
19
3
83
5
69
6
96
3
49
5
49
4
99
6
3
4
67
4
73
5
93
3
95
6
19
4
63
3
56
6
16
6
99
6
68
7
39
5
44
2
14
4
47
3
8
5
69
4
29
5
69
6
63
5
28
0
91
4
22
4
59
5
98
6
39
4
59
6
87
7
35
3
83
3
99
6
99
5
39
3
35
7
8
4
64
6
79
3
29
3
97
4
58
6
86
6
88
5
56
5
61
3
29
7
48
6
84
3
93
3
44
5
49
1
21
7
29
3
39
5
89
3
56
7
36
7
68
5
19
5
59
4
87
4
54
4
77
1
44
4
19
4
49
6
63
5
45
4
97
4
95
4
9
5
39
5
67
5
79
7
7
3
19
5
93
3
25
7
78
0
67
6
23
3
57
7
99
3
13
3
68
5
66
6
67
6
4
5
55
3
97
4
19
4
35
5
19
5
27
6
57
7
66
5
49
6
64
5
93
3
26
0
20
6
68
4
49
5
8
4
89
3
9
0
10
6
44
4
17
3
93
3
39
6
49
3
54
5
93
6
34
6
27
5
79
2
15
5
87
5
3
4
97
6
88
6
73
6
38
5
84
0
11
4
79
7
87
5
4
7
69
4
68
7
39
7
74
7
69
6
39
7
59
4
76
4
19
5
69
5
66
5
39
4
69
5
53
5
29
5
95
7
64
3
9
3
57
3
59
7
19
5
7
5
19
1
98
4
89
3
4
5
78
5
99
4
9
6
36
2
69
5
69
5
19
3
37
6
79
4
8
3
54
3
77
3
57
5
36
5
33
6
9
5
48
4
49
5
53
4
19
3
97
6
27
3
14
5
24
0
80
4
54
6
89
6
57
5
84
7
49
3
75
5
67
3
9
5
36
6
39
5
39
4
86
6
34
4
79
4
59
5
84
3
55
4
97
3
33
5
65
5
96
4
23
3
75
6
29
7
58
4
34
7
39
7
69
6
99
4
54
6
75
7
89
4
55
7
89
7
97
5
47
6
63
4
45
1
9
6
66
7
39
6
19
4
69
6
25
4
25
6
89
4
69
3
64
7
89
5
77
7
89
6
43
7
19
6
97
4
79
3
13
5
99
3
15
5
49
3
99
3
45
7
9
3
59
5
68
1
98
4
3
3
14
5
79
6
17
0
50
5
79
5
35
3
79
5
44
7
54
5
5
4
66
3
29
5
94
5
29
3
17
3
4
7
29
3
44
4
25
3
28
6
9
5
18
6
13
6
79
4
29
3
86
5
36
7
87
5
9
3
44
2
83
3
56
3
93
4
9
5
95
7
84
6
5
6
5
4
96
5
49
3
57
3
97
6
9
4
9
5
38
7
34
4
39
3
13
7
5
3
59
4
74
7
19
4
63
3
99
4
38
3
94
5
16
4
13
3
94
6
79
5
59
7
69
3
9
7
33
6
19
6
84
5
79
7
75
7
27
6
7
4
45
5
5
5
59
2
3
6
97
4
59
6
98
6
38
7
94
6
29
5
34
7
74
3
9
5
13
4
65
5
17
4
9
3
29
7
19
6
29
5
86
5
99
1
57
4
35
3
14
7
49
4
55
3
6
3
99
6
13
5
26
6
27
5
26
3
44
4
53
6
68
5
63
5
79
3
37
3
98
3
38
4
49
7
69
5
17
6
29
3
17
5
3
7
59
6
99
3
3
7
5
4
49
6
79
5
97
7
79
4
53
6
39
1
59
7
79
4
29
7
48
3
36
7
59
6
59
4
26
4
17
3
78
4
24
5
6
5
75
6
76
7
96
4
79
6
79
5
93
3
18
3
43
3
75
6
76
6
69
4
39
7
96
6
69
4
99
7
46
3
9
4
25
6
13
5
99
6
69
7
49
4
75
2
68
6
47
4
9
3
67
3
63
3
86
3
98
4
18
3
89
6
83
4
16
7
5
