11
23
11
53
9
81
9
91
9
94
9
64
9
32
11
83
9
40
9
12
9
32
9
62
10
82
9
70
11
83
9
63
9
99
14
86
9
99
9
91
11
83
9
51
10
82
14
56
9
74
9
44
9
34
9
92
9
99
9
99
9
70
9
94
11
23
9
72
9
93
12
24
11
53
9
91
9
14
11
53
9
93
9
12
9
33
9
62
9
14
11
83
9
99
9
44
9
34
9
12
9
99
9
99
9
72
9
94
9
44
9
62
13
85
9
74
12
84
9
81
9
99
10
22
9
62
13
85
9
74
9
42
9
64
9
32
9
72
9
72
9
13
9
32
9
99
11
83
9
12
9
43
10
52
9
70
9
93
9
64
9
93
12
54
9
99
9
74
9
14
9
94
9
10
9
74
9
91
9
14
11
23
9
69
9
64
9
44
11
53
9
99
9
20
14
26
9
61
14
56
9
99
12
24
9
34
9
42
9
32
9
70
9
42
9
10
9
44
9
63
9
42
9
99
9
62
9
74
13
25
12
54
9
74
9
31
9
99
14
26
0
80
9
99
9
34
9
99
9
34
9
91
9
81
13
55
9
31
11
53
9
43
9
50
10
52
9
92
11
23
9
60
9
94
9
94
9
99
9
64
11
23
0
80
11
53
9
94
9
34
12
54
9
90
9
73
9
94
9
14
9
32
9
44
9
30
13
55
12
54
9
73
9
42
11
23
9
57
9
94
14
56
11
53
9
70
12
54
9
71
9
34
11
23
9
99
9
74
9
99
10
82
13
25
0
40
12
84
9
33
9
12
9
12
13
25
10
52
9
64
9
30
9
64
9
34
9
74
9
32
9
74
9
91
11
23
11
23
10
22
10
52
9
13
9
12
9
13
9
43
10
82
9
14
9
43
9
11
9
32
0
10
9
20
9
74
12
24
9
72
9
81
9
21
9
74
0
20
9
74
9
51
9
14
9
71
9
94
9
64
11
83
9
13
10
82
9
34
9
34
9
93
9
99
9
64
10
22
9
44
9
33
9
32
10
52
9
44
12
54
12
54
9
80
12
54
9
11
9
72
9
73
9
99
9
62
9
34
12
54
11
83
9
42
9
99
9
14
9
93
9
14
9
33
9
99
9
14
9
32
9
73
9
44
12
24
9
93
9
44
13
25
9
12
9
32
9
43
9
32
10
22
9
50
9
99
9
72
9
74
9
44
9
10
9
63
9
92
11
83
9
73
9
20
9
34
13
22
9
99
0
80
9
99
9
99
9
99
10
82
9
43
10
82
9
81
9
51
9
14
9
63
9
61
13
25
10
22
9
31
9
94
9
99
11
53
9
74
3
19
9
63
9
43
9
70
10
22
9
43
9
64
10
52
12
84
9
99
9
99
10
82
9
64
9
43
9
99
10
81
9
32
9
12
12
24
9
99
9
94
9
93
13
55
9
42
12
54
9
33
9
93
10
52
9
92
9
12
0
90
9
44
9
34
14
26
9
10
9
12
9
67
9
34
9
41
9
92
11
82
10
82
9
74
9
74
10
22
0
50
13
55
9
86
9
32
9
42
10
52
9
42
12
52
9
33
9
74
9
64
10
52
9
10
9
99
9
14
9
32
9
44
11
23
11
83
9
43
9
44
11
53
9
80
9
34
9
91
9
64
9
72
10
82
9
94
9
99
9
92
9
72
0
10
9
51
11
53
10
82
8
95
13
55
9
14
8
45
10
82
9
61
9
13
9
91
9
12
9
63
9
74
9
71
9
34
9
21
9
63
9
14
9
72
9
72
9
98
9
81
9
10
9
62
9
21
0
20
9
10
9
14
13
55
9
99
9
93
9
99
9
12
9
73
9
64
9
14
9
71
9
61
9
14
9
41
9
62
9
42
9
62
9
70
9
42
9
34
9
63
9
44
9
44
9
62
9
73
10
82
10
52
10
22
10
82
9
11
9
64
4
89
9
34
13
85
10
82
1
39
9
32
9
99
9
61
14
26
9
11
9
44
9
31
9
99
9
80
9
31
10
52
9
60
0
70
9
99
9
42
10
52
9
64
0
74
9
86
0
40
9
12
9
34
9
10
9
34
9
64
9
41
9
61
9
70
9
99
9
20
10
22
9
21
9
64
9
11
9
93
9
72
9
61
10
52
9
64
10
82
9
34
10
52
11
23
9
72
9
93
9
40
9
43
9
81
9
11
9
32
9
73
9
99
9
11
13
85
9
91
10
22
9
32
9
50
9
10
9
63
9
94
9
13
9
32
9
73
9
32
9
13
9
74
9
63
10
82
9
94
9
64
9
44
9
30
9
34
9
12
9
34
9
64
9
12
9
99
9
74
9
99
9
62
13
55
13
85
10
22
9
42
9
14
9
12
9
94
9
42
10
82
9
42
9
90
14
86
9
43
9
44
9
44
9
21
9
92
9
99
9
64
9
72
13
55
9
14
13
25
9
63
9
74
10
22
9
13
9
94
9
14
9
13
9
42
9
74
9
72
9
13
9
30
9
33
9
73
9
92
9
14
9
77
0
50
4
58
12
54
9
92
9
74
14
56
9
99
12
54
9
44
11
53
13
55
12
84
9
63
9
74
9
64
9
14
9
91
10
22
9
90
9
74
9
99
10
52
12
54
9
99
9
10
9
73
9
80
9
99
9
99
13
25
9
70
9
62
11
23
9
99
9
74
9
44
9
51
2
19
11
53
9
12
9
74
9
33
9
74
9
63
9
34
0
91
11
22
9
63
9
99
9
44
9
63
9
94
9
42
9
90
3
99
9
99
9
44
9
42
9
14
9
71
13
85
9
32
9
99
9
63
9
93
9
94
9
63
9
61
9
32
13
55
9
91
9
99
9
51
12
54
1
21
9
34
9
42
9
94
9
62
9
43
9
74
12
24
9
64
9
93
9
61
11
83
1
49
11
23
11
53
9
63
10
52
4
99
9
99
9
13
9
44
9
74
12
84
9
14
10
22
9
99
9
32
13
85
0
67
9
30
9
62
9
99
9
20
3
68
9
73
9
74
9
11
9
62
9
99
11
23
9
42
12
24
9
34
9
64
9
73
12
54
9
71
9
99
9
32
0
20
9
74
11
53
9
14
9
93
3
9
0
10
9
51
11
23
9
99
9
42
13
55
9
61
9
99
9
41
9
34
12
84
2
19
9
94
9
10
9
99
9
94
9
80
9
44
9
91
0
11
11
83
9
94
9
11
9
74
9
73
9
44
9
81
9
74
9
44
9
64
9
76
11
23
9
74
9
73
9
44
9
73
9
60
9
34
9
99
9
71
9
12
9
62
9
62
14
26
9
14
12
24
1
99
9
93
9
11
12
84
9
99
9
13
9
43
2
69
9
74
12
24
9
42
13
85
9
13
9
61
10
82
9
62
9
36
9
40
9
14
12
54
11
53
9
60
11
23
9
99
9
34
9
21
9
31
0
80
9
61
9
94
9
64
9
84
14
56
10
82
9
74
9
12
9
43
9
44
9
44
9
93
9
41
11
83
9
63
9
91
9
62
9
99
9
40
9
72
9
99
9
30
10
82
9
34
9
64
9
41
9
44
9
74
9
99
9
61
10
82
9
94
9
62
9
94
9
99
12
54
9
70
10
52
1
9
9
73
9
44
13
25
9
73
9
32
9
32
9
94
9
73
9
71
9
94
12
84
9
94
9
50
14
26
9
99
11
83
9
20
9
99
10
22
12
54
9
99
10
52
9
14
9
62
9
74
1
99
9
10
9
21
12
84
12
24
0
50
12
84
9
42
10
82
9
51
9
61
9
12
9
66
9
32
9
99
9
34
10
22
9
11
9
34
9
51
9
32
9
32
9
9
12
24
9
20
13
85
9
33
9
92
9
43
9
94
9
14
9
51
2
89
9
62
9
99
9
13
9
99
9
91
9
12
9
12
9
99
12
54
9
62
9
99
9
14
9
13
9
44
9
41
9
43
9
20
9
12
9
62
9
81
14
26
9
70
9
99
9
43
9
99
11
23
9
20
9
99
13
85
9
64
9
74
9
12
9
33
13
25
9
91
12
84
10
82
9
34
9
14
10
52
9
12
9
64
2
9
9
99
9
63
9
99
9
44
9
99
9
34
9
41
9
81
9
12
9
20
9
72
12
24
9
13
9
32
14
26
9
34
9
93
9
99
1
59
9
42
9
21
14
56
9
62
9
12
9
99
9
20
9
33
9
34
9
33
3
44
11
52
9
74
9
63
12
84
9
42
9
99
9
42
11
53
9
74
12
24
9
34
10
22
9
3
9
64
9
99
9
10
9
12
11
53
13
85
9
99
14
86
9
60
9
44
1
59
14
86
9
33
13
55
9
42
9
64
9
64
9
33
11
23
10
82
9
31
9
13
10
82
11
83
9
99
11
83
13
85
9
99
10
22
3
49
10
82
11
83
9
74
9
43
9
99
9
74
9
99
11
53
3
9
9
32
9
20
9
99
9
74
14
56
10
82
2
69
12
54
9
13
9
72
9
70
9
92
9
99
11
23
9
92
9
90
11
23
9
12
