15
27
15
57
13
85
9
94
9
94
9
64
9
34
15
87
9
44
9
14
9
34
9
64
14
86
9
74
15
87
9
64
9
99
18
90
9
99
9
94
15
87
13
55
14
86
18
60
9
74
9
44
9
34
9
94
9
99
9
99
9
74
9
94
15
27
9
74
9
94
16
28
15
57
9
94
9
14
15
57
9
94
9
14
9
34
9
64
9
14
15
87
9
99
9
44
9
34
9
14
9
99
9
99
9
74
9
94
9
44
9
64
17
89
9
74
16
88
13
85
9
99
14
26
9
64
17
89
9
74
9
44
9
64
9
34
9
74
9
74
9
14
9
34
9
99
15
87
9
14
9
44
14
56
9
74
9
94
9
64
9
94
16
58
9
99
9
74
9
14
9
94
9
14
9
74
9
94
9
14
15
27
9
69
9
64
9
44
15
57
9
99
12
24
18
30
9
64
18
60
9
99
16
28
9
34
9
44
9
34
9
74
9
44
9
14
9
44
9
64
9
44
9
99
9
64
9
74
17
29
16
58
9
74
9
34
9
99
18
30
0
80
9
99
9
34
9
99
9
34
9
94
13
85
17
59
9
34
15
57
9
44
12
54
14
56
9
94
15
27
9
64
9
94
9
94
9
99
9
64
15
27
0
80
15
57
9
94
9
34
16
58
9
94
9
74
9
94
9
14
9
34
9
44
9
34
17
59
16
58
9
74
9
44
15
27
9
57
9
94
18
60
15
57
9
74
16
58
9
74
9
34
15
27
9
99
9
74
9
99
14
86
17
29
0
40
16
88
9
34
9
14
9
14
17
29
14
56
9
64
9
34
9
64
9
34
9
74
9
34
9
74
9
94
15
27
15
27
14
26
14
56
9
14
9
14
9
14
9
44
14
86
9
14
9
44
9
14
9
34
0
10
12
24
9
74
16
28
9
74
13
85
13
25
9
74
0
20
9
74
13
55
9
14
9
74
9
94
9
64
15
87
9
14
14
86
9
34
9
34
9
94
9
99
9
64
14
26
9
44
9
34
9
34
14
56
9
44
16
58
16
58
12
84
16
58
9
14
9
74
9
74
9
99
9
64
9
34
16
58
15
87
9
44
9
99
9
14
9
94
9
14
9
34
9
99
9
14
9
34
9
74
9
44
16
28
9
94
9
44
17
29
9
14
9
34
9
44
9
34
14
26
12
54
9
99
9
74
9
74
9
44
9
14
9
64
9
94
15
87
9
74
12
24
9
34
17
22
9
99
0
80
9
99
9
99
9
99
14
86
9
44
14
86
13
85
13
55
9
14
9
64
9
64
17
29
14
26
9
34
9
94
9
99
15
57
9
74
3
19
9
64
9
44
9
74
14
26
9
44
9
64
14
56
16
88
9
99
9
99
14
86
9
64
9
44
9
99
14
81
9
34
9
14
16
28
9
99
9
94
9
94
17
59
9
44
16
58
9
34
9
93
14
56
9
94
9
14
0
90
9
44
9
34
18
30
9
14
9
14
9
67
9
34
9
44
9
94
15
82
14
86
9
74
9
74
14
26
0
50
17
59
9
86
9
34
9
44
14
56
9
44
16
52
9
34
9
74
9
64
14
56
9
14
9
99
9
14
9
34
9
44
15
27
15
87
9
44
9
44
15
57
12
84
9
34
9
94
9
64
9
72
14
86
9
94
9
99
9
94
9
74
0
10
13
55
15
57
14
86
8
95
17
59
9
14
8
45
14
86
9
64
9
14
9
94
9
14
9
64
9
74
9
74
9
34
13
25
9
64
9
14
9
74
9
74
9
98
13
85
9
14
9
64
13
25
0
20
9
14
9
14
17
59
9
99
9
94
9
99
9
14
9
74
9
64
9
14
9
74
9
64
9
14
9
44
9
64
9
44
9
64
9
74
9
44
9
34
9
64
9
44
9
44
9
64
9
74
14
86
14
56
14
26
14
86
9
14
9
64
4
89
9
34
17
89
14
86
1
39
9
34
9
99
9
64
18
30
9
14
9
44
9
34
9
99
12
84
9
34
14
56
9
64
0
70
9
99
9
44
14
56
9
64
0
74
9
86
0
40
9
14
9
34
9
14
9
34
9
64
9
44
9
64
9
74
9
99
12
24
14
26
13
25
9
64
9
14
9
94
9
74
9
64
14
56
9
64
14
86
9
34
14
56
15
27
9
74
9
94
9
44
9
44
13
85
9
14
9
34
9
74
9
99
9
14
17
89
9
94
14
26
9
34
12
54
9
14
9
64
9
94
9
14
9
34
9
74
9
34
9
14
9
74
9
64
14
86
9
94
9
64
9
44
9
34
9
34
9
14
9
34
9
64
9
14
9
99
9
74
9
99
9
64
17
59
17
89
14
26
9
44
9
14
9
14
9
94
9
44
14
86
9
44
9
94
18
90
9
44
9
44
9
44
13
25
9
94
9
99
9
64
9
74
17
59
9
14
17
29
9
64
9
74
14
26
9
14
9
94
9
14
9
14
9
44
9
74
9
74
9
14
9
34
9
34
9
74
9
94
9
14
9
77
0
50
4
58
16
58
9
94
9
74
18
60
9
99
16
58
9
44
15
57
17
59
16
88
9
64
9
74
9
64
9
14
9
94
14
26
9
94
9
74
9
99
14
56
16
58
9
99
9
14
9
74
12
84
9
99
9
99
17
29
9
74
9
64
15
27
9
99
9
74
9
44
13
55
2
19
15
57
9
14
9
74
9
34
9
74
9
63
9
34
0
91
15
22
9
64
9
99
9
44
9
64
9
94
9
44
9
94
3
99
9
99
9
44
9
44
9
14
9
74
17
89
9
34
9
99
9
64
9
94
9
94
9
64
9
61
9
34
17
59
9
94
9
99
13
55
16
58
1
21
9
34
9
44
9
94
9
64
9
44
9
74
16
28
9
64
9
94
9
64
15
87
1
49
15
27
15
57
9
63
14
56
4
99
9
99
9
14
9
44
9
74
16
88
9
14
14
26
9
99
9
34
17
89
0
67
9
34
9
64
9
99
12
24
3
68
9
74
9
74
9
14
9
64
9
99
15
27
9
44
16
28
9
34
9
64
9
74
16
58
9
74
9
99
9
34
0
20
9
74
15
57
9
14
9
94
3
9
0
10
13
55
15
27
9
99
9
44
17
59
9
64
9
99
9
44
9
34
16
88
2
19
9
94
9
14
9
99
9
94
12
84
9
44
9
94
0
11
15
87
9
94
9
14
9
74
9
74
9
44
13
85
9
74
9
44
9
64
9
76
15
27
9
74
9
74
9
44
9
74
9
64
9
34
9
99
9
74
9
14
9
64
9
64
18
30
9
14
16
28
1
99
9
94
9
14
16
88
9
99
9
14
9
44
2
69
9
74
16
28
9
44
17
89
9
14
9
64
14
86
9
64
9
36
9
44
9
14
16
58
15
57
9
64
15
27
9
99
9
34
13
25
9
34
0
80
9
64
9
94
9
64
9
84
18
60
14
86
9
74
9
14
9
44
9
44
9
44
9
94
9
44
15
87
9
64
9
94
9
64
9
99
9
44
9
74
9
99
9
34
14
86
9
34
9
64
9
44
9
44
9
74
9
99
9
64
14
86
9
94
9
64
9
94
9
99
16
58
9
74
14
56
1
9
9
74
9
44
17
29
9
74
9
34
9
34
9
94
9
74
9
74
9
94
16
88
9
94
12
54
18
30
9
99
15
87
12
24
9
99
14
26
16
58
9
99
14
56
9
14
9
64
9
74
1
99
9
14
13
25
16
88
16
28
0
50
16
88
9
44
14
86
13
55
9
64
9
14
9
66
9
34
9
99
9
34
14
26
9
14
9
34
13
55
9
34
9
34
9
9
16
28
12
24
17
89
9
34
9
94
9
44
9
94
9
14
13
55
2
89
9
64
9
99
9
14
9
99
9
94
9
14
9
14
9
99
16
58
9
64
9
99
9
14
9
14
9
44
9
44
9
44
12
24
9
14
9
64
13
85
18
30
9
74
9
99
9
44
9
99
15
27
12
24
9
99
17
89
9
64
9
74
9
14
9
33
17
29
9
94
16
88
14
86
9
34
9
14
14
56
9
14
9
64
2
9
9
99
9
64
9
99
9
44
9
99
9
34
9
44
13
85
9
14
12
24
9
74
16
28
9
14
9
34
18
30
9
34
9
94
9
99
1
59
9
44
13
25
18
60
9
64
9
14
9
99
12
24
9
34
9
34
9
34
3
44
15
52
9
74
9
63
16
88
9
44
9
99
9
44
15
57
9
74
16
28
9
34
14
26
9
3
9
64
9
99
9
14
9
14
15
57
17
89
9
99
18
90
9
64
9
44
1
59
18
90
9
34
17
59
9
44
9
64
9
64
9
34
15
27
14
86
9
34
9
14
14
86
15
87
9
99
15
87
17
89
9
99
14
26
3
49
14
86
15
87
9
74
9
44
9
99
9
74
9
99
15
57
3
9
9
34
12
24
9
99
9
74
18
60
14
86
2
69
16
58
9
14
9
74
9
74
9
94
9
99
15
27
9
94
9
94
15
27
9
14
