3
16
3
49
6
73
5
83
6
88
5
59
2
26
3
79
2
32
2
4
2
29
2
59
5
74
4
62
6
75
3
59
4
96
6
79
2
99
5
83
4
75
5
43
2
79
6
49
4
68
4
39
4
27
2
89
3
92
6
98
4
62
6
89
3
19
2
65
3
89
4
16
6
45
5
83
6
6
5
45
3
89
2
8
3
25
2
56
6
9
3
79
2
95
5
39
5
26
2
7
2
99
4
98
2
66
5
89
5
37
2
57
6
77
5
68
6
76
4
73
4
99
2
18
2
56
5
79
4
69
2
39
4
59
2
26
2
66
2
67
3
8
2
28
3
94
3
79
2
9
4
35
2
47
4
62
3
87
4
58
3
89
4
47
5
97
5
69
5
7
5
88
5
2
6
66
3
83
5
9
3
15
4
69
6
56
6
39
3
47
3
99
5
12
6
19
6
53
6
48
2
95
4
19
4
29
2
38
6
24
2
62
3
34
2
2
5
39
3
59
5
34
2
99
2
59
4
66
5
19
4
49
4
67
6
23
4
99
6
19
0
80
2
96
4
26
2
98
6
28
2
83
3
73
5
49
4
23
4
45
3
39
5
42
4
44
5
84
3
19
2
52
4
87
4
88
6
97
6
57
3
18
0
80
3
45
5
89
5
27
4
49
5
82
3
69
4
88
4
9
2
28
6
36
5
22
5
47
4
49
3
69
6
34
3
19
4
57
5
86
6
48
3
45
3
62
4
49
6
63
6
29
3
17
6
99
6
66
5
98
2
76
5
19
0
40
4
79
3
29
2
9
4
4
6
17
4
44
5
59
3
22
4
57
6
27
4
68
2
29
6
68
3
83
4
15
3
19
2
19
2
44
3
9
6
4
4
5
3
39
2
74
5
7
3
35
4
3
5
24
0
10
4
12
5
67
4
19
2
69
4
73
3
13
6
69
0
20
4
68
5
43
4
8
5
63
4
88
6
58
3
79
6
5
5
74
5
29
6
28
3
85
3
97
4
58
2
19
5
39
3
29
2
26
3
44
4
39
4
49
5
46
5
72
4
49
2
3
6
64
5
65
2
97
2
56
4
26
4
49
6
75
5
34
3
92
6
7
6
85
6
7
6
25
4
95
5
8
2
24
4
65
6
37
4
18
3
89
4
37
5
18
2
7
2
29
3
35
3
24
6
14
3
42
4
94
2
68
6
69
6
39
2
2
6
55
2
89
3
79
3
69
2
12
5
26
5
22
3
93
0
80
4
98
4
97
6
94
2
74
6
35
2
77
6
73
6
43
4
8
5
55
5
53
5
17
3
14
4
23
4
89
4
99
3
49
4
68
3
18
3
58
3
37
5
62
2
16
3
39
4
57
6
44
5
76
5
99
6
94
4
74
4
59
3
39
2
99
2
81
4
24
3
4
4
19
4
94
6
88
6
85
6
47
6
34
4
47
6
25
6
93
4
44
5
84
2
8
0
90
4
39
5
28
6
18
2
2
4
4
4
67
6
29
4
33
2
84
3
82
5
74
6
66
4
66
2
18
0
50
5
47
2
86
2
28
2
39
2
49
2
38
4
53
6
25
6
67
5
59
2
49
2
2
2
93
6
6
2
27
5
36
3
15
3
79
3
38
5
38
3
45
3
72
6
29
6
83
6
58
6
72
5
74
4
87
3
99
2
89
5
64
0
10
4
43
3
49
2
77
5
95
5
49
6
8
5
45
6
74
2
53
5
5
2
83
6
4
3
59
6
68
2
63
4
29
3
13
3
59
4
8
2
69
2
65
4
98
3
73
2
2
2
56
3
13
0
20
2
2
6
9
6
47
4
96
3
86
6
98
3
4
3
69
5
59
4
6
3
63
6
53
6
9
4
33
2
59
2
36
2
59
2
62
5
34
6
26
3
56
6
38
6
36
2
59
5
65
2
79
3
44
5
14
2
77
6
3
4
56
4
87
6
29
6
77
2
79
1
32
2
27
4
99
3
53
6
19
2
3
5
38
2
23
5
96
2
72
4
23
2
48
5
52
0
70
6
97
2
39
2
47
4
59
0
74
4
94
0
40
2
9
4
26
2
2
6
28
4
57
4
33
4
53
5
62
3
95
3
12
2
19
5
13
4
57
4
3
3
89
3
64
5
53
4
44
5
58
2
76
4
26
6
44
3
17
2
65
3
85
5
32
4
35
5
73
4
3
2
25
3
68
4
99
3
3
6
77
6
83
2
14
2
28
3
42
3
2
3
59
6
88
3
9
2
27
6
65
6
24
6
5
4
68
5
55
2
74
5
89
4
56
4
38
5
22
4
28
6
4
6
29
5
58
2
9
6
97
4
67
4
93
2
57
5
48
5
79
2
18
5
34
6
9
6
4
6
89
3
34
4
74
5
34
3
82
6
79
5
35
4
39
6
37
2
13
5
84
4
94
5
58
2
67
5
49
6
7
6
17
3
58
6
69
2
17
3
9
5
86
4
9
3
7
3
34
6
69
5
64
3
9
2
22
3
29
4
65
2
84
6
7
2
77
0
50
4
58
4
46
2
87
5
69
6
49
5
99
4
48
5
39
3
45
5
49
5
76
5
55
6
69
4
59
4
8
4
83
2
19
2
82
4
69
5
95
2
49
4
48
3
99
5
2
3
66
3
72
4
92
2
94
5
19
3
62
2
55
5
15
5
99
5
67
6
39
4
43
2
13
3
46
2
7
4
69
3
28
4
69
5
63
4
27
0
91
3
22
3
58
4
97
5
39
3
59
5
86
6
34
2
82
3
99
5
99
4
38
2
34
6
7
3
63
5
78
2
29
2
96
3
57
5
85
5
87
4
55
4
61
2
29
6
47
5
83
2
92
2
43
4
49
1
21
6
29
2
38
4
89
2
55
6
35
6
67
4
19
4
58
3
86
3
53
3
76
1
43
3
19
3
49
5
63
4
44
4
96
3
94
3
8
4
39
4
66
4
79
6
6
2
19
4
92
2
24
6
77
0
67
5
22
2
56
6
98
2
12
3
68
4
65
5
66
5
3
4
54
2
96
3
18
3
34
4
19
4
26
5
56
6
65
4
49
5
63
4
92
2
25
0
20
5
67
3
49
4
7
3
89
3
9
0
10
5
43
3
16
2
92
2
39
5
49
2
53
4
92
5
33
5
26
4
79
2
14
4
86
4
2
3
96
5
87
5
72
5
37
4
83
0
11
3
79
6
86
4
3
6
69
3
67
6
39
6
73
6
69
5
38
6
59
3
76
3
19
4
69
4
65
4
39
3
69
4
52
4
29
4
94
6
63
2
9
2
56
2
58
6
19
4
6
4
18
1
97
3
88
2
3
4
77
4
98
3
8
5
35
2
69
4
69
4
19
2
36
5
79
3
7
2
53
2
76
2
56
4
36
4
32
5
8
4
47
3
48
4
52
3
19
2
96
5
26
2
13
4
23
0
80
3
53
5
89
5
56
4
84
6
48
2
74
4
66
2
8
4
35
5
39
4
38
3
85
5
33
3
78
3
59
4
83
2
54
3
96
2
32
4
64
4
95
3
22
2
74
5
29
6
57
3
33
6
39
6
69
5
99
3
53
5
74
6
89
3
54
6
89
6
96
4
46
5
62
3
44
1
9
5
65
6
39
5
19
3
68
5
24
3
24
5
89
3
69
2
63
6
89
4
76
6
88
5
42
6
18
5
96
3
79
2
12
4
99
2
14
4
49
2
99
2
44
6
9
2
59
4
67
1
97
3
2
2
13
4
79
5
16
0
50
4
79
4
34
2
79
4
43
6
53
4
4
3
66
2
29
4
93
4
29
2
16
2
3
6
29
2
43
3
24
2
27
5
9
4
17
5
12
5
79
3
29
2
85
4
35
6
86
4
9
2
43
2
82
2
55
2
92
3
9
4
94
6
83
5
4
5
4
3
95
4
48
2
56
2
96
5
8
3
9
4
37
6
33
3
38
2
12
6
4
2
58
3
73
6
19
3
62
2
99
3
37
2
93
4
15
3
12
2
93
5
79
4
59
6
69
2
9
6
33
5
19
5
83
4
79
6
74
6
26
5
6
3
44
4
4
4
59
2
2
5
96
3
59
5
97
5
37
6
93
5
28
4
33
6
73
2
9
4
12
3
64
4
16
3
9
2
28
6
19
5
29
4
85
4
99
1
56
3
34
2
13
6
49
3
54
2
5
2
99
5
12
4
25
5
26
4
25
3
44
3
53
5
67
4
63
4
79
2
36
2
97
2
37
3
49
6
69
4
16
5
29
2
16
4
3
6
59
5
99
2
2
6
4
3
48
5
79
4
96
6
79
3
52
5
39
1
59
6
78
3
28
6
47
2
35
6
58
5
59
3
25
3
16
2
77
3
23
4
5
4
74
5
75
6
95
3
79
5
78
4
92
2
17
3
42
2
74
5
75
5
68
3
39
6
95
5
68
3
99
6
45
3
9
3
24
5
12
4
98
5
69
6
49
3
74
2
67
5
46
3
9
2
66
2
62
2
85
2
97
3
17
2
88
5
82
3
15
6
4
