1
14
1
48
4
71
3
81
4
86
3
58
0
24
1
77
1
30
0
2
0
27
0
57
3
72
3
60
4
73
1
58
2
94
4
77
0
98
3
81
2
73
3
41
0
78
4
49
2
66
2
38
2
25
0
88
2
90
4
96
3
60
4
87
1
17
0
63
1
89
2
14
4
43
3
81
4
4
3
43
1
88
0
6
1
23
0
54
4
8
1
79
0
93
3
37
3
24
0
5
0
98
2
96
0
64
3
87
3
35
0
55
4
75
3
66
4
74
2
71
2
97
0
16
0
54
3
77
2
69
0
39
2
57
0
24
0
64
0
65
1
6
0
26
1
92
1
77
0
7
2
33
0
45
3
60
1
85
2
56
1
87
2
45
3
95
3
68
3
5
3
86
4
0
4
64
1
81
3
7
1
13
2
69
4
54
4
37
1
45
1
99
4
10
4
18
4
51
4
46
0
93
2
17
2
28
0
36
4
22
1
60
1
32
1
0
3
39
1
58
3
32
0
98
0
58
2
64
3
18
2
48
2
65
4
21
2
97
4
19
0
80
0
94
2
24
0
96
4
26
0
81
1
71
3
47
2
21
2
43
1
37
4
40
2
42
3
82
1
19
1
50
2
85
2
86
4
95
4
55
1
16
0
80
1
43
3
88
3
25
2
47
4
80
1
69
2
86
2
8
0
26
4
34
4
20
3
45
2
48
1
68
4
32
1
18
2
57
3
84
4
46
1
43
2
60
2
47
4
61
4
29
1
15
4
97
4
64
3
96
0
74
3
17
0
40
2
79
1
27
0
8
2
2
4
15
2
42
3
58
2
20
2
55
4
25
2
66
0
28
4
66
1
81
2
13
1
17
0
17
0
42
1
8
4
2
2
3
1
37
0
72
3
5
1
33
2
1
3
22
0
10
3
10
3
65
2
19
0
68
2
71
1
11
4
68
0
20
2
66
3
41
2
6
3
61
2
86
4
56
1
78
4
3
3
72
3
28
4
26
1
83
1
95
2
56
0
17
3
38
1
28
0
24
1
42
2
39
2
48
3
44
4
70
2
48
0
1
4
62
3
63
0
95
0
54
2
24
2
47
4
73
3
32
2
90
4
5
4
83
4
5
4
23
2
93
3
6
0
22
2
63
4
35
2
16
1
89
2
35
3
16
0
5
0
27
1
33
1
22
4
12
2
40
2
92
0
66
4
69
4
39
1
0
4
53
0
88
1
79
1
67
1
10
3
24
3
22
1
91
0
80
2
96
2
95
4
92
0
72
4
33
0
75
4
71
4
41
2
6
3
53
3
51
3
15
1
12
2
21
2
89
2
98
1
49
2
66
3
16
1
56
1
35
4
60
0
14
1
39
2
55
4
42
3
74
3
97
4
92
2
72
2
58
1
39
0
99
1
80
2
22
1
2
2
19
2
92
4
86
4
83
4
45
4
32
2
45
4
23
4
93
2
42
3
82
0
6
0
90
2
38
3
26
4
16
1
0
2
2
2
67
4
28
2
31
0
82
1
82
3
72
4
64
2
64
0
16
0
50
3
45
0
86
0
26
0
38
0
49
0
36
2
53
4
23
4
65
3
58
0
47
1
0
0
91
4
4
0
25
3
34
1
13
1
78
1
36
3
36
1
43
2
70
4
29
4
81
4
56
4
72
3
72
2
85
1
97
0
88
3
62
0
10
2
41
1
48
0
75
3
95
3
49
4
6
3
45
4
72
0
51
3
3
0
81
4
2
1
58
4
66
0
61
2
27
1
11
1
58
2
6
0
69
0
63
2
99
1
71
1
0
0
54
1
11
0
20
1
0
4
9
4
45
2
94
1
84
4
96
1
2
1
67
3
59
2
4
1
61
4
51
4
7
2
31
0
57
0
34
0
59
1
60
3
32
4
24
1
54
4
36
4
34
0
58
3
63
0
77
1
42
3
12
0
75
4
1
2
54
4
85
4
28
4
75
0
79
2
30
0
25
2
98
1
51
4
19
0
1
3
36
0
21
3
94
1
70
2
21
0
46
4
50
0
70
4
95
0
39
0
45
2
59
0
74
2
96
0
40
0
9
2
24
1
0
4
26
2
55
2
31
2
51
4
60
1
93
2
10
0
18
3
11
2
55
2
1
1
87
1
62
3
51
2
42
3
56
0
74
2
24
4
42
1
15
0
63
1
83
4
30
2
33
3
71
2
1
0
23
1
66
2
99
1
1
4
75
4
81
0
12
0
26
2
40
2
0
1
59
4
86
1
8
0
25
4
63
4
22
4
3
2
66
3
53
0
72
3
88
2
54
2
36
4
20
2
26
4
2
4
28
3
56
0
8
4
95
2
65
2
91
0
55
3
46
3
77
0
16
3
32
4
7
4
2
4
88
1
32
2
72
3
32
2
80
4
79
3
33
2
39
4
35
0
11
3
82
2
92
3
56
0
65
3
48
4
5
4
15
1
56
4
69
0
15
1
9
3
84
2
7
1
5
1
32
4
67
3
62
1
7
1
20
1
27
2
63
0
82
4
5
0
77
0
50
4
58
2
44
0
85
3
69
4
47
3
99
2
46
3
37
1
43
3
49
3
74
3
53
4
69
2
59
2
6
2
81
0
19
1
80
2
69
3
93
0
47
2
46
1
99
4
0
1
64
2
70
3
90
0
92
3
17
2
60
0
53
3
13
3
97
3
65
4
38
2
41
2
11
1
44
0
5
2
68
1
26
2
68
3
63
2
25
0
91
1
22
1
56
2
95
3
37
1
58
3
84
4
32
1
80
3
99
3
97
2
36
0
32
4
5
1
61
3
76
0
27
0
94
1
55
3
83
3
85
2
53
2
61
0
28
4
45
3
81
1
90
0
41
2
49
1
20
4
28
0
36
2
88
0
53
4
33
4
65
2
17
2
56
1
84
1
51
1
74
1
41
1
18
1
47
3
63
2
42
4
94
1
92
1
6
2
38
2
64
2
79
4
4
0
18
3
90
0
22
4
75
0
67
4
20
0
54
4
96
1
10
3
68
2
63
3
64
3
1
2
52
0
94
1
16
1
32
2
19
2
24
3
54
4
63
2
48
3
61
3
90
0
23
0
20
3
65
1
47
2
5
1
87
3
9
0
10
3
41
1
14
1
90
0
37
3
49
0
51
3
90
3
31
3
24
2
78
2
12
2
84
3
0
1
94
3
85
4
70
3
35
2
81
0
11
1
79
4
84
2
1
4
69
1
65
4
37
4
71
4
67
3
36
4
58
1
76
1
17
2
68
2
63
2
39
1
67
3
50
2
28
2
92
4
61
0
9
0
54
0
56
4
19
2
4
2
16
1
95
1
86
0
1
2
75
2
96
1
6
3
33
2
68
2
69
2
19
0
34
3
78
1
5
0
51
0
74
0
54
2
36
3
30
3
6
2
45
1
46
3
50
1
17
0
94
3
24
0
11
2
21
0
80
1
51
3
87
3
54
2
84
4
46
0
72
2
64
0
6
2
33
3
37
2
36
1
83
3
31
1
76
1
59
2
81
0
52
1
94
1
30
2
62
2
93
2
20
0
72
3
28
4
55
1
31
4
39
4
69
3
99
1
51
3
72
4
89
1
52
4
89
4
94
2
44
4
60
1
42
0
9
3
63
4
38
3
18
1
66
3
22
1
22
3
87
1
67
0
61
4
87
2
74
4
86
4
40
4
16
3
94
1
79
1
10
2
98
0
12
2
49
0
99
0
42
4
7
0
57
2
65
0
95
2
0
0
11
2
78
3
14
0
50
2
78
2
32
0
78
2
41
4
51
2
2
1
66
0
27
2
91
2
29
0
14
0
1
4
27
0
41
1
22
0
25
3
9
2
15
4
10
3
79
1
28
0
83
2
33
4
84
2
7
0
41
2
80
0
53
1
90
1
8
2
92
4
81
3
2
3
2
1
93
2
46
0
54
0
94
3
6
1
9
2
35
4
31
1
36
1
10
4
2
0
56
1
71
4
18
2
60
0
98
1
35
0
91
2
13
2
10
0
91
3
79
2
59
4
68
0
9
4
33
3
17
3
81
2
79
4
72
4
24
3
4
1
42
2
2
2
59
2
0
3
94
1
59
3
95
3
35
4
91
3
26
2
31
4
71
0
9
3
10
1
62
2
14
1
7
0
26
4
17
3
28
2
83
2
98
1
54
1
32
0
11
4
48
1
52
0
3
0
99
4
10
2
23
3
24
2
23
3
44
1
53
3
65
2
63
2
77
0
34
0
95
0
35
1
48
4
69
2
14
3
27
0
14
2
3
4
59
3
97
1
0
4
2
1
46
3
78
2
94
4
78
2
50
3
38
1
58
4
76
1
26
4
45
0
33
4
56
3
59
1
23
1
14
0
75
1
21
2
3
2
72
3
73
4
93
1
79
3
76
3
90
0
15
4
40
0
72
3
73
3
66
1
38
4
93
3
66
1
99
4
43
3
7
1
22
4
10
2
96
3
68
4
48
1
72
2
65
3
44
1
7
0
64
1
60
0
83
0
95
1
15
0
86
4
80
1
13
4
2
