1
1
3
31
9
58
2
6
1
59
16
28
2
71
16
83
0
9
2
41
9
26
4
70
4
48
1
64
1
91
12
24
1
94
9
44
3
33
4
96
0
50
2
29
1
47
9
56
1
37
0
62
4
79
9
6
2
59
1
41
2
81
1
6
2
49
0
81
1
56
3
44
1
99
0
41
1
93
1
93
0
25
0
72
8
65
1
71
0
47
1
75
0
59
3
79
9
94
3
61
0
87
9
0
1
51
2
49
0
43
4
85
9
36
14
26
1
19
0
57
9
16
9
76
9
8
1
87
2
14
16
83
9
68
1
48
9
56
1
81
3
59
3
90
4
79
1
98
9
64
2
69
4
65
1
79
9
71
0
84
9
76
2
19
1
81
0
63
2
99
1
11
9
34
2
59
1
86
1
21
1
61
9
18
1
2
1
11
2
51
9
44
4
64
3
84
1
69
4
89
0
18
0
20
0
38
1
41
4
54
4
62
4
39
9
74
0
77
9
48
4
9
3
49
2
81
9
33
4
51
0
43
9
6
1
1
16
52
0
29
9
76
3
91
2
11
1
21
1
99
0
28
1
19
3
84
1
49
2
11
1
71
3
27
4
37
3
20
3
13
3
91
0
57
1
3
4
96
1
1
1
31
0
87
9
41
9
7
9
64
2
97
2
29
3
99
4
51
3
0
1
7
9
44
15
51
1
51
3
41
2
69
1
69
2
86
4
68
1
38
1
21
18
60
1
71
4
51
9
98
1
69
1
18
9
93
9
56
1
38
0
46
1
69
3
97
9
14
1
43
3
59
16
28
1
76
4
93
0
2
2
28
3
16
0
61
1
81
2
18
2
91
9
64
1
61
1
19
9
34
9
86
2
89
3
77
1
31
18
81
1
43
1
98
2
79
1
1
1
49
2
1
2
51
0
29
1
2
1
69
9
64
3
49
9
26
1
31
1
68
3
19
4
41
1
90
3
91
1
37
1
29
1
6
17
51
1
11
1
29
9
88
1
21
0
45
1
49
0
96
9
86
9
73
2
55
0
45
3
31
1
91
1
84
9
39
9
56
9
33
0
34
1
24
1
89
0
89
1
41
1
11
9
63
4
74
1
1
9
17
2
71
1
31
1
89
0
89
3
13
2
8
1
68
2
74
9
14
9
6
0
89
9
6
2
58
1
48
9
8
0
10
1
91
2
90
0
63
0
18
4
21
2
81
3
89
0
88
1
51
3
9
9
36
1
33
4
2
1
21
1
31
3
82
1
58
4
71
4
66
3
91
3
92
1
39
1
31
9
97
9
74
9
46
9
67
0
50
3
1
2
80
9
64
0
28
1
79
16
88
9
58
0
72
1
1
3
80
0
30
1
81
8
25
9
66
1
64
2
88
1
1
3
47
16
21
9
76
1
9
0
84
1
2
9
59
2
11
1
82
1
36
0
57
0
51
1
51
1
73
2
7
1
73
3
86
15
82
1
69
2
0
3
8
1
1
1
19
9
59
4
31
1
71
1
89
1
78
9
99
4
34
9
13
0
40
1
81
2
98
9
46
1
91
9
14
12
84
2
0
1
13
2
99
1
61
0
87
9
36
1
40
1
1
3
95
1
89
0
34
1
51
4
41
1
69
1
9
1
61
9
94
1
61
4
40
0
86
0
55
1
91
1
21
3
41
2
99
9
11
0
20
0
70
1
73
9
44
0
9
9
94
4
50
9
58
1
11
1
81
1
71
0
16
4
60
9
34
2
9
3
29
2
89
4
0
9
71
1
66
1
89
1
37
1
98
1
11
1
97
2
21
2
39
9
16
3
23
0
70
1
77
9
62
0
39
0
39
1
15
0
62
3
97
1
31
4
11
1
19
9
34
2
91
2
59
9
3
9
34
1
94
1
19
9
14
1
9
1
91
1
96
3
49
1
62
1
15
8
95
9
26
0
29
9
46
9
46
1
73
0
87
0
27
1
94
1
57
4
6
1
2
3
41
8
55
0
57
9
78
2
62
2
91
1
31
1
41
0
5
4
49
2
61
2
89
9
13
0
96
9
56
4
7
0
29
18
30
9
16
2
99
0
87
4
80
1
69
0
22
9
32
9
46
9
74
0
35
3
76
3
7
9
74
3
37
1
41
1
49
2
48
1
9
1
38
1
24
1
73
1
97
17
21
0
53
8
75
0
36
2
9
1
61
1
65
9
36
14
26
4
29
0
94
2
89
0
39
4
1
1
44
1
80
9
76
9
64
1
35
3
49
14
56
0
59
1
91
9
66
0
96
1
73
9
98
16
88
3
61
3
51
9
46
12
84
1
51
1
2
0
27
1
93
1
9
3
86
1
89
1
51
9
64
2
46
9
76
9
61
3
6
3
87
9
36
1
32
1
67
1
21
4
17
2
18
1
81
1
95
0
88
3
59
3
89
9
76
2
34
2
61
9
88
1
79
1
20
9
46
0
91
2
91
1
31
0
25
1
99
3
59
1
71
0
66
9
29
2
35
1
89
1
71
9
44
2
91
1
39
1
49
3
71
1
71
1
15
9
39
1
28
2
98
1
94
0
57
2
44
0
88
4
31
9
44
4
9
9
12
8
45
1
11
2
69
9
57
3
89
3
19
1
22
1
19
2
11
1
54
2
21
9
99
1
61
0
57
3
43
9
6
0
59
9
13
0
29
0
59
3
89
0
89
1
11
9
14
1
68
0
17
1
71
0
76
2
49
9
36
3
51
9
43
1
21
9
56
1
79
4
59
9
28
1
55
1
83
2
89
2
71
0
77
1
18
9
66
1
46
1
67
9
11
4
21
1
49
9
14
1
49
14
56
2
33
2
15
9
24
8
5
0
70
2
82
2
17
1
39
9
57
1
48
4
89
0
89
1
79
1
21
2
71
0
85
1
61
2
6
9
99
9
14
9
13
9
56
1
69
9
64
1
51
3
69
2
9
1
66
18
30
15
27
1
31
0
97
1
0
1
49
1
91
2
31
3
36
9
64
0
93
2
61
3
66
17
53
1
79
1
11
0
57
4
1
2
79
1
56
0
57
9
58
0
58
3
1
4
58
4
59
0
56
3
88
1
49
0
89
15
27
1
91
0
76
4
14
3
4
2
84
2
39
0
72
0
59
1
71
9
86
16
28
3
29
4
13
14
81
1
61
9
86
1
29
1
89
14
51
2
89
1
48
2
60
0
66
3
65
3
36
1
51
0
43
4
31
2
91
9
78
0
20
0
59
2
90
0
46
1
1
1
79
0
28
1
8
13
55
1
18
9
58
4
71
9
86
0
29
1
39
4
76
9
69
9
68
9
71
9
56
1
89
4
31
0
59
2
51
1
35
1
39
4
91
0
19
1
80
9
26
0
11
1
1
9
74
1
8
9
26
1
61
9
99
9
78
14
52
9
16
3
3
0
71
9
86
2
1
1
51
1
79
1
49
9
78
0
0
1
27
1
47
1
69
3
54
1
69
1
79
3
91
1
21
1
97
9
34
3
39
3
19
1
61
1
11
1
49
0
78
9
34
0
85
1
31
1
24
9
94
9
26
1
9
0
63
9
0
0
61
9
16
8
35
9
99
0
87
3
52
9
14
4
21
4
19
3
55
0
13
2
91
3
99
0
89
9
86
3
46
1
19
1
99
2
20
9
16
1
61
0
23
1
79
1
1
3
21
1
65
9
36
9
17
1
18
1
51
0
29
4
38
1
21
2
49
0
5
0
57
9
44
0
61
0
53
0
88
0
76
1
93
8
65
1
17
4
61
1
41
17
21
0
70
1
49
4
91
9
96
0
36
4
71
0
87
1
59
1
9
9
14
4
49
1
16
4
2
9
34
0
83
1
12
0
24
0
89
1
36
3
51
1
2
2
67
1
9
1
10
2
71
2
41
4
64
9
78
1
92
1
61
9
42
9
74
3
15
18
50
3
54
1
99
0
35
4
39
4
41
2
22
1
98
9
99
1
91
1
11
1
51
2
69
0
71
9
47
1
81
9
68
2
61
2
18
9
26
1
39
4
68
9
34
1
66
4
47
1
44
3
81
3
39
1
11
9
26
0
28
1
71
17
29
9
16
9
34
3
31
0
89
9
6
4
8
4
78
4
38
8
85
15
57
3
98
8
85
9
73
1
48
1
49
9
16
2
17
4
9
1
16
0
27
1
41
0
59
0
36
1
55
9
0
3
87
2
71
0
57
3
51
4
82
17
89
1
61
0
50
9
56
1
93
4
75
3
89
1
60
4
10
1
91
0
61
1
5
1
29
0
13
1
93
1
9
2
35
1
29
0
56
1
69
4
39
0
22
1
9
0
32
1
51
9
68
1
41
4
61
1
12
1
19
2
9
9
27
2
51
9
58
1
19
9
63
13
25
4
69
1
64
3
32
2
71
9
74
3
98
2
68
2
98
3
28
9
26
3
91
1
71
1
39
0
47
1
11
9
74
9
24
1
99
2
58
1
99
1
49
3
26
9
56
1
61
2
3
4
21
4
59
3
81
4
78
9
36
1
81
0
7
0
34
1
69
0
31
