1
1
3
31
8
58
2
6
1
59
9
21
2
72
9
83
0
9
2
43
9
29
4
70
4
48
1
64
1
91
9
17
1
94
7
39
3
33
4
96
0
50
2
29
1
47
7
62
1
37
0
62
4
79
9
9
2
57
1
41
2
82
1
6
2
49
0
81
1
56
3
44
1
99
0
41
1
93
1
93
0
25
0
72
8
65
1
71
0
47
1
75
0
59
3
79
9
88
3
61
0
87
9
1
1
51
2
49
0
43
4
85
8
40
7
19
1
19
0
57
8
20
7
81
7
8
1
87
2
14
9
83
8
72
1
48
8
60
1
81
3
59
3
90
4
77
1
98
8
60
2
69
4
65
1
79
9
71
0
84
6
83
2
18
1
82
0
63
2
98
1
11
9
31
2
59
1
86
1
21
1
61
7
18
1
2
1
13
2
51
9
41
4
64
3
84
1
67
4
89
0
18
0
20
0
38
1
41
4
54
4
62
4
39
9
73
0
77
9
48
4
9
3
49
2
81
9
33
4
51
0
43
8
10
1
1
9
53
0
29
7
81
3
91
2
11
1
21
1
99
0
28
1
19
3
84
1
49
2
11
1
71
3
27
4
37
3
20
3
13
3
91
0
57
1
3
4
96
1
1
1
31
0
87
9
41
9
7
9
61
2
97
2
29
3
99
4
52
3
0
1
7
9
39
8
52
1
51
3
41
2
69
1
69
2
86
4
68
1
38
1
21
11
53
1
71
4
52
9
98
1
69
1
18
9
93
9
56
1
38
0
46
1
69
3
97
9
12
1
43
3
59
9
21
1
76
4
93
0
2
2
28
3
16
0
61
1
81
2
18
2
91
9
57
1
61
1
19
8
30
8
87
2
89
3
77
1
31
11
81
1
43
1
98
2
79
1
1
1
49
2
1
2
53
0
29
1
2
1
69
9
62
3
49
9
32
1
31
1
68
3
18
4
41
1
90
3
91
1
37
1
29
1
6
10
52
1
13
1
29
7
88
1
21
0
45
1
49
0
96
7
86
9
73
2
55
0
45
3
31
1
91
1
84
9
39
7
61
9
33
0
34
1
24
1
89
0
89
1
41
1
11
9
63
4
74
1
1
9
17
2
71
1
33
1
89
0
89
3
13
2
8
1
68
2
74
9
7
8
10
0
89
9
9
2
58
1
48
9
8
0
10
1
91
2
90
0
63
0
18
4
21
2
81
3
89
0
88
1
51
3
9
9
41
1
33
4
2
1
21
1
32
3
82
1
58
4
71
4
66
3
91
3
92
1
38
1
31
7
97
9
73
9
46
8
67
0
50
3
1
2
80
8
57
0
28
1
77
9
81
9
58
0
72
1
1
3
80
0
30
1
81
7
25
8
66
1
64
2
88
1
1
3
47
9
21
8
80
1
9
0
84
1
2
8
59
2
11
1
82
1
36
0
57
0
51
1
51
1
73
2
7
1
73
3
86
8
82
1
68
2
0
3
8
1
1
1
18
9
59
4
31
1
71
1
87
1
78
9
99
4
34
8
13
0
40
1
83
2
98
7
51
1
91
7
9
9
77
2
0
1
13
2
99
1
61
0
87
9
43
1
40
1
1
3
95
1
89
0
34
1
51
4
41
1
69
1
9
1
61
9
90
1
61
4
40
0
86
0
55
1
92
1
21
3
41
2
99
7
11
0
20
0
70
1
73
7
39
0
9
9
91
4
50
8
58
1
11
1
81
1
71
0
16
4
60
8
30
2
9
3
29
2
88
4
0
9
71
1
66
1
89
1
37
1
98
1
11
1
97
2
21
2
39
7
21
3
23
0
70
1
77
9
62
0
39
0
39
1
15
0
62
3
97
1
31
4
11
1
19
9
32
2
91
2
59
7
3
9
28
1
94
1
19
9
12
1
9
1
91
1
96
3
49
1
62
1
15
8
95
7
31
0
29
7
51
9
49
1
73
0
87
0
27
1
94
1
57
4
6
1
2
3
41
8
55
0
57
8
78
2
62
2
91
1
31
1
41
0
5
4
49
2
61
2
89
9
13
0
96
9
59
4
7
0
29
11
23
9
18
2
99
0
87
4
80
1
69
0
22
8
32
8
46
9
71
0
35
3
76
3
7
9
70
3
37
1
42
1
49
2
48
1
7
1
38
1
24
1
73
1
97
10
22
0
53
8
75
0
36
2
9
1
61
1
65
9
36
9
19
4
28
0
94
2
88
0
39
4
1
1
44
1
80
8
76
9
60
1
35
3
49
7
49
0
59
1
91
7
72
0
96
1
73
7
98
9
81
3
61
3
51
8
50
9
77
1
51
1
2
0
27
1
93
1
9
3
86
1
88
1
51
9
64
2
46
9
79
9
61
3
6
3
87
9
40
1
32
1
67
1
21
4
17
2
18
1
81
1
95
0
88
3
59
3
88
9
79
2
34
2
61
9
88
1
79
1
20
7
51
0
91
2
91
1
31
0
25
1
99
3
59
1
71
0
66
9
29
2
35
1
89
1
71
8
44
2
92
1
39
1
47
3
71
1
71
1
15
9
39
1
28
2
98
1
94
0
57
2
44
0
88
4
31
7
38
4
9
7
12
8
45
1
11
2
69
9
57
3
89
3
17
1
22
1
19
2
11
1
54
2
21
9
99
1
61
0
57
3
43
9
9
0
59
9
13
0
29
0
59
3
89
0
89
1
11
9
10
1
68
0
17
1
71
0
76
2
49
9
37
3
51
9
43
1
21
7
61
1
79
4
59
9
28
1
55
1
83
2
89
2
71
0
77
1
18
8
66
1
46
1
67
9
11
4
21
1
49
9
13
1
49
7
49
2
33
2
15
7
24
8
5
0
70
2
82
2
17
1
37
7
57
1
48
4
89
0
88
1
78
1
21
2
71
0
85
1
61
2
6
9
99
7
8
7
14
9
57
1
69
7
57
1
51
3
69
2
9
1
66
11
23
8
20
1
31
0
97
1
0
1
49
1
91
2
31
3
36
9
62
0
93
2
61
3
66
10
53
1
79
1
11
0
57
4
1
2
79
1
56
0
57
9
58
0
58
3
3
4
58
4
58
0
56
3
88
1
49
0
89
9
20
1
91
0
76
4
14
3
4
2
84
2
39
0
72
0
59
1
71
9
88
9
21
3
29
4
13
7
81
1
61
9
87
1
29
1
89
7
51
2
87
1
48
2
60
0
66
3
65
3
36
3
53
0
43
4
32
2
91
9
78
0
20
0
59
2
90
0
46
1
1
1
79
0
28
1
8
8
48
1
18
9
58
4
71
9
88
0
27
1
39
4
76
9
69
9
68
9
71
9
58
1
89
4
31
0
59
2
51
1
35
1
39
4
91
0
19
1
80
8
32
0
11
1
3
9
69
1
8
9
28
1
61
8
99
9
78
7
52
9
19
3
3
0
71
7
91
2
2
1
51
1
79
1
49
9
78
0
0
1
27
1
47
1
69
3
54
1
69
1
79
3
91
1
22
1
97
8
27
3
38
3
19
1
61
1
11
1
49
0
78
9
34
0
85
1
33
1
24
9
89
7
31
1
9
0
63
9
2
0
61
7
21
8
35
7
99
0
87
3
52
9
11
4
21
4
19
3
55
0
13
2
91
3
99
0
89
9
88
3
46
1
19
1
99
2
20
9
16
1
61
0
23
1
78
1
1
3
23
1
65
7
36
8
17
1
18
1
53
0
29
4
38
1
21
2
49
0
5
0
57
8
38
0
61
0
53
0
88
0
76
1
93
8
65
1
17
4
62
1
41
10
22
0
70
1
49
4
91
8
96
0
36
4
71
0
87
1
59
1
9
9
11
4
49
1
16
4
2
7
29
0
83
1
12
0
24
0
89
1
36
3
51
1
2
2
67
1
7
1
10
2
72
2
41
4
64
8
78
1
92
1
63
7
42
7
69
3
15
11
51
3
54
1
99
0
35
4
37
4
41
2
22
1
98
9
99
1
91
1
18
1
51
2
69
0
71
7
47
1
81
9
68
2
61
2
18
7
26
1
39
4
68
9
34
1
66
4
47
1
44
3
81
3
39
1
11
9
29
0
28
1
71
10
22
8
16
9
32
3
31
0
87
9
9
4
8
4
78
4
38
8
85
9
50
3
98
7
85
7
73
1
48
1
49
7
21
2
17
4
9
1
16
0
27
1
41
0
59
0
36
1
55
9
0
3
87
2
71
0
57
3
51
4
82
10
82
1
61
0
50
7
62
1
93
4
75
3
89
1
60
4
10
1
91
0
61
1
5
1
29
0
13
1
93
1
9
2
35
1
28
0
56
1
69
4
39
0
22
1
9
0
32
1
51
9
68
1
41
4
61
1
12
1
19
2
9
7
27
2
51
7
58
1
19
7
63
7
18
4
67
1
64
3
32
2
71
9
68
3
98
2
68
2
98
3
28
9
26
3
91
1
71
1
39
0
47
1
11
9
74
7
24
1
99
2
58
1
99
1
49
3
26
9
57
1
61
2
3
4
23
4
59
3
81
4
78
8
36
1
81
0
7
0
34
1
69
0
31
