3
5
3
33
1
59
2
6
1
55
2
14
2
79
2
83
0
9
2
50
4
36
4
70
4
48
1
64
0
91
4
10
1
94
0
37
3
33
4
96
0
50
2
29
1
47
0
69
3
37
0
62
4
75
3
16
2
50
4
44
2
89
2
6
2
47
0
81
1
56
3
44
1
99
0
41
0
93
4
93
0
25
0
72
2
65
0
75
0
47
1
75
1
56
3
77
3
81
4
60
2
87
3
8
1
51
2
46
0
43
4
85
1
45
0
17
3
18
4
57
1
23
0
85
0
8
1
87
2
14
2
83
1
78
1
48
1
63
1
84
3
57
3
90
4
70
2
99
1
54
2
64
4
65
1
79
4
71
0
84
0
90
2
11
1
88
0
63
2
91
1
13
2
25
2
53
1
86
1
23
1
68
0
19
1
2
3
20
2
51
2
36
4
64
3
84
1
60
4
87
0
18
0
20
0
38
4
41
4
54
4
62
4
39
4
69
0
77
4
48
4
3
3
42
2
87
3
34
4
56
0
43
1
17
1
1
2
53
0
28
0
85
3
91
2
16
1
23
1
97
1
28
2
19
3
84
4
47
2
11
1
71
3
27
4
37
3
20
3
13
3
95
3
56
1
3
4
96
0
6
1
36
0
86
4
40
3
7
4
54
2
97
2
26
3
93
4
59
3
0
3
7
2
32
1
59
3
55
3
42
2
69
4
65
1
86
4
68
0
38
4
23
4
48
1
77
4
59
4
99
1
64
1
19
3
94
3
56
0
39
0
46
4
62
3
97
3
8
3
43
3
59
2
17
1
76
4
93
0
2
2
29
3
16
0
61
1
85
2
18
2
91
3
50
1
64
4
19
1
28
1
88
2
89
3
77
0
31
4
81
4
43
3
98
2
78
2
1
3
47
2
1
2
60
3
22
0
2
4
64
3
57
3
43
3
39
1
37
1
68
3
11
4
45
1
90
3
92
1
37
1
26
1
6
4
59
3
20
1
28
0
88
1
25
0
45
4
49
0
96
0
86
4
73
2
55
0
45
3
37
1
92
1
84
2
39
0
66
2
33
0
34
1
24
1
86
2
89
1
45
1
17
2
63
4
74
4
7
3
17
2
74
2
40
1
84
4
86
3
13
2
9
1
69
2
74
3
0
1
12
2
87
2
13
2
58
1
48
4
8
0
10
3
93
2
90
0
63
0
18
4
23
2
84
3
86
0
88
4
58
3
2
2
48
1
33
4
2
0
22
0
39
3
82
1
58
4
78
4
66
3
91
3
92
2
31
2
31
0
97
4
69
2
46
1
67
0
50
3
0
2
80
2
50
0
30
4
70
3
74
2
58
0
72
3
8
3
80
0
30
1
81
0
25
1
66
3
64
2
88
1
1
3
47
2
21
1
87
4
3
0
84
3
2
1
59
2
18
0
82
4
36
3
59
0
51
1
58
3
73
2
7
1
73
3
86
1
82
4
61
2
0
3
8
1
5
3
11
2
59
4
36
1
70
1
80
0
78
2
95
4
34
1
13
0
40
1
90
2
98
0
51
1
93
0
2
3
70
2
0
1
13
2
93
3
60
0
87
4
50
1
40
4
1
3
95
0
84
0
34
1
58
4
46
3
63
3
9
1
61
3
83
1
64
4
40
0
86
0
55
3
99
1
22
4
40
2
97
0
11
0
20
0
70
2
73
0
36
0
9
2
84
4
50
1
58
0
15
4
83
0
71
0
16
4
60
1
28
2
5
3
25
2
81
4
0
4
70
0
66
1
82
3
37
2
98
0
11
1
97
2
23
2
38
0
23
3
23
0
70
0
77
3
62
0
39
0
39
4
15
0
62
3
97
4
36
4
14
1
19
3
26
2
91
2
54
0
3
3
21
3
94
4
19
4
5
3
7
1
91
0
96
3
48
1
62
4
15
1
95
0
38
0
27
0
53
2
52
4
73
0
88
3
27
4
94
1
57
4
6
0
2
3
42
3
55
0
57
1
78
2
62
2
93
0
31
0
44
0
5
4
43
3
60
2
89
4
13
0
96
2
63
4
7
0
29
4
19
4
25
2
92
4
87
4
80
1
66
0
22
1
32
1
46
2
69
0
35
3
76
3
7
3
63
3
37
3
49
0
49
2
49
4
0
1
39
4
24
1
73
1
97
3
29
0
53
2
75
0
36
2
3
1
63
1
65
4
36
3
12
4
21
0
94
2
81
0
39
4
7
2
44
1
80
1
76
3
53
1
35
3
44
0
49
1
53
3
96
0
79
0
96
1
73
0
99
2
74
3
64
3
54
1
52
4
70
1
53
1
2
0
30
2
93
0
4
3
86
0
81
1
56
2
64
2
46
2
81
3
60
3
6
3
87
2
47
1
32
2
67
4
21
4
17
2
18
4
80
0
95
0
89
3
59
3
81
2
83
2
34
2
66
2
88
1
78
1
20
0
53
0
91
2
91
3
30
0
25
1
99
3
53
4
76
0
66
2
29
2
35
1
82
3
72
1
44
2
99
0
32
4
40
3
77
4
78
1
15
4
39
1
29
2
98
4
94
0
58
2
44
0
88
4
35
0
31
4
2
0
12
1
45
1
11
2
68
3
57
3
86
3
10
2
22
1
18
2
13
1
54
2
25
3
93
1
64
1
57
3
43
2
11
0
57
3
14
0
29
4
59
3
88
2
89
3
13
2
3
1
69
0
17
0
77
0
76
2
42
4
41
3
58
3
43
3
25
0
61
1
73
4
59
3
29
1
55
3
83
2
87
2
78
0
77
1
18
1
66
2
46
0
67
4
11
4
25
1
47
4
8
1
49
0
46
2
33
2
15
0
24
4
5
0
70
2
82
2
17
2
30
0
57
0
48
4
89
2
81
2
71
0
26
2
71
0
85
3
68
2
6
3
99
0
1
0
14
4
61
1
68
1
50
1
54
3
63
2
8
4
66
4
16
1
17
3
36
0
97
1
0
2
42
2
91
2
37
3
36
4
55
0
93
2
61
3
66
3
53
4
79
0
11
0
57
4
3
2
74
1
56
2
59
3
58
0
58
3
10
4
58
4
51
0
56
3
89
1
46
3
83
3
13
4
90
0
76
4
14
3
4
2
84
2
38
0
72
1
59
0
78
3
91
4
14
3
26
4
13
1
80
0
65
4
91
1
24
1
89
0
51
2
80
1
49
2
60
0
66
3
65
3
36
3
60
0
43
4
39
2
97
4
79
0
20
0
57
2
90
0
46
3
1
1
77
4
29
3
8
1
41
1
19
3
58
4
70
3
93
1
20
0
39
4
76
3
69
2
69
3
71
3
64
1
83
4
34
0
59
2
51
1
35
4
36
4
97
0
19
1
80
1
39
0
11
3
10
2
62
1
9
3
32
1
64
1
98
3
78
0
52
2
25
3
3
0
71
0
94
2
9
3
55
1
75
2
49
4
78
0
0
1
27
0
47
2
62
3
54
0
64
1
74
3
91
4
29
4
97
2
20
3
31
3
18
2
67
3
12
1
47
0
78
3
34
0
85
1
40
3
24
2
82
0
35
2
8
0
63
3
9
0
61
0
26
4
35
0
99
3
90
3
52
2
8
4
22
4
13
3
55
0
13
2
97
3
97
3
89
3
94
3
46
0
15
1
98
2
20
2
16
1
66
0
23
3
76
0
1
3
30
1
65
0
36
1
17
4
19
1
60
1
29
4
38
1
20
2
48
0
5
0
56
1
31
0
61
0
53
1
88
0
76
1
93
3
65
4
17
4
69
2
44
3
29
0
70
3
46
4
94
1
96
0
36
4
71
2
88
1
58
4
8
2
6
4
43
3
16
4
2
0
28
0
83
0
12
0
24
0
88
4
36
3
55
4
2
2
67
1
0
1
10
2
79
2
48
4
64
1
78
0
92
2
70
0
42
0
67
3
15
4
56
3
54
0
95
0
35
4
30
4
44
2
22
2
99
4
95
2
96
2
20
1
54
2
65
0
71
0
47
1
82
3
68
2
65
2
19
0
26
1
32
4
68
2
34
1
66
4
47
1
44
3
85
3
38
2
10
2
34
0
28
3
75
3
19
1
16
4
25
3
31
4
80
2
15
4
8
4
79
4
38
1
85
4
43
3
98
0
85
0
73
1
48
0
47
0
24
2
17
4
9
1
16
0
30
1
44
4
59
0
36
1
55
2
2
3
87
2
70
1
60
3
55
4
82
3
78
1
64
0
50
0
69
0
93
4
75
3
84
1
60
4
10
0
93
0
61
1
5
1
23
0
13
3
93
1
5
2
35
1
21
0
56
4
69
4
39
0
22
1
5
0
32
1
57
3
68
1
40
4
62
1
12
3
14
2
9
0
27
2
56
0
59
1
16
0
63
0
11
4
60
1
64
3
32
2
71
3
61
3
98
2
68
2
99
3
28
2
26
3
91
1
76
1
33
0
47
0
11
4
74
0
24
4
95
2
58
2
93
4
44
3
26
4
64
4
61
2
3
4
30
4
57
3
87
4
78
1
36
4
85
0
7
0
34
3
62
0
31
