2
4
3
32
2
58
2
6
1
56
3
15
2
78
3
83
0
9
2
49
5
35
4
70
4
48
1
64
1
91
4
11
1
94
1
38
3
33
4
96
0
50
2
29
1
47
1
68
2
37
0
62
4
76
4
15
2
51
3
43
2
88
1
6
2
48
0
81
1
56
3
44
1
99
0
41
1
93
3
93
0
25
0
72
3
65
1
74
0
47
1
75
0
57
3
78
4
82
3
61
1
87
4
7
1
51
2
47
0
43
4
85
2
44
1
18
2
19
3
57
2
22
1
84
1
8
1
87
2
14
3
83
2
77
1
48
2
62
1
83
3
58
3
90
4
71
1
98
2
55
2
65
4
65
1
79
5
71
0
84
0
89
2
12
1
88
0
63
2
92
1
12
3
26
2
54
1
86
1
22
1
67
1
18
1
2
3
19
2
51
3
37
4
64
3
84
1
61
4
88
0
18
0
20
0
38
3
41
4
54
4
62
4
39
5
69
0
77
5
48
4
4
3
43
2
86
4
34
4
55
0
43
2
16
1
1
3
53
0
29
1
84
3
91
2
15
1
22
1
98
0
28
1
19
3
84
3
48
2
11
1
71
3
27
4
37
3
20
3
13
3
94
2
56
1
3
4
96
1
5
1
35
0
87
4
41
4
7
5
55
2
97
2
27
3
94
4
58
3
0
2
7
3
33
2
58
2
54
3
41
2
69
3
66
1
86
4
68
1
38
3
22
5
49
1
76
4
58
5
98
1
65
1
18
4
94
4
56
1
38
0
46
3
63
3
97
4
9
2
43
3
59
3
18
1
76
4
93
0
2
2
28
3
16
0
61
1
84
2
18
2
91
3
51
1
63
3
19
2
29
2
87
2
89
3
77
1
31
5
81
3
43
2
98
2
79
1
1
2
48
2
1
2
59
2
23
1
2
3
65
4
58
3
44
4
38
1
36
1
68
3
12
4
44
1
90
3
91
1
37
1
27
1
6
5
58
3
19
1
29
1
88
1
24
0
45
3
49
0
96
1
86
5
73
2
55
0
45
3
36
1
91
1
84
3
39
1
65
3
33
0
34
1
24
1
87
1
89
1
44
1
16
3
63
4
74
3
6
4
17
2
73
2
39
1
85
3
87
3
13
2
8
1
68
2
74
3
1
2
11
1
88
3
12
2
58
1
48
5
8
0
10
2
92
2
90
0
63
0
18
4
23
2
83
3
87
0
88
3
57
3
3
3
47
1
33
4
2
1
21
1
38
3
82
1
58
4
77
4
66
3
91
3
92
1
32
1
31
1
97
5
69
3
46
2
67
0
50
3
1
2
80
2
51
0
29
3
71
4
75
3
58
0
72
2
7
3
80
0
30
1
81
1
25
2
66
2
64
2
88
1
1
3
47
3
21
2
86
3
4
0
84
2
2
2
59
2
17
1
82
3
36
2
58
0
51
1
57
2
73
2
7
1
73
3
86
2
82
3
62
2
0
3
8
1
4
2
12
3
59
4
35
1
71
1
81
1
78
3
96
4
34
2
13
0
40
1
89
2
98
1
51
1
92
1
3
3
71
2
0
1
13
2
94
2
61
0
87
4
49
1
40
3
1
3
95
1
85
0
34
1
57
4
45
2
64
2
9
1
61
4
84
1
63
4
40
0
86
0
55
2
98
1
21
3
41
2
98
1
11
0
20
0
70
1
73
1
37
0
9
3
85
4
50
2
58
1
14
3
82
1
71
0
16
4
60
2
29
2
6
3
26
2
82
4
0
4
71
1
66
1
83
2
37
1
98
1
11
1
97
2
22
2
39
1
22
3
23
0
70
1
77
4
62
0
39
0
39
3
15
0
62
3
97
3
35
4
13
1
19
4
27
2
91
2
55
1
3
4
22
2
94
3
19
5
6
2
8
1
91
1
96
3
49
1
62
3
15
2
95
1
37
0
28
1
52
3
51
3
73
0
87
2
27
3
94
1
57
4
6
1
2
3
41
4
55
0
57
2
78
2
62
2
92
1
31
1
43
0
5
4
44
2
61
2
89
5
13
0
96
3
62
4
7
0
29
5
19
5
24
2
93
3
87
4
80
1
67
0
22
2
32
2
46
3
69
0
35
3
76
3
7
4
64
3
37
2
48
1
49
2
48
3
1
1
38
3
24
1
73
1
97
4
28
0
53
3
75
0
36
2
4
1
62
1
65
5
36
4
13
4
22
0
94
2
82
0
39
4
6
1
44
1
80
2
76
4
54
1
35
3
45
1
49
1
54
2
95
1
78
0
96
1
73
1
98
3
75
3
63
3
53
2
51
4
71
1
52
1
2
0
29
1
93
1
5
3
86
1
82
1
55
3
64
2
46
3
81
3
61
3
6
3
87
3
46
1
32
1
67
3
21
4
17
2
18
3
81
1
95
0
88
3
59
3
82
3
82
2
34
2
65
3
88
1
79
1
20
1
52
0
91
2
91
2
31
0
25
1
99
3
54
3
75
0
66
3
29
2
35
1
83
2
71
2
44
2
98
1
33
3
41
3
76
3
77
1
15
5
39
1
28
2
98
3
94
0
57
2
44
0
88
4
34
1
32
4
3
1
12
2
45
1
11
2
69
4
57
3
87
3
11
1
22
1
19
2
12
1
54
2
24
4
94
1
63
0
57
3
43
3
11
0
58
4
14
0
29
3
59
3
89
1
89
2
12
3
4
1
68
0
17
1
76
0
76
2
43
5
41
3
57
4
43
2
24
1
61
1
74
4
59
4
28
1
55
2
83
2
88
2
77
0
77
1
18
2
66
1
46
1
67
5
11
4
24
1
48
5
9
1
49
1
47
2
33
2
15
1
24
5
5
0
70
2
82
2
17
1
31
1
57
1
48
4
89
1
82
1
72
1
25
2
71
0
85
2
67
2
6
4
99
1
2
1
14
5
61
1
69
1
51
1
53
3
64
2
9
3
66
5
17
2
18
2
35
0
97
1
0
1
43
1
91
2
36
3
36
5
56
0
93
2
61
3
66
4
53
3
79
1
11
0
57
4
2
2
75
1
56
1
58
4
58
0
58
3
9
4
58
4
52
0
56
3
88
1
47
2
84
4
14
3
91
0
76
4
14
3
4
2
84
2
39
0
72
0
59
1
77
4
91
5
15
3
27
4
13
1
81
1
64
5
91
1
25
1
89
1
51
2
81
1
48
2
60
0
66
3
65
3
36
3
59
0
43
4
38
2
96
5
78
0
20
0
58
2
90
0
46
2
1
1
78
3
28
2
8
2
42
1
18
4
58
4
71
4
92
1
21
1
39
4
76
4
69
3
68
4
71
4
63
1
84
4
33
0
59
2
51
1
35
3
37
4
96
0
19
1
80
2
38
0
11
3
9
3
63
1
8
4
31
1
63
2
99
4
78
1
52
3
24
3
3
0
71
1
93
2
8
2
54
1
76
1
49
5
78
0
0
1
27
1
47
1
63
3
54
1
65
1
75
3
91
3
28
3
97
2
21
3
32
3
19
1
66
2
11
1
48
0
78
4
34
0
85
1
39
2
24
3
83
1
34
1
9
0
63
4
8
0
61
1
25
5
35
1
99
3
89
3
52
3
9
4
21
4
14
3
55
0
13
2
96
3
98
2
89
4
93
3
46
1
16
1
99
2
20
3
16
1
65
0
23
2
76
1
1
3
29
1
65
1
36
2
17
3
18
1
59
0
29
4
38
1
21
2
49
0
5
0
57
2
32
0
61
0
53
0
88
0
76
1
93
4
65
3
17
4
68
1
43
4
28
0
70
2
47
4
93
2
96
0
36
4
71
1
87
1
59
3
9
3
7
4
44
2
16
4
2
1
29
0
83
1
12
0
24
0
89
3
36
3
54
3
2
2
67
1
1
1
10
2
78
2
47
4
64
2
78
1
92
2
69
1
42
1
68
3
15
5
55
3
54
1
96
0
35
4
31
4
43
2
22
1
98
5
96
1
95
2
20
1
53
2
66
0
71
1
47
1
81
4
68
2
64
2
18
1
26
1
33
4
68
3
34
1
66
4
47
1
44
3
84
3
39
1
11
3
33
0
28
2
74
4
19
2
16
5
26
3
31
3
81
3
14
4
8
4
78
4
38
2
85
5
44
3
98
1
85
1
73
1
48
1
48
1
23
2
17
4
9
1
16
0
29
1
43
3
59
0
36
1
55
3
1
3
87
2
71
1
59
3
54
4
82
4
79
1
63
0
50
1
68
1
93
4
75
3
85
1
60
4
10
1
92
0
61
1
5
1
24
0
13
2
93
1
6
2
35
1
22
0
56
3
69
4
39
0
22
1
6
0
32
1
56
4
68
1
41
4
61
1
12
2
15
2
9
1
27
2
55
1
58
1
17
1
63
1
12
4
61
1
64
3
32
2
71
4
62
3
98
2
68
2
98
3
28
3
26
3
91
1
75
1
34
0
47
1
11
5
74
1
24
3
96
2
58
1
94
3
45
3
26
5
63
3
61
2
3
4
29
4
58
3
86
4
78
2
36
3
84
0
7
0
34
2
63
0
31
