1
1
3
31
7
58
2
6
1
59
8
20
2
73
8
83
0
9
2
44
9
30
4
70
4
48
1
64
1
91
8
16
1
94
6
39
3
33
4
96
0
50
2
29
1
47
6
63
1
37
0
62
4
79
9
10
2
56
1
41
2
83
1
6
2
49
0
81
1
56
3
44
1
99
0
41
1
93
1
93
0
25
0
72
8
65
1
71
0
47
1
75
0
59
3
79
9
87
3
61
0
87
9
2
1
51
2
49
0
43
4
85
7
41
6
19
1
19
0
57
7
21
6
81
6
8
1
87
2
14
8
83
7
72
1
48
7
61
1
81
3
59
3
90
4
76
1
98
7
59
2
69
4
65
1
79
9
71
0
84
5
84
2
17
1
83
0
63
2
97
1
11
8
30
2
59
1
86
1
21
1
62
6
18
1
2
1
14
2
51
8
40
4
64
3
84
1
66
4
89
0
18
0
20
0
38
1
41
4
54
4
62
4
39
9
72
0
77
9
48
4
9
3
48
2
81
9
33
4
51
0
43
7
11
1
1
8
53
0
29
6
81
3
91
2
11
1
21
1
99
0
28
1
19
3
84
1
49
2
11
1
71
3
27
4
37
3
20
3
13
3
91
0
57
1
3
4
96
1
1
1
31
0
87
9
41
9
7
9
60
2
97
2
29
3
99
4
53
3
0
1
7
8
38
7
53
1
51
3
41
2
69
1
69
2
86
4
68
1
38
1
21
10
52
1
71
4
53
9
98
1
69
1
18
9
93
9
56
1
38
0
46
1
68
3
97
9
11
1
43
3
59
8
20
1
76
4
93
0
2
2
28
3
16
0
61
1
81
2
18
2
91
8
56
1
61
1
19
7
29
7
87
2
89
3
77
1
31
10
81
1
43
1
98
2
79
1
1
1
49
2
1
2
54
0
28
1
2
1
69
9
61
3
49
9
33
1
31
1
68
3
17
4
41
1
90
3
91
1
37
1
29
1
6
9
53
1
14
1
29
6
88
1
21
0
45
1
49
0
96
6
86
9
73
2
55
0
45
3
31
1
91
1
84
8
39
6
61
8
33
0
34
1
24
1
89
0
89
1
41
1
11
8
63
4
74
1
1
9
17
2
71
1
34
1
89
0
89
3
13
2
8
1
68
2
74
8
6
7
11
0
89
8
10
2
58
1
48
9
8
0
10
1
91
2
90
0
63
0
18
4
21
2
81
3
89
0
88
1
52
3
8
8
42
1
33
4
2
1
21
1
33
3
82
1
58
4
72
4
66
3
91
3
92
1
37
1
31
6
97
9
72
8
46
7
67
0
50
3
1
2
80
7
56
0
28
1
76
9
80
8
58
0
72
1
2
3
80
0
30
1
81
6
25
7
66
1
64
2
88
1
1
3
47
8
21
7
81
1
9
0
84
1
2
7
59
2
12
1
82
1
36
0
57
0
51
1
52
1
73
2
7
1
73
3
86
7
82
1
67
2
0
3
8
1
1
1
17
8
59
4
31
1
71
1
86
1
78
8
99
4
34
7
13
0
40
1
84
2
98
6
51
1
91
6
8
8
76
2
0
1
13
2
99
1
61
0
87
8
44
1
40
1
1
3
95
1
89
0
34
1
52
4
41
1
69
1
9
1
61
9
89
1
61
4
40
0
86
0
55
1
93
1
21
3
41
2
99
6
11
0
20
0
70
1
73
6
39
0
9
8
90
4
50
7
58
1
11
1
81
1
71
0
16
4
60
7
29
2
9
3
29
2
87
4
0
9
71
1
66
1
88
1
37
1
98
1
11
1
97
2
21
2
39
6
21
3
23
0
70
1
77
9
62
0
39
0
39
1
15
0
62
3
97
1
31
4
11
1
19
9
31
2
91
2
59
6
3
9
27
1
94
1
19
9
11
1
9
1
91
1
96
3
49
1
62
1
15
7
95
6
32
0
29
6
51
8
50
1
73
0
87
0
27
1
94
1
57
4
6
1
2
3
41
8
55
0
57
7
78
2
62
2
91
1
31
1
41
0
5
4
49
2
61
2
89
9
13
0
96
8
60
4
7
0
29
10
22
9
19
2
98
0
87
4
80
1
69
0
22
7
32
7
46
8
70
0
35
3
76
3
7
9
69
3
37
1
43
1
49
2
48
1
6
1
38
1
24
1
73
1
97
9
23
0
53
8
75
0
36
2
9
1
61
1
65
9
36
9
18
4
27
0
94
2
87
0
39
4
1
1
44
1
80
7
76
9
59
1
35
3
49
6
49
0
59
1
91
6
73
0
96
1
73
6
98
8
80
3
61
3
51
7
51
8
76
1
51
1
2
0
27
1
93
1
9
3
86
1
87
1
51
8
64
2
46
8
80
8
61
3
6
3
87
8
41
1
32
1
67
1
21
4
17
2
18
1
81
1
95
0
88
3
59
3
87
8
80
2
34
2
61
8
88
1
79
1
20
6
51
0
91
2
91
1
31
0
25
1
99
3
59
1
71
0
66
8
29
2
35
1
88
1
71
7
44
2
93
1
38
1
46
3
71
1
72
1
15
9
39
1
28
2
98
1
94
0
57
2
44
0
88
4
31
6
37
4
8
6
12
7
45
1
11
2
69
9
57
3
89
3
16
1
22
1
19
2
11
1
54
2
21
9
99
1
61
0
57
3
43
8
10
0
59
9
13
0
29
0
59
3
89
0
89
1
11
8
9
1
68
0
17
1
71
0
76
2
48
9
38
3
52
9
43
1
21
6
61
1
79
4
59
9
28
1
55
1
83
2
89
2
72
0
77
1
18
7
66
1
46
1
67
9
11
4
21
1
49
9
12
1
49
6
49
2
33
2
15
6
24
8
5
0
70
2
82
2
17
1
36
6
57
1
48
4
89
0
87
1
77
1
21
2
71
0
85
1
62
2
6
9
99
6
7
6
14
9
58
1
69
6
56
1
51
3
69
2
9
1
66
10
22
7
19
1
31
0
97
1
0
1
48
1
91
2
31
3
36
9
61
0
93
2
61
3
66
9
53
1
79
1
11
0
57
4
1
2
79
1
56
0
57
9
58
0
58
3
4
4
58
4
57
0
56
3
88
1
49
0
89
9
19
1
91
0
76
4
14
3
4
2
84
2
39
0
72
0
59
1
72
9
89
9
20
3
29
4
13
6
81
1
61
9
88
1
29
1
89
6
51
2
86
1
48
2
60
0
66
3
65
3
36
3
54
0
43
4
33
2
91
9
78
0
20
0
59
2
90
0
46
1
1
1
79
0
28
1
8
7
47
1
18
9
58
4
71
9
89
1
26
1
39
4
76
9
69
8
68
9
71
9
59
1
89
4
31
0
59
2
51
1
35
1
39
4
91
0
19
1
80
7
33
0
11
1
4
8
68
1
8
9
29
1
61
7
99
9
78
6
52
8
20
3
3
0
71
6
91
2
3
1
51
1
79
1
49
9
78
0
0
1
27
1
47
1
68
3
54
1
69
1
79
3
91
1
23
1
97
7
26
3
37
3
19
1
61
1
11
1
49
0
78
9
34
0
85
1
34
1
24
8
88
6
31
1
9
0
63
9
3
0
61
6
21
8
35
6
99
0
87
3
52
8
10
4
21
4
19
3
55
0
13
2
91
3
99
0
89
9
89
3
46
1
19
1
99
2
20
8
16
1
61
0
23
1
79
1
1
3
24
1
65
6
36
7
17
1
18
1
54
0
29
4
38
1
21
2
49
0
5
0
57
7
37
0
61
0
53
0
88
0
76
1
93
8
65
1
17
4
63
1
41
9
23
0
70
1
49
4
91
7
96
0
36
4
71
0
87
1
59
1
9
8
10
4
49
1
16
4
2
6
29
0
83
1
12
0
24
0
89
1
36
3
51
1
2
2
67
1
6
1
10
2
73
2
42
4
64
7
78
1
92
1
64
6
42
6
69
3
15
10
51
3
54
1
99
0
35
4
36
4
41
2
22
1
98
9
99
1
91
2
19
1
51
2
69
0
71
6
47
1
81
9
68
2
61
2
18
6
26
1
38
4
68
8
34
1
66
4
47
1
44
3
81
3
39
1
11
8
30
0
28
1
71
9
21
7
16
9
31
3
31
1
86
8
10
4
8
4
78
4
38
7
85
9
49
3
98
6
85
6
73
1
48
1
49
6
21
2
17
4
9
1
16
0
27
1
41
0
59
0
36
1
55
8
0
3
87
2
71
0
57
3
51
4
82
9
81
1
61
0
50
6
63
1
93
4
75
3
89
1
60
4
10
1
91
0
61
1
5
1
29
0
13
1
93
1
9
2
35
1
27
0
56
1
69
4
39
0
22
1
9
0
32
1
51
9
68
1
41
4
61
1
12
1
19
2
9
6
27
2
51
6
58
1
19
6
63
6
17
4
66
1
64
3
32
2
71
9
67
3
98
2
68
2
98
3
28
8
26
3
91
1
71
1
39
0
47
1
11
9
74
6
24
1
99
2
58
1
99
1
49
3
26
9
58
1
61
2
3
4
24
4
59
3
81
4
78
7
36
1
81
0
7
0
34
1
68
0
31
