1
1
3
31
6
58
2
6
1
59
7
19
2
74
7
83
0
9
2
45
9
31
4
70
4
48
1
64
1
91
8
15
1
94
5
39
3
33
4
96
0
50
2
29
1
47
5
64
1
37
0
62
4
79
8
11
2
55
1
41
2
84
1
6
2
49
0
81
1
56
3
44
1
99
0
41
1
93
1
93
0
25
0
72
7
65
1
71
0
47
1
75
0
59
3
79
8
86
3
61
0
87
8
3
1
51
2
49
0
43
4
85
6
41
5
19
1
19
0
57
6
21
5
81
5
8
1
87
2
14
7
83
6
73
1
48
6
61
1
81
3
59
3
90
4
75
1
98
6
59
2
69
4
65
1
79
9
71
0
84
4
85
2
16
1
84
0
63
2
96
1
11
7
29
2
58
1
86
1
21
1
63
5
18
1
2
1
15
2
51
7
39
4
64
3
84
1
65
4
89
0
18
0
20
0
38
1
41
4
54
4
62
4
39
9
71
0
77
9
48
4
8
3
47
2
82
8
34
4
51
0
43
6
12
1
1
7
53
0
29
5
81
3
91
2
11
1
21
1
99
0
28
1
19
3
84
1
49
2
11
1
71
3
27
4
37
3
20
3
13
3
91
0
57
1
3
4
96
1
1
1
31
0
87
8
41
8
7
9
59
2
97
2
29
3
98
4
54
3
0
1
7
7
37
6
54
1
51
3
41
2
69
1
69
2
86
4
68
1
38
1
21
9
51
1
72
4
54
9
98
1
69
1
18
8
94
8
56
1
38
0
46
1
67
3
97
8
10
1
43
3
59
7
19
1
76
4
93
0
2
2
28
3
16
0
61
1
81
2
18
2
91
7
55
1
61
1
19
6
29
6
87
2
89
3
77
1
31
9
81
1
43
1
98
2
79
1
1
1
49
2
1
2
55
0
27
1
2
1
69
8
60
3
48
8
34
1
32
1
68
3
16
4
41
1
90
3
91
1
37
1
29
1
6
8
54
1
15
1
29
5
88
1
21
0
45
1
49
0
96
5
86
9
73
2
55
0
45
3
32
1
91
1
84
7
39
5
61
7
33
0
34
1
24
1
89
0
89
1
41
1
12
7
63
4
74
1
2
8
17
2
71
1
35
1
89
0
89
3
13
2
8
1
68
2
74
7
5
6
11
0
89
7
11
2
58
1
48
9
8
0
10
1
91
2
90
0
63
0
18
4
21
2
81
3
89
0
88
1
53
3
7
7
43
1
33
4
2
1
21
1
34
3
82
1
58
4
73
4
66
3
91
3
92
1
36
1
31
5
97
9
71
7
46
6
67
0
50
3
1
2
80
6
55
0
28
1
75
8
79
7
58
0
72
1
3
3
80
0
30
1
81
5
25
6
66
1
64
2
88
1
1
3
47
7
21
6
82
1
8
0
84
1
2
6
59
2
13
1
82
1
36
0
57
0
51
1
53
1
73
2
7
1
73
3
86
6
82
1
66
2
0
3
8
1
1
1
16
7
59
4
31
1
71
1
85
1
78
7
99
4
34
6
13
0
40
1
85
2
98
5
51
1
91
5
7
7
75
2
0
1
13
2
98
1
61
0
87
8
45
1
40
1
1
3
95
1
89
0
34
1
53
4
41
1
68
1
9
1
61
8
88
1
61
4
40
0
86
0
55
1
94
1
21
3
41
2
99
5
11
0
20
0
70
1
73
5
39
0
9
7
89
4
50
6
58
1
11
1
81
1
71
0
16
4
60
6
29
2
9
3
29
2
86
4
0
8
71
1
66
1
87
1
37
1
98
1
11
1
97
2
21
2
39
5
21
3
23
0
70
1
77
8
62
0
39
0
39
1
15
0
62
3
97
1
31
4
11
1
19
8
30
2
91
2
59
5
3
8
26
1
94
1
19
9
10
1
9
1
91
1
96
3
49
1
62
1
15
6
95
5
33
0
29
5
51
7
51
1
73
0
87
0
27
1
94
1
57
4
6
1
2
3
41
8
55
0
57
6
78
2
62
2
91
1
31
1
41
0
5
4
48
2
61
2
89
9
13
0
96
7
61
4
7
0
29
9
21
9
20
2
97
0
87
4
80
1
69
0
22
6
32
6
46
7
69
0
35
3
76
3
7
8
68
3
37
1
44
1
49
2
48
1
5
1
38
1
24
1
73
1
97
8
24
0
53
7
75
0
36
2
8
1
61
1
65
9
36
8
17
4
26
0
94
2
86
0
39
4
2
1
44
1
80
6
76
8
58
1
35
3
49
5
49
0
58
1
91
5
74
0
96
1
73
5
98
7
79
3
61
3
51
6
51
8
75
1
51
1
2
0
27
1
93
1
9
3
86
1
86
1
51
7
64
2
46
7
81
7
61
3
6
3
87
7
42
1
32
1
67
1
21
4
17
2
18
1
81
1
95
0
88
3
59
3
86
7
81
2
34
2
61
7
88
1
79
1
20
5
51
0
91
2
91
1
31
0
25
1
99
3
58
1
71
0
66
7
29
2
35
1
87
1
71
6
44
2
94
1
37
1
45
3
72
1
73
1
15
9
39
1
28
2
98
1
94
0
57
2
44
0
88
4
31
5
36
4
7
5
12
6
45
1
11
2
69
8
57
3
89
3
15
1
22
1
19
2
11
1
54
2
21
8
98
1
61
0
57
3
43
7
11
0
59
8
14
0
29
0
59
3
89
0
89
1
11
7
8
1
68
0
17
1
72
0
76
2
47
9
39
3
53
8
43
1
21
5
61
1
78
4
59
8
28
1
55
1
83
2
89
2
73
0
77
1
18
6
66
1
46
1
67
9
11
4
21
1
49
9
11
1
49
5
49
2
33
2
15
5
24
8
5
0
70
2
82
2
17
1
35
5
57
1
48
4
89
1
86
1
76
1
21
2
71
0
85
1
63
2
6
8
99
5
6
5
14
9
59
1
69
5
55
1
51
3
68
2
9
1
66
9
21
6
19
1
31
0
97
1
0
1
47
1
91
2
32
3
36
9
60
0
93
2
61
3
66
8
53
1
79
1
11
0
57
4
1
2
79
1
56
0
57
8
58
0
58
3
5
4
58
4
56
0
56
3
88
1
49
0
88
8
18
1
91
0
76
4
14
3
4
2
84
2
39
0
72
0
59
1
73
8
90
9
19
3
29
4
13
5
81
1
61
9
89
1
29
1
89
5
51
2
85
1
48
2
60
0
66
3
65
3
36
3
55
0
43
4
34
2
92
9
78
0
20
0
59
2
90
0
46
1
1
1
79
0
28
1
8
6
46
1
18
8
58
4
71
8
90
1
25
1
39
4
76
8
69
7
68
8
71
8
60
1
88
4
31
0
59
2
51
1
35
1
39
4
92
0
19
1
80
6
34
0
11
1
5
7
67
1
8
8
30
1
61
6
99
8
78
5
52
7
21
3
3
0
71
5
91
2
4
1
51
1
79
1
49
9
78
0
0
1
27
1
47
1
67
3
54
1
69
1
79
3
91
1
24
1
97
6
25
3
36
3
19
1
62
1
11
1
49
0
78
8
34
0
85
1
35
1
24
7
87
5
31
1
9
0
63
8
4
0
61
5
21
8
35
5
99
0
87
3
52
7
9
4
21
4
18
3
55
0
13
2
92
3
99
0
89
8
90
3
46
1
19
1
99
2
20
7
16
1
61
0
23
1
78
1
1
3
25
1
65
5
36
6
17
1
18
1
55
0
29
4
38
1
21
2
49
0
5
0
57
6
36
0
61
0
53
0
88
0
76
1
93
8
65
1
17
4
64
1
41
8
24
0
70
1
49
4
91
6
96
0
36
4
71
0
87
1
59
1
9
7
9
4
48
1
16
4
2
5
29
0
83
1
12
0
24
0
89
1
36
3
51
1
2
2
67
1
5
1
10
2
74
2
43
4
64
6
78
1
92
1
65
5
42
5
69
3
15
9
51
3
54
1
99
0
35
4
35
4
41
2
22
1
98
9
99
1
91
2
20
1
51
2
69
0
71
5
47
1
81
8
68
2
61
2
18
5
26
1
37
4
68
7
34
1
66
4
47
1
44
3
81
3
39
1
11
7
31
0
28
1
71
8
20
6
16
9
30
3
31
1
85
7
11
4
8
4
78
4
38
6
85
9
48
3
98
5
85
5
73
1
48
1
49
5
21
2
17
4
9
1
16
0
27
1
41
0
59
0
36
1
55
7
1
3
87
2
71
0
57
3
51
4
82
8
80
1
61
0
50
5
64
1
93
4
75
3
89
1
60
4
10
1
91
0
61
1
5
1
28
0
13
1
93
1
9
2
35
1
26
0
56
1
69
4
39
0
22
1
9
0
32
1
52
8
68
1
41
4
61
1
12
1
19
2
9
5
27
2
51
5
58
1
19
5
63
5
16
4
65
1
64
3
32
2
71
8
66
3
98
2
68
2
98
3
28
7
26
3
91
1
71
1
38
0
47
1
11
9
74
5
24
1
99
2
58
1
98
1
49
3
26
9
59
1
61
2
3
4
25
4
59
3
82
4
78
6
36
1
81
0
7
0
34
1
67
0
31
