1
1
3
31
5
58
2
6
1
59
6
18
2
75
6
83
0
9
2
46
8
32
4
70
4
48
1
64
1
91
7
14
1
94
4
39
3
33
4
96
0
50
2
29
1
47
4
65
1
37
0
62
4
79
7
12
2
54
1
41
2
85
1
6
2
49
0
81
1
56
3
44
1
99
0
41
1
93
1
93
0
25
0
72
6
65
1
71
0
47
1
75
0
59
3
79
7
85
3
61
0
87
7
4
1
51
2
49
0
43
4
85
5
41
4
19
1
19
0
57
5
21
4
81
4
8
1
87
2
14
6
83
5
74
1
48
5
61
1
81
3
59
3
90
4
74
1
98
5
58
2
68
4
65
1
79
8
71
0
84
3
86
2
15
1
85
0
63
2
95
1
11
6
29
2
57
1
86
1
21
1
64
4
18
1
2
1
16
2
51
6
39
4
64
3
84
1
64
4
89
0
18
0
20
0
38
1
41
4
54
4
62
4
39
8
70
0
77
8
48
4
7
3
46
2
83
7
34
4
52
0
43
5
13
1
1
6
53
0
29
4
81
3
91
2
12
1
21
1
99
0
28
1
19
3
84
1
49
2
11
1
71
3
27
4
37
3
20
3
13
3
91
0
57
1
3
4
96
1
2
1
32
0
87
7
41
7
7
8
58
2
97
2
29
3
97
4
55
3
0
1
7
6
36
5
55
1
51
3
41
2
69
1
69
2
86
4
68
1
38
1
21
8
50
1
73
4
55
8
98
1
68
1
18
7
94
7
56
1
38
0
46
1
66
3
97
7
9
1
43
3
59
6
19
1
76
4
93
0
2
2
28
3
16
0
61
1
81
2
18
2
91
6
54
1
61
1
19
5
29
5
87
2
89
3
77
1
31
8
81
1
43
1
98
2
79
1
1
1
49
2
1
2
56
1
26
1
2
1
68
7
59
3
47
7
35
1
33
1
68
3
15
4
41
1
90
3
91
1
37
1
29
1
6
8
55
1
16
1
29
4
88
1
21
0
45
1
49
0
96
4
86
8
73
2
55
0
45
3
33
1
91
1
84
6
39
4
62
6
33
0
34
1
24
1
89
0
89
1
41
1
13
6
63
4
74
1
3
7
17
2
71
1
36
1
88
0
89
3
13
2
8
1
68
2
74
6
4
5
11
0
89
6
11
2
58
1
48
8
8
0
10
1
91
2
90
0
63
0
18
4
22
2
81
3
89
0
88
1
54
3
6
6
44
1
33
4
2
1
21
1
35
3
82
1
58
4
74
4
66
3
91
3
92
1
35
1
31
4
97
8
70
6
46
5
67
0
50
3
1
2
80
5
54
0
28
1
74
7
78
6
58
0
72
1
4
3
80
0
30
1
81
4
25
5
66
1
64
2
88
1
1
3
47
6
21
5
83
1
7
0
84
1
2
5
59
2
14
1
82
1
36
0
57
0
51
1
54
1
73
2
7
1
73
3
86
5
82
1
65
2
0
3
8
1
1
1
15
6
59
4
32
1
71
1
84
1
78
6
99
4
34
5
13
0
40
1
86
2
98
4
51
1
91
4
6
6
74
2
0
1
13
2
97
1
61
0
87
7
46
1
40
1
1
3
95
1
88
0
34
1
54
4
42
1
67
1
9
1
61
7
87
1
61
4
40
0
86
0
55
1
95
1
21
3
41
2
99
4
11
0
20
0
70
1
73
4
39
0
9
6
88
4
50
5
58
1
11
1
81
1
71
0
16
4
60
5
29
2
9
3
29
2
85
4
0
7
71
1
66
1
86
1
37
1
98
1
11
1
97
2
21
2
39
4
21
3
23
0
70
1
77
7
62
0
39
0
39
1
15
0
62
3
97
1
32
4
11
1
19
7
29
2
91
2
58
4
3
7
25
1
94
1
19
8
9
1
9
1
91
1
96
3
49
1
62
1
15
5
95
4
34
0
29
4
51
6
51
1
73
0
87
0
27
1
94
1
57
4
6
1
2
3
41
7
55
0
57
5
78
2
62
2
91
1
31
1
41
0
5
4
47
2
61
2
89
8
13
0
96
6
61
4
7
0
29
8
20
8
21
2
96
0
87
4
80
1
69
0
22
5
32
5
46
6
69
0
35
3
76
3
7
7
67
3
37
1
45
1
49
2
48
1
4
1
38
1
24
1
73
1
97
7
25
0
53
6
75
0
36
2
7
1
61
1
65
8
36
7
16
4
25
0
94
2
85
0
39
4
3
1
44
1
80
5
76
7
57
1
35
3
48
4
49
0
57
1
92
4
75
0
96
1
73
4
98
6
78
3
61
3
51
5
51
7
74
1
51
1
2
0
27
1
93
1
8
3
86
1
85
1
52
6
64
2
46
6
81
6
61
3
6
3
87
6
43
1
32
1
67
1
21
4
17
2
18
1
81
1
95
0
88
3
59
3
85
6
81
2
34
2
62
6
88
1
79
1
20
4
51
0
91
2
91
1
31
0
25
1
99
3
57
1
72
0
66
6
29
2
35
1
86
1
71
5
44
2
95
1
36
1
44
3
73
1
74
1
15
8
39
1
28
2
98
1
94
0
57
2
44
0
88
4
31
4
35
4
6
4
12
5
45
1
11
2
69
7
57
3
89
3
14
1
22
1
19
2
11
1
54
2
21
7
97
1
61
0
57
3
43
6
11
0
59
7
14
0
29
0
59
3
89
0
89
1
11
6
7
1
68
0
17
1
73
0
76
2
46
8
40
3
54
7
43
1
21
4
61
1
77
4
59
7
28
1
55
1
83
2
89
2
74
0
77
1
18
5
66
1
46
1
67
8
11
4
21
1
49
8
10
1
49
4
49
2
33
2
15
4
24
8
5
0
70
2
82
2
17
1
34
4
57
1
48
4
89
1
85
1
75
1
22
2
71
0
85
1
64
2
6
7
99
4
5
4
14
8
60
1
69
4
54
1
51
3
67
2
9
1
66
8
20
5
19
1
32
0
97
1
0
1
46
1
91
2
33
3
36
8
59
0
93
2
61
3
66
7
53
1
79
1
11
0
57
4
1
2
78
1
56
0
57
7
58
0
58
3
6
4
58
4
55
0
56
3
88
1
49
0
87
7
17
1
91
0
76
4
14
3
4
2
84
2
39
0
72
0
59
1
74
7
91
8
18
3
29
4
13
4
81
1
61
8
90
1
28
1
89
4
51
2
84
1
48
2
60
0
66
3
65
3
36
3
56
0
43
4
35
2
93
8
78
0
20
0
59
2
90
0
46
1
1
1
79
0
28
1
8
5
45
1
18
7
58
4
71
7
91
1
24
1
39
4
76
7
69
6
68
7
71
7
61
1
87
4
31
0
59
2
51
1
35
1
39
4
93
0
19
1
80
5
35
0
11
1
6
6
66
1
8
7
31
1
61
5
99
7
78
4
52
6
21
3
3
0
71
4
91
2
5
1
51
1
79
1
49
8
78
0
0
1
27
1
47
1
66
3
54
1
68
1
78
3
91
1
25
1
97
5
24
3
35
3
19
1
63
1
11
1
49
0
78
7
34
0
85
1
36
1
24
6
86
4
31
1
9
0
63
7
5
0
61
4
22
8
35
4
99
0
87
3
52
6
9
4
21
4
17
3
55
0
13
2
93
3
99
0
89
7
91
3
46
1
19
1
99
2
20
6
16
1
62
0
23
1
79
1
1
3
26
1
65
4
36
5
17
1
18
1
56
0
29
4
38
1
21
2
49
0
5
0
57
5
35
0
61
0
53
0
88
0
76
1
93
7
65
1
17
4
65
1
41
7
25
0
70
1
49
4
91
5
96
0
36
4
71
0
87
1
59
1
9
6
9
4
47
1
16
4
2
4
29
0
83
1
12
0
24
0
89
1
36
3
51
1
2
2
67
1
4
1
10
2
75
2
44
4
64
5
78
1
92
1
66
4
42
4
69
3
15
8
52
3
54
1
99
0
35
4
34
4
41
2
22
1
98
8
99
1
92
2
20
1
51
2
69
0
71
4
47
1
81
7
68
2
61
2
18
4
26
1
36
4
68
6
34
1
66
4
47
1
44
3
81
3
39
1
11
6
31
0
28
1
71
7
19
5
16
8
29
3
31
1
84
6
11
4
8
4
78
4
38
5
85
8
47
3
98
4
85
4
73
1
48
1
49
4
21
2
17
4
9
1
16
0
27
1
41
0
59
0
36
1
55
6
1
3
87
2
71
0
57
3
51
4
82
7
79
1
61
0
50
4
65
1
93
4
75
3
88
1
60
4
10
1
91
0
61
1
5
1
27
0
13
1
93
1
9
2
35
1
25
0
56
1
69
4
39
0
22
1
9
0
32
1
53
7
68
1
41
4
61
1
12
1
18
2
9
4
27
2
52
4
58
1
19
4
63
4
15
4
64
1
64
3
32
2
71
7
65
3
98
2
68
2
98
3
28
6
26
3
91
1
72
1
37
0
47
1
11
8
74
4
24
1
99
2
58
1
97
1
48
3
26
8
60
1
61
2
3
4
26
4
59
3
83
4
78
5
36
1
81
0
7
0
34
1
66
0
31
