4
18
5
93
3
73
5
46
5
82
2
6
5
37
1
45
2
92
1
14
1
96
5
35
3
59
5
17
5
18
4
89
4
8
3
16
4
49
2
77
2
99
3
51
5
9
4
79
4
13
1
31
3
62
2
8
2
92
3
64
3
27
5
67
3
5
5
33
1
14
1
81
3
11
4
21
3
96
1
41
1
43
5
42
2
6
5
18
4
34
2
63
2
55
1
95
4
36
1
18
5
19
3
64
4
83
2
3
4
32
2
39
2
17
5
46
4
15
4
31
1
36
2
28
3
52
5
93
1
9
2
73
5
19
1
96
5
77
5
79
4
16
3
32
4
64
4
45
2
57
2
99
4
57
3
24
4
4
1
99
1
23
1
76
4
39
4
47
3
37
3
29
5
79
3
34
2
81
4
69
4
18
1
36
1
54
5
54
4
26
1
5
1
25
2
24
2
9
1
82
2
13
4
13
4
68
1
2
2
72
4
74
4
87
3
25
1
48
4
17
4
92
4
84
2
59
5
2
3
72
4
51
5
45
5
32
1
58
3
93
3
14
3
79
5
53
3
1
5
24
2
36
2
98
1
31
1
97
1
9
5
88
1
31
1
97
4
21
1
99
3
3
4
36
5
22
2
51
4
31
3
32
1
36
2
49
4
27
4
88
1
15
5
43
0
80
2
75
2
84
1
17
3
71
1
33
2
68
5
64
3
89
4
1
1
29
2
79
4
96
2
76
4
41
5
94
5
75
2
5
5
26
3
99
1
19
5
63
3
81
3
65
1
39
2
8
2
18
4
49
1
62
5
58
4
46
5
12
3
17
4
34
4
62
5
36
1
85
4
9
2
18
2
45
4
8
3
81
1
88
2
37
4
28
4
3
1
32
2
29
4
48
1
13
4
53
5
36
4
8
4
55
4
61
2
72
4
25
2
93
4
6
5
17
3
1
3
89
3
76
4
66
3
55
1
72
1
71
3
69
1
76
4
55
2
11
3
45
3
24
1
46
2
52
1
27
3
42
1
25
3
48
1
7
1
89
1
13
5
77
2
77
5
15
4
76
3
46
1
65
4
61
1
6
1
41
5
99
5
18
5
18
1
97
2
6
5
69
5
85
2
67
5
56
3
12
1
63
5
35
4
43
5
72
5
49
1
62
1
94
3
59
2
11
2
11
3
8
4
42
2
42
1
27
4
59
4
59
5
86
3
77
3
29
4
99
4
54
4
89
2
7
3
62
1
27
3
26
1
33
5
65
0
10
4
39
1
83
1
38
4
56
1
46
2
51
2
95
4
95
1
94
2
21
2
26
1
27
4
99
2
5
1
34
1
65
3
81
3
88
2
76
2
21
3
93
1
7
5
14
5
25
2
6
5
47
4
31
3
5
1
4
1
66
1
22
2
57
1
74
2
4
2
59
3
62
5
49
1
64
2
39
2
2
5
33
3
29
3
21
1
99
2
93
4
27
1
19
5
29
3
87
5
69
5
64
5
49
3
35
2
21
5
74
4
3
1
63
1
55
2
96
4
89
1
27
0
70
4
55
5
24
1
15
5
72
2
37
2
48
4
85
3
71
5
27
3
86
1
47
4
12
3
2
5
59
2
57
2
46
1
92
5
67
1
6
4
18
3
68
2
23
4
43
2
41
2
18
3
55
2
26
0
70
5
28
2
66
3
21
1
85
2
25
5
41
3
18
3
98
3
72
2
39
5
57
3
69
3
64
4
9
1
87
1
5
5
89
4
69
4
18
2
51
3
38
3
28
5
32
1
92
0
80
3
16
4
48
5
4
2
94
2
85
1
11
1
75
3
82
4
54
2
77
5
19
4
92
3
57
4
7
3
14
5
59
1
99
2
25
3
42
5
36
4
98
3
44
3
22
1
69
4
54
3
14
3
27
3
97
4
31
4
22
3
44
5
9
4
2
1
61
1
12
2
27
4
18
2
27
2
8
5
72
3
88
3
83
5
54
4
19
3
91
5
89
2
86
3
29
0
40
2
76
4
66
5
7
4
68
4
58
5
43
3
17
4
23
3
49
3
93
1
29
3
27
1
73
2
77
3
71
5
9
3
21
1
62
2
33
2
59
2
89
1
1
2
67
5
29
4
93
3
7
1
56
5
76
1
29
5
75
1
18
1
7
0
50
2
26
4
89
5
4
2
23
5
16
5
26
0
35
2
99
3
1
4
23
5
18
4
93
5
55
5
43
2
29
4
85
3
58
1
69
3
3
5
29
3
78
4
67
1
54
4
93
4
19
2
38
2
69
2
61
2
42
4
28
5
24
4
93
4
19
1
11
2
23
1
98
2
37
2
88
1
62
1
84
2
43
3
11
4
78
1
83
4
7
5
24
3
11
4
19
5
47
3
87
1
19
1
69
2
93
3
36
3
28
3
27
3
81
1
58
0
50
3
28
4
64
2
97
1
59
5
52
2
71
5
67
2
1
5
54
1
99
1
73
1
12
5
7
2
74
5
69
2
6
3
55
3
78
3
61
5
6
1
25
2
22
2
97
1
11
4
66
3
71
4
73
3
28
3
81
2
44
1
19
1
16
4
77
2
81
1
77
0
60
5
38
4
22
4
95
3
5
0
77
5
92
2
84
1
58
4
67
4
93
4
34
3
91
1
48
2
37
1
91
1
33
2
4
4
43
4
43
4
78
4
99
4
91
4
55
1
2
2
12
2
41
4
69
0
20
3
29
3
41
4
65
3
99
3
46
5
33
1
68
4
14
4
97
4
77
1
48
2
53
1
19
2
39
2
48
1
12
4
17
3
99
2
58
2
99
2
79
3
35
3
85
5
93
1
38
4
37
4
83
5
81
4
99
2
97
4
51
3
29
3
56
5
54
2
53
5
45
3
18
1
17
2
4
1
43
1
71
5
66
1
58
5
46
4
86
4
25
1
66
3
84
5
87
4
95
1
77
4
63
4
7
1
92
5
36
1
53
4
34
5
29
3
72
2
62
2
9
5
49
3
58
1
19
3
19
5
52
1
29
2
56
3
75
4
64
3
2
3
7
1
77
5
14
2
18
2
43
3
69
5
28
2
27
3
38
5
22
4
62
2
63
4
73
4
99
3
82
3
98
2
27
2
75
1
88
2
35
0
90
2
87
2
69
1
11
2
3
0
70
5
77
5
83
3
45
5
75
1
59
5
93
1
64
3
59
1
46
4
75
5
59
1
78
1
74
2
38
1
51
4
85
3
15
1
99
3
22
2
84
3
67
1
53
1
54
4
76
4
36
1
72
2
4
2
9
3
74
4
63
3
79
2
56
5
62
1
14
5
23
4
13
2
13
4
4
1
99
5
27
2
49
4
69
3
44
2
64
1
2
1
99
3
18
1
66
1
4
4
66
4
93
3
18
4
99
2
27
2
41
5
99
1
23
3
57
4
19
2
87
2
39
3
46
5
58
3
67
2
89
3
48
1
61
4
69
5
36
3
37
4
89
3
33
4
15
4
41
0
50
5
79
0
30
4
72
4
15
5
49
3
99
5
46
5
33
2
2
0
0
3
21
1
11
1
32
1
27
1
68
1
27
3
87
4
64
5
47
1
37
5
39
4
62
4
39
1
43
1
73
3
73
5
99
4
28
1
11
4
63
5
58
3
61
5
95
4
66
5
43
4
22
1
98
4
73
3
17
3
3
2
75
1
17
4
46
2
28
0
30
5
95
4
1
3
71
4
19
2
46
1
57
4
78
2
48
5
7
2
36
2
69
1
84
4
94
1
64
4
80
1
48
4
53
2
98
1
5
3
53
1
92
1
66
4
93
4
73
1
39
4
58
5
29
2
12
3
2
4
67
3
47
4
78
4
52
3
36
2
48
4
81
5
54
3
22
4
69
4
46
5
77
4
65
5
39
1
95
3
35
0
48
5
78
1
87
5
89
3
45
3
41
2
79
2
32
2
9
3
57
0
50
2
5
4
29
5
38
1
17
5
14
1
19
1
18
5
32
2
94
3
2
3
81
5
92
4
24
2
59
4
48
4
68
3
55
1
17
2
62
5
49
2
81
1
8
3
1
5
29
5
13
1
53
3
34
1
66
3
91
3
73
0
30
3
26
3
26
5
4
3
9
0
80
1
96
5
69
4
12
3
69
1
36
5
85
5
82
5
52
3
36
5
86
1
98
5
66
5
33
1
43
2
26
2
13
4
19
3
37
3
71
2
61
1
29
5
95
4
9
3
54
2
51
1
28
1
32
1
9
5
89
5
34
4
77
2
4
3
36
5
47
4
89
4
66
1
79
1
3
3
25
5
22
4
73
4
91
5
86
1
52
4
27
5
52
2
11
3
58
3
16
1
69
2
44
2
79
1
21
2
41
5
87
1
16
2
73
0
50
4
42
1
19
5
35
1
51
5
83
0
80
2
6
2
11
2
88
4
82
2
73
2
35
4
35
3
62
4
73
5
32
1
9
4
91
3
81
3
14
4
25
4
88
2
5
0
59
2
32
4
2
4
48
1
33
2
63
2
66
1
34
2
15
5
89
1
49
3
98
3
54
