15
27
9
99
12
84
15
57
9
93
9
14
9
44
12
54
9
99
12
24
9
99
9
44
9
64
16
28
16
28
9
94
9
14
14
26
15
57
13
85
9
99
9
62
9
14
15
87
12
24
9
42
9
73
9
14
9
99
9
74
9
34
9
74
9
14
9
44
12
24
9
92
10
22
9
32
9
99
10
52
12
54
11
53
9
14
16
28
9
44
9
74
9
64
9
99
9
44
12
24
16
28
9
74
9
94
9
14
9
43
9
44
13
25
15
57
14
26
9
42
9
44
9
34
9
63
9
99
9
14
12
84
16
28
9
99
16
88
16
88
15
27
9
43
9
74
14
56
9
64
9
99
9
64
9
34
9
14
9
99
9
34
12
84
9
44
15
57
9
44
9
34
16
88
9
44
9
92
9
74
15
27
9
44
9
64
9
64
9
34
9
14
9
34
9
34
9
14
9
93
12
24
12
24
9
74
9
13
11
83
13
85
9
94
9
34
12
54
15
27
9
99
9
94
9
64
9
13
11
83
9
62
14
56
9
43
9
64
9
99
13
25
14
86
9
64
9
12
9
34
9
44
9
99
9
42
9
99
9
14
9
94
9
42
9
99
9
32
9
99
9
14
9
44
9
33
9
62
9
42
9
43
9
44
13
55
9
34
9
94
12
24
12
54
0
80
13
85
9
94
12
24
9
71
9
44
9
74
9
74
9
94
9
12
9
34
13
85
9
99
13
85
9
41
9
99
14
86
9
14
9
34
9
99
12
24
9
74
9
92
9
74
9
44
9
14
13
25
15
57
9
73
9
64
15
57
11
23
14
26
9
44
9
73
9
44
9
94
9
14
13
25
13
55
9
14
9
92
9
94
9
44
9
34
9
14
9
43
9
34
15
57
12
24
9
64
9
44
9
14
9
64
9
72
11
83
9
34
9
99
9
14
16
28
9
1
9
94
14
86
9
74
9
64
11
83
10
82
9
74
12
84
9
64
10
22
14
56
9
34
12
54
9
63
9
34
11
53
9
34
14
56
9
14
9
94
12
24
16
88
13
85
14
26
15
87
14
56
9
74
9
72
9
14
10
52
9
99
16
28
16
28
9
99
9
14
9
74
9
94
9
74
9
64
11
23
9
74
9
44
12
54
11
83
16
58
9
73
9
99
9
64
9
11
10
22
9
14
11
53
11
53
9
34
9
64
9
64
9
94
14
86
9
34
9
99
9
64
9
94
9
14
9
73
9
34
9
34
9
44
8
65
0
10
9
44
9
94
9
44
9
64
12
54
9
62
9
99
9
99
9
99
9
32
9
34
9
34
9
99
9
14
9
44
9
74
9
92
9
94
13
85
9
32
9
99
9
7
13
25
9
34
9
14
16
58
9
42
9
14
9
14
9
74
9
33
9
64
9
73
9
14
9
64
9
73
16
58
9
74
9
44
9
13
9
44
9
34
9
32
9
99
9
99
9
34
12
24
9
34
9
94
9
74
9
74
16
58
9
44
9
32
13
85
9
14
9
74
9
64
9
99
9
94
9
34
0
70
9
64
9
34
12
24
11
83
9
37
13
55
9
94
10
82
9
34
9
94
1
49
11
23
9
13
9
64
9
64
13
55
9
99
9
74
9
6
15
27
3
69
9
34
12
54
10
52
13
25
9
64
9
34
0
70
9
34
9
74
9
32
9
94
9
34
9
41
14
26
9
99
11
83
9
44
9
64
9
74
9
74
9
14
9
94
9
14
9
94
9
74
15
27
9
62
9
44
9
34
9
43
9
99
0
80
14
26
15
57
9
14
9
99
9
94
10
22
8
75
9
93
9
64
13
85
16
28
4
99
9
64
9
14
13
25
9
64
9
99
9
34
11
53
9
44
9
99
13
55
9
33
9
74
9
64
13
25
9
34
9
99
9
42
9
33
13
55
9
14
9
13
9
72
11
23
9
34
15
27
9
34
9
14
11
83
9
94
9
94
16
52
15
27
9
99
9
94
9
94
9
34
0
40
13
85
9
74
9
14
9
74
9
64
12
54
14
26
9
34
14
56
9
99
9
34
9
34
12
84
13
85
10
82
9
14
9
32
9
73
9
44
9
64
9
94
9
12
2
69
9
34
9
99
9
14
9
64
15
87
9
34
14
86
12
24
9
14
0
50
9
34
9
94
9
14
9
34
15
27
9
34
0
35
9
99
9
12
9
34
16
28
9
99
9
64
12
54
9
34
9
94
9
64
9
74
9
14
9
34
14
86
9
74
9
64
9
99
15
27
9
44
9
74
9
72
11
53
9
34
9
34
9
99
15
27
10
22
9
34
9
99
9
44
9
94
9
73
9
94
12
54
9
6
9
78
9
94
9
14
9
34
10
22
15
27
16
58
9
94
12
24
9
74
9
99
9
44
9
34
9
34
9
92
9
64
0
50
9
34
9
74
9
99
9
64
9
63
10
82
9
74
9
12
9
64
9
99
12
84
11
23
9
14
13
85
9
74
9
14
9
64
14
86
9
72
9
14
8
25
9
33
9
99
10
22
9
74
10
82
12
84
9
34
9
92
13
55
12
24
12
24
15
87
9
92
12
84
0
60
9
44
9
33
9
99
9
14
0
77
9
92
9
94
9
64
9
74
9
93
9
44
9
99
12
54
9
44
9
99
9
44
9
14
12
54
12
54
15
87
4
99
9
99
9
64
9
13
11
23
10
52
9
74
0
20
9
34
10
52
9
74
9
99
14
56
9
44
9
68
13
25
9
99
15
87
12
54
9
64
12
24
9
44
13
55
11
23
15
27
9
99
9
64
9
99
13
85
8
35
9
94
9
99
9
38
4
39
9
94
16
81
4
99
9
99
9
62
9
34
9
64
9
64
9
64
14
56
14
26
12
24
9
14
12
54
10
82
9
74
9
64
15
57
9
94
9
34
9
74
9
94
9
94
9
99
9
77
9
74
9
14
9
99
9
44
9
64
9
44
9
34
11
83
9
73
9
14
16
58
9
64
12
24
14
26
9
63
9
34
9
64
14
86
9
74
9
13
9
14
12
84
13
25
13
25
12
54
9
74
9
34
9
34
9
44
9
33
9
73
9
74
12
84
9
99
9
93
9
99
9
34
13
85
9
94
9
44
0
90
9
94
9
74
10
22
9
14
0
70
16
88
9
94
14
56
14
86
9
64
9
99
9
74
9
64
12
54
14
86
9
64
12
84
12
84
9
44
9
62
9
94
14
26
1
99
9
33
2
89
9
74
9
64
9
64
15
87
9
36
11
83
9
14
9
14
13
85
9
74
14
86
9
64
9
73
12
24
9
34
12
24
12
24
9
14
9
99
9
34
13
55
9
74
13
55
9
74
9
13
9
99
14
26
9
74
9
14
9
74
9
99
14
26
9
99
9
34
10
52
9
99
9
34
9
57
15
27
9
94
9
44
14
56
9
64
9
67
9
94
14
56
9
72
9
74
9
44
9
44
9
94
9
44
14
26
10
52
0
50
16
88
0
30
11
83
14
26
16
58
9
99
15
57
9
44
9
13
0
0
9
32
10
22
9
32
9
34
9
74
9
34
9
94
9
74
16
58
9
44
9
44
9
73
9
44
12
54
12
84
12
84
9
99
9
34
10
22
9
74
9
64
9
72
9
99
9
74
12
54
9
33
9
99
12
84
14
26
9
14
13
85
12
24
15
57
9
34
0
30
9
99
9
12
10
82
15
27
13
55
9
64
15
87
2
49
9
14
9
44
9
74
9
94
9
99
9
74
4
80
12
54
9
64
9
99
9
14
9
64
9
99
9
74
9
99
12
84
9
44
9
64
9
34
11
23
9
2
9
74
9
47
15
87
9
63
9
44
13
55
9
92
9
64
9
33
9
74
15
57
16
88
8
65
9
44
8
95
9
44
0
48
16
88
9
94
9
94
3
45
10
52
13
85
9
43
9
14
9
64
0
50
9
14
9
34
9
44
12
24
13
25
12
24
9
18
9
43
9
99
9
13
9
92
9
99
9
34
9
64
15
57
4
69
9
64
12
24
9
73
16
58
9
92
9
14
9
12
9
34
12
24
9
64
3
39
9
74
9
99
12
84
0
30
9
34
9
34
9
14
9
14
0
80
9
99
9
74
9
12
9
74
9
44
9
94
9
93
9
63
9
44
9
94
9
99
9
74
9
44
12
54
9
34
12
24
15
27
9
44
10
82
9
72
9
34
8
95
9
14
9
54
9
62
9
34
1
39
9
14
9
94
9
44
15
87
9
14
9
44
16
58
9
94
9
74
12
84
9
14
9
34
16
22
12
84
9
99
9
94
9
63
9
34
9
63
10
22
9
64
9
16
9
74
13
55
13
85
1
29
10
52
9
94
12
24
12
84
0
50
11
53
12
24
9
44
1
59
9
94
0
80
9
14
10
22
9
94
9
93
12
84
9
44
4
39
9
73
12
84
9
43
9
14
9
99
9
92
9
13
9
34
9
94
9
14
0
59
9
43
9
13
15
57
9
44
9
74
9
74
9
44
13
25
9
94
12
54
9
99
14
52
