13
25
9
99
10
82
13
55
9
91
9
13
9
44
10
52
9
99
10
22
9
99
9
44
9
64
14
26
14
26
9
94
9
14
12
24
13
55
11
83
9
99
9
60
9
14
13
85
10
22
9
40
9
71
9
13
9
99
9
73
9
34
9
74
9
14
9
42
10
22
9
90
9
20
9
30
9
99
9
50
10
52
9
51
9
13
14
26
9
43
9
72
9
63
9
99
9
44
10
22
14
26
9
73
9
92
9
12
9
41
9
43
11
23
13
55
12
24
9
40
9
42
9
33
9
61
9
99
9
12
10
82
14
26
9
99
14
86
14
86
13
25
9
41
9
73
12
54
9
63
9
99
9
64
9
33
9
13
9
99
9
32
10
82
9
44
13
55
9
44
9
34
14
86
9
43
9
90
9
74
13
25
9
42
9
62
9
63
9
34
9
12
9
32
9
33
9
13
9
91
10
22
10
22
9
74
9
11
9
81
11
83
9
94
9
34
10
52
13
25
9
99
9
93
9
63
9
11
9
81
9
60
12
54
9
41
9
62
9
99
11
23
12
84
9
62
9
10
9
33
9
43
9
99
9
40
9
99
9
12
9
94
9
40
9
99
9
30
9
99
9
12
9
44
9
31
9
60
9
40
9
41
9
42
11
53
9
34
9
94
10
22
10
52
0
80
11
83
9
93
10
22
9
71
9
42
9
73
9
73
9
94
9
10
9
32
11
83
9
99
11
83
9
41
9
99
12
84
9
13
9
34
9
99
10
22
9
72
9
90
9
74
9
42
9
13
11
23
13
55
9
71
9
64
13
55
9
21
12
24
9
43
9
71
9
44
9
92
9
14
11
23
11
53
9
14
9
90
9
92
9
43
9
34
9
12
9
41
9
33
13
55
10
22
9
62
9
44
9
14
9
64
9
70
9
81
9
34
9
99
9
14
14
26
9
1
9
94
12
84
9
74
9
64
9
81
9
80
9
74
10
82
9
64
9
20
12
54
9
33
10
52
9
61
9
32
9
51
9
32
12
54
9
12
9
92
10
22
14
86
11
83
12
24
13
85
12
54
9
72
9
70
9
12
9
50
9
99
14
26
14
26
9
99
9
13
9
74
9
94
9
73
9
64
9
21
9
72
9
44
10
52
9
81
14
56
9
71
9
99
9
64
9
11
9
20
9
14
9
51
9
51
9
32
9
64
9
64
9
94
12
84
9
34
9
99
9
63
9
94
9
13
9
71
9
32
9
34
9
42
8
65
0
10
9
44
9
92
9
42
9
64
10
52
9
60
9
99
9
99
9
99
9
30
9
33
9
32
9
99
9
13
9
42
9
72
9
90
9
94
11
83
9
30
9
99
9
7
11
23
9
34
9
13
14
56
9
40
9
14
9
12
9
72
9
31
9
63
9
73
9
13
9
63
9
71
14
56
9
72
9
43
9
11
9
42
9
34
9
30
9
99
9
99
9
34
10
22
9
34
9
94
9
74
9
73
14
56
9
44
9
30
11
83
9
12
9
72
9
62
9
99
9
94
9
32
0
70
9
64
9
33
10
22
9
81
9
37
11
53
9
94
9
80
9
34
9
94
1
49
9
21
9
11
9
64
9
63
11
53
9
99
9
74
9
6
13
25
3
69
9
32
10
52
9
50
11
23
9
64
9
33
0
70
9
34
9
73
9
30
9
92
9
33
9
41
12
24
9
99
9
81
9
43
9
64
9
74
9
73
9
14
9
92
9
12
9
94
9
74
13
25
9
60
9
44
9
34
9
41
9
99
0
80
12
24
13
55
9
13
9
99
9
93
9
20
8
75
9
91
9
63
11
83
14
26
4
99
9
64
9
14
11
23
9
64
9
99
9
33
9
51
9
44
9
99
11
53
9
31
9
72
9
63
11
23
9
34
9
99
9
40
9
31
11
53
9
14
9
11
9
70
9
21
9
33
13
25
9
33
9
13
9
81
9
94
9
92
14
52
13
25
9
99
9
94
9
93
9
34
0
40
11
83
9
74
9
14
9
74
9
64
10
52
12
24
9
32
12
54
9
99
9
32
9
34
10
82
11
83
9
80
9
14
9
30
9
71
9
42
9
63
9
93
9
10
2
69
9
34
9
99
9
14
9
62
13
85
9
32
12
84
10
22
9
12
0
50
9
33
9
94
9
13
9
32
13
25
9
34
0
35
9
99
9
10
9
32
14
26
9
99
9
64
10
52
9
33
9
94
9
64
9
72
9
12
9
34
12
84
9
74
9
62
9
99
13
25
9
43
9
73
9
70
9
51
9
34
9
33
9
99
13
25
9
20
9
32
9
99
9
43
9
93
9
71
9
92
10
52
9
6
9
78
9
92
9
14
9
33
9
20
13
25
14
56
9
94
10
22
9
72
9
99
9
44
9
34
9
34
9
90
9
62
0
50
9
34
9
73
9
99
9
62
9
61
9
80
9
74
9
10
9
63
9
99
10
82
9
21
9
14
11
83
9
74
9
13
9
64
12
84
9
70
9
14
8
25
9
31
9
99
9
20
9
74
9
80
10
82
9
34
9
90
11
53
10
22
10
22
13
85
9
90
10
82
0
60
9
44
9
31
9
99
9
14
0
77
9
92
9
93
9
62
9
74
9
93
9
43
9
99
10
52
9
43
9
99
9
42
9
13
10
52
10
52
13
85
4
99
9
99
9
64
9
11
9
21
9
50
9
74
0
20
9
34
9
50
9
74
9
99
12
54
9
42
9
68
11
23
9
99
13
85
10
52
9
62
10
22
9
43
11
53
9
21
13
25
9
99
9
63
9
99
11
83
8
35
9
94
9
99
9
38
4
39
9
92
14
81
4
99
9
99
9
60
9
34
9
64
9
63
9
62
12
54
12
24
10
22
9
13
10
52
9
80
9
74
9
62
13
55
9
94
9
34
9
72
9
93
9
94
9
99
9
77
9
72
9
14
9
99
9
44
9
62
9
43
9
34
9
81
9
71
9
13
14
56
9
64
10
22
12
24
9
61
9
32
9
63
12
84
9
73
9
11
9
14
10
82
11
23
11
23
10
52
9
74
9
34
9
33
9
44
9
31
9
71
9
72
10
82
9
99
9
91
9
99
9
33
11
83
9
92
9
43
0
90
9
93
9
73
9
20
9
12
0
70
14
86
9
92
12
54
12
84
9
62
9
99
9
72
9
64
10
52
12
84
9
64
10
82
10
82
9
43
9
60
9
94
12
24
1
99
9
31
2
89
9
74
9
62
9
62
13
85
9
36
9
81
9
13
9
13
11
83
9
72
12
84
9
63
9
71
10
22
9
32
10
22
10
22
9
13
9
99
9
34
11
53
9
74
11
53
9
73
9
11
9
99
12
24
9
72
9
12
9
74
9
99
12
24
9
99
9
33
9
50
9
99
9
32
9
57
13
25
9
93
9
43
12
54
9
64
9
67
9
93
12
54
9
70
9
74
9
44
9
44
9
94
9
42
12
24
9
50
0
50
14
86
0
30
9
81
12
24
14
56
9
99
13
55
9
42
9
11
0
0
9
30
9
20
9
32
9
32
9
72
9
32
9
94
9
73
14
56
9
42
9
44
9
71
9
44
10
52
10
82
10
82
9
99
9
34
9
20
9
72
9
64
9
70
9
99
9
74
10
52
9
31
9
99
10
82
12
24
9
12
11
83
10
22
13
55
9
33
0
30
9
99
9
10
9
80
13
25
11
53
9
62
13
85
2
49
9
14
9
43
9
73
9
92
9
99
9
72
4
80
10
52
9
62
9
99
9
12
9
62
9
99
9
72
9
99
10
82
9
42
9
64
9
34
9
21
9
2
9
74
9
47
13
85
9
61
9
44
11
53
9
90
9
63
9
31
9
74
13
55
14
86
8
65
9
44
8
95
9
44
0
48
14
86
9
92
9
94
3
45
9
50
11
83
9
41
9
13
9
64
0
50
9
13
9
34
9
44
10
22
11
23
10
22
9
18
9
41
9
99
9
11
9
90
9
99
9
33
9
63
13
55
4
69
9
64
10
22
9
71
14
56
9
90
9
12
9
10
9
34
10
22
9
62
3
39
9
72
9
99
10
82
0
30
9
34
9
34
9
13
9
14
0
80
9
99
9
74
9
12
9
74
9
42
9
94
9
91
9
61
9
44
9
94
9
99
9
74
9
42
10
52
9
33
10
22
13
25
9
44
9
80
9
70
9
32
8
95
9
14
9
54
9
60
9
32
1
39
9
12
9
94
9
43
13
85
9
13
9
44
14
56
9
94
9
74
10
82
9
12
9
34
14
22
10
82
9
99
9
94
9
61
9
34
9
61
9
20
9
64
9
16
9
72
11
53
11
83
1
29
9
50
9
94
10
22
10
82
0
50
9
51
10
22
9
44
1
59
9
92
0
80
9
13
9
20
9
93
9
91
10
82
9
43
4
39
9
71
10
82
9
41
9
12
9
99
9
90
9
13
9
34
9
94
9
13
0
59
9
41
9
11
13
55
9
42
9
72
9
73
9
42
11
23
9
94
10
52
9
99
12
52
