8
20
9
97
7
77
9
50
8
86
6
9
9
41
5
49
6
96
5
18
5
99
9
39
7
59
9
21
9
21
8
90
8
10
7
19
8
50
6
79
6
99
7
55
9
11
8
80
8
17
5
35
7
66
6
9
6
96
7
68
7
29
9
71
7
9
9
37
5
18
5
85
7
15
8
25
7
99
5
45
5
47
8
46
6
9
9
21
8
38
6
67
6
59
5
99
8
40
5
19
9
21
7
68
8
87
6
7
8
36
6
39
6
19
9
50
8
19
8
35
5
39
6
29
7
56
9
97
5
9
6
77
9
21
5
99
9
81
9
81
8
20
7
36
8
68
8
49
6
59
6
99
8
60
7
28
8
8
5
99
5
27
5
79
8
40
8
50
7
39
7
29
9
81
7
38
6
85
8
70
8
20
5
39
5
58
9
58
8
30
5
9
5
29
6
28
6
9
5
86
6
17
8
17
8
70
5
6
6
76
8
78
8
90
7
29
5
49
8
20
8
96
8
88
6
59
8
6
7
76
8
55
9
49
8
36
5
59
7
97
7
18
7
79
9
57
7
5
9
28
6
39
6
99
5
35
5
99
5
9
9
91
5
35
5
99
8
25
5
99
7
7
8
40
8
26
6
55
8
35
7
36
5
39
6
49
8
30
8
90
5
19
9
47
0
80
6
79
6
88
5
19
7
71
5
37
6
69
9
68
7
89
8
5
5
29
6
79
8
99
6
79
8
41
9
98
9
79
6
9
9
30
7
99
5
19
9
67
7
85
7
69
5
39
6
9
6
19
8
50
5
66
9
61
8
50
8
16
7
19
8
38
8
66
9
40
5
89
8
10
6
19
6
49
8
10
7
85
5
89
6
39
8
30
8
7
5
36
6
29
8
50
5
17
8
57
9
40
8
10
8
59
8
65
6
76
8
29
6
97
8
10
9
21
7
1
7
89
7
79
8
70
7
59
5
76
5
75
7
69
5
79
8
59
6
15
7
49
7
28
5
49
6
56
5
29
7
46
5
29
7
49
5
9
5
89
5
17
9
81
6
79
9
19
8
80
7
49
5
69
8
65
5
9
5
45
9
99
9
21
9
21
5
99
6
9
9
71
9
89
6
69
9
60
7
16
5
67
9
39
8
47
8
76
9
51
5
66
5
98
7
59
6
11
6
15
7
9
8
46
6
46
5
29
8
60
8
60
9
90
7
79
7
29
8
99
8
58
8
90
6
9
7
66
5
29
7
29
5
37
8
65
0
10
8
40
5
87
5
39
8
60
5
49
6
55
6
99
8
99
5
98
6
25
6
29
5
29
8
99
6
9
5
38
5
69
7
85
7
89
6
79
6
25
7
97
5
7
9
18
9
29
6
9
9
51
8
35
7
9
5
8
5
69
5
26
6
59
5
74
6
8
6
59
7
66
9
51
5
68
6
39
6
6
9
37
7
29
7
25
5
99
6
97
8
30
5
19
9
31
7
89
9
71
9
68
9
51
7
39
6
25
9
78
8
7
5
67
5
59
6
99
8
90
5
29
0
70
8
59
9
28
5
19
8
76
6
37
6
49
8
89
7
75
9
31
7
89
1
49
8
16
7
6
9
61
6
59
6
49
5
96
9
71
5
6
8
20
3
69
6
27
8
47
6
45
6
19
7
59
6
29
0
70
9
31
6
69
7
25
5
89
6
29
9
41
7
19
7
99
7
76
6
39
9
61
7
69
7
68
8
10
5
89
5
9
9
91
8
70
8
20
6
55
7
39
7
29
8
36
5
96
0
80
7
19
8
50
9
8
6
98
6
89
5
15
5
75
7
86
8
58
6
79
9
21
4
96
7
59
8
10
7
18
9
61
5
99
6
29
7
46
9
40
8
99
7
48
7
26
5
69
8
58
7
18
7
29
7
99
8
35
8
26
7
48
9
11
8
6
5
65
5
16
6
29
8
20
6
29
6
9
8
76
7
89
7
87
9
53
8
20
7
95
9
91
6
89
7
29
0
40
6
79
8
70
9
11
8
70
8
60
9
47
7
19
8
27
7
49
7
97
5
29
7
29
5
77
6
79
7
75
9
11
7
25
5
66
6
37
6
59
6
89
5
5
2
69
9
31
8
97
7
9
5
59
9
80
5
29
9
79
5
19
5
9
0
50
6
29
8
90
9
8
6
27
9
20
9
30
0
35
6
99
7
5
8
27
9
21
8
97
9
59
9
47
6
29
8
89
7
59
5
69
7
7
9
31
7
79
8
70
5
58
8
97
8
20
6
39
6
69
6
65
6
46
8
30
9
28
8
97
8
20
5
15
6
27
5
99
6
39
6
89
5
66
5
88
6
47
7
11
8
78
5
87
8
10
9
28
7
15
8
20
9
51
7
89
5
19
5
69
6
97
7
39
7
29
7
29
7
85
5
59
0
50
7
29
8
68
6
99
5
59
8
56
6
75
9
71
6
5
9
58
5
99
5
77
5
16
9
11
6
78
9
71
6
9
7
59
7
79
7
65
9
10
5
25
6
26
6
99
5
15
8
70
7
75
8
77
7
29
7
85
6
48
5
19
5
19
8
80
6
85
5
79
0
60
9
41
8
26
8
99
7
9
0
77
9
92
6
88
5
59
8
70
8
93
8
38
7
95
5
49
6
39
5
95
5
37
6
8
8
47
8
47
8
80
4
99
8
95
8
59
5
6
6
16
6
45
8
70
0
20
7
29
7
45
8
69
7
99
7
49
9
37
5
68
8
18
8
99
8
80
5
49
6
57
5
19
6
39
6
49
5
16
8
20
7
99
6
59
6
99
6
79
7
35
7
89
9
97
5
38
4
39
8
87
9
81
4
99
6
99
8
55
7
29
7
59
9
58
6
57
9
49
7
19
5
19
6
8
5
47
5
75
9
70
5
59
9
50
8
90
8
29
5
69
7
88
9
91
8
99
5
77
8
67
8
10
5
96
9
40
5
57
8
38
9
31
7
76
6
66
6
9
9
51
7
59
5
19
7
19
8
56
5
29
6
59
7
79
8
68
7
6
7
9
5
79
9
18
6
19
6
47
7
69
9
31
6
29
7
39
8
26
8
66
6
67
8
77
8
99
7
86
7
99
6
29
6
79
5
89
6
39
0
90
6
89
6
69
5
15
6
7
0
70
9
81
9
87
7
49
9
79
5
59
9
97
5
68
7
59
5
49
8
79
9
61
5
79
5
78
6
39
5
55
8
89
7
19
1
99
7
26
2
88
7
69
5
57
5
58
8
80
8
36
5
76
6
8
6
9
7
78
8
67
7
79
6
59
8
66
5
18
9
27
8
17
6
17
8
8
5
99
9
31
6
49
8
70
7
48
6
68
5
6
5
99
7
19
5
69
5
8
8
70
8
97
7
19
8
99
6
29
6
45
9
99
5
27
7
57
8
20
6
89
6
39
7
49
9
61
7
67
6
89
7
49
5
65
8
70
9
40
7
39
8
90
7
37
8
19
8
45
0
50
9
81
0
30
8
76
8
19
9
51
7
99
9
50
9
37
6
6
0
0
7
25
5
15
5
32
5
29
5
69
5
29
7
89
8
68
9
51
5
39
9
41
8
66
8
40
5
47
5
77
7
77
9
99
8
30
5
15
8
67
9
61
7
65
9
99
8
70
9
47
8
26
5
99
8
77
7
19
7
7
6
79
5
19
8
50
6
29
0
30
9
99
8
5
7
75
8
20
6
49
5
59
8
80
2
49
9
11
6
39
6
69
5
88
8
98
5
68
4
80
5
49
8
57
6
99
5
9
7
57
5
96
5
69
8
97
8
77
5
39
8
60
9
31
6
16
7
2
8
70
7
47
8
80
8
56
7
39
6
49
8
85
9
58
7
26
8
70
8
50
9
81
8
65
9
41
5
95
7
39
0
48
9
81
5
89
9
91
3
45
7
45
6
79
6
36
6
9
7
59
0
50
6
9
8
30
9
41
5
19
9
18
5
19
5
18
8
36
6
98
7
6
7
85
8
96
8
28
6
59
8
50
4
69
7
59
5
19
6
66
9
51
6
85
5
9
7
5
9
31
9
17
5
57
3
38
5
69
7
95
7
77
0
30
7
29
7
29
9
8
7
9
0
80
5
99
9
71
8
12
7
69
5
39
9
89
8
86
8
56
7
39
9
90
5
99
9
70
9
37
5
47
6
29
6
17
8
20
7
39
7
75
6
65
5
29
8
95
8
10
7
54
6
55
5
29
1
36
5
9
9
91
9
38
8
80
6
8
7
39
9
51
8
90
8
70
5
79
5
7
7
29
9
22
8
77
8
95
9
90
5
56
8
30
8
56
6
15
7
59
7
16
5
69
6
48
6
79
1
25
6
45
9
91
5
19
6
77
0
50
8
46
5
19
9
39
1
55
9
87
0
80
6
9
6
15
6
89
8
86
6
77
6
39
4
39
7
66
8
77
8
36
5
9
8
95
7
85
7
14
8
29
8
90
6
9
0
59
6
36
8
6
8
50
5
37
6
67
6
69
5
38
6
19
9
91
5
49
7
99
7
54
