18
30
9
99
15
87
18
60
9
94
9
14
9
44
15
57
9
99
15
27
9
99
9
44
9
64
19
31
19
31
9
94
9
14
17
29
18
60
16
88
9
99
9
64
9
14
18
90
15
27
9
44
9
74
9
14
9
99
9
74
9
34
9
74
9
14
9
44
15
27
9
94
13
25
9
34
9
99
13
55
15
57
14
56
9
14
19
31
9
44
9
74
9
64
9
99
9
44
15
27
19
31
9
74
9
94
9
14
9
44
9
44
16
28
18
60
17
29
9
44
9
44
9
34
9
64
9
99
9
14
15
87
19
31
9
99
19
91
19
91
18
30
9
44
9
74
17
59
9
64
9
99
9
64
9
34
9
14
9
99
9
34
15
87
9
44
18
60
9
44
9
34
19
91
9
44
9
94
9
74
18
30
9
44
9
64
9
64
9
34
9
14
9
34
9
34
9
14
9
94
15
27
15
27
9
74
9
14
14
86
16
88
9
94
9
34
15
57
18
30
9
99
9
94
9
64
9
14
14
86
9
64
17
59
9
44
9
64
9
99
16
28
17
89
9
64
9
14
9
34
9
44
9
99
9
44
9
99
9
14
9
94
9
44
9
99
9
34
9
99
9
14
9
44
9
34
9
64
9
44
9
44
9
44
16
58
9
34
9
94
15
27
15
57
0
80
16
88
9
94
15
27
9
71
9
44
9
74
9
74
9
94
9
14
9
34
16
88
9
99
16
88
9
41
9
99
17
89
9
14
9
34
9
99
15
27
9
74
9
94
9
74
9
44
9
14
16
28
18
60
9
74
9
64
18
60
14
26
17
29
9
44
9
74
9
44
9
94
9
14
16
28
16
58
9
14
9
94
9
94
9
44
9
34
9
14
9
44
9
34
18
60
15
27
9
64
9
44
9
14
9
64
9
74
14
86
9
34
9
99
9
14
19
31
9
1
9
94
17
89
9
74
9
64
14
86
13
85
9
74
15
87
9
64
13
25
17
59
9
34
15
57
9
64
9
34
14
56
9
34
17
59
9
14
9
94
15
27
19
91
16
88
17
29
18
90
17
59
9
74
9
74
9
14
13
55
9
99
19
31
19
31
9
99
9
14
9
74
9
94
9
74
9
64
14
26
9
74
9
44
15
57
14
86
19
61
9
74
9
99
9
64
9
11
13
25
9
14
14
56
14
56
9
34
9
64
9
64
9
94
17
89
9
34
9
99
9
64
9
94
9
14
9
74
9
34
9
34
9
44
8
65
0
10
9
44
9
94
9
44
9
64
15
57
9
64
9
99
9
99
9
99
9
34
9
34
9
34
9
99
9
14
9
44
9
74
9
94
9
94
16
88
9
34
9
99
9
7
16
28
9
34
9
14
19
61
9
44
9
14
9
14
9
74
9
34
9
64
9
73
9
14
9
64
9
74
19
61
9
74
9
44
9
14
9
44
9
34
9
34
9
99
9
99
9
34
15
27
9
34
9
94
9
74
9
74
19
61
9
44
9
34
16
88
9
14
9
74
9
64
9
99
9
94
9
34
0
70
9
64
9
34
15
27
14
86
9
37
16
58
9
94
13
85
9
34
9
94
1
49
14
26
9
14
9
64
9
64
16
58
9
99
9
74
9
6
18
30
3
69
9
34
15
57
13
55
16
28
9
64
9
34
0
70
9
34
9
74
9
34
9
94
9
34
9
41
17
29
9
99
14
86
9
44
9
64
9
74
9
74
9
14
9
94
9
14
9
94
9
74
18
30
9
64
9
44
9
34
9
44
9
99
0
80
17
29
18
60
9
14
9
99
9
94
13
25
8
75
9
94
9
64
16
88
19
31
4
99
9
64
9
14
16
28
9
64
9
99
9
34
14
56
9
44
9
99
16
58
9
34
9
74
9
64
16
28
9
34
9
99
9
44
9
34
16
58
9
14
9
14
9
74
14
26
9
34
18
30
9
34
9
14
14
86
9
94
9
94
19
52
18
30
9
99
9
94
9
94
9
34
0
40
16
88
9
74
9
14
9
74
9
64
15
57
17
29
9
34
17
59
9
99
9
34
9
34
15
87
16
88
13
85
9
14
9
34
9
74
9
44
9
64
9
94
9
14
2
69
9
34
9
99
9
14
9
64
18
90
9
34
17
89
15
27
9
14
0
50
9
34
9
94
9
14
9
34
18
30
9
34
0
35
9
99
9
14
9
34
19
31
9
99
9
64
15
57
9
34
9
94
9
64
9
74
9
14
9
34
17
89
9
74
9
64
9
99
18
30
9
44
9
74
9
74
14
56
9
34
9
34
9
99
18
30
13
25
9
34
9
99
9
44
9
94
9
74
9
94
15
57
9
6
9
78
9
94
9
14
9
34
13
25
18
30
19
61
9
94
15
27
9
74
9
99
9
44
9
34
9
34
9
94
9
64
0
50
9
34
9
74
9
99
9
64
9
64
13
85
9
74
9
14
9
64
9
99
15
87
14
26
9
14
16
88
9
74
9
14
9
64
17
89
9
74
9
14
8
25
9
34
9
99
13
25
9
74
13
85
15
87
9
34
9
94
16
58
15
27
15
27
18
90
9
94
15
87
0
60
9
44
9
34
9
99
9
14
0
77
9
92
9
94
9
64
9
74
9
93
9
44
9
99
15
57
9
44
9
99
9
44
9
14
15
57
15
57
18
90
4
99
9
99
9
64
9
14
14
26
13
55
9
74
0
20
9
34
13
55
9
74
9
99
17
59
9
44
9
68
16
28
9
99
18
90
15
57
9
64
15
27
9
44
16
58
14
26
18
30
9
99
9
64
9
99
16
88
8
35
9
94
9
99
9
38
4
39
9
94
19
81
4
99
9
99
9
64
9
34
9
64
9
64
9
64
17
59
17
29
15
27
9
14
15
57
13
85
9
74
9
64
18
60
9
94
9
34
9
74
9
94
9
94
9
99
9
77
9
74
9
14
9
99
9
44
9
64
9
44
9
34
14
86
9
74
9
14
19
61
9
64
15
27
17
29
9
64
9
34
9
64
17
89
9
74
9
14
9
14
15
87
16
28
16
28
15
57
9
74
9
34
9
34
9
44
9
34
9
74
9
74
15
87
9
99
9
94
9
99
9
34
16
88
9
94
9
44
0
90
9
94
9
74
13
25
9
14
0
70
19
91
9
94
17
59
17
89
9
64
9
99
9
74
9
64
15
57
17
89
9
64
15
87
15
87
9
44
9
64
9
94
17
29
1
99
9
34
2
89
9
74
9
64
9
64
18
90
9
36
14
86
9
14
9
14
16
88
9
74
17
89
9
64
9
74
15
27
9
34
15
27
15
27
9
14
9
99
9
34
16
58
9
74
16
58
9
74
9
14
9
99
17
29
9
74
9
14
9
74
9
99
17
29
9
99
9
34
13
55
9
99
9
34
9
57
18
30
9
94
9
44
17
59
9
64
9
67
9
94
17
59
9
74
9
74
9
44
9
44
9
94
9
44
17
29
13
55
0
50
19
91
0
30
14
86
17
29
19
61
9
99
18
60
9
44
9
14
0
0
9
34
13
25
9
32
9
34
9
74
9
34
9
94
9
74
19
61
9
44
9
44
9
74
9
44
15
57
15
87
15
87
9
99
9
34
13
25
9
74
9
64
9
74
9
99
9
74
15
57
9
34
9
99
15
87
17
29
9
14
16
88
15
27
18
60
9
34
0
30
9
99
9
14
13
85
18
30
16
58
9
64
18
90
2
49
9
14
9
44
9
74
9
94
9
99
9
74
4
80
15
57
9
64
9
99
9
14
9
64
9
99
9
74
9
99
15
87
9
44
9
64
9
34
14
26
9
2
9
74
9
47
18
90
9
64
9
44
16
58
9
94
9
64
9
34
9
74
18
60
19
91
8
65
9
44
8
95
9
44
0
48
19
91
9
94
9
94
3
45
13
55
16
88
9
44
9
14
9
64
0
50
9
14
9
34
9
44
15
27
16
28
15
27
9
18
9
44
9
99
9
14
9
94
9
99
9
34
9
64
18
60
4
69
9
64
15
27
9
74
19
61
9
94
9
14
9
14
9
34
15
27
9
64
3
39
9
74
9
99
15
87
0
30
9
34
9
34
9
14
9
14
0
80
9
99
9
74
9
12
9
74
9
44
9
94
9
94
9
64
9
44
9
94
9
99
9
74
9
44
15
57
9
34
15
27
18
30
9
44
13
85
9
74
9
34
8
95
9
14
9
54
9
64
9
34
1
39
9
14
9
94
9
44
18
90
9
14
9
44
19
61
9
94
9
74
15
87
9
14
9
34
19
22
15
87
9
99
9
94
9
64
9
34
9
64
13
25
9
64
9
16
9
74
16
58
16
88
1
29
13
55
9
94
15
27
15
87
0
50
14
56
15
27
9
44
1
59
9
94
0
80
9
14
13
25
9
94
9
94
15
87
9
44
4
39
9
74
15
87
9
44
9
14
9
99
9
94
9
13
9
34
9
94
9
14
0
59
9
44
9
14
18
60
9
44
9
74
9
74
9
44
16
28
9
94
15
57
9
99
17
52
