19
34
9
99
19
93
19
64
9
94
9
14
9
44
19
63
9
99
19
33
9
99
9
44
9
64
19
34
19
34
9
94
9
14
19
34
19
64
19
94
9
99
9
64
9
14
19
94
19
33
9
44
9
74
9
14
9
99
9
74
9
34
9
74
9
14
9
44
19
33
9
94
19
31
9
34
9
99
19
61
19
63
19
62
9
14
19
34
9
44
9
74
9
64
9
99
9
44
19
33
19
34
9
74
9
94
9
14
9
44
9
44
19
34
19
64
19
34
9
44
9
44
9
34
9
64
9
99
9
14
19
93
19
34
9
99
19
94
19
94
19
34
9
44
9
74
19
64
9
64
9
99
9
64
9
34
9
14
9
99
9
34
19
93
9
44
19
64
9
44
9
34
19
94
9
44
9
94
9
74
19
34
9
44
9
64
9
64
9
34
9
14
9
34
9
34
9
14
9
94
19
33
19
33
9
74
9
14
19
92
19
94
9
94
9
34
19
63
19
34
9
99
9
94
9
64
9
14
19
92
9
64
19
64
9
44
9
64
9
99
19
34
19
94
9
64
9
14
9
34
9
44
9
99
9
44
9
99
9
14
9
94
9
44
9
99
9
34
9
99
9
14
9
44
9
34
9
64
9
44
9
44
9
44
19
64
9
34
9
94
19
33
19
63
0
80
19
94
9
94
19
33
9
71
9
44
9
74
9
74
9
94
9
14
9
34
19
94
9
99
19
94
9
41
9
99
19
94
9
14
9
34
9
99
19
33
9
74
9
94
9
74
9
44
9
14
19
34
19
64
9
74
9
64
19
64
19
32
19
34
9
44
9
74
9
44
9
94
9
14
19
34
19
64
9
14
9
94
9
94
9
44
9
34
9
14
9
44
9
34
19
64
19
33
9
64
9
44
9
14
9
64
9
74
19
92
9
34
9
99
9
14
19
34
9
1
9
94
19
94
9
74
9
64
19
92
19
91
9
74
19
93
9
64
19
31
19
64
9
34
19
63
9
64
9
34
19
62
9
34
19
64
9
14
9
94
19
33
19
94
19
94
19
34
19
94
19
64
9
74
9
74
9
14
19
61
9
99
19
34
19
34
9
99
9
14
9
74
9
94
9
74
9
64
19
32
9
74
9
44
19
63
19
92
19
64
9
74
9
99
9
64
9
11
19
31
9
14
19
62
19
62
9
34
9
64
9
64
9
94
19
94
9
34
9
99
9
64
9
94
9
14
9
74
9
34
9
34
9
44
8
65
0
10
9
44
9
94
9
44
9
64
19
63
9
64
9
99
9
99
9
99
9
34
9
34
9
34
9
99
9
14
9
44
9
74
9
94
9
94
19
94
9
34
9
99
9
7
19
34
9
34
9
14
19
64
9
44
9
14
9
14
9
74
9
34
9
64
9
73
9
14
9
64
9
74
19
64
9
74
9
44
9
14
9
44
9
34
9
34
9
99
9
99
9
34
19
33
9
34
9
94
9
74
9
74
19
64
9
44
9
34
19
94
9
14
9
74
9
64
9
99
9
94
9
34
0
70
9
64
9
34
19
33
19
92
9
37
19
64
9
94
19
91
9
34
9
94
1
49
19
32
9
14
9
64
9
64
19
64
9
99
9
74
9
6
19
34
3
69
9
34
19
63
19
61
19
34
9
64
9
34
0
70
9
34
9
74
9
34
9
94
9
34
9
41
19
34
9
99
19
92
9
44
9
64
9
74
9
74
9
14
9
94
9
14
9
94
9
74
19
34
9
64
9
44
9
34
9
44
9
99
0
80
19
34
19
64
9
14
9
99
9
94
19
31
8
75
9
94
9
64
19
94
19
34
4
99
9
64
9
14
19
34
9
64
9
99
9
34
19
62
9
44
9
99
19
64
9
34
9
74
9
64
19
34
9
34
9
99
9
44
9
34
19
64
9
14
9
14
9
74
19
32
9
34
19
34
9
34
9
14
19
92
9
94
9
94
19
52
19
34
9
99
9
94
9
94
9
34
0
40
19
94
9
74
9
14
9
74
9
64
19
63
19
34
9
34
19
64
9
99
9
34
9
34
19
93
19
94
19
91
9
14
9
34
9
74
9
44
9
64
9
94
9
14
2
69
9
34
9
99
9
14
9
64
19
94
9
34
19
94
19
33
9
14
0
50
9
34
9
94
9
14
9
34
19
34
9
34
0
35
9
99
9
14
9
34
19
34
9
99
9
64
19
63
9
34
9
94
9
64
9
74
9
14
9
34
19
94
9
74
9
64
9
99
19
34
9
44
9
74
9
74
19
62
9
34
9
34
9
99
19
34
19
31
9
34
9
99
9
44
9
94
9
74
9
94
19
63
9
6
9
78
9
94
9
14
9
34
19
31
19
34
19
64
9
94
19
33
9
74
9
99
9
44
9
34
9
34
9
94
9
64
0
50
9
34
9
74
9
99
9
64
9
64
19
91
9
74
9
14
9
64
9
99
19
93
19
32
9
14
19
94
9
74
9
14
9
64
19
94
9
74
9
14
8
25
9
34
9
99
19
31
9
74
19
91
19
93
9
34
9
94
19
64
19
33
19
33
19
94
9
94
19
93
0
60
9
44
9
34
9
99
9
14
0
77
9
92
9
94
9
64
9
74
9
93
9
44
9
99
19
63
9
44
9
99
9
44
9
14
19
63
19
63
19
94
4
99
9
99
9
64
9
14
19
32
19
61
9
74
0
20
9
34
19
61
9
74
9
99
19
64
9
44
9
68
19
34
9
99
19
94
19
63
9
64
19
33
9
44
19
64
19
32
19
34
9
99
9
64
9
99
19
94
8
35
9
94
9
99
9
38
4
39
9
94
19
81
4
99
9
99
9
64
9
34
9
64
9
64
9
64
19
64
19
34
19
33
9
14
19
63
19
91
9
74
9
64
19
64
9
94
9
34
9
74
9
94
9
94
9
99
9
77
9
74
9
14
9
99
9
44
9
64
9
44
9
34
19
92
9
74
9
14
19
64
9
64
19
33
19
34
9
64
9
34
9
64
19
94
9
74
9
14
9
14
19
93
19
34
19
34
19
63
9
74
9
34
9
34
9
44
9
34
9
74
9
74
19
93
9
99
9
94
9
99
9
34
19
94
9
94
9
44
0
90
9
94
9
74
19
31
9
14
0
70
19
94
9
94
19
64
19
94
9
64
9
99
9
74
9
64
19
63
19
94
9
64
19
93
19
93
9
44
9
64
9
94
19
34
1
99
9
34
2
89
9
74
9
64
9
64
19
94
9
36
19
92
9
14
9
14
19
94
9
74
19
94
9
64
9
74
19
33
9
34
19
33
19
33
9
14
9
99
9
34
19
64
9
74
19
64
9
74
9
14
9
99
19
34
9
74
9
14
9
74
9
99
19
34
9
99
9
34
19
61
9
99
9
34
9
57
19
34
9
94
9
44
19
64
9
64
9
67
9
94
19
64
9
74
9
74
9
44
9
44
9
94
9
44
19
34
19
61
0
50
19
94
0
30
19
92
19
34
19
64
9
99
19
64
9
44
9
14
0
0
9
34
19
31
9
32
9
34
9
74
9
34
9
94
9
74
19
64
9
44
9
44
9
74
9
44
19
63
19
93
19
93
9
99
9
34
19
31
9
74
9
64
9
74
9
99
9
74
19
63
9
34
9
99
19
93
19
34
9
14
19
94
19
33
19
64
9
34
0
30
9
99
9
14
19
91
19
34
19
64
9
64
19
94
2
49
9
14
9
44
9
74
9
94
9
99
9
74
4
80
19
63
9
64
9
99
9
14
9
64
9
99
9
74
9
99
19
93
9
44
9
64
9
34
19
32
9
2
9
74
9
47
19
94
9
64
9
44
19
64
9
94
9
64
9
34
9
74
19
64
19
94
8
65
9
44
8
95
9
44
0
48
19
94
9
94
9
94
3
45
19
61
19
94
9
44
9
14
9
64
0
50
9
14
9
34
9
44
19
33
19
34
19
33
9
18
9
44
9
99
9
14
9
94
9
99
9
34
9
64
19
64
4
69
9
64
19
33
9
74
19
64
9
94
9
14
9
14
9
34
19
33
9
64
3
39
9
74
9
99
19
93
0
30
9
34
9
34
9
14
9
14
0
80
9
99
9
74
9
12
9
74
9
44
9
94
9
94
9
64
9
44
9
94
9
99
9
74
9
44
19
63
9
34
19
33
19
34
9
44
19
91
9
74
9
34
8
95
9
14
9
54
9
64
9
34
1
39
9
14
9
94
9
44
19
94
9
14
9
44
19
64
9
94
9
74
19
93
9
14
9
34
19
22
19
93
9
99
9
94
9
64
9
34
9
64
19
31
9
64
9
16
9
74
19
64
19
94
1
29
19
61
9
94
19
33
19
93
0
50
19
62
19
33
9
44
1
59
9
94
0
80
9
14
19
31
9
94
9
94
19
93
9
44
4
39
9
74
19
93
9
44
9
14
9
99
9
94
9
13
9
34
9
94
9
14
0
59
9
44
9
14
19
64
9
44
9
74
9
74
9
44
19
34
9
94
19
63
9
99
19
52
