17
29
9
99
14
86
17
59
9
94
9
14
9
44
14
56
9
99
14
26
9
99
9
44
9
64
18
30
18
30
9
94
9
14
16
28
17
59
15
87
9
99
9
64
9
14
17
89
14
26
9
44
9
74
9
14
9
99
9
74
9
34
9
74
9
14
9
44
14
26
9
94
12
24
9
34
9
99
12
54
14
56
13
55
9
14
18
30
9
44
9
74
9
64
9
99
9
44
14
26
18
30
9
74
9
94
9
14
9
44
9
44
15
27
17
59
16
28
9
44
9
44
9
34
9
64
9
99
9
14
14
86
18
30
9
99
18
90
18
90
17
29
9
44
9
74
16
58
9
64
9
99
9
64
9
34
9
14
9
99
9
34
14
86
9
44
17
59
9
44
9
34
18
90
9
44
9
94
9
74
17
29
9
44
9
64
9
64
9
34
9
14
9
34
9
34
9
14
9
94
14
26
14
26
9
74
9
14
13
85
15
87
9
94
9
34
14
56
17
29
9
99
9
94
9
64
9
14
13
85
9
64
16
58
9
44
9
64
9
99
15
27
16
88
9
64
9
14
9
34
9
44
9
99
9
44
9
99
9
14
9
94
9
44
9
99
9
34
9
99
9
14
9
44
9
34
9
64
9
44
9
44
9
44
15
57
9
34
9
94
14
26
14
56
0
80
15
87
9
94
14
26
9
71
9
44
9
74
9
74
9
94
9
14
9
34
15
87
9
99
15
87
9
41
9
99
16
88
9
14
9
34
9
99
14
26
9
74
9
94
9
74
9
44
9
14
15
27
17
59
9
74
9
64
17
59
13
25
16
28
9
44
9
74
9
44
9
94
9
14
15
27
15
57
9
14
9
94
9
94
9
44
9
34
9
14
9
44
9
34
17
59
14
26
9
64
9
44
9
14
9
64
9
74
13
85
9
34
9
99
9
14
18
30
9
1
9
94
16
88
9
74
9
64
13
85
12
84
9
74
14
86
9
64
12
24
16
58
9
34
14
56
9
64
9
34
13
55
9
34
16
58
9
14
9
94
14
26
18
90
15
87
16
28
17
89
16
58
9
74
9
74
9
14
12
54
9
99
18
30
18
30
9
99
9
14
9
74
9
94
9
74
9
64
13
25
9
74
9
44
14
56
13
85
18
60
9
74
9
99
9
64
9
11
12
24
9
14
13
55
13
55
9
34
9
64
9
64
9
94
16
88
9
34
9
99
9
64
9
94
9
14
9
74
9
34
9
34
9
44
8
65
0
10
9
44
9
94
9
44
9
64
14
56
9
64
9
99
9
99
9
99
9
34
9
34
9
34
9
99
9
14
9
44
9
74
9
94
9
94
15
87
9
34
9
99
9
7
15
27
9
34
9
14
18
60
9
44
9
14
9
14
9
74
9
34
9
64
9
73
9
14
9
64
9
74
18
60
9
74
9
44
9
14
9
44
9
34
9
34
9
99
9
99
9
34
14
26
9
34
9
94
9
74
9
74
18
60
9
44
9
34
15
87
9
14
9
74
9
64
9
99
9
94
9
34
0
70
9
64
9
34
14
26
13
85
9
37
15
57
9
94
12
84
9
34
9
94
1
49
13
25
9
14
9
64
9
64
15
57
9
99
9
74
9
6
17
29
3
69
9
34
14
56
12
54
15
27
9
64
9
34
0
70
9
34
9
74
9
34
9
94
9
34
9
41
16
28
9
99
13
85
9
44
9
64
9
74
9
74
9
14
9
94
9
14
9
94
9
74
17
29
9
64
9
44
9
34
9
44
9
99
0
80
16
28
17
59
9
14
9
99
9
94
12
24
8
75
9
94
9
64
15
87
18
30
4
99
9
64
9
14
15
27
9
64
9
99
9
34
13
55
9
44
9
99
15
57
9
34
9
74
9
64
15
27
9
34
9
99
9
44
9
34
15
57
9
14
9
14
9
74
13
25
9
34
17
29
9
34
9
14
13
85
9
94
9
94
18
52
17
29
9
99
9
94
9
94
9
34
0
40
15
87
9
74
9
14
9
74
9
64
14
56
16
28
9
34
16
58
9
99
9
34
9
34
14
86
15
87
12
84
9
14
9
34
9
74
9
44
9
64
9
94
9
14
2
69
9
34
9
99
9
14
9
64
17
89
9
34
16
88
14
26
9
14
0
50
9
34
9
94
9
14
9
34
17
29
9
34
0
35
9
99
9
14
9
34
18
30
9
99
9
64
14
56
9
34
9
94
9
64
9
74
9
14
9
34
16
88
9
74
9
64
9
99
17
29
9
44
9
74
9
74
13
55
9
34
9
34
9
99
17
29
12
24
9
34
9
99
9
44
9
94
9
74
9
94
14
56
9
6
9
78
9
94
9
14
9
34
12
24
17
29
18
60
9
94
14
26
9
74
9
99
9
44
9
34
9
34
9
94
9
64
0
50
9
34
9
74
9
99
9
64
9
64
12
84
9
74
9
14
9
64
9
99
14
86
13
25
9
14
15
87
9
74
9
14
9
64
16
88
9
74
9
14
8
25
9
34
9
99
12
24
9
74
12
84
14
86
9
34
9
94
15
57
14
26
14
26
17
89
9
94
14
86
0
60
9
44
9
34
9
99
9
14
0
77
9
92
9
94
9
64
9
74
9
93
9
44
9
99
14
56
9
44
9
99
9
44
9
14
14
56
14
56
17
89
4
99
9
99
9
64
9
14
13
25
12
54
9
74
0
20
9
34
12
54
9
74
9
99
16
58
9
44
9
68
15
27
9
99
17
89
14
56
9
64
14
26
9
44
15
57
13
25
17
29
9
99
9
64
9
99
15
87
8
35
9
94
9
99
9
38
4
39
9
94
18
81
4
99
9
99
9
64
9
34
9
64
9
64
9
64
16
58
16
28
14
26
9
14
14
56
12
84
9
74
9
64
17
59
9
94
9
34
9
74
9
94
9
94
9
99
9
77
9
74
9
14
9
99
9
44
9
64
9
44
9
34
13
85
9
74
9
14
18
60
9
64
14
26
16
28
9
64
9
34
9
64
16
88
9
74
9
14
9
14
14
86
15
27
15
27
14
56
9
74
9
34
9
34
9
44
9
34
9
74
9
74
14
86
9
99
9
94
9
99
9
34
15
87
9
94
9
44
0
90
9
94
9
74
12
24
9
14
0
70
18
90
9
94
16
58
16
88
9
64
9
99
9
74
9
64
14
56
16
88
9
64
14
86
14
86
9
44
9
64
9
94
16
28
1
99
9
34
2
89
9
74
9
64
9
64
17
89
9
36
13
85
9
14
9
14
15
87
9
74
16
88
9
64
9
74
14
26
9
34
14
26
14
26
9
14
9
99
9
34
15
57
9
74
15
57
9
74
9
14
9
99
16
28
9
74
9
14
9
74
9
99
16
28
9
99
9
34
12
54
9
99
9
34
9
57
17
29
9
94
9
44
16
58
9
64
9
67
9
94
16
58
9
74
9
74
9
44
9
44
9
94
9
44
16
28
12
54
0
50
18
90
0
30
13
85
16
28
18
60
9
99
17
59
9
44
9
14
0
0
9
34
12
24
9
32
9
34
9
74
9
34
9
94
9
74
18
60
9
44
9
44
9
74
9
44
14
56
14
86
14
86
9
99
9
34
12
24
9
74
9
64
9
74
9
99
9
74
14
56
9
34
9
99
14
86
16
28
9
14
15
87
14
26
17
59
9
34
0
30
9
99
9
14
12
84
17
29
15
57
9
64
17
89
2
49
9
14
9
44
9
74
9
94
9
99
9
74
4
80
14
56
9
64
9
99
9
14
9
64
9
99
9
74
9
99
14
86
9
44
9
64
9
34
13
25
9
2
9
74
9
47
17
89
9
64
9
44
15
57
9
94
9
64
9
34
9
74
17
59
18
90
8
65
9
44
8
95
9
44
0
48
18
90
9
94
9
94
3
45
12
54
15
87
9
44
9
14
9
64
0
50
9
14
9
34
9
44
14
26
15
27
14
26
9
18
9
44
9
99
9
14
9
94
9
99
9
34
9
64
17
59
4
69
9
64
14
26
9
74
18
60
9
94
9
14
9
14
9
34
14
26
9
64
3
39
9
74
9
99
14
86
0
30
9
34
9
34
9
14
9
14
0
80
9
99
9
74
9
12
9
74
9
44
9
94
9
94
9
64
9
44
9
94
9
99
9
74
9
44
14
56
9
34
14
26
17
29
9
44
12
84
9
74
9
34
8
95
9
14
9
54
9
64
9
34
1
39
9
14
9
94
9
44
17
89
9
14
9
44
18
60
9
94
9
74
14
86
9
14
9
34
18
22
14
86
9
99
9
94
9
64
9
34
9
64
12
24
9
64
9
16
9
74
15
57
15
87
1
29
12
54
9
94
14
26
14
86
0
50
13
55
14
26
9
44
1
59
9
94
0
80
9
14
12
24
9
94
9
94
14
86
9
44
4
39
9
74
14
86
9
44
9
14
9
99
9
94
9
13
9
34
9
94
9
14
0
59
9
44
9
14
17
59
9
44
9
74
9
74
9
44
15
27
9
94
14
56
9
99
16
52
