6
19
7
95
5
75
7
48
7
84
4
8
7
39
3
47
4
94
3
16
3
98
7
37
5
59
7
19
7
19
6
89
6
9
5
18
6
49
4
79
4
99
5
53
7
9
6
79
6
15
3
33
5
64
4
9
4
94
5
66
5
29
7
69
5
7
7
35
3
16
3
83
5
13
6
23
5
98
3
43
3
45
7
44
4
8
7
19
6
36
4
65
4
57
3
97
6
38
3
19
7
19
5
66
6
85
4
5
6
34
4
39
4
19
7
48
6
17
6
33
3
38
4
29
5
54
7
95
3
9
4
75
7
19
3
98
7
79
7
79
6
18
5
34
6
66
6
47
4
59
4
99
6
59
5
26
6
6
3
99
3
25
3
78
6
39
6
49
5
39
5
29
7
79
5
36
4
83
6
69
6
19
3
38
3
56
7
56
6
28
3
7
3
27
4
26
4
9
3
84
4
15
6
15
6
69
3
4
4
74
6
76
6
89
5
27
3
49
6
19
6
94
6
86
4
59
7
4
5
74
6
53
7
47
7
34
3
59
5
95
5
16
5
79
7
55
5
3
7
26
4
38
4
99
3
33
3
99
3
9
7
89
3
33
3
99
6
23
3
99
5
5
6
38
7
24
4
53
6
33
5
34
3
38
4
49
6
29
6
89
3
17
7
45
0
80
4
77
4
86
3
19
5
71
3
35
4
69
7
66
5
89
6
3
3
29
4
79
6
98
4
78
6
41
7
96
7
77
4
7
7
28
5
99
3
19
7
65
5
83
5
67
3
39
4
9
4
19
6
49
3
64
7
59
6
48
7
14
5
19
6
36
6
64
7
38
3
87
6
9
4
19
4
47
6
9
5
83
3
89
4
39
6
29
6
5
3
34
4
29
6
49
3
15
6
55
7
38
6
9
6
57
6
63
4
74
6
27
4
95
6
8
7
19
5
1
5
89
5
78
6
68
5
57
3
74
3
73
5
69
3
78
6
57
4
13
5
47
5
26
3
48
4
54
3
29
5
44
3
27
5
49
3
9
3
89
3
15
7
79
4
79
7
17
6
78
5
48
3
67
6
63
3
8
3
43
7
99
7
19
7
19
3
99
4
8
7
69
7
87
4
69
7
58
5
14
3
65
7
37
6
45
7
74
7
49
3
64
3
96
5
59
4
11
4
13
5
9
6
44
4
44
3
29
6
59
6
59
7
88
5
79
5
29
6
99
6
56
6
89
4
9
5
64
3
29
5
28
3
35
7
65
0
10
6
39
3
85
3
39
6
58
3
48
4
53
4
97
6
97
3
96
4
23
4
28
3
29
6
99
4
7
3
36
3
67
5
83
5
89
4
78
4
23
5
95
3
7
7
16
7
27
4
8
7
49
6
33
5
7
3
6
3
68
3
24
4
59
3
74
4
6
4
59
5
64
7
49
3
66
4
39
4
4
7
35
5
29
5
23
3
99
4
95
6
29
3
19
7
29
5
89
7
69
7
66
7
49
5
37
4
23
7
76
6
5
3
65
3
57
4
98
6
89
3
29
0
70
6
57
7
26
3
17
7
74
4
37
4
49
6
87
5
73
7
29
5
88
1
49
6
14
5
4
7
59
4
59
4
48
3
94
7
69
3
6
6
19
3
69
4
25
6
45
4
43
4
19
5
57
4
28
0
70
7
29
4
68
5
23
3
87
4
27
7
41
5
19
5
99
5
74
4
39
7
59
5
69
5
66
6
9
3
89
3
7
7
89
6
69
6
19
4
53
5
39
5
29
7
34
3
94
0
80
5
18
6
49
7
6
4
96
4
87
3
13
3
75
5
84
6
56
4
79
7
19
4
94
5
59
6
9
5
16
7
59
3
99
4
27
5
44
7
38
6
99
5
46
5
24
3
69
6
56
5
16
5
29
5
99
6
33
6
24
5
46
7
9
6
4
3
63
3
14
4
29
6
19
4
29
4
9
7
74
5
89
5
85
7
54
6
19
5
93
7
89
4
88
5
29
0
40
4
78
6
68
7
9
6
69
6
59
7
45
5
19
6
25
5
49
5
95
3
29
5
29
3
75
4
79
5
73
7
9
5
23
3
64
4
35
4
59
4
89
3
3
2
69
7
29
6
95
5
9
3
58
7
78
3
29
7
77
3
19
3
9
0
50
4
28
6
89
7
6
4
25
7
18
7
28
0
35
4
99
5
3
6
25
7
19
6
95
7
57
7
45
4
29
6
87
5
59
3
69
5
5
7
29
5
79
6
69
3
56
6
95
6
19
4
39
4
69
4
63
4
44
6
29
7
26
6
95
6
19
3
13
4
25
3
99
4
39
4
89
3
64
3
86
4
45
5
11
6
78
3
85
6
9
7
26
5
13
6
19
7
49
5
89
3
19
3
69
4
95
5
38
5
29
5
29
5
83
3
59
0
50
5
29
6
66
4
99
3
59
7
54
4
73
7
69
4
3
7
56
3
99
3
75
3
14
7
9
4
76
7
69
4
8
5
57
5
79
5
63
7
8
3
25
4
24
4
99
3
13
6
68
5
73
6
75
5
29
5
83
4
46
3
19
3
18
6
79
4
83
3
79
0
60
7
39
6
24
6
97
5
7
0
77
7
92
4
86
3
59
6
69
6
93
6
36
5
93
3
49
4
39
3
93
3
35
4
6
6
45
6
45
6
79
4
99
6
93
6
57
3
4
4
14
4
43
6
69
0
20
5
29
5
43
6
67
5
99
5
48
7
35
3
68
6
16
6
99
6
79
3
49
4
55
3
19
4
39
4
49
3
14
6
19
5
99
4
59
4
99
4
79
5
35
5
87
7
95
3
38
4
39
6
85
7
81
4
99
4
99
6
53
5
29
5
58
7
56
4
55
7
47
5
19
3
19
4
6
3
45
3
73
7
68
3
59
7
48
6
88
6
27
3
68
5
86
7
89
6
97
3
77
6
65
6
9
3
94
7
38
3
55
6
36
7
29
5
74
4
64
4
9
7
49
5
59
3
19
5
19
7
54
3
29
4
58
5
77
6
66
5
4
5
9
3
79
7
16
4
19
4
45
5
69
7
29
4
29
5
39
7
24
6
64
4
65
6
75
6
99
5
84
5
99
4
29
4
77
3
89
4
37
0
90
4
89
4
69
3
13
4
5
0
70
7
79
7
85
5
47
7
77
3
59
7
95
3
66
5
59
3
48
6
77
7
59
3
79
3
76
4
39
3
53
6
87
5
17
1
99
5
24
2
86
5
69
3
55
3
56
6
78
6
36
3
74
4
6
4
9
5
76
6
65
5
79
4
58
7
64
3
16
7
25
6
15
4
15
6
6
3
99
7
29
4
49
6
69
5
46
4
66
3
4
3
99
5
19
3
68
3
6
6
68
6
95
5
19
6
99
4
29
4
43
7
99
3
25
5
57
6
19
4
89
4
39
5
48
7
59
5
67
4
89
5
49
3
63
6
69
7
38
5
39
6
89
5
35
6
17
6
43
0
50
7
79
0
30
6
74
6
17
7
49
5
99
7
48
7
35
4
4
0
0
5
23
3
13
3
32
3
29
3
69
3
29
5
89
6
66
7
49
3
39
7
39
6
64
6
39
3
45
3
75
5
75
7
99
6
29
3
13
6
65
7
59
5
63
7
97
6
68
7
45
6
24
3
99
6
75
5
19
5
5
4
77
3
19
6
48
4
29
0
30
7
97
6
3
5
73
6
19
4
48
3
59
6
79
2
49
7
9
4
38
4
69
3
86
6
96
3
66
4
80
3
49
6
55
4
99
3
7
5
55
3
94
3
68
6
95
6
75
3
39
6
59
7
29
4
14
5
2
6
69
5
47
6
79
6
54
5
38
4
49
6
83
7
56
5
24
6
69
6
48
7
79
6
65
7
39
3
95
5
37
0
48
7
79
3
89
7
89
3
45
5
43
4
79
4
34
4
9
5
59
0
50
4
7
6
29
7
39
3
19
7
16
3
19
3
18
7
34
4
96
5
4
5
83
7
94
6
26
4
59
6
49
4
69
5
57
3
19
4
64
7
49
4
83
3
9
5
3
7
29
7
15
3
55
3
36
3
68
5
93
5
75
0
30
5
28
5
28
7
6
5
9
0
80
3
98
7
69
6
12
5
69
3
38
7
87
7
84
7
54
5
38
7
88
3
99
7
68
7
35
3
45
4
28
4
15
6
19
5
39
5
73
4
63
3
29
7
95
6
9
5
54
4
53
3
29
1
34
3
9
7
89
7
36
6
79
4
6
5
38
7
49
6
89
6
68
3
79
3
5
5
27
7
22
6
75
6
93
7
88
3
54
6
29
7
54
4
13
5
59
5
16
3
69
4
46
4
79
1
23
4
43
7
89
3
18
4
75
0
50
6
44
3
19
7
37
1
53
7
85
0
80
4
8
4
13
4
89
6
84
4
75
4
37
4
37
5
64
6
75
7
34
3
9
6
93
5
83
5
14
6
27
6
89
4
7
0
59
4
34
6
4
6
49
3
35
4
65
4
68
3
36
4
17
7
89
3
49
5
99
5
54
