19
33
9
99
18
90
19
63
9
94
9
14
9
44
18
60
9
99
18
30
9
99
9
44
9
64
19
34
19
34
9
94
9
14
19
32
19
63
19
91
9
99
9
64
9
14
19
93
18
30
9
44
9
74
9
14
9
99
9
74
9
34
9
74
9
14
9
44
18
30
9
94
16
28
9
34
9
99
16
58
18
60
17
59
9
14
19
34
9
44
9
74
9
64
9
99
9
44
18
30
19
34
9
74
9
94
9
14
9
44
9
44
19
31
19
63
19
32
9
44
9
44
9
34
9
64
9
99
9
14
18
90
19
34
9
99
19
94
19
94
19
33
9
44
9
74
19
62
9
64
9
99
9
64
9
34
9
14
9
99
9
34
18
90
9
44
19
63
9
44
9
34
19
94
9
44
9
94
9
74
19
33
9
44
9
64
9
64
9
34
9
14
9
34
9
34
9
14
9
94
18
30
18
30
9
74
9
14
17
89
19
91
9
94
9
34
18
60
19
33
9
99
9
94
9
64
9
14
17
89
9
64
19
62
9
44
9
64
9
99
19
31
19
92
9
64
9
14
9
34
9
44
9
99
9
44
9
99
9
14
9
94
9
44
9
99
9
34
9
99
9
14
9
44
9
34
9
64
9
44
9
44
9
44
19
61
9
34
9
94
18
30
18
60
0
80
19
91
9
94
18
30
9
71
9
44
9
74
9
74
9
94
9
14
9
34
19
91
9
99
19
91
9
41
9
99
19
92
9
14
9
34
9
99
18
30
9
74
9
94
9
74
9
44
9
14
19
31
19
63
9
74
9
64
19
63
17
29
19
32
9
44
9
74
9
44
9
94
9
14
19
31
19
61
9
14
9
94
9
94
9
44
9
34
9
14
9
44
9
34
19
63
18
30
9
64
9
44
9
14
9
64
9
74
17
89
9
34
9
99
9
14
19
34
9
1
9
94
19
92
9
74
9
64
17
89
16
88
9
74
18
90
9
64
16
28
19
62
9
34
18
60
9
64
9
34
17
59
9
34
19
62
9
14
9
94
18
30
19
94
19
91
19
32
19
93
19
62
9
74
9
74
9
14
16
58
9
99
19
34
19
34
9
99
9
14
9
74
9
94
9
74
9
64
17
29
9
74
9
44
18
60
17
89
19
64
9
74
9
99
9
64
9
11
16
28
9
14
17
59
17
59
9
34
9
64
9
64
9
94
19
92
9
34
9
99
9
64
9
94
9
14
9
74
9
34
9
34
9
44
8
65
0
10
9
44
9
94
9
44
9
64
18
60
9
64
9
99
9
99
9
99
9
34
9
34
9
34
9
99
9
14
9
44
9
74
9
94
9
94
19
91
9
34
9
99
9
7
19
31
9
34
9
14
19
64
9
44
9
14
9
14
9
74
9
34
9
64
9
73
9
14
9
64
9
74
19
64
9
74
9
44
9
14
9
44
9
34
9
34
9
99
9
99
9
34
18
30
9
34
9
94
9
74
9
74
19
64
9
44
9
34
19
91
9
14
9
74
9
64
9
99
9
94
9
34
0
70
9
64
9
34
18
30
17
89
9
37
19
61
9
94
16
88
9
34
9
94
1
49
17
29
9
14
9
64
9
64
19
61
9
99
9
74
9
6
19
33
3
69
9
34
18
60
16
58
19
31
9
64
9
34
0
70
9
34
9
74
9
34
9
94
9
34
9
41
19
32
9
99
17
89
9
44
9
64
9
74
9
74
9
14
9
94
9
14
9
94
9
74
19
33
9
64
9
44
9
34
9
44
9
99
0
80
19
32
19
63
9
14
9
99
9
94
16
28
8
75
9
94
9
64
19
91
19
34
4
99
9
64
9
14
19
31
9
64
9
99
9
34
17
59
9
44
9
99
19
61
9
34
9
74
9
64
19
31
9
34
9
99
9
44
9
34
19
61
9
14
9
14
9
74
17
29
9
34
19
33
9
34
9
14
17
89
9
94
9
94
19
52
19
33
9
99
9
94
9
94
9
34
0
40
19
91
9
74
9
14
9
74
9
64
18
60
19
32
9
34
19
62
9
99
9
34
9
34
18
90
19
91
16
88
9
14
9
34
9
74
9
44
9
64
9
94
9
14
2
69
9
34
9
99
9
14
9
64
19
93
9
34
19
92
18
30
9
14
0
50
9
34
9
94
9
14
9
34
19
33
9
34
0
35
9
99
9
14
9
34
19
34
9
99
9
64
18
60
9
34
9
94
9
64
9
74
9
14
9
34
19
92
9
74
9
64
9
99
19
33
9
44
9
74
9
74
17
59
9
34
9
34
9
99
19
33
16
28
9
34
9
99
9
44
9
94
9
74
9
94
18
60
9
6
9
78
9
94
9
14
9
34
16
28
19
33
19
64
9
94
18
30
9
74
9
99
9
44
9
34
9
34
9
94
9
64
0
50
9
34
9
74
9
99
9
64
9
64
16
88
9
74
9
14
9
64
9
99
18
90
17
29
9
14
19
91
9
74
9
14
9
64
19
92
9
74
9
14
8
25
9
34
9
99
16
28
9
74
16
88
18
90
9
34
9
94
19
61
18
30
18
30
19
93
9
94
18
90
0
60
9
44
9
34
9
99
9
14
0
77
9
92
9
94
9
64
9
74
9
93
9
44
9
99
18
60
9
44
9
99
9
44
9
14
18
60
18
60
19
93
4
99
9
99
9
64
9
14
17
29
16
58
9
74
0
20
9
34
16
58
9
74
9
99
19
62
9
44
9
68
19
31
9
99
19
93
18
60
9
64
18
30
9
44
19
61
17
29
19
33
9
99
9
64
9
99
19
91
8
35
9
94
9
99
9
38
4
39
9
94
19
81
4
99
9
99
9
64
9
34
9
64
9
64
9
64
19
62
19
32
18
30
9
14
18
60
16
88
9
74
9
64
19
63
9
94
9
34
9
74
9
94
9
94
9
99
9
77
9
74
9
14
9
99
9
44
9
64
9
44
9
34
17
89
9
74
9
14
19
64
9
64
18
30
19
32
9
64
9
34
9
64
19
92
9
74
9
14
9
14
18
90
19
31
19
31
18
60
9
74
9
34
9
34
9
44
9
34
9
74
9
74
18
90
9
99
9
94
9
99
9
34
19
91
9
94
9
44
0
90
9
94
9
74
16
28
9
14
0
70
19
94
9
94
19
62
19
92
9
64
9
99
9
74
9
64
18
60
19
92
9
64
18
90
18
90
9
44
9
64
9
94
19
32
1
99
9
34
2
89
9
74
9
64
9
64
19
93
9
36
17
89
9
14
9
14
19
91
9
74
19
92
9
64
9
74
18
30
9
34
18
30
18
30
9
14
9
99
9
34
19
61
9
74
19
61
9
74
9
14
9
99
19
32
9
74
9
14
9
74
9
99
19
32
9
99
9
34
16
58
9
99
9
34
9
57
19
33
9
94
9
44
19
62
9
64
9
67
9
94
19
62
9
74
9
74
9
44
9
44
9
94
9
44
19
32
16
58
0
50
19
94
0
30
17
89
19
32
19
64
9
99
19
63
9
44
9
14
0
0
9
34
16
28
9
32
9
34
9
74
9
34
9
94
9
74
19
64
9
44
9
44
9
74
9
44
18
60
18
90
18
90
9
99
9
34
16
28
9
74
9
64
9
74
9
99
9
74
18
60
9
34
9
99
18
90
19
32
9
14
19
91
18
30
19
63
9
34
0
30
9
99
9
14
16
88
19
33
19
61
9
64
19
93
2
49
9
14
9
44
9
74
9
94
9
99
9
74
4
80
18
60
9
64
9
99
9
14
9
64
9
99
9
74
9
99
18
90
9
44
9
64
9
34
17
29
9
2
9
74
9
47
19
93
9
64
9
44
19
61
9
94
9
64
9
34
9
74
19
63
19
94
8
65
9
44
8
95
9
44
0
48
19
94
9
94
9
94
3
45
16
58
19
91
9
44
9
14
9
64
0
50
9
14
9
34
9
44
18
30
19
31
18
30
9
18
9
44
9
99
9
14
9
94
9
99
9
34
9
64
19
63
4
69
9
64
18
30
9
74
19
64
9
94
9
14
9
14
9
34
18
30
9
64
3
39
9
74
9
99
18
90
0
30
9
34
9
34
9
14
9
14
0
80
9
99
9
74
9
12
9
74
9
44
9
94
9
94
9
64
9
44
9
94
9
99
9
74
9
44
18
60
9
34
18
30
19
33
9
44
16
88
9
74
9
34
8
95
9
14
9
54
9
64
9
34
1
39
9
14
9
94
9
44
19
93
9
14
9
44
19
64
9
94
9
74
18
90
9
14
9
34
19
22
18
90
9
99
9
94
9
64
9
34
9
64
16
28
9
64
9
16
9
74
19
61
19
91
1
29
16
58
9
94
18
30
18
90
0
50
17
59
18
30
9
44
1
59
9
94
0
80
9
14
16
28
9
94
9
94
18
90
9
44
4
39
9
74
18
90
9
44
9
14
9
99
9
94
9
13
9
34
9
94
9
14
0
59
9
44
9
14
19
63
9
44
9
74
9
74
9
44
19
31
9
94
18
60
9
99
19
52
