7
19
8
96
6
76
8
49
8
85
5
9
8
40
4
48
5
95
4
17
4
99
8
38
6
59
8
20
8
20
7
89
7
9
6
19
7
49
5
79
5
99
6
54
8
10
7
79
7
16
4
34
6
65
5
9
5
95
6
67
6
29
8
70
6
8
8
36
4
17
4
84
6
14
7
24
6
99
4
44
4
46
8
45
5
9
8
20
7
37
5
66
5
58
4
98
7
39
4
19
8
20
6
67
7
86
5
6
7
35
5
39
5
19
8
49
7
18
7
34
4
39
5
29
6
55
8
96
4
9
5
76
8
20
4
99
8
80
8
80
7
19
6
35
7
67
7
48
5
59
5
99
7
59
6
27
7
7
4
99
4
26
4
79
7
39
7
49
6
39
6
29
8
80
6
37
5
84
7
69
7
19
4
39
4
57
8
57
7
29
4
8
4
28
5
27
5
9
4
85
5
16
7
16
7
69
4
5
5
75
7
77
7
89
6
28
4
49
7
19
7
95
7
87
5
59
8
5
6
75
7
54
8
48
8
35
4
59
6
96
6
17
6
79
8
56
6
4
8
27
5
39
5
99
4
34
4
99
4
9
8
90
4
34
4
99
7
24
4
99
6
6
7
39
8
25
5
54
7
34
6
35
4
39
5
49
7
29
7
89
4
18
8
46
0
80
5
78
5
87
4
19
6
71
4
36
5
69
8
67
6
89
7
4
4
29
5
79
7
99
5
79
7
41
8
97
8
78
5
8
8
29
6
99
4
19
8
66
6
84
6
68
4
39
5
9
5
19
7
49
4
65
8
60
7
49
8
15
6
19
7
37
7
65
8
39
4
88
7
9
5
19
5
48
7
9
6
84
4
89
5
39
7
29
7
6
4
35
5
29
7
49
4
16
7
56
8
39
7
9
7
58
7
64
5
75
7
28
5
96
7
9
8
20
6
1
6
89
6
79
7
69
6
58
4
75
4
74
6
69
4
79
7
58
5
14
6
48
6
27
4
49
5
55
4
29
6
45
4
28
6
49
4
9
4
89
4
16
8
80
5
79
8
18
7
79
6
49
4
68
7
64
4
9
4
44
8
99
8
20
8
20
4
99
5
9
8
70
8
88
5
69
8
59
6
15
4
66
8
38
7
46
8
75
8
50
4
65
4
97
6
59
5
11
5
14
6
9
7
45
5
45
4
29
7
59
7
59
8
89
6
79
6
29
7
99
7
57
7
89
5
9
6
65
4
29
6
29
4
36
8
65
0
10
7
39
4
86
4
39
7
59
4
49
5
54
5
98
7
98
4
97
5
24
5
29
4
29
7
99
5
8
4
37
4
68
6
84
6
89
5
79
5
24
6
96
4
7
8
17
8
28
5
9
8
50
7
34
6
8
4
7
4
69
4
25
5
59
4
74
5
7
5
59
6
65
8
50
4
67
5
39
5
5
8
36
6
29
6
24
4
99
5
96
7
29
4
19
8
30
6
89
8
70
8
67
8
50
6
38
5
24
8
77
7
6
4
66
4
58
5
99
7
89
4
29
0
70
7
58
8
27
4
18
8
75
5
37
5
49
7
88
6
74
8
30
6
89
1
49
7
15
6
5
8
60
5
59
5
49
4
95
8
70
4
6
7
19
3
69
5
26
7
46
5
44
5
19
6
58
5
29
0
70
8
30
5
69
6
24
4
88
5
28
8
41
6
19
6
99
6
75
5
39
8
60
6
69
6
67
7
9
4
89
4
8
8
90
7
69
7
19
5
54
6
39
6
29
8
35
4
95
0
80
6
19
7
49
8
7
5
97
5
88
4
14
4
75
6
85
7
57
5
79
8
20
4
95
6
59
7
9
6
17
8
60
4
99
5
28
6
45
8
39
7
99
6
47
6
25
4
69
7
57
6
17
6
29
6
99
7
34
7
25
6
47
8
10
7
5
4
64
4
15
5
29
7
19
5
29
5
9
8
75
6
89
6
86
8
54
7
19
6
94
8
90
5
89
6
29
0
40
5
79
7
69
8
10
7
69
7
59
8
46
6
19
7
26
6
49
6
96
4
29
6
29
4
76
5
79
6
74
8
10
6
24
4
65
5
36
5
59
5
89
4
4
2
69
8
30
7
96
6
9
4
59
8
79
4
29
8
78
4
19
4
9
0
50
5
29
7
89
8
7
5
26
8
19
8
29
0
35
5
99
6
4
7
26
8
20
7
96
8
58
8
46
5
29
7
88
6
59
4
69
6
6
8
30
6
79
7
69
4
57
7
96
7
19
5
39
5
69
5
64
5
45
7
29
8
27
7
96
7
19
4
14
5
26
4
99
5
39
5
89
4
65
4
87
5
46
6
11
7
78
4
86
7
9
8
27
6
14
7
19
8
50
6
89
4
19
4
69
5
96
6
39
6
29
6
29
6
84
4
59
0
50
6
29
7
67
5
99
4
59
8
55
5
74
8
70
5
4
8
57
4
99
4
76
4
15
8
10
5
77
8
70
5
9
6
58
6
79
6
64
8
9
4
25
5
25
5
99
4
14
7
69
6
74
7
76
6
29
6
84
5
47
4
19
4
19
7
79
5
84
4
79
0
60
8
40
7
25
7
98
6
8
0
77
8
92
5
87
4
59
7
69
7
93
7
37
6
94
4
49
5
39
4
94
4
36
5
7
7
46
7
46
7
79
4
99
7
94
7
58
4
5
5
15
5
44
7
69
0
20
6
29
6
44
7
68
6
99
6
49
8
36
4
68
7
17
7
99
7
79
4
49
5
56
4
19
5
39
5
49
4
15
7
19
6
99
5
59
5
99
5
79
6
35
6
88
8
96
4
38
4
39
7
86
8
81
4
99
5
99
7
54
6
29
6
59
8
57
5
56
8
48
6
19
4
19
5
7
4
46
4
74
8
69
4
59
8
49
7
89
7
28
4
69
6
87
8
90
7
98
4
77
7
66
7
9
4
95
8
39
4
56
7
37
8
30
6
75
5
65
5
9
8
50
6
59
4
19
6
19
8
55
4
29
5
59
6
78
7
67
6
5
6
9
4
79
8
17
5
19
5
46
6
69
8
30
5
29
6
39
8
25
7
65
5
66
7
76
7
99
6
85
6
99
5
29
5
78
4
89
5
38
0
90
5
89
5
69
4
14
5
6
0
70
8
80
8
86
6
48
8
78
4
59
8
96
4
67
6
59
4
49
7
78
8
60
4
79
4
77
5
39
4
54
7
88
6
18
1
99
6
25
2
87
6
69
4
56
4
57
7
79
7
36
4
75
5
7
5
9
6
77
7
66
6
79
5
59
8
65
4
17
8
26
7
16
5
16
7
7
4
99
8
30
5
49
7
69
6
47
5
67
4
5
4
99
6
19
4
69
4
7
7
69
7
96
6
19
7
99
5
29
5
44
8
99
4
26
6
57
7
19
5
89
5
39
6
49
8
60
6
67
5
89
6
49
4
64
7
69
8
39
6
39
7
89
6
36
7
18
7
44
0
50
8
80
0
30
7
75
7
18
8
50
6
99
8
49
8
36
5
5
0
0
6
24
4
14
4
32
4
29
4
69
4
29
6
89
7
67
8
50
4
39
8
40
7
65
7
39
4
46
4
76
6
76
8
99
7
29
4
14
7
66
8
60
6
64
8
98
7
69
8
46
7
25
4
99
7
76
6
19
6
6
5
78
4
19
7
49
5
29
0
30
8
98
7
4
6
74
7
19
5
49
4
59
7
79
2
49
8
10
5
39
5
69
4
87
7
97
4
67
4
80
4
49
7
56
5
99
4
8
6
56
4
95
4
69
7
96
7
76
4
39
7
59
8
30
5
15
6
2
7
69
6
47
7
79
7
55
6
39
5
49
7
84
8
57
6
25
7
69
7
49
8
80
7
65
8
40
4
95
6
38
0
48
8
80
4
89
8
90
3
45
6
44
5
79
5
35
5
9
6
59
0
50
5
8
7
29
8
40
4
19
8
17
4
19
4
18
8
35
5
97
6
5
6
84
8
95
7
27
5
59
7
49
4
69
6
58
4
19
5
65
8
50
5
84
4
9
6
4
8
30
8
16
4
56
3
37
4
69
6
94
6
76
0
30
6
29
6
29
8
7
6
9
0
80
4
99
8
70
7
12
6
69
4
39
8
88
8
85
8
55
6
39
8
89
4
99
8
69
8
36
4
46
5
29
5
16
7
19
6
39
6
74
5
64
4
29
8
95
7
9
6
54
5
54
4
29
1
35
4
9
8
90
8
37
7
79
5
7
6
39
8
50
7
89
7
69
4
79
4
6
6
28
8
22
7
76
7
94
8
89
4
55
7
29
8
55
5
14
6
59
6
16
4
69
5
47
5
79
1
24
5
44
8
90
4
19
5
76
0
50
7
45
4
19
8
38
1
54
8
86
0
80
5
9
5
14
5
89
7
85
5
76
5
38
4
38
6
65
7
76
8
35
4
9
7
94
6
84
6
14
7
28
7
89
5
8
0
59
5
35
7
5
7
49
4
36
5
66
5
69
4
37
5
18
8
90
4
49
6
99
6
54
