14
26
9
99
11
83
14
56
9
92
9
14
9
44
11
53
9
99
11
23
9
99
9
44
9
64
15
27
15
27
9
94
9
14
13
25
14
56
12
84
9
99
9
61
9
14
14
86
11
23
9
41
9
72
9
14
9
99
9
74
9
34
9
74
9
14
9
43
11
23
9
91
9
21
9
31
9
99
9
51
11
53
10
52
9
14
15
27
9
44
9
73
9
64
9
99
9
44
11
23
15
27
9
74
9
93
9
13
9
42
9
44
12
24
14
56
13
25
9
41
9
43
9
34
9
62
9
99
9
13
11
83
15
27
9
99
15
87
15
87
14
26
9
42
9
74
13
55
9
64
9
99
9
64
9
34
9
14
9
99
9
33
11
83
9
44
14
56
9
44
9
34
15
87
9
44
9
91
9
74
14
26
9
43
9
63
9
64
9
34
9
13
9
33
9
34
9
14
9
92
11
23
11
23
9
74
9
12
10
82
12
84
9
94
9
34
11
53
14
26
9
99
9
94
9
64
9
12
10
82
9
61
13
55
9
42
9
63
9
99
12
24
13
85
9
63
9
11
9
34
9
44
9
99
9
41
9
99
9
13
9
94
9
41
9
99
9
31
9
99
9
13
9
44
9
32
9
61
9
41
9
42
9
43
12
54
9
34
9
94
11
23
11
53
0
80
12
84
9
94
11
23
9
71
9
43
9
74
9
74
9
94
9
11
9
33
12
84
9
99
12
84
9
41
9
99
13
85
9
14
9
34
9
99
11
23
9
73
9
91
9
74
9
43
9
14
12
24
14
56
9
72
9
64
14
56
10
22
13
25
9
44
9
72
9
44
9
93
9
14
12
24
12
54
9
14
9
91
9
93
9
44
9
34
9
13
9
42
9
34
14
56
11
23
9
63
9
44
9
14
9
64
9
71
10
82
9
34
9
99
9
14
15
27
9
1
9
94
13
85
9
74
9
64
10
82
9
81
9
74
11
83
9
64
9
21
13
55
9
34
11
53
9
62
9
33
10
52
9
33
13
55
9
13
9
93
11
23
15
87
12
84
13
25
14
86
13
55
9
73
9
71
9
13
9
51
9
99
15
27
15
27
9
99
9
14
9
74
9
94
9
74
9
64
10
22
9
73
9
44
11
53
10
82
15
57
9
72
9
99
9
64
9
11
9
21
9
14
10
52
10
52
9
33
9
64
9
64
9
94
13
85
9
34
9
99
9
64
9
94
9
14
9
72
9
33
9
34
9
43
8
65
0
10
9
44
9
93
9
43
9
64
11
53
9
61
9
99
9
99
9
99
9
31
9
34
9
33
9
99
9
14
9
43
9
73
9
91
9
94
12
84
9
31
9
99
9
7
12
24
9
34
9
14
15
57
9
41
9
14
9
13
9
73
9
32
9
64
9
73
9
14
9
64
9
72
15
57
9
73
9
44
9
12
9
43
9
34
9
31
9
99
9
99
9
34
11
23
9
34
9
94
9
74
9
74
15
57
9
44
9
31
12
84
9
13
9
73
9
63
9
99
9
94
9
33
0
70
9
64
9
34
11
23
10
82
9
37
12
54
9
94
9
81
9
34
9
94
1
49
10
22
9
12
9
64
9
64
12
54
9
99
9
74
9
6
14
26
3
69
9
33
11
53
9
51
12
24
9
64
9
34
0
70
9
34
9
74
9
31
9
93
9
34
9
41
13
25
9
99
10
82
9
44
9
64
9
74
9
74
9
14
9
93
9
13
9
94
9
74
14
26
9
61
9
44
9
34
9
42
9
99
0
80
13
25
14
56
9
14
9
99
9
94
9
21
8
75
9
92
9
64
12
84
15
27
4
99
9
64
9
14
12
24
9
64
9
99
9
34
10
52
9
44
9
99
12
54
9
32
9
73
9
64
12
24
9
34
9
99
9
41
9
32
12
54
9
14
9
12
9
71
10
22
9
34
14
26
9
34
9
14
10
82
9
94
9
93
15
52
14
26
9
99
9
94
9
94
9
34
0
40
12
84
9
74
9
14
9
74
9
64
11
53
13
25
9
33
13
55
9
99
9
33
9
34
11
83
12
84
9
81
9
14
9
31
9
72
9
43
9
64
9
94
9
11
2
69
9
34
9
99
9
14
9
63
14
86
9
33
13
85
11
23
9
13
0
50
9
34
9
94
9
14
9
33
14
26
9
34
0
35
9
99
9
11
9
33
15
27
9
99
9
64
11
53
9
34
9
94
9
64
9
73
9
13
9
34
13
85
9
74
9
63
9
99
14
26
9
44
9
74
9
71
10
52
9
34
9
34
9
99
14
26
9
21
9
33
9
99
9
44
9
94
9
72
9
93
11
53
9
6
9
78
9
93
9
14
9
34
9
21
14
26
15
57
9
94
11
23
9
73
9
99
9
44
9
34
9
34
9
91
9
63
0
50
9
34
9
74
9
99
9
63
9
62
9
81
9
74
9
11
9
64
9
99
11
83
10
22
9
14
12
84
9
74
9
14
9
64
13
85
9
71
9
14
8
25
9
32
9
99
9
21
9
74
9
81
11
83
9
34
9
91
12
54
11
23
11
23
14
86
9
91
11
83
0
60
9
44
9
32
9
99
9
14
0
77
9
92
9
94
9
63
9
74
9
93
9
44
9
99
11
53
9
44
9
99
9
43
9
14
11
53
11
53
14
86
4
99
9
99
9
64
9
12
10
22
9
51
9
74
0
20
9
34
9
51
9
74
9
99
13
55
9
43
9
68
12
24
9
99
14
86
11
53
9
63
11
23
9
44
12
54
10
22
14
26
9
99
9
64
9
99
12
84
8
35
9
94
9
99
9
38
4
39
9
93
15
81
4
99
9
99
9
61
9
34
9
64
9
64
9
63
13
55
13
25
11
23
9
14
11
53
9
81
9
74
9
63
14
56
9
94
9
34
9
73
9
94
9
94
9
99
9
77
9
73
9
14
9
99
9
44
9
63
9
44
9
34
10
82
9
72
9
14
15
57
9
64
11
23
13
25
9
62
9
33
9
64
13
85
9
74
9
12
9
14
11
83
12
24
12
24
11
53
9
74
9
34
9
34
9
44
9
32
9
72
9
73
11
83
9
99
9
92
9
99
9
34
12
84
9
93
9
44
0
90
9
94
9
74
9
21
9
13
0
70
15
87
9
93
13
55
13
85
9
63
9
99
9
73
9
64
11
53
13
85
9
64
11
83
11
83
9
44
9
61
9
94
13
25
1
99
9
32
2
89
9
74
9
63
9
63
14
86
9
36
10
82
9
14
9
14
12
84
9
73
13
85
9
64
9
72
11
23
9
33
11
23
11
23
9
14
9
99
9
34
12
54
9
74
12
54
9
74
9
12
9
99
13
25
9
73
9
13
9
74
9
99
13
25
9
99
9
34
9
51
9
99
9
33
9
57
14
26
9
94
9
44
13
55
9
64
9
67
9
94
13
55
9
71
9
74
9
44
9
44
9
94
9
43
13
25
9
51
0
50
15
87
0
30
10
82
13
25
15
57
9
99
14
56
9
43
9
12
0
0
9
31
9
21
9
32
9
33
9
73
9
33
9
94
9
74
15
57
9
43
9
44
9
72
9
44
11
53
11
83
11
83
9
99
9
34
9
21
9
73
9
64
9
71
9
99
9
74
11
53
9
32
9
99
11
83
13
25
9
13
12
84
11
23
14
56
9
34
0
30
9
99
9
11
9
81
14
26
12
54
9
63
14
86
2
49
9
14
9
44
9
74
9
93
9
99
9
73
4
80
11
53
9
63
9
99
9
13
9
63
9
99
9
73
9
99
11
83
9
43
9
64
9
34
10
22
9
2
9
74
9
47
14
86
9
62
9
44
12
54
9
91
9
64
9
32
9
74
14
56
15
87
8
65
9
44
8
95
9
44
0
48
15
87
9
93
9
94
3
45
9
51
12
84
9
42
9
14
9
64
0
50
9
14
9
34
9
44
11
23
12
24
11
23
9
18
9
42
9
99
9
12
9
91
9
99
9
34
9
64
14
56
4
69
9
64
11
23
9
72
15
57
9
91
9
13
9
11
9
34
11
23
9
63
3
39
9
73
9
99
11
83
0
30
9
34
9
34
9
14
9
14
0
80
9
99
9
74
9
12
9
74
9
43
9
94
9
92
9
62
9
44
9
94
9
99
9
74
9
43
11
53
9
34
11
23
14
26
9
44
9
81
9
71
9
33
8
95
9
14
9
54
9
61
9
33
1
39
9
13
9
94
9
44
14
86
9
14
9
44
15
57
9
94
9
74
11
83
9
13
9
34
15
22
11
83
9
99
9
94
9
62
9
34
9
62
9
21
9
64
9
16
9
73
12
54
12
84
1
29
9
51
9
94
11
23
11
83
0
50
10
52
11
23
9
44
1
59
9
93
0
80
9
14
9
21
9
94
9
92
11
83
9
44
4
39
9
72
11
83
9
42
9
13
9
99
9
91
9
13
9
34
9
94
9
14
0
59
9
42
9
12
14
56
9
43
9
73
9
74
9
43
12
24
9
94
11
53
9
99
13
52
