5
19
6
94
4
74
6
47
6
83
3
7
6
38
2
46
3
93
2
15
2
97
6
36
4
59
6
18
6
19
5
89
5
9
4
17
5
49
3
78
3
99
4
52
6
9
5
79
5
14
2
32
4
63
3
9
3
93
4
65
4
28
6
68
4
6
6
34
2
15
2
82
4
12
5
22
4
97
2
42
2
44
6
43
3
7
6
19
5
35
3
64
3
56
2
96
5
37
2
19
6
19
4
65
5
84
3
4
5
33
3
39
3
18
6
47
5
16
5
32
2
37
3
29
4
53
6
94
2
9
3
74
6
19
2
97
6
78
6
79
5
17
4
33
5
65
5
46
3
58
3
99
5
58
4
25
5
5
2
99
2
24
2
77
5
39
5
48
4
38
4
29
6
79
4
35
3
82
5
69
5
19
2
37
2
55
6
55
5
27
2
6
2
26
3
25
3
9
2
83
3
14
5
14
5
69
2
3
3
73
5
75
5
88
4
26
2
49
5
18
5
93
5
85
3
59
6
3
4
73
5
52
6
46
6
33
2
59
4
94
4
15
4
79
6
54
4
2
6
25
3
37
3
99
2
32
2
98
2
9
6
89
2
32
2
98
5
22
2
99
4
4
5
37
6
23
3
52
5
32
4
33
2
37
3
49
5
28
5
89
2
16
6
44
0
80
3
76
3
85
2
18
4
71
2
34
3
69
6
65
4
89
5
2
2
29
3
79
5
97
3
77
5
41
6
95
6
76
3
6
6
27
4
99
2
19
6
64
4
82
4
66
2
39
3
9
3
19
5
49
2
63
6
59
5
47
6
13
4
18
5
35
5
63
6
37
2
86
5
9
3
19
3
46
5
9
4
82
2
89
3
38
5
29
5
4
2
33
3
29
5
49
2
14
5
54
6
37
5
9
5
56
5
62
3
73
5
26
3
94
5
7
6
18
4
1
4
89
4
77
5
67
4
56
2
73
2
72
4
69
2
77
5
56
3
12
4
46
4
25
2
47
3
53
2
28
4
43
2
26
4
49
2
8
2
89
2
14
6
78
3
78
6
16
5
77
4
47
2
66
5
62
2
7
2
42
6
99
6
19
6
19
2
98
3
7
6
69
6
86
3
68
6
57
4
13
2
64
6
36
5
44
6
73
6
49
2
63
2
95
4
59
3
11
3
12
4
9
5
43
3
43
2
28
5
59
5
59
6
87
4
78
4
29
5
99
5
55
5
89
3
8
4
63
2
28
4
27
2
34
6
65
0
10
5
39
2
84
2
39
5
57
2
47
3
52
3
96
5
96
2
95
3
22
3
27
2
28
5
99
3
6
2
35
2
66
4
82
4
89
3
77
3
22
4
94
2
7
6
15
6
26
3
7
6
48
5
32
4
6
2
5
2
67
2
23
3
58
2
74
3
5
3
59
4
63
6
49
2
65
3
39
3
3
6
34
4
29
4
22
2
99
3
94
5
28
2
19
6
29
4
88
6
69
6
65
6
49
4
36
3
22
6
75
5
4
2
64
2
56
3
97
5
89
2
28
0
70
5
56
6
25
2
16
6
73
3
37
3
49
5
86
4
72
6
28
4
87
1
48
5
13
4
3
6
59
3
58
3
47
2
93
6
68
2
6
5
19
3
69
3
24
5
44
3
42
3
19
4
56
3
27
0
70
6
29
3
67
4
22
2
86
3
26
6
41
4
19
4
99
4
73
3
39
6
58
4
69
4
65
5
9
2
88
2
6
6
89
5
69
5
19
3
52
4
39
4
29
6
33
2
93
0
80
4
17
5
49
6
5
3
95
3
86
2
12
2
75
4
83
5
55
3
78
6
19
4
93
4
58
5
8
4
15
6
59
2
99
3
26
4
43
6
37
5
99
4
45
4
23
2
69
5
55
4
15
4
28
4
98
5
32
5
23
4
45
6
9
5
3
2
62
2
13
3
28
5
19
3
28
3
9
6
73
4
89
4
84
6
54
5
19
4
92
6
89
3
87
4
29
0
40
3
77
5
67
6
8
5
69
5
59
6
44
4
18
5
24
4
49
4
94
2
29
4
28
2
74
3
78
4
72
6
9
4
22
2
63
3
34
3
59
3
89
2
2
2
68
6
29
5
94
4
8
2
57
6
77
2
29
6
76
2
19
2
8
0
50
3
27
5
89
6
5
3
24
6
17
6
27
0
35
3
99
4
2
5
24
6
19
5
94
6
56
6
44
3
29
5
86
4
59
2
69
4
4
6
29
4
79
5
68
2
55
5
94
5
19
3
39
3
69
3
62
3
43
5
29
6
25
5
94
5
19
2
12
3
24
2
99
3
38
3
89
2
63
2
85
3
44
4
11
5
78
2
84
5
8
6
25
4
12
5
19
6
48
4
88
2
19
2
69
3
94
4
37
4
29
4
28
4
82
2
59
0
50
4
29
5
65
3
98
2
59
6
53
3
72
6
68
3
2
6
55
2
99
2
74
2
13
6
8
3
75
6
69
3
7
4
56
4
79
4
62
6
7
2
25
3
23
3
98
2
12
5
67
4
72
5
74
4
29
4
82
3
45
2
19
2
17
5
78
3
82
2
78
0
60
6
39
5
23
5
96
4
6
0
77
6
92
3
85
2
59
5
68
5
93
5
35
4
92
2
49
3
38
2
92
2
34
3
5
5
44
5
44
5
79
4
99
5
92
5
56
2
3
3
13
3
42
5
69
0
20
4
29
4
42
5
66
4
99
4
47
6
34
2
68
5
15
5
98
5
78
2
49
3
54
2
19
3
39
3
49
2
13
5
18
4
99
3
59
3
99
3
79
4
35
4
86
6
94
2
38
4
38
5
84
6
81
4
99
3
98
5
52
4
29
4
57
6
55
3
54
6
46
4
19
2
18
3
5
2
44
2
72
6
67
2
59
6
47
5
87
5
26
2
67
4
85
6
88
5
96
2
77
5
64
5
8
2
93
6
37
2
54
5
35
6
29
4
73
3
63
3
9
6
49
4
59
2
19
4
19
6
53
2
29
3
57
4
76
5
65
4
3
4
8
2
78
6
15
3
19
3
44
4
69
6
29
3
28
4
39
6
23
5
63
3
64
5
74
5
99
4
83
4
99
3
28
3
76
2
89
3
36
0
90
3
88
3
69
2
12
3
4
0
70
6
78
6
84
4
46
6
76
2
59
6
94
2
65
4
59
2
47
5
76
6
59
2
79
2
75
3
39
2
52
5
86
4
16
1
99
4
23
2
85
4
68
2
54
2
55
5
77
5
36
2
73
3
5
3
9
4
75
5
64
4
79
3
57
6
63
2
15
6
24
5
14
3
14
5
5
2
99
6
28
3
49
5
69
4
45
3
65
2
3
2
99
4
19
2
67
2
5
5
67
5
94
4
19
5
99
3
28
3
42
6
99
2
24
4
57
5
19
3
88
3
39
4
47
6
59
4
67
3
89
4
49
2
62
5
69
6
37
4
38
5
89
4
34
5
16
5
42
0
50
6
79
0
30
5
73
5
16
6
49
4
99
6
47
6
34
3
3
0
0
4
22
2
12
2
32
2
28
2
69
2
28
4
88
5
65
6
48
2
38
6
39
5
63
5
39
2
44
2
74
4
74
6
99
5
29
2
12
5
64
6
59
4
62
6
96
5
67
6
44
5
23
2
99
5
74
4
18
4
4
3
76
2
18
5
47
3
29
0
30
6
96
5
2
4
72
5
19
3
47
2
58
5
79
2
49
6
8
3
37
3
69
2
85
5
95
2
65
4
80
2
49
5
54
3
99
2
6
4
54
2
93
2
67
5
94
5
74
2
39
5
59
6
29
3
13
4
2
5
68
4
47
5
79
5
53
4
37
3
49
5
82
6
55
4
23
5
69
5
47
6
78
5
65
6
39
2
95
4
36
0
48
6
79
2
88
6
89
3
45
4
42
3
79
3
33
3
9
4
58
0
50
3
6
5
29
6
39
2
18
6
15
2
19
2
18
6
33
3
95
4
3
4
82
6
93
5
25
3
59
5
49
4
69
4
56
2
18
3
63
6
49
3
82
2
9
4
2
6
29
6
14
2
54
3
35
2
67
4
92
4
74
0
30
4
27
4
27
6
5
4
9
0
80
2
97
6
69
5
12
4
69
2
37
6
86
6
83
6
53
4
37
6
87
2
99
6
67
6
34
2
44
3
27
3
14
5
19
4
38
4
72
3
62
2
29
6
95
5
9
4
54
3
52
2
29
1
33
2
9
6
89
6
35
5
78
3
5
4
37
6
48
5
89
5
67
2
79
2
4
4
26
6
22
5
74
5
92
6
87
2
53
5
28
6
53
3
12
4
59
4
16
2
69
3
45
3
79
1
22
3
42
6
88
2
17
3
74
0
50
5
43
2
19
6
36
1
52
6
84
0
80
3
7
3
12
3
89
5
83
3
74
3
36
4
36
4
63
5
74
6
33
2
9
5
92
4
82
4
14
5
26
5
89
3
6
0
59
3
33
5
3
5
49
2
34
3
64
3
67
2
35
3
16
6
89
2
49
4
99
4
54
