19
31
9
99
16
88
19
61
9
94
9
14
9
44
16
58
9
99
16
28
9
99
9
44
9
64
19
32
19
32
9
94
9
14
18
30
19
61
17
89
9
99
9
64
9
14
19
91
16
28
9
44
9
74
9
14
9
99
9
74
9
34
9
74
9
14
9
44
16
28
9
94
14
26
9
34
9
99
14
56
16
58
15
57
9
14
19
32
9
44
9
74
9
64
9
99
9
44
16
28
19
32
9
74
9
94
9
14
9
44
9
44
17
29
19
61
18
30
9
44
9
44
9
34
9
64
9
99
9
14
16
88
19
32
9
99
19
92
19
92
19
31
9
44
9
74
18
60
9
64
9
99
9
64
9
34
9
14
9
99
9
34
16
88
9
44
19
61
9
44
9
34
19
92
9
44
9
94
9
74
19
31
9
44
9
64
9
64
9
34
9
14
9
34
9
34
9
14
9
94
16
28
16
28
9
74
9
14
15
87
17
89
9
94
9
34
16
58
19
31
9
99
9
94
9
64
9
14
15
87
9
64
18
60
9
44
9
64
9
99
17
29
18
90
9
64
9
14
9
34
9
44
9
99
9
44
9
99
9
14
9
94
9
44
9
99
9
34
9
99
9
14
9
44
9
34
9
64
9
44
9
44
9
44
17
59
9
34
9
94
16
28
16
58
0
80
17
89
9
94
16
28
9
71
9
44
9
74
9
74
9
94
9
14
9
34
17
89
9
99
17
89
9
41
9
99
18
90
9
14
9
34
9
99
16
28
9
74
9
94
9
74
9
44
9
14
17
29
19
61
9
74
9
64
19
61
15
27
18
30
9
44
9
74
9
44
9
94
9
14
17
29
17
59
9
14
9
94
9
94
9
44
9
34
9
14
9
44
9
34
19
61
16
28
9
64
9
44
9
14
9
64
9
74
15
87
9
34
9
99
9
14
19
32
9
1
9
94
18
90
9
74
9
64
15
87
14
86
9
74
16
88
9
64
14
26
18
60
9
34
16
58
9
64
9
34
15
57
9
34
18
60
9
14
9
94
16
28
19
92
17
89
18
30
19
91
18
60
9
74
9
74
9
14
14
56
9
99
19
32
19
32
9
99
9
14
9
74
9
94
9
74
9
64
15
27
9
74
9
44
16
58
15
87
19
62
9
74
9
99
9
64
9
11
14
26
9
14
15
57
15
57
9
34
9
64
9
64
9
94
18
90
9
34
9
99
9
64
9
94
9
14
9
74
9
34
9
34
9
44
8
65
0
10
9
44
9
94
9
44
9
64
16
58
9
64
9
99
9
99
9
99
9
34
9
34
9
34
9
99
9
14
9
44
9
74
9
94
9
94
17
89
9
34
9
99
9
7
17
29
9
34
9
14
19
62
9
44
9
14
9
14
9
74
9
34
9
64
9
73
9
14
9
64
9
74
19
62
9
74
9
44
9
14
9
44
9
34
9
34
9
99
9
99
9
34
16
28
9
34
9
94
9
74
9
74
19
62
9
44
9
34
17
89
9
14
9
74
9
64
9
99
9
94
9
34
0
70
9
64
9
34
16
28
15
87
9
37
17
59
9
94
14
86
9
34
9
94
1
49
15
27
9
14
9
64
9
64
17
59
9
99
9
74
9
6
19
31
3
69
9
34
16
58
14
56
17
29
9
64
9
34
0
70
9
34
9
74
9
34
9
94
9
34
9
41
18
30
9
99
15
87
9
44
9
64
9
74
9
74
9
14
9
94
9
14
9
94
9
74
19
31
9
64
9
44
9
34
9
44
9
99
0
80
18
30
19
61
9
14
9
99
9
94
14
26
8
75
9
94
9
64
17
89
19
32
4
99
9
64
9
14
17
29
9
64
9
99
9
34
15
57
9
44
9
99
17
59
9
34
9
74
9
64
17
29
9
34
9
99
9
44
9
34
17
59
9
14
9
14
9
74
15
27
9
34
19
31
9
34
9
14
15
87
9
94
9
94
19
52
19
31
9
99
9
94
9
94
9
34
0
40
17
89
9
74
9
14
9
74
9
64
16
58
18
30
9
34
18
60
9
99
9
34
9
34
16
88
17
89
14
86
9
14
9
34
9
74
9
44
9
64
9
94
9
14
2
69
9
34
9
99
9
14
9
64
19
91
9
34
18
90
16
28
9
14
0
50
9
34
9
94
9
14
9
34
19
31
9
34
0
35
9
99
9
14
9
34
19
32
9
99
9
64
16
58
9
34
9
94
9
64
9
74
9
14
9
34
18
90
9
74
9
64
9
99
19
31
9
44
9
74
9
74
15
57
9
34
9
34
9
99
19
31
14
26
9
34
9
99
9
44
9
94
9
74
9
94
16
58
9
6
9
78
9
94
9
14
9
34
14
26
19
31
19
62
9
94
16
28
9
74
9
99
9
44
9
34
9
34
9
94
9
64
0
50
9
34
9
74
9
99
9
64
9
64
14
86
9
74
9
14
9
64
9
99
16
88
15
27
9
14
17
89
9
74
9
14
9
64
18
90
9
74
9
14
8
25
9
34
9
99
14
26
9
74
14
86
16
88
9
34
9
94
17
59
16
28
16
28
19
91
9
94
16
88
0
60
9
44
9
34
9
99
9
14
0
77
9
92
9
94
9
64
9
74
9
93
9
44
9
99
16
58
9
44
9
99
9
44
9
14
16
58
16
58
19
91
4
99
9
99
9
64
9
14
15
27
14
56
9
74
0
20
9
34
14
56
9
74
9
99
18
60
9
44
9
68
17
29
9
99
19
91
16
58
9
64
16
28
9
44
17
59
15
27
19
31
9
99
9
64
9
99
17
89
8
35
9
94
9
99
9
38
4
39
9
94
19
81
4
99
9
99
9
64
9
34
9
64
9
64
9
64
18
60
18
30
16
28
9
14
16
58
14
86
9
74
9
64
19
61
9
94
9
34
9
74
9
94
9
94
9
99
9
77
9
74
9
14
9
99
9
44
9
64
9
44
9
34
15
87
9
74
9
14
19
62
9
64
16
28
18
30
9
64
9
34
9
64
18
90
9
74
9
14
9
14
16
88
17
29
17
29
16
58
9
74
9
34
9
34
9
44
9
34
9
74
9
74
16
88
9
99
9
94
9
99
9
34
17
89
9
94
9
44
0
90
9
94
9
74
14
26
9
14
0
70
19
92
9
94
18
60
18
90
9
64
9
99
9
74
9
64
16
58
18
90
9
64
16
88
16
88
9
44
9
64
9
94
18
30
1
99
9
34
2
89
9
74
9
64
9
64
19
91
9
36
15
87
9
14
9
14
17
89
9
74
18
90
9
64
9
74
16
28
9
34
16
28
16
28
9
14
9
99
9
34
17
59
9
74
17
59
9
74
9
14
9
99
18
30
9
74
9
14
9
74
9
99
18
30
9
99
9
34
14
56
9
99
9
34
9
57
19
31
9
94
9
44
18
60
9
64
9
67
9
94
18
60
9
74
9
74
9
44
9
44
9
94
9
44
18
30
14
56
0
50
19
92
0
30
15
87
18
30
19
62
9
99
19
61
9
44
9
14
0
0
9
34
14
26
9
32
9
34
9
74
9
34
9
94
9
74
19
62
9
44
9
44
9
74
9
44
16
58
16
88
16
88
9
99
9
34
14
26
9
74
9
64
9
74
9
99
9
74
16
58
9
34
9
99
16
88
18
30
9
14
17
89
16
28
19
61
9
34
0
30
9
99
9
14
14
86
19
31
17
59
9
64
19
91
2
49
9
14
9
44
9
74
9
94
9
99
9
74
4
80
16
58
9
64
9
99
9
14
9
64
9
99
9
74
9
99
16
88
9
44
9
64
9
34
15
27
9
2
9
74
9
47
19
91
9
64
9
44
17
59
9
94
9
64
9
34
9
74
19
61
19
92
8
65
9
44
8
95
9
44
0
48
19
92
9
94
9
94
3
45
14
56
17
89
9
44
9
14
9
64
0
50
9
14
9
34
9
44
16
28
17
29
16
28
9
18
9
44
9
99
9
14
9
94
9
99
9
34
9
64
19
61
4
69
9
64
16
28
9
74
19
62
9
94
9
14
9
14
9
34
16
28
9
64
3
39
9
74
9
99
16
88
0
30
9
34
9
34
9
14
9
14
0
80
9
99
9
74
9
12
9
74
9
44
9
94
9
94
9
64
9
44
9
94
9
99
9
74
9
44
16
58
9
34
16
28
19
31
9
44
14
86
9
74
9
34
8
95
9
14
9
54
9
64
9
34
1
39
9
14
9
94
9
44
19
91
9
14
9
44
19
62
9
94
9
74
16
88
9
14
9
34
19
22
16
88
9
99
9
94
9
64
9
34
9
64
14
26
9
64
9
16
9
74
17
59
17
89
1
29
14
56
9
94
16
28
16
88
0
50
15
57
16
28
9
44
1
59
9
94
0
80
9
14
14
26
9
94
9
94
16
88
9
44
4
39
9
74
16
88
9
44
9
14
9
99
9
94
9
13
9
34
9
94
9
14
0
59
9
44
9
14
19
61
9
44
9
74
9
74
9
44
17
29
9
94
16
58
9
99
18
52
