16
28
9
99
13
85
16
58
9
94
9
14
9
44
13
55
9
99
13
25
9
99
9
44
9
64
17
29
17
29
9
94
9
14
15
27
16
58
14
86
9
99
9
63
9
14
16
88
13
25
9
43
9
74
9
14
9
99
9
74
9
34
9
74
9
14
9
44
13
25
9
93
11
23
9
33
9
99
11
53
13
55
12
54
9
14
17
29
9
44
9
74
9
64
9
99
9
44
13
25
17
29
9
74
9
94
9
14
9
44
9
44
14
26
16
58
15
27
9
43
9
44
9
34
9
64
9
99
9
14
13
85
17
29
9
99
17
89
17
89
16
28
9
44
9
74
15
57
9
64
9
99
9
64
9
34
9
14
9
99
9
34
13
85
9
44
16
58
9
44
9
34
17
89
9
44
9
93
9
74
16
28
9
44
9
64
9
64
9
34
9
14
9
34
9
34
9
14
9
94
13
25
13
25
9
74
9
14
12
84
14
86
9
94
9
34
13
55
16
28
9
99
9
94
9
64
9
14
12
84
9
63
15
57
9
44
9
64
9
99
14
26
15
87
9
64
9
13
9
34
9
44
9
99
9
43
9
99
9
14
9
94
9
43
9
99
9
33
9
99
9
14
9
44
9
34
9
63
9
43
9
44
9
44
14
56
9
34
9
94
13
25
13
55
0
80
14
86
9
94
13
25
9
71
9
44
9
74
9
74
9
94
9
13
9
34
14
86
9
99
14
86
9
41
9
99
15
87
9
14
9
34
9
99
13
25
9
74
9
93
9
74
9
44
9
14
14
26
16
58
9
74
9
64
16
58
12
24
15
27
9
44
9
74
9
44
9
94
9
14
14
26
14
56
9
14
9
93
9
94
9
44
9
34
9
14
9
44
9
34
16
58
13
25
9
64
9
44
9
14
9
64
9
73
12
84
9
34
9
99
9
14
17
29
9
1
9
94
15
87
9
74
9
64
12
84
11
83
9
74
13
85
9
64
11
23
15
57
9
34
13
55
9
64
9
34
12
54
9
34
15
57
9
14
9
94
13
25
17
89
14
86
15
27
16
88
15
57
9
74
9
73
9
14
11
53
9
99
17
29
17
29
9
99
9
14
9
74
9
94
9
74
9
64
12
24
9
74
9
44
13
55
12
84
17
59
9
74
9
99
9
64
9
11
11
23
9
14
12
54
12
54
9
34
9
64
9
64
9
94
15
87
9
34
9
99
9
64
9
94
9
14
9
74
9
34
9
34
9
44
8
65
0
10
9
44
9
94
9
44
9
64
13
55
9
63
9
99
9
99
9
99
9
33
9
34
9
34
9
99
9
14
9
44
9
74
9
93
9
94
14
86
9
33
9
99
9
7
14
26
9
34
9
14
17
59
9
43
9
14
9
14
9
74
9
34
9
64
9
73
9
14
9
64
9
74
17
59
9
74
9
44
9
14
9
44
9
34
9
33
9
99
9
99
9
34
13
25
9
34
9
94
9
74
9
74
17
59
9
44
9
33
14
86
9
14
9
74
9
64
9
99
9
94
9
34
0
70
9
64
9
34
13
25
12
84
9
37
14
56
9
94
11
83
9
34
9
94
1
49
12
24
9
14
9
64
9
64
14
56
9
99
9
74
9
6
16
28
3
69
9
34
13
55
11
53
14
26
9
64
9
34
0
70
9
34
9
74
9
33
9
94
9
34
9
41
15
27
9
99
12
84
9
44
9
64
9
74
9
74
9
14
9
94
9
14
9
94
9
74
16
28
9
63
9
44
9
34
9
44
9
99
0
80
15
27
16
58
9
14
9
99
9
94
11
23
8
75
9
94
9
64
14
86
17
29
4
99
9
64
9
14
14
26
9
64
9
99
9
34
12
54
9
44
9
99
14
56
9
34
9
74
9
64
14
26
9
34
9
99
9
43
9
34
14
56
9
14
9
14
9
73
12
24
9
34
16
28
9
34
9
14
12
84
9
94
9
94
17
52
16
28
9
99
9
94
9
94
9
34
0
40
14
86
9
74
9
14
9
74
9
64
13
55
15
27
9
34
15
57
9
99
9
34
9
34
13
85
14
86
11
83
9
14
9
33
9
74
9
44
9
64
9
94
9
13
2
69
9
34
9
99
9
14
9
64
16
88
9
34
15
87
13
25
9
14
0
50
9
34
9
94
9
14
9
34
16
28
9
34
0
35
9
99
9
13
9
34
17
29
9
99
9
64
13
55
9
34
9
94
9
64
9
74
9
14
9
34
15
87
9
74
9
64
9
99
16
28
9
44
9
74
9
73
12
54
9
34
9
34
9
99
16
28
11
23
9
34
9
99
9
44
9
94
9
74
9
94
13
55
9
6
9
78
9
94
9
14
9
34
11
23
16
28
17
59
9
94
13
25
9
74
9
99
9
44
9
34
9
34
9
93
9
64
0
50
9
34
9
74
9
99
9
64
9
64
11
83
9
74
9
13
9
64
9
99
13
85
12
24
9
14
14
86
9
74
9
14
9
64
15
87
9
73
9
14
8
25
9
34
9
99
11
23
9
74
11
83
13
85
9
34
9
93
14
56
13
25
13
25
16
88
9
93
13
85
0
60
9
44
9
34
9
99
9
14
0
77
9
92
9
94
9
64
9
74
9
93
9
44
9
99
13
55
9
44
9
99
9
44
9
14
13
55
13
55
16
88
4
99
9
99
9
64
9
14
12
24
11
53
9
74
0
20
9
34
11
53
9
74
9
99
15
57
9
44
9
68
14
26
9
99
16
88
13
55
9
64
13
25
9
44
14
56
12
24
16
28
9
99
9
64
9
99
14
86
8
35
9
94
9
99
9
38
4
39
9
94
17
81
4
99
9
99
9
63
9
34
9
64
9
64
9
64
15
57
15
27
13
25
9
14
13
55
11
83
9
74
9
64
16
58
9
94
9
34
9
74
9
94
9
94
9
99
9
77
9
74
9
14
9
99
9
44
9
64
9
44
9
34
12
84
9
74
9
14
17
59
9
64
13
25
15
27
9
64
9
34
9
64
15
87
9
74
9
14
9
14
13
85
14
26
14
26
13
55
9
74
9
34
9
34
9
44
9
34
9
74
9
74
13
85
9
99
9
94
9
99
9
34
14
86
9
94
9
44
0
90
9
94
9
74
11
23
9
14
0
70
17
89
9
94
15
57
15
87
9
64
9
99
9
74
9
64
13
55
15
87
9
64
13
85
13
85
9
44
9
63
9
94
15
27
1
99
9
34
2
89
9
74
9
64
9
64
16
88
9
36
12
84
9
14
9
14
14
86
9
74
15
87
9
64
9
74
13
25
9
34
13
25
13
25
9
14
9
99
9
34
14
56
9
74
14
56
9
74
9
14
9
99
15
27
9
74
9
14
9
74
9
99
15
27
9
99
9
34
11
53
9
99
9
34
9
57
16
28
9
94
9
44
15
57
9
64
9
67
9
94
15
57
9
73
9
74
9
44
9
44
9
94
9
44
15
27
11
53
0
50
17
89
0
30
12
84
15
27
17
59
9
99
16
58
9
44
9
14
0
0
9
33
11
23
9
32
9
34
9
74
9
34
9
94
9
74
17
59
9
44
9
44
9
74
9
44
13
55
13
85
13
85
9
99
9
34
11
23
9
74
9
64
9
73
9
99
9
74
13
55
9
34
9
99
13
85
15
27
9
14
14
86
13
25
16
58
9
34
0
30
9
99
9
13
11
83
16
28
14
56
9
64
16
88
2
49
9
14
9
44
9
74
9
94
9
99
9
74
4
80
13
55
9
64
9
99
9
14
9
64
9
99
9
74
9
99
13
85
9
44
9
64
9
34
12
24
9
2
9
74
9
47
16
88
9
64
9
44
14
56
9
93
9
64
9
34
9
74
16
58
17
89
8
65
9
44
8
95
9
44
0
48
17
89
9
94
9
94
3
45
11
53
14
86
9
44
9
14
9
64
0
50
9
14
9
34
9
44
13
25
14
26
13
25
9
18
9
44
9
99
9
14
9
93
9
99
9
34
9
64
16
58
4
69
9
64
13
25
9
74
17
59
9
93
9
14
9
13
9
34
13
25
9
64
3
39
9
74
9
99
13
85
0
30
9
34
9
34
9
14
9
14
0
80
9
99
9
74
9
12
9
74
9
44
9
94
9
94
9
64
9
44
9
94
9
99
9
74
9
44
13
55
9
34
13
25
16
28
9
44
11
83
9
73
9
34
8
95
9
14
9
54
9
63
9
34
1
39
9
14
9
94
9
44
16
88
9
14
9
44
17
59
9
94
9
74
13
85
9
14
9
34
17
22
13
85
9
99
9
94
9
64
9
34
9
64
11
23
9
64
9
16
9
74
14
56
14
86
1
29
11
53
9
94
13
25
13
85
0
50
12
54
13
25
9
44
1
59
9
94
0
80
9
14
11
23
9
94
9
94
13
85
9
44
4
39
9
74
13
85
9
44
9
14
9
99
9
93
9
13
9
34
9
94
9
14
0
59
9
44
9
14
16
58
9
44
9
74
9
74
9
44
14
26
9
94
13
55
9
99
15
52
