2
59
5
49
6
94
2
78
4
28
5
24
4
54
4
67
2
72
2
89
3
8
4
75
2
29
6
38
4
52
2
63
3
66
6
79
5
95
5
42
5
58
0
90
6
69
2
94
6
46
2
43
2
12
4
37
4
39
3
19
3
47
0
10
5
44
4
88
3
48
2
39
2
87
4
59
5
22
2
77
2
42
4
53
2
99
4
65
5
29
6
54
6
29
4
96
5
29
6
54
6
79
4
78
0
90
5
47
5
43
2
58
3
74
4
49
6
37
6
59
4
69
3
48
5
43
5
13
2
29
6
84
6
87
6
79
4
65
4
56
4
64
2
47
5
19
4
29
0
70
6
37
4
36
2
45
3
67
3
7
2
75
4
29
3
69
6
59
3
99
4
36
2
26
2
85
3
49
5
6
3
59
2
76
6
83
6
59
6
19
2
76
5
63
4
3
2
19
2
99
2
58
4
19
3
49
2
13
2
82
6
27
6
16
6
16
5
64
0
30
5
98
5
6
6
44
5
49
6
39
4
74
3
5
2
28
2
25
2
49
5
46
3
52
5
95
2
34
4
49
3
9
2
27
3
79
3
67
3
79
0
60
6
57
3
88
4
16
2
94
5
13
6
49
4
5
4
9
3
6
5
17
2
26
6
56
2
85
5
57
4
73
4
29
5
88
3
99
3
5
5
19
2
48
2
55
2
59
6
43
4
9
5
99
2
25
5
24
2
78
6
39
4
22
6
29
6
58
4
16
6
19
6
67
4
39
5
17
4
86
4
73
5
39
4
69
5
52
3
95
2
35
6
89
3
69
2
68
5
55
2
25
4
19
3
97
4
97
6
19
2
48
6
11
3
62
4
34
5
49
2
49
5
36
3
45
6
59
5
46
3
19
5
79
4
17
3
45
3
77
2
39
6
56
2
55
6
29
4
89
4
12
5
54
6
73
6
6
6
28
6
3
2
8
6
69
6
76
2
29
3
56
4
89
5
19
2
89
5
94
5
9
5
6
6
13
5
76
5
62
6
45
2
43
4
29
3
19
6
73
3
78
5
48
3
84
4
36
3
82
4
19
5
4
3
16
6
55
4
57
2
29
2
97
5
93
2
7
4
87
5
74
5
16
6
96
3
45
4
15
5
55
4
9
2
19
6
79
4
76
6
35
5
98
4
39
2
68
6
99
2
18
2
26
2
32
4
78
5
69
6
19
6
7
6
38
2
49
3
77
3
39
6
96
5
34
6
26
6
29
3
59
2
79
5
35
5
59
3
77
2
13
3
87
3
29
2
43
3
15
3
84
2
89
5
26
4
79
6
94
3
4
6
6
2
75
4
43
4
39
5
77
4
59
3
89
4
65
5
79
5
84
5
7
3
35
4
58
5
73
5
65
5
93
4
99
2
39
2
68
3
21
2
49
5
57
3
3
3
87
4
99
5
62
5
32
4
3
4
98
5
39
3
94
3
43
4
9
6
18
4
99
3
8
3
96
0
0
3
92
4
88
3
82
3
36
6
9
6
16
4
45
6
73
4
87
6
66
4
67
4
18
5
86
4
56
6
43
6
63
4
63
4
69
2
23
6
89
5
9
6
3
3
97
0
0
2
89
2
88
3
25
4
23
6
4
2
27
4
9
6
67
3
89
2
45
4
79
3
84
2
53
3
4
5
59
3
82
0
20
4
6
5
99
3
73
3
98
6
73
4
55
6
63
6
23
2
76
4
85
2
43
4
69
4
75
6
73
4
65
0
70
2
4
6
79
4
2
3
16
2
62
4
92
1
29
4
32
2
45
6
45
0
47
4
74
5
99
4
57
2
23
3
86
6
8
5
84
4
9
5
62
2
78
6
49
3
95
6
73
2
83
6
35
3
85
4
89
6
8
2
79
2
5
3
89
2
62
4
57
6
36
2
26
2
13
4
93
4
14
4
54
6
89
2
19
4
98
4
77
2
99
5
94
3
57
5
59
6
98
2
96
6
58
6
83
4
79
2
59
4
99
2
73
6
79
2
6
4
29
6
67
5
29
3
24
2
54
2
34
2
48
2
27
4
67
5
86
4
98
4
56
2
4
6
58
5
89
5
29
5
69
3
33
3
62
2
16
3
24
4
65
6
88
4
64
5
25
3
19
6
85
4
36
0
40
2
82
2
32
6
77
3
63
3
23
4
16
3
68
3
99
2
28
6
39
2
49
4
58
3
28
3
82
5
96
2
66
5
99
3
22
3
74
5
63
6
94
2
84
4
45
2
72
5
39
2
95
3
39
3
14
4
87
5
14
2
36
6
73
2
49
5
89
3
74
3
56
2
19
6
9
4
44
2
5
3
67
6
5
5
67
6
37
2
99
4
15
1
99
2
59
2
39
6
74
0
50
2
49
2
65
2
39
3
32
6
96
2
85
6
45
4
25
3
62
5
95
2
55
4
39
3
68
3
54
5
69
3
28
3
94
6
47
3
33
4
3
4
45
5
9
4
92
6
75
3
14
6
21
5
2
2
28
2
67
3
4
6
78
4
69
2
39
4
66
5
77
3
49
2
38
5
93
6
29
4
48
6
88
2
28
2
7
2
78
6
99
2
89
2
24
6
34
3
54
4
77
5
5
4
39
2
29
3
65
3
34
3
34
0
0
3
84
3
19
3
19
4
9
0
88
4
82
4
2
4
99
3
44
2
14
3
38
3
85
5
95
4
59
3
62
2
29
4
99
6
9
2
47
3
5
4
67
5
22
6
69
2
89
2
16
6
6
6
9
3
45
5
23
4
6
4
93
6
86
2
9
2
53
3
82
6
78
3
77
5
13
2
6
5
93
6
95
3
49
5
89
6
86
6
95
5
57
2
32
4
19
3
49
4
7
4
36
0
80
2
29
4
3
6
18
6
66
3
69
5
66
1
9
4
73
5
49
6
9
5
97
5
29
3
82
5
94
0
59
2
39
4
65
5
35
3
82
6
66
4
49
4
38
5
83
3
63
1
49
6
39
0
10
4
49
3
79
2
76
6
5
4
78
2
85
5
49
5
19
4
39
6
89
3
29
5
9
4
63
2
75
2
55
4
42
5
89
4
23
6
76
6
77
2
59
3
66
2
62
5
32
2
55
2
16
2
88
6
45
5
23
4
39
4
49
6
67
1
37
3
39
6
28
3
85
4
8
6
78
5
87
4
7
3
69
6
26
5
33
2
59
4
59
3
64
3
17
3
49
4
15
2
13
6
79
2
56
6
35
4
24
0
20
3
58
6
16
3
66
2
47
3
45
6
23
3
35
3
36
4
5
4
42
4
79
6
89
3
15
3
56
4
58
4
92
6
48
4
52
5
97
3
79
3
53
2
25
5
19
5
48
6
55
3
36
3
94
5
89
2
65
5
99
5
63
3
4
4
27
4
99
3
5
4
48
0
70
3
47
3
74
4
4
2
59
2
69
3
26
3
65
2
49
5
79
2
49
6
66
5
39
4
42
4
49
0
50
5
29
6
69
2
55
6
96
3
22
2
49
4
54
6
25
2
52
6
89
0
50
0
66
4
39
2
43
3
32
5
64
6
39
0
20
4
89
2
56
3
9
5
32
6
59
5
54
5
3
4
92
2
86
6
19
2
85
3
99
4
54
4
9
6
83
2
99
6
48
2
38
2
54
5
39
2
63
2
56
2
26
2
68
5
94
5
62
6
77
5
25
4
99
2
75
3
33
3
17
4
55
3
98
5
65
3
47
6
45
6
63
3
79
3
19
5
88
6
74
5
52
3
32
4
59
3
87
5
39
6
36
4
87
5
19
6
68
4
56
6
78
2
94
0
40
3
19
2
17
4
92
2
93
5
57
3
25
3
89
4
69
5
62
2
83
5
85
3
56
3
19
5
73
3
14
3
45
3
83
4
72
5
53
3
77
2
8
4
29
6
98
5
28
3
93
0
90
5
39
6
8
6
64
2
15
2
59
4
7
4
25
5
39
6
17
6
99
4
33
3
23
6
74
4
92
6
58
2
54
6
89
6
79
6
95
2
3
2
12
4
21
3
45
6
8
2
39
5
74
4
88
5
27
3
26
6
18
2
29
5
2
5
78
6
71
3
86
5
95
4
83
2
26
6
58
2
75
4
59
5
93
6
37
4
82
5
19
6
19
4
77
3
63
2
2
2
73
2
56
0
60
5
34
5
2
1
66
5
13
2
69
6
19
4
46
2
9
5
6
6
43
2
93
5
4
4
70
4
19
3
6
2
19
4
9
3
99
3
9
5
58
2
19
5
99
5
16
3
76
4
12
2
23
4
89
2
11
3
62
5
49
2
17
2
69
0
60
3
42
4
98
2
65
0
91
2
59
5
19
2
69
2
42
5
49
4
29
5
89
3
83
4
45
2
24
5
89
3
95
4
37
3
19
0
67
2
2
2
97
5
62
3
58
6
67
5
93
4
89
5
12
2
9
3
4
6
79
2
95
2
75
4
24
3
72
4
12
3
49
3
69
3
79
2
72
3
9
3
63
5
89
6
19
5
19
6
81
3
16
2
59
6
66
4
56
