9
64
19
63
9
99
18
90
9
34
9
34
9
64
9
74
16
88
9
94
9
14
19
91
9
34
9
44
9
64
9
74
9
74
19
94
9
99
16
58
9
64
0
90
9
74
9
99
19
62
17
59
16
28
9
44
9
44
19
31
19
61
0
10
18
60
9
94
19
61
9
44
9
94
9
64
9
34
18
90
16
58
9
64
9
99
9
74
9
34
9
64
9
34
9
99
9
34
9
64
19
94
19
92
0
90
19
63
17
59
9
64
18
90
19
62
9
44
9
64
9
74
19
61
17
59
17
29
9
34
9
94
9
94
19
94
9
74
9
64
9
74
18
60
19
33
9
34
0
70
9
44
9
44
18
60
9
74
9
14
18
90
9
34
9
74
9
64
9
99
9
44
9
26
9
94
19
61
9
14
9
64
18
90
9
94
9
64
19
34
18
90
9
74
9
14
18
30
9
99
9
64
19
32
19
61
17
29
9
94
9
34
19
32
19
32
9
74
0
30
9
99
9
14
18
60
19
63
9
44
18
90
9
14
9
34
9
34
18
60
19
62
9
64
9
99
9
44
19
62
9
14
9
34
19
91
9
74
19
91
0
60
9
64
9
94
19
32
9
99
17
29
19
64
9
14
9
14
9
14
19
33
9
34
9
64
9
94
9
64
17
89
9
34
9
94
9
99
9
14
19
33
18
60
9
64
9
64
17
59
9
14
9
99
9
34
9
34
18
90
9
44
9
34
9
34
9
64
19
32
19
34
9
74
9
44
19
33
9
94
17
89
9
44
9
74
9
64
9
99
9
44
9
94
9
74
9
74
9
64
9
34
19
32
9
99
9
99
19
34
18
60
9
11
9
74
9
44
19
63
18
60
9
44
19
61
9
64
19
62
19
31
19
93
19
32
19
61
19
91
9
44
9
64
9
64
9
34
9
94
16
28
9
64
17
89
9
14
9
34
9
14
9
14
9
74
19
92
9
34
9
64
9
94
19
33
9
94
9
99
9
14
9
14
17
29
19
92
9
74
19
61
17
59
9
34
19
31
17
89
19
91
19
63
9
94
9
44
9
94
19
32
9
14
19
31
9
64
9
64
9
34
9
99
9
99
9
14
9
94
18
90
19
32
9
99
19
61
19
31
8
55
9
14
18
30
19
94
19
92
9
44
9
99
9
44
9
74
9
99
18
30
9
34
9
32
19
92
9
74
19
34
9
14
9
44
18
60
19
91
9
44
9
99
9
44
9
34
9
34
9
64
18
90
9
44
9
64
19
91
17
29
9
94
9
34
17
59
19
31
9
94
9
94
9
34
19
92
9
99
9
14
9
14
8
75
17
59
9
44
19
93
9
64
9
94
9
74
19
93
19
82
9
14
9
44
9
64
17
89
9
74
9
99
9
99
9
44
9
74
19
21
18
60
9
64
9
14
9
94
9
99
9
74
9
44
9
14
9
99
9
44
9
99
17
59
9
14
19
34
9
99
9
14
9
99
0
0
9
99
9
94
9
94
9
44
9
14
19
32
19
61
17
89
9
94
9
74
9
74
4
19
9
94
9
64
17
59
9
74
9
74
9
74
9
34
9
94
9
14
9
14
9
99
0
0
9
94
9
94
9
34
9
34
9
14
9
34
9
14
9
74
9
94
18
60
19
92
9
94
9
64
9
14
9
64
9
94
0
20
9
14
9
99
17
89
9
99
17
89
9
64
9
74
9
34
18
90
9
94
17
59
9
74
19
91
17
89
9
74
0
70
9
14
19
94
9
14
19
31
9
74
9
99
1
29
9
44
18
60
19
61
0
47
18
90
9
99
9
64
9
34
9
94
9
14
9
94
4
9
9
74
18
90
19
64
9
99
17
89
9
94
9
44
9
94
9
94
9
14
18
90
9
14
9
94
9
74
9
64
9
44
9
34
17
29
9
99
18
30
9
64
9
94
18
30
9
99
19
92
9
99
9
99
9
64
9
64
9
99
9
99
9
64
9
94
19
92
2
59
9
99
17
89
19
94
9
14
9
34
9
74
9
34
9
34
9
64
9
44
18
60
9
34
9
74
9
94
9
99
9
64
9
14
9
64
9
94
9
34
9
74
9
44
9
74
18
30
9
34
9
74
9
94
9
74
9
34
9
20
9
94
9
44
0
40
9
94
9
44
19
93
9
74
9
34
19
32
9
74
9
99
9
34
9
44
18
60
9
64
9
34
9
94
9
99
9
74
9
99
9
34
18
90
9
74
9
99
9
94
19
61
16
88
9
44
9
99
9
44
18
30
9
94
18
30
9
44
17
89
18
60
9
94
18
90
9
64
18
30
9
14
18
60
9
14
9
74
9
14
9
74
9
44
9
99
19
31
1
99
9
64
9
44
18
90
0
50
18
60
9
74
9
44
9
44
9
99
9
94
19
61
9
34
9
74
9
99
9
64
9
44
9
74
9
64
9
74
9
34
9
99
19
63
9
44
9
14
19
61
9
14
9
99
19
91
18
30
19
21
9
14
9
28
9
74
9
14
19
94
9
74
9
44
9
74
19
93
19
61
9
44
9
99
9
34
19
62
9
94
9
28
9
14
18
90
9
99
9
94
9
34
9
44
9
64
19
92
9
14
4
39
9
34
9
74
9
44
9
44
0
0
9
94
19
31
19
31
9
14
0
89
9
94
9
14
9
99
9
43
18
30
9
38
9
94
9
99
9
64
9
74
9
34
9
99
9
14
18
60
9
14
9
74
9
34
9
74
9
94
18
30
9
14
9
14
19
61
9
34
9
14
9
99
9
94
9
14
9
64
9
94
19
94
19
91
17
29
9
14
9
99
9
99
19
61
9
94
9
94
9
99
9
64
9
44
19
32
19
61
9
14
9
44
0
80
9
34
9
14
19
34
9
74
9
74
9
74
1
9
17
89
19
63
9
14
9
99
9
34
9
94
9
99
0
59
9
44
8
65
9
44
9
94
9
66
19
62
9
44
9
94
9
74
1
49
9
44
0
10
19
62
3
79
18
90
9
14
19
92
9
94
19
63
19
33
9
44
9
94
9
34
9
14
9
74
18
90
9
64
16
58
9
94
9
34
19
92
19
93
9
64
9
74
9
74
9
44
9
64
18
30
9
94
19
61
9
34
9
44
19
62
9
74
1
39
9
44
9
34
9
94
9
8
19
94
9
94
9
14
9
74
9
34
9
44
9
64
9
64
9
74
19
31
19
61
19
31
17
29
19
94
9
64
9
44
9
34
0
20
9
64
19
32
9
74
18
60
19
61
9
34
9
44
9
44
9
14
16
58
19
92
9
94
19
31
9
64
9
64
9
99
19
64
9
64
9
97
19
91
9
64
9
34
19
33
19
63
9
64
9
44
9
99
9
94
9
74
9
99
9
74
9
14
9
34
9
99
9
14
19
62
0
70
19
61
18
90
9
14
9
64
9
74
9
34
9
74
18
60
19
93
18
60
9
74
9
44
16
58
19
62
0
50
9
34
9
74
9
64
9
99
9
34
18
60
9
64
9
34
9
64
9
94
0
50
0
66
9
44
17
59
9
44
9
74
9
44
0
20
9
94
9
64
9
14
9
44
9
64
9
64
9
14
9
99
9
94
19
34
9
94
9
99
9
64
9
14
9
94
9
99
19
64
9
44
9
64
9
44
9
74
9
64
9
34
9
74
9
99
9
74
19
93
9
34
9
99
18
90
9
44
19
31
9
64
9
99
9
74
19
61
8
45
9
74
19
91
19
31
9
94
18
90
9
64
9
44
9
64
9
94
9
39
9
44
4
89
19
33
9
74
9
64
19
94
9
99
0
40
19
31
18
30
9
99
9
99
9
64
9
34
9
94
9
74
9
74
9
94
9
94
9
64
19
31
17
89
18
30
8
45
9
94
16
88
9
64
19
91
9
14
9
34
9
99
9
34
9
99
0
90
9
44
9
14
9
74
18
30
9
64
4
9
9
34
9
44
19
33
9
99
9
44
9
34
9
74
9
99
9
64
9
64
9
94
19
94
9
99
9
14
16
28
19
21
19
61
9
14
9
44
18
90
9
94
9
34
9
34
19
34
9
34
9
14
19
93
9
71
9
94
9
99
9
94
9
34
9
64
18
90
9
64
9
99
9
44
9
94
19
33
19
34
19
92
9
74
9
14
17
89
9
64
0
60
9
44
9
14
1
69
17
29
9
74
19
34
19
62
9
14
9
14
17
59
9
99
9
14
4
70
19
32
9
14
18
30
9
14
9
99
9
14
9
64
18
30
9
99
19
32
19
91
16
28
18
22
9
94
9
11
9
74
19
63
18
30
9
74
0
60
16
58
9
99
9
74
0
91
9
64
19
33
9
74
16
58
19
63
9
34
9
94
9
94
19
61
9
34
9
94
9
99
9
44
19
31
0
67
2
2
9
99
9
74
9
64
9
74
9
99
4
89
16
28
9
14
9
14
19
94
9
99
18
90
9
34
16
88
16
28
19
61
9
74
19
91
16
88
9
14
9
74
9
94
19
34
19
33
19
81
19
31
9
64
9
74
9
64
