9
64
16
58
9
99
13
85
9
34
9
34
9
64
9
74
11
83
9
94
9
14
14
86
9
34
9
44
9
63
9
74
9
74
17
89
9
99
11
53
9
64
0
90
9
74
9
99
15
57
12
54
11
23
9
44
9
44
14
26
14
56
0
10
13
55
9
94
14
56
9
44
9
94
9
64
9
33
13
85
11
53
9
64
9
99
9
74
9
34
9
64
9
34
9
99
9
34
9
64
17
89
15
87
0
90
16
58
12
54
9
64
13
85
15
57
9
44
9
64
9
74
14
56
12
54
12
24
9
34
9
94
9
94
17
89
9
74
9
64
9
74
13
55
16
28
9
34
0
70
9
44
9
44
13
55
9
74
9
14
13
85
9
34
9
74
9
64
9
99
9
44
9
26
9
94
14
56
9
14
9
64
13
85
9
94
9
64
17
29
13
85
9
74
9
14
13
25
9
99
9
64
15
27
14
56
12
24
9
93
9
34
15
27
15
27
9
74
0
30
9
99
9
14
13
55
16
58
9
44
13
85
9
14
9
34
9
34
13
55
15
57
9
63
9
99
9
44
15
57
9
14
9
34
14
86
9
74
14
86
0
60
9
64
9
94
15
27
9
99
12
24
17
59
9
14
9
14
9
14
16
28
9
34
9
64
9
94
9
64
12
84
9
34
9
94
9
99
9
14
16
28
13
55
9
64
9
64
12
54
9
14
9
99
9
34
9
34
13
85
9
44
9
33
9
34
9
64
15
27
17
29
9
74
9
44
16
28
9
94
12
84
9
44
9
74
9
63
9
99
9
44
9
94
9
74
9
74
9
64
9
34
15
27
9
99
9
99
17
29
13
55
9
11
9
73
9
44
16
58
13
55
9
44
14
56
9
64
15
57
14
26
16
88
15
27
14
56
14
86
9
44
9
64
9
64
9
34
9
94
11
23
9
64
12
84
9
14
9
34
9
14
9
14
9
74
15
87
9
34
9
64
9
94
16
28
9
94
9
99
9
14
9
14
12
24
15
87
9
73
14
56
12
54
9
34
14
26
12
84
14
86
16
58
9
94
9
44
9
93
15
27
9
14
14
26
9
64
9
64
9
34
9
99
9
99
9
14
9
94
13
85
15
27
9
99
14
56
14
26
8
55
9
14
13
25
17
89
15
87
9
44
9
99
9
44
9
74
9
99
13
25
9
34
9
32
15
87
9
74
17
29
9
14
9
44
13
55
14
86
9
44
9
99
9
44
9
34
9
34
9
64
13
85
9
44
9
64
14
86
12
24
9
94
9
34
12
54
14
26
9
94
9
94
9
34
15
87
9
99
9
14
9
14
8
75
12
54
9
44
16
88
9
64
9
94
9
74
16
88
16
82
9
14
9
44
9
64
12
84
9
74
9
99
9
99
9
44
9
74
14
21
13
55
9
64
9
14
9
94
9
99
9
73
9
43
9
14
9
99
9
44
9
99
12
54
9
14
17
29
9
99
9
14
9
99
0
0
9
99
9
94
9
93
9
44
9
14
15
27
14
56
12
84
9
94
9
74
9
74
4
19
9
94
9
64
12
54
9
74
9
74
9
74
9
34
9
94
9
14
9
14
9
99
0
0
9
94
9
94
9
34
9
34
9
14
9
34
9
14
9
74
9
94
13
55
15
87
9
94
9
64
9
14
9
64
9
93
0
20
9
14
9
99
12
84
9
99
12
84
9
64
9
74
9
34
13
85
9
94
12
54
9
74
14
86
12
84
9
74
0
70
9
14
17
89
9
13
14
26
9
73
9
99
1
29
9
43
13
55
14
56
0
47
13
85
9
99
9
64
9
34
9
94
9
14
9
94
4
9
9
73
13
85
17
59
9
99
12
84
9
94
9
44
9
94
9
94
9
14
13
85
9
14
9
94
9
73
9
64
9
44
9
34
12
24
9
99
13
25
9
64
9
94
13
25
9
99
15
87
9
99
9
99
9
64
9
64
9
99
9
99
9
64
9
94
15
87
2
59
9
99
12
84
17
89
9
14
9
34
9
74
9
34
9
34
9
64
9
44
13
55
9
34
9
74
9
94
9
99
9
64
9
14
9
64
9
94
9
34
9
74
9
44
9
73
13
25
9
34
9
74
9
94
9
74
9
34
9
20
9
94
9
44
0
40
9
93
9
43
16
88
9
74
9
34
15
27
9
74
9
99
9
34
9
44
13
55
9
64
9
34
9
93
9
99
9
74
9
99
9
33
13
85
9
74
9
99
9
94
14
56
11
83
9
44
9
99
9
44
13
25
9
94
13
25
9
44
12
84
13
55
9
94
13
85
9
64
13
25
9
14
13
55
9
14
9
74
9
14
9
74
9
44
9
99
14
26
1
99
9
64
9
44
13
85
0
50
13
55
9
74
9
44
9
43
9
99
9
94
14
56
9
34
9
73
9
99
9
64
9
44
9
74
9
64
9
74
9
34
9
99
16
58
9
44
9
14
14
56
9
14
9
99
14
86
13
25
17
21
9
13
9
28
9
74
9
14
17
89
9
74
9
44
9
74
16
88
14
56
9
44
9
99
9
34
15
57
9
94
9
28
9
14
13
85
9
99
9
94
9
34
9
44
9
64
15
87
9
14
4
39
9
34
9
74
9
44
9
44
0
0
9
94
14
26
14
26
9
14
0
89
9
93
9
13
9
99
9
43
13
25
9
38
9
94
9
99
9
64
9
73
9
34
9
99
9
14
13
55
9
14
9
74
9
33
9
74
9
94
13
25
9
14
9
14
14
56
9
34
9
14
9
99
9
94
9
14
9
64
9
93
17
89
14
86
12
24
9
14
9
99
9
99
14
56
9
94
9
94
9
99
9
64
9
43
15
27
14
56
9
14
9
44
0
80
9
34
9
14
17
29
9
74
9
74
9
74
1
9
12
84
16
58
9
14
9
99
9
34
9
93
9
99
0
59
9
44
8
65
9
44
9
93
9
66
15
57
9
44
9
94
9
74
1
49
9
44
0
10
15
57
3
79
13
85
9
14
15
87
9
94
16
58
16
28
9
44
9
94
9
34
9
14
9
74
13
85
9
64
11
53
9
94
9
34
15
87
16
88
9
64
9
74
9
73
9
43
9
64
13
25
9
94
14
56
9
34
9
44
15
57
9
74
1
39
9
44
9
34
9
94
9
8
17
89
9
94
9
14
9
74
9
34
9
44
9
64
9
64
9
74
14
26
14
56
14
26
12
24
17
89
9
64
9
44
9
34
0
20
9
64
15
27
9
74
13
55
14
56
9
34
9
44
9
44
9
14
11
53
15
87
9
94
14
26
9
64
9
64
9
99
17
59
9
63
9
97
14
86
9
64
9
34
16
28
16
58
9
64
9
44
9
99
9
94
9
74
9
99
9
74
9
14
9
34
9
99
9
14
15
57
0
70
14
56
13
85
9
14
9
64
9
74
9
34
9
74
13
55
16
88
13
55
9
74
9
44
11
53
15
57
0
50
9
34
9
74
9
64
9
99
9
33
13
55
9
64
9
34
9
63
9
94
0
50
0
66
9
44
12
54
9
43
9
74
9
44
0
20
9
94
9
64
9
14
9
43
9
64
9
64
9
14
9
99
9
94
17
29
9
94
9
99
9
64
9
14
9
94
9
99
17
59
9
44
9
64
9
44
9
74
9
64
9
34
9
74
9
99
9
73
16
88
9
34
9
99
13
85
9
44
14
26
9
64
9
99
9
74
14
56
8
45
9
74
14
86
14
26
9
94
13
85
9
63
9
43
9
64
9
94
9
39
9
44
4
89
16
28
9
74
9
64
17
89
9
99
0
40
14
26
13
25
9
99
9
99
9
64
9
34
9
94
9
74
9
73
9
94
9
94
9
64
14
26
12
84
13
25
8
45
9
94
11
83
9
64
14
86
9
14
9
34
9
99
9
34
9
99
0
90
9
44
9
14
9
74
13
25
9
64
4
9
9
34
9
44
16
28
9
99
9
44
9
34
9
74
9
99
9
64
9
64
9
94
17
89
9
99
9
14
11
23
15
21
14
56
9
14
9
44
13
85
9
94
9
34
9
34
17
29
9
34
9
13
16
88
9
71
9
94
9
99
9
94
9
34
9
64
13
85
9
64
9
99
9
44
9
93
16
28
17
29
15
87
9
74
9
13
12
84
9
64
0
60
9
44
9
13
1
69
12
24
9
74
17
29
15
57
9
14
9
14
12
54
9
99
9
14
4
70
15
27
9
14
13
25
9
14
9
99
9
14
9
64
13
25
9
99
15
27
14
86
11
23
13
22
9
94
9
11
9
73
16
58
13
25
9
74
0
60
11
53
9
99
9
74
0
91
9
64
16
28
9
74
11
53
16
58
9
34
9
94
9
94
14
56
9
34
9
94
9
99
9
44
14
26
0
67
2
2
9
99
9
73
9
64
9
74
9
99
4
89
11
23
9
14
9
14
17
89
9
99
13
85
9
34
11
83
11
23
14
56
9
74
14
86
11
83
9
14
9
74
9
94
17
29
16
28
17
81
14
26
9
64
9
74
9
64
