1
58
4
48
5
93
1
77
3
27
4
23
3
53
3
66
1
71
1
88
2
7
3
74
1
29
5
37
3
51
1
62
2
65
5
79
4
94
4
41
4
57
0
90
5
69
1
93
5
45
1
42
1
11
3
36
3
38
2
19
2
46
0
10
4
43
3
87
2
47
1
38
1
86
3
58
4
21
1
76
1
41
3
52
1
99
3
64
4
29
5
53
5
29
3
95
4
29
5
53
5
79
3
77
0
90
4
46
4
42
1
57
2
73
3
49
5
36
5
59
3
69
2
47
4
42
4
12
1
28
5
83
5
86
5
79
3
64
3
55
3
63
1
46
4
19
3
29
0
70
5
36
3
35
1
44
2
66
2
6
1
74
3
29
2
69
5
59
2
99
3
35
1
26
1
84
2
48
4
5
2
59
1
75
5
82
5
58
5
19
1
75
4
62
3
2
1
19
1
99
1
57
3
19
2
49
1
12
1
81
5
26
5
15
5
15
4
63
0
30
4
97
4
5
5
43
4
48
5
38
3
73
2
4
1
27
1
24
1
48
4
45
2
51
4
94
1
33
3
49
2
8
1
26
2
79
2
66
2
79
0
60
5
56
2
87
3
15
1
93
4
12
5
48
3
4
3
9
2
5
4
16
1
25
5
55
1
84
4
56
3
72
3
29
4
87
2
98
2
4
4
18
1
47
1
54
1
59
5
42
3
9
4
99
1
24
4
23
1
77
5
39
3
21
5
29
5
57
3
15
5
19
5
66
3
39
4
16
3
85
3
72
4
39
3
68
4
51
2
94
1
34
5
89
2
69
1
67
4
54
1
24
3
19
2
96
3
96
5
18
1
47
5
11
2
61
3
33
4
48
1
49
4
35
2
44
5
59
4
45
2
19
4
79
3
16
2
44
2
76
1
38
5
55
1
54
5
29
3
89
3
11
4
53
5
72
5
5
5
27
5
2
1
7
5
68
5
75
1
28
2
55
3
88
4
18
1
89
4
93
4
8
4
5
5
12
4
75
4
61
5
44
1
42
3
29
2
19
5
72
2
77
4
47
2
83
3
35
2
81
3
19
4
3
2
15
5
54
3
56
1
29
1
96
4
92
1
6
3
86
4
73
4
15
5
95
2
44
3
14
4
55
3
8
1
19
5
78
3
75
5
34
4
97
3
39
1
67
5
99
1
17
1
25
1
32
3
77
4
69
5
19
5
6
5
37
1
49
2
76
2
39
5
95
4
33
5
25
5
29
2
59
1
79
4
34
4
58
2
76
1
12
2
86
2
28
1
42
2
14
2
83
1
88
4
25
3
78
5
93
2
3
5
5
1
75
3
42
3
39
4
76
3
59
2
88
3
64
4
79
4
84
4
6
2
34
3
57
4
72
4
64
4
92
3
99
1
38
1
67
2
21
1
48
4
56
2
2
2
86
3
99
4
61
4
31
3
2
3
97
4
39
2
93
2
42
3
9
5
17
3
99
2
7
2
95
0
0
2
91
3
87
2
81
2
35
5
8
5
15
3
44
5
72
3
86
5
65
3
66
4
17
4
85
3
55
5
42
5
62
3
62
3
69
1
22
5
89
4
9
5
2
2
96
0
0
1
89
1
87
2
24
3
22
5
3
1
26
3
9
5
66
2
89
1
44
3
78
2
83
1
52
2
3
4
58
2
81
0
20
3
5
4
98
2
72
2
97
5
72
3
54
5
62
5
22
1
75
3
84
1
42
3
69
3
74
5
72
3
64
0
70
1
3
5
79
3
1
2
15
1
61
3
91
1
29
3
31
1
44
5
44
0
47
3
73
4
98
3
56
1
22
2
85
5
7
4
83
4
9
4
61
1
77
5
49
2
94
5
72
1
82
5
34
2
84
3
89
5
7
1
78
1
4
2
88
1
61
3
56
5
35
1
25
1
12
3
92
3
13
3
53
5
89
1
19
3
97
3
76
1
99
4
93
2
56
4
59
5
97
1
95
5
57
5
82
3
78
2
59
3
99
1
72
5
79
1
5
3
29
5
66
4
29
2
23
1
53
1
33
1
47
1
26
3
66
4
85
3
97
3
55
1
3
5
57
4
89
4
28
4
69
2
32
2
61
1
15
2
23
3
64
5
87
3
63
4
24
2
18
5
84
3
35
0
40
1
81
1
31
5
76
2
62
2
22
3
15
2
67
2
99
1
27
5
39
1
48
3
57
2
27
2
81
4
95
1
65
4
98
2
21
2
73
4
62
5
93
1
83
3
44
1
71
4
38
1
94
2
39
2
13
3
86
4
13
1
35
5
72
1
49
4
89
2
73
2
55
1
19
5
9
3
43
1
4
2
66
5
4
4
66
5
36
1
99
3
14
1
98
1
59
1
39
5
73
0
50
1
48
1
64
1
39
2
31
5
95
1
84
5
44
3
24
2
61
4
94
1
54
3
39
2
67
2
53
4
69
2
27
2
93
5
46
2
32
3
2
3
44
4
9
3
91
5
74
2
13
5
21
4
1
1
28
1
66
2
3
5
77
3
69
1
39
3
65
4
76
2
48
1
37
4
92
5
29
3
47
5
87
1
28
1
6
1
77
5
99
1
89
1
23
5
33
2
53
3
76
4
4
4
38
1
28
2
64
2
33
2
33
0
0
2
83
2
18
2
19
3
8
0
87
3
81
3
1
3
99
2
44
1
13
2
38
2
84
4
94
3
59
2
61
1
28
3
99
5
9
1
46
2
4
3
66
4
21
5
68
1
88
1
15
5
5
5
9
2
44
4
22
3
5
3
92
5
85
1
9
1
52
2
81
5
77
2
76
4
12
1
5
4
92
5
94
2
49
4
89
5
85
5
94
4
56
1
31
3
18
2
49
3
6
3
35
0
80
1
29
3
2
5
17
5
65
2
68
4
65
1
9
3
72
4
49
5
9
4
96
4
29
2
81
4
93
0
58
1
38
3
65
4
34
2
81
5
66
3
48
3
37
4
82
2
62
1
48
5
39
0
10
3
49
3
79
1
75
5
4
3
77
1
84
4
49
4
19
3
39
5
89
2
28
4
9
3
62
1
74
1
54
3
41
4
88
3
22
5
75
5
76
1
58
2
65
1
61
4
31
1
54
1
15
1
87
5
44
4
22
3
39
3
48
5
66
1
36
2
39
5
27
2
84
3
8
5
77
4
86
3
6
2
69
5
25
4
32
1
59
3
58
2
63
2
16
2
49
3
14
1
12
5
79
1
55
5
34
3
23
0
20
2
57
5
15
2
65
1
46
2
44
5
22
2
34
2
35
3
4
3
41
3
79
5
89
2
14
2
55
3
57
3
91
5
47
3
51
4
97
2
79
2
52
1
24
4
19
4
47
5
54
2
35
2
93
4
89
1
64
4
98
4
62
2
3
3
26
3
99
2
4
3
47
0
70
2
46
2
73
3
3
1
59
1
69
2
25
2
64
1
48
4
78
1
48
5
65
4
39
3
41
3
49
0
50
4
29
5
69
1
54
5
95
2
21
1
48
3
53
5
24
1
51
5
88
0
50
0
66
3
39
1
42
2
31
4
63
5
38
0
20
3
89
1
55
2
8
4
31
5
58
4
53
4
2
3
91
1
85
5
19
1
84
2
98
3
53
3
9
5
82
1
99
5
47
1
37
1
53
4
39
1
62
1
55
1
25
1
67
4
93
4
61
5
76
4
24
3
99
1
74
2
32
2
16
3
54
2
97
4
64
2
46
5
45
5
62
2
78
2
19
4
87
5
73
4
51
2
31
3
58
2
86
4
39
5
35
4
86
4
19
5
67
3
55
5
77
1
93
0
40
2
18
1
16
3
91
1
92
4
56
2
24
2
88
3
69
4
61
1
82
4
84
2
55
2
19
4
72
2
13
2
45
2
82
3
71
4
52
2
76
1
7
3
29
5
97
4
27
2
92
0
90
4
39
5
7
5
63
1
14
1
58
4
6
3
24
4
38
5
16
5
98
3
32
2
22
5
74
3
91
5
57
1
53
5
89
5
78
5
94
1
2
1
11
3
21
2
44
5
7
1
39
4
73
3
87
4
26
2
25
5
17
1
28
4
1
4
77
5
71
2
85
4
94
3
82
1
25
5
57
1
74
3
59
4
92
5
36
3
81
4
18
5
19
3
76
2
62
1
1
1
72
1
55
0
60
4
33
4
1
1
65
4
12
1
68
5
18
3
45
1
8
4
5
5
42
1
92
4
3
4
70
3
19
2
5
1
18
3
9
2
99
2
9
4
57
1
19
4
99
4
15
2
75
3
11
1
23
3
89
1
11
2
61
4
49
1
16
1
69
0
60
2
41
3
97
1
64
0
91
1
59
4
18
1
69
1
41
4
48
3
28
4
89
2
82
3
44
1
23
4
89
2
94
3
36
2
19
0
67
2
2
1
96
4
61
2
57
5
66
4
92
4
89
4
11
1
9
2
3
5
78
1
94
1
74
3
23
2
71
3
11
2
49
2
68
2
79
1
71
2
8
2
62
4
88
5
19
4
19
5
81
2
15
1
58
5
65
3
55
