9
64
19
61
9
99
16
88
9
34
9
34
9
64
9
74
14
86
9
94
9
14
17
89
9
34
9
44
9
64
9
74
9
74
19
92
9
99
14
56
9
64
0
90
9
74
9
99
18
60
15
57
14
26
9
44
9
44
17
29
17
59
0
10
16
58
9
94
17
59
9
44
9
94
9
64
9
34
16
88
14
56
9
64
9
99
9
74
9
34
9
64
9
34
9
99
9
34
9
64
19
92
18
90
0
90
19
61
15
57
9
64
16
88
18
60
9
44
9
64
9
74
17
59
15
57
15
27
9
34
9
94
9
94
19
92
9
74
9
64
9
74
16
58
19
31
9
34
0
70
9
44
9
44
16
58
9
74
9
14
16
88
9
34
9
74
9
64
9
99
9
44
9
26
9
94
17
59
9
14
9
64
16
88
9
94
9
64
19
32
16
88
9
74
9
14
16
28
9
99
9
64
18
30
17
59
15
27
9
94
9
34
18
30
18
30
9
74
0
30
9
99
9
14
16
58
19
61
9
44
16
88
9
14
9
34
9
34
16
58
18
60
9
64
9
99
9
44
18
60
9
14
9
34
17
89
9
74
17
89
0
60
9
64
9
94
18
30
9
99
15
27
19
62
9
14
9
14
9
14
19
31
9
34
9
64
9
94
9
64
15
87
9
34
9
94
9
99
9
14
19
31
16
58
9
64
9
64
15
57
9
14
9
99
9
34
9
34
16
88
9
44
9
34
9
34
9
64
18
30
19
32
9
74
9
44
19
31
9
94
15
87
9
44
9
74
9
64
9
99
9
44
9
94
9
74
9
74
9
64
9
34
18
30
9
99
9
99
19
32
16
58
9
11
9
74
9
44
19
61
16
58
9
44
17
59
9
64
18
60
17
29
19
91
18
30
17
59
17
89
9
44
9
64
9
64
9
34
9
94
14
26
9
64
15
87
9
14
9
34
9
14
9
14
9
74
18
90
9
34
9
64
9
94
19
31
9
94
9
99
9
14
9
14
15
27
18
90
9
74
17
59
15
57
9
34
17
29
15
87
17
89
19
61
9
94
9
44
9
94
18
30
9
14
17
29
9
64
9
64
9
34
9
99
9
99
9
14
9
94
16
88
18
30
9
99
17
59
17
29
8
55
9
14
16
28
19
92
18
90
9
44
9
99
9
44
9
74
9
99
16
28
9
34
9
32
18
90
9
74
19
32
9
14
9
44
16
58
17
89
9
44
9
99
9
44
9
34
9
34
9
64
16
88
9
44
9
64
17
89
15
27
9
94
9
34
15
57
17
29
9
94
9
94
9
34
18
90
9
99
9
14
9
14
8
75
15
57
9
44
19
91
9
64
9
94
9
74
19
91
19
82
9
14
9
44
9
64
15
87
9
74
9
99
9
99
9
44
9
74
17
21
16
58
9
64
9
14
9
94
9
99
9
74
9
44
9
14
9
99
9
44
9
99
15
57
9
14
19
32
9
99
9
14
9
99
0
0
9
99
9
94
9
94
9
44
9
14
18
30
17
59
15
87
9
94
9
74
9
74
4
19
9
94
9
64
15
57
9
74
9
74
9
74
9
34
9
94
9
14
9
14
9
99
0
0
9
94
9
94
9
34
9
34
9
14
9
34
9
14
9
74
9
94
16
58
18
90
9
94
9
64
9
14
9
64
9
94
0
20
9
14
9
99
15
87
9
99
15
87
9
64
9
74
9
34
16
88
9
94
15
57
9
74
17
89
15
87
9
74
0
70
9
14
19
92
9
14
17
29
9
74
9
99
1
29
9
44
16
58
17
59
0
47
16
88
9
99
9
64
9
34
9
94
9
14
9
94
4
9
9
74
16
88
19
62
9
99
15
87
9
94
9
44
9
94
9
94
9
14
16
88
9
14
9
94
9
74
9
64
9
44
9
34
15
27
9
99
16
28
9
64
9
94
16
28
9
99
18
90
9
99
9
99
9
64
9
64
9
99
9
99
9
64
9
94
18
90
2
59
9
99
15
87
19
92
9
14
9
34
9
74
9
34
9
34
9
64
9
44
16
58
9
34
9
74
9
94
9
99
9
64
9
14
9
64
9
94
9
34
9
74
9
44
9
74
16
28
9
34
9
74
9
94
9
74
9
34
9
20
9
94
9
44
0
40
9
94
9
44
19
91
9
74
9
34
18
30
9
74
9
99
9
34
9
44
16
58
9
64
9
34
9
94
9
99
9
74
9
99
9
34
16
88
9
74
9
99
9
94
17
59
14
86
9
44
9
99
9
44
16
28
9
94
16
28
9
44
15
87
16
58
9
94
16
88
9
64
16
28
9
14
16
58
9
14
9
74
9
14
9
74
9
44
9
99
17
29
1
99
9
64
9
44
16
88
0
50
16
58
9
74
9
44
9
44
9
99
9
94
17
59
9
34
9
74
9
99
9
64
9
44
9
74
9
64
9
74
9
34
9
99
19
61
9
44
9
14
17
59
9
14
9
99
17
89
16
28
19
21
9
14
9
28
9
74
9
14
19
92
9
74
9
44
9
74
19
91
17
59
9
44
9
99
9
34
18
60
9
94
9
28
9
14
16
88
9
99
9
94
9
34
9
44
9
64
18
90
9
14
4
39
9
34
9
74
9
44
9
44
0
0
9
94
17
29
17
29
9
14
0
89
9
94
9
14
9
99
9
43
16
28
9
38
9
94
9
99
9
64
9
74
9
34
9
99
9
14
16
58
9
14
9
74
9
34
9
74
9
94
16
28
9
14
9
14
17
59
9
34
9
14
9
99
9
94
9
14
9
64
9
94
19
92
17
89
15
27
9
14
9
99
9
99
17
59
9
94
9
94
9
99
9
64
9
44
18
30
17
59
9
14
9
44
0
80
9
34
9
14
19
32
9
74
9
74
9
74
1
9
15
87
19
61
9
14
9
99
9
34
9
94
9
99
0
59
9
44
8
65
9
44
9
94
9
66
18
60
9
44
9
94
9
74
1
49
9
44
0
10
18
60
3
79
16
88
9
14
18
90
9
94
19
61
19
31
9
44
9
94
9
34
9
14
9
74
16
88
9
64
14
56
9
94
9
34
18
90
19
91
9
64
9
74
9
74
9
44
9
64
16
28
9
94
17
59
9
34
9
44
18
60
9
74
1
39
9
44
9
34
9
94
9
8
19
92
9
94
9
14
9
74
9
34
9
44
9
64
9
64
9
74
17
29
17
59
17
29
15
27
19
92
9
64
9
44
9
34
0
20
9
64
18
30
9
74
16
58
17
59
9
34
9
44
9
44
9
14
14
56
18
90
9
94
17
29
9
64
9
64
9
99
19
62
9
64
9
97
17
89
9
64
9
34
19
31
19
61
9
64
9
44
9
99
9
94
9
74
9
99
9
74
9
14
9
34
9
99
9
14
18
60
0
70
17
59
16
88
9
14
9
64
9
74
9
34
9
74
16
58
19
91
16
58
9
74
9
44
14
56
18
60
0
50
9
34
9
74
9
64
9
99
9
34
16
58
9
64
9
34
9
64
9
94
0
50
0
66
9
44
15
57
9
44
9
74
9
44
0
20
9
94
9
64
9
14
9
44
9
64
9
64
9
14
9
99
9
94
19
32
9
94
9
99
9
64
9
14
9
94
9
99
19
62
9
44
9
64
9
44
9
74
9
64
9
34
9
74
9
99
9
74
19
91
9
34
9
99
16
88
9
44
17
29
9
64
9
99
9
74
17
59
8
45
9
74
17
89
17
29
9
94
16
88
9
64
9
44
9
64
9
94
9
39
9
44
4
89
19
31
9
74
9
64
19
92
9
99
0
40
17
29
16
28
9
99
9
99
9
64
9
34
9
94
9
74
9
74
9
94
9
94
9
64
17
29
15
87
16
28
8
45
9
94
14
86
9
64
17
89
9
14
9
34
9
99
9
34
9
99
0
90
9
44
9
14
9
74
16
28
9
64
4
9
9
34
9
44
19
31
9
99
9
44
9
34
9
74
9
99
9
64
9
64
9
94
19
92
9
99
9
14
14
26
18
21
17
59
9
14
9
44
16
88
9
94
9
34
9
34
19
32
9
34
9
14
19
91
9
71
9
94
9
99
9
94
9
34
9
64
16
88
9
64
9
99
9
44
9
94
19
31
19
32
18
90
9
74
9
14
15
87
9
64
0
60
9
44
9
14
1
69
15
27
9
74
19
32
18
60
9
14
9
14
15
57
9
99
9
14
4
70
18
30
9
14
16
28
9
14
9
99
9
14
9
64
16
28
9
99
18
30
17
89
14
26
16
22
9
94
9
11
9
74
19
61
16
28
9
74
0
60
14
56
9
99
9
74
0
91
9
64
19
31
9
74
14
56
19
61
9
34
9
94
9
94
17
59
9
34
9
94
9
99
9
44
17
29
0
67
2
2
9
99
9
74
9
64
9
74
9
99
4
89
14
26
9
14
9
14
19
92
9
99
16
88
9
34
14
86
14
26
17
59
9
74
17
89
14
86
9
14
9
74
9
94
19
32
19
31
19
81
17
29
9
64
9
74
9
64
