6
59
9
51
9
98
6
79
8
30
9
28
8
58
8
70
6
76
6
89
7
9
8
79
6
29
9
42
8
56
6
67
7
69
10
82
9
99
8
46
9
61
0
90
9
72
6
98
9
50
6
47
6
16
8
40
8
40
7
19
7
49
0
10
9
48
8
90
7
49
6
39
6
89
8
60
8
26
6
79
6
46
8
57
6
99
8
69
9
31
9
58
9
32
8
99
9
31
9
58
10
82
8
80
0
90
9
51
9
47
6
59
7
78
8
50
9
41
9
62
8
70
7
49
9
47
9
17
6
29
9
88
9
91
10
82
8
69
8
60
8
68
6
49
9
21
8
30
0
70
9
41
8
40
6
49
7
69
7
9
6
79
8
30
7
69
9
62
7
99
8
40
6
26
6
89
7
49
9
10
7
59
6
79
9
87
9
62
10
22
6
79
9
67
8
7
6
19
6
99
6
59
8
20
7
49
6
17
6
86
9
31
9
20
9
20
9
68
0
30
9
99
9
10
9
48
9
51
9
42
8
78
7
9
6
29
6
29
6
49
9
50
7
56
9
99
6
38
8
50
7
9
6
29
7
79
7
69
7
79
0
60
9
61
7
89
8
20
6
98
9
17
10
52
8
9
8
10
7
9
9
21
6
29
9
60
6
89
9
61
8
77
8
30
9
91
7
99
7
9
9
21
6
49
6
59
6
59
9
47
8
10
9
99
6
29
9
28
6
79
9
42
8
26
9
32
9
62
8
20
10
22
9
71
8
40
9
21
8
90
8
77
9
41
8
70
8
56
7
99
6
39
9
92
7
69
6
69
9
59
6
29
8
20
7
99
8
99
10
22
6
49
9
11
7
66
8
38
9
51
6
49
9
40
7
49
9
62
9
50
7
19
9
81
8
20
7
49
7
79
6
39
9
60
6
59
9
32
8
90
8
16
9
58
9
77
9
10
9
32
9
7
6
9
9
72
9
80
6
29
7
59
8
90
9
21
6
89
9
98
9
11
9
10
9
17
9
80
8
66
9
49
6
47
8
30
7
19
9
77
7
79
9
51
7
88
8
40
7
86
8
20
9
8
7
19
9
59
8
60
6
29
6
99
9
97
6
9
8
90
9
78
9
20
9
99
7
49
8
19
8
55
8
10
6
19
10
82
8
80
9
39
9
99
8
40
6
69
9
99
6
19
6
29
6
32
8
80
9
71
10
22
9
11
9
42
6
49
7
79
7
39
9
99
9
38
9
30
9
32
7
59
6
79
9
39
9
61
7
79
6
17
7
89
7
29
6
47
7
19
7
88
6
89
9
30
8
80
9
98
7
8
9
10
6
75
8
47
8
40
9
81
8
60
7
89
8
69
9
81
9
83
9
11
7
39
8
60
9
77
9
69
9
97
8
99
6
39
6
69
7
21
6
49
9
61
7
7
7
89
8
99
8
66
8
36
8
7
8
99
9
41
7
98
7
47
8
10
10
22
8
99
7
9
7
99
0
0
7
96
8
90
7
86
7
39
9
12
9
20
8
49
9
77
8
90
9
70
8
70
4
19
9
90
8
60
9
47
9
67
8
67
8
70
6
27
9
92
9
11
9
7
7
99
0
0
6
89
6
89
7
29
8
27
9
8
6
29
8
10
9
71
7
89
6
49
8
80
7
88
6
57
7
8
9
61
7
86
0
20
8
10
9
99
7
77
7
99
9
77
8
59
9
67
9
27
6
79
8
89
6
47
8
70
8
79
9
77
8
69
0
70
6
8
10
82
8
6
7
19
6
66
8
96
1
29
8
36
6
49
9
49
0
47
8
78
9
99
8
60
6
27
7
89
9
12
9
88
4
9
8
66
6
79
10
52
7
99
9
77
6
87
9
39
7
89
8
90
9
12
6
79
6
9
7
89
6
66
8
60
9
40
6
29
6
17
8
97
8
18
8
58
9
92
6
19
8
99
8
80
6
99
9
98
7
59
9
61
9
99
6
99
9
62
9
87
8
80
2
59
8
99
6
77
10
82
6
9
8
30
9
71
9
31
7
28
6
58
6
38
6
49
6
29
8
70
9
90
8
99
8
60
6
8
9
62
9
91
9
31
9
71
7
37
7
66
6
19
7
28
8
69
9
92
8
68
9
29
7
19
9
89
8
40
0
40
6
86
6
36
9
81
7
67
7
27
8
20
7
69
7
99
6
29
9
42
6
49
8
60
7
29
7
86
9
99
6
69
9
99
7
26
7
78
9
67
9
98
6
88
8
49
6
76
9
41
6
99
7
39
7
18
8
90
9
18
6
39
9
77
6
49
9
91
7
78
7
59
6
19
9
12
8
48
6
9
7
69
9
9
9
71
9
41
6
99
8
19
1
99
6
59
6
39
9
78
0
50
6
49
6
69
6
39
7
36
9
99
6
89
9
49
8
29
7
66
9
99
6
59
8
40
7
69
7
58
9
71
7
29
7
98
9
51
7
37
8
7
8
49
9
11
8
96
9
79
7
18
10
21
8
6
6
28
6
69
7
8
10
82
8
70
6
39
8
70
9
81
7
49
6
39
9
97
9
32
8
50
9
92
6
28
6
9
6
79
9
99
6
89
6
28
9
38
7
58
8
80
9
9
4
39
6
29
7
69
7
38
7
38
0
0
7
88
7
19
7
19
8
10
0
89
8
86
8
6
8
99
7
44
6
18
7
38
7
89
9
99
8
60
7
66
6
29
8
99
9
12
6
49
7
9
8
70
8
26
9
72
6
89
6
19
9
10
9
12
7
49
9
27
8
10
8
97
9
90
6
9
6
57
7
86
10
82
7
79
9
17
6
9
9
97
9
99
7
49
9
91
9
90
9
99
9
61
6
36
8
20
7
49
8
10
8
40
0
80
6
29
8
7
10
22
9
70
7
69
9
70
1
9
8
77
9
51
9
12
9
99
9
31
7
86
9
98
0
59
6
39
8
65
9
39
7
86
9
66
8
50
8
40
9
87
7
67
1
49
9
42
0
10
8
50
3
79
6
79
9
9
8
80
6
89
9
51
9
21
8
40
9
92
7
29
9
11
8
67
6
79
6
59
8
46
9
91
8
27
9
80
9
81
6
59
7
69
6
66
8
36
6
59
6
19
6
89
9
49
9
27
8
40
8
50
9
71
1
39
7
39
9
32
7
89
8
8
10
82
9
91
8
10
7
69
9
30
9
37
6
59
8
60
7
68
7
19
7
49
8
19
6
17
10
82
6
59
9
39
8
28
0
20
7
59
9
20
7
69
6
49
7
49
9
27
7
39
7
39
8
9
8
46
8
80
9
92
7
19
7
59
8
60
8
96
10
52
8
56
9
97
7
79
7
57
6
29
9
21
9
51
9
59
7
39
7
98
9
91
6
69
9
99
9
67
7
8
8
30
8
99
7
9
8
50
0
70
7
49
7
78
8
8
6
59
6
69
7
29
7
69
6
49
9
81
6
49
9
70
9
41
8
46
8
50
0
50
9
31
9
72
6
59
9
99
7
26
6
49
8
58
9
29
6
56
9
92
0
50
0
66
8
40
6
47
7
36
9
68
9
42
0
20
8
90
6
59
7
9
8
36
9
62
9
58
9
7
8
96
6
89
10
22
6
89
7
99
8
58
8
10
9
87
6
99
10
52
6
39
6
58
9
41
6
67
6
59
6
29
6
69
9
98
8
66
9
81
9
29
8
99
6
79
7
37
7
19
8
59
7
99
9
69
7
49
8
45
9
67
7
79
7
19
9
91
9
78
8
56
7
36
8
60
7
89
9
39
9
40
4
89
9
21
9
72
8
60
10
82
6
98
0
40
7
19
6
19
8
96
6
97
9
61
7
29
7
89
8
70
8
66
6
87
9
89
7
59
7
19
9
77
7
18
7
45
7
87
8
76
9
57
7
79
6
9
8
30
9
99
9
31
7
97
0
90
9
41
9
12
9
68
6
19
6
59
4
9
8
29
9
41
9
21
9
99
8
37
7
27
9
74
8
96
9
62
6
58
9
92
10
82
9
99
6
7
6
16
8
21
7
49
9
12
6
39
9
78
8
90
9
31
7
29
10
22
6
29
8
6
9
81
9
71
7
89
9
99
8
87
6
29
9
62
6
79
8
60
9
97
9
41
8
86
9
21
10
22
8
80
7
67
6
6
6
77
6
59
0
60
9
38
8
6
1
69
9
17
6
69
10
22
8
50
6
9
9
10
9
47
6
97
9
8
4
70
8
20
7
9
6
19
8
10
7
99
7
9
9
61
6
19
9
99
9
20
7
79
8
16
6
23
8
90
6
11
7
66
9
51
6
19
6
69
0
60
7
46
8
99
6
69
0
91
6
59
9
21
6
69
6
46
9
51
8
30
9
91
7
87
8
49
6
28
9
91
7
99
8
40
7
19
0
67
2
2
6
99
8
66
7
59
9
71
9
97
4
89
8
16
6
9
7
8
10
82
6
99
6
79
8
28
7
76
8
16
7
49
7
69
7
79
6
76
7
9
7
67
9
91
10
22
9
21
10
81
7
19
6
59
9
70
8
60
