7
59
10
52
9
99
7
79
9
31
9
29
9
59
9
71
7
77
7
89
8
10
9
80
7
29
9
43
9
57
7
68
8
70
11
83
9
99
9
47
9
62
0
90
9
73
7
99
9
51
7
48
7
17
9
41
9
41
8
20
8
50
0
10
9
49
9
91
8
50
7
39
7
89
9
61
9
27
7
79
7
47
9
58
7
99
9
70
9
32
9
59
9
33
9
99
9
32
9
59
11
83
9
81
0
90
10
52
9
48
7
59
8
79
9
51
9
42
9
63
9
71
8
50
9
48
9
18
7
29
9
89
9
92
11
83
9
70
9
61
9
69
7
49
10
22
9
31
0
70
9
42
9
41
7
49
8
70
8
10
7
79
9
31
8
70
9
63
8
99
9
41
7
26
7
89
8
50
9
11
8
60
7
79
9
88
9
63
11
23
7
79
9
68
9
8
7
19
7
99
7
59
9
21
8
50
7
18
7
87
9
32
9
21
9
21
9
69
0
30
9
99
9
11
9
49
10
52
9
43
9
79
8
10
7
29
7
29
7
49
9
51
8
57
9
99
7
39
9
51
8
10
7
29
8
80
8
70
8
80
0
60
9
62
8
90
9
21
7
99
9
18
11
53
9
10
9
11
8
10
10
22
7
29
9
61
7
89
9
62
9
78
9
31
9
92
8
99
8
10
10
22
7
49
7
59
7
59
9
48
9
11
9
99
7
29
9
29
7
79
9
43
9
27
9
33
9
63
9
21
11
23
9
72
9
41
10
22
9
91
9
78
9
42
9
71
9
57
8
99
7
39
9
93
8
70
7
69
9
60
7
29
9
21
8
99
9
99
11
23
7
49
9
11
8
67
9
39
10
52
7
49
9
41
8
50
9
63
9
51
8
20
10
82
9
21
8
50
8
80
7
39
9
61
7
59
9
33
9
91
9
17
9
59
9
78
9
11
9
33
9
8
7
9
9
73
9
81
7
29
8
60
9
91
10
22
7
89
9
99
9
12
9
11
9
18
9
81
9
67
9
50
7
48
9
31
8
20
9
78
8
80
10
52
8
89
9
41
8
87
9
21
9
9
8
20
9
60
9
61
7
29
7
99
9
98
7
9
9
91
9
79
9
21
9
99
8
50
9
20
8
55
9
11
7
19
11
83
9
81
9
40
9
99
9
41
7
69
9
99
7
19
7
29
7
32
9
81
9
72
11
23
9
12
9
43
7
49
8
80
8
40
9
99
9
39
9
31
9
33
8
60
7
79
9
40
9
62
8
80
7
18
8
90
8
30
7
48
8
20
8
89
7
89
9
31
9
81
9
99
8
9
9
11
7
75
9
48
9
41
10
82
9
61
8
90
9
70
10
82
10
82
9
12
8
40
9
61
9
78
9
70
9
98
9
99
7
39
7
69
8
21
7
49
9
62
8
8
8
90
9
99
9
67
9
37
9
8
9
99
9
42
8
99
8
48
9
11
11
23
9
99
8
10
8
99
0
0
8
97
9
91
8
87
8
40
9
13
9
21
9
50
9
78
9
91
9
71
9
71
4
19
9
91
9
61
9
48
9
68
9
68
9
71
7
28
9
93
9
12
9
8
8
99
0
0
7
89
7
89
8
30
9
28
9
9
7
29
9
11
9
72
8
90
7
49
9
81
8
89
7
58
8
9
9
62
8
87
0
20
9
11
9
99
8
78
8
99
9
78
9
60
9
68
9
28
7
79
9
90
7
48
9
71
9
80
9
78
9
70
0
70
7
9
11
83
9
7
8
20
7
67
9
97
1
29
9
37
7
49
9
50
0
47
9
79
9
99
9
61
7
28
8
90
9
13
9
89
4
9
9
67
7
79
11
53
8
99
9
78
7
88
9
40
8
90
9
91
9
13
7
79
7
9
8
90
7
67
9
61
9
41
7
29
7
18
9
98
9
19
9
59
9
93
7
19
9
99
9
81
7
99
9
99
8
60
9
62
9
99
7
99
9
63
9
88
9
81
2
59
9
99
7
78
11
83
7
9
9
31
9
72
9
32
8
29
7
59
7
39
7
49
7
29
9
71
9
91
9
99
9
61
7
9
9
63
9
92
9
32
9
72
8
38
8
67
7
19
8
29
9
70
9
93
9
69
9
30
8
20
9
90
9
41
0
40
7
87
7
37
10
82
8
68
8
28
9
21
8
70
8
99
7
29
9
43
7
49
9
61
8
30
8
87
9
99
7
69
9
99
8
27
8
79
9
68
9
99
7
89
9
50
7
77
9
42
7
99
8
40
8
19
9
91
9
19
7
39
9
78
7
49
9
92
8
79
8
60
7
19
9
13
9
49
7
9
8
70
9
10
9
72
9
42
7
99
9
20
1
99
7
59
7
39
9
79
0
50
7
49
7
69
7
39
8
37
9
99
7
89
9
50
9
30
8
67
9
99
7
59
9
41
8
70
8
59
9
72
8
30
8
99
10
52
8
38
9
8
9
50
9
12
9
97
9
80
8
19
11
21
9
7
7
28
7
69
8
9
11
83
9
71
7
39
9
71
10
82
8
50
7
39
9
98
9
33
9
51
9
93
7
28
7
9
7
79
9
99
7
89
7
29
9
39
8
59
9
81
9
10
4
39
7
29
8
70
8
39
8
39
0
0
8
89
8
20
8
20
9
11
0
89
9
87
9
7
9
99
8
44
7
19
8
38
8
90
9
99
9
61
8
67
7
29
9
99
9
13
7
49
8
10
9
71
9
27
9
73
7
89
7
19
9
11
9
13
8
50
9
28
9
11
9
98
9
91
7
9
7
58
8
87
11
83
8
80
9
18
7
9
9
98
9
99
8
50
9
92
9
91
9
99
9
62
7
37
9
21
8
50
9
11
9
41
0
80
7
29
9
8
11
23
9
71
8
70
9
71
1
9
9
78
10
52
9
13
9
99
9
32
8
87
9
99
0
59
7
39
8
65
9
40
8
87
9
66
9
51
9
41
9
88
8
68
1
49
9
43
0
10
9
51
3
79
7
79
9
10
9
81
7
89
10
52
10
22
9
41
9
93
8
30
9
12
9
68
7
79
7
59
9
47
9
92
9
28
9
81
10
82
7
59
8
70
7
67
9
37
7
59
7
19
7
89
9
50
9
28
9
41
9
51
9
72
1
39
8
40
9
33
8
90
9
8
11
83
9
92
9
11
8
70
9
31
9
38
7
59
9
61
8
69
8
20
8
50
9
20
7
18
11
83
7
59
9
40
9
29
0
20
8
60
9
21
8
70
7
49
8
50
9
28
8
40
8
40
9
10
9
47
9
81
9
93
8
20
8
60
9
61
9
97
11
53
9
57
9
97
8
80
8
58
7
29
10
22
10
52
9
60
8
40
8
99
9
92
7
69
9
99
9
68
8
9
9
31
9
99
8
10
9
51
0
70
8
50
8
79
9
9
7
59
7
69
8
30
8
70
7
49
10
82
7
49
9
71
9
42
9
47
9
51
0
50
9
32
9
73
7
59
9
99
8
27
7
49
9
59
9
30
7
57
9
93
0
50
0
66
9
41
7
48
8
37
9
69
9
43
0
20
9
91
7
59
8
10
9
37
9
63
9
59
9
8
9
97
7
89
11
23
7
89
8
99
9
59
9
11
9
88
7
99
11
53
7
39
7
59
9
42
7
68
7
59
7
29
7
69
9
99
9
67
10
82
9
30
9
99
7
79
8
38
8
20
9
60
8
99
9
70
8
50
8
45
9
68
8
80
8
20
9
92
9
79
9
57
8
37
9
61
8
90
9
39
9
41
4
89
10
22
9
73
9
61
11
83
7
99
0
40
8
20
7
19
9
97
7
98
9
62
8
30
8
90
9
71
9
67
7
88
9
90
8
60
8
20
9
78
8
19
8
45
8
88
9
77
9
58
8
80
7
9
9
31
9
99
9
32
8
98
0
90
9
42
9
13
9
69
7
19
7
59
4
9
9
30
9
42
10
22
9
99
9
38
8
28
9
74
9
97
9
63
7
59
9
93
11
83
9
99
7
8
7
17
9
21
8
50
9
13
7
39
9
79
9
91
9
32
8
30
11
23
7
29
9
7
10
82
9
71
8
90
9
99
9
88
7
29
9
63
7
79
9
61
9
98
9
42
9
87
10
22
11
23
9
81
8
68
7
7
7
78
7
59
0
60
9
39
9
7
1
69
9
18
7
69
11
23
9
51
7
9
9
11
9
48
7
98
9
9
4
70
9
21
8
10
7
19
9
11
8
99
8
10
9
62
7
19
9
99
9
21
8
80
9
17
7
23
9
91
7
11
8
67
10
52
7
19
7
69
0
60
8
47
9
99
7
69
0
91
7
59
10
22
7
69
7
47
10
52
9
31
9
92
8
88
9
50
7
29
9
92
8
99
9
41
8
20
0
67
2
2
7
99
9
67
8
60
9
72
9
98
4
89
9
17
7
9
8
9
11
83
7
99
7
79
9
29
8
77
9
17
8
50
8
70
8
80
7
77
8
10
8
68
9
92
11
23
10
22
11
81
8
20
7
59
9
71
9
61
