9
64
19
64
9
99
19
94
9
34
9
34
9
64
9
74
19
92
9
94
9
14
19
94
9
34
9
44
9
64
9
74
9
74
19
94
9
99
19
62
9
64
0
90
9
74
9
99
19
64
19
63
19
32
9
44
9
44
19
34
19
64
0
10
19
64
9
94
19
64
9
44
9
94
9
64
9
34
19
94
19
62
9
64
9
99
9
74
9
34
9
64
9
34
9
99
9
34
9
64
19
94
19
94
0
90
19
64
19
63
9
64
19
94
19
64
9
44
9
64
9
74
19
64
19
63
19
33
9
34
9
94
9
94
19
94
9
74
9
64
9
74
19
64
19
34
9
34
0
70
9
44
9
44
19
64
9
74
9
14
19
94
9
34
9
74
9
64
9
99
9
44
9
26
9
94
19
64
9
14
9
64
19
94
9
94
9
64
19
34
19
94
9
74
9
14
19
34
9
99
9
64
19
34
19
64
19
33
9
94
9
34
19
34
19
34
9
74
0
30
9
99
9
14
19
64
19
64
9
44
19
94
9
14
9
34
9
34
19
64
19
64
9
64
9
99
9
44
19
64
9
14
9
34
19
94
9
74
19
94
0
60
9
64
9
94
19
34
9
99
19
33
19
64
9
14
9
14
9
14
19
34
9
34
9
64
9
94
9
64
19
93
9
34
9
94
9
99
9
14
19
34
19
64
9
64
9
64
19
63
9
14
9
99
9
34
9
34
19
94
9
44
9
34
9
34
9
64
19
34
19
34
9
74
9
44
19
34
9
94
19
93
9
44
9
74
9
64
9
99
9
44
9
94
9
74
9
74
9
64
9
34
19
34
9
99
9
99
19
34
19
64
9
11
9
74
9
44
19
64
19
64
9
44
19
64
9
64
19
64
19
34
19
94
19
34
19
64
19
94
9
44
9
64
9
64
9
34
9
94
19
32
9
64
19
93
9
14
9
34
9
14
9
14
9
74
19
94
9
34
9
64
9
94
19
34
9
94
9
99
9
14
9
14
19
33
19
94
9
74
19
64
19
63
9
34
19
34
19
93
19
94
19
64
9
94
9
44
9
94
19
34
9
14
19
34
9
64
9
64
9
34
9
99
9
99
9
14
9
94
19
94
19
34
9
99
19
64
19
34
8
55
9
14
19
34
19
94
19
94
9
44
9
99
9
44
9
74
9
99
19
34
9
34
9
32
19
94
9
74
19
34
9
14
9
44
19
64
19
94
9
44
9
99
9
44
9
34
9
34
9
64
19
94
9
44
9
64
19
94
19
33
9
94
9
34
19
63
19
34
9
94
9
94
9
34
19
94
9
99
9
14
9
14
8
75
19
63
9
44
19
94
9
64
9
94
9
74
19
94
19
82
9
14
9
44
9
64
19
93
9
74
9
99
9
99
9
44
9
74
19
21
19
64
9
64
9
14
9
94
9
99
9
74
9
44
9
14
9
99
9
44
9
99
19
63
9
14
19
34
9
99
9
14
9
99
0
0
9
99
9
94
9
94
9
44
9
14
19
34
19
64
19
93
9
94
9
74
9
74
4
19
9
94
9
64
19
63
9
74
9
74
9
74
9
34
9
94
9
14
9
14
9
99
0
0
9
94
9
94
9
34
9
34
9
14
9
34
9
14
9
74
9
94
19
64
19
94
9
94
9
64
9
14
9
64
9
94
0
20
9
14
9
99
19
93
9
99
19
93
9
64
9
74
9
34
19
94
9
94
19
63
9
74
19
94
19
93
9
74
0
70
9
14
19
94
9
14
19
34
9
74
9
99
1
29
9
44
19
64
19
64
0
47
19
94
9
99
9
64
9
34
9
94
9
14
9
94
4
9
9
74
19
94
19
64
9
99
19
93
9
94
9
44
9
94
9
94
9
14
19
94
9
14
9
94
9
74
9
64
9
44
9
34
19
33
9
99
19
34
9
64
9
94
19
34
9
99
19
94
9
99
9
99
9
64
9
64
9
99
9
99
9
64
9
94
19
94
2
59
9
99
19
93
19
94
9
14
9
34
9
74
9
34
9
34
9
64
9
44
19
64
9
34
9
74
9
94
9
99
9
64
9
14
9
64
9
94
9
34
9
74
9
44
9
74
19
34
9
34
9
74
9
94
9
74
9
34
9
20
9
94
9
44
0
40
9
94
9
44
19
94
9
74
9
34
19
34
9
74
9
99
9
34
9
44
19
64
9
64
9
34
9
94
9
99
9
74
9
99
9
34
19
94
9
74
9
99
9
94
19
64
19
92
9
44
9
99
9
44
19
34
9
94
19
34
9
44
19
93
19
64
9
94
19
94
9
64
19
34
9
14
19
64
9
14
9
74
9
14
9
74
9
44
9
99
19
34
1
99
9
64
9
44
19
94
0
50
19
64
9
74
9
44
9
44
9
99
9
94
19
64
9
34
9
74
9
99
9
64
9
44
9
74
9
64
9
74
9
34
9
99
19
64
9
44
9
14
19
64
9
14
9
99
19
94
19
34
19
21
9
14
9
28
9
74
9
14
19
94
9
74
9
44
9
74
19
94
19
64
9
44
9
99
9
34
19
64
9
94
9
28
9
14
19
94
9
99
9
94
9
34
9
44
9
64
19
94
9
14
4
39
9
34
9
74
9
44
9
44
0
0
9
94
19
34
19
34
9
14
0
89
9
94
9
14
9
99
9
43
19
34
9
38
9
94
9
99
9
64
9
74
9
34
9
99
9
14
19
64
9
14
9
74
9
34
9
74
9
94
19
34
9
14
9
14
19
64
9
34
9
14
9
99
9
94
9
14
9
64
9
94
19
94
19
94
19
33
9
14
9
99
9
99
19
64
9
94
9
94
9
99
9
64
9
44
19
34
19
64
9
14
9
44
0
80
9
34
9
14
19
34
9
74
9
74
9
74
1
9
19
93
19
64
9
14
9
99
9
34
9
94
9
99
0
59
9
44
8
65
9
44
9
94
9
66
19
64
9
44
9
94
9
74
1
49
9
44
0
10
19
64
3
79
19
94
9
14
19
94
9
94
19
64
19
34
9
44
9
94
9
34
9
14
9
74
19
94
9
64
19
62
9
94
9
34
19
94
19
94
9
64
9
74
9
74
9
44
9
64
19
34
9
94
19
64
9
34
9
44
19
64
9
74
1
39
9
44
9
34
9
94
9
8
19
94
9
94
9
14
9
74
9
34
9
44
9
64
9
64
9
74
19
34
19
64
19
34
19
33
19
94
9
64
9
44
9
34
0
20
9
64
19
34
9
74
19
64
19
64
9
34
9
44
9
44
9
14
19
62
19
94
9
94
19
34
9
64
9
64
9
99
19
64
9
64
9
97
19
94
9
64
9
34
19
34
19
64
9
64
9
44
9
99
9
94
9
74
9
99
9
74
9
14
9
34
9
99
9
14
19
64
0
70
19
64
19
94
9
14
9
64
9
74
9
34
9
74
19
64
19
94
19
64
9
74
9
44
19
62
19
64
0
50
9
34
9
74
9
64
9
99
9
34
19
64
9
64
9
34
9
64
9
94
0
50
0
66
9
44
19
63
9
44
9
74
9
44
0
20
9
94
9
64
9
14
9
44
9
64
9
64
9
14
9
99
9
94
19
34
9
94
9
99
9
64
9
14
9
94
9
99
19
64
9
44
9
64
9
44
9
74
9
64
9
34
9
74
9
99
9
74
19
94
9
34
9
99
19
94
9
44
19
34
9
64
9
99
9
74
19
64
8
45
9
74
19
94
19
34
9
94
19
94
9
64
9
44
9
64
9
94
9
39
9
44
4
89
19
34
9
74
9
64
19
94
9
99
0
40
19
34
19
34
9
99
9
99
9
64
9
34
9
94
9
74
9
74
9
94
9
94
9
64
19
34
19
93
19
34
8
45
9
94
19
92
9
64
19
94
9
14
9
34
9
99
9
34
9
99
0
90
9
44
9
14
9
74
19
34
9
64
4
9
9
34
9
44
19
34
9
99
9
44
9
34
9
74
9
99
9
64
9
64
9
94
19
94
9
99
9
14
19
32
19
21
19
64
9
14
9
44
19
94
9
94
9
34
9
34
19
34
9
34
9
14
19
94
9
71
9
94
9
99
9
94
9
34
9
64
19
94
9
64
9
99
9
44
9
94
19
34
19
34
19
94
9
74
9
14
19
93
9
64
0
60
9
44
9
14
1
69
19
33
9
74
19
34
19
64
9
14
9
14
19
63
9
99
9
14
4
70
19
34
9
14
19
34
9
14
9
99
9
14
9
64
19
34
9
99
19
34
19
94
19
32
19
22
9
94
9
11
9
74
19
64
19
34
9
74
0
60
19
62
9
99
9
74
0
91
9
64
19
34
9
74
19
62
19
64
9
34
9
94
9
94
19
64
9
34
9
94
9
99
9
44
19
34
0
67
2
2
9
99
9
74
9
64
9
74
9
99
4
89
19
32
9
14
9
14
19
94
9
99
19
94
9
34
19
92
19
32
19
64
9
74
19
94
19
92
9
14
9
74
9
94
19
34
19
34
19
81
19
34
9
64
9
74
9
64
