3
59
6
49
7
95
3
79
5
29
6
25
5
55
5
68
3
73
3
89
4
9
5
76
3
29
7
39
5
53
3
64
4
67
7
79
6
96
6
43
6
59
0
90
7
69
3
95
7
47
3
44
3
13
5
38
5
39
4
19
4
48
0
10
6
45
5
89
4
49
3
39
3
88
5
59
6
23
3
78
3
43
5
54
3
99
5
66
6
29
7
55
7
29
5
97
6
29
7
55
7
79
5
79
0
90
6
48
6
44
3
59
4
75
5
49
7
38
7
59
5
69
4
49
6
44
6
14
3
29
7
85
7
88
7
79
5
66
5
57
5
65
3
48
6
19
5
29
0
70
7
38
5
37
3
46
4
68
4
8
3
76
5
29
4
69
7
59
4
99
5
37
3
26
3
86
4
49
6
7
4
59
3
77
7
84
7
59
7
19
3
77
6
64
5
4
3
19
3
99
3
59
5
19
4
49
3
14
3
83
7
28
7
17
7
17
6
65
0
30
6
99
6
7
7
45
6
49
7
39
5
75
4
6
3
29
3
26
3
49
6
47
4
53
6
96
3
35
5
49
4
9
3
28
4
79
4
68
4
79
0
60
7
58
4
89
5
17
3
95
6
14
7
49
5
6
5
9
4
7
6
18
3
27
7
57
3
86
6
58
5
74
5
29
6
89
4
99
4
6
6
19
3
49
3
56
3
59
7
44
5
9
6
99
3
26
6
25
3
79
7
39
5
23
7
29
7
59
5
17
7
19
7
68
5
39
6
18
5
87
5
74
6
39
5
69
6
53
4
96
3
36
7
89
4
69
3
69
6
56
3
26
5
19
4
98
5
98
7
19
3
49
7
11
4
63
5
35
6
49
3
49
6
37
4
46
7
59
6
47
4
19
6
79
5
18
4
46
4
78
3
39
7
57
3
56
7
29
5
89
5
13
6
55
7
74
7
7
7
29
7
4
3
9
7
69
7
77
3
29
4
57
5
89
6
19
3
89
6
95
6
9
6
7
7
14
6
77
6
63
7
46
3
44
5
29
4
19
7
74
4
79
6
49
4
85
5
37
4
83
5
19
6
5
4
17
7
56
5
58
3
29
3
98
6
94
3
8
5
88
6
75
6
17
7
97
4
46
5
16
6
55
5
9
3
19
7
79
5
77
7
36
6
99
5
39
3
69
7
99
3
19
3
27
3
32
5
79
6
69
7
19
7
8
7
39
3
49
4
78
4
39
7
97
6
35
7
27
7
29
4
59
3
79
6
36
6
59
4
78
3
14
4
88
4
29
3
44
4
16
4
85
3
89
6
27
5
79
7
95
4
5
7
7
3
75
5
44
5
39
6
78
5
59
4
89
5
66
6
79
6
84
6
8
4
36
5
59
6
74
6
66
6
94
5
99
3
39
3
69
4
21
3
49
6
58
4
4
4
88
5
99
6
63
6
33
5
4
5
99
6
39
4
95
4
44
5
9
7
19
5
99
4
9
4
97
0
0
4
93
5
89
4
83
4
37
7
9
7
17
5
46
7
74
5
88
7
67
5
68
4
19
6
87
5
57
7
44
7
64
5
64
5
69
3
24
7
89
6
9
7
4
4
98
0
0
3
89
3
89
4
26
5
24
7
5
3
28
5
9
7
68
4
89
3
46
5
79
4
85
3
54
4
5
6
59
4
83
0
20
5
7
6
99
4
74
4
99
7
74
5
56
7
64
7
24
3
77
5
86
3
44
5
69
5
76
7
74
5
66
0
70
3
5
7
79
5
3
4
17
3
63
5
93
1
29
5
33
3
46
7
46
0
47
5
75
6
99
5
58
3
24
4
87
7
9
6
85
4
9
6
63
3
79
7
49
4
96
7
74
3
84
7
36
4
86
5
89
7
9
3
79
3
6
4
89
3
63
5
58
7
37
3
27
3
14
5
94
5
15
5
55
7
89
3
19
5
99
5
78
3
99
6
95
4
58
6
59
7
99
3
97
7
59
7
84
5
79
2
59
5
99
3
74
7
79
3
7
5
29
7
68
6
29
4
25
3
55
3
35
3
49
3
28
5
68
6
87
5
99
5
57
3
5
7
59
6
89
6
29
6
69
4
34
4
63
3
17
4
25
5
66
7
89
5
65
6
26
4
19
7
86
5
37
0
40
3
83
3
33
7
78
4
64
4
24
5
17
4
69
4
99
3
29
7
39
3
49
5
59
4
29
4
83
6
97
3
67
6
99
4
23
4
75
6
64
7
95
3
85
5
46
3
73
6
39
3
96
4
39
4
15
5
88
6
15
3
37
7
74
3
49
6
89
4
75
4
57
3
19
7
9
5
45
3
6
4
68
7
6
6
68
7
38
3
99
5
16
1
99
3
59
3
39
7
75
0
50
3
49
3
66
3
39
4
33
7
97
3
86
7
46
5
26
4
63
6
96
3
56
5
39
4
69
4
55
6
69
4
29
4
95
7
48
4
34
5
4
5
46
6
9
5
93
7
76
4
15
7
21
6
3
3
28
3
68
4
5
7
79
5
69
3
39
5
67
6
78
4
49
3
39
6
94
7
29
5
49
7
89
3
28
3
8
3
79
7
99
3
89
3
25
7
35
4
55
5
78
6
6
4
39
3
29
4
66
4
35
4
35
0
0
4
85
4
19
4
19
5
9
0
89
5
83
5
3
5
99
4
44
3
15
4
38
4
86
6
96
5
59
4
63
3
29
5
99
7
9
3
48
4
6
5
68
6
23
7
69
3
89
3
17
7
7
7
9
4
46
6
24
5
7
5
94
7
87
3
9
3
54
4
83
7
79
4
78
6
14
3
7
6
94
7
96
4
49
6
89
7
87
7
96
6
58
3
33
5
19
4
49
5
8
5
37
0
80
3
29
5
4
7
19
7
67
4
69
6
67
1
9
5
74
6
49
7
9
6
98
6
29
4
83
6
95
0
59
3
39
5
65
6
36
4
83
7
66
5
49
5
39
6
84
4
64
1
49
7
39
0
10
5
49
3
79
3
77
7
6
5
79
3
86
6
49
6
19
5
39
7
89
4
29
6
9
5
64
3
76
3
56
5
43
6
89
5
24
7
77
7
78
3
59
4
67
3
63
6
33
3
56
3
17
3
89
7
46
6
24
5
39
5
49
7
68
1
38
4
39
7
29
4
86
5
8
7
79
6
88
5
8
4
69
7
27
6
34
3
59
5
59
4
65
4
18
4
49
5
16
3
14
7
79
3
57
7
36
5
25
0
20
4
59
7
17
4
67
3
48
4
46
7
24
4
36
4
37
5
6
5
43
5
79
7
89
4
16
4
57
5
59
5
93
7
49
5
53
6
97
4
79
4
54
3
26
6
19
6
49
7
56
4
37
4
95
6
89
3
66
6
99
6
64
4
5
5
28
5
99
4
6
5
49
0
70
4
48
4
75
5
5
3
59
3
69
4
27
4
66
3
49
6
79
3
49
7
67
6
39
5
43
5
49
0
50
6
29
7
69
3
56
7
97
4
23
3
49
5
55
7
26
3
53
7
89
0
50
0
66
5
39
3
44
4
33
6
65
7
39
0
20
5
89
3
57
4
9
6
33
7
59
6
55
6
4
5
93
3
87
7
19
3
86
4
99
5
55
5
9
7
84
3
99
7
49
3
39
3
55
6
39
3
64
3
57
3
27
3
69
6
95
6
63
7
78
6
26
5
99
3
76
4
34
4
18
5
56
4
99
6
66
4
48
7
45
7
64
4
79
4
19
6
89
7
75
6
53
4
33
5
59
4
88
6
39
7
37
4
88
6
19
7
69
5
57
7
79
3
95
0
40
4
19
3
18
5
93
3
94
6
58
4
26
4
89
5
69
6
63
3
84
6
86
4
57
4
19
6
74
4
15
4
45
4
84
5
73
6
54
4
78
3
9
5
29
7
99
6
29
4
94
0
90
6
39
7
9
7
65
3
16
3
59
4
8
5
26
6
39
7
18
7
99
5
34
4
24
7
74
5
93
7
59
3
55
7
89
7
79
7
96
3
4
3
13
5
21
4
46
7
9
3
39
6
75
5
89
6
28
4
27
7
19
3
29
6
3
6
79
7
71
4
87
6
96
5
84
3
27
7
59
3
76
5
59
6
94
7
38
5
83
6
19
7
19
5
78
4
64
3
3
3
74
3
57
0
60
6
35
6
3
1
67
6
14
3
69
7
19
5
47
3
9
6
7
7
44
3
94
6
5
4
70
5
19
4
7
3
19
5
9
4
99
4
9
6
59
3
19
6
99
6
17
4
77
5
13
3
23
5
89
3
11
4
63
6
49
3
18
3
69
0
60
4
43
5
99
3
66
0
91
3
59
6
19
3
69
3
43
6
49
5
29
6
89
4
84
5
46
3
25
6
89
4
96
5
38
4
19
0
67
2
2
3
98
6
63
4
59
7
68
6
94
4
89
6
13
3
9
4
5
7
79
3
96
3
76
5
25
4
73
5
13
4
49
4
69
4
79
3
73
4
9
4
64
6
89
7
19
6
19
7
81
4
17
3
59
7
67
5
57
