4
59
7
49
8
96
4
79
6
29
7
26
6
56
6
69
4
74
4
89
5
9
6
77
4
29
8
40
6
54
4
65
5
68
8
80
7
97
7
44
7
59
0
90
8
70
4
96
8
48
4
45
4
14
6
39
6
39
5
19
5
49
0
10
7
46
6
89
5
49
4
39
4
89
6
59
7
24
4
79
4
44
6
55
4
99
6
67
7
29
8
56
8
30
6
98
7
29
8
56
8
80
6
79
0
90
7
49
7
45
4
59
5
76
6
49
8
39
8
60
6
69
5
49
7
45
7
15
4
29
8
86
8
89
8
80
6
67
6
58
6
66
4
49
7
19
6
29
0
70
8
39
6
38
4
47
5
69
5
9
4
77
6
29
5
69
8
60
5
99
6
38
4
26
4
87
5
49
7
8
5
59
4
78
8
85
8
60
8
20
4
78
7
65
6
5
4
19
4
99
4
59
6
19
5
49
4
15
4
84
8
29
8
18
8
18
7
66
0
30
7
99
7
8
8
46
7
49
8
40
6
76
5
7
4
29
4
27
4
49
7
48
5
54
7
97
4
36
6
49
5
9
4
29
5
79
5
69
5
79
0
60
8
59
5
89
6
18
4
96
7
15
8
50
6
7
6
9
5
8
7
19
4
28
8
58
4
87
7
59
6
75
6
29
7
89
5
99
5
7
7
19
4
49
4
57
4
59
8
45
6
9
7
99
4
27
7
26
4
79
8
40
6
24
8
30
8
60
6
18
8
20
8
69
6
39
7
19
6
88
6
75
7
39
6
69
7
54
5
97
4
37
8
90
5
69
4
69
7
57
4
27
6
19
5
99
6
99
8
20
4
49
8
11
5
64
6
36
7
49
4
49
7
38
5
47
8
60
7
48
5
19
7
79
6
19
5
47
5
79
4
39
8
58
4
57
8
30
6
89
6
14
7
56
8
75
8
8
8
30
8
5
4
9
8
70
8
78
4
29
5
58
6
89
7
19
4
89
7
96
7
9
7
8
8
15
7
78
7
64
8
47
4
45
6
29
5
19
8
75
5
79
7
49
5
86
6
38
5
84
6
19
7
6
5
18
8
57
6
59
4
29
4
99
7
95
4
9
6
89
7
76
7
18
8
98
5
47
6
17
7
55
6
9
4
19
8
80
6
78
8
37
7
99
6
39
4
69
8
99
4
19
4
28
4
32
6
79
7
69
8
20
8
9
8
40
4
49
5
79
5
39
8
98
7
36
8
28
8
30
5
59
4
79
7
37
7
59
5
79
4
15
5
89
5
29
4
45
5
17
5
86
4
89
7
28
6
79
8
96
5
6
8
8
4
75
6
45
6
39
7
79
6
59
5
89
6
67
7
79
7
84
7
9
5
37
6
59
7
75
7
67
7
95
6
99
4
39
4
69
5
21
4
49
7
59
5
5
5
89
6
99
7
64
7
34
6
5
6
99
7
39
5
96
5
45
6
9
8
20
6
99
5
9
5
98
0
0
5
94
6
89
5
84
5
38
8
10
8
18
6
47
8
75
6
89
8
68
6
69
4
19
7
88
6
58
8
45
8
65
6
65
6
69
4
25
8
90
7
9
8
5
5
99
0
0
4
89
4
89
5
27
6
25
8
6
4
29
6
9
8
69
5
89
4
47
6
79
5
86
4
55
5
6
7
59
5
84
0
20
6
8
7
99
5
75
5
99
8
75
6
57
8
65
8
25
4
78
6
87
4
45
6
69
6
77
8
75
6
67
0
70
4
6
8
80
6
4
5
18
4
64
6
94
1
29
6
34
4
47
8
47
0
47
6
76
7
99
6
59
4
25
5
88
8
10
7
86
4
9
7
64
4
79
8
50
5
97
8
75
4
85
8
37
5
87
6
89
8
10
4
79
4
7
5
89
4
64
6
59
8
38
4
28
4
15
6
95
6
16
6
56
8
90
4
19
6
99
6
79
4
99
7
96
5
59
7
59
8
99
4
98
8
60
8
85
6
79
2
59
6
99
4
75
8
80
4
8
6
29
8
69
7
29
5
26
4
56
4
36
4
49
4
29
6
69
7
88
6
99
6
58
4
6
8
60
7
89
7
29
7
69
5
35
5
64
4
18
5
26
6
67
8
90
6
66
7
27
5
19
8
87
6
38
0
40
4
84
4
34
8
79
5
65
5
25
6
18
5
69
5
99
4
29
8
40
4
49
6
59
5
29
5
84
7
98
4
68
7
99
5
24
5
76
7
65
8
96
4
86
6
47
4
74
7
39
4
97
5
39
5
16
6
89
7
16
4
38
8
75
4
49
7
89
5
76
5
58
4
19
8
10
6
46
4
7
5
69
8
7
7
69
8
39
4
99
6
17
1
99
4
59
4
39
8
76
0
50
4
49
4
67
4
39
5
34
8
98
4
87
8
47
6
27
5
64
7
97
4
57
6
39
5
69
5
56
7
69
5
29
5
96
8
49
5
35
6
5
6
47
7
9
6
94
8
77
5
16
8
21
7
4
4
28
4
69
5
6
8
80
6
69
4
39
6
68
7
79
5
49
4
39
7
95
8
30
6
49
8
90
4
28
4
9
4
79
8
99
4
89
4
26
8
36
5
56
6
79
7
7
4
39
4
29
5
67
5
36
5
36
0
0
5
86
5
19
5
19
6
9
0
89
6
84
6
4
6
99
5
44
4
16
5
38
5
87
7
97
6
59
5
64
4
29
6
99
8
10
4
49
5
7
6
69
7
24
8
70
4
89
4
18
8
8
8
10
5
47
7
25
6
8
6
95
8
88
4
9
4
55
5
84
8
80
5
79
7
15
4
8
7
95
8
97
5
49
7
89
8
88
8
97
7
59
4
34
6
19
5
49
6
9
6
38
0
80
4
29
6
5
8
20
8
68
5
69
7
68
1
9
6
75
7
49
8
10
7
99
7
29
5
84
7
96
0
59
4
39
6
65
7
37
5
84
8
66
6
49
6
39
7
85
5
65
1
49
8
40
0
10
6
49
3
79
4
78
8
7
6
79
4
87
7
49
7
19
6
39
8
90
5
29
7
9
6
65
4
77
4
57
6
44
7
89
6
25
8
78
8
79
4
59
5
68
4
64
7
34
4
57
4
18
4
89
8
47
7
25
6
39
6
49
8
69
1
39
5
39
8
30
5
87
6
8
8
80
7
89
6
9
5
69
8
28
7
35
4
59
6
59
5
66
5
19
5
49
6
17
4
15
8
80
4
58
8
37
6
26
0
20
5
59
8
18
5
68
4
49
5
47
8
25
5
37
5
38
6
7
6
44
6
79
8
90
5
17
5
58
6
59
6
94
8
50
6
54
7
97
5
79
5
55
4
27
7
19
7
49
8
57
5
38
5
96
7
89
4
67
7
99
7
65
5
6
6
29
6
99
5
7
6
49
0
70
5
49
5
76
6
6
4
59
4
69
5
28
5
67
4
49
7
79
4
49
8
68
7
39
6
44
6
49
0
50
7
29
8
70
4
57
8
98
5
24
4
49
6
56
8
27
4
54
8
90
0
50
0
66
6
39
4
45
5
34
7
66
8
40
0
20
6
89
4
58
5
9
7
34
8
60
7
56
7
5
6
94
4
88
8
20
4
87
5
99
6
56
6
9
8
85
4
99
8
50
4
39
4
56
7
39
4
65
4
58
4
28
4
69
7
96
7
64
8
79
7
27
6
99
4
77
5
35
5
19
6
57
5
99
7
67
5
49
8
45
8
65
5
79
5
19
7
89
8
76
7
54
5
34
6
59
5
89
7
39
8
38
4
89
7
19
8
70
6
58
8
80
4
96
0
40
5
19
4
19
6
94
4
95
7
59
5
27
5
89
6
69
7
64
4
85
7
87
5
58
5
19
7
75
5
16
5
45
5
85
6
74
7
55
5
79
4
9
6
29
8
99
7
29
5
95
0
90
7
39
8
10
8
66
4
17
4
59
4
9
6
27
7
39
8
19
8
99
6
35
5
25
8
74
6
94
8
60
4
56
8
90
8
80
8
97
4
5
4
14
6
21
5
47
8
10
4
39
7
76
6
89
7
29
5
28
8
20
4
29
7
4
7
79
8
71
5
88
7
97
6
85
4
28
8
60
4
77
6
59
7
95
8
39
6
84
7
19
8
20
6
79
5
65
4
4
4
75
4
58
0
60
7
36
7
4
1
68
7
15
4
69
8
20
6
48
4
9
7
8
8
45
4
95
7
6
4
70
6
19
5
8
4
19
6
9
5
99
5
9
7
59
4
19
7
99
7
18
5
78
6
14
4
23
6
89
4
11
5
64
7
49
4
19
4
69
0
60
5
44
6
99
4
67
0
91
4
59
7
19
4
69
4
44
7
49
6
29
7
89
5
85
6
47
4
26
7
89
5
97
6
39
5
19
0
67
2
2
4
99
7
64
5
59
8
69
7
95
4
89
7
14
4
9
5
6
8
80
4
97
4
77
6
26
5
74
6
14
5
49
5
69
5
79
4
74
5
9
5
65
7
89
8
20
7
19
8
81
5
18
4
59
8
68
6
58
