9
64
17
59
9
99
14
86
9
34
9
34
9
64
9
74
12
84
9
94
9
14
15
87
9
34
9
44
9
64
9
74
9
74
18
90
9
99
12
54
9
64
0
90
9
74
9
99
16
58
13
55
12
24
9
44
9
44
15
27
15
57
0
10
14
56
9
94
15
57
9
44
9
94
9
64
9
34
14
86
12
54
9
64
9
99
9
74
9
34
9
64
9
34
9
99
9
34
9
64
18
90
16
88
0
90
17
59
13
55
9
64
14
86
16
58
9
44
9
64
9
74
15
57
13
55
13
25
9
34
9
94
9
94
18
90
9
74
9
64
9
74
14
56
17
29
9
34
0
70
9
44
9
44
14
56
9
74
9
14
14
86
9
34
9
74
9
64
9
99
9
44
9
26
9
94
15
57
9
14
9
64
14
86
9
94
9
64
18
30
14
86
9
74
9
14
14
26
9
99
9
64
16
28
15
57
13
25
9
94
9
34
16
28
16
28
9
74
0
30
9
99
9
14
14
56
17
59
9
44
14
86
9
14
9
34
9
34
14
56
16
58
9
64
9
99
9
44
16
58
9
14
9
34
15
87
9
74
15
87
0
60
9
64
9
94
16
28
9
99
13
25
18
60
9
14
9
14
9
14
17
29
9
34
9
64
9
94
9
64
13
85
9
34
9
94
9
99
9
14
17
29
14
56
9
64
9
64
13
55
9
14
9
99
9
34
9
34
14
86
9
44
9
34
9
34
9
64
16
28
18
30
9
74
9
44
17
29
9
94
13
85
9
44
9
74
9
64
9
99
9
44
9
94
9
74
9
74
9
64
9
34
16
28
9
99
9
99
18
30
14
56
9
11
9
74
9
44
17
59
14
56
9
44
15
57
9
64
16
58
15
27
17
89
16
28
15
57
15
87
9
44
9
64
9
64
9
34
9
94
12
24
9
64
13
85
9
14
9
34
9
14
9
14
9
74
16
88
9
34
9
64
9
94
17
29
9
94
9
99
9
14
9
14
13
25
16
88
9
74
15
57
13
55
9
34
15
27
13
85
15
87
17
59
9
94
9
44
9
94
16
28
9
14
15
27
9
64
9
64
9
34
9
99
9
99
9
14
9
94
14
86
16
28
9
99
15
57
15
27
8
55
9
14
14
26
18
90
16
88
9
44
9
99
9
44
9
74
9
99
14
26
9
34
9
32
16
88
9
74
18
30
9
14
9
44
14
56
15
87
9
44
9
99
9
44
9
34
9
34
9
64
14
86
9
44
9
64
15
87
13
25
9
94
9
34
13
55
15
27
9
94
9
94
9
34
16
88
9
99
9
14
9
14
8
75
13
55
9
44
17
89
9
64
9
94
9
74
17
89
17
82
9
14
9
44
9
64
13
85
9
74
9
99
9
99
9
44
9
74
15
21
14
56
9
64
9
14
9
94
9
99
9
74
9
44
9
14
9
99
9
44
9
99
13
55
9
14
18
30
9
99
9
14
9
99
0
0
9
99
9
94
9
94
9
44
9
14
16
28
15
57
13
85
9
94
9
74
9
74
4
19
9
94
9
64
13
55
9
74
9
74
9
74
9
34
9
94
9
14
9
14
9
99
0
0
9
94
9
94
9
34
9
34
9
14
9
34
9
14
9
74
9
94
14
56
16
88
9
94
9
64
9
14
9
64
9
94
0
20
9
14
9
99
13
85
9
99
13
85
9
64
9
74
9
34
14
86
9
94
13
55
9
74
15
87
13
85
9
74
0
70
9
14
18
90
9
14
15
27
9
74
9
99
1
29
9
44
14
56
15
57
0
47
14
86
9
99
9
64
9
34
9
94
9
14
9
94
4
9
9
74
14
86
18
60
9
99
13
85
9
94
9
44
9
94
9
94
9
14
14
86
9
14
9
94
9
74
9
64
9
44
9
34
13
25
9
99
14
26
9
64
9
94
14
26
9
99
16
88
9
99
9
99
9
64
9
64
9
99
9
99
9
64
9
94
16
88
2
59
9
99
13
85
18
90
9
14
9
34
9
74
9
34
9
34
9
64
9
44
14
56
9
34
9
74
9
94
9
99
9
64
9
14
9
64
9
94
9
34
9
74
9
44
9
74
14
26
9
34
9
74
9
94
9
74
9
34
9
20
9
94
9
44
0
40
9
94
9
44
17
89
9
74
9
34
16
28
9
74
9
99
9
34
9
44
14
56
9
64
9
34
9
94
9
99
9
74
9
99
9
34
14
86
9
74
9
99
9
94
15
57
12
84
9
44
9
99
9
44
14
26
9
94
14
26
9
44
13
85
14
56
9
94
14
86
9
64
14
26
9
14
14
56
9
14
9
74
9
14
9
74
9
44
9
99
15
27
1
99
9
64
9
44
14
86
0
50
14
56
9
74
9
44
9
44
9
99
9
94
15
57
9
34
9
74
9
99
9
64
9
44
9
74
9
64
9
74
9
34
9
99
17
59
9
44
9
14
15
57
9
14
9
99
15
87
14
26
18
21
9
14
9
28
9
74
9
14
18
90
9
74
9
44
9
74
17
89
15
57
9
44
9
99
9
34
16
58
9
94
9
28
9
14
14
86
9
99
9
94
9
34
9
44
9
64
16
88
9
14
4
39
9
34
9
74
9
44
9
44
0
0
9
94
15
27
15
27
9
14
0
89
9
94
9
14
9
99
9
43
14
26
9
38
9
94
9
99
9
64
9
74
9
34
9
99
9
14
14
56
9
14
9
74
9
34
9
74
9
94
14
26
9
14
9
14
15
57
9
34
9
14
9
99
9
94
9
14
9
64
9
94
18
90
15
87
13
25
9
14
9
99
9
99
15
57
9
94
9
94
9
99
9
64
9
44
16
28
15
57
9
14
9
44
0
80
9
34
9
14
18
30
9
74
9
74
9
74
1
9
13
85
17
59
9
14
9
99
9
34
9
94
9
99
0
59
9
44
8
65
9
44
9
94
9
66
16
58
9
44
9
94
9
74
1
49
9
44
0
10
16
58
3
79
14
86
9
14
16
88
9
94
17
59
17
29
9
44
9
94
9
34
9
14
9
74
14
86
9
64
12
54
9
94
9
34
16
88
17
89
9
64
9
74
9
74
9
44
9
64
14
26
9
94
15
57
9
34
9
44
16
58
9
74
1
39
9
44
9
34
9
94
9
8
18
90
9
94
9
14
9
74
9
34
9
44
9
64
9
64
9
74
15
27
15
57
15
27
13
25
18
90
9
64
9
44
9
34
0
20
9
64
16
28
9
74
14
56
15
57
9
34
9
44
9
44
9
14
12
54
16
88
9
94
15
27
9
64
9
64
9
99
18
60
9
64
9
97
15
87
9
64
9
34
17
29
17
59
9
64
9
44
9
99
9
94
9
74
9
99
9
74
9
14
9
34
9
99
9
14
16
58
0
70
15
57
14
86
9
14
9
64
9
74
9
34
9
74
14
56
17
89
14
56
9
74
9
44
12
54
16
58
0
50
9
34
9
74
9
64
9
99
9
34
14
56
9
64
9
34
9
64
9
94
0
50
0
66
9
44
13
55
9
44
9
74
9
44
0
20
9
94
9
64
9
14
9
44
9
64
9
64
9
14
9
99
9
94
18
30
9
94
9
99
9
64
9
14
9
94
9
99
18
60
9
44
9
64
9
44
9
74
9
64
9
34
9
74
9
99
9
74
17
89
9
34
9
99
14
86
9
44
15
27
9
64
9
99
9
74
15
57
8
45
9
74
15
87
15
27
9
94
14
86
9
64
9
44
9
64
9
94
9
39
9
44
4
89
17
29
9
74
9
64
18
90
9
99
0
40
15
27
14
26
9
99
9
99
9
64
9
34
9
94
9
74
9
74
9
94
9
94
9
64
15
27
13
85
14
26
8
45
9
94
12
84
9
64
15
87
9
14
9
34
9
99
9
34
9
99
0
90
9
44
9
14
9
74
14
26
9
64
4
9
9
34
9
44
17
29
9
99
9
44
9
34
9
74
9
99
9
64
9
64
9
94
18
90
9
99
9
14
12
24
16
21
15
57
9
14
9
44
14
86
9
94
9
34
9
34
18
30
9
34
9
14
17
89
9
71
9
94
9
99
9
94
9
34
9
64
14
86
9
64
9
99
9
44
9
94
17
29
18
30
16
88
9
74
9
14
13
85
9
64
0
60
9
44
9
14
1
69
13
25
9
74
18
30
16
58
9
14
9
14
13
55
9
99
9
14
4
70
16
28
9
14
14
26
9
14
9
99
9
14
9
64
14
26
9
99
16
28
15
87
12
24
14
22
9
94
9
11
9
74
17
59
14
26
9
74
0
60
12
54
9
99
9
74
0
91
9
64
17
29
9
74
12
54
17
59
9
34
9
94
9
94
15
57
9
34
9
94
9
99
9
44
15
27
0
67
2
2
9
99
9
74
9
64
9
74
9
99
4
89
12
24
9
14
9
14
18
90
9
99
14
86
9
34
12
84
12
24
15
57
9
74
15
87
12
84
9
14
9
74
9
94
18
30
17
29
18
81
15
27
9
64
9
74
9
64
