8
70
9
18
9
18
8
99
9
13
9
44
9
13
9
41
9
41
9
8
8
50
9
79
9
68
9
12
9
18
9
31
9
60
9
42
9
94
8
80
9
12
10
82
9
78
8
18
8
99
9
32
9
91
9
44
9
20
8
30
9
61
8
89
12
24
8
30
11
53
9
11
9
42
12
84
9
12
10
52
9
74
9
44
9
48
9
28
9
33
9
28
9
94
8
60
9
49
9
40
9
10
9
51
9
81
9
64
11
83
8
40
9
41
9
72
10
82
9
99
9
20
9
33
10
82
8
50
8
99
9
61
9
99
9
93
9
61
9
99
9
8
9
62
9
14
9
21
9
41
9
99
9
41
9
20
8
79
8
60
8
96
9
31
9
33
8
20
9
93
8
58
8
50
8
60
9
13
8
30
9
99
9
51
9
13
9
31
9
91
9
62
9
11
8
40
9
8
9
70
9
94
8
80
9
19
9
13
9
20
8
89
9
51
8
40
9
30
9
41
9
40
9
39
8
90
9
99
8
40
9
11
9
31
9
94
9
99
8
99
9
98
9
94
8
29
9
60
9
79
8
90
9
72
9
31
9
62
8
90
8
50
9
20
8
99
9
69
9
91
9
91
9
29
8
30
9
20
12
54
9
32
9
68
0
20
9
29
8
30
9
94
8
90
8
60
9
31
9
61
8
30
9
99
9
79
8
10
10
22
9
62
9
78
9
92
9
14
9
43
9
50
9
74
10
52
9
38
8
15
9
41
9
99
9
99
9
41
9
10
9
62
9
49
9
50
9
99
9
90
9
93
8
50
0
70
9
13
9
73
9
29
9
42
8
20
8
30
0
10
8
89
9
12
9
13
0
80
9
70
9
50
8
20
8
9
12
84
11
23
9
99
9
69
9
58
9
98
9
21
8
10
9
42
8
48
9
81
9
70
9
91
9
43
9
42
9
99
9
72
9
99
9
11
9
81
9
62
9
44
9
99
9
21
8
28
11
53
9
89
9
92
9
50
9
73
8
20
9
41
8
40
9
73
10
22
8
80
8
20
9
18
8
30
9
51
8
80
9
99
9
99
9
92
11
23
9
31
9
21
9
13
9
8
8
90
9
49
9
34
9
61
8
48
8
49
9
90
8
10
9
13
9
32
11
53
9
92
9
39
9
92
9
91
9
99
9
21
9
99
9
32
12
24
9
33
9
94
9
40
9
62
9
50
8
10
8
10
9
72
9
61
9
72
9
41
4
89
9
14
9
61
8
20
8
80
9
72
9
39
9
51
9
2
9
43
9
89
8
98
9
99
9
31
2
69
9
19
8
98
9
93
9
71
9
19
8
14
9
91
9
99
8
90
9
61
9
89
9
61
9
19
9
92
8
40
9
74
11
23
9
20
9
42
9
59
11
23
8
80
9
33
9
21
9
46
9
43
9
73
8
79
9
13
9
43
8
60
12
24
9
12
9
34
9
43
9
37
9
91
10
22
8
80
9
41
8
29
1
29
9
38
8
20
9
44
9
19
9
93
9
34
8
30
9
8
9
61
8
80
9
92
8
20
9
99
10
52
8
99
9
21
9
31
11
53
9
61
8
60
9
9
9
99
9
69
9
31
9
32
9
11
8
9
9
32
9
59
9
81
9
31
9
51
9
40
8
40
9
32
9
61
10
82
9
93
8
60
8
69
10
22
8
90
12
54
9
47
8
49
1
39
9
43
9
51
9
19
9
60
9
42
8
10
9
90
9
34
12
54
8
80
9
92
9
99
8
59
2
79
9
11
12
84
9
43
9
81
9
68
10
52
9
91
9
50
9
89
0
70
8
30
9
91
2
19
3
99
8
40
8
68
8
10
9
33
9
80
9
71
9
9
1
89
9
21
9
93
8
80
9
92
8
80
8
58
9
9
9
21
9
21
9
62
10
82
9
76
10
52
9
19
9
60
9
61
12
54
8
78
8
40
9
73
12
54
9
19
9
91
9
21
9
11
9
34
8
90
8
99
9
14
9
72
9
72
9
21
9
60
9
72
8
80
9
99
9
8
9
21
9
41
9
13
9
21
10
82
9
61
8
88
9
70
8
38
9
91
8
88
9
39
9
31
9
72
8
10
10
82
9
11
10
52
8
40
9
73
9
13
9
18
9
51
3
0
9
86
11
23
9
11
9
99
2
9
9
32
9
99
9
40
12
54
8
98
8
60
11
83
9
99
9
48
9
41
12
24
10
52
9
33
8
80
9
42
8
32
9
10
9
79
10
82
9
71
9
11
9
71
8
40
12
84
9
33
10
52
9
61
8
58
9
51
9
92
9
21
9
64
8
50
9
44
9
59
8
28
8
80
9
93
9
99
9
44
9
78
9
99
8
90
9
90
9
51
9
81
9
91
8
50
8
99
9
13
8
88
9
19
9
8
9
42
8
10
9
43
8
60
8
99
9
32
8
30
8
70
9
63
8
70
11
23
9
81
8
70
9
38
9
51
9
81
9
10
8
70
9
21
9
33
8
38
9
99
8
70
12
84
9
31
9
29
9
12
0
50
9
89
9
42
9
42
9
14
1
99
9
18
9
99
9
44
9
73
8
28
9
12
9
12
12
24
9
50
11
23
9
13
9
42
9
92
9
81
8
90
9
11
9
33
9
92
9
41
0
60
9
63
12
84
8
72
9
71
9
59
9
99
8
10
8
99
8
60
8
40
9
28
9
8
9
33
9
62
4
49
8
60
10
82
0
90
9
19
8
88
8
80
9
50
9
11
9
64
8
18
8
20
0
20
8
99
9
49
9
12
8
60
8
70
1
19
9
89
9
12
9
21
9
18
8
70
8
30
9
11
8
60
9
91
9
71
9
90
9
32
9
14
9
68
4
59
9
61
9
42
9
71
8
90
9
49
11
23
9
8
9
41
9
12
4
39
9
90
0
10
8
70
9
81
1
43
9
99
8
10
9
32
10
22
9
64
9
79
9
13
8
20
9
63
9
8
8
99
9
91
9
80
8
20
9
8
9
44
8
30
8
60
11
23
9
92
10
82
9
91
9
81
8
40
0
10
11
83
9
69
9
50
9
38
9
31
9
89
9
43
12
24
9
21
9
71
9
43
9
58
9
64
9
28
8
20
9
72
9
92
8
60
8
59
2
89
9
44
0
53
10
52
8
60
9
93
9
79
9
88
1
89
9
31
8
90
9
62
9
51
9
98
9
38
9
44
9
99
9
99
9
89
10
22
11
23
9
99
8
10
9
11
8
80
9
43
8
8
10
22
9
99
9
72
8
40
9
10
9
64
9
74
9
19
9
99
11
53
9
42
9
12
9
71
9
92
9
28
9
43
9
31
8
20
9
21
9
88
9
61
8
90
9
72
9
81
9
99
9
32
9
13
8
81
9
49
9
69
9
21
9
48
9
61
9
8
9
74
0
30
8
50
9
51
9
79
8
99
9
62
9
98
9
29
9
92
10
52
9
21
1
39
9
71
9
19
9
11
9
12
8
20
9
94
9
50
9
68
8
30
9
62
9
51
9
38
9
72
9
19
9
11
9
61
10
82
0
10
9
12
8
59
8
39
8
10
9
73
9
21
9
20
9
59
9
93
9
59
9
59
9
41
9
51
9
72
9
41
9
62
9
60
9
42
8
90
8
60
12
54
9
14
9
40
9
93
8
58
9
43
9
44
9
93
9
31
9
29
8
90
4
99
8
98
8
10
9
93
9
18
9
72
9
31
10
52
8
40
11
53
9
72
9
49
9
59
8
99
8
10
9
58
9
34
4
29
9
38
11
23
12
54
9
51
9
33
8
8
9
70
11
23
9
31
8
39
9
56
9
51
9
41
9
31
9
21
9
32
8
50
9
62
11
53
8
19
9
11
3
59
9
30
9
40
9
60
9
28
9
99
9
34
9
18
9
9
9
92
11
83
9
12
9
70
0
50
10
22
8
60
9
19
8
99
11
53
8
60
9
11
9
89
9
51
9
99
9
91
9
68
11
83
8
28
12
24
8
60
9
34
9
99
8
10
9
30
9
64
9
11
9
48
9
21
9
99
9
58
9
19
8
80
8
40
9
94
9
98
9
29
9
93
9
61
8
10
8
20
8
30
9
99
9
19
8
70
9
93
9
93
9
99
8
10
8
10
9
30
10
22
9
69
9
50
9
28
9
99
8
50
10
22
9
41
8
60
11
83
9
62
11
23
2
18
9
44
8
39
9
6
9
44
9
41
9
99
9
31
9
11
9
99
9
99
11
53
9
73
9
64
2
9
11
53
9
12
9
99
9
33
9
79
9
72
9
29
9
99
9
38
12
54
9
64
8
90
9
92
9
49
9
11
9
40
9
49
9
11
8
10
10
82
8
70
9
61
9
98
9
21
9
51
9
11
9
70
9
12
12
84
12
54
9
11
9
42
4
69
9
40
9
21
9
43
9
31
9
41
9
34
9
28
9
69
9
90
9
49
9
14
11
83
9
38
11
83
9
38
9
72
9
91
9
99
9
51
9
81
9
51
8
70
9
12
0
45
9
12
9
9
9
19
