7
69
8
17
8
17
7
99
9
12
9
43
9
12
8
40
8
40
9
7
7
49
8
78
9
67
9
11
9
17
8
30
9
59
9
41
9
93
7
79
9
11
9
81
8
77
7
17
7
99
9
31
8
90
9
43
8
19
7
29
8
60
7
88
11
23
7
29
10
52
8
10
9
41
11
83
9
11
9
51
9
73
9
43
8
47
9
27
9
32
9
27
9
93
7
59
9
48
8
39
8
9
8
50
9
80
9
63
10
82
7
39
9
40
9
71
9
81
9
99
9
19
9
32
9
81
7
49
7
99
8
60
9
99
9
92
8
60
8
99
9
7
9
61
9
13
9
20
9
40
9
99
8
40
9
19
7
78
7
59
7
96
8
30
9
32
7
19
9
92
7
57
7
49
7
59
9
12
7
29
8
99
9
50
8
14
8
30
8
90
9
61
8
10
7
39
9
8
8
69
9
93
7
79
9
18
9
13
9
19
7
88
9
50
7
39
9
29
8
40
9
39
9
38
7
89
8
99
7
39
8
10
8
30
9
93
8
99
7
99
9
97
9
93
7
28
9
59
9
78
7
89
9
71
8
30
9
61
7
89
7
49
9
19
7
99
9
68
8
90
8
90
8
28
7
29
9
19
11
53
9
31
8
67
0
20
9
28
7
29
9
93
7
89
7
59
9
30
8
60
7
29
8
99
9
78
7
9
9
21
9
61
9
77
9
91
9
13
9
42
9
49
9
73
9
51
8
37
8
15
8
40
9
99
8
99
8
40
9
9
9
61
8
48
9
49
9
99
8
89
9
92
7
49
0
70
9
12
9
72
8
28
9
41
7
19
7
29
0
10
7
88
9
11
9
12
0
80
8
69
9
49
7
19
7
8
11
83
10
22
8
99
9
68
9
57
9
97
8
20
7
9
9
41
7
47
8
80
9
69
8
90
9
42
9
41
9
99
9
71
9
99
9
10
8
80
9
61
9
43
9
99
9
20
7
27
10
52
9
88
9
91
8
49
9
72
7
19
8
40
7
39
9
72
9
21
7
79
7
19
9
17
7
29
8
50
7
79
9
98
9
99
9
91
10
22
8
30
8
20
9
12
8
7
7
89
9
48
9
33
8
60
7
48
7
48
9
89
7
9
9
12
9
31
10
52
9
91
9
38
9
91
9
90
8
99
8
20
9
99
9
31
11
23
9
32
9
93
8
39
9
61
9
49
7
9
7
9
9
71
8
60
9
71
8
40
4
89
9
13
8
60
7
19
7
79
9
71
9
38
8
50
8
2
9
42
9
88
7
97
9
99
9
30
2
69
8
18
7
97
9
92
8
70
8
18
7
14
8
90
9
99
7
89
8
60
9
88
8
60
9
18
9
91
7
39
9
73
10
22
8
19
9
41
9
58
10
22
7
79
9
32
8
21
8
46
9
42
9
72
7
78
9
12
9
42
7
59
11
23
9
11
9
33
9
42
8
37
9
90
9
21
7
79
8
40
7
28
1
29
8
37
7
19
9
43
9
18
9
92
9
33
7
29
8
7
8
60
7
79
9
91
7
19
9
99
9
51
7
99
8
20
8
30
10
52
9
60
7
59
8
8
9
99
9
68
8
30
9
31
8
10
7
8
9
32
8
58
8
80
9
30
8
50
9
39
7
39
9
31
9
60
9
81
9
93
7
59
7
68
9
21
7
89
11
53
9
47
7
48
1
39
9
42
9
50
9
18
9
59
9
41
7
9
9
89
9
33
11
53
7
79
9
91
9
99
7
59
2
79
8
10
11
83
9
42
8
80
9
67
9
51
8
90
9
49
8
88
0
70
7
29
8
90
2
19
3
99
7
39
7
67
7
9
9
32
9
79
9
70
9
8
1
89
8
20
9
92
7
79
9
91
7
79
7
57
8
8
8
20
8
20
9
61
9
81
8
76
9
51
9
18
9
59
8
60
11
53
7
77
7
39
9
72
11
53
8
18
8
90
9
20
9
10
9
33
7
89
7
99
9
13
9
71
9
71
8
20
9
59
9
71
7
79
9
99
8
7
8
20
9
40
9
12
8
20
9
81
8
60
7
87
9
69
7
37
8
90
7
87
9
38
9
30
9
71
7
9
9
81
8
10
9
51
7
39
9
72
9
12
9
17
9
50
3
0
9
86
10
22
8
10
9
99
2
9
9
31
9
99
8
39
11
53
7
97
7
59
10
82
9
99
9
47
8
40
11
23
9
51
9
32
7
79
9
41
7
32
9
9
9
78
9
81
8
70
8
10
9
70
7
39
11
83
9
32
9
51
8
60
7
57
8
50
9
91
8
20
9
63
7
49
9
43
9
58
7
27
7
79
9
92
9
99
9
43
9
77
9
99
7
89
9
89
8
50
8
80
9
90
7
49
7
99
9
12
7
87
9
18
9
7
9
41
7
9
9
42
7
59
7
99
9
31
7
29
7
69
9
62
7
69
10
22
9
80
7
69
9
37
9
50
8
80
8
9
7
69
8
20
9
32
7
37
9
99
7
69
11
83
9
30
8
28
9
11
0
50
9
88
9
41
9
41
9
13
1
99
8
17
9
99
9
43
9
72
7
27
9
11
9
11
11
23
9
49
10
22
9
12
9
41
9
91
8
80
7
89
8
10
9
32
9
91
9
40
0
60
9
62
11
83
7
72
8
70
9
58
9
98
7
9
7
99
7
59
7
39
9
27
9
7
9
33
9
61
4
49
7
59
9
81
0
90
8
18
7
87
7
79
9
49
8
11
9
63
7
17
7
19
0
20
7
99
9
48
9
11
7
59
7
69
1
19
8
88
9
11
8
20
9
17
7
69
7
29
8
10
7
59
9
90
9
70
9
89
9
31
9
13
9
68
4
59
8
60
9
41
8
70
7
89
8
48
10
22
9
7
8
40
9
11
4
39
9
89
0
10
7
69
8
80
1
43
8
99
7
9
9
31
9
21
9
63
9
78
9
12
7
19
9
62
9
7
7
99
8
90
8
79
7
19
8
8
9
43
7
29
7
59
10
22
9
91
9
81
8
90
8
80
7
39
0
10
10
82
9
68
9
49
8
37
9
31
8
88
9
42
11
23
9
20
9
70
9
42
9
57
9
63
8
27
7
19
9
71
9
91
7
59
7
58
2
89
9
43
0
53
9
51
7
59
9
92
9
78
9
88
1
89
8
30
7
89
9
61
9
50
8
98
9
37
9
43
9
99
8
99
8
88
9
21
10
22
8
99
7
9
8
10
7
79
9
42
7
7
9
23
9
99
9
71
7
39
9
9
9
63
9
73
9
18
9
98
10
52
9
41
9
11
8
70
9
91
9
28
9
42
9
30
7
19
8
20
9
87
8
60
7
89
9
71
8
80
9
99
9
31
9
12
7
81
8
48
8
68
8
20
8
47
8
60
9
8
9
73
0
30
7
49
8
50
8
78
7
99
9
61
8
97
9
28
9
91
9
51
8
20
1
39
8
70
8
18
8
10
9
11
7
19
9
93
9
49
9
67
7
29
9
61
8
50
8
37
9
71
9
18
9
10
8
60
9
81
0
10
9
11
7
58
7
38
7
9
9
72
8
20
9
19
8
58
9
92
8
58
9
58
8
40
8
50
9
71
8
40
9
61
9
59
9
41
7
89
7
59
11
53
9
13
9
39
9
92
7
57
9
42
9
43
9
92
8
30
9
28
7
89
4
99
7
97
7
9
9
92
9
17
9
71
9
31
9
51
7
39
10
52
9
71
9
48
8
58
7
98
7
9
9
57
9
33
4
28
9
37
10
22
11
53
8
50
9
32
7
7
9
69
10
22
9
30
7
38
8
56
8
50
8
40
8
30
8
20
9
31
7
49
9
61
10
52
7
18
9
10
3
59
9
29
9
39
9
59
9
27
9
99
9
33
9
17
9
8
9
91
10
82
9
11
8
69
0
50
9
21
7
59
9
18
7
98
10
52
7
59
8
10
9
88
8
50
9
99
8
90
9
68
10
82
7
27
11
23
7
59
9
33
9
99
7
9
9
29
9
63
8
10
8
47
8
20
9
98
9
57
8
18
7
79
7
39
9
93
9
97
9
28
9
92
8
60
7
9
7
19
7
29
9
99
9
18
7
69
9
92
8
94
8
99
7
9
7
9
9
29
9
21
9
68
9
49
9
27
9
99
7
49
9
21
9
40
7
59
10
82
9
61
10
22
2
17
9
43
7
38
8
6
9
43
9
40
9
99
8
30
8
10
8
99
9
99
10
52
9
72
9
63
2
9
10
52
9
11
9
99
9
32
9
79
9
71
9
28
9
99
9
38
11
53
9
63
7
89
9
91
9
48
9
10
9
39
9
48
9
10
7
9
9
81
7
69
9
60
9
97
8
20
8
50
8
10
9
69
9
11
11
83
11
53
8
10
9
41
4
69
9
39
8
20
9
42
8
30
9
40
9
34
9
27
9
68
9
89
9
48
9
13
10
82
9
37
10
82
9
37
9
71
8
90
8
99
8
50
8
80
9
50
7
69
9
11
0
45
9
11
9
8
9
18
