2
69
3
12
3
12
2
99
5
9
6
38
5
7
3
39
3
39
4
2
2
49
3
73
4
62
4
8
5
12
3
26
6
54
4
39
6
89
2
79
6
6
5
76
3
72
2
12
2
96
4
29
3
89
6
39
3
14
2
29
3
56
2
83
6
19
2
24
6
47
3
6
5
36
6
78
5
6
4
46
6
69
6
38
3
42
5
22
5
27
5
22
6
89
2
59
6
43
3
34
3
4
3
46
4
75
6
59
5
79
2
34
5
35
6
66
4
79
4
99
6
14
5
29
5
76
2
49
2
99
3
57
6
95
5
89
3
55
3
94
4
2
4
59
6
8
6
15
5
35
4
96
3
37
4
14
2
73
2
59
2
96
3
27
5
27
2
19
5
89
2
52
2
48
2
58
5
8
2
27
3
99
6
45
3
14
3
26
3
86
4
57
3
6
2
35
4
8
3
64
6
88
2
74
5
13
4
13
4
14
2
83
6
45
2
39
4
24
3
39
6
34
6
33
2
89
3
96
2
39
3
9
3
29
6
89
3
96
2
99
5
92
6
89
2
23
5
54
4
73
2
88
5
66
3
25
4
58
2
89
2
49
6
14
2
95
4
63
3
89
3
87
3
23
2
29
6
14
6
49
4
26
3
62
0
20
6
23
2
27
6
89
2
84
2
58
4
25
3
56
2
26
3
95
5
73
2
7
4
19
5
56
4
72
4
89
6
9
6
37
5
44
6
69
4
49
3
32
4
15
3
38
4
96
3
99
3
39
6
4
5
56
3
43
5
44
4
99
3
84
5
89
2
44
0
70
5
7
6
67
3
23
6
36
2
16
2
29
0
10
2
83
5
6
6
7
0
80
3
64
4
44
2
19
2
3
6
79
6
17
3
94
4
63
5
52
5
92
3
19
2
7
5
36
2
42
3
79
6
64
3
87
5
39
4
38
5
95
4
69
6
97
6
5
3
78
4
58
6
39
5
99
5
15
2
22
6
47
5
83
6
86
3
44
5
67
2
19
3
35
2
37
5
68
4
19
2
78
2
19
4
12
2
29
3
48
2
79
5
93
5
97
4
89
5
19
3
29
3
19
5
8
3
2
2
87
4
43
6
29
3
59
2
48
2
43
5
84
2
5
6
7
4
29
5
48
4
89
5
33
4
89
5
85
3
99
3
19
4
94
4
29
6
19
6
27
6
89
3
34
4
59
4
44
2
8
2
9
4
69
3
58
4
69
3
37
4
85
6
9
3
59
2
19
2
78
4
68
4
33
3
47
3
2
5
39
6
83
2
92
4
99
5
25
2
69
3
13
2
92
5
89
3
67
3
13
2
14
3
87
6
99
2
89
3
59
6
83
3
55
4
13
4
86
2
38
6
69
5
19
3
14
4
39
4
53
5
19
2
76
5
29
3
21
3
46
5
38
5
68
2
73
5
9
5
39
2
59
6
18
6
6
6
29
5
37
3
37
4
85
4
19
2
77
3
39
2
23
1
29
3
32
2
15
6
39
6
13
5
88
6
29
2
24
3
2
3
58
2
79
4
86
2
19
6
98
5
46
2
99
3
17
3
29
5
48
4
55
2
57
3
3
5
94
6
63
3
26
4
26
3
8
2
3
4
32
3
53
3
78
4
25
3
49
4
34
2
39
5
26
5
55
4
76
6
94
2
54
2
63
4
18
2
89
6
49
5
47
2
43
1
35
5
37
5
45
4
13
4
54
5
36
2
8
6
84
6
28
6
48
2
77
4
88
4
97
2
59
2
78
3
9
6
79
5
37
3
76
5
62
4
49
3
87
6
44
3
83
0
70
2
25
3
88
2
19
3
96
2
38
2
62
2
6
5
29
6
74
4
65
5
3
1
84
3
18
6
87
2
75
4
89
2
79
2
52
3
3
3
16
3
19
4
56
4
79
3
76
4
49
4
13
4
54
3
57
6
49
2
72
2
36
5
68
6
48
3
13
3
87
6
15
5
5
6
29
2
87
2
96
6
9
4
69
4
69
3
16
4
54
6
66
2
78
5
95
3
2
3
19
5
35
5
9
3
16
4
76
3
57
2
82
6
64
2
32
3
89
2
82
4
33
4
25
4
68
2
5
4
79
3
9
4
49
2
36
5
69
5
9
5
12
5
45
3
0
6
86
5
18
3
6
4
99
2
9
4
28
6
96
3
34
6
48
2
92
2
58
5
79
4
94
4
42
3
35
6
19
4
49
5
29
2
74
6
36
2
32
6
4
5
73
4
79
3
69
3
9
5
65
2
36
6
79
5
29
4
46
3
59
2
52
3
49
4
89
3
18
6
59
2
45
6
39
6
53
2
22
2
75
5
89
4
99
6
39
5
72
5
95
2
87
6
84
3
46
3
79
5
85
2
48
2
99
5
8
2
82
5
13
5
2
4
39
2
9
5
39
2
58
2
97
4
27
2
29
2
66
5
59
2
65
5
19
6
75
2
68
4
32
6
45
3
79
3
4
2
68
3
15
6
27
2
32
4
99
2
69
6
79
4
25
3
23
4
8
0
50
5
83
4
39
4
36
6
9
1
96
3
12
4
94
6
39
5
67
2
22
4
7
4
9
6
19
5
44
5
19
5
8
4
38
4
88
3
75
2
85
3
5
5
27
6
86
5
35
0
60
6
57
6
78
2
72
3
68
6
53
6
96
2
9
2
98
2
56
2
39
5
22
4
2
5
33
6
56
4
46
2
58
4
79
0
90
3
13
2
82
2
76
4
44
3
11
6
59
2
12
2
19
0
20
2
94
5
43
4
6
2
58
2
69
1
19
3
83
4
9
3
19
4
12
2
69
2
29
3
6
2
59
6
85
4
65
5
84
4
26
6
8
6
68
4
57
3
56
4
37
3
69
2
89
3
43
5
17
5
2
3
36
5
6
4
39
6
84
0
10
2
69
3
79
1
43
3
95
2
9
5
26
5
16
6
58
6
73
5
8
2
19
5
59
4
2
2
94
3
89
3
74
2
19
3
8
6
38
2
29
2
59
5
19
5
86
4
78
3
87
3
77
2
39
0
10
5
78
5
63
6
44
3
32
6
31
3
83
5
39
6
19
4
15
4
65
5
38
4
52
6
59
3
22
2
19
5
66
4
88
2
59
2
53
2
89
6
38
0
53
4
46
2
59
5
87
4
73
4
88
1
87
3
29
2
88
4
59
5
45
3
98
4
32
6
38
5
99
3
99
3
83
4
16
5
18
3
99
2
6
3
5
2
76
5
38
2
2
4
23
6
99
4
69
2
39
6
4
6
58
6
69
5
13
5
93
5
49
5
36
6
6
3
68
4
86
6
28
5
39
4
25
2
16
3
17
5
82
3
59
2
88
4
69
3
77
4
99
4
29
5
9
2
81
3
43
3
63
3
19
3
42
3
56
4
8
6
69
0
30
2
46
3
45
3
73
2
99
4
56
3
92
4
23
4
87
4
49
3
17
1
39
3
65
3
13
3
9
4
9
2
19
6
88
5
44
5
62
2
24
4
59
3
49
3
32
4
68
6
13
6
5
3
58
4
79
0
10
4
9
2
53
2
33
2
9
6
67
3
17
6
14
3
53
5
89
3
53
5
53
3
38
3
49
4
69
3
39
4
58
5
54
5
36
2
89
2
59
6
49
6
9
6
34
6
87
2
52
5
39
6
38
5
89
3
29
6
23
2
86
4
96
2
92
2
5
5
89
5
12
5
66
5
31
4
46
2
34
5
48
4
68
4
43
3
53
2
93
2
9
5
52
6
29
4
23
4
32
5
18
6
48
3
45
6
27
2
2
5
64
5
18
4
25
2
33
3
56
3
48
3
37
3
29
3
18
4
29
2
49
6
56
5
47
2
13
5
5
3
56
4
24
6
34
5
54
4
22
6
96
6
29
5
12
5
3
4
89
5
77
4
7
3
64
0
50
4
16
2
55
5
13
2
93
5
47
2
59
3
9
4
83
3
46
4
99
3
88
6
68
5
79
2
22
6
19
2
59
6
29
6
96
2
9
5
24
6
59
3
8
3
42
3
19
6
93
4
52
3
13
2
77
2
38
6
89
4
92
6
23
5
87
3
55
2
9
2
19
2
24
6
94
6
13
2
68
5
89
3
94
3
97
2
9
2
6
4
24
4
18
4
63
4
44
5
22
5
94
2
47
4
19
6
35
2
59
5
77
4
59
5
19
2
12
6
39
2
33
3
6
6
38
4
35
6
94
3
29
3
8
3
96
4
99
5
48
5
69
6
59
2
9
5
49
4
8
6
95
5
27
5
79
4
69
4
23
5
96
4
38
6
49
6
59
2
84
4
87
4
43
6
5
5
34
4
43
5
5
2
7
4
76
2
65
4
55
4
92
3
18
3
45
3
9
4
64
4
9
6
78
6
49
3
9
4
39
4
69
5
34
3
19
5
38
3
27
4
35
6
34
4
22
5
63
5
84
5
43
6
9
5
79
5
32
5
79
5
32
4
69
3
86
3
99
3
49
3
77
6
45
2
69
4
8
0
45
5
6
5
3
5
13
