9
74
10
22
10
22
9
99
9
14
9
44
9
14
9
44
9
44
9
12
12
54
11
83
9
72
9
14
10
22
9
34
9
64
9
44
9
94
12
84
9
14
14
86
10
82
10
22
9
99
9
34
9
94
9
44
12
24
9
34
9
64
9
93
16
28
9
34
15
57
9
14
9
44
16
88
9
14
14
56
9
74
9
44
10
52
9
32
9
34
9
32
9
94
9
64
11
53
9
44
9
14
13
55
13
85
9
64
15
87
9
44
9
44
9
74
14
86
9
99
12
24
9
34
14
86
12
54
9
99
9
64
9
99
9
94
9
64
9
99
9
12
9
64
9
14
13
25
9
44
9
99
9
44
12
24
11
83
9
64
9
96
9
34
9
34
12
24
9
94
9
62
12
54
9
64
9
14
9
34
9
99
13
55
9
13
9
34
9
94
9
64
9
14
9
44
9
8
9
74
9
94
12
84
11
23
9
13
12
24
9
93
13
55
9
44
9
34
9
44
9
44
9
43
9
94
9
99
9
44
9
14
9
34
9
94
9
99
9
99
9
99
9
94
9
33
9
64
11
83
9
94
9
74
9
34
9
64
9
94
12
54
12
24
9
99
9
73
9
94
9
94
9
33
9
34
12
24
16
58
9
34
9
72
0
20
9
33
9
34
9
94
9
94
9
64
9
34
9
64
9
34
9
99
11
83
9
14
14
26
9
64
10
82
9
94
9
14
9
44
12
54
9
74
14
56
9
42
8
15
9
44
9
99
9
99
9
44
9
14
9
64
11
53
12
54
9
99
9
94
9
94
12
54
0
70
9
14
9
74
9
33
9
44
12
24
9
34
0
10
9
93
9
14
9
14
0
80
9
74
12
54
12
24
9
13
16
88
15
27
9
99
9
73
9
62
9
99
13
25
9
14
9
44
10
52
13
85
9
74
9
94
9
44
9
44
9
99
9
74
9
99
9
14
13
85
9
64
9
44
9
99
13
25
9
32
15
57
9
93
9
94
12
54
9
74
12
24
9
44
9
44
9
74
14
26
12
84
12
24
10
22
9
34
13
55
12
84
9
99
9
99
9
94
15
27
9
34
13
25
9
14
9
12
9
94
11
53
9
34
9
64
9
48
11
53
9
94
9
14
9
14
9
34
15
57
9
94
9
43
9
94
9
94
9
99
13
25
9
99
9
34
16
28
9
34
9
94
9
44
9
64
12
54
9
14
9
14
9
74
9
64
9
74
9
44
4
89
9
14
9
64
12
24
12
84
9
74
9
43
13
55
9
2
9
44
9
93
9
99
9
99
9
34
2
69
11
23
9
99
9
94
9
74
11
23
9
13
9
94
9
99
9
94
9
64
9
93
9
64
11
23
9
94
9
44
9
74
15
27
12
24
9
44
9
63
15
27
12
84
9
34
13
21
9
46
9
44
9
74
11
83
9
14
9
44
9
64
16
28
9
14
9
34
9
44
9
37
9
94
14
26
12
84
9
44
9
33
1
29
9
42
12
24
9
44
11
23
9
94
9
34
9
34
9
12
9
64
12
84
9
94
12
24
9
99
14
56
9
99
13
25
9
34
15
57
9
64
9
64
9
13
9
99
9
73
9
34
9
34
9
14
9
13
9
32
9
63
13
85
9
34
13
55
9
44
9
44
9
34
9
64
14
86
9
93
9
64
9
73
14
26
9
94
16
58
9
47
11
53
1
39
9
44
13
55
11
23
9
64
9
44
9
14
9
94
9
34
16
58
12
84
9
94
9
99
9
59
2
79
9
14
16
88
9
44
13
85
9
72
14
56
9
94
12
54
9
93
0
70
9
34
9
94
2
19
3
99
9
44
9
72
9
14
9
34
12
84
9
74
9
13
1
89
13
25
9
94
12
84
9
94
12
84
9
62
9
13
13
25
13
25
9
64
14
86
9
76
14
56
11
23
9
64
9
64
16
58
10
82
9
44
9
74
16
58
11
23
9
94
13
25
9
14
9
34
9
94
9
99
9
14
9
74
9
74
13
25
9
64
9
74
12
84
9
99
9
12
13
25
9
44
9
14
13
25
14
86
9
64
9
92
9
74
9
42
9
94
9
92
9
43
9
34
9
74
9
14
14
86
9
14
14
56
9
44
9
74
9
14
10
22
13
55
3
0
9
86
15
27
9
14
9
99
2
9
9
34
9
99
9
44
16
58
9
99
9
64
15
87
9
99
10
52
9
44
16
28
14
56
9
34
12
84
9
44
9
32
9
14
11
83
14
86
9
74
9
14
9
74
9
44
16
88
9
34
14
56
9
64
9
62
13
55
9
94
13
25
9
64
12
54
9
44
9
63
9
32
12
84
9
94
9
99
9
44
10
82
9
99
9
94
9
94
13
55
13
85
9
94
12
54
9
99
9
14
9
92
11
23
9
12
9
44
9
14
9
44
9
64
9
99
9
34
9
34
9
74
9
64
9
74
15
27
13
85
9
74
9
42
13
55
13
85
9
14
9
74
13
25
9
34
9
42
9
99
9
74
16
88
9
34
9
33
9
14
0
50
9
93
9
44
9
44
9
14
1
99
10
22
9
99
9
44
9
74
9
32
9
14
9
14
16
28
12
54
15
27
9
14
9
44
9
94
13
85
9
94
9
14
9
34
9
94
9
44
0
60
9
64
16
88
9
72
9
74
9
63
9
99
9
14
9
99
9
64
9
44
9
32
9
12
9
33
9
64
4
49
9
64
14
86
0
90
11
23
9
92
12
84
12
54
9
11
9
64
10
22
12
24
0
20
9
99
11
53
9
14
9
64
9
74
1
19
9
93
9
14
13
25
10
22
9
74
9
34
9
14
9
64
9
94
9
74
9
94
9
34
9
14
9
68
4
59
9
64
9
44
9
74
9
94
11
53
15
27
9
12
9
44
9
14
4
39
9
94
0
10
9
74
13
85
1
43
9
99
9
14
9
34
14
26
9
64
11
83
9
14
12
24
9
64
9
12
9
99
9
94
12
84
12
24
9
8
9
44
9
34
9
64
15
27
9
94
14
86
9
94
13
85
9
44
0
10
15
87
9
73
12
54
9
42
9
31
9
93
9
44
16
28
13
25
9
74
9
44
9
62
9
64
9
32
12
24
9
74
9
94
9
64
9
63
2
89
9
44
0
53
14
56
9
64
9
94
11
83
9
88
1
89
9
34
9
94
9
64
13
55
9
98
9
42
9
44
9
99
9
99
9
93
14
26
15
27
9
99
9
14
9
14
12
84
9
44
9
12
14
22
9
99
9
74
9
44
9
14
9
64
9
74
11
23
9
99
15
57
9
44
9
14
9
74
9
94
9
28
9
44
9
34
12
24
13
25
9
92
9
64
9
94
9
74
13
85
9
99
9
34
9
14
12
81
11
53
9
73
13
25
10
52
9
64
9
8
9
74
0
30
12
54
13
55
11
83
9
99
9
64
9
99
9
33
9
94
14
56
13
25
1
39
9
74
11
23
9
14
9
14
12
24
9
94
12
54
9
72
9
34
9
64
13
55
9
42
9
74
11
23
9
14
9
64
14
86
0
10
9
14
9
63
9
43
9
14
9
74
13
25
12
24
9
63
9
94
9
63
9
63
9
44
13
55
9
74
9
44
9
64
9
64
9
44
9
94
9
64
16
58
9
14
9
44
9
94
9
62
9
44
9
44
9
94
9
34
9
33
9
94
4
99
9
99
9
14
9
94
10
22
9
74
9
31
14
56
9
44
15
57
9
74
11
53
9
63
9
99
9
14
9
62
9
34
4
29
9
42
15
27
16
58
13
55
9
34
9
12
9
74
15
27
9
34
9
43
9
56
13
55
9
44
9
34
13
25
9
34
12
54
9
64
15
57
11
23
9
14
3
59
9
34
9
44
9
64
9
32
9
99
9
34
10
22
9
13
9
94
15
87
9
14
9
74
0
50
14
26
9
64
11
23
9
99
15
57
9
64
9
14
9
93
13
55
9
99
9
94
9
68
15
87
9
32
16
28
9
64
9
34
9
99
9
14
9
34
9
64
9
14
10
52
13
25
9
99
9
62
11
23
12
84
9
44
9
94
9
99
9
33
9
94
9
64
9
14
12
24
9
34
9
99
11
23
9
74
9
94
9
93
9
99
9
14
9
14
9
34
14
26
9
73
12
54
9
32
9
99
12
54
14
26
9
44
9
64
15
87
9
64
15
27
2
19
9
44
9
43
9
6
9
44
9
44
9
99
9
34
9
14
9
99
9
99
15
57
9
74
9
64
2
9
15
57
9
14
9
99
9
34
9
79
9
74
9
33
9
99
9
38
16
58
9
64
9
94
9
94
11
53
9
14
9
44
11
53
9
14
9
14
14
86
9
74
9
64
9
99
13
25
13
55
9
14
9
74
9
14
16
88
16
58
9
14
9
44
4
69
9
44
13
25
9
44
9
34
9
44
9
34
9
32
9
73
9
94
11
53
9
14
15
87
9
42
15
87
9
42
9
74
9
94
9
99
13
55
13
85
13
55
9
74
9
14
0
45
9
14
9
13
11
23
