9
73
9
21
9
21
9
99
9
14
9
44
9
14
9
44
9
44
9
11
11
53
10
82
9
71
9
14
9
21
9
34
9
63
9
44
9
94
11
83
9
14
13
85
9
81
9
21
9
99
9
34
9
94
9
44
11
23
9
33
9
64
9
92
15
27
9
33
14
56
9
14
9
44
15
87
9
14
13
55
9
74
9
44
9
51
9
31
9
34
9
31
9
94
9
63
10
52
9
43
9
13
12
54
12
84
9
64
14
86
9
43
9
44
9
74
13
85
9
99
11
23
9
34
13
85
11
53
9
99
9
64
9
99
9
94
9
64
9
99
9
11
9
64
9
14
12
24
9
44
9
99
9
44
11
23
10
82
9
63
9
96
9
34
9
34
11
23
9
94
9
61
11
53
9
63
9
14
9
33
9
99
12
54
9
13
9
34
9
94
9
64
9
14
9
43
9
8
9
73
9
94
11
83
10
22
9
13
11
23
9
92
12
54
9
43
9
33
9
44
9
43
9
42
9
93
9
99
9
43
9
14
9
34
9
94
9
99
9
99
9
99
9
94
9
32
9
63
10
82
9
93
9
74
9
34
9
64
9
93
11
53
11
23
9
99
9
72
9
94
9
94
9
32
9
33
11
23
15
57
9
34
9
71
0
20
9
32
9
33
9
94
9
93
9
63
9
34
9
64
9
33
9
99
10
82
9
13
13
25
9
64
9
81
9
94
9
14
9
44
11
53
9
74
13
55
9
41
8
15
9
44
9
99
9
99
9
44
9
13
9
64
10
52
11
53
9
99
9
93
9
94
11
53
0
70
9
14
9
74
9
32
9
44
11
23
9
33
0
10
9
92
9
14
9
14
0
80
9
73
11
53
11
23
9
12
15
87
14
26
9
99
9
72
9
61
9
99
12
24
9
13
9
44
9
51
12
84
9
73
9
94
9
44
9
44
9
99
9
74
9
99
9
14
12
84
9
64
9
44
9
99
12
24
9
31
14
56
9
92
9
94
11
53
9
74
11
23
9
44
9
43
9
74
13
25
11
83
11
23
9
21
9
33
12
54
11
83
9
99
9
99
9
94
14
26
9
34
12
24
9
14
9
11
9
93
10
52
9
34
9
64
9
48
10
52
9
93
9
13
9
14
9
34
14
56
9
94
9
42
9
94
9
94
9
99
12
24
9
99
9
34
15
27
9
34
9
94
9
43
9
64
11
53
9
13
9
13
9
74
9
64
9
74
9
44
4
89
9
14
9
64
11
23
11
83
9
74
9
42
12
54
9
2
9
44
9
92
9
99
9
99
9
34
2
69
10
22
9
99
9
94
9
74
10
22
9
13
9
94
9
99
9
93
9
64
9
92
9
64
10
22
9
94
9
43
9
74
14
26
11
23
9
44
9
62
14
26
11
83
9
34
12
21
9
46
9
44
9
74
10
82
9
14
9
44
9
63
15
27
9
14
9
34
9
44
9
37
9
94
13
25
11
83
9
44
9
32
1
29
9
41
11
23
9
44
10
22
9
94
9
34
9
33
9
11
9
64
11
83
9
94
11
23
9
99
13
55
9
99
12
24
9
34
14
56
9
64
9
63
9
12
9
99
9
72
9
34
9
34
9
14
9
12
9
32
9
62
12
84
9
34
12
54
9
43
9
43
9
34
9
64
13
85
9
93
9
63
9
72
13
25
9
93
15
57
9
47
10
52
1
39
9
44
12
54
10
22
9
63
9
44
9
13
9
93
9
34
15
57
11
83
9
94
9
99
9
59
2
79
9
14
15
87
9
44
12
84
9
71
13
55
9
94
11
53
9
92
0
70
9
33
9
94
2
19
3
99
9
43
9
71
9
13
9
34
11
83
9
74
9
12
1
89
12
24
9
94
11
83
9
94
11
83
9
61
9
12
12
24
12
24
9
64
13
85
9
76
13
55
10
22
9
63
9
64
15
57
9
81
9
43
9
74
15
57
10
22
9
94
12
24
9
14
9
34
9
93
9
99
9
14
9
74
9
74
12
24
9
63
9
74
11
83
9
99
9
11
12
24
9
44
9
14
12
24
13
85
9
64
9
91
9
73
9
41
9
94
9
91
9
42
9
34
9
74
9
13
13
85
9
14
13
55
9
43
9
74
9
14
9
21
12
54
3
0
9
86
14
26
9
14
9
99
2
9
9
34
9
99
9
43
15
57
9
99
9
63
14
86
9
99
9
51
9
44
15
27
13
55
9
34
11
83
9
44
9
32
9
13
10
82
13
85
9
74
9
14
9
74
9
43
15
87
9
34
13
55
9
64
9
61
12
54
9
94
12
24
9
64
11
53
9
44
9
62
9
31
11
83
9
94
9
99
9
44
9
81
9
99
9
93
9
93
12
54
12
84
9
94
11
53
9
99
9
14
9
91
10
22
9
11
9
44
9
13
9
44
9
63
9
99
9
34
9
33
9
73
9
64
9
73
14
26
12
84
9
73
9
41
12
54
12
84
9
13
9
73
12
24
9
34
9
41
9
99
9
73
15
87
9
34
9
32
9
14
0
50
9
92
9
44
9
44
9
14
1
99
9
21
9
99
9
44
9
74
9
31
9
14
9
14
15
27
11
53
14
26
9
14
9
44
9
94
12
84
9
93
9
14
9
34
9
94
9
44
0
60
9
64
15
87
9
72
9
74
9
62
9
99
9
13
9
99
9
63
9
43
9
31
9
11
9
33
9
64
4
49
9
63
13
85
0
90
10
22
9
91
11
83
11
53
9
11
9
64
9
21
11
23
0
20
9
99
10
52
9
14
9
63
9
73
1
19
9
92
9
14
12
24
9
21
9
73
9
33
9
14
9
63
9
94
9
74
9
93
9
34
9
14
9
68
4
59
9
64
9
44
9
74
9
93
10
52
14
26
9
11
9
44
9
14
4
39
9
93
0
10
9
73
12
84
1
43
9
99
9
13
9
34
13
25
9
64
10
82
9
14
11
23
9
64
9
11
9
99
9
94
11
83
11
23
9
8
9
44
9
33
9
63
14
26
9
94
13
85
9
94
12
84
9
43
0
10
14
86
9
72
11
53
9
41
9
31
9
92
9
44
15
27
12
24
9
74
9
44
9
61
9
64
9
31
11
23
9
74
9
94
9
63
9
62
2
89
9
44
0
53
13
55
9
63
9
94
10
82
9
88
1
89
9
34
9
93
9
64
12
54
9
98
9
41
9
44
9
99
9
99
9
92
13
25
14
26
9
99
9
13
9
14
11
83
9
44
9
11
13
22
9
99
9
74
9
43
9
13
9
64
9
74
10
22
9
99
14
56
9
44
9
14
9
74
9
94
9
28
9
44
9
34
11
23
12
24
9
91
9
64
9
93
9
74
12
84
9
99
9
34
9
14
11
81
10
52
9
72
12
24
9
51
9
64
9
8
9
74
0
30
11
53
12
54
10
82
9
99
9
64
9
99
9
32
9
94
13
55
12
24
1
39
9
74
10
22
9
14
9
14
11
23
9
94
11
53
9
71
9
33
9
64
12
54
9
41
9
74
10
22
9
14
9
64
13
85
0
10
9
14
9
62
9
42
9
13
9
74
12
24
11
23
9
62
9
94
9
62
9
62
9
44
12
54
9
74
9
44
9
64
9
63
9
44
9
93
9
63
15
57
9
14
9
43
9
94
9
61
9
44
9
44
9
94
9
34
9
32
9
93
4
99
9
99
9
13
9
94
9
21
9
74
9
31
13
55
9
43
14
56
9
74
10
52
9
62
9
99
9
13
9
61
9
34
4
29
9
41
14
26
15
57
12
54
9
34
9
11
9
73
14
26
9
34
9
42
9
56
12
54
9
44
9
34
12
24
9
34
11
53
9
64
14
56
10
22
9
14
3
59
9
33
9
43
9
63
9
31
9
99
9
34
9
21
9
12
9
94
14
86
9
14
9
73
0
50
13
25
9
63
10
22
9
99
14
56
9
63
9
14
9
92
12
54
9
99
9
94
9
68
14
86
9
31
15
27
9
63
9
34
9
99
9
13
9
33
9
64
9
14
9
51
12
24
9
99
9
61
10
22
11
83
9
43
9
94
9
99
9
32
9
94
9
64
9
13
11
23
9
33
9
99
10
22
9
73
9
94
9
93
9
99
9
13
9
13
9
33
13
25
9
72
11
53
9
31
9
99
11
53
13
25
9
44
9
63
14
86
9
64
14
26
2
19
9
44
9
42
9
6
9
44
9
44
9
99
9
34
9
14
9
99
9
99
14
56
9
74
9
64
2
9
14
56
9
14
9
99
9
34
9
79
9
74
9
32
9
99
9
38
15
57
9
64
9
93
9
94
10
52
9
14
9
43
10
52
9
14
9
13
13
85
9
73
9
64
9
99
12
24
12
54
9
14
9
73
9
14
15
87
15
57
9
14
9
44
4
69
9
43
12
24
9
44
9
34
9
44
9
34
9
31
9
72
9
93
10
52
9
14
14
86
9
41
14
86
9
41
9
74
9
94
9
99
12
54
12
84
12
54
9
73
9
14
0
45
9
14
9
12
10
22
