9
74
18
30
18
30
9
99
9
14
9
44
9
14
9
44
9
44
9
14
19
62
19
91
9
74
9
14
18
30
9
34
9
64
9
44
9
94
19
92
9
14
19
94
18
90
18
30
9
99
9
34
9
94
9
44
19
32
9
34
9
64
9
94
19
34
9
34
19
64
9
14
9
44
19
94
9
14
19
64
9
74
9
44
18
60
9
34
9
34
9
34
9
94
9
64
19
61
9
44
9
14
19
63
19
93
9
64
19
94
9
44
9
44
9
74
19
94
9
99
19
32
9
34
19
94
19
62
9
99
9
64
9
99
9
94
9
64
9
99
9
14
9
64
9
14
19
33
9
44
9
99
9
44
19
32
19
91
9
64
9
96
9
34
9
34
19
32
9
94
9
64
19
62
9
64
9
14
9
34
9
99
19
63
9
13
9
34
9
94
9
64
9
14
9
44
9
8
9
74
9
94
19
92
19
31
9
13
19
32
9
94
19
63
9
44
9
34
9
44
9
44
9
44
9
94
9
99
9
44
9
14
9
34
9
94
9
99
9
99
9
99
9
94
9
34
9
64
19
91
9
94
9
74
9
34
9
64
9
94
19
62
19
32
9
99
9
74
9
94
9
94
9
34
9
34
19
32
19
64
9
34
9
74
0
20
9
34
9
34
9
94
9
94
9
64
9
34
9
64
9
34
9
99
19
91
9
14
19
34
9
64
18
90
9
94
9
14
9
44
19
62
9
74
19
64
9
44
8
15
9
44
9
99
9
99
9
44
9
14
9
64
19
61
19
62
9
99
9
94
9
94
19
62
0
70
9
14
9
74
9
34
9
44
19
32
9
34
0
10
9
94
9
14
9
14
0
80
9
74
19
62
19
32
9
14
19
94
19
34
9
99
9
74
9
64
9
99
19
33
9
14
9
44
18
60
19
93
9
74
9
94
9
44
9
44
9
99
9
74
9
99
9
14
19
93
9
64
9
44
9
99
19
33
9
34
19
64
9
94
9
94
19
62
9
74
19
32
9
44
9
44
9
74
19
34
19
92
19
32
18
30
9
34
19
63
19
92
9
99
9
99
9
94
19
34
9
34
19
33
9
14
9
14
9
94
19
61
9
34
9
64
9
48
19
61
9
94
9
14
9
14
9
34
19
64
9
94
9
44
9
94
9
94
9
99
19
33
9
99
9
34
19
34
9
34
9
94
9
44
9
64
19
62
9
14
9
14
9
74
9
64
9
74
9
44
4
89
9
14
9
64
19
32
19
92
9
74
9
44
19
63
9
2
9
44
9
94
9
99
9
99
9
34
2
69
19
31
9
99
9
94
9
74
19
31
9
13
9
94
9
99
9
94
9
64
9
94
9
64
19
31
9
94
9
44
9
74
19
34
19
32
9
44
9
64
19
34
19
92
9
34
19
21
9
46
9
44
9
74
19
91
9
14
9
44
9
64
19
34
9
14
9
34
9
44
9
37
9
94
19
34
19
92
9
44
9
34
1
29
9
44
19
32
9
44
19
31
9
94
9
34
9
34
9
14
9
64
19
92
9
94
19
32
9
99
19
64
9
99
19
33
9
34
19
64
9
64
9
64
9
14
9
99
9
74
9
34
9
34
9
14
9
14
9
32
9
64
19
93
9
34
19
63
9
44
9
44
9
34
9
64
19
94
9
93
9
64
9
74
19
34
9
94
19
64
9
47
19
61
1
39
9
44
19
63
19
31
9
64
9
44
9
14
9
94
9
34
19
64
19
92
9
94
9
99
9
59
2
79
9
14
19
94
9
44
19
93
9
74
19
64
9
94
19
62
9
94
0
70
9
34
9
94
2
19
3
99
9
44
9
74
9
14
9
34
19
92
9
74
9
14
1
89
19
33
9
94
19
92
9
94
19
92
9
64
9
14
19
33
19
33
9
64
19
94
9
76
19
64
19
31
9
64
9
64
19
64
18
90
9
44
9
74
19
64
19
31
9
94
19
33
9
14
9
34
9
94
9
99
9
14
9
74
9
74
19
33
9
64
9
74
19
92
9
99
9
14
19
33
9
44
9
14
19
33
19
94
9
64
9
94
9
74
9
44
9
94
9
94
9
44
9
34
9
74
9
14
19
94
9
14
19
64
9
44
9
74
9
14
18
30
19
63
3
0
9
86
19
34
9
14
9
99
2
9
9
34
9
99
9
44
19
64
9
99
9
64
19
94
9
99
18
60
9
44
19
34
19
64
9
34
19
92
9
44
9
32
9
14
19
91
19
94
9
74
9
14
9
74
9
44
19
94
9
34
19
64
9
64
9
64
19
63
9
94
19
33
9
64
19
62
9
44
9
64
9
34
19
92
9
94
9
99
9
44
18
90
9
99
9
94
9
94
19
63
19
93
9
94
19
62
9
99
9
14
9
94
19
31
9
14
9
44
9
14
9
44
9
64
9
99
9
34
9
34
9
74
9
64
9
74
19
34
19
93
9
74
9
44
19
63
19
93
9
14
9
74
19
33
9
34
9
44
9
99
9
74
19
94
9
34
9
34
9
14
0
50
9
94
9
44
9
44
9
14
1
99
18
30
9
99
9
44
9
74
9
34
9
14
9
14
19
34
19
62
19
34
9
14
9
44
9
94
19
93
9
94
9
14
9
34
9
94
9
44
0
60
9
64
19
94
9
72
9
74
9
64
9
99
9
14
9
99
9
64
9
44
9
34
9
14
9
33
9
64
4
49
9
64
19
94
0
90
19
31
9
94
19
92
19
62
9
11
9
64
18
30
19
32
0
20
9
99
19
61
9
14
9
64
9
74
1
19
9
94
9
14
19
33
18
30
9
74
9
34
9
14
9
64
9
94
9
74
9
94
9
34
9
14
9
68
4
59
9
64
9
44
9
74
9
94
19
61
19
34
9
14
9
44
9
14
4
39
9
94
0
10
9
74
19
93
1
43
9
99
9
14
9
34
19
34
9
64
19
91
9
14
19
32
9
64
9
14
9
99
9
94
19
92
19
32
9
8
9
44
9
34
9
64
19
34
9
94
19
94
9
94
19
93
9
44
0
10
19
94
9
74
19
62
9
44
9
31
9
94
9
44
19
34
19
33
9
74
9
44
9
64
9
64
9
34
19
32
9
74
9
94
9
64
9
64
2
89
9
44
0
53
19
64
9
64
9
94
19
91
9
88
1
89
9
34
9
94
9
64
19
63
9
98
9
44
9
44
9
99
9
99
9
94
19
34
19
34
9
99
9
14
9
14
19
92
9
44
9
14
19
22
9
99
9
74
9
44
9
14
9
64
9
74
19
31
9
99
19
64
9
44
9
14
9
74
9
94
9
28
9
44
9
34
19
32
19
33
9
94
9
64
9
94
9
74
19
93
9
99
9
34
9
14
19
81
19
61
9
74
19
33
18
60
9
64
9
8
9
74
0
30
19
62
19
63
19
91
9
99
9
64
9
99
9
34
9
94
19
64
19
33
1
39
9
74
19
31
9
14
9
14
19
32
9
94
19
62
9
74
9
34
9
64
19
63
9
44
9
74
19
31
9
14
9
64
19
94
0
10
9
14
9
64
9
44
9
14
9
74
19
33
19
32
9
64
9
94
9
64
9
64
9
44
19
63
9
74
9
44
9
64
9
64
9
44
9
94
9
64
19
64
9
14
9
44
9
94
9
64
9
44
9
44
9
94
9
34
9
34
9
94
4
99
9
99
9
14
9
94
18
30
9
74
9
31
19
64
9
44
19
64
9
74
19
61
9
64
9
99
9
14
9
64
9
34
4
29
9
44
19
34
19
64
19
63
9
34
9
14
9
74
19
34
9
34
9
44
9
56
19
63
9
44
9
34
19
33
9
34
19
62
9
64
19
64
19
31
9
14
3
59
9
34
9
44
9
64
9
34
9
99
9
34
18
30
9
14
9
94
19
94
9
14
9
74
0
50
19
34
9
64
19
31
9
99
19
64
9
64
9
14
9
94
19
63
9
99
9
94
9
68
19
94
9
34
19
34
9
64
9
34
9
99
9
14
9
34
9
64
9
14
18
60
19
33
9
99
9
64
19
31
19
92
9
44
9
94
9
99
9
34
9
94
9
64
9
14
19
32
9
34
9
99
19
31
9
74
9
94
9
93
9
99
9
14
9
14
9
34
19
34
9
74
19
62
9
34
9
99
19
62
19
34
9
44
9
64
19
94
9
64
19
34
2
19
9
44
9
44
9
6
9
44
9
44
9
99
9
34
9
14
9
99
9
99
19
64
9
74
9
64
2
9
19
64
9
14
9
99
9
34
9
79
9
74
9
34
9
99
9
38
19
64
9
64
9
94
9
94
19
61
9
14
9
44
19
61
9
14
9
14
19
94
9
74
9
64
9
99
19
33
19
63
9
14
9
74
9
14
19
94
19
64
9
14
9
44
4
69
9
44
19
33
9
44
9
34
9
44
9
34
9
34
9
74
9
94
19
61
9
14
19
94
9
44
19
94
9
44
9
74
9
94
9
99
19
63
19
93
19
63
9
74
9
14
0
45
9
14
9
14
19
31
