5
69
6
15
6
15
5
99
8
10
9
41
8
10
6
39
6
39
7
5
5
49
6
76
7
65
7
9
8
15
6
29
9
57
7
39
9
91
5
79
9
9
8
79
6
75
5
15
5
99
7
29
6
89
9
41
6
17
5
29
6
59
5
86
9
21
5
27
9
50
6
9
8
39
9
81
8
9
7
49
9
71
9
41
6
45
8
25
8
30
8
25
9
91
5
59
8
46
6
37
6
7
6
49
7
78
9
61
8
80
5
37
8
38
9
69
7
79
7
99
9
17
8
30
8
79
5
49
5
99
6
59
9
98
8
90
6
58
6
97
7
5
7
59
9
11
9
18
8
38
7
99
6
39
7
17
5
76
5
59
5
96
6
29
8
30
5
19
8
90
5
55
5
49
5
59
8
10
5
29
6
99
9
48
6
14
6
29
6
89
7
59
6
9
5
38
7
8
6
67
9
91
5
77
8
16
7
13
7
17
5
86
9
48
5
39
7
27
6
39
9
37
8
36
5
89
6
99
5
39
6
9
6
29
9
91
6
99
5
99
8
95
9
91
5
26
8
57
7
76
5
89
8
69
6
28
7
59
5
89
5
49
9
17
5
98
7
66
6
89
6
89
6
26
5
29
9
17
9
51
7
29
6
65
0
20
8
26
5
29
9
91
5
87
5
59
7
28
6
59
5
29
6
98
8
76
5
9
7
19
8
59
7
75
7
89
9
11
9
40
8
47
9
71
7
49
6
35
7
15
6
39
7
99
6
99
6
39
9
7
8
59
6
46
8
47
7
99
6
87
8
90
5
47
0
70
8
10
9
70
6
26
9
39
5
19
5
29
0
10
5
86
8
9
9
10
0
80
6
67
7
47
5
19
5
6
9
81
9
20
6
97
7
66
8
55
8
95
6
19
5
9
8
39
5
45
6
79
9
67
6
89
8
40
7
39
8
98
7
69
9
99
9
8
6
79
7
59
9
41
8
99
8
18
5
25
9
50
8
86
9
89
6
47
8
70
5
19
6
38
5
39
8
70
7
19
5
79
5
19
7
15
5
29
6
49
5
79
8
96
8
99
7
89
8
20
6
29
6
19
8
10
6
5
5
89
7
46
9
31
6
59
5
48
5
46
8
87
5
8
9
10
7
29
8
50
7
89
8
36
7
89
8
88
6
99
6
19
7
97
7
29
9
21
9
30
9
91
6
37
7
59
7
47
5
9
5
9
7
69
6
59
7
69
6
39
4
88
9
11
6
59
5
19
5
79
7
69
7
36
6
49
6
2
8
40
8
86
5
95
7
99
8
28
2
69
6
16
5
95
8
90
6
69
6
16
5
14
6
89
9
99
5
89
6
59
8
86
6
58
7
16
7
89
5
39
9
71
8
20
6
17
7
39
7
56
8
20
5
79
8
30
6
21
6
46
8
40
8
70
5
76
8
10
8
40
5
59
9
21
9
9
9
31
8
40
6
37
7
88
7
19
5
79
6
39
5
26
1
29
6
35
5
18
9
41
8
16
8
90
9
31
5
27
6
5
6
59
5
79
7
89
5
19
9
99
8
49
5
99
6
19
6
29
8
50
7
58
5
59
6
6
8
97
8
66
6
29
7
29
6
9
5
6
7
32
6
56
6
79
7
28
6
49
7
37
5
39
8
29
8
58
7
79
9
93
5
57
5
66
7
19
5
89
9
51
8
47
5
46
1
38
8
40
8
48
7
16
7
57
8
39
5
9
9
87
9
31
9
51
5
79
7
89
7
99
5
59
2
79
6
9
9
81
8
40
6
79
8
65
7
49
6
89
9
47
6
86
0
70
5
28
6
89
2
19
3
99
5
39
5
65
5
9
8
30
9
77
7
68
8
6
1
87
6
19
9
90
5
78
7
89
5
79
5
55
6
6
6
19
6
19
7
59
7
79
6
76
7
49
7
16
7
57
6
59
9
51
5
75
5
39
8
70
9
51
6
16
6
89
9
18
8
8
9
31
5
89
5
99
9
11
7
69
7
69
6
19
7
57
9
69
5
79
8
98
6
5
6
19
8
38
8
10
6
19
7
79
6
59
5
85
9
67
5
35
6
89
5
85
7
36
7
28
7
69
5
8
7
79
6
9
7
49
5
39
8
70
8
10
8
15
8
48
3
0
9
86
8
20
6
9
7
99
2
9
7
29
9
99
6
37
9
51
5
95
5
59
8
80
7
97
7
45
6
38
9
21
7
49
8
30
5
77
9
39
5
32
9
7
8
76
7
79
6
69
6
9
8
68
5
39
9
81
8
30
7
49
6
59
5
55
6
49
7
89
6
19
9
61
5
48
9
41
8
56
5
25
5
78
8
90
7
99
9
41
8
75
8
98
5
89
9
87
6
49
6
79
8
88
5
49
5
99
8
10
5
85
8
16
8
5
7
39
5
9
8
40
5
59
5
99
7
29
5
29
5
69
8
60
5
68
8
20
9
78
5
69
7
35
9
48
6
79
6
7
5
69
6
18
9
30
5
35
7
99
5
69
9
81
7
28
6
26
7
9
0
50
8
86
7
39
7
39
9
11
1
99
6
15
7
97
9
41
8
70
5
25
7
9
7
9
9
21
8
47
8
20
8
10
7
39
7
89
6
78
5
88
6
8
8
30
9
89
8
38
0
60
9
60
9
81
5
72
6
69
8
56
9
96
5
9
5
99
5
59
5
39
8
25
7
5
8
33
9
59
4
49
5
59
7
79
0
90
6
16
5
85
5
79
7
47
6
11
9
61
5
15
5
19
0
20
5
97
8
46
7
9
5
59
5
69
1
19
6
86
7
9
6
19
7
15
5
69
5
29
6
9
5
59
9
88
7
68
8
87
7
29
9
11
9
68
4
59
6
59
7
39
6
69
5
89
6
46
8
20
8
5
6
39
8
9
4
39
9
87
0
10
5
69
6
79
1
43
6
98
5
9
8
29
8
19
9
61
8
76
8
10
5
19
8
60
7
5
5
97
6
89
6
77
5
19
6
8
9
41
5
29
5
59
8
20
8
89
7
79
6
89
6
79
5
39
0
10
8
80
8
66
9
47
6
35
9
31
6
86
8
40
9
21
7
18
7
68
8
40
7
55
9
61
6
25
5
19
8
69
7
89
5
59
5
56
2
89
9
41
0
53
7
49
5
59
8
90
7
76
7
88
1
89
6
29
5
89
7
59
8
48
6
98
7
35
9
41
8
99
6
99
6
86
7
19
8
20
6
99
5
9
6
8
5
79
8
40
5
5
7
23
9
99
7
69
5
39
9
7
9
61
9
71
8
16
8
96
8
50
8
39
9
9
6
69
7
89
9
28
8
40
7
28
5
19
6
19
8
85
6
59
5
89
7
69
6
79
7
99
7
29
8
10
5
81
6
46
6
66
6
19
6
45
6
59
7
8
9
71
0
30
5
49
6
48
6
76
5
99
7
59
6
95
7
26
7
89
7
49
6
19
1
39
6
68
6
16
6
9
7
9
5
19
9
91
8
47
8
65
5
27
7
59
6
49
6
35
7
69
8
16
9
8
6
59
7
79
0
10
7
9
5
56
5
36
5
9
9
70
6
19
9
17
6
56
8
90
6
56
8
56
6
39
6
49
7
69
6
39
7
59
8
57
8
39
5
89
5
59
9
51
9
11
9
37
9
90
5
55
8
40
9
41
8
90
6
29
8
26
5
89
4
99
5
95
5
8
8
90
8
15
8
69
8
31
7
49
5
37
8
50
7
69
7
46
6
56
5
96
5
9
8
55
9
31
4
26
7
35
8
20
9
51
6
48
9
30
5
5
8
67
8
20
7
28
5
36
6
56
6
49
6
39
6
29
6
19
7
29
5
49
9
59
8
50
5
16
8
8
3
59
7
27
9
37
8
57
7
25
9
99
9
31
8
15
8
6
7
89
8
80
7
9
6
67
0
50
7
19
5
58
8
16
5
96
8
50
5
59
6
9
7
86
6
49
7
99
6
89
9
68
8
80
5
25
9
21
5
59
9
31
9
99
5
9
8
27
9
61
6
9
6
45
6
19
8
96
7
55
6
16
5
79
5
39
9
91
7
95
8
26
8
90
6
58
5
9
5
19
5
27
9
97
8
16
5
69
8
90
6
94
6
99
5
9
5
9
7
27
7
19
7
66
7
47
8
25
8
97
5
49
7
19
9
38
5
59
8
80
7
59
8
20
2
15
9
41
5
36
6
6
9
41
7
38
9
97
6
29
6
9
6
99
7
99
8
50
8
70
9
61
2
9
8
50
7
9
9
98
8
30
8
79
7
69
7
26
8
99
7
38
9
51
9
61
5
87
7
89
7
46
9
8
8
37
7
46
8
8
5
9
7
79
5
68
7
58
7
95
6
19
6
48
6
9
7
67
7
9
9
81
9
51
6
9
7
39
4
69
8
37
6
19
8
40
6
29
7
38
9
34
7
25
8
66
8
87
8
46
9
11
8
80
8
35
8
80
8
35
7
69
6
89
6
99
6
49
6
79
9
48
5
69
7
9
0
45
8
9
8
6
8
16
