9
74
12
24
12
24
9
99
9
14
9
44
9
14
9
44
9
44
9
14
14
56
13
85
9
74
9
14
12
24
9
34
9
64
9
44
9
94
14
86
9
14
16
88
12
84
12
24
9
99
9
34
9
94
9
44
14
26
9
34
9
64
9
94
18
30
9
34
17
59
9
14
9
44
18
90
9
14
16
58
9
74
9
44
12
54
9
34
9
34
9
34
9
94
9
64
13
55
9
44
9
14
15
57
15
87
9
64
17
89
9
44
9
44
9
74
16
88
9
99
14
26
9
34
16
88
14
56
9
99
9
64
9
99
9
94
9
64
9
99
9
14
9
64
9
14
15
27
9
44
9
99
9
44
14
26
13
85
9
64
9
96
9
34
9
34
14
26
9
94
9
64
14
56
9
64
9
14
9
34
9
99
15
57
9
13
9
34
9
94
9
64
9
14
9
44
9
8
9
74
9
94
14
86
13
25
9
13
14
26
9
94
15
57
9
44
9
34
9
44
9
44
9
44
9
94
9
99
9
44
9
14
9
34
9
94
9
99
9
99
9
99
9
94
9
34
9
64
13
85
9
94
9
74
9
34
9
64
9
94
14
56
14
26
9
99
9
74
9
94
9
94
9
34
9
34
14
26
18
60
9
34
9
74
0
20
9
34
9
34
9
94
9
94
9
64
9
34
9
64
9
34
9
99
13
85
9
14
16
28
9
64
12
84
9
94
9
14
9
44
14
56
9
74
16
58
9
44
8
15
9
44
9
99
9
99
9
44
9
14
9
64
13
55
14
56
9
99
9
94
9
94
14
56
0
70
9
14
9
74
9
34
9
44
14
26
9
34
0
10
9
94
9
14
9
14
0
80
9
74
14
56
14
26
9
14
18
90
17
29
9
99
9
74
9
64
9
99
15
27
9
14
9
44
12
54
15
87
9
74
9
94
9
44
9
44
9
99
9
74
9
99
9
14
15
87
9
64
9
44
9
99
15
27
9
34
17
59
9
94
9
94
14
56
9
74
14
26
9
44
9
44
9
74
16
28
14
86
14
26
12
24
9
34
15
57
14
86
9
99
9
99
9
94
17
29
9
34
15
27
9
14
9
14
9
94
13
55
9
34
9
64
9
48
13
55
9
94
9
14
9
14
9
34
17
59
9
94
9
44
9
94
9
94
9
99
15
27
9
99
9
34
18
30
9
34
9
94
9
44
9
64
14
56
9
14
9
14
9
74
9
64
9
74
9
44
4
89
9
14
9
64
14
26
14
86
9
74
9
44
15
57
9
2
9
44
9
94
9
99
9
99
9
34
2
69
13
25
9
99
9
94
9
74
13
25
9
13
9
94
9
99
9
94
9
64
9
94
9
64
13
25
9
94
9
44
9
74
17
29
14
26
9
44
9
64
17
29
14
86
9
34
15
21
9
46
9
44
9
74
13
85
9
14
9
44
9
64
18
30
9
14
9
34
9
44
9
37
9
94
16
28
14
86
9
44
9
34
1
29
9
44
14
26
9
44
13
25
9
94
9
34
9
34
9
14
9
64
14
86
9
94
14
26
9
99
16
58
9
99
15
27
9
34
17
59
9
64
9
64
9
14
9
99
9
74
9
34
9
34
9
14
9
14
9
32
9
64
15
87
9
34
15
57
9
44
9
44
9
34
9
64
16
88
9
93
9
64
9
74
16
28
9
94
18
60
9
47
13
55
1
39
9
44
15
57
13
25
9
64
9
44
9
14
9
94
9
34
18
60
14
86
9
94
9
99
9
59
2
79
9
14
18
90
9
44
15
87
9
74
16
58
9
94
14
56
9
94
0
70
9
34
9
94
2
19
3
99
9
44
9
74
9
14
9
34
14
86
9
74
9
14
1
89
15
27
9
94
14
86
9
94
14
86
9
64
9
14
15
27
15
27
9
64
16
88
9
76
16
58
13
25
9
64
9
64
18
60
12
84
9
44
9
74
18
60
13
25
9
94
15
27
9
14
9
34
9
94
9
99
9
14
9
74
9
74
15
27
9
64
9
74
14
86
9
99
9
14
15
27
9
44
9
14
15
27
16
88
9
64
9
94
9
74
9
44
9
94
9
94
9
44
9
34
9
74
9
14
16
88
9
14
16
58
9
44
9
74
9
14
12
24
15
57
3
0
9
86
17
29
9
14
9
99
2
9
9
34
9
99
9
44
18
60
9
99
9
64
17
89
9
99
12
54
9
44
18
30
16
58
9
34
14
86
9
44
9
32
9
14
13
85
16
88
9
74
9
14
9
74
9
44
18
90
9
34
16
58
9
64
9
64
15
57
9
94
15
27
9
64
14
56
9
44
9
64
9
34
14
86
9
94
9
99
9
44
12
84
9
99
9
94
9
94
15
57
15
87
9
94
14
56
9
99
9
14
9
94
13
25
9
14
9
44
9
14
9
44
9
64
9
99
9
34
9
34
9
74
9
64
9
74
17
29
15
87
9
74
9
44
15
57
15
87
9
14
9
74
15
27
9
34
9
44
9
99
9
74
18
90
9
34
9
34
9
14
0
50
9
94
9
44
9
44
9
14
1
99
12
24
9
99
9
44
9
74
9
34
9
14
9
14
18
30
14
56
17
29
9
14
9
44
9
94
15
87
9
94
9
14
9
34
9
94
9
44
0
60
9
64
18
90
9
72
9
74
9
64
9
99
9
14
9
99
9
64
9
44
9
34
9
14
9
33
9
64
4
49
9
64
16
88
0
90
13
25
9
94
14
86
14
56
9
11
9
64
12
24
14
26
0
20
9
99
13
55
9
14
9
64
9
74
1
19
9
94
9
14
15
27
12
24
9
74
9
34
9
14
9
64
9
94
9
74
9
94
9
34
9
14
9
68
4
59
9
64
9
44
9
74
9
94
13
55
17
29
9
14
9
44
9
14
4
39
9
94
0
10
9
74
15
87
1
43
9
99
9
14
9
34
16
28
9
64
13
85
9
14
14
26
9
64
9
14
9
99
9
94
14
86
14
26
9
8
9
44
9
34
9
64
17
29
9
94
16
88
9
94
15
87
9
44
0
10
17
89
9
74
14
56
9
44
9
31
9
94
9
44
18
30
15
27
9
74
9
44
9
64
9
64
9
34
14
26
9
74
9
94
9
64
9
64
2
89
9
44
0
53
16
58
9
64
9
94
13
85
9
88
1
89
9
34
9
94
9
64
15
57
9
98
9
44
9
44
9
99
9
99
9
94
16
28
17
29
9
99
9
14
9
14
14
86
9
44
9
14
16
22
9
99
9
74
9
44
9
14
9
64
9
74
13
25
9
99
17
59
9
44
9
14
9
74
9
94
9
28
9
44
9
34
14
26
15
27
9
94
9
64
9
94
9
74
15
87
9
99
9
34
9
14
14
81
13
55
9
74
15
27
12
54
9
64
9
8
9
74
0
30
14
56
15
57
13
85
9
99
9
64
9
99
9
34
9
94
16
58
15
27
1
39
9
74
13
25
9
14
9
14
14
26
9
94
14
56
9
74
9
34
9
64
15
57
9
44
9
74
13
25
9
14
9
64
16
88
0
10
9
14
9
64
9
44
9
14
9
74
15
27
14
26
9
64
9
94
9
64
9
64
9
44
15
57
9
74
9
44
9
64
9
64
9
44
9
94
9
64
18
60
9
14
9
44
9
94
9
64
9
44
9
44
9
94
9
34
9
34
9
94
4
99
9
99
9
14
9
94
12
24
9
74
9
31
16
58
9
44
17
59
9
74
13
55
9
64
9
99
9
14
9
64
9
34
4
29
9
44
17
29
18
60
15
57
9
34
9
14
9
74
17
29
9
34
9
44
9
56
15
57
9
44
9
34
15
27
9
34
14
56
9
64
17
59
13
25
9
14
3
59
9
34
9
44
9
64
9
34
9
99
9
34
12
24
9
14
9
94
17
89
9
14
9
74
0
50
16
28
9
64
13
25
9
99
17
59
9
64
9
14
9
94
15
57
9
99
9
94
9
68
17
89
9
34
18
30
9
64
9
34
9
99
9
14
9
34
9
64
9
14
12
54
15
27
9
99
9
64
13
25
14
86
9
44
9
94
9
99
9
34
9
94
9
64
9
14
14
26
9
34
9
99
13
25
9
74
9
94
9
93
9
99
9
14
9
14
9
34
16
28
9
74
14
56
9
34
9
99
14
56
16
28
9
44
9
64
17
89
9
64
17
29
2
19
9
44
9
44
9
6
9
44
9
44
9
99
9
34
9
14
9
99
9
99
17
59
9
74
9
64
2
9
17
59
9
14
9
99
9
34
9
79
9
74
9
34
9
99
9
38
18
60
9
64
9
94
9
94
13
55
9
14
9
44
13
55
9
14
9
14
16
88
9
74
9
64
9
99
15
27
15
57
9
14
9
74
9
14
18
90
18
60
9
14
9
44
4
69
9
44
15
27
9
44
9
34
9
44
9
34
9
34
9
74
9
94
13
55
9
14
17
89
9
44
17
89
9
44
9
74
9
94
9
99
15
57
15
87
15
57
9
74
9
14
0
45
9
14
9
14
13
25
