9
74
11
23
11
23
9
99
9
14
9
44
9
14
9
44
9
44
9
13
13
55
12
84
9
73
9
14
11
23
9
34
9
64
9
44
9
94
13
85
9
14
15
87
11
83
11
23
9
99
9
34
9
94
9
44
13
25
9
34
9
64
9
94
17
29
9
34
16
58
9
14
9
44
17
89
9
14
15
57
9
74
9
44
11
53
9
33
9
34
9
33
9
94
9
64
12
54
9
44
9
14
14
56
14
86
9
64
16
88
9
44
9
44
9
74
15
87
9
99
13
25
9
34
15
87
13
55
9
99
9
64
9
99
9
94
9
64
9
99
9
13
9
64
9
14
14
26
9
44
9
99
9
44
13
25
12
84
9
64
9
96
9
34
9
34
13
25
9
94
9
63
13
55
9
64
9
14
9
34
9
99
14
56
9
13
9
34
9
94
9
64
9
14
9
44
9
8
9
74
9
94
13
85
12
24
9
13
13
25
9
94
14
56
9
44
9
34
9
44
9
44
9
44
9
94
9
99
9
44
9
14
9
34
9
94
9
99
9
99
9
99
9
94
9
34
9
64
12
84
9
94
9
74
9
34
9
64
9
94
13
55
13
25
9
99
9
74
9
94
9
94
9
34
9
34
13
25
17
59
9
34
9
73
0
20
9
34
9
34
9
94
9
94
9
64
9
34
9
64
9
34
9
99
12
84
9
14
15
27
9
64
11
83
9
94
9
14
9
44
13
55
9
74
15
57
9
43
8
15
9
44
9
99
9
99
9
44
9
14
9
64
12
54
13
55
9
99
9
94
9
94
13
55
0
70
9
14
9
74
9
34
9
44
13
25
9
34
0
10
9
94
9
14
9
14
0
80
9
74
13
55
13
25
9
14
17
89
16
28
9
99
9
74
9
63
9
99
14
26
9
14
9
44
11
53
14
86
9
74
9
94
9
44
9
44
9
99
9
74
9
99
9
14
14
86
9
64
9
44
9
99
14
26
9
33
16
58
9
94
9
94
13
55
9
74
13
25
9
44
9
44
9
74
15
27
13
85
13
25
11
23
9
34
14
56
13
85
9
99
9
99
9
94
16
28
9
34
14
26
9
14
9
13
9
94
12
54
9
34
9
64
9
48
12
54
9
94
9
14
9
14
9
34
16
58
9
94
9
44
9
94
9
94
9
99
14
26
9
99
9
34
17
29
9
34
9
94
9
44
9
64
13
55
9
14
9
14
9
74
9
64
9
74
9
44
4
89
9
14
9
64
13
25
13
85
9
74
9
44
14
56
9
2
9
44
9
94
9
99
9
99
9
34
2
69
12
24
9
99
9
94
9
74
12
24
9
13
9
94
9
99
9
94
9
64
9
94
9
64
12
24
9
94
9
44
9
74
16
28
13
25
9
44
9
64
16
28
13
85
9
34
14
21
9
46
9
44
9
74
12
84
9
14
9
44
9
64
17
29
9
14
9
34
9
44
9
37
9
94
15
27
13
85
9
44
9
34
1
29
9
43
13
25
9
44
12
24
9
94
9
34
9
34
9
13
9
64
13
85
9
94
13
25
9
99
15
57
9
99
14
26
9
34
16
58
9
64
9
64
9
14
9
99
9
74
9
34
9
34
9
14
9
14
9
32
9
64
14
86
9
34
14
56
9
44
9
44
9
34
9
64
15
87
9
93
9
64
9
74
15
27
9
94
17
59
9
47
12
54
1
39
9
44
14
56
12
24
9
64
9
44
9
14
9
94
9
34
17
59
13
85
9
94
9
99
9
59
2
79
9
14
17
89
9
44
14
86
9
73
15
57
9
94
13
55
9
94
0
70
9
34
9
94
2
19
3
99
9
44
9
73
9
14
9
34
13
85
9
74
9
14
1
89
14
26
9
94
13
85
9
94
13
85
9
63
9
14
14
26
14
26
9
64
15
87
9
76
15
57
12
24
9
64
9
64
17
59
11
83
9
44
9
74
17
59
12
24
9
94
14
26
9
14
9
34
9
94
9
99
9
14
9
74
9
74
14
26
9
64
9
74
13
85
9
99
9
13
14
26
9
44
9
14
14
26
15
87
9
64
9
93
9
74
9
43
9
94
9
93
9
44
9
34
9
74
9
14
15
87
9
14
15
57
9
44
9
74
9
14
11
23
14
56
3
0
9
86
16
28
9
14
9
99
2
9
9
34
9
99
9
44
17
59
9
99
9
64
16
88
9
99
11
53
9
44
17
29
15
57
9
34
13
85
9
44
9
32
9
14
12
84
15
87
9
74
9
14
9
74
9
44
17
89
9
34
15
57
9
64
9
63
14
56
9
94
14
26
9
64
13
55
9
44
9
64
9
33
13
85
9
94
9
99
9
44
11
83
9
99
9
94
9
94
14
56
14
86
9
94
13
55
9
99
9
14
9
93
12
24
9
13
9
44
9
14
9
44
9
64
9
99
9
34
9
34
9
74
9
64
9
74
16
28
14
86
9
74
9
43
14
56
14
86
9
14
9
74
14
26
9
34
9
43
9
99
9
74
17
89
9
34
9
34
9
14
0
50
9
94
9
44
9
44
9
14
1
99
11
23
9
99
9
44
9
74
9
33
9
14
9
14
17
29
13
55
16
28
9
14
9
44
9
94
14
86
9
94
9
14
9
34
9
94
9
44
0
60
9
64
17
89
9
72
9
74
9
64
9
99
9
14
9
99
9
64
9
44
9
33
9
13
9
33
9
64
4
49
9
64
15
87
0
90
12
24
9
93
13
85
13
55
9
11
9
64
11
23
13
25
0
20
9
99
12
54
9
14
9
64
9
74
1
19
9
94
9
14
14
26
11
23
9
74
9
34
9
14
9
64
9
94
9
74
9
94
9
34
9
14
9
68
4
59
9
64
9
44
9
74
9
94
12
54
16
28
9
13
9
44
9
14
4
39
9
94
0
10
9
74
14
86
1
43
9
99
9
14
9
34
15
27
9
64
12
84
9
14
13
25
9
64
9
13
9
99
9
94
13
85
13
25
9
8
9
44
9
34
9
64
16
28
9
94
15
87
9
94
14
86
9
44
0
10
16
88
9
74
13
55
9
43
9
31
9
94
9
44
17
29
14
26
9
74
9
44
9
63
9
64
9
33
13
25
9
74
9
94
9
64
9
64
2
89
9
44
0
53
15
57
9
64
9
94
12
84
9
88
1
89
9
34
9
94
9
64
14
56
9
98
9
43
9
44
9
99
9
99
9
94
15
27
16
28
9
99
9
14
9
14
13
85
9
44
9
13
15
22
9
99
9
74
9
44
9
14
9
64
9
74
12
24
9
99
16
58
9
44
9
14
9
74
9
94
9
28
9
44
9
34
13
25
14
26
9
93
9
64
9
94
9
74
14
86
9
99
9
34
9
14
13
81
12
54
9
74
14
26
11
53
9
64
9
8
9
74
0
30
13
55
14
56
12
84
9
99
9
64
9
99
9
34
9
94
15
57
14
26
1
39
9
74
12
24
9
14
9
14
13
25
9
94
13
55
9
73
9
34
9
64
14
56
9
43
9
74
12
24
9
14
9
64
15
87
0
10
9
14
9
64
9
44
9
14
9
74
14
26
13
25
9
64
9
94
9
64
9
64
9
44
14
56
9
74
9
44
9
64
9
64
9
44
9
94
9
64
17
59
9
14
9
44
9
94
9
63
9
44
9
44
9
94
9
34
9
34
9
94
4
99
9
99
9
14
9
94
11
23
9
74
9
31
15
57
9
44
16
58
9
74
12
54
9
64
9
99
9
14
9
63
9
34
4
29
9
43
16
28
17
59
14
56
9
34
9
13
9
74
16
28
9
34
9
44
9
56
14
56
9
44
9
34
14
26
9
34
13
55
9
64
16
58
12
24
9
14
3
59
9
34
9
44
9
64
9
33
9
99
9
34
11
23
9
14
9
94
16
88
9
14
9
74
0
50
15
27
9
64
12
24
9
99
16
58
9
64
9
14
9
94
14
56
9
99
9
94
9
68
16
88
9
33
17
29
9
64
9
34
9
99
9
14
9
34
9
64
9
14
11
53
14
26
9
99
9
63
12
24
13
85
9
44
9
94
9
99
9
34
9
94
9
64
9
14
13
25
9
34
9
99
12
24
9
74
9
94
9
93
9
99
9
14
9
14
9
34
15
27
9
74
13
55
9
33
9
99
13
55
15
27
9
44
9
64
16
88
9
64
16
28
2
19
9
44
9
44
9
6
9
44
9
44
9
99
9
34
9
14
9
99
9
99
16
58
9
74
9
64
2
9
16
58
9
14
9
99
9
34
9
79
9
74
9
34
9
99
9
38
17
59
9
64
9
94
9
94
12
54
9
14
9
44
12
54
9
14
9
14
15
87
9
74
9
64
9
99
14
26
14
56
9
14
9
74
9
14
17
89
17
59
9
14
9
44
4
69
9
44
14
26
9
44
9
34
9
44
9
34
9
33
9
74
9
94
12
54
9
14
16
88
9
43
16
88
9
43
9
74
9
94
9
99
14
56
14
86
14
56
9
74
9
14
0
45
9
14
9
14
12
24
