6
69
7
16
7
16
6
99
9
11
9
42
9
11
7
39
7
39
8
6
6
49
7
77
8
66
8
10
8
16
7
29
9
58
8
40
9
92
6
79
9
10
9
80
7
76
6
16
6
99
8
30
7
89
9
42
7
18
6
29
7
59
6
87
10
22
6
28
9
51
7
9
9
40
10
82
9
10
8
50
9
72
9
42
7
46
8
26
9
31
8
26
9
92
6
59
9
47
7
38
7
8
7
49
8
79
9
62
9
81
6
38
9
39
9
70
8
80
8
99
9
18
9
31
9
80
6
49
6
99
7
59
9
99
9
91
7
59
7
98
8
6
8
60
9
12
9
19
9
39
8
99
7
39
8
18
6
77
6
59
6
96
7
29
9
31
6
19
9
91
6
56
6
49
6
59
9
11
6
29
7
99
9
49
7
14
7
29
7
89
8
60
7
9
6
39
8
8
7
68
9
92
6
78
9
17
8
13
8
18
6
87
9
49
6
39
8
28
7
39
9
38
9
37
6
89
7
99
6
39
7
9
7
29
9
92
7
99
6
99
8
96
9
92
6
27
9
58
8
77
6
89
9
70
7
29
8
60
6
89
6
49
9
18
6
99
8
67
7
89
7
89
7
27
6
29
9
18
10
52
8
30
7
66
0
20
9
27
6
29
9
92
6
88
6
59
8
29
7
59
6
29
7
99
9
77
6
9
8
20
9
60
8
76
8
90
9
12
9
41
9
48
9
72
8
50
7
36
8
15
7
39
8
99
7
99
7
39
9
8
9
60
7
47
9
48
8
99
7
88
9
91
6
48
0
70
9
11
9
71
7
27
9
40
6
19
6
29
0
10
6
87
9
10
9
11
0
80
7
68
8
48
6
19
6
7
10
82
9
21
7
98
8
67
8
56
8
96
7
19
6
9
9
40
6
46
7
79
9
68
7
89
9
41
8
40
9
99
8
70
9
99
9
9
7
79
8
60
9
42
9
99
9
19
6
26
9
51
9
87
9
90
7
48
9
71
6
19
7
39
6
39
9
71
8
20
6
79
6
19
8
16
6
29
7
49
6
79
9
97
9
99
8
90
9
21
7
29
7
19
9
11
7
6
6
89
8
47
9
32
7
59
6
48
6
47
9
88
6
9
9
11
8
30
9
51
8
90
9
37
8
90
9
89
7
99
7
19
8
98
8
30
10
22
9
31
9
92
7
38
8
60
8
48
6
9
6
9
8
70
7
59
8
70
7
39
4
89
9
12
7
59
6
19
6
79
8
70
8
37
7
49
7
2
9
41
9
87
6
96
8
99
9
29
2
69
7
17
6
96
9
91
7
69
7
17
6
14
7
89
9
99
6
89
7
59
9
87
7
59
8
17
8
90
6
39
9
72
9
21
7
18
8
40
8
57
9
21
6
79
9
31
7
21
7
46
9
41
9
71
6
77
9
11
9
41
6
59
10
22
9
10
9
32
9
41
7
37
8
89
8
20
6
79
7
39
6
27
1
29
7
36
6
19
9
42
9
17
9
91
9
32
6
28
7
6
7
59
6
79
8
90
6
19
9
99
9
50
6
99
7
19
7
29
9
51
8
59
6
59
7
7
9
98
9
67
7
29
8
30
7
9
6
7
8
32
7
57
7
79
8
29
7
49
8
38
6
39
9
30
9
59
8
80
9
93
6
58
6
67
8
20
6
89
10
52
9
47
6
47
1
39
9
41
9
49
8
17
8
58
9
40
6
9
9
88
9
32
10
52
6
79
8
90
8
99
6
59
2
79
7
9
10
82
9
41
7
79
8
66
8
50
7
89
9
48
7
87
0
70
6
29
7
89
2
19
3
99
6
39
6
66
6
9
9
31
9
78
8
69
9
7
1
88
7
19
9
91
6
79
8
90
6
79
6
56
7
7
7
19
7
19
8
60
8
80
7
76
8
50
8
17
8
58
7
59
10
52
6
76
6
39
9
71
10
52
7
17
7
89
9
19
9
9
9
32
6
89
6
99
9
12
8
70
8
70
7
19
8
58
9
70
6
79
9
99
7
6
7
19
9
39
9
11
7
19
8
80
7
59
6
86
9
68
6
36
7
89
6
86
8
37
8
29
8
70
6
9
8
80
7
9
8
50
6
39
9
71
9
11
8
16
9
49
3
0
9
86
9
21
7
9
8
99
2
9
8
30
9
99
7
38
10
52
6
96
6
59
9
81
8
98
8
46
7
39
10
22
8
50
9
31
6
78
9
40
6
32
9
8
9
77
8
80
7
69
7
9
9
69
6
39
10
82
9
31
8
50
7
59
6
56
7
49
8
90
7
19
9
62
6
49
9
42
9
57
6
26
6
79
9
91
8
99
9
42
8
76
9
99
6
89
9
88
7
49
7
79
9
89
6
49
6
99
9
11
6
86
9
17
8
6
8
40
6
9
9
41
6
59
6
99
8
30
6
29
6
69
9
61
6
69
9
21
9
79
6
69
8
36
9
49
7
79
7
8
6
69
7
19
9
31
6
36
8
99
6
69
10
82
8
29
7
27
8
10
0
50
9
87
8
40
8
40
9
12
1
99
7
16
8
98
9
42
9
71
6
26
8
10
8
10
10
22
9
48
9
21
9
11
8
40
8
90
7
79
6
89
7
9
9
31
9
90
9
39
0
60
9
61
10
82
6
72
7
69
9
57
9
97
6
9
6
99
6
59
6
39
8
26
8
6
9
33
9
60
4
49
6
59
8
80
0
90
7
17
6
86
6
79
8
48
7
11
9
62
6
16
6
19
0
20
6
98
9
47
8
10
6
59
6
69
1
19
7
87
8
10
7
19
8
16
6
69
6
29
7
9
6
59
9
89
8
69
9
88
8
30
9
12
9
68
4
59
7
59
8
40
7
69
6
89
7
47
9
21
8
6
7
39
9
10
4
39
9
88
0
10
6
69
7
79
1
43
7
99
6
9
9
30
9
20
9
62
9
77
9
11
6
19
9
61
8
6
6
98
7
89
7
78
6
19
7
8
9
42
6
29
6
59
9
21
9
90
8
80
7
89
7
79
6
39
0
10
9
81
9
67
9
48
7
36
9
31
7
87
9
41
10
22
8
19
8
69
9
41
8
56
9
62
7
26
6
19
9
70
8
90
6
59
6
57
2
89
9
42
0
53
8
50
6
59
9
91
8
77
8
88
1
89
7
29
6
89
8
60
9
49
7
98
8
36
9
42
9
99
7
99
7
87
8
20
9
21
7
99
6
9
7
9
6
79
9
41
6
6
8
23
9
99
8
70
6
39
9
8
9
62
9
72
9
17
9
97
9
51
9
40
9
10
7
69
8
90
9
28
9
41
8
29
6
19
7
19
8
86
7
59
6
89
8
70
7
79
8
99
8
30
9
11
6
81
7
47
7
67
7
19
7
46
7
59
8
8
9
72
0
30
6
49
7
49
7
77
6
99
8
60
7
96
8
27
8
90
8
50
7
19
1
39
7
69
7
17
7
9
8
10
6
19
9
92
9
48
8
66
6
28
8
60
7
49
7
36
8
70
9
17
9
9
7
59
8
80
0
10
8
10
6
57
6
37
6
9
9
71
7
19
9
18
7
57
9
91
7
57
9
57
7
39
7
49
8
70
7
39
8
60
9
58
9
40
6
89
6
59
10
52
9
12
9
38
9
91
6
56
9
41
9
42
9
91
7
29
9
27
6
89
4
99
6
96
6
9
9
91
8
16
9
70
9
31
8
50
6
38
9
51
8
70
8
47
7
57
6
97
6
9
8
56
9
32
4
27
8
36
9
21
10
52
7
49
9
31
6
6
9
68
9
21
8
29
6
37
7
56
7
49
7
39
7
29
7
19
8
30
6
49
9
60
9
51
6
17
9
9
3
59
8
28
9
38
9
58
8
26
9
99
9
32
8
16
9
7
8
90
9
81
8
10
7
68
0
50
8
20
6
59
9
17
6
97
9
51
6
59
7
9
8
87
7
49
8
99
7
89
9
68
9
81
6
26
10
22
6
59
9
32
9
99
6
9
9
28
9
62
7
9
7
46
7
19
9
97
8
56
7
17
6
79
6
39
9
92
8
96
9
27
9
91
7
59
6
9
6
19
6
28
9
98
9
17
6
69
9
91
7
94
7
99
6
9
6
9
8
28
8
20
8
67
8
48
8
26
9
98
6
49
8
20
9
39
6
59
9
81
8
60
9
21
2
16
9
42
6
37
7
6
9
42
8
39
9
98
7
29
7
9
7
99
8
99
9
51
9
71
9
62
2
9
9
51
8
10
9
99
9
31
9
79
8
70
8
27
9
99
8
38
10
52
9
62
6
88
8
90
8
47
9
9
9
38
8
47
9
9
6
9
8
80
6
69
8
59
8
96
7
19
7
49
7
9
8
68
8
10
10
82
10
52
7
9
8
40
4
69
9
38
7
19
9
41
7
29
8
39
9
34
8
26
9
67
9
88
9
47
9
12
9
81
8
36
9
81
8
36
8
70
7
89
7
99
7
49
7
79
9
49
6
69
8
10
0
45
9
10
9
7
9
17
