3
69
4
13
4
13
3
99
6
9
7
39
6
8
4
39
4
39
5
3
3
49
4
74
5
63
5
9
6
13
4
27
7
55
5
39
7
89
3
79
7
7
6
77
4
73
3
13
3
97
5
29
4
89
7
39
4
15
3
29
4
57
3
84
7
19
3
25
7
48
4
7
6
37
7
79
6
7
5
47
7
69
7
39
4
43
6
23
6
28
6
23
7
89
3
59
7
44
4
35
4
5
4
47
5
76
7
59
6
79
3
35
6
36
7
67
5
79
5
99
7
15
6
29
6
77
3
49
3
99
4
58
7
96
6
89
4
56
4
95
5
3
5
59
7
9
7
16
6
36
5
97
4
38
5
15
3
74
3
59
3
96
4
28
6
28
3
19
6
89
3
53
3
49
3
59
6
9
3
28
4
99
7
46
4
14
4
27
4
87
5
58
4
7
3
36
5
8
4
65
7
89
3
75
6
14
5
13
5
15
3
84
7
46
3
39
5
25
4
39
7
35
7
34
3
89
4
97
3
39
4
9
4
29
7
89
4
97
3
99
6
93
7
89
3
24
6
55
5
74
3
89
6
67
4
26
5
59
3
89
3
49
7
15
3
96
5
64
4
89
4
88
4
24
3
29
7
15
7
49
5
27
4
63
0
20
7
24
3
28
7
89
3
85
3
59
5
26
4
57
3
27
4
96
6
74
3
8
5
19
6
57
5
73
5
89
7
9
7
38
6
45
7
69
5
49
4
33
5
15
4
39
5
97
4
99
4
39
7
5
6
57
4
44
6
45
5
99
4
85
6
89
3
45
0
70
6
8
7
68
4
24
7
37
3
17
3
29
0
10
3
84
6
7
7
8
0
80
4
65
5
45
3
19
3
4
7
79
7
18
4
95
5
64
6
53
6
93
4
19
3
8
6
37
3
43
4
79
7
65
4
88
6
39
5
39
6
96
5
69
7
98
7
6
4
79
5
59
7
39
6
99
6
16
3
23
7
48
6
84
7
87
4
45
6
68
3
19
4
36
3
38
6
69
5
19
3
79
3
19
5
13
3
29
4
49
3
79
6
94
6
98
5
89
6
19
4
29
4
19
6
9
4
3
3
88
5
44
7
29
4
59
3
48
3
44
6
85
3
6
7
8
5
29
6
49
5
89
6
34
5
89
6
86
4
99
4
19
5
95
5
29
7
19
7
28
7
89
4
35
5
59
5
45
3
9
3
9
5
69
4
59
5
69
4
38
4
86
7
9
4
59
3
19
3
79
5
69
5
34
4
48
4
2
6
39
7
84
3
93
5
99
6
26
2
69
4
14
3
93
6
89
4
68
4
14
3
14
4
88
7
99
3
89
4
59
7
84
4
56
5
14
5
87
3
39
7
69
6
19
4
15
5
39
5
54
6
19
3
77
6
29
4
21
4
46
6
39
6
69
3
74
6
9
6
39
3
59
7
19
7
7
7
29
6
38
4
37
5
86
5
19
3
78
4
39
3
24
1
29
4
33
3
16
7
39
7
14
6
89
7
29
3
25
4
3
4
59
3
79
5
87
3
19
7
99
6
47
3
99
4
18
4
29
6
49
5
56
3
58
4
4
6
95
7
64
4
27
5
27
4
9
3
4
5
32
4
54
4
79
5
26
4
49
5
35
3
39
6
27
6
56
5
77
7
94
3
55
3
64
5
19
3
89
7
49
6
47
3
44
1
36
6
38
6
46
5
14
5
55
6
37
3
9
7
85
7
29
7
49
3
78
5
89
5
98
3
59
2
79
4
9
7
79
6
38
4
77
6
63
5
49
4
88
7
45
4
84
0
70
3
26
4
89
2
19
3
97
3
39
3
63
3
7
6
29
7
75
5
66
6
4
1
85
4
19
7
88
3
76
5
89
3
79
3
53
4
4
4
17
4
19
5
57
5
79
4
76
5
49
5
14
5
55
4
58
7
49
3
73
3
37
6
69
7
49
4
14
4
88
7
16
6
6
7
29
3
88
3
97
7
9
5
69
5
69
4
17
5
55
7
67
3
79
6
96
4
3
4
19
6
36
6
9
4
17
5
77
4
58
3
83
7
65
3
33
4
89
3
83
5
34
5
26
5
69
3
6
5
79
4
9
5
49
3
37
6
69
6
9
6
13
6
46
3
0
7
86
6
19
4
7
5
99
2
9
5
29
7
97
4
35
7
49
3
93
3
59
6
79
5
95
5
43
4
36
7
19
5
49
6
29
3
75
7
37
3
32
7
5
6
74
5
79
4
69
4
9
6
66
3
37
7
79
6
29
5
47
4
59
3
53
4
49
5
89
4
19
7
59
3
46
7
39
7
54
3
23
3
76
6
89
5
99
7
39
6
73
6
96
3
88
7
85
4
47
4
79
6
86
3
49
3
99
6
9
3
83
6
14
6
3
5
39
3
9
6
39
3
59
3
98
5
28
3
29
3
67
6
59
3
66
6
19
7
76
3
69
5
33
7
46
4
79
4
5
3
69
4
16
7
28
3
33
5
99
3
69
7
79
5
26
4
24
5
9
0
50
6
84
5
39
5
37
7
9
1
97
4
13
5
95
7
39
6
68
3
23
5
8
5
9
7
19
6
45
6
19
6
9
5
39
5
89
4
76
3
86
4
6
6
28
7
87
6
36
0
60
7
58
7
79
3
72
4
69
7
54
7
96
3
9
3
99
3
57
3
39
6
23
5
3
6
33
7
57
4
47
3
59
5
79
0
90
4
14
3
83
3
77
5
45
4
11
7
59
3
13
3
19
0
20
3
95
6
44
5
7
3
59
3
69
1
19
4
84
5
9
4
19
5
13
3
69
3
29
4
7
3
59
7
86
5
66
6
85
5
27
7
9
7
68
4
58
4
57
5
38
4
69
3
89
4
44
6
18
6
3
4
37
6
7
4
39
7
85
0
10
3
69
4
79
1
43
4
96
3
9
6
27
6
17
7
59
7
74
6
9
3
19
6
59
5
3
3
95
4
89
4
75
3
19
4
8
7
39
3
29
3
59
6
19
6
87
5
79
4
88
4
78
3
39
0
10
6
79
6
64
7
45
4
33
7
31
4
84
6
39
7
19
5
16
5
66
6
39
5
53
7
59
4
23
3
19
6
67
5
89
3
59
3
54
2
89
7
39
0
53
5
47
3
59
6
88
5
74
5
88
1
88
4
29
3
89
5
59
6
46
4
98
5
33
7
39
6
99
4
99
4
84
5
17
6
19
4
99
3
7
4
6
3
77
6
39
3
3
5
23
7
99
5
69
3
39
7
5
7
59
7
69
6
14
6
94
6
49
6
37
7
7
4
69
5
87
7
28
6
39
5
26
3
17
4
18
6
83
4
59
3
89
5
69
4
78
5
99
5
29
6
9
3
81
4
44
4
64
4
19
4
43
4
57
5
8
7
69
0
30
3
47
4
46
4
74
3
99
5
57
4
93
5
24
5
88
5
49
4
18
1
39
4
66
4
14
4
9
5
9
3
19
7
89
6
45
6
63
3
25
5
59
4
49
4
33
5
69
7
14
7
6
4
59
5
79
0
10
5
9
3
54
3
34
3
9
7
68
4
18
7
15
4
54
6
89
4
54
6
54
4
39
4
49
5
69
4
39
5
59
6
55
6
37
3
89
3
59
7
49
7
9
7
35
7
88
3
53
6
39
7
39
6
89
4
29
7
24
3
87
4
97
3
93
3
6
6
89
6
13
6
67
6
31
5
47
3
35
6
49
5
69
5
44
4
54
3
94
3
9
6
53
7
29
4
24
5
33
6
19
7
49
4
46
7
28
3
3
6
65
6
19
5
26
3
34
4
56
4
49
4
38
4
29
4
19
5
29
3
49
7
57
6
48
3
14
6
6
3
57
5
25
7
35
6
55
5
23
7
97
7
29
6
13
6
4
5
89
6
78
5
8
4
65
0
50
5
17
3
56
6
14
3
94
6
48
3
59
4
9
5
84
4
47
5
99
4
89
7
68
6
79
3
23
7
19
3
59
7
29
7
97
3
9
6
25
7
59
4
9
4
43
4
19
7
94
5
53
4
14
3
78
3
39
7
89
5
93
7
24
6
88
4
56
3
9
3
19
3
25
7
95
7
14
3
69
6
89
4
94
4
98
3
9
3
7
5
25
5
19
5
64
5
45
6
23
6
95
3
48
5
19
7
36
3
59
6
78
5
59
6
19
2
13
7
39
3
34
4
6
7
39
5
36
7
95
4
29
4
9
4
97
5
99
6
49
6
69
7
59
2
9
6
49
5
9
7
96
6
28
6
79
5
69
5
24
6
97
5
38
7
49
7
59
3
85
5
88
5
44
7
6
6
35
5
44
6
6
3
8
5
77
3
66
5
56
5
93
4
19
4
46
4
9
5
65
5
9
7
79
7
49
4
9
5
39
4
69
6
35
4
19
6
39
4
28
5
36
7
34
5
23
6
64
6
85
6
44
7
9
6
79
6
33
6
79
6
33
5
69
4
87
4
99
4
49
4
78
7
46
3
69
5
9
0
45
6
7
6
4
6
14
