9
74
13
25
13
25
9
99
9
14
9
44
9
14
9
44
9
44
9
14
15
57
14
86
9
74
9
14
13
25
9
34
9
64
9
44
9
94
15
87
9
14
17
89
13
85
13
25
9
99
9
34
9
94
9
44
15
27
9
34
9
64
9
94
19
31
9
34
18
60
9
14
9
44
19
91
9
14
17
59
9
74
9
44
13
55
9
34
9
34
9
34
9
94
9
64
14
56
9
44
9
14
16
58
16
88
9
64
18
90
9
44
9
44
9
74
17
89
9
99
15
27
9
34
17
89
15
57
9
99
9
64
9
99
9
94
9
64
9
99
9
14
9
64
9
14
16
28
9
44
9
99
9
44
15
27
14
86
9
64
9
96
9
34
9
34
15
27
9
94
9
64
15
57
9
64
9
14
9
34
9
99
16
58
9
13
9
34
9
94
9
64
9
14
9
44
9
8
9
74
9
94
15
87
14
26
9
13
15
27
9
94
16
58
9
44
9
34
9
44
9
44
9
44
9
94
9
99
9
44
9
14
9
34
9
94
9
99
9
99
9
99
9
94
9
34
9
64
14
86
9
94
9
74
9
34
9
64
9
94
15
57
15
27
9
99
9
74
9
94
9
94
9
34
9
34
15
27
19
61
9
34
9
74
0
20
9
34
9
34
9
94
9
94
9
64
9
34
9
64
9
34
9
99
14
86
9
14
17
29
9
64
13
85
9
94
9
14
9
44
15
57
9
74
17
59
9
44
8
15
9
44
9
99
9
99
9
44
9
14
9
64
14
56
15
57
9
99
9
94
9
94
15
57
0
70
9
14
9
74
9
34
9
44
15
27
9
34
0
10
9
94
9
14
9
14
0
80
9
74
15
57
15
27
9
14
19
91
18
30
9
99
9
74
9
64
9
99
16
28
9
14
9
44
13
55
16
88
9
74
9
94
9
44
9
44
9
99
9
74
9
99
9
14
16
88
9
64
9
44
9
99
16
28
9
34
18
60
9
94
9
94
15
57
9
74
15
27
9
44
9
44
9
74
17
29
15
87
15
27
13
25
9
34
16
58
15
87
9
99
9
99
9
94
18
30
9
34
16
28
9
14
9
14
9
94
14
56
9
34
9
64
9
48
14
56
9
94
9
14
9
14
9
34
18
60
9
94
9
44
9
94
9
94
9
99
16
28
9
99
9
34
19
31
9
34
9
94
9
44
9
64
15
57
9
14
9
14
9
74
9
64
9
74
9
44
4
89
9
14
9
64
15
27
15
87
9
74
9
44
16
58
9
2
9
44
9
94
9
99
9
99
9
34
2
69
14
26
9
99
9
94
9
74
14
26
9
13
9
94
9
99
9
94
9
64
9
94
9
64
14
26
9
94
9
44
9
74
18
30
15
27
9
44
9
64
18
30
15
87
9
34
16
21
9
46
9
44
9
74
14
86
9
14
9
44
9
64
19
31
9
14
9
34
9
44
9
37
9
94
17
29
15
87
9
44
9
34
1
29
9
44
15
27
9
44
14
26
9
94
9
34
9
34
9
14
9
64
15
87
9
94
15
27
9
99
17
59
9
99
16
28
9
34
18
60
9
64
9
64
9
14
9
99
9
74
9
34
9
34
9
14
9
14
9
32
9
64
16
88
9
34
16
58
9
44
9
44
9
34
9
64
17
89
9
93
9
64
9
74
17
29
9
94
19
61
9
47
14
56
1
39
9
44
16
58
14
26
9
64
9
44
9
14
9
94
9
34
19
61
15
87
9
94
9
99
9
59
2
79
9
14
19
91
9
44
16
88
9
74
17
59
9
94
15
57
9
94
0
70
9
34
9
94
2
19
3
99
9
44
9
74
9
14
9
34
15
87
9
74
9
14
1
89
16
28
9
94
15
87
9
94
15
87
9
64
9
14
16
28
16
28
9
64
17
89
9
76
17
59
14
26
9
64
9
64
19
61
13
85
9
44
9
74
19
61
14
26
9
94
16
28
9
14
9
34
9
94
9
99
9
14
9
74
9
74
16
28
9
64
9
74
15
87
9
99
9
14
16
28
9
44
9
14
16
28
17
89
9
64
9
94
9
74
9
44
9
94
9
94
9
44
9
34
9
74
9
14
17
89
9
14
17
59
9
44
9
74
9
14
13
25
16
58
3
0
9
86
18
30
9
14
9
99
2
9
9
34
9
99
9
44
19
61
9
99
9
64
18
90
9
99
13
55
9
44
19
31
17
59
9
34
15
87
9
44
9
32
9
14
14
86
17
89
9
74
9
14
9
74
9
44
19
91
9
34
17
59
9
64
9
64
16
58
9
94
16
28
9
64
15
57
9
44
9
64
9
34
15
87
9
94
9
99
9
44
13
85
9
99
9
94
9
94
16
58
16
88
9
94
15
57
9
99
9
14
9
94
14
26
9
14
9
44
9
14
9
44
9
64
9
99
9
34
9
34
9
74
9
64
9
74
18
30
16
88
9
74
9
44
16
58
16
88
9
14
9
74
16
28
9
34
9
44
9
99
9
74
19
91
9
34
9
34
9
14
0
50
9
94
9
44
9
44
9
14
1
99
13
25
9
99
9
44
9
74
9
34
9
14
9
14
19
31
15
57
18
30
9
14
9
44
9
94
16
88
9
94
9
14
9
34
9
94
9
44
0
60
9
64
19
91
9
72
9
74
9
64
9
99
9
14
9
99
9
64
9
44
9
34
9
14
9
33
9
64
4
49
9
64
17
89
0
90
14
26
9
94
15
87
15
57
9
11
9
64
13
25
15
27
0
20
9
99
14
56
9
14
9
64
9
74
1
19
9
94
9
14
16
28
13
25
9
74
9
34
9
14
9
64
9
94
9
74
9
94
9
34
9
14
9
68
4
59
9
64
9
44
9
74
9
94
14
56
18
30
9
14
9
44
9
14
4
39
9
94
0
10
9
74
16
88
1
43
9
99
9
14
9
34
17
29
9
64
14
86
9
14
15
27
9
64
9
14
9
99
9
94
15
87
15
27
9
8
9
44
9
34
9
64
18
30
9
94
17
89
9
94
16
88
9
44
0
10
18
90
9
74
15
57
9
44
9
31
9
94
9
44
19
31
16
28
9
74
9
44
9
64
9
64
9
34
15
27
9
74
9
94
9
64
9
64
2
89
9
44
0
53
17
59
9
64
9
94
14
86
9
88
1
89
9
34
9
94
9
64
16
58
9
98
9
44
9
44
9
99
9
99
9
94
17
29
18
30
9
99
9
14
9
14
15
87
9
44
9
14
17
22
9
99
9
74
9
44
9
14
9
64
9
74
14
26
9
99
18
60
9
44
9
14
9
74
9
94
9
28
9
44
9
34
15
27
16
28
9
94
9
64
9
94
9
74
16
88
9
99
9
34
9
14
15
81
14
56
9
74
16
28
13
55
9
64
9
8
9
74
0
30
15
57
16
58
14
86
9
99
9
64
9
99
9
34
9
94
17
59
16
28
1
39
9
74
14
26
9
14
9
14
15
27
9
94
15
57
9
74
9
34
9
64
16
58
9
44
9
74
14
26
9
14
9
64
17
89
0
10
9
14
9
64
9
44
9
14
9
74
16
28
15
27
9
64
9
94
9
64
9
64
9
44
16
58
9
74
9
44
9
64
9
64
9
44
9
94
9
64
19
61
9
14
9
44
9
94
9
64
9
44
9
44
9
94
9
34
9
34
9
94
4
99
9
99
9
14
9
94
13
25
9
74
9
31
17
59
9
44
18
60
9
74
14
56
9
64
9
99
9
14
9
64
9
34
4
29
9
44
18
30
19
61
16
58
9
34
9
14
9
74
18
30
9
34
9
44
9
56
16
58
9
44
9
34
16
28
9
34
15
57
9
64
18
60
14
26
9
14
3
59
9
34
9
44
9
64
9
34
9
99
9
34
13
25
9
14
9
94
18
90
9
14
9
74
0
50
17
29
9
64
14
26
9
99
18
60
9
64
9
14
9
94
16
58
9
99
9
94
9
68
18
90
9
34
19
31
9
64
9
34
9
99
9
14
9
34
9
64
9
14
13
55
16
28
9
99
9
64
14
26
15
87
9
44
9
94
9
99
9
34
9
94
9
64
9
14
15
27
9
34
9
99
14
26
9
74
9
94
9
93
9
99
9
14
9
14
9
34
17
29
9
74
15
57
9
34
9
99
15
57
17
29
9
44
9
64
18
90
9
64
18
30
2
19
9
44
9
44
9
6
9
44
9
44
9
99
9
34
9
14
9
99
9
99
18
60
9
74
9
64
2
9
18
60
9
14
9
99
9
34
9
79
9
74
9
34
9
99
9
38
19
61
9
64
9
94
9
94
14
56
9
14
9
44
14
56
9
14
9
14
17
89
9
74
9
64
9
99
16
28
16
58
9
14
9
74
9
14
19
91
19
61
9
14
9
44
4
69
9
44
16
28
9
44
9
34
9
44
9
34
9
34
9
74
9
94
14
56
9
14
18
90
9
44
18
90
9
44
9
74
9
94
9
99
16
58
16
88
16
58
9
74
9
14
0
45
9
14
9
14
14
26
