9
71
9
19
9
19
9
99
9
14
9
44
9
14
9
42
9
42
9
9
9
51
9
80
9
69
9
13
9
19
9
32
9
61
9
43
9
94
9
81
9
13
11
83
9
79
9
19
9
99
9
33
9
92
9
44
9
21
9
31
9
62
9
90
13
25
9
31
12
54
9
12
9
43
13
85
9
13
11
53
9
74
9
44
9
49
9
29
9
34
9
29
9
94
9
61
9
50
9
41
9
11
10
52
10
82
9
64
12
84
9
41
9
42
9
73
11
83
9
99
9
21
9
34
11
83
9
51
9
99
9
62
9
99
9
94
9
62
9
99
9
9
9
63
9
14
10
22
9
42
9
99
9
42
9
21
9
80
9
61
9
96
9
32
9
34
9
21
9
94
9
59
9
51
9
61
9
14
9
31
9
99
10
52
9
13
9
32
9
92
9
63
9
12
9
41
9
8
9
71
9
94
9
81
9
20
9
13
9
21
9
90
10
52
9
41
9
31
9
42
9
41
9
40
9
91
9
99
9
41
9
12
9
32
9
94
9
99
9
99
9
99
9
94
9
30
9
61
9
80
9
91
9
73
9
32
9
63
9
91
9
51
9
21
9
99
9
70
9
92
9
92
9
30
9
31
9
21
13
55
9
33
9
69
0
20
9
30
9
31
9
94
9
91
9
61
9
32
9
62
9
31
9
99
9
80
9
11
11
23
9
63
9
79
9
93
9
14
9
44
9
51
9
74
11
53
9
39
8
15
9
42
9
99
9
99
9
42
9
11
9
63
9
50
9
51
9
99
9
91
9
94
9
51
0
70
9
14
9
74
9
30
9
43
9
21
9
31
0
10
9
90
9
13
9
14
0
80
9
71
9
51
9
21
9
10
13
85
12
24
9
99
9
70
9
59
9
99
10
22
9
11
9
43
9
49
10
82
9
71
9
92
9
44
9
43
9
99
9
73
9
99
9
12
10
82
9
63
9
44
9
99
10
22
9
29
12
54
9
90
9
93
9
51
9
74
9
21
9
42
9
41
9
74
11
23
9
81
9
21
9
19
9
31
10
52
9
81
9
99
9
99
9
93
12
24
9
32
10
22
9
14
9
9
9
91
9
50
9
34
9
62
9
48
9
50
9
91
9
11
9
14
9
33
12
54
9
93
9
40
9
93
9
92
9
99
10
22
9
99
9
33
13
25
9
34
9
94
9
41
9
63
9
51
9
11
9
11
9
73
9
62
9
73
9
42
4
89
9
14
9
62
9
21
9
81
9
73
9
40
10
52
9
2
9
44
9
90
9
99
9
99
9
32
2
69
9
20
9
99
9
94
9
72
9
20
9
13
9
92
9
99
9
91
9
62
9
90
9
62
9
20
9
93
9
41
9
74
12
24
9
21
9
43
9
60
12
24
9
81
9
34
10
21
9
46
9
44
9
74
9
80
9
14
9
44
9
61
13
25
9
13
9
34
9
44
9
37
9
92
11
23
9
81
9
42
9
30
1
29
9
39
9
21
9
44
9
20
9
94
9
34
9
31
9
9
9
62
9
81
9
93
9
21
9
99
11
53
9
99
10
22
9
32
12
54
9
62
9
61
9
10
9
99
9
70
9
32
9
33
9
12
9
10
9
32
9
60
10
82
9
32
10
52
9
41
9
41
9
33
9
62
11
83
9
93
9
61
9
70
11
23
9
91
13
55
9
47
9
50
1
39
9
44
10
52
9
20
9
61
9
43
9
11
9
91
9
34
13
55
9
81
9
93
9
99
9
59
2
79
9
12
13
85
9
44
10
82
9
69
11
53
9
92
9
51
9
90
0
70
9
31
9
92
2
19
3
99
9
41
9
69
9
11
9
34
9
81
9
72
9
10
1
89
10
22
9
94
9
81
9
93
9
81
9
59
9
10
10
22
10
22
9
63
11
83
9
76
11
53
9
20
9
61
9
62
13
55
9
79
9
41
9
74
13
55
9
20
9
92
10
22
9
12
9
34
9
91
9
99
9
14
9
73
9
73
10
22
9
61
9
73
9
81
9
99
9
9
10
22
9
42
9
14
10
22
11
83
9
62
9
89
9
71
9
39
9
92
9
89
9
40
9
32
9
73
9
11
11
83
9
12
11
53
9
41
9
74
9
14
9
19
10
52
3
0
9
86
12
24
9
12
9
99
2
9
9
33
9
99
9
41
13
55
9
99
9
61
12
84
9
99
9
49
9
42
13
25
11
53
9
34
9
81
9
43
9
32
9
11
9
80
11
83
9
72
9
12
9
72
9
41
13
85
9
34
11
53
9
62
9
59
10
52
9
93
10
22
9
64
9
51
9
44
9
60
9
29
9
81
9
94
9
99
9
44
9
79
9
99
9
91
9
91
10
52
10
82
9
92
9
51
9
99
9
14
9
89
9
20
9
9
9
43
9
11
9
44
9
61
9
99
9
33
9
31
9
71
9
64
9
71
12
24
10
82
9
71
9
39
10
52
10
82
9
11
9
71
10
22
9
34
9
39
9
99
9
71
13
85
9
32
9
30
9
13
0
50
9
90
9
43
9
43
9
14
1
99
9
19
9
99
9
44
9
74
9
29
9
13
9
13
13
25
9
51
12
24
9
14
9
43
9
93
10
82
9
91
9
12
9
34
9
93
9
42
0
60
9
64
13
85
9
72
9
72
9
60
9
99
9
11
9
99
9
61
9
41
9
29
9
9
9
33
9
63
4
49
9
61
11
83
0
90
9
20
9
89
9
81
9
51
9
11
9
64
9
19
9
21
0
20
9
99
9
50
9
13
9
61
9
71
1
19
9
90
9
13
10
22
9
19
9
71
9
31
9
12
9
61
9
92
9
72
9
91
9
33
9
14
9
68
4
59
9
62
9
43
9
72
9
91
9
50
12
24
9
9
9
42
9
13
4
39
9
91
0
10
9
71
10
82
1
43
9
99
9
11
9
33
11
23
9
64
9
80
9
14
9
21
9
64
9
9
9
99
9
92
9
81
9
21
9
8
9
44
9
31
9
61
12
24
9
93
11
83
9
92
10
82
9
41
0
10
12
84
9
70
9
51
9
39
9
31
9
90
9
44
13
25
10
22
9
72
9
44
9
59
9
64
9
29
9
21
9
73
9
93
9
61
9
60
2
89
9
44
0
53
11
53
9
61
9
94
9
80
9
88
1
89
9
32
9
91
9
63
10
52
9
98
9
39
9
44
9
99
9
99
9
90
11
23
12
24
9
99
9
11
9
12
9
81
9
44
9
9
11
22
9
99
9
73
9
41
9
11
9
64
9
74
9
20
9
99
12
54
9
43
9
13
9
72
9
93
9
28
9
44
9
32
9
21
10
22
9
89
9
62
9
91
9
73
10
82
9
99
9
33
9
14
9
81
9
50
9
70
10
22
9
49
9
62
9
8
9
74
0
30
9
51
10
52
9
80
9
99
9
63
9
99
9
30
9
93
11
53
10
22
1
39
9
72
9
20
9
12
9
13
9
21
9
94
9
51
9
69
9
31
9
63
10
52
9
39
9
73
9
20
9
12
9
62
11
83
0
10
9
13
9
60
9
40
9
11
9
74
10
22
9
21
9
60
9
94
9
60
9
60
9
42
10
52
9
73
9
42
9
63
9
61
9
43
9
91
9
61
13
55
9
14
9
41
9
94
9
59
9
44
9
44
9
94
9
32
9
30
9
91
4
99
9
99
9
11
9
94
9
19
9
73
9
31
11
53
9
41
12
54
9
73
9
50
9
60
9
99
9
11
9
59
9
34
4
29
9
39
12
24
13
55
10
52
9
34
9
9
9
71
12
24
9
32
9
40
9
56
10
52
9
42
9
32
10
22
9
33
9
51
9
63
12
54
9
20
9
12
3
59
9
31
9
41
9
61
9
29
9
99
9
34
9
19
9
10
9
93
12
84
9
13
9
71
0
50
11
23
9
61
9
20
9
99
12
54
9
61
9
12
9
90
10
52
9
99
9
92
9
68
12
84
9
29
13
25
9
61
9
34
9
99
9
11
9
31
9
64
9
12
9
49
10
22
9
99
9
59
9
20
9
81
9
41
9
94
9
99
9
30
9
94
9
62
9
11
9
21
9
31
9
99
9
20
9
71
9
94
9
93
9
99
9
11
9
11
9
31
11
23
9
70
9
51
9
29
9
99
9
51
11
23
9
42
9
61
12
84
9
63
12
24
2
19
9
44
9
40
9
6
9
44
9
42
9
99
9
32
9
12
9
99
9
99
12
54
9
74
9
64
2
9
12
54
9
13
9
99
9
34
9
79
9
73
9
30
9
99
9
38
13
55
9
64
9
91
9
93
9
50
9
12
9
41
9
50
9
12
9
11
11
83
9
71
9
62
9
99
10
22
10
52
9
12
9
71
9
13
13
85
13
55
9
12
9
43
4
69
9
41
10
22
9
44
9
32
9
42
9
34
9
29
9
70
9
91
9
50
9
14
12
84
9
39
12
84
9
39
9
73
9
92
9
99
10
52
10
82
10
52
9
71
9
13
0
45
9
13
9
10
9
20
