4
69
5
14
5
14
4
99
7
9
8
40
7
9
5
39
5
39
6
4
4
49
5
75
6
64
6
9
7
14
5
28
8
56
6
39
8
90
4
79
8
8
7
78
5
74
4
14
4
98
6
29
5
89
8
40
5
16
4
29
5
58
4
85
8
20
4
26
8
49
5
8
7
38
8
80
7
8
6
48
8
70
8
40
5
44
7
24
7
29
7
24
8
90
4
59
8
45
5
36
5
6
5
48
6
77
8
60
7
79
4
36
7
37
8
68
6
79
6
99
8
16
7
29
7
78
4
49
4
99
5
59
8
97
7
89
5
57
5
96
6
4
6
59
8
10
8
17
7
37
6
98
5
39
6
16
4
75
4
59
4
96
5
29
7
29
4
19
7
89
4
54
4
49
4
59
7
9
4
29
5
99
8
47
5
14
5
28
5
88
6
59
5
8
4
37
6
8
5
66
8
90
4
76
7
15
6
13
6
16
4
85
8
47
4
39
6
26
5
39
8
36
8
35
4
89
5
98
4
39
5
9
5
29
8
90
5
98
4
99
7
94
8
90
4
25
7
56
6
75
4
89
7
68
5
27
6
59
4
89
4
49
8
16
4
97
6
65
5
89
5
89
5
25
4
29
8
16
8
50
6
28
5
64
0
20
8
25
4
29
8
90
4
86
4
59
6
27
5
58
4
28
5
97
7
75
4
9
6
19
7
58
6
74
6
89
8
10
8
39
7
46
8
70
6
49
5
34
6
15
5
39
6
98
5
99
5
39
8
6
7
58
5
45
7
46
6
99
5
86
7
89
4
46
0
70
7
9
8
69
5
25
8
38
4
18
4
29
0
10
4
85
7
8
8
9
0
80
5
66
6
46
4
19
4
5
8
80
8
19
5
96
6
65
7
54
7
94
5
19
4
9
7
38
4
44
5
79
8
66
5
89
7
39
6
39
7
97
6
69
8
99
8
7
5
79
6
59
8
40
7
99
7
17
4
24
8
49
7
85
8
88
5
46
7
69
4
19
5
37
4
39
7
69
6
19
4
79
4
19
6
14
4
29
5
49
4
79
7
95
7
99
6
89
7
19
5
29
5
19
7
9
5
4
4
89
6
45
8
30
5
59
4
48
4
45
7
86
4
7
8
9
6
29
7
49
6
89
7
35
6
89
7
87
5
99
5
19
6
96
6
29
8
20
8
29
8
90
5
36
6
59
6
46
4
9
4
9
6
69
5
59
6
69
5
39
4
87
8
10
5
59
4
19
4
79
6
69
6
35
5
49
5
2
7
39
8
85
4
94
6
99
7
27
2
69
5
15
4
94
7
89
5
69
5
15
4
14
5
89
8
99
4
89
5
59
8
85
5
57
6
15
6
88
4
39
8
70
7
19
5
16
6
39
6
55
7
19
4
78
7
29
5
21
5
46
7
39
7
69
4
75
7
9
7
39
4
59
8
20
8
8
8
30
7
39
5
37
6
87
6
19
4
79
5
39
4
25
1
29
5
34
4
17
8
40
8
15
7
89
8
30
4
26
5
4
5
59
4
79
6
88
4
19
8
99
7
48
4
99
5
19
5
29
7
49
6
57
4
59
5
5
7
96
8
65
5
28
6
28
5
9
4
5
6
32
5
55
5
79
6
27
5
49
6
36
4
39
7
28
7
57
6
78
8
94
4
56
4
65
6
19
4
89
8
50
7
47
4
45
1
37
7
39
7
47
6
15
6
56
7
38
4
9
8
86
8
30
8
50
4
79
6
89
6
99
4
59
2
79
5
9
8
80
7
39
5
78
7
64
6
49
5
89
8
46
5
85
0
70
4
27
5
89
2
19
3
98
4
39
4
64
4
8
7
29
8
76
6
67
7
5
1
86
5
19
8
89
4
77
6
89
4
79
4
54
5
5
5
18
5
19
6
58
6
79
5
76
6
49
6
15
6
56
5
59
8
50
4
74
4
38
7
69
8
50
5
15
5
89
8
17
7
7
8
30
4
89
4
98
8
10
6
69
6
69
5
18
6
56
8
68
4
79
7
97
5
4
5
19
7
37
7
9
5
18
6
78
5
59
4
84
8
66
4
34
5
89
4
84
6
35
6
27
6
69
4
7
6
79
5
9
6
49
4
38
7
69
7
9
7
14
7
47
3
0
8
86
7
19
5
8
6
99
2
9
6
29
8
98
5
36
8
50
4
94
4
59
7
79
6
96
6
44
5
37
8
20
6
49
7
29
4
76
8
38
4
32
8
6
7
75
6
79
5
69
5
9
7
67
4
38
8
80
7
29
6
48
5
59
4
54
5
49
6
89
5
19
8
60
4
47
8
40
8
55
4
24
4
77
7
89
6
99
8
40
7
74
7
97
4
89
8
86
5
48
5
79
7
87
4
49
4
99
7
9
4
84
7
15
7
4
6
39
4
9
7
39
4
59
4
99
6
29
4
29
4
68
7
59
4
67
7
19
8
77
4
69
6
34
8
47
5
79
5
6
4
69
5
17
8
29
4
34
6
99
4
69
8
80
6
27
5
25
6
9
0
50
7
85
6
39
6
38
8
10
1
98
5
14
6
96
8
40
7
69
4
24
6
9
6
9
8
20
7
46
7
19
7
9
6
39
6
89
5
77
4
87
5
7
7
29
8
88
7
37
0
60
8
59
8
80
4
72
5
69
8
55
8
96
4
9
4
99
4
58
4
39
7
24
6
4
7
33
8
58
4
48
4
59
6
79
0
90
5
15
4
84
4
78
6
46
5
11
8
60
4
14
4
19
0
20
4
96
7
45
6
8
4
59
4
69
1
19
5
85
6
9
5
19
6
14
4
69
4
29
5
8
4
59
8
87
6
67
7
86
6
28
8
10
8
68
4
59
5
58
6
39
5
69
4
89
5
45
7
19
7
4
5
38
7
8
4
39
8
86
0
10
4
69
5
79
1
43
5
97
4
9
7
28
7
18
8
60
8
75
7
9
4
19
7
59
6
4
4
96
5
89
5
76
4
19
5
8
8
40
4
29
4
59
7
19
7
88
6
79
5
89
5
79
4
39
0
10
7
79
7
65
8
46
5
34
8
31
5
85
7
39
8
20
6
17
6
67
7
39
6
54
8
60
5
24
4
19
7
68
6
89
4
59
4
55
2
89
8
40
0
53
6
48
4
59
7
89
6
75
6
88
1
89
5
29
4
89
6
59
7
47
5
98
6
34
8
40
7
99
5
99
5
85
6
18
7
19
5
99
4
8
5
7
4
78
7
39
4
4
6
23
8
99
6
69
4
39
8
6
8
60
8
70
7
15
7
95
7
49
7
38
8
8
5
69
6
88
8
28
7
39
6
27
4
18
5
19
7
84
5
59
4
89
6
69
5
79
6
99
6
29
7
9
4
81
5
45
5
65
5
19
5
44
5
58
6
8
8
70
0
30
4
48
5
47
5
75
4
99
6
58
5
94
6
25
6
89
6
49
5
19
1
39
5
67
5
15
5
9
6
9
4
19
8
90
7
46
7
64
4
26
6
59
5
49
5
34
6
69
8
15
8
7
5
59
6
79
0
10
6
9
4
55
4
35
4
9
8
69
5
19
8
16
5
55
7
89
5
55
7
55
5
39
5
49
6
69
5
39
6
59
7
56
7
38
4
89
4
59
8
50
8
10
8
36
8
89
4
54
7
39
8
40
7
89
5
29
8
25
4
88
4
98
4
94
4
7
7
89
7
14
7
68
7
31
6
48
4
36
7
49
6
69
6
45
5
55
4
95
4
9
7
54
8
30
4
25
6
34
7
19
8
50
5
47
8
29
4
4
7
66
7
19
6
27
4
35
5
56
5
49
5
39
5
29
5
19
6
29
4
49
8
58
7
49
4
15
7
7
3
58
6
26
8
36
7
56
6
24
8
98
8
30
7
14
7
5
6
89
7
79
6
9
5
66
0
50
6
18
4
57
7
15
4
95
7
49
4
59
5
9
6
85
5
48
6
99
5
89
8
68
7
79
4
24
8
20
4
59
8
30
8
98
4
9
7
26
8
60
5
9
5
44
5
19
8
95
6
54
5
15
4
79
4
39
8
90
6
94
8
25
7
89
5
57
4
9
4
19
4
26
8
96
8
15
4
69
7
89
5
94
5
99
4
9
4
8
6
26
6
19
6
65
6
46
7
24
7
96
4
49
6
19
8
37
4
59
7
79
6
59
7
19
2
14
8
40
4
35
5
6
8
40
6
37
8
96
5
29
5
9
5
98
6
99
7
49
7
69
8
60
2
9
7
49
6
9
8
97
7
29
7
79
6
69
6
25
7
98
6
38
8
50
8
60
4
86
6
89
6
45
8
7
7
36
6
45
7
7
4
9
6
78
4
67
6
57
6
94
5
19
5
47
5
9
6
66
6
9
8
80
8
50
5
9
6
39
4
69
7
36
5
19
7
39
5
29
6
37
8
34
6
24
7
65
7
86
7
45
8
10
7
79
7
34
7
79
7
34
6
69
5
88
5
99
5
49
5
79
8
47
4
69
6
9
0
45
7
8
7
5
7
15
