9
74
15
27
15
27
9
99
9
14
9
44
9
14
9
44
9
44
9
14
17
59
16
88
9
74
9
14
15
27
9
34
9
64
9
44
9
94
17
89
9
14
19
91
15
87
15
27
9
99
9
34
9
94
9
44
17
29
9
34
9
64
9
94
19
33
9
34
19
62
9
14
9
44
19
93
9
14
19
61
9
74
9
44
15
57
9
34
9
34
9
34
9
94
9
64
16
58
9
44
9
14
18
60
18
90
9
64
19
92
9
44
9
44
9
74
19
91
9
99
17
29
9
34
19
91
17
59
9
99
9
64
9
99
9
94
9
64
9
99
9
14
9
64
9
14
18
30
9
44
9
99
9
44
17
29
16
88
9
64
9
96
9
34
9
34
17
29
9
94
9
64
17
59
9
64
9
14
9
34
9
99
18
60
9
13
9
34
9
94
9
64
9
14
9
44
9
8
9
74
9
94
17
89
16
28
9
13
17
29
9
94
18
60
9
44
9
34
9
44
9
44
9
44
9
94
9
99
9
44
9
14
9
34
9
94
9
99
9
99
9
99
9
94
9
34
9
64
16
88
9
94
9
74
9
34
9
64
9
94
17
59
17
29
9
99
9
74
9
94
9
94
9
34
9
34
17
29
19
63
9
34
9
74
0
20
9
34
9
34
9
94
9
94
9
64
9
34
9
64
9
34
9
99
16
88
9
14
19
31
9
64
15
87
9
94
9
14
9
44
17
59
9
74
19
61
9
44
8
15
9
44
9
99
9
99
9
44
9
14
9
64
16
58
17
59
9
99
9
94
9
94
17
59
0
70
9
14
9
74
9
34
9
44
17
29
9
34
0
10
9
94
9
14
9
14
0
80
9
74
17
59
17
29
9
14
19
93
19
32
9
99
9
74
9
64
9
99
18
30
9
14
9
44
15
57
18
90
9
74
9
94
9
44
9
44
9
99
9
74
9
99
9
14
18
90
9
64
9
44
9
99
18
30
9
34
19
62
9
94
9
94
17
59
9
74
17
29
9
44
9
44
9
74
19
31
17
89
17
29
15
27
9
34
18
60
17
89
9
99
9
99
9
94
19
32
9
34
18
30
9
14
9
14
9
94
16
58
9
34
9
64
9
48
16
58
9
94
9
14
9
14
9
34
19
62
9
94
9
44
9
94
9
94
9
99
18
30
9
99
9
34
19
33
9
34
9
94
9
44
9
64
17
59
9
14
9
14
9
74
9
64
9
74
9
44
4
89
9
14
9
64
17
29
17
89
9
74
9
44
18
60
9
2
9
44
9
94
9
99
9
99
9
34
2
69
16
28
9
99
9
94
9
74
16
28
9
13
9
94
9
99
9
94
9
64
9
94
9
64
16
28
9
94
9
44
9
74
19
32
17
29
9
44
9
64
19
32
17
89
9
34
18
21
9
46
9
44
9
74
16
88
9
14
9
44
9
64
19
33
9
14
9
34
9
44
9
37
9
94
19
31
17
89
9
44
9
34
1
29
9
44
17
29
9
44
16
28
9
94
9
34
9
34
9
14
9
64
17
89
9
94
17
29
9
99
19
61
9
99
18
30
9
34
19
62
9
64
9
64
9
14
9
99
9
74
9
34
9
34
9
14
9
14
9
32
9
64
18
90
9
34
18
60
9
44
9
44
9
34
9
64
19
91
9
93
9
64
9
74
19
31
9
94
19
63
9
47
16
58
1
39
9
44
18
60
16
28
9
64
9
44
9
14
9
94
9
34
19
63
17
89
9
94
9
99
9
59
2
79
9
14
19
93
9
44
18
90
9
74
19
61
9
94
17
59
9
94
0
70
9
34
9
94
2
19
3
99
9
44
9
74
9
14
9
34
17
89
9
74
9
14
1
89
18
30
9
94
17
89
9
94
17
89
9
64
9
14
18
30
18
30
9
64
19
91
9
76
19
61
16
28
9
64
9
64
19
63
15
87
9
44
9
74
19
63
16
28
9
94
18
30
9
14
9
34
9
94
9
99
9
14
9
74
9
74
18
30
9
64
9
74
17
89
9
99
9
14
18
30
9
44
9
14
18
30
19
91
9
64
9
94
9
74
9
44
9
94
9
94
9
44
9
34
9
74
9
14
19
91
9
14
19
61
9
44
9
74
9
14
15
27
18
60
3
0
9
86
19
32
9
14
9
99
2
9
9
34
9
99
9
44
19
63
9
99
9
64
19
92
9
99
15
57
9
44
19
33
19
61
9
34
17
89
9
44
9
32
9
14
16
88
19
91
9
74
9
14
9
74
9
44
19
93
9
34
19
61
9
64
9
64
18
60
9
94
18
30
9
64
17
59
9
44
9
64
9
34
17
89
9
94
9
99
9
44
15
87
9
99
9
94
9
94
18
60
18
90
9
94
17
59
9
99
9
14
9
94
16
28
9
14
9
44
9
14
9
44
9
64
9
99
9
34
9
34
9
74
9
64
9
74
19
32
18
90
9
74
9
44
18
60
18
90
9
14
9
74
18
30
9
34
9
44
9
99
9
74
19
93
9
34
9
34
9
14
0
50
9
94
9
44
9
44
9
14
1
99
15
27
9
99
9
44
9
74
9
34
9
14
9
14
19
33
17
59
19
32
9
14
9
44
9
94
18
90
9
94
9
14
9
34
9
94
9
44
0
60
9
64
19
93
9
72
9
74
9
64
9
99
9
14
9
99
9
64
9
44
9
34
9
14
9
33
9
64
4
49
9
64
19
91
0
90
16
28
9
94
17
89
17
59
9
11
9
64
15
27
17
29
0
20
9
99
16
58
9
14
9
64
9
74
1
19
9
94
9
14
18
30
15
27
9
74
9
34
9
14
9
64
9
94
9
74
9
94
9
34
9
14
9
68
4
59
9
64
9
44
9
74
9
94
16
58
19
32
9
14
9
44
9
14
4
39
9
94
0
10
9
74
18
90
1
43
9
99
9
14
9
34
19
31
9
64
16
88
9
14
17
29
9
64
9
14
9
99
9
94
17
89
17
29
9
8
9
44
9
34
9
64
19
32
9
94
19
91
9
94
18
90
9
44
0
10
19
92
9
74
17
59
9
44
9
31
9
94
9
44
19
33
18
30
9
74
9
44
9
64
9
64
9
34
17
29
9
74
9
94
9
64
9
64
2
89
9
44
0
53
19
61
9
64
9
94
16
88
9
88
1
89
9
34
9
94
9
64
18
60
9
98
9
44
9
44
9
99
9
99
9
94
19
31
19
32
9
99
9
14
9
14
17
89
9
44
9
14
19
22
9
99
9
74
9
44
9
14
9
64
9
74
16
28
9
99
19
62
9
44
9
14
9
74
9
94
9
28
9
44
9
34
17
29
18
30
9
94
9
64
9
94
9
74
18
90
9
99
9
34
9
14
17
81
16
58
9
74
18
30
15
57
9
64
9
8
9
74
0
30
17
59
18
60
16
88
9
99
9
64
9
99
9
34
9
94
19
61
18
30
1
39
9
74
16
28
9
14
9
14
17
29
9
94
17
59
9
74
9
34
9
64
18
60
9
44
9
74
16
28
9
14
9
64
19
91
0
10
9
14
9
64
9
44
9
14
9
74
18
30
17
29
9
64
9
94
9
64
9
64
9
44
18
60
9
74
9
44
9
64
9
64
9
44
9
94
9
64
19
63
9
14
9
44
9
94
9
64
9
44
9
44
9
94
9
34
9
34
9
94
4
99
9
99
9
14
9
94
15
27
9
74
9
31
19
61
9
44
19
62
9
74
16
58
9
64
9
99
9
14
9
64
9
34
4
29
9
44
19
32
19
63
18
60
9
34
9
14
9
74
19
32
9
34
9
44
9
56
18
60
9
44
9
34
18
30
9
34
17
59
9
64
19
62
16
28
9
14
3
59
9
34
9
44
9
64
9
34
9
99
9
34
15
27
9
14
9
94
19
92
9
14
9
74
0
50
19
31
9
64
16
28
9
99
19
62
9
64
9
14
9
94
18
60
9
99
9
94
9
68
19
92
9
34
19
33
9
64
9
34
9
99
9
14
9
34
9
64
9
14
15
57
18
30
9
99
9
64
16
28
17
89
9
44
9
94
9
99
9
34
9
94
9
64
9
14
17
29
9
34
9
99
16
28
9
74
9
94
9
93
9
99
9
14
9
14
9
34
19
31
9
74
17
59
9
34
9
99
17
59
19
31
9
44
9
64
19
92
9
64
19
32
2
19
9
44
9
44
9
6
9
44
9
44
9
99
9
34
9
14
9
99
9
99
19
62
9
74
9
64
2
9
19
62
9
14
9
99
9
34
9
79
9
74
9
34
9
99
9
38
19
63
9
64
9
94
9
94
16
58
9
14
9
44
16
58
9
14
9
14
19
91
9
74
9
64
9
99
18
30
18
60
9
14
9
74
9
14
19
93
19
63
9
14
9
44
4
69
9
44
18
30
9
44
9
34
9
44
9
34
9
34
9
74
9
94
16
58
9
14
19
92
9
44
19
92
9
44
9
74
9
94
9
99
18
60
18
90
18
60
9
74
9
14
0
45
9
14
9
14
16
28
