1
68
2
11
2
11
1
99
4
9
5
37
4
6
2
39
2
39
3
1
1
49
2
72
3
61
3
7
4
11
2
25
5
53
3
39
5
89
1
79
5
5
4
75
2
71
1
11
1
95
3
29
2
88
5
38
2
13
1
29
2
55
1
82
5
19
1
23
5
46
2
5
4
35
5
77
4
5
3
45
5
68
5
37
2
41
4
21
4
26
4
21
5
89
1
58
5
42
2
33
2
3
2
45
3
74
5
58
4
79
1
33
4
34
5
65
3
79
3
98
5
13
4
29
4
75
1
48
1
99
2
56
5
94
4
89
2
54
2
93
3
1
3
58
5
7
5
14
4
34
3
95
2
36
3
13
1
72
1
59
1
96
2
26
4
26
1
19
4
88
1
51
1
47
1
57
4
7
1
26
2
98
5
44
2
14
2
25
2
85
3
56
2
5
1
34
3
8
2
63
5
87
1
73
4
12
3
13
3
13
1
82
5
44
1
39
3
23
2
39
5
33
5
32
1
88
2
95
1
39
2
9
2
29
5
88
2
95
1
98
4
91
5
88
1
22
4
53
3
72
1
87
4
65
2
24
3
57
1
88
1
49
5
13
1
94
3
62
2
89
2
86
2
22
1
28
5
13
5
49
3
25
2
61
0
20
5
22
1
26
5
88
1
83
1
57
3
24
2
55
1
25
2
94
4
72
1
6
3
18
4
55
3
71
3
89
5
9
5
36
4
43
5
68
3
49
2
31
3
15
2
37
3
95
2
99
2
38
5
3
4
55
2
42
4
43
3
98
2
83
4
89
1
43
0
70
4
6
5
66
2
22
5
35
1
15
1
29
0
10
1
82
4
5
5
6
0
80
2
63
3
43
1
19
1
2
5
79
5
16
2
93
3
62
4
51
4
91
2
18
1
6
4
35
1
41
2
78
5
63
2
86
4
39
3
37
4
94
3
69
5
96
5
4
2
77
3
57
5
39
4
99
4
14
1
21
5
46
4
82
5
85
2
43
4
66
1
19
2
34
1
36
4
67
3
19
1
77
1
19
3
11
1
28
2
47
1
79
4
92
4
96
3
89
4
18
2
29
2
19
4
7
2
1
1
86
3
42
5
29
2
59
1
48
1
42
4
83
1
4
5
6
3
29
4
47
3
89
4
32
3
88
4
84
2
99
2
18
3
93
3
28
5
19
5
26
5
89
2
33
3
59
3
43
1
7
1
8
3
68
2
57
3
68
2
36
4
84
5
9
2
58
1
19
1
77
3
67
3
32
2
46
2
2
4
38
5
82
1
91
3
99
4
24
2
69
2
12
1
91
4
89
2
66
2
12
1
14
2
86
5
98
1
89
2
59
5
82
2
54
3
12
3
85
1
37
5
69
4
19
2
13
3
39
3
52
4
19
1
75
4
29
2
21
2
46
4
37
4
67
1
72
4
8
4
38
1
59
5
17
5
5
5
29
4
36
2
37
3
84
3
19
1
76
2
39
1
22
1
29
2
31
1
14
5
38
5
12
4
87
5
28
1
23
2
1
2
57
1
79
3
85
1
19
5
97
4
45
1
99
2
16
2
29
4
47
3
54
1
56
2
2
4
93
5
62
2
25
3
25
2
7
1
2
3
32
2
52
2
77
3
24
2
49
3
33
1
39
4
25
4
54
3
75
5
94
1
53
1
62
3
17
1
89
5
48
4
47
1
42
1
34
4
36
4
44
3
12
3
53
4
35
1
7
5
83
5
27
5
47
1
76
3
87
3
96
1
59
2
77
2
9
5
78
4
36
2
75
4
61
3
49
2
86
5
43
2
82
0
70
1
24
2
87
2
19
3
95
1
37
1
61
1
5
4
29
5
73
3
64
4
2
1
83
2
17
5
86
1
74
3
89
1
79
1
51
2
2
2
15
2
19
3
55
3
79
2
76
3
48
3
12
3
53
2
56
5
48
1
71
1
35
4
67
5
47
2
12
2
86
5
14
4
4
5
29
1
86
1
95
5
9
3
69
3
69
2
15
3
53
5
65
1
77
4
94
2
1
2
19
4
34
4
9
2
15
3
75
2
56
1
81
5
63
1
31
2
89
1
81
3
32
3
24
3
67
1
4
3
79
2
9
3
49
1
35
4
68
4
8
4
11
4
44
3
0
5
86
4
17
2
5
3
99
2
9
3
27
5
95
2
33
5
47
1
91
1
57
4
78
3
93
3
41
2
34
5
19
3
49
4
29
1
73
5
35
1
32
5
3
4
72
3
79
2
69
2
9
4
64
1
35
5
79
4
29
3
45
2
59
1
51
2
49
3
88
2
17
5
58
1
44
5
39
5
52
1
21
1
74
4
88
3
99
5
39
4
71
4
94
1
86
5
83
2
45
2
78
4
84
1
47
1
98
4
7
1
81
4
12
4
1
3
38
1
9
4
38
1
57
1
96
3
26
1
29
1
65
4
58
1
64
4
18
5
74
1
67
3
31
5
44
2
78
2
3
1
67
2
14
5
26
1
31
3
99
1
68
5
79
3
24
2
22
3
7
0
50
4
82
3
38
3
35
5
9
1
95
2
11
3
93
5
39
4
66
1
21
3
6
3
9
5
19
4
43
4
19
4
7
3
37
3
87
2
74
1
84
2
4
4
26
5
85
4
34
0
60
5
56
5
77
1
72
2
67
5
52
5
96
1
8
1
97
1
55
1
39
4
21
3
1
4
33
5
55
4
45
1
57
3
79
0
90
2
12
1
81
1
75
3
43
2
11
5
58
1
11
1
19
0
20
1
93
4
42
3
5
1
57
1
69
1
19
2
82
3
9
2
19
3
11
1
68
1
29
2
5
1
59
5
84
3
64
4
83
3
25
5
7
5
68
4
56
2
55
3
36
2
69
1
88
2
42
4
16
4
1
2
35
4
5
4
39
5
83
0
10
1
69
2
78
1
43
2
94
1
8
4
25
4
15
5
57
5
72
4
7
1
18
4
59
3
1
1
93
2
88
2
73
1
19
2
8
5
37
1
29
1
59
4
19
4
85
3
77
2
86
2
76
1
39
0
10
4
77
4
62
5
43
2
31
5
31
2
82
4
39
5
19
3
14
3
64
4
37
3
51
5
59
2
21
1
19
4
65
3
87
1
59
1
52
2
89
5
37
0
53
3
45
1
59
4
86
3
72
3
88
1
86
2
29
1
87
3
59
4
44
2
98
3
31
5
37
4
99
2
99
2
82
3
15
4
17
2
99
1
5
2
4
1
75
4
37
1
1
3
23
5
98
3
69
1
38
5
3
5
57
5
69
4
12
4
92
4
49
4
35
5
5
2
67
3
85
5
28
4
39
3
24
1
15
2
16
4
81
2
59
1
87
3
68
2
76
3
99
3
29
4
8
1
81
2
42
2
62
2
18
2
41
2
55
3
8
5
69
0
30
1
45
2
44
2
72
1
99
3
55
2
91
3
22
3
86
3
49
2
16
1
39
2
64
2
12
2
9
3
9
1
18
5
87
4
43
4
61
1
23
3
59
2
48
2
31
3
67
5
12
5
4
2
57
3
79
0
10
3
8
1
52
1
32
1
9
5
66
2
16
5
13
2
52
4
89
2
52
4
52
2
37
2
49
3
69
2
39
3
57
4
53
4
35
1
89
1
59
5
49
5
9
5
33
5
86
1
51
4
39
5
37
4
89
2
28
5
22
1
85
4
95
1
91
1
4
4
88
4
11
4
65
4
31
3
45
1
33
4
47
3
67
3
42
2
52
1
92
1
9
4
51
5
28
4
22
3
31
4
17
5
47
2
44
5
26
1
1
4
63
4
17
3
24
1
32
2
56
2
47
2
36
2
28
2
17
3
29
1
49
5
55
4
46
1
12
4
4
3
55
3
23
5
33
4
53
3
21
5
95
5
29
4
11
4
2
3
89
4
76
3
6
2
63
0
50
3
15
1
54
4
12
1
92
4
46
1
58
2
9
3
82
2
45
3
99
2
87
5
68
4
79
1
21
5
19
1
58
5
28
5
95
1
9
4
23
5
59
2
7
2
41
2
19
5
92
3
51
2
12
1
76
1
37
5
89
3
91
5
22
4
86
2
54
1
8
1
19
1
23
5
93
5
12
1
67
4
88
2
94
2
96
1
9
1
5
3
23
3
17
3
62
3
43
4
21
4
93
1
46
3
18
5
34
1
59
4
76
3
59
4
19
2
11
5
39
1
32
2
6
5
37
3
34
5
93
2
29
2
7
2
95
3
99
4
47
4
69
5
59
2
9
4
48
3
7
5
94
4
26
4
79
3
69
3
22
4
95
3
38
5
49
5
58
1
83
3
86
3
42
5
4
4
33
3
42
4
4
1
6
3
75
1
64
3
54
3
91
2
17
2
44
2
9
3
63
3
8
5
77
5
49
2
8
3
39
4
68
4
33
2
19
4
37
2
26
3
34
5
34
3
21
4
62
4
83
4
42
5
8
4
78
4
31
4
79
4
31
3
69
2
85
2
99
2
49
2
76
5
44
1
69
3
7
0
45
4
5
4
2
4
12
