2
0
9
72
8
66
9
33
9
93
11
83
9
61
9
62
9
44
9
73
9
42
10
52
9
74
9
64
9
94
14
26
9
11
11
83
12
24
9
43
9
99
9
14
9
43
10
82
9
60
11
83
10
22
10
82
9
70
0
0
13
55
9
44
10
82
9
72
9
81
9
42
0
80
10
82
9
42
9
59
9
90
9
32
9
43
9
73
9
34
9
81
9
42
9
13
9
99
12
54
9
94
9
43
9
64
10
82
9
71
13
85
9
43
13
55
9
43
10
82
9
99
9
51
9
73
13
85
9
99
12
24
11
83
9
13
14
86
9
68
9
33
9
80
10
82
9
30
9
64
9
14
9
42
9
10
9
64
9
60
9
34
9
64
9
13
13
25
9
94
12
24
9
32
9
74
9
94
12
54
9
74
9
34
10
82
11
53
9
44
9
33
9
43
9
14
9
73
11
53
9
74
9
92
11
53
9
43
12
84
9
93
14
56
9
20
9
70
12
84
9
62
9
99
9
14
9
62
9
70
9
74
9
32
9
94
11
23
9
32
0
0
10
52
9
99
9
34
9
34
9
86
10
22
9
14
9
63
9
14
9
63
9
21
9
21
9
72
9
11
9
99
9
44
9
13
9
40
9
74
9
44
10
82
9
44
9
99
9
33
9
64
9
51
9
51
10
82
11
53
9
80
9
74
9
14
9
14
10
52
12
24
9
51
9
94
9
80
9
93
11
23
9
80
9
32
0
90
9
32
9
51
9
33
9
58
9
51
9
13
9
62
0
20
10
82
0
70
9
72
9
72
9
99
9
94
11
53
9
34
9
43
9
64
9
61
9
13
9
34
9
74
12
24
12
54
9
99
9
92
12
82
13
55
9
21
13
25
9
92
9
99
9
71
9
99
9
81
9
99
11
53
9
91
12
84
9
31
9
92
9
99
9
14
9
99
9
94
9
10
0
70
9
64
9
81
9
94
9
12
9
72
13
25
9
41
9
62
9
64
9
34
9
43
9
99
9
92
9
99
9
50
9
99
9
28
9
43
9
33
9
50
9
14
14
56
10
82
9
91
9
72
11
53
9
99
9
62
9
12
9
11
9
94
9
11
12
54
9
99
9
41
9
74
11
83
9
70
9
44
9
32
9
32
9
71
9
34
9
13
9
21
11
83
9
31
9
94
9
71
10
82
9
18
9
91
9
12
13
55
1
43
9
99
9
33
9
40
9
92
9
40
3
1
1
94
9
94
9
38
11
53
10
82
0
46
11
23
0
10
9
71
9
14
9
14
9
99
9
92
11
53
10
52
9
13
4
19
9
14
9
99
9
81
9
73
9
12
9
91
9
44
9
13
9
10
9
93
9
42
9
13
10
22
9
92
9
12
9
74
9
92
9
99
9
64
9
73
12
84
9
73
9
44
9
63
9
71
0
40
9
94
11
53
9
14
9
73
9
42
9
63
9
64
9
64
9
61
9
13
10
22
9
30
8
45
9
42
9
94
9
74
9
30
9
43
9
42
9
72
9
74
9
68
9
14
9
88
1
1
9
60
9
62
9
69
9
99
9
20
9
99
9
30
9
42
9
64
9
99
9
93
9
42
9
32
11
53
3
89
9
98
9
10
2
19
9
50
11
23
9
91
9
62
9
63
1
59
2
9
9
99
12
24
9
32
9
14
9
80
9
99
3
75
9
67
9
33
9
43
10
82
9
61
9
34
9
30
9
14
9
34
9
32
9
99
0
40
9
42
9
13
12
24
9
99
9
73
9
32
3
11
9
94
9
99
9
63
11
53
9
94
9
64
9
74
10
22
0
20
1
69
9
12
14
56
9
72
9
73
9
32
9
94
9
14
9
81
9
72
9
98
9
33
9
94
9
73
9
34
9
72
9
30
9
12
9
72
11
53
11
83
9
63
9
94
9
94
2
69
9
81
9
94
9
63
9
61
10
22
9
99
9
99
9
72
9
44
9
99
9
21
13
85
9
34
9
33
10
22
9
32
9
64
9
93
8
55
9
73
9
62
9
32
9
72
9
63
9
99
9
33
9
32
9
29
9
33
9
99
9
16
9
50
9
32
9
99
9
50
9
64
9
94
9
71
9
20
9
42
9
31
9
32
9
99
14
26
9
44
9
92
9
74
10
52
9
62
9
32
2
62
9
99
0
98
9
32
9
72
9
99
9
92
9
44
11
53
9
34
13
85
11
23
9
94
9
12
9
80
9
34
9
62
9
72
4
9
9
64
9
44
9
94
9
63
9
99
9
32
11
83
9
7
11
23
9
93
9
12
10
82
9
73
14
86
9
31
9
90
9
93
10
82
9
42
9
99
2
9
9
48
10
52
9
92
9
14
11
23
9
94
12
24
9
42
9
38
1
39
9
94
9
32
9
99
14
56
12
54
9
99
11
53
9
42
11
83
0
27
9
40
9
14
9
72
9
63
0
80
10
82
11
83
9
13
9
93
2
79
2
49
9
62
9
28
9
64
9
94
11
83
9
92
9
34
9
92
14
26
9
14
12
54
9
11
3
51
9
99
9
14
9
94
9
41
9
20
10
82
9
64
9
14
10
82
10
22
9
71
9
51
12
84
12
54
9
44
8
5
9
31
9
62
9
14
9
72
9
13
9
99
9
34
9
30
1
65
9
41
9
21
2
19
9
50
9
31
9
99
9
44
10
52
9
99
14
26
9
43
9
74
0
90
9
73
9
21
1
59
9
3
9
99
9
72
9
93
11
83
3
30
9
63
9
32
9
99
9
63
10
82
0
57
9
14
9
44
9
61
9
32
9
99
9
50
4
49
8
75
10
22
9
21
9
81
9
64
9
74
9
99
9
74
9
14
9
12
14
56
9
62
10
82
11
83
9
13
9
62
1
49
9
90
8
25
9
44
9
70
13
55
11
53
9
14
11
53
9
72
11
84
9
62
13
85
9
42
9
42
9
73
9
46
2
11
9
74
9
88
9
99
9
34
9
58
1
9
9
92
9
12
9
94
10
52
9
31
13
25
1
19
9
74
9
14
9
99
9
81
4
79
9
51
10
52
9
43
10
22
9
94
9
91
3
39
9
73
9
61
9
64
10
52
0
18
9
43
9
93
9
73
9
44
9
14
13
55
9
62
14
56
9
93
9
74
9
32
8
35
9
32
9
94
9
93
9
34
9
14
9
21
9
44
9
61
9
36
10
22
10
22
9
72
9
64
10
82
11
53
9
14
9
60
9
43
9
42
14
86
9
74
9
94
11
83
9
44
9
74
9
13
9
61
14
56
9
99
9
43
9
34
9
13
9
44
9
69
9
42
9
44
9
73
9
99
0
20
9
62
1
29
12
84
9
14
9
33
10
22
4
32
9
99
9
99
9
51
9
34
9
63
10
82
9
93
9
91
9
91
9
34
9
71
14
86
0
90
14
26
9
13
9
80
9
34
1
18
11
53
9
62
9
72
3
11
12
84
9
99
9
57
9
90
4
29
14
56
9
44
9
94
9
62
12
24
10
52
9
81
9
99
9
32
9
34
9
41
9
43
10
52
9
81
9
99
9
14
0
45
3
75
9
44
9
34
12
24
3
48
9
64
9
33
9
30
11
53
9
32
4
59
9
21
12
84
9
99
1
69
9
73
9
49
9
12
9
40
9
61
9
94
4
39
2
59
9
31
10
52
9
44
9
32
9
14
9
64
10
82
9
14
9
51
10
82
9
62
9
12
1
89
9
34
9
61
9
34
9
60
9
80
11
23
9
12
9
42
10
52
11
83
9
32
2
21
2
11
12
84
14
26
9
93
10
52
9
30
9
80
9
81
9
6
9
42
9
63
12
24
9
91
9
73
1
82
9
99
9
32
11
53
9
99
9
99
12
54
9
42
9
73
9
94
10
82
10
52
9
73
9
67
9
63
9
34
9
92
10
52
9
43
12
24
9
34
10
52
9
93
9
62
3
79
9
32
0
20
2
49
9
64
2
99
9
63
9
99
9
32
0
58
9
99
9
33
9
99
11
23
9
92
9
57
3
30
9
64
9
73
11
53
9
61
9
14
1
69
9
12
9
91
10
22
9
12
2
59
9
63
9
42
9
73
9
99
9
42
2
42
9
74
9
74
9
66
9
7
9
31
9
61
1
39
9
94
11
23
9
42
1
57
9
99
9
31
9
70
11
53
2
71
9
67
9
93
9
42
9
34
12
84
11
83
9
93
9
42
9
34
9
99
4
99
9
34
9
40
9
71
11
23
9
94
13
25
14
21
9
99
11
83
9
72
9
91
9
43
9
63
9
33
9
64
11
53
9
71
9
18
9
93
9
51
9
90
0
0
9
92
12
54
9
99
11
23
9
73
9
36
9
12
9
41
9
12
9
8
9
93
9
32
9
13
9
99
9
66
9
92
9
81
9
72
9
62
9
64
9
70
9
99
9
12
9
69
9
90
9
78
11
23
14
86
9
33
3
89
9
99
11
23
9
80
14
82
13
85
9
99
9
92
9
99
13
85
4
79
9
1
9
26
1
79
9
74
9
12
9
62
