2
0
9
74
8
64
9
34
9
94
14
86
9
64
9
64
9
44
9
74
9
44
13
55
9
74
9
64
9
94
17
29
9
14
14
86
15
27
9
44
9
99
9
14
9
44
13
85
9
63
14
86
13
25
13
85
9
73
0
0
16
58
9
44
13
85
9
74
12
84
9
44
0
80
13
85
9
44
8
56
9
93
9
34
9
44
9
74
9
34
12
84
9
44
9
14
9
99
15
57
9
94
9
44
9
64
13
85
9
74
16
88
9
44
16
58
9
44
13
85
9
99
12
54
9
74
16
88
9
99
15
27
14
86
9
14
17
89
9
68
9
34
11
83
13
85
9
33
9
64
9
14
9
44
9
13
9
64
9
63
9
34
9
64
9
14
16
28
9
94
15
27
9
34
9
74
9
94
15
57
9
74
9
34
13
85
14
56
9
44
9
34
9
44
9
14
9
74
14
56
9
74
9
94
14
56
9
44
15
87
9
94
17
59
11
23
9
73
15
87
9
64
9
99
9
14
9
64
9
73
9
74
9
34
9
94
14
26
9
34
0
0
13
55
9
99
9
34
9
34
9
86
13
25
9
14
9
64
9
14
9
64
12
24
12
24
9
74
9
14
9
99
9
44
9
14
9
43
9
74
9
44
13
85
9
44
9
99
9
34
9
64
12
54
12
54
13
85
14
56
11
83
9
74
9
14
9
14
13
55
15
27
12
54
9
94
11
83
9
94
14
26
11
83
9
34
0
90
9
34
12
54
9
34
9
58
12
54
9
14
9
64
0
20
13
85
0
70
9
74
9
74
9
99
9
94
14
56
9
34
9
44
9
64
9
61
9
14
9
34
9
74
15
27
15
57
9
99
9
94
15
82
16
58
12
24
16
28
9
94
9
99
9
74
9
99
12
84
9
99
14
56
9
94
15
87
9
34
9
94
9
99
9
14
9
99
9
94
9
13
0
70
9
64
12
84
9
94
9
14
9
74
16
28
9
44
9
64
9
64
9
34
9
44
9
99
9
94
9
99
11
53
9
99
9
28
9
44
9
34
11
53
9
14
17
59
13
85
9
94
9
74
14
56
9
99
9
64
9
14
9
14
9
94
9
14
15
57
9
99
9
44
9
74
14
86
9
73
9
44
9
34
9
34
9
74
9
34
9
14
12
24
14
86
9
34
9
94
9
74
13
85
9
18
9
94
9
14
16
58
1
43
9
99
9
34
9
43
9
94
9
43
3
1
1
94
9
94
9
38
14
56
13
85
0
46
14
26
0
10
9
74
9
14
9
14
9
99
9
94
14
56
13
55
9
14
4
19
9
14
9
99
12
84
9
74
9
14
9
94
9
44
9
14
9
13
9
94
9
44
9
14
13
25
9
94
9
14
9
74
9
94
9
99
9
64
9
74
15
87
9
74
9
44
9
64
9
74
0
40
9
94
14
56
9
14
9
74
9
44
9
64
9
64
9
64
9
64
9
14
13
25
9
33
8
45
9
44
9
94
9
74
9
33
9
44
9
44
9
74
9
74
9
66
9
14
9
86
1
1
9
63
9
64
9
69
9
99
11
23
9
99
9
33
9
44
9
64
9
99
9
94
9
44
9
34
14
56
3
89
9
98
9
13
2
19
11
53
14
26
9
94
9
64
9
64
1
59
2
9
9
99
15
27
9
34
9
14
11
83
9
99
3
75
9
67
9
34
9
44
13
85
9
64
9
34
9
33
9
14
9
34
9
34
9
99
0
40
9
44
9
14
15
27
9
99
9
74
9
34
3
11
9
94
9
99
9
64
14
56
9
94
9
64
9
74
13
25
0
20
1
69
9
14
17
59
9
74
9
74
9
34
9
94
9
14
12
84
9
74
9
98
9
34
9
94
9
74
9
34
9
74
9
33
9
14
9
74
14
56
14
86
9
64
9
94
9
94
2
69
12
84
9
94
9
63
9
61
13
25
9
99
9
99
9
74
9
44
9
99
12
24
16
88
9
34
9
34
13
25
9
34
9
64
9
94
8
55
9
73
9
64
9
34
9
74
9
64
9
99
9
34
9
34
9
29
9
34
9
99
9
16
11
53
9
34
9
99
11
53
9
64
9
94
9
74
11
23
9
44
9
34
9
34
9
99
17
29
9
44
9
94
9
74
13
55
9
64
9
34
2
62
9
99
0
98
9
32
9
74
9
99
9
94
9
44
14
56
9
34
16
88
14
26
9
94
9
14
11
83
9
34
9
64
9
74
4
9
9
64
9
44
9
94
9
64
9
99
9
34
14
86
9
7
14
26
9
94
9
14
13
85
9
74
17
89
9
34
9
93
9
94
13
85
9
44
9
99
2
9
9
48
13
55
9
94
9
14
14
26
9
94
15
27
9
44
9
38
1
39
9
94
9
34
9
99
17
59
15
57
9
99
14
56
9
44
14
86
0
27
9
43
9
14
9
74
9
64
0
80
13
85
14
86
9
14
9
94
2
79
2
49
9
64
9
28
9
64
9
94
14
86
9
94
9
34
9
94
17
29
9
14
15
57
9
14
3
51
9
99
9
14
9
94
9
44
11
23
13
85
9
64
9
14
13
85
13
25
9
71
12
54
15
87
15
57
9
44
8
5
9
34
9
64
9
14
9
74
9
14
9
99
9
34
9
33
1
65
9
44
12
24
2
19
11
53
9
34
9
99
9
44
13
55
9
99
17
29
9
44
9
74
0
90
9
74
12
24
1
59
9
3
9
99
9
74
9
94
14
86
3
30
9
64
9
34
9
99
9
64
13
85
0
57
9
14
9
44
9
64
9
34
9
99
11
53
4
49
8
75
13
25
12
24
12
84
9
64
9
74
9
99
9
74
9
14
9
14
17
59
9
64
13
85
14
86
9
14
9
64
1
49
9
93
8
25
9
44
9
73
16
58
14
56
9
14
14
56
9
74
11
87
9
64
16
88
9
44
9
44
9
74
9
46
3
11
9
74
9
88
9
99
9
34
9
58
1
9
9
94
9
14
9
94
13
55
9
34
16
28
1
19
9
74
9
14
9
99
12
84
4
79
12
54
13
55
9
44
13
25
9
94
9
94
3
39
9
74
9
64
9
64
13
55
0
18
9
44
9
94
9
74
9
44
9
14
16
58
9
64
17
59
9
94
9
74
9
34
8
35
9
34
9
94
9
94
9
34
9
14
12
24
9
44
9
64
9
36
13
25
13
25
9
74
9
64
13
85
14
56
9
14
9
63
9
44
9
44
17
89
9
74
9
94
14
86
9
44
9
74
9
14
9
64
17
59
9
99
9
44
9
34
9
14
9
44
9
69
9
44
9
44
9
74
9
99
0
20
9
64
1
29
15
87
9
14
9
34
13
25
4
32
9
99
9
99
12
54
9
34
9
64
13
85
9
94
9
94
9
94
9
34
9
74
17
89
0
90
17
29
9
14
11
83
9
34
1
18
14
56
9
64
9
74
3
11
15
87
9
99
9
57
9
93
4
29
17
59
9
44
9
94
9
64
15
27
13
55
12
84
9
99
9
34
9
34
9
41
9
44
13
55
12
84
9
99
9
14
0
45
3
75
9
44
9
34
15
27
3
48
9
64
9
34
9
33
14
56
9
34
4
59
12
24
15
87
9
99
1
69
9
74
9
49
9
14
9
43
9
64
9
94
4
39
2
59
9
34
13
55
9
44
9
34
9
14
9
64
13
85
9
14
12
54
13
85
9
64
9
14
1
89
9
34
9
64
9
34
9
63
11
83
14
26
9
14
9
44
13
55
14
86
9
34
2
21
2
11
15
87
17
29
9
93
13
55
9
33
11
83
12
84
9
3
9
44
9
64
15
27
9
94
9
74
1
82
9
99
9
34
14
56
9
99
9
99
15
57
9
44
9
74
9
94
13
85
13
55
9
74
9
66
9
64
9
34
9
94
13
55
9
44
15
27
9
34
13
55
9
94
9
64
3
79
9
34
0
20
2
49
9
64
2
99
9
64
9
99
9
34
0
58
9
99
9
34
9
99
14
26
9
94
9
57
3
30
9
64
9
74
14
56
9
64
9
14
1
69
9
14
9
94
13
25
9
14
2
59
9
64
9
44
9
74
9
99
9
44
2
42
9
74
9
74
9
66
9
7
9
34
9
64
1
39
9
94
14
26
9
44
1
57
9
99
9
34
9
73
14
56
2
71
9
67
9
94
9
44
9
34
15
87
14
86
9
94
9
44
9
34
9
99
4
99
9
34
9
43
9
74
14
26
9
94
16
28
17
21
9
99
14
86
9
74
9
94
9
44
9
64
9
34
9
64
14
56
9
74
9
18
9
94
12
54
9
93
0
0
9
94
15
57
9
99
14
26
9
74
9
36
9
14
9
44
9
14
9
8
9
94
9
32
9
14
9
99
9
66
9
94
12
84
9
74
9
64
9
64
9
73
9
99
9
14
9
69
9
93
9
76
14
26
17
89
9
34
3
89
9
99
14
26
11
83
17
82
16
88
9
99
9
94
9
99
16
88
4
79
9
1
9
26
1
79
9
74
9
14
9
64
