2
0
2
67
5
72
5
25
3
89
6
75
6
53
2
59
5
38
4
65
2
34
2
46
6
67
6
58
6
89
6
19
5
3
3
77
4
19
6
35
6
96
6
7
3
37
2
78
5
52
3
79
2
16
5
74
4
62
0
0
5
47
6
37
2
79
2
65
3
73
5
34
0
80
2
79
2
37
2
67
5
82
2
29
3
39
3
65
5
27
5
73
4
34
3
9
6
99
4
49
4
89
3
37
4
56
2
76
2
63
5
79
3
39
5
49
3
38
2
77
2
99
3
43
6
65
6
77
5
92
4
16
4
75
3
9
6
79
6
68
3
29
5
72
2
76
4
22
6
56
4
8
2
38
3
2
4
56
2
52
5
28
6
58
5
5
6
17
6
86
4
19
6
24
6
69
5
89
4
46
6
69
6
29
4
74
4
45
6
39
3
29
3
36
4
9
3
65
3
49
5
67
2
84
3
49
3
39
4
79
3
88
6
49
3
12
2
62
4
76
2
59
2
98
4
9
2
59
4
62
6
69
6
24
4
89
3
19
3
24
0
0
2
46
2
99
6
28
4
29
3
86
5
14
6
7
4
55
4
9
3
55
2
13
4
13
6
64
5
3
5
92
5
38
3
9
2
32
6
68
4
39
2
79
5
37
6
99
3
29
6
59
5
43
6
43
5
74
3
46
3
72
4
66
5
9
4
7
2
49
4
16
4
43
4
89
2
72
3
87
3
19
5
72
4
24
0
90
5
24
4
43
3
29
4
58
4
43
4
5
2
54
0
20
4
74
0
70
2
69
2
69
3
98
4
89
4
45
4
29
5
35
4
56
4
61
4
5
5
29
4
66
4
19
5
46
6
94
2
89
4
84
5
47
6
13
5
19
4
84
3
97
3
63
3
92
4
73
4
99
5
45
3
83
4
78
2
23
3
84
2
94
4
8
5
98
4
89
3
2
0
70
6
59
5
73
4
89
2
5
6
64
5
19
2
33
2
54
5
56
4
29
3
39
4
99
2
84
5
99
3
42
6
95
2
28
3
37
6
25
3
42
5
8
6
49
2
79
6
83
2
66
3
48
3
94
2
56
3
4
6
3
5
87
2
3
4
49
2
99
6
33
5
69
5
75
4
62
4
36
2
24
3
24
4
63
6
29
6
5
3
13
3
79
3
23
4
88
3
63
5
74
3
18
6
83
3
4
5
48
1
43
4
92
3
28
3
32
3
84
2
32
3
2
1
94
4
86
5
38
6
45
2
79
0
46
3
16
0
10
2
63
5
8
6
9
5
93
2
87
3
49
2
49
3
7
4
19
4
9
3
98
3
73
4
65
2
6
5
83
5
36
4
5
5
2
3
88
5
34
4
5
4
14
5
84
6
4
4
69
2
88
2
99
4
59
4
65
4
79
3
68
5
38
3
58
2
63
0
40
6
87
3
48
4
9
4
65
2
39
3
56
5
56
4
56
4
53
5
5
2
19
4
22
6
45
2
34
4
87
4
69
2
22
4
35
2
36
5
64
6
69
2
71
5
7
2
91
1
7
4
52
2
59
2
69
5
98
4
12
4
99
3
22
2
35
4
59
2
96
3
85
2
39
6
24
3
49
3
89
3
98
2
2
2
14
2
42
6
15
6
83
2
55
5
55
1
56
2
7
2
95
4
16
2
27
6
6
4
72
2
98
3
75
2
67
6
25
6
35
6
74
2
53
6
28
4
22
5
8
4
29
2
28
3
98
0
40
4
34
3
5
6
16
3
99
3
68
2
24
3
18
5
88
5
98
4
55
3
46
4
87
4
59
6
67
6
14
0
20
1
67
2
9
6
49
2
65
3
68
2
26
5
87
5
9
3
73
3
64
6
98
3
29
6
87
3
65
4
26
2
66
3
22
4
4
3
64
3
49
3
79
4
55
5
86
6
87
2
64
5
73
5
89
5
63
5
61
5
14
6
93
5
96
2
69
5
37
6
99
4
13
6
77
5
29
3
29
3
14
5
24
6
58
3
89
5
55
3
73
5
54
2
29
2
66
3
59
4
98
3
28
3
24
3
29
3
29
6
99
2
16
2
42
2
26
3
99
3
42
6
59
4
87
6
63
2
12
2
38
6
23
2
26
4
94
6
19
6
39
2
86
5
67
6
44
2
55
2
29
2
62
2
99
0
98
3
32
5
64
5
99
6
84
5
36
3
48
5
27
5
79
3
16
4
88
3
4
2
72
4
29
2
58
2
68
4
4
5
57
6
36
6
86
3
59
6
98
2
24
5
75
2
7
5
15
3
88
6
4
2
75
3
65
6
79
2
23
4
82
6
85
2
79
5
34
3
97
2
9
5
48
4
44
3
84
4
8
3
17
4
89
4
17
6
34
3
38
1
35
4
88
2
26
3
99
6
48
4
49
6
98
3
46
2
38
3
79
1
26
3
32
6
7
3
64
3
55
0
80
2
75
3
75
3
5
3
87
2
75
2
49
5
54
5
28
4
59
6
89
3
79
2
89
5
29
2
88
6
19
6
8
4
49
6
3
3
55
3
99
4
8
5
86
3
33
2
12
5
74
4
59
4
9
4
74
2
19
3
71
4
43
4
79
4
48
5
39
6
5
6
23
3
54
5
6
4
64
3
6
6
99
5
29
3
22
1
65
5
33
3
13
2
13
3
42
3
23
5
97
6
37
2
49
4
98
6
19
3
39
6
69
0
90
3
69
3
13
1
59
3
4
6
99
2
65
6
85
3
78
3
30
3
55
5
24
5
99
5
55
2
74
0
57
4
9
5
36
4
53
3
24
4
99
4
42
4
49
3
75
2
17
3
13
2
73
5
59
5
69
2
93
6
67
5
9
6
4
6
48
3
54
3
74
3
75
3
7
2
56
1
45
4
82
6
25
5
39
5
62
5
49
3
49
6
8
6
45
2
65
4
79
2
59
5
77
2
39
5
34
3
65
4
46
1
11
6
67
6
88
5
99
5
28
2
58
1
9
4
84
2
5
6
87
2
45
6
23
5
18
1
12
4
67
5
9
4
92
6
73
4
74
5
43
2
49
3
39
2
15
5
89
2
83
3
36
3
69
4
53
5
58
2
49
0
18
3
39
5
85
4
65
6
38
5
7
5
48
2
58
6
48
3
87
6
67
6
24
6
35
2
27
6
89
3
89
6
28
6
7
2
13
4
39
5
53
6
36
2
15
2
18
4
64
5
57
2
79
3
49
5
9
5
52
3
37
4
34
6
78
4
68
4
89
3
77
6
39
6
67
3
9
4
53
6
49
6
99
3
39
5
29
3
8
5
38
4
69
4
34
5
37
6
65
4
98
0
20
2
57
1
25
5
76
5
7
3
29
2
17
4
32
5
93
6
96
2
43
5
26
3
56
6
74
3
88
3
83
2
83
4
26
6
63
6
78
0
90
6
19
3
7
2
72
5
26
1
17
3
49
2
59
2
68
3
11
4
77
2
99
4
57
3
82
4
25
6
49
5
39
5
88
5
54
4
19
2
47
5
73
4
99
2
27
6
28
5
41
3
36
2
48
4
73
4
99
5
9
0
45
3
75
5
39
5
29
4
19
3
48
6
59
3
28
2
22
3
45
2
24
4
56
3
13
4
78
3
99
1
65
5
65
4
49
2
4
3
32
5
53
5
89
4
39
2
54
4
23
2
47
5
38
2
24
6
6
4
59
2
79
4
9
6
43
5
74
5
54
2
8
1
83
4
29
6
53
4
27
4
52
3
72
3
15
2
9
3
34
5
44
6
75
2
25
2
21
2
13
4
79
6
19
3
94
2
44
5
22
4
72
3
73
4
11
3
34
6
55
4
18
6
83
6
65
1
82
3
97
2
26
5
45
4
99
6
96
4
49
2
36
3
69
4
89
5
74
2
49
4
65
3
71
3
58
4
29
4
84
3
44
3
38
4
19
4
29
2
49
3
89
2
58
3
72
2
26
0
20
2
46
6
59
2
99
3
58
5
99
2
29
0
58
4
97
5
25
2
93
3
17
3
84
4
57
3
30
6
57
3
69
3
46
3
53
6
7
1
67
2
5
5
83
2
19
2
9
2
57
3
56
2
34
3
66
2
94
2
38
2
42
5
69
6
67
5
66
5
7
5
23
4
53
1
33
6
89
3
19
2
39
1
57
2
94
4
23
4
62
3
48
2
71
2
67
3
87
6
34
5
27
4
76
3
76
3
86
2
34
6
26
2
99
4
99
6
29
3
32
5
63
3
17
5
89
5
19
6
21
2
99
3
76
2
69
5
83
3
38
4
55
3
29
5
58
3
49
3
63
4
18
6
85
3
43
5
82
0
0
2
89
4
48
2
99
3
15
3
65
6
42
2
6
5
33
5
4
4
8
3
85
6
32
5
5
6
98
5
66
3
84
6
73
2
69
2
58
6
59
4
62
5
99
2
6
3
69
5
82
2
86
4
15
6
78
3
27
3
89
3
96
3
19
2
72
6
84
5
79
5
92
2
88
6
98
6
77
4
79
5
1
4
26
1
79
4
66
2
8
2
59
