2
0
4
69
7
71
7
27
5
89
8
77
8
55
4
59
7
39
6
67
4
36
4
48
8
69
8
60
8
90
8
20
7
5
5
79
6
19
8
37
8
98
8
9
5
39
4
79
7
54
5
79
4
18
7
76
6
64
0
0
7
49
8
39
4
79
4
67
5
75
7
36
0
80
4
79
4
39
4
65
7
84
4
29
5
39
5
67
7
29
7
75
6
36
5
9
8
99
6
49
6
89
5
39
6
58
4
78
4
65
7
79
5
39
7
49
5
39
4
79
4
99
5
45
8
67
8
79
7
94
6
18
6
77
5
9
8
80
8
68
5
29
7
74
4
78
6
24
8
58
6
9
4
39
5
4
6
58
4
54
7
29
8
60
7
7
8
19
8
88
6
19
8
26
8
70
7
89
6
48
8
70
8
30
6
76
6
47
8
40
5
29
5
38
6
9
5
67
5
49
7
69
4
86
5
49
5
39
6
79
5
89
8
50
5
14
4
64
6
78
4
59
4
99
6
9
4
59
6
64
8
70
8
26
6
89
5
19
5
26
0
0
4
48
4
99
8
30
6
29
5
86
7
16
8
9
6
57
6
9
5
57
4
15
6
15
8
66
7
5
7
94
7
39
5
9
4
34
8
70
6
39
4
79
7
39
8
99
5
29
8
60
7
45
8
45
7
76
5
48
5
74
6
68
7
9
6
9
4
49
6
18
6
45
6
89
4
74
5
89
5
19
7
74
6
26
0
90
7
26
6
45
5
29
6
58
6
45
6
7
4
56
0
20
6
76
0
70
4
69
4
69
5
99
6
89
6
47
6
29
7
37
6
58
6
61
6
7
7
29
6
68
6
19
7
48
8
96
4
89
6
84
7
49
8
15
7
19
6
86
5
99
5
65
5
94
6
75
6
99
7
47
5
85
6
79
4
25
5
86
4
96
6
9
7
99
6
89
5
4
0
70
8
60
7
75
6
89
4
7
8
66
7
19
4
35
4
56
7
58
6
29
5
39
6
99
4
86
7
99
5
44
8
97
4
28
5
39
8
27
5
44
7
9
8
50
4
79
8
85
4
68
5
49
5
96
4
58
5
6
8
5
7
89
4
5
6
49
4
99
8
35
7
69
7
77
6
64
6
38
4
26
5
26
6
65
8
30
8
7
5
15
5
79
5
25
6
89
5
65
7
76
5
18
8
85
5
6
7
49
1
43
6
94
5
29
5
34
5
86
4
34
3
1
1
94
6
88
7
38
8
47
4
79
0
46
5
18
0
10
4
65
7
9
8
10
7
95
4
89
5
49
4
49
5
9
4
19
6
9
5
99
5
75
6
67
4
8
7
85
7
38
6
7
7
4
5
89
7
36
6
7
6
16
7
86
8
6
6
69
4
89
4
99
6
59
6
67
6
79
5
69
7
39
5
59
4
65
0
40
8
89
5
49
6
9
6
67
4
39
5
58
7
58
6
58
6
55
7
7
4
19
6
24
8
45
4
36
6
89
6
69
4
24
6
37
4
38
7
66
8
70
4
71
7
9
4
91
1
5
6
54
4
59
4
69
7
99
6
14
6
99
5
24
4
37
6
59
4
98
5
87
4
39
8
26
5
49
3
89
5
98
4
4
2
16
4
44
8
17
8
85
4
57
7
57
1
58
2
9
4
97
6
18
4
29
8
8
6
74
4
99
3
75
4
67
8
27
8
37
8
76
4
55
8
30
6
24
7
9
6
29
4
29
5
99
0
40
6
36
5
7
8
18
5
99
5
69
4
26
3
16
7
89
7
99
6
57
5
48
6
89
6
59
8
69
8
16
0
20
1
69
4
9
8
50
4
67
5
69
4
28
7
89
7
9
5
75
5
66
8
98
5
29
8
89
5
67
6
28
4
68
5
24
6
6
5
66
5
49
5
79
6
57
7
88
8
89
2
66
7
75
7
89
7
63
7
61
7
16
8
95
7
98
4
69
7
39
8
99
6
15
8
79
7
29
5
29
5
16
7
26
8
60
5
89
7
55
5
73
7
56
4
29
4
68
5
59
6
99
5
29
5
26
5
29
5
29
8
99
4
16
4
44
4
28
5
99
5
44
8
60
6
89
8
65
4
14
4
39
8
25
4
28
6
96
8
20
8
40
4
88
7
69
8
46
4
57
4
29
2
62
4
99
0
98
5
32
7
66
7
99
8
86
7
38
5
49
7
29
7
79
5
18
6
89
5
6
4
74
6
29
4
59
4
69
4
6
7
59
8
38
8
88
5
59
8
99
4
26
7
77
4
7
7
17
5
89
8
6
4
77
5
67
8
80
4
25
6
84
8
87
4
79
7
36
5
99
2
9
7
48
6
46
5
86
6
9
5
19
6
89
6
19
8
36
5
38
1
37
6
89
4
28
5
99
8
50
6
49
8
99
5
48
4
39
5
79
0
27
5
34
8
9
5
66
5
57
0
80
4
77
5
77
5
7
5
89
2
77
2
49
7
56
7
28
6
59
8
90
5
79
4
89
7
29
4
89
8
20
8
10
6
49
8
5
3
53
5
99
6
9
7
88
5
35
4
14
7
76
6
59
6
9
6
76
4
19
5
71
6
45
6
79
6
49
7
39
8
5
8
25
5
56
7
8
6
66
5
8
8
99
7
29
5
24
1
65
7
35
5
15
2
15
5
44
5
25
7
99
8
39
4
49
6
99
8
20
5
39
8
70
0
90
5
69
5
15
1
59
5
4
8
99
4
67
8
87
5
79
3
30
5
57
7
26
7
99
7
57
4
76
0
57
6
9
7
38
6
55
5
26
6
99
6
44
4
49
5
75
4
19
5
15
4
75
7
59
7
69
4
95
8
69
7
9
8
6
8
50
5
56
5
76
5
77
5
9
4
58
1
47
6
84
8
25
7
39
7
64
7
49
5
49
8
10
8
47
4
67
6
79
4
59
7
79
4
39
7
36
5
67
6
46
1
11
8
69
8
88
7
99
7
29
4
58
1
9
6
86
4
7
8
89
4
47
8
25
7
19
1
14
6
69
7
9
6
94
8
75
4
76
7
45
4
49
5
39
4
17
7
89
4
85
3
38
5
69
6
55
7
59
4
49
0
18
5
39
7
87
6
67
8
40
7
9
7
49
4
59
8
50
5
89
8
69
8
26
8
35
4
29
8
90
5
89
8
30
8
9
4
15
6
39
7
55
8
36
4
17
4
19
6
66
7
59
4
79
5
49
7
9
7
54
5
39
6
36
8
80
6
69
6
89
5
79
8
40
8
69
5
9
6
55
8
50
8
99
5
39
7
29
5
9
7
39
6
69
6
36
7
39
8
67
6
99
0
20
4
59
1
27
7
78
7
9
5
29
4
19
4
32
7
95
8
98
4
45
7
28
5
58
8
76
5
89
5
85
4
85
6
28
8
65
8
80
0
90
8
20
5
9
4
74
7
28
1
17
5
49
4
59
4
69
3
11
6
79
4
99
6
57
5
84
4
27
8
50
7
39
7
89
7
56
6
19
4
49
7
75
6
99
4
29
8
30
7
41
5
38
4
49
6
75
6
99
7
9
0
45
3
75
7
39
7
29
6
19
3
48
8
60
5
29
4
24
5
47
4
26
4
58
5
15
6
79
5
99
1
67
7
67
6
49
4
6
5
34
7
55
7
89
4
39
2
56
6
25
4
49
7
39
4
26
8
8
6
59
4
79
6
9
8
45
7
76
7
56
4
9
1
85
6
29
8
55
6
29
6
54
5
74
5
17
4
9
5
36
7
46
8
77
4
27
2
21
2
11
6
79
8
20
5
94
4
46
7
24
6
74
5
75
6
11
5
36
8
57
6
19
8
85
8
67
1
82
5
99
4
28
7
47
6
99
8
98
6
49
4
38
5
69
6
89
7
76
4
49
6
67
5
71
5
59
6
29
6
86
5
46
5
39
6
19
6
29
4
49
5
89
4
59
3
74
4
28
0
20
2
48
8
60
2
99
5
59
7
99
4
29
0
58
6
99
7
27
4
95
5
19
5
86
6
57
3
30
8
59
5
69
5
48
5
55
8
9
1
69
4
7
7
85
4
19
4
9
2
59
5
58
4
36
5
68
4
96
4
39
2
42
7
69
8
69
7
66
7
7
7
25
6
55
1
35
8
90
5
19
4
39
1
57
4
96
6
25
6
64
5
49
2
71
4
67
5
89
8
36
7
29
6
78
5
78
5
88
4
36
8
28
4
99
4
99
8
30
5
34
7
65
5
19
7
89
7
19
8
21
4
99
5
78
4
69
7
85
5
39
6
57
5
29
7
59
5
49
5
65
6
18
8
87
5
45
7
84
0
0
4
89
6
49
4
99
5
17
5
67
8
40
4
8
7
35
7
6
6
8
5
87
8
32
7
7
8
99
7
66
5
86
8
75
4
69
4
59
8
60
6
64
7
99
4
8
5
69
7
84
4
84
6
17
8
80
5
29
3
89
5
98
5
19
4
74
8
84
7
79
7
94
4
89
8
99
8
79
4
79
7
1
6
26
1
79
6
68
4
9
4
59
