2
0
9
74
9
61
9
34
9
94
17
89
9
64
9
64
9
44
9
74
9
44
16
58
9
74
9
64
9
94
19
32
9
14
17
89
18
30
9
44
9
99
9
14
9
44
16
88
9
64
17
89
16
28
16
88
9
74
0
0
19
61
9
44
16
88
9
74
15
87
9
44
0
80
16
88
9
44
8
54
9
94
9
34
9
44
9
74
9
34
15
87
9
44
9
14
9
99
18
60
9
94
9
44
9
64
16
88
9
74
19
91
9
44
19
61
9
44
16
88
9
99
15
57
9
74
19
91
9
99
18
30
17
89
9
14
19
92
9
68
9
34
14
86
16
88
9
34
9
64
9
14
9
44
9
14
9
64
9
64
9
34
9
64
9
14
19
31
9
94
18
30
9
34
9
74
9
94
18
60
9
74
9
34
16
88
17
59
9
44
9
34
9
44
9
14
9
74
17
59
9
74
9
94
17
59
9
44
18
90
9
94
19
62
14
26
9
74
18
90
9
64
9
99
9
14
9
64
9
74
9
74
9
34
9
94
17
29
9
34
0
0
16
58
9
99
9
34
9
34
9
86
16
28
9
14
9
64
9
14
9
64
15
27
15
27
9
74
9
14
9
99
9
44
9
14
9
44
9
74
9
44
16
88
9
44
9
99
9
34
9
64
15
57
15
57
16
88
17
59
14
86
9
74
9
14
9
14
16
58
18
30
15
57
9
94
14
86
9
94
17
29
14
86
9
34
0
90
9
34
15
57
9
34
9
58
15
57
9
14
9
64
0
20
16
88
0
70
9
74
9
74
9
99
9
94
17
59
9
34
9
44
9
64
9
61
9
14
9
34
9
74
18
30
18
60
9
99
9
94
18
82
19
61
15
27
19
31
9
94
9
99
9
74
9
99
15
87
9
99
17
59
9
94
18
90
9
34
9
94
9
99
9
14
9
99
9
94
9
14
0
70
9
64
15
87
9
94
9
14
9
74
19
31
9
44
9
64
9
64
9
34
9
44
9
99
9
94
9
99
14
56
9
99
9
28
9
44
9
34
14
56
9
14
19
62
16
88
9
94
9
74
17
59
9
99
9
64
9
14
9
14
9
94
9
14
18
60
9
99
9
44
9
74
17
89
9
74
9
44
9
34
9
34
9
74
9
34
9
14
15
27
17
89
9
34
9
94
9
74
16
88
9
18
9
94
9
14
19
61
1
43
9
99
9
34
9
44
9
94
9
44
3
1
1
94
9
94
9
38
17
59
16
88
0
46
17
29
0
10
9
74
9
14
9
14
9
99
9
94
17
59
16
58
9
14
4
19
9
14
9
99
15
87
9
74
9
14
9
94
9
44
9
14
9
14
9
94
9
44
9
14
16
28
9
94
9
14
9
74
9
94
9
99
9
64
9
74
18
90
9
74
9
44
9
64
9
74
0
40
9
94
17
59
9
14
9
74
9
44
9
64
9
64
9
64
9
64
9
14
16
28
9
34
8
45
9
44
9
94
9
74
9
34
9
44
9
44
9
74
9
74
9
63
9
14
9
86
1
1
9
64
9
64
9
69
9
99
14
26
9
99
9
34
9
44
9
64
9
99
9
94
9
44
9
34
17
59
3
89
9
98
9
14
2
19
14
56
17
29
9
94
9
64
9
64
1
59
2
9
9
99
18
30
9
34
9
14
14
86
9
99
3
75
9
67
9
34
9
44
16
88
9
64
9
34
9
34
9
14
9
34
9
34
9
99
0
40
9
44
9
14
18
30
9
99
9
74
9
34
3
11
9
94
9
99
9
64
17
59
9
94
9
64
9
74
16
28
0
20
1
69
9
14
19
62
9
74
9
74
9
34
9
94
9
14
15
87
9
74
9
98
9
34
9
94
9
74
9
34
9
74
9
34
9
14
9
74
17
59
17
89
9
64
9
94
9
94
2
69
15
87
9
94
9
63
9
61
16
28
9
99
9
99
9
74
9
44
9
99
15
27
19
91
9
34
9
34
16
28
9
34
9
64
9
94
8
55
9
73
9
64
9
34
9
74
9
64
9
99
9
34
9
34
9
29
9
34
9
99
9
16
14
56
9
34
9
99
14
56
9
64
9
94
9
74
14
26
9
44
9
34
9
34
9
99
19
32
9
44
9
94
9
74
16
58
9
64
9
34
2
62
9
99
0
98
9
32
9
74
9
99
9
94
9
44
17
59
9
34
19
91
17
29
9
94
9
14
14
86
9
34
9
64
9
74
4
9
9
64
9
44
9
94
9
64
9
99
9
34
17
89
9
7
17
29
9
94
9
14
16
88
9
74
19
92
9
34
9
94
9
94
16
88
9
44
9
99
2
9
9
48
16
58
9
94
9
14
17
29
9
94
18
30
9
44
9
38
1
39
9
94
9
34
9
99
19
62
18
60
9
99
17
59
9
44
17
89
0
27
9
44
9
14
9
74
9
64
0
80
16
88
17
89
9
14
9
94
2
79
2
49
9
64
9
28
9
64
9
94
17
89
9
94
9
34
9
94
19
32
9
14
18
60
9
14
3
51
9
99
9
14
9
94
9
44
14
26
16
88
9
64
9
14
16
88
16
28
9
71
15
57
18
90
18
60
9
44
8
5
9
34
9
64
9
14
9
74
9
14
9
99
9
34
9
34
1
65
9
44
15
27
2
19
14
56
9
34
9
99
9
44
16
58
9
99
19
32
9
44
9
74
0
90
9
74
15
27
1
59
9
3
9
99
9
74
9
94
17
89
3
30
9
64
9
34
9
99
9
64
16
88
0
57
9
14
9
44
9
64
9
34
9
99
14
56
4
49
8
75
16
28
15
27
15
87
9
64
9
74
9
99
9
74
9
14
9
14
19
62
9
64
16
88
17
89
9
14
9
64
1
49
9
94
8
25
9
44
9
74
19
61
17
59
9
14
17
59
9
74
11
89
9
64
19
91
9
44
9
44
9
74
9
46
3
11
9
74
9
88
9
99
9
34
9
58
1
9
9
94
9
14
9
94
16
58
9
34
19
31
1
19
9
74
9
14
9
99
15
87
4
79
15
57
16
58
9
44
16
28
9
94
9
94
3
39
9
74
9
64
9
64
16
58
0
18
9
44
9
94
9
74
9
44
9
14
19
61
9
64
19
62
9
94
9
74
9
34
8
35
9
34
9
94
9
94
9
34
9
14
15
27
9
44
9
64
9
36
16
28
16
28
9
74
9
64
16
88
17
59
9
14
9
64
9
44
9
44
19
92
9
74
9
94
17
89
9
44
9
74
9
14
9
64
19
62
9
99
9
44
9
34
9
14
9
44
9
69
9
44
9
44
9
74
9
99
0
20
9
64
1
29
18
90
9
14
9
34
16
28
4
32
9
99
9
99
15
57
9
34
9
64
16
88
9
94
9
94
9
94
9
34
9
74
19
92
0
90
19
32
9
14
14
86
9
34
1
18
17
59
9
64
9
74
3
11
18
90
9
99
9
57
9
94
4
29
19
62
9
44
9
94
9
64
18
30
16
58
15
87
9
99
9
34
9
34
9
41
9
44
16
58
15
87
9
99
9
14
0
45
3
75
9
44
9
34
18
30
3
48
9
64
9
34
9
34
17
59
9
34
4
59
15
27
18
90
9
99
1
69
9
74
9
49
9
14
9
44
9
64
9
94
4
39
2
59
9
34
16
58
9
44
9
34
9
14
9
64
16
88
9
14
15
57
16
88
9
64
9
14
1
89
9
34
9
64
9
34
9
64
14
86
17
29
9
14
9
44
16
58
17
89
9
34
2
21
2
11
18
90
19
32
9
93
16
58
9
34
14
86
15
87
9
0
9
44
9
64
18
30
9
94
9
74
1
82
9
99
9
34
17
59
9
99
9
99
18
60
9
44
9
74
9
94
16
88
16
58
9
74
9
66
9
64
9
34
9
94
16
58
9
44
18
30
9
34
16
58
9
94
9
64
3
79
9
34
0
20
2
49
9
64
2
99
9
64
9
99
9
34
0
58
9
99
9
34
9
99
17
29
9
94
9
57
3
30
9
64
9
74
17
59
9
64
9
14
1
69
9
14
9
94
16
28
9
14
2
59
9
64
9
44
9
74
9
99
9
44
2
42
9
74
9
74
9
66
9
7
9
34
9
64
1
39
9
94
17
29
9
44
1
57
9
99
9
34
9
74
17
59
2
71
9
67
9
94
9
44
9
34
18
90
17
89
9
94
9
44
9
34
9
99
4
99
9
34
9
44
9
74
17
29
9
94
19
31
19
21
9
99
17
89
9
74
9
94
9
44
9
64
9
34
9
64
17
59
9
74
9
18
9
94
15
57
9
94
0
0
9
94
18
60
9
99
17
29
9
74
9
36
9
14
9
44
9
14
9
8
9
94
9
32
9
14
9
99
9
66
9
94
15
87
9
74
9
64
9
64
9
74
9
99
9
14
9
69
9
94
9
76
17
29
19
92
9
34
3
89
9
99
17
29
14
86
19
82
19
91
9
99
9
94
9
99
19
91
4
79
9
1
9
26
1
79
9
74
9
14
9
64
