2
0
3
68
6
71
6
26
4
89
7
76
7
54
3
59
6
39
5
66
3
35
3
47
7
68
7
59
7
89
7
19
6
4
4
78
5
19
7
36
7
97
7
8
4
38
3
79
6
53
4
79
3
17
6
75
5
63
0
0
6
48
7
38
3
79
3
66
4
74
6
35
0
80
3
79
3
38
3
66
6
83
3
29
4
39
4
66
6
28
6
74
5
35
4
9
7
99
5
49
5
89
4
38
5
57
3
77
3
64
6
79
4
39
6
49
4
39
3
78
3
99
4
44
7
66
7
78
6
93
5
17
5
76
4
9
7
79
7
68
4
29
6
73
3
77
5
23
7
57
5
9
3
39
4
3
5
57
3
53
6
29
7
59
6
6
7
18
7
87
5
19
7
25
7
69
6
89
5
47
7
69
7
29
5
75
5
46
7
39
4
29
4
37
5
9
4
66
4
49
6
68
3
85
4
49
4
39
5
79
4
89
7
49
4
13
3
63
5
77
3
59
3
99
5
9
3
59
5
63
7
69
7
25
5
89
4
19
4
25
0
0
3
47
3
99
7
29
5
29
4
86
6
15
7
8
5
56
5
9
4
56
3
14
5
14
7
65
6
4
6
93
6
39
4
9
3
33
7
69
5
39
3
79
6
38
7
99
4
29
7
59
6
44
7
44
6
75
4
47
4
73
5
67
6
9
5
8
3
49
5
17
5
44
5
89
3
73
4
88
4
19
6
73
5
25
0
90
6
25
5
44
4
29
5
58
5
44
5
6
3
55
0
20
5
75
0
70
3
69
3
69
4
99
5
89
5
46
5
29
6
36
5
57
5
61
5
6
6
29
5
67
5
19
6
47
7
95
3
89
5
84
6
48
7
14
6
19
5
85
4
98
4
64
4
93
5
74
5
99
6
46
4
84
5
79
3
24
4
85
3
95
5
9
6
99
5
89
4
3
0
70
7
59
6
74
5
89
3
6
7
65
6
19
3
34
3
55
6
57
5
29
4
39
5
99
3
85
6
99
4
43
7
96
3
28
4
38
7
26
4
43
6
9
7
49
3
79
7
84
3
67
4
49
4
95
3
57
4
5
7
4
6
88
3
4
5
49
3
99
7
34
6
69
6
76
5
63
5
37
3
25
4
25
5
64
7
29
7
6
4
14
4
79
4
24
5
89
4
64
6
75
4
18
7
84
4
5
6
49
1
43
5
93
4
29
4
33
4
85
3
33
3
1
1
94
5
87
6
38
7
46
3
79
0
46
4
17
0
10
3
64
6
9
7
9
6
94
3
88
4
49
3
49
4
8
4
19
5
9
4
99
4
74
5
66
3
7
6
84
6
37
5
6
6
3
4
89
6
35
5
6
5
15
6
85
7
5
5
69
3
89
3
99
5
59
5
66
5
79
4
69
6
39
4
59
3
64
0
40
7
88
4
49
5
9
5
66
3
39
4
57
6
57
5
57
5
54
6
6
3
19
5
23
7
45
3
35
5
88
5
69
3
23
5
36
3
37
6
65
7
69
3
71
6
8
3
91
1
6
5
53
3
59
3
69
6
99
5
13
5
99
4
23
3
36
5
59
3
97
4
86
3
39
7
25
4
49
3
89
4
98
3
3
2
15
3
43
7
16
7
84
3
56
6
56
1
57
2
8
3
96
5
17
3
28
7
7
5
73
3
99
3
75
3
67
7
26
7
36
7
75
3
54
7
29
5
23
6
9
5
29
3
29
4
99
0
40
5
35
4
6
7
17
4
99
4
69
3
25
3
17
6
89
6
99
5
56
4
47
5
88
5
59
7
68
7
15
0
20
1
68
3
9
7
49
3
66
4
69
3
27
6
88
6
9
4
74
4
65
7
98
4
29
7
88
4
66
5
27
3
67
4
23
5
5
4
65
4
49
4
79
5
56
6
87
7
88
2
65
6
74
6
89
6
63
6
61
6
15
7
94
6
97
3
69
6
38
7
99
5
14
7
78
6
29
4
29
4
15
6
25
7
59
4
89
6
55
4
73
6
55
3
29
3
67
4
59
5
99
4
29
4
25
4
29
4
29
7
99
3
16
3
43
3
27
4
99
4
43
7
59
5
88
7
64
3
13
3
39
7
24
3
27
5
95
7
19
7
39
3
87
6
68
7
45
3
56
3
29
2
62
3
99
0
98
4
32
6
65
6
99
7
85
6
37
4
49
6
28
6
79
4
17
5
89
4
5
3
73
5
29
3
59
3
69
4
5
6
58
7
37
7
87
4
59
7
99
3
25
6
76
3
7
6
16
4
89
7
5
3
76
4
66
7
79
3
24
5
83
7
86
3
79
6
35
4
98
2
9
6
48
5
45
4
85
5
9
4
18
5
89
5
18
7
35
4
38
1
36
5
89
3
27
4
99
7
49
5
49
7
99
4
47
3
39
4
79
0
27
4
33
7
8
4
65
4
56
0
80
3
76
4
76
4
6
4
88
2
76
2
49
6
55
6
28
5
59
7
89
4
79
3
89
6
29
3
89
7
19
7
9
5
49
7
4
3
54
4
99
5
9
6
87
4
34
3
13
6
75
5
59
5
9
5
75
3
19
4
71
5
44
5
79
5
49
6
39
7
5
7
24
4
55
6
7
5
65
4
7
7
99
6
29
4
23
1
65
6
34
4
14
2
14
4
43
4
24
6
98
7
38
3
49
5
99
7
19
4
39
7
69
0
90
4
69
4
14
1
59
4
4
7
99
3
66
7
86
4
79
3
30
4
56
6
25
6
99
6
56
3
75
0
57
5
9
6
37
5
54
4
25
5
99
5
43
4
49
4
75
3
18
4
14
3
74
6
59
6
69
3
94
7
68
6
9
7
5
7
49
4
55
4
75
4
76
4
8
3
57
1
46
5
83
7
25
6
39
6
63
6
49
4
49
7
9
7
46
3
66
5
79
3
59
6
78
3
39
6
35
4
66
5
46
1
11
7
68
7
88
6
99
6
29
3
58
1
9
5
85
3
6
7
88
3
46
7
24
6
19
1
13
5
68
6
9
5
93
7
74
4
75
6
44
3
49
4
39
3
16
6
89
3
84
3
37
4
69
5
54
6
59
3
49
0
18
4
39
6
86
5
66
7
39
6
8
6
49
3
59
7
49
4
88
7
68
7
25
7
35
3
28
7
89
4
89
7
29
7
8
3
14
5
39
6
54
7
36
3
16
3
19
5
65
6
58
3
79
4
49
6
9
6
53
4
38
5
35
7
79
5
69
5
89
4
78
7
39
7
68
4
9
5
54
7
49
7
99
4
39
6
29
4
9
6
39
5
69
5
35
6
38
7
66
5
99
0
20
3
58
1
26
6
77
6
8
4
29
3
18
4
32
6
94
7
97
3
44
6
27
4
57
7
75
4
89
4
84
3
84
5
27
7
64
7
79
0
90
7
19
4
8
3
73
6
27
1
17
4
49
3
59
3
69
3
11
5
78
3
99
5
57
4
83
4
26
7
49
6
39
6
89
6
55
5
19
3
48
6
74
5
99
3
28
7
29
6
41
4
37
3
49
5
74
5
99
6
9
0
45
3
75
6
39
6
29
5
19
3
48
7
59
4
29
3
23
4
46
3
25
4
57
4
14
5
79
4
99
1
66
6
66
5
49
3
5
4
33
6
54
6
89
4
39
2
55
5
24
3
48
6
39
3
25
7
7
5
59
3
79
5
9
7
44
6
75
6
55
3
9
1
84
5
29
7
54
5
28
5
53
4
73
4
16
3
9
4
35
6
45
7
76
3
26
2
21
2
12
5
79
7
19
4
94
3
45
6
23
5
73
4
74
5
11
4
35
7
56
5
19
7
84
7
66
1
82
4
98
3
27
6
46
5
99
7
97
5
49
3
37
4
69
5
89
6
75
3
49
5
66
4
71
4
59
5
29
5
85
4
45
4
39
5
19
5
29
3
49
4
89
3
59
3
73
3
27
0
20
2
47
7
59
2
99
4
59
6
99
3
29
0
58
5
98
6
26
3
94
4
18
4
85
5
57
3
30
7
58
4
69
4
47
4
54
7
8
1
68
3
6
6
84
3
19
3
9
2
58
4
57
3
35
4
67
3
95
3
39
2
42
6
69
7
68
6
66
6
7
6
24
5
54
1
34
7
89
4
19
3
39
1
57
3
95
5
24
5
63
4
49
2
71
3
67
4
88
7
35
6
28
5
77
4
77
4
87
3
35
7
27
3
99
4
99
7
29
4
33
6
64
4
18
6
89
6
19
7
21
3
99
4
77
3
69
6
84
4
39
5
56
4
29
6
59
4
49
4
64
5
18
7
86
4
44
6
83
0
0
3
89
5
49
3
99
4
16
4
66
7
41
3
7
6
34
6
5
5
8
4
86
7
32
6
6
7
99
6
66
4
85
7
74
3
69
3
59
7
59
5
63
6
99
3
7
4
69
6
83
3
85
5
16
7
79
4
28
3
89
4
97
4
19
3
73
7
84
6
79
6
93
3
89
7
99
7
78
4
79
6
1
5
26
1
79
5
67
3
9
3
59
