2
0
9
74
9
63
9
34
9
94
15
87
9
64
9
64
9
44
9
74
9
44
14
56
9
74
9
64
9
94
18
30
9
14
15
87
16
28
9
44
9
99
9
14
9
44
14
86
9
64
15
87
14
26
14
86
9
74
0
0
17
59
9
44
14
86
9
74
13
85
9
44
0
80
14
86
9
44
9
56
9
94
9
34
9
44
9
74
9
34
13
85
9
44
9
14
9
99
16
58
9
94
9
44
9
64
14
86
9
74
17
89
9
44
17
59
9
44
14
86
9
99
13
55
9
74
17
89
9
99
16
28
15
87
9
14
18
90
9
68
9
34
12
84
14
86
9
34
9
64
9
14
9
44
9
14
9
64
9
64
9
34
9
64
9
14
17
29
9
94
16
28
9
34
9
74
9
94
16
58
9
74
9
34
14
86
15
57
9
44
9
34
9
44
9
14
9
74
15
57
9
74
9
94
15
57
9
44
16
88
9
94
18
60
12
24
9
74
16
88
9
64
9
99
9
14
9
64
9
74
9
74
9
34
9
94
15
27
9
34
0
0
14
56
9
99
9
34
9
34
9
86
14
26
9
14
9
64
9
14
9
64
13
25
13
25
9
74
9
14
9
99
9
44
9
14
9
44
9
74
9
44
14
86
9
44
9
99
9
34
9
64
13
55
13
55
14
86
15
57
12
84
9
74
9
14
9
14
14
56
16
28
13
55
9
94
12
84
9
94
15
27
12
84
9
34
0
90
9
34
13
55
9
34
9
58
13
55
9
14
9
64
0
20
14
86
0
70
9
74
9
74
9
99
9
94
15
57
9
34
9
44
9
64
9
61
9
14
9
34
9
74
16
28
16
58
9
99
9
94
16
82
17
59
13
25
17
29
9
94
9
99
9
74
9
99
13
85
9
99
15
57
9
94
16
88
9
34
9
94
9
99
9
14
9
99
9
94
9
14
0
70
9
64
13
85
9
94
9
14
9
74
17
29
9
44
9
64
9
64
9
34
9
44
9
99
9
94
9
99
12
54
9
99
9
28
9
44
9
34
12
54
9
14
18
60
14
86
9
94
9
74
15
57
9
99
9
64
9
14
9
14
9
94
9
14
16
58
9
99
9
44
9
74
15
87
9
74
9
44
9
34
9
34
9
74
9
34
9
14
13
25
15
87
9
34
9
94
9
74
14
86
9
18
9
94
9
14
17
59
1
43
9
99
9
34
9
44
9
94
9
44
3
1
1
94
9
94
9
38
15
57
14
86
0
46
15
27
0
10
9
74
9
14
9
14
9
99
9
94
15
57
14
56
9
14
4
19
9
14
9
99
13
85
9
74
9
14
9
94
9
44
9
14
9
14
9
94
9
44
9
14
14
26
9
94
9
14
9
74
9
94
9
99
9
64
9
74
16
88
9
74
9
44
9
64
9
74
0
40
9
94
15
57
9
14
9
74
9
44
9
64
9
64
9
64
9
64
9
14
14
26
9
34
8
45
9
44
9
94
9
74
9
34
9
44
9
44
9
74
9
74
8
65
9
14
9
86
1
1
9
64
9
64
9
69
9
99
12
24
9
99
9
34
9
44
9
64
9
99
9
94
9
44
9
34
15
57
3
89
9
98
9
14
2
19
12
54
15
27
9
94
9
64
9
64
1
59
2
9
9
99
16
28
9
34
9
14
12
84
9
99
3
75
9
67
9
34
9
44
14
86
9
64
9
34
9
34
9
14
9
34
9
34
9
99
0
40
9
44
9
14
16
28
9
99
9
74
9
34
3
11
9
94
9
99
9
64
15
57
9
94
9
64
9
74
14
26
0
20
1
69
9
14
18
60
9
74
9
74
9
34
9
94
9
14
13
85
9
74
9
98
9
34
9
94
9
74
9
34
9
74
9
34
9
14
9
74
15
57
15
87
9
64
9
94
9
94
2
69
13
85
9
94
9
63
9
61
14
26
9
99
9
99
9
74
9
44
9
99
13
25
17
89
9
34
9
34
14
26
9
34
9
64
9
94
8
55
9
73
9
64
9
34
9
74
9
64
9
99
9
34
9
34
9
29
9
34
9
99
9
16
12
54
9
34
9
99
12
54
9
64
9
94
9
74
12
24
9
44
9
34
9
34
9
99
18
30
9
44
9
94
9
74
14
56
9
64
9
34
2
62
9
99
0
98
9
32
9
74
9
99
9
94
9
44
15
57
9
34
17
89
15
27
9
94
9
14
12
84
9
34
9
64
9
74
4
9
9
64
9
44
9
94
9
64
9
99
9
34
15
87
9
7
15
27
9
94
9
14
14
86
9
74
18
90
9
34
9
94
9
94
14
86
9
44
9
99
2
9
9
48
14
56
9
94
9
14
15
27
9
94
16
28
9
44
9
38
1
39
9
94
9
34
9
99
18
60
16
58
9
99
15
57
9
44
15
87
0
27
9
44
9
14
9
74
9
64
0
80
14
86
15
87
9
14
9
94
2
79
2
49
9
64
9
28
9
64
9
94
15
87
9
94
9
34
9
94
18
30
9
14
16
58
9
14
3
51
9
99
9
14
9
94
9
44
12
24
14
86
9
64
9
14
14
86
14
26
9
71
13
55
16
88
16
58
9
44
8
5
9
34
9
64
9
14
9
74
9
14
9
99
9
34
9
34
1
65
9
44
13
25
2
19
12
54
9
34
9
99
9
44
14
56
9
99
18
30
9
44
9
74
0
90
9
74
13
25
1
59
9
3
9
99
9
74
9
94
15
87
3
30
9
64
9
34
9
99
9
64
14
86
0
57
9
14
9
44
9
64
9
34
9
99
12
54
4
49
8
75
14
26
13
25
13
85
9
64
9
74
9
99
9
74
9
14
9
14
18
60
9
64
14
86
15
87
9
14
9
64
1
49
9
94
8
25
9
44
9
74
17
59
15
57
9
14
15
57
9
74
11
88
9
64
17
89
9
44
9
44
9
74
9
46
3
11
9
74
9
88
9
99
9
34
9
58
1
9
9
94
9
14
9
94
14
56
9
34
17
29
1
19
9
74
9
14
9
99
13
85
4
79
13
55
14
56
9
44
14
26
9
94
9
94
3
39
9
74
9
64
9
64
14
56
0
18
9
44
9
94
9
74
9
44
9
14
17
59
9
64
18
60
9
94
9
74
9
34
8
35
9
34
9
94
9
94
9
34
9
14
13
25
9
44
9
64
9
36
14
26
14
26
9
74
9
64
14
86
15
57
9
14
9
64
9
44
9
44
18
90
9
74
9
94
15
87
9
44
9
74
9
14
9
64
18
60
9
99
9
44
9
34
9
14
9
44
9
69
9
44
9
44
9
74
9
99
0
20
9
64
1
29
16
88
9
14
9
34
14
26
4
32
9
99
9
99
13
55
9
34
9
64
14
86
9
94
9
94
9
94
9
34
9
74
18
90
0
90
18
30
9
14
12
84
9
34
1
18
15
57
9
64
9
74
3
11
16
88
9
99
9
57
9
94
4
29
18
60
9
44
9
94
9
64
16
28
14
56
13
85
9
99
9
34
9
34
9
41
9
44
14
56
13
85
9
99
9
14
0
45
3
75
9
44
9
34
16
28
3
48
9
64
9
34
9
34
15
57
9
34
4
59
13
25
16
88
9
99
1
69
9
74
9
49
9
14
9
44
9
64
9
94
4
39
2
59
9
34
14
56
9
44
9
34
9
14
9
64
14
86
9
14
13
55
14
86
9
64
9
14
1
89
9
34
9
64
9
34
9
64
12
84
15
27
9
14
9
44
14
56
15
87
9
34
2
21
2
11
16
88
18
30
9
93
14
56
9
34
12
84
13
85
9
2
9
44
9
64
16
28
9
94
9
74
1
82
9
99
9
34
15
57
9
99
9
99
16
58
9
44
9
74
9
94
14
86
14
56
9
74
9
66
9
64
9
34
9
94
14
56
9
44
16
28
9
34
14
56
9
94
9
64
3
79
9
34
0
20
2
49
9
64
2
99
9
64
9
99
9
34
0
58
9
99
9
34
9
99
15
27
9
94
9
57
3
30
9
64
9
74
15
57
9
64
9
14
1
69
9
14
9
94
14
26
9
14
2
59
9
64
9
44
9
74
9
99
9
44
2
42
9
74
9
74
9
66
9
7
9
34
9
64
1
39
9
94
15
27
9
44
1
57
9
99
9
34
9
74
15
57
2
71
9
67
9
94
9
44
9
34
16
88
15
87
9
94
9
44
9
34
9
99
4
99
9
34
9
44
9
74
15
27
9
94
17
29
18
21
9
99
15
87
9
74
9
94
9
44
9
64
9
34
9
64
15
57
9
74
9
18
9
94
13
55
9
94
0
0
9
94
16
58
9
99
15
27
9
74
9
36
9
14
9
44
9
14
9
8
9
94
9
32
9
14
9
99
9
66
9
94
13
85
9
74
9
64
9
64
9
74
9
99
9
14
9
69
9
94
9
76
15
27
18
90
9
34
3
89
9
99
15
27
12
84
18
82
17
89
9
99
9
94
9
99
17
89
4
79
9
1
9
26
1
79
9
74
9
14
9
64
