2
0
9
74
9
58
9
34
9
94
19
92
9
64
9
64
9
44
9
74
9
44
19
61
9
74
9
64
9
94
19
34
9
14
19
92
19
33
9
44
9
99
9
14
9
44
19
91
9
64
19
92
19
31
19
91
9
74
0
0
19
64
9
44
19
91
9
74
18
90
9
44
0
80
19
91
9
44
11
51
9
94
9
34
9
44
9
74
9
34
18
90
9
44
9
14
9
99
19
63
9
94
9
44
9
64
19
91
9
74
19
94
9
44
19
64
9
44
19
91
9
99
18
60
9
74
19
94
9
99
19
33
19
92
9
14
19
94
9
68
9
34
17
89
19
91
9
34
9
64
9
14
9
44
9
14
9
64
9
64
9
34
9
64
9
14
19
34
9
94
19
33
9
34
9
74
9
94
19
63
9
74
9
34
19
91
19
62
9
44
9
34
9
44
9
14
9
74
19
62
9
74
9
94
19
62
9
44
19
93
9
94
19
64
17
29
9
74
19
93
9
64
9
99
9
14
9
64
9
74
9
74
9
34
9
94
19
32
9
34
0
0
19
61
9
99
9
34
9
34
9
86
19
31
9
14
9
64
9
14
9
64
18
30
18
30
9
74
9
14
9
99
9
44
9
14
9
44
9
74
9
44
19
91
9
44
9
99
9
34
9
64
18
60
18
60
19
91
19
62
17
89
9
74
9
14
9
14
19
61
19
33
18
60
9
94
17
89
9
94
19
32
17
89
9
34
0
90
9
34
18
60
9
34
9
58
18
60
9
14
9
64
0
20
19
91
0
70
9
74
9
74
9
99
9
94
19
62
9
34
9
44
9
64
9
61
9
14
9
34
9
74
19
33
19
63
9
99
9
94
19
82
19
64
18
30
19
34
9
94
9
99
9
74
9
99
18
90
9
99
19
62
9
94
19
93
9
34
9
94
9
99
9
14
9
99
9
94
9
14
0
70
9
64
18
90
9
94
9
14
9
74
19
34
9
44
9
64
9
64
9
34
9
44
9
99
9
94
9
99
17
59
9
99
9
28
9
44
9
34
17
59
9
14
19
64
19
91
9
94
9
74
19
62
9
99
9
64
9
14
9
14
9
94
9
14
19
63
9
99
9
44
9
74
19
92
9
74
9
44
9
34
9
34
9
74
9
34
9
14
18
30
19
92
9
34
9
94
9
74
19
91
9
18
9
94
9
14
19
64
1
43
9
99
9
34
9
44
9
94
9
44
3
1
1
94
9
94
9
38
19
62
19
91
0
46
19
32
0
10
9
74
9
14
9
14
9
99
9
94
19
62
19
61
9
14
4
19
9
14
9
99
18
90
9
74
9
14
9
94
9
44
9
14
9
14
9
94
9
44
9
14
19
31
9
94
9
14
9
74
9
94
9
99
9
64
9
74
19
93
9
74
9
44
9
64
9
74
0
40
9
94
19
62
9
14
9
74
9
44
9
64
9
64
9
64
9
64
9
14
19
31
9
34
8
45
9
44
9
94
9
74
9
34
9
44
9
44
9
74
9
74
9
60
9
14
9
86
1
1
9
64
9
64
9
69
9
99
17
29
9
99
9
34
9
44
9
64
9
99
9
94
9
44
9
34
19
62
3
89
9
98
9
14
2
19
17
59
19
32
9
94
9
64
9
64
1
59
2
9
9
99
19
33
9
34
9
14
17
89
9
99
3
75
9
67
9
34
9
44
19
91
9
64
9
34
9
34
9
14
9
34
9
34
9
99
0
40
9
44
9
14
19
33
9
99
9
74
9
34
3
11
9
94
9
99
9
64
19
62
9
94
9
64
9
74
19
31
0
20
1
69
9
14
19
64
9
74
9
74
9
34
9
94
9
14
18
90
9
74
9
98
9
34
9
94
9
74
9
34
9
74
9
34
9
14
9
74
19
62
19
92
9
64
9
94
9
94
2
69
18
90
9
94
9
63
9
61
19
31
9
99
9
99
9
74
9
44
9
99
18
30
19
94
9
34
9
34
19
31
9
34
9
64
9
94
8
55
9
73
9
64
9
34
9
74
9
64
9
99
9
34
9
34
9
29
9
34
9
99
9
16
17
59
9
34
9
99
17
59
9
64
9
94
9
74
17
29
9
44
9
34
9
34
9
99
19
34
9
44
9
94
9
74
19
61
9
64
9
34
2
62
9
99
0
98
9
32
9
74
9
99
9
94
9
44
19
62
9
34
19
94
19
32
9
94
9
14
17
89
9
34
9
64
9
74
4
9
9
64
9
44
9
94
9
64
9
99
9
34
19
92
9
7
19
32
9
94
9
14
19
91
9
74
19
94
9
34
9
94
9
94
19
91
9
44
9
99
2
9
9
48
19
61
9
94
9
14
19
32
9
94
19
33
9
44
9
38
1
39
9
94
9
34
9
99
19
64
19
63
9
99
19
62
9
44
19
92
0
27
9
44
9
14
9
74
9
64
0
80
19
91
19
92
9
14
9
94
2
79
2
49
9
64
9
28
9
64
9
94
19
92
9
94
9
34
9
94
19
34
9
14
19
63
9
14
3
51
9
99
9
14
9
94
9
44
17
29
19
91
9
64
9
14
19
91
19
31
9
71
18
60
19
93
19
63
9
44
8
5
9
34
9
64
9
14
9
74
9
14
9
99
9
34
9
34
1
65
9
44
18
30
2
19
17
59
9
34
9
99
9
44
19
61
9
99
19
34
9
44
9
74
0
90
9
74
18
30
1
59
9
3
9
99
9
74
9
94
19
92
3
30
9
64
9
34
9
99
9
64
19
91
0
57
9
14
9
44
9
64
9
34
9
99
17
59
4
49
8
75
19
31
18
30
18
90
9
64
9
74
9
99
9
74
9
14
9
14
19
64
9
64
19
91
19
92
9
14
9
64
1
49
9
94
8
25
9
44
9
74
19
64
19
62
9
14
19
62
9
74
11
89
9
64
19
94
9
44
9
44
9
74
9
46
3
11
9
74
9
88
9
99
9
34
9
58
1
9
9
94
9
14
9
94
19
61
9
34
19
34
1
19
9
74
9
14
9
99
18
90
4
79
18
60
19
61
9
44
19
31
9
94
9
94
3
39
9
74
9
64
9
64
19
61
0
18
9
44
9
94
9
74
9
44
9
14
19
64
9
64
19
64
9
94
9
74
9
34
8
35
9
34
9
94
9
94
9
34
9
14
18
30
9
44
9
64
9
36
19
31
19
31
9
74
9
64
19
91
19
62
9
14
9
64
9
44
9
44
19
94
9
74
9
94
19
92
9
44
9
74
9
14
9
64
19
64
9
99
9
44
9
34
9
14
9
44
9
69
9
44
9
44
9
74
9
99
0
20
9
64
1
29
19
93
9
14
9
34
19
31
4
32
9
99
9
99
18
60
9
34
9
64
19
91
9
94
9
94
9
94
9
34
9
74
19
94
0
90
19
34
9
14
17
89
9
34
1
18
19
62
9
64
9
74
3
11
19
93
9
99
9
57
9
94
4
29
19
64
9
44
9
94
9
64
19
33
19
61
18
90
9
99
9
34
9
34
9
41
9
44
19
61
18
90
9
99
9
14
0
45
3
75
9
44
9
34
19
33
3
48
9
64
9
34
9
34
19
62
9
34
4
59
18
30
19
93
9
99
1
69
9
74
9
49
9
14
9
44
9
64
9
94
4
39
2
59
9
34
19
61
9
44
9
34
9
14
9
64
19
91
9
14
18
60
19
91
9
64
9
14
1
89
9
34
9
64
9
34
9
64
17
89
19
32
9
14
9
44
19
61
19
92
9
34
2
21
2
11
19
93
19
34
9
93
19
61
9
34
17
89
18
90
8
0
9
44
9
64
19
33
9
94
9
74
1
82
9
99
9
34
19
62
9
99
9
99
19
63
9
44
9
74
9
94
19
91
19
61
9
74
9
66
9
64
9
34
9
94
19
61
9
44
19
33
9
34
19
61
9
94
9
64
3
79
9
34
0
20
2
49
9
64
2
99
9
64
9
99
9
34
0
58
9
99
9
34
9
99
19
32
9
94
9
57
3
30
9
64
9
74
19
62
9
64
9
14
1
69
9
14
9
94
19
31
9
14
2
59
9
64
9
44
9
74
9
99
9
44
2
42
9
74
9
74
9
66
9
7
9
34
9
64
1
39
9
94
19
32
9
44
1
57
9
99
9
34
9
74
19
62
2
71
9
67
9
94
9
44
9
34
19
93
19
92
9
94
9
44
9
34
9
99
4
99
9
34
9
44
9
74
19
32
9
94
19
34
19
21
9
99
19
92
9
74
9
94
9
44
9
64
9
34
9
64
19
62
9
74
9
18
9
94
18
60
9
94
0
0
9
94
19
63
9
99
19
32
9
74
9
36
9
14
9
44
9
14
9
8
9
94
9
32
9
14
9
99
9
66
9
94
18
90
9
74
9
64
9
64
9
74
9
99
9
14
9
69
9
94
9
76
19
32
19
94
9
34
3
89
9
99
19
32
17
89
19
82
19
94
9
99
9
94
9
99
19
94
4
79
9
1
9
26
1
79
9
74
9
14
9
64
