2
0
1
66
4
73
4
24
2
89
5
74
5
52
1
58
4
37
3
64
1
33
1
45
5
66
5
57
5
89
5
19
4
2
2
76
3
19
5
34
5
95
5
6
2
36
1
77
4
51
2
79
1
15
4
73
3
61
0
0
4
46
5
36
1
78
1
64
2
72
4
33
0
80
1
78
1
36
1
68
4
81
1
28
2
38
2
64
4
26
4
72
3
33
2
9
5
98
3
49
3
89
2
36
3
55
1
75
1
62
4
78
2
39
4
48
2
37
1
76
1
99
2
42
5
64
5
76
4
91
3
15
3
74
2
8
5
79
5
68
2
29
4
71
1
75
3
21
5
55
3
7
1
37
2
1
3
55
1
51
4
27
5
57
4
4
5
16
5
85
3
19
5
23
5
69
4
89
3
45
5
68
5
29
3
73
3
44
5
38
2
29
2
35
3
9
2
64
2
48
4
66
1
83
2
49
2
39
3
79
2
87
5
48
2
11
1
61
3
75
1
58
1
97
3
9
1
59
3
61
5
69
5
23
3
88
2
18
2
23
0
0
1
45
1
99
5
27
3
28
2
86
4
13
5
6
3
54
3
8
2
54
1
12
3
12
5
63
4
2
4
91
4
37
2
8
1
31
5
67
3
39
1
79
4
36
5
99
2
28
5
58
4
42
5
42
4
73
2
45
2
71
3
65
4
9
3
6
1
49
3
15
3
42
3
88
1
71
2
86
2
18
4
71
3
23
0
90
4
23
3
42
2
29
3
58
3
42
3
4
1
53
0
20
3
73
0
70
1
68
1
68
2
97
3
88
3
44
3
29
4
34
3
55
3
61
3
4
4
28
3
65
3
19
4
45
5
93
1
89
3
84
4
46
5
12
4
18
3
83
2
96
2
62
2
91
3
72
3
99
4
44
2
82
3
77
1
22
2
83
1
93
3
7
4
97
3
89
2
1
0
70
5
59
4
72
3
89
1
4
5
63
4
19
1
32
1
53
4
55
3
29
2
38
3
99
1
83
4
99
2
41
5
94
1
28
2
36
5
24
2
41
4
7
5
49
1
79
5
82
1
65
2
47
2
93
1
55
2
3
5
2
4
86
1
2
3
48
1
99
5
32
4
69
4
74
3
61
3
35
1
23
2
23
3
62
5
29
5
4
2
12
2
79
2
22
3
87
2
62
4
73
2
18
5
82
2
3
4
47
1
43
3
91
2
27
2
31
2
83
1
31
3
3
1
94
3
85
4
38
5
44
1
79
0
46
2
15
0
10
1
62
4
7
5
9
4
92
1
86
2
49
1
48
2
6
4
19
3
8
2
97
2
72
3
64
1
5
4
82
4
35
3
4
4
1
2
87
4
33
3
4
3
13
4
83
5
3
3
69
1
87
1
99
3
59
3
64
3
78
2
67
4
37
2
57
1
62
0
40
5
86
2
47
3
8
3
64
1
38
2
55
4
55
3
55
3
52
4
4
1
19
3
21
5
45
1
33
3
86
3
69
1
21
3
34
1
35
4
63
5
69
1
72
4
6
1
91
1
8
3
51
1
58
1
69
4
97
3
11
3
99
2
21
1
34
3
58
1
95
2
84
1
39
5
23
2
49
3
89
2
98
1
1
2
13
1
41
5
14
5
82
1
54
4
54
1
55
2
6
1
94
3
15
1
26
5
5
3
71
1
97
3
75
1
67
5
24
5
34
5
73
1
52
5
27
3
21
4
7
3
29
1
27
2
97
0
40
3
33
2
4
5
15
2
98
2
67
1
23
3
19
4
87
4
97
3
54
2
45
3
86
3
58
5
66
5
13
0
20
1
66
1
9
5
48
1
64
2
67
1
25
4
86
4
9
2
72
2
63
5
98
2
29
5
86
2
64
3
25
1
65
2
21
3
3
2
63
2
49
2
78
3
54
4
85
5
86
2
63
4
72
4
88
4
63
4
61
4
13
5
92
4
95
1
69
4
36
5
99
3
12
5
76
4
29
2
29
2
13
4
23
5
57
2
89
4
55
2
73
4
53
1
28
1
65
2
58
3
97
2
27
2
23
2
29
2
29
5
98
1
16
1
41
1
25
2
98
2
41
5
58
3
86
5
62
1
11
1
37
5
22
1
25
3
93
5
19
5
39
1
85
4
66
5
43
1
54
1
28
2
62
1
99
0
98
2
32
4
63
4
99
5
83
4
35
2
47
4
26
4
79
2
15
3
87
2
3
1
71
3
29
1
57
1
67
4
3
4
56
5
35
5
85
2
59
5
97
1
23
4
74
1
7
4
14
2
87
5
3
1
74
2
64
5
79
1
22
3
81
5
84
1
78
4
33
2
96
2
9
4
48
3
43
2
83
3
7
2
16
3
89
3
16
5
33
2
38
1
34
3
87
1
25
2
99
5
47
3
48
5
97
2
45
1
37
2
79
2
26
2
31
5
6
2
63
2
54
0
80
1
74
2
74
2
4
2
86
2
74
2
49
4
53
4
28
3
59
5
89
2
79
1
89
4
28
1
87
5
18
5
7
3
49
5
2
3
56
2
99
3
7
4
85
2
32
1
11
4
73
3
59
3
8
3
73
1
19
2
71
3
42
3
79
3
47
4
39
5
5
5
22
2
53
4
5
3
63
2
5
5
99
4
29
2
21
1
65
4
32
2
12
2
12
2
41
2
22
4
96
5
36
1
49
3
97
5
18
2
39
5
68
0
90
2
69
2
12
1
59
2
4
5
99
1
64
5
84
2
77
3
30
2
54
4
23
4
99
4
54
1
73
1
56
3
9
4
35
3
52
2
23
3
98
3
41
4
49
2
75
1
16
2
12
1
72
4
58
4
68
1
92
5
66
4
9
5
3
5
47
2
53
2
73
2
74
2
6
1
55
1
44
3
81
5
25
4
38
4
61
4
48
2
48
5
7
5
44
1
64
3
79
1
59
4
76
1
39
4
33
2
64
3
46
1
11
5
66
5
88
4
99
4
27
1
58
1
9
3
83
1
4
5
86
1
44
5
22
4
17
1
11
3
66
4
9
3
91
5
72
4
73
4
42
1
49
2
39
1
14
4
88
1
82
3
35
2
69
3
52
4
57
1
49
0
18
2
38
4
84
3
64
5
37
4
6
4
47
1
57
5
47
2
86
5
66
5
23
5
35
1
26
5
89
2
89
5
27
5
6
1
12
3
39
4
52
5
36
1
14
1
17
3
63
4
56
1
78
2
49
4
9
4
51
2
36
3
33
5
77
3
67
3
88
2
76
5
38
5
66
2
9
3
52
5
49
5
99
2
38
4
29
2
7
4
37
3
69
3
33
4
36
5
64
3
97
0
20
1
56
1
24
4
75
4
6
2
28
1
16
4
32
4
92
5
95
1
42
4
25
2
55
5
73
2
87
2
82
1
82
3
25
5
62
5
77
0
90
5
19
2
6
1
71
4
25
1
16
2
49
1
58
1
67
3
12
3
76
1
99
3
57
2
81
4
24
5
49
4
38
4
87
4
53
3
19
1
46
4
72
3
99
1
26
5
27
4
41
2
35
1
47
3
72
3
99
4
9
0
45
3
75
4
39
4
29
3
19
3
48
5
58
2
27
1
21
2
44
1
23
4
55
2
12
3
77
2
99
1
64
4
64
3
49
1
3
2
31
4
52
4
89
4
39
2
53
3
22
1
46
4
37
1
23
5
5
3
59
1
79
3
9
5
42
4
73
4
53
1
7
1
82
3
29
5
52
3
26
3
51
2
71
2
14
1
9
2
33
4
43
5
74
1
24
2
21
2
14
3
78
5
18
2
94
1
43
4
21
3
71
2
72
4
11
2
33
5
54
3
17
5
82
5
64
1
82
2
96
1
25
4
44
3
99
5
95
3
48
1
35
2
69
3
88
4
73
1
49
3
64
2
71
2
57
3
29
3
83
2
43
2
37
3
18
3
29
1
49
2
89
1
57
3
71
1
25
0
20
2
45
5
59
2
98
2
57
4
99
1
28
0
58
3
96
4
24
1
92
2
16
2
83
3
57
3
30
5
56
2
68
2
45
2
52
5
6
1
66
1
4
4
82
1
18
1
9
2
56
2
55
1
33
2
65
1
93
1
37
2
42
4
68
5
66
4
66
4
7
4
22
3
52
1
32
5
89
2
18
1
39
1
57
1
93
3
22
3
61
2
47
2
71
1
67
2
86
5
33
4
26
3
75
2
75
2
85
1
33
5
25
1
98
4
99
5
28
2
31
4
62
2
16
4
89
4
19
5
21
1
99
2
75
1
68
4
82
2
37
3
54
2
29
4
57
2
49
2
62
3
18
5
84
2
42
4
81
0
0
1
88
3
47
1
99
2
14
2
64
5
43
1
5
4
32
4
3
3
8
2
84
5
32
4
4
5
97
4
66
2
83
5
72
1
68
1
57
5
59
3
61
4
98
1
5
2
69
4
81
1
87
3
14
5
77
2
26
3
89
2
95
2
18
1
71
5
84
4
78
4
91
1
87
5
97
5
76
4
78
4
1
3
26
1
79
3
65
1
7
1
59
