2
0
9
74
8
65
9
34
9
94
13
85
9
63
9
64
9
44
9
74
9
44
12
54
9
74
9
64
9
94
16
28
9
13
13
85
14
26
9
44
9
99
9
14
9
44
12
84
9
62
13
85
12
24
12
84
9
72
0
0
15
57
9
44
12
84
9
74
11
83
9
44
0
80
12
84
9
44
9
57
9
92
9
34
9
44
9
74
9
34
11
83
9
44
9
14
9
99
14
56
9
94
9
44
9
64
12
84
9
73
15
87
9
44
15
57
9
44
12
84
9
99
11
53
9
74
15
87
9
99
14
26
13
85
9
14
16
88
9
68
9
34
10
82
12
84
9
32
9
64
9
14
9
44
9
12
9
64
9
62
9
34
9
64
9
14
15
27
9
94
14
26
9
34
9
74
9
94
14
56
9
74
9
34
12
84
13
55
9
44
9
34
9
44
9
14
9
74
13
55
9
74
9
94
13
55
9
44
14
86
9
94
16
58
10
22
9
72
14
86
9
64
9
99
9
14
9
64
9
72
9
74
9
34
9
94
13
25
9
34
0
0
12
54
9
99
9
34
9
34
9
86
12
24
9
14
9
64
9
14
9
64
11
23
11
23
9
74
9
13
9
99
9
44
9
14
9
42
9
74
9
44
12
84
9
44
9
99
9
34
9
64
11
53
11
53
12
84
13
55
10
82
9
74
9
14
9
14
12
54
14
26
11
53
9
94
10
82
9
94
13
25
10
82
9
34
0
90
9
34
11
53
9
34
9
58
11
53
9
14
9
64
0
20
12
84
0
70
9
74
9
74
9
99
9
94
13
55
9
34
9
44
9
64
9
61
9
14
9
34
9
74
14
26
14
56
9
99
9
94
14
82
15
57
11
23
15
27
9
94
9
99
9
73
9
99
11
83
9
99
13
55
9
93
14
86
9
33
9
94
9
99
9
14
9
99
9
94
9
12
0
70
9
64
11
83
9
94
9
14
9
74
15
27
9
43
9
64
9
64
9
34
9
44
9
99
9
94
9
99
10
52
9
99
9
28
9
44
9
34
10
52
9
14
16
58
12
84
9
93
9
74
13
55
9
99
9
64
9
14
9
13
9
94
9
13
14
56
9
99
9
43
9
74
13
85
9
72
9
44
9
34
9
34
9
73
9
34
9
14
11
23
13
85
9
33
9
94
9
73
12
84
9
18
9
93
9
14
15
57
1
43
9
99
9
34
9
42
9
94
9
42
3
1
1
94
9
94
9
38
13
55
12
84
0
46
13
25
0
10
9
73
9
14
9
14
9
99
9
94
13
55
12
54
9
14
4
19
9
14
9
99
11
83
9
74
9
14
9
93
9
44
9
14
9
12
9
94
9
44
9
14
12
24
9
94
9
14
9
74
9
94
9
99
9
64
9
74
14
86
9
74
9
44
9
64
9
73
0
40
9
94
13
55
9
14
9
74
9
44
9
64
9
64
9
64
9
63
9
14
12
24
9
32
8
45
9
44
9
94
9
74
9
32
9
44
9
44
9
74
9
74
8
66
9
14
9
86
1
1
9
62
9
64
9
69
9
99
10
22
9
99
9
32
9
44
9
64
9
99
9
94
9
44
9
34
13
55
3
89
9
98
9
12
2
19
10
52
13
25
9
93
9
64
9
64
1
59
2
9
9
99
14
26
9
34
9
14
10
82
9
99
3
75
9
67
9
34
9
44
12
84
9
63
9
34
9
32
9
14
9
34
9
34
9
99
0
40
9
44
9
14
14
26
9
99
9
74
9
34
3
11
9
94
9
99
9
64
13
55
9
94
9
64
9
74
12
24
0
20
1
69
9
14
16
58
9
74
9
74
9
34
9
94
9
14
11
83
9
74
9
98
9
34
9
94
9
74
9
34
9
74
9
32
9
14
9
74
13
55
13
85
9
64
9
94
9
94
2
69
11
83
9
94
9
63
9
61
12
24
9
99
9
99
9
74
9
44
9
99
11
23
15
87
9
34
9
34
12
24
9
34
9
64
9
94
8
55
9
73
9
64
9
34
9
74
9
64
9
99
9
34
9
34
9
29
9
34
9
99
9
16
10
52
9
34
9
99
10
52
9
64
9
94
9
73
10
22
9
44
9
33
9
34
9
99
16
28
9
44
9
94
9
74
12
54
9
64
9
34
2
62
9
99
0
98
9
32
9
74
9
99
9
94
9
44
13
55
9
34
15
87
13
25
9
94
9
14
10
82
9
34
9
64
9
74
4
9
9
64
9
44
9
94
9
64
9
99
9
34
13
85
9
7
13
25
9
94
9
14
12
84
9
74
16
88
9
33
9
92
9
94
12
84
9
44
9
99
2
9
9
48
12
54
9
94
9
14
13
25
9
94
14
26
9
44
9
38
1
39
9
94
9
34
9
99
16
58
14
56
9
99
13
55
9
44
13
85
0
27
9
42
9
14
9
74
9
64
0
80
12
84
13
85
9
14
9
94
2
79
2
49
9
64
9
28
9
64
9
94
13
85
9
94
9
34
9
94
16
28
9
14
14
56
9
13
3
51
9
99
9
14
9
94
9
43
10
22
12
84
9
64
9
14
12
84
12
24
9
71
11
53
14
86
14
56
9
44
8
5
9
33
9
64
9
14
9
74
9
14
9
99
9
34
9
32
1
65
9
43
11
23
2
19
10
52
9
33
9
99
9
44
12
54
9
99
16
28
9
44
9
74
0
90
9
74
11
23
1
59
9
3
9
99
9
74
9
94
13
85
3
30
9
64
9
34
9
99
9
64
12
84
0
57
9
14
9
44
9
63
9
34
9
99
10
52
4
49
8
75
12
24
11
23
11
83
9
64
9
74
9
99
9
74
9
14
9
14
16
58
9
64
12
84
13
85
9
14
9
64
1
49
9
92
8
25
9
44
9
72
15
57
13
55
9
14
13
55
9
74
11
86
9
64
15
87
9
44
9
44
9
74
9
46
3
11
9
74
9
88
9
99
9
34
9
58
1
9
9
94
9
14
9
94
12
54
9
33
15
27
1
19
9
74
9
14
9
99
11
83
4
79
11
53
12
54
9
44
12
24
9
94
9
93
3
39
9
74
9
63
9
64
12
54
0
18
9
44
9
94
9
74
9
44
9
14
15
57
9
64
16
58
9
94
9
74
9
34
8
35
9
34
9
94
9
94
9
34
9
14
11
23
9
44
9
63
9
36
12
24
12
24
9
74
9
64
12
84
13
55
9
14
9
62
9
44
9
44
16
88
9
74
9
94
13
85
9
44
9
74
9
14
9
63
16
58
9
99
9
44
9
34
9
14
9
44
9
69
9
44
9
44
9
74
9
99
0
20
9
64
1
29
14
86
9
14
9
34
12
24
4
32
9
99
9
99
11
53
9
34
9
64
12
84
9
94
9
93
9
93
9
34
9
73
16
88
0
90
16
28
9
14
10
82
9
34
1
18
13
55
9
64
9
74
3
11
14
86
9
99
9
57
9
92
4
29
16
58
9
44
9
94
9
64
14
26
12
54
11
83
9
99
9
34
9
34
9
41
9
44
12
54
11
83
9
99
9
14
0
45
3
75
9
44
9
34
14
26
3
48
9
64
9
34
9
32
13
55
9
34
4
59
11
23
14
86
9
99
1
69
9
74
9
49
9
14
9
42
9
63
9
94
4
39
2
59
9
33
12
54
9
44
9
34
9
14
9
64
12
84
9
14
11
53
12
84
9
64
9
14
1
89
9
34
9
63
9
34
9
62
10
82
13
25
9
14
9
44
12
54
13
85
9
34
2
21
2
11
14
86
16
28
9
93
12
54
9
32
10
82
11
83
8
4
9
44
9
64
14
26
9
93
9
74
1
82
9
99
9
34
13
55
9
99
9
99
14
56
9
44
9
74
9
94
12
84
12
54
9
74
9
66
9
64
9
34
9
94
12
54
9
44
14
26
9
34
12
54
9
94
9
64
3
79
9
34
0
20
2
49
9
64
2
99
9
64
9
99
9
34
0
58
9
99
9
34
9
99
13
25
9
94
9
57
3
30
9
64
9
74
13
55
9
63
9
14
1
69
9
14
9
93
12
24
9
14
2
59
9
64
9
44
9
74
9
99
9
44
2
42
9
74
9
74
9
66
9
7
9
33
9
63
1
39
9
94
13
25
9
44
1
57
9
99
9
33
9
72
13
55
2
71
9
67
9
94
9
44
9
34
14
86
13
85
9
94
9
44
9
34
9
99
4
99
9
34
9
42
9
73
13
25
9
94
15
27
16
21
9
99
13
85
9
74
9
93
9
44
9
64
9
34
9
64
13
55
9
73
9
18
9
94
11
53
9
92
0
0
9
94
14
56
9
99
13
25
9
74
9
36
9
14
9
43
9
14
9
8
9
94
9
32
9
14
9
99
9
66
9
94
11
83
9
74
9
64
9
64
9
72
9
99
9
14
9
69
9
92
9
76
13
25
16
88
9
34
3
89
9
99
13
25
10
82
16
82
15
87
9
99
9
94
9
99
15
87
4
79
9
1
9
26
1
79
9
74
9
14
9
64
