1
95
3
49
2
68
0
78
1
62
3
30
3
41
1
76
1
17
1
24
3
81
0
30
0
10
2
16
1
56
0
31
0
76
1
35
1
14
2
85
4
66
0
8
0
26
3
74
2
82
0
3
3
97
0
7
2
50
1
31
3
56
4
40
3
29
2
9
3
69
2
28
1
17
1
86
1
88
2
36
0
7
4
14
4
82
2
66
4
18
3
10
2
72
1
82
4
56
2
85
3
77
3
3
3
56
4
3
2
54
2
84
2
94
1
50
2
99
4
6
3
63
0
2
2
27
1
89
1
16
3
15
2
23
0
24
4
86
3
87
2
63
3
96
2
99
4
15
0
90
4
44
2
77
3
4
3
2
3
41
3
85
4
41
0
63
0
48
3
17
0
68
0
65
4
29
4
19
0
70
2
67
1
49
4
80
2
1
2
96
2
41
1
68
0
95
0
65
3
32
2
50
2
39
0
87
0
78
3
41
3
54
2
27
1
37
3
34
1
84
1
70
3
33
3
73
3
78
4
35
1
71
1
57
3
98
0
60
4
44
4
60
2
16
2
90
3
71
4
52
2
26
2
92
1
78
1
19
1
35
0
57
1
18
1
18
4
48
2
78
3
2
1
33
3
52
2
94
3
96
4
99
0
56
2
81
1
41
0
23
2
65
4
56
3
38
2
43
3
87
0
36
3
87
3
59
2
24
4
95
2
77
2
98
0
30
2
17
1
24
2
52
1
95
2
77
2
34
4
42
1
3
3
6
0
1
4
61
4
27
1
35
3
47
0
82
2
4
2
31
3
89
0
54
4
21
3
54
4
13
4
81
0
7
4
50
2
71
1
71
1
23
4
97
2
23
0
24
2
13
3
3
1
12
3
97
0
61
2
61
2
46
0
68
0
99
0
2
2
69
0
97
2
94
0
45
3
29
1
57
2
85
2
24
2
24
2
46
1
41
3
66
0
16
0
32
2
30
0
7
2
60
3
65
3
33
1
75
2
49
0
68
4
78
3
16
2
61
1
76
3
17
4
71
2
86
1
16
3
32
3
2
4
51
2
52
0
48
1
73
3
29
1
5
0
43
2
47
2
23
2
19
4
95
0
2
1
38
0
93
3
69
3
59
4
61
0
30
2
41
4
12
3
46
3
0
3
5
1
9
0
52
3
67
0
16
0
84
0
8
1
65
3
37
3
43
4
39
4
21
0
65
3
58
2
47
0
75
4
17
0
30
4
17
3
3
4
52
3
72
1
98
0
22
1
94
2
5
3
78
1
37
4
21
1
35
4
70
4
34
4
13
3
53
4
94
0
76
2
5
4
9
2
67
4
67
1
2
3
16
1
37
4
8
4
57
2
26
0
94
1
96
2
34
2
10
1
44
1
26
2
58
1
91
0
47
0
97
3
25
2
58
2
24
1
36
4
67
0
54
0
46
4
82
2
56
3
23
3
36
0
20
4
80
3
85
0
70
4
90
2
33
0
29
4
3
3
74
4
74
1
6
2
55
0
50
4
52
1
84
2
8
0
31
2
78
0
15
1
34
3
46
2
14
0
43
3
88
1
95
2
60
3
61
2
44
1
92
2
82
3
94
4
29
4
95
0
11
3
80
1
39
0
3
0
92
2
3
2
34
4
92
0
63
0
53
3
63
3
5
2
27
0
88
4
93
2
7
3
66
0
91
3
53
3
12
2
4
0
9
2
94
2
93
0
19
1
93
0
60
3
52
2
76
0
48
0
91
3
44
2
25
3
58
1
26
2
50
1
74
2
64
3
64
0
34
4
94
1
2
3
42
1
20
2
36
4
63
3
33
4
40
3
20
4
35
0
14
1
60
2
53
1
94
4
5
3
62
2
51
2
77
2
50
0
13
0
63
4
30
2
46
2
46
1
0
4
9
0
40
0
66
0
70
4
5
1
74
3
86
3
99
0
91
2
18
1
31
3
57
2
82
1
82
1
26
3
96
3
1
4
68
2
41
2
81
1
48
4
75
0
32
0
84
2
71
3
88
3
57
3
26
3
74
3
21
2
59
0
67
2
24
3
83
4
65
0
8
1
79
4
94
1
58
4
6
0
27
1
76
0
84
1
78
1
74
4
34
1
53
0
21
0
89
0
69
2
22
1
70
4
37
4
4
2
1
3
57
0
27
1
9
0
62
3
45
3
31
2
69
3
19
1
37
3
54
0
86
2
76
1
70
1
84
1
50
1
11
2
8
1
76
4
22
1
13
0
38
4
4
1
71
4
86
4
64
0
99
2
38
0
63
4
19
0
33
3
59
1
56
4
29
2
8
0
82
2
15
2
85
1
27
2
10
3
73
4
83
3
6
3
99
2
50
0
20
0
8
3
52
2
23
3
44
2
92
3
71
1
93
1
48
2
45
3
15
2
32
2
6
0
22
3
90
1
50
3
66
0
42
0
42
4
8
4
76
1
16
2
83
2
92
4
72
0
95
0
39
1
68
4
81
3
5
3
99
0
5
2
32
4
67
1
19
1
97
0
99
1
54
2
79
3
36
1
70
4
13
1
82
3
23
1
24
1
78
4
7
0
9
1
73
4
70
3
33
0
59
0
24
3
96
3
16
4
57
3
22
3
44
4
20
2
10
2
96
0
2
4
70
2
65
3
69
4
6
0
41
3
18
2
62
1
40
3
81
2
86
3
26
2
90
4
85
4
98
4
47
4
37
1
32
0
76
4
62
3
91
4
82
2
98
2
2
4
56
3
32
0
90
3
70
3
95
0
30
3
83
1
94
1
91
3
93
0
80
2
40
4
42
0
10
2
59
0
99
2
93
4
93
4
69
0
0
2
98
2
16
1
19
0
22
2
53
0
32
1
14
4
96
3
87
2
51
2
63
1
30
1
6
3
78
3
7
0
45
3
30
3
97
4
92
2
62
4
40
4
45
4
45
2
10
4
6
1
7
0
26
1
92
2
83
1
38
2
72
3
12
3
37
2
55
4
63
2
61
2
98
0
35
3
91
3
30
0
6
0
95
0
23
2
21
4
71
4
17
4
36
2
97
2
53
2
6
3
67
1
17
2
93
1
85
0
33
2
50
2
11
4
69
0
34
0
14
3
27
0
47
4
10
1
9
4
80
3
29
0
33
1
98
0
57
3
9
3
12
2
57
1
14
2
38
0
9
0
32
3
39
0
2
3
50
3
85
3
40
2
1
1
75
4
11
1
58
0
5
3
25
4
94
2
55
0
65
3
17
0
53
0
28
0
46
1
34
3
38
4
86
4
89
4
37
0
62
0
37
4
93
0
35
0
76
4
24
4
25
3
16
4
64
4
27
3
64
2
20
0
79
0
3
0
6
3
3
3
6
1
80
4
26
1
94
0
50
1
33
0
95
0
36
1
58
1
68
1
19
1
14
4
23
0
22
0
84
3
74
4
79
3
61
1
32
4
42
2
54
0
67
0
40
4
52
3
14
3
37
4
3
4
40
4
27
3
46
1
96
3
55
1
45
0
55
2
49
2
87
0
73
1
69
3
52
2
22
1
50
0
82
0
10
2
5
3
14
4
53
1
51
4
10
4
35
4
96
2
36
2
24
1
44
4
48
3
30
0
62
0
41
1
33
2
21
2
79
3
3
4
66
1
18
2
2
0
70
1
42
3
9
3
33
3
53
0
94
1
58
3
78
4
63
1
84
0
67
0
62
4
62
4
46
4
88
1
11
0
1
1
9
1
51
2
21
1
7
1
61
0
62
0
59
4
54
0
77
2
37
1
95
3
64
3
17
0
89
1
15
0
81
0
89
2
65
3
14
0
73
3
22
1
59
3
89
4
3
3
8
0
98
2
85
0
14
3
31
1
70
1
92
2
98
1
15
0
42
2
67
1
11
0
73
2
75
1
98
2
21
2
97
2
67
4
51
1
83
3
38
0
26
2
75
4
42
4
15
4
65
1
70
1
99
4
9
0
67
3
4
0
51
0
14
3
37
2
49
0
59
0
17
2
87
2
12
1
18
0
74
3
60
3
30
3
92
4
59
2
19
0
69
1
7
3
39
0
99
2
92
2
18
2
21
0
11
4
51
4
63
4
52
0
6
2
12
1
52
2
98
3
41
2
74
0
12
0
59
0
85
4
83
2
65
1
61
4
36
4
85
3
37
0
80
1
75
4
97
3
57
3
38
2
65
0
9
0
45
1
51
3
54
1
81
2
58
0
5
3
66
2
45
3
8
2
49
3
4
0
96
2
63
1
90
3
73
2
8
4
19
0
27
4
46
2
25
2
75
0
42
1
30
2
37
1
89
3
14
4
33
0
55
2
7
3
67
0
13
0
6
4
36
3
28
2
45
2
57
1
48
1
43
4
8
4
64
1
19
0
65
0
78
2
99
3
35
1
89
1
67
2
31
0
26
2
23
2
2
4
50
2
92
2
3
2
25
3
41
4
23
4
4
1
4
0
18
2
89
1
31
2
65
1
49
4
88
1
0
1
42
4
28
4
56
4
98
2
61
4
40
3
23
1
10
4
6
3
75
0
39
4
98
4
85
