8
99
10
52
9
71
7
79
8
69
9
37
9
48
8
80
8
20
8
30
9
88
0
30
0
10
9
21
8
60
7
38
7
79
8
40
8
20
9
91
9
73
7
9
7
29
9
81
9
89
7
9
9
99
7
9
8
57
8
38
9
62
9
47
9
32
9
11
9
72
9
31
8
20
8
90
8
90
9
41
7
9
9
21
9
89
9
71
11
23
9
17
9
79
8
89
9
63
9
91
10
82
9
10
9
62
9
10
9
61
9
91
9
99
7
57
9
99
9
13
9
70
7
9
9
31
8
90
8
20
10
22
9
30
7
29
9
93
9
92
9
70
9
99
9
99
10
22
0
90
9
51
9
81
9
11
9
9
9
41
9
92
9
48
7
69
7
49
10
22
7
69
7
69
9
33
11
23
0
70
9
71
8
50
9
87
9
8
9
99
9
48
8
70
7
99
7
69
9
39
8
57
9
41
7
89
7
79
9
48
9
61
9
31
8
40
9
41
8
90
7
77
9
40
9
80
10
82
9
42
8
78
8
60
9
99
0
60
9
51
9
67
9
21
8
97
9
78
9
59
9
31
9
99
8
80
8
20
8
40
7
59
8
20
8
20
11
53
9
81
9
9
8
40
9
59
9
99
9
99
9
99
7
59
9
88
8
48
7
29
9
71
9
63
9
42
9
50
9
92
7
39
9
92
9
62
9
31
9
99
9
81
9
99
0
30
9
21
8
30
9
59
8
99
9
81
9
41
9
49
8
10
9
12
7
8
9
68
9
33
8
40
10
52
7
89
9
11
9
38
9
92
7
59
9
28
9
61
9
13
9
88
7
9
9
57
9
78
8
78
8
30
9
99
9
30
7
29
9
20
9
10
8
19
9
99
7
68
9
68
9
51
7
69
7
99
7
9
9
71
7
99
9
99
7
49
9
32
8
60
9
91
9
31
9
23
9
51
8
48
9
72
7
19
7
39
8
37
7
9
8
67
9
72
9
40
8
80
9
51
7
69
11
83
10
22
9
68
8
76
10
22
9
78
9
91
8
20
9
39
9
9
9
58
9
59
7
49
8
80
9
32
8
10
7
49
9
51
9
30
9
21
9
99
7
9
8
40
7
99
9
72
9
62
9
68
0
30
9
48
9
19
10
52
9
7
9
12
8
10
7
59
9
72
7
19
7
89
7
9
8
70
9
42
9
50
9
43
9
28
7
69
9
62
9
51
7
79
11
23
0
30
11
23
9
10
9
59
9
79
8
99
7
29
8
99
9
11
10
82
8
40
9
28
8
40
9
77
9
41
4
19
9
60
9
99
7
79
9
11
9
13
9
67
9
73
8
9
10
22
8
40
9
13
9
63
9
31
7
99
8
99
9
41
8
11
8
50
8
30
9
61
8
98
1
49
7
99
9
32
9
61
9
31
8
40
9
73
7
59
7
49
9
89
9
61
9
30
9
42
0
20
9
87
9
92
0
70
9
97
9
40
7
29
9
10
9
81
9
81
8
10
9
61
0
50
9
59
8
90
2
9
7
38
9
81
7
19
8
40
10
52
9
14
7
49
9
92
8
99
8
67
9
68
9
51
8
99
9
89
9
99
9
33
8
95
7
18
9
87
8
40
7
9
7
99
9
10
9
41
9
99
7
69
7
59
9
70
9
12
9
31
7
89
9
99
9
11
3
69
7
98
9
60
9
19
9
11
7
9
9
99
9
99
7
19
8
99
0
60
9
59
9
81
7
49
0
91
9
51
9
31
9
62
8
30
8
57
8
80
9
71
9
71
7
39
9
99
8
9
9
49
7
27
9
41
9
70
9
40
9
47
9
27
9
42
7
19
7
67
9
60
8
99
8
5
9
69
9
58
9
81
8
57
7
19
7
69
9
37
9
51
2
49
7
7
9
13
0
40
7
69
0
70
9
12
8
80
9
92
9
99
7
98
9
21
8
38
9
62
9
89
8
89
8
30
9
99
9
8
9
73
9
48
9
88
8
50
10
82
7
39
7
89
9
78
9
92
9
62
9
32
3
79
9
28
9
61
7
69
9
31
10
82
9
72
7
9
8
80
9
99
8
60
9
13
7
29
8
80
7
89
1
79
8
80
9
41
8
60
7
28
7
89
7
69
9
29
7
77
4
39
9
11
9
8
9
62
7
29
8
10
7
69
10
52
9
38
9
71
10
22
8
40
9
61
7
89
9
81
7
77
8
90
7
57
8
18
9
11
8
80
9
29
8
20
7
39
9
11
8
71
9
93
9
71
7
99
9
41
7
69
11
23
7
39
9
58
8
60
9
33
9
11
7
89
9
21
9
91
8
30
8
17
9
80
9
90
9
12
9
99
8
57
0
20
7
9
9
59
9
30
9
51
9
99
9
78
8
99
8
50
9
51
10
22
9
39
9
11
0
22
9
97
7
57
9
72
7
49
7
49
9
13
11
83
8
20
9
90
9
99
9
79
7
99
7
39
8
70
9
88
9
12
9
99
7
9
9
39
9
73
8
20
8
99
7
99
8
60
9
81
9
42
7
77
9
20
8
89
9
30
8
30
8
80
9
13
7
9
8
80
9
77
9
40
7
59
7
29
9
99
10
22
9
63
9
29
9
51
9
27
8
17
9
99
7
9
9
77
9
71
9
72
9
13
7
48
10
22
9
69
7
47
3
88
9
91
9
32
8
97
9
92
4
99
11
53
4
39
1
39
7
79
9
69
9
98
9
89
9
99
9
9
9
63
9
39
0
90
9
77
9
99
6
28
9
90
8
99
8
98
9
99
0
80
8
47
9
49
0
10
9
61
7
99
9
99
9
93
9
73
0
0
9
99
9
21
8
20
7
29
9
60
7
39
8
10
9
96
9
92
9
58
9
70
7
37
8
10
10
82
9
12
7
49
9
37
9
99
9
99
9
69
9
47
10
52
8
45
8
17
9
13
8
10
7
29
8
99
2
89
8
40
9
79
9
19
9
42
9
61
9
70
9
68
9
99
7
39
9
98
9
37
7
9
7
99
7
29
9
21
9
78
11
23
9
43
9
99
9
60
9
11
9
72
8
17
9
99
8
90
7
39
8
57
9
18
9
73
7
39
7
19
9
32
7
49
9
17
8
10
9
87
9
32
7
39
8
99
7
59
9
12
9
19
9
61
8
20
9
41
7
9
7
39
9
42
7
9
9
51
4
89
9
47
9
8
8
80
9
18
8
60
7
9
9
32
9
99
9
61
7
69
10
22
0
53
7
29
7
49
8
40
9
42
9
93
9
93
9
43
7
69
7
39
9
99
7
39
7
79
11
22
9
32
10
22
9
71
9
33
9
71
8
27
7
79
7
9
7
9
9
10
9
12
7
87
9
33
8
99
0
50
8
40
0
95
7
39
8
60
8
70
8
20
8
20
9
30
7
29
7
89
9
81
11
83
9
68
8
39
9
49
9
61
7
69
0
40
9
59
9
21
9
37
9
10
3
47
9
33
10
52
8
99
9
62
8
50
7
59
9
51
9
91
7
79
8
70
9
59
9
29
7
57
7
89
0
10
8
5
9
21
9
60
8
58
9
17
9
42
9
99
9
41
9
31
8
50
11
53
9
37
7
69
7
48
1
39
9
28
9
81
9
10
9
73
8
20
9
9
0
70
8
49
9
12
9
40
10
52
7
99
8
60
10
82
4
69
8
90
7
69
7
69
9
69
11
53
9
93
8
18
7
1
8
10
8
58
9
28
8
10
8
61
7
69
7
59
9
61
7
79
9
41
8
99
9
71
10
22
7
89
8
20
7
88
7
89
9
71
9
21
7
79
9
29
8
60
9
92
9
10
9
12
7
99
9
91
7
19
9
38
7
77
8
99
9
99
8
20
7
49
9
71
8
18
7
79
2
79
8
99
9
28
9
99
9
71
9
58
8
90
3
39
7
29
9
81
9
49
10
22
9
72
7
77
8
99
9
13
7
69
9
11
7
58
7
19
9
42
9
51
7
59
7
19
9
91
9
19
8
20
0
74
9
67
3
31
9
99
9
63
2
19
7
69
8
7
9
42
7
99
9
99
9
21
9
28
7
18
9
58
9
70
4
59
7
9
9
19
8
59
9
99
9
48
9
81
7
19
7
59
7
89
9
90
8
65
8
68
9
43
9
92
9
42
0
80
8
80
9
99
9
62
9
42
9
71
1
9
7
49
8
58
9
61
8
88
9
61
7
9
9
72
9
51
9
12
9
51
9
11
7
99
9
70
7
97
9
80
9
11
11
23
7
29
11
53
9
31
9
81
7
49
7
37
9
37
8
90
9
13
9
40
7
59
2
9
9
72
7
19
7
9
9
43
9
32
9
51
9
61
8
48
8
50
9
13
9
71
8
20
7
69
7
79
9
99
9
42
8
90
8
70
2
38
7
29
9
30
9
9
9
57
9
99
9
10
9
31
9
48
9
30
9
11
8
10
7
19
9
91
8
38
2
69
8
50
9
93
7
7
8
49
9
33
9
56
9
99
9
68
9
47
9
30
7
17
9
13
10
82
7
39
9
99
9
92
