4
98
6
49
5
69
3
79
4
65
5
33
6
44
4
79
4
19
4
27
6
84
0
30
0
10
5
19
4
59
3
34
3
79
4
38
4
17
5
88
7
69
3
9
3
29
6
77
5
85
3
6
6
99
3
9
4
53
4
34
6
59
6
43
6
29
5
9
6
69
5
29
4
19
4
89
4
89
5
39
3
9
7
17
7
85
5
69
7
19
5
13
5
75
4
85
7
59
5
88
6
79
6
6
6
59
7
6
5
57
5
87
5
97
3
53
5
99
7
9
6
66
3
5
5
29
4
89
4
19
6
18
5
26
3
27
7
89
6
89
5
66
6
99
5
99
7
18
0
90
7
47
5
79
6
7
6
5
6
41
6
88
7
44
3
66
3
49
6
19
3
69
3
68
7
29
7
19
0
70
5
69
4
49
6
83
5
4
5
99
5
44
4
69
3
98
3
68
6
35
4
53
5
39
3
89
3
79
6
44
6
57
5
29
4
39
6
37
4
87
3
73
6
36
6
76
6
79
7
38
4
74
4
59
6
99
0
60
7
47
6
63
5
19
4
93
6
74
7
55
5
29
5
95
4
79
4
19
4
38
3
59
4
19
4
19
7
49
5
79
6
5
4
36
6
55
5
97
6
99
7
99
3
59
5
84
4
44
3
26
5
68
7
59
6
39
5
46
6
89
3
39
6
89
6
59
5
27
7
98
5
79
5
99
0
30
5
19
4
27
5
55
4
98
5
79
5
37
7
45
4
6
6
9
3
4
7
64
7
29
4
38
6
49
3
85
5
7
5
34
6
89
3
57
7
24
6
57
7
13
7
84
3
9
6
53
5
74
4
74
4
26
7
99
5
26
3
27
5
16
6
6
4
15
6
99
3
64
5
64
5
49
3
69
3
99
3
5
5
69
3
99
5
97
3
48
6
29
4
59
5
88
5
27
5
24
5
49
4
44
6
69
3
19
3
35
4
33
3
9
4
63
6
68
6
36
4
78
5
49
3
69
7
79
6
19
5
64
4
76
6
19
7
74
5
89
4
19
6
35
6
5
7
54
5
55
3
49
4
76
6
29
4
8
3
46
5
49
5
26
5
19
7
98
3
5
4
39
3
96
6
69
6
59
7
64
0
30
5
44
7
15
6
49
5
3
6
8
4
9
3
55
6
69
3
19
3
87
3
9
4
68
6
39
6
46
7
39
7
24
3
68
6
59
5
49
3
78
7
19
0
30
7
19
6
6
7
55
6
75
4
99
3
25
4
97
5
8
6
79
4
39
7
24
4
38
6
73
7
37
4
16
6
56
7
97
3
79
5
8
7
9
5
67
7
69
4
5
6
19
4
39
7
9
7
59
5
29
3
97
4
99
5
37
4
11
4
47
4
29
5
59
4
94
1
49
3
99
6
28
5
59
5
27
4
39
7
69
3
57
3
49
7
85
5
59
6
26
6
39
0
20
6
83
6
88
0
70
6
93
5
36
3
29
7
6
6
77
7
77
4
9
5
58
0
50
7
55
4
87
2
9
3
34
5
79
3
18
4
37
6
49
5
14
3
46
6
89
4
98
4
63
6
64
5
47
4
95
5
85
6
97
7
29
7
95
3
14
5
83
4
39
3
6
3
95
5
6
5
37
7
95
3
66
3
56
6
66
6
8
5
29
3
89
7
96
5
9
3
69
3
94
6
56
6
15
5
7
3
9
5
97
5
96
3
19
4
96
0
60
6
55
5
79
3
49
0
91
6
47
5
28
6
59
4
29
4
53
4
77
5
67
6
67
3
37
7
97
4
5
6
45
3
23
5
39
7
66
6
36
6
43
5
23
7
38
3
17
3
63
5
56
4
97
7
5
6
65
5
54
5
79
4
53
3
16
3
66
6
33
5
49
2
49
3
3
7
9
0
40
3
69
0
70
7
8
4
77
6
89
6
99
3
94
5
19
4
34
6
59
5
85
4
85
4
29
6
99
6
4
7
69
5
44
5
84
4
49
7
78
3
35
3
87
5
74
6
89
6
59
6
29
3
77
6
24
5
59
3
69
5
27
6
83
7
68
3
9
4
79
7
97
4
59
7
9
3
29
4
79
3
87
1
79
4
77
7
37
4
56
3
24
3
89
3
69
5
25
3
73
4
39
7
7
5
4
6
59
3
29
4
9
3
65
6
48
6
34
5
69
6
19
4
39
6
57
3
89
5
79
3
73
4
87
3
53
4
14
5
9
4
79
7
25
4
16
3
39
7
7
4
71
7
89
7
67
3
99
5
39
3
66
7
19
3
36
6
58
4
59
7
29
5
9
3
85
5
18
5
88
4
29
4
13
6
76
7
86
6
9
6
99
4
53
0
20
3
9
6
55
5
26
6
47
5
95
6
74
4
96
4
49
5
48
6
18
5
35
5
9
0
22
5
93
3
53
6
69
3
45
3
45
7
9
7
79
4
19
5
86
5
95
7
75
3
98
3
39
4
69
7
84
6
8
6
99
3
8
5
35
7
69
4
19
4
99
3
99
4
57
5
79
6
39
3
73
7
16
4
85
6
26
4
27
4
79
7
9
3
9
4
76
6
73
6
36
3
59
3
27
6
99
6
19
7
59
6
25
6
47
6
23
4
13
5
99
3
5
6
73
5
68
6
69
7
9
3
44
6
19
5
65
3
43
3
84
5
89
6
29
4
93
7
88
4
99
7
49
4
39
1
35
3
79
7
65
6
94
7
85
5
99
5
5
7
59
6
35
0
90
5
73
6
98
2
28
6
86
4
97
4
94
6
96
0
80
4
43
7
45
0
10
5
59
3
99
5
96
7
93
7
69
0
0
5
99
5
19
4
19
3
25
5
56
3
35
4
11
7
96
6
89
5
54
5
66
3
33
4
9
6
79
6
9
3
48
5
33
6
99
7
95
5
65
6
43
7
48
7
45
4
13
7
9
4
9
3
29
4
95
2
86
4
39
5
75
6
15
6
39
5
58
7
66
5
64
5
99
3
38
6
94
5
33
3
9
3
98
3
26
5
21
7
74
7
19
7
39
5
99
5
56
5
9
6
69
4
17
5
96
4
88
3
36
4
53
5
14
7
69
3
37
3
17
6
29
3
49
6
13
4
9
6
83
6
29
3
36
4
99
3
59
6
9
6
15
5
59
4
17
5
39
3
9
3
35
6
39
3
5
5
51
4
88
5
43
5
4
4
78
7
14
4
59
3
8
6
28
7
97
5
58
3
68
6
19
0
53
3
29
3
49
4
37
6
39
7
89
7
89
7
39
3
65
3
39
7
96
3
38
3
79
7
24
7
28
6
19
7
67
7
29
6
67
4
23
3
79
3
6
3
9
6
6
6
9
3
83
7
29
4
97
0
50
4
36
0
95
3
39
4
59
4
69
4
19
4
17
7
26
3
25
3
87
6
77
7
79
6
64
4
35
7
45
5
57
3
69
0
40
7
55
6
17
6
37
7
6
3
43
7
29
6
49
4
99
6
58
4
48
3
58
5
49
5
89
3
76
4
69
6
55
5
25
3
53
3
85
0
10
5
5
6
17
7
56
4
54
6
13
7
38
7
99
5
39
5
27
4
47
7
49
5
33
3
65
3
44
1
36
5
24
5
79
6
6
7
69
4
19
5
5
0
70
4
45
6
9
6
36
6
53
3
97
4
59
6
79
4
66
4
87
3
69
3
65
7
65
7
49
7
89
4
14
3
1
4
9
4
54
5
24
4
9
4
61
3
65
3
59
7
57
3
79
5
39
4
98
6
67
6
19
3
89
4
18
3
84
3
89
5
68
6
17
3
76
6
25
4
59
6
89
7
6
6
9
3
99
5
88
3
17
6
34
3
73
4
95
5
99
4
18
3
45
5
69
4
14
3
76
2
78
4
99
5
24
5
99
5
69
7
54
4
86
3
39
3
29
5
78
7
45
7
18
7
68
3
73
4
99
7
9
3
69
6
7
3
54
3
17
6
39
5
49
3
59
3
19
5
89
5
15
4
19
0
74
5
63
3
31
6
95
7
59
2
19
3
69
4
7
6
39
3
99
5
95
5
19
5
24
3
14
7
54
7
66
4
55
3
9
5
15
4
55
5
99
6
44
5
77
3
15
3
59
3
88
7
86
5
65
4
64
7
39
7
88
6
39
0
80
4
78
7
99
6
59
6
39
5
68
1
9
3
48
4
54
6
57
4
84
5
59
3
8
6
69
5
48
6
9
5
49
6
7
3
99
5
66
3
93
6
76
5
9
7
19
3
29
7
49
5
28
5
78
3
45
3
33
5
37
4
89
6
14
7
36
3
58
2
9
6
69
3
16
3
9
7
39
6
29
5
48
5
59
4
48
4
46
7
9
7
67
4
19
3
68
3
79
5
99
6
38
4
89
4
69
2
34
3
29
5
26
5
5
6
53
5
95
5
6
5
28
6
44
7
26
7
7
4
7
3
19
5
89
4
34
2
68
4
49
7
89
3
3
4
45
7
29
7
56
7
99
5
64
6
43
6
26
3
13
7
9
6
78
3
39
7
99
7
88
