9
99
19
61
9
74
16
88
9
74
9
44
15
57
17
89
17
29
9
34
9
94
0
30
0
10
18
30
9
64
9
44
16
88
9
44
17
29
9
94
9
74
9
14
9
34
18
90
9
94
9
14
9
99
9
14
9
64
9
44
9
64
14
56
9
34
9
14
9
74
9
34
17
29
9
94
9
94
9
44
9
14
18
30
9
94
9
74
19
32
14
26
16
88
9
94
9
64
9
94
19
91
9
14
9
64
9
14
9
64
9
94
9
99
9
64
9
99
9
14
9
74
9
14
9
34
9
94
17
29
19
31
9
34
9
34
9
94
9
94
9
74
9
99
9
99
19
31
0
90
18
60
18
90
9
14
9
14
9
41
9
94
15
57
9
74
16
58
19
31
9
74
9
74
9
34
19
32
0
70
9
74
17
59
9
94
9
14
9
99
15
57
9
74
9
99
9
74
9
44
9
64
9
44
9
94
16
88
15
57
9
64
9
34
9
44
9
44
9
94
14
86
9
44
17
89
19
91
9
44
15
87
9
64
9
99
0
60
18
60
9
74
18
30
9
99
15
87
9
64
9
34
9
99
17
89
17
29
9
44
9
64
17
29
17
29
19
62
18
90
9
14
9
44
9
64
9
99
9
99
9
99
9
64
9
94
15
57
9
34
9
74
9
64
9
44
17
59
9
94
9
44
9
94
9
64
9
34
9
99
18
90
9
99
0
30
18
30
9
34
9
64
9
99
18
90
9
44
16
58
9
14
9
14
9
14
9
74
9
34
9
44
19
61
9
94
9
14
9
44
9
94
9
64
9
34
9
64
9
13
9
94
9
14
9
64
15
87
15
87
9
34
9
99
9
34
9
34
17
29
9
14
16
28
9
99
9
74
9
74
18
60
9
74
9
99
9
14
9
74
9
99
9
99
16
58
9
34
9
64
9
94
9
34
18
22
18
60
15
57
9
74
16
28
9
44
9
44
9
14
9
74
9
74
9
44
17
89
18
60
9
74
19
92
19
31
9
74
9
76
19
31
15
87
9
94
17
29
9
44
9
14
9
64
9
64
16
58
17
89
9
34
9
14
16
58
18
60
9
34
18
30
9
99
9
14
9
44
9
99
9
74
9
64
9
74
0
30
15
57
16
28
19
61
9
14
9
14
9
14
9
64
9
74
16
28
9
94
9
14
9
74
9
44
17
59
9
44
9
34
9
74
9
64
18
60
16
88
19
32
0
30
19
32
9
14
9
64
16
88
9
99
9
34
9
99
9
14
19
91
9
44
9
34
9
44
14
86
9
44
4
19
9
64
9
99
16
88
9
14
9
14
9
67
9
74
9
14
19
31
9
44
9
14
9
64
9
34
9
99
9
99
9
44
9
11
17
59
9
34
9
64
9
99
1
49
9
99
9
34
9
64
9
34
9
44
9
74
9
64
16
58
9
94
9
64
9
34
9
44
0
20
9
94
9
94
0
70
9
99
9
44
9
34
9
14
18
90
18
90
9
14
9
64
0
50
9
64
9
94
2
9
9
44
18
90
16
28
9
44
19
61
9
14
16
58
9
94
9
99
9
74
9
74
18
60
9
99
9
94
9
99
9
34
8
95
15
27
9
94
9
44
9
14
9
99
9
14
9
44
9
99
9
74
9
64
9
74
9
14
9
34
9
94
9
99
9
14
3
69
9
99
9
64
16
28
9
14
9
14
9
99
9
99
16
28
9
99
0
60
9
64
18
90
16
58
0
91
18
60
9
34
9
64
9
34
9
64
17
89
9
74
9
74
9
44
9
99
9
14
16
58
9
34
9
44
9
74
9
44
14
56
9
34
9
44
16
28
9
74
9
64
9
99
8
5
9
74
9
64
18
90
9
64
16
28
9
74
9
44
18
60
2
49
9
14
9
14
0
40
9
74
0
70
9
14
17
89
9
94
9
99
9
99
18
30
9
44
9
64
9
94
9
94
9
34
9
99
9
14
9
74
15
57
9
94
17
59
19
91
9
44
9
94
15
87
9
94
9
64
9
34
3
79
9
34
9
64
9
74
9
34
19
82
9
74
9
14
17
89
9
99
9
64
9
14
9
34
17
89
9
94
1
79
17
89
9
44
9
64
9
34
9
94
9
74
9
34
14
86
4
39
9
14
9
14
9
64
9
34
9
14
9
74
19
61
9
44
9
74
19
31
9
44
9
64
9
94
18
90
14
86
9
94
9
64
15
27
9
14
17
89
9
34
17
29
9
44
9
14
9
71
9
94
9
74
9
99
9
44
9
74
19
32
9
44
9
58
9
64
9
34
9
14
9
94
18
30
9
94
9
34
14
26
17
89
9
94
9
14
9
99
9
64
0
20
9
14
9
64
9
34
18
60
9
99
15
87
9
99
17
59
18
60
19
31
9
44
9
14
0
22
9
99
9
64
9
74
16
58
16
58
9
14
19
92
17
29
9
94
9
99
16
88
9
99
9
44
9
74
9
94
9
14
9
99
9
14
9
44
9
74
17
29
9
99
9
99
9
64
18
90
9
44
14
86
17
29
9
94
9
34
9
34
17
89
9
14
9
14
17
89
14
86
9
44
9
64
9
34
9
99
19
31
9
64
9
34
18
60
9
34
14
26
9
99
9
14
14
86
9
74
9
74
9
14
15
57
19
31
9
74
14
56
3
89
9
94
9
34
9
99
9
94
4
99
19
62
4
39
1
39
16
88
9
74
9
99
9
94
9
99
9
14
9
64
9
44
0
90
14
86
9
99
9
28
9
94
9
99
9
99
9
99
0
80
14
56
16
58
0
10
9
64
9
99
9
99
9
93
9
74
0
0
9
99
18
30
17
29
9
34
9
64
9
44
9
6
9
96
9
94
9
64
9
74
9
44
9
14
19
91
9
14
16
58
9
44
9
99
9
99
9
74
14
56
19
61
8
45
14
26
9
14
9
14
9
34
9
99
2
89
9
44
16
88
16
28
9
44
9
64
9
74
9
74
9
99
9
44
9
99
9
44
9
14
9
99
9
34
18
21
15
87
19
32
9
44
9
99
9
64
9
14
9
74
9
17
9
99
9
94
9
44
9
64
15
27
9
74
9
44
16
28
9
34
16
58
14
26
9
14
9
94
9
34
9
44
9
99
9
64
9
14
16
28
9
64
17
29
9
44
9
14
9
44
9
44
9
14
18
51
4
89
14
56
9
14
17
89
15
27
9
64
9
14
9
34
9
99
9
64
9
74
19
31
0
53
9
34
16
58
9
44
9
44
9
94
9
94
9
44
9
74
9
44
9
99
9
44
16
88
19
22
9
34
19
31
9
74
9
34
9
74
9
34
16
88
9
14
9
14
9
14
9
14
9
94
9
34
9
99
0
50
9
44
0
95
9
44
9
64
9
74
17
29
17
29
9
34
9
34
9
94
18
90
19
92
9
74
9
44
16
58
9
64
9
74
0
40
9
64
18
30
9
37
9
14
3
49
9
34
19
61
9
99
9
64
17
59
9
64
18
60
9
94
16
88
9
74
9
64
9
34
9
64
9
94
0
10
8
5
18
30
9
64
9
64
14
26
9
44
9
99
9
44
9
34
17
59
19
62
9
44
9
74
15
57
1
39
9
34
18
90
9
14
9
74
17
29
9
14
0
70
16
58
9
14
9
44
19
52
9
99
9
64
19
91
4
69
9
94
9
74
9
74
9
74
19
62
9
94
15
27
9
1
9
14
9
64
9
34
9
14
9
61
9
74
9
64
9
64
16
88
9
44
9
99
9
74
19
31
9
94
17
29
9
94
9
94
9
74
18
30
16
88
9
34
9
64
9
94
9
14
9
14
9
99
9
94
16
28
9
44
14
86
9
99
9
99
17
29
16
58
9
74
15
27
16
88
2
79
9
99
9
34
9
99
9
74
9
64
9
94
3
39
9
34
18
90
16
58
19
31
9
74
14
86
9
99
9
14
9
74
9
14
9
64
16
28
9
44
18
60
9
64
16
28
9
94
16
28
17
29
0
74
9
74
3
31
9
99
9
64
2
19
9
74
9
7
9
44
9
99
9
99
18
30
9
34
15
27
9
64
9
74
4
59
9
14
16
28
9
64
9
99
15
57
18
90
16
28
9
64
9
94
9
94
8
65
9
74
9
44
9
94
9
44
0
80
17
89
9
99
9
64
9
44
9
74
1
9
16
58
9
64
9
64
9
94
9
64
9
14
9
74
18
60
9
14
18
60
9
14
9
99
9
74
9
99
17
89
9
14
19
32
9
34
19
62
9
34
18
90
16
58
9
44
9
37
9
94
9
13
9
44
9
64
2
9
9
74
16
28
9
14
9
44
9
34
18
60
9
64
9
48
17
59
9
14
9
74
17
29
9
74
16
88
9
99
9
44
9
94
9
74
2
39
9
34
9
34
9
14
9
64
9
99
9
14
9
34
15
57
9
34
9
14
9
14
16
28
9
94
9
44
2
69
17
59
9
94
9
14
16
58
9
34
9
56
9
99
9
74
14
56
9
34
14
26
9
14
19
91
9
44
9
99
9
94
