3
97
5
49
4
69
2
79
3
64
4
32
5
43
3
78
3
19
3
26
5
83
0
30
0
10
4
18
3
58
2
33
2
78
3
37
3
16
4
87
6
68
2
9
2
28
5
76
4
84
2
5
5
99
2
9
3
52
3
33
5
58
5
42
5
29
4
9
5
69
4
29
3
19
3
88
3
89
4
38
2
9
6
16
6
84
4
68
6
19
4
12
4
74
3
84
6
58
4
87
5
79
5
5
5
58
6
5
4
56
4
86
4
96
2
52
4
99
6
8
5
65
2
4
4
29
3
89
3
18
5
17
4
25
2
26
6
88
5
89
4
65
5
98
4
99
6
17
0
90
6
46
4
79
5
6
5
4
5
41
5
87
6
43
2
65
2
49
5
19
2
69
2
67
6
29
6
19
0
70
4
69
3
49
5
82
4
3
4
98
4
43
3
69
2
97
2
67
5
34
3
52
4
39
2
89
2
79
5
43
5
56
4
29
3
39
5
36
3
86
2
72
5
35
5
75
5
79
6
37
3
73
3
59
5
99
0
60
6
46
5
62
4
18
3
92
5
73
6
54
4
28
4
94
3
79
3
19
3
37
2
59
3
19
3
19
6
49
4
79
5
4
3
35
5
54
4
96
5
98
6
99
2
58
4
83
3
43
2
25
4
67
6
58
5
39
4
45
5
89
2
38
5
89
5
59
4
26
6
97
4
79
4
99
0
30
4
19
3
26
4
54
3
97
4
79
4
36
6
44
3
5
5
8
2
3
6
63
6
29
3
37
5
49
2
84
4
6
4
33
5
89
2
56
6
23
5
56
6
13
6
83
2
9
5
52
4
73
3
73
3
25
6
99
4
25
2
26
4
15
5
5
3
14
5
99
2
63
4
63
4
48
2
69
2
99
2
4
4
69
2
99
4
96
2
47
5
29
3
59
4
87
4
26
4
24
4
48
3
43
5
68
2
18
2
34
3
32
2
9
3
62
5
67
5
35
3
77
4
49
2
69
6
79
5
18
4
63
3
76
5
19
6
73
4
88
3
18
5
34
5
4
6
53
4
54
2
49
3
75
5
29
3
7
2
45
4
49
4
25
4
19
6
97
2
4
3
39
2
95
5
69
5
59
6
63
0
30
4
43
6
14
5
48
4
2
5
7
3
9
2
54
5
69
2
18
2
86
2
9
3
67
5
39
5
45
6
39
6
23
2
67
5
59
4
49
2
77
6
19
0
30
6
19
5
5
6
54
5
74
3
99
2
24
3
96
4
7
5
79
3
39
6
23
3
37
5
72
6
36
4
15
5
55
6
96
2
78
4
7
6
9
4
67
6
69
3
4
5
18
3
39
6
9
6
59
4
28
2
96
3
98
4
36
3
11
3
46
3
28
4
59
3
93
1
49
2
99
5
27
4
59
4
26
3
38
6
69
2
56
2
48
6
84
4
58
5
25
5
38
0
20
5
82
5
87
0
70
5
92
4
35
2
29
6
5
5
76
6
76
3
8
4
57
0
50
6
54
3
86
2
9
2
33
4
79
2
17
3
36
5
48
4
14
2
45
5
89
3
97
3
62
5
63
4
46
3
94
4
84
5
96
6
29
6
95
2
13
4
82
3
39
2
5
2
94
4
5
4
36
6
94
2
65
2
55
5
65
5
7
4
29
2
89
6
95
4
9
3
68
2
93
5
55
5
14
4
6
2
9
4
96
4
95
2
19
3
95
0
60
5
54
4
78
2
49
0
91
5
46
4
27
5
59
3
28
3
52
3
76
4
66
5
66
2
36
6
96
3
4
5
44
2
22
4
38
6
65
5
35
5
42
4
22
6
37
2
16
2
62
4
55
3
96
6
5
5
64
4
53
4
79
3
52
2
15
2
65
5
32
4
48
2
48
2
2
6
9
0
40
2
68
0
70
6
7
3
76
5
88
5
99
2
93
4
19
3
33
5
59
4
84
3
84
3
28
5
98
5
3
6
69
4
43
4
83
3
49
6
77
2
34
2
86
4
73
5
89
5
59
5
28
3
76
5
23
4
59
2
69
4
26
5
83
6
67
2
9
3
79
6
96
3
59
6
8
2
29
3
78
2
86
1
79
3
76
6
36
3
55
2
23
2
89
2
69
4
24
2
72
4
39
6
6
4
3
5
59
2
29
3
9
2
64
5
47
5
33
4
69
5
19
3
39
5
56
2
88
4
78
2
72
3
86
2
52
3
13
4
9
3
78
6
24
3
15
2
39
6
6
3
71
6
88
6
66
2
99
4
39
2
65
6
19
2
35
5
58
3
58
6
29
4
9
2
84
4
17
4
87
3
29
3
12
5
75
6
85
5
8
5
99
3
52
0
20
2
9
5
54
4
25
5
46
4
94
5
73
3
95
3
49
4
47
5
17
4
34
4
8
0
22
4
92
2
52
5
68
2
44
2
44
6
9
6
78
3
18
4
85
4
94
6
74
2
97
2
39
3
69
6
83
5
7
5
99
2
7
4
34
6
69
3
19
3
99
2
99
3
56
4
79
5
38
2
72
6
15
3
84
5
25
3
26
3
79
6
9
2
9
3
75
5
72
5
35
2
59
2
26
5
98
5
18
6
59
5
24
5
46
5
22
3
12
4
98
2
4
5
72
4
67
5
69
6
8
2
43
5
19
4
64
2
42
3
83
4
88
5
28
3
92
6
87
4
99
6
49
4
39
1
34
2
78
6
64
5
93
6
84
4
99
4
4
6
58
5
34
0
90
4
72
5
97
1
28
5
85
3
96
3
93
5
95
0
80
3
42
6
44
0
10
4
59
2
99
4
95
6
93
6
69
0
0
4
99
4
18
3
19
2
24
4
55
2
34
3
12
6
96
5
89
4
53
4
65
2
32
3
8
5
79
5
9
2
47
4
32
5
99
6
94
4
64
5
42
6
47
6
45
3
12
6
8
3
9
2
28
3
94
2
85
3
39
4
74
5
14
5
39
4
57
6
65
4
63
4
99
2
37
5
93
4
32
2
8
2
97
2
25
4
21
6
73
6
19
6
38
4
99
4
55
4
8
5
69
3
17
4
95
3
87
2
35
3
52
4
13
6
69
2
36
2
16
5
29
2
49
5
12
3
9
5
82
5
29
2
35
3
99
2
59
5
9
5
14
4
59
3
16
4
39
2
9
2
34
5
39
2
4
4
51
4
87
4
42
4
3
3
77
6
13
3
59
2
7
5
27
6
96
4
57
2
67
5
19
0
53
2
29
2
48
3
36
5
39
6
88
6
89
6
39
2
64
2
39
6
95
2
37
2
78
6
24
6
27
5
18
6
66
6
29
5
66
3
22
2
79
2
5
2
8
5
5
5
8
2
82
6
28
3
96
0
50
3
35
0
95
2
38
3
59
3
69
3
19
3
16
6
25
2
24
2
86
5
76
6
79
5
63
3
34
6
44
4
56
2
69
0
40
6
54
5
16
5
37
6
5
3
42
6
29
5
48
3
98
5
57
3
47
2
57
4
49
4
89
2
75
3
69
5
54
4
24
2
52
2
84
0
10
4
5
5
16
6
55
3
53
5
12
6
37
6
98
4
38
4
26
3
46
6
49
4
32
2
64
2
43
1
35
4
23
4
79
5
5
6
68
3
19
4
4
0
70
3
44
5
9
5
35
5
53
2
96
3
59
5
79
4
65
3
86
2
69
2
64
6
64
6
48
6
89
3
13
2
1
3
9
3
53
4
23
3
9
3
61
2
64
2
59
6
56
2
79
4
39
3
97
5
66
5
19
2
89
3
17
2
83
2
89
4
67
5
16
2
75
5
24
3
59
5
89
6
5
5
9
2
99
4
87
2
16
5
33
2
72
3
94
4
99
3
17
2
44
4
69
3
13
2
75
2
77
3
99
4
23
4
99
4
69
6
53
3
85
3
39
2
28
4
77
6
44
6
17
6
67
2
72
3
99
6
9
2
69
5
6
2
53
2
16
5
39
4
49
2
59
2
19
4
89
4
14
3
19
0
74
4
62
3
31
5
94
6
59
2
19
2
69
3
7
5
39
2
99
4
94
4
19
4
23
2
13
6
53
6
65
4
54
2
8
4
14
3
54
4
99
5
43
4
76
2
14
2
59
2
87
6
85
4
65
3
63
6
38
6
87
5
39
0
80
3
77
6
99
5
59
5
39
4
67
1
9
2
47
3
53
5
56
3
83
4
59
2
7
5
68
4
47
5
9
4
49
5
6
2
98
4
65
2
92
5
75
4
9
6
19
2
29
6
48
4
27
4
77
2
44
2
32
4
37
3
89
5
14
6
35
2
57
2
9
5
69
2
15
2
8
6
38
5
29
4
47
4
59
3
48
3
45
6
9
6
66
3
19
2
67
2
79
4
99
5
37
3
89
3
69
2
33
2
28
4
25
4
4
5
52
4
94
4
5
4
27
5
43
6
25
6
6
3
6
2
19
4
89
3
33
2
67
3
49
6
89
2
2
3
44
6
29
6
56
6
99
4
63
5
42
5
25
2
12
6
8
5
77
2
39
6
99
6
87
