9
99
16
58
9
74
13
85
9
74
9
43
12
54
14
86
14
26
9
34
9
94
0
30
0
10
15
27
9
64
9
44
13
85
9
44
14
26
9
94
9
74
9
14
9
34
15
87
9
94
9
14
9
99
9
14
9
63
9
44
9
64
11
53
9
34
9
14
9
74
9
34
14
26
9
94
9
94
9
44
9
14
15
27
9
94
9
74
17
29
11
23
13
85
9
94
9
64
9
94
16
88
9
14
9
64
9
14
9
64
9
94
9
99
9
63
9
99
9
14
9
74
9
14
9
34
9
94
14
26
16
28
9
34
9
34
9
94
9
94
9
74
9
99
9
99
16
28
0
90
15
57
15
87
9
14
9
14
9
41
9
94
12
54
9
74
13
55
16
28
9
74
9
74
9
34
17
29
0
70
9
74
14
56
9
93
9
14
9
99
12
54
9
74
9
99
9
74
9
44
9
63
9
44
9
94
13
85
12
54
9
64
9
34
9
44
9
44
9
94
11
83
9
44
14
86
16
88
9
44
12
84
9
64
9
99
0
60
15
57
9
73
15
27
9
99
12
84
9
64
9
34
9
99
14
86
14
26
9
44
9
64
14
26
14
26
17
59
15
87
9
14
9
44
9
64
9
99
9
99
9
99
9
64
9
94
12
54
9
34
9
74
9
64
9
44
14
56
9
94
9
44
9
94
9
64
9
34
9
99
15
87
9
99
0
30
15
27
9
34
9
64
9
99
15
87
9
44
13
55
9
14
9
14
9
14
9
74
9
34
9
44
16
58
9
94
9
14
9
44
9
94
9
64
9
34
9
64
9
13
9
94
9
14
9
63
12
84
12
84
9
34
9
99
9
34
9
34
14
26
9
14
13
25
9
99
9
74
9
74
15
57
9
74
9
99
9
14
9
74
9
99
9
99
13
55
9
34
9
64
9
94
9
34
15
22
15
57
12
54
9
74
13
25
9
44
9
43
9
14
9
73
9
74
9
44
14
86
15
57
9
74
17
89
16
28
9
74
9
76
16
28
12
84
9
94
14
26
9
44
9
14
9
64
9
64
13
55
14
86
9
34
9
14
13
55
15
57
9
34
15
27
9
99
9
14
9
44
9
99
9
74
9
64
9
74
0
30
12
54
13
25
16
58
9
13
9
14
9
14
9
64
9
74
13
25
9
94
9
14
9
74
9
44
14
56
9
44
9
34
9
74
9
64
15
57
13
85
17
29
0
30
17
29
9
14
9
64
13
85
9
99
9
34
9
99
9
14
16
88
9
44
9
34
9
44
11
83
9
44
4
19
9
64
9
99
13
85
9
14
9
14
9
67
9
74
9
14
16
28
9
44
9
14
9
64
9
34
9
99
9
99
9
44
9
11
14
56
9
34
9
64
9
99
1
49
9
99
9
34
9
64
9
34
9
44
9
74
9
64
13
55
9
94
9
64
9
34
9
44
0
20
9
93
9
94
0
70
9
99
9
44
9
34
9
14
15
87
15
87
9
14
9
64
0
50
9
64
9
94
2
9
9
44
15
87
13
25
9
44
16
58
9
14
13
55
9
94
9
99
9
73
9
74
15
57
9
99
9
94
9
99
9
34
8
95
12
24
9
93
9
44
9
14
9
99
9
14
9
44
9
99
9
74
9
64
9
74
9
14
9
34
9
94
9
99
9
14
3
69
9
99
9
64
13
25
9
14
9
14
9
99
9
99
13
25
9
99
0
60
9
64
15
87
13
55
0
91
15
57
9
34
9
64
9
34
9
63
14
86
9
74
9
74
9
44
9
99
9
14
13
55
9
33
9
44
9
74
9
44
11
53
9
33
9
44
13
25
9
73
9
64
9
99
8
5
9
74
9
64
15
87
9
63
13
25
9
74
9
43
15
57
2
49
9
13
9
14
0
40
9
74
0
70
9
14
14
86
9
94
9
99
9
99
15
27
9
44
9
64
9
94
9
94
9
34
9
99
9
14
9
74
12
54
9
94
14
56
16
88
9
44
9
94
12
84
9
94
9
64
9
34
3
79
9
34
9
64
9
74
9
34
16
82
9
74
9
14
14
86
9
99
9
64
9
14
9
34
14
86
9
94
1
79
14
86
9
44
9
64
9
34
9
94
9
74
9
34
11
83
4
39
9
14
9
14
9
64
9
34
9
14
9
74
16
58
9
44
9
74
16
28
9
44
9
64
9
94
15
87
11
83
9
94
9
63
12
24
9
14
14
86
9
34
14
26
9
44
9
14
9
71
9
94
9
74
9
99
9
44
9
74
17
29
9
44
9
58
9
64
9
34
9
14
9
94
15
27
9
94
9
34
11
23
14
86
9
94
9
14
9
99
9
63
0
20
9
14
9
64
9
34
15
57
9
99
12
84
9
99
14
56
15
57
16
28
9
44
9
14
0
22
9
99
9
63
9
74
13
55
13
55
9
14
17
89
14
26
9
94
9
99
13
85
9
99
9
44
9
74
9
94
9
14
9
99
9
14
9
44
9
74
14
26
9
99
9
99
9
64
15
87
9
44
11
83
14
26
9
94
9
34
9
34
14
86
9
14
9
14
14
86
11
83
9
44
9
64
9
34
9
99
16
28
9
64
9
34
15
57
9
33
11
23
9
99
9
14
11
83
9
74
9
74
9
14
12
54
16
28
9
74
11
53
3
89
9
94
9
34
9
99
9
94
4
99
17
59
4
39
1
39
13
85
9
74
9
99
9
94
9
99
9
14
9
64
9
44
0
90
11
83
9
99
9
28
9
94
9
99
9
99
9
99
0
80
11
53
13
55
0
10
9
64
9
99
9
99
9
93
9
74
0
0
9
99
15
27
14
26
9
34
9
64
9
44
9
6
9
96
9
94
9
64
9
74
9
43
9
14
16
88
9
14
13
55
9
43
9
99
9
99
9
74
11
53
16
58
8
45
11
23
9
14
9
14
9
34
9
99
2
89
9
44
13
85
13
25
9
44
9
64
9
74
9
74
9
99
9
44
9
99
9
43
9
14
9
99
9
34
15
21
12
84
17
29
9
44
9
99
9
64
9
14
9
74
9
17
9
99
9
94
9
44
9
63
12
24
9
74
9
44
13
25
9
34
13
55
11
23
9
14
9
93
9
34
9
44
9
99
9
64
9
14
13
25
9
64
14
26
9
44
9
14
9
44
9
44
9
14
15
51
4
89
11
53
9
14
14
86
12
24
9
64
9
14
9
34
9
99
9
64
9
74
16
28
0
53
9
34
13
55
9
44
9
44
9
94
9
94
9
44
9
74
9
44
9
99
9
44
13
85
17
22
9
34
16
28
9
74
9
34
9
74
9
33
13
85
9
14
9
14
9
14
9
14
9
93
9
34
9
99
0
50
9
44
0
95
9
44
9
64
9
74
14
26
14
26
9
34
9
34
9
94
15
87
17
89
9
74
9
44
13
55
9
64
9
74
0
40
9
64
15
27
9
37
9
14
3
49
9
34
16
58
9
99
9
64
14
56
9
64
15
57
9
94
13
85
9
74
9
64
9
34
9
63
9
94
0
10
8
5
15
27
9
64
9
64
11
23
9
44
9
99
9
44
9
34
14
56
17
59
9
43
9
74
12
54
1
39
9
34
15
87
9
14
9
74
14
26
9
14
0
70
13
55
9
14
9
44
16
52
9
99
9
64
16
88
4
69
9
94
9
74
9
74
9
74
17
59
9
94
12
24
9
1
9
14
9
64
9
34
9
14
9
61
9
74
9
64
9
64
13
85
9
44
9
99
9
74
16
28
9
94
14
26
9
94
9
94
9
74
15
27
13
85
9
34
9
64
9
94
9
14
9
14
9
99
9
94
13
25
9
44
11
83
9
99
9
99
14
26
13
55
9
74
12
24
13
85
2
79
9
99
9
34
9
99
9
74
9
64
9
94
3
39
9
34
15
87
13
55
16
28
9
74
11
83
9
99
9
14
9
74
9
14
9
64
13
25
9
44
15
57
9
64
13
25
9
94
13
25
14
26
0
74
9
73
3
31
9
99
9
64
2
19
9
74
9
7
9
44
9
99
9
99
15
27
9
34
12
24
9
64
9
74
4
59
9
14
13
25
9
64
9
99
12
54
15
87
13
25
9
64
9
94
9
94
8
65
9
74
9
44
9
94
9
44
0
80
14
86
9
99
9
64
9
44
9
74
1
9
13
55
9
64
9
64
9
94
9
64
9
14
9
74
15
57
9
14
15
57
9
14
9
99
9
74
9
99
14
86
9
14
17
29
9
34
17
59
9
34
15
87
13
55
9
43
9
37
9
94
9
13
9
44
9
64
2
9
9
74
13
25
9
14
9
44
9
34
15
57
9
64
9
48
14
56
9
14
9
74
14
26
9
74
13
85
9
99
9
44
9
94
9
74
2
39
9
34
9
34
9
14
9
63
9
99
9
14
9
34
12
54
9
34
9
14
9
14
13
25
9
94
9
44
2
69
14
56
9
94
9
13
13
55
9
34
9
56
9
99
9
74
11
53
9
34
11
23
9
14
16
88
9
44
9
99
9
94
