9
99
13
55
9
74
10
82
9
72
9
40
9
51
11
83
11
23
9
33
9
91
0
30
0
10
12
24
9
63
9
41
10
82
9
43
11
23
9
94
9
74
9
12
9
32
12
84
9
92
9
12
9
99
9
12
9
60
9
41
9
64
9
50
9
34
9
14
9
74
9
34
11
23
9
93
9
93
9
44
9
12
12
24
9
92
9
74
14
26
9
20
10
82
9
92
9
64
9
94
13
85
9
13
9
64
9
13
9
64
9
94
9
99
9
60
9
99
9
14
9
73
9
12
9
34
9
93
11
23
13
25
9
33
9
32
9
94
9
94
9
73
9
99
9
99
13
25
0
90
12
54
12
84
9
14
9
12
9
41
9
94
9
51
9
72
10
52
13
25
9
72
9
72
9
34
14
26
0
70
9
74
11
53
9
90
9
11
9
99
9
51
9
73
9
99
9
72
9
42
9
60
9
44
9
92
10
82
9
51
9
64
9
34
9
43
9
44
9
93
9
80
9
43
11
83
13
85
9
44
9
81
9
63
9
99
0
60
12
54
9
70
12
24
9
99
9
81
9
62
9
34
9
99
11
83
11
23
9
43
9
62
11
23
11
23
14
56
12
84
9
12
9
43
9
62
9
99
9
99
9
99
9
62
9
91
9
51
9
32
9
74
9
64
9
44
11
53
9
94
9
42
9
94
9
64
9
34
9
99
12
84
9
99
0
30
12
24
9
33
9
62
9
99
12
84
9
44
10
52
9
13
9
14
9
11
9
71
9
34
9
43
13
55
9
92
9
14
9
41
9
94
9
62
9
31
9
64
9
13
9
91
9
12
9
60
9
81
9
81
9
33
9
99
9
33
9
32
11
23
9
13
10
22
9
99
9
71
9
71
12
54
9
72
9
99
9
12
9
74
9
99
9
99
10
52
9
34
9
63
9
94
9
34
12
22
12
54
9
51
9
74
10
22
9
42
9
40
9
12
9
70
9
74
9
43
11
83
12
54
9
72
14
86
13
25
9
71
9
76
13
25
9
81
9
94
11
23
9
42
9
12
9
61
9
62
10
52
11
83
9
34
9
13
10
52
12
54
9
33
12
24
9
99
9
12
9
43
9
99
9
74
9
64
9
71
0
30
9
51
10
22
13
55
9
10
9
14
9
13
9
62
9
74
10
22
9
92
9
12
9
73
9
44
11
53
9
44
9
31
9
72
9
64
12
54
10
82
14
26
0
30
14
26
9
13
9
62
10
82
9
99
9
32
9
99
9
14
13
85
9
43
9
31
9
43
9
80
9
44
4
19
9
63
9
99
10
82
9
14
9
14
9
67
9
74
9
12
13
25
9
43
9
14
9
64
9
34
9
99
9
99
9
44
9
11
11
53
9
33
9
64
9
99
1
49
9
99
9
34
9
64
9
34
9
43
9
74
9
62
10
52
9
92
9
64
9
33
9
44
0
20
9
90
9
94
0
70
9
99
9
43
9
32
9
13
12
84
12
84
9
13
9
64
0
50
9
62
9
93
2
9
9
41
12
84
10
22
9
43
13
55
9
14
10
52
9
94
9
99
9
70
9
71
12
54
9
99
9
92
9
99
9
34
8
95
9
21
9
90
9
43
9
12
9
99
9
13
9
44
9
99
9
72
9
62
9
73
9
14
9
34
9
92
9
99
9
14
3
69
9
99
9
63
10
22
9
14
9
12
9
99
9
99
10
22
9
99
0
60
9
62
12
84
10
52
0
91
12
54
9
34
9
64
9
33
9
60
11
83
9
74
9
74
9
42
9
99
9
12
10
52
9
30
9
44
9
73
9
43
9
50
9
30
9
44
10
22
9
70
9
63
9
99
8
5
9
72
9
61
12
84
9
60
10
22
9
72
9
40
12
54
2
49
9
10
9
14
0
40
9
72
0
70
9
14
11
83
9
94
9
99
9
99
12
24
9
41
9
64
9
92
9
92
9
33
9
99
9
11
9
74
9
51
9
91
11
53
13
85
9
42
9
92
9
81
9
94
9
64
9
34
3
79
9
31
9
64
9
72
9
34
13
82
9
74
9
12
11
83
9
99
9
63
9
14
9
32
11
83
9
92
1
79
11
83
9
44
9
63
9
31
9
92
9
72
9
32
9
80
4
39
9
14
9
11
9
64
9
32
9
13
9
72
13
55
9
41
9
74
13
25
9
43
9
64
9
92
12
84
9
80
9
93
9
60
9
21
9
14
11
83
9
32
11
23
9
42
9
14
9
71
9
94
9
74
9
99
9
44
9
72
14
26
9
42
9
58
9
63
9
34
9
14
9
92
12
24
9
94
9
33
9
20
11
83
9
93
9
14
9
99
9
60
0
20
9
12
9
62
9
33
12
54
9
99
9
81
9
99
11
53
12
54
13
25
9
42
9
14
0
22
9
99
9
60
9
74
10
52
10
52
9
14
14
86
11
23
9
93
9
99
10
82
9
99
9
42
9
73
9
91
9
14
9
99
9
12
9
42
9
74
11
23
9
99
9
99
9
63
12
84
9
44
9
80
11
23
9
92
9
33
9
33
11
83
9
14
9
12
11
83
9
80
9
43
9
62
9
32
9
99
13
25
9
64
9
32
12
54
9
30
9
20
9
99
9
12
9
80
9
74
9
74
9
14
9
51
13
25
9
72
9
50
3
89
9
94
9
34
9
99
9
94
4
99
14
56
4
39
1
39
10
82
9
72
9
99
9
92
9
99
9
12
9
64
9
42
0
90
9
80
9
99
9
28
9
93
9
99
9
99
9
99
0
80
9
50
10
52
0
10
9
64
9
99
9
99
9
93
9
74
0
0
9
99
12
24
11
23
9
32
9
63
9
42
9
7
9
96
9
94
9
61
9
73
9
40
9
13
13
85
9
14
10
52
9
40
9
99
9
99
9
72
9
50
13
55
8
45
9
20
9
14
9
13
9
32
9
99
2
89
9
43
10
82
10
22
9
44
9
64
9
73
9
71
9
99
9
42
9
99
9
40
9
12
9
99
9
32
12
21
9
81
14
26
9
44
9
99
9
63
9
14
9
74
9
17
9
99
9
93
9
42
9
60
9
21
9
74
9
42
10
22
9
34
10
52
9
20
9
13
9
90
9
34
9
42
9
99
9
62
9
14
10
22
9
64
11
23
9
44
9
12
9
42
9
44
9
12
12
51
4
89
9
50
9
11
11
83
9
21
9
63
9
12
9
34
9
99
9
64
9
72
13
25
0
53
9
32
10
52
9
43
9
44
9
94
9
94
9
44
9
72
9
42
9
99
9
42
10
82
14
22
9
34
13
25
9
74
9
34
9
74
9
30
10
82
9
12
9
12
9
13
9
14
9
90
9
34
9
99
0
50
9
43
0
95
9
42
9
63
9
73
11
23
11
23
9
33
9
32
9
92
12
84
14
86
9
71
9
42
10
52
9
64
9
72
0
40
9
62
12
24
9
37
9
13
3
49
9
34
13
55
9
99
9
64
11
53
9
62
12
54
9
94
10
82
9
73
9
62
9
32
9
60
9
92
0
10
8
5
12
24
9
63
9
61
9
20
9
44
9
99
9
44
9
34
11
53
14
56
9
40
9
72
9
51
1
39
9
31
12
84
9
13
9
74
11
23
9
12
0
70
10
52
9
14
9
43
13
52
9
99
9
63
13
85
4
69
9
93
9
72
9
72
9
72
14
56
9
94
9
21
9
1
9
13
9
61
9
31
9
13
9
61
9
72
9
62
9
64
10
82
9
44
9
99
9
74
13
25
9
92
11
23
9
91
9
92
9
74
12
24
10
82
9
32
9
63
9
94
9
13
9
14
9
99
9
94
10
22
9
41
9
80
9
99
9
99
11
23
10
52
9
74
9
21
10
82
2
79
9
99
9
31
9
99
9
74
9
61
9
93
3
39
9
32
12
84
10
52
13
25
9
74
9
80
9
99
9
14
9
72
9
14
9
61
10
22
9
44
12
54
9
62
10
22
9
94
10
22
11
23
0
74
9
70
3
31
9
99
9
64
2
19
9
72
9
7
9
44
9
99
9
99
12
24
9
31
9
21
9
61
9
73
4
59
9
12
10
22
9
62
9
99
9
51
12
84
10
22
9
62
9
92
9
93
8
65
9
71
9
44
9
94
9
44
0
80
11
83
9
99
9
64
9
44
9
74
1
9
10
52
9
61
9
64
9
91
9
64
9
12
9
74
12
54
9
14
12
54
9
14
9
99
9
73
9
99
11
83
9
14
14
26
9
32
14
56
9
34
12
84
10
52
9
40
9
37
9
93
9
13
9
43
9
62
2
9
9
74
10
22
9
12
9
44
9
34
12
54
9
64
9
48
11
53
9
14
9
74
11
23
9
72
10
82
9
99
9
44
9
93
9
73
2
39
9
32
9
33
9
12
9
60
9
99
9
13
9
34
9
51
9
33
9
14
9
13
10
22
9
94
9
41
2
69
11
53
9
94
9
10
10
52
9
34
9
56
9
99
9
71
9
50
9
33
9
20
9
14
13
85
9
42
9
99
9
94
