5
99
7
49
6
69
4
79
5
66
6
34
7
45
5
79
5
19
5
28
7
85
0
30
0
10
6
19
5
59
4
35
4
79
5
39
5
18
6
89
8
70
4
9
4
29
7
78
6
86
4
7
7
99
4
9
5
54
5
35
7
59
7
44
7
29
6
9
7
69
6
29
5
19
5
89
5
89
6
39
4
9
8
18
8
86
6
69
8
20
6
14
6
76
5
86
8
60
6
89
7
79
7
7
7
59
8
7
6
58
6
88
6
98
4
54
6
99
8
10
7
67
4
6
6
29
5
89
5
19
7
19
6
27
4
28
8
90
7
89
6
67
7
99
6
99
8
19
0
90
8
48
6
79
7
8
7
6
7
41
7
89
8
45
4
67
4
49
7
19
4
69
4
69
8
30
8
20
0
70
6
69
5
49
7
84
6
5
6
99
6
45
5
69
4
99
4
69
7
36
5
54
6
39
4
89
4
79
7
45
7
58
6
29
5
39
7
38
5
88
4
74
7
37
7
77
7
79
8
39
5
75
5
59
7
99
0
60
8
48
7
64
6
19
5
94
7
75
8
56
6
29
6
96
5
79
5
19
5
39
4
59
5
19
5
19
8
50
6
79
7
6
5
37
7
56
6
98
7
99
8
99
4
59
6
85
5
45
4
27
6
69
8
60
7
39
6
47
7
89
4
39
7
89
7
59
6
28
8
99
6
79
6
99
0
30
6
19
5
28
6
56
5
99
6
79
6
38
8
46
5
7
7
9
4
5
8
65
8
30
5
39
7
49
4
86
6
8
6
35
7
89
4
58
8
25
7
58
8
13
8
85
4
9
7
54
6
75
5
75
5
27
8
99
6
27
4
28
6
17
7
7
5
16
7
99
4
65
6
65
6
49
4
69
4
99
4
6
6
69
4
99
6
98
4
49
7
29
5
59
6
89
6
28
6
24
6
49
5
45
7
69
4
19
4
36
5
34
4
9
5
64
7
69
7
37
5
79
6
49
4
69
8
80
7
19
6
65
5
76
7
19
8
75
6
89
5
19
7
36
7
6
8
55
6
56
4
49
5
77
7
29
5
9
4
47
6
49
6
27
6
19
8
99
4
6
5
39
4
97
7
69
7
59
8
65
0
30
6
45
8
16
7
49
6
4
7
9
5
9
4
56
7
69
4
19
4
88
4
9
5
69
7
39
7
47
8
40
8
25
4
69
7
59
6
49
4
79
8
20
0
30
8
20
7
7
8
56
7
76
5
99
4
26
5
98
6
9
7
79
5
39
8
25
5
39
7
74
8
38
4
17
7
57
8
98
4
79
6
9
8
10
6
67
8
70
5
6
7
19
5
39
8
10
8
60
6
29
4
98
5
99
6
38
5
11
5
48
5
29
6
59
5
95
1
49
4
99
7
29
6
59
6
28
5
39
8
70
4
58
4
49
8
86
6
59
7
27
7
39
0
20
7
84
7
89
0
70
7
94
6
37
4
29
8
7
7
78
8
78
5
9
6
59
0
50
8
56
5
88
2
9
4
35
6
79
4
19
5
38
7
49
6
14
4
47
7
89
5
99
5
64
7
65
6
48
5
96
6
86
7
98
8
30
8
95
4
15
6
84
5
39
4
7
4
96
6
7
6
38
8
96
4
67
4
57
7
67
7
9
6
29
4
89
8
97
6
9
3
69
4
95
7
57
7
16
6
8
4
9
6
98
6
97
4
19
5
97
0
60
7
56
6
79
4
49
0
91
7
48
6
29
7
59
5
29
5
54
5
78
6
68
7
68
4
38
8
98
5
6
7
46
4
24
6
39
8
67
7
37
7
44
6
24
8
39
4
18
4
64
6
57
5
98
8
5
7
66
6
55
6
79
5
54
4
17
4
67
7
34
6
49
2
49
4
4
8
10
0
40
4
69
0
70
8
9
5
78
7
89
7
99
4
95
6
19
5
35
7
59
6
86
5
86
5
29
7
99
7
5
8
70
6
45
6
85
5
49
8
79
4
36
4
88
6
75
7
89
7
59
7
29
3
78
7
25
6
59
4
69
6
28
7
83
8
69
4
9
5
79
8
98
5
59
8
10
4
29
5
79
4
88
1
79
5
78
8
38
5
57
4
25
4
89
4
69
6
26
4
74
4
39
8
8
6
5
7
59
4
29
5
9
4
66
7
49
7
35
6
69
7
19
5
39
7
58
4
89
6
79
4
74
5
88
4
54
5
15
6
9
5
79
8
26
5
17
4
39
8
8
5
71
8
90
8
68
4
99
6
39
4
67
8
20
4
37
7
58
5
59
8
30
6
9
4
86
6
19
6
89
5
29
5
14
7
77
8
87
7
9
7
99
5
54
0
20
4
9
7
56
6
27
7
48
6
96
7
75
5
97
5
49
6
49
7
19
6
36
6
9
0
22
6
94
4
54
7
69
4
46
4
46
8
10
8
80
5
19
6
87
6
96
8
76
4
99
4
39
5
69
8
85
7
9
7
99
4
9
6
36
8
70
5
19
5
99
4
99
5
58
6
79
7
39
4
74
8
17
5
86
7
27
5
28
5
79
8
10
4
9
5
77
7
74
7
37
4
59
4
28
7
99
7
19
8
60
7
26
7
48
7
24
5
14
6
99
4
6
7
74
6
69
7
69
8
10
4
45
7
19
6
66
4
44
3
85
6
89
7
29
5
94
8
89
4
99
8
50
4
39
1
36
4
79
8
66
7
95
8
86
6
99
6
6
8
60
7
36
0
90
6
74
7
99
3
28
7
87
5
98
5
95
7
97
0
80
5
44
8
46
0
10
6
59
4
99
6
97
8
93
8
70
0
0
6
99
6
19
5
19
4
26
6
57
4
36
5
11
8
96
7
89
6
55
6
67
4
34
5
9
7
79
7
9
4
49
6
34
7
99
8
96
6
66
7
44
8
49
8
45
5
14
8
10
5
9
4
29
5
96
2
87
5
39
6
76
7
16
7
39
6
59
8
67
6
65
6
99
4
39
7
95
6
34
4
9
4
99
4
27
6
21
8
75
8
20
8
40
6
99
6
57
6
9
7
69
5
17
6
97
5
89
4
37
5
54
6
15
8
70
4
38
4
18
7
29
4
49
7
14
5
9
7
84
7
29
4
37
5
99
4
59
7
9
7
16
6
59
5
18
6
39
4
9
4
36
7
39
4
6
6
51
4
89
6
44
6
5
5
79
8
15
5
59
4
9
7
29
8
98
6
59
4
69
7
19
0
53
4
29
4
49
5
38
7
39
8
90
8
90
8
40
4
66
4
39
8
97
4
39
4
79
8
24
8
29
7
19
8
68
8
30
7
68
5
24
4
79
4
7
4
9
7
7
7
9
4
84
8
30
5
98
0
50
5
37
0
95
4
39
5
59
5
69
5
19
5
18
8
27
4
26
4
88
7
78
8
80
7
65
5
36
8
46
6
58
4
69
0
40
8
56
7
18
7
37
8
7
3
44
8
30
7
49
5
99
7
59
5
49
4
59
6
49
6
89
4
77
5
69
7
56
6
26
4
54
4
86
0
10
6
5
7
18
8
57
5
55
7
14
8
39
8
99
6
39
6
28
5
48
8
50
6
34
4
66
4
45
1
37
6
25
6
79
7
7
8
70
5
19
6
6
0
70
5
46
7
9
7
37
7
53
4
98
5
59
7
79
4
67
5
88
4
69
4
66
8
66
8
50
8
90
5
15
4
1
5
9
5
55
6
25
5
9
5
61
4
66
4
59
8
58
4
79
6
39
5
99
7
68
7
19
4
89
5
19
4
85
4
89
6
69
7
18
4
77
7
26
5
59
7
89
8
7
7
9
4
99
6
89
4
18
7
35
4
74
5
96
6
99
5
19
4
46
6
69
5
15
4
77
2
79
5
99
6
25
6
99
6
69
8
55
5
87
3
39
4
29
6
79
8
46
8
19
8
69
4
74
5
99
8
10
4
69
7
8
4
55
4
18
7
39
6
49
4
59
4
19
6
89
6
16
5
19
0
74
6
64
3
31
7
96
8
60
2
19
4
69
5
7
7
39
4
99
6
96
6
19
6
25
4
15
8
55
8
67
4
56
4
9
6
16
5
56
6
99
7
45
6
78
4
16
4
59
4
89
8
87
6
65
5
65
8
40
8
89
7
39
0
80
5
79
8
99
7
59
7
39
6
69
1
9
4
49
5
55
7
58
5
85
6
59
4
9
7
69
6
49
7
9
6
49
7
8
4
99
6
67
4
94
7
77
6
9
8
20
4
29
8
50
6
29
6
79
4
46
4
34
6
37
5
89
7
14
8
37
4
59
2
9
7
69
4
17
4
9
8
40
7
29
6
49
6
59
5
48
5
47
8
10
8
68
5
19
4
69
4
79
6
99
7
39
5
89
5
69
2
35
4
29
6
27
6
6
7
54
6
96
6
7
6
29
7
45
8
27
8
8
5
8
4
19
6
89
5
35
2
69
5
49
8
90
4
4
5
46
8
30
8
56
8
99
6
65
7
44
7
27
4
14
8
10
7
79
4
39
8
99
8
89
