9
99
14
56
9
74
11
83
9
73
9
41
10
52
12
84
12
24
9
34
9
92
0
30
0
10
13
25
9
64
9
42
11
83
9
44
12
24
9
94
9
74
9
13
9
33
13
85
9
93
9
13
9
99
9
13
9
61
9
42
9
64
9
51
9
34
9
14
9
74
9
34
12
24
9
94
9
94
9
44
9
13
13
25
9
93
9
74
15
27
9
21
11
83
9
93
9
64
9
94
14
86
9
14
9
64
9
14
9
64
9
94
9
99
9
61
9
99
9
14
9
74
9
13
9
34
9
94
12
24
14
26
9
34
9
33
9
94
9
94
9
74
9
99
9
99
14
26
0
90
13
55
13
85
9
14
9
13
9
41
9
94
10
52
9
73
11
53
14
26
9
73
9
73
9
34
15
27
0
70
9
74
12
54
9
91
9
12
9
99
10
52
9
74
9
99
9
73
9
43
9
61
9
44
9
93
11
83
10
52
9
64
9
34
9
44
9
44
9
94
9
81
9
44
12
84
14
86
9
44
10
82
9
64
9
99
0
60
13
55
9
71
13
25
9
99
10
82
9
63
9
34
9
99
12
84
12
24
9
44
9
63
12
24
12
24
15
57
13
85
9
13
9
44
9
63
9
99
9
99
9
99
9
63
9
92
10
52
9
33
9
74
9
64
9
44
12
54
9
94
9
43
9
94
9
64
9
34
9
99
13
85
9
99
0
30
13
25
9
34
9
63
9
99
13
85
9
44
11
53
9
14
9
14
9
12
9
72
9
34
9
44
14
56
9
93
9
14
9
42
9
94
9
63
9
32
9
64
9
13
9
92
9
13
9
61
10
82
10
82
9
34
9
99
9
34
9
33
12
24
9
14
11
23
9
99
9
72
9
72
13
55
9
73
9
99
9
13
9
74
9
99
9
99
11
53
9
34
9
64
9
94
9
34
13
22
13
55
10
52
9
74
11
23
9
43
9
41
9
13
9
71
9
74
9
44
12
84
13
55
9
73
15
87
14
26
9
72
9
76
14
26
10
82
9
94
12
24
9
43
9
13
9
62
9
63
11
53
12
84
9
34
9
14
11
53
13
55
9
34
13
25
9
99
9
13
9
44
9
99
9
74
9
64
9
72
0
30
10
52
11
23
14
56
9
11
9
14
9
14
9
63
9
74
11
23
9
93
9
13
9
74
9
44
12
54
9
44
9
32
9
73
9
64
13
55
11
83
15
27
0
30
15
27
9
14
9
63
11
83
9
99
9
33
9
99
9
14
14
86
9
44
9
32
9
44
9
81
9
44
4
19
9
64
9
99
11
83
9
14
9
14
9
67
9
74
9
13
14
26
9
44
9
14
9
64
9
34
9
99
9
99
9
44
9
11
12
54
9
34
9
64
9
99
1
49
9
99
9
34
9
64
9
34
9
44
9
74
9
63
11
53
9
93
9
64
9
34
9
44
0
20
9
91
9
94
0
70
9
99
9
44
9
33
9
14
13
85
13
85
9
14
9
64
0
50
9
63
9
94
2
9
9
42
13
85
11
23
9
44
14
56
9
14
11
53
9
94
9
99
9
71
9
72
13
55
9
99
9
93
9
99
9
34
8
95
10
22
9
91
9
44
9
13
9
99
9
14
9
44
9
99
9
73
9
63
9
74
9
14
9
34
9
93
9
99
9
14
3
69
9
99
9
64
11
23
9
14
9
13
9
99
9
99
11
23
9
99
0
60
9
63
13
85
11
53
0
91
13
55
9
34
9
64
9
34
9
61
12
84
9
74
9
74
9
43
9
99
9
13
11
53
9
31
9
44
9
74
9
44
9
51
9
31
9
44
11
23
9
71
9
64
9
99
8
5
9
73
9
62
13
85
9
61
11
23
9
73
9
41
13
55
2
49
9
11
9
14
0
40
9
73
0
70
9
14
12
84
9
94
9
99
9
99
13
25
9
42
9
64
9
93
9
93
9
34
9
99
9
12
9
74
10
52
9
92
12
54
14
86
9
43
9
93
10
82
9
94
9
64
9
34
3
79
9
32
9
64
9
73
9
34
14
82
9
74
9
13
12
84
9
99
9
64
9
14
9
33
12
84
9
93
1
79
12
84
9
44
9
64
9
32
9
93
9
73
9
33
9
81
4
39
9
14
9
12
9
64
9
33
9
14
9
73
14
56
9
42
9
74
14
26
9
44
9
64
9
93
13
85
9
81
9
94
9
61
10
22
9
14
12
84
9
33
12
24
9
43
9
14
9
71
9
94
9
74
9
99
9
44
9
73
15
27
9
43
9
58
9
64
9
34
9
14
9
93
13
25
9
94
9
34
9
21
12
84
9
94
9
14
9
99
9
61
0
20
9
13
9
63
9
34
13
55
9
99
10
82
9
99
12
54
13
55
14
26
9
43
9
14
0
22
9
99
9
61
9
74
11
53
11
53
9
14
15
87
12
24
9
94
9
99
11
83
9
99
9
43
9
74
9
92
9
14
9
99
9
13
9
43
9
74
12
24
9
99
9
99
9
64
13
85
9
44
9
81
12
24
9
93
9
34
9
34
12
84
9
14
9
13
12
84
9
81
9
44
9
63
9
33
9
99
14
26
9
64
9
33
13
55
9
31
9
21
9
99
9
13
9
81
9
74
9
74
9
14
10
52
14
26
9
73
9
51
3
89
9
94
9
34
9
99
9
94
4
99
15
57
4
39
1
39
11
83
9
73
9
99
9
93
9
99
9
13
9
64
9
43
0
90
9
81
9
99
9
28
9
94
9
99
9
99
9
99
0
80
9
51
11
53
0
10
9
64
9
99
9
99
9
93
9
74
0
0
9
99
13
25
12
24
9
33
9
64
9
43
9
6
9
96
9
94
9
62
9
74
9
41
9
14
14
86
9
14
11
53
9
41
9
99
9
99
9
73
9
51
14
56
8
45
9
21
9
14
9
14
9
33
9
99
2
89
9
44
11
83
11
23
9
44
9
64
9
74
9
72
9
99
9
43
9
99
9
41
9
13
9
99
9
33
13
21
10
82
15
27
9
44
9
99
9
64
9
14
9
74
9
17
9
99
9
94
9
43
9
61
10
22
9
74
9
43
11
23
9
34
11
53
9
21
9
14
9
91
9
34
9
43
9
99
9
63
9
14
11
23
9
64
12
24
9
44
9
13
9
43
9
44
9
13
13
51
4
89
9
51
9
12
12
84
10
22
9
64
9
13
9
34
9
99
9
64
9
73
14
26
0
53
9
33
11
53
9
44
9
44
9
94
9
94
9
44
9
73
9
43
9
99
9
43
11
83
15
22
9
34
14
26
9
74
9
34
9
74
9
31
11
83
9
13
9
13
9
14
9
14
9
91
9
34
9
99
0
50
9
44
0
95
9
43
9
64
9
74
12
24
12
24
9
34
9
33
9
93
13
85
15
87
9
72
9
43
11
53
9
64
9
73
0
40
9
63
13
25
9
37
9
14
3
49
9
34
14
56
9
99
9
64
12
54
9
63
13
55
9
94
11
83
9
74
9
63
9
33
9
61
9
93
0
10
8
5
13
25
9
64
9
62
9
21
9
44
9
99
9
44
9
34
12
54
15
57
9
41
9
73
10
52
1
39
9
32
13
85
9
14
9
74
12
24
9
13
0
70
11
53
9
14
9
44
14
52
9
99
9
64
14
86
4
69
9
94
9
73
9
73
9
73
15
57
9
94
10
22
9
1
9
14
9
62
9
32
9
14
9
61
9
73
9
63
9
64
11
83
9
44
9
99
9
74
14
26
9
93
12
24
9
92
9
93
9
74
13
25
11
83
9
33
9
64
9
94
9
14
9
14
9
99
9
94
11
23
9
42
9
81
9
99
9
99
12
24
11
53
9
74
10
22
11
83
2
79
9
99
9
32
9
99
9
74
9
62
9
94
3
39
9
33
13
85
11
53
14
26
9
74
9
81
9
99
9
14
9
73
9
14
9
62
11
23
9
44
13
55
9
63
11
23
9
94
11
23
12
24
0
74
9
71
3
31
9
99
9
64
2
19
9
73
9
7
9
44
9
99
9
99
13
25
9
32
10
22
9
62
9
74
4
59
9
13
11
23
9
63
9
99
10
52
13
85
11
23
9
63
9
93
9
94
8
65
9
72
9
44
9
94
9
44
0
80
12
84
9
99
9
64
9
44
9
74
1
9
11
53
9
62
9
64
9
92
9
64
9
13
9
74
13
55
9
14
13
55
9
14
9
99
9
74
9
99
12
84
9
14
15
27
9
33
15
57
9
34
13
85
11
53
9
41
9
37
9
94
9
13
9
44
9
63
2
9
9
74
11
23
9
13
9
44
9
34
13
55
9
64
9
48
12
54
9
14
9
74
12
24
9
73
11
83
9
99
9
44
9
94
9
74
2
39
9
33
9
34
9
13
9
61
9
99
9
14
9
34
10
52
9
34
9
14
9
14
11
23
9
94
9
42
2
69
12
54
9
94
9
11
11
53
9
34
9
56
9
99
9
72
9
51
9
34
9
21
9
14
14
86
9
43
9
99
9
94
