9
99
11
53
9
72
8
80
9
70
9
38
9
49
9
81
9
21
9
31
9
89
0
30
0
10
10
22
9
61
8
39
8
80
9
41
9
21
9
92
9
74
8
10
8
30
10
82
9
90
8
10
9
99
8
10
9
58
9
39
9
63
9
48
9
33
9
12
9
73
9
32
9
21
9
91
9
91
9
42
8
10
10
22
9
90
9
72
12
24
9
18
9
80
9
90
9
64
9
92
11
83
9
11
9
63
9
11
9
62
9
92
9
99
8
58
9
99
9
14
9
71
8
10
9
32
9
91
9
21
11
23
9
31
8
30
9
94
9
93
9
71
9
99
9
99
11
23
0
90
10
52
10
82
9
12
9
10
9
41
9
93
9
49
8
70
8
50
11
23
8
70
8
70
9
34
12
24
0
70
9
72
9
51
9
88
9
9
9
99
9
49
9
71
8
99
8
70
9
40
9
58
9
42
8
90
8
80
9
49
9
62
9
32
9
41
9
42
9
91
8
78
9
41
9
81
11
83
9
43
9
79
9
61
9
99
0
60
10
52
9
68
10
22
9
98
9
79
9
60
9
32
9
99
9
81
9
21
9
41
8
60
9
21
9
21
12
54
10
82
9
10
9
41
9
60
9
99
9
99
9
99
8
60
9
89
9
49
8
30
9
72
9
64
9
43
9
51
9
93
8
40
9
93
9
63
9
32
9
99
10
82
9
99
0
30
10
22
9
31
9
60
9
99
10
82
9
42
9
50
9
11
9
13
8
9
9
69
9
34
9
41
11
53
8
90
9
12
9
39
9
93
8
60
9
29
9
62
9
13
9
89
8
10
9
58
9
79
9
79
9
31
9
99
9
31
8
30
9
21
9
11
9
20
9
99
8
69
9
69
10
52
8
70
8
99
8
10
9
72
8
99
9
99
8
50
9
33
9
61
9
92
9
32
10
22
10
52
9
49
9
73
8
20
8
40
9
38
8
10
9
68
9
73
9
41
9
81
10
52
8
70
12
84
11
23
9
69
9
76
11
23
9
79
9
92
9
21
9
40
9
10
9
59
9
60
8
50
9
81
9
33
9
11
8
50
10
52
9
31
10
22
9
99
8
10
9
41
8
99
9
73
9
63
9
69
0
30
9
49
9
20
11
53
9
8
9
13
9
11
8
60
9
73
8
20
8
90
8
10
9
71
9
43
9
51
9
44
9
29
8
70
9
63
10
52
8
80
12
24
0
30
12
24
9
11
9
60
9
80
9
99
8
30
9
99
9
12
11
83
9
41
9
29
9
41
9
78
9
42
4
19
9
61
9
99
8
80
9
12
9
14
9
67
9
74
9
10
11
23
9
41
9
14
9
64
9
32
8
99
9
99
9
42
9
11
9
51
9
31
9
62
9
99
1
49
8
99
9
33
9
62
9
32
9
41
9
74
8
60
8
50
9
90
9
62
9
31
9
43
0
20
9
88
9
93
0
70
9
98
9
41
8
30
9
11
10
82
10
82
9
11
9
62
0
50
9
60
9
91
2
9
8
39
10
82
8
20
9
41
11
53
9
14
8
50
9
93
9
99
9
68
9
69
10
52
9
99
9
90
9
99
9
34
8
95
8
19
9
88
9
41
8
10
8
99
9
11
9
42
9
99
8
70
8
60
9
71
9
13
9
32
8
90
9
99
9
12
3
69
8
99
9
61
9
20
9
12
8
10
9
99
9
99
8
20
9
99
0
60
9
60
10
82
8
50
0
91
10
52
9
32
9
63
9
31
9
58
9
81
9
72
9
72
8
40
9
99
9
10
9
50
8
28
9
42
9
71
9
41
9
48
9
28
9
43
8
20
8
68
9
61
9
99
8
5
9
70
9
59
10
82
9
58
8
20
8
70
9
38
10
52
2
49
8
8
9
14
0
40
8
70
0
70
9
13
9
81
9
93
9
99
8
99
10
22
9
39
9
63
9
90
9
90
9
31
9
99
9
9
9
74
9
49
9
89
9
51
11
83
8
40
8
90
9
79
9
93
9
63
9
33
3
79
9
29
9
62
8
70
9
32
11
82
9
73
8
10
9
81
9
99
9
61
9
14
8
30
9
81
8
90
1
79
9
81
9
42
9
61
8
29
8
90
8
70
9
30
8
78
4
39
9
12
9
9
9
63
8
30
9
11
8
70
11
53
9
39
9
72
11
23
9
41
9
62
8
90
10
82
8
78
9
91
8
58
9
19
9
12
9
81
9
30
9
21
8
40
9
12
9
71
9
94
9
72
8
99
9
42
8
70
12
24
8
40
9
58
9
61
9
34
9
12
8
90
10
22
9
92
9
31
9
18
9
81
9
91
9
13
9
99
9
58
0
20
8
10
9
60
9
31
10
52
9
99
9
79
9
99
9
51
10
52
11
23
9
40
9
12
0
22
9
98
8
58
9
73
8
50
8
50
9
14
12
84
9
21
9
91
9
99
9
80
8
99
8
40
9
71
9
89
9
13
9
99
8
10
9
40
9
74
9
21
9
99
8
99
9
61
10
82
9
43
8
78
9
21
9
90
9
31
9
31
9
81
9
14
8
10
9
81
9
78
9
41
8
60
8
30
9
99
11
23
9
64
9
30
10
52
9
28
9
18
9
99
8
10
9
78
9
72
9
73
9
14
8
49
11
23
9
70
8
48
3
89
9
92
9
33
9
98
9
93
4
99
12
54
4
39
1
39
8
80
9
70
9
99
9
90
9
99
9
10
9
64
9
40
0
90
9
78
9
99
7
28
9
91
9
99
9
99
9
99
0
80
9
48
9
50
0
10
9
62
8
99
9
99
9
93
9
74
0
0
9
99
10
22
9
21
8
30
9
61
8
40
9
9
9
96
9
93
9
59
9
71
8
38
9
11
11
83
9
13
8
50
9
38
9
99
9
99
9
70
9
48
11
53
8
45
9
18
9
14
9
11
8
30
9
99
2
89
9
41
9
80
9
20
9
43
9
62
9
71
9
69
9
99
8
40
9
99
9
38
8
10
8
99
8
30
10
21
9
79
12
24
9
44
9
99
9
61
9
12
9
73
9
17
9
99
9
91
8
40
9
58
9
19
9
74
8
40
8
20
9
33
8
50
9
18
9
11
9
88
9
33
8
40
9
99
8
60
9
13
9
20
9
62
9
21
9
42
8
10
8
40
9
43
8
10
10
51
4
89
9
48
9
9
9
81
9
19
9
61
8
10
9
33
9
99
9
62
8
70
11
23
0
53
8
30
8
50
9
41
9
43
9
94
9
94
9
44
8
70
8
40
9
99
8
40
8
80
12
22
9
33
11
23
9
72
9
34
9
72
9
28
8
80
8
10
8
10
9
11
9
13
8
88
9
34
9
99
0
50
9
41
0
95
8
40
9
61
9
71
9
21
9
21
9
31
8
30
8
90
10
82
12
84
9
69
9
40
9
50
9
62
8
70
0
40
9
60
10
22
9
37
9
11
3
48
9
34
11
53
9
99
9
63
9
51
8
60
10
52
9
92
8
80
9
71
9
60
9
30
8
58
8
90
0
10
8
5
10
22
9
61
9
59
9
18
9
43
9
99
9
42
9
32
9
51
12
54
9
38
8
70
8
49
1
39
9
29
10
82
9
11
9
74
9
21
9
10
0
70
9
50
9
13
9
41
11
52
8
99
9
61
11
83
4
69
9
91
8
70
8
70
9
70
12
54
9
94
9
19
8
1
9
11
9
59
9
29
9
11
9
61
8
70
8
60
9
62
8
80
9
42
9
99
9
72
11
23
8
90
9
21
8
89
8
90
9
72
10
22
8
80
9
30
9
61
9
93
9
11
9
13
8
99
9
92
8
20
9
39
8
78
9
99
9
99
9
21
8
50
9
72
9
19
8
80
2
79
9
99
9
29
9
99
9
72
9
59
9
91
3
39
8
30
10
82
9
50
11
23
9
73
8
78
9
99
9
14
8
70
9
12
8
59
8
20
9
43
10
52
8
60
8
20
9
92
9
20
9
21
0
74
9
68
3
31
9
99
9
64
2
19
8
70
9
7
9
43
8
99
9
99
10
22
9
29
8
19
9
59
9
71
4
59
8
10
9
20
9
60
9
99
9
49
10
82
8
20
8
60
8
90
9
91
8
65
9
69
9
44
9
93
9
43
0
80
9
81
9
99
9
63
9
43
9
72
1
9
8
50
9
59
9
62
9
89
9
62
8
10
9
73
10
52
9
13
10
52
9
12
8
99
9
71
8
98
9
81
9
12
12
24
8
30
12
54
9
32
10
82
8
50
8
38
9
37
9
91
9
13
9
41
8
60
2
9
9
73
8
20
8
10
9
44
9
33
10
52
9
62
9
48
9
51
9
14
9
72
9
21
8
70
8
80
9
99
9
43
9
91
9
71
2
39
8
30
9
31
9
10
9
58
9
99
9
11
9
32
9
49
9
31
9
12
9
11
8
20
9
92
9
39
2
69
9
51
9
94
8
8
9
50
9
34
9
56
9
99
9
69
9
48
9
31
8
18
9
14
11
83
8
40
9
99
9
93
