9
99
19
63
9
74
18
90
9
74
9
44
17
59
19
91
19
31
9
34
9
94
0
30
0
10
19
32
9
64
9
44
18
90
9
44
19
31
9
94
9
74
9
14
9
34
19
92
9
94
9
14
9
99
9
14
9
64
9
44
9
64
16
58
9
34
9
14
9
74
9
34
19
31
9
94
9
94
9
44
9
14
19
32
9
94
9
74
19
34
16
28
18
90
9
94
9
64
9
94
19
93
9
14
9
64
9
14
9
64
9
94
9
99
9
64
9
99
9
14
9
74
9
14
9
34
9
94
19
31
19
33
9
34
9
34
9
94
9
94
9
74
9
99
9
99
19
33
0
90
19
62
19
92
9
14
9
14
9
41
9
94
17
59
9
74
18
60
19
33
9
74
9
74
9
34
19
34
0
70
9
74
19
61
9
94
9
14
9
99
17
59
9
74
9
99
9
74
9
44
9
64
9
44
9
94
18
90
17
59
9
64
9
34
9
44
9
44
9
94
16
88
9
44
19
91
19
93
9
44
17
89
9
64
9
99
0
60
19
62
9
74
19
32
9
99
17
89
9
64
9
34
9
99
19
91
19
31
9
44
9
64
19
31
19
31
19
64
19
92
9
14
9
44
9
64
9
99
9
99
9
99
9
64
9
94
17
59
9
34
9
74
9
64
9
44
19
61
9
94
9
44
9
94
9
64
9
34
9
99
19
92
9
99
0
30
19
32
9
34
9
64
9
99
19
92
9
44
18
60
9
14
9
14
9
14
9
74
9
34
9
44
19
63
9
94
9
14
9
44
9
94
9
64
9
34
9
64
9
13
9
94
9
14
9
64
17
89
17
89
9
34
9
99
9
34
9
34
19
31
9
14
18
30
9
99
9
74
9
74
19
62
9
74
9
99
9
14
9
74
9
99
9
99
18
60
9
34
9
64
9
94
9
34
19
22
19
62
17
59
9
74
18
30
9
44
9
44
9
14
9
74
9
74
9
44
19
91
19
62
9
74
19
94
19
33
9
74
9
76
19
33
17
89
9
94
19
31
9
44
9
14
9
64
9
64
18
60
19
91
9
34
9
14
18
60
19
62
9
34
19
32
9
99
9
14
9
44
9
99
9
74
9
64
9
74
0
30
17
59
18
30
19
63
9
14
9
14
9
14
9
64
9
74
18
30
9
94
9
14
9
74
9
44
19
61
9
44
9
34
9
74
9
64
19
62
18
90
19
34
0
30
19
34
9
14
9
64
18
90
9
99
9
34
9
99
9
14
19
93
9
44
9
34
9
44
16
88
9
44
4
19
9
64
9
99
18
90
9
14
9
14
9
67
9
74
9
14
19
33
9
44
9
14
9
64
9
34
9
99
9
99
9
44
9
11
19
61
9
34
9
64
9
99
1
49
9
99
9
34
9
64
9
34
9
44
9
74
9
64
18
60
9
94
9
64
9
34
9
44
0
20
9
94
9
94
0
70
9
99
9
44
9
34
9
14
19
92
19
92
9
14
9
64
0
50
9
64
9
94
2
9
9
44
19
92
18
30
9
44
19
63
9
14
18
60
9
94
9
99
9
74
9
74
19
62
9
99
9
94
9
99
9
34
8
95
17
29
9
94
9
44
9
14
9
99
9
14
9
44
9
99
9
74
9
64
9
74
9
14
9
34
9
94
9
99
9
14
3
69
9
99
9
64
18
30
9
14
9
14
9
99
9
99
18
30
9
99
0
60
9
64
19
92
18
60
0
91
19
62
9
34
9
64
9
34
9
64
19
91
9
74
9
74
9
44
9
99
9
14
18
60
9
34
9
44
9
74
9
44
16
58
9
34
9
44
18
30
9
74
9
64
9
99
8
5
9
74
9
64
19
92
9
64
18
30
9
74
9
44
19
62
2
49
9
14
9
14
0
40
9
74
0
70
9
14
19
91
9
94
9
99
9
99
19
32
9
44
9
64
9
94
9
94
9
34
9
99
9
14
9
74
17
59
9
94
19
61
19
93
9
44
9
94
17
89
9
94
9
64
9
34
3
79
9
34
9
64
9
74
9
34
19
82
9
74
9
14
19
91
9
99
9
64
9
14
9
34
19
91
9
94
1
79
19
91
9
44
9
64
9
34
9
94
9
74
9
34
16
88
4
39
9
14
9
14
9
64
9
34
9
14
9
74
19
63
9
44
9
74
19
33
9
44
9
64
9
94
19
92
16
88
9
94
9
64
17
29
9
14
19
91
9
34
19
31
9
44
9
14
9
71
9
94
9
74
9
99
9
44
9
74
19
34
9
44
9
58
9
64
9
34
9
14
9
94
19
32
9
94
9
34
16
28
19
91
9
94
9
14
9
99
9
64
0
20
9
14
9
64
9
34
19
62
9
99
17
89
9
99
19
61
19
62
19
33
9
44
9
14
0
22
9
99
9
64
9
74
18
60
18
60
9
14
19
94
19
31
9
94
9
99
18
90
9
99
9
44
9
74
9
94
9
14
9
99
9
14
9
44
9
74
19
31
9
99
9
99
9
64
19
92
9
44
16
88
19
31
9
94
9
34
9
34
19
91
9
14
9
14
19
91
16
88
9
44
9
64
9
34
9
99
19
33
9
64
9
34
19
62
9
34
16
28
9
99
9
14
16
88
9
74
9
74
9
14
17
59
19
33
9
74
16
58
3
89
9
94
9
34
9
99
9
94
4
99
19
64
4
39
1
39
18
90
9
74
9
99
9
94
9
99
9
14
9
64
9
44
0
90
16
88
9
99
9
28
9
94
9
99
9
99
9
99
0
80
16
58
18
60
0
10
9
64
9
99
9
99
9
93
9
74
0
0
9
99
19
32
19
31
9
34
9
64
9
44
9
6
9
96
9
94
9
64
9
74
9
44
9
14
19
93
9
14
18
60
9
44
9
99
9
99
9
74
16
58
19
63
8
45
16
28
9
14
9
14
9
34
9
99
2
89
9
44
18
90
18
30
9
44
9
64
9
74
9
74
9
99
9
44
9
99
9
44
9
14
9
99
9
34
19
21
17
89
19
34
9
44
9
99
9
64
9
14
9
74
9
17
9
99
9
94
9
44
9
64
17
29
9
74
9
44
18
30
9
34
18
60
16
28
9
14
9
94
9
34
9
44
9
99
9
64
9
14
18
30
9
64
19
31
9
44
9
14
9
44
9
44
9
14
19
51
4
89
16
58
9
14
19
91
17
29
9
64
9
14
9
34
9
99
9
64
9
74
19
33
0
53
9
34
18
60
9
44
9
44
9
94
9
94
9
44
9
74
9
44
9
99
9
44
18
90
19
22
9
34
19
33
9
74
9
34
9
74
9
34
18
90
9
14
9
14
9
14
9
14
9
94
9
34
9
99
0
50
9
44
0
95
9
44
9
64
9
74
19
31
19
31
9
34
9
34
9
94
19
92
19
94
9
74
9
44
18
60
9
64
9
74
0
40
9
64
19
32
9
37
9
14
3
49
9
34
19
63
9
99
9
64
19
61
9
64
19
62
9
94
18
90
9
74
9
64
9
34
9
64
9
94
0
10
8
5
19
32
9
64
9
64
16
28
9
44
9
99
9
44
9
34
19
61
19
64
9
44
9
74
17
59
1
39
9
34
19
92
9
14
9
74
19
31
9
14
0
70
18
60
9
14
9
44
19
52
9
99
9
64
19
93
4
69
9
94
9
74
9
74
9
74
19
64
9
94
17
29
9
1
9
14
9
64
9
34
9
14
9
61
9
74
9
64
9
64
18
90
9
44
9
99
9
74
19
33
9
94
19
31
9
94
9
94
9
74
19
32
18
90
9
34
9
64
9
94
9
14
9
14
9
99
9
94
18
30
9
44
16
88
9
99
9
99
19
31
18
60
9
74
17
29
18
90
2
79
9
99
9
34
9
99
9
74
9
64
9
94
3
39
9
34
19
92
18
60
19
33
9
74
16
88
9
99
9
14
9
74
9
14
9
64
18
30
9
44
19
62
9
64
18
30
9
94
18
30
19
31
0
74
9
74
3
31
9
99
9
64
2
19
9
74
9
7
9
44
9
99
9
99
19
32
9
34
17
29
9
64
9
74
4
59
9
14
18
30
9
64
9
99
17
59
19
92
18
30
9
64
9
94
9
94
8
65
9
74
9
44
9
94
9
44
0
80
19
91
9
99
9
64
9
44
9
74
1
9
18
60
9
64
9
64
9
94
9
64
9
14
9
74
19
62
9
14
19
62
9
14
9
99
9
74
9
99
19
91
9
14
19
34
9
34
19
64
9
34
19
92
18
60
9
44
9
37
9
94
9
13
9
44
9
64
2
9
9
74
18
30
9
14
9
44
9
34
19
62
9
64
9
48
19
61
9
14
9
74
19
31
9
74
18
90
9
99
9
44
9
94
9
74
2
39
9
34
9
34
9
14
9
64
9
99
9
14
9
34
17
59
9
34
9
14
9
14
18
30
9
94
9
44
2
69
19
61
9
94
9
14
18
60
9
34
9
56
9
99
9
74
16
58
9
34
16
28
9
14
19
93
9
44
9
99
9
94
