2
96
4
49
3
69
1
79
2
63
3
31
4
42
2
77
2
18
2
25
4
82
0
30
0
10
3
17
2
57
1
32
1
77
2
36
2
15
3
86
5
67
1
9
1
27
4
75
3
83
1
4
4
98
1
8
2
51
2
32
4
57
4
41
4
29
3
9
4
69
3
29
2
18
2
87
2
89
3
37
1
8
5
15
5
83
3
67
5
19
3
11
3
73
2
83
5
57
3
86
4
78
4
4
4
57
5
4
3
55
3
85
3
95
1
51
3
99
5
7
4
64
1
3
3
28
2
89
2
17
4
16
3
24
1
25
5
87
4
88
3
64
4
97
3
99
5
16
0
90
5
45
3
78
4
5
4
3
4
41
4
86
5
42
1
64
1
49
4
18
1
69
1
66
5
29
5
19
0
70
3
68
2
49
4
81
3
2
3
97
3
42
2
69
1
96
1
66
4
33
2
51
3
39
1
88
1
79
4
42
4
55
3
28
2
38
4
35
2
85
1
71
4
34
4
74
4
79
5
36
2
72
2
58
4
99
0
60
5
45
4
61
3
17
2
91
4
72
5
53
3
27
3
93
2
79
2
19
2
36
1
58
2
19
2
19
5
49
3
79
4
3
2
34
4
53
3
95
4
97
5
99
1
57
3
82
2
42
1
24
3
66
5
57
4
39
3
44
4
88
1
37
4
88
4
59
3
25
5
96
3
78
3
99
0
30
3
18
2
25
3
53
2
96
3
78
3
35
5
43
2
4
4
7
1
2
5
62
5
28
2
36
4
48
1
83
3
5
3
32
4
89
1
55
5
22
4
55
5
13
5
82
1
8
4
51
3
72
2
72
2
24
5
98
3
24
1
25
3
14
4
4
2
13
4
98
1
62
3
62
3
47
1
69
1
99
1
3
3
69
1
98
3
95
1
46
4
29
2
58
3
86
3
25
3
24
3
47
2
42
4
67
1
17
1
33
2
31
1
8
2
61
4
66
4
34
2
76
3
49
1
69
5
79
4
17
3
62
2
76
4
18
5
72
3
87
2
17
4
33
4
3
5
52
3
53
1
49
2
74
4
29
2
6
1
44
3
48
3
24
3
19
5
96
1
3
2
39
1
94
4
69
4
59
5
62
0
30
3
42
5
13
4
47
3
1
4
6
2
9
1
53
4
68
1
17
1
85
1
9
2
66
4
38
4
44
5
39
5
22
1
66
4
59
3
48
1
76
5
18
0
30
5
18
4
4
5
53
4
73
2
99
1
23
2
95
3
6
4
79
2
38
5
22
2
36
4
71
5
35
4
14
4
54
5
95
1
77
3
6
5
9
3
67
5
68
2
3
4
17
2
38
5
9
5
58
3
27
1
95
2
97
3
35
2
11
2
45
2
27
3
59
2
92
1
48
1
98
4
26
3
59
3
25
2
37
5
68
1
55
1
47
5
83
3
57
4
24
4
37
0
20
4
81
4
86
0
70
4
91
3
34
1
29
5
4
4
75
5
75
2
7
3
56
0
50
5
53
2
85
2
9
1
32
3
79
1
16
2
35
4
47
3
14
1
44
4
89
2
96
2
61
4
62
3
45
2
93
3
83
4
95
5
29
5
95
1
12
3
81
2
39
1
4
1
93
3
4
3
35
5
93
1
64
1
54
4
64
4
6
3
28
1
89
5
94
3
8
3
67
1
92
4
54
4
13
3
5
1
9
3
95
3
94
1
19
2
94
0
60
4
53
3
77
1
49
0
91
4
45
3
26
4
59
2
27
2
51
2
75
3
65
4
65
1
35
5
95
2
3
4
43
1
21
3
37
5
64
4
34
4
41
3
21
5
36
1
15
1
61
3
54
2
95
5
5
4
63
3
52
3
78
2
51
1
14
1
64
4
31
3
47
2
47
1
1
5
9
0
40
1
67
0
70
5
6
2
75
4
87
4
99
1
92
3
19
2
32
4
58
3
83
2
83
2
27
4
97
4
2
5
69
3
42
3
82
2
49
5
76
1
33
1
85
3
72
4
89
4
58
4
27
3
75
4
22
3
59
1
68
3
25
4
83
5
66
1
9
2
79
5
95
2
59
5
7
1
28
2
77
1
85
1
79
2
75
5
35
2
54
1
22
1
89
1
69
3
23
1
71
4
38
5
5
3
2
4
58
1
28
2
9
1
63
4
46
4
32
3
69
4
19
2
38
4
55
1
87
3
77
1
71
2
85
1
51
2
12
3
9
2
77
5
23
2
14
1
39
5
5
2
71
5
87
5
65
1
99
3
39
1
64
5
19
1
34
4
58
2
57
5
29
3
9
1
83
3
16
3
86
2
28
2
11
4
74
5
84
4
7
4
99
2
51
0
20
1
9
4
53
3
24
4
45
3
93
4
72
2
94
2
49
3
46
4
16
3
33
3
7
0
22
3
91
1
51
4
67
1
43
1
43
5
9
5
77
2
17
3
84
3
93
5
73
1
96
1
39
2
69
5
82
4
6
4
99
1
6
3
33
5
68
2
19
2
98
1
99
2
55
3
79
4
37
1
71
5
14
2
83
4
24
2
25
2
79
5
8
1
9
2
74
4
71
4
34
1
59
1
25
4
97
4
17
5
58
4
23
4
45
4
21
2
11
3
97
1
3
4
71
3
66
4
69
5
7
1
42
4
19
3
63
1
41
3
82
3
87
4
27
2
91
5
86
4
99
5
48
4
38
1
33
1
77
5
63
4
92
5
83
3
99
3
3
5
57
4
33
0
90
3
71
4
96
0
29
4
84
2
95
2
92
4
94
0
80
2
41
5
43
0
10
3
59
1
99
3
94
5
93
5
69
0
0
3
99
3
17
2
19
1
23
3
54
1
33
2
13
5
96
4
88
3
52
3
64
1
31
2
7
4
79
4
8
1
46
3
31
4
98
5
93
3
63
4
41
5
46
5
45
2
11
5
7
2
8
1
27
2
93
2
84
2
39
3
73
4
13
4
38
3
56
5
64
3
62
3
99
1
36
4
92
3
31
1
7
1
96
1
24
3
21
5
72
5
18
5
37
3
98
3
54
3
7
4
68
2
17
3
94
2
86
1
34
2
51
3
12
5
69
1
35
1
15
4
28
1
48
4
11
2
9
4
81
4
29
1
34
2
99
1
58
4
9
4
13
3
58
2
15
3
39
1
9
1
33
4
39
1
3
3
51
4
86
3
41
3
2
2
76
5
12
2
59
1
6
4
26
5
95
3
56
1
66
4
18
0
53
1
29
1
47
2
35
4
39
5
87
5
89
5
38
1
63
1
38
5
94
1
36
1
77
5
24
5
26
4
17
5
65
5
28
4
65
2
21
1
79
1
4
1
7
4
4
4
7
1
81
5
27
2
95
0
50
2
34
0
95
1
37
2
59
2
69
2
19
2
15
5
24
1
23
1
85
4
75
5
79
4
62
2
33
5
43
3
55
1
68
0
40
5
53
4
15
4
37
5
4
3
41
5
28
4
47
2
97
4
56
2
46
1
56
3
49
3
88
1
74
2
69
4
53
3
23
1
51
1
83
0
10
3
5
4
15
5
54
2
52
4
11
5
36
5
97
3
37
3
25
2
45
5
49
3
31
1
63
1
42
1
34
3
22
3
79
4
4
5
67
2
19
3
3
0
70
2
43
4
9
4
34
4
53
1
95
2
59
4
79
4
64
2
85
1
68
1
63
5
63
5
47
5
89
2
12
1
1
2
9
2
52
3
22
2
8
2
61
1
63
1
59
5
55
1
78
3
38
2
96
4
65
4
18
1
89
2
16
1
82
1
89
3
66
4
15
1
74
4
23
2
59
4
89
5
4
4
9
1
99
3
86
1
15
4
32
1
71
2
93
3
99
2
16
1
43
3
68
2
12
1
74
2
76
2
99
3
22
3
98
3
68
5
52
2
84
3
39
1
27
3
76
5
43
5
16
5
66
1
71
2
99
5
9
1
68
4
5
1
52
1
15
4
38
3
49
1
59
1
18
3
88
3
13
2
19
0
74
3
61
3
31
4
93
5
59
2
19
1
69
2
7
4
39
1
99
3
93
3
19
3
22
1
12
5
52
5
64
4
53
1
7
3
13
2
53
3
99
4
42
3
75
1
13
1
59
1
86
5
84
3
65
2
62
5
37
5
86
4
38
0
80
2
76
5
98
4
58
4
39
3
66
1
9
1
46
2
52
4
55
2
82
3
59
1
6
4
67
3
46
4
9
3
49
4
5
1
97
3
64
1
91
4
74
3
9
5
19
1
28
5
47
3
26
3
76
1
43
1
31
3
37
2
89
4
14
5
34
1
56
2
8
4
68
1
14
1
7
5
37
4
29
3
46
3
58
2
48
2
44
5
9
5
65
2
19
1
66
1
79
3
99
4
36
2
89
2
68
2
32
1
27
3
24
3
3
4
51
3
93
3
4
3
26
4
42
5
24
5
5
2
5
1
19
3
89
2
32
2
66
2
49
5
89
1
1
2
43
5
29
5
56
5
99
3
62
4
41
4
24
1
11
5
7
4
76
1
39
5
99
5
86
