9
99
12
54
9
73
9
81
9
71
9
39
9
50
10
82
10
22
9
32
9
90
0
30
0
10
11
23
9
62
9
40
9
81
9
42
10
22
9
93
9
74
9
11
9
31
11
83
9
91
9
11
9
99
9
11
9
59
9
40
9
64
9
49
9
34
9
13
9
74
9
33
10
22
9
92
9
92
9
43
9
11
11
23
9
91
9
73
13
25
9
19
9
81
9
91
9
64
9
93
12
84
9
12
9
64
9
12
9
63
9
93
9
99
9
59
9
99
9
14
9
72
9
11
9
33
9
92
10
22
12
24
9
32
9
31
9
94
9
94
9
72
9
99
9
99
12
24
0
90
11
53
11
83
9
13
9
11
9
41
9
94
9
50
9
71
9
51
12
24
9
71
9
71
9
34
13
25
0
70
9
73
10
52
9
89
9
10
9
99
9
50
9
72
9
99
9
71
9
41
9
59
9
43
9
91
9
81
9
50
9
63
9
33
9
42
9
43
9
92
9
79
9
42
10
82
12
84
9
44
9
80
9
62
9
99
0
60
11
53
9
69
11
23
9
99
9
80
9
61
9
33
9
99
10
82
10
22
9
42
9
61
10
22
10
22
13
55
11
83
9
11
9
42
9
61
9
99
9
99
9
99
9
61
9
90
9
50
9
31
9
73
9
64
9
44
10
52
9
94
9
41
9
94
9
64
9
33
9
99
11
83
9
99
0
30
11
23
9
32
9
61
9
99
11
83
9
43
9
51
9
12
9
14
9
10
9
70
9
34
9
42
12
54
9
91
9
13
9
40
9
94
9
61
9
30
9
63
9
13
9
90
9
11
9
59
9
80
9
80
9
32
9
99
9
32
9
31
10
22
9
12
9
21
9
99
9
70
9
70
11
53
9
71
9
99
9
11
9
73
9
99
9
99
9
51
9
34
9
62
9
93
9
33
11
22
11
53
9
50
9
74
9
21
9
41
9
39
9
11
9
69
9
74
9
42
10
82
11
53
9
71
13
85
12
24
9
70
9
76
12
24
9
80
9
93
10
22
9
41
9
11
9
60
9
61
9
51
10
82
9
34
9
12
9
51
11
53
9
32
11
23
9
99
9
11
9
42
9
99
9
74
9
64
9
70
0
30
9
50
9
21
12
54
9
9
9
14
9
12
9
61
9
74
9
21
9
91
9
11
9
72
9
44
10
52
9
44
9
30
9
71
9
64
11
53
9
81
13
25
0
30
13
25
9
12
9
61
9
81
9
99
9
31
9
99
9
13
12
84
9
42
9
30
9
42
9
79
9
43
4
19
9
62
9
99
9
81
9
13
9
14
9
67
9
74
9
11
12
24
9
42
9
14
9
64
9
33
9
99
9
99
9
43
9
11
10
52
9
32
9
63
9
99
1
49
9
99
9
34
9
63
9
33
9
42
9
74
9
61
9
51
9
91
9
63
9
32
9
44
0
20
9
89
9
94
0
70
9
99
9
42
9
31
9
12
11
83
11
83
9
12
9
63
0
50
9
61
9
92
2
9
9
40
11
83
9
21
9
42
12
54
9
14
9
51
9
94
9
99
9
69
9
70
11
53
9
99
9
91
9
99
9
34
8
95
9
20
9
89
9
42
9
11
9
99
9
12
9
43
9
99
9
71
9
61
9
72
9
14
9
33
9
91
9
99
9
13
3
69
9
99
9
62
9
21
9
13
9
11
9
99
9
99
9
21
9
99
0
60
9
61
11
83
9
51
0
91
11
53
9
33
9
64
9
32
9
59
10
82
9
73
9
73
9
41
9
99
9
11
9
51
9
29
9
43
9
72
9
42
9
49
9
29
9
44
9
21
9
69
9
62
9
99
8
5
9
71
9
60
11
83
9
59
9
21
9
71
9
39
11
53
2
49
9
9
9
14
0
40
9
71
0
70
9
14
10
82
9
94
9
99
9
99
11
23
9
40
9
64
9
91
9
91
9
32
9
99
9
10
9
74
9
50
9
90
10
52
12
84
9
41
9
91
9
80
9
94
9
64
9
34
3
79
9
30
9
63
9
71
9
33
12
82
9
74
9
11
10
82
9
99
9
62
9
14
9
31
10
82
9
91
1
79
10
82
9
43
9
62
9
30
9
91
9
71
9
31
9
79
4
39
9
13
9
10
9
64
9
31
9
12
9
71
12
54
9
40
9
73
12
24
9
42
9
63
9
91
11
83
9
79
9
92
9
59
9
20
9
13
10
82
9
31
10
22
9
41
9
13
9
71
9
94
9
73
9
99
9
43
9
71
13
25
9
41
9
58
9
62
9
34
9
13
9
91
11
23
9
93
9
32
9
19
10
82
9
92
9
14
9
99
9
59
0
20
9
11
9
61
9
32
11
53
9
99
9
80
9
99
10
52
11
53
12
24
9
41
9
13
0
22
9
99
9
59
9
74
9
51
9
51
9
14
13
85
10
22
9
92
9
99
9
81
9
99
9
41
9
72
9
90
9
14
9
99
9
11
9
41
9
74
10
22
9
99
9
99
9
62
11
83
9
44
9
79
10
22
9
91
9
32
9
32
10
82
9
14
9
11
10
82
9
79
9
42
9
61
9
31
9
99
12
24
9
64
9
31
11
53
9
29
9
19
9
99
9
11
9
79
9
73
9
74
9
14
9
50
12
24
9
71
9
49
3
89
9
93
9
34
9
99
9
94
4
99
13
55
4
39
1
39
9
81
9
71
9
99
9
91
9
99
9
11
9
64
9
41
0
90
9
79
9
99
8
28
9
92
9
99
9
99
9
99
0
80
9
49
9
51
0
10
9
63
9
99
9
99
9
93
9
74
0
0
9
99
11
23
10
22
9
31
9
62
9
41
9
8
9
96
9
94
9
60
9
72
9
39
9
12
12
84
9
14
9
51
9
39
9
99
9
99
9
71
9
49
12
54
8
45
9
19
9
14
9
12
9
31
9
99
2
89
9
42
9
81
9
21
9
44
9
63
9
72
9
70
9
99
9
41
9
99
9
39
9
11
9
99
9
31
11
21
9
80
13
25
9
44
9
99
9
62
9
13
9
74
9
17
9
99
9
92
9
41
9
59
9
20
9
74
9
41
9
21
9
34
9
51
9
19
9
12
9
89
9
34
9
41
9
99
9
61
9
14
9
21
9
63
10
22
9
43
9
11
9
41
9
44
9
11
11
51
4
89
9
49
9
10
10
82
9
20
9
62
9
11
9
34
9
99
9
63
9
71
12
24
0
53
9
31
9
51
9
42
9
44
9
94
9
94
9
44
9
71
9
41
9
99
9
41
9
81
13
22
9
34
12
24
9
73
9
34
9
73
9
29
9
81
9
11
9
11
9
12
9
14
9
89
9
34
9
99
0
50
9
42
0
95
9
41
9
62
9
72
10
22
10
22
9
32
9
31
9
91
11
83
13
85
9
70
9
41
9
51
9
63
9
71
0
40
9
61
11
23
9
37
9
12
3
49
9
34
12
54
9
99
9
64
10
52
9
61
11
53
9
93
9
81
9
72
9
61
9
31
9
59
9
91
0
10
8
5
11
23
9
62
9
60
9
19
9
44
9
99
9
43
9
33
10
52
13
55
9
39
9
71
9
50
1
39
9
30
11
83
9
12
9
74
10
22
9
11
0
70
9
51
9
14
9
42
12
52
9
99
9
62
12
84
4
69
9
92
9
71
9
71
9
71
13
55
9
94
9
20
9
1
9
12
9
60
9
30
9
12
9
61
9
71
9
61
9
63
9
81
9
43
9
99
9
73
12
24
9
91
10
22
9
90
9
91
9
73
11
23
9
81
9
31
9
62
9
94
9
12
9
14
9
99
9
93
9
21
9
40
9
79
9
99
9
99
10
22
9
51
9
73
9
20
9
81
2
79
9
99
9
30
9
99
9
73
9
60
9
92
3
39
9
31
11
83
9
51
12
24
9
74
9
79
9
99
9
14
9
71
9
13
9
60
9
21
9
44
11
53
9
61
9
21
9
93
9
21
10
22
0
74
9
69
3
31
9
99
9
64
2
19
9
71
9
7
9
44
9
99
9
99
11
23
9
30
9
20
9
60
9
72
4
59
9
11
9
21
9
61
9
99
9
50
11
83
9
21
9
61
9
91
9
92
8
65
9
70
9
44
9
94
9
44
0
80
10
82
9
99
9
64
9
44
9
73
1
9
9
51
9
60
9
63
9
90
9
63
9
11
9
74
11
53
9
14
11
53
9
13
9
99
9
72
9
99
10
82
9
13
13
25
9
31
13
55
9
33
11
83
9
51
9
39
9
37
9
92
9
13
9
42
9
61
2
9
9
74
9
21
9
11
9
44
9
34
11
53
9
63
9
48
10
52
9
14
9
73
10
22
9
71
9
81
9
99
9
44
9
92
9
72
2
39
9
31
9
32
9
11
9
59
9
99
9
12
9
33
9
50
9
32
9
13
9
12
9
21
9
93
9
40
2
69
10
52
9
94
9
9
9
51
9
34
9
56
9
99
9
70
9
49
9
32
9
19
9
14
12
84
9
41
9
99
9
94
