9
99
18
60
9
74
15
87
9
74
9
44
14
56
16
88
16
28
9
34
9
94
0
30
0
10
17
29
9
64
9
44
15
87
9
44
16
28
9
94
9
74
9
14
9
34
17
89
9
94
9
14
9
99
9
14
9
64
9
44
9
64
13
55
9
34
9
14
9
74
9
34
16
28
9
94
9
94
9
44
9
14
17
29
9
94
9
74
19
31
13
25
15
87
9
94
9
64
9
94
18
90
9
14
9
64
9
14
9
64
9
94
9
99
9
64
9
99
9
14
9
74
9
14
9
34
9
94
16
28
18
30
9
34
9
34
9
94
9
94
9
74
9
99
9
99
18
30
0
90
17
59
17
89
9
14
9
14
9
41
9
94
14
56
9
74
15
57
18
30
9
74
9
74
9
34
19
31
0
70
9
74
16
58
9
94
9
14
9
99
14
56
9
74
9
99
9
74
9
44
9
64
9
44
9
94
15
87
14
56
9
64
9
34
9
44
9
44
9
94
13
85
9
44
16
88
18
90
9
44
14
86
9
64
9
99
0
60
17
59
9
74
17
29
9
99
14
86
9
64
9
34
9
99
16
88
16
28
9
44
9
64
16
28
16
28
19
61
17
89
9
14
9
44
9
64
9
99
9
99
9
99
9
64
9
94
14
56
9
34
9
74
9
64
9
44
16
58
9
94
9
44
9
94
9
64
9
34
9
99
17
89
9
99
0
30
17
29
9
34
9
64
9
99
17
89
9
44
15
57
9
14
9
14
9
14
9
74
9
34
9
44
18
60
9
94
9
14
9
44
9
94
9
64
9
34
9
64
9
13
9
94
9
14
9
64
14
86
14
86
9
34
9
99
9
34
9
34
16
28
9
14
15
27
9
99
9
74
9
74
17
59
9
74
9
99
9
14
9
74
9
99
9
99
15
57
9
34
9
64
9
94
9
34
17
22
17
59
14
56
9
74
15
27
9
44
9
44
9
14
9
74
9
74
9
44
16
88
17
59
9
74
19
91
18
30
9
74
9
76
18
30
14
86
9
94
16
28
9
44
9
14
9
64
9
64
15
57
16
88
9
34
9
14
15
57
17
59
9
34
17
29
9
99
9
14
9
44
9
99
9
74
9
64
9
74
0
30
14
56
15
27
18
60
9
14
9
14
9
14
9
64
9
74
15
27
9
94
9
14
9
74
9
44
16
58
9
44
9
34
9
74
9
64
17
59
15
87
19
31
0
30
19
31
9
14
9
64
15
87
9
99
9
34
9
99
9
14
18
90
9
44
9
34
9
44
13
85
9
44
4
19
9
64
9
99
15
87
9
14
9
14
9
67
9
74
9
14
18
30
9
44
9
14
9
64
9
34
9
99
9
99
9
44
9
11
16
58
9
34
9
64
9
99
1
49
9
99
9
34
9
64
9
34
9
44
9
74
9
64
15
57
9
94
9
64
9
34
9
44
0
20
9
94
9
94
0
70
9
99
9
44
9
34
9
14
17
89
17
89
9
14
9
64
0
50
9
64
9
94
2
9
9
44
17
89
15
27
9
44
18
60
9
14
15
57
9
94
9
99
9
74
9
74
17
59
9
99
9
94
9
99
9
34
8
95
14
26
9
94
9
44
9
14
9
99
9
14
9
44
9
99
9
74
9
64
9
74
9
14
9
34
9
94
9
99
9
14
3
69
9
99
9
64
15
27
9
14
9
14
9
99
9
99
15
27
9
99
0
60
9
64
17
89
15
57
0
91
17
59
9
34
9
64
9
34
9
64
16
88
9
74
9
74
9
44
9
99
9
14
15
57
9
34
9
44
9
74
9
44
13
55
9
34
9
44
15
27
9
74
9
64
9
99
8
5
9
74
9
64
17
89
9
64
15
27
9
74
9
44
17
59
2
49
9
14
9
14
0
40
9
74
0
70
9
14
16
88
9
94
9
99
9
99
17
29
9
44
9
64
9
94
9
94
9
34
9
99
9
14
9
74
14
56
9
94
16
58
18
90
9
44
9
94
14
86
9
94
9
64
9
34
3
79
9
34
9
64
9
74
9
34
18
82
9
74
9
14
16
88
9
99
9
64
9
14
9
34
16
88
9
94
1
79
16
88
9
44
9
64
9
34
9
94
9
74
9
34
13
85
4
39
9
14
9
14
9
64
9
34
9
14
9
74
18
60
9
44
9
74
18
30
9
44
9
64
9
94
17
89
13
85
9
94
9
64
14
26
9
14
16
88
9
34
16
28
9
44
9
14
9
71
9
94
9
74
9
99
9
44
9
74
19
31
9
44
9
58
9
64
9
34
9
14
9
94
17
29
9
94
9
34
13
25
16
88
9
94
9
14
9
99
9
64
0
20
9
14
9
64
9
34
17
59
9
99
14
86
9
99
16
58
17
59
18
30
9
44
9
14
0
22
9
99
9
64
9
74
15
57
15
57
9
14
19
91
16
28
9
94
9
99
15
87
9
99
9
44
9
74
9
94
9
14
9
99
9
14
9
44
9
74
16
28
9
99
9
99
9
64
17
89
9
44
13
85
16
28
9
94
9
34
9
34
16
88
9
14
9
14
16
88
13
85
9
44
9
64
9
34
9
99
18
30
9
64
9
34
17
59
9
34
13
25
9
99
9
14
13
85
9
74
9
74
9
14
14
56
18
30
9
74
13
55
3
89
9
94
9
34
9
99
9
94
4
99
19
61
4
39
1
39
15
87
9
74
9
99
9
94
9
99
9
14
9
64
9
44
0
90
13
85
9
99
9
28
9
94
9
99
9
99
9
99
0
80
13
55
15
57
0
10
9
64
9
99
9
99
9
93
9
74
0
0
9
99
17
29
16
28
9
34
9
64
9
44
9
6
9
96
9
94
9
64
9
74
9
44
9
14
18
90
9
14
15
57
9
44
9
99
9
99
9
74
13
55
18
60
8
45
13
25
9
14
9
14
9
34
9
99
2
89
9
44
15
87
15
27
9
44
9
64
9
74
9
74
9
99
9
44
9
99
9
44
9
14
9
99
9
34
17
21
14
86
19
31
9
44
9
99
9
64
9
14
9
74
9
17
9
99
9
94
9
44
9
64
14
26
9
74
9
44
15
27
9
34
15
57
13
25
9
14
9
94
9
34
9
44
9
99
9
64
9
14
15
27
9
64
16
28
9
44
9
14
9
44
9
44
9
14
17
51
4
89
13
55
9
14
16
88
14
26
9
64
9
14
9
34
9
99
9
64
9
74
18
30
0
53
9
34
15
57
9
44
9
44
9
94
9
94
9
44
9
74
9
44
9
99
9
44
15
87
19
22
9
34
18
30
9
74
9
34
9
74
9
34
15
87
9
14
9
14
9
14
9
14
9
94
9
34
9
99
0
50
9
44
0
95
9
44
9
64
9
74
16
28
16
28
9
34
9
34
9
94
17
89
19
91
9
74
9
44
15
57
9
64
9
74
0
40
9
64
17
29
9
37
9
14
3
49
9
34
18
60
9
99
9
64
16
58
9
64
17
59
9
94
15
87
9
74
9
64
9
34
9
64
9
94
0
10
8
5
17
29
9
64
9
64
13
25
9
44
9
99
9
44
9
34
16
58
19
61
9
44
9
74
14
56
1
39
9
34
17
89
9
14
9
74
16
28
9
14
0
70
15
57
9
14
9
44
18
52
9
99
9
64
18
90
4
69
9
94
9
74
9
74
9
74
19
61
9
94
14
26
9
1
9
14
9
64
9
34
9
14
9
61
9
74
9
64
9
64
15
87
9
44
9
99
9
74
18
30
9
94
16
28
9
94
9
94
9
74
17
29
15
87
9
34
9
64
9
94
9
14
9
14
9
99
9
94
15
27
9
44
13
85
9
99
9
99
16
28
15
57
9
74
14
26
15
87
2
79
9
99
9
34
9
99
9
74
9
64
9
94
3
39
9
34
17
89
15
57
18
30
9
74
13
85
9
99
9
14
9
74
9
14
9
64
15
27
9
44
17
59
9
64
15
27
9
94
15
27
16
28
0
74
9
74
3
31
9
99
9
64
2
19
9
74
9
7
9
44
9
99
9
99
17
29
9
34
14
26
9
64
9
74
4
59
9
14
15
27
9
64
9
99
14
56
17
89
15
27
9
64
9
94
9
94
8
65
9
74
9
44
9
94
9
44
0
80
16
88
9
99
9
64
9
44
9
74
1
9
15
57
9
64
9
64
9
94
9
64
9
14
9
74
17
59
9
14
17
59
9
14
9
99
9
74
9
99
16
88
9
14
19
31
9
34
19
61
9
34
17
89
15
57
9
44
9
37
9
94
9
13
9
44
9
64
2
9
9
74
15
27
9
14
9
44
9
34
17
59
9
64
9
48
16
58
9
14
9
74
16
28
9
74
15
87
9
99
9
44
9
94
9
74
2
39
9
34
9
34
9
14
9
64
9
99
9
14
9
34
14
56
9
34
9
14
9
14
15
27
9
94
9
44
2
69
16
58
9
94
9
14
15
57
9
34
9
56
9
99
9
74
13
55
9
34
13
25
9
14
18
90
9
44
9
99
9
94
