9
99
19
64
9
74
19
94
9
74
9
44
19
63
19
94
19
34
9
34
9
94
0
30
0
10
19
34
9
64
9
44
19
94
9
44
19
34
9
94
9
74
9
14
9
34
19
94
9
94
9
14
9
99
9
14
9
64
9
44
9
64
19
62
9
34
9
14
9
74
9
34
19
34
9
94
9
94
9
44
9
14
19
34
9
94
9
74
19
34
19
32
19
94
9
94
9
64
9
94
19
94
9
14
9
64
9
14
9
64
9
94
9
99
9
64
9
99
9
14
9
74
9
14
9
34
9
94
19
34
19
34
9
34
9
34
9
94
9
94
9
74
9
99
9
99
19
34
0
90
19
64
19
94
9
14
9
14
9
41
9
94
19
63
9
74
19
64
19
34
9
74
9
74
9
34
19
34
0
70
9
74
19
64
9
94
9
14
9
99
19
63
9
74
9
99
9
74
9
44
9
64
9
44
9
94
19
94
19
63
9
64
9
34
9
44
9
44
9
94
19
92
9
44
19
94
19
94
9
44
19
93
9
64
9
99
0
60
19
64
9
74
19
34
9
99
19
93
9
64
9
34
9
99
19
94
19
34
9
44
9
64
19
34
19
34
19
64
19
94
9
14
9
44
9
64
9
99
9
99
9
99
9
64
9
94
19
63
9
34
9
74
9
64
9
44
19
64
9
94
9
44
9
94
9
64
9
34
9
99
19
94
9
99
0
30
19
34
9
34
9
64
9
99
19
94
9
44
19
64
9
14
9
14
9
14
9
74
9
34
9
44
19
64
9
94
9
14
9
44
9
94
9
64
9
34
9
64
9
13
9
94
9
14
9
64
19
93
19
93
9
34
9
99
9
34
9
34
19
34
9
14
19
34
9
99
9
74
9
74
19
64
9
74
9
99
9
14
9
74
9
99
9
99
19
64
9
34
9
64
9
94
9
34
19
22
19
64
19
63
9
74
19
34
9
44
9
44
9
14
9
74
9
74
9
44
19
94
19
64
9
74
19
94
19
34
9
74
9
76
19
34
19
93
9
94
19
34
9
44
9
14
9
64
9
64
19
64
19
94
9
34
9
14
19
64
19
64
9
34
19
34
9
99
9
14
9
44
9
99
9
74
9
64
9
74
0
30
19
63
19
34
19
64
9
14
9
14
9
14
9
64
9
74
19
34
9
94
9
14
9
74
9
44
19
64
9
44
9
34
9
74
9
64
19
64
19
94
19
34
0
30
19
34
9
14
9
64
19
94
9
99
9
34
9
99
9
14
19
94
9
44
9
34
9
44
19
92
9
44
4
19
9
64
9
99
19
94
9
14
9
14
9
67
9
74
9
14
19
34
9
44
9
14
9
64
9
34
9
99
9
99
9
44
9
11
19
64
9
34
9
64
9
99
1
49
9
99
9
34
9
64
9
34
9
44
9
74
9
64
19
64
9
94
9
64
9
34
9
44
0
20
9
94
9
94
0
70
9
99
9
44
9
34
9
14
19
94
19
94
9
14
9
64
0
50
9
64
9
94
2
9
9
44
19
94
19
34
9
44
19
64
9
14
19
64
9
94
9
99
9
74
9
74
19
64
9
99
9
94
9
99
9
34
8
95
19
33
9
94
9
44
9
14
9
99
9
14
9
44
9
99
9
74
9
64
9
74
9
14
9
34
9
94
9
99
9
14
3
69
9
99
9
64
19
34
9
14
9
14
9
99
9
99
19
34
9
99
0
60
9
64
19
94
19
64
0
91
19
64
9
34
9
64
9
34
9
64
19
94
9
74
9
74
9
44
9
99
9
14
19
64
9
34
9
44
9
74
9
44
19
62
9
34
9
44
19
34
9
74
9
64
9
99
8
5
9
74
9
64
19
94
9
64
19
34
9
74
9
44
19
64
2
49
9
14
9
14
0
40
9
74
0
70
9
14
19
94
9
94
9
99
9
99
19
34
9
44
9
64
9
94
9
94
9
34
9
99
9
14
9
74
19
63
9
94
19
64
19
94
9
44
9
94
19
93
9
94
9
64
9
34
3
79
9
34
9
64
9
74
9
34
19
82
9
74
9
14
19
94
9
99
9
64
9
14
9
34
19
94
9
94
1
79
19
94
9
44
9
64
9
34
9
94
9
74
9
34
19
92
4
39
9
14
9
14
9
64
9
34
9
14
9
74
19
64
9
44
9
74
19
34
9
44
9
64
9
94
19
94
19
92
9
94
9
64
19
33
9
14
19
94
9
34
19
34
9
44
9
14
9
71
9
94
9
74
9
99
9
44
9
74
19
34
9
44
9
58
9
64
9
34
9
14
9
94
19
34
9
94
9
34
19
32
19
94
9
94
9
14
9
99
9
64
0
20
9
14
9
64
9
34
19
64
9
99
19
93
9
99
19
64
19
64
19
34
9
44
9
14
0
22
9
99
9
64
9
74
19
64
19
64
9
14
19
94
19
34
9
94
9
99
19
94
9
99
9
44
9
74
9
94
9
14
9
99
9
14
9
44
9
74
19
34
9
99
9
99
9
64
19
94
9
44
19
92
19
34
9
94
9
34
9
34
19
94
9
14
9
14
19
94
19
92
9
44
9
64
9
34
9
99
19
34
9
64
9
34
19
64
9
34
19
32
9
99
9
14
19
92
9
74
9
74
9
14
19
63
19
34
9
74
19
62
3
89
9
94
9
34
9
99
9
94
4
99
19
64
4
39
1
39
19
94
9
74
9
99
9
94
9
99
9
14
9
64
9
44
0
90
19
92
9
99
9
28
9
94
9
99
9
99
9
99
0
80
19
62
19
64
0
10
9
64
9
99
9
99
9
93
9
74
0
0
9
99
19
34
19
34
9
34
9
64
9
44
9
6
9
96
9
94
9
64
9
74
9
44
9
14
19
94
9
14
19
64
9
44
9
99
9
99
9
74
19
62
19
64
8
45
19
32
9
14
9
14
9
34
9
99
2
89
9
44
19
94
19
34
9
44
9
64
9
74
9
74
9
99
9
44
9
99
9
44
9
14
9
99
9
34
19
21
19
93
19
34
9
44
9
99
9
64
9
14
9
74
9
17
9
99
9
94
9
44
9
64
19
33
9
74
9
44
19
34
9
34
19
64
19
32
9
14
9
94
9
34
9
44
9
99
9
64
9
14
19
34
9
64
19
34
9
44
9
14
9
44
9
44
9
14
19
51
4
89
19
62
9
14
19
94
19
33
9
64
9
14
9
34
9
99
9
64
9
74
19
34
0
53
9
34
19
64
9
44
9
44
9
94
9
94
9
44
9
74
9
44
9
99
9
44
19
94
19
22
9
34
19
34
9
74
9
34
9
74
9
34
19
94
9
14
9
14
9
14
9
14
9
94
9
34
9
99
0
50
9
44
0
95
9
44
9
64
9
74
19
34
19
34
9
34
9
34
9
94
19
94
19
94
9
74
9
44
19
64
9
64
9
74
0
40
9
64
19
34
9
37
9
14
3
49
9
34
19
64
9
99
9
64
19
64
9
64
19
64
9
94
19
94
9
74
9
64
9
34
9
64
9
94
0
10
8
5
19
34
9
64
9
64
19
32
9
44
9
99
9
44
9
34
19
64
19
64
9
44
9
74
19
63
1
39
9
34
19
94
9
14
9
74
19
34
9
14
0
70
19
64
9
14
9
44
19
52
9
99
9
64
19
94
4
69
9
94
9
74
9
74
9
74
19
64
9
94
19
33
9
1
9
14
9
64
9
34
9
14
9
61
9
74
9
64
9
64
19
94
9
44
9
99
9
74
19
34
9
94
19
34
9
94
9
94
9
74
19
34
19
94
9
34
9
64
9
94
9
14
9
14
9
99
9
94
19
34
9
44
19
92
9
99
9
99
19
34
19
64
9
74
19
33
19
94
2
79
9
99
9
34
9
99
9
74
9
64
9
94
3
39
9
34
19
94
19
64
19
34
9
74
19
92
9
99
9
14
9
74
9
14
9
64
19
34
9
44
19
64
9
64
19
34
9
94
19
34
19
34
0
74
9
74
3
31
9
99
9
64
2
19
9
74
9
7
9
44
9
99
9
99
19
34
9
34
19
33
9
64
9
74
4
59
9
14
19
34
9
64
9
99
19
63
19
94
19
34
9
64
9
94
9
94
8
65
9
74
9
44
9
94
9
44
0
80
19
94
9
99
9
64
9
44
9
74
1
9
19
64
9
64
9
64
9
94
9
64
9
14
9
74
19
64
9
14
19
64
9
14
9
99
9
74
9
99
19
94
9
14
19
34
9
34
19
64
9
34
19
94
19
64
9
44
9
37
9
94
9
13
9
44
9
64
2
9
9
74
19
34
9
14
9
44
9
34
19
64
9
64
9
48
19
64
9
14
9
74
19
34
9
74
19
94
9
99
9
44
9
94
9
74
2
39
9
34
9
34
9
14
9
64
9
99
9
14
9
34
19
63
9
34
9
14
9
14
19
34
9
94
9
44
2
69
19
64
9
94
9
14
19
64
9
34
9
56
9
99
9
74
19
62
9
34
19
32
9
14
19
94
9
44
9
99
9
94
