7
89
7
19
9
91
7
9
6
46
6
89
7
59
7
79
10
52
8
19
7
99
9
31
9
61
9
99
8
90
7
99
8
70
6
29
7
79
8
96
6
68
9
32
9
91
8
89
9
9
7
7
10
52
8
50
6
76
7
89
6
99
8
20
9
97
9
7
8
30
7
46
7
67
7
49
9
8
7
89
7
88
9
88
6
56
8
86
7
66
7
28
6
57
9
81
9
18
9
58
6
9
8
99
9
58
8
28
6
39
7
99
9
30
7
28
7
49
8
10
7
7
9
50
9
78
0
10
6
96
8
56
9
41
7
69
9
40
7
39
7
39
10
22
7
59
9
41
9
92
6
49
8
58
10
52
6
79
8
99
7
69
8
50
9
99
9
51
6
58
7
99
7
79
7
39
7
69
10
22
9
68
9
18
10
52
9
31
9
62
9
21
0
60
6
79
7
39
9
39
8
30
7
19
9
18
6
78
6
76
7
29
9
30
7
59
6
87
8
10
8
10
9
99
9
7
8
90
9
51
6
38
0
30
7
89
10
82
9
41
6
28
9
8
8
28
9
99
9
72
6
28
9
61
9
51
7
59
9
87
10
22
7
99
9
91
10
52
10
22
8
40
6
39
8
30
6
39
9
99
7
17
9
50
6
49
8
30
9
29
8
87
7
29
6
68
9
99
6
79
6
19
9
41
8
57
9
40
6
49
6
69
7
19
7
29
9
61
7
46
8
90
8
40
7
48
9
49
8
99
7
49
8
40
8
40
8
99
9
81
8
36
9
72
7
49
8
86
6
27
6
69
7
89
9
97
7
99
9
21
9
89
9
92
8
26
7
99
6
99
9
61
6
19
8
37
9
67
7
97
6
29
9
77
7
16
7
59
9
21
10
22
9
31
9
68
9
50
7
69
9
99
9
61
9
99
0
30
9
7
7
39
8
58
7
19
9
32
9
89
9
42
8
8
6
19
7
46
7
99
9
99
7
47
9
21
9
78
8
59
8
19
9
19
8
70
6
96
7
59
8
80
8
70
8
30
7
29
9
81
8
88
9
27
0
50
6
49
8
57
10
52
6
39
9
99
6
49
8
20
9
7
9
81
8
50
9
11
7
89
6
27
7
29
7
99
8
67
9
32
8
99
8
78
9
41
7
99
9
91
7
49
7
49
6
49
9
47
6
6
6
6
9
21
6
69
6
37
9
10
8
16
7
19
9
90
8
58
7
59
9
72
8
30
7
69
9
71
9
11
6
76
6
99
8
80
9
41
7
9
7
48
8
40
9
81
9
21
9
10
6
9
8
70
7
79
9
68
6
59
9
99
8
99
7
53
8
17
8
66
10
52
9
87
7
69
7
38
7
89
9
31
6
39
9
31
6
37
9
51
8
96
6
97
9
59
9
37
7
59
9
21
9
69
7
99
6
9
9
31
8
20
7
19
8
99
8
38
4
69
9
37
7
77
9
79
6
29
9
91
7
9
9
99
9
88
6
69
8
10
8
99
9
99
7
19
9
87
9
87
8
60
9
29
8
99
7
69
6
59
8
50
8
50
9
41
9
50
9
99
8
30
9
8
6
9
9
9
6
47
8
20
8
7
8
60
6
59
10
52
9
70
8
68
7
29
7
89
8
39
7
29
8
57
9
12
6
79
6
49
9
11
6
97
7
96
9
78
9
78
7
78
8
99
1
19
9
77
7
78
8
90
7
9
9
39
10
52
7
9
9
50
7
49
8
17
9
30
9
12
8
76
9
28
9
28
9
37
9
19
6
9
1
25
7
38
9
71
6
59
8
20
9
47
9
11
9
27
10
52
7
69
7
79
9
99
9
9
8
80
7
89
10
82
9
62
8
86
7
99
6
58
7
49
9
41
7
38
8
50
7
48
1
49
8
90
9
17
7
19
8
70
9
40
9
9
9
29
9
92
7
48
8
20
8
60
6
18
7
19
6
88
6
39
8
80
9
48
9
21
7
87
6
57
6
79
10
22
6
19
9
68
7
9
8
70
9
71
7
59
9
9
9
70
9
99
8
77
6
79
7
37
6
89
9
99
9
57
6
49
9
38
6
59
8
80
9
62
4
69
10
52
9
31
9
99
6
39
7
9
7
9
9
18
6
18
6
69
7
16
6
49
6
7
9
86
6
39
9
62
7
29
9
62
6
29
9
98
7
96
6
9
9
81
7
99
9
88
10
52
9
11
7
39
6
89
7
59
9
99
6
8
8
40
6
19
9
51
6
66
7
19
7
79
7
79
8
47
7
9
8
20
7
99
9
61
4
29
6
56
8
20
7
59
9
9
7
89
8
99
8
10
8
65
8
40
6
89
9
81
7
29
9
27
9
62
8
17
6
19
9
7
9
37
7
19
8
38
8
50
9
37
9
10
0
70
9
81
8
28
9
92
7
19
9
99
6
17
9
81
7
19
7
38
9
41
9
42
9
32
9
88
8
40
8
48
6
39
9
27
7
68
6
29
8
90
9
29
8
40
9
89
0
30
6
59
9
20
6
39
7
99
9
90
6
59
9
71
6
79
7
69
9
32
7
99
7
3
9
42
9
71
7
19
7
69
8
80
8
98
7
39
9
32
6
39
9
30
8
20
9
20
9
99
9
81
8
70
6
27
8
56
9
77
8
80
8
99
7
49
0
80
9
50
7
48
0
70
8
60
8
69
9
31
9
62
7
19
9
61
7
99
1
95
9
79
7
49
8
70
8
66
8
50
8
10
9
90
9
10
7
9
6
62
10
52
7
99
9
99
7
39
6
59
9
99
9
13
6
6
9
7
8
40
9
69
9
17
9
91
7
66
6
79
4
59
0
60
9
71
6
69
6
36
7
59
0
91
10
82
7
49
9
60
6
77
8
57
6
69
7
97
9
99
9
88
8
38
9
42
9
41
7
99
6
9
10
82
9
78
9
41
8
99
1
39
8
30
9
90
9
90
9
8
8
10
7
99
7
18
6
9
7
57
8
99
6
79
9
91
9
99
8
6
7
59
8
98
8
40
8
38
9
21
9
39
6
49
8
99
6
86
9
99
7
29
9
20
9
77
9
11
9
77
8
70
6
7
9
21
9
19
8
10
9
31
9
18
1
29
9
69
8
70
8
10
8
77
9
97
8
26
9
21
6
9
6
9
9
39
8
6
8
10
8
96
9
59
8
60
8
99
0
10
0
70
8
28
6
7
9
88
9
49
7
89
9
58
9
80
8
20
6
9
7
68
4
79
9
29
7
19
6
49
6
29
6
59
7
88
9
79
9
43
7
13
8
40
7
17
6
89
7
39
9
81
9
42
9
68
8
66
8
56
7
49
9
12
2
38
9
29
9
42
9
43
7
36
7
26
4
30
8
40
9
99
9
98
6
49
8
6
9
72
9
21
7
39
9
32
8
80
9
37
6
9
9
29
8
90
7
38
1
9
7
86
9
11
9
21
0
30
9
41
6
39
9
99
6
37
9
62
8
50
6
17
9
50
8
80
7
66
8
99
8
56
6
39
9
99
9
30
9
80
8
20
9
41
7
17
6
9
9
71
9
8
6
66
8
60
8
6
9
71
8
20
9
20
9
72
0
10
8
60
7
39
7
49
9
40
7
49
9
28
6
9
8
86
2
29
10
52
8
99
6
9
7
78
9
99
8
56
9
70
9
17
9
32
6
59
7
6
6
69
0
60
6
69
7
86
9
58
9
10
9
62
7
39
9
30
8
66
0
10
8
60
9
61
8
16
9
99
9
91
9
31
8
50
6
46
9
11
8
90
9
92
6
77
7
79
8
38
1
69
10
82
9
20
8
6
10
22
9
37
6
9
10
22
6
42
7
49
9
48
8
90
7
9
9
79
6
49
9
61
9
40
8
58
8
40
7
9
9
99
6
46
0
93
9
51
7
67
6
89
7
69
9
99
8
76
9
50
9
47
9
98
8
69
10
52
9
71
8
39
9
7
6
98
7
69
7
78
7
39
0
50
8
20
7
99
9
71
6
69
10
52
7
49
9
7
7
49
7
46
8
50
7
79
7
9
9
48
8
59
9
87
6
49
7
8
8
98
6
89
9
11
9
27
8
40
0
80
6
28
7
49
9
91
9
48
8
68
7
99
7
36
7
76
8
38
6
17
9
71
9
70
6
49
8
70
6
19
9
18
6
89
7
39
9
71
7
79
7
46
6
59
9
91
10
82
8
30
7
99
9
18
8
56
8
90
10
52
6
19
8
78
9
58
0
90
9
32
8
68
8
60
6
89
8
49
9
20
9
51
6
8
8
48
8
30
6
89
6
68
9
70
6
19
9
57
7
19
8
50
9
39
9
98
9
71
7
49
3
19
9
81
8
96
9
91
8
39
6
58
8
7
9
48
9
91
0
0
6
99
9
21
7
19
8
50
8
36
9
11
6
49
8
80
6
9
6
59
6
29
6
69
7
89
8
40
6
59
8
76
8
69
0
90
6
39
6
7
9
7
9
81
9
51
7
39
8
59
9
72
8
10
9
81
8
48
9
92
9
51
9
62
7
9
6
79
