9
94
19
32
9
94
9
14
17
59
9
94
9
64
19
92
19
64
19
32
9
99
9
34
9
64
9
99
9
94
9
99
9
74
9
34
19
92
9
99
9
74
9
34
9
94
9
94
9
14
9
14
19
64
19
63
17
89
9
94
9
99
19
33
9
99
9
14
9
34
17
59
9
74
19
62
9
14
9
94
9
94
9
94
9
64
9
94
9
74
9
34
9
64
19
94
19
31
9
64
9
14
9
99
9
64
9
34
9
44
9
99
9
34
9
34
19
62
9
14
9
14
19
63
19
91
0
10
9
99
9
64
9
44
9
74
9
44
9
44
9
44
19
34
9
64
9
44
9
94
19
61
9
64
19
64
19
91
9
99
9
74
19
63
9
99
19
64
9
64
9
99
19
92
9
44
9
74
19
34
9
74
19
31
19
64
9
34
9
64
19
34
0
60
19
91
9
44
9
44
9
34
19
32
19
31
19
91
9
76
9
34
9
34
9
64
9
94
9
14
9
14
9
99
9
14
9
94
19
64
9
44
0
30
9
94
19
94
9
44
9
34
9
14
9
34
9
99
9
74
9
34
9
64
19
64
9
64
9
94
19
34
9
99
9
94
19
64
19
34
9
44
9
44
9
34
9
44
9
99
18
30
19
63
19
61
9
34
9
34
9
94
9
34
9
74
9
99
19
91
19
31
9
44
9
64
9
44
19
61
9
74
19
32
9
34
9
64
17
59
9
94
9
44
19
61
19
62
9
99
19
62
9
44
9
44
9
99
19
94
9
44
9
74
19
62
9
94
9
34
9
74
9
94
9
99
9
99
19
34
9
94
9
94
9
34
9
99
9
99
9
64
19
31
9
44
9
74
9
99
9
34
18
90
17
29
9
64
19
34
19
34
9
34
9
74
19
63
9
74
9
99
9
64
9
99
0
30
9
14
9
44
9
64
19
32
9
34
9
94
9
44
9
14
19
31
17
59
9
99
9
99
18
60
19
34
19
91
9
64
19
32
19
32
9
74
9
99
9
64
19
93
9
74
9
34
9
34
19
94
9
94
9
34
0
50
19
61
9
64
19
64
9
44
9
99
19
61
19
33
9
14
19
94
19
63
9
11
9
94
9
34
9
34
9
99
9
74
9
34
9
99
19
91
9
44
9
99
9
94
19
62
19
62
19
61
18
60
9
14
9
14
19
34
9
74
9
44
9
14
17
29
19
32
9
94
9
64
9
64
9
74
9
34
9
74
9
74
9
11
17
89
9
99
19
93
9
44
9
14
19
61
9
44
19
94
19
34
9
14
9
14
9
74
19
92
9
74
9
64
9
99
9
99
19
52
18
30
9
74
19
64
9
94
9
74
9
44
9
94
9
34
9
44
9
34
9
44
19
64
9
99
9
99
9
64
9
44
9
64
19
34
9
74
9
99
9
14
9
34
19
33
19
32
9
99
9
44
4
69
9
44
18
90
19
92
9
34
9
94
9
14
9
99
9
94
9
74
9
14
9
99
9
99
19
32
9
94
9
94
9
64
9
34
9
99
9
74
9
64
19
63
19
63
9
44
19
63
9
99
9
34
9
14
9
14
9
14
18
60
19
33
9
14
9
64
9
64
19
64
9
74
9
74
9
34
9
94
9
44
9
34
9
64
9
14
19
91
19
61
9
14
9
99
9
99
19
91
19
91
19
91
9
99
1
19
18
90
19
91
9
94
9
14
9
44
19
64
9
14
19
63
19
62
18
30
9
34
9
14
17
89
9
34
9
34
9
44
19
32
9
14
1
25
9
44
9
74
9
64
19
33
18
60
9
14
9
34
19
64
9
74
19
92
9
99
9
14
19
93
9
94
19
94
9
64
9
94
9
99
9
64
19
62
9
44
9
44
19
63
19
61
1
49
9
94
18
30
19
32
9
74
9
44
9
14
9
34
9
94
9
48
19
33
9
64
19
31
19
32
9
94
9
44
19
93
19
61
19
34
9
94
9
64
19
91
19
34
19
31
9
74
9
14
9
74
9
74
9
64
9
14
9
74
9
99
18
90
19
91
9
44
9
94
9
99
9
64
19
61
9
44
9
64
19
93
9
64
4
69
19
64
9
34
9
99
9
44
9
14
9
14
19
31
19
31
9
74
17
29
19
61
9
14
9
86
9
44
9
64
9
34
9
64
9
34
9
99
9
99
9
14
19
94
9
99
9
94
19
64
9
14
9
44
9
94
9
64
9
99
9
14
9
44
19
31
19
64
9
74
19
32
19
92
19
92
18
60
9
14
19
33
9
99
9
64
4
29
9
64
19
33
9
64
9
14
9
94
9
99
9
14
8
65
9
44
9
94
19
94
9
34
9
34
9
64
18
30
19
31
9
14
9
44
19
32
9
44
19
63
9
44
9
14
0
70
19
94
9
34
9
94
19
32
9
99
18
30
19
94
19
32
9
44
9
44
9
44
9
34
9
94
9
44
19
61
9
44
9
34
9
74
9
34
9
94
9
34
9
44
9
94
0
30
9
64
19
33
9
44
9
99
9
94
9
64
9
74
19
91
9
74
9
34
9
99
9
3
9
44
9
74
19
32
9
74
19
93
9
99
9
44
9
34
9
44
9
34
19
33
19
33
9
99
19
94
9
74
9
34
9
64
18
90
19
93
9
99
19
62
0
80
19
63
19
61
0
70
9
64
9
74
9
34
9
64
19
32
9
64
9
99
1
95
19
92
19
62
9
74
9
74
19
63
9
14
9
94
9
14
9
14
9
62
19
64
9
99
9
99
9
44
9
64
9
99
9
13
9
14
9
14
9
44
9
74
18
30
9
94
9
74
19
91
4
59
0
60
9
74
9
74
9
44
9
64
0
91
19
94
19
62
9
64
18
90
9
64
9
74
9
99
9
99
9
94
9
44
9
44
9
44
9
99
9
14
19
94
19
91
9
44
9
99
1
39
9
34
9
94
9
94
9
14
9
14
9
99
19
31
9
14
9
64
9
99
19
91
9
94
9
99
9
14
9
64
9
99
9
44
9
44
19
34
9
44
19
61
9
99
9
94
9
99
9
34
19
33
18
90
9
14
18
90
9
74
9
14
19
34
19
32
9
14
9
34
19
31
1
29
9
74
9
74
9
14
9
77
9
99
9
34
19
34
9
14
9
14
9
44
9
14
9
14
9
99
9
64
9
64
9
99
0
10
0
70
9
28
9
14
9
94
19
62
9
94
9
64
19
93
19
33
9
14
9
74
4
79
9
34
19
32
19
61
9
34
9
64
9
94
19
92
9
43
9
13
9
44
18
30
9
94
9
44
19
94
9
44
9
74
9
74
9
64
19
62
9
14
2
39
9
34
9
44
9
43
9
44
9
34
4
30
9
44
9
99
9
99
19
61
9
14
9
74
19
34
9
44
9
34
19
93
9
44
9
14
9
34
9
94
9
44
1
9
9
94
9
14
19
34
0
30
9
44
9
44
9
99
9
44
9
64
19
63
18
30
19
63
19
93
9
74
9
99
9
64
9
44
9
99
9
34
19
93
19
33
9
44
18
30
9
14
9
74
9
14
9
74
9
64
9
14
9
74
19
33
19
33
9
74
0
10
9
64
9
44
19
62
9
44
19
62
9
34
9
14
9
94
2
29
19
64
9
99
9
14
19
91
9
99
9
64
9
74
18
30
9
34
9
64
9
14
9
74
0
60
9
74
9
94
9
64
9
14
9
64
9
44
9
34
9
74
0
10
9
64
9
64
17
29
9
99
9
94
9
34
19
63
17
59
9
14
9
94
9
94
9
77
19
92
9
44
1
69
19
94
19
33
9
14
19
34
9
44
9
14
19
34
9
42
19
62
19
61
9
94
9
14
19
92
19
61
9
64
9
44
9
58
9
44
9
14
9
99
17
59
0
93
19
64
9
74
9
94
9
74
9
99
17
89
19
63
18
60
9
99
9
74
19
64
9
74
9
44
9
14
9
99
9
74
19
91
9
44
0
50
19
33
9
99
9
74
9
74
19
64
19
62
9
14
19
62
17
59
19
63
19
92
9
14
19
61
9
64
9
94
19
61
9
14
9
99
9
94
9
14
9
34
9
44
0
80
9
34
19
62
9
94
9
48
9
74
9
99
9
44
17
89
9
44
18
30
9
74
9
74
19
61
9
74
19
31
19
31
9
94
9
44
9
74
19
92
17
59
9
64
9
94
19
94
9
34
9
99
19
31
9
64
9
94
19
64
19
31
19
91
9
64
0
90
9
34
9
74
9
64
9
94
19
62
19
33
19
64
9
14
19
61
9
34
9
94
9
74
9
74
19
31
9
64
19
32
19
63
9
44
9
99
9
74
19
62
3
19
19
94
9
99
9
94
9
44
9
64
9
14
19
61
9
94
0
0
9
99
19
34
19
32
19
63
9
44
9
14
19
61
19
93
9
14
9
64
9
34
9
74
9
94
9
44
9
64
17
89
9
74
0
90
9
44
9
14
9
14
19
81
19
64
9
44
9
64
9
74
9
14
19
94
9
48
9
94
19
64
9
64
9
9
19
91
