8
90
8
20
9
92
8
10
7
47
7
89
8
60
8
80
11
53
9
20
8
99
9
32
9
62
9
99
9
91
8
99
9
71
7
29
8
80
9
97
7
69
9
33
9
92
9
90
9
10
8
8
11
53
9
51
7
77
8
90
7
99
9
21
9
98
9
8
9
31
8
47
8
68
8
50
9
9
8
90
8
89
9
89
7
57
9
87
8
67
8
29
7
58
10
82
9
19
9
59
7
9
9
99
9
59
9
29
7
39
8
99
9
31
8
29
8
50
9
11
8
8
9
51
9
79
0
10
7
97
9
57
9
42
8
70
9
41
8
40
8
40
11
23
8
60
9
42
9
93
7
49
9
59
11
53
7
79
9
99
8
70
9
51
9
99
10
52
7
59
8
99
8
80
8
40
8
70
11
23
9
69
9
19
11
53
9
32
9
63
10
22
0
60
7
79
8
40
9
40
9
31
8
20
9
19
7
79
7
76
8
30
9
31
8
60
7
88
9
11
9
11
9
99
9
8
9
91
10
52
7
39
0
30
8
90
11
83
9
42
7
29
9
9
9
29
9
99
9
73
7
29
9
62
10
52
8
60
9
88
11
23
8
99
9
92
11
53
11
23
9
41
7
39
9
31
7
39
9
99
8
18
9
51
7
49
9
31
9
30
9
88
8
30
7
69
9
99
7
79
7
19
9
42
9
58
9
41
7
49
7
69
8
20
8
30
9
62
8
47
9
91
9
41
8
49
9
50
9
99
8
50
9
41
9
41
9
99
10
82
9
37
9
73
8
50
9
87
7
28
7
69
8
90
9
98
8
99
10
22
9
90
9
93
9
27
8
99
7
99
9
62
7
19
9
38
9
68
8
98
7
29
9
78
8
17
8
60
10
22
11
23
9
32
9
69
9
51
8
70
9
99
9
62
9
99
0
30
9
8
8
40
9
59
8
20
9
33
9
90
9
43
9
9
7
19
8
47
8
99
9
99
8
48
10
22
9
79
9
60
9
20
9
20
9
71
7
97
8
60
9
81
9
71
9
31
8
30
10
82
9
89
9
28
0
50
7
49
9
58
11
53
7
39
9
99
7
49
9
21
9
8
10
82
9
51
9
11
8
90
7
28
8
30
8
99
9
68
9
33
9
99
9
79
9
42
8
99
9
92
8
50
8
50
7
49
9
48
7
7
7
7
10
22
7
69
7
38
9
11
9
17
8
20
9
91
9
59
8
60
9
73
9
31
8
70
9
72
9
11
7
77
7
99
9
81
9
42
8
10
8
49
9
41
10
82
10
22
9
11
7
9
9
71
8
80
9
69
7
59
9
99
9
99
8
53
9
18
9
67
11
53
9
88
8
70
8
39
8
90
9
32
7
39
9
32
7
38
10
52
9
97
7
98
9
60
9
38
8
60
10
22
9
70
8
99
7
9
9
32
9
21
8
20
9
99
9
39
4
69
9
38
8
78
9
80
7
29
9
92
8
10
9
99
9
89
7
69
9
11
9
99
9
99
8
20
9
88
9
88
9
61
9
30
9
99
8
70
7
59
9
51
9
51
9
42
9
51
9
99
9
31
9
9
7
9
9
10
7
48
9
21
9
8
9
61
7
59
11
53
9
71
9
69
8
30
8
90
9
40
8
30
9
58
9
13
7
79
7
49
9
12
7
98
8
97
9
79
9
79
8
79
9
99
1
19
9
78
8
79
9
91
8
10
9
40
11
53
8
10
9
51
8
50
9
18
9
31
9
13
9
77
9
29
9
29
9
38
9
20
7
9
1
25
8
39
9
72
7
59
9
21
9
48
9
12
9
28
11
53
8
70
8
80
9
99
9
10
9
81
8
90
11
83
9
63
9
87
8
99
7
59
8
50
9
42
8
39
9
51
8
49
1
49
9
91
9
18
8
20
9
71
9
41
9
10
9
30
9
93
8
48
9
21
9
61
7
19
8
20
7
89
7
39
9
81
9
49
10
22
8
88
7
58
7
79
11
23
7
19
9
69
8
10
9
71
9
72
8
60
9
10
9
71
9
99
9
78
7
79
8
38
7
89
9
99
9
58
7
49
9
39
7
59
9
81
9
63
4
69
11
53
9
32
9
99
7
39
8
10
8
10
9
19
7
19
7
69
8
17
7
49
7
8
9
86
7
39
9
63
8
30
9
63
7
29
9
99
8
97
7
9
10
82
8
99
9
89
11
53
9
12
8
40
7
89
8
60
9
99
7
9
9
41
7
19
10
52
7
67
8
20
8
80
8
80
9
48
8
10
9
21
8
99
9
62
4
29
7
57
9
21
8
60
9
10
8
90
9
99
9
11
8
65
9
41
7
89
10
82
8
30
9
28
9
63
9
18
7
19
9
8
9
38
8
20
9
39
9
51
9
38
9
11
0
70
10
82
9
29
9
93
8
20
9
99
7
18
10
82
8
20
8
39
9
42
9
43
9
33
9
89
9
41
9
49
7
39
9
28
8
69
7
29
9
91
9
30
9
41
9
90
0
30
7
59
9
21
7
39
8
99
9
91
7
59
9
72
7
79
8
70
9
33
8
99
8
3
9
43
9
72
8
20
8
70
9
81
9
99
8
40
9
33
7
39
9
31
9
21
9
21
9
99
10
82
9
71
7
28
9
57
9
78
9
81
9
99
8
50
0
80
9
51
8
49
0
70
9
61
9
70
9
32
9
63
8
20
9
62
8
99
1
95
9
80
8
50
9
71
9
67
9
51
9
11
9
91
9
11
8
10
7
62
11
53
8
99
9
99
8
40
7
59
9
99
9
13
7
7
9
8
9
41
9
70
9
18
9
92
8
67
7
79
4
59
0
60
9
72
7
69
7
37
8
60
0
91
11
83
8
50
9
61
7
78
9
58
7
69
8
98
9
99
9
89
9
39
9
43
9
42
8
99
7
9
11
83
9
79
9
42
9
99
1
39
9
31
9
91
9
91
9
9
9
11
8
99
8
19
7
9
8
58
9
99
7
79
9
92
9
99
9
7
8
60
9
99
9
41
9
39
10
22
9
40
7
49
9
99
7
87
9
99
8
30
9
21
9
78
9
12
9
78
9
71
7
8
10
22
9
20
9
11
9
32
9
19
1
29
9
70
9
71
9
11
9
77
9
98
9
27
10
22
7
9
7
9
9
40
9
7
9
11
9
97
9
60
9
61
9
99
0
10
0
70
9
28
7
8
9
89
9
50
8
90
9
59
9
81
9
21
7
9
8
69
4
79
9
30
8
20
7
49
7
29
7
59
8
89
9
80
9
43
8
13
9
41
8
18
7
89
8
40
10
82
9
43
9
69
9
67
9
57
8
50
9
13
2
39
9
30
9
43
9
43
8
37
8
27
4
30
9
41
9
99
9
99
7
49
9
7
9
73
10
22
8
40
9
33
9
81
9
38
7
9
9
30
9
91
8
39
1
9
8
87
9
12
10
22
0
30
9
42
7
39
9
99
7
38
9
63
9
51
7
18
9
51
9
81
8
67
9
99
9
57
7
39
9
99
9
31
9
81
9
21
9
42
8
18
7
9
9
72
9
9
7
67
9
61
9
7
9
72
9
21
9
21
9
73
0
10
9
61
8
40
8
50
9
41
8
50
9
29
7
9
9
87
2
29
11
53
9
99
7
9
8
79
9
99
9
57
9
71
9
18
9
33
7
59
8
7
7
69
0
60
7
69
8
87
9
59
9
11
9
63
8
40
9
31
9
67
0
10
9
61
9
62
9
17
9
99
9
92
9
32
9
51
7
47
9
12
9
91
9
93
7
77
8
80
9
39
1
69
11
83
9
21
9
7
11
23
9
38
7
9
11
23
7
42
8
50
9
49
9
91
8
10
9
80
7
49
9
62
9
41
9
58
9
41
8
10
9
99
7
47
0
93
10
52
8
68
7
89
8
70
9
99
9
77
9
51
9
48
9
99
9
70
11
53
9
72
9
40
9
8
7
99
8
70
8
79
8
40
0
50
9
21
8
99
9
72
7
69
11
53
8
50
9
8
8
50
8
47
9
51
8
80
8
10
9
49
9
60
9
88
7
49
8
9
9
99
7
89
9
12
9
28
9
41
0
80
7
29
8
50
9
92
9
48
9
69
8
99
8
37
8
77
9
39
7
18
9
72
9
71
7
49
9
71
7
19
9
19
7
89
8
40
9
72
8
80
8
47
7
59
9
92
11
83
9
31
8
99
9
19
9
57
9
91
11
53
7
19
9
79
9
59
0
90
9
33
9
69
9
61
7
89
9
50
9
21
10
52
7
9
9
49
9
31
7
89
7
69
9
71
7
19
9
58
8
20
9
51
9
40
9
99
9
72
8
50
3
19
10
82
9
97
9
92
9
40
7
59
9
8
9
49
9
92
0
0
7
99
10
22
8
20
9
51
9
37
9
12
7
49
9
81
7
9
7
59
7
29
7
69
8
90
9
41
7
59
9
77
9
70
0
90
7
39
7
8
9
8
10
81
10
52
8
40
9
60
9
73
9
11
10
82
9
48
9
93
10
52
9
63
8
9
7
79
