9
94
19
34
9
94
9
14
19
61
9
94
9
64
19
94
19
64
19
34
9
99
9
34
9
64
9
99
9
94
9
99
9
74
9
34
19
94
9
99
9
74
9
34
9
94
9
94
9
14
9
14
19
64
19
64
19
91
9
94
9
99
19
34
9
99
9
14
9
34
19
61
9
74
19
64
9
14
9
94
9
94
9
94
9
64
9
94
9
74
9
34
9
64
19
94
19
33
9
64
9
14
9
99
9
64
9
34
9
44
9
99
9
34
9
34
19
64
9
14
9
14
19
64
19
93
0
10
9
99
9
64
9
44
9
74
9
44
9
44
9
44
19
34
9
64
9
44
9
94
19
63
9
64
19
64
19
93
9
99
9
74
19
64
9
99
19
64
9
64
9
99
19
94
9
44
9
74
19
34
9
74
19
33
19
64
9
34
9
64
19
34
0
60
19
93
9
44
9
44
9
34
19
34
19
33
19
93
9
76
9
34
9
34
9
64
9
94
9
14
9
14
9
99
9
14
9
94
19
64
9
44
0
30
9
94
19
94
9
44
9
34
9
14
9
34
9
99
9
74
9
34
9
64
19
64
9
64
9
94
19
34
9
99
9
94
19
64
19
34
9
44
9
44
9
34
9
44
9
99
19
32
19
64
19
63
9
34
9
34
9
94
9
34
9
74
9
99
19
93
19
33
9
44
9
64
9
44
19
63
9
74
19
34
9
34
9
64
19
61
9
94
9
44
19
63
19
64
9
99
19
64
9
44
9
44
9
99
19
94
9
44
9
74
19
64
9
94
9
34
9
74
9
94
9
99
9
99
19
34
9
94
9
94
9
34
9
99
9
99
9
64
19
33
9
44
9
74
9
99
9
34
19
92
19
31
9
64
19
34
19
34
9
34
9
74
19
64
9
74
9
99
9
64
9
99
0
30
9
14
9
44
9
64
19
34
9
34
9
94
9
44
9
14
19
33
19
61
9
99
9
99
19
62
19
34
19
93
9
64
19
34
19
34
9
74
9
99
9
64
19
94
9
74
9
34
9
34
19
94
9
94
9
34
0
50
19
63
9
64
19
64
9
44
9
99
19
63
19
34
9
14
19
94
19
64
9
11
9
94
9
34
9
34
9
99
9
74
9
34
9
99
19
93
9
44
9
99
9
94
19
64
19
64
19
63
19
62
9
14
9
14
19
34
9
74
9
44
9
14
19
31
19
34
9
94
9
64
9
64
9
74
9
34
9
74
9
74
9
11
19
91
9
99
19
94
9
44
9
14
19
63
9
44
19
94
19
34
9
14
9
14
9
74
19
94
9
74
9
64
9
99
9
99
19
52
19
32
9
74
19
64
9
94
9
74
9
44
9
94
9
34
9
44
9
34
9
44
19
64
9
99
9
99
9
64
9
44
9
64
19
34
9
74
9
99
9
14
9
34
19
34
19
34
9
99
9
44
4
69
9
44
19
92
19
94
9
34
9
94
9
14
9
99
9
94
9
74
9
14
9
99
9
99
19
34
9
94
9
94
9
64
9
34
9
99
9
74
9
64
19
64
19
64
9
44
19
64
9
99
9
34
9
14
9
14
9
14
19
62
19
34
9
14
9
64
9
64
19
64
9
74
9
74
9
34
9
94
9
44
9
34
9
64
9
14
19
93
19
63
9
14
9
99
9
99
19
93
19
93
19
93
9
99
1
19
19
92
19
93
9
94
9
14
9
44
19
64
9
14
19
64
19
64
19
32
9
34
9
14
19
91
9
34
9
34
9
44
19
34
9
14
1
25
9
44
9
74
9
64
19
34
19
62
9
14
9
34
19
64
9
74
19
94
9
99
9
14
19
94
9
94
19
94
9
64
9
94
9
99
9
64
19
64
9
44
9
44
19
64
19
63
1
49
9
94
19
32
19
34
9
74
9
44
9
14
9
34
9
94
9
48
19
34
9
64
19
33
19
34
9
94
9
44
19
94
19
63
19
34
9
94
9
64
19
93
19
34
19
33
9
74
9
14
9
74
9
74
9
64
9
14
9
74
9
99
19
92
19
93
9
44
9
94
9
99
9
64
19
63
9
44
9
64
19
94
9
64
4
69
19
64
9
34
9
99
9
44
9
14
9
14
19
33
19
33
9
74
19
31
19
63
9
14
9
86
9
44
9
64
9
34
9
64
9
34
9
99
9
99
9
14
19
94
9
99
9
94
19
64
9
14
9
44
9
94
9
64
9
99
9
14
9
44
19
33
19
64
9
74
19
34
19
94
19
94
19
62
9
14
19
34
9
99
9
64
4
29
9
64
19
34
9
64
9
14
9
94
9
99
9
14
8
65
9
44
9
94
19
94
9
34
9
34
9
64
19
32
19
33
9
14
9
44
19
34
9
44
19
64
9
44
9
14
0
70
19
94
9
34
9
94
19
34
9
99
19
32
19
94
19
34
9
44
9
44
9
44
9
34
9
94
9
44
19
63
9
44
9
34
9
74
9
34
9
94
9
34
9
44
9
94
0
30
9
64
19
34
9
44
9
99
9
94
9
64
9
74
19
93
9
74
9
34
9
99
9
3
9
44
9
74
19
34
9
74
19
94
9
99
9
44
9
34
9
44
9
34
19
34
19
34
9
99
19
94
9
74
9
34
9
64
19
92
19
94
9
99
19
64
0
80
19
64
19
63
0
70
9
64
9
74
9
34
9
64
19
34
9
64
9
99
1
95
19
94
19
64
9
74
9
74
19
64
9
14
9
94
9
14
9
14
9
62
19
64
9
99
9
99
9
44
9
64
9
99
9
13
9
14
9
14
9
44
9
74
19
32
9
94
9
74
19
93
4
59
0
60
9
74
9
74
9
44
9
64
0
91
19
94
19
64
9
64
19
92
9
64
9
74
9
99
9
99
9
94
9
44
9
44
9
44
9
99
9
14
19
94
19
93
9
44
9
99
1
39
9
34
9
94
9
94
9
14
9
14
9
99
19
33
9
14
9
64
9
99
19
93
9
94
9
99
9
14
9
64
9
99
9
44
9
44
19
34
9
44
19
63
9
99
9
94
9
99
9
34
19
34
19
92
9
14
19
92
9
74
9
14
19
34
19
34
9
14
9
34
19
33
1
29
9
74
9
74
9
14
9
77
9
99
9
34
19
34
9
14
9
14
9
44
9
14
9
14
9
99
9
64
9
64
9
99
0
10
0
70
9
28
9
14
9
94
19
64
9
94
9
64
19
94
19
34
9
14
9
74
4
79
9
34
19
34
19
63
9
34
9
64
9
94
19
94
9
43
9
13
9
44
19
32
9
94
9
44
19
94
9
44
9
74
9
74
9
64
19
64
9
14
2
39
9
34
9
44
9
43
9
44
9
34
4
30
9
44
9
99
9
99
19
63
9
14
9
74
19
34
9
44
9
34
19
94
9
44
9
14
9
34
9
94
9
44
1
9
9
94
9
14
19
34
0
30
9
44
9
44
9
99
9
44
9
64
19
64
19
32
19
64
19
94
9
74
9
99
9
64
9
44
9
99
9
34
19
94
19
34
9
44
19
32
9
14
9
74
9
14
9
74
9
64
9
14
9
74
19
34
19
34
9
74
0
10
9
64
9
44
19
64
9
44
19
64
9
34
9
14
9
94
2
29
19
64
9
99
9
14
19
93
9
99
9
64
9
74
19
32
9
34
9
64
9
14
9
74
0
60
9
74
9
94
9
64
9
14
9
64
9
44
9
34
9
74
0
10
9
64
9
64
19
31
9
99
9
94
9
34
19
64
19
61
9
14
9
94
9
94
9
77
19
94
9
44
1
69
19
94
19
34
9
14
19
34
9
44
9
14
19
34
9
42
19
64
19
63
9
94
9
14
19
94
19
63
9
64
9
44
9
58
9
44
9
14
9
99
19
61
1
94
19
64
9
74
9
94
9
74
9
99
19
91
19
64
19
62
9
99
9
74
19
64
9
74
9
44
9
14
9
99
9
74
19
93
9
44
0
50
19
34
9
99
9
74
9
74
19
64
19
64
9
14
19
64
19
61
19
64
19
94
9
14
19
63
9
64
9
94
19
63
9
14
9
99
9
94
9
14
9
34
9
44
0
80
9
34
19
64
9
94
9
48
9
74
9
99
9
44
19
91
9
44
19
32
9
74
9
74
19
63
9
74
19
33
19
33
9
94
9
44
9
74
19
94
19
61
9
64
9
94
19
94
9
34
9
99
19
33
9
64
9
94
19
64
19
33
19
93
9
64
0
90
9
34
9
74
9
64
9
94
19
64
19
34
19
64
9
14
19
63
9
34
9
94
9
74
9
74
19
33
9
64
19
34
19
64
9
44
9
99
9
74
19
64
3
19
19
94
9
99
9
94
9
44
9
64
9
14
19
63
9
94
0
0
9
99
19
34
19
34
19
64
9
44
9
14
19
63
19
94
9
14
9
64
9
34
9
74
9
94
9
44
9
64
19
91
9
74
0
90
9
44
9
14
9
14
19
81
19
64
9
44
9
64
9
74
9
14
19
94
9
48
9
94
19
64
9
64
9
9
19
93
