1
88
1
15
3
85
1
9
1
40
0
83
1
53
1
74
4
48
2
13
1
95
4
25
3
56
3
94
2
87
1
98
2
64
0
29
1
78
3
90
0
62
4
27
3
86
2
83
3
3
1
1
4
48
2
46
1
70
1
87
0
97
2
18
4
91
4
1
2
24
2
40
1
61
1
43
4
2
1
86
1
82
3
82
1
50
4
80
2
60
1
22
0
51
3
77
4
12
3
52
0
5
2
93
4
52
2
22
0
38
1
96
4
24
1
22
1
44
2
4
1
1
3
44
4
72
0
10
1
90
4
50
3
35
1
66
3
34
1
34
1
38
4
18
1
57
3
35
4
88
0
43
2
52
4
46
0
77
2
96
1
65
2
46
3
96
3
48
0
52
1
95
1
77
1
33
1
68
4
17
4
62
3
12
4
47
3
26
4
57
3
16
0
60
0
75
1
38
4
33
2
26
1
15
4
12
0
72
0
76
1
23
4
24
1
53
0
81
2
8
2
7
4
94
4
1
2
88
3
45
0
32
0
30
1
84
4
76
3
39
0
22
4
2
2
22
3
95
4
68
0
22
3
58
3
46
1
57
4
81
4
16
1
96
4
85
4
47
4
17
2
35
0
35
2
28
0
33
4
97
1
11
4
44
0
46
2
29
3
23
2
81
1
24
0
62
4
93
0
75
0
17
3
38
2
51
3
34
0
47
0
65
1
19
1
25
3
58
2
40
2
86
2
35
1
42
4
43
2
99
1
47
2
38
2
35
2
95
3
77
4
30
4
66
1
46
3
80
0
21
0
69
1
83
4
91
1
95
3
17
3
83
4
86
4
20
1
94
0
96
3
57
0
13
2
31
3
61
1
91
0
29
3
71
2
10
1
53
3
18
4
17
4
25
4
62
3
44
1
64
4
98
3
55
4
93
0
30
4
1
1
38
2
52
1
17
4
29
3
83
4
38
2
2
0
13
2
40
1
98
4
99
1
41
3
18
4
72
2
53
2
13
3
13
2
69
1
90
1
59
2
77
2
66
2
26
1
26
3
79
2
82
3
21
0
50
0
45
2
51
4
46
0
37
4
93
0
47
2
18
3
1
3
76
2
47
4
10
1
83
0
21
1
26
1
97
2
61
4
29
2
96
2
72
3
37
1
99
3
86
1
48
1
45
0
49
3
41
1
0
1
0
3
19
0
69
0
31
4
4
4
10
1
15
3
84
2
52
1
54
4
69
2
25
1
66
3
69
4
11
1
70
0
97
2
74
3
38
1
4
1
42
2
37
3
78
4
15
3
4
0
9
2
66
1
75
3
62
0
59
4
95
2
94
1
53
2
11
3
60
4
49
4
81
1
63
1
32
1
87
3
27
0
35
3
26
0
31
3
48
3
90
0
91
4
53
4
31
1
54
3
15
4
63
1
93
0
3
3
29
2
19
1
16
2
93
2
32
4
65
4
31
1
71
3
73
0
24
3
87
1
9
4
95
3
82
0
68
2
4
2
95
3
95
1
19
4
81
4
81
2
56
4
23
2
95
1
63
0
57
2
45
2
46
3
35
3
44
4
96
2
24
3
2
0
8
4
3
0
41
2
14
2
1
2
57
0
54
4
47
4
64
2
62
1
23
1
89
2
33
1
23
2
51
4
8
0
74
0
49
3
9
0
91
2
90
4
72
3
72
1
72
2
95
1
19
4
71
1
72
2
89
1
5
3
33
4
47
1
7
4
44
1
47
2
11
3
24
4
7
3
70
3
22
3
22
3
31
4
13
0
7
1
25
1
32
3
65
0
53
2
14
4
41
3
9
4
21
4
47
1
66
1
77
4
98
4
3
2
77
1
86
4
77
4
57
4
80
1
99
0
52
1
47
3
39
1
32
2
46
1
42
1
46
2
86
3
11
1
18
2
64
4
34
3
3
3
23
4
89
1
49
2
14
2
57
0
12
1
17
0
82
0
37
2
76
4
42
3
19
1
81
0
51
0
76
4
16
0
18
4
62
1
6
2
66
3
67
1
59
4
3
3
64
4
94
2
71
0
74
1
31
0
86
3
97
3
51
0
48
4
32
0
58
2
76
4
56
4
67
4
49
3
26
4
98
0
36
1
6
1
6
4
12
0
12
0
67
2
10
0
43
0
1
3
86
0
37
4
57
1
23
4
56
0
24
3
92
2
90
0
6
3
76
1
93
4
82
4
47
4
5
1
37
0
88
1
54
3
95
0
2
2
37
0
18
3
48
1
60
1
19
1
75
1
74
2
41
1
7
2
17
1
93
3
56
4
28
1
50
2
17
1
57
4
3
1
84
2
98
2
6
3
65
2
39
0
84
3
75
1
23
4
21
4
58
2
11
0
19
4
1
3
31
1
15
2
32
2
45
3
31
4
4
0
70
3
76
2
22
4
86
1
19
3
96
0
11
3
78
1
15
1
32
3
37
4
39
4
28
3
82
2
34
2
42
0
35
4
21
1
62
0
29
2
84
4
23
2
34
3
83
0
30
0
53
3
14
0
37
1
98
3
84
0
57
4
65
0
79
1
69
4
29
1
99
1
3
4
36
3
68
1
19
1
66
2
76
2
92
1
35
4
29
0
35
4
24
2
17
3
14
4
95
4
75
2
69
0
21
3
50
4
71
2
77
2
94
1
45
0
80
4
44
1
42
0
70
2
56
2
63
4
25
4
57
1
14
3
57
1
94
1
95
4
73
1
45
2
67
3
60
2
47
2
8
4
84
3
4
1
4
0
62
4
48
1
95
4
94
1
39
0
53
4
99
4
13
1
0
3
1
2
36
4
63
3
11
3
87
2
60
0
74
4
59
0
60
3
69
0
64
1
30
1
56
0
91
4
77
1
48
3
54
0
71
2
51
0
69
1
91
4
98
3
82
2
32
4
39
3
37
1
99
0
8
4
76
3
72
3
36
2
95
1
34
2
24
4
84
4
84
3
2
2
8
1
99
1
12
0
8
1
51
2
93
0
77
3
85
4
95
4
0
1
59
2
92
2
36
2
32
3
16
3
33
0
48
2
99
1
80
4
95
1
29
3
14
4
71
3
5
3
71
2
67
0
1
3
18
3
13
2
9
3
29
3
12
1
26
4
63
2
67
2
9
2
77
4
91
4
20
3
19
0
8
0
9
3
33
3
0
2
4
4
90
3
53
2
59
2
97
0
10
0
70
2
28
0
1
3
82
3
43
1
89
4
52
4
74
2
19
0
9
1
62
4
77
3
23
1
13
0
44
0
28
0
53
1
82
4
73
4
44
1
13
2
34
1
11
0
84
1
36
3
79
4
37
3
62
4
60
3
50
1
45
4
8
2
32
4
23
4
36
4
43
2
30
2
20
4
30
2
35
4
93
3
92
0
46
3
0
4
67
3
18
1
34
4
29
2
74
4
31
0
7
4
23
2
86
1
32
1
4
2
80
3
5
3
17
0
30
3
39
0
38
3
96
0
31
4
59
2
46
0
11
3
44
2
74
2
60
2
93
4
50
0
39
4
99
3
24
3
74
2
17
3
35
1
11
0
3
3
68
4
2
1
60
2
59
4
0
3
66
2
17
4
14
4
67
0
10
2
55
1
34
1
44
3
34
1
49
3
22
0
9
3
80
2
29
4
49
2
96
0
5
1
72
4
98
4
50
4
64
3
11
4
27
0
54
2
0
0
68
0
60
0
63
2
80
4
52
3
4
4
59
1
39
3
24
3
60
0
10
2
54
3
56
4
10
3
97
3
85
3
27
2
48
1
40
3
9
2
86
4
88
0
77
1
74
2
32
1
65
4
76
4
14
4
0
4
16
3
31
0
4
4
16
0
42
1
48
3
42
2
86
1
9
4
73
0
49
4
55
3
34
2
58
2
35
1
5
3
94
1
40
0
93
3
48
1
61
0
88
1
65
3
94
4
70
4
44
3
41
3
92
2
63
4
48
4
65
2
33
4
1
0
92
1
68
1
72
1
34
0
50
2
18
1
98
4
65
0
67
4
48
1
46
4
1
1
49
2
40
2
47
1
79
1
6
3
42
2
53
4
81
0
45
1
2
2
92
0
84
3
9
4
21
2
35
0
80
0
22
1
43
3
89
3
48
2
62
1
94
2
30
2
70
2
32
0
11
3
69
4
64
0
47
2
67
0
19
3
12
0
86
1
39
3
69
1
78
2
40
0
58
4
85
4
76
2
25
1
94
4
12
3
50
2
88
4
47
0
18
2
72
3
52
0
90
4
29
2
62
2
57
0
87
2
43
3
14
3
49
0
2
2
42
2
29
0
87
0
62
3
64
0
18
3
51
1
19
2
44
3
33
3
92
3
68
1
48
3
14
4
75
4
90
4
85
2
33
0
52
2
1
3
42
3
86
0
0
0
97
3
16
1
15
2
45
4
30
3
9
0
48
2
79
0
3
0
55
0
24
0
69
1
85
2
34
0
53
4
70
2
63
0
90
0
34
0
1
3
1
3
81
3
46
1
35
2
53
4
67
2
5
3
76
2
48
4
87
3
48
4
58
1
9
0
77
