3
89
3
17
5
87
3
9
2
42
2
85
3
55
3
76
6
49
4
15
3
97
6
27
5
58
5
96
4
89
3
99
4
66
2
29
3
79
4
92
2
64
6
29
5
88
4
85
5
5
3
3
6
49
4
48
2
72
3
89
2
99
4
19
6
93
6
3
4
26
3
42
3
63
3
45
6
4
3
88
3
84
5
84
2
52
5
82
3
62
3
24
2
53
5
79
6
14
5
54
2
7
4
95
6
54
4
24
2
39
3
98
6
26
3
24
3
46
4
6
3
3
5
46
6
74
0
10
2
92
5
52
5
37
3
68
5
36
3
36
3
39
6
19
3
59
5
37
6
89
2
45
4
54
6
48
2
79
4
98
3
67
4
48
5
98
5
49
2
54
3
97
3
79
3
35
3
69
6
19
6
64
5
14
6
49
5
28
6
59
5
18
0
60
2
77
3
39
6
35
4
28
3
17
6
14
2
74
2
76
3
25
6
26
3
55
2
83
4
9
4
9
6
96
6
3
4
89
5
47
2
34
0
30
3
86
6
78
5
39
2
24
6
4
4
24
5
97
6
69
2
24
5
59
5
48
3
59
6
83
6
18
3
98
6
87
6
49
6
19
4
37
2
37
4
29
2
35
6
99
3
13
6
46
2
48
4
29
5
25
4
83
3
26
2
64
6
95
2
77
2
19
5
39
4
53
5
36
2
49
2
67
3
19
3
27
5
59
3
42
4
88
4
37
3
44
6
45
4
99
3
49
4
39
4
37
4
97
5
79
5
32
6
68
3
48
4
82
2
23
2
69
3
85
6
93
3
97
5
19
5
85
6
88
5
22
3
96
2
98
5
59
2
15
4
33
5
63
3
93
2
29
5
73
3
12
3
55
5
19
6
19
6
27
6
64
5
46
3
66
6
99
5
57
6
95
0
30
6
3
3
39
4
54
3
19
6
29
5
85
6
39
4
4
2
15
3
42
3
99
6
99
3
43
5
19
6
74
4
55
4
15
5
15
4
69
2
92
3
59
4
79
4
68
4
28
3
28
5
79
4
84
5
23
0
50
2
47
4
53
6
48
2
39
6
95
2
49
4
19
5
3
5
78
4
49
5
11
3
85
2
23
3
28
3
99
4
63
6
29
4
98
4
74
5
39
3
99
5
88
3
49
3
47
2
49
5
43
2
2
2
2
5
19
2
69
2
33
6
6
5
12
3
17
5
86
4
54
3
56
6
69
4
27
3
68
5
69
6
11
2
72
2
99
4
76
5
39
3
6
3
44
4
39
5
79
6
17
5
6
2
9
4
68
3
77
5
64
2
59
6
97
4
96
3
53
4
13
4
62
6
49
6
83
3
65
3
34
3
89
5
29
2
37
5
28
2
33
5
49
4
92
2
93
6
55
6
33
3
56
5
17
6
65
3
95
2
5
5
29
4
19
3
18
4
95
4
34
4
67
6
33
3
73
5
75
2
26
5
89
3
9
6
97
5
84
2
69
4
6
4
97
5
97
3
19
6
83
6
83
4
58
6
25
4
97
3
65
2
59
4
47
4
48
5
37
5
46
6
98
4
26
5
4
2
9
6
5
2
43
4
16
4
3
4
59
2
56
6
49
6
66
4
64
3
25
3
89
4
35
3
25
4
53
6
9
2
76
2
49
5
9
2
93
3
92
6
74
5
74
3
74
4
97
1
19
6
73
3
74
4
89
3
7
5
35
6
49
3
9
6
46
3
49
4
13
5
26
6
9
4
72
5
24
5
24
5
33
6
15
2
9
1
25
3
34
5
67
2
55
4
16
6
43
5
9
6
23
6
49
3
68
3
79
6
99
6
5
4
79
3
88
6
79
6
59
5
82
3
99
2
54
3
49
5
39
3
34
4
48
3
44
1
48
4
88
5
13
3
19
4
66
6
36
5
5
5
25
6
89
3
48
4
16
4
59
2
14
3
19
2
84
2
39
4
78
6
44
5
19
3
83
2
53
2
78
6
18
2
19
6
64
3
8
4
68
5
69
3
59
6
5
5
66
6
96
4
73
2
76
3
33
2
88
5
99
5
53
2
49
6
34
2
59
4
77
6
58
4
69
6
49
5
28
6
99
2
38
3
8
3
8
6
14
2
14
2
69
3
12
2
45
2
3
5
86
2
39
6
59
3
25
6
58
2
26
5
94
3
92
2
8
5
78
3
95
6
84
6
49
6
7
3
39
2
89
3
56
5
97
2
4
4
39
2
19
5
49
2
62
3
19
3
77
3
76
4
43
3
9
4
19
3
95
5
58
4
29
2
52
4
19
3
59
6
5
3
86
4
99
4
8
5
65
4
39
2
86
5
77
3
25
6
23
6
59
4
13
2
19
6
3
5
33
3
17
4
34
4
47
5
33
6
6
0
70
5
78
4
24
6
88
3
19
5
98
2
13
5
79
3
17
3
34
5
39
6
39
6
29
5
84
4
36
4
44
2
37
6
23
3
64
2
29
4
86
6
25
4
36
5
85
0
30
2
55
5
16
2
39
3
99
5
86
2
59
6
67
2
79
3
69
6
29
3
99
3
3
6
38
5
69
3
19
3
68
4
78
4
94
3
37
6
29
2
37
6
26
4
19
5
16
6
97
6
77
4
69
2
23
4
52
6
73
4
79
4
96
3
47
0
80
6
46
3
44
0
70
4
58
4
65
6
27
6
59
3
16
5
59
3
96
1
95
6
75
3
47
4
69
4
62
4
49
4
9
6
86
5
6
3
6
2
62
6
49
3
97
6
96
3
39
2
55
6
99
6
13
2
2
5
3
4
38
6
65
5
13
5
89
3
62
2
76
4
59
0
60
5
69
2
66
2
32
3
58
0
91
6
79
3
49
5
56
2
73
4
53
2
69
3
93
6
99
5
84
4
34
6
39
5
39
3
99
2
9
6
78
5
74
5
38
4
97
1
36
4
26
6
86
6
86
5
4
4
9
3
99
3
14
2
9
3
53
4
95
2
79
5
87
6
97
5
2
3
59
4
94
4
38
4
34
5
18
5
35
2
49
4
99
2
82
6
97
3
29
5
16
6
73
5
7
5
73
4
69
2
3
5
19
5
15
4
9
5
29
5
14
1
28
6
65
4
69
4
9
4
77
6
93
5
22
5
19
2
9
2
9
5
35
4
2
4
6
5
92
5
55
4
59
4
99
0
10
0
70
4
28
2
3
5
84
5
45
3
89
6
54
6
76
4
19
2
9
3
64
4
79
5
25
3
15
2
46
2
29
2
55
3
84
6
75
6
44
3
13
4
36
3
13
2
86
3
38
5
79
6
39
5
64
5
62
4
52
3
47
6
9
2
34
6
25
6
38
6
43
3
32
3
22
4
30
4
37
6
95
5
94
2
48
4
2
6
69
5
19
3
36
6
29
4
76
6
33
2
9
6
25
4
88
3
34
1
6
3
82
5
7
5
19
0
30
5
39
2
39
5
98
2
33
6
59
4
48
2
13
5
46
4
76
3
62
4
95
5
52
2
39
6
99
5
26
5
76
4
19
5
37
3
13
2
5
5
69
6
4
2
62
4
59
5
2
5
68
4
19
6
16
6
69
0
10
4
57
3
36
3
46
5
36
3
49
5
24
2
9
4
82
2
29
6
49
4
98
2
7
3
74
6
99
5
52
6
66
5
13
6
29
2
56
3
2
2
69
0
60
2
65
3
82
6
54
5
6
6
59
3
39
5
26
4
62
0
10
4
56
5
58
5
12
5
99
5
87
5
29
4
49
2
42
5
9
4
88
6
89
2
77
3
76
4
34
1
67
6
78
6
16
5
2
6
18
5
33
2
6
6
18
2
42
3
49
5
44
4
88
3
9
6
75
2
49
6
57
5
36
4
58
4
37
3
7
5
96
2
42
0
93
5
49
3
63
2
89
3
67
5
96
5
72
6
46
5
43
5
94
4
65
6
49
6
67
4
35
6
3
2
94
3
69
3
74
3
36
0
50
4
19
3
99
6
67
2
69
6
49
3
48
6
3
3
49
3
42
4
49
3
79
3
8
5
44
4
55
6
83
2
47
3
4
4
94
2
86
5
9
6
23
4
37
0
80
2
24
3
45
5
89
5
48
4
64
3
96
3
32
3
72
4
34
2
13
5
69
6
66
2
49
4
69
2
19
5
14
2
88
3
39
5
69
3
79
3
42
2
59
6
87
6
78
4
27
3
96
6
14
4
52
4
89
6
49
2
19
4
74
5
54
0
90
6
29
4
64
4
59
2
89
4
45
5
16
5
49
2
4
4
44
4
29
2
89
2
64
5
66
2
19
5
53
3
19
4
46
5
35
5
94
5
69
3
49
3
16
6
77
5
92
6
87
4
35
2
54
4
3
5
44
5
88
0
0
2
99
5
18
3
17
4
47
5
32
5
9
2
49
4
79
2
5
2
57
2
26
2
69
3
87
4
36
2
55
5
72
4
65
0
90
2
36
2
3
5
3
5
81
5
48
3
37
4
55
6
69
4
7
5
78
4
48
6
89
5
49
6
59
3
9
2
79
