9
94
16
28
9
94
9
14
13
55
9
94
9
64
16
88
19
61
16
28
9
99
9
34
9
64
9
99
9
94
9
99
9
74
9
34
16
88
9
99
9
74
9
34
9
94
9
94
9
14
9
14
19
61
17
59
13
85
9
94
9
99
17
29
9
99
9
14
9
34
13
55
9
74
16
58
9
14
9
94
9
94
9
94
9
64
9
94
9
74
9
34
9
64
18
90
15
27
9
64
9
14
9
99
9
64
9
34
9
44
9
99
9
34
9
34
16
58
9
14
9
14
17
59
15
87
0
10
9
99
9
64
9
44
9
74
9
44
9
44
9
44
19
31
9
64
9
44
9
94
15
57
9
64
19
61
15
87
9
99
9
74
17
59
9
99
18
60
9
64
9
99
16
88
9
44
9
74
19
31
9
74
15
27
19
61
9
34
9
64
18
30
0
60
15
87
9
44
9
44
9
34
16
28
15
27
15
87
9
76
9
34
9
34
9
64
9
94
9
14
9
14
9
99
9
14
9
94
18
60
9
44
0
30
9
94
19
91
9
44
9
34
9
14
9
34
9
99
9
74
9
34
9
64
18
60
9
64
9
94
19
31
9
99
9
94
19
61
19
31
9
44
9
44
9
34
9
44
9
99
14
26
17
59
15
57
9
34
9
34
9
94
9
34
9
74
9
99
15
87
15
27
9
44
9
64
9
44
15
57
9
74
16
28
9
34
9
64
13
55
9
94
9
44
15
57
16
58
9
99
16
58
9
44
9
44
9
99
18
90
9
44
9
74
16
58
9
94
9
34
9
74
9
94
9
99
9
99
18
30
9
94
9
94
9
34
9
99
9
99
9
64
15
27
9
44
9
74
9
99
9
34
14
86
13
25
9
64
18
30
19
31
9
34
9
74
17
59
9
74
9
99
9
64
9
99
0
30
9
14
9
44
9
64
16
28
9
34
9
94
9
44
9
14
15
27
13
55
9
99
9
99
14
56
18
30
15
87
9
64
16
28
16
28
9
74
9
99
9
64
17
89
9
74
9
34
9
34
18
90
9
94
9
34
0
50
15
57
9
64
19
61
9
44
9
99
15
57
17
29
9
14
18
90
17
59
9
11
9
94
9
34
9
34
9
99
9
74
9
34
9
99
15
87
9
44
9
99
9
94
16
58
16
58
15
57
14
56
9
14
9
14
18
30
9
74
9
44
9
14
13
25
16
28
9
94
9
64
9
64
9
74
9
34
9
74
9
74
9
11
13
85
9
99
17
89
9
44
9
14
15
57
9
44
18
90
18
30
9
14
9
14
9
74
16
88
9
74
9
64
9
99
9
99
16
52
14
26
9
74
19
61
9
94
9
74
9
44
9
94
9
34
9
44
9
34
9
44
18
60
9
99
9
99
9
64
9
44
9
64
18
30
9
74
9
99
9
14
9
34
17
29
16
28
9
99
9
44
4
69
9
44
14
86
16
88
9
34
9
94
9
14
9
99
9
94
9
74
9
14
9
99
9
99
16
28
9
94
9
94
9
64
9
34
9
99
9
74
9
64
17
59
17
59
9
44
17
59
9
99
9
34
9
14
9
14
9
14
14
56
17
29
9
14
9
64
9
64
19
61
9
74
9
74
9
34
9
94
9
44
9
34
9
64
9
14
15
87
15
57
9
14
9
99
9
99
15
87
15
87
15
87
9
99
1
19
14
86
15
87
9
94
9
14
9
44
19
61
9
14
17
59
16
58
14
26
9
34
9
14
13
85
9
34
9
34
9
44
16
28
9
14
1
25
9
44
9
74
9
64
17
29
14
56
9
14
9
34
19
61
9
74
16
88
9
99
9
14
17
89
9
94
19
91
9
64
9
94
9
99
9
64
16
58
9
44
9
44
17
59
15
57
1
49
9
94
14
26
16
28
9
74
9
44
9
14
9
34
9
94
9
48
17
29
9
64
15
27
16
28
9
94
9
44
17
89
15
57
18
30
9
94
9
64
15
87
19
31
15
27
9
74
9
14
9
74
9
74
9
64
9
14
9
74
9
99
14
86
15
87
9
44
9
94
9
99
9
64
15
57
9
44
9
64
17
89
9
64
4
69
19
61
9
34
9
99
9
44
9
14
9
14
15
27
15
27
9
74
13
25
15
57
9
14
9
86
9
44
9
64
9
34
9
64
9
34
9
99
9
99
9
14
18
90
9
99
9
94
19
61
9
14
9
44
9
94
9
64
9
99
9
14
9
44
15
27
18
60
9
74
16
28
16
88
16
88
14
56
9
14
17
29
9
99
9
64
4
29
9
64
17
29
9
64
9
14
9
94
9
99
9
14
8
65
9
44
9
94
18
90
9
34
9
34
9
64
14
26
15
27
9
14
9
44
16
28
9
44
17
59
9
44
9
14
0
70
18
90
9
34
9
94
16
28
9
99
14
26
18
90
16
28
9
44
9
44
9
44
9
34
9
94
9
44
15
57
9
44
9
34
9
74
9
34
9
94
9
34
9
44
9
94
0
30
9
64
17
29
9
44
9
99
9
94
9
64
9
74
15
87
9
74
9
34
9
99
9
3
9
44
9
74
16
28
9
74
17
89
9
99
9
44
9
34
9
44
9
34
17
29
17
29
9
99
18
90
9
74
9
34
9
64
14
86
17
89
9
99
16
58
0
80
17
59
15
57
0
70
9
64
9
74
9
34
9
64
16
28
9
64
9
99
1
95
16
88
16
58
9
74
9
74
17
59
9
14
9
94
9
14
9
14
9
62
19
61
9
99
9
99
9
44
9
64
9
99
9
13
9
14
9
14
9
44
9
74
14
26
9
94
9
74
15
87
4
59
0
60
9
74
9
74
9
44
9
64
0
91
19
91
16
58
9
64
14
86
9
64
9
74
9
99
9
99
9
94
9
44
9
44
9
44
9
99
9
14
19
91
15
87
9
44
9
99
1
39
9
34
9
94
9
94
9
14
9
14
9
99
15
27
9
14
9
64
9
99
15
87
9
94
9
99
9
14
9
64
9
99
9
44
9
44
18
30
9
44
15
57
9
99
9
94
9
99
9
34
17
29
14
86
9
14
14
86
9
74
9
14
18
30
16
28
9
14
9
34
15
27
1
29
9
74
9
74
9
14
9
77
9
99
9
34
18
30
9
14
9
14
9
44
9
14
9
14
9
99
9
64
9
64
9
99
0
10
0
70
9
28
9
14
9
94
16
58
9
94
9
64
17
89
17
29
9
14
9
74
4
79
9
34
16
28
15
57
9
34
9
64
9
94
16
88
9
43
9
13
9
44
14
26
9
94
9
44
18
90
9
44
9
74
9
74
9
64
16
58
9
14
2
39
9
34
9
44
9
43
9
44
9
34
4
30
9
44
9
99
9
99
15
57
9
14
9
74
18
30
9
44
9
34
17
89
9
44
9
14
9
34
9
94
9
44
1
9
9
94
9
14
18
30
0
30
9
44
9
44
9
99
9
44
9
64
17
59
14
26
17
59
17
89
9
74
9
99
9
64
9
44
9
99
9
34
17
89
17
29
9
44
14
26
9
14
9
74
9
14
9
74
9
64
9
14
9
74
17
29
17
29
9
74
0
10
9
64
9
44
16
58
9
44
16
58
9
34
9
14
9
94
2
29
19
61
9
99
9
14
15
87
9
99
9
64
9
74
14
26
9
34
9
64
9
14
9
74
0
60
9
74
9
94
9
64
9
14
9
64
9
44
9
34
9
74
0
10
9
64
9
64
13
25
9
99
9
94
9
34
17
59
13
55
9
14
9
94
9
94
9
77
16
88
9
44
1
69
19
91
17
29
9
14
19
31
9
44
9
14
19
31
9
42
16
58
15
57
9
94
9
14
16
88
15
57
9
64
9
44
9
58
9
44
9
14
9
99
13
55
0
93
18
60
9
74
9
94
9
74
9
99
13
85
17
59
14
56
9
99
9
74
19
61
9
74
9
44
9
14
9
99
9
74
15
87
9
44
0
50
17
29
9
99
9
74
9
74
19
61
16
58
9
14
16
58
13
55
17
59
16
88
9
14
15
57
9
64
9
94
15
57
9
14
9
99
9
94
9
14
9
34
9
44
0
80
9
34
16
58
9
94
9
48
9
74
9
99
9
44
13
85
9
44
14
26
9
74
9
74
15
57
9
74
15
27
15
27
9
94
9
44
9
74
16
88
13
55
9
64
9
94
19
91
9
34
9
99
15
27
9
64
9
94
19
61
15
27
15
87
9
64
0
90
9
34
9
74
9
64
9
94
16
58
17
29
18
60
9
14
15
57
9
34
9
94
9
74
9
74
15
27
9
64
16
28
17
59
9
44
9
99
9
74
16
58
3
19
18
90
9
99
9
94
9
44
9
64
9
14
15
57
9
94
0
0
9
99
18
30
16
28
17
59
9
44
9
14
15
57
17
89
9
14
9
64
9
34
9
74
9
94
9
44
9
64
13
85
9
74
0
90
9
44
9
14
9
14
18
81
18
60
9
44
9
64
9
74
9
14
18
90
9
48
9
94
18
60
9
64
9
9
15
87
