5
89
5
19
7
89
5
9
4
44
4
87
5
57
5
78
8
50
6
17
5
99
8
29
7
59
7
98
6
89
5
99
6
68
4
29
5
79
6
94
4
66
8
30
7
89
6
87
7
7
5
5
8
50
6
49
4
74
5
89
4
99
6
19
8
95
8
5
6
28
5
44
5
65
5
47
8
6
5
89
5
86
7
86
4
54
7
84
5
64
5
26
4
55
7
79
8
16
7
56
4
9
6
97
8
56
6
26
4
39
5
99
8
28
5
26
5
48
6
8
5
5
7
48
8
76
0
10
4
94
7
54
7
39
5
69
7
38
5
38
5
39
8
20
5
59
7
39
8
90
4
47
6
56
8
50
4
79
6
99
5
69
6
49
7
99
7
49
4
56
5
99
5
79
5
37
5
69
8
20
8
66
7
16
8
50
7
29
8
60
7
19
0
60
4
79
5
39
8
37
6
29
5
19
8
16
4
76
4
76
5
27
8
28
5
57
4
85
6
9
6
9
8
98
8
5
6
89
7
49
4
36
0
30
5
88
8
80
7
39
4
26
8
6
6
26
7
99
8
70
4
26
7
59
7
49
5
59
8
85
8
20
5
99
8
89
8
50
8
20
6
39
4
39
6
29
4
37
8
99
5
15
8
48
4
49
6
29
7
27
6
85
5
28
4
66
8
97
4
79
4
19
7
39
6
55
7
38
4
49
4
69
5
19
5
29
7
59
5
44
6
89
6
39
5
46
8
47
6
99
5
49
6
39
6
39
6
99
7
79
7
34
8
70
5
49
6
84
4
25
4
69
5
87
8
95
5
99
7
19
7
87
8
90
7
24
5
98
4
99
7
59
4
17
6
35
7
65
5
95
4
29
7
75
5
14
5
57
7
19
8
20
8
29
8
66
7
48
5
68
8
99
7
59
8
97
0
30
8
5
5
39
6
56
5
19
8
30
7
87
8
40
6
6
4
17
5
44
5
99
8
99
5
45
7
19
8
76
6
57
6
17
7
17
6
69
4
94
5
59
6
79
6
69
6
29
5
29
7
79
6
86
7
25
0
50
4
49
6
55
8
50
4
39
8
97
4
49
6
19
7
5
7
79
6
49
7
11
5
87
4
25
5
29
5
99
6
65
8
30
6
99
6
76
7
39
5
99
7
89
5
49
5
49
4
49
7
45
4
4
4
4
7
19
4
69
4
35
8
8
7
14
5
19
7
88
6
56
5
58
8
70
6
29
5
69
7
69
8
11
4
74
4
99
6
78
7
39
5
8
5
46
6
39
7
79
8
19
7
8
4
9
6
69
5
79
7
66
4
59
8
99
6
98
5
53
6
15
6
64
8
50
8
85
5
67
5
36
5
89
7
29
4
39
7
29
4
35
7
49
6
94
4
95
8
57
8
35
5
58
7
19
8
67
5
97
4
7
7
29
6
19
5
19
6
97
6
36
4
69
8
35
5
75
7
77
4
28
7
89
5
9
8
99
7
86
4
69
6
8
6
99
7
99
5
19
8
85
8
85
6
59
8
27
6
99
5
67
4
59
6
49
6
49
7
39
7
48
8
99
6
28
7
6
4
9
8
7
4
45
6
18
6
5
6
59
4
58
8
50
8
68
6
66
5
27
5
89
6
37
5
27
6
55
8
10
4
78
4
49
7
9
4
95
5
94
8
76
7
76
5
76
6
99
1
19
8
75
5
76
6
89
5
9
7
37
8
50
5
9
8
48
5
49
6
15
7
28
8
10
6
74
7
26
7
26
7
35
8
17
4
9
1
25
5
36
7
69
4
57
6
18
8
45
7
9
8
25
8
50
5
69
5
79
8
99
8
7
6
79
5
89
8
80
8
60
7
84
5
99
4
56
5
49
7
39
5
36
6
49
5
46
1
49
6
89
7
15
5
19
6
68
8
38
7
7
7
27
8
90
5
48
6
18
6
59
4
16
5
19
4
86
4
39
6
79
8
46
7
19
5
85
4
55
4
79
8
20
4
19
8
66
5
9
6
69
7
69
5
59
8
7
7
68
8
98
6
75
4
78
5
35
4
89
7
99
7
55
4
49
8
36
4
59
6
79
8
60
4
69
8
50
7
29
8
99
4
39
5
9
5
9
8
16
4
16
4
69
5
14
4
47
4
5
7
86
4
39
8
60
5
27
8
60
4
28
7
96
5
94
4
9
7
79
5
97
8
86
8
50
8
9
5
39
4
89
5
58
7
99
4
6
6
39
4
19
7
49
4
64
5
19
5
79
5
78
6
45
5
9
6
19
5
97
7
59
4
29
4
54
6
19
5
59
8
7
5
88
6
99
6
9
7
65
6
39
4
88
7
79
5
27
8
25
8
60
6
15
4
19
8
5
7
35
5
19
6
36
6
49
7
35
8
8
0
70
7
79
6
26
8
90
5
19
7
99
4
15
7
79
5
19
5
36
7
39
8
40
8
30
7
86
6
38
6
46
4
39
8
25
5
66
4
29
6
88
8
27
6
38
7
87
0
30
4
57
7
18
4
39
5
99
7
88
4
59
8
69
4
79
5
69
8
30
5
99
5
3
8
40
7
69
5
19
5
69
6
79
6
96
5
39
8
30
4
39
8
28
6
19
7
18
8
99
8
79
6
69
4
25
6
54
8
75
6
79
6
98
5
49
0
80
8
48
5
46
0
70
6
59
6
67
8
29
8
60
5
18
7
59
5
98
1
95
8
77
5
49
6
69
6
64
6
49
6
9
8
88
7
8
5
8
4
62
8
50
5
99
8
98
5
39
4
57
8
99
8
13
4
4
7
5
6
39
8
67
7
15
7
89
5
64
4
78
4
59
0
60
7
69
4
68
4
34
5
59
0
91
8
80
5
49
7
58
4
75
6
55
4
69
5
95
8
99
7
86
6
36
8
40
7
39
5
99
4
9
8
80
7
76
7
39
6
99
1
38
6
28
8
88
8
88
7
6
6
9
5
99
5
16
4
9
5
55
6
97
4
79
7
89
8
99
7
4
5
59
6
96
6
39
6
36
7
19
7
37
4
49
6
99
4
84
8
99
5
29
7
18
8
75
7
9
7
75
6
69
4
5
7
19
7
17
6
9
7
29
7
16
1
29
8
67
6
69
6
9
6
77
8
95
7
24
7
19
4
9
4
9
7
37
6
4
6
8
7
94
7
57
6
59
6
99
0
10
0
70
6
28
4
5
7
86
7
47
5
89
8
56
8
78
6
19
4
9
5
66
4
79
7
27
5
17
4
48
4
29
4
57
5
86
8
77
8
44
5
13
6
38
5
15
4
88
5
39
7
79
8
40
7
66
7
64
6
54
5
49
8
10
2
36
8
27
8
40
8
43
5
34
5
24
4
30
6
39
8
97
7
96
4
49
6
4
8
70
7
19
5
38
8
30
6
78
8
35
4
9
8
27
6
89
5
36
1
8
5
84
7
9
7
19
0
30
7
39
4
39
7
99
4
35
8
60
6
49
4
15
7
48
6
78
5
64
6
97
7
54
4
39
8
99
7
28
7
78
6
19
7
39
5
15
4
7
7
69
8
6
4
64
6
59
7
4
7
69
6
19
8
18
8
70
0
10
6
59
5
38
5
48
7
38
5
49
7
26
4
9
6
84
2
29
8
50
6
99
4
9
5
76
8
99
7
54
8
68
7
15
8
30
4
58
5
4
4
69
0
60
4
67
5
84
8
56
7
8
8
60
5
39
7
28
6
64
0
10
6
58
7
59
7
14
7
99
7
89
7
29
6
49
4
44
7
9
6
89
8
90
4
77
5
78
6
36
1
69
8
80
8
18
7
4
8
20
7
35
4
8
8
20
4
42
5
49
7
46
6
89
5
9
8
77
4
49
8
59
7
38
6
58
6
39
5
9
7
98
4
44
0
93
7
49
5
65
4
89
5
69
7
98
7
74
8
48
7
45
7
96
6
67
8
50
8
69
6
37
8
5
4
96
5
69
5
76
5
38
0
50
6
19
5
99
8
69
4
69
8
50
5
49
8
5
5
49
5
44
6
49
5
79
5
9
7
46
6
57
8
85
4
49
5
6
6
96
4
88
7
9
8
25
6
39
0
80
4
26
5
47
7
89
7
48
6
66
5
98
5
34
5
74
6
36
4
15
7
69
8
68
4
49
6
69
4
19
7
16
4
89
5
39
7
69
5
79
5
44
4
59
8
89
8
80
6
29
5
98
8
16
6
54
6
89
8
50
4
19
6
76
7
56
0
90
8
30
6
66
6
59
4
89
6
47
7
18
7
49
4
6
6
46
6
29
4
89
4
66
7
68
4
19
7
55
5
19
6
48
7
37
7
96
7
69
5
49
3
18
8
79
7
94
8
89
6
37
4
56
6
5
7
46
7
89
0
0
4
99
7
19
5
19
6
49
7
34
7
9
4
49
6
79
4
7
4
59
4
28
4
69
5
89
6
38
4
57
7
74
6
67
0
90
4
38
4
5
7
5
7
81
7
49
5
39
6
57
8
70
6
9
7
79
6
48
8
90
7
49
8
60
5
9
4
79
