9
91
9
21
9
93
9
11
8
48
8
90
9
61
9
81
12
54
9
21
9
99
9
33
9
63
9
99
9
92
9
99
9
72
8
30
9
81
9
98
8
70
9
34
9
93
9
91
9
11
9
9
12
54
10
52
8
78
9
91
8
99
10
22
9
99
9
9
9
32
9
48
9
69
9
51
9
10
9
91
9
90
9
90
8
58
9
88
9
68
9
30
8
59
11
83
9
20
9
60
8
10
9
99
9
60
9
30
8
40
9
99
9
32
9
30
9
51
9
12
9
9
10
52
9
80
0
10
8
98
9
58
9
43
9
71
9
42
9
41
9
41
12
24
9
61
9
43
9
94
8
50
9
60
12
54
8
80
9
99
9
71
10
52
9
99
11
53
8
60
9
99
9
81
9
41
9
71
12
24
9
70
9
20
12
54
9
33
9
64
11
23
0
60
8
80
9
41
9
41
9
32
9
21
9
20
8
80
8
76
9
31
9
32
9
61
8
89
9
12
9
12
9
99
9
9
9
92
11
53
8
40
0
30
9
91
12
84
9
43
8
30
9
10
9
30
9
99
9
74
8
30
9
63
11
53
9
61
9
89
12
24
9
99
9
93
12
54
12
24
9
42
8
40
9
32
8
40
9
99
9
19
10
52
8
50
9
32
9
31
9
89
9
31
8
70
9
99
8
80
8
20
9
43
9
59
9
42
8
50
8
70
9
21
9
31
9
63
9
48
9
92
9
42
9
50
9
51
9
99
9
51
9
42
9
42
9
99
11
83
9
38
9
74
9
51
9
88
8
29
8
70
9
91
9
99
9
99
11
23
9
91
9
94
9
28
9
99
8
99
9
63
8
20
9
39
9
69
9
99
8
30
9
79
9
18
9
61
11
23
12
24
9
33
9
70
10
52
9
71
9
99
9
63
9
99
0
30
9
9
9
41
9
60
9
21
9
34
9
91
9
44
9
10
8
20
9
48
9
99
9
99
9
49
11
23
9
80
9
61
9
21
9
21
9
72
8
98
9
61
10
82
9
72
9
32
9
31
11
83
9
90
9
29
0
50
8
50
9
59
12
54
8
40
9
99
8
50
10
22
9
9
11
83
10
52
9
11
9
91
8
29
9
31
9
99
9
69
9
34
9
99
9
80
9
43
9
99
9
93
9
51
9
51
8
50
9
49
8
8
8
8
11
23
8
70
8
39
9
12
9
18
9
21
9
92
9
60
9
61
9
74
9
32
9
71
9
73
9
11
8
78
8
99
10
82
9
43
9
11
9
50
9
42
11
83
11
23
9
12
8
10
9
72
9
81
9
70
8
60
9
99
9
99
9
53
9
19
9
68
12
54
9
89
9
71
9
40
9
91
9
33
8
40
9
33
8
39
11
53
9
98
8
99
9
61
9
39
9
61
11
23
9
71
9
99
8
10
9
33
10
22
9
21
9
99
9
40
4
69
9
39
9
79
9
81
8
30
9
93
9
11
9
99
9
90
8
70
9
12
9
99
9
99
9
21
9
89
9
89
9
62
9
31
9
99
9
71
8
60
10
52
10
52
9
43
10
52
9
99
9
32
9
10
8
10
9
11
8
49
10
22
9
9
9
62
8
60
12
54
9
72
9
70
9
31
9
91
9
41
9
31
9
59
9
14
8
80
8
50
9
13
8
99
9
98
9
80
9
80
9
80
9
99
1
19
9
79
9
80
9
92
9
11
9
41
12
54
9
11
10
52
9
51
9
19
9
32
9
14
9
78
9
30
9
30
9
39
9
21
8
10
1
25
9
40
9
73
8
60
10
22
9
49
9
13
9
29
12
54
9
71
9
81
9
99
9
11
10
82
9
91
12
84
9
64
9
88
9
99
8
60
9
51
9
43
9
40
10
52
9
50
1
49
9
92
9
19
9
21
9
72
9
42
9
11
9
31
9
94
9
48
10
22
9
62
8
20
9
21
8
90
8
40
10
82
9
50
11
23
9
89
8
59
8
80
12
24
8
20
9
70
9
11
9
72
9
73
9
61
9
11
9
72
9
99
9
79
8
80
9
39
8
90
9
99
9
59
8
50
9
40
8
60
10
82
9
64
4
69
12
54
9
33
9
99
8
40
9
11
9
11
9
20
8
20
8
70
9
18
8
50
8
9
9
86
8
40
9
64
9
31
9
64
8
30
9
99
9
98
8
10
11
83
9
99
9
90
12
54
9
13
9
41
8
90
9
61
9
99
8
10
9
42
8
20
11
53
8
68
9
21
9
81
9
81
9
49
9
11
10
22
9
99
9
63
4
29
8
58
10
22
9
61
9
11
9
91
9
99
9
12
8
65
9
42
8
90
11
83
9
31
9
29
9
64
9
19
8
20
9
9
9
39
9
21
9
40
10
52
9
39
9
12
0
70
11
83
9
30
9
94
9
21
9
99
8
19
11
83
9
21
9
40
9
43
9
44
9
34
9
90
9
42
9
50
8
40
9
29
9
70
8
30
9
92
9
31
9
42
9
91
0
30
8
60
10
22
8
40
9
99
9
92
8
60
9
73
8
80
9
71
9
34
9
99
9
3
9
44
9
73
9
21
9
71
10
82
9
99
9
41
9
34
8
40
9
32
10
22
10
22
9
99
11
83
9
72
8
29
9
58
9
79
10
82
9
99
9
51
0
80
10
52
9
50
0
70
9
62
9
71
9
33
9
64
9
21
9
63
9
99
1
95
9
81
9
51
9
72
9
68
10
52
9
12
9
92
9
12
9
11
8
62
12
54
9
99
9
99
9
41
8
60
9
99
9
13
8
8
9
9
9
42
9
71
9
19
9
93
9
68
8
80
4
59
0
60
9
73
8
70
8
38
9
61
0
91
12
84
9
51
9
62
8
79
9
59
8
70
9
99
9
99
9
90
9
40
9
44
9
43
9
99
8
10
12
84
9
80
9
43
9
99
1
39
9
32
9
92
9
92
9
10
9
12
9
99
9
20
8
10
9
59
9
99
8
80
9
93
9
99
9
8
9
61
9
99
9
42
9
40
11
23
9
41
8
50
9
99
8
88
9
99
9
31
10
22
9
79
9
13
9
79
9
72
8
9
11
23
9
21
9
12
9
33
9
20
1
29
9
71
9
72
9
12
9
77
9
99
9
28
11
23
8
10
8
10
9
41
9
8
9
12
9
98
9
61
9
62
9
99
0
10
0
70
9
28
8
9
9
90
9
51
9
91
9
60
10
82
10
22
8
10
9
70
4
79
9
31
9
21
8
50
8
30
8
60
9
90
9
81
9
43
9
13
9
42
9
19
8
90
9
41
11
83
9
44
9
70
9
68
9
58
9
51
9
14
2
39
9
31
9
44
9
43
9
38
9
28
4
30
9
42
9
99
9
99
8
50
9
8
9
74
11
23
9
41
9
34
10
82
9
39
8
10
9
31
9
92
9
40
1
9
9
88
9
13
11
23
0
30
9
43
8
40
9
99
8
39
9
64
10
52
8
19
10
52
10
82
9
68
9
99
9
58
8
40
9
99
9
32
10
82
10
22
9
43
9
19
8
10
9
73
9
10
8
68
9
62
9
8
9
73
10
22
10
22
9
74
0
10
9
62
9
41
9
51
9
42
9
51
9
30
8
10
9
88
2
29
12
54
9
99
8
10
9
80
9
99
9
58
9
72
9
19
9
34
8
60
9
8
8
70
0
60
8
70
9
88
9
60
9
12
9
64
9
41
9
32
9
68
0
10
9
62
9
63
9
18
9
99
9
93
9
33
10
52
8
48
9
13
9
92
9
94
8
77
9
81
9
40
1
69
12
84
10
22
9
8
12
24
9
39
8
10
12
24
8
42
9
51
9
50
9
92
9
11
9
81
8
50
9
63
9
42
9
58
9
42
9
11
9
99
8
48
0
93
11
53
9
69
8
90
9
71
9
99
9
78
10
52
9
49
9
99
9
71
12
54
9
73
9
41
9
9
8
99
9
71
9
80
9
41
0
50
10
22
9
99
9
73
8
70
12
54
9
51
9
9
9
51
9
48
10
52
9
81
9
11
9
50
9
61
9
89
8
50
9
10
9
99
8
90
9
13
9
29
9
42
0
80
8
30
9
51
9
93
9
48
9
70
9
99
9
38
9
78
9
40
8
19
9
73
9
72
8
50
9
72
8
20
9
20
8
90
9
41
9
73
9
81
9
48
8
60
9
93
12
84
9
32
9
99
9
20
9
58
9
92
12
54
8
20
9
80
9
60
0
90
9
34
9
70
9
62
8
90
9
51
10
22
11
53
8
10
9
50
9
32
8
90
8
70
9
72
8
20
9
59
9
21
10
52
9
41
9
99
9
73
9
51
3
19
11
83
9
98
9
93
9
41
8
60
9
9
9
50
9
93
0
0
8
99
11
23
9
21
10
52
9
38
9
13
8
50
10
82
8
10
8
60
8
30
8
70
9
91
9
42
8
60
9
78
9
71
0
90
8
40
8
9
9
9
11
81
11
53
9
41
9
61
9
74
9
12
11
83
9
48
9
94
11
53
9
64
9
9
8
80
