9
94
14
26
9
94
9
14
11
53
9
94
9
64
14
86
17
59
14
26
9
99
9
34
9
64
9
99
9
94
9
99
9
74
9
34
14
86
9
99
9
74
9
34
9
94
9
94
9
14
9
14
17
59
15
57
11
83
9
94
9
99
15
27
9
99
9
14
9
34
11
53
9
74
14
56
9
14
9
94
9
94
9
94
9
63
9
93
9
73
9
34
9
64
16
88
13
25
9
64
9
14
9
99
9
64
9
34
9
44
9
99
9
34
9
34
14
56
9
14
9
14
15
57
13
85
0
10
9
99
9
63
9
44
9
74
9
44
9
44
9
44
17
29
9
64
9
44
9
94
13
55
9
64
17
59
13
85
9
99
9
74
15
57
9
99
16
58
9
64
9
99
14
86
9
44
9
74
17
29
9
74
13
25
17
59
9
34
9
64
16
28
0
60
13
85
9
44
9
44
9
34
14
26
13
25
13
85
9
76
9
34
9
34
9
64
9
94
9
14
9
14
9
99
9
14
9
94
16
58
9
44
0
30
9
94
17
89
9
44
9
34
9
14
9
34
9
99
9
74
9
34
9
64
16
58
9
64
9
94
17
29
9
99
9
94
17
59
17
29
9
44
9
44
9
34
9
44
9
99
12
24
15
57
13
55
9
34
9
34
9
94
9
34
9
74
9
99
13
85
13
25
9
44
9
64
9
44
13
55
9
74
14
26
9
34
9
64
11
53
9
94
9
44
13
55
14
56
9
99
14
56
9
44
9
44
9
99
16
88
9
43
9
74
14
56
9
93
9
34
9
74
9
94
9
99
9
99
16
28
9
94
9
94
9
33
9
99
9
99
9
64
13
25
9
44
9
74
9
99
9
34
12
84
11
23
9
64
16
28
17
29
9
34
9
74
15
57
9
74
9
99
9
64
9
99
0
30
9
14
9
44
9
64
14
26
9
34
9
94
9
44
9
14
13
25
11
53
9
99
9
99
12
54
16
28
13
85
9
64
14
26
14
26
9
74
9
99
9
64
15
87
9
74
9
34
9
34
16
88
9
94
9
34
0
50
13
55
9
64
17
59
9
44
9
99
13
55
15
27
9
14
16
88
15
57
9
11
9
94
9
34
9
34
9
99
9
74
9
34
9
99
13
85
9
44
9
99
9
94
14
56
14
56
13
55
12
54
9
13
9
13
16
28
9
74
9
44
9
14
11
23
14
26
9
94
9
64
9
64
9
74
9
34
9
74
9
74
9
11
11
83
9
99
15
87
9
44
9
14
13
55
9
44
16
88
16
28
9
14
9
14
9
74
14
86
9
74
9
64
9
99
9
99
14
52
12
24
9
73
17
59
9
94
9
74
9
44
9
94
9
34
9
44
9
34
9
44
16
58
9
99
9
99
9
64
9
44
9
64
16
28
9
74
9
99
9
14
9
34
15
27
14
26
9
99
9
44
4
69
9
44
12
84
14
86
9
34
9
94
9
14
9
99
9
94
9
74
9
14
9
99
9
99
14
26
9
94
9
94
9
64
9
34
9
99
9
74
9
64
15
57
15
57
9
44
15
57
9
99
9
34
9
14
9
14
9
14
12
54
15
27
9
14
9
64
9
64
17
59
9
74
9
74
9
34
9
94
9
44
9
34
9
64
9
14
13
85
13
55
9
14
9
99
9
99
13
85
13
85
13
85
9
99
1
19
12
84
13
85
9
94
9
14
9
44
17
59
9
14
15
57
14
56
12
24
9
34
9
14
11
83
9
34
9
34
9
44
14
26
9
14
1
25
9
44
9
74
9
64
15
27
12
54
9
14
9
34
17
59
9
74
14
86
9
99
9
14
15
87
9
94
17
89
9
64
9
93
9
99
9
64
14
56
9
44
9
44
15
57
13
55
1
49
9
94
12
24
14
26
9
74
9
44
9
14
9
34
9
94
9
48
15
27
9
64
13
25
14
26
9
94
9
44
15
87
13
55
16
28
9
94
9
64
13
85
17
29
13
25
9
74
9
14
9
74
9
74
9
64
9
14
9
74
9
99
12
84
13
85
9
44
9
94
9
99
9
64
13
55
9
44
9
64
15
87
9
64
4
69
17
59
9
34
9
99
9
44
9
14
9
14
13
25
13
25
9
74
11
23
13
55
9
14
9
86
9
44
9
64
9
34
9
64
9
34
9
99
9
99
9
14
16
88
9
99
9
94
17
59
9
14
9
44
9
94
9
64
9
99
9
14
9
44
13
25
16
58
9
73
14
26
14
86
14
86
12
54
9
14
15
27
9
99
9
64
4
29
9
63
15
27
9
64
9
14
9
94
9
99
9
14
8
65
9
44
9
94
16
88
9
34
9
34
9
64
12
24
13
25
9
14
9
44
14
26
9
44
15
57
9
44
9
14
0
70
16
88
9
34
9
94
14
26
9
99
12
24
16
88
14
26
9
44
9
44
9
44
9
34
9
94
9
44
13
55
9
44
9
34
9
74
9
34
9
94
9
34
9
44
9
94
0
30
9
64
15
27
9
44
9
99
9
94
9
64
9
74
13
85
9
74
9
34
9
99
9
3
9
44
9
74
14
26
9
74
15
87
9
99
9
44
9
34
9
44
9
34
15
27
15
27
9
99
16
88
9
74
9
34
9
63
12
84
15
87
9
99
14
56
0
80
15
57
13
55
0
70
9
64
9
74
9
34
9
64
14
26
9
64
9
99
1
95
14
86
14
56
9
74
9
73
15
57
9
14
9
94
9
14
9
14
9
62
17
59
9
99
9
99
9
44
9
64
9
99
9
13
9
13
9
14
9
44
9
74
12
24
9
94
9
73
13
85
4
59
0
60
9
74
9
74
9
43
9
64
0
91
17
89
14
56
9
64
12
84
9
64
9
74
9
99
9
99
9
94
9
44
9
44
9
44
9
99
9
14
17
89
13
85
9
44
9
99
1
39
9
34
9
94
9
94
9
14
9
14
9
99
13
25
9
14
9
64
9
99
13
85
9
94
9
99
9
13
9
64
9
99
9
44
9
44
16
28
9
44
13
55
9
99
9
93
9
99
9
34
15
27
12
84
9
14
12
84
9
74
9
14
16
28
14
26
9
14
9
34
13
25
1
29
9
74
9
74
9
14
9
77
9
99
9
33
16
28
9
14
9
14
9
44
9
13
9
14
9
99
9
64
9
64
9
99
0
10
0
70
9
28
9
14
9
94
14
56
9
94
9
64
15
87
15
27
9
14
9
74
4
79
9
34
14
26
13
55
9
34
9
64
9
94
14
86
9
43
9
13
9
44
12
24
9
94
9
44
16
88
9
44
9
74
9
73
9
63
14
56
9
14
2
39
9
34
9
44
9
43
9
43
9
33
4
30
9
44
9
99
9
99
13
55
9
13
9
74
16
28
9
44
9
34
15
87
9
44
9
14
9
34
9
94
9
44
1
9
9
93
9
14
16
28
0
30
9
44
9
44
9
99
9
44
9
64
15
57
12
24
15
57
15
87
9
73
9
99
9
63
9
44
9
99
9
34
15
87
15
27
9
44
12
24
9
14
9
74
9
14
9
73
9
64
9
13
9
74
15
27
15
27
9
74
0
10
9
64
9
44
14
56
9
44
14
56
9
34
9
14
9
93
2
29
17
59
9
99
9
14
13
85
9
99
9
63
9
74
12
24
9
34
9
64
9
13
9
74
0
60
9
74
9
93
9
64
9
14
9
64
9
44
9
34
9
73
0
10
9
64
9
64
11
23
9
99
9
94
9
34
15
57
11
53
9
14
9
94
9
94
9
77
14
86
9
44
1
69
17
89
15
27
9
13
17
29
9
44
9
14
17
29
9
42
14
56
13
55
9
94
9
14
14
86
13
55
9
64
9
44
9
58
9
44
9
14
9
99
11
53
0
93
16
58
9
74
9
94
9
74
9
99
11
83
15
57
12
54
9
99
9
74
17
59
9
74
9
44
9
14
9
99
9
74
13
85
9
44
0
50
15
27
9
99
9
74
9
74
17
59
14
56
9
14
14
56
11
53
15
57
14
86
9
14
13
55
9
64
9
94
13
55
9
14
9
99
9
94
9
14
9
34
9
44
0
80
9
34
14
56
9
94
9
48
9
74
9
99
9
43
11
83
9
44
12
24
9
74
9
74
13
55
9
74
13
25
13
25
9
94
9
44
9
74
14
86
11
53
9
64
9
94
17
89
9
34
9
99
13
25
9
63
9
94
17
59
13
25
13
85
9
64
0
90
9
34
9
74
9
64
9
94
14
56
15
27
16
58
9
14
13
55
9
34
9
94
9
74
9
74
13
25
9
64
14
26
15
57
9
44
9
99
9
74
14
56
3
19
16
88
9
99
9
94
9
44
9
64
9
14
13
55
9
94
0
0
9
99
16
28
14
26
15
57
9
43
9
14
13
55
15
87
9
14
9
64
9
34
9
74
9
94
9
44
9
64
11
83
9
74
0
90
9
44
9
14
9
14
16
81
16
58
9
44
9
64
9
74
9
14
16
88
9
48
9
94
16
58
9
64
9
9
13
85
