9
94
19
33
9
94
9
14
18
60
9
94
9
64
19
93
19
64
19
33
9
99
9
34
9
64
9
99
9
94
9
99
9
74
9
34
19
93
9
99
9
74
9
34
9
94
9
94
9
14
9
14
19
64
19
64
18
90
9
94
9
99
19
34
9
99
9
14
9
34
18
60
9
74
19
63
9
14
9
94
9
94
9
94
9
64
9
94
9
74
9
34
9
64
19
94
19
32
9
64
9
14
9
99
9
64
9
34
9
44
9
99
9
34
9
34
19
63
9
14
9
14
19
64
19
92
0
10
9
99
9
64
9
44
9
74
9
44
9
44
9
44
19
34
9
64
9
44
9
94
19
62
9
64
19
64
19
92
9
99
9
74
19
64
9
99
19
64
9
64
9
99
19
93
9
44
9
74
19
34
9
74
19
32
19
64
9
34
9
64
19
34
0
60
19
92
9
44
9
44
9
34
19
33
19
32
19
92
9
76
9
34
9
34
9
64
9
94
9
14
9
14
9
99
9
14
9
94
19
64
9
44
0
30
9
94
19
94
9
44
9
34
9
14
9
34
9
99
9
74
9
34
9
64
19
64
9
64
9
94
19
34
9
99
9
94
19
64
19
34
9
44
9
44
9
34
9
44
9
99
19
31
19
64
19
62
9
34
9
34
9
94
9
34
9
74
9
99
19
92
19
32
9
44
9
64
9
44
19
62
9
74
19
33
9
34
9
64
18
60
9
94
9
44
19
62
19
63
9
99
19
63
9
44
9
44
9
99
19
94
9
44
9
74
19
63
9
94
9
34
9
74
9
94
9
99
9
99
19
34
9
94
9
94
9
34
9
99
9
99
9
64
19
32
9
44
9
74
9
99
9
34
19
91
18
30
9
64
19
34
19
34
9
34
9
74
19
64
9
74
9
99
9
64
9
99
0
30
9
14
9
44
9
64
19
33
9
34
9
94
9
44
9
14
19
32
18
60
9
99
9
99
19
61
19
34
19
92
9
64
19
33
19
33
9
74
9
99
9
64
19
94
9
74
9
34
9
34
19
94
9
94
9
34
0
50
19
62
9
64
19
64
9
44
9
99
19
62
19
34
9
14
19
94
19
64
9
11
9
94
9
34
9
34
9
99
9
74
9
34
9
99
19
92
9
44
9
99
9
94
19
63
19
63
19
62
19
61
9
14
9
14
19
34
9
74
9
44
9
14
18
30
19
33
9
94
9
64
9
64
9
74
9
34
9
74
9
74
9
11
18
90
9
99
19
94
9
44
9
14
19
62
9
44
19
94
19
34
9
14
9
14
9
74
19
93
9
74
9
64
9
99
9
99
19
52
19
31
9
74
19
64
9
94
9
74
9
44
9
94
9
34
9
44
9
34
9
44
19
64
9
99
9
99
9
64
9
44
9
64
19
34
9
74
9
99
9
14
9
34
19
34
19
33
9
99
9
44
4
69
9
44
19
91
19
93
9
34
9
94
9
14
9
99
9
94
9
74
9
14
9
99
9
99
19
33
9
94
9
94
9
64
9
34
9
99
9
74
9
64
19
64
19
64
9
44
19
64
9
99
9
34
9
14
9
14
9
14
19
61
19
34
9
14
9
64
9
64
19
64
9
74
9
74
9
34
9
94
9
44
9
34
9
64
9
14
19
92
19
62
9
14
9
99
9
99
19
92
19
92
19
92
9
99
1
19
19
91
19
92
9
94
9
14
9
44
19
64
9
14
19
64
19
63
19
31
9
34
9
14
18
90
9
34
9
34
9
44
19
33
9
14
1
25
9
44
9
74
9
64
19
34
19
61
9
14
9
34
19
64
9
74
19
93
9
99
9
14
19
94
9
94
19
94
9
64
9
94
9
99
9
64
19
63
9
44
9
44
19
64
19
62
1
49
9
94
19
31
19
33
9
74
9
44
9
14
9
34
9
94
9
48
19
34
9
64
19
32
19
33
9
94
9
44
19
94
19
62
19
34
9
94
9
64
19
92
19
34
19
32
9
74
9
14
9
74
9
74
9
64
9
14
9
74
9
99
19
91
19
92
9
44
9
94
9
99
9
64
19
62
9
44
9
64
19
94
9
64
4
69
19
64
9
34
9
99
9
44
9
14
9
14
19
32
19
32
9
74
18
30
19
62
9
14
9
86
9
44
9
64
9
34
9
64
9
34
9
99
9
99
9
14
19
94
9
99
9
94
19
64
9
14
9
44
9
94
9
64
9
99
9
14
9
44
19
32
19
64
9
74
19
33
19
93
19
93
19
61
9
14
19
34
9
99
9
64
4
29
9
64
19
34
9
64
9
14
9
94
9
99
9
14
8
65
9
44
9
94
19
94
9
34
9
34
9
64
19
31
19
32
9
14
9
44
19
33
9
44
19
64
9
44
9
14
0
70
19
94
9
34
9
94
19
33
9
99
19
31
19
94
19
33
9
44
9
44
9
44
9
34
9
94
9
44
19
62
9
44
9
34
9
74
9
34
9
94
9
34
9
44
9
94
0
30
9
64
19
34
9
44
9
99
9
94
9
64
9
74
19
92
9
74
9
34
9
99
9
3
9
44
9
74
19
33
9
74
19
94
9
99
9
44
9
34
9
44
9
34
19
34
19
34
9
99
19
94
9
74
9
34
9
64
19
91
19
94
9
99
19
63
0
80
19
64
19
62
0
70
9
64
9
74
9
34
9
64
19
33
9
64
9
99
1
95
19
93
19
63
9
74
9
74
19
64
9
14
9
94
9
14
9
14
9
62
19
64
9
99
9
99
9
44
9
64
9
99
9
13
9
14
9
14
9
44
9
74
19
31
9
94
9
74
19
92
4
59
0
60
9
74
9
74
9
44
9
64
0
91
19
94
19
63
9
64
19
91
9
64
9
74
9
99
9
99
9
94
9
44
9
44
9
44
9
99
9
14
19
94
19
92
9
44
9
99
1
39
9
34
9
94
9
94
9
14
9
14
9
99
19
32
9
14
9
64
9
99
19
92
9
94
9
99
9
14
9
64
9
99
9
44
9
44
19
34
9
44
19
62
9
99
9
94
9
99
9
34
19
34
19
91
9
14
19
91
9
74
9
14
19
34
19
33
9
14
9
34
19
32
1
29
9
74
9
74
9
14
9
77
9
99
9
34
19
34
9
14
9
14
9
44
9
14
9
14
9
99
9
64
9
64
9
99
0
10
0
70
9
28
9
14
9
94
19
63
9
94
9
64
19
94
19
34
9
14
9
74
4
79
9
34
19
33
19
62
9
34
9
64
9
94
19
93
9
43
9
13
9
44
19
31
9
94
9
44
19
94
9
44
9
74
9
74
9
64
19
63
9
14
2
39
9
34
9
44
9
43
9
44
9
34
4
30
9
44
9
99
9
99
19
62
9
14
9
74
19
34
9
44
9
34
19
94
9
44
9
14
9
34
9
94
9
44
1
9
9
94
9
14
19
34
0
30
9
44
9
44
9
99
9
44
9
64
19
64
19
31
19
64
19
94
9
74
9
99
9
64
9
44
9
99
9
34
19
94
19
34
9
44
19
31
9
14
9
74
9
14
9
74
9
64
9
14
9
74
19
34
19
34
9
74
0
10
9
64
9
44
19
63
9
44
19
63
9
34
9
14
9
94
2
29
19
64
9
99
9
14
19
92
9
99
9
64
9
74
19
31
9
34
9
64
9
14
9
74
0
60
9
74
9
94
9
64
9
14
9
64
9
44
9
34
9
74
0
10
9
64
9
64
18
30
9
99
9
94
9
34
19
64
18
60
9
14
9
94
9
94
9
77
19
93
9
44
1
69
19
94
19
34
9
14
19
34
9
44
9
14
19
34
9
42
19
63
19
62
9
94
9
14
19
93
19
62
9
64
9
44
9
58
9
44
9
14
9
99
18
60
0
93
19
64
9
74
9
94
9
74
9
99
18
90
19
64
19
61
9
99
9
74
19
64
9
74
9
44
9
14
9
99
9
74
19
92
9
44
0
50
19
34
9
99
9
74
9
74
19
64
19
63
9
14
19
63
18
60
19
64
19
93
9
14
19
62
9
64
9
94
19
62
9
14
9
99
9
94
9
14
9
34
9
44
0
80
9
34
19
63
9
94
9
48
9
74
9
99
9
44
18
90
9
44
19
31
9
74
9
74
19
62
9
74
19
32
19
32
9
94
9
44
9
74
19
93
18
60
9
64
9
94
19
94
9
34
9
99
19
32
9
64
9
94
19
64
19
32
19
92
9
64
0
90
9
34
9
74
9
64
9
94
19
63
19
34
19
64
9
14
19
62
9
34
9
94
9
74
9
74
19
32
9
64
19
33
19
64
9
44
9
99
9
74
19
63
3
19
19
94
9
99
9
94
9
44
9
64
9
14
19
62
9
94
0
0
9
99
19
34
19
33
19
64
9
44
9
14
19
62
19
94
9
14
9
64
9
34
9
74
9
94
9
44
9
64
18
90
9
74
0
90
9
44
9
14
9
14
19
81
19
64
9
44
9
64
9
74
9
14
19
94
9
48
9
94
19
64
9
64
9
9
19
92
