9
93
11
23
9
94
9
13
9
50
9
92
9
63
11
83
14
56
11
23
9
99
9
34
9
64
9
99
9
94
9
99
9
74
9
32
11
83
9
99
9
72
9
34
9
94
9
93
9
13
9
11
14
56
12
54
9
80
9
93
9
99
12
24
9
99
9
11
9
34
9
50
9
71
11
53
9
12
9
93
9
92
9
92
9
60
9
90
9
70
9
32
9
61
13
85
10
22
9
62
9
12
9
99
9
62
9
32
9
42
9
99
9
34
9
32
11
53
9
14
9
11
12
54
10
82
0
10
9
99
9
60
9
44
9
73
9
44
9
43
9
43
14
26
9
63
9
44
9
94
10
52
9
62
14
56
10
82
9
99
9
73
12
54
9
99
13
55
9
62
9
99
11
83
9
43
9
73
14
26
9
72
10
22
14
56
9
34
9
64
13
25
0
60
10
82
9
43
9
43
9
34
11
23
10
22
10
82
9
76
9
33
9
34
9
63
9
91
9
14
9
14
9
99
9
11
9
94
13
55
9
42
0
30
9
93
14
86
9
44
9
32
9
12
9
32
9
99
9
74
9
32
9
64
13
55
9
63
9
91
14
26
9
99
9
94
14
56
14
26
9
44
9
42
9
34
9
42
9
99
9
21
12
54
10
52
9
34
9
33
9
91
9
33
9
72
9
99
10
82
10
22
9
44
9
61
9
44
10
52
9
72
11
23
9
33
9
64
9
50
9
94
9
44
10
52
11
53
9
99
11
53
9
44
9
44
9
99
13
85
9
40
9
74
11
53
9
90
9
31
9
72
9
93
9
99
9
99
13
25
9
93
9
94
9
30
9
99
9
99
9
64
10
22
9
41
9
71
9
99
9
32
9
81
9
20
9
63
13
25
14
26
9
34
9
72
12
54
9
73
9
99
9
64
9
99
0
30
9
11
9
43
9
62
11
23
9
34
9
93
9
44
9
12
10
22
9
50
9
99
9
99
9
51
13
25
10
82
9
63
11
23
11
23
9
74
9
99
9
63
12
84
9
74
9
34
9
33
13
85
9
92
9
31
0
50
10
52
9
61
14
56
9
42
9
99
10
52
12
24
9
11
13
85
12
54
9
11
9
93
9
31
9
33
9
99
9
71
9
34
9
99
10
82
9
44
9
99
9
94
11
53
11
53
10
52
9
51
9
10
9
10
13
25
9
72
9
41
9
14
9
20
11
23
9
94
9
62
9
63
9
74
9
34
9
73
9
74
9
11
9
80
9
99
12
84
9
44
9
13
10
52
9
44
13
85
13
25
9
14
9
12
9
74
11
83
9
72
9
62
9
99
9
99
11
52
9
21
9
70
14
56
9
91
9
73
9
42
9
93
9
34
9
42
9
34
9
41
13
55
9
99
9
99
9
63
9
41
9
63
13
25
9
73
9
99
9
12
9
34
12
24
11
23
9
99
9
42
4
69
9
41
9
81
11
83
9
32
9
94
9
13
9
99
9
92
9
72
9
14
9
99
9
99
11
23
9
91
9
91
9
64
9
33
9
99
9
73
9
62
12
54
12
54
9
44
12
54
9
99
9
34
9
12
9
12
9
13
9
51
12
24
9
11
9
64
9
62
14
56
9
74
9
72
9
33
9
93
9
43
9
33
9
61
9
14
10
82
10
52
9
14
9
99
9
99
10
82
10
82
10
82
9
99
1
19
9
81
10
82
9
94
9
13
9
43
14
56
9
13
12
54
11
53
9
21
9
34
9
14
9
80
9
32
9
32
9
41
11
23
9
12
1
25
9
42
9
74
9
62
12
24
9
51
9
14
9
31
14
56
9
73
11
83
9
99
9
13
12
84
9
93
14
86
9
64
9
90
9
99
9
62
11
53
9
44
9
42
12
54
10
52
1
49
9
94
9
21
11
23
9
74
9
44
9
13
9
33
9
94
9
48
12
24
9
64
10
22
11
23
9
92
9
42
12
84
10
52
13
25
9
91
9
61
10
82
14
26
10
22
9
72
9
13
9
74
9
74
9
63
9
13
9
74
9
99
9
81
10
82
9
41
9
92
9
99
9
61
10
52
9
42
9
62
12
84
9
64
4
69
14
56
9
34
9
99
9
42
9
13
9
13
10
22
10
22
9
72
9
20
10
52
9
11
9
86
9
42
9
64
9
33
9
64
9
32
9
99
9
99
9
12
13
85
9
99
9
92
14
56
9
14
9
43
9
92
9
63
9
99
9
12
9
44
10
22
13
55
9
70
11
23
11
83
11
83
9
51
9
13
12
24
9
99
9
64
4
29
9
60
12
24
9
63
9
13
9
93
9
99
9
14
8
65
9
44
9
92
13
85
9
33
9
31
9
64
9
21
10
22
9
11
9
41
11
23
9
42
12
54
9
41
9
14
0
70
13
85
9
32
9
94
11
23
9
99
9
21
13
85
11
23
9
42
9
44
9
44
9
34
9
92
9
44
10
52
9
42
9
31
9
72
9
32
9
94
9
33
9
44
9
93
0
30
9
62
12
24
9
42
9
99
9
94
9
62
9
74
10
82
9
73
9
34
9
99
9
3
9
44
9
74
11
23
9
73
12
84
9
99
9
43
9
34
9
42
9
34
12
24
12
24
9
99
13
85
9
74
9
31
9
60
9
81
12
84
9
99
11
53
0
80
12
54
10
52
0
70
9
64
9
73
9
34
9
64
11
23
9
64
9
99
1
95
11
83
11
53
9
74
9
70
12
54
9
14
9
94
9
14
9
13
9
62
14
56
9
99
9
99
9
43
9
62
9
99
9
13
9
10
9
11
9
44
9
73
9
21
9
94
9
70
10
82
4
59
0
60
9
74
9
72
9
40
9
63
0
91
14
86
11
53
9
64
9
81
9
61
9
72
9
99
9
99
9
92
9
42
9
44
9
44
9
99
9
12
14
86
10
82
9
44
9
99
1
39
9
34
9
94
9
94
9
12
9
14
9
99
10
22
9
12
9
61
9
99
10
82
9
94
9
99
9
10
9
63
9
99
9
44
9
42
13
25
9
43
10
52
9
99
9
90
9
99
9
33
12
24
9
81
9
14
9
81
9
74
9
11
13
25
11
23
9
14
9
34
10
22
1
29
9
73
9
74
9
14
9
77
9
99
9
30
13
25
9
12
9
12
9
43
9
10
9
14
9
99
9
63
9
64
9
99
0
10
0
70
9
28
9
11
9
92
11
53
9
93
9
62
12
84
12
24
9
12
9
72
4
79
9
33
11
23
10
52
9
32
9
62
9
92
11
83
9
43
9
13
9
44
9
21
9
92
9
43
13
85
9
44
9
72
9
70
9
60
11
53
9
14
2
39
9
33
9
44
9
43
9
40
9
30
4
30
9
44
9
99
9
99
10
52
9
10
9
74
13
25
9
43
9
34
12
84
9
41
9
12
9
33
9
94
9
42
1
9
9
90
9
14
13
25
0
30
9
44
9
42
9
99
9
41
9
64
12
54
9
21
12
54
12
84
9
70
9
99
9
60
9
42
9
99
9
34
12
84
12
24
9
44
9
21
9
12
9
74
9
12
9
70
9
64
9
10
9
74
12
24
12
24
9
74
0
10
9
64
9
43
11
53
9
44
11
53
9
32
9
12
9
90
2
29
14
56
9
99
9
12
10
82
9
99
9
60
9
74
9
21
9
34
9
62
9
10
9
72
0
60
9
72
9
90
9
62
9
14
9
64
9
43
9
34
9
70
0
10
9
64
9
64
9
20
9
99
9
94
9
34
12
54
9
50
9
14
9
94
9
94
9
77
11
83
9
42
1
69
14
86
12
24
9
10
14
26
9
41
9
12
14
26
9
42
11
53
10
52
9
94
9
13
11
83
10
52
9
64
9
44
9
58
9
44
9
13
9
99
9
50
0
93
13
55
9
71
9
92
9
73
9
99
9
80
12
54
9
51
9
99
9
73
14
56
9
74
9
43
9
11
9
99
9
73
10
82
9
43
0
50
12
24
9
99
9
74
9
72
14
56
11
53
9
11
11
53
9
50
12
54
11
83
9
13
10
52
9
63
9
91
10
52
9
12
9
99
9
92
9
14
9
31
9
44
0
80
9
32
11
53
9
94
9
48
9
72
9
99
9
40
9
80
9
42
9
21
9
74
9
74
10
52
9
74
10
22
10
22
9
92
9
43
9
74
11
83
9
50
9
62
9
94
14
86
9
34
9
99
10
22
9
60
9
94
14
56
10
22
10
82
9
62
0
90
9
34
9
72
9
64
9
92
11
53
12
24
13
55
9
12
10
52
9
34
9
92
9
72
9
74
10
22
9
61
11
23
12
54
9
43
9
99
9
74
11
53
3
19
13
85
9
99
9
94
9
43
9
62
9
11
10
52
9
94
0
0
9
99
13
25
11
23
12
54
9
40
9
14
10
52
12
84
9
12
9
62
9
32
9
72
9
93
9
44
9
62
9
80
9
73
0
90
9
42
9
11
9
11
13
81
13
55
9
43
9
63
9
74
9
14
13
85
9
48
9
94
13
55
9
64
9
9
10
82
