9
92
10
22
9
94
9
12
9
49
9
91
9
62
10
82
13
55
10
22
9
99
9
34
9
64
9
99
9
93
9
99
9
73
9
31
10
82
9
99
9
71
9
34
9
94
9
92
9
12
9
10
13
55
11
53
9
79
9
92
9
99
11
23
9
99
9
10
9
33
9
49
9
70
10
52
9
11
9
92
9
91
9
91
9
59
9
89
9
69
9
31
9
60
12
84
9
21
9
61
9
11
9
99
9
61
9
31
9
41
9
99
9
33
9
31
10
52
9
13
9
10
11
53
9
81
0
10
9
99
9
59
9
44
9
72
9
43
9
42
9
42
13
25
9
62
9
44
9
94
9
51
9
61
13
55
9
81
9
99
9
72
11
53
9
99
12
54
9
61
9
99
10
82
9
42
9
72
13
25
9
71
9
21
13
55
9
34
9
64
12
24
0
60
9
81
9
42
9
42
9
33
10
22
9
21
9
81
9
76
9
32
9
33
9
62
9
90
9
13
9
13
9
99
9
10
9
93
12
54
9
41
0
30
9
92
13
85
9
44
9
31
9
11
9
31
9
99
9
74
9
31
9
64
12
54
9
62
9
90
13
25
9
99
9
94
13
55
13
25
9
43
9
41
9
33
9
41
9
99
9
20
11
53
9
51
9
33
9
32
9
90
9
32
9
71
9
99
9
81
9
21
9
44
9
60
9
43
9
51
9
71
10
22
9
32
9
64
9
49
9
93
9
43
9
51
10
52
9
99
10
52
9
43
9
43
9
99
12
84
9
39
9
74
10
52
9
89
9
30
9
71
9
92
9
99
9
99
12
24
9
92
9
94
9
29
9
99
9
99
9
64
9
21
9
40
9
70
9
99
9
31
9
80
9
19
9
62
12
24
13
25
9
34
9
71
11
53
9
72
9
99
9
64
9
99
0
30
9
10
9
42
9
61
10
22
9
34
9
92
9
44
9
11
9
21
9
49
9
99
9
99
9
50
12
24
9
81
9
62
10
22
10
22
9
73
9
99
9
62
11
83
9
73
9
33
9
32
12
84
9
91
9
30
0
50
9
51
9
60
13
55
9
41
9
99
9
51
11
23
9
10
12
84
11
53
9
11
9
92
9
30
9
32
9
99
9
70
9
34
9
99
9
81
9
44
9
99
9
94
10
52
10
52
9
51
9
50
9
9
9
9
12
24
9
71
9
40
9
13
9
19
10
22
9
93
9
61
9
62
9
74
9
33
9
72
9
74
9
11
9
79
9
99
11
83
9
44
9
12
9
51
9
43
12
84
12
24
9
13
9
11
9
73
10
82
9
71
9
61
9
99
9
99
10
52
9
20
9
69
13
55
9
90
9
72
9
41
9
92
9
34
9
41
9
34
9
40
12
54
9
99
9
99
9
62
9
40
9
62
12
24
9
72
9
99
9
11
9
34
11
23
10
22
9
99
9
41
4
69
9
40
9
80
10
82
9
31
9
94
9
12
9
99
9
91
9
71
9
13
9
99
9
99
10
22
9
90
9
90
9
63
9
32
9
99
9
72
9
61
11
53
11
53
9
44
11
53
9
99
9
33
9
11
9
11
9
12
9
50
11
23
9
10
9
63
9
61
13
55
9
73
9
71
9
32
9
92
9
42
9
32
9
60
9
14
9
81
9
51
9
14
9
99
9
99
9
81
9
81
9
81
9
99
1
19
9
80
9
81
9
93
9
12
9
42
13
55
9
12
11
53
10
52
9
20
9
33
9
14
9
79
9
31
9
31
9
40
10
22
9
11
1
25
9
41
9
74
9
61
11
23
9
50
9
14
9
30
13
55
9
72
10
82
9
99
9
12
11
83
9
92
13
85
9
64
9
89
9
99
9
61
10
52
9
44
9
41
11
53
9
51
1
49
9
93
9
20
10
22
9
73
9
43
9
12
9
32
9
94
9
48
11
23
9
63
9
21
10
22
9
91
9
41
11
83
9
51
12
24
9
90
9
60
9
81
13
25
9
21
9
71
9
12
9
73
9
74
9
62
9
12
9
73
9
99
9
80
9
81
9
40
9
91
9
99
9
60
9
51
9
41
9
61
11
83
9
64
4
69
13
55
9
34
9
99
9
41
9
12
9
12
9
21
9
21
9
71
9
19
9
51
9
10
9
86
9
41
9
64
9
32
9
64
9
31
9
99
9
99
9
11
12
84
9
99
9
91
13
55
9
14
9
42
9
91
9
62
9
99
9
11
9
43
9
21
12
54
9
69
10
22
10
82
10
82
9
50
9
12
11
23
9
99
9
64
4
29
9
59
11
23
9
62
9
12
9
92
9
99
9
13
8
65
9
43
9
91
12
84
9
32
9
30
9
64
9
20
9
21
9
10
9
40
10
22
9
41
11
53
9
40
9
13
0
70
12
84
9
31
9
94
10
22
9
99
9
20
12
84
10
22
9
41
9
44
9
44
9
34
9
91
9
43
9
51
9
41
9
30
9
71
9
31
9
93
9
32
9
43
9
92
0
30
9
61
11
23
9
41
9
99
9
93
9
61
9
74
9
81
9
72
9
34
9
99
9
3
9
44
9
74
10
22
9
72
11
83
9
99
9
42
9
34
9
41
9
33
11
23
11
23
9
99
12
84
9
73
9
30
9
59
9
80
11
83
9
99
10
52
0
80
11
53
9
51
0
70
9
63
9
72
9
34
9
64
10
22
9
64
9
99
1
95
10
82
10
52
9
73
9
69
11
53
9
13
9
93
9
13
9
12
9
62
13
55
9
99
9
99
9
42
9
61
9
99
9
13
9
9
9
10
9
43
9
72
9
20
9
94
9
69
9
81
4
59
0
60
9
74
9
71
9
39
9
62
0
91
13
85
10
52
9
63
9
80
9
60
9
71
9
99
9
99
9
91
9
41
9
44
9
44
9
99
9
11
13
85
9
81
9
44
9
99
1
39
9
33
9
93
9
93
9
11
9
13
9
99
9
21
9
11
9
60
9
99
9
81
9
94
9
99
9
9
9
62
9
99
9
43
9
41
12
24
9
42
9
51
9
99
9
89
9
99
9
32
11
23
9
80
9
14
9
80
9
73
9
10
12
24
10
22
9
13
9
34
9
21
1
29
9
72
9
73
9
13
9
77
9
99
9
29
12
24
9
11
9
11
9
42
9
9
9
13
9
99
9
62
9
63
9
99
0
10
0
70
9
28
9
10
9
91
10
52
9
92
9
61
11
83
11
23
9
11
9
71
4
79
9
32
10
22
9
51
9
31
9
61
9
91
10
82
9
43
9
13
9
43
9
20
9
91
9
42
12
84
9
44
9
71
9
69
9
59
10
52
9
14
2
39
9
32
9
44
9
43
9
39
9
29
4
30
9
43
9
99
9
99
9
51
9
9
9
74
12
24
9
42
9
34
11
83
9
40
9
11
9
32
9
93
9
41
1
9
9
89
9
14
12
24
0
30
9
44
9
41
9
99
9
40
9
64
11
53
9
20
11
53
11
83
9
69
9
99
9
59
9
41
9
99
9
33
11
83
11
23
9
44
9
20
9
11
9
74
9
11
9
69
9
63
9
9
9
74
11
23
11
23
9
74
0
10
9
63
9
42
10
52
9
43
10
52
9
31
9
11
9
89
2
29
13
55
9
99
9
11
9
81
9
99
9
59
9
73
9
20
9
34
9
61
9
9
9
71
0
60
9
71
9
89
9
61
9
13
9
64
9
42
9
33
9
69
0
10
9
63
9
64
9
19
9
99
9
94
9
34
11
53
9
49
9
14
9
93
9
94
9
77
10
82
9
41
1
69
13
85
11
23
9
9
13
25
9
40
9
11
13
25
9
42
10
52
9
51
9
93
9
12
10
82
9
51
9
64
9
43
9
58
9
43
9
12
9
99
9
49
0
93
12
54
9
70
9
91
9
72
9
99
9
79
11
53
9
50
9
99
9
72
13
55
9
74
9
42
9
10
9
99
9
72
9
81
9
42
0
50
11
23
9
99
9
74
9
71
13
55
10
52
9
10
10
52
9
49
11
53
10
82
9
12
9
51
9
62
9
90
9
51
9
11
9
99
9
91
9
14
9
30
9
43
0
80
9
31
10
52
9
94
9
48
9
71
9
99
9
39
9
79
9
41
9
20
9
74
9
73
9
51
9
73
9
21
9
21
9
91
9
42
9
74
10
82
9
49
9
61
9
94
13
85
9
33
9
99
9
21
9
59
9
93
13
55
9
21
9
81
9
61
0
90
9
34
9
71
9
63
9
91
10
52
11
23
12
54
9
11
9
51
9
33
9
91
9
71
9
73
9
21
9
60
10
22
11
53
9
42
9
99
9
74
10
52
3
19
12
84
9
99
9
94
9
42
9
61
9
10
9
51
9
94
0
0
9
99
12
24
10
22
11
53
9
39
9
14
9
51
11
83
9
11
9
61
9
31
9
71
9
92
9
43
9
61
9
79
9
72
0
90
9
41
9
10
9
10
12
81
12
54
9
42
9
62
9
74
9
13
12
84
9
48
9
94
12
54
9
64
9
9
9
81
