9
94
15
27
9
94
9
14
12
54
9
94
9
64
15
87
18
60
15
27
9
99
9
34
9
64
9
99
9
94
9
99
9
74
9
34
15
87
9
99
9
74
9
34
9
94
9
94
9
14
9
14
18
60
16
58
12
84
9
94
9
99
16
28
9
99
9
14
9
34
12
54
9
74
15
57
9
14
9
94
9
94
9
94
9
64
9
94
9
74
9
34
9
64
17
89
14
26
9
64
9
14
9
99
9
64
9
34
9
44
9
99
9
34
9
34
15
57
9
14
9
14
16
58
14
86
0
10
9
99
9
64
9
44
9
74
9
44
9
44
9
44
18
30
9
64
9
44
9
94
14
56
9
64
18
60
14
86
9
99
9
74
16
58
9
99
17
59
9
64
9
99
15
87
9
44
9
74
18
30
9
74
14
26
18
60
9
34
9
64
17
29
0
60
14
86
9
44
9
44
9
34
15
27
14
26
14
86
9
76
9
34
9
34
9
64
9
94
9
14
9
14
9
99
9
14
9
94
17
59
9
44
0
30
9
94
18
90
9
44
9
34
9
14
9
34
9
99
9
74
9
34
9
64
17
59
9
64
9
94
18
30
9
99
9
94
18
60
18
30
9
44
9
44
9
34
9
44
9
99
13
25
16
58
14
56
9
34
9
34
9
94
9
34
9
74
9
99
14
86
14
26
9
44
9
64
9
44
14
56
9
74
15
27
9
34
9
64
12
54
9
94
9
44
14
56
15
57
9
99
15
57
9
44
9
44
9
99
17
89
9
44
9
74
15
57
9
94
9
34
9
74
9
94
9
99
9
99
17
29
9
94
9
94
9
34
9
99
9
99
9
64
14
26
9
44
9
74
9
99
9
34
13
85
12
24
9
64
17
29
18
30
9
34
9
74
16
58
9
74
9
99
9
64
9
99
0
30
9
14
9
44
9
64
15
27
9
34
9
94
9
44
9
14
14
26
12
54
9
99
9
99
13
55
17
29
14
86
9
64
15
27
15
27
9
74
9
99
9
64
16
88
9
74
9
34
9
34
17
89
9
94
9
34
0
50
14
56
9
64
18
60
9
44
9
99
14
56
16
28
9
14
17
89
16
58
9
11
9
94
9
34
9
34
9
99
9
74
9
34
9
99
14
86
9
44
9
99
9
94
15
57
15
57
14
56
13
55
9
14
9
14
17
29
9
74
9
44
9
14
12
24
15
27
9
94
9
64
9
64
9
74
9
34
9
74
9
74
9
11
12
84
9
99
16
88
9
44
9
14
14
56
9
44
17
89
17
29
9
14
9
14
9
74
15
87
9
74
9
64
9
99
9
99
15
52
13
25
9
74
18
60
9
94
9
74
9
44
9
94
9
34
9
44
9
34
9
44
17
59
9
99
9
99
9
64
9
44
9
64
17
29
9
74
9
99
9
14
9
34
16
28
15
27
9
99
9
44
4
69
9
44
13
85
15
87
9
34
9
94
9
14
9
99
9
94
9
74
9
14
9
99
9
99
15
27
9
94
9
94
9
64
9
34
9
99
9
74
9
64
16
58
16
58
9
44
16
58
9
99
9
34
9
14
9
14
9
14
13
55
16
28
9
14
9
64
9
64
18
60
9
74
9
74
9
34
9
94
9
44
9
34
9
64
9
14
14
86
14
56
9
14
9
99
9
99
14
86
14
86
14
86
9
99
1
19
13
85
14
86
9
94
9
14
9
44
18
60
9
14
16
58
15
57
13
25
9
34
9
14
12
84
9
34
9
34
9
44
15
27
9
14
1
25
9
44
9
74
9
64
16
28
13
55
9
14
9
34
18
60
9
74
15
87
9
99
9
14
16
88
9
94
18
90
9
64
9
94
9
99
9
64
15
57
9
44
9
44
16
58
14
56
1
49
9
94
13
25
15
27
9
74
9
44
9
14
9
34
9
94
9
48
16
28
9
64
14
26
15
27
9
94
9
44
16
88
14
56
17
29
9
94
9
64
14
86
18
30
14
26
9
74
9
14
9
74
9
74
9
64
9
14
9
74
9
99
13
85
14
86
9
44
9
94
9
99
9
64
14
56
9
44
9
64
16
88
9
64
4
69
18
60
9
34
9
99
9
44
9
14
9
14
14
26
14
26
9
74
12
24
14
56
9
14
9
86
9
44
9
64
9
34
9
64
9
34
9
99
9
99
9
14
17
89
9
99
9
94
18
60
9
14
9
44
9
94
9
64
9
99
9
14
9
44
14
26
17
59
9
74
15
27
15
87
15
87
13
55
9
14
16
28
9
99
9
64
4
29
9
64
16
28
9
64
9
14
9
94
9
99
9
14
8
65
9
44
9
94
17
89
9
34
9
34
9
64
13
25
14
26
9
14
9
44
15
27
9
44
16
58
9
44
9
14
0
70
17
89
9
34
9
94
15
27
9
99
13
25
17
89
15
27
9
44
9
44
9
44
9
34
9
94
9
44
14
56
9
44
9
34
9
74
9
34
9
94
9
34
9
44
9
94
0
30
9
64
16
28
9
44
9
99
9
94
9
64
9
74
14
86
9
74
9
34
9
99
9
3
9
44
9
74
15
27
9
74
16
88
9
99
9
44
9
34
9
44
9
34
16
28
16
28
9
99
17
89
9
74
9
34
9
64
13
85
16
88
9
99
15
57
0
80
16
58
14
56
0
70
9
64
9
74
9
34
9
64
15
27
9
64
9
99
1
95
15
87
15
57
9
74
9
74
16
58
9
14
9
94
9
14
9
14
9
62
18
60
9
99
9
99
9
44
9
64
9
99
9
13
9
14
9
14
9
44
9
74
13
25
9
94
9
74
14
86
4
59
0
60
9
74
9
74
9
44
9
64
0
91
18
90
15
57
9
64
13
85
9
64
9
74
9
99
9
99
9
94
9
44
9
44
9
44
9
99
9
14
18
90
14
86
9
44
9
99
1
39
9
34
9
94
9
94
9
14
9
14
9
99
14
26
9
14
9
64
9
99
14
86
9
94
9
99
9
14
9
64
9
99
9
44
9
44
17
29
9
44
14
56
9
99
9
94
9
99
9
34
16
28
13
85
9
14
13
85
9
74
9
14
17
29
15
27
9
14
9
34
14
26
1
29
9
74
9
74
9
14
9
77
9
99
9
34
17
29
9
14
9
14
9
44
9
14
9
14
9
99
9
64
9
64
9
99
0
10
0
70
9
28
9
14
9
94
15
57
9
94
9
64
16
88
16
28
9
14
9
74
4
79
9
34
15
27
14
56
9
34
9
64
9
94
15
87
9
43
9
13
9
44
13
25
9
94
9
44
17
89
9
44
9
74
9
74
9
64
15
57
9
14
2
39
9
34
9
44
9
43
9
44
9
34
4
30
9
44
9
99
9
99
14
56
9
14
9
74
17
29
9
44
9
34
16
88
9
44
9
14
9
34
9
94
9
44
1
9
9
94
9
14
17
29
0
30
9
44
9
44
9
99
9
44
9
64
16
58
13
25
16
58
16
88
9
74
9
99
9
64
9
44
9
99
9
34
16
88
16
28
9
44
13
25
9
14
9
74
9
14
9
74
9
64
9
14
9
74
16
28
16
28
9
74
0
10
9
64
9
44
15
57
9
44
15
57
9
34
9
14
9
94
2
29
18
60
9
99
9
14
14
86
9
99
9
64
9
74
13
25
9
34
9
64
9
14
9
74
0
60
9
74
9
94
9
64
9
14
9
64
9
44
9
34
9
74
0
10
9
64
9
64
12
24
9
99
9
94
9
34
16
58
12
54
9
14
9
94
9
94
9
77
15
87
9
44
1
69
18
90
16
28
9
14
18
30
9
44
9
14
18
30
9
42
15
57
14
56
9
94
9
14
15
87
14
56
9
64
9
44
9
58
9
44
9
14
9
99
12
54
0
93
17
59
9
74
9
94
9
74
9
99
12
84
16
58
13
55
9
99
9
74
18
60
9
74
9
44
9
14
9
99
9
74
14
86
9
44
0
50
16
28
9
99
9
74
9
74
18
60
15
57
9
14
15
57
12
54
16
58
15
87
9
14
14
56
9
64
9
94
14
56
9
14
9
99
9
94
9
14
9
34
9
44
0
80
9
34
15
57
9
94
9
48
9
74
9
99
9
44
12
84
9
44
13
25
9
74
9
74
14
56
9
74
14
26
14
26
9
94
9
44
9
74
15
87
12
54
9
64
9
94
18
90
9
34
9
99
14
26
9
64
9
94
18
60
14
26
14
86
9
64
0
90
9
34
9
74
9
64
9
94
15
57
16
28
17
59
9
14
14
56
9
34
9
94
9
74
9
74
14
26
9
64
15
27
16
58
9
44
9
99
9
74
15
57
3
19
17
89
9
99
9
94
9
44
9
64
9
14
14
56
9
94
0
0
9
99
17
29
15
27
16
58
9
44
9
14
14
56
16
88
9
14
9
64
9
34
9
74
9
94
9
44
9
64
12
84
9
74
0
90
9
44
9
14
9
14
17
81
17
59
9
44
9
64
9
74
9
14
17
89
9
48
9
94
17
59
9
64
9
9
14
86
