2
89
2
16
4
86
2
9
1
41
1
84
2
54
2
75
5
49
3
14
2
96
5
26
4
57
4
95
3
88
2
99
3
65
1
29
2
79
3
91
1
63
5
28
4
87
3
84
4
4
2
2
5
49
3
47
1
71
2
88
1
98
3
19
5
92
5
2
3
25
2
41
2
62
2
44
5
3
2
87
2
83
4
83
1
51
4
81
2
61
2
23
1
52
4
78
5
13
4
53
1
6
3
94
5
53
3
23
1
39
2
97
5
25
2
23
2
45
3
5
2
2
4
45
5
73
0
10
1
91
4
51
4
36
2
67
4
35
2
35
2
39
5
19
2
58
4
36
5
89
1
44
3
53
5
47
1
78
3
97
2
66
3
47
4
97
4
49
1
53
2
96
2
78
2
34
2
69
5
18
5
63
4
13
5
48
4
27
5
58
4
17
0
60
1
76
2
39
5
34
3
27
2
16
5
13
1
73
1
76
2
24
5
25
2
54
1
82
3
9
3
8
5
95
5
2
3
89
4
46
1
33
0
30
2
85
5
77
4
39
1
23
5
3
3
23
4
96
5
69
1
23
4
59
4
47
2
58
5
82
5
17
2
97
5
86
5
48
5
18
3
36
1
36
3
29
1
34
5
98
2
12
5
45
1
47
3
29
4
24
3
82
2
25
1
63
5
94
1
76
1
18
4
39
3
52
4
35
1
48
1
66
2
19
2
26
4
59
2
41
3
87
3
36
2
43
5
44
3
99
2
48
3
39
3
36
3
96
4
78
4
31
5
67
2
47
3
81
1
22
1
69
2
84
5
92
2
96
4
18
4
84
5
87
4
21
2
95
1
97
4
58
1
14
3
32
4
62
2
92
1
29
4
72
2
11
2
54
4
19
5
18
5
26
5
63
4
45
2
65
5
99
4
56
5
94
0
30
5
2
2
39
3
53
2
18
5
29
4
84
5
39
3
3
1
14
2
41
2
99
5
99
2
42
4
19
5
73
3
54
3
14
4
14
3
69
1
91
2
59
3
78
3
67
3
27
2
27
4
79
3
83
4
22
0
50
1
46
3
52
5
47
1
38
5
94
1
48
3
19
4
2
4
77
3
48
4
11
2
84
1
22
2
27
2
98
3
62
5
29
3
97
3
73
4
38
2
99
4
87
2
49
2
46
1
49
4
42
1
1
1
1
4
19
1
69
1
32
5
5
4
11
2
16
4
85
3
53
2
55
5
69
3
26
2
67
4
69
5
11
1
71
1
98
3
75
4
39
2
5
2
43
3
38
4
79
5
16
4
5
1
9
3
67
2
76
4
63
1
59
5
96
3
95
2
53
3
12
3
61
5
49
5
82
2
64
2
33
2
88
4
28
1
36
4
27
1
32
4
49
3
91
1
92
5
54
5
32
2
55
4
16
5
64
2
94
1
4
4
29
3
19
2
17
3
94
3
33
4
66
5
32
2
72
4
74
1
25
4
88
2
9
5
96
4
83
1
69
3
5
3
96
4
96
2
19
5
82
5
82
3
57
5
24
3
96
2
64
1
58
3
46
3
47
4
36
4
45
5
97
3
25
4
3
1
9
5
4
1
42
3
15
3
2
3
58
1
55
5
48
5
65
3
63
2
24
2
89
3
34
2
24
3
52
5
9
1
75
1
49
4
9
1
92
2
91
5
73
4
73
2
73
3
96
1
19
5
72
2
73
3
89
2
6
4
34
5
48
2
8
5
45
2
48
3
12
4
25
5
8
3
71
4
23
4
23
4
32
5
14
1
8
1
25
2
33
4
66
1
54
3
15
5
42
4
9
5
22
5
48
2
67
2
78
5
99
5
4
3
78
2
87
5
78
5
58
4
81
2
99
1
53
2
48
4
39
2
33
3
47
2
43
1
47
3
87
4
12
2
19
3
65
5
35
4
4
4
24
5
89
2
48
3
15
3
58
1
13
2
18
1
83
1
38
3
77
5
43
4
19
2
82
1
52
1
77
5
17
1
19
5
63
2
7
3
67
4
68
2
59
5
4
4
65
5
95
3
72
1
75
2
32
1
87
4
98
4
52
1
49
5
33
1
59
3
76
5
57
4
68
5
49
4
27
5
99
1
37
2
7
2
7
5
13
1
13
1
68
2
11
1
44
1
2
4
86
1
38
5
58
2
24
5
57
1
25
4
93
2
91
1
7
4
77
2
94
5
83
5
48
5
6
2
38
1
89
2
55
4
96
1
3
3
38
1
19
4
49
1
61
2
19
2
76
2
75
3
42
2
8
3
18
2
94
4
57
4
29
1
51
3
18
2
58
5
4
2
85
3
99
3
7
4
65
3
39
1
85
4
76
2
24
5
22
5
59
3
12
1
19
5
2
4
32
2
16
3
33
3
46
4
32
5
5
0
70
4
77
3
23
5
87
2
19
4
97
1
12
4
79
2
16
2
33
4
38
5
39
5
29
4
83
3
35
3
43
1
36
5
22
2
63
1
29
3
85
5
24
3
35
4
84
0
30
1
54
4
15
1
38
2
99
4
85
1
58
5
66
1
79
2
69
5
29
2
99
2
3
5
37
4
69
2
19
2
67
3
77
3
93
2
36
5
29
1
36
5
25
3
18
4
15
5
96
5
76
3
69
1
22
3
51
5
72
3
78
3
95
2
46
0
80
5
45
2
43
0
70
3
57
3
64
5
26
5
58
2
15
4
58
2
95
1
95
5
74
2
46
3
68
3
61
3
48
3
9
5
85
4
5
2
5
1
62
5
49
2
96
5
95
2
39
1
54
5
99
5
13
1
1
4
2
3
37
5
64
4
12
4
88
2
61
1
75
4
59
0
60
4
69
1
65
1
31
2
57
0
91
5
78
2
49
4
55
1
72
3
52
1
69
2
92
5
99
4
83
3
33
5
39
4
38
2
99
1
9
5
77
4
73
4
37
3
96
1
35
3
25
5
85
5
85
4
3
3
9
2
99
2
13
1
9
2
52
3
94
1
78
4
86
5
96
4
1
2
59
3
93
3
37
3
33
4
17
4
34
1
49
3
99
1
81
5
96
2
29
4
15
5
72
4
6
4
72
3
68
1
2
4
19
4
14
3
9
4
29
4
13
1
27
5
64
3
68
3
9
3
77
5
92
4
21
4
19
1
9
1
9
4
34
3
1
3
5
4
91
4
54
3
59
3
98
0
10
0
70
3
28
1
2
4
83
4
44
2
89
5
53
5
75
3
19
1
9
2
63
4
78
4
24
2
14
1
45
1
29
1
54
2
83
5
74
5
44
2
13
3
35
2
12
1
85
2
37
4
79
5
38
4
63
4
61
3
51
2
46
5
9
2
33
5
24
5
37
5
43
2
31
2
21
4
30
3
36
5
94
4
93
1
47
3
1
5
68
4
19
2
35
5
29
3
75
5
32
1
8
5
24
3
87
2
33
1
5
2
81
4
6
4
18
0
30
4
39
1
39
4
97
1
32
5
59
3
47
1
12
4
45
3
75
2
61
3
94
4
51
1
39
5
99
4
25
4
75
3
18
4
36
2
12
1
4
4
69
5
3
1
61
3
59
4
1
4
67
3
18
5
15
5
68
0
10
3
56
2
35
2
45
4
35
2
49
4
23
1
9
3
81
2
29
5
49
3
97
1
6
2
73
5
99
4
51
5
65
4
12
5
28
1
55
2
1
1
69
0
60
1
64
2
81
5
53
4
5
5
59
2
39
4
25
3
61
0
10
3
55
4
57
4
11
4
98
4
86
4
28
3
49
1
41
4
9
3
87
5
89
1
77
2
75
3
33
1
66
5
77
5
15
4
1
5
17
4
32
1
5
5
17
1
42
2
49
4
43
3
87
2
9
5
74
1
49
5
56
4
35
3
58
3
36
2
6
4
95
1
41
0
93
4
49
2
62
1
89
2
66
4
95
4
71
5
45
4
42
4
93
3
64
5
49
5
66
3
34
5
2
1
93
2
69
2
73
2
35
0
50
3
19
2
99
5
66
1
68
5
49
2
47
5
2
2
49
2
41
3
48
2
79
2
7
4
43
3
54
5
82
1
46
2
3
3
93
1
85
4
9
5
22
3
36
0
80
1
23
2
44
4
89
4
48
3
63
2
95
2
31
2
71
3
33
1
12
4
69
5
65
1
48
3
68
1
19
4
13
1
87
2
39
4
69
2
79
2
41
1
59
5
86
5
77
3
26
2
95
5
13
3
51
3
89
5
48
1
19
3
73
4
53
0
90
5
29
3
63
3
58
1
88
3
44
4
15
4
49
1
3
3
43
3
29
1
88
1
63
4
65
1
19
4
52
2
19
3
45
4
34
4
93
4
69
2
49
3
15
5
76
4
91
5
86
3
34
1
53
3
2
4
43
4
87
0
0
1
98
4
17
2
16
3
46
4
31
4
9
1
49
3
79
1
4
1
56
1
25
1
69
2
86
3
35
1
54
4
71
3
64
0
90
1
35
1
2
4
2
4
81
4
47
2
36
3
54
5
68
3
6
4
77
3
48
5
88
4
49
5
59
2
9
1
78
