9
14
9
99
9
44
9
14
12
24
9
94
15
27
9
94
11
23
9
94
9
74
9
34
9
34
9
74
9
99
9
34
9
34
9
94
9
94
9
74
9
74
9
99
9
44
12
24
9
94
9
94
9
34
9
93
9
99
9
64
9
14
9
34
0
80
9
42
9
94
9
74
14
26
9
33
9
93
16
88
9
64
14
26
10
22
9
44
14
86
9
93
9
44
12
24
9
74
12
54
9
44
9
14
9
34
9
34
12
24
9
64
9
64
9
44
9
62
9
14
9
33
9
74
9
93
9
64
9
99
9
43
9
43
9
44
10
22
14
56
9
14
14
26
16
88
9
94
9
63
9
44
9
34
14
86
12
54
14
26
9
44
9
14
14
26
9
44
9
64
9
94
9
99
9
44
9
14
9
64
16
28
13
55
9
34
9
74
16
58
9
99
9
74
9
99
13
85
9
64
13
25
11
53
9
14
9
94
10
22
12
84
9
99
9
44
9
94
15
87
9
12
16
88
9
94
9
34
13
55
9
34
9
64
9
14
9
94
9
94
9
99
9
91
9
92
12
54
12
24
11
23
9
14
9
64
9
74
9
99
9
14
10
22
9
34
9
13
9
8
9
14
12
54
9
34
14
26
9
94
14
86
9
74
9
14
9
64
9
44
9
34
0
80
9
34
9
94
9
99
15
57
9
74
9
14
12
84
9
74
9
14
9
44
9
94
12
84
9
72
0
80
9
94
13
25
9
74
10
22
9
12
12
84
9
63
9
94
9
99
9
64
14
56
9
72
9
34
9
32
9
12
9
94
12
24
9
94
9
64
12
54
9
14
9
99
9
34
9
63
9
74
9
99
9
74
16
58
9
99
9
74
9
98
9
99
11
53
10
82
9
14
9
72
9
77
12
54
9
94
9
12
10
52
9
13
9
44
9
32
16
28
9
14
9
64
9
14
9
94
14
86
13
55
9
64
10
82
11
83
14
26
9
64
10
82
9
44
12
84
10
52
9
93
0
10
9
64
9
74
9
74
9
44
9
64
9
99
9
99
9
99
9
64
9
64
11
53
9
34
9
43
9
94
11
83
12
84
9
64
9
62
9
62
9
44
13
25
9
34
9
13
9
94
9
93
9
14
9
34
9
94
12
84
13
85
13
55
9
99
9
64
9
11
9
94
9
34
9
64
9
14
9
94
9
74
9
74
15
27
9
64
9
94
9
14
9
44
9
99
14
56
14
86
9
44
11
53
9
14
9
62
9
74
9
62
12
54
9
44
9
14
9
88
9
74
11
23
9
12
12
84
16
28
9
94
10
82
9
94
9
14
12
84
9
14
9
74
14
26
9
74
9
64
12
54
9
34
9
42
13
25
14
52
12
84
1
29
9
34
0
0
16
58
15
87
0
0
9
44
15
87
9
74
9
14
9
99
9
94
10
52
13
55
9
14
9
43
9
34
9
42
9
34
12
54
9
14
1
69
9
44
12
54
9
44
14
56
9
14
9
99
9
74
13
55
9
72
9
34
9
14
13
85
9
94
16
28
9
14
9
74
9
99
9
43
9
31
9
94
16
28
9
74
9
14
12
54
9
74
9
44
9
99
16
28
9
94
13
55
10
22
9
99
9
64
9
62
9
63
9
64
12
84
9
64
9
74
9
13
9
14
9
44
14
26
9
44
9
64
9
99
9
64
15
87
0
40
9
64
9
94
10
52
9
94
9
12
4
39
9
93
9
99
12
84
9
64
9
94
9
99
13
25
9
74
16
88
9
12
9
72
9
44
9
99
10
52
9
42
13
85
9
14
13
25
9
99
9
64
13
25
9
92
9
34
13
85
9
99
9
64
9
14
9
74
12
84
9
64
9
94
9
34
9
14
12
54
9
99
9
63
15
27
14
56
10
82
9
93
9
14
9
34
4
19
9
74
13
55
9
13
11
83
9
34
9
64
9
43
9
14
9
68
9
12
9
99
9
14
11
83
9
14
13
85
14
56
9
34
9
94
12
24
9
14
9
62
16
88
9
14
9
14
9
12
10
52
9
64
9
34
9
14
9
99
9
99
9
74
9
93
12
54
0
70
9
99
11
23
14
56
9
44
9
74
9
99
15
52
9
74
9
93
9
99
9
64
9
76
9
94
9
14
12
24
9
34
9
32
9
44
9
64
9
94
9
12
12
84
0
90
12
54
15
57
12
24
9
74
0
40
9
14
9
44
9
94
9
94
8
45
9
94
9
34
13
55
10
22
11
23
9
72
12
24
13
25
12
54
9
14
9
44
9
99
0
40
11
53
0
22
9
44
9
94
9
14
9
94
9
44
9
44
11
83
9
99
9
44
9
44
12
84
0
0
12
54
9
64
0
50
4
29
9
44
0
90
9
43
9
74
9
14
9
93
14
56
9
74
9
94
9
34
9
44
9
74
8
55
9
99
11
83
14
26
9
64
12
54
2
19
9
94
15
27
11
53
9
99
9
94
12
24
9
72
9
44
9
74
15
81
9
94
9
92
0
0
9
44
4
39
9
94
16
88
9
14
3
29
9
94
2
69
15
27
13
85
9
44
9
94
2
2
8
35
13
85
9
34
9
64
9
33
14
26
9
33
9
43
9
93
9
74
9
32
9
63
9
94
16
88
9
87
9
14
9
99
9
99
9
99
3
39
9
99
13
55
9
74
12
24
9
94
9
94
9
34
4
79
9
34
3
39
12
24
9
43
9
34
9
14
10
82
11
83
2
59
9
44
9
74
9
99
9
64
9
74
9
14
9
99
4
40
9
94
9
86
9
94
9
44
9
64
16
88
12
84
12
84
9
74
11
53
9
73
14
56
13
85
9
73
9
14
10
82
11
53
9
43
9
99
9
74
13
55
9
99
9
74
14
26
10
22
13
85
9
14
9
99
9
34
9
44
9
99
14
56
14
56
12
84
9
63
9
42
0
60
15
87
9
63
13
55
9
14
9
14
13
85
9
14
9
34
9
14
10
82
9
74
13
85
9
44
9
34
16
88
9
34
9
14
13
55
9
99
9
14
9
99
9
43
9
12
0
78
14
56
12
21
9
64
9
94
9
34
9
94
15
87
9
44
12
24
15
27
15
57
9
74
15
57
3
69
9
33
9
63
9
92
14
56
15
57
9
32
9
63
16
28
9
94
9
74
9
12
9
34
1
59
9
99
9
34
9
74
0
19
9
43
9
74
9
99
9
99
9
34
9
74
9
34
16
28
9
34
14
56
9
17
9
62
9
74
15
27
9
44
9
64
9
74
13
55
9
99
9
99
9
72
13
85
9
14
10
22
0
50
9
94
9
44
9
33
9
94
9
94
9
44
9
41
9
12
9
44
16
88
9
99
9
63
9
74
9
13
16
58
9
99
9
34
9
44
9
14
9
64
9
14
9
32
2
39
11
23
13
85
9
99
11
23
13
25
0
40
9
44
9
14
9
94
9
42
12
84
9
64
0
90
9
74
15
57
9
94
13
85
9
18
9
74
13
55
9
94
9
93
13
25
9
14
9
64
9
94
9
99
9
34
9
99
9
34
12
54
9
64
9
34
8
35
9
99
9
74
9
94
11
83
9
99
10
22
9
99
9
94
11
23
13
55
9
74
9
99
9
14
12
84
14
56
9
44
15
57
10
22
14
26
9
14
9
94
9
74
9
74
9
14
9
99
9
64
12
24
9
13
15
27
12
84
11
23
15
57
9
74
9
12
9
34
9
43
9
63
9
14
9
42
9
64
14
26
10
82
16
58
9
74
9
14
9
94
9
64
0
80
12
54
9
34
13
85
9
34
9
99
9
18
9
14
12
54
9
34
9
99
9
74
1
9
9
14
9
33
9
74
9
74
9
99
9
62
9
47
12
84
15
27
9
99
9
72
9
94
9
64
11
83
9
94
9
34
9
44
9
32
9
14
13
25
9
94
9
32
9
99
9
73
11
23
9
74
9
34
9
66
9
99
9
62
12
84
15
87
9
34
12
24
14
26
9
99
13
55
9
64
9
64
15
27
9
74
9
44
14
26
9
13
9
74
9
29
9
2
9
74
9
44
10
82
9
94
10
52
14
26
9
34
9
74
9
44
9
64
0
70
0
48
9
99
9
99
9
99
9
34
9
14
9
14
9
34
9
94
9
34
9
99
9
42
9
44
9
94
9
62
9
94
13
85
9
14
9
74
9
94
11
53
11
83
10
52
9
64
15
57
9
34
13
25
9
93
10
52
9
74
9
94
9
12
9
34
9
74
13
55
9
34
11
83
9
94
9
99
12
84
9
14
13
85
13
25
4
19
9
99
9
94
12
54
13
51
9
44
9
13
13
25
9
74
9
99
12
84
9
34
9
44
9
42
9
64
9
57
9
94
9
99
9
68
9
34
14
26
9
64
9
94
9
98
1
71
9
34
9
99
11
53
9
13
9
64
10
22
9
99
9
64
13
55
9
34
9
99
9
74
12
24
9
34
9
34
9
3
9
94
9
74
9
64
9
44
9
32
9
94
9
44
15
57
15
87
9
74
0
20
9
33
