1
5
4
96
2
35
2
4
2
13
3
89
4
18
2
83
3
12
3
83
3
69
3
27
4
26
4
68
5
95
3
24
1
26
3
86
3
87
1
64
2
67
2
99
5
35
5
13
4
89
2
83
3
29
4
82
3
94
2
56
4
4
1
27
0
80
1
31
1
88
4
64
3
15
3
22
3
82
5
77
4
53
5
15
3
11
4
36
3
76
1
82
3
35
3
13
1
64
3
43
1
38
2
8
3
23
4
28
4
13
1
57
1
59
1
38
1
51
1
3
2
22
1
65
2
82
3
55
4
96
4
32
5
32
1
39
2
11
3
45
4
3
3
19
5
77
5
87
2
52
3
33
2
29
4
75
1
49
3
18
4
36
1
4
3
19
4
38
4
54
1
89
4
92
5
38
1
5
3
58
5
17
2
45
4
27
1
67
5
49
5
92
2
67
5
95
5
74
4
53
2
18
2
42
5
9
2
89
2
11
1
75
1
94
2
39
3
87
4
76
4
1
5
77
2
83
4
27
2
45
3
25
4
58
2
7
2
87
1
88
4
94
1
91
1
92
1
45
1
16
3
12
2
4
5
54
5
69
3
98
5
8
4
11
2
29
1
2
1
8
4
5
1
47
5
24
3
19
1
87
4
75
1
67
2
9
3
55
3
33
4
26
0
80
1
29
5
83
2
98
4
48
1
68
2
3
4
73
4
67
3
9
1
39
4
87
3
73
4
61
0
80
1
89
3
14
4
65
1
11
2
1
1
73
2
52
2
85
5
98
1
54
3
49
4
61
4
23
2
21
4
1
5
83
1
13
5
89
4
55
1
45
5
9
2
98
2
29
2
52
2
69
5
92
1
67
5
47
2
92
1
68
2
98
5
95
4
42
4
71
1
5
1
61
4
77
1
45
3
89
4
1
2
41
1
2
2
37
3
21
5
18
4
5
1
57
1
8
2
89
3
77
5
44
4
53
4
71
1
72
5
15
5
56
4
71
1
34
1
76
4
41
1
82
0
10
4
54
1
67
2
67
5
36
2
56
4
91
5
92
2
99
1
56
3
59
5
42
1
29
3
32
1
87
5
72
1
75
3
59
1
51
2
51
4
33
5
14
2
25
1
2
1
87
5
82
1
4
2
24
2
89
3
73
2
74
2
47
1
94
5
59
2
11
5
83
5
28
3
54
5
4
4
89
3
68
2
63
4
19
5
59
4
83
4
7
2
33
3
93
3
49
3
77
3
39
1
42
3
6
4
51
1
68
1
51
1
44
3
39
3
9
4
88
5
67
1
12
3
1
1
75
5
17
5
89
1
71
4
85
2
9
1
79
4
6
5
69
5
15
3
68
5
53
1
48
2
25
2
31
2
14
3
53
1
75
1
28
5
23
0
0
5
49
4
77
0
0
2
39
4
79
2
67
3
8
1
93
2
86
4
41
2
49
1
8
1
32
2
26
4
31
1
24
1
48
1
9
1
69
4
39
3
43
2
33
3
49
4
4
5
99
3
69
2
44
3
61
2
27
4
7
4
74
3
85
5
17
4
4
4
67
1
93
4
32
4
31
5
84
5
17
4
68
5
9
1
44
3
69
5
36
3
93
5
19
4
88
5
44
3
11
3
99
4
56
3
62
1
52
2
59
1
77
5
54
3
63
4
2
3
3
1
37
3
17
2
33
1
54
1
94
4
54
4
79
0
40
5
55
5
83
2
41
2
89
4
1
4
35
5
82
4
99
1
76
1
55
3
89
1
99
2
15
2
69
5
78
1
1
4
61
3
35
4
94
2
41
3
31
2
79
5
9
2
14
5
98
2
54
2
19
5
92
4
28
2
77
1
99
2
57
1
4
2
63
1
77
1
58
2
83
1
29
2
5
1
43
1
93
5
52
4
19
3
48
4
71
2
82
5
7
3
29
4
15
3
63
2
46
5
13
3
72
3
23
3
56
4
32
2
9
3
68
3
1
2
99
1
8
2
72
1
4
2
75
3
48
3
25
5
88
1
14
3
6
3
51
5
78
3
6
1
5
1
1
4
41
3
54
4
24
1
9
1
97
1
98
1
65
3
82
3
43
0
70
1
96
4
12
4
45
2
36
1
64
1
97
4
54
2
65
4
82
3
99
1
57
2
76
4
86
5
5
3
13
2
28
4
21
1
34
5
59
1
86
1
1
1
77
0
90
1
44
4
49
2
13
2
64
0
40
5
7
4
33
2
83
1
83
3
45
3
83
3
28
2
49
1
11
1
12
1
61
5
13
2
16
1
49
5
4
1
36
4
96
0
40
4
42
0
22
3
35
3
87
4
3
2
85
2
36
4
33
3
72
2
96
4
34
5
37
1
79
0
0
1
46
5
54
0
50
4
29
5
39
0
90
5
32
5
66
2
7
2
82
3
45
5
68
5
84
2
25
3
33
2
65
2
55
5
98
1
72
3
15
2
59
3
43
2
18
1
87
5
16
4
42
2
93
3
83
1
14
2
61
3
34
3
67
4
81
2
87
1
81
0
0
3
35
4
39
3
84
5
79
3
7
3
28
3
89
2
64
5
16
2
78
2
39
4
85
2
2
2
35
2
74
3
28
2
59
4
22
3
19
1
22
3
32
2
82
2
69
4
21
5
52
3
89
5
78
1
87
1
7
4
91
1
92
3
97
3
36
4
95
2
48
2
69
2
13
2
83
5
83
4
26
4
75
2
24
3
34
3
13
2
32
4
25
3
6
3
71
1
72
2
51
1
33
4
65
5
93
1
58
1
63
4
9
3
96
4
40
4
86
5
86
4
84
1
39
4
58
5
78
1
73
4
73
3
69
1
42
4
62
3
49
2
77
2
62
3
4
3
71
2
42
1
32
2
97
1
66
4
44
4
93
2
69
3
17
4
11
2
74
3
3
1
97
4
26
5
36
4
92
3
45
3
47
1
76
5
52
3
31
0
60
4
79
4
52
2
45
5
14
1
4
2
79
4
7
2
25
1
9
3
71
4
65
4
74
1
39
2
26
5
77
5
25
2
9
2
49
5
92
4
3
2
99
4
32
1
1
0
78
5
45
1
21
1
54
1
84
4
26
2
87
5
76
4
36
1
13
4
19
4
47
1
64
5
46
3
61
1
34
4
52
4
81
3
47
5
46
3
21
2
52
5
17
3
84
5
64
3
1
1
28
1
58
5
94
3
29
2
68
0
19
2
32
1
67
3
98
1
98
4
24
1
63
3
28
5
19
5
23
3
45
1
17
5
62
2
67
4
18
5
39
1
53
5
69
2
49
4
91
1
93
1
61
2
79
5
9
2
11
0
50
4
85
1
38
3
22
3
85
3
89
1
36
2
41
1
1
5
38
5
79
1
99
3
52
2
65
2
2
5
47
3
98
2
24
4
35
4
6
2
56
4
7
2
21
2
34
3
12
2
74
4
99
5
12
2
15
0
40
1
34
4
8
3
83
2
31
1
76
5
59
0
90
1
64
4
47
5
89
2
78
2
18
3
68
2
47
5
84
1
82
2
18
3
8
5
58
2
89
2
98
1
29
2
92
1
26
3
43
5
55
3
29
1
35
3
91
2
69
2
84
2
72
5
97
1
11
3
91
4
85
1
12
2
49
1
65
5
95
5
5
3
73
3
49
3
39
4
46
3
11
3
17
3
9
5
85
1
63
4
64
4
7
1
93
3
58
1
18
1
2
4
18
2
73
4
12
4
49
3
66
3
1
4
29
4
32
3
63
4
7
3
31
2
59
3
16
2
71
5
48
3
69
5
5
3
89
2
57
0
80
1
47
3
29
5
74
1
27
5
97
4
18
3
6
1
43
5
24
3
93
1
67
1
6
1
9
2
22
4
64
1
66
2
98
1
51
3
47
2
73
4
18
4
92
1
61
1
85
2
55
1
72
4
89
4
29
1
35
2
21
1
9
2
17
4
85
3
21
4
91
3
62
4
12
1
64
4
23
2
77
4
96
4
51
5
73
5
76
5
28
1
13
5
15
5
99
4
44
3
53
3
57
4
19
3
63
5
36
5
15
3
2
2
69
4
29
1
2
3
69
5
38
4
71
4
89
3
41
3
17
2
29
5
65
1
38
5
59
0
70
0
48
4
98
3
93
4
91
5
26
2
4
2
7
1
29
5
88
1
26
2
97
3
31
1
35
1
83
2
51
2
83
3
74
2
3
5
66
2
89
5
42
4
72
2
41
2
59
4
49
3
27
2
18
1
82
2
41
1
64
4
88
2
1
1
27
1
64
4
44
4
25
5
72
1
84
1
97
1
76
1
9
2
74
3
14
4
11
2
97
2
83
1
45
2
51
5
33
1
2
2
14
4
74
4
92
4
73
3
23
5
35
2
31
4
58
1
57
1
87
5
97
4
68
1
27
3
15
5
54
4
89
5
98
1
71
4
26
2
98
5
42
3
2
5
54
3
11
3
99
4
57
3
44
3
23
1
95
1
65
1
13
5
26
4
28
5
3
3
83
1
69
1
57
2
35
1
21
2
84
3
36
4
47
4
79
1
66
0
20
5
22
