9
14
9
99
9
44
9
14
15
27
9
94
18
30
9
94
14
26
9
94
9
74
9
34
9
34
9
74
9
99
9
34
9
34
9
94
9
94
9
74
9
74
9
99
9
44
15
27
9
94
9
94
9
34
9
94
9
99
9
64
9
14
9
34
0
80
9
44
9
94
9
74
17
29
9
34
9
94
19
91
9
64
17
29
13
25
9
44
17
89
9
94
9
44
15
27
9
74
15
57
9
44
9
14
9
34
9
34
15
27
9
64
9
64
9
44
9
64
9
14
9
34
9
74
9
94
9
64
9
99
9
44
9
44
9
44
13
25
17
59
9
14
17
29
19
91
9
94
9
64
9
44
9
34
17
89
15
57
17
29
9
44
9
14
17
29
9
44
9
64
9
94
9
99
9
44
9
14
9
64
19
31
16
58
9
34
9
74
19
61
9
99
9
74
9
99
16
88
9
64
16
28
14
56
9
14
9
94
13
25
15
87
9
99
9
44
9
94
18
90
9
14
19
91
9
94
9
34
16
58
9
34
9
64
9
14
9
94
9
94
9
99
9
91
9
92
15
57
15
27
14
26
9
14
9
64
9
74
9
99
9
14
13
25
9
34
9
14
9
8
9
14
15
57
9
34
17
29
9
94
17
89
9
74
9
14
9
64
9
44
9
34
0
80
9
34
9
94
9
99
18
60
9
74
9
14
15
87
9
74
9
14
9
44
9
94
15
87
9
74
0
80
9
94
16
28
9
74
13
25
9
14
15
87
9
64
9
94
9
99
9
64
17
59
9
74
9
34
9
34
9
14
9
94
15
27
9
94
9
64
15
57
9
14
9
99
9
34
9
64
9
74
9
99
9
74
19
61
9
99
9
74
9
98
9
99
14
56
13
85
9
14
9
74
9
77
15
57
9
94
9
14
13
55
9
14
9
44
9
34
19
31
9
14
9
64
9
14
9
94
17
89
16
58
9
64
13
85
14
86
17
29
9
64
13
85
9
44
15
87
13
55
9
94
0
10
9
64
9
74
9
74
9
44
9
64
9
99
9
99
9
99
9
64
9
64
14
56
9
34
9
44
9
94
14
86
15
87
9
64
9
64
9
64
9
44
16
28
9
34
9
14
9
94
9
94
9
14
9
34
9
94
15
87
16
88
16
58
9
99
9
64
9
11
9
94
9
34
9
64
9
14
9
94
9
74
9
74
18
30
9
64
9
94
9
14
9
44
9
99
17
59
17
89
9
44
14
56
9
14
9
64
9
74
9
64
15
57
9
44
9
14
9
88
9
74
14
26
9
14
15
87
19
31
9
94
13
85
9
94
9
14
15
87
9
14
9
74
17
29
9
74
9
64
15
57
9
34
9
44
16
28
17
52
15
87
1
29
9
34
0
0
19
61
18
90
0
0
9
44
18
90
9
74
9
14
9
99
9
94
13
55
16
58
9
14
9
44
9
34
9
44
9
34
15
57
9
14
1
69
9
44
15
57
9
44
17
59
9
14
9
99
9
74
16
58
9
74
9
34
9
14
16
88
9
94
19
31
9
14
9
74
9
99
9
44
9
31
9
94
19
31
9
74
9
14
15
57
9
74
9
44
9
99
19
31
9
94
16
58
13
25
9
99
9
64
9
62
9
64
9
64
15
87
9
64
9
74
9
14
9
14
9
44
17
29
9
44
9
64
9
99
9
64
18
90
0
40
9
64
9
94
13
55
9
94
9
14
4
39
9
94
9
99
15
87
9
64
9
94
9
99
16
28
9
74
19
91
9
14
9
74
9
44
9
99
13
55
9
44
16
88
9
14
16
28
9
99
9
64
16
28
9
92
9
34
16
88
9
99
9
64
9
14
9
74
15
87
9
64
9
94
9
34
9
14
15
57
9
99
9
64
18
30
17
59
13
85
9
94
9
14
9
34
4
19
9
74
16
58
9
13
14
86
9
34
9
64
9
44
9
14
9
68
9
14
9
99
9
14
14
86
9
14
16
88
17
59
9
34
9
94
15
27
9
14
9
64
19
91
9
14
9
14
9
14
13
55
9
64
9
34
9
14
9
99
9
99
9
74
9
94
15
57
0
70
9
99
14
26
17
59
9
44
9
74
9
99
18
52
9
74
9
94
9
99
9
64
9
76
9
94
9
14
15
27
9
34
9
34
9
44
9
64
9
94
9
14
15
87
0
90
15
57
18
60
15
27
9
74
0
40
9
14
9
44
9
94
9
94
8
45
9
94
9
34
16
58
13
25
14
26
9
74
15
27
16
28
15
57
9
14
9
44
9
99
0
40
14
56
0
22
9
44
9
94
9
14
9
94
9
44
9
44
14
86
9
99
9
44
9
44
15
87
0
0
15
57
9
64
0
50
4
29
9
44
0
90
9
44
9
74
9
14
9
94
17
59
9
74
9
94
9
34
9
44
9
74
8
55
9
99
14
86
17
29
9
64
15
57
2
19
9
94
18
30
14
56
9
99
9
94
15
27
9
74
9
44
9
74
18
81
9
94
9
94
0
0
9
44
4
39
9
94
19
91
9
14
3
29
9
94
2
69
18
30
16
88
9
44
9
94
2
2
8
35
16
88
9
34
9
64
9
34
17
29
9
34
9
44
9
94
9
74
9
34
9
64
9
94
19
91
9
87
9
14
9
99
9
99
9
99
3
39
9
99
16
58
9
74
15
27
9
94
9
94
9
34
4
79
9
34
3
39
15
27
9
44
9
34
9
14
13
85
14
86
2
59
9
44
9
74
9
99
9
64
9
74
9
14
9
99
4
40
9
94
9
86
9
94
9
44
9
64
19
91
15
87
15
87
9
74
14
56
9
74
17
59
16
88
9
74
9
14
13
85
14
56
9
44
9
99
9
74
16
58
9
99
9
74
17
29
13
25
16
88
9
14
9
99
9
34
9
44
9
99
17
59
17
59
15
87
9
64
9
44
0
60
18
90
9
64
16
58
9
14
9
14
16
88
9
14
9
34
9
14
13
85
9
74
16
88
9
44
9
34
19
91
9
34
9
14
16
58
9
99
9
14
9
99
9
44
9
14
0
78
17
59
15
21
9
64
9
94
9
34
9
94
18
90
9
44
15
27
18
30
18
60
9
74
18
60
3
69
9
33
9
64
9
94
17
59
18
60
9
34
9
64
19
31
9
94
9
74
9
14
9
34
1
59
9
99
9
34
9
74
0
19
9
44
9
74
9
99
9
99
9
34
9
74
9
34
19
31
9
34
17
59
9
17
9
62
9
74
18
30
9
44
9
64
9
74
16
58
9
99
9
99
9
74
16
88
9
14
13
25
0
50
9
94
9
44
9
34
9
94
9
94
9
44
9
41
9
14
9
44
19
91
9
99
9
64
9
74
9
14
19
61
9
99
9
34
9
44
9
14
9
64
9
14
9
34
2
39
14
26
16
88
9
99
14
26
16
28
0
40
9
44
9
14
9
94
9
44
15
87
9
64
0
90
9
74
18
60
9
94
16
88
9
18
9
74
16
58
9
94
9
94
16
28
9
14
9
64
9
94
9
99
9
34
9
99
9
34
15
57
9
64
9
34
8
35
9
99
9
74
9
94
14
86
9
99
13
25
9
99
9
94
14
26
16
58
9
74
9
99
9
14
15
87
17
59
9
44
18
60
13
25
17
29
9
14
9
94
9
74
9
74
9
14
9
99
9
64
15
27
9
14
18
30
15
87
14
26
18
60
9
74
9
14
9
34
9
44
9
63
9
14
9
44
9
64
17
29
13
85
19
61
9
74
9
14
9
94
9
64
0
80
15
57
9
34
16
88
9
34
9
99
9
18
9
14
15
57
9
34
9
99
9
74
1
9
9
14
9
34
9
74
9
74
9
99
9
64
9
47
15
87
18
30
9
99
9
74
9
94
9
64
14
86
9
94
9
34
9
44
9
34
9
14
16
28
9
94
9
34
9
99
9
74
14
26
9
74
9
34
9
66
9
99
9
64
15
87
18
90
9
34
15
27
17
29
9
99
16
58
9
64
9
64
18
30
9
74
9
44
17
29
9
14
9
74
9
29
9
2
9
74
9
44
13
85
9
94
13
55
17
29
9
34
9
74
9
44
9
64
0
70
0
48
9
99
9
99
9
99
9
34
9
14
9
14
9
34
9
94
9
34
9
99
9
44
9
44
9
94
9
64
9
94
16
88
9
14
9
74
9
94
14
56
14
86
13
55
9
64
18
60
9
34
16
28
9
94
13
55
9
74
9
94
9
14
9
34
9
74
16
58
9
34
14
86
9
94
9
99
15
87
9
14
16
88
16
28
4
19
9
99
9
94
15
57
16
51
9
44
9
14
16
28
9
74
9
99
15
87
9
34
9
44
9
44
9
64
9
57
9
94
9
99
9
68
9
34
17
29
9
64
9
94
9
98
1
71
9
34
9
99
14
56
9
14
9
64
13
25
9
99
9
64
16
58
9
34
9
99
9
74
15
27
9
34
9
34
9
3
9
94
9
74
9
64
9
44
9
34
9
94
9
44
18
60
18
90
9
74
0
20
9
34
