9
11
9
99
9
42
9
12
9
21
9
93
12
24
9
91
9
20
9
91
9
73
9
33
9
34
9
74
9
99
9
32
9
31
9
93
9
93
9
71
9
72
9
99
9
43
9
21
9
94
9
91
9
33
9
90
9
99
9
62
9
12
9
31
0
80
9
39
9
91
9
72
11
23
9
30
9
90
13
85
9
61
11
23
9
19
9
44
11
83
9
90
9
43
9
21
9
71
9
51
9
41
9
12
9
31
9
34
9
21
9
61
9
61
9
41
9
59
9
11
9
30
9
71
9
90
9
63
9
99
9
40
9
40
9
41
9
19
11
53
9
11
11
23
13
85
9
94
9
60
9
41
9
32
11
83
9
51
11
23
9
44
9
11
11
23
9
44
9
62
9
91
9
99
9
44
9
11
9
63
13
25
10
52
9
34
9
71
13
55
9
99
9
72
9
99
10
82
9
61
10
22
9
50
9
14
9
92
9
19
9
81
9
99
9
42
9
93
12
84
9
9
13
85
9
91
9
34
10
52
9
33
9
64
9
12
9
92
9
91
9
99
9
91
9
92
9
51
9
21
9
20
9
12
9
62
9
74
9
99
9
14
9
19
9
32
9
10
9
8
9
13
9
51
9
32
11
23
9
91
11
83
9
71
9
12
9
63
9
41
9
34
0
80
9
31
9
91
9
99
12
54
9
71
9
11
9
81
9
74
9
13
9
41
9
94
9
81
9
69
0
80
9
91
10
22
9
73
9
19
9
9
9
81
9
60
9
92
9
99
9
61
11
53
9
69
9
31
9
29
9
9
9
91
9
21
9
94
9
63
9
51
9
14
9
99
9
32
9
60
9
72
9
99
9
71
13
55
9
99
9
71
9
98
9
99
9
50
9
79
9
11
9
69
9
77
9
51
9
93
9
9
9
49
9
10
9
42
9
29
13
25
9
13
9
61
9
11
9
92
11
83
10
52
9
61
9
79
9
80
11
23
9
64
9
79
9
41
9
81
9
49
9
90
0
10
9
62
9
71
9
72
9
44
9
62
9
99
9
99
9
99
9
61
9
63
9
50
9
31
9
40
9
91
9
80
9
81
9
63
9
59
9
59
9
41
10
22
9
32
9
10
9
91
9
90
9
11
9
32
9
92
9
81
10
82
10
52
9
99
9
64
9
11
9
91
9
34
9
62
9
12
9
94
9
73
9
71
12
24
9
64
9
91
9
14
9
41
9
99
11
53
11
83
9
43
9
50
9
13
9
59
9
71
9
59
9
51
9
43
9
13
9
88
9
74
9
20
9
9
9
81
13
25
9
94
9
79
9
93
9
12
9
81
9
14
9
74
11
23
9
73
9
61
9
51
9
32
9
39
10
22
11
52
9
81
1
29
9
31
0
0
13
55
12
84
0
0
9
42
12
84
9
72
9
13
9
99
9
92
9
49
10
52
9
11
9
40
9
32
9
39
9
31
9
51
9
11
1
69
9
44
9
51
9
41
11
53
9
12
9
99
9
73
10
52
9
69
9
32
9
14
10
82
9
93
13
25
9
12
9
74
9
99
9
40
9
31
9
92
13
25
9
74
9
14
9
51
9
73
9
44
9
99
13
25
9
94
10
52
9
19
9
99
9
64
9
62
9
60
9
62
9
81
9
62
9
71
9
10
9
11
9
41
11
23
9
41
9
61
9
99
9
62
12
84
0
40
9
63
9
91
9
49
9
92
9
9
4
39
9
90
9
99
9
81
9
61
9
93
9
99
10
22
9
72
13
85
9
9
9
69
9
43
9
99
9
49
9
39
10
82
9
14
10
22
9
99
9
62
10
22
9
92
9
34
10
82
9
99
9
62
9
11
9
71
9
81
9
61
9
91
9
31
9
12
9
51
9
99
9
60
12
24
11
53
9
79
9
90
9
14
9
33
4
19
9
71
10
52
9
13
9
80
9
31
9
63
9
40
9
12
9
68
9
9
9
99
9
11
9
80
9
11
10
82
11
53
9
33
9
94
9
21
9
13
9
59
13
85
9
13
9
11
9
9
9
49
9
62
9
32
9
11
9
99
9
99
9
71
9
90
9
51
0
70
9
99
9
20
11
53
9
42
9
71
9
99
12
52
9
72
9
90
9
99
9
61
9
76
9
94
9
13
9
21
9
32
9
29
9
41
9
64
9
91
9
9
9
81
0
90
9
51
12
54
9
21
9
72
0
40
9
14
9
41
9
91
9
91
8
45
9
91
9
33
10
52
9
19
9
20
9
69
9
21
10
22
9
51
9
12
9
41
9
99
0
40
9
50
0
22
9
43
9
93
9
11
9
92
9
42
9
41
9
80
9
99
9
42
9
44
9
81
0
0
9
51
9
62
0
50
4
29
9
44
0
90
9
40
9
74
9
12
9
90
11
53
9
74
9
92
9
32
9
41
9
72
8
55
9
99
9
80
11
23
9
62
9
51
2
19
9
91
12
24
9
50
9
99
9
91
9
21
9
69
9
42
9
73
12
81
9
92
9
89
0
0
9
43
4
39
9
92
13
85
9
13
3
29
9
93
2
69
12
24
10
82
9
42
9
93
2
2
8
35
10
82
9
33
9
62
9
30
11
23
9
30
9
40
9
90
9
72
9
29
9
60
9
93
13
85
9
87
9
11
9
99
9
99
9
99
3
39
9
99
10
52
9
72
9
21
9
91
9
91
9
34
4
79
9
32
3
39
9
21
9
40
9
33
9
13
9
79
9
80
2
59
9
41
9
73
9
99
9
61
9
71
9
14
9
99
4
40
9
94
9
86
9
92
9
41
9
64
13
85
9
81
9
81
9
73
9
50
9
70
11
53
10
82
9
70
9
12
9
79
9
50
9
40
9
99
9
71
10
52
9
99
9
72
11
23
9
19
10
82
9
11
9
99
9
34
9
44
9
99
11
53
11
53
9
81
9
60
9
39
0
60
12
84
9
60
10
52
9
14
9
11
10
82
9
14
9
32
9
11
9
79
9
73
10
82
9
41
9
32
13
85
9
33
9
12
10
52
9
99
9
11
9
99
9
40
9
9
0
78
11
53
9
21
9
61
9
91
9
34
9
92
12
84
9
44
9
21
12
24
12
54
9
71
12
54
3
69
9
33
9
60
9
89
11
53
12
54
9
29
9
60
13
25
9
92
9
72
9
9
9
31
1
59
9
99
9
33
9
72
0
19
9
40
9
71
9
99
9
99
9
32
9
71
9
33
13
25
9
31
11
53
9
17
9
62
9
72
12
24
9
44
9
61
9
74
10
52
9
99
9
99
9
69
10
82
9
14
9
19
0
50
9
93
9
41
9
30
9
93
9
93
9
41
9
41
9
9
9
44
13
85
9
99
9
60
9
72
9
10
13
55
9
99
9
32
9
43
9
14
9
62
9
14
9
29
2
39
9
20
10
82
9
99
9
20
10
22
0
40
9
41
9
14
9
91
9
39
9
81
9
64
0
90
9
71
12
54
9
94
10
82
9
18
9
73
10
52
9
92
9
90
10
22
9
13
9
64
9
92
9
99
9
31
9
99
9
31
9
51
9
63
9
33
8
35
9
99
9
72
9
92
9
80
9
99
9
19
9
99
9
93
9
20
10
52
9
71
9
99
9
13
9
81
11
53
9
43
12
54
9
19
11
23
9
13
9
93
9
71
9
72
9
14
9
99
9
63
9
21
9
10
12
24
9
81
9
20
12
54
9
73
9
9
9
34
9
40
9
63
9
14
9
39
9
62
11
23
9
79
13
55
9
73
9
13
9
93
9
62
0
80
9
51
9
33
10
82
9
31
9
99
9
18
9
13
9
51
9
32
9
99
9
71
1
9
9
11
9
30
9
72
9
71
9
99
9
59
9
47
9
81
12
24
9
99
9
69
9
91
9
62
9
80
9
94
9
34
9
41
9
29
9
11
10
22
9
93
9
29
9
99
9
70
9
20
9
71
9
31
9
69
9
99
9
59
9
81
12
84
9
34
9
21
11
23
9
99
10
52
9
61
9
63
12
24
9
71
9
44
11
23
9
10
9
72
9
29
9
2
9
73
9
44
9
79
9
94
9
49
11
23
9
32
9
73
9
41
9
64
0
70
0
48
9
99
9
99
9
99
9
34
9
12
9
12
9
31
9
94
9
31
9
99
9
39
9
41
9
91
9
59
9
91
10
82
9
11
9
74
9
92
9
50
9
80
9
49
9
62
12
54
9
33
10
22
9
90
9
49
9
71
9
94
9
9
9
31
9
71
10
52
9
33
9
80
9
91
9
99
9
81
9
11
10
82
10
22
4
19
9
99
9
91
9
51
10
51
9
41
9
10
10
22
9
74
9
99
9
81
9
31
9
43
9
39
9
64
9
57
9
91
9
99
9
68
9
31
11
23
9
62
9
94
9
98
1
71
9
34
9
99
9
50
9
10
9
62
9
19
9
99
9
64
10
52
9
31
9
99
9
71
9
21
9
34
9
34
9
3
9
91
9
71
9
61
9
42
9
29
9
92
9
43
12
54
12
84
9
71
0
20
9
30
