5
9
8
99
6
39
6
8
6
17
7
89
8
20
6
87
7
16
7
87
7
69
7
29
8
30
8
70
9
99
7
28
5
29
7
89
7
89
5
68
6
69
6
99
9
39
9
17
8
90
6
87
7
29
8
86
7
98
6
59
8
8
5
29
0
80
5
35
5
89
8
68
7
19
7
26
7
86
9
81
8
57
9
19
7
15
8
40
7
79
5
86
7
39
7
17
5
68
7
47
5
39
6
9
7
27
8
30
8
17
5
59
5
59
5
39
5
55
5
7
6
26
5
69
6
86
7
59
8
99
8
36
8
36
5
39
6
15
7
49
8
7
7
19
9
81
9
91
6
56
7
37
6
29
8
79
5
49
7
19
8
40
5
8
7
19
8
40
8
58
5
89
8
96
9
41
5
9
7
59
9
21
6
49
8
30
5
69
9
51
8
96
6
69
9
99
9
78
8
57
6
19
6
46
9
11
6
89
6
15
5
79
5
98
6
39
7
89
8
80
8
5
9
81
6
87
8
30
6
49
7
29
8
60
6
9
6
89
5
89
8
98
5
91
5
92
5
49
5
19
7
16
6
8
9
58
9
71
7
99
9
11
8
15
6
29
5
6
5
8
8
9
5
49
9
28
7
19
5
89
8
79
5
69
6
9
7
59
7
37
8
30
0
80
5
29
9
87
6
99
8
50
5
69
6
7
8
77
8
70
7
9
5
39
8
90
7
77
8
65
0
80
5
89
7
18
8
69
5
15
6
5
5
77
6
56
6
89
9
99
5
58
7
49
8
65
8
27
6
25
8
5
9
87
5
17
9
91
8
59
5
49
9
11
6
99
6
29
6
56
6
69
8
96
5
69
9
51
6
96
5
69
6
98
9
99
8
46
8
75
5
9
5
65
8
77
5
49
7
89
8
5
6
45
5
6
6
39
7
25
9
21
8
9
5
59
5
9
6
89
7
79
9
48
8
57
8
75
5
76
9
19
9
60
8
75
5
38
5
79
8
45
5
86
0
10
8
58
5
69
6
69
9
40
6
59
8
95
8
96
6
99
5
59
7
59
8
46
5
29
7
36
5
89
8
76
5
79
7
59
5
55
6
55
8
37
9
18
6
29
5
6
5
89
8
86
5
8
6
28
6
89
7
77
6
78
6
49
5
98
9
61
6
11
9
87
9
31
7
58
9
8
8
90
7
69
6
67
8
20
9
61
8
87
8
10
6
37
7
97
7
49
7
79
7
39
5
46
7
9
8
55
5
69
5
55
5
48
7
39
7
9
8
88
9
71
5
16
7
5
5
79
9
21
9
91
5
75
8
89
6
9
5
79
8
10
9
71
9
19
7
69
9
57
5
49
6
29
6
35
6
18
7
53
5
79
1
29
9
27
0
0
9
51
8
80
0
0
6
39
8
80
6
69
7
9
5
97
6
89
8
45
6
49
5
9
5
36
6
29
8
35
5
28
5
49
5
9
1
69
8
40
7
47
6
37
7
49
8
8
9
99
7
69
6
48
7
65
6
29
8
10
8
78
7
89
9
21
8
8
8
70
5
97
8
36
8
31
9
88
9
21
8
70
9
11
5
48
7
69
9
40
7
97
9
21
8
90
9
48
7
15
7
99
8
60
7
62
5
56
6
59
5
79
9
58
7
67
8
6
7
7
5
39
7
19
6
37
5
58
5
98
8
58
8
80
0
40
9
59
9
87
6
45
6
89
8
5
4
39
8
86
8
99
5
79
5
59
7
89
5
99
6
19
6
69
9
81
5
5
8
65
7
39
8
98
6
45
7
35
6
79
9
11
6
18
9
99
6
58
6
19
9
92
8
30
6
79
5
99
6
59
5
8
6
67
5
79
5
59
6
87
5
29
6
9
5
47
5
97
8
56
8
20
7
49
8
75
6
86
9
11
7
29
4
19
7
67
6
49
9
13
7
76
7
27
7
59
8
36
6
9
7
68
7
5
6
99
5
9
6
76
5
8
6
79
7
49
7
29
9
91
5
18
7
9
7
55
9
81
7
9
5
9
5
5
8
45
7
58
8
28
5
9
5
99
5
99
5
69
7
86
7
47
0
70
5
99
8
16
8
49
6
39
5
68
5
99
8
54
6
69
8
86
7
99
5
59
6
76
8
90
9
9
7
17
6
29
8
25
5
38
9
61
5
89
5
5
5
79
0
90
5
48
8
50
6
17
6
68
0
40
9
11
8
37
6
87
5
87
7
45
7
87
7
29
6
49
5
15
5
16
5
65
9
17
6
19
5
49
9
8
5
39
8
99
0
40
8
46
0
22
7
39
7
89
8
7
6
89
6
39
8
37
7
76
6
99
8
38
9
41
5
79
0
0
5
49
9
58
0
50
4
29
9
41
0
90
8
36
9
70
6
9
6
86
7
49
9
71
9
88
6
29
7
37
6
69
6
55
9
99
5
76
7
19
6
59
7
47
2
19
5
89
9
20
8
46
6
97
7
87
5
18
6
65
7
38
7
69
8
81
6
89
5
85
0
0
7
39
4
39
7
88
9
81
7
9
3
29
7
89
2
68
9
20
6
79
6
39
8
89
2
2
6
35
6
78
7
29
6
59
8
26
7
19
5
26
7
36
6
86
6
69
8
25
8
56
7
89
9
81
5
87
5
9
8
95
5
96
7
99
3
39
8
99
6
49
6
69
6
17
6
87
9
87
8
30
4
79
6
28
3
38
7
17
6
36
8
29
7
9
7
75
5
76
2
55
5
37
8
69
9
97
5
59
5
67
8
10
7
99
4
40
8
90
9
86
8
88
5
39
8
60
9
81
5
77
8
77
7
69
5
46
8
66
7
49
6
79
6
66
7
8
7
75
6
46
5
36
6
99
5
69
8
48
8
97
6
69
7
19
8
15
6
78
7
7
5
99
8
30
9
40
8
96
7
49
7
49
5
79
8
56
7
35
0
60
8
80
8
56
6
49
9
14
5
8
6
79
8
10
6
29
5
9
7
75
8
69
8
78
5
39
6
29
9
81
9
29
6
9
6
49
8
96
8
7
6
99
8
36
5
5
0
78
9
49
5
21
5
58
5
88
8
30
6
89
9
80
8
40
5
17
8
20
8
50
5
68
9
50
3
65
5
34
8
56
8
85
7
49
9
50
7
25
6
56
9
21
7
88
9
68
7
5
5
29
1
59
9
98
7
29
6
69
0
19
6
36
5
69
7
99
5
99
8
28
5
67
7
29
9
21
9
27
7
49
5
17
9
62
6
69
8
20
9
41
5
57
9
71
6
49
8
95
5
97
5
65
6
79
9
11
6
15
0
50
8
89
5
39
7
26
7
89
7
89
5
39
6
41
5
5
9
41
9
81
5
99
7
56
6
69
6
6
9
51
7
99
6
28
8
39
8
10
6
59
8
10
6
25
2
38
7
16
6
78
8
99
8
16
6
19
0
40
5
38
8
10
7
87
6
35
5
79
9
61
0
90
5
68
8
50
9
91
6
79
6
18
7
69
6
49
9
88
5
86
6
19
7
9
9
61
6
89
6
99
5
29
6
96
5
29
7
47
9
59
7
29
5
35
7
95
6
69
6
88
6
76
9
99
5
15
7
95
8
89
5
16
6
49
5
69
9
99
9
9
7
77
7
49
7
39
8
50
7
15
7
19
7
9
9
89
5
67
8
68
8
10
5
97
7
59
5
19
5
6
8
20
6
77
8
16
8
50
7
69
7
5
8
30
8
36
7
63
8
10
7
35
6
59
7
19
6
75
9
51
7
69
9
9
7
89
6
59
0
80
5
49
7
29
9
78
5
29
9
99
8
18
7
9
5
47
9
28
7
97
5
69
1
9
5
9
6
26
8
68
5
69
6
99
5
55
7
47
6
77
8
20
8
96
5
65
5
89
6
59
5
76
8
90
8
30
5
39
6
25
5
9
6
19
8
89
7
25
8
95
7
66
8
16
5
68
8
27
6
73
8
99
8
55
9
77
9
80
9
31
5
17
9
19
9
99
8
48
7
57
7
59
8
20
7
67
9
40
9
19
7
6
6
69
8
29
5
2
7
69
9
41
8
75
8
90
7
45
7
19
6
29
9
69
5
39
9
61
0
70
0
48
8
99
7
97
8
95
9
30
6
8
6
9
5
29
9
91
5
29
6
99
7
35
5
39
5
87
6
55
6
87
7
78
6
7
9
70
6
89
8
46
8
76
6
45
6
59
8
50
7
29
6
19
5
86
6
45
5
68
8
90
6
5
5
29
5
68
8
48
8
29
8
76
5
88
5
99
5
79
5
9
6
78
7
18
4
15
6
99
6
87
5
49
6
51
9
37
5
6
6
18
8
74
8
96
8
77
7
27
9
39
6
35
8
60
5
57
5
89
9
99
8
68
5
29
7
19
9
58
8
90
9
98
1
71
8
30
6
99
8
46
7
6
9
58
7
15
7
99
8
60
7
48
7
27
5
99
5
69
5
17
9
30
8
30
9
3
7
87
5
69
5
59
6
39
5
25
6
88
7
39
8
50
8
80
5
69
0
20
8
26
