9
14
9
99
9
44
9
14
19
34
9
94
19
34
9
94
19
34
9
94
9
74
9
34
9
34
9
74
9
99
9
34
9
34
9
94
9
94
9
74
9
74
9
99
9
44
19
34
9
94
9
94
9
34
9
94
9
99
9
64
9
14
9
34
0
80
9
44
9
94
9
74
19
34
9
34
9
94
19
94
9
64
19
34
19
34
9
44
19
94
9
94
9
44
19
34
9
74
19
64
9
44
9
14
9
34
9
34
19
34
9
64
9
64
9
44
9
64
9
14
9
34
9
74
9
94
9
64
9
99
9
44
9
44
9
44
19
34
19
64
9
14
19
34
19
94
9
94
9
64
9
44
9
34
19
94
19
64
19
34
9
44
9
14
19
34
9
44
9
64
9
94
9
99
9
44
9
14
9
64
19
34
19
64
9
34
9
74
19
64
9
99
9
74
9
99
19
94
9
64
19
34
19
64
9
14
9
94
19
34
19
94
9
99
9
44
9
94
19
94
9
14
19
94
9
94
9
34
19
64
9
34
9
64
9
14
9
94
9
94
9
99
9
91
9
92
19
64
19
34
19
34
9
14
9
64
9
74
9
99
9
14
19
34
9
34
9
14
9
8
9
14
19
64
9
34
19
34
9
94
19
94
9
74
9
14
9
64
9
44
9
34
0
80
9
34
9
94
9
99
19
64
9
74
9
14
19
94
9
74
9
14
9
44
9
94
19
94
9
74
0
80
9
94
19
34
9
74
19
34
9
14
19
94
9
64
9
94
9
99
9
64
19
64
9
74
9
34
9
34
9
14
9
94
19
34
9
94
9
64
19
64
9
14
9
99
9
34
9
64
9
74
9
99
9
74
19
64
9
99
9
74
9
98
9
99
19
64
19
94
9
14
9
74
9
77
19
64
9
94
9
14
19
64
9
14
9
44
9
34
19
34
9
14
9
64
9
14
9
94
19
94
19
64
9
64
19
94
19
94
19
34
9
64
19
94
9
44
19
94
19
64
9
94
0
10
9
64
9
74
9
74
9
44
9
64
9
99
9
99
9
99
9
64
9
64
19
64
9
34
9
44
9
94
19
94
19
94
9
64
9
64
9
64
9
44
19
34
9
34
9
14
9
94
9
94
9
14
9
34
9
94
19
94
19
94
19
64
9
99
9
64
9
11
9
94
9
34
9
64
9
14
9
94
9
74
9
74
19
34
9
64
9
94
9
14
9
44
9
99
19
64
19
94
9
44
19
64
9
14
9
64
9
74
9
64
19
64
9
44
9
14
9
88
9
74
19
34
9
14
19
94
19
34
9
94
19
94
9
94
9
14
19
94
9
14
9
74
19
34
9
74
9
64
19
64
9
34
9
44
19
34
19
52
19
94
1
29
9
34
0
0
19
64
19
94
0
0
9
44
19
94
9
74
9
14
9
99
9
94
19
64
19
64
9
14
9
44
9
34
9
44
9
34
19
64
9
14
1
69
9
44
19
64
9
44
19
64
9
14
9
99
9
74
19
64
9
74
9
34
9
14
19
94
9
94
19
34
9
14
9
74
9
99
9
44
9
31
9
94
19
34
9
74
9
14
19
64
9
74
9
44
9
99
19
34
9
94
19
64
19
34
9
99
9
64
9
62
9
64
9
64
19
94
9
64
9
74
9
14
9
14
9
44
19
34
9
44
9
64
9
99
9
64
19
94
0
40
9
64
9
94
19
64
9
94
9
14
4
39
9
94
9
99
19
94
9
64
9
94
9
99
19
34
9
74
19
94
9
14
9
74
9
44
9
99
19
64
9
44
19
94
9
14
19
34
9
99
9
64
19
34
9
92
9
34
19
94
9
99
9
64
9
14
9
74
19
94
9
64
9
94
9
34
9
14
19
64
9
99
9
64
19
34
19
64
19
94
9
94
9
14
9
34
4
19
9
74
19
64
9
13
19
94
9
34
9
64
9
44
9
14
9
68
9
14
9
99
9
14
19
94
9
14
19
94
19
64
9
34
9
94
19
34
9
14
9
64
19
94
9
14
9
14
9
14
19
64
9
64
9
34
9
14
9
99
9
99
9
74
9
94
19
64
0
70
9
99
19
34
19
64
9
44
9
74
9
99
19
52
9
74
9
94
9
99
9
64
9
76
9
94
9
14
19
34
9
34
9
34
9
44
9
64
9
94
9
14
19
94
0
90
19
64
19
64
19
34
9
74
0
40
9
14
9
44
9
94
9
94
8
45
9
94
9
34
19
64
19
34
19
34
9
74
19
34
19
34
19
64
9
14
9
44
9
99
0
40
19
64
0
22
9
44
9
94
9
14
9
94
9
44
9
44
19
94
9
99
9
44
9
44
19
94
0
0
19
64
9
64
0
50
4
29
9
44
0
90
9
44
9
74
9
14
9
94
19
64
9
74
9
94
9
34
9
44
9
74
8
55
9
99
19
94
19
34
9
64
19
64
2
19
9
94
19
34
19
64
9
99
9
94
19
34
9
74
9
44
9
74
19
81
9
94
9
94
0
0
9
44
4
39
9
94
19
94
9
14
3
29
9
94
2
69
19
34
19
94
9
44
9
94
2
2
8
35
19
94
9
34
9
64
9
34
19
34
9
34
9
44
9
94
9
74
9
34
9
64
9
94
19
94
9
87
9
14
9
99
9
99
9
99
3
39
9
99
19
64
9
74
19
34
9
94
9
94
9
34
4
79
9
34
3
39
19
34
9
44
9
34
9
14
19
94
19
94
2
59
9
44
9
74
9
99
9
64
9
74
9
14
9
99
4
40
9
94
9
86
9
94
9
44
9
64
19
94
19
94
19
94
9
74
19
64
9
74
19
64
19
94
9
74
9
14
19
94
19
64
9
44
9
99
9
74
19
64
9
99
9
74
19
34
19
34
19
94
9
14
9
99
9
34
9
44
9
99
19
64
19
64
19
94
9
64
9
44
0
60
19
94
9
64
19
64
9
14
9
14
19
94
9
14
9
34
9
14
19
94
9
74
19
94
9
44
9
34
19
94
9
34
9
14
19
64
9
99
9
14
9
99
9
44
9
14
0
78
19
64
19
21
9
64
9
94
9
34
9
94
19
94
9
44
19
34
19
34
19
64
9
74
19
64
3
69
9
33
9
64
9
94
19
64
19
64
9
34
9
64
19
34
9
94
9
74
9
14
9
34
1
59
9
99
9
34
9
74
0
19
9
44
9
74
9
99
9
99
9
34
9
74
9
34
19
34
9
34
19
64
9
17
9
62
9
74
19
34
9
44
9
64
9
74
19
64
9
99
9
99
9
74
19
94
9
14
19
34
0
50
9
94
9
44
9
34
9
94
9
94
9
44
9
41
9
14
9
44
19
94
9
99
9
64
9
74
9
14
19
64
9
99
9
34
9
44
9
14
9
64
9
14
9
34
2
39
19
34
19
94
9
99
19
34
19
34
0
40
9
44
9
14
9
94
9
44
19
94
9
64
0
90
9
74
19
64
9
94
19
94
9
18
9
74
19
64
9
94
9
94
19
34
9
14
9
64
9
94
9
99
9
34
9
99
9
34
19
64
9
64
9
34
8
35
9
99
9
74
9
94
19
94
9
99
19
34
9
99
9
94
19
34
19
64
9
74
9
99
9
14
19
94
19
64
9
44
19
64
19
34
19
34
9
14
9
94
9
74
9
74
9
14
9
99
9
64
19
34
9
14
19
34
19
94
19
34
19
64
9
74
9
14
9
34
9
44
9
63
9
14
9
44
9
64
19
34
19
94
19
64
9
74
9
14
9
94
9
64
0
80
19
64
9
34
19
94
9
34
9
99
9
18
9
14
19
64
9
34
9
99
9
74
1
9
9
14
9
34
9
74
9
74
9
99
9
64
9
47
19
94
19
34
9
99
9
74
9
94
9
64
19
94
9
94
9
34
9
44
9
34
9
14
19
34
9
94
9
34
9
99
9
74
19
34
9
74
9
34
9
66
9
99
9
64
19
94
19
94
9
34
19
34
19
34
9
99
19
64
9
64
9
64
19
34
9
74
9
44
19
34
9
14
9
74
9
29
9
2
9
74
9
44
19
94
9
94
19
64
19
34
9
34
9
74
9
44
9
64
0
70
0
48
9
99
9
99
9
99
9
34
9
14
9
14
9
34
9
94
9
34
9
99
9
44
9
44
9
94
9
64
9
94
19
94
9
14
9
74
9
94
19
64
19
94
19
64
9
64
19
64
9
34
19
34
9
94
19
64
9
74
9
94
9
14
9
34
9
74
19
64
9
34
19
94
9
94
9
99
19
94
9
14
19
94
19
34
4
19
9
99
9
94
19
64
19
51
9
44
9
14
19
34
9
74
9
99
19
94
9
34
9
44
9
44
9
64
9
57
9
94
9
99
9
68
9
34
19
34
9
64
9
94
9
98
1
71
9
34
9
99
19
64
9
14
9
64
19
34
9
99
9
64
19
64
9
34
9
99
9
74
19
34
9
34
9
34
9
3
9
94
9
74
9
64
9
44
9
34
9
94
9
44
19
64
19
94
9
74
0
20
9
34
