4
8
7
99
5
38
5
7
5
16
6
89
7
19
5
86
6
15
6
86
6
69
6
29
7
29
7
69
8
98
6
27
4
29
6
89
6
89
4
67
5
69
5
99
8
38
8
16
7
89
5
86
6
29
7
85
6
97
5
59
7
7
4
29
0
80
4
34
4
89
7
67
6
18
6
25
6
85
8
80
7
56
8
18
6
14
7
39
6
79
4
85
6
38
6
16
4
67
6
46
4
39
5
9
6
26
7
29
7
16
4
59
4
59
4
39
4
54
4
6
5
25
4
68
5
85
6
58
7
99
7
35
8
35
4
39
5
14
6
48
7
6
6
19
8
80
8
90
5
55
6
36
5
29
7
78
4
49
6
19
7
39
4
7
6
19
7
39
7
57
4
89
7
95
8
40
4
8
6
59
8
20
5
48
7
29
4
69
8
50
8
95
5
69
8
98
8
77
7
56
5
19
5
45
8
10
5
89
5
14
4
78
4
97
5
39
6
89
7
79
7
4
8
80
5
86
7
29
5
48
6
28
7
59
5
9
5
89
4
89
7
97
4
91
4
92
4
48
4
19
6
15
5
7
8
57
8
70
6
99
8
10
7
14
5
29
4
5
4
8
7
8
4
49
8
27
6
19
4
89
7
78
4
69
5
9
6
58
6
36
7
29
0
80
4
29
8
86
5
99
7
49
4
69
5
6
7
76
7
69
6
9
4
39
7
89
6
76
7
64
0
80
4
89
6
17
7
68
4
14
5
4
4
76
5
55
5
88
8
99
4
57
6
49
7
64
7
26
5
24
7
4
8
86
4
16
8
90
7
58
4
48
8
10
5
99
5
29
5
55
5
69
8
95
4
69
8
50
5
95
4
69
5
98
8
98
7
45
7
74
4
8
4
64
7
77
4
48
6
89
7
4
5
44
4
5
5
39
6
24
8
20
7
8
4
59
4
9
5
89
6
79
8
47
7
56
7
74
4
75
8
18
8
59
7
74
4
37
4
79
7
44
4
85
0
10
7
57
4
69
5
69
8
39
5
59
7
94
8
95
5
99
4
59
6
59
8
45
4
29
6
35
4
89
8
75
4
78
6
59
4
54
5
54
7
36
8
17
5
28
4
5
4
89
8
85
4
7
5
27
5
89
6
76
5
77
5
49
4
97
8
60
5
11
8
86
8
30
6
57
8
7
7
89
6
69
5
66
7
19
8
60
7
86
7
9
5
36
6
96
6
49
6
79
6
39
4
45
6
9
7
54
4
69
4
54
4
47
6
39
6
9
7
88
8
70
4
15
6
4
4
78
8
20
8
90
4
74
7
88
5
9
4
79
7
9
8
70
8
18
6
69
8
56
4
49
5
28
5
34
5
17
6
53
4
78
1
29
8
26
0
0
8
50
7
79
0
0
5
39
7
79
5
69
6
9
4
96
5
89
7
44
5
49
4
9
4
35
5
29
7
34
4
27
4
49
4
9
1
69
7
39
6
46
5
36
6
49
7
7
8
99
6
69
5
47
6
64
5
29
7
9
7
77
6
88
8
20
7
7
7
69
4
96
7
35
7
31
8
87
8
20
7
69
8
10
4
47
6
69
8
39
6
96
8
20
7
89
8
47
6
14
6
99
7
59
6
62
4
55
5
59
4
79
8
57
6
66
7
5
6
6
4
39
6
19
5
36
4
57
4
97
7
57
7
79
0
40
8
58
8
86
5
44
5
89
7
4
4
38
8
85
7
99
4
79
4
58
6
89
4
99
5
18
5
69
8
80
4
4
7
64
6
38
7
97
5
44
6
34
5
79
8
10
5
17
8
99
5
57
5
19
8
92
7
29
5
79
4
99
5
59
4
7
5
66
4
79
4
59
5
86
4
29
5
8
4
46
4
96
8
55
7
19
6
49
7
74
5
85
8
10
6
29
4
18
6
66
5
49
8
13
6
75
6
26
6
59
7
35
5
9
6
68
6
4
5
99
4
9
5
75
4
7
5
78
6
49
6
28
8
90
4
17
6
9
6
54
8
80
6
9
4
8
4
4
7
44
6
57
7
27
4
9
4
99
4
99
4
68
6
85
6
46
0
70
4
99
7
15
7
48
5
39
4
67
4
99
7
54
5
68
7
85
6
99
4
59
5
76
7
89
8
8
6
16
5
29
7
24
4
37
8
60
4
89
4
4
4
79
0
90
4
47
7
49
5
16
5
67
0
40
8
10
7
36
5
86
4
86
6
45
6
86
6
29
5
49
4
14
4
15
4
64
8
16
5
19
4
49
8
7
4
39
7
99
0
40
7
45
0
22
6
38
6
89
7
6
5
88
5
39
7
36
6
75
5
99
7
37
8
40
4
79
0
0
4
49
8
57
0
50
4
29
8
40
0
90
8
35
8
69
5
9
5
85
6
48
8
70
8
87
5
28
6
36
5
68
5
55
8
99
4
75
6
18
5
59
6
46
2
19
4
89
8
19
7
45
5
96
6
86
4
17
5
64
6
37
6
69
7
81
5
89
4
84
0
0
6
38
4
39
6
87
8
80
6
9
3
29
6
89
2
67
8
19
5
79
5
39
7
88
2
2
5
35
5
77
6
29
5
59
7
25
6
19
4
25
6
35
5
85
5
69
7
24
8
55
6
89
8
80
4
87
4
9
7
94
4
95
6
99
3
39
7
98
5
49
5
69
5
16
5
86
8
86
7
29
4
78
5
27
3
37
6
16
5
35
7
28
6
9
6
74
4
75
2
54
4
36
7
68
8
96
4
59
4
66
7
9
6
99
4
40
7
89
8
86
7
87
4
39
7
59
8
80
4
76
7
76
6
69
4
45
7
65
6
49
5
79
5
65
6
7
6
74
5
45
4
35
5
99
4
69
7
47
7
96
5
69
6
19
7
14
5
77
6
6
4
99
7
29
8
39
7
95
6
48
6
49
4
79
8
55
6
34
0
60
7
79
7
55
5
48
8
14
4
7
5
79
7
9
5
28
4
9
6
74
7
68
7
77
4
39
5
29
8
80
8
28
5
9
5
49
8
95
7
6
5
99
7
35
4
4
0
78
8
48
4
21
4
57
4
87
7
29
5
89
8
79
7
39
4
16
7
19
7
49
4
67
8
49
3
64
4
34
7
55
7
84
6
49
8
49
6
24
5
55
8
20
6
87
8
67
6
4
4
29
1
59
8
97
6
29
5
69
0
19
5
35
4
69
6
99
4
99
7
27
4
66
6
29
8
20
8
26
6
48
4
17
8
62
5
69
7
19
8
40
4
56
8
70
5
49
7
94
4
96
4
64
5
79
8
10
5
14
0
50
7
88
4
39
6
25
6
88
6
89
4
39
5
41
4
4
8
40
8
80
4
99
6
55
5
68
5
5
8
50
6
99
5
27
7
38
7
9
5
59
7
9
5
24
2
37
6
15
5
77
7
99
8
15
5
18
0
40
4
37
7
9
6
86
5
34
4
79
8
60
0
90
4
67
7
49
8
90
5
79
5
18
6
69
5
49
8
87
4
85
5
19
6
9
8
60
5
89
5
99
4
29
5
95
4
29
6
46
8
58
6
29
4
35
6
94
5
69
5
87
5
75
8
99
4
14
6
94
7
88
4
15
5
49
4
68
8
98
8
8
6
76
6
49
6
39
7
49
6
14
6
19
6
9
8
88
4
66
7
67
7
9
4
96
6
59
4
19
4
5
7
19
5
76
7
15
7
49
6
69
6
4
7
29
7
35
6
63
7
9
6
34
5
59
6
19
5
74
8
50
6
69
8
8
6
89
5
59
0
80
4
49
6
29
8
77
4
29
8
99
7
18
6
9
4
46
8
27
6
96
4
69
1
9
4
9
5
25
7
67
4
69
5
99
4
54
6
47
5
76
7
19
7
95
4
64
4
88
5
58
4
75
7
89
7
29
4
38
5
24
4
9
5
19
7
88
6
24
7
94
6
65
7
15
4
67
7
26
5
74
7
99
7
54
8
76
8
79
8
30
4
16
8
18
8
99
7
47
6
56
6
59
7
19
6
66
8
39
8
18
6
5
5
69
7
29
4
2
6
69
8
40
7
74
7
89
6
44
6
19
5
29
8
68
4
39
8
60
0
70
0
48
7
99
6
96
7
94
8
29
5
7
5
9
4
29
8
90
4
29
5
99
6
34
4
38
4
86
5
54
5
86
6
77
5
6
8
69
5
89
8
45
7
75
5
44
5
59
7
49
6
29
5
19
4
85
5
44
4
67
7
89
5
4
4
29
4
67
7
47
7
28
8
75
4
87
4
99
4
79
4
9
5
77
6
17
4
14
5
99
5
86
4
48
5
51
8
36
4
5
5
17
7
74
7
95
7
76
6
26
8
38
5
34
7
59
4
57
4
89
8
99
7
68
4
29
6
18
8
57
7
89
8
98
1
71
7
29
5
99
8
45
6
5
8
57
6
14
6
99
7
59
6
47
6
26
4
98
4
68
4
16
8
29
7
29
8
3
6
86
4
69
4
59
5
38
4
24
5
87
6
39
7
49
7
79
4
69
0
20
8
25
