9
14
9
99
9
44
9
14
13
25
9
94
16
28
9
94
12
24
9
94
9
74
9
34
9
34
9
74
9
99
9
34
9
34
9
94
9
94
9
74
9
74
9
99
9
44
13
25
9
94
9
94
9
34
9
94
9
99
9
64
9
14
9
34
0
80
9
43
9
94
9
74
15
27
9
34
9
94
17
89
9
64
15
27
11
23
9
44
15
87
9
94
9
44
13
25
9
74
13
55
9
44
9
14
9
34
9
34
13
25
9
64
9
64
9
44
9
63
9
14
9
34
9
74
9
94
9
64
9
99
9
44
9
44
9
44
11
23
15
57
9
14
15
27
17
89
9
94
9
64
9
44
9
34
15
87
13
55
15
27
9
44
9
14
15
27
9
44
9
64
9
94
9
99
9
44
9
14
9
64
17
29
14
56
9
34
9
74
17
59
9
99
9
74
9
99
14
86
9
64
14
26
12
54
9
14
9
94
11
23
13
85
9
99
9
44
9
94
16
88
9
13
17
89
9
94
9
34
14
56
9
34
9
64
9
14
9
94
9
94
9
99
9
91
9
92
13
55
13
25
12
24
9
14
9
64
9
74
9
99
9
14
11
23
9
34
9
14
9
8
9
14
13
55
9
34
15
27
9
94
15
87
9
74
9
14
9
64
9
44
9
34
0
80
9
34
9
94
9
99
16
58
9
74
9
14
13
85
9
74
9
14
9
44
9
94
13
85
9
73
0
80
9
94
14
26
9
74
11
23
9
13
13
85
9
64
9
94
9
99
9
64
15
57
9
73
9
34
9
33
9
13
9
94
13
25
9
94
9
64
13
55
9
14
9
99
9
34
9
64
9
74
9
99
9
74
17
59
9
99
9
74
9
98
9
99
12
54
11
83
9
14
9
73
9
77
13
55
9
94
9
13
11
53
9
14
9
44
9
33
17
29
9
14
9
64
9
14
9
94
15
87
14
56
9
64
11
83
12
84
15
27
9
64
11
83
9
44
13
85
11
53
9
94
0
10
9
64
9
74
9
74
9
44
9
64
9
99
9
99
9
99
9
64
9
64
12
54
9
34
9
44
9
94
12
84
13
85
9
64
9
63
9
63
9
44
14
26
9
34
9
14
9
94
9
94
9
14
9
34
9
94
13
85
14
86
14
56
9
99
9
64
9
11
9
94
9
34
9
64
9
14
9
94
9
74
9
74
16
28
9
64
9
94
9
14
9
44
9
99
15
57
15
87
9
44
12
54
9
14
9
63
9
74
9
63
13
55
9
44
9
14
9
88
9
74
12
24
9
13
13
85
17
29
9
94
11
83
9
94
9
14
13
85
9
14
9
74
15
27
9
74
9
64
13
55
9
34
9
43
14
26
15
52
13
85
1
29
9
34
0
0
17
59
16
88
0
0
9
44
16
88
9
74
9
14
9
99
9
94
11
53
14
56
9
14
9
44
9
34
9
43
9
34
13
55
9
14
1
69
9
44
13
55
9
44
15
57
9
14
9
99
9
74
14
56
9
73
9
34
9
14
14
86
9
94
17
29
9
14
9
74
9
99
9
44
9
31
9
94
17
29
9
74
9
14
13
55
9
74
9
44
9
99
17
29
9
94
14
56
11
23
9
99
9
64
9
62
9
64
9
64
13
85
9
64
9
74
9
14
9
14
9
44
15
27
9
44
9
64
9
99
9
64
16
88
0
40
9
64
9
94
11
53
9
94
9
13
4
39
9
94
9
99
13
85
9
64
9
94
9
99
14
26
9
74
17
89
9
13
9
73
9
44
9
99
11
53
9
43
14
86
9
14
14
26
9
99
9
64
14
26
9
92
9
34
14
86
9
99
9
64
9
14
9
74
13
85
9
64
9
94
9
34
9
14
13
55
9
99
9
64
16
28
15
57
11
83
9
94
9
14
9
34
4
19
9
74
14
56
9
13
12
84
9
34
9
64
9
44
9
14
9
68
9
13
9
99
9
14
12
84
9
14
14
86
15
57
9
34
9
94
13
25
9
14
9
63
17
89
9
14
9
14
9
13
11
53
9
64
9
34
9
14
9
99
9
99
9
74
9
94
13
55
0
70
9
99
12
24
15
57
9
44
9
74
9
99
16
52
9
74
9
94
9
99
9
64
9
76
9
94
9
14
13
25
9
34
9
33
9
44
9
64
9
94
9
13
13
85
0
90
13
55
16
58
13
25
9
74
0
40
9
14
9
44
9
94
9
94
8
45
9
94
9
34
14
56
11
23
12
24
9
73
13
25
14
26
13
55
9
14
9
44
9
99
0
40
12
54
0
22
9
44
9
94
9
14
9
94
9
44
9
44
12
84
9
99
9
44
9
44
13
85
0
0
13
55
9
64
0
50
4
29
9
44
0
90
9
44
9
74
9
14
9
94
15
57
9
74
9
94
9
34
9
44
9
74
8
55
9
99
12
84
15
27
9
64
13
55
2
19
9
94
16
28
12
54
9
99
9
94
13
25
9
73
9
44
9
74
16
81
9
94
9
93
0
0
9
44
4
39
9
94
17
89
9
14
3
29
9
94
2
69
16
28
14
86
9
44
9
94
2
2
8
35
14
86
9
34
9
64
9
34
15
27
9
34
9
44
9
94
9
74
9
33
9
64
9
94
17
89
9
87
9
14
9
99
9
99
9
99
3
39
9
99
14
56
9
74
13
25
9
94
9
94
9
34
4
79
9
34
3
39
13
25
9
44
9
34
9
14
11
83
12
84
2
59
9
44
9
74
9
99
9
64
9
74
9
14
9
99
4
40
9
94
9
86
9
94
9
44
9
64
17
89
13
85
13
85
9
74
12
54
9
74
15
57
14
86
9
74
9
14
11
83
12
54
9
44
9
99
9
74
14
56
9
99
9
74
15
27
11
23
14
86
9
14
9
99
9
34
9
44
9
99
15
57
15
57
13
85
9
64
9
43
0
60
16
88
9
64
14
56
9
14
9
14
14
86
9
14
9
34
9
14
11
83
9
74
14
86
9
44
9
34
17
89
9
34
9
14
14
56
9
99
9
14
9
99
9
44
9
13
0
78
15
57
13
21
9
64
9
94
9
34
9
94
16
88
9
44
13
25
16
28
16
58
9
74
16
58
3
69
9
33
9
64
9
93
15
57
16
58
9
33
9
64
17
29
9
94
9
74
9
13
9
34
1
59
9
99
9
34
9
74
0
19
9
44
9
74
9
99
9
99
9
34
9
74
9
34
17
29
9
34
15
57
9
17
9
62
9
74
16
28
9
44
9
64
9
74
14
56
9
99
9
99
9
73
14
86
9
14
11
23
0
50
9
94
9
44
9
34
9
94
9
94
9
44
9
41
9
13
9
44
17
89
9
99
9
64
9
74
9
14
17
59
9
99
9
34
9
44
9
14
9
64
9
14
9
33
2
39
12
24
14
86
9
99
12
24
14
26
0
40
9
44
9
14
9
94
9
43
13
85
9
64
0
90
9
74
16
58
9
94
14
86
9
18
9
74
14
56
9
94
9
94
14
26
9
14
9
64
9
94
9
99
9
34
9
99
9
34
13
55
9
64
9
34
8
35
9
99
9
74
9
94
12
84
9
99
11
23
9
99
9
94
12
24
14
56
9
74
9
99
9
14
13
85
15
57
9
44
16
58
11
23
15
27
9
14
9
94
9
74
9
74
9
14
9
99
9
64
13
25
9
14
16
28
13
85
12
24
16
58
9
74
9
13
9
34
9
44
9
63
9
14
9
43
9
64
15
27
11
83
17
59
9
74
9
14
9
94
9
64
0
80
13
55
9
34
14
86
9
34
9
99
9
18
9
14
13
55
9
34
9
99
9
74
1
9
9
14
9
34
9
74
9
74
9
99
9
63
9
47
13
85
16
28
9
99
9
73
9
94
9
64
12
84
9
94
9
34
9
44
9
33
9
14
14
26
9
94
9
33
9
99
9
74
12
24
9
74
9
34
9
66
9
99
9
63
13
85
16
88
9
34
13
25
15
27
9
99
14
56
9
64
9
64
16
28
9
74
9
44
15
27
9
14
9
74
9
29
9
2
9
74
9
44
11
83
9
94
11
53
15
27
9
34
9
74
9
44
9
64
0
70
0
48
9
99
9
99
9
99
9
34
9
14
9
14
9
34
9
94
9
34
9
99
9
43
9
44
9
94
9
63
9
94
14
86
9
14
9
74
9
94
12
54
12
84
11
53
9
64
16
58
9
34
14
26
9
94
11
53
9
74
9
94
9
13
9
34
9
74
14
56
9
34
12
84
9
94
9
99
13
85
9
14
14
86
14
26
4
19
9
99
9
94
13
55
14
51
9
44
9
14
14
26
9
74
9
99
13
85
9
34
9
44
9
43
9
64
9
57
9
94
9
99
9
68
9
34
15
27
9
64
9
94
9
98
1
71
9
34
9
99
12
54
9
14
9
64
11
23
9
99
9
64
14
56
9
34
9
99
9
74
13
25
9
34
9
34
9
3
9
94
9
74
9
64
9
44
9
33
9
94
9
44
16
58
16
88
9
74
0
20
9
34
