2
6
5
97
3
36
3
5
3
14
4
89
5
19
3
84
4
13
4
84
4
69
4
28
5
27
5
69
6
96
4
25
2
27
4
87
4
88
2
65
3
68
3
99
6
36
6
14
5
89
3
84
4
29
5
83
4
95
3
57
5
5
2
28
0
80
2
32
2
89
5
65
4
16
4
23
4
83
6
78
5
54
6
16
4
12
5
37
4
77
2
83
4
36
4
14
2
65
4
44
2
39
3
9
4
24
5
29
5
14
2
58
2
59
2
39
2
52
2
4
3
23
2
66
3
83
4
56
5
97
5
33
6
33
2
39
3
12
4
46
5
4
4
19
6
78
6
88
3
53
4
34
3
29
5
76
2
49
4
19
5
37
2
5
4
19
5
39
5
55
2
89
5
93
6
39
2
6
4
59
6
18
3
46
5
28
2
68
6
49
6
93
3
68
6
96
6
75
5
54
3
19
3
43
6
9
3
89
3
12
2
76
2
95
3
39
4
88
5
77
5
2
6
78
3
84
5
28
3
46
4
26
5
59
3
8
3
88
2
89
5
95
2
91
2
92
2
46
2
17
4
13
3
5
6
55
6
69
4
99
6
9
5
12
3
29
2
3
2
8
5
6
2
48
6
25
4
19
2
88
5
76
2
68
3
9
4
56
4
34
5
27
0
80
2
29
6
84
3
99
5
49
2
69
3
4
5
74
5
68
4
9
2
39
5
88
4
74
5
62
0
80
2
89
4
15
5
66
2
12
3
2
2
74
3
53
3
86
6
99
2
55
4
49
5
62
5
24
3
22
5
2
6
84
2
14
6
89
5
56
2
46
6
9
3
99
3
29
3
53
3
69
6
93
2
68
6
48
3
93
2
69
3
98
6
96
5
43
5
72
2
6
2
62
5
77
2
46
4
89
5
2
3
42
2
3
3
38
4
22
6
19
5
6
2
58
2
9
3
89
4
78
6
45
5
54
5
72
2
73
6
16
6
57
5
72
2
35
2
77
5
42
2
83
0
10
5
55
2
68
3
68
6
37
3
57
5
92
6
93
3
99
2
57
4
59
6
43
2
29
4
33
2
88
6
73
2
76
4
59
2
52
3
52
5
34
6
15
3
26
2
3
2
88
6
83
2
5
3
25
3
89
4
74
3
75
3
48
2
95
6
59
3
11
6
84
6
29
4
55
6
5
5
89
4
69
3
64
5
19
6
59
5
84
5
8
3
34
4
94
4
49
4
78
4
39
2
43
4
7
5
52
2
69
2
52
2
45
4
39
4
9
5
88
6
68
2
13
4
2
2
76
6
18
6
89
2
72
5
86
3
9
2
79
5
7
6
69
6
16
4
69
6
54
2
49
3
26
3
32
3
15
4
53
2
76
1
29
6
24
0
0
6
49
5
78
0
0
3
39
5
79
3
68
4
9
2
94
3
87
5
42
3
49
2
9
2
33
3
27
5
32
2
25
2
49
2
9
1
69
5
39
4
44
3
34
4
49
5
5
6
99
4
69
3
45
4
62
3
28
5
8
5
75
4
86
6
18
5
5
5
68
2
94
5
33
5
31
6
85
6
18
5
69
6
9
2
45
4
69
6
37
4
94
6
19
5
89
6
45
4
12
4
99
5
57
4
62
2
53
3
59
2
78
6
55
4
64
5
3
4
4
2
38
4
18
3
34
2
55
2
95
5
55
5
79
0
40
6
56
6
84
3
42
3
89
5
2
4
36
6
83
5
99
2
77
2
56
4
89
2
99
3
16
3
69
6
79
2
2
5
62
4
36
5
95
3
42
4
32
3
79
6
9
3
15
6
99
3
55
3
19
6
92
5
29
3
78
2
99
3
58
2
5
3
64
2
78
2
59
3
84
2
29
3
6
2
44
2
94
6
53
5
19
4
49
5
72
3
83
6
8
4
29
4
16
4
64
3
47
6
13
4
73
4
24
4
57
5
33
3
9
4
68
4
2
3
99
2
9
3
73
2
5
3
76
4
49
4
26
6
89
2
15
4
7
4
52
6
79
4
7
2
6
2
2
5
42
4
55
5
25
2
9
2
98
2
99
2
66
4
83
4
44
0
70
2
97
5
13
5
46
3
37
2
65
2
98
5
54
3
66
5
83
4
99
2
58
3
76
5
87
6
6
4
14
3
29
5
22
2
35
6
59
2
87
2
2
2
78
0
90
2
45
5
49
3
14
3
65
0
40
6
8
5
34
3
84
2
84
4
45
4
84
4
29
3
49
2
12
2
13
2
62
6
14
3
17
2
49
6
5
2
37
5
97
0
40
5
43
0
22
4
36
4
88
5
4
3
86
3
37
5
34
4
73
3
97
5
35
6
38
2
79
0
0
2
47
6
55
0
50
4
29
6
39
0
90
6
33
6
67
3
8
3
83
4
46
6
69
6
85
3
26
4
34
3
66
3
55
6
99
2
73
4
16
3
59
4
44
2
19
2
88
6
17
5
43
3
94
4
84
2
15
3
62
4
35
4
68
5
81
3
88
2
82
0
0
4
36
4
39
4
85
6
79
4
8
3
29
4
89
2
65
6
17
3
79
3
39
5
86
2
2
3
35
3
75
4
29
3
59
5
23
4
19
2
23
4
33
3
83
3
69
5
22
6
53
4
89
6
79
2
87
2
8
5
92
2
93
4
98
3
37
5
96
3
49
3
69
3
14
3
84
6
84
5
27
4
76
3
25
3
35
4
14
3
33
5
26
4
7
4
72
2
73
2
52
2
34
5
66
6
94
2
59
2
64
5
9
4
97
4
40
5
87
6
86
5
85
2
39
5
59
6
79
2
74
5
74
4
69
2
43
5
63
4
49
3
78
3
63
4
5
4
72
3
43
2
33
3
98
2
67
5
45
5
94
3
69
4
18
5
12
3
75
4
4
2
98
5
27
6
37
5
93
4
46
4
48
2
77
6
53
4
32
0
60
5
79
5
53
3
46
6
14
2
5
3
79
5
8
3
26
2
9
4
72
5
66
5
75
2
39
3
27
6
78
6
26
3
9
3
49
6
93
5
4
3
99
5
33
2
2
0
78
6
46
2
21
2
55
2
85
5
27
3
88
6
77
5
37
2
14
5
19
5
48
2
65
6
47
3
62
2
34
5
53
5
82
4
48
6
47
4
22
3
53
6
18
4
85
6
65
4
2
2
29
1
59
6
95
4
29
3
69
0
19
3
33
2
68
4
99
2
99
5
25
2
64
4
29
6
19
6
24
4
46
2
17
6
62
3
68
5
19
6
39
2
54
6
69
3
49
5
92
2
94
2
62
3
79
6
9
3
12
0
50
5
86
2
39
4
23
4
86
4
89
2
37
3
41
2
2
6
39
6
79
2
99
4
53
3
66
3
3
6
48
4
99
3
25
5
36
5
7
3
57
5
8
3
22
2
35
4
13
3
75
5
99
6
13
3
16
0
40
2
35
5
9
4
84
3
32
2
77
6
59
0
90
2
65
5
48
6
89
3
79
3
18
4
69
3
48
6
85
2
83
3
19
4
9
6
59
3
89
3
99
2
29
3
93
2
27
4
44
6
56
4
29
2
35
4
92
3
69
3
85
3
73
6
98
2
12
4
92
5
86
2
13
3
49
2
66
6
96
6
6
4
74
4
49
4
39
5
47
4
12
4
18
4
9
6
86
2
64
5
65
5
8
2
94
4
59
2
19
2
3
5
19
3
74
5
13
5
49
4
67
4
2
5
29
5
33
4
63
5
8
4
32
3
59
4
17
3
72
6
49
4
69
6
6
4
89
3
58
0
80
2
48
4
29
6
75
2
28
6
98
5
18
4
7
2
44
6
25
4
94
2
68
1
7
2
9
3
23
5
65
2
67
3
99
2
52
4
47
3
74
5
19
5
93
2
62
2
86
3
56
2
73
5
89
5
29
2
36
3
22
2
9
3
18
5
86
4
22
5
92
4
63
5
13
2
65
5
24
3
76
5
97
5
52
6
74
6
77
6
29
2
14
6
16
6
99
5
45
4
54
4
58
5
19
4
64
6
37
6
16
4
3
3
69
5
29
2
2
4
69
6
39
5
72
5
89
4
42
4
18
3
29
6
66
2
39
6
59
0
70
0
48
5
99
4
94
5
92
6
27
3
5
3
8
2
29
6
89
2
27
3
98
4
32
2
36
2
84
3
52
3
84
4
75
3
4
6
67
3
89
6
43
5
73
3
42
3
59
5
49
4
28
3
19
2
83
3
42
2
65
5
89
3
2
2
28
2
65
5
45
5
26
6
73
2
85
2
98
2
77
2
9
3
75
4
15
4
12
3
98
3
84
2
46
3
51
6
34
2
3
3
15
5
74
5
93
5
74
4
24
6
36
3
32
5
59
2
57
2
88
6
98
5
68
2
28
4
16
6
55
5
89
6
98
1
71
5
27
3
99
6
43
4
3
6
55
4
12
4
99
5
58
4
45
4
24
2
96
2
66
2
14
6
27
5
29
6
3
4
84
2
69
2
58
3
36
2
22
3
85
4
37
5
48
5
79
2
67
0
20
6
23
