7
9
9
99
8
40
8
10
8
19
9
91
10
22
8
89
9
18
9
89
9
71
9
31
9
32
9
72
9
99
9
30
7
29
9
91
9
91
7
69
8
70
8
99
9
41
9
19
9
92
8
89
9
31
9
88
9
99
8
60
9
10
7
29
0
80
7
37
7
89
9
70
9
21
9
28
9
88
11
83
9
59
9
21
9
17
9
42
9
81
7
88
9
41
9
19
7
69
9
49
7
39
8
10
9
29
9
32
9
19
7
59
7
59
7
39
7
57
7
9
8
28
7
69
8
88
9
61
9
99
9
38
9
38
7
39
8
17
9
51
9
9
9
21
11
83
9
93
8
58
9
39
8
30
9
81
7
49
9
21
9
42
7
9
9
21
9
42
9
60
7
89
9
98
9
43
7
9
9
61
11
23
8
50
9
32
7
69
11
53
9
98
8
70
9
99
9
80
9
59
8
20
8
48
9
13
8
90
8
17
7
79
7
99
8
40
9
91
10
82
9
7
11
83
8
89
9
32
8
50
9
31
9
62
8
10
8
90
7
89
9
99
7
91
7
92
7
49
7
19
9
18
8
10
9
60
9
73
9
99
9
13
9
17
8
30
7
8
7
8
9
11
7
49
9
30
9
21
7
89
9
81
7
69
8
10
9
61
9
39
9
32
0
80
7
29
9
89
8
99
10
52
7
69
8
9
9
79
9
72
9
11
7
39
9
92
9
79
9
67
0
80
7
89
9
20
9
71
7
17
8
7
7
79
8
58
8
90
9
99
7
59
9
51
9
67
9
29
8
27
9
7
9
89
7
19
9
93
9
61
7
49
9
13
8
99
8
30
8
58
8
70
9
98
7
69
11
53
8
98
7
69
8
98
9
99
9
48
9
77
7
9
7
67
9
77
7
49
9
91
9
7
8
47
7
8
8
40
9
27
11
23
9
11
7
59
7
9
8
90
9
81
9
50
9
59
9
77
7
78
9
21
9
62
9
77
7
39
7
79
9
47
7
88
0
10
9
60
7
69
8
70
9
42
8
60
9
97
9
98
8
99
7
59
9
61
9
48
7
29
9
38
7
89
9
78
7
79
9
61
7
57
8
57
9
39
9
20
8
30
7
8
7
89
9
88
7
9
8
30
8
90
9
79
8
80
8
50
7
99
9
63
8
11
9
89
9
33
9
60
9
10
9
92
9
71
8
69
10
22
9
63
9
89
9
12
8
39
9
99
9
51
9
81
9
41
7
48
9
11
9
57
7
69
7
57
7
49
9
41
9
11
9
88
9
73
7
18
9
7
7
79
11
23
9
93
7
77
9
91
8
10
7
79
9
12
9
73
9
21
9
71
9
59
7
49
8
30
8
37
8
20
9
53
7
79
1
29
9
29
0
0
11
53
10
82
0
0
8
40
10
82
8
70
9
11
7
99
8
90
9
47
8
50
7
9
7
38
8
30
9
37
7
29
7
49
7
9
1
69
9
42
9
49
8
39
9
51
9
10
9
99
9
71
8
50
9
67
8
30
9
12
9
80
9
91
11
23
9
10
9
72
7
99
9
38
9
31
9
90
11
23
9
72
9
13
7
49
9
71
9
42
9
99
11
23
9
92
9
50
9
17
9
99
9
62
9
62
7
58
8
60
7
79
9
60
9
69
9
8
9
9
7
39
9
21
8
39
7
59
7
99
9
60
10
82
0
40
9
61
9
89
8
47
8
90
9
7
4
39
9
88
9
99
7
79
7
59
9
91
7
99
8
20
8
70
11
83
7
7
9
67
9
41
9
99
8
47
9
37
8
80
9
13
8
20
9
99
8
60
8
20
9
92
9
32
8
80
7
99
8
60
7
9
8
69
7
79
7
59
8
89
7
29
8
10
7
49
7
99
9
58
10
22
9
51
9
77
8
88
9
13
9
31
4
19
9
69
8
50
9
13
9
78
9
29
9
61
9
38
8
10
9
68
9
7
8
99
7
9
8
78
7
9
8
80
9
51
9
31
9
93
7
19
9
11
9
57
11
83
9
11
7
9
7
7
9
47
9
60
9
30
7
9
7
99
7
99
7
69
9
88
9
49
0
70
7
99
9
18
9
51
8
40
7
69
7
99
10
52
8
70
9
88
9
99
7
59
8
76
9
92
9
11
9
19
8
30
9
27
7
39
9
63
7
89
7
7
7
79
0
90
7
49
10
52
8
19
8
70
0
40
9
13
9
39
8
89
7
89
8
45
9
89
9
31
8
50
7
17
7
18
7
67
9
19
8
20
7
49
9
10
7
39
9
99
0
40
9
48
0
22
9
41
9
91
9
9
8
90
8
40
9
39
9
78
8
99
9
40
9
43
7
79
0
0
7
49
9
60
0
50
4
29
9
43
0
90
9
38
9
72
8
10
8
88
9
51
9
73
9
90
8
30
9
39
8
70
8
55
9
99
7
78
9
21
8
60
9
49
2
19
7
89
10
22
9
48
8
99
9
89
7
19
8
67
9
40
9
71
10
81
8
90
7
87
0
0
9
41
4
39
9
90
11
83
9
11
3
29
9
91
2
69
10
22
8
80
8
40
9
91
2
2
8
35
8
80
9
31
8
60
9
28
9
21
7
28
9
38
8
88
8
70
9
27
9
58
9
91
11
83
7
87
7
9
9
97
7
98
9
99
3
39
9
99
8
50
8
70
8
19
8
89
9
89
9
32
4
79
8
30
3
39
9
19
8
38
9
31
9
11
9
77
7
78
2
57
7
39
9
71
9
99
7
59
7
69
9
12
9
99
4
40
9
92
9
86
9
90
7
39
9
62
11
83
7
79
9
79
9
71
7
48
9
68
9
51
8
80
8
68
9
10
9
77
8
48
7
38
8
99
7
69
9
50
9
99
8
70
9
21
9
17
8
80
9
9
7
99
9
32
9
42
9
98
9
51
9
51
7
79
9
58
9
37
0
60
10
82
9
58
8
50
9
14
7
9
8
80
9
12
8
30
7
9
9
77
9
71
9
80
7
39
8
30
11
83
9
31
8
10
8
50
9
98
9
9
8
99
9
38
7
7
0
78
9
51
7
21
7
59
7
89
9
32
8
90
10
82
9
42
7
19
10
22
10
52
7
69
10
52
3
67
7
34
9
58
9
87
9
51
10
52
9
27
8
58
11
23
9
90
9
70
9
7
7
29
1
59
9
99
9
31
8
70
0
19
8
38
7
69
9
99
7
99
9
30
7
69
9
31
11
23
9
29
9
51
7
17
9
62
8
70
10
22
9
43
7
59
9
73
8
50
9
97
7
99
7
67
8
80
9
13
8
17
0
50
9
91
7
39
9
28
9
91
9
91
7
39
8
41
7
7
9
43
11
83
7
99
9
58
8
70
8
8
11
53
9
99
8
30
9
41
9
12
8
60
9
12
8
27
2
39
9
18
8
80
9
99
9
18
8
20
0
40
7
39
9
12
9
89
8
37
7
79
9
63
0
90
7
69
10
52
9
93
8
80
8
18
9
71
8
50
9
90
7
88
8
20
9
11
9
63
8
90
8
99
7
29
8
98
7
29
9
49
9
61
9
31
7
35
9
97
8
70
8
90
8
78
9
99
7
17
9
97
9
91
7
18
8
50
7
69
9
99
9
11
9
79
9
51
9
41
10
52
9
17
9
21
9
11
9
91
7
69
9
70
9
12
7
99
9
61
7
19
7
8
10
22
8
79
9
18
10
52
9
71
9
7
9
32
9
38
9
63
9
12
9
37
8
60
9
21
8
77
11
53
9
71
9
11
9
91
8
60
0
80
7
49
9
31
9
80
7
29
9
99
9
18
9
11
7
49
9
30
9
99
7
69
1
9
7
9
8
28
9
70
7
69
8
99
7
57
9
47
8
79
10
22
9
98
7
67
7
89
8
60
7
78
9
92
9
32
7
39
8
27
7
9
8
20
9
91
9
27
9
97
9
68
9
18
7
69
9
29
8
71
9
99
9
57
9
79
10
82
9
33
7
19
9
21
9
99
9
50
9
59
9
61
10
22
9
69
9
42
9
21
9
8
8
70
9
29
7
2
9
71
9
43
9
77
9
92
9
47
9
21
8
30
9
71
7
39
9
63
0
70
0
48
9
99
9
99
9
97
9
32
8
10
8
10
7
29
9
93
7
29
8
99
9
37
7
39
7
89
8
57
8
89
9
80
8
9
9
72
8
90
9
48
9
78
8
47
8
60
10
52
9
31
8
20
7
88
8
47
7
69
9
92
8
7
7
29
7
69
9
50
9
31
9
78
7
89
7
99
7
79
7
9
8
80
9
20
4
17
8
99
8
89
7
49
8
51
9
39
7
8
8
20
9
74
9
98
9
79
9
29
9
41
8
37
9
62
7
57
7
89
9
99
9
68
7
29
9
21
9
60
9
92
9
98
1
71
9
32
8
99
9
48
9
8
9
60
9
17
9
99
9
62
9
50
9
29
7
99
7
69
7
19
9
32
9
32
9
3
9
89
7
69
7
59
8
40
7
27
8
90
9
41
10
52
10
82
7
69
0
20
9
28
