8
10
9
99
9
41
9
11
9
20
9
92
11
23
9
90
9
19
9
90
9
72
9
32
9
33
9
73
9
99
9
31
8
30
9
92
9
92
8
70
9
71
9
99
9
42
9
20
9
93
9
90
9
32
9
89
9
99
9
61
9
11
8
30
0
80
8
38
8
90
9
71
10
22
9
29
9
89
12
84
9
60
10
22
9
18
9
43
10
82
8
89
9
42
9
20
8
70
9
50
8
40
9
11
9
30
9
33
9
20
8
60
8
60
8
40
8
58
8
10
9
29
8
70
9
89
9
62
9
99
9
39
9
39
8
40
9
18
10
52
9
10
10
22
12
84
9
94
9
59
9
40
9
31
10
82
8
50
10
22
9
43
8
10
10
22
9
43
9
61
8
90
9
99
9
44
8
10
9
62
12
24
9
51
9
33
8
70
12
54
9
99
9
71
9
99
9
81
9
60
9
21
9
49
9
14
9
91
9
18
8
80
8
99
9
41
9
92
11
83
9
8
12
84
9
90
9
33
9
51
9
32
9
63
9
11
9
91
8
90
9
99
8
91
8
92
8
50
8
20
9
19
9
11
9
61
9
74
9
99
9
14
9
18
9
31
8
9
8
8
9
12
8
50
9
31
10
22
8
90
10
82
8
70
9
11
9
62
9
40
9
33
0
80
8
30
9
90
9
99
11
53
8
70
9
10
9
80
9
73
9
12
8
40
9
93
9
80
9
68
0
80
8
90
9
21
9
72
8
18
9
8
8
80
9
59
9
91
9
99
8
60
10
52
9
68
9
30
9
28
9
8
9
90
8
20
9
94
9
62
8
50
9
14
9
99
9
31
9
59
9
71
9
99
8
70
12
54
9
99
8
70
9
98
9
99
9
49
9
78
8
10
8
68
9
77
8
50
9
92
9
8
9
48
8
9
9
41
9
28
12
24
9
12
8
60
8
10
9
91
10
82
9
51
9
60
9
78
8
79
10
22
9
63
9
78
8
40
8
80
9
48
8
89
0
10
9
61
8
70
9
71
9
43
9
61
9
98
9
99
9
99
8
60
9
62
9
49
8
30
9
39
8
90
9
79
8
80
9
62
8
58
9
58
9
40
9
21
9
31
8
9
8
90
9
89
8
10
9
31
9
91
9
80
9
81
9
51
8
99
9
64
9
11
9
90
9
34
9
61
9
11
9
93
9
72
9
70
11
23
9
64
9
90
9
13
9
40
9
99
10
52
10
82
9
42
8
49
9
12
9
58
8
70
8
58
8
50
9
42
9
12
9
88
9
74
8
19
9
8
8
80
12
24
9
94
8
78
9
92
9
11
8
80
9
13
9
74
10
22
9
72
9
60
8
50
9
31
9
38
9
21
10
52
8
80
1
29
9
30
0
0
12
54
11
83
0
0
9
41
11
83
9
71
9
12
8
99
9
91
9
48
9
51
8
10
8
39
9
31
9
38
8
30
8
50
8
10
1
69
9
43
9
50
9
40
10
52
9
11
9
99
9
72
9
51
9
68
9
31
9
13
9
81
9
92
12
24
9
11
9
73
8
99
9
39
9
31
9
91
12
24
9
73
9
14
8
50
9
72
9
43
9
99
12
24
9
93
9
51
9
18
9
99
9
63
9
62
8
59
9
61
8
80
9
61
9
70
9
9
9
10
8
40
10
22
9
40
8
60
8
99
9
61
11
83
0
40
9
62
9
90
9
48
9
91
9
8
4
39
9
89
9
99
8
80
8
60
9
92
8
99
9
21
9
71
12
84
8
8
9
68
9
42
9
99
9
48
9
38
9
81
9
14
9
21
9
99
9
61
9
21
9
92
9
33
9
81
8
99
9
61
8
10
9
70
8
80
8
60
9
90
8
30
9
11
8
50
8
99
9
59
11
23
10
52
9
78
9
89
9
14
9
32
4
19
9
70
9
51
9
13
9
79
9
30
9
62
9
39
9
11
9
68
9
8
9
99
8
10
9
79
8
10
9
81
10
52
9
32
9
94
8
20
9
12
9
58
12
84
9
12
8
10
8
8
9
48
9
61
9
31
8
10
8
99
8
99
8
70
9
89
9
50
0
70
8
99
9
19
10
52
9
41
8
70
8
99
11
52
9
71
9
89
9
99
8
60
9
76
9
93
9
12
9
20
9
31
9
28
8
40
9
64
8
90
8
8
8
80
0
90
8
50
11
53
9
20
9
71
0
40
9
14
9
40
9
90
8
90
8
45
9
90
9
32
9
51
8
18
8
19
8
68
9
20
9
21
8
50
9
11
8
40
9
99
0
40
9
49
0
22
9
42
9
92
9
10
9
91
9
41
9
40
9
79
9
99
9
41
9
44
8
80
0
0
8
50
9
61
0
50
4
29
9
44
0
90
9
39
9
73
9
11
9
89
10
52
9
74
9
91
9
31
9
40
9
71
8
55
9
99
8
79
10
22
9
61
9
50
2
19
8
90
11
23
9
49
9
99
9
90
8
20
9
68
9
41
9
72
11
81
9
91
8
88
0
0
9
42
4
39
9
91
12
84
9
12
3
29
9
92
2
69
11
23
9
81
9
41
9
92
2
2
8
35
9
81
9
32
9
61
9
29
10
22
8
29
9
39
9
89
9
71
9
28
9
59
9
92
12
84
8
87
8
10
9
98
8
99
9
99
3
39
9
99
9
51
9
71
9
20
9
90
9
90
9
33
4
79
9
31
3
39
9
20
9
39
9
32
9
12
9
78
8
79
2
58
8
40
9
72
9
99
8
60
8
70
9
13
9
99
4
40
9
93
9
86
9
91
8
40
9
63
12
84
8
80
9
80
9
72
8
49
9
69
10
52
9
81
9
69
9
11
9
78
9
49
8
39
9
99
8
70
9
51
9
99
9
71
10
22
9
18
9
81
9
10
8
99
9
33
9
43
9
99
10
52
10
52
8
80
9
59
9
38
0
60
11
83
9
59
9
51
9
14
8
10
9
81
9
13
9
31
8
10
9
78
9
72
9
81
8
40
9
31
12
84
9
32
9
11
9
51
9
99
9
10
9
99
9
39
8
8
0
78
10
52
8
21
8
60
8
90
9
33
9
91
11
83
9
43
8
20
11
23
11
53
8
70
11
53
3
68
8
34
9
59
9
88
10
52
11
53
9
28
9
59
12
24
9
91
9
71
9
8
8
30
1
59
9
99
9
32
9
71
0
19
9
39
8
70
9
99
8
99
9
31
8
70
9
32
12
24
9
30
10
52
8
17
9
62
9
71
11
23
9
44
8
60
9
74
9
51
9
98
8
99
8
68
9
81
9
14
9
18
0
50
9
92
8
40
9
29
9
92
9
92
8
40
9
41
8
8
9
44
12
84
8
99
9
59
9
71
9
9
12
54
9
99
9
31
9
42
9
13
9
61
9
13
9
28
2
39
9
19
9
81
9
99
9
19
9
21
0
40
8
40
9
13
9
90
9
38
8
80
9
64
0
90
8
70
11
53
9
94
9
81
9
18
9
72
9
51
9
91
8
89
9
21
9
12
9
64
9
91
9
99
8
30
9
99
8
30
9
50
9
62
9
32
8
35
9
98
9
71
9
91
9
79
9
99
8
18
9
98
9
92
8
19
9
51
8
70
9
99
9
12
9
80
10
52
9
42
11
53
9
18
10
22
9
12
9
92
8
70
9
71
9
13
8
99
9
62
8
20
8
9
11
23
9
80
9
19
11
53
9
72
9
8
9
33
9
39
9
63
9
13
9
38
9
61
10
22
9
78
12
54
9
72
9
12
9
92
9
61
0
80
8
50
9
32
9
81
8
30
9
99
9
18
9
12
8
50
9
31
9
99
8
70
1
9
8
10
9
29
9
71
8
70
9
99
8
58
9
47
9
80
11
23
9
99
8
68
8
90
9
61
8
79
9
93
9
33
8
40
9
28
8
10
9
21
9
92
9
28
9
98
9
69
9
19
8
70
9
30
9
70
9
99
9
58
9
80
11
83
9
34
8
20
10
22
9
99
9
51
9
60
9
62
11
23
9
70
9
43
10
22
9
9
9
71
9
29
8
2
9
72
9
44
9
78
9
93
9
48
10
22
9
31
9
72
8
40
9
64
0
70
0
48
9
99
9
99
9
98
9
33
9
11
9
11
8
30
9
94
8
30
9
99
9
38
8
40
8
90
9
58
9
90
9
81
9
10
9
73
9
91
9
49
9
79
9
48
9
61
11
53
9
32
9
21
8
89
9
48
8
70
9
93
9
8
8
30
8
70
9
51
9
32
9
79
8
90
8
99
8
80
8
10
9
81
9
21
4
18
9
99
9
90
8
50
9
51
9
40
8
9
9
21
9
74
9
99
9
80
9
30
9
42
9
38
9
63
8
57
8
90
9
99
9
68
8
30
10
22
9
61
9
93
9
98
1
71
9
33
9
99
9
49
9
9
9
61
9
18
9
99
9
63
9
51
9
30
8
99
8
70
8
20
9
33
9
33
9
3
9
90
8
70
8
60
9
41
8
28
9
91
9
42
11
53
11
83
8
70
0
20
9
29
