3
7
6
98
4
37
4
6
4
15
5
89
6
19
4
85
5
14
5
85
5
69
5
29
6
28
6
69
7
97
5
26
3
28
5
88
5
89
3
66
4
69
4
99
7
37
7
15
6
89
4
85
5
29
6
84
5
96
4
58
6
6
3
29
0
80
3
33
3
89
6
66
5
17
5
24
5
84
7
79
6
55
7
17
5
13
6
38
5
78
3
84
5
37
5
15
3
66
5
45
3
39
4
9
5
25
6
29
6
15
3
59
3
59
3
39
3
53
3
5
4
24
3
67
4
84
5
57
6
98
6
34
7
34
3
39
4
13
5
47
6
5
5
19
7
79
7
89
4
54
5
35
4
29
6
77
3
49
5
19
6
38
3
6
5
19
6
39
6
56
3
89
6
94
7
39
3
7
5
59
7
19
4
47
6
29
3
69
7
49
7
94
4
69
7
97
7
76
6
55
4
19
4
44
7
9
4
89
4
13
3
77
3
96
4
39
5
89
6
78
6
3
7
79
4
85
6
29
4
47
5
27
6
59
4
9
4
89
3
89
6
96
3
91
3
92
3
47
3
18
5
14
4
6
7
56
7
69
5
99
7
9
6
13
4
29
3
4
3
8
6
7
3
49
7
26
5
19
3
89
6
77
3
69
4
9
5
57
5
35
6
28
0
80
3
29
7
85
4
99
6
49
3
69
4
5
6
75
6
69
5
9
3
39
6
89
5
75
6
63
0
80
3
89
5
16
6
67
3
13
4
3
3
75
4
54
4
87
7
99
3
56
5
49
6
63
6
25
4
23
6
3
7
85
3
15
7
89
6
57
3
47
7
9
4
99
4
29
4
54
4
69
7
94
3
69
7
49
4
94
3
69
4
98
7
97
6
44
6
73
3
7
3
63
6
77
3
47
5
89
6
3
4
43
3
4
4
39
5
23
7
19
6
7
3
59
3
9
4
89
5
79
7
46
6
55
6
73
3
74
7
17
7
58
6
73
3
36
3
78
6
43
3
84
0
10
6
56
3
69
4
69
7
38
4
58
6
93
7
94
4
99
3
58
5
59
7
44
3
29
5
34
3
89
7
74
3
77
5
59
3
53
4
53
6
35
7
16
4
27
3
4
3
89
7
84
3
6
4
26
4
89
5
75
4
76
4
49
3
96
7
59
4
11
7
85
7
29
5
56
7
6
6
89
5
69
4
65
6
19
7
59
6
85
6
9
4
35
5
95
5
49
5
79
5
39
3
44
5
8
6
53
3
69
3
53
3
46
5
39
5
9
6
88
7
69
3
14
5
3
3
77
7
19
7
89
3
73
6
87
4
9
3
79
6
8
7
69
7
17
5
69
7
55
3
49
4
27
4
33
4
16
5
53
3
77
1
29
7
25
0
0
7
49
6
79
0
0
4
39
6
79
4
69
5
9
3
95
4
88
6
43
4
49
3
9
3
34
4
28
6
33
3
26
3
49
3
9
1
69
6
39
5
45
4
35
5
49
6
6
7
99
5
69
4
46
5
63
4
29
6
9
6
76
5
87
7
19
6
6
6
69
3
95
6
34
6
31
7
86
7
19
6
69
7
9
3
46
5
69
7
38
5
95
7
19
6
89
7
46
5
13
5
99
6
58
5
62
3
54
4
59
3
79
7
56
5
65
6
4
5
5
3
39
5
19
4
35
3
56
3
96
6
56
6
79
0
40
7
57
7
85
4
43
4
89
6
3
4
37
7
84
6
99
3
78
3
57
5
89
3
99
4
17
4
69
7
79
3
3
6
63
5
37
6
96
4
43
5
33
4
79
7
9
4
16
7
99
4
56
4
19
7
92
6
29
4
79
3
99
4
59
3
6
4
65
3
79
3
59
4
85
3
29
4
7
3
45
3
95
7
54
6
19
5
49
6
73
4
84
7
9
5
29
4
17
5
65
4
48
7
13
5
74
5
25
5
58
6
34
4
9
5
68
5
3
4
99
3
9
4
74
3
6
4
77
5
49
5
27
7
89
3
16
5
8
5
53
7
79
5
8
3
7
3
3
6
43
5
56
6
26
3
9
3
99
3
99
3
67
5
84
5
45
0
70
3
98
6
14
6
47
4
38
3
66
3
99
6
54
4
67
6
84
5
99
3
59
4
76
6
88
7
7
5
15
4
29
6
23
3
36
7
59
3
88
3
3
3
79
0
90
3
46
6
49
4
15
4
66
0
40
7
9
6
35
4
85
3
85
5
45
5
85
5
29
4
49
3
13
3
14
3
63
7
15
4
18
3
49
7
6
3
38
6
98
0
40
6
44
0
22
5
37
5
89
6
5
4
87
4
38
6
35
5
74
4
98
6
36
7
39
3
79
0
0
3
48
7
56
0
50
4
29
7
39
0
90
7
34
7
68
4
9
4
84
5
47
7
69
7
86
4
27
5
35
4
67
4
55
7
99
3
74
5
17
4
59
5
45
2
19
3
89
7
18
6
44
4
95
5
85
3
16
4
63
5
36
5
69
6
81
4
89
3
83
0
0
5
37
4
39
5
86
7
79
5
9
3
29
5
89
2
66
7
18
4
79
4
39
6
87
2
2
4
35
4
76
5
29
4
59
6
24
5
19
3
24
5
34
4
84
4
69
6
23
7
54
5
89
7
79
3
87
3
9
6
93
3
94
5
99
3
38
6
97
4
49
4
69
4
15
4
85
7
85
6
28
4
77
4
26
3
36
5
15
4
34
6
27
5
8
5
73
3
74
2
53
3
35
6
67
7
95
3
59
3
65
6
9
5
98
4
40
6
88
7
86
6
86
3
39
6
59
7
79
3
75
6
75
5
69
3
44
6
64
5
49
4
79
4
64
5
6
5
73
4
44
3
34
4
99
3
68
6
46
6
95
4
69
5
19
6
13
4
76
5
5
3
99
6
28
7
38
6
94
5
47
5
49
3
78
7
54
5
33
0
60
6
79
6
54
4
47
7
14
3
6
4
79
6
9
4
27
3
9
5
73
6
67
6
76
3
39
4
28
7
79
7
27
4
9
4
49
7
94
6
5
4
99
6
34
3
3
0
78
7
47
3
21
3
56
3
86
6
28
4
89
7
78
6
38
3
15
6
19
6
49
3
66
7
48
3
63
3
34
6
54
6
83
5
49
7
48
5
23
4
54
7
19
5
86
7
66
5
3
3
29
1
59
7
96
5
29
4
69
0
19
4
34
3
69
5
99
3
99
6
26
3
65
5
29
7
19
7
25
5
47
3
17
7
62
4
69
6
19
7
39
3
55
7
69
4
49
6
93
3
95
3
63
4
79
7
9
4
13
0
50
6
87
3
39
5
24
5
87
5
89
3
38
4
41
3
3
7
39
7
79
3
99
5
54
4
67
4
4
7
49
5
99
4
26
6
37
6
8
4
58
6
9
4
23
2
36
5
14
4
76
6
99
7
14
4
17
0
40
3
36
6
9
5
85
4
33
3
78
7
59
0
90
3
66
6
49
7
89
4
79
4
18
5
69
4
49
7
86
3
84
4
19
5
9
7
59
4
89
4
99
3
29
4
94
3
28
5
45
7
57
5
29
3
35
5
93
4
69
4
86
4
74
7
99
3
13
5
93
6
87
3
14
4
49
3
67
7
97
7
7
5
75
5
49
5
39
6
48
5
13
5
19
5
9
7
87
3
65
6
66
6
9
3
95
5
59
3
19
3
4
6
19
4
75
6
14
6
49
5
68
5
3
6
29
6
34
5
63
6
9
5
33
4
59
5
18
4
73
7
49
5
69
7
7
5
89
4
59
0
80
3
49
5
29
7
76
3
29
7
99
6
18
5
8
3
45
7
26
5
95
3
69
1
8
3
9
4
24
6
66
3
68
4
99
3
53
5
47
4
75
6
19
6
94
3
63
3
87
4
57
3
74
6
89
6
29
3
37
4
23
3
9
4
19
6
87
5
23
6
93
5
64
6
14
3
66
6
25
4
75
6
98
6
53
7
75
7
78
7
29
3
15
7
17
7
99
6
46
5
55
5
59
6
19
5
65
7
38
7
17
5
4
4
69
6
29
3
2
5
69
7
39
6
73
6
89
5
43
5
19
4
29
7
67
3
39
7
59
0
70
0
48
6
99
5
95
6
93
7
28
4
6
4
9
3
29
7
89
3
28
4
99
5
33
3
37
3
85
4
53
4
85
5
76
4
5
7
68
4
89
7
44
6
74
4
43
4
59
6
49
5
29
4
19
3
84
4
43
3
66
6
89
4
3
3
29
3
66
6
46
6
27
7
74
3
86
3
99
3
78
3
9
4
76
5
16
4
13
4
99
4
85
3
47
4
51
7
35
3
4
4
16
6
74
6
94
6
75
5
25
7
37
4
33
6
59
3
57
3
89
7
99
6
68
3
29
5
17
7
56
6
89
7
98
1
71
6
28
4
99
7
44
5
4
7
56
5
13
5
99
6
59
5
46
5
25
3
97
3
67
3
15
7
28
6
29
7
3
5
85
3
69
3
59
4
37
3
23
4
86
5
38
6
49
6
79
3
68
0
20
7
24
