9
13
9
99
9
44
9
14
11
23
9
94
14
26
9
93
10
22
9
93
9
74
9
34
9
34
9
74
9
99
9
34
9
33
9
94
9
94
9
73
9
74
9
99
9
44
11
23
9
94
9
93
9
34
9
92
9
99
9
64
9
14
9
33
0
80
9
41
9
93
9
74
13
25
9
32
9
92
15
87
9
63
13
25
9
21
9
44
13
85
9
92
9
44
11
23
9
73
11
53
9
43
9
14
9
33
9
34
11
23
9
63
9
63
9
43
9
61
9
13
9
32
9
73
9
92
9
64
9
99
9
42
9
42
9
43
9
21
13
55
9
13
13
25
15
87
9
94
9
62
9
43
9
34
13
85
11
53
13
25
9
44
9
13
13
25
9
44
9
64
9
93
9
99
9
44
9
13
9
64
15
27
12
54
9
34
9
73
15
57
9
99
9
74
9
99
12
84
9
63
12
24
10
52
9
14
9
94
9
21
11
83
9
99
9
44
9
94
14
86
9
11
15
87
9
93
9
34
12
54
9
34
9
64
9
14
9
94
9
93
9
99
9
91
9
92
11
53
11
23
10
22
9
14
9
64
9
74
9
99
9
14
9
21
9
34
9
12
9
8
9
14
11
53
9
34
13
25
9
93
13
85
9
73
9
14
9
64
9
43
9
34
0
80
9
33
9
93
9
99
14
56
9
73
9
13
11
83
9
74
9
14
9
43
9
94
11
83
9
71
0
80
9
93
12
24
9
74
9
21
9
11
11
83
9
62
9
94
9
99
9
63
13
55
9
71
9
33
9
31
9
11
9
93
11
23
9
94
9
64
11
53
9
14
9
99
9
34
9
62
9
74
9
99
9
73
15
57
9
99
9
73
9
98
9
99
10
52
9
81
9
13
9
71
9
77
11
53
9
94
9
11
9
51
9
12
9
44
9
31
15
27
9
14
9
63
9
13
9
94
13
85
12
54
9
63
9
81
10
82
13
25
9
64
9
81
9
43
11
83
9
51
9
92
0
10
9
64
9
73
9
74
9
44
9
64
9
99
9
99
9
99
9
63
9
64
10
52
9
33
9
42
9
93
10
82
11
83
9
64
9
61
9
61
9
43
12
24
9
34
9
12
9
93
9
92
9
13
9
34
9
94
11
83
12
84
12
54
9
99
9
64
9
11
9
93
9
34
9
64
9
14
9
94
9
74
9
73
14
26
9
64
9
93
9
14
9
43
9
99
13
55
13
85
9
44
10
52
9
14
9
61
9
73
9
61
11
53
9
44
9
14
9
88
9
74
10
22
9
11
11
83
15
27
9
94
9
81
9
94
9
14
11
83
9
14
9
74
13
25
9
74
9
63
11
53
9
34
9
41
12
24
13
52
11
83
1
29
9
33
0
0
15
57
14
86
0
0
9
44
14
86
9
74
9
14
9
99
9
94
9
51
12
54
9
13
9
42
9
34
9
41
9
33
11
53
9
13
1
69
9
44
11
53
9
43
13
55
9
14
9
99
9
74
12
54
9
71
9
34
9
14
12
84
9
94
15
27
9
14
9
74
9
99
9
42
9
31
9
94
15
27
9
74
9
14
11
53
9
74
9
44
9
99
15
27
9
94
12
54
9
21
9
99
9
64
9
62
9
62
9
64
11
83
9
64
9
73
9
12
9
13
9
43
13
25
9
43
9
63
9
99
9
64
14
86
0
40
9
64
9
93
9
51
9
94
9
11
4
39
9
92
9
99
11
83
9
63
9
94
9
99
12
24
9
74
15
87
9
11
9
71
9
44
9
99
9
51
9
41
12
84
9
14
12
24
9
99
9
64
12
24
9
92
9
34
12
84
9
99
9
64
9
13
9
73
11
83
9
63
9
93
9
33
9
14
11
53
9
99
9
62
14
26
13
55
9
81
9
92
9
14
9
34
4
19
9
73
12
54
9
13
10
82
9
33
9
64
9
42
9
14
9
68
9
11
9
99
9
13
10
82
9
13
12
84
13
55
9
34
9
94
11
23
9
14
9
61
15
87
9
14
9
13
9
11
9
51
9
64
9
34
9
13
9
99
9
99
9
73
9
92
11
53
0
70
9
99
10
22
13
55
9
44
9
73
9
99
14
52
9
74
9
92
9
99
9
63
9
76
9
94
9
14
11
23
9
34
9
31
9
43
9
64
9
93
9
11
11
83
0
90
11
53
14
56
11
23
9
74
0
40
9
14
9
43
9
93
9
93
8
45
9
93
9
34
12
54
9
21
10
22
9
71
11
23
12
24
11
53
9
14
9
43
9
99
0
40
10
52
0
22
9
44
9
94
9
13
9
94
9
44
9
43
10
82
9
99
9
44
9
44
11
83
0
0
11
53
9
64
0
50
4
29
9
44
0
90
9
42
9
74
9
14
9
92
13
55
9
74
9
94
9
34
9
43
9
74
8
55
9
99
10
82
13
25
9
64
11
53
2
19
9
93
14
26
10
52
9
99
9
93
11
23
9
71
9
44
9
74
14
81
9
94
9
91
0
0
9
44
4
39
9
94
15
87
9
14
3
29
9
94
2
69
14
26
12
84
9
44
9
94
2
2
8
35
12
84
9
34
9
64
9
32
13
25
9
32
9
42
9
92
9
74
9
31
9
62
9
94
15
87
9
87
9
13
9
99
9
99
9
99
3
39
9
99
12
54
9
74
11
23
9
93
9
93
9
34
4
79
9
34
3
39
11
23
9
42
9
34
9
14
9
81
10
82
2
59
9
43
9
74
9
99
9
63
9
73
9
14
9
99
4
40
9
94
9
86
9
94
9
43
9
64
15
87
11
83
11
83
9
74
10
52
9
72
13
55
12
84
9
72
9
14
9
81
10
52
9
42
9
99
9
73
12
54
9
99
9
74
13
25
9
21
12
84
9
13
9
99
9
34
9
44
9
99
13
55
13
55
11
83
9
62
9
41
0
60
14
86
9
62
12
54
9
14
9
13
12
84
9
14
9
34
9
13
9
81
9
74
12
84
9
43
9
34
15
87
9
34
9
14
12
54
9
99
9
13
9
99
9
42
9
11
0
78
13
55
11
21
9
63
9
93
9
34
9
94
14
86
9
44
11
23
14
26
14
56
9
73
14
56
3
69
9
33
9
62
9
91
13
55
14
56
9
31
9
62
15
27
9
94
9
74
9
11
9
33
1
59
9
99
9
34
9
74
0
19
9
42
9
73
9
99
9
99
9
34
9
73
9
34
15
27
9
33
13
55
9
17
9
62
9
74
14
26
9
44
9
63
9
74
12
54
9
99
9
99
9
71
12
84
9
14
9
21
0
50
9
94
9
43
9
32
9
94
9
94
9
43
9
41
9
11
9
44
15
87
9
99
9
62
9
74
9
12
15
57
9
99
9
34
9
44
9
14
9
64
9
14
9
31
2
39
10
22
12
84
9
99
10
22
12
24
0
40
9
43
9
14
9
93
9
41
11
83
9
64
0
90
9
73
14
56
9
94
12
84
9
18
9
74
12
54
9
94
9
92
12
24
9
14
9
64
9
94
9
99
9
33
9
99
9
33
11
53
9
64
9
34
8
35
9
99
9
74
9
94
10
82
9
99
9
21
9
99
9
94
10
22
12
54
9
73
9
99
9
14
11
83
13
55
9
44
14
56
9
21
13
25
9
14
9
94
9
73
9
74
9
14
9
99
9
64
11
23
9
12
14
26
11
83
10
22
14
56
9
74
9
11
9
34
9
42
9
63
9
14
9
41
9
64
13
25
9
81
15
57
9
74
9
14
9
94
9
64
0
80
11
53
9
34
12
84
9
33
9
99
9
18
9
14
11
53
9
34
9
99
9
73
1
9
9
13
9
32
9
74
9
73
9
99
9
61
9
47
11
83
14
26
9
99
9
71
9
93
9
64
10
82
9
94
9
34
9
43
9
31
9
13
12
24
9
94
9
31
9
99
9
72
10
22
9
73
9
33
9
67
9
99
9
61
11
83
14
86
9
34
11
23
13
25
9
99
12
54
9
63
9
64
14
26
9
73
9
44
13
25
9
12
9
74
9
29
9
2
9
74
9
44
9
81
9
94
9
51
13
25
9
34
9
74
9
43
9
64
0
70
0
48
9
99
9
99
9
99
9
34
9
14
9
14
9
33
9
94
9
33
9
99
9
41
9
43
9
93
9
61
9
93
12
84
9
13
9
74
9
94
10
52
10
82
9
51
9
64
14
56
9
34
12
24
9
92
9
51
9
73
9
94
9
11
9
33
9
73
12
54
9
34
10
82
9
93
9
99
11
83
9
13
12
84
12
24
4
19
9
99
9
93
11
53
12
51
9
43
9
12
12
24
9
74
9
99
11
83
9
33
9
44
9
41
9
64
9
57
9
93
9
99
9
68
9
33
13
25
9
64
9
94
9
98
1
71
9
34
9
99
10
52
9
12
9
64
9
21
9
99
9
64
12
54
9
33
9
99
9
73
11
23
9
34
9
34
9
3
9
93
9
73
9
63
9
44
9
31
9
94
9
44
14
56
14
86
9
73
0
20
9
32
