6
9
9
99
7
39
7
9
7
18
8
90
9
21
7
88
8
17
8
88
8
70
8
30
9
31
9
71
9
99
8
29
6
29
8
90
8
90
6
69
7
69
7
99
9
40
9
18
9
91
7
88
8
30
9
87
8
99
7
59
9
9
6
29
0
80
6
36
6
89
9
69
8
20
8
27
8
87
10
82
9
58
9
20
8
16
9
41
8
80
6
87
8
40
8
18
6
69
8
48
6
39
7
9
8
28
9
31
9
18
6
59
6
59
6
39
6
56
6
8
7
27
6
69
7
87
8
60
9
99
9
37
9
37
6
39
7
16
8
50
9
8
8
20
10
82
9
92
7
57
8
38
7
29
9
80
6
49
8
20
9
41
6
9
8
20
9
41
9
59
6
89
9
97
9
42
6
9
8
60
10
22
7
49
9
31
6
69
10
52
9
97
7
69
9
99
9
79
9
58
7
19
7
47
9
12
7
89
7
16
6
79
6
99
7
39
8
90
9
81
8
6
10
82
7
88
9
31
7
49
8
30
9
61
7
9
7
89
6
89
9
99
6
91
6
92
6
49
6
19
8
17
7
9
9
59
9
72
8
99
9
12
8
16
7
29
6
7
6
8
9
10
6
49
9
29
8
20
6
89
9
80
6
69
7
9
8
60
8
38
9
31
0
80
6
29
9
88
7
99
9
51
6
69
7
8
9
78
9
71
8
10
6
39
9
91
8
78
8
66
0
80
6
89
8
19
9
70
6
16
7
6
6
78
7
57
7
89
9
99
6
59
8
50
8
66
9
28
7
26
8
6
9
88
6
18
9
92
9
60
6
49
9
12
7
99
7
29
7
57
7
69
9
97
6
69
10
52
7
97
6
69
7
98
9
99
9
47
8
76
6
9
6
66
9
77
6
49
8
90
8
6
7
46
6
7
7
39
8
26
10
22
9
10
6
59
6
9
7
89
8
80
9
49
9
58
8
76
6
77
9
20
9
61
8
76
6
39
6
79
8
46
6
87
0
10
9
59
6
69
7
69
9
41
7
59
8
96
9
97
7
99
6
59
8
60
9
47
6
29
8
37
6
89
9
77
6
79
8
60
6
56
7
56
9
38
9
19
7
29
6
7
6
89
9
87
6
9
7
29
7
89
8
78
7
79
7
49
6
99
9
62
7
11
9
88
9
32
8
59
9
9
9
91
8
70
7
68
9
21
9
62
9
88
9
11
7
38
8
98
8
50
8
80
8
40
6
47
8
10
8
56
6
69
6
56
6
49
8
40
8
10
9
88
9
72
6
17
8
6
6
79
10
22
9
92
6
76
9
90
7
9
6
79
9
11
9
72
9
20
8
70
9
58
6
49
7
29
7
36
7
19
8
53
6
79
1
29
9
28
0
0
10
52
9
81
0
0
7
39
9
81
7
69
8
10
6
98
7
89
8
46
7
49
6
9
6
37
7
29
8
36
6
29
6
49
6
9
1
69
9
41
8
48
7
38
8
50
9
9
9
99
8
70
7
49
8
66
7
29
9
11
9
79
8
90
10
22
9
9
9
71
6
98
9
37
9
31
9
89
10
22
9
71
9
12
6
49
8
70
9
41
8
98
10
22
9
91
9
49
8
16
8
99
9
61
8
62
6
57
7
59
6
79
9
59
8
68
9
7
8
8
6
39
8
20
7
38
6
59
6
99
9
59
9
81
0
40
9
60
9
88
7
46
7
89
8
6
4
39
9
87
9
99
6
79
6
59
8
90
6
99
7
19
7
69
10
82
6
6
8
66
8
40
9
99
7
46
8
36
7
79
9
12
7
19
9
99
7
59
7
19
9
92
9
31
7
79
6
99
7
59
6
9
7
68
6
79
6
59
7
88
6
29
7
9
6
48
6
98
9
57
9
21
8
50
8
76
7
87
9
12
8
30
4
19
8
68
7
49
9
13
8
77
8
28
8
60
9
37
7
9
8
68
8
6
7
99
6
9
7
77
6
9
7
79
8
50
8
30
9
92
6
19
8
10
8
56
10
82
8
10
6
9
6
6
8
46
8
59
9
29
6
9
6
99
6
99
6
69
8
87
8
48
0
70
6
99
9
17
9
50
7
39
6
69
6
99
9
53
7
69
9
87
8
99
6
59
7
76
9
91
9
10
8
18
7
29
8
26
6
39
9
62
6
89
6
6
6
79
0
90
6
49
9
51
7
18
7
69
0
40
9
12
9
38
7
88
6
88
8
45
8
88
8
30
7
49
6
16
6
17
6
66
9
18
7
19
6
49
9
9
6
39
9
99
0
40
9
47
0
22
8
40
8
90
9
8
7
89
7
39
9
38
8
77
7
99
9
39
9
42
6
79
0
0
6
49
9
59
0
50
4
29
9
42
0
90
9
37
9
71
7
9
7
87
8
50
9
72
9
89
7
29
8
38
7
69
7
55
9
99
6
77
8
20
7
59
8
48
2
19
6
89
9
21
9
47
7
98
8
88
6
19
7
66
8
39
8
70
9
81
7
89
6
86
0
0
8
40
4
39
8
89
10
82
8
10
3
29
8
90
2
69
9
21
7
79
7
39
9
90
2
2
7
35
7
79
8
30
7
59
9
27
8
20
6
27
8
37
7
87
7
69
8
26
9
57
8
90
10
82
6
87
6
9
8
96
6
97
8
99
3
39
9
99
7
49
7
69
7
18
7
88
9
88
9
31
4
79
7
29
3
39
8
18
7
37
9
30
8
10
8
76
6
77
2
56
6
38
9
70
9
98
6
59
6
68
9
11
8
99
4
40
9
91
9
86
9
89
6
39
9
61
10
82
6
78
9
78
8
70
6
47
9
67
8
50
7
79
7
67
8
9
8
76
7
47
6
37
7
99
6
69
9
49
9
98
7
69
8
20
8
16
7
79
8
8
6
99
9
31
9
41
9
97
8
50
8
50
6
79
9
57
8
36
0
60
9
81
9
57
7
49
9
14
6
9
7
79
9
11
7
29
6
9
8
76
9
70
9
79
6
39
7
29
10
82
9
30
7
9
7
49
9
97
9
8
7
99
9
37
6
6
0
78
9
50
6
21
6
59
6
89
9
31
7
89
9
81
9
41
6
18
9
21
9
51
6
69
9
51
3
66
6
34
9
57
8
86
8
50
9
51
8
26
7
57
10
22
8
89
9
69
8
6
6
29
1
59
9
99
8
30
7
69
0
19
7
37
6
69
8
99
6
99
9
29
6
68
8
30
10
22
9
28
8
50
6
17
9
62
7
69
9
21
9
42
6
58
9
72
7
49
8
96
6
98
6
66
7
79
9
12
7
16
0
50
9
90
6
39
8
27
8
90
8
90
6
39
7
41
6
6
9
42
10
82
6
99
8
57
7
69
7
7
10
52
8
99
7
29
9
40
9
11
7
59
9
11
7
26
2
39
8
17
7
79
9
99
9
17
7
19
0
40
6
39
9
11
8
88
7
36
6
79
9
62
0
90
6
69
9
51
9
92
7
79
7
18
8
70
7
49
9
89
6
87
7
19
8
10
9
62
7
89
7
99
6
29
7
97
6
29
8
48
9
60
8
30
6
35
8
96
7
69
7
89
7
77
9
99
6
16
8
96
9
90
6
17
7
49
6
69
9
99
9
10
8
78
8
50
8
40
9
51
8
16
8
20
8
10
9
90
6
68
9
69
9
11
6
98
8
60
6
19
6
7
9
21
7
78
9
17
9
51
8
70
8
6
9
31
9
37
8
63
9
11
8
36
7
59
8
20
7
76
10
52
8
70
9
10
8
90
7
59
0
80
6
49
8
30
9
79
6
29
9
99
9
18
8
10
6
48
9
29
8
98
6
69
1
9
6
9
7
27
9
69
6
69
7
99
6
56
8
47
7
78
9
21
9
97
6
66
6
89
7
59
6
77
9
91
9
31
6
39
7
26
6
9
7
19
9
90
8
26
8
96
8
67
9
17
6
69
9
28
7
72
9
99
8
56
9
78
9
81
9
32
6
18
9
20
9
99
9
49
8
58
8
60
9
21
8
68
9
41
9
20
8
7
7
69
9
29
6
2
8
70
9
42
8
76
9
91
8
46
8
20
7
29
9
70
6
39
9
62
0
70
0
48
9
99
8
98
8
96
9
31
7
9
7
9
6
29
9
92
6
29
7
99
8
36
6
39
6
88
7
56
7
88
8
79
7
8
9
71
7
89
9
47
9
77
7
46
7
59
9
51
8
30
7
19
6
87
7
46
6
69
9
91
7
6
6
29
6
69
9
49
9
30
9
77
6
89
6
99
6
79
6
9
7
79
8
19
4
16
7
99
7
88
6
49
7
51
9
38
6
7
7
19
9
74
9
97
9
78
8
28
9
40
7
36
9
61
6
57
6
89
9
99
9
68
6
29
8
20
9
59
9
91
9
98
1
71
9
31
7
99
9
47
8
7
9
59
8
16
8
99
9
61
8
49
8
28
6
99
6
69
6
18
9
31
9
31
9
3
8
88
6
69
6
59
7
39
6
26
7
89
8
40
9
51
9
81
6
69
0
20
9
27
