9
90
9
32
8
70
9
29
8
10
6
89
8
50
6
59
7
56
6
49
9
42
7
9
7
49
7
69
7
39
9
99
9
79
9
92
7
19
9
91
7
59
7
29
8
50
9
92
9
20
9
50
9
32
9
39
8
70
9
51
7
97
7
69
10
52
8
77
7
29
9
99
8
20
8
57
9
58
6
89
9
19
7
86
8
46
0
60
7
98
10
82
9
32
8
99
8
20
6
39
9
77
9
17
9
61
7
19
8
50
6
29
8
90
7
77
7
49
9
99
9
37
9
27
9
72
8
36
8
30
9
92
7
19
7
13
9
51
6
37
10
82
6
79
8
20
6
19
9
89
9
31
9
30
7
97
6
59
10
52
9
60
6
29
8
60
6
9
6
29
8
70
9
38
0
20
9
58
8
46
9
18
9
48
8
40
9
88
9
51
6
97
7
89
7
39
6
89
6
28
7
9
7
89
9
89
9
31
6
87
8
24
7
37
6
69
0
30
9
99
7
79
8
60
9
51
9
18
6
37
8
6
9
70
9
99
6
19
8
99
7
9
9
70
6
69
9
39
9
31
8
48
8
70
9
57
8
86
8
88
9
99
8
40
6
19
9
20
6
19
8
57
7
49
9
69
9
20
7
48
7
29
9
28
8
20
7
29
7
59
9
27
9
80
9
27
8
78
9
51
8
10
9
68
9
11
6
49
9
21
9
62
9
61
7
39
8
30
8
30
8
19
7
19
9
99
9
99
7
89
9
62
8
99
8
60
8
10
7
99
9
18
8
40
8
56
7
36
8
50
7
39
7
29
9
32
8
79
9
61
6
39
9
70
7
39
6
37
9
40
9
42
8
78
7
99
9
41
9
81
7
39
9
67
7
69
7
9
9
71
9
27
0
20
10
82
6
16
7
66
8
50
9
89
9
98
8
80
9
61
6
86
9
61
9
41
9
42
8
40
9
57
9
11
9
61
9
60
6
19
8
99
7
39
7
89
6
79
6
77
10
82
7
27
7
15
9
7
7
47
7
46
8
79
7
19
8
60
8
10
8
57
9
51
8
37
6
39
8
90
8
19
8
80
8
60
7
19
9
59
9
31
9
51
9
60
6
58
9
21
9
32
9
70
6
69
6
9
6
6
9
10
7
89
10
82
7
78
7
99
9
47
9
39
7
8
6
68
8
17
9
8
7
89
7
76
6
38
9
19
7
99
9
99
9
9
9
10
9
20
9
21
9
12
9
87
8
20
8
80
6
69
8
67
10
22
6
19
6
76
8
67
8
36
9
17
9
51
8
20
7
89
10
52
6
29
6
6
8
86
0
20
9
99
9
99
9
51
7
28
9
37
0
90
9
91
7
6
8
40
9
28
8
7
8
56
8
79
9
11
8
20
9
92
7
68
7
56
9
62
8
88
7
26
8
58
10
82
6
79
9
51
9
99
8
90
9
99
9
39
9
41
8
58
9
42
10
82
7
99
8
36
9
83
6
58
7
39
8
90
8
78
6
9
9
19
7
39
9
49
9
92
9
28
6
99
6
59
6
26
6
79
3
39
9
88
7
29
8
17
6
59
8
28
6
9
6
67
9
91
7
96
9
50
6
88
8
90
7
69
7
39
7
29
7
19
9
30
8
99
8
90
9
30
7
28
9
28
9
10
7
79
9
27
7
7
7
16
7
29
7
19
7
89
8
10
9
41
9
41
8
98
6
99
9
21
6
59
9
91
9
49
8
20
9
87
6
69
9
38
9
98
1
39
9
72
7
37
4
39
8
82
8
7
7
56
9
10
8
30
8
20
8
16
9
38
8
26
9
71
6
36
8
58
9
21
7
69
7
59
9
98
8
20
8
30
6
59
8
37
9
51
6
9
9
10
6
77
7
79
8
99
8
70
9
71
7
76
9
73
7
19
8
5
7
69
7
28
8
67
10
22
9
58
9
38
8
80
4
98
8
10
8
26
7
89
6
35
9
61
7
89
9
42
6
57
7
39
8
86
9
61
6
49
9
21
9
91
9
99
0
59
9
28
8
26
8
99
8
77
0
80
9
31
9
40
8
80
9
7
9
33
8
49
9
28
9
71
6
77
7
39
7
19
6
56
6
79
8
77
7
89
9
59
7
19
9
60
7
9
9
99
8
70
8
30
6
28
6
47
8
60
9
67
8
20
6
68
9
71
9
99
6
69
8
20
8
56
9
90
9
71
6
51
10
22
7
16
9
51
6
29
9
62
10
22
7
66
9
12
6
19
9
99
10
82
9
20
9
92
8
26
7
49
8
80
8
48
9
69
9
99
9
99
9
70
6
39
6
89
7
59
9
99
9
51
6
59
6
49
0
40
6
68
9
20
6
19
8
18
6
69
8
89
9
37
7
96
10
22
10
82
7
99
8
26
6
89
9
19
9
11
9
32
1
16
9
99
6
49
9
62
6
89
9
11
6
28
9
51
6
38
6
79
9
50
8
99
9
97
9
99
9
31
7
19
8
30
6
16
9
68
9
50
7
47
8
99
6
48
9
21
7
99
9
61
7
89
7
59
8
70
6
19
9
12
8
14
0
70
9
21
9
11
8
50
7
66
8
88
1
69
9
67
8
40
9
89
7
59
9
41
9
91
8
70
7
27
7
99
6
17
9
87
8
87
6
79
7
27
8
50
9
11
7
39
8
30
8
47
6
69
8
20
6
99
7
19
9
41
7
59
4
19
8
80
6
59
9
12
9
48
8
20
10
52
8
40
7
9
6
29
7
99
9
92
9
11
9
21
8
80
10
52
6
59
9
48
9
27
9
60
8
10
9
99
7
3
7
67
9
99
7
19
7
9
8
98
6
69
9
11
9
31
8
60
6
16
9
81
8
90
8
59
9
62
6
99
7
29
0
50
8
26
8
38
9
21
9
49
4
89
10
52
6
57
6
9
6
58
8
90
9
11
9
99
9
19
8
80
10
52
7
29
9
81
9
71
9
88
7
8
7
38
8
99
6
58
6
9
8
6
9
99
8
36
0
0
6
68
8
6
10
82
8
88
7
79
8
10
8
16
9
8
9
81
7
18
7
29
9
49
9
92
0
30
8
66
8
40
7
6
2
59
9
47
9
31
8
80
9
32
7
49
8
90
10
52
8
16
7
99
8
59
8
66
7
17
7
98
6
8
1
9
7
39
6
47
6
17
0
50
8
90
9
19
9
69
9
28
9
71
8
66
6
89
7
89
6
79
7
9
9
38
8
46
9
88
7
69
1
89
9
48
8
9
7
39
8
20
6
21
7
39
9
10
9
76
7
5
6
3
9
42
9
57
8
19
7
7
8
20
10
22
8
56
2
59
6
59
7
89
9
48
6
89
8
40
6
57
7
79
9
71
6
28
1
9
9
21
7
79
6
28
7
79
9
61
7
39
8
60
8
9
9
58
6
49
8
37
10
22
6
29
6
29
8
17
9
61
9
81
8
80
8
9
9
71
8
79
7
69
6
18
9
57
7
58
10
82
6
19
6
28
6
89
6
56
9
21
9
41
9
37
8
7
9
42
9
59
7
89
8
40
6
17
9
8
6
26
7
98
9
61
9
41
8
78
6
46
9
43
7
79
9
18
7
79
9
71
9
31
8
50
8
98
7
39
10
22
8
50
10
82
9
60
6
68
6
9
8
69
9
61
8
66
7
89
8
47
6
89
6
98
9
68
6
59
6
19
0
20
8
39
6
18
6
99
8
10
9
21
8
20
7
68
7
26
8
47
8
97
3
59
9
9
0
0
9
29
8
56
8
80
7
69
7
47
8
66
8
26
6
99
8
96
1
56
8
85
7
89
9
7
8
89
8
16
8
59
7
89
8
56
8
38
7
9
9
72
8
80
9
91
9
61
9
51
8
96
7
6
8
46
9
12
7
23
9
71
9
50
9
41
8
20
9
31
9
17
8
17
7
99
9
47
9
91
9
68
6
29
6
99
0
40
8
59
9
99
9
40
8
20
7
99
7
6
9
67
9
92
9
69
7
19
1
79
7
39
9
41
8
90
6
79
3
95
10
52
8
44
8
30
8
90
6
89
9
57
8
90
9
42
9
99
8
86
6
59
8
80
6
9
9
98
9
60
7
29
8
66
7
89
7
49
6
29
6
49
6
59
7
39
9
69
0
68
7
97
4
29
0
40
6
7
9
81
9
72
7
89
8
47
9
59
7
39
8
10
9
11
3
69
7
69
9
8
2
6
9
61
9
51
8
70
6
43
8
20
8
90
8
39
9
72
6
9
6
37
9
42
9
48
9
21
7
59
9
32
7
26
9
77
9
99
9
72
9
57
9
21
9
21
8
99
9
99
0
90
9
29
2
29
9
99
9
91
9
11
8
30
8
40
6
19
8
40
6
9
8
96
6
9
7
39
9
12
8
20
9
11
9
69
6
18
6
79
7
49
6
68
9
89
9
67
9
90
6
39
8
46
9
42
9
91
7
59
6
28
0
99
8
40
7
59
9
49
6
79
8
17
8
20
8
87
7
28
8
80
0
10
8
80
6
29
6
4
0
59
