5
86
6
29
4
66
5
25
4
8
2
89
4
46
2
57
3
52
2
49
6
39
3
5
3
46
3
68
3
37
5
99
5
75
6
89
3
15
5
89
3
57
3
27
4
47
6
88
6
16
6
46
6
28
6
35
4
68
6
47
3
93
3
69
6
49
4
73
3
29
5
96
4
19
4
53
5
54
2
88
6
15
3
82
5
42
0
60
3
94
6
78
6
29
4
99
4
17
2
37
5
73
6
13
5
57
3
19
4
48
2
29
4
89
3
73
3
47
6
99
6
33
6
23
6
69
4
32
4
27
6
89
3
18
3
13
6
47
2
33
6
79
2
78
4
19
2
19
6
85
6
27
6
26
3
93
2
55
6
49
5
56
2
26
4
59
2
9
2
26
4
67
5
34
0
20
5
54
5
42
6
14
5
44
4
38
6
84
5
49
2
93
3
86
3
39
2
89
2
24
3
9
3
89
5
85
5
29
2
83
4
24
3
33
2
68
0
30
6
96
3
79
4
59
5
49
5
14
2
33
5
2
6
66
6
97
2
19
4
99
3
9
5
66
2
68
5
35
6
27
4
44
4
69
6
53
4
82
4
84
5
95
4
37
2
18
5
16
2
15
4
53
3
49
6
65
5
16
3
44
3
28
6
24
4
18
3
29
3
58
6
23
5
76
5
23
4
74
5
49
4
9
6
64
5
8
2
45
5
19
6
59
5
57
3
39
4
29
4
29
4
15
3
19
5
97
5
96
3
85
6
58
4
99
4
58
4
6
3
99
5
14
4
39
4
52
3
32
4
49
3
39
3
27
6
29
4
75
6
57
2
39
6
66
3
39
2
33
6
36
6
39
4
74
3
96
5
38
5
77
3
36
5
63
3
67
3
5
5
67
6
23
0
20
6
79
2
12
3
62
4
48
5
85
5
94
4
79
5
57
2
82
5
57
6
37
6
39
4
37
5
53
5
9
6
57
5
56
2
16
4
99
3
37
3
89
2
79
2
73
6
84
3
23
3
15
5
3
3
43
3
42
4
75
3
19
4
58
4
8
4
53
5
47
4
33
2
39
4
86
4
15
4
79
4
56
3
17
5
55
6
27
5
47
5
56
2
54
6
17
6
29
5
66
2
67
2
6
2
2
6
6
3
87
6
79
3
74
3
96
6
43
6
35
3
4
2
64
4
13
6
4
3
85
3
72
2
34
6
15
3
98
6
98
5
5
5
6
6
16
5
17
6
9
6
83
4
16
4
77
2
69
4
63
6
18
2
19
2
72
4
63
4
32
5
13
5
48
4
16
3
89
6
49
2
29
2
2
4
82
0
20
6
95
5
98
5
49
3
24
5
33
0
90
5
89
3
2
4
39
5
24
4
3
5
52
4
75
5
9
4
16
6
89
3
64
3
52
6
59
4
84
3
22
4
54
6
78
2
79
5
49
6
95
4
88
6
95
5
35
5
38
4
54
6
38
6
78
3
99
5
32
5
84
2
54
3
38
4
87
4
74
2
6
5
15
3
35
6
45
6
89
5
24
2
99
2
55
2
22
2
76
3
39
5
84
3
26
4
13
2
59
4
24
2
5
2
63
6
87
3
92
6
46
2
84
4
89
3
69
3
38
3
26
3
17
6
26
4
99
4
88
5
26
3
24
5
24
5
6
3
76
5
23
3
3
3
12
3
27
3
17
3
89
4
9
5
38
5
39
4
94
2
99
5
19
2
55
6
87
6
45
4
17
5
83
2
68
5
34
6
98
1
39
6
69
3
33
4
39
4
82
4
3
3
52
6
6
4
29
4
19
5
12
6
34
5
22
6
67
2
32
4
54
5
17
3
69
3
58
6
94
4
19
4
27
2
59
4
33
5
48
2
7
5
6
2
73
3
78
4
96
4
69
5
69
3
72
6
73
3
16
6
5
3
69
3
24
4
63
6
19
5
54
5
34
4
79
4
94
4
6
4
26
3
87
2
35
5
59
3
89
6
39
2
53
3
36
4
82
5
57
2
48
5
19
6
87
6
95
0
59
5
24
5
22
4
99
4
73
0
80
5
27
5
36
4
79
6
3
5
34
4
45
5
24
5
68
2
73
3
39
3
19
2
52
2
77
4
73
3
89
5
55
3
18
5
56
3
9
5
95
4
69
4
29
2
24
2
43
4
56
6
63
4
19
2
64
5
68
5
96
2
66
4
16
5
52
5
86
5
67
2
51
6
18
3
12
5
49
2
29
6
58
6
19
3
62
6
9
2
15
6
99
6
79
6
16
6
89
4
22
3
47
4
79
4
44
5
65
6
97
5
95
5
66
2
38
2
85
3
55
6
96
5
49
2
55
2
49
0
40
2
64
5
16
2
15
4
14
2
65
4
85
5
33
3
92
6
19
6
79
3
96
5
22
2
89
6
15
5
11
6
29
1
12
5
97
2
49
6
59
2
86
5
7
2
24
5
48
2
34
2
76
5
46
4
96
6
93
5
99
5
29
3
16
4
27
2
12
5
64
5
46
3
43
4
98
2
44
5
18
3
99
5
59
3
89
3
55
4
66
2
19
6
8
4
14
0
70
6
17
6
7
4
47
3
62
4
84
1
69
6
63
4
39
5
85
3
59
5
39
5
87
4
69
3
23
3
99
2
13
6
83
4
83
2
79
3
23
4
46
5
9
3
38
4
29
4
43
2
69
4
16
2
98
3
19
5
37
3
59
4
18
4
79
2
56
6
9
6
44
4
19
6
49
4
36
3
9
2
29
3
99
6
89
5
8
5
19
4
79
6
49
2
58
5
44
5
23
6
56
4
8
6
99
3
3
3
63
5
99
3
15
3
6
4
94
2
66
6
7
5
27
4
58
2
12
6
77
4
89
4
55
6
59
2
97
3
27
0
50
5
22
4
34
5
19
6
45
4
85
6
49
2
53
2
9
2
54
4
89
5
8
5
99
6
15
4
77
6
49
3
26
5
77
5
68
6
84
3
4
3
34
4
97
2
54
2
5
4
6
6
99
5
32
0
0
2
64
4
2
6
79
4
84
3
76
4
7
4
12
6
4
5
79
3
14
3
29
6
45
6
88
0
30
5
62
4
37
3
2
2
59
5
43
6
27
4
78
6
29
3
46
4
89
6
53
5
12
3
96
4
55
5
62
3
13
3
94
2
4
1
9
3
38
2
43
2
13
0
50
4
88
5
15
5
65
5
24
5
69
5
62
2
87
3
86
2
75
3
9
5
34
4
42
5
84
3
66
1
89
5
44
4
5
3
35
4
18
2
21
3
39
5
6
5
76
3
5
2
3
6
38
6
53
4
15
3
3
4
19
6
19
4
52
2
58
2
55
3
89
5
48
2
89
4
39
2
53
3
79
6
67
2
24
1
5
5
19
3
77
2
24
3
79
6
57
3
35
4
59
4
5
6
54
2
47
4
33
6
19
2
29
2
27
4
13
5
59
5
79
4
76
4
5
5
68
4
75
3
69
2
14
5
53
3
54
6
79
2
19
2
24
2
89
2
52
5
19
5
37
6
33
4
3
6
39
6
55
3
87
4
39
2
13
5
4
2
22
3
94
5
59
6
37
4
74
2
42
6
43
3
78
5
14
3
77
6
67
5
27
4
49
4
94
3
35
6
19
4
49
6
78
5
56
2
64
2
6
4
65
5
57
4
62
3
89
4
43
2
85
2
94
5
64
2
56
2
17
0
20
4
35
2
14
2
96
4
7
5
19
4
16
3
64
3
26
4
43
4
97
3
59
6
5
0
0
6
25
4
56
4
76
3
69
3
47
5
62
5
22
2
99
5
92
1
52
5
85
3
89
5
3
4
85
4
12
4
55
3
85
4
56
4
34
3
9
6
69
4
79
5
87
5
59
5
49
5
92
3
2
5
42
6
9
3
23
6
67
5
46
5
39
4
16
5
29
5
13
4
13
3
99
5
43
6
87
5
64
2
29
2
98
0
40
4
55
5
99
6
36
4
16
3
99
3
2
6
63
6
89
5
65
3
16
1
76
3
37
6
37
4
86
2
78
3
95
6
49
4
44
4
29
4
88
2
89
6
53
4
86
6
39
5
97
5
82
2
56
4
79
2
9
5
94
6
56
3
27
5
62
3
89
3
49
2
25
2
46
2
57
3
36
5
65
0
68
3
93
4
25
0
40
2
3
5
79
6
69
3
86
4
43
6
55
3
39
4
8
5
9
3
68
3
65
5
4
2
2
5
58
5
47
4
69
2
43
4
19
4
87
4
35
6
68
2
8
2
33
6
38
6
44
6
17
3
59
6
29
3
22
6
73
5
97
6
68
5
57
5
19
5
19
4
97
6
96
0
90
5
25
2
26
5
99
5
89
6
7
4
27
4
39
2
18
4
38
2
9
5
92
2
7
3
39
6
9
4
19
5
9
6
65
2
14
2
79
3
49
2
64
6
85
5
63
6
86
2
38
5
42
6
39
5
88
3
59
2
24
0
99
4
36
3
55
5
45
2
78
4
13
4
18
4
83
3
28
4
79
0
10
4
78
2
26
2
4
0
58
