9
94
9
34
9
74
9
33
9
14
9
92
12
54
9
62
9
60
10
52
9
44
9
13
11
53
9
73
9
43
9
99
11
83
9
94
11
23
9
94
9
63
9
33
12
54
9
94
12
24
12
54
9
34
9
43
9
74
13
55
9
99
9
73
14
56
9
81
9
33
9
99
12
24
9
61
9
62
9
92
11
23
9
90
9
50
0
60
9
99
14
86
9
34
9
99
12
24
9
42
9
81
9
21
9
64
11
23
12
54
9
32
9
94
9
81
11
53
9
99
9
41
9
31
9
74
9
40
9
34
9
94
11
23
9
13
13
55
9
41
14
86
10
82
12
24
10
22
9
93
9
34
9
34
9
99
9
62
14
56
9
64
9
32
9
64
9
12
9
32
9
74
9
42
0
20
9
62
9
50
10
22
10
52
9
44
9
92
13
55
9
99
9
93
9
43
9
92
9
32
9
13
9
93
9
93
9
34
9
91
12
22
9
41
9
72
0
30
9
99
11
83
9
64
13
55
10
22
9
41
9
10
9
74
9
99
10
22
9
99
9
13
9
74
9
72
9
43
9
34
10
52
9
74
9
61
9
90
9
92
9
99
9
44
10
22
12
24
10
22
9
61
11
53
9
73
12
24
10
52
9
33
9
32
12
24
9
33
9
63
9
31
12
84
9
31
10
82
13
55
9
14
9
72
9
14
10
52
13
25
9
64
9
64
9
43
9
34
9
34
11
23
11
23
9
99
9
99
9
93
9
64
9
99
9
64
9
14
9
99
10
22
9
44
9
60
9
40
12
54
9
43
9
33
9
34
11
83
9
64
9
42
9
74
9
43
9
41
9
44
9
44
10
82
9
99
9
44
13
85
9
43
9
71
9
73
9
13
9
74
9
31
0
20
14
86
9
20
9
70
12
54
9
93
9
99
12
84
9
64
9
90
9
64
9
44
9
44
9
44
9
61
9
14
9
64
9
64
10
22
9
99
9
43
9
93
10
82
9
81
14
82
9
31
8
15
9
11
9
51
9
50
11
83
11
23
9
64
9
14
9
61
13
55
9
41
9
42
9
94
11
23
12
84
9
64
11
23
9
63
9
34
13
55
9
64
9
62
13
25
9
34
9
74
9
72
9
12
9
10
9
14
9
93
14
86
10
82
9
99
9
51
9
43
9
12
9
72
9
21
9
12
9
93
9
80
9
42
11
23
9
99
9
99
9
13
9
14
12
24
13
25
9
14
9
91
12
24
12
84
9
72
9
71
14
26
10
22
9
80
9
71
9
40
9
21
13
55
12
24
9
93
14
56
9
32
9
10
9
90
0
20
9
99
9
99
13
55
9
32
9
41
0
90
9
94
9
10
9
44
9
32
9
11
9
60
11
83
9
14
12
24
9
94
9
72
9
60
9
64
9
92
9
30
9
62
14
86
10
82
13
55
9
99
9
94
9
99
9
43
9
44
9
62
9
44
14
86
9
99
9
40
13
82
9
62
9
43
9
94
10
82
9
12
11
23
9
43
11
53
9
94
9
32
9
99
9
62
9
30
10
82
3
39
9
92
9
33
9
21
9
62
9
32
9
12
9
71
9
94
9
99
12
54
9
92
9
94
9
73
9
43
9
33
11
23
9
34
9
99
9
94
9
34
9
32
9
32
9
14
11
83
9
31
9
11
9
20
9
33
11
23
9
93
9
14
9
44
9
44
9
99
9
99
13
25
9
62
9
94
11
53
12
24
9
91
9
72
9
42
9
98
1
39
9
74
9
41
4
39
12
82
9
11
9
60
9
14
9
34
12
24
9
20
9
42
9
30
9
74
9
40
9
62
13
25
9
73
9
63
9
99
12
24
9
34
9
62
9
41
13
55
9
12
9
14
9
81
11
83
9
99
9
74
9
74
9
80
9
73
11
23
8
5
9
73
9
32
9
71
14
26
9
62
9
42
12
84
4
99
9
14
9
26
9
93
8
35
9
64
9
93
9
44
9
61
9
43
9
90
9
64
10
52
13
25
9
94
9
99
0
59
9
32
9
30
9
99
9
81
0
80
9
34
9
44
12
84
9
11
9
33
11
53
9
32
9
74
9
81
9
43
11
23
9
60
10
82
9
81
9
93
9
63
11
23
9
64
9
13
9
99
9
74
9
34
9
32
9
51
9
64
9
71
12
24
9
72
9
74
9
99
9
72
12
24
9
60
9
94
9
74
10
51
14
26
9
20
13
55
9
32
9
64
14
26
9
70
9
14
10
22
9
99
14
86
12
24
9
94
9
30
11
53
12
84
10
52
9
73
9
99
9
99
9
74
9
42
9
92
9
63
9
99
13
55
9
62
10
52
0
40
9
72
12
24
10
22
10
22
9
72
9
93
9
41
9
99
14
26
14
86
9
99
9
30
9
92
11
23
9
11
9
34
1
19
9
99
10
52
9
64
9
92
9
14
9
32
13
55
9
42
10
82
12
54
9
99
9
99
9
99
9
34
11
23
9
34
9
20
9
72
12
54
9
51
9
99
10
52
13
25
9
99
9
64
9
93
9
63
9
74
10
22
9
14
9
13
0
70
13
25
9
14
12
54
9
70
9
92
1
69
9
71
9
44
9
93
9
63
9
44
9
94
9
74
9
31
9
99
9
21
9
91
9
91
10
82
9
31
12
54
9
14
9
43
9
34
9
51
9
72
12
24
9
99
11
23
9
44
9
63
4
19
12
84
9
62
9
14
10
52
12
24
14
56
9
44
9
13
9
32
9
99
9
94
9
14
13
25
12
84
14
56
9
62
10
52
9
31
9
64
9
14
9
99
9
3
9
71
9
99
11
23
9
13
9
99
9
72
9
14
9
34
9
64
9
20
13
85
9
94
9
63
9
64
9
99
9
33
0
50
9
30
9
42
13
25
11
53
4
89
14
56
9
61
9
12
9
62
9
94
9
14
9
99
11
23
12
84
14
56
9
33
13
85
9
74
9
92
9
12
9
42
9
99
9
62
9
12
9
6
9
99
9
40
0
0
9
72
9
10
14
86
9
92
11
83
9
14
9
20
9
12
13
85
10
22
9
33
11
53
9
94
0
30
9
70
9
44
9
10
2
59
9
51
9
34
12
84
9
34
11
53
9
94
14
52
9
20
9
99
9
63
9
70
9
21
9
99
9
12
1
9
9
43
9
51
9
21
0
50
9
94
11
23
9
73
9
32
9
74
9
70
9
92
9
93
10
82
9
13
9
42
9
50
9
92
9
73
1
89
10
52
9
13
9
43
12
24
10
21
9
43
9
14
9
76
8
5
9
3
9
44
9
61
11
23
9
11
12
24
14
26
9
60
2
59
9
62
9
93
9
48
9
92
9
44
9
61
11
83
9
74
9
32
1
9
13
25
11
83
9
32
11
83
9
64
9
43
9
64
9
13
9
62
10
52
9
41
14
26
9
32
9
32
9
21
9
64
13
85
12
84
9
13
9
74
11
83
9
73
10
22
9
61
9
62
14
86
10
22
9
32
9
92
9
60
13
25
9
44
9
41
9
11
9
44
9
63
9
93
9
44
9
21
9
12
9
30
9
99
9
64
9
44
10
82
9
50
9
43
11
83
10
22
11
83
9
74
9
34
12
54
9
99
9
43
14
26
12
54
14
86
9
64
9
72
9
12
9
73
9
64
9
70
9
93
9
51
9
92
9
99
9
72
9
62
10
22
0
20
9
43
10
22
9
99
9
14
13
25
12
24
9
72
9
26
9
51
9
97
3
59
9
13
0
0
9
33
9
56
12
84
9
73
9
47
9
70
9
30
9
99
9
99
0
59
8
85
9
93
9
11
9
93
9
20
9
63
9
93
9
56
9
42
9
13
9
74
12
84
9
94
9
64
13
55
9
99
9
10
9
50
9
14
11
22
9
74
12
54
9
44
12
24
9
34
9
21
9
21
9
99
9
51
9
94
9
72
9
32
9
99
0
40
9
63
9
99
9
44
12
24
9
99
9
10
9
71
9
94
9
73
11
23
1
79
9
43
9
44
9
94
10
82
3
95
14
56
9
43
9
34
9
94
9
92
9
61
9
94
9
44
9
99
9
90
9
62
12
84
9
12
9
99
9
64
9
33
9
70
9
93
11
53
9
32
10
52
9
62
9
43
9
73
0
68
9
99
4
29
0
40
9
11
13
85
9
74
9
93
9
51
9
63
9
43
9
14
9
14
3
69
9
73
9
12
2
9
9
64
13
55
9
74
9
43
12
24
9
94
9
43
9
74
9
12
9
41
9
44
10
52
13
25
9
63
9
34
9
30
9
81
9
99
9
74
9
57
13
25
13
25
9
99
9
99
0
90
9
33
2
29
9
99
9
94
9
14
9
34
9
44
10
22
9
44
9
12
9
99
9
12
9
43
9
14
12
24
9
14
9
73
10
22
10
82
11
53
9
72
9
93
9
71
9
94
9
42
9
50
9
44
9
94
9
63
9
32
0
99
9
44
9
63
11
53
10
82
9
21
12
24
9
91
9
28
12
84
0
10
12
84
9
32
9
3
0
59
