9
92
9
34
9
72
9
31
9
12
8
90
10
52
8
60
9
58
8
50
9
44
9
11
9
51
9
71
9
41
9
99
9
81
9
94
9
21
9
93
9
61
9
31
10
52
9
94
10
22
10
52
9
34
9
41
9
72
11
53
9
99
9
71
12
54
9
79
9
31
9
99
10
22
9
59
9
60
8
90
9
21
9
88
9
48
0
60
9
99
12
84
9
34
9
99
10
22
8
40
9
79
9
19
9
63
9
21
10
52
8
30
9
92
9
79
9
51
9
99
9
39
9
29
9
74
9
38
9
32
9
94
9
21
9
13
11
53
8
39
12
84
8
80
10
22
8
20
9
91
9
33
9
32
9
99
8
60
12
54
9
62
8
30
9
62
8
10
8
30
9
72
9
40
0
20
9
60
9
48
9
20
9
50
9
42
9
90
11
53
8
99
9
91
9
41
8
90
8
30
9
11
9
91
9
91
9
33
8
89
10
22
9
39
8
70
0
30
9
99
9
81
9
62
11
53
9
20
8
39
9
8
9
72
9
99
8
20
9
99
9
11
9
72
8
70
9
41
9
33
9
50
9
72
9
59
9
88
9
90
9
99
9
42
8
20
10
22
8
20
9
59
9
51
9
71
10
22
9
50
9
31
9
30
10
22
9
31
9
61
9
29
10
82
9
29
9
80
11
53
9
12
9
70
9
13
8
50
11
23
9
64
9
63
9
41
9
32
9
32
9
21
9
21
9
99
9
99
9
91
9
64
9
99
9
62
9
12
9
99
9
20
9
42
9
58
9
38
10
52
9
41
9
31
9
34
9
81
9
63
8
40
9
72
9
41
8
39
9
42
9
44
9
80
9
99
9
43
11
83
9
41
9
69
9
71
9
11
9
73
9
29
0
20
12
84
8
18
9
68
10
52
9
91
9
99
10
82
9
63
8
88
9
63
9
43
9
44
9
42
9
59
9
13
9
63
9
62
8
20
9
99
9
41
9
91
8
80
8
79
12
82
9
29
8
15
9
9
9
49
9
48
9
81
9
21
9
62
9
12
9
59
11
53
9
39
8
40
9
92
9
21
10
82
9
62
9
21
9
61
9
33
11
53
9
62
8
60
11
23
9
34
9
72
8
70
8
10
8
8
9
12
9
91
12
84
9
80
9
99
9
49
9
41
9
10
8
70
9
19
9
10
9
91
9
78
8
40
9
21
9
99
9
99
9
11
9
12
10
22
11
23
9
14
9
89
10
22
10
82
8
70
9
69
12
24
8
20
8
78
9
69
9
38
9
19
11
53
10
22
9
91
12
54
8
30
8
8
9
88
0
20
9
99
9
99
11
53
9
30
9
39
0
90
9
93
9
8
9
42
9
30
9
9
9
58
9
81
9
13
10
22
9
94
9
70
9
58
9
64
9
90
9
28
9
60
12
84
8
80
11
53
9
99
9
92
9
99
9
41
9
43
9
60
9
44
12
84
9
99
9
38
11
82
8
60
9
41
9
92
9
80
8
10
9
21
9
41
9
51
9
94
9
30
8
99
8
60
8
28
8
80
3
39
9
90
9
31
9
19
8
60
9
30
8
10
8
69
9
93
9
98
10
52
8
90
9
92
9
71
9
41
9
31
9
21
9
32
9
99
9
92
9
32
9
30
9
30
9
12
9
81
9
29
9
9
9
18
9
31
9
21
9
91
9
12
9
43
9
43
9
99
8
99
11
23
8
60
9
93
9
51
10
22
9
89
8
70
9
40
9
98
1
39
9
74
9
39
4
39
10
82
9
9
9
58
9
12
9
32
10
22
9
18
9
40
9
28
9
73
8
38
9
60
11
23
9
71
9
61
9
99
10
22
9
32
8
60
9
39
11
53
8
10
9
12
8
79
9
81
9
99
9
72
9
73
9
78
9
73
9
21
8
5
9
71
9
30
9
69
12
24
9
60
9
40
10
82
4
99
9
12
9
26
9
91
8
35
9
63
9
91
9
44
8
59
9
41
9
88
9
63
8
50
11
23
9
93
9
99
0
59
9
30
9
28
9
99
9
79
0
80
9
33
9
42
10
82
9
9
9
33
9
51
9
30
9
73
8
79
9
41
9
21
8
58
8
80
9
79
9
91
9
61
9
21
9
62
9
11
9
99
9
72
9
32
8
30
8
49
9
62
9
69
10
22
8
70
9
73
9
99
8
70
10
22
9
58
9
92
9
73
8
51
12
24
9
18
11
53
8
30
9
64
12
24
9
68
9
14
8
20
9
99
12
84
10
22
9
94
9
28
9
51
10
82
9
50
9
71
9
99
9
99
9
72
8
40
8
90
9
61
9
99
11
53
8
60
8
50
0
40
8
70
10
22
8
20
9
20
8
70
9
91
9
39
9
98
12
24
12
84
9
99
9
28
8
90
9
21
9
11
9
34
1
18
9
99
8
50
9
64
8
90
9
13
8
30
11
53
8
40
8
80
10
52
9
99
9
99
9
99
9
33
9
21
9
32
8
18
9
70
10
52
9
49
9
99
8
50
11
23
9
99
9
63
9
91
9
61
9
72
8
20
9
14
9
13
0
70
11
23
9
13
10
52
9
68
9
90
1
69
9
69
9
42
9
91
9
61
9
43
9
93
9
72
9
29
9
99
8
19
9
89
9
89
8
80
9
29
10
52
9
13
9
41
9
32
9
49
8
70
10
22
8
99
9
21
9
43
9
61
4
19
10
82
8
60
9
14
9
50
10
22
12
54
9
42
9
11
8
30
9
99
9
94
9
13
11
23
10
82
12
54
8
60
9
50
9
29
9
62
9
12
9
99
9
3
9
69
9
99
9
21
9
11
9
99
8
70
9
13
9
33
9
62
8
18
11
83
9
92
9
61
9
64
8
99
9
31
0
50
9
28
9
40
11
23
9
51
4
89
12
54
8
59
8
10
8
60
9
92
9
13
9
99
9
21
10
82
12
54
9
31
11
83
9
73
9
90
9
10
9
40
9
99
8
60
8
10
9
6
9
99
9
38
0
0
8
70
9
8
12
84
9
90
9
81
9
12
9
18
9
10
11
83
9
20
9
31
9
51
9
94
0
30
9
68
9
42
9
8
2
59
9
49
9
33
10
82
9
34
9
51
9
92
12
52
9
18
9
99
9
61
9
68
9
19
9
99
8
10
1
9
9
41
8
49
8
19
0
50
9
92
9
21
9
71
9
30
9
73
9
68
8
90
9
91
8
80
9
11
9
40
9
48
9
90
9
71
1
89
9
50
9
11
9
41
10
22
8
21
9
41
9
12
9
76
8
5
8
3
9
44
9
59
9
21
9
9
10
22
12
24
9
58
2
59
8
60
9
91
9
48
8
90
9
42
8
59
9
81
9
73
8
30
1
9
11
23
9
81
8
30
9
81
9
63
9
41
9
62
9
11
9
60
8
50
9
39
12
24
8
30
8
30
9
19
9
63
11
83
10
82
9
11
9
73
9
81
9
71
8
20
9
59
9
60
12
84
8
20
8
30
8
90
8
58
11
23
9
43
9
39
9
9
9
44
9
61
9
91
9
42
8
19
9
10
8
28
9
99
9
63
9
43
9
80
8
48
9
43
9
81
9
20
9
81
9
73
9
33
10
52
9
99
9
41
12
24
10
52
12
84
9
62
8
70
8
10
9
71
9
63
9
68
9
91
9
49
8
90
8
99
9
70
8
60
8
20
0
20
9
41
8
20
8
99
9
12
11
23
10
22
9
70
9
26
9
49
9
97
3
59
9
11
0
0
9
31
9
56
10
82
9
71
9
47
9
68
9
28
8
99
9
98
0
58
8
85
9
91
9
9
9
91
9
18
9
61
9
91
9
56
9
40
9
11
9
74
10
82
9
93
9
63
11
53
9
98
9
8
9
48
9
14
9
23
9
73
10
52
9
43
10
22
9
33
9
19
9
19
9
99
9
49
9
93
9
70
8
30
8
99
0
40
9
61
9
99
9
42
10
22
9
99
9
8
9
69
9
94
9
71
9
21
1
79
9
41
9
43
9
92
8
80
3
95
12
54
9
43
9
32
9
92
8
90
9
59
9
92
9
44
9
99
9
88
8
60
10
82
8
10
9
99
9
62
9
31
9
68
9
91
9
51
8
30
8
50
8
60
9
41
9
71
0
68
9
99
4
29
0
40
8
9
11
83
9
74
9
91
9
49
9
61
9
41
9
12
9
13
3
69
9
71
9
10
2
8
9
63
11
53
9
72
8
43
10
22
9
92
9
41
9
74
8
10
8
39
9
44
9
50
11
23
9
61
9
34
9
28
9
79
9
99
9
74
9
57
11
23
11
23
9
99
9
99
0
90
9
31
2
29
9
99
9
93
9
13
9
32
9
42
8
20
9
42
8
10
9
98
8
10
9
41
9
14
10
22
9
13
9
71
8
20
8
80
9
51
8
70
9
91
9
69
9
92
8
40
9
48
9
44
9
93
9
61
8
30
0
99
9
42
9
61
9
51
8
80
9
19
10
22
9
89
9
28
10
82
0
10
10
82
8
30
8
4
0
59
