9
94
9
34
9
74
9
34
9
14
9
93
13
55
9
63
9
61
11
53
9
44
9
14
12
54
9
74
9
44
9
99
12
84
9
94
12
24
9
94
9
64
9
34
13
55
9
94
13
25
13
55
9
34
9
44
9
74
14
56
9
99
9
74
15
57
10
82
9
34
9
99
13
25
9
62
9
63
9
93
12
24
9
91
9
51
0
60
9
99
15
87
9
34
9
99
13
25
9
43
10
82
10
22
9
64
12
24
13
55
9
33
9
94
10
82
12
54
9
99
9
42
9
32
9
74
9
41
9
34
9
94
12
24
9
13
14
56
9
42
15
87
11
83
13
25
11
23
9
94
9
34
9
34
9
99
9
63
15
57
9
64
9
33
9
64
9
13
9
33
9
74
9
43
0
20
9
63
9
51
11
23
11
53
9
44
9
93
14
56
9
99
9
94
9
44
9
93
9
33
9
14
9
94
9
94
9
34
9
92
13
22
9
42
9
73
0
30
9
99
12
84
9
64
14
56
11
23
9
42
9
11
9
74
9
99
11
23
9
99
9
14
9
74
9
73
9
44
9
34
11
53
9
74
9
62
9
91
9
93
9
99
9
44
11
23
13
25
11
23
9
62
12
54
9
74
13
25
11
53
9
34
9
33
13
25
9
34
9
64
9
32
13
85
9
32
11
83
14
56
9
14
9
73
9
14
11
53
14
26
9
64
9
64
9
44
9
34
9
34
12
24
12
24
9
99
9
99
9
94
9
64
9
99
9
64
9
14
9
99
11
23
9
44
9
61
9
41
13
55
9
44
9
34
9
34
12
84
9
64
9
43
9
74
9
44
9
42
9
44
9
44
11
83
9
99
9
44
14
86
9
44
9
72
9
74
9
14
9
74
9
32
0
20
15
87
9
21
9
71
13
55
9
94
9
99
13
85
9
64
9
91
9
64
9
44
9
44
9
44
9
62
9
14
9
64
9
64
11
23
9
99
9
44
9
94
11
83
10
82
15
82
9
32
8
15
9
12
10
52
9
51
12
84
12
24
9
64
9
14
9
62
14
56
9
42
9
43
9
94
12
24
13
85
9
64
12
24
9
64
9
34
14
56
9
64
9
63
14
26
9
34
9
74
9
73
9
13
9
11
9
14
9
94
15
87
11
83
9
99
10
52
9
44
9
13
9
73
10
22
9
13
9
94
9
81
9
43
12
24
9
99
9
99
9
14
9
14
13
25
14
26
9
14
9
92
13
25
13
85
9
73
9
72
15
27
11
23
9
81
9
72
9
41
10
22
14
56
13
25
9
94
15
57
9
33
9
11
9
91
0
20
9
99
9
99
14
56
9
33
9
42
0
90
9
94
9
11
9
44
9
33
9
12
9
61
12
84
9
14
13
25
9
94
9
73
9
61
9
64
9
93
9
31
9
63
15
87
11
83
14
56
9
99
9
94
9
99
9
44
9
44
9
63
9
44
15
87
9
99
9
41
14
82
9
63
9
44
9
94
11
83
9
13
12
24
9
44
12
54
9
94
9
33
9
99
9
63
9
31
11
83
3
39
9
93
9
34
10
22
9
63
9
33
9
13
9
72
9
94
9
99
13
55
9
93
9
94
9
74
9
44
9
34
12
24
9
34
9
99
9
94
9
34
9
33
9
33
9
14
12
84
9
32
9
12
9
21
9
34
12
24
9
94
9
14
9
44
9
44
9
99
9
99
14
26
9
63
9
94
12
54
13
25
9
92
9
73
9
43
9
98
1
39
9
74
9
42
4
39
13
82
9
12
9
61
9
14
9
34
13
25
9
21
9
43
9
31
9
74
9
41
9
63
14
26
9
74
9
64
9
99
13
25
9
34
9
63
9
42
14
56
9
13
9
14
10
82
12
84
9
99
9
74
9
74
9
81
9
73
12
24
8
5
9
74
9
33
9
72
15
27
9
63
9
43
13
85
4
99
9
14
9
26
9
94
8
35
9
64
9
94
9
44
9
62
9
44
9
91
9
64
11
53
14
26
9
94
9
99
0
59
9
33
9
31
9
99
10
82
0
80
9
34
9
44
13
85
9
12
9
33
12
54
9
33
9
74
10
82
9
44
12
24
9
61
11
83
10
82
9
94
9
64
12
24
9
64
9
14
9
99
9
74
9
34
9
33
10
52
9
64
9
72
13
25
9
73
9
74
9
99
9
73
13
25
9
61
9
94
9
74
11
51
15
27
9
21
14
56
9
33
9
64
15
27
9
71
9
14
11
23
9
99
15
87
13
25
9
94
9
31
12
54
13
85
11
53
9
74
9
99
9
99
9
74
9
43
9
93
9
64
9
99
14
56
9
63
11
53
0
40
9
73
13
25
11
23
11
23
9
73
9
94
9
42
9
99
15
27
15
87
9
99
9
31
9
93
12
24
9
11
9
34
1
19
9
99
11
53
9
64
9
93
9
14
9
33
14
56
9
43
11
83
13
55
9
99
9
99
9
99
9
34
12
24
9
34
9
21
9
73
13
55
10
52
9
99
11
53
14
26
9
99
9
64
9
94
9
64
9
74
11
23
9
14
9
13
0
70
14
26
9
14
13
55
9
71
9
93
1
69
9
72
9
44
9
94
9
64
9
44
9
94
9
74
9
32
9
99
10
22
9
92
9
92
11
83
9
32
13
55
9
14
9
44
9
34
10
52
9
73
13
25
9
99
12
24
9
44
9
64
4
19
13
85
9
63
9
14
11
53
13
25
15
57
9
44
9
14
9
33
9
99
9
94
9
14
14
26
13
85
15
57
9
63
11
53
9
32
9
64
9
14
9
99
9
3
9
72
9
99
12
24
9
14
9
99
9
73
9
14
9
34
9
64
9
21
14
86
9
94
9
64
9
64
9
99
9
34
0
50
9
31
9
43
14
26
12
54
4
89
15
57
9
62
9
13
9
63
9
94
9
14
9
99
12
24
13
85
15
57
9
34
14
86
9
74
9
93
9
13
9
43
9
99
9
63
9
13
9
6
9
99
9
41
0
0
9
73
9
11
15
87
9
93
12
84
9
14
9
21
9
13
14
86
11
23
9
34
12
54
9
94
0
30
9
71
9
44
9
11
2
59
10
52
9
34
13
85
9
34
12
54
9
94
15
52
9
21
9
99
9
64
9
71
10
22
9
99
9
13
1
9
9
44
10
52
10
22
0
50
9
94
12
24
9
74
9
33
9
74
9
71
9
93
9
94
11
83
9
14
9
43
9
51
9
93
9
74
1
89
11
53
9
14
9
44
13
25
11
21
9
44
9
14
9
76
8
5
9
3
9
44
9
62
12
24
9
12
13
25
15
27
9
61
2
59
9
63
9
94
9
48
9
93
9
44
9
62
12
84
9
74
9
33
1
9
14
26
12
84
9
33
12
84
9
64
9
44
9
64
9
14
9
63
11
53
9
42
15
27
9
33
9
33
10
22
9
64
14
86
13
85
9
14
9
74
12
84
9
74
11
23
9
62
9
63
15
87
11
23
9
33
9
93
9
61
14
26
9
44
9
42
9
12
9
44
9
64
9
94
9
44
10
22
9
13
9
31
9
99
9
64
9
44
11
83
9
51
9
43
12
84
11
23
12
84
9
74
9
34
13
55
9
99
9
44
15
27
13
55
15
87
9
64
9
73
9
13
9
74
9
64
9
71
9
94
10
52
9
93
9
99
9
73
9
63
11
23
0
20
9
44
11
23
9
99
9
14
14
26
13
25
9
73
9
26
10
52
9
97
3
59
9
14
0
0
9
34
9
56
13
85
9
74
9
47
9
71
9
31
9
99
9
99
0
59
8
85
9
94
9
12
9
94
9
21
9
64
9
94
9
56
9
43
9
14
9
74
13
85
9
94
9
64
14
56
9
99
9
11
9
51
9
14
12
22
9
74
13
55
9
44
13
25
9
34
10
22
10
22
9
99
10
52
9
94
9
73
9
33
9
99
0
40
9
64
9
99
9
44
13
25
9
99
9
11
9
72
9
94
9
74
12
24
1
79
9
44
9
44
9
94
11
83
3
95
15
57
9
43
9
34
9
94
9
93
9
62
9
94
9
44
9
99
9
91
9
63
13
85
9
13
9
99
9
64
9
34
9
71
9
94
12
54
9
33
11
53
9
63
9
44
9
74
0
68
9
99
4
29
0
40
9
12
14
86
9
74
9
94
10
52
9
64
9
44
9
14
9
14
3
69
9
74
9
13
2
9
9
64
14
56
9
74
9
43
13
25
9
94
9
44
9
74
9
13
9
42
9
44
11
53
14
26
9
64
9
34
9
31
10
82
9
99
9
74
9
57
14
26
14
26
9
99
9
99
0
90
9
34
2
29
9
99
9
94
9
14
9
34
9
44
11
23
9
44
9
13
9
99
9
13
9
44
9
14
13
25
9
14
9
74
11
23
11
83
12
54
9
73
9
94
9
72
9
94
9
43
9
51
9
44
9
94
9
64
9
33
0
99
9
44
9
64
12
54
11
83
10
22
13
25
9
92
9
28
13
85
0
10
13
85
9
33
9
3
0
59
