9
94
9
34
9
74
9
34
9
14
9
94
19
64
9
64
9
64
19
64
9
44
9
14
19
64
9
74
9
44
9
99
19
94
9
94
19
34
9
94
9
64
9
34
19
64
9
94
19
34
19
64
9
34
9
44
9
74
19
64
9
99
9
74
19
64
19
94
9
34
9
99
19
34
9
64
9
64
9
94
19
34
9
94
19
64
0
60
9
99
19
94
9
34
9
99
19
34
9
44
19
94
19
34
9
64
19
34
19
64
9
34
9
94
19
94
19
64
9
99
9
44
9
34
9
74
9
44
9
34
9
94
19
34
9
13
19
64
9
44
19
94
19
94
19
34
19
34
9
94
9
34
9
34
9
99
9
64
19
64
9
64
9
34
9
64
9
14
9
34
9
74
9
44
0
20
9
64
19
64
19
34
19
64
9
44
9
94
19
64
9
99
9
94
9
44
9
94
9
34
9
14
9
94
9
94
9
34
9
94
19
22
9
44
9
74
0
30
9
99
19
94
9
64
19
64
19
34
9
44
9
14
9
74
9
99
19
34
9
99
9
14
9
74
9
74
9
44
9
34
19
64
9
74
9
64
9
94
9
94
9
99
9
44
19
34
19
34
19
34
9
64
19
64
9
74
19
34
19
64
9
34
9
34
19
34
9
34
9
64
9
34
19
94
9
34
19
94
19
64
9
14
9
74
9
14
19
64
19
34
9
64
9
64
9
44
9
34
9
34
19
34
19
34
9
99
9
99
9
94
9
64
9
99
9
64
9
14
9
99
19
34
9
44
9
64
9
44
19
64
9
44
9
34
9
34
19
94
9
64
9
44
9
74
9
44
9
44
9
44
9
44
19
94
9
99
9
44
19
94
9
44
9
74
9
74
9
14
9
74
9
34
0
20
19
94
19
34
9
74
19
64
9
94
9
99
19
94
9
64
9
94
9
64
9
44
9
44
9
44
9
64
9
14
9
64
9
64
19
34
9
99
9
44
9
94
19
94
19
94
19
82
9
34
8
15
9
14
19
64
19
64
19
94
19
34
9
64
9
14
9
64
19
64
9
44
9
44
9
94
19
34
19
94
9
64
19
34
9
64
9
34
19
64
9
64
9
64
19
34
9
34
9
74
9
74
9
14
9
14
9
14
9
94
19
94
19
94
9
99
19
64
9
44
9
14
9
74
19
34
9
14
9
94
19
94
9
44
19
34
9
99
9
99
9
14
9
14
19
34
19
34
9
14
9
94
19
34
19
94
9
74
9
74
19
34
19
34
19
94
9
74
9
44
19
34
19
64
19
34
9
94
19
64
9
34
9
14
9
94
0
20
9
99
9
99
19
64
9
34
9
44
0
90
9
94
9
14
9
44
9
34
9
14
9
64
19
94
9
14
19
34
9
94
9
74
9
64
9
64
9
94
9
34
9
64
19
94
19
94
19
64
9
99
9
94
9
99
9
44
9
44
9
64
9
44
19
94
9
99
9
44
19
82
9
64
9
44
9
94
19
94
9
14
19
34
9
44
19
64
9
94
9
34
9
99
9
64
9
34
19
94
3
39
9
94
9
34
19
34
9
64
9
34
9
14
9
74
9
94
9
99
19
64
9
94
9
94
9
74
9
44
9
34
19
34
9
34
9
99
9
94
9
34
9
34
9
34
9
14
19
94
9
34
9
14
19
34
9
34
19
34
9
94
9
14
9
44
9
44
9
99
9
99
19
34
9
64
9
94
19
64
19
34
9
94
9
74
9
44
9
98
1
39
9
74
9
44
4
39
19
82
9
14
9
64
9
14
9
34
19
34
19
34
9
44
9
34
9
74
9
44
9
64
19
34
9
74
9
64
9
99
19
34
9
34
9
64
9
44
19
64
9
14
9
14
19
94
19
94
9
99
9
74
9
74
19
94
9
73
19
34
8
5
9
74
9
34
9
74
19
34
9
64
9
44
19
94
4
99
9
14
9
26
9
94
8
35
9
64
9
94
9
44
9
64
9
44
9
94
9
64
19
64
19
34
9
94
9
99
0
59
9
34
9
34
9
99
19
94
0
80
9
34
9
44
19
94
9
14
9
33
19
64
9
34
9
74
19
94
9
44
19
34
9
64
19
94
19
94
9
94
9
64
19
34
9
64
9
14
9
99
9
74
9
34
9
34
19
64
9
64
9
74
19
34
9
74
9
74
9
99
9
74
19
34
9
64
9
94
9
74
19
51
19
34
19
34
19
64
9
34
9
64
19
34
9
74
9
14
19
34
9
99
19
94
19
34
9
94
9
34
19
64
19
94
19
64
9
74
9
99
9
99
9
74
9
44
9
94
9
64
9
99
19
64
9
64
19
64
0
40
9
74
19
34
19
34
19
34
9
74
9
94
9
44
9
99
19
34
19
94
9
99
9
34
9
94
19
34
9
11
9
34
1
19
9
99
19
64
9
64
9
94
9
14
9
34
19
64
9
44
19
94
19
64
9
99
9
99
9
99
9
34
19
34
9
34
19
34
9
74
19
64
19
64
9
99
19
64
19
34
9
99
9
64
9
94
9
64
9
74
19
34
9
14
9
13
0
70
19
34
9
14
19
64
9
74
9
94
1
69
9
74
9
44
9
94
9
64
9
44
9
94
9
74
9
34
9
99
19
34
9
94
9
94
19
94
9
34
19
64
9
14
9
44
9
34
19
64
9
74
19
34
9
99
19
34
9
44
9
64
4
19
19
94
9
64
9
14
19
64
19
34
19
64
9
44
9
14
9
34
9
99
9
94
9
14
19
34
19
94
19
64
9
64
19
64
9
34
9
64
9
14
9
99
9
3
9
74
9
99
19
34
9
14
9
99
9
74
9
14
9
34
9
64
19
34
19
94
9
94
9
64
9
64
9
99
9
34
0
50
9
34
9
44
19
34
19
64
4
89
19
64
9
64
9
14
9
64
9
94
9
14
9
99
19
34
19
94
19
64
9
34
19
94
9
74
9
94
9
14
9
44
9
99
9
64
9
14
9
6
9
99
9
44
0
0
9
74
9
14
19
94
9
94
19
94
9
14
19
34
9
14
19
94
19
34
9
34
19
64
9
94
0
30
9
74
9
44
9
14
2
59
19
64
9
34
19
94
9
34
19
64
9
94
19
52
19
34
9
99
9
64
9
74
19
34
9
99
9
14
1
9
9
44
19
64
19
34
0
50
9
94
19
34
9
74
9
34
9
74
9
74
9
94
9
94
19
94
9
14
9
44
19
64
9
94
9
74
1
89
19
64
9
14
9
44
19
34
19
21
9
44
9
14
9
76
8
5
9
3
9
44
9
64
19
34
9
14
19
34
19
34
9
64
2
59
9
64
9
94
9
48
9
94
9
44
9
64
19
94
9
74
9
34
1
9
19
34
19
94
9
34
19
94
9
64
9
44
9
64
9
14
9
64
19
64
9
44
19
34
9
34
9
34
19
34
9
64
19
94
19
94
9
14
9
74
19
94
9
74
19
34
9
64
9
64
19
94
19
34
9
34
9
94
9
64
19
34
9
44
9
44
9
14
9
44
9
64
9
94
9
44
19
34
9
14
9
34
9
99
9
64
9
44
19
94
19
64
9
43
19
94
19
34
19
94
9
74
9
34
19
64
9
99
9
44
19
34
19
64
19
94
9
64
9
74
9
14
9
74
9
64
9
74
9
94
19
64
9
94
9
99
9
74
9
64
19
34
0
20
9
44
19
34
9
99
9
14
19
34
19
34
9
74
9
26
19
64
9
97
3
59
9
14
0
0
9
34
9
56
19
94
9
74
9
47
9
74
9
34
9
99
9
99
0
59
8
85
9
94
9
14
9
94
19
34
9
64
9
94
9
56
9
44
9
14
9
74
19
94
9
94
9
64
19
64
9
99
9
14
19
64
9
14
19
22
9
74
19
64
9
44
19
34
9
34
19
34
19
34
9
99
19
64
9
94
9
74
9
34
9
99
0
40
9
64
9
99
9
44
19
34
9
99
9
14
9
74
9
94
9
74
19
34
1
79
9
44
9
44
9
94
19
94
3
95
19
64
9
43
9
34
9
94
9
94
9
64
9
94
9
44
9
99
9
94
9
64
19
94
9
14
9
99
9
64
9
34
9
74
9
94
19
64
9
34
19
64
9
64
9
44
9
74
0
68
9
99
4
29
0
40
9
14
19
94
9
74
9
94
19
64
9
64
9
44
9
14
9
14
3
69
9
74
9
14
2
9
9
64
19
64
9
74
9
43
19
34
9
94
9
44
9
74
9
14
9
44
9
44
19
64
19
34
9
64
9
34
9
34
19
94
9
99
9
74
9
57
19
34
19
34
9
99
9
99
0
90
9
34
2
29
9
99
9
94
9
14
9
34
9
44
19
34
9
44
9
14
9
99
9
14
9
44
9
14
19
34
9
14
9
74
19
34
19
94
19
64
9
74
9
94
9
74
9
94
9
44
19
64
9
44
9
94
9
64
9
34
0
99
9
44
9
64
19
64
19
94
19
34
19
34
9
94
9
28
19
94
0
10
19
94
9
34
9
3
0
59
