9
94
9
34
9
74
9
34
9
14
9
94
19
61
9
64
9
64
17
59
9
44
9
14
18
60
9
74
9
44
9
99
18
90
9
94
18
30
9
94
9
64
9
34
19
61
9
94
19
31
19
61
9
34
9
44
9
74
19
62
9
99
9
74
19
63
16
88
9
34
9
99
19
31
9
64
9
64
9
94
18
30
9
94
15
57
0
60
9
99
19
93
9
34
9
99
19
31
9
44
16
88
16
28
9
64
18
30
19
61
9
34
9
94
16
88
18
60
9
99
9
44
9
34
9
74
9
44
9
34
9
94
18
30
9
13
19
62
9
44
19
93
17
89
19
31
17
29
9
94
9
34
9
34
9
99
9
64
19
63
9
64
9
34
9
64
9
14
9
34
9
74
9
44
0
20
9
64
15
57
17
29
17
59
9
44
9
94
19
62
9
99
9
94
9
44
9
94
9
34
9
14
9
94
9
94
9
34
9
94
19
22
9
44
9
74
0
30
9
99
18
90
9
64
19
62
17
29
9
44
9
14
9
74
9
99
17
29
9
99
9
14
9
74
9
74
9
44
9
34
17
59
9
74
9
64
9
94
9
94
9
99
9
44
17
29
19
31
17
29
9
64
18
60
9
74
19
31
17
59
9
34
9
34
19
31
9
34
9
64
9
34
19
91
9
34
17
89
19
62
9
14
9
74
9
14
17
59
19
32
9
64
9
64
9
44
9
34
9
34
18
30
18
30
9
99
9
99
9
94
9
64
9
99
9
64
9
14
9
99
17
29
9
44
9
64
9
44
19
61
9
44
9
34
9
34
18
90
9
64
9
44
9
74
9
44
9
44
9
44
9
44
17
89
9
99
9
44
19
92
9
44
9
74
9
74
9
14
9
74
9
34
0
20
19
93
15
27
9
74
19
61
9
94
9
99
19
91
9
64
9
94
9
64
9
44
9
44
9
44
9
64
9
14
9
64
9
64
17
29
9
99
9
44
9
94
17
89
16
88
19
82
9
34
8
15
9
14
16
58
15
57
18
90
18
30
9
64
9
14
9
64
19
62
9
44
9
44
9
94
18
30
19
91
9
64
18
30
9
64
9
34
19
62
9
64
9
64
19
32
9
34
9
74
9
74
9
14
9
14
9
14
9
94
19
93
17
89
9
99
16
58
9
44
9
14
9
74
16
28
9
14
9
94
15
87
9
44
18
30
9
99
9
99
9
14
9
14
19
31
19
32
9
14
9
94
19
31
19
91
9
74
9
74
19
33
17
29
15
87
9
74
9
44
16
28
19
62
19
31
9
94
19
63
9
34
9
14
9
94
0
20
9
99
9
99
19
62
9
34
9
44
0
90
9
94
9
14
9
44
9
34
9
14
9
64
18
90
9
14
19
31
9
94
9
74
9
64
9
64
9
94
9
34
9
64
19
93
17
89
19
62
9
99
9
94
9
99
9
44
9
44
9
64
9
44
19
93
9
99
9
44
19
82
9
64
9
44
9
94
17
89
9
14
18
30
9
44
18
60
9
94
9
34
9
99
9
64
9
34
17
89
3
39
9
94
9
34
16
28
9
64
9
34
9
14
9
74
9
94
9
99
19
61
9
94
9
94
9
74
9
44
9
34
18
30
9
34
9
99
9
94
9
34
9
34
9
34
9
14
18
90
9
34
9
14
15
27
9
34
18
30
9
94
9
14
9
44
9
44
9
99
9
99
19
32
9
64
9
94
18
60
19
31
9
94
9
74
9
44
9
98
1
39
9
74
9
44
4
39
19
82
9
14
9
64
9
14
9
34
19
31
15
27
9
44
9
34
9
74
9
44
9
64
19
32
9
74
9
64
9
99
19
31
9
34
9
64
9
44
19
62
9
14
9
14
16
88
18
90
9
99
9
74
9
74
15
87
9
73
18
30
8
5
9
74
9
34
9
74
19
33
9
64
9
44
19
91
4
99
9
14
9
26
9
94
8
35
9
64
9
94
9
44
9
64
9
44
9
94
9
64
17
59
19
32
9
94
9
99
0
59
9
34
9
34
9
99
16
88
0
80
9
34
9
44
19
91
9
14
9
33
18
60
9
34
9
74
16
88
9
44
18
30
9
64
17
89
16
88
9
94
9
64
18
30
9
64
9
14
9
99
9
74
9
34
9
34
16
58
9
64
9
74
19
31
9
74
9
74
9
99
9
74
19
31
9
64
9
94
9
74
17
51
19
33
15
27
19
62
9
34
9
64
19
33
9
74
9
14
17
29
9
99
19
93
19
31
9
94
9
34
18
60
19
91
17
59
9
74
9
99
9
99
9
74
9
44
9
94
9
64
9
99
19
62
9
64
17
59
0
40
9
74
19
31
17
29
17
29
9
74
9
94
9
44
9
99
19
33
19
93
9
99
9
34
9
94
18
30
9
11
9
34
1
19
9
99
17
59
9
64
9
94
9
14
9
34
19
62
9
44
17
89
19
61
9
99
9
99
9
99
9
34
18
30
9
34
15
27
9
74
19
61
16
58
9
99
17
59
19
32
9
99
9
64
9
94
9
64
9
74
17
29
9
14
9
13
0
70
19
32
9
14
19
61
9
74
9
94
1
69
9
74
9
44
9
94
9
64
9
44
9
94
9
74
9
34
9
99
16
28
9
94
9
94
17
89
9
34
19
61
9
14
9
44
9
34
16
58
9
74
19
31
9
99
18
30
9
44
9
64
4
19
19
91
9
64
9
14
17
59
19
31
19
63
9
44
9
14
9
34
9
99
9
94
9
14
19
32
19
91
19
63
9
64
17
59
9
34
9
64
9
14
9
99
9
3
9
74
9
99
18
30
9
14
9
99
9
74
9
14
9
34
9
64
15
27
19
92
9
94
9
64
9
64
9
99
9
34
0
50
9
34
9
44
19
32
18
60
4
89
19
63
9
64
9
14
9
64
9
94
9
14
9
99
18
30
19
91
19
63
9
34
19
92
9
74
9
94
9
14
9
44
9
99
9
64
9
14
9
6
9
99
9
44
0
0
9
74
9
14
19
93
9
94
18
90
9
14
15
27
9
14
19
92
17
29
9
34
18
60
9
94
0
30
9
74
9
44
9
14
2
59
16
58
9
34
19
91
9
34
18
60
9
94
19
52
15
27
9
99
9
64
9
74
16
28
9
99
9
14
1
9
9
44
16
58
16
28
0
50
9
94
18
30
9
74
9
34
9
74
9
74
9
94
9
94
17
89
9
14
9
44
15
57
9
94
9
74
1
89
17
59
9
14
9
44
19
31
17
21
9
44
9
14
9
76
8
5
9
3
9
44
9
64
18
30
9
14
19
31
19
33
9
64
2
59
9
64
9
94
9
48
9
94
9
44
9
64
18
90
9
74
9
34
1
9
19
32
18
90
9
34
18
90
9
64
9
44
9
64
9
14
9
64
17
59
9
44
19
33
9
34
9
34
16
28
9
64
19
92
19
91
9
14
9
74
18
90
9
74
17
29
9
64
9
64
19
93
17
29
9
34
9
94
9
64
19
32
9
44
9
44
9
14
9
44
9
64
9
94
9
44
16
28
9
14
9
34
9
99
9
64
9
44
17
89
15
57
9
43
18
90
17
29
18
90
9
74
9
34
19
61
9
99
9
44
19
33
19
61
19
93
9
64
9
74
9
14
9
74
9
64
9
74
9
94
16
58
9
94
9
99
9
74
9
64
17
29
0
20
9
44
17
29
9
99
9
14
19
32
19
31
9
74
9
26
16
58
9
97
3
59
9
14
0
0
9
34
9
56
19
91
9
74
9
47
9
74
9
34
9
99
9
99
0
59
8
85
9
94
9
14
9
94
15
27
9
64
9
94
9
56
9
44
9
14
9
74
19
91
9
94
9
64
19
62
9
99
9
14
15
57
9
14
18
22
9
74
19
61
9
44
19
31
9
34
16
28
16
28
9
99
16
58
9
94
9
74
9
34
9
99
0
40
9
64
9
99
9
44
19
31
9
99
9
14
9
74
9
94
9
74
18
30
1
79
9
44
9
44
9
94
17
89
3
95
19
63
9
43
9
34
9
94
9
94
9
64
9
94
9
44
9
99
9
94
9
64
19
91
9
14
9
99
9
64
9
34
9
74
9
94
18
60
9
34
17
59
9
64
9
44
9
74
0
68
9
99
4
29
0
40
9
14
19
92
9
74
9
94
16
58
9
64
9
44
9
14
9
14
3
69
9
74
9
14
2
9
9
64
19
62
9
74
9
43
19
31
9
94
9
44
9
74
9
14
9
44
9
44
17
59
19
32
9
64
9
34
9
34
16
88
9
99
9
74
9
57
19
32
19
32
9
99
9
99
0
90
9
34
2
29
9
99
9
94
9
14
9
34
9
44
17
29
9
44
9
14
9
99
9
14
9
44
9
14
19
31
9
14
9
74
17
29
17
89
18
60
9
74
9
94
9
74
9
94
9
44
15
57
9
44
9
94
9
64
9
34
0
99
9
44
9
64
18
60
17
89
16
28
19
31
9
94
9
28
19
91
0
10
19
91
9
34
9
3
0
59
