9
91
9
33
9
71
9
30
9
11
7
89
9
51
7
59
8
57
7
49
9
43
8
10
8
50
8
70
8
40
9
99
9
80
9
93
8
20
9
92
8
60
8
30
9
51
9
93
9
21
9
51
9
33
9
40
9
71
10
52
8
98
8
70
11
53
9
78
8
30
9
99
9
21
9
58
9
59
7
89
9
20
8
87
9
47
0
60
8
99
11
83
9
33
9
99
9
21
7
39
9
78
9
18
9
62
8
20
9
51
7
29
9
91
8
78
8
50
9
99
9
38
9
28
9
73
9
37
9
31
9
93
8
20
8
13
10
52
7
38
11
83
7
79
9
21
7
19
9
90
9
32
9
31
8
98
7
59
11
53
9
61
7
29
9
61
7
9
7
29
9
71
9
39
0
20
9
59
9
47
9
19
9
49
9
41
9
89
10
52
7
98
8
90
8
40
7
89
7
29
8
10
8
90
9
90
9
32
7
88
9
23
8
38
7
69
0
30
9
99
8
80
9
61
10
52
9
19
7
38
9
7
9
71
9
99
7
19
9
99
8
10
9
71
7
69
9
40
9
32
9
49
9
71
9
58
9
87
9
89
9
99
9
41
7
19
9
21
7
19
9
58
8
50
9
70
9
21
8
49
8
30
9
29
9
21
8
30
8
60
9
28
9
81
9
28
9
79
10
52
9
11
9
69
9
12
7
49
10
22
9
63
9
62
8
40
9
31
9
31
9
20
8
20
9
99
9
99
8
90
9
63
9
99
9
61
9
11
8
99
9
19
9
41
9
57
8
37
9
51
8
40
8
30
9
33
9
80
9
62
7
39
9
71
8
40
7
38
9
41
9
43
9
79
8
99
9
42
10
82
8
40
9
68
8
70
8
10
9
72
9
28
0
20
11
83
7
17
8
67
9
51
9
90
9
99
9
81
9
62
7
87
9
62
9
42
9
43
9
41
9
58
9
12
9
62
9
61
7
19
9
99
8
40
8
90
7
79
7
78
11
82
8
28
8
15
9
8
8
48
8
47
9
80
8
20
9
61
9
11
9
58
10
52
9
38
7
39
9
91
9
20
9
81
9
61
8
20
9
60
9
32
10
52
9
61
7
59
10
22
9
33
9
71
7
69
7
9
7
7
9
11
8
90
11
83
8
79
8
99
9
48
9
40
8
9
7
69
9
18
9
9
8
90
8
77
7
39
9
20
8
99
9
99
9
10
9
11
9
21
10
22
9
13
9
88
9
21
9
81
7
69
9
68
11
23
7
19
7
77
9
68
9
37
9
18
10
52
9
21
8
90
11
53
7
29
7
7
9
87
0
20
9
99
9
99
10
52
8
29
9
38
0
90
9
92
8
7
9
41
9
29
9
8
9
57
9
80
9
12
9
21
9
93
8
69
8
57
9
63
9
89
8
27
9
59
11
83
7
79
10
52
9
99
9
91
9
99
9
40
9
42
9
59
9
43
11
83
8
99
9
37
10
82
7
59
8
40
9
91
9
79
7
9
9
20
8
40
9
50
9
93
9
29
7
99
7
59
7
27
7
79
3
39
9
89
8
30
9
18
7
59
9
29
7
9
7
68
9
92
8
97
9
51
7
89
9
91
8
70
8
40
8
30
8
20
9
31
9
99
9
91
9
31
8
29
9
29
9
11
8
80
9
28
8
8
8
17
8
30
8
20
8
90
9
11
9
42
9
42
9
99
7
99
10
22
7
59
9
92
9
50
9
21
9
88
7
69
9
39
9
98
1
39
9
73
8
38
4
39
9
82
9
8
8
57
9
11
9
31
9
21
9
17
9
39
9
27
9
72
7
37
9
59
10
22
8
70
8
60
9
99
9
21
9
31
7
59
9
38
10
52
7
9
9
11
7
78
8
80
9
99
9
71
9
72
8
77
9
73
8
20
8
5
8
70
8
29
9
68
11
23
9
59
9
39
9
81
4
99
9
11
9
26
8
90
7
35
9
62
8
90
9
43
7
58
8
40
9
87
9
62
7
49
10
22
9
92
9
99
0
59
9
29
9
27
9
99
9
78
0
80
9
32
9
41
9
81
9
8
9
33
9
50
9
29
9
72
7
78
8
40
8
20
7
57
7
79
9
78
8
90
9
60
8
20
9
61
8
10
9
99
9
71
9
31
7
29
7
48
9
61
9
68
9
21
7
69
9
72
9
99
7
69
9
21
9
57
9
91
9
72
7
51
11
23
8
17
10
52
7
29
9
63
11
23
8
67
9
13
7
19
9
99
11
83
9
21
9
93
9
27
8
50
9
81
9
49
9
70
9
99
9
99
9
71
7
39
7
89
8
60
9
99
10
52
7
59
7
49
0
40
7
69
9
21
7
19
9
19
7
69
9
90
9
38
8
97
11
23
11
83
8
99
9
27
7
89
9
20
9
11
9
33
1
17
9
99
7
49
9
63
7
89
9
12
7
29
10
52
7
39
7
79
9
51
9
99
9
98
9
99
9
32
8
20
9
31
7
17
9
69
9
51
8
48
9
99
7
49
10
22
8
99
9
62
8
90
8
60
9
71
7
19
9
13
9
13
0
70
10
22
9
12
9
51
8
67
9
89
1
69
9
68
9
41
9
90
8
60
9
42
9
92
9
71
8
28
8
99
7
18
9
88
9
88
7
79
8
28
9
51
9
12
8
40
9
31
9
48
7
69
9
21
7
99
8
20
9
42
8
60
4
19
9
81
7
59
9
13
9
49
9
21
11
53
9
41
8
10
7
29
8
99
9
93
9
12
10
22
9
81
11
53
7
59
9
49
9
28
9
61
9
11
9
99
8
3
8
68
9
99
8
20
8
10
9
99
7
69
9
12
9
32
9
61
7
17
10
82
9
91
9
60
9
63
7
99
8
30
0
50
9
27
9
39
10
22
9
50
4
89
11
53
7
58
7
9
7
59
9
91
9
12
9
99
9
20
9
81
11
53
8
30
10
82
9
72
9
89
8
9
8
39
9
99
7
59
7
9
9
6
9
99
9
37
0
0
7
69
9
7
11
83
9
89
8
80
9
11
9
17
9
9
10
82
8
19
8
30
9
50
9
93
0
30
9
67
9
41
8
7
2
59
9
48
9
32
9
81
9
33
8
50
9
91
11
52
9
17
8
99
9
60
9
67
8
18
8
99
7
9
1
9
8
40
7
48
7
18
0
50
9
91
9
20
9
70
9
29
9
72
9
67
7
89
8
90
7
79
8
10
9
39
9
47
9
89
8
70
1
89
9
49
9
10
8
40
9
21
7
21
8
40
9
11
9
76
8
5
7
3
9
43
9
58
9
20
8
8
9
21
11
23
9
57
2
59
7
59
8
90
9
48
7
89
9
41
7
58
8
80
9
72
7
29
1
9
10
22
8
80
7
29
8
80
9
62
8
40
9
61
9
10
9
59
7
49
9
38
11
23
7
29
7
29
9
18
9
62
10
82
9
81
9
10
9
72
9
80
8
70
7
19
9
58
8
59
11
83
7
19
7
29
7
89
7
57
10
22
9
42
9
38
9
8
9
43
9
60
8
90
9
41
7
18
9
9
7
27
8
99
9
62
9
42
9
79
7
47
9
43
8
80
9
19
8
80
9
72
9
32
9
51
9
99
8
40
11
23
9
51
11
83
9
61
7
69
7
9
9
70
9
62
9
67
8
90
9
48
7
89
7
99
9
69
7
59
7
19
0
20
9
40
7
19
7
99
9
11
10
22
9
21
8
69
8
26
9
48
9
97
3
59
9
10
0
0
9
30
9
56
9
81
8
70
8
47
9
67
9
27
7
99
9
97
0
57
8
85
8
90
9
8
9
90
9
17
9
60
8
90
9
56
9
39
8
10
9
73
9
81
9
92
9
62
10
52
9
97
8
7
9
47
9
13
8
23
9
72
9
51
9
42
9
21
9
32
9
18
9
18
8
99
9
48
9
92
9
69
7
29
7
99
0
40
9
60
9
99
9
41
9
21
8
99
8
7
9
68
9
93
9
70
8
20
1
79
8
40
9
42
9
91
7
79
3
95
11
53
9
43
9
31
9
91
7
89
9
58
9
91
9
43
9
99
9
87
7
59
9
81
7
9
9
99
9
61
8
30
9
67
8
90
8
50
7
29
7
49
7
59
8
40
9
70
0
68
8
98
4
29
0
40
7
8
10
82
9
73
8
90
9
48
9
60
8
40
9
11
9
12
3
69
8
70
9
9
2
7
9
62
10
52
9
71
7
43
9
21
9
91
9
40
9
73
7
9
7
38
9
43
9
49
10
22
8
60
9
33
8
27
9
78
9
99
9
73
9
57
10
22
10
22
9
99
9
99
0
90
9
30
2
29
9
99
9
92
9
12
9
31
9
41
7
19
9
41
7
9
9
97
7
9
8
40
9
13
9
21
9
12
9
70
7
19
7
79
8
50
7
69
9
90
9
68
9
91
7
39
9
47
9
43
9
92
8
60
7
29
0
99
9
41
8
60
9
50
7
79
9
18
9
21
9
88
8
28
9
81
0
10
9
81
7
29
7
4
0
59
