3
84
4
27
2
64
3
23
2
6
0
88
2
44
0
55
2
50
0
48
4
38
1
3
1
44
1
66
1
35
3
99
3
73
4
87
1
13
3
88
1
55
1
25
2
45
4
86
4
14
4
44
4
26
4
33
2
66
4
45
1
91
1
69
4
48
2
71
1
29
3
94
2
17
2
51
3
52
0
86
4
13
2
80
4
40
0
60
1
92
4
76
4
28
2
99
2
15
0
35
3
71
4
11
3
55
1
17
2
46
0
29
2
87
1
71
1
45
4
99
4
31
4
21
4
68
3
30
2
25
4
87
1
16
1
13
4
45
0
31
4
78
0
76
2
19
0
17
4
83
4
25
4
24
1
91
0
53
4
49
3
54
0
24
2
59
0
7
0
24
2
65
3
32
0
20
3
52
4
40
4
12
3
42
2
36
4
82
3
49
0
91
1
84
1
39
0
88
0
22
1
8
1
89
3
83
3
29
0
81
2
24
1
31
0
66
0
30
4
94
1
77
2
58
3
49
3
12
0
31
4
0
4
64
4
95
0
17
2
97
1
7
3
64
0
66
3
33
4
25
2
42
2
67
4
51
3
80
2
82
3
93
2
35
0
16
3
14
0
13
2
51
1
49
4
63
3
14
1
42
1
26
4
22
2
16
1
29
1
56
4
21
3
74
3
21
2
72
3
47
2
8
4
62
3
6
0
43
3
19
4
57
3
55
1
38
2
28
2
29
2
13
1
18
3
95
3
94
1
83
4
56
2
98
2
56
2
4
1
97
3
12
2
37
3
50
2
30
2
49
1
39
1
25
4
29
2
73
4
55
0
38
4
64
1
39
0
31
4
34
4
37
2
72
1
94
3
36
3
75
1
34
3
61
1
65
1
3
3
65
4
21
0
20
4
79
1
10
2
60
2
46
3
83
3
92
2
77
3
55
1
80
3
55
4
35
4
37
2
35
3
51
3
9
4
55
3
54
0
14
2
99
1
35
1
88
0
79
0
71
4
84
1
21
1
15
3
1
1
41
2
40
2
73
1
19
2
56
2
6
2
51
3
45
2
31
0
37
2
84
2
13
2
78
2
54
1
15
3
53
4
25
3
45
3
54
0
52
4
15
4
29
3
64
0
65
0
4
1
0
4
4
1
85
4
77
1
72
1
94
4
41
4
33
1
2
0
62
2
11
4
2
1
83
2
70
0
32
4
13
1
96
4
96
3
3
3
4
4
14
3
15
4
9
4
81
2
14
2
75
0
67
2
61
4
16
0
18
1
70
2
61
3
30
3
11
3
46
2
14
1
89
4
48
0
27
1
0
3
80
0
20
4
93
3
96
3
49
1
22
3
31
0
90
3
87
2
0
2
38
3
22
2
1
4
50
2
73
3
9
2
14
4
87
1
62
2
50
4
58
2
82
2
20
2
52
4
76
0
78
3
49
4
93
2
86
4
93
3
33
3
36
2
52
4
36
4
76
1
97
4
30
3
84
0
52
1
36
2
85
2
72
0
4
3
13
1
33
4
43
4
89
3
22
0
97
0
53
1
20
0
74
3
37
3
82
1
24
2
11
0
58
2
22
0
3
0
61
4
85
2
90
4
44
0
82
2
88
1
67
1
36
1
24
1
15
4
24
2
97
2
86
3
24
1
22
3
22
3
4
1
74
3
21
1
1
2
10
1
25
1
15
1
87
2
7
3
36
3
37
2
92
0
99
3
17
0
53
4
85
4
43
2
15
3
81
0
66
3
32
4
99
1
38
4
69
1
31
4
37
2
82
2
1
2
50
4
4
2
27
2
17
4
10
4
32
4
20
4
65
1
30
2
52
3
15
1
69
1
56
4
92
2
18
2
25
0
58
2
31
3
46
0
5
3
4
0
71
1
76
2
94
2
69
3
69
2
70
4
73
1
14
4
5
1
67
1
22
2
61
4
19
3
52
3
32
2
79
4
92
2
4
2
26
1
85
0
35
3
57
1
87
4
38
0
51
1
34
3
80
3
55
0
46
3
17
4
85
4
93
0
57
3
22
4
20
2
98
2
71
0
80
3
25
3
34
2
78
4
1
3
34
2
43
3
22
3
66
0
71
1
39
1
18
1
50
0
75
2
71
1
87
3
53
1
16
3
54
1
9
3
93
2
68
2
27
0
22
0
41
2
54
4
61
2
17
0
62
3
66
3
94
0
64
2
14
4
50
3
84
3
65
1
50
4
16
2
10
3
48
0
29
4
56
4
17
2
60
4
7
0
13
4
98
4
77
4
14
4
87
3
20
1
45
2
79
2
42
3
63
4
95
3
93
3
64
0
36
0
83
1
53
4
94
3
47
0
53
0
49
0
40
0
62
3
14
0
13
2
12
0
63
2
83
3
31
2
90
4
17
4
79
1
94
4
20
0
88
4
13
3
11
4
28
3
10
3
95
0
47
4
58
0
84
3
5
0
22
3
46
0
32
0
74
3
44
2
94
4
91
3
99
3
27
1
14
2
25
1
10
3
62
3
44
1
41
2
96
0
42
3
16
1
97
3
58
1
88
1
53
2
64
0
19
4
6
2
14
0
70
4
15
4
5
2
45
2
60
2
82
0
68
4
61
2
37
3
83
1
59
3
37
3
85
2
69
1
21
1
99
0
11
4
81
2
81
0
77
1
21
2
44
3
7
1
36
2
28
2
41
0
68
2
14
0
96
1
17
3
35
1
58
4
16
2
77
0
54
4
8
4
42
2
17
4
49
2
34
1
7
0
27
1
98
4
87
3
6
3
18
2
78
4
47
0
56
3
42
3
21
4
54
2
6
4
99
1
3
1
61
3
98
1
13
1
4
2
92
0
64
4
5
3
25
2
56
1
10
4
75
2
89
2
53
4
59
0
95
1
25
0
50
4
20
2
32
3
17
4
43
4
83
4
47
0
51
0
9
0
52
2
89
3
6
3
99
4
13
2
75
4
48
1
24
3
75
3
66
4
82
1
2
1
32
2
95
0
52
0
3
2
6
4
98
4
30
0
0
0
62
3
0
4
77
2
82
1
74
2
5
3
10
4
2
3
78
1
12
1
27
4
43
4
86
0
30
4
60
2
35
2
0
2
59
3
41
4
25
2
76
4
28
1
44
2
88
4
53
4
10
1
94
2
53
4
60
1
11
1
92
0
2
1
9
1
36
0
41
0
11
0
50
2
86
3
13
3
63
3
22
3
67
4
60
0
85
1
84
0
73
1
9
3
32
3
40
3
82
1
64
1
89
3
42
2
3
1
33
2
16
0
21
1
37
3
4
3
76
1
5
0
3
4
36
4
51
2
13
1
1
2
18
4
19
3
50
2
56
0
53
1
88
3
48
0
87
2
39
0
51
1
78
4
65
0
22
0
3
3
17
1
75
0
22
1
77
4
55
1
33
2
59
2
3
4
52
0
45
2
31
4
18
0
27
0
25
2
11
3
58
3
78
2
74
2
3
3
66
2
73
1
67
0
12
3
51
1
52
4
77
0
19
0
22
0
89
1
50
3
19
3
35
4
31
2
1
4
38
4
53
1
85
2
38
0
11
3
2
1
20
1
92
3
57
4
35
2
72
1
40
4
43
1
76
3
12
1
75
4
65
3
25
2
48
2
92
1
33
4
19
2
48
4
76
3
54
0
62
0
4
2
63
3
55
3
60
1
88
2
41
0
83
0
92
3
62
0
54
0
15
0
20
2
33
0
12
0
94
2
5
3
17
2
14
1
62
1
26
2
41
2
97
3
57
4
3
0
0
4
23
2
56
2
74
1
68
1
47
4
60
4
20
0
98
4
90
1
50
3
85
1
88
3
1
2
83
3
10
2
53
1
83
2
56
2
32
1
9
4
69
2
77
3
85
3
59
3
47
4
90
2
0
4
40
4
9
1
23
4
65
3
44
3
38
2
14
3
28
3
11
2
11
1
98
3
41
4
85
3
62
0
29
0
96
0
40
2
53
3
97
4
34
2
14
1
97
2
0
4
61
4
89
3
63
1
14
1
74
1
35
4
35
2
84
0
76
3
95
4
47
2
44
2
29
2
86
0
88
4
51
2
84
4
39
3
95
4
80
0
54
2
78
0
9
3
92
4
54
1
25
4
60
1
87
1
49
0
23
0
44
0
55
1
34
3
63
0
68
1
91
4
23
0
40
0
1
3
79
4
68
1
84
2
41
4
53
1
37
2
6
3
8
3
66
1
63
3
2
2
0
3
56
3
45
2
67
0
43
2
18
2
85
2
33
4
66
0
6
0
31
4
36
4
42
4
15
1
57
4
29
2
20
4
71
3
95
4
66
3
57
3
17
3
19
2
95
4
94
0
90
3
23
2
24
3
98
3
87
4
5
2
25
2
38
0
16
2
36
0
9
4
90
0
5
1
38
4
7
2
17
3
9
4
63
0
12
0
79
1
48
0
62
4
83
3
61
4
84
0
36
4
40
4
39
3
86
1
57
0
22
0
99
2
34
1
53
3
43
0
76
2
11
2
16
2
81
1
29
2
79
0
10
2
76
0
24
0
4
0
56
