7
88
8
30
6
68
7
27
6
9
4
89
6
48
4
59
5
54
4
49
8
40
5
7
5
48
5
69
5
39
7
99
7
77
8
90
5
17
7
89
5
59
5
29
6
49
8
90
8
18
8
48
8
30
8
37
6
69
8
49
5
95
5
69
8
50
6
75
5
29
7
98
6
19
6
55
7
56
4
89
8
17
5
84
7
44
0
60
5
96
8
80
8
30
6
99
6
19
4
39
7
75
8
15
7
59
5
19
6
49
4
29
6
89
5
75
5
49
8
99
8
35
8
25
8
70
6
34
6
29
8
90
5
19
5
13
8
49
4
35
8
80
4
79
6
19
4
19
8
87
8
29
8
28
5
95
4
57
8
50
7
58
4
28
6
59
4
9
4
28
6
69
7
36
0
20
7
56
7
44
8
16
7
46
6
39
8
86
7
49
4
95
5
88
5
39
4
89
4
26
5
9
5
89
7
87
7
29
4
85
6
24
5
35
4
69
0
30
8
98
5
79
6
59
7
49
7
16
4
35
7
4
8
68
8
99
4
19
6
99
5
9
7
68
4
69
7
37
8
29
6
46
6
69
8
55
6
84
6
86
7
97
6
39
4
19
7
18
4
17
6
55
5
49
8
67
7
18
5
46
5
29
8
26
6
19
5
29
5
59
8
25
7
78
7
25
6
76
7
49
6
9
8
66
7
9
4
47
7
19
8
60
7
59
5
39
6
29
6
29
6
17
5
19
7
99
7
98
5
87
8
60
6
99
6
59
6
8
5
99
7
16
6
39
6
54
5
34
6
49
5
39
5
29
8
30
6
77
8
59
4
39
8
68
5
39
4
35
8
38
8
40
6
76
5
98
7
39
7
79
5
38
7
65
5
69
5
7
7
69
8
25
0
20
8
80
4
14
5
64
6
49
7
87
7
96
6
79
7
59
4
84
7
59
8
39
8
40
6
39
7
55
7
9
8
59
7
58
4
18
6
99
5
39
5
89
4
79
4
75
8
84
5
25
5
15
7
5
5
45
5
44
6
77
5
19
6
59
6
9
6
55
7
49
6
35
4
39
6
88
6
17
6
79
6
58
5
19
7
57
8
29
7
49
7
58
4
56
8
19
8
30
7
68
4
69
4
8
4
4
8
8
5
89
8
80
5
76
5
98
8
45
8
37
5
6
4
66
6
15
8
6
5
87
5
74
4
36
8
17
5
99
8
99
7
7
7
8
8
18
7
19
8
10
8
85
6
18
6
79
4
69
6
65
8
20
4
19
4
74
6
65
6
34
7
15
7
49
6
18
5
89
8
50
4
29
4
4
6
84
0
20
8
97
7
99
7
49
5
26
7
35
0
90
7
89
5
4
6
39
7
26
6
5
7
54
6
77
7
9
6
18
8
90
5
66
5
54
8
60
6
86
5
24
6
56
8
80
4
79
7
49
8
97
6
89
8
97
7
37
7
39
6
56
8
40
8
80
5
99
7
34
7
84
4
56
5
39
6
89
6
76
4
8
7
17
5
37
8
47
8
90
7
26
4
99
4
57
4
24
4
78
3
39
7
86
5
28
6
15
4
59
6
26
4
7
4
65
8
89
5
94
8
48
4
86
6
89
5
69
5
39
5
28
5
19
8
28
6
99
6
89
7
28
5
26
7
26
7
8
5
78
7
25
5
5
5
14
5
29
5
19
5
89
6
9
7
39
7
39
6
96
4
99
7
19
4
57
8
89
8
47
6
19
7
85
4
69
7
36
8
98
1
39
8
70
5
35
4
39
6
82
6
5
5
54
8
8
6
29
6
19
7
14
8
36
7
24
8
69
4
34
6
56
7
19
5
69
5
59
8
96
6
19
6
29
4
59
6
35
7
49
4
9
7
8
4
75
5
79
6
98
6
69
7
69
5
74
8
73
5
18
8
5
5
69
5
26
6
65
8
20
7
56
7
36
6
79
4
96
6
8
6
26
5
89
4
35
7
59
5
89
8
40
4
55
5
38
6
84
7
59
4
49
7
19
8
89
8
97
0
59
7
26
7
24
6
99
6
75
0
80
7
29
7
38
6
79
8
5
7
34
6
47
7
26
7
69
4
75
5
39
5
19
4
54
4
79
6
75
5
89
7
57
5
19
7
58
5
9
7
97
6
69
6
29
4
26
4
45
6
58
8
65
6
19
4
66
7
69
7
98
4
68
6
18
7
54
7
88
7
69
4
51
8
20
5
14
7
49
4
29
8
60
8
20
5
64
8
10
4
17
8
99
8
80
8
18
8
90
6
24
5
49
6
79
6
46
7
67
8
99
7
97
7
68
4
39
4
87
5
57
8
98
7
49
4
57
4
49
0
40
4
66
7
18
4
17
6
16
4
67
6
87
7
35
5
94
8
20
8
80
5
98
7
24
4
89
8
17
7
11
8
30
1
14
7
99
4
49
8
60
4
88
7
9
4
26
7
49
4
36
4
78
7
48
6
98
8
95
7
99
7
29
5
18
6
29
4
14
7
66
7
48
5
45
6
99
4
46
7
19
5
99
7
59
5
89
5
57
6
68
4
19
8
10
6
14
0
70
8
19
8
9
6
49
5
64
6
86
1
69
8
65
6
39
7
87
5
59
7
39
7
89
6
69
5
25
5
99
4
15
8
85
6
85
4
79
5
25
6
48
7
9
5
39
6
29
6
45
4
69
6
18
4
99
5
19
7
39
5
59
4
19
6
79
4
58
8
10
8
46
6
19
8
50
6
38
5
9
4
29
5
99
8
90
7
9
7
19
6
79
8
50
4
59
7
46
7
25
8
58
6
9
8
99
5
3
5
65
7
99
5
17
5
8
6
96
4
68
8
9
7
29
6
59
4
14
8
79
6
89
6
57
8
60
4
99
5
29
0
50
7
24
6
36
7
19
8
47
4
87
8
50
4
55
4
9
4
56
6
89
7
9
7
99
8
17
6
79
8
50
5
28
7
79
7
69
8
86
5
6
5
36
6
99
4
56
4
7
6
6
8
99
7
34
0
0
4
66
6
4
8
80
6
86
5
78
6
9
6
14
8
6
7
79
5
16
5
29
8
47
8
90
0
30
7
64
6
39
5
4
2
59
7
45
8
29
6
79
8
30
5
48
6
89
8
53
7
14
5
98
6
57
7
64
5
15
5
96
4
6
1
9
5
39
4
45
4
15
0
50
6
89
7
17
7
67
7
26
7
69
7
64
4
89
5
88
4
77
5
9
7
36
6
44
7
86
5
68
1
89
7
46
6
7
5
37
6
19
4
21
5
39
7
8
7
76
5
5
4
3
8
40
8
55
6
17
5
5
6
19
8
20
6
54
2
59
4
57
5
89
7
48
4
89
6
39
4
55
5
79
8
69
4
26
1
7
7
19
5
79
4
26
5
79
8
59
5
37
6
59
6
7
8
56
4
49
6
35
8
20
4
29
4
29
6
15
7
59
7
79
6
78
6
7
7
69
6
77
5
69
4
16
7
55
5
56
8
80
4
19
4
26
4
89
4
54
7
19
7
39
8
35
6
5
8
40
8
57
5
89
6
39
4
15
7
6
4
24
5
96
7
59
8
39
6
76
4
44
8
43
5
79
7
16
5
79
8
69
7
29
6
49
6
96
5
37
8
20
6
49
8
80
7
58
4
66
4
8
6
67
7
59
6
64
5
89
6
45
4
87
4
96
7
66
4
58
4
19
0
20
6
37
4
16
4
98
6
9
7
19
6
18
5
66
5
26
6
45
6
97
3
59
8
7
0
0
8
27
6
56
6
78
5
69
5
47
7
64
7
24
4
99
7
94
1
54
7
85
5
89
7
5
6
87
6
14
6
57
5
87
6
56
6
36
5
9
8
70
6
79
7
89
7
59
7
49
7
94
5
4
7
44
8
10
5
23
8
69
7
48
7
39
6
18
7
29
7
15
6
15
5
99
7
45
8
89
7
66
4
29
4
99
0
40
6
57
7
99
8
38
6
18
5
99
5
4
8
65
8
90
7
67
5
18
1
78
5
39
8
39
6
88
4
79
3
95
8
50
6
44
6
29
6
89
4
89
8
55
6
88
8
40
7
99
7
84
4
58
6
79
4
9
7
96
8
58
5
29
7
64
5
89
5
49
4
27
4
48
4
59
5
38
7
67
0
68
5
95
4
27
0
40
4
5
7
79
8
70
5
88
6
45
8
57
5
39
6
9
7
9
3
69
5
67
7
6
2
4
7
59
7
49
6
69
4
43
6
19
6
89
6
37
8
70
4
9
4
35
8
40
8
46
8
19
5
59
8
30
5
24
8
75
7
99
8
70
7
57
7
19
7
19
6
99
8
98
0
90
7
27
2
28
7
99
7
89
8
9
6
29
6
39
4
19
6
39
4
9
7
94
4
9
5
39
8
10
6
19
7
9
8
67
4
16
4
79
5
49
4
66
8
87
7
65
8
88
4
39
7
44
8
40
7
89
5
59
4
26
0
99
6
38
5
57
7
47
4
79
6
15
6
19
6
85
5
28
6
79
0
10
6
79
4
28
4
4
0
59
