9
94
9
34
9
74
9
34
9
14
9
94
19
62
9
64
9
64
18
60
9
44
9
14
19
61
9
74
9
44
9
99
19
91
9
94
19
31
9
94
9
64
9
34
19
62
9
94
19
32
19
62
9
34
9
44
9
74
19
63
9
99
9
74
19
64
17
89
9
34
9
99
19
32
9
64
9
64
9
94
19
31
9
94
16
58
0
60
9
99
19
94
9
34
9
99
19
32
9
44
17
89
17
29
9
64
19
31
19
62
9
34
9
94
17
89
19
61
9
99
9
44
9
34
9
74
9
44
9
34
9
94
19
31
9
13
19
63
9
44
19
94
18
90
19
32
18
30
9
94
9
34
9
34
9
99
9
64
19
64
9
64
9
34
9
64
9
14
9
34
9
74
9
44
0
20
9
64
16
58
18
30
18
60
9
44
9
94
19
63
9
99
9
94
9
44
9
94
9
34
9
14
9
94
9
94
9
34
9
94
19
22
9
44
9
74
0
30
9
99
19
91
9
64
19
63
18
30
9
44
9
14
9
74
9
99
18
30
9
99
9
14
9
74
9
74
9
44
9
34
18
60
9
74
9
64
9
94
9
94
9
99
9
44
18
30
19
32
18
30
9
64
19
61
9
74
19
32
18
60
9
34
9
34
19
32
9
34
9
64
9
34
19
92
9
34
18
90
19
63
9
14
9
74
9
14
18
60
19
33
9
64
9
64
9
44
9
34
9
34
19
31
19
31
9
99
9
99
9
94
9
64
9
99
9
64
9
14
9
99
18
30
9
44
9
64
9
44
19
62
9
44
9
34
9
34
19
91
9
64
9
44
9
74
9
44
9
44
9
44
9
44
18
90
9
99
9
44
19
93
9
44
9
74
9
74
9
14
9
74
9
34
0
20
19
94
16
28
9
74
19
62
9
94
9
99
19
92
9
64
9
94
9
64
9
44
9
44
9
44
9
64
9
14
9
64
9
64
18
30
9
99
9
44
9
94
18
90
17
89
19
82
9
34
8
15
9
14
17
59
16
58
19
91
19
31
9
64
9
14
9
64
19
63
9
44
9
44
9
94
19
31
19
92
9
64
19
31
9
64
9
34
19
63
9
64
9
64
19
33
9
34
9
74
9
74
9
14
9
14
9
14
9
94
19
94
18
90
9
99
17
59
9
44
9
14
9
74
17
29
9
14
9
94
16
88
9
44
19
31
9
99
9
99
9
14
9
14
19
32
19
33
9
14
9
94
19
32
19
92
9
74
9
74
19
34
18
30
16
88
9
74
9
44
17
29
19
63
19
32
9
94
19
64
9
34
9
14
9
94
0
20
9
99
9
99
19
63
9
34
9
44
0
90
9
94
9
14
9
44
9
34
9
14
9
64
19
91
9
14
19
32
9
94
9
74
9
64
9
64
9
94
9
34
9
64
19
94
18
90
19
63
9
99
9
94
9
99
9
44
9
44
9
64
9
44
19
94
9
99
9
44
19
82
9
64
9
44
9
94
18
90
9
14
19
31
9
44
19
61
9
94
9
34
9
99
9
64
9
34
18
90
3
39
9
94
9
34
17
29
9
64
9
34
9
14
9
74
9
94
9
99
19
62
9
94
9
94
9
74
9
44
9
34
19
31
9
34
9
99
9
94
9
34
9
34
9
34
9
14
19
91
9
34
9
14
16
28
9
34
19
31
9
94
9
14
9
44
9
44
9
99
9
99
19
33
9
64
9
94
19
61
19
32
9
94
9
74
9
44
9
98
1
39
9
74
9
44
4
39
19
82
9
14
9
64
9
14
9
34
19
32
16
28
9
44
9
34
9
74
9
44
9
64
19
33
9
74
9
64
9
99
19
32
9
34
9
64
9
44
19
63
9
14
9
14
17
89
19
91
9
99
9
74
9
74
16
88
9
73
19
31
8
5
9
74
9
34
9
74
19
34
9
64
9
44
19
92
4
99
9
14
9
26
9
94
8
35
9
64
9
94
9
44
9
64
9
44
9
94
9
64
18
60
19
33
9
94
9
99
0
59
9
34
9
34
9
99
17
89
0
80
9
34
9
44
19
92
9
14
9
33
19
61
9
34
9
74
17
89
9
44
19
31
9
64
18
90
17
89
9
94
9
64
19
31
9
64
9
14
9
99
9
74
9
34
9
34
17
59
9
64
9
74
19
32
9
74
9
74
9
99
9
74
19
32
9
64
9
94
9
74
18
51
19
34
16
28
19
63
9
34
9
64
19
34
9
74
9
14
18
30
9
99
19
94
19
32
9
94
9
34
19
61
19
92
18
60
9
74
9
99
9
99
9
74
9
44
9
94
9
64
9
99
19
63
9
64
18
60
0
40
9
74
19
32
18
30
18
30
9
74
9
94
9
44
9
99
19
34
19
94
9
99
9
34
9
94
19
31
9
11
9
34
1
19
9
99
18
60
9
64
9
94
9
14
9
34
19
63
9
44
18
90
19
62
9
99
9
99
9
99
9
34
19
31
9
34
16
28
9
74
19
62
17
59
9
99
18
60
19
33
9
99
9
64
9
94
9
64
9
74
18
30
9
14
9
13
0
70
19
33
9
14
19
62
9
74
9
94
1
69
9
74
9
44
9
94
9
64
9
44
9
94
9
74
9
34
9
99
17
29
9
94
9
94
18
90
9
34
19
62
9
14
9
44
9
34
17
59
9
74
19
32
9
99
19
31
9
44
9
64
4
19
19
92
9
64
9
14
18
60
19
32
19
64
9
44
9
14
9
34
9
99
9
94
9
14
19
33
19
92
19
64
9
64
18
60
9
34
9
64
9
14
9
99
9
3
9
74
9
99
19
31
9
14
9
99
9
74
9
14
9
34
9
64
16
28
19
93
9
94
9
64
9
64
9
99
9
34
0
50
9
34
9
44
19
33
19
61
4
89
19
64
9
64
9
14
9
64
9
94
9
14
9
99
19
31
19
92
19
64
9
34
19
93
9
74
9
94
9
14
9
44
9
99
9
64
9
14
9
6
9
99
9
44
0
0
9
74
9
14
19
94
9
94
19
91
9
14
16
28
9
14
19
93
18
30
9
34
19
61
9
94
0
30
9
74
9
44
9
14
2
59
17
59
9
34
19
92
9
34
19
61
9
94
19
52
16
28
9
99
9
64
9
74
17
29
9
99
9
14
1
9
9
44
17
59
17
29
0
50
9
94
19
31
9
74
9
34
9
74
9
74
9
94
9
94
18
90
9
14
9
44
16
58
9
94
9
74
1
89
18
60
9
14
9
44
19
32
18
21
9
44
9
14
9
76
8
5
9
3
9
44
9
64
19
31
9
14
19
32
19
34
9
64
2
59
9
64
9
94
9
48
9
94
9
44
9
64
19
91
9
74
9
34
1
9
19
33
19
91
9
34
19
91
9
64
9
44
9
64
9
14
9
64
18
60
9
44
19
34
9
34
9
34
17
29
9
64
19
93
19
92
9
14
9
74
19
91
9
74
18
30
9
64
9
64
19
94
18
30
9
34
9
94
9
64
19
33
9
44
9
44
9
14
9
44
9
64
9
94
9
44
17
29
9
14
9
34
9
99
9
64
9
44
18
90
16
58
9
43
19
91
18
30
19
91
9
74
9
34
19
62
9
99
9
44
19
34
19
62
19
94
9
64
9
74
9
14
9
74
9
64
9
74
9
94
17
59
9
94
9
99
9
74
9
64
18
30
0
20
9
44
18
30
9
99
9
14
19
33
19
32
9
74
9
26
17
59
9
97
3
59
9
14
0
0
9
34
9
56
19
92
9
74
9
47
9
74
9
34
9
99
9
99
0
59
8
85
9
94
9
14
9
94
16
28
9
64
9
94
9
56
9
44
9
14
9
74
19
92
9
94
9
64
19
63
9
99
9
14
16
58
9
14
19
22
9
74
19
62
9
44
19
32
9
34
17
29
17
29
9
99
17
59
9
94
9
74
9
34
9
99
0
40
9
64
9
99
9
44
19
32
9
99
9
14
9
74
9
94
9
74
19
31
1
79
9
44
9
44
9
94
18
90
3
95
19
64
9
43
9
34
9
94
9
94
9
64
9
94
9
44
9
99
9
94
9
64
19
92
9
14
9
99
9
64
9
34
9
74
9
94
19
61
9
34
18
60
9
64
9
44
9
74
0
68
9
99
4
29
0
40
9
14
19
93
9
74
9
94
17
59
9
64
9
44
9
14
9
14
3
69
9
74
9
14
2
9
9
64
19
63
9
74
9
43
19
32
9
94
9
44
9
74
9
14
9
44
9
44
18
60
19
33
9
64
9
34
9
34
17
89
9
99
9
74
9
57
19
33
19
33
9
99
9
99
0
90
9
34
2
29
9
99
9
94
9
14
9
34
9
44
18
30
9
44
9
14
9
99
9
14
9
44
9
14
19
32
9
14
9
74
18
30
18
90
19
61
9
74
9
94
9
74
9
94
9
44
16
58
9
44
9
94
9
64
9
34
0
99
9
44
9
64
19
61
18
90
17
29
19
32
9
94
9
28
19
92
0
10
19
92
9
34
9
3
0
59
