9
94
9
34
9
74
9
34
9
14
9
94
14
56
9
64
9
62
12
54
9
44
9
14
13
55
9
74
9
44
9
99
13
85
9
94
13
25
9
94
9
64
9
34
14
56
9
94
14
26
14
56
9
34
9
44
9
74
15
57
9
99
9
74
16
58
11
83
9
34
9
99
14
26
9
63
9
64
9
94
13
25
9
92
10
52
0
60
9
99
16
88
9
34
9
99
14
26
9
44
11
83
11
23
9
64
13
25
14
56
9
34
9
94
11
83
13
55
9
99
9
43
9
33
9
74
9
42
9
34
9
94
13
25
9
13
15
57
9
43
16
88
12
84
14
26
12
24
9
94
9
34
9
34
9
99
9
64
16
58
9
64
9
34
9
64
9
14
9
34
9
74
9
44
0
20
9
64
10
52
12
24
12
54
9
44
9
94
15
57
9
99
9
94
9
44
9
94
9
34
9
14
9
94
9
94
9
34
9
93
14
22
9
43
9
74
0
30
9
99
13
85
9
64
15
57
12
24
9
43
9
12
9
74
9
99
12
24
9
99
9
14
9
74
9
74
9
44
9
34
12
54
9
74
9
63
9
92
9
94
9
99
9
44
12
24
14
26
12
24
9
63
13
55
9
74
14
26
12
54
9
34
9
34
14
26
9
34
9
64
9
33
14
86
9
33
12
84
15
57
9
14
9
74
9
14
12
54
15
27
9
64
9
64
9
44
9
34
9
34
13
25
13
25
9
99
9
99
9
94
9
64
9
99
9
64
9
14
9
99
12
24
9
44
9
62
9
42
14
56
9
44
9
34
9
34
13
85
9
64
9
44
9
74
9
44
9
43
9
44
9
44
12
84
9
99
9
44
15
87
9
44
9
73
9
74
9
14
9
74
9
33
0
20
16
88
10
22
9
72
14
56
9
94
9
99
14
86
9
64
9
92
9
64
9
44
9
44
9
44
9
63
9
14
9
64
9
64
12
24
9
99
9
44
9
94
12
84
11
83
16
82
9
33
8
15
9
13
11
53
10
52
13
85
13
25
9
64
9
14
9
63
15
57
9
43
9
44
9
94
13
25
14
86
9
64
13
25
9
64
9
34
15
57
9
64
9
64
15
27
9
34
9
74
9
74
9
14
9
12
9
14
9
94
16
88
12
84
9
99
11
53
9
44
9
14
9
74
11
23
9
14
9
94
10
82
9
44
13
25
9
99
9
99
9
14
9
14
14
26
15
27
9
14
9
93
14
26
14
86
9
74
9
73
16
28
12
24
10
82
9
73
9
42
11
23
15
57
14
26
9
94
16
58
9
34
9
12
9
92
0
20
9
99
9
99
15
57
9
34
9
43
0
90
9
94
9
12
9
44
9
34
9
13
9
62
13
85
9
14
14
26
9
94
9
74
9
62
9
64
9
94
9
32
9
64
16
88
12
84
15
57
9
99
9
94
9
99
9
44
9
44
9
64
9
44
16
88
9
99
9
42
15
82
9
64
9
44
9
94
12
84
9
14
13
25
9
44
13
55
9
94
9
34
9
99
9
64
9
32
12
84
3
39
9
94
9
34
11
23
9
64
9
34
9
14
9
73
9
94
9
99
14
56
9
94
9
94
9
74
9
44
9
34
13
25
9
34
9
99
9
94
9
34
9
34
9
34
9
14
13
85
9
33
9
13
10
22
9
34
13
25
9
94
9
14
9
44
9
44
9
99
9
99
15
27
9
64
9
94
13
55
14
26
9
93
9
74
9
44
9
98
1
39
9
74
9
43
4
39
14
82
9
13
9
62
9
14
9
34
14
26
10
22
9
44
9
32
9
74
9
42
9
64
15
27
9
74
9
64
9
99
14
26
9
34
9
64
9
43
15
57
9
14
9
14
11
83
13
85
9
99
9
74
9
74
10
82
9
73
13
25
8
5
9
74
9
34
9
73
16
28
9
64
9
44
14
86
4
99
9
14
9
26
9
94
8
35
9
64
9
94
9
44
9
63
9
44
9
92
9
64
12
54
15
27
9
94
9
99
0
59
9
34
9
32
9
99
11
83
0
80
9
34
9
44
14
86
9
13
9
33
13
55
9
34
9
74
11
83
9
44
13
25
9
62
12
84
11
83
9
94
9
64
13
25
9
64
9
14
9
99
9
74
9
34
9
34
11
53
9
64
9
73
14
26
9
74
9
74
9
99
9
74
14
26
9
62
9
94
9
74
12
51
16
28
10
22
15
57
9
34
9
64
16
28
9
72
9
14
12
24
9
99
16
88
14
26
9
94
9
32
13
55
14
86
12
54
9
74
9
99
9
99
9
74
9
44
9
94
9
64
9
99
15
57
9
64
12
54
0
40
9
74
14
26
12
24
12
24
9
74
9
94
9
43
9
99
16
28
16
88
9
99
9
32
9
94
13
25
9
11
9
34
1
19
9
99
12
54
9
64
9
94
9
14
9
34
15
57
9
44
12
84
14
56
9
99
9
99
9
99
9
34
13
25
9
34
10
22
9
74
14
56
11
53
9
99
12
54
15
27
9
99
9
64
9
94
9
64
9
74
12
24
9
14
9
13
0
70
15
27
9
14
14
56
9
72
9
94
1
69
9
73
9
44
9
94
9
64
9
44
9
94
9
74
9
33
9
99
11
23
9
93
9
93
12
84
9
33
14
56
9
14
9
44
9
34
11
53
9
74
14
26
9
99
13
25
9
44
9
64
4
19
14
86
9
64
9
14
12
54
14
26
16
58
9
44
9
14
9
34
9
99
9
94
9
14
15
27
14
86
16
58
9
64
12
54
9
33
9
64
9
14
9
99
9
3
9
73
9
99
13
25
9
14
9
99
9
74
9
14
9
34
9
64
10
22
15
87
9
94
9
64
9
64
9
99
9
34
0
50
9
32
9
44
15
27
13
55
4
89
16
58
9
63
9
14
9
64
9
94
9
14
9
99
13
25
14
86
16
58
9
34
15
87
9
74
9
94
9
14
9
44
9
99
9
64
9
14
9
6
9
99
9
42
0
0
9
74
9
12
16
88
9
94
13
85
9
14
10
22
9
14
15
87
12
24
9
34
13
55
9
94
0
30
9
72
9
44
9
12
2
59
11
53
9
34
14
86
9
34
13
55
9
94
16
52
10
22
9
99
9
64
9
72
11
23
9
99
9
14
1
9
9
44
11
53
11
23
0
50
9
94
13
25
9
74
9
34
9
74
9
72
9
94
9
94
12
84
9
14
9
44
10
52
9
94
9
74
1
89
12
54
9
14
9
44
14
26
12
21
9
44
9
14
9
76
8
5
9
3
9
44
9
63
13
25
9
13
14
26
16
28
9
62
2
59
9
64
9
94
9
48
9
94
9
44
9
63
13
85
9
74
9
34
1
9
15
27
13
85
9
34
13
85
9
64
9
44
9
64
9
14
9
64
12
54
9
43
16
28
9
34
9
34
11
23
9
64
15
87
14
86
9
14
9
74
13
85
9
74
12
24
9
63
9
64
16
88
12
24
9
34
9
94
9
62
15
27
9
44
9
43
9
13
9
44
9
64
9
94
9
44
11
23
9
14
9
32
9
99
9
64
9
44
12
84
10
52
9
43
13
85
12
24
13
85
9
74
9
34
14
56
9
99
9
44
16
28
14
56
16
88
9
64
9
74
9
14
9
74
9
64
9
72
9
94
11
53
9
94
9
99
9
74
9
64
12
24
0
20
9
44
12
24
9
99
9
14
15
27
14
26
9
74
9
26
11
53
9
97
3
59
9
14
0
0
9
34
9
56
14
86
9
74
9
47
9
72
9
32
9
99
9
99
0
59
8
85
9
94
9
13
9
94
10
22
9
64
9
94
9
56
9
44
9
14
9
74
14
86
9
94
9
64
15
57
9
99
9
12
10
52
9
14
13
22
9
74
14
56
9
44
14
26
9
34
11
23
11
23
9
99
11
53
9
94
9
74
9
34
9
99
0
40
9
64
9
99
9
44
14
26
9
99
9
12
9
73
9
94
9
74
13
25
1
79
9
44
9
44
9
94
12
84
3
95
16
58
9
43
9
34
9
94
9
94
9
63
9
94
9
44
9
99
9
92
9
64
14
86
9
14
9
99
9
64
9
34
9
72
9
94
13
55
9
34
12
54
9
64
9
44
9
74
0
68
9
99
4
29
0
40
9
13
15
87
9
74
9
94
11
53
9
64
9
44
9
14
9
14
3
69
9
74
9
14
2
9
9
64
15
57
9
74
9
43
14
26
9
94
9
44
9
74
9
14
9
43
9
44
12
54
15
27
9
64
9
34
9
32
11
83
9
99
9
74
9
57
15
27
15
27
9
99
9
99
0
90
9
34
2
29
9
99
9
94
9
14
9
34
9
44
12
24
9
44
9
14
9
99
9
14
9
44
9
14
14
26
9
14
9
74
12
24
12
84
13
55
9
74
9
94
9
73
9
94
9
44
10
52
9
44
9
94
9
64
9
34
0
99
9
44
9
64
13
55
12
84
11
23
14
26
9
93
9
28
14
86
0
10
14
86
9
34
9
3
0
59
