6
87
7
29
5
67
6
26
5
9
3
89
5
47
3
58
4
53
3
49
7
39
4
6
4
47
4
69
4
38
6
99
6
76
7
89
4
16
6
89
4
58
4
28
5
48
7
89
7
17
7
47
7
29
7
36
5
69
7
48
4
94
4
69
7
49
5
74
4
29
6
97
5
19
5
54
6
55
3
89
7
16
4
83
6
43
0
60
4
95
7
79
7
29
5
99
5
18
3
38
6
74
7
14
6
58
4
19
5
49
3
29
5
89
4
74
4
48
7
99
7
34
7
24
7
69
5
33
5
28
7
89
4
19
4
13
7
48
3
34
7
79
3
79
5
19
3
19
7
86
7
28
7
27
4
94
3
56
7
49
6
57
3
27
5
59
3
9
3
27
5
68
6
35
0
20
6
55
6
43
7
15
6
45
5
39
7
85
6
49
3
94
4
87
4
39
3
89
3
25
4
9
4
89
6
86
6
29
3
84
5
24
4
34
3
69
0
30
7
97
4
79
5
59
6
49
6
15
3
34
6
3
7
67
7
98
3
19
5
99
4
9
6
67
3
69
6
36
7
28
5
45
5
69
7
54
5
83
5
85
6
96
5
38
3
19
6
17
3
16
5
54
4
49
7
66
6
17
4
45
4
29
7
25
5
19
4
29
4
59
7
24
6
77
6
24
5
75
6
49
5
9
7
65
6
9
3
46
6
19
7
59
6
58
4
39
5
29
5
29
5
16
4
19
6
98
6
97
4
86
7
59
5
99
5
59
5
7
4
99
6
15
5
39
5
53
4
33
5
49
4
39
4
28
7
29
5
76
7
58
3
39
7
67
4
39
3
34
7
37
7
39
5
75
4
97
6
39
6
78
4
37
6
64
4
68
4
6
6
68
7
24
0
20
7
79
3
13
4
63
5
49
6
86
6
95
5
79
6
58
3
83
6
58
7
38
7
39
5
38
6
54
6
9
7
58
6
57
3
17
5
99
4
38
4
89
3
79
3
74
7
84
4
24
4
15
6
4
4
44
4
43
5
76
4
19
5
59
5
9
5
54
6
48
5
34
3
39
5
87
5
16
5
79
5
57
4
18
6
56
7
28
6
48
6
57
3
55
7
18
7
29
6
67
3
68
3
7
3
3
7
7
4
88
7
79
4
75
4
97
7
44
7
36
4
5
3
65
5
14
7
5
4
86
4
73
3
35
7
16
4
99
7
99
6
6
6
7
7
17
6
18
7
9
7
84
5
17
5
78
3
69
5
64
7
19
3
19
3
73
5
64
5
33
6
14
6
49
5
17
4
89
7
49
3
29
3
3
5
83
0
20
7
96
6
99
6
49
4
25
6
34
0
90
6
89
4
3
5
39
6
25
5
4
6
53
5
76
6
9
5
17
7
89
4
65
4
53
7
59
5
85
4
23
5
55
7
79
3
79
6
49
7
96
5
89
7
96
6
36
6
39
5
55
7
39
7
79
4
99
6
33
6
84
3
55
4
39
5
88
5
75
3
7
6
16
4
36
7
46
7
89
6
25
3
99
3
56
3
23
3
77
3
39
6
85
4
27
5
14
3
59
5
25
3
6
3
64
7
88
4
93
7
47
3
85
5
89
4
69
4
39
4
27
4
18
7
27
5
99
5
89
6
27
4
25
6
25
6
7
4
77
6
24
4
4
4
13
4
28
4
18
4
89
5
9
6
39
6
39
5
95
3
99
6
19
3
56
7
88
7
46
5
18
6
84
3
69
6
35
7
98
1
39
7
69
4
34
4
39
5
82
5
4
4
53
7
7
5
29
5
19
6
13
7
35
6
23
7
68
3
33
5
55
6
18
4
69
4
59
7
95
5
19
5
28
3
59
5
34
6
49
3
8
6
7
3
74
4
79
5
97
5
69
6
69
4
73
7
73
4
17
7
5
4
69
4
25
5
64
7
19
6
55
6
35
5
79
4
95
5
7
5
26
4
88
3
35
6
59
4
89
7
39
3
54
4
37
5
83
6
58
3
49
6
19
7
88
7
96
0
59
6
25
6
23
5
99
5
74
0
80
6
28
6
37
5
79
7
4
6
34
5
46
6
25
6
69
3
74
4
39
4
19
3
53
3
78
5
74
4
89
6
56
4
19
6
57
4
9
6
96
5
69
5
29
3
25
3
44
5
57
7
64
5
19
3
65
6
69
6
97
3
67
5
17
6
53
6
87
6
68
3
51
7
19
4
13
6
49
3
29
7
59
7
19
4
63
7
9
3
16
7
99
7
79
7
17
7
89
5
23
4
48
5
79
5
45
6
66
7
98
6
96
6
67
3
39
3
86
4
56
7
97
6
49
3
56
3
49
0
40
3
65
6
17
3
16
5
15
3
66
5
86
6
34
4
93
7
19
7
79
4
97
6
23
3
89
7
16
6
11
7
29
1
13
6
98
3
49
7
59
3
87
6
8
3
25
6
49
3
35
3
77
6
47
5
97
7
94
6
99
6
29
4
17
5
28
3
13
6
65
6
47
4
44
5
99
3
45
6
19
4
99
6
59
4
89
4
56
5
67
3
19
7
9
5
14
0
70
7
18
7
8
5
48
4
63
5
85
1
69
7
64
5
39
6
86
4
59
6
39
6
88
5
69
4
24
4
99
3
14
7
84
5
84
3
79
4
24
5
47
6
9
4
39
5
29
5
44
3
69
5
17
3
99
4
19
6
38
4
59
4
19
5
79
3
57
7
9
7
45
5
19
7
49
5
37
4
9
3
29
4
99
7
89
6
9
6
19
5
79
7
49
3
59
6
45
6
24
7
57
5
9
7
99
4
3
4
64
6
99
4
16
4
7
5
95
3
67
7
8
6
28
5
59
3
13
7
78
5
89
5
56
7
59
3
98
4
28
0
50
6
23
5
35
6
19
7
46
4
86
7
49
3
54
3
9
3
55
5
89
6
9
6
99
7
16
5
78
7
49
4
27
6
78
6
69
7
85
4
5
4
35
5
98
3
55
3
6
5
6
7
99
6
33
0
0
3
65
5
3
7
79
5
85
4
77
5
8
5
13
7
5
6
79
4
15
4
29
7
46
7
89
0
30
6
63
5
38
4
3
2
59
6
44
7
28
5
79
7
29
4
47
5
89
7
53
6
13
4
97
5
56
6
63
4
14
4
95
3
5
1
9
4
39
3
44
3
14
0
50
5
89
6
16
6
66
6
25
6
69
6
63
3
88
4
87
3
76
4
9
6
35
5
43
6
85
4
67
1
89
6
45
5
6
4
36
5
19
3
21
4
39
6
7
6
76
4
5
3
3
7
39
7
54
5
16
4
4
5
19
7
19
5
53
2
59
3
56
4
89
6
48
3
89
5
39
3
54
4
79
7
68
3
25
1
6
6
19
4
78
3
25
4
79
7
58
4
36
5
59
5
6
7
55
3
48
5
34
7
19
3
29
3
28
5
14
6
59
6
79
5
77
5
6
6
69
5
76
4
69
3
15
6
54
4
55
7
79
3
19
3
25
3
89
3
53
6
19
6
38
7
34
5
4
7
39
7
56
4
88
5
39
3
14
6
5
3
23
4
95
6
59
7
38
5
75
3
43
7
43
4
79
6
15
4
78
7
68
6
28
5
49
5
95
4
36
7
19
5
49
7
79
6
57
3
65
3
7
5
66
6
58
5
63
4
89
5
44
3
86
3
95
6
65
3
57
3
18
0
20
5
36
3
15
3
97
5
8
6
19
5
17
4
65
4
26
5
44
5
97
3
59
7
6
0
0
7
26
5
56
5
77
4
69
4
47
6
63
6
23
3
99
6
93
1
53
6
85
4
89
6
4
5
86
5
13
5
56
4
86
5
56
5
35
4
9
7
69
5
79
6
88
6
59
6
49
6
93
4
3
6
43
7
9
4
23
7
68
6
47
6
39
5
17
6
29
6
14
5
14
4
99
6
44
7
88
6
65
3
29
3
99
0
40
5
56
6
99
7
37
5
17
4
99
4
3
7
64
7
89
6
66
4
17
1
77
4
38
7
38
5
87
3
79
3
95
7
49
5
44
5
29
5
89
3
89
7
54
5
87
7
39
6
98
6
83
3
57
5
79
3
9
6
95
7
57
4
28
6
63
4
89
4
49
3
26
3
47
3
58
4
37
6
66
0
68
4
94
4
26
0
40
3
4
6
79
7
69
4
87
5
44
7
56
4
39
5
9
6
9
3
69
4
66
6
5
2
3
6
59
6
48
5
69
3
43
5
19
5
88
5
36
7
69
3
9
3
34
7
39
7
45
7
18
4
59
7
29
4
23
7
74
6
98
7
69
6
57
6
19
6
19
5
98
7
97
0
90
6
26
2
27
6
99
6
89
7
8
5
28
5
39
3
19
5
39
3
9
6
93
3
8
4
39
7
9
5
19
6
9
7
66
3
15
3
79
4
49
3
65
7
86
6
64
7
87
3
39
6
43
7
39
6
89
4
59
3
25
0
99
5
37
4
56
6
46
3
79
5
14
5
19
5
84
4
28
5
79
0
10
5
79
3
27
3
4
0
59
