9
94
9
34
9
74
9
34
9
14
9
94
16
58
9
64
9
64
14
56
9
44
9
14
15
57
9
74
9
44
9
99
15
87
9
94
15
27
9
94
9
64
9
34
16
58
9
94
16
28
16
58
9
34
9
44
9
74
17
59
9
99
9
74
18
60
13
85
9
34
9
99
16
28
9
64
9
64
9
94
15
27
9
94
12
54
0
60
9
99
18
90
9
34
9
99
16
28
9
44
13
85
13
25
9
64
15
27
16
58
9
34
9
94
13
85
15
57
9
99
9
44
9
34
9
74
9
44
9
34
9
94
15
27
9
13
17
59
9
44
18
90
14
86
16
28
14
26
9
94
9
34
9
34
9
99
9
64
18
60
9
64
9
34
9
64
9
14
9
34
9
74
9
44
0
20
9
64
12
54
14
26
14
56
9
44
9
94
17
59
9
99
9
94
9
44
9
94
9
34
9
14
9
94
9
94
9
34
9
94
16
22
9
44
9
74
0
30
9
99
15
87
9
64
17
59
14
26
9
44
9
14
9
74
9
99
14
26
9
99
9
14
9
74
9
74
9
44
9
34
14
56
9
74
9
64
9
94
9
94
9
99
9
44
14
26
16
28
14
26
9
64
15
57
9
74
16
28
14
56
9
34
9
34
16
28
9
34
9
64
9
34
16
88
9
34
14
86
17
59
9
14
9
74
9
14
14
56
17
29
9
64
9
64
9
44
9
34
9
34
15
27
15
27
9
99
9
99
9
94
9
64
9
99
9
64
9
14
9
99
14
26
9
44
9
64
9
44
16
58
9
44
9
34
9
34
15
87
9
64
9
44
9
74
9
44
9
44
9
44
9
44
14
86
9
99
9
44
17
89
9
44
9
74
9
74
9
14
9
74
9
34
0
20
18
90
12
24
9
74
16
58
9
94
9
99
16
88
9
64
9
94
9
64
9
44
9
44
9
44
9
64
9
14
9
64
9
64
14
26
9
99
9
44
9
94
14
86
13
85
18
82
9
34
8
15
9
14
13
55
12
54
15
87
15
27
9
64
9
14
9
64
17
59
9
44
9
44
9
94
15
27
16
88
9
64
15
27
9
64
9
34
17
59
9
64
9
64
17
29
9
34
9
74
9
74
9
14
9
14
9
14
9
94
18
90
14
86
9
99
13
55
9
44
9
14
9
74
13
25
9
14
9
94
12
84
9
44
15
27
9
99
9
99
9
14
9
14
16
28
17
29
9
14
9
94
16
28
16
88
9
74
9
74
18
30
14
26
12
84
9
74
9
44
13
25
17
59
16
28
9
94
18
60
9
34
9
14
9
94
0
20
9
99
9
99
17
59
9
34
9
44
0
90
9
94
9
14
9
44
9
34
9
14
9
64
15
87
9
14
16
28
9
94
9
74
9
64
9
64
9
94
9
34
9
64
18
90
14
86
17
59
9
99
9
94
9
99
9
44
9
44
9
64
9
44
18
90
9
99
9
44
17
82
9
64
9
44
9
94
14
86
9
14
15
27
9
44
15
57
9
94
9
34
9
99
9
64
9
34
14
86
3
39
9
94
9
34
13
25
9
64
9
34
9
14
9
74
9
94
9
99
16
58
9
94
9
94
9
74
9
44
9
34
15
27
9
34
9
99
9
94
9
34
9
34
9
34
9
14
15
87
9
34
9
14
12
24
9
34
15
27
9
94
9
14
9
44
9
44
9
99
9
99
17
29
9
64
9
94
15
57
16
28
9
94
9
74
9
44
9
98
1
39
9
74
9
44
4
39
16
82
9
14
9
64
9
14
9
34
16
28
12
24
9
44
9
34
9
74
9
44
9
64
17
29
9
74
9
64
9
99
16
28
9
34
9
64
9
44
17
59
9
14
9
14
13
85
15
87
9
99
9
74
9
74
12
84
9
73
15
27
8
5
9
74
9
34
9
74
18
30
9
64
9
44
16
88
4
99
9
14
9
26
9
94
8
35
9
64
9
94
9
44
9
64
9
44
9
94
9
64
14
56
17
29
9
94
9
99
0
59
9
34
9
34
9
99
13
85
0
80
9
34
9
44
16
88
9
14
9
33
15
57
9
34
9
74
13
85
9
44
15
27
9
64
14
86
13
85
9
94
9
64
15
27
9
64
9
14
9
99
9
74
9
34
9
34
13
55
9
64
9
74
16
28
9
74
9
74
9
99
9
74
16
28
9
64
9
94
9
74
14
51
18
30
12
24
17
59
9
34
9
64
18
30
9
74
9
14
14
26
9
99
18
90
16
28
9
94
9
34
15
57
16
88
14
56
9
74
9
99
9
99
9
74
9
44
9
94
9
64
9
99
17
59
9
64
14
56
0
40
9
74
16
28
14
26
14
26
9
74
9
94
9
44
9
99
18
30
18
90
9
99
9
34
9
94
15
27
9
11
9
34
1
19
9
99
14
56
9
64
9
94
9
14
9
34
17
59
9
44
14
86
16
58
9
99
9
99
9
99
9
34
15
27
9
34
12
24
9
74
16
58
13
55
9
99
14
56
17
29
9
99
9
64
9
94
9
64
9
74
14
26
9
14
9
13
0
70
17
29
9
14
16
58
9
74
9
94
1
69
9
74
9
44
9
94
9
64
9
44
9
94
9
74
9
34
9
99
13
25
9
94
9
94
14
86
9
34
16
58
9
14
9
44
9
34
13
55
9
74
16
28
9
99
15
27
9
44
9
64
4
19
16
88
9
64
9
14
14
56
16
28
18
60
9
44
9
14
9
34
9
99
9
94
9
14
17
29
16
88
18
60
9
64
14
56
9
34
9
64
9
14
9
99
9
3
9
74
9
99
15
27
9
14
9
99
9
74
9
14
9
34
9
64
12
24
17
89
9
94
9
64
9
64
9
99
9
34
0
50
9
34
9
44
17
29
15
57
4
89
18
60
9
64
9
14
9
64
9
94
9
14
9
99
15
27
16
88
18
60
9
34
17
89
9
74
9
94
9
14
9
44
9
99
9
64
9
14
9
6
9
99
9
44
0
0
9
74
9
14
18
90
9
94
15
87
9
14
12
24
9
14
17
89
14
26
9
34
15
57
9
94
0
30
9
74
9
44
9
14
2
59
13
55
9
34
16
88
9
34
15
57
9
94
18
52
12
24
9
99
9
64
9
74
13
25
9
99
9
14
1
9
9
44
13
55
13
25
0
50
9
94
15
27
9
74
9
34
9
74
9
74
9
94
9
94
14
86
9
14
9
44
12
54
9
94
9
74
1
89
14
56
9
14
9
44
16
28
14
21
9
44
9
14
9
76
8
5
9
3
9
44
9
64
15
27
9
14
16
28
18
30
9
64
2
59
9
64
9
94
9
48
9
94
9
44
9
64
15
87
9
74
9
34
1
9
17
29
15
87
9
34
15
87
9
64
9
44
9
64
9
14
9
64
14
56
9
44
18
30
9
34
9
34
13
25
9
64
17
89
16
88
9
14
9
74
15
87
9
74
14
26
9
64
9
64
18
90
14
26
9
34
9
94
9
64
17
29
9
44
9
44
9
14
9
44
9
64
9
94
9
44
13
25
9
14
9
34
9
99
9
64
9
44
14
86
12
54
9
43
15
87
14
26
15
87
9
74
9
34
16
58
9
99
9
44
18
30
16
58
18
90
9
64
9
74
9
14
9
74
9
64
9
74
9
94
13
55
9
94
9
99
9
74
9
64
14
26
0
20
9
44
14
26
9
99
9
14
17
29
16
28
9
74
9
26
13
55
9
97
3
59
9
14
0
0
9
34
9
56
16
88
9
74
9
47
9
74
9
34
9
99
9
99
0
59
8
85
9
94
9
14
9
94
12
24
9
64
9
94
9
56
9
44
9
14
9
74
16
88
9
94
9
64
17
59
9
99
9
14
12
54
9
14
15
22
9
74
16
58
9
44
16
28
9
34
13
25
13
25
9
99
13
55
9
94
9
74
9
34
9
99
0
40
9
64
9
99
9
44
16
28
9
99
9
14
9
74
9
94
9
74
15
27
1
79
9
44
9
44
9
94
14
86
3
95
18
60
9
43
9
34
9
94
9
94
9
64
9
94
9
44
9
99
9
94
9
64
16
88
9
14
9
99
9
64
9
34
9
74
9
94
15
57
9
34
14
56
9
64
9
44
9
74
0
68
9
99
4
29
0
40
9
14
17
89
9
74
9
94
13
55
9
64
9
44
9
14
9
14
3
69
9
74
9
14
2
9
9
64
17
59
9
74
9
43
16
28
9
94
9
44
9
74
9
14
9
44
9
44
14
56
17
29
9
64
9
34
9
34
13
85
9
99
9
74
9
57
17
29
17
29
9
99
9
99
0
90
9
34
2
29
9
99
9
94
9
14
9
34
9
44
14
26
9
44
9
14
9
99
9
14
9
44
9
14
16
28
9
14
9
74
14
26
14
86
15
57
9
74
9
94
9
74
9
94
9
44
12
54
9
44
9
94
9
64
9
34
0
99
9
44
9
64
15
57
14
86
13
25
16
28
9
94
9
28
16
88
0
10
16
88
9
34
9
3
0
59
