9
94
9
34
9
74
9
34
9
14
9
94
18
60
9
64
9
64
16
58
9
44
9
14
17
59
9
74
9
44
9
99
17
89
9
94
17
29
9
94
9
64
9
34
18
60
9
94
18
30
18
60
9
34
9
44
9
74
19
61
9
99
9
74
19
62
15
87
9
34
9
99
18
30
9
64
9
64
9
94
17
29
9
94
14
56
0
60
9
99
19
92
9
34
9
99
18
30
9
44
15
87
15
27
9
64
17
29
18
60
9
34
9
94
15
87
17
59
9
99
9
44
9
34
9
74
9
44
9
34
9
94
17
29
9
13
19
61
9
44
19
92
16
88
18
30
16
28
9
94
9
34
9
34
9
99
9
64
19
62
9
64
9
34
9
64
9
14
9
34
9
74
9
44
0
20
9
64
14
56
16
28
16
58
9
44
9
94
19
61
9
99
9
94
9
44
9
94
9
34
9
14
9
94
9
94
9
34
9
94
18
22
9
44
9
74
0
30
9
99
17
89
9
64
19
61
16
28
9
44
9
14
9
74
9
99
16
28
9
99
9
14
9
74
9
74
9
44
9
34
16
58
9
74
9
64
9
94
9
94
9
99
9
44
16
28
18
30
16
28
9
64
17
59
9
74
18
30
16
58
9
34
9
34
18
30
9
34
9
64
9
34
18
90
9
34
16
88
19
61
9
14
9
74
9
14
16
58
19
31
9
64
9
64
9
44
9
34
9
34
17
29
17
29
9
99
9
99
9
94
9
64
9
99
9
64
9
14
9
99
16
28
9
44
9
64
9
44
18
60
9
44
9
34
9
34
17
89
9
64
9
44
9
74
9
44
9
44
9
44
9
44
16
88
9
99
9
44
19
91
9
44
9
74
9
74
9
14
9
74
9
34
0
20
19
92
14
26
9
74
18
60
9
94
9
99
18
90
9
64
9
94
9
64
9
44
9
44
9
44
9
64
9
14
9
64
9
64
16
28
9
99
9
44
9
94
16
88
15
87
19
82
9
34
8
15
9
14
15
57
14
56
17
89
17
29
9
64
9
14
9
64
19
61
9
44
9
44
9
94
17
29
18
90
9
64
17
29
9
64
9
34
19
61
9
64
9
64
19
31
9
34
9
74
9
74
9
14
9
14
9
14
9
94
19
92
16
88
9
99
15
57
9
44
9
14
9
74
15
27
9
14
9
94
14
86
9
44
17
29
9
99
9
99
9
14
9
14
18
30
19
31
9
14
9
94
18
30
18
90
9
74
9
74
19
32
16
28
14
86
9
74
9
44
15
27
19
61
18
30
9
94
19
62
9
34
9
14
9
94
0
20
9
99
9
99
19
61
9
34
9
44
0
90
9
94
9
14
9
44
9
34
9
14
9
64
17
89
9
14
18
30
9
94
9
74
9
64
9
64
9
94
9
34
9
64
19
92
16
88
19
61
9
99
9
94
9
99
9
44
9
44
9
64
9
44
19
92
9
99
9
44
19
82
9
64
9
44
9
94
16
88
9
14
17
29
9
44
17
59
9
94
9
34
9
99
9
64
9
34
16
88
3
39
9
94
9
34
15
27
9
64
9
34
9
14
9
74
9
94
9
99
18
60
9
94
9
94
9
74
9
44
9
34
17
29
9
34
9
99
9
94
9
34
9
34
9
34
9
14
17
89
9
34
9
14
14
26
9
34
17
29
9
94
9
14
9
44
9
44
9
99
9
99
19
31
9
64
9
94
17
59
18
30
9
94
9
74
9
44
9
98
1
39
9
74
9
44
4
39
18
82
9
14
9
64
9
14
9
34
18
30
14
26
9
44
9
34
9
74
9
44
9
64
19
31
9
74
9
64
9
99
18
30
9
34
9
64
9
44
19
61
9
14
9
14
15
87
17
89
9
99
9
74
9
74
14
86
9
73
17
29
8
5
9
74
9
34
9
74
19
32
9
64
9
44
18
90
4
99
9
14
9
26
9
94
8
35
9
64
9
94
9
44
9
64
9
44
9
94
9
64
16
58
19
31
9
94
9
99
0
59
9
34
9
34
9
99
15
87
0
80
9
34
9
44
18
90
9
14
9
33
17
59
9
34
9
74
15
87
9
44
17
29
9
64
16
88
15
87
9
94
9
64
17
29
9
64
9
14
9
99
9
74
9
34
9
34
15
57
9
64
9
74
18
30
9
74
9
74
9
99
9
74
18
30
9
64
9
94
9
74
16
51
19
32
14
26
19
61
9
34
9
64
19
32
9
74
9
14
16
28
9
99
19
92
18
30
9
94
9
34
17
59
18
90
16
58
9
74
9
99
9
99
9
74
9
44
9
94
9
64
9
99
19
61
9
64
16
58
0
40
9
74
18
30
16
28
16
28
9
74
9
94
9
44
9
99
19
32
19
92
9
99
9
34
9
94
17
29
9
11
9
34
1
19
9
99
16
58
9
64
9
94
9
14
9
34
19
61
9
44
16
88
18
60
9
99
9
99
9
99
9
34
17
29
9
34
14
26
9
74
18
60
15
57
9
99
16
58
19
31
9
99
9
64
9
94
9
64
9
74
16
28
9
14
9
13
0
70
19
31
9
14
18
60
9
74
9
94
1
69
9
74
9
44
9
94
9
64
9
44
9
94
9
74
9
34
9
99
15
27
9
94
9
94
16
88
9
34
18
60
9
14
9
44
9
34
15
57
9
74
18
30
9
99
17
29
9
44
9
64
4
19
18
90
9
64
9
14
16
58
18
30
19
62
9
44
9
14
9
34
9
99
9
94
9
14
19
31
18
90
19
62
9
64
16
58
9
34
9
64
9
14
9
99
9
3
9
74
9
99
17
29
9
14
9
99
9
74
9
14
9
34
9
64
14
26
19
91
9
94
9
64
9
64
9
99
9
34
0
50
9
34
9
44
19
31
17
59
4
89
19
62
9
64
9
14
9
64
9
94
9
14
9
99
17
29
18
90
19
62
9
34
19
91
9
74
9
94
9
14
9
44
9
99
9
64
9
14
9
6
9
99
9
44
0
0
9
74
9
14
19
92
9
94
17
89
9
14
14
26
9
14
19
91
16
28
9
34
17
59
9
94
0
30
9
74
9
44
9
14
2
59
15
57
9
34
18
90
9
34
17
59
9
94
19
52
14
26
9
99
9
64
9
74
15
27
9
99
9
14
1
9
9
44
15
57
15
27
0
50
9
94
17
29
9
74
9
34
9
74
9
74
9
94
9
94
16
88
9
14
9
44
14
56
9
94
9
74
1
89
16
58
9
14
9
44
18
30
16
21
9
44
9
14
9
76
8
5
9
3
9
44
9
64
17
29
9
14
18
30
19
32
9
64
2
59
9
64
9
94
9
48
9
94
9
44
9
64
17
89
9
74
9
34
1
9
19
31
17
89
9
34
17
89
9
64
9
44
9
64
9
14
9
64
16
58
9
44
19
32
9
34
9
34
15
27
9
64
19
91
18
90
9
14
9
74
17
89
9
74
16
28
9
64
9
64
19
92
16
28
9
34
9
94
9
64
19
31
9
44
9
44
9
14
9
44
9
64
9
94
9
44
15
27
9
14
9
34
9
99
9
64
9
44
16
88
14
56
9
43
17
89
16
28
17
89
9
74
9
34
18
60
9
99
9
44
19
32
18
60
19
92
9
64
9
74
9
14
9
74
9
64
9
74
9
94
15
57
9
94
9
99
9
74
9
64
16
28
0
20
9
44
16
28
9
99
9
14
19
31
18
30
9
74
9
26
15
57
9
97
3
59
9
14
0
0
9
34
9
56
18
90
9
74
9
47
9
74
9
34
9
99
9
99
0
59
8
85
9
94
9
14
9
94
14
26
9
64
9
94
9
56
9
44
9
14
9
74
18
90
9
94
9
64
19
61
9
99
9
14
14
56
9
14
17
22
9
74
18
60
9
44
18
30
9
34
15
27
15
27
9
99
15
57
9
94
9
74
9
34
9
99
0
40
9
64
9
99
9
44
18
30
9
99
9
14
9
74
9
94
9
74
17
29
1
79
9
44
9
44
9
94
16
88
3
95
19
62
9
43
9
34
9
94
9
94
9
64
9
94
9
44
9
99
9
94
9
64
18
90
9
14
9
99
9
64
9
34
9
74
9
94
17
59
9
34
16
58
9
64
9
44
9
74
0
68
9
99
4
29
0
40
9
14
19
91
9
74
9
94
15
57
9
64
9
44
9
14
9
14
3
69
9
74
9
14
2
9
9
64
19
61
9
74
9
43
18
30
9
94
9
44
9
74
9
14
9
44
9
44
16
58
19
31
9
64
9
34
9
34
15
87
9
99
9
74
9
57
19
31
19
31
9
99
9
99
0
90
9
34
2
29
9
99
9
94
9
14
9
34
9
44
16
28
9
44
9
14
9
99
9
14
9
44
9
14
18
30
9
14
9
74
16
28
16
88
17
59
9
74
9
94
9
74
9
94
9
44
14
56
9
44
9
94
9
64
9
34
0
99
9
44
9
64
17
59
16
88
15
27
18
30
9
94
9
28
18
90
0
10
18
90
9
34
9
3
0
59
