7
47
8
90
9
11
5
87
9
31
9
31
6
55
8
25
6
29
7
99
8
96
8
30
5
85
8
28
8
80
9
41
8
36
6
46
6
89
8
60
8
99
9
18
5
65
6
87
5
36
9
68
6
8
5
88
5
29
9
20
7
69
9
27
6
39
8
59
9
21
6
29
9
19
7
69
7
39
5
89
6
49
8
48
8
36
6
19
5
39
5
45
7
9
5
67
7
36
5
89
5
56
9
97
8
70
9
89
9
17
8
99
9
41
5
56
6
39
6
88
7
69
9
31
8
20
8
60
8
57
9
61
8
87
7
9
6
59
8
6
8
65
7
55
7
67
5
99
7
66
9
21
7
6
9
71
9
29
8
46
6
59
9
97
5
76
7
7
8
47
6
96
7
48
9
41
9
61
6
35
9
51
5
6
6
79
8
99
9
99
8
70
7
49
5
18
5
15
6
19
8
88
6
39
9
51
8
36
6
15
9
81
9
77
5
99
9
27
8
6
5
39
8
90
6
78
6
85
5
45
7
75
8
20
5
26
9
21
7
49
8
20
9
99
7
69
6
69
7
29
2
40
7
39
7
57
7
19
7
49
5
89
7
19
5
59
7
7
9
31
8
85
8
87
6
98
6
39
7
29
9
89
6
39
7
56
9
61
6
25
9
11
5
9
5
59
8
40
7
16
6
19
5
35
7
39
7
19
7
67
5
99
8
80
8
99
6
89
7
69
6
46
0
40
6
87
7
95
6
79
7
89
9
11
7
29
9
81
6
29
6
19
5
59
8
96
5
99
7
75
6
79
9
41
7
39
9
31
8
90
6
59
6
49
5
19
9
61
6
49
6
96
7
9
8
50
9
99
5
48
6
45
5
87
7
79
8
28
7
45
8
99
5
39
5
89
9
49
9
48
8
79
5
39
5
39
5
37
8
76
0
10
6
79
7
89
6
25
9
48
6
99
8
47
5
45
7
26
6
49
5
9
7
35
5
95
5
89
8
99
7
49
5
29
6
5
8
80
7
89
7
39
8
6
6
78
8
87
8
80
5
59
5
28
8
97
9
67
8
60
8
10
8
6
8
77
6
8
8
30
6
15
9
29
6
45
9
26
5
59
5
65
8
60
5
67
7
98
6
97
7
29
7
39
8
77
5
48
8
28
7
75
8
76
7
28
6
19
5
69
8
66
9
11
6
9
9
98
6
69
6
48
8
27
8
40
5
19
5
9
7
9
7
39
6
89
5
25
7
67
9
61
6
89
8
50
9
39
7
28
8
86
8
89
8
46
6
99
8
40
6
8
6
29
2
15
6
99
9
61
7
42
8
98
8
70
7
19
6
29
6
19
8
79
7
96
5
99
6
29
0
90
5
17
5
69
9
70
8
50
5
95
5
49
8
46
5
98
7
79
9
60
7
99
6
5
6
39
8
61
7
69
8
20
7
38
4
40
5
79
8
30
5
6
8
39
8
10
0
20
5
9
7
25
0
20
6
9
8
80
7
96
7
75
6
99
7
79
8
50
9
51
5
29
5
85
5
15
7
9
8
9
0
80
9
69
9
51
7
79
1
99
7
79
8
57
6
78
7
19
8
95
8
9
8
20
7
59
6
89
8
36
7
15
5
49
9
88
6
69
5
78
8
30
8
76
9
19
5
15
6
39
8
60
8
10
7
48
5
75
6
28
8
56
7
59
7
49
9
68
7
49
9
11
9
81
7
59
5
96
6
9
7
58
9
49
6
6
7
29
9
51
0
0
9
77
9
31
6
99
9
28
6
11
6
89
0
64
6
8
3
28
9
38
9
7
9
91
5
69
5
57
9
28
7
49
7
49
9
80
9
20
8
76
6
19
6
39
7
69
9
41
5
99
0
30
8
80
6
49
8
97
5
39
7
19
6
69
8
99
6
89
9
9
7
69
5
26
8
60
9
57
6
19
5
99
4
19
8
95
6
19
5
69
9
7
6
29
8
48
8
50
7
99
9
21
8
18
7
18
7
69
7
55
9
10
6
56
7
99
9
7
5
9
8
79
7
29
7
37
6
88
5
49
6
89
5
98
8
47
8
35
7
18
8
75
8
99
7
19
7
89
8
3
1
47
5
48
7
49
9
81
5
45
9
99
7
17
4
40
6
39
6
99
5
79
8
55
9
38
9
40
5
89
6
86
7
16
5
8
7
59
6
89
9
80
5
26
8
40
6
28
7
29
5
35
9
78
6
19
9
21
6
29
8
40
7
16
6
29
7
39
5
19
5
56
7
29
5
9
6
88
5
98
6
6
5
97
6
9
8
25
6
79
5
39
5
39
7
99
9
11
7
27
5
99
7
37
8
22
6
39
5
56
7
77
9
61
5
36
6
99
5
39
5
59
6
89
9
99
7
69
7
9
7
79
8
18
8
70
6
9
7
79
8
30
5
25
7
77
7
86
8
80
9
71
9
80
7
76
6
69
5
49
6
81
9
71
8
96
8
79
7
8
6
69
5
56
6
16
6
9
6
15
9
50
5
99
7
98
6
89
7
55
6
49
5
9
0
40
5
49
5
9
8
99
9
78
7
87
6
79
6
89
8
60
7
89
6
89
9
38
7
88
0
0
5
9
5
9
9
69
5
18
0
0
0
59
7
59
5
49
8
95
8
89
9
79
5
7
6
17
5
89
7
45
5
79
9
37
5
57
5
66
8
99
8
90
8
96
7
18
8
38
6
39
8
80
6
85
8
65
7
59
9
11
9
61
7
19
5
58
0
30
8
76
8
26
8
69
7
26
8
95
5
29
4
66
5
79
5
89
6
46
7
87
6
37
7
19
9
48
5
11
9
60
6
9
6
29
5
29
9
99
8
20
0
10
8
49
7
9
5
89
6
49
6
79
7
75
7
9
8
86
6
87
5
39
9
26
6
98
8
50
8
90
5
67
6
19
6
99
8
50
9
91
5
59
6
9
6
18
5
19
5
79
6
59
5
3
7
89
7
48
8
80
7
19
7
49
6
25
5
69
9
99
7
16
6
89
6
99
5
87
6
26
6
68
6
48
5
97
8
99
8
89
9
69
9
61
7
19
7
47
5
9
6
89
8
70
8
99
6
89
7
79
5
78
0
10
8
96
7
19
8
60
7
9
7
89
8
7
7
9
8
60
8
90
7
99
7
39
7
9
8
25
6
75
7
68
8
66
7
5
6
85
8
99
6
19
6
57
7
9
5
39
8
46
8
13
0
4
8
22
8
7
9
58
0
84
8
95
5
19
8
66
7
99
8
50
5
37
9
8
7
49
6
19
6
19
5
69
8
80
7
9
8
20
4
85
6
9
5
59
6
85
6
89
9
99
9
21
9
7
9
67
8
77
9
51
8
46
6
29
6
55
4
47
5
29
5
79
1
27
6
29
9
96
8
70
1
41
8
80
9
81
5
99
6
69
8
99
8
86
7
78
6
59
7
99
9
99
9
11
8
36
9
8
8
87
6
59
8
99
8
5
7
89
7
39
2
48
9
99
6
66
8
90
4
87
8
26
8
90
8
46
6
76
7
18
7
39
6
99
5
55
8
60
6
38
6
39
7
77
7
29
8
37
6
19
8
40
6
9
7
19
8
58
8
16
7
86
6
48
8
16
7
59
5
47
8
30
5
66
8
8
7
9
7
59
6
9
8
10
3
59
8
90
5
77
9
21
9
91
7
57
5
29
0
90
5
49
5
79
7
89
9
41
9
49
5
29
5
9
9
61
5
19
9
89
5
59
0
84
7
89
8
79
9
68
9
99
5
38
7
19
6
17
0
30
5
29
8
86
5
59
5
19
9
89
7
29
5
39
3
86
6
17
5
9
5
49
7
59
7
65
6
49
8
40
8
48
8
1
9
21
7
99
7
18
6
96
7
75
7
49
6
39
6
59
0
60
8
75
5
25
7
46
9
21
7
96
7
99
8
50
8
80
8
96
5
39
5
21
9
31
8
25
8
87
5
86
9
7
9
18
8
17
8
19
7
19
5
36
0
30
5
49
8
40
5
19
5
39
8
90
7
56
5
57
6
9
7
49
0
10
7
75
8
41
8
56
7
29
5
39
6
48
7
19
1
59
5
19
6
97
8
20
7
19
6
28
6
68
6
69
6
28
8
60
0
90
9
11
5
37
8
99
9
74
7
69
9
51
9
99
8
9
8
66
1
0
5
25
8
59
7
47
5
19
8
50
8
79
7
59
5
88
7
99
5
21
8
67
6
15
7
37
5
49
5
29
8
50
7
6
9
78
8
70
5
99
9
61
8
66
6
46
7
28
5
49
9
9
5
1
8
50
9
60
5
9
8
90
9
61
9
77
6
9
6
39
6
9
5
17
6
66
5
79
5
29
0
0
8
16
9
78
6
49
1
99
5
69
7
59
7
49
9
79
8
90
8
39
9
40
7
85
7
59
8
30
4
19
8
89
9
99
5
9
7
98
6
75
5
29
6
71
4
30
5
79
5
76
5
19
6
99
9
57
7
95
8
80
8
66
5
27
6
99
5
99
5
8
7
59
8
70
8
70
