9
50
9
93
9
14
8
90
9
34
9
34
9
58
9
28
9
31
9
99
9
99
9
33
8
88
9
31
11
83
9
44
9
39
9
49
9
91
9
63
9
99
9
21
8
68
9
90
8
39
9
71
9
11
8
90
8
30
11
23
9
72
9
30
9
41
9
62
12
24
9
31
10
22
9
72
9
42
8
90
9
51
9
51
9
39
9
21
8
40
8
48
9
12
8
70
9
39
8
90
8
59
9
99
9
73
9
92
9
20
9
99
9
44
8
59
9
41
9
91
9
72
9
34
11
23
9
63
9
60
9
64
9
90
9
12
9
61
9
9
9
68
9
58
9
70
8
99
9
69
12
24
9
9
9
74
9
32
9
49
9
61
9
99
8
79
9
10
9
50
9
99
9
51
9
44
9
64
9
38
12
54
8
9
9
81
9
99
9
99
9
73
10
52
8
20
8
18
9
21
9
91
9
41
12
54
9
39
9
18
12
84
9
80
8
99
9
30
9
9
8
40
9
93
9
81
9
88
8
48
9
78
11
23
8
29
12
24
10
52
11
23
9
99
9
72
9
71
9
32
2
40
9
42
9
60
10
22
10
52
8
90
10
22
8
60
9
10
9
34
9
88
9
90
9
99
9
41
9
32
9
92
9
41
9
59
9
64
9
28
9
14
8
10
8
60
9
43
9
19
9
21
8
38
9
42
10
22
9
70
8
99
11
83
9
99
9
91
9
72
9
49
0
40
9
90
9
98
9
81
9
92
9
14
9
32
12
84
9
31
9
21
8
60
9
99
8
99
9
78
9
81
9
44
9
42
9
34
9
93
9
61
9
51
8
20
9
64
9
51
9
99
9
12
11
53
9
99
8
50
9
48
8
90
10
82
9
31
9
48
9
99
8
40
8
90
10
52
9
51
10
82
8
40
8
40
8
40
9
79
0
10
9
81
9
92
9
28
9
51
9
99
9
50
8
48
9
29
9
51
8
10
9
38
8
98
8
90
9
99
10
52
8
30
9
8
11
83
9
92
9
42
9
9
9
81
9
90
11
83
8
60
8
30
9
99
9
70
9
63
9
13
9
9
9
80
9
11
9
33
9
18
9
32
9
48
9
26
8
60
8
68
9
63
8
70
9
99
9
99
9
32
9
42
9
80
8
50
9
31
9
78
9
79
9
31
9
21
8
70
9
69
9
14
9
11
9
99
9
71
9
51
9
30
9
43
8
20
8
10
9
12
9
42
9
91
8
28
9
70
9
64
9
91
11
53
9
42
9
31
9
89
9
92
9
49
9
99
9
43
9
11
9
31
2
18
9
99
9
64
9
42
9
99
9
73
10
22
9
31
9
21
10
82
9
99
8
99
9
31
0
90
8
20
8
70
9
73
11
53
8
95
8
50
9
49
8
99
10
82
9
63
9
99
9
8
9
41
9
61
9
72
11
23
9
41
4
40
8
80
9
33
8
9
9
42
9
13
0
20
8
10
9
28
0
20
9
11
11
83
9
99
9
78
9
99
10
82
11
53
12
54
8
30
8
88
8
18
9
12
9
12
0
80
9
72
12
54
10
82
1
99
10
82
9
60
9
78
10
22
8
95
9
12
11
23
9
62
9
91
9
39
9
18
8
50
9
91
9
71
8
80
9
33
9
79
10
22
8
18
9
41
9
63
9
13
9
51
8
78
9
31
9
59
9
62
10
52
9
71
10
52
9
14
12
84
9
62
8
99
9
11
9
61
10
52
9
9
9
32
12
54
0
0
9
80
9
34
9
99
9
31
9
9
9
91
0
64
9
11
3
29
9
41
9
10
9
94
8
70
8
60
9
31
10
52
10
52
11
83
11
23
9
79
9
21
9
41
9
72
9
44
8
99
0
30
11
83
9
51
9
99
8
40
10
22
9
71
9
99
9
91
9
12
9
72
8
29
9
63
9
60
9
21
8
99
4
19
9
98
9
21
8
70
9
10
9
31
9
51
11
53
9
99
12
24
9
18
9
21
9
72
9
58
9
13
9
59
9
99
9
10
8
10
10
82
9
32
9
40
9
91
8
50
9
91
8
99
9
50
9
38
9
21
9
78
9
99
10
22
9
92
9
3
1
49
8
50
10
52
12
84
8
48
9
99
9
20
4
40
9
41
9
99
8
80
9
58
9
41
9
43
8
90
9
89
9
19
8
10
9
62
9
91
11
83
8
29
9
43
9
31
9
32
8
38
9
81
9
21
12
24
9
31
9
43
9
19
9
31
9
42
8
20
8
59
9
32
8
10
9
91
8
98
9
9
8
99
9
11
9
28
9
81
8
40
8
40
9
99
9
14
9
30
8
99
9
40
11
22
9
41
8
59
9
80
9
64
8
39
9
99
8
40
8
60
9
91
9
99
9
72
9
12
10
82
9
21
9
73
9
11
10
82
9
33
8
28
9
80
9
89
11
83
9
74
11
83
9
79
9
71
8
50
9
81
9
71
9
99
10
82
9
11
9
71
8
59
9
19
9
11
9
18
11
53
8
99
9
98
9
91
9
58
9
51
8
10
0
40
8
50
8
10
9
99
9
81
9
90
9
81
9
91
9
63
9
92
9
91
9
41
9
91
0
0
8
10
8
10
9
72
8
20
0
0
0
59
9
62
8
50
9
98
9
92
10
82
8
10
9
20
8
90
9
48
8
80
9
40
8
60
8
66
9
99
9
93
9
99
9
21
9
38
9
41
11
83
9
88
9
68
9
62
9
14
9
64
10
22
8
60
0
30
9
79
9
29
9
72
9
29
9
98
8
30
4
69
8
80
8
90
9
49
9
90
9
37
10
22
9
48
8
11
9
63
9
11
9
31
8
30
9
99
11
23
0
10
10
52
9
12
8
90
9
51
9
81
9
78
9
12
9
89
9
90
8
40
9
26
9
99
11
53
9
93
8
70
9
21
9
99
11
53
9
94
8
60
9
11
9
21
8
20
8
80
9
61
8
3
9
92
9
48
11
83
10
22
10
52
9
28
8
70
9
99
9
19
9
91
9
99
8
90
9
29
9
71
9
51
8
99
9
99
9
92
9
72
9
64
10
22
9
50
8
10
9
91
9
73
9
99
9
91
10
82
8
80
0
10
9
99
10
22
9
63
9
12
9
92
9
10
9
12
9
63
9
93
9
99
9
42
9
12
9
28
9
78
9
71
9
69
9
8
9
88
9
99
9
21
9
60
9
12
8
40
9
49
9
13
0
4
11
22
9
7
9
61
0
84
9
98
8
20
9
69
9
99
11
53
8
40
9
11
10
52
9
21
9
21
8
70
11
83
9
12
11
23
4
88
9
11
8
60
9
88
9
91
9
99
12
24
9
10
9
70
9
80
12
54
9
49
9
31
9
58
4
49
8
30
8
80
1
29
9
31
9
96
9
73
1
41
11
83
12
84
8
99
9
71
9
99
9
89
9
81
9
61
9
99
9
99
9
14
9
39
9
11
9
90
9
61
9
99
8
5
9
92
9
42
2
48
9
99
9
69
9
93
4
89
9
29
9
93
9
49
9
79
9
21
9
42
9
99
8
58
9
63
9
41
9
41
9
80
9
32
9
40
9
21
9
43
9
11
10
22
9
61
9
19
9
89
9
51
9
19
9
62
8
50
9
33
8
69
9
11
9
12
9
62
9
11
9
13
3
59
9
93
8
80
12
24
9
94
9
60
8
30
0
90
8
50
8
80
9
92
9
44
10
52
8
30
8
10
9
64
8
20
9
92
8
60
0
84
9
92
10
82
9
71
9
99
8
40
10
22
9
20
0
30
8
30
9
89
8
60
8
20
9
92
9
32
8
40
3
89
9
20
8
10
8
50
9
61
9
68
9
51
9
43
9
51
9
1
12
24
9
99
9
21
9
99
9
78
10
52
9
41
9
61
0
60
9
78
8
28
9
49
12
24
9
99
9
99
11
53
11
83
9
99
8
40
8
21
9
34
9
28
9
90
8
89
9
10
9
21
9
20
10
22
10
22
8
39
0
30
8
50
9
43
8
20
8
40
9
93
9
59
8
57
9
11
10
52
0
10
9
78
9
41
9
59
9
32
8
40
9
51
10
22
1
59
8
20
9
99
11
23
10
22
9
31
9
71
9
71
9
31
9
63
0
90
9
14
8
40
9
99
9
74
9
72
12
54
9
99
9
9
9
69
1
0
8
28
9
59
9
50
8
20
11
53
10
82
9
62
8
90
9
99
8
21
9
70
9
18
9
40
8
50
8
30
11
53
9
9
9
81
9
73
8
99
9
64
9
69
9
49
9
31
8
50
9
12
8
1
11
53
9
63
8
10
9
93
9
61
9
80
9
11
9
41
9
11
8
20
9
69
8
80
8
30
0
0
9
19
9
81
9
51
1
99
8
70
9
62
10
52
10
82
9
93
9
42
9
43
9
88
9
62
9
33
4
19
9
92
9
99
8
10
9
99
9
78
8
30
9
69
4
30
8
80
8
79
8
20
9
99
9
60
9
98
11
83
9
69
8
30
9
99
8
99
8
8
9
62
9
73
9
73
