18
60
9
94
9
14
9
94
9
34
9
34
9
64
9
34
9
34
9
99
9
99
9
34
9
94
9
34
19
93
9
44
9
44
17
59
9
94
9
64
9
99
19
31
9
74
9
94
9
44
9
74
9
14
9
94
9
34
19
33
9
74
9
34
9
44
9
64
19
34
9
34
19
32
9
74
9
44
9
94
19
61
19
61
9
44
19
31
9
44
16
58
9
14
9
74
9
44
9
94
9
64
9
99
9
74
9
94
18
30
9
99
9
44
9
64
9
44
9
94
9
74
9
34
19
33
9
64
9
64
9
64
9
94
9
14
9
64
9
14
9
74
9
64
9
74
9
99
9
74
19
34
9
14
9
74
9
34
17
59
9
64
9
99
17
89
9
14
18
60
9
99
19
61
9
44
9
64
9
44
19
64
9
14
19
91
9
99
9
99
9
74
19
62
18
30
16
28
19
31
9
94
9
44
19
64
9
44
16
28
19
94
18
90
9
99
9
34
9
14
9
44
9
94
19
91
9
94
16
58
16
88
19
33
9
34
19
34
19
62
19
33
9
99
9
74
9
74
9
34
2
40
9
44
9
64
19
32
19
62
9
94
19
32
9
64
9
14
9
34
9
94
9
94
9
99
9
44
9
34
9
94
9
44
9
64
9
64
9
34
9
14
9
14
9
64
9
44
17
29
19
31
9
44
9
44
19
32
9
74
9
99
19
93
9
99
9
94
9
74
17
59
0
40
9
94
9
99
19
91
9
94
9
14
9
34
19
94
9
34
19
31
9
64
9
99
9
99
16
88
19
91
9
44
9
44
9
34
9
94
9
64
19
61
18
30
9
64
19
61
9
99
9
14
19
63
9
99
18
60
16
58
9
94
19
92
9
34
16
58
9
99
9
44
9
94
19
62
19
61
19
92
9
44
9
44
9
44
17
89
0
10
19
91
9
94
9
34
19
61
9
99
18
60
16
58
9
34
19
61
9
14
9
44
9
99
9
94
9
99
19
62
9
34
9
14
19
93
9
94
9
44
9
14
19
91
9
94
19
93
9
64
9
34
9
99
9
74
9
64
9
14
9
14
18
90
9
14
9
34
16
28
9
34
16
58
9
26
9
64
9
74
9
64
9
74
9
99
9
99
9
34
9
44
18
90
18
60
9
34
16
88
17
89
9
34
19
31
9
74
9
74
9
14
9
14
9
99
9
74
19
61
9
34
9
44
18
30
9
14
9
14
9
44
9
94
9
34
9
74
9
64
9
94
19
63
9
44
9
34
9
94
9
94
17
59
9
99
9
44
9
14
9
34
2
19
9
99
9
64
9
42
9
99
9
74
19
32
9
34
19
31
19
92
9
99
9
99
9
34
0
90
18
30
9
74
9
74
19
63
8
95
18
60
17
59
9
99
19
92
9
64
9
99
9
14
9
44
9
61
9
74
19
33
9
44
4
40
18
90
9
34
9
14
9
44
9
14
0
20
9
14
9
34
0
20
9
14
19
93
9
99
16
88
9
99
19
92
19
63
19
64
9
34
9
94
16
28
9
14
9
14
0
80
9
74
19
64
19
92
1
99
19
92
9
64
9
78
19
32
8
95
9
14
19
33
9
64
9
94
9
44
16
28
18
60
9
94
9
74
18
90
9
34
17
89
19
32
16
28
9
44
9
64
9
14
19
61
16
88
9
34
9
64
9
64
19
62
9
74
19
62
9
14
19
94
9
64
9
99
9
14
9
64
19
62
9
14
9
34
19
64
0
0
18
90
9
34
9
99
9
34
9
6
9
94
0
64
9
14
3
29
9
44
9
14
9
94
9
74
9
64
9
34
19
62
19
62
19
93
19
33
17
89
19
31
9
44
9
74
9
44
9
99
0
30
19
93
19
61
9
99
9
44
19
32
9
74
9
99
9
94
9
14
9
74
9
34
9
64
9
64
19
31
9
99
4
19
9
99
19
31
9
74
9
14
9
34
19
61
19
63
9
99
19
34
9
18
19
31
9
74
9
64
9
14
9
64
9
99
9
14
9
14
19
92
9
34
9
44
9
94
18
60
9
94
9
99
18
60
9
44
19
31
16
88
9
99
19
32
9
94
9
3
1
49
18
60
19
62
19
94
16
58
9
99
18
30
4
40
9
44
9
99
18
90
9
64
9
44
9
44
9
94
9
94
17
29
9
14
9
64
9
94
19
93
9
34
9
44
9
34
9
34
9
44
19
91
19
31
19
34
9
34
9
44
17
29
9
34
9
44
18
30
9
64
9
34
9
14
9
94
9
98
9
14
9
99
9
14
9
34
19
91
9
44
9
44
9
99
9
14
9
34
9
99
9
44
19
22
9
44
9
64
18
90
9
64
9
44
9
99
9
44
9
64
9
94
9
99
9
74
9
14
19
92
19
31
9
74
9
14
19
92
9
34
9
34
18
90
9
94
19
93
9
74
19
93
17
89
9
74
18
60
19
81
9
71
9
99
19
92
9
14
9
74
9
64
17
29
9
14
16
28
19
63
9
99
9
98
9
94
9
64
19
61
9
14
0
40
18
60
9
14
9
99
19
91
9
94
19
91
9
94
9
64
9
94
9
94
9
44
9
94
0
0
9
14
9
14
9
74
18
30
0
0
0
59
9
64
18
60
9
99
9
94
19
92
9
14
18
30
9
94
16
58
18
90
9
44
9
64
9
66
9
99
9
94
9
99
19
31
9
38
9
44
19
93
9
94
9
74
9
64
9
14
9
64
19
32
9
64
0
30
17
89
9
34
9
74
9
34
9
99
9
34
4
69
18
90
9
94
17
59
9
94
9
37
19
32
9
48
9
11
9
64
9
14
9
34
9
34
9
99
19
33
0
10
19
62
9
14
9
94
19
61
19
91
16
88
9
14
9
94
9
94
9
44
9
26
9
99
19
63
9
94
9
74
19
31
9
99
19
63
9
94
9
64
9
14
19
31
18
30
18
90
9
64
9
3
9
94
9
48
19
93
19
32
19
62
9
34
9
74
9
99
17
29
9
94
9
99
9
94
9
34
9
74
19
61
9
99
9
99
9
94
9
74
9
64
19
32
18
60
9
14
9
94
9
74
9
99
9
94
19
92
18
90
0
10
9
99
19
32
9
64
9
14
9
94
9
14
9
14
9
64
9
94
9
99
9
44
9
14
9
34
16
88
9
74
9
74
9
14
9
94
9
99
19
31
9
64
9
14
9
44
17
59
9
13
0
4
19
22
9
7
9
64
0
84
9
99
18
30
9
74
9
99
19
63
9
44
9
14
19
62
19
31
19
31
9
74
19
93
9
14
19
33
4
89
9
14
9
64
9
94
9
94
9
99
19
34
9
14
9
74
18
90
19
64
17
59
9
34
9
64
4
49
9
34
18
90
1
29
9
34
9
96
9
74
1
41
19
93
19
94
9
99
9
74
9
99
9
94
19
91
9
64
9
99
9
99
9
14
9
44
9
14
9
94
9
64
9
99
8
5
9
94
9
44
2
48
9
99
9
74
9
94
4
89
9
34
9
94
17
59
17
89
19
31
9
44
9
99
9
64
9
64
9
44
9
44
18
90
9
34
9
44
19
31
9
44
9
14
19
32
9
64
17
29
9
94
19
61
17
29
9
64
18
60
9
34
9
74
9
14
9
14
9
64
9
14
9
14
3
59
9
94
18
90
19
34
9
94
9
64
9
34
0
90
18
60
18
90
9
94
9
44
19
62
9
34
9
14
9
64
18
30
9
94
9
64
0
84
9
94
19
92
9
74
9
99
9
44
19
32
18
30
0
30
9
34
9
94
9
64
18
30
9
94
9
34
9
44
3
89
18
30
9
14
18
60
9
64
9
74
19
61
9
44
19
61
9
1
19
34
9
99
19
31
9
99
16
88
19
62
9
44
9
64
0
60
16
88
9
34
17
59
19
34
9
99
9
99
19
63
19
93
9
99
9
44
18
21
9
34
9
34
9
94
9
94
9
14
19
31
18
30
19
32
19
32
9
44
0
30
18
60
9
44
18
30
9
44
9
94
9
64
9
57
9
14
19
62
0
10
16
88
9
41
9
64
9
34
9
44
19
61
19
32
1
59
18
30
9
99
19
33
19
32
9
34
9
74
9
74
9
34
9
64
0
90
9
14
9
44
9
99
9
74
9
74
19
64
9
99
9
9
9
74
1
0
9
34
9
59
18
60
18
30
19
63
19
92
9
64
9
94
9
99
18
21
9
74
16
28
9
44
18
60
9
34
19
63
9
14
19
91
9
74
9
99
9
64
9
74
17
59
9
34
18
60
9
14
9
1
19
63
9
64
9
14
9
94
9
61
18
90
9
14
9
44
9
14
18
30
9
74
18
90
9
34
0
0
17
29
19
91
19
61
1
99
9
74
9
64
19
62
19
92
9
94
9
44
9
44
9
94
9
64
9
34
4
19
9
94
9
99
9
14
9
99
16
88
9
34
9
66
4
30
18
90
17
89
18
30
9
99
9
64
9
99
19
93
9
74
9
34
9
99
9
99
9
8
9
64
9
74
9
74
