19
61
9
94
9
14
9
94
9
34
9
34
9
64
9
34
9
34
9
99
9
99
9
34
9
94
9
34
19
94
9
44
9
44
18
60
9
94
9
64
9
99
19
32
9
74
9
94
9
44
9
74
9
14
9
94
9
34
19
34
9
74
9
34
9
44
9
64
19
34
9
34
19
33
9
74
9
44
9
94
19
62
19
62
9
44
19
32
9
44
17
59
9
14
9
74
9
44
9
94
9
64
9
99
9
74
9
94
19
31
9
99
9
44
9
64
9
44
9
94
9
74
9
34
19
34
9
64
9
64
9
64
9
94
9
14
9
64
9
14
9
74
9
64
9
74
9
99
9
74
19
34
9
14
9
74
9
34
18
60
9
64
9
99
18
90
9
14
19
61
9
99
19
62
9
44
9
64
9
44
19
64
9
14
19
92
9
99
9
99
9
74
19
63
19
31
17
29
19
32
9
94
9
44
19
64
9
44
17
29
19
94
19
91
9
99
9
34
9
14
9
44
9
94
19
92
9
94
17
59
17
89
19
34
9
34
19
34
19
63
19
34
9
99
9
74
9
74
9
34
2
40
9
44
9
64
19
33
19
63
9
94
19
33
9
64
9
14
9
34
9
94
9
94
9
99
9
44
9
34
9
94
9
44
9
64
9
64
9
34
9
14
9
14
9
64
9
44
18
30
19
32
9
44
9
44
19
33
9
74
9
99
19
94
9
99
9
94
9
74
18
60
0
40
9
94
9
99
19
92
9
94
9
14
9
34
19
94
9
34
19
32
9
64
9
99
9
99
17
89
19
92
9
44
9
44
9
34
9
94
9
64
19
62
19
31
9
64
19
62
9
99
9
14
19
64
9
99
19
61
17
59
9
94
19
93
9
34
17
59
9
99
9
44
9
94
19
63
19
62
19
93
9
44
9
44
9
44
18
90
0
10
19
92
9
94
9
34
19
62
9
99
19
61
17
59
9
34
19
62
9
14
9
44
9
99
9
94
9
99
19
63
9
34
9
14
19
94
9
94
9
44
9
14
19
92
9
94
19
94
9
64
9
34
9
99
9
74
9
64
9
14
9
14
19
91
9
14
9
34
17
29
9
34
17
59
9
26
9
64
9
74
9
64
9
74
9
99
9
99
9
34
9
44
19
91
19
61
9
34
17
89
18
90
9
34
19
32
9
74
9
74
9
14
9
14
9
99
9
74
19
62
9
34
9
44
19
31
9
14
9
14
9
44
9
94
9
34
9
74
9
64
9
94
19
64
9
44
9
34
9
94
9
94
18
60
9
99
9
44
9
14
9
34
2
19
9
99
9
64
9
42
9
99
9
74
19
33
9
34
19
32
19
93
9
99
9
99
9
34
0
90
19
31
9
74
9
74
19
64
8
95
19
61
18
60
9
99
19
93
9
64
9
99
9
14
9
44
9
61
9
74
19
34
9
44
4
40
19
91
9
34
9
14
9
44
9
14
0
20
9
14
9
34
0
20
9
14
19
94
9
99
17
89
9
99
19
93
19
64
19
64
9
34
9
94
17
29
9
14
9
14
0
80
9
74
19
64
19
93
1
99
19
93
9
64
9
78
19
33
8
95
9
14
19
34
9
64
9
94
9
44
17
29
19
61
9
94
9
74
19
91
9
34
18
90
19
33
17
29
9
44
9
64
9
14
19
62
17
89
9
34
9
64
9
64
19
63
9
74
19
63
9
14
19
94
9
64
9
99
9
14
9
64
19
63
9
14
9
34
19
64
0
0
19
91
9
34
9
99
9
34
9
6
9
94
0
64
9
14
3
29
9
44
9
14
9
94
9
74
9
64
9
34
19
63
19
63
19
94
19
34
18
90
19
32
9
44
9
74
9
44
9
99
0
30
19
94
19
62
9
99
9
44
19
33
9
74
9
99
9
94
9
14
9
74
9
34
9
64
9
64
19
32
9
99
4
19
9
99
19
32
9
74
9
14
9
34
19
62
19
64
9
99
19
34
9
18
19
32
9
74
9
64
9
14
9
64
9
99
9
14
9
14
19
93
9
34
9
44
9
94
19
61
9
94
9
99
19
61
9
44
19
32
17
89
9
99
19
33
9
94
9
3
1
49
19
61
19
63
19
94
17
59
9
99
19
31
4
40
9
44
9
99
19
91
9
64
9
44
9
44
9
94
9
94
18
30
9
14
9
64
9
94
19
94
9
34
9
44
9
34
9
34
9
44
19
92
19
32
19
34
9
34
9
44
18
30
9
34
9
44
19
31
9
64
9
34
9
14
9
94
9
98
9
14
9
99
9
14
9
34
19
92
9
44
9
44
9
99
9
14
9
34
9
99
9
44
19
22
9
44
9
64
19
91
9
64
9
44
9
99
9
44
9
64
9
94
9
99
9
74
9
14
19
93
19
32
9
74
9
14
19
93
9
34
9
34
19
91
9
94
19
94
9
74
19
94
18
90
9
74
19
61
19
81
9
71
9
99
19
93
9
14
9
74
9
64
18
30
9
14
17
29
19
64
9
99
9
98
9
94
9
64
19
62
9
14
0
40
19
61
9
14
9
99
19
92
9
94
19
92
9
94
9
64
9
94
9
94
9
44
9
94
0
0
9
14
9
14
9
74
19
31
0
0
0
59
9
64
19
61
9
99
9
94
19
93
9
14
19
31
9
94
17
59
19
91
9
44
9
64
9
66
9
99
9
94
9
99
19
32
9
38
9
44
19
94
9
94
9
74
9
64
9
14
9
64
19
33
9
64
0
30
18
90
9
34
9
74
9
34
9
99
9
34
4
69
19
91
9
94
18
60
9
94
9
37
19
33
9
48
9
11
9
64
9
14
9
34
9
34
9
99
19
34
0
10
19
63
9
14
9
94
19
62
19
92
17
89
9
14
9
94
9
94
9
44
9
26
9
99
19
64
9
94
9
74
19
32
9
99
19
64
9
94
9
64
9
14
19
32
19
31
19
91
9
64
9
3
9
94
9
48
19
94
19
33
19
63
9
34
9
74
9
99
18
30
9
94
9
99
9
94
9
34
9
74
19
62
9
99
9
99
9
94
9
74
9
64
19
33
19
61
9
14
9
94
9
74
9
99
9
94
19
93
19
91
0
10
9
99
19
33
9
64
9
14
9
94
9
14
9
14
9
64
9
94
9
99
9
44
9
14
9
34
17
89
9
74
9
74
9
14
9
94
9
99
19
32
9
64
9
14
9
44
18
60
9
13
0
4
19
22
9
7
9
64
0
84
9
99
19
31
9
74
9
99
19
64
9
44
9
14
19
63
19
32
19
32
9
74
19
94
9
14
19
34
4
89
9
14
9
64
9
94
9
94
9
99
19
34
9
14
9
74
19
91
19
64
18
60
9
34
9
64
4
49
9
34
19
91
1
29
9
34
9
96
9
74
1
41
19
94
19
94
9
99
9
74
9
99
9
94
19
92
9
64
9
99
9
99
9
14
9
44
9
14
9
94
9
64
9
99
8
5
9
94
9
44
2
48
9
99
9
74
9
94
4
89
9
34
9
94
18
60
18
90
19
32
9
44
9
99
9
64
9
64
9
44
9
44
19
91
9
34
9
44
19
32
9
44
9
14
19
33
9
64
18
30
9
94
19
62
18
30
9
64
19
61
9
34
9
74
9
14
9
14
9
64
9
14
9
14
3
59
9
94
19
91
19
34
9
94
9
64
9
34
0
90
19
61
19
91
9
94
9
44
19
63
9
34
9
14
9
64
19
31
9
94
9
64
0
84
9
94
19
93
9
74
9
99
9
44
19
33
19
31
0
30
9
34
9
94
9
64
19
31
9
94
9
34
9
44
3
89
19
31
9
14
19
61
9
64
9
74
19
62
9
44
19
62
9
1
19
34
9
99
19
32
9
99
17
89
19
63
9
44
9
64
0
60
17
89
9
34
18
60
19
34
9
99
9
99
19
64
19
94
9
99
9
44
19
21
9
34
9
34
9
94
9
94
9
14
19
32
19
31
19
33
19
33
9
44
0
30
19
61
9
44
19
31
9
44
9
94
9
64
9
57
9
14
19
63
0
10
17
89
9
41
9
64
9
34
9
44
19
62
19
33
1
59
19
31
9
99
19
34
19
33
9
34
9
74
9
74
9
34
9
64
0
90
9
14
9
44
9
99
9
74
9
74
19
64
9
99
9
9
9
74
1
0
9
34
9
59
19
61
19
31
19
64
19
93
9
64
9
94
9
99
19
21
9
74
17
29
9
44
19
61
9
34
19
64
9
14
19
92
9
74
9
99
9
64
9
74
18
60
9
34
19
61
9
14
9
1
19
64
9
64
9
14
9
94
9
61
19
91
9
14
9
44
9
14
19
31
9
74
19
91
9
34
0
0
18
30
19
92
19
62
1
99
9
74
9
64
19
63
19
93
9
94
9
44
9
44
9
94
9
64
9
34
4
19
9
94
9
99
9
14
9
99
17
89
9
34
9
66
4
30
19
91
18
90
19
31
9
99
9
64
9
99
19
94
9
74
9
34
9
99
9
99
9
8
9
64
9
74
9
74
