12
54
9
94
9
14
9
94
9
34
9
34
9
62
9
32
9
34
9
99
9
99
9
34
9
92
9
34
15
87
9
44
9
43
11
53
9
94
9
64
9
99
13
25
9
72
9
94
9
43
9
74
9
14
9
94
9
34
15
27
9
74
9
34
9
44
9
64
16
28
9
34
14
26
9
74
9
44
9
94
13
55
13
55
9
43
13
25
9
44
10
52
9
14
9
74
9
43
9
94
9
63
9
99
9
74
9
94
12
24
9
99
9
44
9
63
9
44
9
94
9
74
9
34
15
27
9
64
9
64
9
64
9
94
9
14
9
64
9
13
9
72
9
62
9
74
9
99
9
73
16
28
9
13
9
74
9
34
11
53
9
64
9
99
11
83
9
14
12
54
9
99
13
55
9
44
9
64
9
42
16
58
9
13
13
85
9
99
9
99
9
74
14
56
12
24
10
22
13
25
9
94
9
44
16
58
9
43
10
22
16
88
12
84
9
99
9
34
9
13
9
44
9
94
13
85
9
92
10
52
10
82
15
27
9
33
16
28
14
56
15
27
9
99
9
74
9
74
9
34
2
40
9
44
9
64
14
26
14
56
9
94
14
26
9
64
9
14
9
34
9
92
9
94
9
99
9
44
9
34
9
94
9
44
9
63
9
64
9
32
9
14
9
14
9
64
9
44
11
23
13
25
9
42
9
44
14
26
9
74
9
99
15
87
9
99
9
94
9
74
11
53
0
40
9
94
9
99
13
85
9
94
9
14
9
34
16
88
9
34
13
25
9
64
9
99
9
99
10
82
13
85
9
44
9
44
9
34
9
94
9
64
13
55
12
24
9
64
13
55
9
99
9
14
15
57
9
99
12
54
10
52
9
94
14
86
9
34
10
52
9
99
9
44
9
94
14
56
13
55
14
86
9
44
9
44
9
44
11
83
0
10
13
85
9
94
9
32
13
55
9
99
12
54
10
52
9
33
13
55
9
14
9
42
9
99
9
94
9
99
14
56
9
34
9
12
15
87
9
94
9
44
9
13
13
85
9
94
15
87
9
64
9
34
9
99
9
74
9
64
9
14
9
13
12
84
9
14
9
34
10
22
9
34
10
52
9
26
9
64
9
72
9
64
9
74
9
99
9
99
9
34
9
44
12
84
12
54
9
34
10
82
11
83
9
34
13
25
9
74
9
73
9
14
9
14
9
99
9
74
13
55
9
34
9
44
12
24
9
14
9
14
9
44
9
94
9
32
9
74
9
64
9
94
15
57
9
44
9
34
9
93
9
94
11
53
9
99
9
44
9
14
9
34
2
19
9
99
9
64
9
42
9
99
9
74
14
26
9
34
13
25
14
86
9
99
9
99
9
34
0
90
12
24
9
74
9
74
15
57
8
95
12
54
11
53
9
99
14
86
9
64
9
99
9
12
9
44
9
61
9
74
15
27
9
44
4
40
12
84
9
34
9
13
9
44
9
14
0
20
9
14
9
32
0
20
9
14
15
87
9
99
10
82
9
99
14
86
15
57
16
58
9
34
9
92
10
22
9
14
9
14
0
80
9
74
16
58
14
86
1
99
14
86
9
64
9
78
14
26
8
95
9
14
15
27
9
64
9
94
9
43
10
22
12
54
9
94
9
74
12
84
9
34
11
83
14
26
10
22
9
44
9
64
9
14
13
55
10
82
9
34
9
63
9
64
14
56
9
74
14
56
9
14
16
88
9
64
9
99
9
14
9
64
14
56
9
13
9
34
16
58
0
0
12
84
9
34
9
99
9
34
9
6
9
94
0
64
9
14
3
29
9
44
9
14
9
94
9
74
9
64
9
34
14
56
14
56
15
87
15
27
11
83
13
25
9
44
9
74
9
44
9
99
0
30
15
87
13
55
9
99
9
44
14
26
9
74
9
99
9
94
9
14
9
74
9
33
9
64
9
64
13
25
9
99
4
19
9
99
13
25
9
74
9
14
9
34
13
55
15
57
9
99
16
28
9
18
13
25
9
74
9
62
9
14
9
63
9
99
9
14
9
14
14
86
9
34
9
44
9
94
12
54
9
94
9
99
12
54
9
42
13
25
10
82
9
99
14
26
9
94
9
3
1
49
12
54
14
56
16
88
10
52
9
99
12
24
4
40
9
44
9
99
12
84
9
62
9
44
9
44
9
94
9
93
11
23
9
14
9
64
9
94
15
87
9
33
9
44
9
34
9
34
9
42
13
85
13
25
16
28
9
34
9
44
11
23
9
34
9
44
12
24
9
63
9
34
9
14
9
94
9
98
9
13
9
99
9
14
9
32
13
85
9
44
9
44
9
99
9
14
9
34
9
99
9
44
15
22
9
44
9
63
12
84
9
64
9
43
9
99
9
44
9
64
9
94
9
99
9
74
9
14
14
86
13
25
9
74
9
14
14
86
9
34
9
32
12
84
9
93
15
87
9
74
15
87
11
83
9
74
12
54
13
81
9
71
9
99
14
86
9
14
9
74
9
63
11
23
9
14
10
22
15
57
9
99
9
98
9
94
9
62
13
55
9
14
0
40
12
54
9
14
9
99
13
85
9
94
13
85
9
94
9
64
9
94
9
94
9
44
9
94
0
0
9
14
9
14
9
74
12
24
0
0
0
59
9
64
12
54
9
99
9
94
14
86
9
14
12
24
9
94
10
52
12
84
9
44
9
64
9
66
9
99
9
94
9
99
13
25
9
38
9
44
15
87
9
92
9
72
9
64
9
14
9
64
14
26
9
64
0
30
11
83
9
33
9
74
9
33
9
99
9
34
4
69
12
84
9
94
11
53
9
94
9
37
14
26
9
48
9
11
9
64
9
14
9
34
9
34
9
99
15
27
0
10
14
56
9
14
9
94
13
55
13
85
10
82
9
14
9
93
9
94
9
44
9
26
9
99
15
57
9
94
9
74
13
25
9
99
15
57
9
94
9
64
9
14
13
25
12
24
12
84
9
64
9
3
9
94
9
48
15
87
14
26
14
56
9
32
9
74
9
99
11
23
9
94
9
99
9
94
9
33
9
74
13
55
9
99
9
99
9
94
9
74
9
64
14
26
12
54
9
14
9
94
9
74
9
99
9
94
14
86
12
84
0
10
9
99
14
26
9
64
9
14
9
94
9
14
9
14
9
64
9
94
9
99
9
44
9
14
9
32
10
82
9
74
9
73
9
12
9
92
9
99
13
25
9
64
9
14
9
44
11
53
9
13
0
4
15
22
9
7
9
64
0
84
9
99
12
24
9
73
9
99
15
57
9
44
9
14
14
56
13
25
13
25
9
74
15
87
9
14
15
27
4
89
9
14
9
64
9
92
9
94
9
99
16
28
9
14
9
74
12
84
16
58
11
53
9
34
9
62
4
49
9
34
12
84
1
29
9
34
9
96
9
74
1
41
15
87
16
88
9
99
9
74
9
99
9
93
13
85
9
64
9
99
9
99
9
14
9
43
9
14
9
94
9
64
9
99
8
5
9
94
9
44
2
48
9
99
9
73
9
94
4
89
9
33
9
94
11
53
11
83
13
25
9
44
9
99
9
62
9
64
9
44
9
44
12
84
9
34
9
44
13
25
9
44
9
14
14
26
9
64
11
23
9
93
13
55
11
23
9
64
12
54
9
34
9
73
9
14
9
14
9
64
9
14
9
14
3
59
9
94
12
84
16
28
9
94
9
64
9
34
0
90
12
54
12
84
9
94
9
44
14
56
9
34
9
14
9
64
12
24
9
94
9
64
0
84
9
94
14
86
9
74
9
99
9
44
14
26
12
24
0
30
9
34
9
93
9
64
12
24
9
94
9
34
9
44
3
89
12
24
9
14
12
54
9
64
9
72
13
55
9
44
13
55
9
1
16
28
9
99
13
25
9
99
10
82
14
56
9
44
9
64
0
60
10
82
9
32
11
53
16
28
9
99
9
99
15
57
15
87
9
99
9
44
12
21
9
34
9
32
9
94
9
93
9
14
13
25
12
24
14
26
14
26
9
43
0
30
12
54
9
44
12
24
9
44
9
94
9
63
9
57
9
14
14
56
0
10
10
82
9
41
9
63
9
34
9
44
13
55
14
26
1
59
12
24
9
99
15
27
14
26
9
34
9
74
9
74
9
34
9
64
0
90
9
14
9
44
9
99
9
74
9
74
16
58
9
99
9
9
9
73
1
0
9
32
9
59
12
54
12
24
15
57
14
86
9
64
9
94
9
99
12
21
9
74
10
22
9
44
12
54
9
34
15
57
9
13
13
85
9
74
9
99
9
64
9
73
11
53
9
34
12
54
9
14
9
1
15
57
9
64
9
14
9
94
9
61
12
84
9
14
9
44
9
14
12
24
9
73
12
84
9
34
0
0
11
23
13
85
13
55
1
99
9
74
9
64
14
56
14
86
9
94
9
44
9
44
9
92
9
64
9
34
4
19
9
94
9
99
9
14
9
99
10
82
9
34
9
66
4
30
12
84
11
83
12
24
9
99
9
64
9
99
15
87
9
73
9
34
9
99
9
99
9
8
9
64
9
74
9
74
