5
45
6
88
7
9
3
85
7
29
7
29
4
53
6
23
4
27
5
99
6
94
6
29
3
83
6
26
6
78
7
39
7
34
4
44
4
89
6
59
6
97
7
16
3
63
4
85
3
34
7
66
4
6
3
86
3
29
7
18
5
67
7
25
4
39
6
57
7
19
4
28
7
17
5
69
5
37
3
89
4
49
6
46
7
34
4
19
3
39
3
43
5
9
3
65
5
34
3
89
3
54
7
95
6
69
7
87
7
15
6
97
7
39
3
54
4
39
4
86
5
69
7
29
6
19
6
58
6
55
7
59
6
85
5
9
4
57
6
4
6
63
5
53
5
65
3
99
5
64
7
19
5
4
7
69
7
27
7
44
4
57
7
95
3
74
5
5
6
45
4
94
5
46
7
39
7
59
4
33
7
49
3
4
4
77
6
99
7
99
6
69
5
48
3
16
3
13
4
19
6
86
4
39
7
49
6
34
4
13
7
79
7
75
3
99
7
25
7
4
3
39
6
89
4
76
4
83
3
43
5
73
6
19
3
24
7
19
5
49
6
19
7
99
5
69
4
69
5
27
2
40
5
38
5
55
5
18
5
49
3
89
5
19
3
57
5
5
7
29
6
83
6
85
4
96
4
39
5
29
7
87
4
39
5
54
7
59
4
23
7
9
3
9
3
59
6
38
5
14
4
19
3
33
5
39
5
19
5
65
3
98
6
78
6
99
4
88
5
69
4
44
0
40
4
85
5
93
4
77
5
89
7
9
5
28
7
79
4
29
4
19
3
59
7
94
3
99
5
73
4
79
7
39
5
39
7
29
6
89
4
59
4
49
3
17
7
59
4
49
4
94
5
9
6
49
7
98
3
46
4
43
3
85
5
79
6
26
5
43
6
99
3
39
3
89
7
47
7
46
6
77
3
39
3
39
3
35
7
74
0
10
4
79
5
88
4
23
7
46
4
99
6
45
3
43
5
24
4
49
3
9
5
33
3
93
3
89
6
99
5
49
3
29
4
3
6
79
5
89
5
39
6
4
4
76
6
85
6
79
3
59
3
26
6
95
7
65
6
59
6
9
6
4
6
75
4
6
6
29
4
13
7
27
4
43
7
26
3
59
3
63
6
59
3
65
5
96
4
95
5
28
5
37
6
75
3
46
6
26
5
73
6
74
5
26
4
19
3
69
7
64
7
9
4
7
7
96
4
69
4
46
6
25
6
38
3
19
3
7
5
9
5
39
4
89
3
23
5
65
7
59
4
89
6
49
7
37
5
26
7
84
6
87
6
44
4
97
6
39
4
6
4
29
2
13
4
99
7
59
5
42
6
96
6
69
5
18
4
27
4
19
6
77
5
94
3
97
4
28
0
90
3
15
3
69
7
68
6
49
3
95
3
48
6
44
3
96
5
78
7
58
5
99
4
3
4
39
6
61
5
69
6
19
5
36
4
40
3
79
6
29
3
4
6
37
6
9
0
20
3
9
5
23
0
20
4
7
6
79
5
94
5
73
4
99
5
79
6
49
7
49
3
27
3
83
3
13
5
9
6
7
0
80
7
67
7
49
5
79
1
99
5
79
6
55
4
78
5
17
7
95
6
7
6
19
5
59
4
89
6
34
5
13
3
47
7
86
4
69
3
76
6
29
6
74
7
17
3
13
4
38
6
59
6
9
5
46
3
73
4
26
7
54
5
58
5
49
7
66
5
49
7
9
7
79
5
59
3
94
4
9
5
56
7
47
4
4
5
29
7
49
0
0
7
75
7
29
4
99
7
26
4
11
4
88
0
64
4
6
3
26
7
36
7
5
7
89
3
68
3
55
7
26
5
49
5
49
7
78
7
18
6
74
4
19
4
39
5
69
7
39
3
99
0
30
6
79
4
48
6
95
3
39
5
19
4
69
6
99
4
89
7
7
5
69
3
24
6
59
7
55
4
17
3
99
4
17
6
93
4
19
3
69
7
5
4
29
6
46
6
49
5
98
7
19
6
18
5
16
5
69
5
53
7
8
4
54
5
99
7
5
3
8
6
77
5
29
5
35
4
86
3
47
4
89
3
96
6
45
6
33
5
16
6
73
6
99
5
18
5
87
6
3
1
45
3
46
5
49
7
79
3
43
7
99
5
15
4
40
4
39
4
97
3
78
6
53
7
36
7
38
3
87
4
84
5
14
3
6
5
57
4
88
7
78
3
24
6
39
4
26
5
27
3
33
7
76
4
17
7
19
4
29
6
39
5
14
4
29
5
39
3
19
3
54
5
29
3
9
4
86
3
98
4
4
3
95
4
9
6
23
4
79
3
39
3
39
5
97
7
9
5
25
3
97
5
35
6
22
4
39
3
54
5
75
7
59
3
34
4
99
3
38
3
59
4
89
7
99
5
69
5
9
5
79
6
16
6
69
4
8
5
77
6
29
3
23
5
75
5
84
6
78
7
69
7
78
5
74
4
67
3
49
4
81
7
71
6
94
6
77
5
6
4
69
3
54
4
14
4
9
4
13
7
48
3
98
5
98
4
89
5
53
4
49
3
9
0
40
3
49
3
7
6
99
7
76
5
85
4
79
4
88
6
59
5
89
4
89
7
36
5
86
0
0
3
7
3
8
7
67
3
16
0
0
0
59
5
59
3
49
6
93
6
87
7
77
3
5
4
15
3
89
5
43
3
78
7
35
3
55
3
66
6
97
6
88
7
94
5
16
6
38
4
38
6
78
4
83
6
63
5
59
7
9
7
59
5
17
3
56
0
30
7
74
7
24
6
67
5
24
6
93
3
29
4
64
3
77
3
88
4
44
5
85
4
37
5
17
7
48
3
11
7
58
4
7
4
29
3
29
7
99
6
19
0
10
6
47
5
9
3
88
4
48
4
79
5
73
5
9
6
84
4
85
3
39
7
26
4
96
6
49
6
89
3
65
4
17
4
99
6
49
7
89
3
59
4
9
4
16
3
18
3
79
4
59
3
3
5
87
5
48
6
79
5
17
5
49
4
23
3
68
7
98
5
14
4
89
4
99
3
85
4
24
4
66
4
46
3
95
6
99
6
87
7
67
7
59
5
19
5
45
3
7
4
87
6
68
6
98
4
89
5
79
3
76
0
10
6
94
5
19
6
59
5
7
5
89
6
5
5
9
6
59
6
89
5
97
5
39
5
9
6
23
4
73
5
66
7
64
5
3
4
83
6
98
4
18
4
55
5
8
3
38
6
44
6
13
0
4
6
22
6
7
7
56
0
84
6
93
3
18
7
64
5
99
6
49
3
35
7
6
5
47
4
19
4
18
3
67
6
79
5
8
6
19
4
83
4
9
3
58
4
83
4
89
7
99
7
19
7
5
7
65
6
75
7
49
7
44
4
29
4
53
4
45
3
28
3
77
1
25
4
29
7
96
6
68
1
41
6
79
7
79
3
99
4
69
6
99
6
84
5
76
4
59
5
99
7
97
7
9
7
34
7
6
6
85
4
59
6
99
7
5
5
89
5
39
2
48
7
99
4
64
6
89
4
85
7
24
6
89
6
44
4
74
5
16
5
39
4
99
3
53
6
59
4
36
4
39
5
75
5
27
6
35
4
18
6
39
4
9
5
19
6
56
6
14
5
84
4
46
7
14
5
59
3
45
6
29
3
64
6
6
5
9
5
57
4
7
6
9
3
59
6
89
3
75
7
19
7
89
5
55
3
28
0
90
3
49
3
79
5
88
7
39
7
47
3
28
3
9
7
59
3
19
7
87
3
59
0
84
5
89
6
77
7
66
7
99
3
36
5
17
4
15
0
30
3
29
7
84
3
59
3
18
7
87
5
29
3
39
3
84
4
15
3
7
3
49
5
59
5
63
4
49
6
39
6
46
6
1
7
19
5
99
5
16
4
94
5
73
5
49
4
38
4
59
0
60
6
73
3
23
5
44
7
19
5
94
5
99
6
49
6
79
7
94
3
39
3
21
7
29
6
23
6
85
3
84
7
5
7
16
6
15
6
17
5
19
3
34
0
30
3
47
6
39
3
19
3
37
6
89
5
54
3
57
4
9
5
47
0
10
5
73
6
41
7
54
5
28
3
39
4
46
5
17
1
58
3
18
4
95
6
18
5
19
4
26
4
66
4
68
4
26
6
59
0
90
7
9
3
35
6
99
7
74
5
69
7
49
7
99
6
9
7
64
1
0
3
23
6
59
5
45
3
19
6
49
6
77
5
59
3
86
5
99
3
21
6
65
4
13
5
35
3
47
3
28
6
49
5
4
7
76
6
69
3
99
7
59
7
64
4
44
5
26
3
49
7
7
3
1
6
49
7
58
3
8
6
89
7
61
7
75
4
9
4
39
4
9
3
15
4
64
3
79
3
29
0
0
6
14
7
76
4
49
1
99
3
69
5
59
5
47
7
77
6
89
6
37
7
38
5
83
5
59
6
28
4
19
6
87
7
99
3
9
5
96
4
73
3
29
4
71
4
30
3
79
3
74
3
19
4
99
7
55
5
93
6
79
6
64
3
25
4
99
3
99
3
8
5
59
6
69
6
69
