17
59
9
94
9
14
9
94
9
34
9
34
9
64
9
34
9
34
9
99
9
99
9
34
9
94
9
34
19
92
9
44
9
44
16
58
9
94
9
64
9
99
18
30
9
74
9
94
9
44
9
74
9
14
9
94
9
34
19
32
9
74
9
34
9
44
9
64
19
33
9
34
19
31
9
74
9
44
9
94
18
60
18
60
9
44
18
30
9
44
15
57
9
14
9
74
9
44
9
94
9
64
9
99
9
74
9
94
17
29
9
99
9
44
9
64
9
44
9
94
9
74
9
34
19
32
9
64
9
64
9
64
9
94
9
14
9
64
9
14
9
74
9
64
9
74
9
99
9
74
19
33
9
14
9
74
9
34
16
58
9
64
9
99
16
88
9
14
17
59
9
99
18
60
9
44
9
64
9
44
19
63
9
14
18
90
9
99
9
99
9
74
19
61
17
29
15
27
18
30
9
94
9
44
19
63
9
44
15
27
19
93
17
89
9
99
9
34
9
14
9
44
9
94
18
90
9
94
15
57
15
87
19
32
9
34
19
33
19
61
19
32
9
99
9
74
9
74
9
34
2
40
9
44
9
64
19
31
19
61
9
94
19
31
9
64
9
14
9
34
9
94
9
94
9
99
9
44
9
34
9
94
9
44
9
64
9
64
9
34
9
14
9
14
9
64
9
44
16
28
18
30
9
44
9
44
19
31
9
74
9
99
19
92
9
99
9
94
9
74
16
58
0
40
9
94
9
99
18
90
9
94
9
14
9
34
19
93
9
34
18
30
9
64
9
99
9
99
15
87
18
90
9
44
9
44
9
34
9
94
9
64
18
60
17
29
9
64
18
60
9
99
9
14
19
62
9
99
17
59
15
57
9
94
19
91
9
34
15
57
9
99
9
44
9
94
19
61
18
60
19
91
9
44
9
44
9
44
16
88
0
10
18
90
9
94
9
34
18
60
9
99
17
59
15
57
9
34
18
60
9
14
9
44
9
99
9
94
9
99
19
61
9
34
9
14
19
92
9
94
9
44
9
14
18
90
9
94
19
92
9
64
9
34
9
99
9
74
9
64
9
14
9
14
17
89
9
14
9
34
15
27
9
34
15
57
9
26
9
64
9
74
9
64
9
74
9
99
9
99
9
34
9
44
17
89
17
59
9
34
15
87
16
88
9
34
18
30
9
74
9
74
9
14
9
14
9
99
9
74
18
60
9
34
9
44
17
29
9
14
9
14
9
44
9
94
9
34
9
74
9
64
9
94
19
62
9
44
9
34
9
94
9
94
16
58
9
99
9
44
9
14
9
34
2
19
9
99
9
64
9
42
9
99
9
74
19
31
9
34
18
30
19
91
9
99
9
99
9
34
0
90
17
29
9
74
9
74
19
62
8
95
17
59
16
58
9
99
19
91
9
64
9
99
9
14
9
44
9
61
9
74
19
32
9
44
4
40
17
89
9
34
9
14
9
44
9
14
0
20
9
14
9
34
0
20
9
14
19
92
9
99
15
87
9
99
19
91
19
62
19
63
9
34
9
94
15
27
9
14
9
14
0
80
9
74
19
63
19
91
1
99
19
91
9
64
9
78
19
31
8
95
9
14
19
32
9
64
9
94
9
44
15
27
17
59
9
94
9
74
17
89
9
34
16
88
19
31
15
27
9
44
9
64
9
14
18
60
15
87
9
34
9
64
9
64
19
61
9
74
19
61
9
14
19
93
9
64
9
99
9
14
9
64
19
61
9
14
9
34
19
63
0
0
17
89
9
34
9
99
9
34
9
6
9
94
0
64
9
14
3
29
9
44
9
14
9
94
9
74
9
64
9
34
19
61
19
61
19
92
19
32
16
88
18
30
9
44
9
74
9
44
9
99
0
30
19
92
18
60
9
99
9
44
19
31
9
74
9
99
9
94
9
14
9
74
9
34
9
64
9
64
18
30
9
99
4
19
9
99
18
30
9
74
9
14
9
34
18
60
19
62
9
99
19
33
9
18
18
30
9
74
9
64
9
14
9
64
9
99
9
14
9
14
19
91
9
34
9
44
9
94
17
59
9
94
9
99
17
59
9
44
18
30
15
87
9
99
19
31
9
94
9
3
1
49
17
59
19
61
19
93
15
57
9
99
17
29
4
40
9
44
9
99
17
89
9
64
9
44
9
44
9
94
9
94
16
28
9
14
9
64
9
94
19
92
9
34
9
44
9
34
9
34
9
44
18
90
18
30
19
33
9
34
9
44
16
28
9
34
9
44
17
29
9
64
9
34
9
14
9
94
9
98
9
14
9
99
9
14
9
34
18
90
9
44
9
44
9
99
9
14
9
34
9
99
9
44
19
22
9
44
9
64
17
89
9
64
9
44
9
99
9
44
9
64
9
94
9
99
9
74
9
14
19
91
18
30
9
74
9
14
19
91
9
34
9
34
17
89
9
94
19
92
9
74
19
92
16
88
9
74
17
59
18
81
9
71
9
99
19
91
9
14
9
74
9
64
16
28
9
14
15
27
19
62
9
99
9
98
9
94
9
64
18
60
9
14
0
40
17
59
9
14
9
99
18
90
9
94
18
90
9
94
9
64
9
94
9
94
9
44
9
94
0
0
9
14
9
14
9
74
17
29
0
0
0
59
9
64
17
59
9
99
9
94
19
91
9
14
17
29
9
94
15
57
17
89
9
44
9
64
9
66
9
99
9
94
9
99
18
30
9
38
9
44
19
92
9
94
9
74
9
64
9
14
9
64
19
31
9
64
0
30
16
88
9
34
9
74
9
34
9
99
9
34
4
69
17
89
9
94
16
58
9
94
9
37
19
31
9
48
9
11
9
64
9
14
9
34
9
34
9
99
19
32
0
10
19
61
9
14
9
94
18
60
18
90
15
87
9
14
9
94
9
94
9
44
9
26
9
99
19
62
9
94
9
74
18
30
9
99
19
62
9
94
9
64
9
14
18
30
17
29
17
89
9
64
9
3
9
94
9
48
19
92
19
31
19
61
9
34
9
74
9
99
16
28
9
94
9
99
9
94
9
34
9
74
18
60
9
99
9
99
9
94
9
74
9
64
19
31
17
59
9
14
9
94
9
74
9
99
9
94
19
91
17
89
0
10
9
99
19
31
9
64
9
14
9
94
9
14
9
14
9
64
9
94
9
99
9
44
9
14
9
34
15
87
9
74
9
74
9
14
9
94
9
99
18
30
9
64
9
14
9
44
16
58
9
13
0
4
19
22
9
7
9
64
0
84
9
99
17
29
9
74
9
99
19
62
9
44
9
14
19
61
18
30
18
30
9
74
19
92
9
14
19
32
4
89
9
14
9
64
9
94
9
94
9
99
19
33
9
14
9
74
17
89
19
63
16
58
9
34
9
64
4
49
9
34
17
89
1
29
9
34
9
96
9
74
1
41
19
92
19
93
9
99
9
74
9
99
9
94
18
90
9
64
9
99
9
99
9
14
9
44
9
14
9
94
9
64
9
99
8
5
9
94
9
44
2
48
9
99
9
74
9
94
4
89
9
34
9
94
16
58
16
88
18
30
9
44
9
99
9
64
9
64
9
44
9
44
17
89
9
34
9
44
18
30
9
44
9
14
19
31
9
64
16
28
9
94
18
60
16
28
9
64
17
59
9
34
9
74
9
14
9
14
9
64
9
14
9
14
3
59
9
94
17
89
19
33
9
94
9
64
9
34
0
90
17
59
17
89
9
94
9
44
19
61
9
34
9
14
9
64
17
29
9
94
9
64
0
84
9
94
19
91
9
74
9
99
9
44
19
31
17
29
0
30
9
34
9
94
9
64
17
29
9
94
9
34
9
44
3
89
17
29
9
14
17
59
9
64
9
74
18
60
9
44
18
60
9
1
19
33
9
99
18
30
9
99
15
87
19
61
9
44
9
64
0
60
15
87
9
34
16
58
19
33
9
99
9
99
19
62
19
92
9
99
9
44
17
21
9
34
9
34
9
94
9
94
9
14
18
30
17
29
19
31
19
31
9
44
0
30
17
59
9
44
17
29
9
44
9
94
9
64
9
57
9
14
19
61
0
10
15
87
9
41
9
64
9
34
9
44
18
60
19
31
1
59
17
29
9
99
19
32
19
31
9
34
9
74
9
74
9
34
9
64
0
90
9
14
9
44
9
99
9
74
9
74
19
63
9
99
9
9
9
74
1
0
9
34
9
59
17
59
17
29
19
62
19
91
9
64
9
94
9
99
17
21
9
74
15
27
9
44
17
59
9
34
19
62
9
14
18
90
9
74
9
99
9
64
9
74
16
58
9
34
17
59
9
14
9
1
19
62
9
64
9
14
9
94
9
61
17
89
9
14
9
44
9
14
17
29
9
74
17
89
9
34
0
0
16
28
18
90
18
60
1
99
9
74
9
64
19
61
19
91
9
94
9
44
9
44
9
94
9
64
9
34
4
19
9
94
9
99
9
14
9
99
15
87
9
34
9
66
4
30
17
89
16
88
17
29
9
99
9
64
9
99
19
92
9
74
9
34
9
99
9
99
9
8
9
64
9
74
9
74
