10
52
9
94
9
14
9
92
9
34
9
34
9
60
9
30
9
33
9
99
9
99
9
34
9
90
9
33
13
85
9
44
9
41
9
51
9
93
9
64
9
99
11
23
9
70
9
92
9
41
9
73
9
13
9
92
9
32
13
25
9
74
9
32
9
43
9
64
14
26
9
33
12
24
9
74
9
44
9
92
11
53
11
53
9
41
11
23
9
42
9
50
9
14
9
72
9
41
9
92
9
61
9
99
9
74
9
94
10
22
9
99
9
44
9
61
9
43
9
93
9
74
9
34
13
25
9
64
9
62
9
64
9
92
9
14
9
63
9
11
9
70
9
60
9
72
9
99
9
71
14
26
9
11
9
74
9
34
9
51
9
63
9
99
9
81
9
12
10
52
9
99
11
53
9
44
9
64
9
40
14
56
9
11
11
83
9
99
9
99
9
74
12
54
10
22
9
20
11
23
9
93
9
43
14
56
9
41
9
20
14
86
10
82
9
99
9
32
9
11
9
42
9
94
11
83
9
90
9
50
9
80
13
25
9
31
14
26
12
54
13
25
9
99
9
74
9
73
9
34
2
40
9
44
9
62
12
24
12
54
9
92
12
24
9
62
9
12
9
34
9
90
9
92
9
99
9
43
9
34
9
94
9
43
9
61
9
64
9
30
9
14
9
12
9
62
9
44
9
21
11
23
9
40
9
44
12
24
9
72
9
99
13
85
9
99
9
93
9
74
9
51
0
40
9
92
9
99
11
83
9
94
9
14
9
34
14
86
9
33
11
23
9
62
9
99
9
99
9
80
11
83
9
44
9
44
9
34
9
94
9
63
11
53
10
22
9
64
11
53
9
99
9
14
13
55
9
99
10
52
9
50
9
92
12
84
9
33
9
50
9
99
9
42
9
92
12
54
11
53
12
84
9
42
9
42
9
42
9
81
0
10
11
83
9
94
9
30
11
53
9
99
10
52
9
50
9
31
11
53
9
12
9
40
9
99
9
92
9
99
12
54
9
32
9
10
13
85
9
94
9
44
9
11
11
83
9
92
13
85
9
62
9
32
9
99
9
72
9
64
9
14
9
11
10
82
9
13
9
34
9
20
9
34
9
50
9
26
9
62
9
70
9
64
9
72
9
99
9
99
9
34
9
44
10
82
10
52
9
33
9
80
9
81
9
33
11
23
9
72
9
71
9
14
9
13
9
99
9
73
11
53
9
32
9
44
10
22
9
12
9
14
9
44
9
93
9
30
9
72
9
64
9
93
13
55
9
44
9
33
9
91
9
94
9
51
9
99
9
44
9
13
9
33
2
19
9
99
9
64
9
42
9
99
9
74
12
24
9
33
11
23
12
84
9
99
9
99
9
33
0
90
10
22
9
72
9
74
13
55
8
95
10
52
9
51
9
99
12
84
9
64
9
99
9
10
9
43
9
61
9
74
13
25
9
43
4
40
10
82
9
34
9
11
9
44
9
14
0
20
9
12
9
30
0
20
9
13
13
85
9
99
9
80
9
99
12
84
13
55
14
56
9
32
9
90
9
20
9
14
9
14
0
80
9
74
14
56
12
84
1
99
12
84
9
62
9
78
12
24
8
95
9
14
13
25
9
64
9
93
9
41
9
20
10
52
9
93
9
73
10
82
9
34
9
81
12
24
9
20
9
43
9
64
9
14
11
53
9
80
9
33
9
61
9
64
12
54
9
73
12
54
9
14
14
86
9
64
9
99
9
13
9
63
12
54
9
11
9
34
14
56
0
0
10
82
9
34
9
99
9
33
9
7
9
93
0
64
9
13
3
29
9
43
9
12
9
94
9
72
9
62
9
33
12
54
12
54
13
85
13
25
9
81
11
23
9
43
9
74
9
44
9
99
0
30
13
85
11
53
9
99
9
42
12
24
9
73
9
99
9
93
9
14
9
74
9
31
9
64
9
62
11
23
9
99
4
19
9
99
11
23
9
72
9
12
9
33
11
53
13
55
9
99
14
26
9
18
11
23
9
74
9
60
9
14
9
61
9
99
9
12
9
12
12
84
9
34
9
42
9
93
10
52
9
93
9
99
10
52
9
40
11
23
9
80
9
99
12
24
9
94
9
3
1
49
10
52
12
54
14
86
9
50
9
99
10
22
4
40
9
43
9
99
10
82
9
60
9
43
9
44
9
92
9
91
9
21
9
12
9
64
9
93
13
85
9
31
9
44
9
33
9
34
9
40
11
83
11
23
14
26
9
33
9
44
9
21
9
33
9
44
10
22
9
61
9
34
9
12
9
93
9
98
9
11
9
99
9
13
9
30
11
83
9
42
9
42
9
99
9
14
9
32
9
99
9
42
13
22
9
43
9
61
10
82
9
64
9
41
9
99
9
42
9
62
9
93
9
99
9
74
9
14
12
84
11
23
9
74
9
13
12
84
9
34
9
30
10
82
9
91
13
85
9
74
13
85
9
81
9
73
10
52
11
81
9
71
9
99
12
84
9
13
9
73
9
61
9
21
9
13
9
20
13
55
9
99
9
98
9
93
9
60
11
53
9
12
0
40
10
52
9
12
9
99
11
83
9
92
11
83
9
93
9
64
9
94
9
93
9
43
9
93
0
0
9
12
9
12
9
74
10
22
0
0
0
59
9
64
10
52
9
99
9
94
12
84
9
12
10
22
9
92
9
50
10
82
9
42
9
62
9
66
9
99
9
94
9
99
11
23
9
38
9
43
13
85
9
90
9
70
9
64
9
14
9
64
12
24
9
62
0
30
9
81
9
31
9
74
9
31
9
99
9
32
4
69
10
82
9
92
9
51
9
92
9
37
12
24
9
48
9
11
9
64
9
13
9
33
9
32
9
99
13
25
0
10
12
54
9
14
9
92
11
53
11
83
9
80
9
14
9
91
9
92
9
42
9
26
9
99
13
55
9
94
9
72
11
23
9
99
13
55
9
94
9
62
9
13
11
23
10
22
10
82
9
63
9
3
9
94
9
48
13
85
12
24
12
54
9
30
9
72
9
99
9
21
9
93
9
99
9
92
9
31
9
73
11
53
9
99
9
99
9
94
9
74
9
64
12
24
10
52
9
12
9
93
9
74
9
99
9
93
12
84
10
82
0
10
9
99
12
24
9
64
9
14
9
94
9
12
9
14
9
64
9
94
9
99
9
44
9
14
9
30
9
80
9
73
9
71
9
10
9
90
9
99
11
23
9
62
9
14
9
42
9
51
9
13
0
4
13
22
9
7
9
63
0
84
9
99
10
22
9
71
9
99
13
55
9
42
9
13
12
54
11
23
11
23
9
72
13
85
9
14
13
25
4
89
9
13
9
62
9
90
9
93
9
99
14
26
9
12
9
72
10
82
14
56
9
51
9
33
9
60
4
49
9
32
10
82
1
29
9
33
9
96
9
74
1
41
13
85
14
86
9
99
9
73
9
99
9
91
11
83
9
63
9
99
9
99
9
14
9
41
9
13
9
92
9
63
9
99
8
5
9
94
9
44
2
48
9
99
9
71
9
94
4
89
9
31
9
94
9
51
9
81
11
23
9
44
9
99
9
60
9
64
9
43
9
43
10
82
9
34
9
42
11
23
9
44
9
13
12
24
9
63
9
21
9
91
11
53
9
21
9
64
10
52
9
34
9
71
9
13
9
14
9
64
9
13
9
14
3
59
9
94
10
82
14
26
9
94
9
62
9
32
0
90
10
52
10
82
9
94
9
44
12
54
9
32
9
12
9
64
10
22
9
94
9
62
0
84
9
94
12
84
9
73
9
99
9
42
12
24
10
22
0
30
9
32
9
91
9
62
10
22
9
94
9
34
9
42
3
89
10
22
9
12
10
52
9
62
9
70
11
53
9
44
11
53
9
1
14
26
9
99
11
23
9
99
9
80
12
54
9
43
9
63
0
60
9
80
9
30
9
51
14
26
9
99
9
99
13
55
13
85
9
99
9
42
10
21
9
34
9
30
9
92
9
91
9
12
11
23
10
22
12
24
12
24
9
41
0
30
10
52
9
44
10
22
9
42
9
94
9
61
9
57
9
13
12
54
0
10
9
80
9
41
9
61
9
34
9
42
11
53
12
24
1
59
10
22
9
99
13
25
12
24
9
33
9
73
9
73
9
33
9
64
0
90
9
14
9
42
9
99
9
74
9
74
14
56
9
99
9
9
9
71
1
0
9
30
9
59
10
52
10
22
13
55
12
84
9
64
9
92
9
99
10
21
9
72
9
20
9
42
10
52
9
32
13
55
9
11
11
83
9
74
9
99
9
64
9
71
9
51
9
33
10
52
9
14
9
1
13
55
9
64
9
12
9
94
9
61
10
82
9
13
9
43
9
13
10
22
9
71
10
82
9
32
0
0
9
21
11
83
11
53
1
99
9
72
9
64
12
54
12
84
9
94
9
44
9
44
9
90
9
64
9
34
4
19
9
94
9
99
9
12
9
99
9
80
9
32
9
67
4
30
10
82
9
81
10
22
9
99
9
62
9
99
13
85
9
71
9
32
9
99
9
99
9
8
9
64
9
74
9
74
