16
58
9
94
9
14
9
94
9
34
9
34
9
64
9
34
9
34
9
99
9
99
9
34
9
94
9
34
19
91
9
44
9
44
15
57
9
94
9
64
9
99
17
29
9
74
9
94
9
44
9
74
9
14
9
94
9
34
19
31
9
74
9
34
9
44
9
64
19
32
9
34
18
30
9
74
9
44
9
94
17
59
17
59
9
44
17
29
9
44
14
56
9
14
9
74
9
44
9
94
9
64
9
99
9
74
9
94
16
28
9
99
9
44
9
64
9
44
9
94
9
74
9
34
19
31
9
64
9
64
9
64
9
94
9
14
9
64
9
14
9
74
9
64
9
74
9
99
9
74
19
32
9
14
9
74
9
34
15
57
9
64
9
99
15
87
9
14
16
58
9
99
17
59
9
44
9
64
9
44
19
62
9
14
17
89
9
99
9
99
9
74
18
60
16
28
14
26
17
29
9
94
9
44
19
62
9
44
14
26
19
92
16
88
9
99
9
34
9
14
9
44
9
94
17
89
9
94
14
56
14
86
19
31
9
34
19
32
18
60
19
31
9
99
9
74
9
74
9
34
2
40
9
44
9
64
18
30
18
60
9
94
18
30
9
64
9
14
9
34
9
94
9
94
9
99
9
44
9
34
9
94
9
44
9
64
9
64
9
34
9
14
9
14
9
64
9
44
15
27
17
29
9
44
9
44
18
30
9
74
9
99
19
91
9
99
9
94
9
74
15
57
0
40
9
94
9
99
17
89
9
94
9
14
9
34
19
92
9
34
17
29
9
64
9
99
9
99
14
86
17
89
9
44
9
44
9
34
9
94
9
64
17
59
16
28
9
64
17
59
9
99
9
14
19
61
9
99
16
58
14
56
9
94
18
90
9
34
14
56
9
99
9
44
9
94
18
60
17
59
18
90
9
44
9
44
9
44
15
87
0
10
17
89
9
94
9
34
17
59
9
99
16
58
14
56
9
34
17
59
9
14
9
44
9
99
9
94
9
99
18
60
9
34
9
14
19
91
9
94
9
44
9
14
17
89
9
94
19
91
9
64
9
34
9
99
9
74
9
64
9
14
9
14
16
88
9
14
9
34
14
26
9
34
14
56
9
26
9
64
9
74
9
64
9
74
9
99
9
99
9
34
9
44
16
88
16
58
9
34
14
86
15
87
9
34
17
29
9
74
9
74
9
14
9
14
9
99
9
74
17
59
9
34
9
44
16
28
9
14
9
14
9
44
9
94
9
34
9
74
9
64
9
94
19
61
9
44
9
34
9
94
9
94
15
57
9
99
9
44
9
14
9
34
2
19
9
99
9
64
9
42
9
99
9
74
18
30
9
34
17
29
18
90
9
99
9
99
9
34
0
90
16
28
9
74
9
74
19
61
8
95
16
58
15
57
9
99
18
90
9
64
9
99
9
14
9
44
9
61
9
74
19
31
9
44
4
40
16
88
9
34
9
14
9
44
9
14
0
20
9
14
9
34
0
20
9
14
19
91
9
99
14
86
9
99
18
90
19
61
19
62
9
34
9
94
14
26
9
14
9
14
0
80
9
74
19
62
18
90
1
99
18
90
9
64
9
78
18
30
8
95
9
14
19
31
9
64
9
94
9
44
14
26
16
58
9
94
9
74
16
88
9
34
15
87
18
30
14
26
9
44
9
64
9
14
17
59
14
86
9
34
9
64
9
64
18
60
9
74
18
60
9
14
19
92
9
64
9
99
9
14
9
64
18
60
9
14
9
34
19
62
0
0
16
88
9
34
9
99
9
34
9
6
9
94
0
64
9
14
3
29
9
44
9
14
9
94
9
74
9
64
9
34
18
60
18
60
19
91
19
31
15
87
17
29
9
44
9
74
9
44
9
99
0
30
19
91
17
59
9
99
9
44
18
30
9
74
9
99
9
94
9
14
9
74
9
34
9
64
9
64
17
29
9
99
4
19
9
99
17
29
9
74
9
14
9
34
17
59
19
61
9
99
19
32
9
18
17
29
9
74
9
64
9
14
9
64
9
99
9
14
9
14
18
90
9
34
9
44
9
94
16
58
9
94
9
99
16
58
9
44
17
29
14
86
9
99
18
30
9
94
9
3
1
49
16
58
18
60
19
92
14
56
9
99
16
28
4
40
9
44
9
99
16
88
9
64
9
44
9
44
9
94
9
94
15
27
9
14
9
64
9
94
19
91
9
34
9
44
9
34
9
34
9
44
17
89
17
29
19
32
9
34
9
44
15
27
9
34
9
44
16
28
9
64
9
34
9
14
9
94
9
98
9
14
9
99
9
14
9
34
17
89
9
44
9
44
9
99
9
14
9
34
9
99
9
44
19
22
9
44
9
64
16
88
9
64
9
44
9
99
9
44
9
64
9
94
9
99
9
74
9
14
18
90
17
29
9
74
9
14
18
90
9
34
9
34
16
88
9
94
19
91
9
74
19
91
15
87
9
74
16
58
17
81
9
71
9
99
18
90
9
14
9
74
9
64
15
27
9
14
14
26
19
61
9
99
9
98
9
94
9
64
17
59
9
14
0
40
16
58
9
14
9
99
17
89
9
94
17
89
9
94
9
64
9
94
9
94
9
44
9
94
0
0
9
14
9
14
9
74
16
28
0
0
0
59
9
64
16
58
9
99
9
94
18
90
9
14
16
28
9
94
14
56
16
88
9
44
9
64
9
66
9
99
9
94
9
99
17
29
9
38
9
44
19
91
9
94
9
74
9
64
9
14
9
64
18
30
9
64
0
30
15
87
9
34
9
74
9
34
9
99
9
34
4
69
16
88
9
94
15
57
9
94
9
37
18
30
9
48
9
11
9
64
9
14
9
34
9
34
9
99
19
31
0
10
18
60
9
14
9
94
17
59
17
89
14
86
9
14
9
94
9
94
9
44
9
26
9
99
19
61
9
94
9
74
17
29
9
99
19
61
9
94
9
64
9
14
17
29
16
28
16
88
9
64
9
3
9
94
9
48
19
91
18
30
18
60
9
34
9
74
9
99
15
27
9
94
9
99
9
94
9
34
9
74
17
59
9
99
9
99
9
94
9
74
9
64
18
30
16
58
9
14
9
94
9
74
9
99
9
94
18
90
16
88
0
10
9
99
18
30
9
64
9
14
9
94
9
14
9
14
9
64
9
94
9
99
9
44
9
14
9
34
14
86
9
74
9
74
9
14
9
94
9
99
17
29
9
64
9
14
9
44
15
57
9
13
0
4
19
22
9
7
9
64
0
84
9
99
16
28
9
74
9
99
19
61
9
44
9
14
18
60
17
29
17
29
9
74
19
91
9
14
19
31
4
89
9
14
9
64
9
94
9
94
9
99
19
32
9
14
9
74
16
88
19
62
15
57
9
34
9
64
4
49
9
34
16
88
1
29
9
34
9
96
9
74
1
41
19
91
19
92
9
99
9
74
9
99
9
94
17
89
9
64
9
99
9
99
9
14
9
44
9
14
9
94
9
64
9
99
8
5
9
94
9
44
2
48
9
99
9
74
9
94
4
89
9
34
9
94
15
57
15
87
17
29
9
44
9
99
9
64
9
64
9
44
9
44
16
88
9
34
9
44
17
29
9
44
9
14
18
30
9
64
15
27
9
94
17
59
15
27
9
64
16
58
9
34
9
74
9
14
9
14
9
64
9
14
9
14
3
59
9
94
16
88
19
32
9
94
9
64
9
34
0
90
16
58
16
88
9
94
9
44
18
60
9
34
9
14
9
64
16
28
9
94
9
64
0
84
9
94
18
90
9
74
9
99
9
44
18
30
16
28
0
30
9
34
9
94
9
64
16
28
9
94
9
34
9
44
3
89
16
28
9
14
16
58
9
64
9
74
17
59
9
44
17
59
9
1
19
32
9
99
17
29
9
99
14
86
18
60
9
44
9
64
0
60
14
86
9
34
15
57
19
32
9
99
9
99
19
61
19
91
9
99
9
44
16
21
9
34
9
34
9
94
9
94
9
14
17
29
16
28
18
30
18
30
9
44
0
30
16
58
9
44
16
28
9
44
9
94
9
64
9
57
9
14
18
60
0
10
14
86
9
41
9
64
9
34
9
44
17
59
18
30
1
59
16
28
9
99
19
31
18
30
9
34
9
74
9
74
9
34
9
64
0
90
9
14
9
44
9
99
9
74
9
74
19
62
9
99
9
9
9
74
1
0
9
34
9
59
16
58
16
28
19
61
18
90
9
64
9
94
9
99
16
21
9
74
14
26
9
44
16
58
9
34
19
61
9
14
17
89
9
74
9
99
9
64
9
74
15
57
9
34
16
58
9
14
9
1
19
61
9
64
9
14
9
94
9
61
16
88
9
14
9
44
9
14
16
28
9
74
16
88
9
34
0
0
15
27
17
89
17
59
1
99
9
74
9
64
18
60
18
90
9
94
9
44
9
44
9
94
9
64
9
34
4
19
9
94
9
99
9
14
9
99
14
86
9
34
9
66
4
30
16
88
15
87
16
28
9
99
9
64
9
99
19
91
9
74
9
34
9
99
9
99
9
8
9
64
9
74
9
74
