3
43
4
86
5
7
1
83
5
28
5
27
2
51
4
21
2
25
3
99
4
92
4
27
1
81
4
24
4
76
5
39
5
32
2
42
2
89
4
57
4
95
5
14
1
61
2
83
1
32
5
64
2
4
1
84
1
29
5
16
3
65
5
23
2
39
4
55
5
18
2
26
5
15
3
69
3
35
1
89
2
47
4
44
5
32
2
18
1
37
1
41
3
7
1
63
3
32
1
87
1
52
5
93
4
69
5
85
5
13
4
95
5
39
1
52
2
39
2
84
3
67
5
29
4
18
4
56
4
53
5
59
4
83
3
7
2
55
4
2
4
61
3
51
3
63
1
97
3
62
5
17
3
2
5
69
5
25
5
42
2
55
5
93
1
72
3
3
4
43
2
92
3
44
5
39
5
59
2
31
5
48
1
2
2
75
4
99
5
99
4
69
3
46
1
14
1
11
2
19
4
84
2
37
5
48
4
32
2
11
5
77
5
73
1
97
5
23
5
2
1
38
4
88
2
74
2
81
1
41
3
71
4
19
1
22
5
19
3
49
4
17
5
97
3
69
2
69
3
25
2
40
3
36
3
53
3
16
3
47
1
89
3
19
1
55
3
3
5
29
4
81
4
83
2
94
2
37
3
27
5
85
2
39
3
52
5
58
2
21
5
8
1
8
1
57
4
36
3
12
2
18
1
31
3
39
3
19
3
63
1
96
4
76
4
97
2
86
3
67
2
42
0
40
2
83
3
91
2
75
3
89
5
9
3
26
5
78
2
27
2
19
1
59
5
92
1
97
3
71
2
78
5
38
3
37
5
28
4
89
2
59
2
47
1
15
5
57
2
47
2
92
3
9
4
47
5
96
1
44
2
41
1
83
3
78
4
24
3
41
4
98
1
38
1
89
5
45
5
44
4
75
1
37
1
39
1
33
5
72
0
10
2
79
3
86
2
21
5
44
2
99
4
43
1
41
3
22
2
49
1
9
3
31
1
91
1
89
4
99
3
49
1
29
2
1
4
78
3
88
3
39
4
2
2
74
4
83
4
79
1
59
1
24
4
93
5
63
4
58
4
7
4
2
4
73
2
4
4
29
2
11
5
25
2
41
5
26
1
57
1
61
4
59
1
63
3
94
2
93
3
26
3
35
4
73
1
44
4
24
3
71
4
72
3
24
2
18
1
69
5
62
5
9
2
5
5
94
2
69
2
44
4
23
4
36
1
17
1
5
3
8
3
38
2
89
1
21
3
63
5
58
2
88
4
47
5
35
3
24
5
82
4
85
4
42
2
95
4
38
2
4
2
29
2
11
2
99
5
57
3
42
4
94
4
69
3
16
2
25
2
18
4
75
3
92
1
95
2
26
0
90
1
13
1
68
5
66
4
48
1
95
1
46
4
42
1
94
3
76
5
56
3
99
2
1
2
38
4
61
3
67
4
19
3
34
4
40
1
79
4
28
1
2
4
35
4
9
0
20
1
8
3
21
0
20
2
5
4
79
3
92
3
71
2
99
3
77
4
49
5
47
1
25
1
81
1
11
3
9
4
5
0
80
5
65
5
47
3
77
1
99
3
78
4
53
2
78
3
15
5
95
4
5
4
18
3
58
2
89
4
32
3
11
1
45
5
84
2
68
1
74
4
29
4
72
5
15
1
11
2
36
4
59
4
9
3
44
1
71
2
24
5
52
3
56
3
49
5
64
3
48
5
9
5
77
3
58
1
92
2
9
3
54
5
45
2
2
3
29
5
48
0
0
5
73
5
29
2
99
5
24
2
11
2
86
0
64
2
4
3
24
5
34
5
3
5
89
1
66
1
53
5
24
3
47
3
48
5
76
5
16
4
72
2
19
2
39
3
67
5
38
1
99
0
30
4
79
2
46
4
93
1
39
3
19
2
69
4
99
2
88
5
5
3
69
1
22
4
59
5
53
2
15
1
99
4
15
4
91
2
19
1
67
5
3
2
29
4
44
4
47
3
96
5
19
4
18
3
14
3
68
3
51
5
6
2
52
3
99
5
3
1
6
4
75
3
29
3
33
2
84
1
45
2
88
1
94
4
43
4
31
3
14
4
71
4
99
3
16
3
85
4
3
1
43
1
44
3
49
5
77
1
41
5
98
3
13
4
40
2
39
2
95
1
76
4
51
5
34
5
36
1
85
2
82
3
12
1
4
3
55
2
86
5
76
1
22
4
39
2
24
3
25
1
31
5
74
2
15
5
18
2
29
4
38
3
12
2
28
3
37
1
18
1
52
3
27
1
9
2
84
1
98
2
2
1
93
2
8
4
21
2
77
1
39
1
37
3
95
5
7
3
23
1
95
3
33
4
22
2
39
1
52
3
73
5
58
1
32
2
99
1
36
1
59
2
89
5
98
3
67
3
9
3
79
4
14
4
67
2
6
3
75
4
29
1
21
3
73
3
82
4
76
5
69
5
76
3
72
2
65
1
47
2
81
5
71
4
92
4
75
3
4
2
68
1
52
2
12
2
9
2
11
5
46
1
96
3
98
2
88
3
51
2
49
1
9
0
40
1
47
1
5
4
99
5
74
3
83
2
79
2
86
4
57
3
87
2
89
5
34
3
84
0
0
1
5
1
6
5
65
1
14
0
0
0
57
3
59
1
48
4
91
4
85
5
75
1
3
2
13
1
88
3
41
1
76
5
33
1
53
1
66
4
95
4
86
5
92
3
14
4
38
2
36
4
76
2
81
4
61
3
59
5
9
5
59
3
15
1
54
0
30
5
72
5
22
4
65
3
22
4
91
1
29
4
62
1
75
1
86
2
42
3
83
2
37
3
15
5
48
1
11
5
56
2
5
2
28
1
29
5
99
4
19
0
10
4
45
3
7
1
86
2
46
2
78
3
71
3
8
4
82
2
83
1
37
5
26
2
94
4
49
4
88
1
63
2
15
2
98
4
49
5
89
1
59
2
7
2
14
1
16
1
79
2
57
1
3
3
85
3
48
4
79
3
15
3
49
2
21
1
66
5
96
3
12
2
88
2
97
1
83
2
22
2
64
2
44
1
93
4
97
4
85
5
65
5
57
3
17
3
43
1
5
2
85
4
66
4
96
2
87
3
77
1
74
0
10
4
92
3
18
4
58
3
5
3
89
4
3
3
8
4
58
4
89
3
95
3
37
3
9
4
21
2
71
3
64
5
62
3
1
2
81
4
96
2
16
2
53
3
6
1
36
4
42
4
13
0
4
4
22
4
7
5
54
0
84
4
91
1
16
5
62
3
99
4
47
1
33
5
4
3
45
2
18
2
16
1
65
4
79
3
6
4
17
4
81
2
7
1
56
2
81
2
89
5
99
5
19
5
3
5
63
4
73
5
48
5
42
2
27
2
51
4
43
1
26
1
75
1
23
2
29
5
96
4
66
1
41
4
78
5
78
1
99
2
69
4
99
4
82
3
74
2
58
3
99
5
95
5
7
5
32
5
4
4
83
2
59
4
97
5
5
3
89
3
39
2
48
5
98
2
62
4
87
4
83
5
22
4
89
4
42
2
72
3
14
3
39
2
98
1
51
4
59
2
34
2
39
3
73
3
25
4
33
2
16
4
39
2
8
3
18
4
54
4
12
3
82
2
44
5
12
3
59
1
43
4
29
1
62
4
4
3
9
3
55
2
5
4
9
3
58
4
89
1
73
5
19
5
88
3
53
1
26
0
90
1
47
1
79
3
86
5
39
5
45
1
26
1
9
5
57
1
17
5
85
1
59
0
84
3
88
4
75
5
64
5
97
1
34
3
15
2
13
0
30
1
27
5
82
1
59
1
16
5
85
3
29
1
39
3
82
2
13
1
5
1
48
3
57
3
61
2
47
4
38
4
44
4
1
5
19
3
98
3
14
2
92
3
71
3
48
2
36
2
59
0
60
4
71
1
21
3
42
5
17
3
92
3
99
4
49
4
78
5
92
1
37
1
21
5
28
4
21
4
83
1
82
5
3
5
14
4
13
4
15
3
18
1
32
0
30
1
45
4
38
1
19
1
35
4
88
3
52
1
57
2
9
3
45
0
10
3
71
4
41
5
52
3
26
1
39
2
44
3
15
1
56
1
16
2
93
4
16
3
18
2
24
2
64
2
66
2
24
4
58
0
90
5
8
1
33
4
99
5
74
3
69
5
49
5
99
4
9
5
62
1
0
1
21
4
59
3
43
1
18
4
48
4
75
3
57
1
84
3
98
1
21
4
63
2
11
3
33
1
45
1
26
4
49
3
2
5
74
4
68
1
97
5
57
5
62
2
42
3
24
1
49
5
5
1
1
4
48
5
56
1
6
4
89
5
61
5
73
2
9
2
37
2
8
1
13
2
62
1
78
1
28
0
0
4
12
5
74
2
48
1
99
1
68
3
59
3
45
5
75
4
88
4
35
5
36
3
81
3
59
4
26
4
17
4
85
5
98
1
8
3
94
2
71
1
29
2
72
4
30
1
78
1
72
1
19
2
99
5
53
3
91
4
79
4
62
1
23
2
97
1
99
1
8
3
59
4
67
4
69
