9
51
9
94
9
14
9
91
9
34
9
34
9
59
9
29
9
32
9
99
9
99
9
34
9
89
9
32
12
84
9
44
9
40
9
50
9
92
9
64
9
99
10
22
9
69
9
91
9
40
9
72
9
12
9
91
9
31
12
24
9
73
9
31
9
42
9
63
13
25
9
32
11
23
9
73
9
43
9
91
10
52
10
52
9
40
10
22
9
41
9
49
9
13
9
71
9
40
9
91
9
60
9
99
9
74
9
93
9
21
9
99
9
44
9
60
9
42
9
92
9
73
9
34
12
24
9
64
9
61
9
64
9
91
9
13
9
62
9
10
9
69
9
59
9
71
9
99
9
70
13
25
9
10
9
74
9
33
9
50
9
62
9
99
9
80
9
11
9
51
9
99
10
52
9
44
9
64
9
39
13
55
9
10
10
82
9
99
9
99
9
74
11
53
9
21
9
19
10
22
9
92
9
42
13
55
9
40
9
19
13
85
9
81
9
99
9
31
9
10
9
41
9
94
10
82
9
89
9
49
9
79
12
24
9
30
13
25
11
53
12
24
9
99
9
73
9
72
9
33
2
40
9
43
9
61
11
23
11
53
9
91
11
23
9
61
9
11
9
34
9
89
9
91
9
99
9
42
9
33
9
93
9
42
9
60
9
64
9
29
9
14
9
11
9
61
9
44
9
20
10
22
9
39
9
43
11
23
9
71
9
99
12
84
9
99
9
92
9
73
9
50
0
40
9
91
9
99
10
82
9
93
9
14
9
33
13
85
9
32
10
22
9
61
9
99
9
99
9
79
10
82
9
44
9
43
9
34
9
94
9
62
10
52
9
21
9
64
10
52
9
99
9
13
12
54
9
99
9
51
9
49
9
91
11
83
9
32
9
49
9
99
9
41
9
91
11
53
10
52
11
83
9
41
9
41
9
41
9
80
0
10
10
82
9
93
9
29
10
52
9
99
9
51
9
49
9
30
10
52
9
11
9
39
9
99
9
91
9
99
11
53
9
31
9
9
12
84
9
93
9
43
9
10
10
82
9
91
12
84
9
61
9
31
9
99
9
71
9
64
9
14
9
10
9
81
9
12
9
34
9
19
9
33
9
49
9
26
9
61
9
69
9
64
9
71
9
99
9
99
9
33
9
43
9
81
9
51
9
32
9
79
9
80
9
32
10
22
9
71
9
70
9
14
9
12
9
99
9
72
10
52
9
31
9
44
9
21
9
11
9
13
9
43
9
92
9
29
9
71
9
64
9
92
12
54
9
43
9
32
9
90
9
93
9
50
9
99
9
44
9
12
9
32
2
19
9
99
9
64
9
42
9
99
9
74
11
23
9
32
10
22
11
83
9
99
9
99
9
32
0
90
9
21
9
71
9
74
12
54
8
95
9
51
9
50
9
99
11
83
9
64
9
99
9
9
9
42
9
61
9
73
12
24
9
42
4
40
9
81
9
34
9
10
9
43
9
14
0
20
9
11
9
29
0
20
9
12
12
84
9
99
9
79
9
99
11
83
12
54
13
55
9
31
9
89
9
19
9
13
9
13
0
80
9
73
13
55
11
83
1
99
11
83
9
61
9
78
11
23
8
95
9
13
12
24
9
63
9
92
9
40
9
19
9
51
9
92
9
72
9
81
9
34
9
80
11
23
9
19
9
42
9
64
9
14
10
52
9
79
9
32
9
60
9
63
11
53
9
72
11
53
9
14
13
85
9
63
9
99
9
12
9
62
11
53
9
10
9
33
13
55
0
0
9
81
9
34
9
99
9
32
9
8
9
92
0
64
9
12
3
29
9
42
9
11
9
94
9
71
9
61
9
32
11
53
11
53
12
84
12
24
9
80
10
22
9
42
9
73
9
44
9
99
0
30
12
84
10
52
9
99
9
41
11
23
9
72
9
99
9
92
9
13
9
73
9
30
9
64
9
61
10
22
9
99
4
19
9
99
10
22
9
71
9
11
9
32
10
52
12
54
9
99
13
25
9
18
10
22
9
73
9
59
9
14
9
60
9
99
9
11
9
11
11
83
9
33
9
41
9
92
9
51
9
92
9
99
9
51
9
39
10
22
9
79
9
99
11
23
9
93
9
3
1
49
9
51
11
53
13
85
9
49
9
99
9
21
4
40
9
42
9
99
9
81
9
59
9
42
9
44
9
91
9
90
9
20
9
11
9
63
9
92
12
84
9
30
9
44
9
32
9
33
9
39
10
82
10
22
13
25
9
32
9
44
9
20
9
32
9
43
9
21
9
60
9
33
9
11
9
92
9
98
9
10
9
99
9
12
9
29
10
82
9
41
9
41
9
99
9
14
9
31
9
99
9
41
12
22
9
42
9
60
9
81
9
64
9
40
9
99
9
41
9
61
9
92
9
99
9
73
9
13
11
83
10
22
9
74
9
12
11
83
9
34
9
29
9
81
9
90
12
84
9
74
12
84
9
80
9
72
9
51
10
81
9
71
9
99
11
83
9
12
9
72
9
60
9
20
9
12
9
19
12
54
9
99
9
98
9
92
9
59
10
52
9
11
0
40
9
51
9
11
9
99
10
82
9
91
10
82
9
92
9
64
9
93
9
92
9
42
9
92
0
0
9
11
9
11
9
73
9
21
0
0
0
59
9
63
9
51
9
99
9
93
11
83
9
11
9
21
9
91
9
49
9
81
9
41
9
61
9
66
9
99
9
94
9
99
10
22
9
38
9
42
12
84
9
89
9
69
9
63
9
14
9
64
11
23
9
61
0
30
9
80
9
30
9
73
9
30
9
99
9
31
4
69
9
81
9
91
9
50
9
91
9
37
11
23
9
48
9
11
9
64
9
12
9
32
9
31
9
99
12
24
0
10
11
53
9
13
9
91
10
52
10
82
9
79
9
13
9
90
9
91
9
41
9
26
9
99
12
54
9
94
9
71
10
22
9
99
12
54
9
94
9
61
9
12
10
22
9
21
9
81
9
62
9
3
9
93
9
48
12
84
11
23
11
53
9
29
9
71
9
99
9
20
9
92
9
99
9
91
9
30
9
72
10
52
9
99
9
99
9
93
9
73
9
64
11
23
9
51
9
11
9
92
9
74
9
99
9
92
11
83
9
81
0
10
9
99
11
23
9
64
9
13
9
93
9
11
9
13
9
64
9
94
9
99
9
43
9
13
9
29
9
79
9
72
9
70
9
9
9
89
9
99
10
22
9
61
9
13
9
41
9
50
9
13
0
4
12
22
9
7
9
62
0
84
9
99
9
21
9
70
9
99
12
54
9
41
9
12
11
53
10
22
10
22
9
71
12
84
9
13
12
24
4
89
9
12
9
61
9
89
9
92
9
99
13
25
9
11
9
71
9
81
13
55
9
50
9
32
9
59
4
49
9
31
9
81
1
29
9
32
9
96
9
74
1
41
12
84
13
85
9
99
9
72
9
99
9
90
10
82
9
62
9
99
9
99
9
14
9
40
9
12
9
91
9
62
9
99
8
5
9
93
9
43
2
48
9
99
9
70
9
94
4
89
9
30
9
94
9
50
9
80
10
22
9
43
9
99
9
59
9
64
9
42
9
42
9
81
9
33
9
41
10
22
9
44
9
12
11
23
9
62
9
20
9
90
10
52
9
20
9
63
9
51
9
34
9
70
9
12
9
13
9
63
9
12
9
14
3
59
9
94
9
81
13
25
9
94
9
61
9
31
0
90
9
51
9
81
9
93
9
44
11
53
9
31
9
11
9
64
9
21
9
93
9
61
0
84
9
93
11
83
9
72
9
99
9
41
11
23
9
21
0
30
9
31
9
90
9
61
9
21
9
93
9
33
9
41
3
89
9
21
9
11
9
51
9
61
9
69
10
52
9
44
10
52
9
1
13
25
9
99
10
22
9
99
9
79
11
53
9
42
9
62
0
60
9
79
9
29
9
50
13
25
9
99
9
99
12
54
12
84
9
99
9
41
9
21
9
34
9
29
9
91
9
90
9
11
10
22
9
21
11
23
11
23
9
40
0
30
9
51
9
44
9
21
9
41
9
94
9
60
9
57
9
12
11
53
0
10
9
79
9
41
9
60
9
33
9
41
10
52
11
23
1
59
9
21
9
99
12
24
11
23
9
32
9
72
9
72
9
32
9
64
0
90
9
14
9
41
9
99
9
74
9
73
13
55
9
99
9
9
9
70
1
0
9
29
9
59
9
51
9
21
12
54
11
83
9
63
9
91
9
99
9
21
9
71
9
19
9
41
9
51
9
31
12
54
9
10
10
82
9
74
9
99
9
64
9
70
9
50
9
32
9
51
9
13
9
1
12
54
9
64
9
11
9
94
9
61
9
81
9
12
9
42
9
12
9
21
9
70
9
81
9
31
0
0
9
20
10
82
10
52
1
99
9
71
9
63
11
53
11
83
9
94
9
43
9
44
9
89
9
63
9
34
4
19
9
93
9
99
9
11
9
99
9
79
9
31
9
68
4
30
9
81
9
80
9
21
9
99
9
61
9
99
12
84
9
70
9
31
9
99
9
99
9
8
9
63
9
74
9
74
