14
56
9
94
9
14
9
94
9
34
9
34
9
64
9
34
9
34
9
99
9
99
9
34
9
94
9
34
17
89
9
44
9
44
13
55
9
94
9
64
9
99
15
27
9
74
9
94
9
44
9
74
9
14
9
94
9
34
17
29
9
74
9
34
9
44
9
64
18
30
9
34
16
28
9
74
9
44
9
94
15
57
15
57
9
44
15
27
9
44
12
54
9
14
9
74
9
44
9
94
9
64
9
99
9
74
9
94
14
26
9
99
9
44
9
64
9
44
9
94
9
74
9
34
17
29
9
64
9
64
9
64
9
94
9
14
9
64
9
14
9
74
9
64
9
74
9
99
9
74
18
30
9
14
9
74
9
34
13
55
9
64
9
99
13
85
9
14
14
56
9
99
15
57
9
44
9
64
9
44
18
60
9
14
15
87
9
99
9
99
9
74
16
58
14
26
12
24
15
27
9
94
9
44
18
60
9
44
12
24
18
90
14
86
9
99
9
34
9
14
9
44
9
94
15
87
9
94
12
54
12
84
17
29
9
34
18
30
16
58
17
29
9
99
9
74
9
74
9
34
2
40
9
44
9
64
16
28
16
58
9
94
16
28
9
64
9
14
9
34
9
94
9
94
9
99
9
44
9
34
9
94
9
44
9
64
9
64
9
34
9
14
9
14
9
64
9
44
13
25
15
27
9
44
9
44
16
28
9
74
9
99
17
89
9
99
9
94
9
74
13
55
0
40
9
94
9
99
15
87
9
94
9
14
9
34
18
90
9
34
15
27
9
64
9
99
9
99
12
84
15
87
9
44
9
44
9
34
9
94
9
64
15
57
14
26
9
64
15
57
9
99
9
14
17
59
9
99
14
56
12
54
9
94
16
88
9
34
12
54
9
99
9
44
9
94
16
58
15
57
16
88
9
44
9
44
9
44
13
85
0
10
15
87
9
94
9
34
15
57
9
99
14
56
12
54
9
34
15
57
9
14
9
44
9
99
9
94
9
99
16
58
9
34
9
14
17
89
9
94
9
44
9
14
15
87
9
94
17
89
9
64
9
34
9
99
9
74
9
64
9
14
9
14
14
86
9
14
9
34
12
24
9
34
12
54
9
26
9
64
9
74
9
64
9
74
9
99
9
99
9
34
9
44
14
86
14
56
9
34
12
84
13
85
9
34
15
27
9
74
9
74
9
14
9
14
9
99
9
74
15
57
9
34
9
44
14
26
9
14
9
14
9
44
9
94
9
34
9
74
9
64
9
94
17
59
9
44
9
34
9
94
9
94
13
55
9
99
9
44
9
14
9
34
2
19
9
99
9
64
9
42
9
99
9
74
16
28
9
34
15
27
16
88
9
99
9
99
9
34
0
90
14
26
9
74
9
74
17
59
8
95
14
56
13
55
9
99
16
88
9
64
9
99
9
14
9
44
9
61
9
74
17
29
9
44
4
40
14
86
9
34
9
14
9
44
9
14
0
20
9
14
9
34
0
20
9
14
17
89
9
99
12
84
9
99
16
88
17
59
18
60
9
34
9
94
12
24
9
14
9
14
0
80
9
74
18
60
16
88
1
99
16
88
9
64
9
78
16
28
8
95
9
14
17
29
9
64
9
94
9
44
12
24
14
56
9
94
9
74
14
86
9
34
13
85
16
28
12
24
9
44
9
64
9
14
15
57
12
84
9
34
9
64
9
64
16
58
9
74
16
58
9
14
18
90
9
64
9
99
9
14
9
64
16
58
9
14
9
34
18
60
0
0
14
86
9
34
9
99
9
34
9
6
9
94
0
64
9
14
3
29
9
44
9
14
9
94
9
74
9
64
9
34
16
58
16
58
17
89
17
29
13
85
15
27
9
44
9
74
9
44
9
99
0
30
17
89
15
57
9
99
9
44
16
28
9
74
9
99
9
94
9
14
9
74
9
34
9
64
9
64
15
27
9
99
4
19
9
99
15
27
9
74
9
14
9
34
15
57
17
59
9
99
18
30
9
18
15
27
9
74
9
64
9
14
9
64
9
99
9
14
9
14
16
88
9
34
9
44
9
94
14
56
9
94
9
99
14
56
9
44
15
27
12
84
9
99
16
28
9
94
9
3
1
49
14
56
16
58
18
90
12
54
9
99
14
26
4
40
9
44
9
99
14
86
9
64
9
44
9
44
9
94
9
94
13
25
9
14
9
64
9
94
17
89
9
34
9
44
9
34
9
34
9
44
15
87
15
27
18
30
9
34
9
44
13
25
9
34
9
44
14
26
9
64
9
34
9
14
9
94
9
98
9
14
9
99
9
14
9
34
15
87
9
44
9
44
9
99
9
14
9
34
9
99
9
44
17
22
9
44
9
64
14
86
9
64
9
44
9
99
9
44
9
64
9
94
9
99
9
74
9
14
16
88
15
27
9
74
9
14
16
88
9
34
9
34
14
86
9
94
17
89
9
74
17
89
13
85
9
74
14
56
15
81
9
71
9
99
16
88
9
14
9
74
9
64
13
25
9
14
12
24
17
59
9
99
9
98
9
94
9
64
15
57
9
14
0
40
14
56
9
14
9
99
15
87
9
94
15
87
9
94
9
64
9
94
9
94
9
44
9
94
0
0
9
14
9
14
9
74
14
26
0
0
0
59
9
64
14
56
9
99
9
94
16
88
9
14
14
26
9
94
12
54
14
86
9
44
9
64
9
66
9
99
9
94
9
99
15
27
9
38
9
44
17
89
9
94
9
74
9
64
9
14
9
64
16
28
9
64
0
30
13
85
9
34
9
74
9
34
9
99
9
34
4
69
14
86
9
94
13
55
9
94
9
37
16
28
9
48
9
11
9
64
9
14
9
34
9
34
9
99
17
29
0
10
16
58
9
14
9
94
15
57
15
87
12
84
9
14
9
94
9
94
9
44
9
26
9
99
17
59
9
94
9
74
15
27
9
99
17
59
9
94
9
64
9
14
15
27
14
26
14
86
9
64
9
3
9
94
9
48
17
89
16
28
16
58
9
34
9
74
9
99
13
25
9
94
9
99
9
94
9
34
9
74
15
57
9
99
9
99
9
94
9
74
9
64
16
28
14
56
9
14
9
94
9
74
9
99
9
94
16
88
14
86
0
10
9
99
16
28
9
64
9
14
9
94
9
14
9
14
9
64
9
94
9
99
9
44
9
14
9
34
12
84
9
74
9
74
9
14
9
94
9
99
15
27
9
64
9
14
9
44
13
55
9
13
0
4
17
22
9
7
9
64
0
84
9
99
14
26
9
74
9
99
17
59
9
44
9
14
16
58
15
27
15
27
9
74
17
89
9
14
17
29
4
89
9
14
9
64
9
94
9
94
9
99
18
30
9
14
9
74
14
86
18
60
13
55
9
34
9
64
4
49
9
34
14
86
1
29
9
34
9
96
9
74
1
41
17
89
18
90
9
99
9
74
9
99
9
94
15
87
9
64
9
99
9
99
9
14
9
44
9
14
9
94
9
64
9
99
8
5
9
94
9
44
2
48
9
99
9
74
9
94
4
89
9
34
9
94
13
55
13
85
15
27
9
44
9
99
9
64
9
64
9
44
9
44
14
86
9
34
9
44
15
27
9
44
9
14
16
28
9
64
13
25
9
94
15
57
13
25
9
64
14
56
9
34
9
74
9
14
9
14
9
64
9
14
9
14
3
59
9
94
14
86
18
30
9
94
9
64
9
34
0
90
14
56
14
86
9
94
9
44
16
58
9
34
9
14
9
64
14
26
9
94
9
64
0
84
9
94
16
88
9
74
9
99
9
44
16
28
14
26
0
30
9
34
9
94
9
64
14
26
9
94
9
34
9
44
3
89
14
26
9
14
14
56
9
64
9
74
15
57
9
44
15
57
9
1
18
30
9
99
15
27
9
99
12
84
16
58
9
44
9
64
0
60
12
84
9
34
13
55
18
30
9
99
9
99
17
59
17
89
9
99
9
44
14
21
9
34
9
34
9
94
9
94
9
14
15
27
14
26
16
28
16
28
9
44
0
30
14
56
9
44
14
26
9
44
9
94
9
64
9
57
9
14
16
58
0
10
12
84
9
41
9
64
9
34
9
44
15
57
16
28
1
59
14
26
9
99
17
29
16
28
9
34
9
74
9
74
9
34
9
64
0
90
9
14
9
44
9
99
9
74
9
74
18
60
9
99
9
9
9
74
1
0
9
34
9
59
14
56
14
26
17
59
16
88
9
64
9
94
9
99
14
21
9
74
12
24
9
44
14
56
9
34
17
59
9
14
15
87
9
74
9
99
9
64
9
74
13
55
9
34
14
56
9
14
9
1
17
59
9
64
9
14
9
94
9
61
14
86
9
14
9
44
9
14
14
26
9
74
14
86
9
34
0
0
13
25
15
87
15
57
1
99
9
74
9
64
16
58
16
88
9
94
9
44
9
44
9
94
9
64
9
34
4
19
9
94
9
99
9
14
9
99
12
84
9
34
9
66
4
30
14
86
13
85
14
26
9
99
9
64
9
99
17
89
9
74
9
34
9
99
9
99
9
8
9
64
9
74
9
74
