2
42
3
85
4
6
0
82
4
27
4
26
2
50
4
20
1
24
2
98
3
91
3
26
1
80
3
23
3
75
4
38
4
31
1
41
1
89
3
56
3
94
4
13
1
60
1
82
0
31
4
63
1
3
0
83
0
29
4
15
2
64
4
22
1
39
3
54
4
17
1
25
4
14
2
68
2
34
0
88
1
46
3
43
4
31
1
17
0
36
1
40
2
6
0
62
2
31
0
86
0
51
4
92
3
68
4
84
4
12
3
94
4
39
0
51
1
39
1
83
2
66
4
28
3
17
3
55
3
52
4
59
3
82
2
6
1
54
3
1
4
60
3
50
2
62
0
96
2
61
4
16
2
1
4
69
4
24
4
41
1
54
4
92
0
71
2
2
3
42
1
91
2
43
4
39
4
58
2
30
4
47
0
1
1
74
3
99
4
98
3
69
2
45
0
13
1
10
1
18
3
83
1
36
4
47
3
31
2
10
4
76
4
72
0
96
4
22
4
1
0
37
3
87
1
73
2
80
1
40
3
70
3
18
0
21
4
19
2
48
3
16
4
96
2
69
1
68
2
24
2
40
2
35
2
52
2
15
2
46
0
88
2
18
0
54
2
2
4
29
4
80
3
82
1
93
1
36
2
26
4
84
1
39
2
51
4
57
2
20
4
7
0
7
0
56
3
35
2
11
1
17
1
30
2
39
2
18
2
62
0
95
3
75
3
96
1
85
2
66
1
41
0
40
1
82
3
90
1
74
2
89
4
8
2
25
4
77
1
26
1
19
0
59
4
91
0
96
3
70
1
77
4
37
2
36
4
27
3
89
1
58
1
46
0
14
4
56
1
46
1
91
2
8
3
46
4
95
0
43
2
40
0
82
2
77
3
23
3
40
3
97
0
37
0
88
4
44
4
43
3
74
0
36
0
39
0
32
4
71
0
10
1
78
2
85
2
20
4
43
1
99
3
42
1
40
2
21
1
49
0
9
3
30
1
90
0
88
3
99
2
49
0
29
2
0
3
77
2
87
2
38
3
1
1
73
3
82
3
79
0
59
0
23
3
92
4
62
3
57
3
6
3
1
3
72
1
3
3
29
2
10
4
24
2
40
4
26
0
56
1
60
3
58
0
62
2
93
1
92
2
25
2
34
3
72
0
43
3
23
3
70
3
71
2
23
1
17
0
69
4
61
4
9
1
4
4
93
1
69
1
43
3
22
3
35
0
16
0
4
2
7
2
37
1
88
1
20
2
62
4
57
1
87
3
46
4
34
2
23
4
81
3
84
3
41
1
94
3
37
1
3
1
28
3
10
1
98
4
56
2
42
3
93
3
68
2
15
1
24
1
17
3
74
2
91
0
94
1
25
0
90
0
12
0
67
4
65
3
47
0
95
0
45
3
41
0
93
2
75
4
55
2
98
2
0
1
37
4
60
2
66
3
19
2
33
4
40
0
79
3
27
0
1
3
34
3
8
0
20
0
7
3
20
0
20
1
4
3
79
2
91
3
70
1
99
2
76
3
49
4
46
0
24
1
80
1
10
2
9
3
4
0
80
4
64
4
46
2
76
0
98
2
77
3
52
1
78
2
14
4
95
3
4
3
17
2
57
1
88
3
31
3
10
0
44
4
83
1
67
0
73
3
28
3
71
4
14
1
10
1
35
3
58
3
8
2
43
1
70
1
23
4
51
2
55
2
48
4
63
2
47
4
8
4
76
2
57
0
91
1
9
2
53
4
44
1
1
2
29
4
47
0
0
4
72
4
28
1
98
4
23
1
12
1
85
0
64
1
3
3
23
4
33
4
2
4
88
0
65
0
52
4
23
2
46
2
47
4
75
4
15
3
71
1
18
1
39
2
66
4
37
0
98
0
30
3
78
1
45
3
92
0
38
2
18
1
69
3
98
1
87
4
4
2
69
0
21
3
59
4
52
1
14
0
99
4
14
4
90
1
18
0
66
4
2
1
29
3
43
3
46
2
95
4
19
3
19
2
13
2
67
3
50
4
5
1
51
2
99
4
2
0
5
3
74
2
29
2
32
1
83
0
44
1
87
0
93
3
42
4
30
2
13
4
70
3
99
2
15
2
84
3
3
1
42
0
43
2
49
4
76
1
40
4
97
2
12
4
40
1
38
1
94
0
75
4
50
4
33
4
35
0
84
1
81
2
11
0
3
2
54
1
85
4
75
0
21
3
39
1
23
2
24
1
30
4
73
1
14
4
17
1
28
3
37
2
11
1
27
2
36
0
17
0
51
2
26
0
9
1
83
0
98
1
1
0
92
1
7
4
20
1
76
0
39
0
36
2
94
4
6
2
22
0
94
2
32
3
22
1
39
0
51
2
72
4
57
0
31
1
99
0
35
0
59
1
88
4
97
2
66
2
9
2
78
3
13
3
66
1
5
2
74
3
29
1
20
2
72
2
81
3
75
4
68
4
75
2
71
1
64
0
46
1
81
4
71
3
91
3
74
2
3
1
67
0
51
1
11
1
8
2
10
4
45
0
95
2
98
1
87
3
50
1
48
0
9
0
40
0
46
0
4
3
98
4
73
2
82
1
79
1
85
3
56
2
86
1
88
4
33
2
83
0
0
0
4
0
5
4
64
0
13
0
0
0
56
2
59
0
47
4
90
3
84
4
74
0
2
1
12
0
87
3
40
0
75
4
32
0
52
0
66
3
94
3
85
4
91
2
13
3
39
1
35
3
75
2
80
4
60
2
59
4
9
4
59
2
14
0
53
0
30
4
71
4
21
3
64
2
21
4
90
0
28
4
61
0
74
0
85
1
41
2
82
1
37
2
14
4
49
0
11
4
55
1
4
1
27
0
29
4
98
3
18
0
10
3
44
2
6
0
85
1
45
1
77
3
70
2
7
3
81
1
82
0
36
4
26
1
93
3
49
3
87
0
62
1
14
1
97
3
48
4
89
0
58
1
6
1
13
0
15
0
78
1
56
0
3
2
84
2
48
3
79
2
14
2
49
2
20
0
65
4
95
2
11
1
87
1
96
0
82
1
21
1
63
1
43
0
92
3
96
3
84
4
64
4
56
2
16
2
42
0
4
1
84
3
65
3
95
1
86
2
76
0
73
0
10
3
91
2
17
3
57
2
4
2
89
3
2
2
7
3
57
3
89
2
94
2
36
2
9
4
20
2
70
2
63
4
61
3
0
2
80
3
95
1
15
1
52
2
5
0
35
3
41
3
13
0
4
3
22
3
7
4
53
0
84
4
90
0
15
4
61
2
98
3
46
0
32
4
3
2
44
1
17
1
15
0
64
3
79
2
5
3
16
4
80
1
6
0
55
2
80
1
88
4
98
4
19
4
2
4
62
3
72
4
47
4
41
1
26
2
50
4
42
0
25
0
74
1
22
1
29
4
96
3
65
0
41
3
77
4
77
0
98
1
69
3
99
3
81
2
73
1
57
2
99
4
94
4
6
4
31
4
3
3
82
1
58
3
96
4
5
2
89
2
38
2
48
4
97
1
61
3
86
4
82
4
21
3
88
3
41
1
71
2
13
2
39
1
97
1
50
3
58
1
33
1
39
2
72
2
24
3
32
1
15
3
38
1
7
2
17
3
53
3
11
2
81
1
43
4
11
2
59
0
42
3
29
0
61
3
3
2
9
2
54
1
4
3
9
3
57
3
89
0
72
4
18
4
87
2
52
0
25
0
90
0
46
0
79
2
85
4
38
4
44
0
25
0
9
4
56
0
16
4
84
0
59
0
84
2
87
3
74
4
63
4
96
0
33
2
14
1
12
0
30
0
26
4
81
0
59
0
15
4
84
2
28
0
39
3
81
1
12
0
4
0
47
2
56
3
60
1
46
3
37
3
43
3
1
4
19
2
97
2
13
1
91
3
70
2
47
1
35
1
59
0
60
4
70
1
20
2
41
4
16
2
91
2
99
3
48
3
77
4
91
0
36
0
21
4
27
4
20
3
82
0
81
4
2
4
13
3
12
3
14
2
17
0
31
0
30
0
44
3
37
0
18
0
34
3
87
2
51
0
57
1
9
2
44
0
10
3
70
4
40
4
51
2
25
0
39
1
43
2
14
1
55
0
15
1
92
3
15
2
17
1
23
1
63
1
65
1
23
3
57
0
90
4
7
0
32
3
98
4
74
2
68
4
49
4
98
3
9
4
61
1
0
1
20
3
59
2
42
0
17
3
47
3
74
2
56
0
83
2
97
0
21
3
62
2
10
2
32
0
44
0
25
3
49
2
1
4
73
3
67
0
96
4
56
4
61
1
41
2
23
0
48
4
4
0
1
3
47
4
55
0
5
3
88
4
61
4
72
1
8
1
36
1
7
0
12
1
61
0
77
0
27
0
0
3
11
4
73
1
47
1
99
0
67
2
58
2
44
4
74
3
87
3
34
4
35
3
80
2
58
3
25
4
16
3
84
4
97
0
7
2
93
2
70
0
29
1
73
4
30
0
77
0
71
0
19
1
99
4
52
3
90
3
79
3
61
0
22
1
96
0
98
0
9
2
58
3
66
3
69
