6
46
7
89
8
10
4
86
8
30
8
30
5
54
7
24
5
28
6
99
7
95
7
29
4
84
7
27
7
79
8
40
8
35
5
45
5
89
7
59
7
98
8
17
4
64
5
86
4
35
8
67
5
7
4
87
4
29
8
19
6
68
8
26
5
39
7
58
8
20
5
29
8
18
6
69
6
38
4
89
5
49
7
47
8
35
5
19
4
39
4
44
6
9
4
66
6
35
4
89
4
55
8
96
7
69
8
88
8
16
7
98
8
40
4
55
5
39
5
87
6
69
8
30
7
19
7
59
7
56
8
60
7
86
6
9
5
58
7
5
7
64
6
54
6
66
4
99
6
65
8
20
6
5
8
70
8
28
8
45
5
58
8
96
4
75
6
6
7
46
5
95
6
47
8
40
8
60
5
34
8
50
4
5
5
78
7
99
8
99
7
69
6
49
4
17
4
14
5
19
7
87
5
39
8
50
7
35
5
14
8
80
8
76
4
99
8
26
8
5
4
39
7
89
5
77
5
84
4
44
6
74
7
19
4
25
8
20
6
49
7
19
8
99
6
69
5
69
6
28
2
40
6
39
6
56
6
19
6
49
4
89
6
19
4
58
6
6
8
30
7
84
7
86
5
97
5
39
6
29
8
88
5
39
6
55
8
60
5
24
8
10
4
9
4
59
7
39
6
15
5
19
4
34
6
39
6
19
6
66
4
99
7
79
7
99
5
89
6
69
5
45
0
40
5
86
6
94
5
78
6
89
8
10
6
29
8
80
5
29
5
19
4
59
8
95
4
99
6
74
5
79
8
40
6
39
8
30
7
89
5
59
5
49
4
18
8
60
5
49
5
95
6
9
7
49
8
99
4
47
5
44
4
86
6
79
7
27
6
44
7
99
4
39
4
89
8
48
8
47
7
78
4
39
4
39
4
36
8
75
0
10
5
79
6
89
5
24
8
47
5
99
7
46
4
44
6
25
5
49
4
9
6
34
4
94
4
89
7
99
6
49
4
29
5
4
7
79
6
89
6
39
7
5
5
77
7
86
7
79
4
59
4
27
7
96
8
66
7
59
7
9
7
5
7
76
5
7
7
29
5
14
8
28
5
44
8
26
4
59
4
64
7
59
4
66
6
97
5
96
6
29
6
38
7
76
4
47
7
27
6
74
7
75
6
27
5
19
4
69
8
65
8
10
5
8
8
97
5
69
5
47
7
26
7
39
4
19
4
8
6
9
6
39
5
89
4
24
6
66
8
60
5
89
7
49
8
38
6
27
8
85
7
88
7
45
5
98
7
39
5
7
5
29
2
14
5
99
8
60
6
42
7
97
7
69
6
19
5
28
5
19
7
78
6
95
4
98
5
29
0
90
4
16
4
69
8
69
7
49
4
95
4
49
7
45
4
97
6
79
8
59
6
99
5
4
5
39
7
61
6
69
7
19
6
37
4
40
4
79
7
29
4
5
7
38
7
9
0
20
4
9
6
24
0
20
5
8
7
79
6
95
6
74
5
99
6
79
7
49
8
50
4
28
4
84
4
14
6
9
7
8
0
80
8
68
8
50
6
79
1
99
6
79
7
56
5
78
6
18
8
95
7
8
7
19
6
59
5
89
7
35
6
14
4
48
8
87
5
69
4
77
7
29
7
75
8
18
4
14
5
39
7
59
7
9
6
47
4
74
5
27
8
55
6
59
6
49
8
67
6
49
8
10
8
80
6
59
4
95
5
9
6
57
8
48
5
5
6
29
8
50
0
0
8
76
8
30
5
99
8
27
5
11
5
89
0
64
5
7
3
27
8
37
8
6
8
90
4
69
4
56
8
27
6
49
6
49
8
79
8
19
7
75
5
19
5
39
6
69
8
40
4
99
0
30
7
79
5
49
7
96
4
39
6
19
5
69
7
99
5
89
8
8
6
69
4
25
7
59
8
56
5
18
4
99
4
18
7
94
5
19
4
69
8
6
5
29
7
47
7
49
6
99
8
20
7
18
6
17
6
69
6
54
8
9
5
55
6
99
8
6
4
9
7
78
6
29
6
36
5
87
4
48
5
89
4
97
7
46
7
34
6
17
7
74
7
99
6
19
6
88
7
3
1
46
4
47
6
49
8
80
4
44
8
99
6
16
4
40
5
39
5
98
4
79
7
54
8
37
8
39
4
88
5
85
6
15
4
7
6
58
5
89
8
79
4
25
7
39
5
27
6
28
4
34
8
77
5
18
8
20
5
29
7
39
6
15
5
29
6
39
4
19
4
55
6
29
4
9
5
87
4
98
5
5
4
96
5
9
7
24
5
79
4
39
4
39
6
98
8
10
6
26
4
98
6
36
7
22
5
39
4
55
6
76
8
60
4
35
5
99
4
39
4
59
5
89
8
99
6
69
6
9
6
79
7
17
7
69
5
9
6
78
7
29
4
24
6
76
6
85
7
79
8
70
8
79
6
75
5
68
4
49
5
81
8
71
7
95
7
78
6
7
5
69
4
55
5
15
5
9
5
14
8
49
4
99
6
98
5
89
6
54
5
49
4
9
0
40
4
49
4
8
7
99
8
77
6
86
5
79
5
89
7
59
6
89
5
89
8
37
6
87
0
0
4
8
4
9
8
68
4
17
0
0
0
59
6
59
4
49
7
94
7
88
8
78
4
6
5
16
4
89
6
44
4
79
8
36
4
56
4
66
7
98
7
89
8
95
6
17
7
38
5
39
7
79
5
84
7
64
6
59
8
10
8
60
6
18
4
57
0
30
8
75
8
25
7
68
6
25
7
94
4
29
4
65
4
78
4
89
5
45
6
86
5
37
6
18
8
48
4
11
8
59
5
8
5
29
4
29
8
99
7
19
0
10
7
48
6
9
4
89
5
49
5
79
6
74
6
9
7
85
5
86
4
39
8
26
5
97
7
49
7
89
4
66
5
18
5
99
7
49
8
90
4
59
5
9
5
17
4
19
4
79
5
59
4
3
6
88
6
48
7
79
6
18
6
49
5
24
4
69
8
99
6
15
5
89
5
99
4
86
5
25
5
67
5
47
4
96
7
99
7
88
8
68
8
60
6
19
6
46
4
8
5
88
7
69
7
99
5
89
6
79
4
77
0
10
7
95
6
19
7
59
6
8
6
89
7
6
6
9
7
59
7
89
6
98
6
39
6
9
7
24
5
74
6
67
8
65
6
4
5
84
7
99
5
19
5
56
6
9
4
39
7
45
7
13
0
4
7
22
7
7
8
57
0
84
7
94
4
19
8
65
6
99
7
49
4
36
8
7
6
48
5
19
5
19
4
68
7
79
6
9
7
19
4
84
5
9
4
59
5
84
5
89
8
99
8
20
8
6
8
66
7
76
8
50
8
45
5
29
5
54
4
46
4
29
4
78
1
26
5
29
8
96
7
69
1
41
7
79
8
80
4
99
5
69
7
99
7
85
6
77
5
59
6
99
8
98
8
10
8
35
8
7
7
86
5
59
7
99
8
5
6
89
6
39
2
48
8
99
5
65
7
89
4
86
8
25
7
89
7
45
5
75
6
17
6
39
5
99
4
54
7
59
5
37
5
39
6
76
6
28
7
36
5
19
7
39
5
9
6
19
7
57
7
15
6
85
5
47
8
15
6
59
4
46
7
29
4
65
7
7
6
9
6
58
5
8
7
9
3
59
7
89
4
76
8
20
8
90
6
56
4
29
0
90
4
49
4
79
6
89
8
40
8
48
4
29
4
9
8
60
4
19
8
88
4
59
0
84
6
89
7
78
8
67
8
99
4
37
6
18
5
16
0
30
4
29
8
85
4
59
4
19
8
88
6
29
4
39
3
85
5
16
4
8
4
49
6
59
6
64
5
49
7
39
7
47
7
1
8
20
6
99
6
17
5
95
6
74
6
49
5
39
5
59
0
60
7
74
4
24
6
45
8
20
6
95
6
99
7
49
7
79
8
95
4
39
4
21
8
30
7
24
7
86
4
85
8
6
8
17
7
16
7
18
6
19
4
35
0
30
4
48
7
39
4
19
4
38
7
89
6
55
4
57
5
9
6
48
0
10
6
74
7
41
8
55
6
29
4
39
5
47
6
18
1
59
4
19
5
96
7
19
6
19
5
27
5
67
5
69
5
27
7
59
0
90
8
10
4
36
7
99
8
74
6
69
8
50
8
99
7
9
8
65
1
0
4
24
7
59
6
46
4
19
7
49
7
78
6
59
4
87
6
99
4
21
7
66
5
14
6
36
4
48
4
29
7
49
6
5
8
77
7
69
4
99
8
60
8
65
5
45
6
27
4
49
8
8
4
1
7
49
8
59
4
9
7
89
8
61
8
76
5
9
5
39
5
9
4
16
5
65
4
79
4
29
0
0
7
15
8
77
5
49
1
99
4
69
6
59
6
48
8
78
7
89
7
38
8
39
6
84
6
59
7
29
4
19
7
88
8
99
4
9
6
97
5
74
4
29
5
71
4
30
4
79
4
75
4
19
5
99
8
56
6
94
7
79
7
65
4
26
5
99
4
99
4
8
6
59
7
69
7
69
