8
48
9
91
9
12
6
88
9
32
9
32
7
56
8
26
7
29
8
99
9
97
9
31
6
86
9
29
9
81
9
42
9
37
7
47
7
89
9
61
9
99
9
19
6
66
7
88
6
37
9
69
7
9
6
89
6
29
9
21
8
70
9
28
7
39
9
60
10
22
7
29
9
20
8
70
8
40
6
89
7
49
9
49
9
37
7
19
6
39
6
46
8
10
6
68
8
37
6
89
6
57
9
98
9
71
9
90
9
18
9
99
9
42
6
57
7
39
7
89
8
70
9
32
9
21
9
61
9
58
9
62
9
88
8
10
7
59
9
7
8
66
8
56
8
68
6
99
8
67
10
22
8
7
9
72
9
30
9
47
7
59
9
98
6
77
8
8
9
48
7
97
8
49
9
42
9
62
7
36
10
52
6
7
7
79
9
99
9
99
9
71
8
50
6
19
6
16
7
19
9
89
7
39
10
52
9
37
7
16
10
82
9
78
6
99
9
28
9
7
6
39
9
91
7
79
7
86
6
46
8
76
9
21
6
27
10
22
8
50
9
21
9
99
8
70
7
69
8
30
2
40
8
40
8
58
8
20
8
50
6
89
8
20
6
59
8
8
9
32
8
86
9
88
7
99
7
39
8
30
9
90
7
39
8
57
9
62
7
26
9
12
6
9
6
59
9
41
8
17
7
19
6
36
8
40
8
20
8
68
6
99
9
81
9
99
7
89
8
70
7
47
0
40
7
88
8
96
7
79
8
90
9
12
8
30
10
82
7
29
7
19
6
59
9
97
6
99
8
76
7
79
9
42
8
40
9
32
9
91
7
59
7
49
6
19
9
62
7
49
7
97
8
10
9
51
9
99
6
49
7
46
6
88
8
80
9
29
8
46
9
99
6
39
6
89
9
50
9
49
9
80
6
39
6
39
6
38
9
77
0
10
7
79
8
90
7
26
9
49
7
99
9
48
6
46
8
27
7
49
6
9
8
36
6
96
6
89
9
99
8
50
6
29
7
6
9
81
8
90
8
40
9
7
7
79
9
88
9
81
6
59
6
29
9
98
9
68
9
61
9
11
9
7
9
78
7
9
9
31
7
16
9
30
7
46
9
26
6
59
6
66
9
61
6
68
8
99
7
98
8
30
8
40
9
78
6
49
9
29
8
76
9
77
8
29
7
19
6
69
9
67
9
12
7
9
9
99
7
69
7
49
9
28
9
41
6
19
6
9
8
10
8
40
7
89
6
26
8
68
9
62
7
89
9
51
9
40
8
29
9
87
9
90
9
47
7
99
9
41
7
9
7
29
2
16
7
99
9
62
8
42
9
99
9
71
8
20
7
29
7
19
9
80
8
97
6
99
7
29
0
90
6
18
6
69
9
71
9
51
6
95
6
49
9
47
6
99
8
80
9
61
8
99
7
6
7
39
9
61
8
70
9
21
8
39
4
40
6
79
9
31
6
7
9
40
9
11
0
20
6
9
8
26
0
20
7
9
9
81
8
97
8
76
7
99
8
80
9
51
10
52
6
29
6
86
6
16
8
10
9
10
0
80
9
70
10
52
8
80
1
99
8
80
9
58
7
78
8
20
8
95
9
10
9
21
8
60
7
89
9
37
8
16
6
49
9
89
7
69
6
79
9
31
9
77
9
20
6
16
7
39
9
61
9
11
8
49
6
76
7
29
9
57
8
60
8
50
9
69
8
50
9
12
10
82
8
60
6
97
7
9
8
59
9
50
7
7
8
30
10
52
0
0
9
78
9
32
7
99
9
29
7
11
7
89
0
64
7
9
3
29
9
39
9
8
9
92
6
69
6
58
9
29
8
50
8
50
9
81
9
21
9
77
7
19
7
39
8
70
9
42
6
99
0
30
9
81
7
49
9
98
6
39
8
20
7
69
9
99
7
89
9
10
8
70
6
27
9
61
9
58
7
19
6
99
4
19
8
96
7
19
6
69
9
8
7
29
9
49
9
51
8
99
10
22
9
18
8
19
8
70
8
56
9
11
7
57
8
99
9
8
6
9
9
80
8
30
8
38
7
89
6
49
7
89
6
99
9
48
8
36
8
19
8
76
9
99
8
20
8
90
9
3
1
48
6
49
8
50
10
82
6
46
9
99
8
18
4
40
7
39
7
99
6
79
8
56
9
39
9
41
6
89
7
87
8
17
6
9
8
60
7
89
9
81
6
27
9
41
7
29
8
30
6
36
9
79
7
19
10
22
7
29
9
41
8
17
7
29
8
40
6
19
6
57
8
30
6
9
7
89
6
98
7
7
6
98
7
9
8
26
7
79
6
39
6
39
8
99
9
12
8
28
6
99
8
38
9
22
7
39
6
57
8
78
9
62
6
37
7
99
6
39
6
59
7
89
9
99
8
70
8
10
8
80
9
19
9
71
7
9
8
80
9
31
6
26
8
78
8
87
9
81
9
72
9
81
8
77
7
69
6
49
7
81
9
71
9
97
9
80
8
9
7
69
6
57
7
17
7
9
7
16
9
51
6
99
8
98
7
89
8
56
7
49
6
9
0
40
6
49
6
9
9
99
9
79
8
88
7
79
7
89
9
61
8
90
7
89
9
39
8
89
0
0
6
9
6
9
9
70
6
19
0
0
0
59
8
60
6
49
8
96
9
90
9
80
6
8
7
18
6
89
8
46
6
79
9
38
6
58
6
66
9
99
9
91
9
97
8
19
9
38
7
39
9
81
7
86
8
66
8
60
9
12
9
62
8
20
6
59
0
30
9
77
9
27
9
70
8
27
8
96
6
29
4
67
6
79
6
89
7
47
8
88
7
37
8
20
9
48
6
11
9
61
7
9
7
29
6
29
9
99
9
21
0
10
9
50
8
10
6
89
7
49
7
79
8
76
8
10
9
87
7
88
6
39
9
26
7
99
9
51
9
91
6
68
7
19
7
99
9
51
9
92
6
59
7
9
7
19
6
19
6
79
7
59
6
3
8
90
8
48
9
81
8
20
8
50
7
26
6
69
9
99
8
17
7
89
7
99
6
88
7
27
7
69
7
49
6
98
9
99
9
90
9
70
9
62
8
20
8
48
6
9
7
89
9
71
9
99
7
89
8
80
6
79
0
10
9
97
8
20
9
61
8
10
8
90
9
8
8
10
9
61
9
91
8
99
8
40
8
10
8
26
7
76
8
69
9
67
8
6
7
86
9
99
7
19
7
58
8
10
6
39
9
47
9
13
0
4
9
22
9
7
9
59
0
84
8
96
6
19
9
67
8
99
9
51
6
38
9
9
8
50
7
19
7
19
6
69
9
81
8
10
9
21
4
86
7
9
6
59
7
86
7
89
9
99
10
22
9
8
9
68
9
78
10
52
9
47
7
29
7
56
4
48
6
29
6
79
1
28
7
29
9
96
9
71
1
41
9
81
10
82
6
99
7
69
9
99
9
87
8
79
7
59
8
99
9
99
9
12
9
37
9
9
9
88
7
59
9
99
8
5
8
90
8
40
2
48
9
99
7
67
9
91
4
88
9
27
9
91
9
47
7
77
8
19
8
40
7
99
6
56
9
61
7
39
7
39
8
78
8
30
9
38
7
19
9
41
7
9
8
20
9
59
9
17
8
87
7
49
9
17
8
60
6
48
9
31
6
67
9
9
8
10
8
60
7
9
9
11
3
59
9
91
6
78
10
22
9
92
8
58
6
29
0
90
6
49
6
79
8
90
9
42
9
50
6
29
6
9
9
62
6
19
9
90
6
59
0
84
8
90
9
80
9
69
9
99
6
39
8
20
7
18
0
30
6
29
9
87
6
59
6
19
9
90
8
30
6
39
3
87
7
18
6
9
6
49
8
60
8
66
7
49
9
41
9
49
9
1
10
22
8
99
8
19
7
97
8
76
8
50
7
39
7
59
0
60
8
76
6
26
8
47
10
22
8
97
8
99
9
51
9
81
9
97
6
39
6
21
9
32
8
26
9
88
6
87
9
8
9
19
9
18
9
20
8
20
6
37
0
30
6
49
9
41
6
19
6
39
9
91
8
57
6
57
7
9
8
50
0
10
8
76
9
41
9
57
8
30
6
39
7
49
8
20
1
59
6
19
7
98
9
21
8
20
7
29
7
69
7
69
7
29
9
61
0
90
9
12
6
38
9
99
9
74
8
70
10
52
9
99
9
9
9
67
1
0
6
26
9
59
8
48
6
19
9
51
9
80
8
60
6
89
8
99
6
21
9
68
7
16
8
38
6
49
6
29
9
51
8
7
9
79
9
71
6
99
9
62
9
67
7
47
8
29
6
49
9
10
6
1
9
51
9
61
6
9
9
91
9
61
9
78
7
9
7
39
7
9
6
18
7
67
6
79
6
29
0
0
9
17
9
79
7
49
1
99
6
69
8
60
8
50
9
80
9
91
9
40
9
41
8
86
8
60
9
31
4
19
9
90
9
99
6
9
8
99
7
76
6
29
7
71
4
30
6
79
6
77
6
19
7
99
9
58
8
96
9
81
9
67
6
28
7
99
6
99
6
8
8
60
9
71
9
71
