6
9
6
89
7
98
5
35
7
5
5
97
8
67
4
29
5
25
7
14
8
60
8
40
6
38
4
45
7
49
5
35
8
80
6
89
6
64
6
85
6
14
4
15
8
56
6
27
8
90
4
66
6
36
4
34
8
47
4
49
5
28
8
75
5
69
0
0
8
35
5
19
8
55
4
59
6
28
8
99
7
56
7
25
8
99
6
67
8
37
8
20
8
90
7
89
6
4
7
38
6
55
4
55
7
4
7
74
7
3
5
79
4
19
8
70
6
79
4
28
8
95
8
30
7
39
7
76
6
66
7
57
6
47
4
79
8
80
8
16
5
47
4
49
7
37
7
34
7
29
5
99
6
99
8
98
6
47
8
10
5
19
7
79
7
49
6
19
6
8
5
79
4
4
6
19
6
87
5
19
8
8
5
75
4
79
4
15
8
79
5
79
4
19
7
5
5
29
5
69
7
49
8
90
5
59
4
38
7
67
8
40
5
75
4
69
6
34
5
16
4
29
5
29
7
59
5
59
8
48
4
79
5
47
5
66
8
56
5
39
8
60
6
19
7
19
5
9
4
9
6
25
8
97
4
86
5
89
6
24
5
36
0
20
4
39
8
40
7
39
8
98
5
99
5
89
4
69
4
49
7
58
8
30
5
89
4
49
5
79
4
89
8
20
7
56
5
69
4
36
5
49
5
29
7
6
5
49
4
29
5
59
6
75
5
69
7
35
4
38
7
74
5
9
8
65
5
39
5
69
7
79
8
99
8
50
7
89
8
70
8
37
4
98
5
58
8
79
4
69
5
99
5
69
4
69
6
49
8
38
7
49
7
79
7
69
5
59
4
79
5
49
7
35
7
65
4
69
4
67
6
56
4
99
6
24
6
69
4
9
6
19
5
86
4
64
5
45
8
48
7
75
4
75
6
9
8
88
5
36
8
40
8
65
4
38
5
79
4
5
4
19
4
97
6
89
6
98
6
49
7
29
4
39
4
47
5
39
5
99
6
58
6
56
8
30
6
19
8
29
6
69
4
57
8
10
5
19
4
39
8
89
5
99
2
10
5
25
5
69
7
48
8
25
6
19
6
86
7
96
8
60
6
8
4
87
6
14
5
69
6
29
7
59
4
96
7
39
5
79
5
36
8
89
5
77
6
39
7
34
8
10
4
79
6
79
8
20
4
7
7
84
7
19
4
49
6
77
7
19
7
54
4
76
6
89
7
99
7
39
6
69
4
4
6
97
5
65
7
99
7
89
4
74
4
59
5
66
6
68
4
19
7
49
7
45
6
89
7
74
4
9
6
65
4
29
7
9
7
59
5
19
5
94
1
39
6
99
8
20
7
56
6
94
6
34
6
58
4
97
7
6
8
90
0
59
5
6
7
89
7
44
4
89
5
54
7
66
4
27
6
99
8
38
8
58
8
26
6
19
3
17
5
39
7
99
6
58
6
4
7
89
4
19
6
46
8
16
4
99
6
49
4
89
8
18
7
69
6
15
4
29
7
9
4
95
0
90
6
99
5
78
5
69
5
74
5
59
6
84
8
35
7
69
4
19
4
99
5
29
4
14
7
17
8
58
6
44
6
39
8
10
5
55
4
36
8
27
7
59
7
98
7
4
7
79
4
97
4
4
8
10
5
99
8
11
7
5
7
49
5
9
5
75
6
29
5
59
4
69
4
69
5
29
5
68
5
67
4
74
4
89
5
19
6
57
4
89
4
99
6
38
8
65
8
99
5
55
6
26
4
69
7
46
7
29
7
85
4
59
7
37
7
79
6
54
8
87
7
39
5
39
7
89
8
60
0
66
4
59
4
38
5
59
5
59
6
66
7
66
4
54
8
50
6
99
6
34
4
18
8
79
6
34
5
39
7
69
0
90
4
9
7
67
8
38
4
26
8
65
5
9
4
99
8
37
4
96
6
85
8
30
4
24
5
99
0
40
6
87
8
21
6
49
7
76
3
89
6
89
4
9
7
39
4
56
7
46
7
69
8
30
6
6
8
10
8
20
4
69
7
59
7
89
7
29
8
96
7
99
7
4
7
46
6
39
6
19
7
39
5
69
4
48
7
49
6
96
8
40
8
98
8
80
5
86
4
27
5
99
7
29
4
85
6
4
6
88
8
85
7
19
4
9
6
29
6
49
5
34
4
65
4
49
4
45
8
50
7
97
6
81
7
37
5
58
8
88
6
9
4
79
7
89
6
69
8
50
4
49
7
49
5
19
4
28
6
68
6
46
8
29
8
37
5
19
4
49
8
96
6
6
6
29
8
50
8
40
6
51
8
16
5
49
4
24
5
79
6
89
4
65
4
9
4
38
8
37
4
88
6
59
6
59
4
65
5
89
5
8
6
9
5
86
7
76
8
10
8
99
4
46
6
18
8
30
6
29
5
98
8
10
8
59
6
88
7
68
5
45
5
79
4
6
8
67
5
79
6
29
6
38
7
59
4
85
8
35
7
42
6
89
6
29
4
96
0
0
4
76
4
64
4
79
8
37
6
57
4
19
4
45
4
89
8
6
4
58
8
53
6
19
4
89
6
29
4
44
4
66
4
99
4
4
7
91
8
50
6
59
5
54
5
58
4
14
6
88
4
85
7
19
6
87
4
5
7
38
6
4
4
18
7
37
7
85
5
49
5
19
4
27
6
5
7
66
4
49
5
34
4
89
8
60
4
47
7
66
4
79
0
50
8
65
6
88
4
44
5
89
6
64
6
74
6
59
5
74
8
65
4
64
7
99
8
77
7
49
5
74
6
59
5
9
5
69
4
34
4
96
7
7
5
99
3
9
6
19
7
79
8
70
6
9
8
97
6
37
6
39
4
79
7
9
5
6
6
14
7
6
7
96
7
79
7
6
7
48
6
39
6
49
8
75
7
69
4
49
4
39
7
27
7
9
8
60
8
99
1
99
5
67
4
84
4
4
5
59
7
64
4
94
4
38
6
34
7
58
8
76
8
15
7
59
6
8
5
47
5
29
4
9
6
89
6
69
5
9
6
71
4
79
4
89
4
64
7
64
4
58
4
97
4
46
6
9
7
74
4
39
4
97
6
37
7
57
7
69
5
99
4
29
5
14
7
79
2
19
7
19
4
57
4
79
8
49
6
49
7
7
5
55
7
9
4
45
6
97
8
25
7
26
7
38
5
68
7
69
8
90
8
10
5
47
6
49
4
14
5
65
6
24
4
69
5
59
5
59
8
28
5
59
8
50
7
68
8
90
5
89
8
99
6
96
7
44
6
79
6
53
8
69
5
17
4
37
1
97
5
69
8
98
5
26
4
33
4
19
4
96
5
44
2
68
5
56
5
24
6
17
5
59
8
79
5
99
7
39
5
36
6
25
5
99
8
89
8
50
7
16
7
26
7
16
4
29
4
46
7
49
7
66
0
30
8
20
8
29
7
48
4
48
4
84
5
39
8
90
5
74
6
39
4
14
5
94
6
97
8
45
5
21
5
78
5
17
5
86
7
45
4
89
6
86
8
49
5
94
5
19
0
10
6
29
6
79
7
49
7
58
4
34
5
48
2
88
4
87
7
29
4
35
5
65
7
15
4
47
7
78
8
22
7
9
8
90
6
29
5
29
5
8
8
80
7
29
7
74
5
39
5
14
8
30
7
87
4
9
7
49
6
29
2
94
8
99
4
97
4
38
4
49
8
29
6
34
6
26
7
39
7
7
4
9
4
75
8
88
6
69
5
17
8
68
4
19
8
99
6
29
6
79
4
26
4
59
6
94
6
14
4
88
4
49
6
47
5
79
5
95
6
94
7
58
5
69
5
4
0
80
5
95
4
69
5
55
6
99
5
19
5
59
5
88
7
55
5
39
6
87
8
20
4
85
7
9
5
78
7
89
6
79
5
79
6
39
4
74
5
6
7
34
5
88
7
99
8
10
0
70
7
69
7
8
5
19
7
85
6
79
6
49
4
27
3
69
7
89
0
10
6
65
7
39
5
17
6
16
8
25
8
95
5
89
8
96
1
20
7
79
7
29
6
6
7
9
8
60
8
69
6
57
0
0
8
18
5
5
5
89
6
39
6
68
3
48
7
39
4
49
4
36
4
69
6
19
5
35
8
56
4
99
8
85
4
47
8
90
8
78
7
39
7
59
8
56
8
90
8
70
6
49
4
28
0
40
5
9
5
29
6
75
8
96
6
19
5
49
4
24
6
59
4
99
6
18
8
89
5
5
3
15
7
54
7
26
8
50
5
67
8
50
8
60
6
77
5
9
8
98
5
59
7
86
6
66
4
57
7
14
6
87
7
66
4
89
5
55
5
18
7
57
6
65
8
89
8
70
7
39
7
18
5
88
8
9
6
5
6
59
5
79
5
59
8
29
1
69
5
34
8
77
4
99
6
19
5
68
6
76
7
38
5
49
7
89
4
9
8
36
7
15
7
45
0
50
7
99
4
9
7
7
7
57
7
69
7
79
8
80
7
84
6
69
5
49
1
29
5
64
5
89
4
36
6
89
6
9
8
99
6
76
5
59
5
29
5
57
7
86
