9
14
9
94
9
99
9
44
9
14
9
99
9
74
9
34
9
34
12
24
9
64
9
44
9
44
13
55
17
59
9
44
18
90
9
94
9
74
9
94
12
24
13
25
9
64
9
34
9
94
9
74
9
44
9
44
15
57
14
56
9
34
13
85
9
74
0
0
9
44
15
27
9
64
9
64
9
34
9
99
9
64
9
34
9
99
9
74
9
44
18
30
9
94
9
94
9
14
9
44
9
64
9
64
9
14
12
84
9
3
15
87
14
26
9
74
16
88
9
34
9
99
9
34
9
44
14
86
9
74
9
64
15
57
14
86
18
90
14
26
15
57
14
56
9
44
9
44
9
34
9
99
9
99
9
99
15
57
9
14
15
27
17
89
17
59
16
28
9
14
15
87
9
14
16
28
9
94
15
27
9
14
13
85
14
86
13
25
17
89
15
87
14
26
9
14
9
34
9
74
17
59
9
94
9
64
9
44
9
67
9
44
13
85
9
74
9
44
14
26
9
34
9
34
9
64
9
64
16
58
14
86
15
57
9
74
9
64
9
44
9
64
16
28
17
29
9
14
9
14
9
34
9
99
9
94
9
94
9
34
9
44
0
20
9
44
9
44
9
44
9
99
9
99
9
94
9
74
14
56
9
64
9
34
9
94
14
56
15
87
9
94
18
30
9
64
9
74
9
44
15
57
9
34
9
14
15
57
9
34
9
64
13
85
9
74
9
44
9
44
12
84
9
14
9
74
9
44
9
74
17
89
9
99
18
60
9
94
9
74
9
44
9
99
9
58
17
89
9
74
9
99
9
74
9
74
16
58
9
44
17
59
17
89
9
74
9
64
14
86
15
57
9
44
9
74
9
74
9
74
9
64
9
99
9
34
9
74
9
14
16
28
9
94
9
74
13
55
16
58
13
85
13
85
9
14
9
94
9
36
9
44
8
65
9
44
15
87
9
14
14
26
9
99
9
94
9
99
16
58
9
34
9
44
14
56
9
44
9
99
9
64
9
64
9
34
16
28
9
34
9
74
9
64
9
14
15
27
9
44
9
94
9
99
2
10
9
34
9
74
16
58
9
34
16
28
9
94
9
99
9
64
9
14
9
94
12
24
9
74
9
34
9
64
9
99
9
44
15
87
9
44
9
94
15
87
9
44
9
44
9
14
14
86
16
88
18
30
9
14
9
94
17
29
14
56
15
87
17
29
9
64
14
86
9
94
9
99
9
44
9
74
9
14
9
99
9
74
9
99
9
94
12
84
9
64
9
74
9
74
14
26
17
59
13
55
9
94
12
84
9
14
9
74
9
34
9
14
9
64
15
27
9
99
1
39
9
99
18
30
9
64
9
99
9
44
9
64
9
97
9
14
9
94
0
59
9
14
9
94
12
54
9
94
9
64
9
74
9
34
9
99
9
44
9
64
9
26
16
28
3
19
9
44
9
99
9
64
9
14
9
94
14
26
14
56
14
26
9
99
16
58
9
94
16
28
9
74
8
15
9
34
9
14
9
99
0
90
9
99
15
87
9
74
12
84
9
64
9
94
9
44
9
74
14
26
9
99
9
34
12
24
15
27
9
64
12
54
9
44
9
14
9
64
9
44
9
34
9
64
9
99
9
14
17
89
9
99
9
14
9
14
9
99
9
11
9
14
17
59
9
14
13
85
9
34
9
64
9
74
9
74
9
34
9
74
9
74
12
84
9
94
15
27
9
64
9
94
9
99
9
44
8
65
9
99
9
64
9
34
9
74
14
56
9
34
9
94
9
64
9
44
17
89
9
64
9
94
9
44
9
44
9
94
9
64
0
66
9
64
9
44
9
64
9
64
9
74
9
74
9
64
18
60
9
99
9
44
14
26
17
89
9
44
9
44
9
74
0
90
9
14
9
67
9
44
9
34
9
74
9
14
9
99
9
44
9
99
9
94
9
34
9
34
9
99
0
40
9
94
18
21
16
58
14
86
3
89
9
94
9
14
9
44
9
64
14
56
9
74
9
34
9
6
9
14
18
30
9
74
9
64
9
94
9
34
9
99
9
99
9
14
14
56
9
44
16
28
9
44
9
74
9
48
17
59
9
99
9
44
9
99
18
90
9
94
9
34
9
99
9
34
9
94
9
3
9
94
9
94
17
29
9
14
9
34
16
58
9
44
9
74
14
56
13
55
18
60
9
99
16
81
9
44
9
64
9
94
9
14
14
86
9
94
9
74
18
60
14
56
17
59
15
27
9
34
9
74
14
56
9
34
9
44
15
27
14
56
9
99
9
14
9
34
18
60
9
44
16
51
14
26
15
57
9
34
15
87
9
94
9
74
9
14
9
44
9
44
9
94
9
64
9
64
9
74
9
94
9
14
9
14
9
94
14
86
9
14
9
99
14
56
16
28
9
34
9
34
9
99
9
14
9
64
9
94
9
68
13
55
15
87
9
14
9
74
15
87
9
34
9
43
9
64
9
94
9
44
9
36
9
94
9
34
9
99
0
0
14
86
9
63
14
86
9
44
9
57
14
26
13
55
9
94
9
14
9
64
18
52
16
28
9
94
9
34
12
54
9
74
9
99
9
14
9
91
18
60
9
64
15
52
9
64
12
24
9
94
9
94
17
29
9
94
9
14
9
44
9
14
4
18
9
44
8
85
15
57
15
27
9
34
9
14
9
74
14
56
9
44
9
94
9
64
14
56
9
74
14
86
0
50
9
74
9
94
12
54
9
94
9
74
12
84
9
64
12
84
9
74
9
74
9
99
9
77
17
59
12
84
9
64
9
14
9
74
9
44
9
99
9
14
9
99
3
9
9
19
17
89
9
74
9
14
9
99
9
44
9
44
14
86
9
14
9
6
12
24
9
14
9
99
17
89
9
14
16
58
9
44
16
58
13
85
9
74
14
56
4
39
9
34
9
14
9
64
9
99
1
99
9
74
9
94
9
14
9
64
9
74
9
99
9
44
9
44
9
64
14
86
13
25
9
64
9
14
15
57
9
34
9
14
9
94
9
74
9
14
9
71
14
86
9
94
9
56
9
74
9
64
9
99
14
56
9
14
12
84
9
44
4
99
9
44
9
64
9
74
9
99
9
34
12
24
17
89
2
19
17
29
9
57
14
86
17
59
16
58
9
14
9
64
9
14
13
55
9
99
9
34
9
34
9
38
9
74
9
74
9
94
9
14
15
57
16
58
12
24
9
74
9
34
9
74
9
64
9
64
9
34
9
64
18
60
9
74
9
94
9
94
9
99
9
99
12
54
16
88
16
52
9
74
15
27
9
44
1
99
9
74
9
99
9
34
9
33
14
26
9
99
12
54
2
68
9
64
9
34
15
27
9
64
17
89
9
99
9
44
9
44
9
34
9
99
9
94
18
60
14
26
9
34
14
26
4
29
14
56
17
59
9
74
0
30
18
30
9
34
9
48
14
56
14
82
9
44
9
94
12
84
9
44
12
24
9
99
9
99
13
55
15
21
15
87
15
27
9
94
13
55
9
94
9
94
17
59
9
99
15
27
0
10
9
34
16
88
17
59
9
64
9
44
9
48
2
89
9
94
9
34
9
44
9
74
13
25
14
56
16
88
18
22
9
14
9
94
9
34
9
34
9
14
18
90
9
34
12
84
9
44
12
24
9
34
9
94
9
14
17
59
9
34
2
99
9
99
9
99
9
38
14
56
9
34
9
44
9
34
9
44
9
14
9
14
13
85
9
94
9
74
15
27
9
74
14
26
9
99
9
34
16
88
9
34
9
64
9
99
12
24
9
94
14
56
15
57
15
87
9
99
9
94
9
64
9
74
9
14
0
80
9
99
9
74
9
64
9
99
15
27
9
64
9
94
9
64
9
44
9
94
18
30
9
94
9
14
15
87
9
94
16
88
15
87
9
44
12
84
9
14
9
44
9
94
9
99
9
14
0
70
9
74
9
14
15
27
9
94
16
88
16
58
9
34
3
69
9
94
0
10
9
74
9
44
15
27
14
26
9
34
9
99
9
94
9
99
1
20
17
89
9
34
9
14
9
14
9
64
9
74
9
64
0
0
16
28
9
14
9
94
9
44
9
74
3
48
9
44
14
56
9
44
9
74
16
28
9
44
9
64
9
99
9
94
14
56
9
94
16
88
9
44
9
64
9
64
9
94
9
74
16
58
9
34
0
40
9
14
9
34
13
85
9
99
16
28
15
57
9
34
9
64
9
99
16
28
9
94
8
5
3
19
9
64
9
34
18
60
9
74
18
60
9
64
15
87
9
14
9
99
9
64
9
94
9
74
9
64
12
24
9
94
9
74
4
89
9
64
15
27
9
57
9
74
9
94
9
74
9
44
16
28
9
94
9
14
8
5
9
64
15
87
9
64
9
34
1
69
9
44
15
87
9
99
16
28
9
74
14
86
9
38
15
57
9
94
9
14
9
36
13
25
13
55
0
50
9
99
9
14
9
14
9
64
9
74
17
89
18
90
9
94
9
74
15
57
1
29
9
74
9
94
9
36
9
94
9
14
9
99
14
86
9
64
9
34
9
64
9
94
