9
12
9
92
9
99
9
39
9
9
9
99
9
71
8
30
9
29
9
18
9
64
9
44
9
42
8
49
11
53
9
39
12
84
9
92
9
68
9
89
9
18
8
19
9
60
9
31
9
94
8
70
9
40
8
38
9
51
8
50
9
31
9
79
9
71
0
0
9
39
9
21
9
59
8
60
9
32
9
99
9
60
9
29
9
99
9
71
9
41
12
24
9
94
9
93
9
8
9
42
9
59
8
59
9
8
9
78
9
3
9
81
8
20
9
74
10
82
8
30
9
99
9
34
9
43
9
80
9
70
9
61
9
51
8
80
12
84
9
20
9
51
8
50
9
41
9
38
9
33
9
99
9
99
9
99
9
51
9
14
9
21
11
83
11
53
10
22
9
12
9
81
8
8
10
22
9
91
9
21
9
12
9
79
8
80
8
19
11
83
9
81
8
20
9
9
9
31
9
71
11
53
9
94
9
61
8
40
9
67
9
44
9
79
8
70
9
38
9
20
8
30
9
31
9
63
9
61
10
52
8
80
9
51
9
70
9
60
9
41
9
64
10
22
11
23
9
11
8
10
9
29
9
99
8
90
9
91
9
28
9
40
0
20
8
40
9
44
9
43
9
99
9
99
9
91
8
70
8
50
9
62
9
34
9
91
8
50
9
81
8
90
12
24
9
60
9
71
8
40
9
51
9
31
9
10
9
51
8
30
9
61
9
79
9
71
9
39
8
40
9
78
9
11
9
69
9
41
9
71
11
83
9
99
12
54
9
93
9
74
9
41
8
99
9
58
11
83
8
70
9
99
9
71
8
70
10
52
9
42
11
53
11
83
9
73
9
61
8
80
9
51
9
39
9
69
8
70
8
70
9
60
8
99
9
28
9
72
8
10
10
22
9
90
8
68
9
49
10
52
9
79
8
79
9
12
9
92
9
36
9
44
8
65
8
40
9
81
8
9
8
20
8
99
9
92
9
99
10
52
9
33
8
40
8
50
9
41
9
99
9
62
9
60
9
34
10
22
9
33
9
72
8
60
9
14
9
21
8
40
9
93
9
99
2
10
9
29
9
71
10
52
9
29
10
22
9
90
9
99
9
64
9
12
8
90
9
18
9
71
9
32
9
63
8
99
9
43
9
81
9
40
9
93
9
81
9
42
9
38
9
14
8
80
10
82
12
24
8
10
9
88
11
23
8
50
9
81
11
23
9
58
8
80
9
92
9
99
9
43
9
72
8
8
9
99
9
69
9
99
9
93
8
78
8
60
9
70
9
72
8
20
11
53
9
49
9
92
9
78
8
10
9
69
8
30
9
13
9
63
9
21
9
98
1
39
9
99
12
24
9
60
9
98
9
38
9
62
8
97
9
10
9
94
0
59
9
10
9
93
9
48
8
90
9
58
9
70
8
30
9
99
9
42
9
62
9
26
10
22
3
19
9
41
9
99
9
62
9
8
9
93
8
20
9
50
9
20
8
99
10
52
8
90
10
22
9
73
8
15
8
30
9
13
8
99
0
90
9
99
9
81
9
71
9
78
9
61
9
88
9
39
9
73
8
20
8
99
9
31
8
18
9
21
9
62
9
48
9
42
9
14
9
59
8
40
9
31
9
63
9
99
9
8
11
83
8
99
8
8
9
14
9
99
9
11
9
9
11
53
9
11
9
79
9
32
9
61
8
70
8
70
9
31
9
71
9
71
8
78
8
90
9
21
9
61
8
90
8
99
9
42
8
65
9
99
9
59
9
30
8
70
9
50
9
33
9
89
8
60
9
41
11
83
9
58
9
91
9
43
9
41
9
93
9
64
0
66
8
60
8
40
9
61
9
61
9
70
9
70
8
58
12
54
9
99
9
38
8
20
11
83
9
38
9
41
9
73
0
90
8
10
9
67
9
42
8
30
9
69
9
11
8
99
9
41
8
99
9
89
9
34
8
28
9
99
0
40
9
91
12
21
10
52
9
80
3
89
9
92
8
10
9
43
8
60
9
50
9
73
9
34
9
6
9
14
12
24
8
70
9
63
9
93
9
33
9
99
9
99
9
8
9
50
9
42
10
22
9
43
9
71
8
48
11
53
9
99
9
44
9
99
12
84
9
90
8
30
9
99
9
33
8
89
9
3
9
92
9
89
11
23
8
10
9
32
10
52
9
38
8
69
8
50
8
49
12
54
9
99
10
81
9
41
9
61
9
92
9
12
8
80
9
93
9
72
12
54
8
50
11
53
9
21
8
30
9
72
9
50
9
33
9
41
9
21
8
50
9
99
9
10
9
32
12
54
9
44
10
51
9
20
9
51
8
28
9
81
9
92
8
69
8
10
8
40
9
41
8
90
9
62
9
62
8
69
9
91
9
11
9
12
9
90
9
80
9
14
9
99
8
50
10
22
9
34
9
32
9
99
9
14
9
63
9
92
9
68
9
49
9
81
8
10
9
71
9
81
9
32
9
41
9
63
8
89
9
39
9
38
9
92
9
32
8
99
0
0
8
80
8
64
8
80
9
41
9
57
8
20
8
49
8
90
9
10
8
60
12
52
10
22
8
90
9
32
8
48
8
70
8
99
8
8
9
91
12
54
9
62
9
53
9
61
8
18
9
92
8
89
11
23
9
91
8
9
9
42
9
8
4
18
9
41
8
85
9
51
9
21
8
30
9
9
9
70
8
50
9
38
8
90
9
64
8
50
9
70
8
80
0
50
9
69
9
92
8
48
9
91
9
68
9
78
9
62
9
78
9
69
8
68
9
99
9
77
11
53
9
78
9
62
9
11
9
71
8
38
8
99
9
11
9
99
3
9
9
19
11
83
9
74
9
12
9
99
9
41
9
42
8
80
9
13
9
6
9
18
9
10
9
99
11
83
9
10
10
52
9
42
10
52
9
79
9
73
8
50
4
39
9
31
9
13
9
64
9
99
1
99
9
71
8
88
8
8
9
61
9
68
8
98
8
40
9
38
9
62
9
80
9
19
9
63
9
12
9
51
9
31
8
10
9
92
9
72
9
11
9
71
8
80
8
90
8
60
9
68
8
60
8
99
8
50
9
12
9
78
8
40
4
99
9
41
9
61
9
73
9
99
8
30
9
18
11
83
2
19
11
23
8
57
8
80
11
53
10
52
9
11
9
59
9
13
8
49
9
99
9
29
9
30
9
38
9
71
9
73
9
94
9
14
9
51
10
52
8
18
9
69
9
28
8
70
9
61
9
61
9
32
9
61
12
54
9
72
9
94
9
91
9
99
9
99
9
48
10
82
10
52
9
73
9
21
8
40
1
99
9
71
9
99
9
30
8
33
8
20
8
99
9
48
2
68
9
60
9
28
9
21
9
61
11
83
9
99
9
43
9
40
9
29
9
99
9
93
12
54
9
20
9
30
9
20
4
29
8
50
11
53
9
70
0
30
12
24
9
33
9
48
8
50
8
84
9
41
9
94
9
78
9
42
8
18
9
98
9
99
9
49
9
21
9
81
9
21
9
90
9
49
8
90
9
90
11
53
9
98
9
21
0
10
9
32
10
82
11
53
9
62
8
38
9
48
2
89
8
90
9
33
8
39
9
69
9
19
8
50
10
82
12
22
9
13
9
94
9
32
9
31
9
11
12
84
9
33
9
78
9
41
9
18
9
34
9
91
8
10
11
53
9
32
2
98
9
99
8
99
8
38
8
50
9
33
9
38
9
30
9
43
9
11
8
10
8
79
9
92
9
72
9
21
9
72
8
20
9
99
9
32
10
82
8
30
8
60
9
98
9
18
8
90
8
50
9
51
9
81
9
99
9
94
9
62
9
71
9
8
0
80
9
99
8
70
9
59
9
99
9
21
9
61
9
91
9
59
9
41
9
91
12
24
8
89
9
13
9
81
9
93
10
82
9
81
9
42
8
78
9
10
9
38
9
91
9
99
9
14
0
70
9
73
9
12
9
21
9
89
10
82
10
52
8
30
3
69
9
93
0
10
9
69
9
43
9
21
9
20
9
29
9
99
9
91
9
99
1
20
11
83
9
33
9
10
9
13
9
64
9
73
9
61
0
0
10
22
9
9
9
91
9
42
9
72
3
48
9
43
8
50
8
40
8
70
10
22
9
39
9
60
8
99
9
89
8
50
9
94
10
82
9
43
9
63
9
60
9
94
9
74
10
52
8
30
0
40
9
11
9
31
9
79
9
99
10
22
9
51
8
28
9
62
8
99
10
22
9
93
8
5
3
19
9
58
9
30
12
54
9
71
12
54
9
64
9
81
9
11
9
99
9
61
9
90
9
70
8
60
9
18
9
91
9
70
4
89
9
59
9
21
9
57
9
69
9
93
9
74
9
43
10
22
9
91
9
13
8
5
9
62
9
81
9
61
9
33
1
69
9
38
9
81
8
99
10
22
9
71
9
80
9
38
9
51
9
93
8
10
9
36
9
19
9
49
0
50
9
99
8
10
9
11
9
61
9
73
11
83
12
84
9
88
9
72
9
51
1
29
9
68
9
91
8
36
9
92
9
12
9
99
9
80
9
61
9
31
9
61
9
90
