9
14
9
94
9
99
9
44
9
14
9
99
9
74
9
34
9
34
14
26
9
64
9
44
9
44
15
57
19
61
9
44
19
92
9
94
9
74
9
94
14
26
15
27
9
64
9
34
9
94
9
74
9
44
9
44
17
59
16
58
9
34
15
87
9
74
0
0
9
44
17
29
9
64
9
64
9
34
9
99
9
64
9
34
9
99
9
74
9
44
19
32
9
94
9
94
9
14
9
44
9
64
9
64
9
14
14
86
9
3
17
89
16
28
9
74
18
90
9
34
9
99
9
34
9
44
16
88
9
74
9
64
17
59
16
88
19
92
16
28
17
59
16
58
9
44
9
44
9
34
9
99
9
99
9
99
17
59
9
14
17
29
19
91
19
61
18
30
9
14
17
89
9
14
18
30
9
94
17
29
9
14
15
87
16
88
15
27
19
91
17
89
16
28
9
14
9
34
9
74
19
61
9
94
9
64
9
44
9
67
9
44
15
87
9
74
9
44
16
28
9
34
9
34
9
64
9
64
18
60
16
88
17
59
9
74
9
64
9
44
9
64
18
30
19
31
9
14
9
14
9
34
9
99
9
94
9
94
9
34
9
44
0
20
9
44
9
44
9
44
9
99
9
99
9
94
9
74
16
58
9
64
9
34
9
94
16
58
17
89
9
94
19
32
9
64
9
74
9
44
17
59
9
34
9
14
17
59
9
34
9
64
15
87
9
74
9
44
9
44
14
86
9
14
9
74
9
44
9
74
19
91
9
99
19
62
9
94
9
74
9
44
9
99
9
58
19
91
9
74
9
99
9
74
9
74
18
60
9
44
19
61
19
91
9
74
9
64
16
88
17
59
9
44
9
74
9
74
9
74
9
64
9
99
9
34
9
74
9
14
18
30
9
94
9
74
15
57
18
60
15
87
15
87
9
14
9
94
9
36
9
44
8
65
9
44
17
89
9
14
16
28
9
99
9
94
9
99
18
60
9
34
9
44
16
58
9
44
9
99
9
64
9
64
9
34
18
30
9
34
9
74
9
64
9
14
17
29
9
44
9
94
9
99
2
10
9
34
9
74
18
60
9
34
18
30
9
94
9
99
9
64
9
14
9
94
14
26
9
74
9
34
9
64
9
99
9
44
17
89
9
44
9
94
17
89
9
44
9
44
9
14
16
88
18
90
19
32
9
14
9
94
19
31
16
58
17
89
19
31
9
64
16
88
9
94
9
99
9
44
9
74
9
14
9
99
9
74
9
99
9
94
14
86
9
64
9
74
9
74
16
28
19
61
15
57
9
94
14
86
9
14
9
74
9
34
9
14
9
64
17
29
9
99
1
39
9
99
19
32
9
64
9
99
9
44
9
64
9
97
9
14
9
94
0
59
9
14
9
94
14
56
9
94
9
64
9
74
9
34
9
99
9
44
9
64
9
26
18
30
3
19
9
44
9
99
9
64
9
14
9
94
16
28
16
58
16
28
9
99
18
60
9
94
18
30
9
74
8
15
9
34
9
14
9
99
0
90
9
99
17
89
9
74
14
86
9
64
9
94
9
44
9
74
16
28
9
99
9
34
14
26
17
29
9
64
14
56
9
44
9
14
9
64
9
44
9
34
9
64
9
99
9
14
19
91
9
99
9
14
9
14
9
99
9
11
9
14
19
61
9
14
15
87
9
34
9
64
9
74
9
74
9
34
9
74
9
74
14
86
9
94
17
29
9
64
9
94
9
99
9
44
8
65
9
99
9
64
9
34
9
74
16
58
9
34
9
94
9
64
9
44
19
91
9
64
9
94
9
44
9
44
9
94
9
64
0
66
9
64
9
44
9
64
9
64
9
74
9
74
9
64
19
62
9
99
9
44
16
28
19
91
9
44
9
44
9
74
0
90
9
14
9
67
9
44
9
34
9
74
9
14
9
99
9
44
9
99
9
94
9
34
9
34
9
99
0
40
9
94
19
21
18
60
16
88
3
89
9
94
9
14
9
44
9
64
16
58
9
74
9
34
9
6
9
14
19
32
9
74
9
64
9
94
9
34
9
99
9
99
9
14
16
58
9
44
18
30
9
44
9
74
9
48
19
61
9
99
9
44
9
99
19
92
9
94
9
34
9
99
9
34
9
94
9
3
9
94
9
94
19
31
9
14
9
34
18
60
9
44
9
74
16
58
15
57
19
62
9
99
18
81
9
44
9
64
9
94
9
14
16
88
9
94
9
74
19
62
16
58
19
61
17
29
9
34
9
74
16
58
9
34
9
44
17
29
16
58
9
99
9
14
9
34
19
62
9
44
18
51
16
28
17
59
9
34
17
89
9
94
9
74
9
14
9
44
9
44
9
94
9
64
9
64
9
74
9
94
9
14
9
14
9
94
16
88
9
14
9
99
16
58
18
30
9
34
9
34
9
99
9
14
9
64
9
94
9
68
15
57
17
89
9
14
9
74
17
89
9
34
9
43
9
64
9
94
9
44
9
36
9
94
9
34
9
99
0
0
16
88
9
63
16
88
9
44
9
57
16
28
15
57
9
94
9
14
9
64
19
52
18
30
9
94
9
34
14
56
9
74
9
99
9
14
9
91
19
62
9
64
17
52
9
64
14
26
9
94
9
94
19
31
9
94
9
14
9
44
9
14
4
18
9
44
8
85
17
59
17
29
9
34
9
14
9
74
16
58
9
44
9
94
9
64
16
58
9
74
16
88
0
50
9
74
9
94
14
56
9
94
9
74
14
86
9
64
14
86
9
74
9
74
9
99
9
77
19
61
14
86
9
64
9
14
9
74
9
44
9
99
9
14
9
99
3
9
9
19
19
91
9
74
9
14
9
99
9
44
9
44
16
88
9
14
9
6
14
26
9
14
9
99
19
91
9
14
18
60
9
44
18
60
15
87
9
74
16
58
4
39
9
34
9
14
9
64
9
99
1
99
9
74
9
94
9
14
9
64
9
74
9
99
9
44
9
44
9
64
16
88
15
27
9
64
9
14
17
59
9
34
9
14
9
94
9
74
9
14
9
71
16
88
9
94
9
56
9
74
9
64
9
99
16
58
9
14
14
86
9
44
4
99
9
44
9
64
9
74
9
99
9
34
14
26
19
91
2
19
19
31
9
57
16
88
19
61
18
60
9
14
9
64
9
14
15
57
9
99
9
34
9
34
9
38
9
74
9
74
9
94
9
14
17
59
18
60
14
26
9
74
9
34
9
74
9
64
9
64
9
34
9
64
19
62
9
74
9
94
9
94
9
99
9
99
14
56
18
90
18
52
9
74
17
29
9
44
1
99
9
74
9
99
9
34
9
33
16
28
9
99
14
56
2
68
9
64
9
34
17
29
9
64
19
91
9
99
9
44
9
44
9
34
9
99
9
94
19
62
16
28
9
34
16
28
4
29
16
58
19
61
9
74
0
30
19
32
9
34
9
48
16
58
16
82
9
44
9
94
14
86
9
44
14
26
9
99
9
99
15
57
17
21
17
89
17
29
9
94
15
57
9
94
9
94
19
61
9
99
17
29
0
10
9
34
18
90
19
61
9
64
9
44
9
48
2
89
9
94
9
34
9
44
9
74
15
27
16
58
18
90
19
22
9
14
9
94
9
34
9
34
9
14
19
92
9
34
14
86
9
44
14
26
9
34
9
94
9
14
19
61
9
34
2
99
9
99
9
99
9
38
16
58
9
34
9
44
9
34
9
44
9
14
9
14
15
87
9
94
9
74
17
29
9
74
16
28
9
99
9
34
18
90
9
34
9
64
9
99
14
26
9
94
16
58
17
59
17
89
9
99
9
94
9
64
9
74
9
14
0
80
9
99
9
74
9
64
9
99
17
29
9
64
9
94
9
64
9
44
9
94
19
32
9
94
9
14
17
89
9
94
18
90
17
89
9
44
14
86
9
14
9
44
9
94
9
99
9
14
0
70
9
74
9
14
17
29
9
94
18
90
18
60
9
34
3
69
9
94
0
10
9
74
9
44
17
29
16
28
9
34
9
99
9
94
9
99
1
20
19
91
9
34
9
14
9
14
9
64
9
74
9
64
0
0
18
30
9
14
9
94
9
44
9
74
3
48
9
44
16
58
9
44
9
74
18
30
9
44
9
64
9
99
9
94
16
58
9
94
18
90
9
44
9
64
9
64
9
94
9
74
18
60
9
34
0
40
9
14
9
34
15
87
9
99
18
30
17
59
9
34
9
64
9
99
18
30
9
94
8
5
3
19
9
64
9
34
19
62
9
74
19
62
9
64
17
89
9
14
9
99
9
64
9
94
9
74
9
64
14
26
9
94
9
74
4
89
9
64
17
29
9
57
9
74
9
94
9
74
9
44
18
30
9
94
9
14
8
5
9
64
17
89
9
64
9
34
1
69
9
44
17
89
9
99
18
30
9
74
16
88
9
38
17
59
9
94
9
14
9
36
15
27
15
57
0
50
9
99
9
14
9
14
9
64
9
74
19
91
19
92
9
94
9
74
17
59
1
29
9
74
9
94
9
36
9
94
9
14
9
99
16
88
9
64
9
34
9
64
9
94
