9
14
9
94
9
99
9
41
9
11
9
99
9
73
9
32
9
31
9
20
9
64
9
44
9
44
9
51
13
55
9
41
14
86
9
94
9
70
9
91
9
20
9
21
9
62
9
33
9
94
9
72
9
42
9
40
11
53
10
52
9
33
9
81
9
73
0
0
9
41
11
23
9
61
9
62
9
34
9
99
9
62
9
31
9
99
9
73
9
43
14
26
9
94
9
94
9
10
9
44
9
61
9
61
9
10
9
80
9
3
11
83
10
22
9
74
12
84
9
32
9
99
9
34
9
44
10
82
9
72
9
63
11
53
10
82
14
86
10
22
11
53
10
52
9
43
9
40
9
34
9
99
9
99
9
99
11
53
9
14
11
23
13
85
13
55
12
24
9
14
11
83
9
10
12
24
9
93
11
23
9
14
9
81
10
82
9
21
13
85
11
83
10
22
9
11
9
33
9
73
13
55
9
94
9
63
9
42
9
67
9
44
9
81
9
72
9
40
10
22
9
32
9
33
9
64
9
63
12
54
10
82
11
53
9
72
9
62
9
43
9
64
12
24
13
25
9
13
9
12
9
31
9
99
9
92
9
93
9
30
9
42
0
20
9
42
9
44
9
44
9
99
9
99
9
93
9
72
10
52
9
64
9
34
9
93
10
52
11
83
9
92
14
26
9
62
9
73
9
42
11
53
9
33
9
12
11
53
9
32
9
63
9
81
9
73
9
41
9
42
9
80
9
13
9
71
9
43
9
73
13
85
9
99
14
56
9
94
9
74
9
43
9
99
9
58
13
85
9
72
9
99
9
73
9
72
12
54
9
44
13
55
13
85
9
74
9
63
10
82
11
53
9
41
9
71
9
72
9
72
9
62
9
99
9
30
9
74
9
12
12
24
9
92
9
70
9
51
12
54
9
81
9
81
9
14
9
94
9
36
9
44
8
65
9
42
11
83
9
11
10
22
9
99
9
94
9
99
12
54
9
34
9
42
10
52
9
43
9
99
9
64
9
62
9
34
12
24
9
34
9
74
9
62
9
14
11
23
9
42
9
94
9
99
2
10
9
31
9
73
12
54
9
31
12
24
9
92
9
99
9
64
9
14
9
92
9
20
9
73
9
34
9
64
9
99
9
44
11
83
9
42
9
94
11
83
9
44
9
40
9
14
10
82
12
84
14
26
9
12
9
90
13
25
10
52
11
83
13
25
9
60
10
82
9
94
9
99
9
44
9
74
9
10
9
99
9
71
9
99
9
94
9
80
9
62
9
72
9
74
10
22
13
55
9
51
9
94
9
80
9
12
9
71
9
32
9
14
9
64
11
23
9
99
1
39
9
99
14
26
9
62
9
99
9
40
9
64
9
97
9
12
9
94
0
59
9
12
9
94
9
50
9
92
9
60
9
72
9
32
9
99
9
44
9
64
9
26
12
24
3
19
9
43
9
99
9
64
9
10
9
94
10
22
10
52
10
22
9
99
12
54
9
92
12
24
9
74
8
15
9
32
9
14
9
99
0
90
9
99
11
83
9
73
9
80
9
63
9
90
9
41
9
74
10
22
9
99
9
33
9
20
11
23
9
64
9
50
9
44
9
14
9
61
9
42
9
33
9
64
9
99
9
10
13
85
9
99
9
10
9
14
9
99
9
11
9
11
13
55
9
13
9
81
9
34
9
63
9
72
9
72
9
33
9
73
9
73
9
80
9
92
11
23
9
63
9
92
9
99
9
44
8
65
9
99
9
61
9
32
9
72
10
52
9
34
9
91
9
62
9
43
13
85
9
60
9
93
9
44
9
43
9
94
9
64
0
66
9
62
9
42
9
63
9
63
9
72
9
72
9
60
14
56
9
99
9
40
10
22
13
85
9
40
9
43
9
74
0
90
9
12
9
67
9
44
9
32
9
71
9
13
9
99
9
43
9
99
9
91
9
34
9
30
9
99
0
40
9
93
14
21
12
54
10
82
3
89
9
94
9
12
9
44
9
62
10
52
9
74
9
34
9
6
9
14
14
26
9
72
9
64
9
94
9
34
9
99
9
99
9
10
10
52
9
44
12
24
9
44
9
73
9
48
13
55
9
99
9
44
9
99
14
86
9
92
9
32
9
99
9
34
9
91
9
3
9
94
9
91
13
25
9
12
9
34
12
54
9
40
9
71
10
52
9
51
14
56
9
99
12
81
9
43
9
63
9
94
9
14
10
82
9
94
9
74
14
56
10
52
13
55
11
23
9
32
9
74
10
52
9
34
9
43
11
23
10
52
9
99
9
12
9
34
14
56
9
44
12
51
10
22
11
53
9
30
11
83
9
94
9
71
9
12
9
42
9
43
9
92
9
64
9
64
9
71
9
93
9
13
9
14
9
92
10
82
9
14
9
99
10
52
12
24
9
34
9
34
9
99
9
14
9
64
9
94
9
68
9
51
11
83
9
12
9
73
11
83
9
34
9
43
9
64
9
91
9
41
9
36
9
94
9
34
9
99
0
0
10
82
9
63
10
82
9
43
9
57
10
22
9
51
9
92
9
12
9
62
14
52
12
24
9
92
9
34
9
50
9
72
9
99
9
10
9
91
14
56
9
64
11
52
9
63
9
20
9
94
9
91
13
25
9
93
9
11
9
44
9
10
4
18
9
43
8
85
11
53
11
23
9
32
9
11
9
72
10
52
9
40
9
92
9
64
10
52
9
72
10
82
0
50
9
71
9
94
9
50
9
93
9
70
9
80
9
64
9
80
9
71
9
70
9
99
9
77
13
55
9
80
9
64
9
13
9
73
9
40
9
99
9
13
9
99
3
9
9
19
13
85
9
74
9
14
9
99
9
43
9
44
10
82
9
14
9
6
9
20
9
12
9
99
13
85
9
12
12
54
9
44
12
54
9
81
9
74
10
52
4
39
9
33
9
14
9
64
9
99
1
99
9
73
9
90
9
10
9
63
9
70
9
99
9
42
9
40
9
64
10
82
9
21
9
64
9
14
11
53
9
33
9
12
9
94
9
74
9
13
9
71
10
82
9
92
9
58
9
70
9
62
9
99
10
52
9
14
9
80
9
42
4
99
9
43
9
63
9
74
9
99
9
32
9
20
13
85
2
19
13
25
9
57
10
82
13
55
12
54
9
13
9
61
9
14
9
51
9
99
9
31
9
32
9
38
9
73
9
74
9
94
9
14
11
53
12
54
9
20
9
71
9
30
9
72
9
63
9
63
9
34
9
63
14
56
9
74
9
94
9
93
9
99
9
99
9
50
12
84
12
52
9
74
11
23
9
42
1
99
9
73
9
99
9
32
9
33
10
22
9
99
9
50
2
68
9
62
9
30
11
23
9
63
13
85
9
99
9
44
9
42
9
31
9
99
9
94
14
56
10
22
9
32
10
22
4
29
10
52
13
55
9
72
0
30
14
26
9
34
9
48
10
52
10
82
9
43
9
94
9
80
9
44
9
20
9
99
9
99
9
51
11
21
11
83
11
23
9
92
9
51
9
92
9
92
13
55
9
99
11
23
0
10
9
34
12
84
13
55
9
64
9
40
9
48
2
89
9
92
9
34
9
41
9
71
9
21
10
52
12
84
14
22
9
14
9
94
9
34
9
33
9
13
14
86
9
34
9
80
9
43
9
20
9
34
9
93
9
12
13
55
9
34
2
99
9
99
9
99
9
38
10
52
9
34
9
40
9
32
9
44
9
13
9
12
9
81
9
94
9
74
11
23
9
74
10
22
9
99
9
34
12
84
9
32
9
62
9
99
9
20
9
92
10
52
11
53
11
83
9
99
9
94
9
64
9
73
9
10
0
80
9
99
9
72
9
61
9
99
11
23
9
63
9
93
9
61
9
43
9
93
14
26
9
91
9
14
11
83
9
94
12
84
11
83
9
44
9
80
9
12
9
40
9
93
9
99
9
14
0
70
9
74
9
14
11
23
9
91
12
84
12
54
9
32
3
69
9
94
0
10
9
71
9
44
11
23
10
22
9
31
9
99
9
93
9
99
1
20
13
85
9
34
9
12
9
14
9
64
9
74
9
63
0
0
12
24
9
11
9
93
9
44
9
74
3
48
9
44
10
52
9
42
9
72
12
24
9
41
9
62
9
99
9
91
10
52
9
94
12
84
9
44
9
64
9
62
9
94
9
74
12
54
9
32
0
40
9
13
9
33
9
81
9
99
12
24
11
53
9
30
9
64
9
99
12
24
9
94
8
5
3
19
9
60
9
32
14
56
9
73
14
56
9
64
11
83
9
13
9
99
9
63
9
92
9
72
9
62
9
20
9
93
9
72
4
89
9
61
11
23
9
57
9
71
9
94
9
74
9
44
12
24
9
93
9
14
8
5
9
64
11
83
9
63
9
34
1
69
9
40
11
83
9
99
12
24
9
73
10
82
9
38
11
53
9
94
9
12
9
36
9
21
9
51
0
50
9
99
9
12
9
13
9
63
9
74
13
85
14
86
9
90
9
74
11
53
1
29
9
70
9
93
9
36
9
94
9
14
9
99
10
82
9
63
9
33
9
63
9
92
