9
11
9
91
9
99
8
38
9
8
8
99
9
70
7
29
8
28
9
17
9
63
9
43
9
41
7
48
10
52
8
38
11
83
9
91
9
67
9
88
9
17
7
18
9
59
9
30
9
93
7
69
9
39
7
37
9
50
7
49
8
30
9
78
8
70
0
0
9
38
8
20
9
58
7
59
9
31
9
99
9
59
9
28
9
99
9
70
9
40
11
23
9
93
9
92
9
7
9
41
9
58
7
58
9
7
9
77
9
3
8
80
7
19
9
73
9
81
7
29
9
98
9
33
9
42
9
79
9
69
9
60
9
50
7
79
11
83
9
19
8
50
7
49
9
40
9
37
9
32
8
99
9
99
9
99
9
50
9
13
8
20
10
82
10
52
9
21
9
11
8
80
7
7
9
21
9
90
8
20
9
11
8
78
7
79
7
18
10
82
8
80
7
19
9
8
8
30
8
70
10
52
9
93
8
60
7
39
9
67
9
43
8
78
7
69
9
37
8
19
7
29
8
30
9
62
8
60
9
51
7
79
8
50
8
69
9
59
8
40
9
63
9
21
10
22
8
10
7
9
9
28
9
99
7
89
8
90
9
27
8
39
0
20
7
39
9
43
9
42
9
99
8
99
8
90
7
69
7
49
9
61
9
33
8
90
7
49
8
80
7
89
11
23
9
59
8
70
7
39
8
50
8
30
9
9
8
50
7
29
8
60
9
78
8
70
9
38
7
39
9
77
8
10
9
68
8
40
8
70
10
82
9
99
11
53
9
92
9
73
9
40
7
99
8
58
10
82
7
69
8
99
8
70
7
69
9
51
9
41
10
52
10
82
9
72
8
60
7
79
8
50
9
38
9
68
7
69
7
69
9
59
7
99
9
27
9
71
7
9
9
21
8
89
7
67
8
48
9
51
9
78
7
78
9
11
9
91
8
36
9
43
8
65
7
39
8
80
7
8
7
19
7
99
9
91
9
99
9
51
9
32
7
39
7
49
8
40
8
99
9
61
9
59
9
33
9
21
9
32
9
71
7
59
9
13
8
20
7
39
9
92
8
99
2
10
8
28
8
70
9
51
9
28
9
21
9
89
9
99
9
63
9
11
7
89
9
17
8
70
9
31
9
62
7
99
9
42
8
80
8
39
9
92
8
80
9
41
9
37
9
13
7
79
9
81
11
23
7
9
9
87
10
22
7
49
9
80
10
22
9
57
7
79
9
91
9
99
9
42
9
71
7
7
9
99
8
68
9
99
9
92
7
77
7
59
8
69
9
71
7
19
10
52
9
48
9
91
9
77
7
9
9
68
7
29
9
12
9
62
8
20
8
97
1
39
9
99
11
23
9
59
9
97
9
37
9
61
7
97
9
9
9
93
0
59
8
9
9
92
9
47
7
89
8
57
9
69
7
29
9
99
9
41
9
61
9
26
9
21
3
19
8
40
9
99
9
61
9
7
9
92
7
19
9
49
9
19
7
99
9
51
7
89
9
21
9
72
8
15
7
29
9
12
7
98
0
90
9
99
8
80
8
70
8
77
8
60
9
87
9
38
9
72
7
19
7
99
8
30
7
17
9
20
9
61
9
47
9
41
9
13
8
58
7
39
9
30
9
62
9
99
9
7
10
82
7
99
7
7
9
13
8
99
9
11
9
8
10
52
8
10
8
78
9
31
8
60
7
69
7
69
8
30
8
70
8
70
7
77
7
89
8
20
9
60
7
89
7
99
9
41
8
65
9
99
8
58
9
29
7
69
9
49
9
32
9
88
7
59
9
40
10
82
9
57
9
90
9
42
8
40
9
92
9
63
0
66
7
59
7
39
8
60
8
60
9
69
9
69
7
57
11
53
9
99
9
37
7
19
10
82
9
37
8
40
9
72
0
90
7
9
9
67
9
41
7
29
9
68
8
10
7
99
9
40
7
99
9
88
9
33
7
27
8
99
0
40
9
90
11
21
9
51
9
79
3
89
9
91
7
9
9
42
7
59
9
49
9
72
9
33
9
6
9
13
11
23
7
69
9
62
9
92
9
32
9
99
9
99
9
7
9
49
9
41
9
21
9
42
8
70
7
48
10
52
9
99
9
43
9
99
11
83
8
89
7
29
8
99
9
32
7
88
9
3
9
91
9
88
10
22
7
9
9
31
9
51
8
37
7
68
7
49
7
48
11
53
9
99
9
81
9
40
8
60
9
91
9
11
7
79
9
92
9
71
11
53
7
49
10
52
8
20
7
29
9
71
9
49
9
32
9
40
8
20
7
49
9
99
9
9
9
31
11
53
9
43
9
51
9
19
8
50
7
27
8
80
9
91
7
68
7
9
7
39
9
40
7
89
9
61
9
61
7
68
8
90
8
10
9
11
8
89
9
79
9
13
9
99
7
49
9
21
9
33
9
31
8
99
9
13
9
62
9
91
9
68
8
48
8
80
7
9
9
70
8
80
9
31
9
40
9
62
7
88
9
38
9
39
9
91
9
31
7
99
0
0
7
79
7
64
7
79
9
40
9
57
7
19
7
48
7
89
9
9
7
59
11
52
9
21
7
89
9
31
7
47
7
69
7
99
7
7
9
91
11
53
9
61
8
54
8
60
7
17
9
91
7
88
10
22
9
90
7
8
9
41
9
7
4
18
9
40
8
85
8
50
8
20
7
29
9
8
9
69
7
49
8
37
7
89
9
63
7
49
9
69
7
79
0
50
9
68
9
91
7
47
8
90
9
67
9
77
9
61
8
77
9
68
7
67
9
99
9
77
10
52
8
77
9
61
8
10
8
70
7
37
7
99
9
10
8
99
3
9
9
19
10
82
9
73
9
11
9
99
9
40
9
41
7
79
9
12
8
6
9
17
9
9
9
99
10
82
9
9
9
51
9
41
9
51
9
78
9
72
7
49
4
39
9
30
9
12
9
63
9
99
1
99
8
70
7
87
7
7
8
60
9
67
7
97
7
39
9
37
9
61
9
79
9
18
9
62
9
11
8
50
8
30
7
9
9
91
9
71
8
10
9
71
7
79
7
89
7
61
9
67
7
59
7
99
7
49
9
11
9
77
7
39
4
99
9
40
9
60
9
72
8
99
7
29
8
17
10
82
2
19
10
22
7
57
7
79
10
52
9
51
9
10
8
58
9
12
7
48
9
99
9
28
9
29
9
38
8
70
9
72
9
93
9
13
8
50
9
51
7
17
8
68
9
27
7
69
8
60
8
60
9
31
8
60
11
53
9
71
9
93
8
90
9
99
9
99
9
47
9
81
9
53
9
72
8
20
7
39
1
99
8
70
9
99
8
29
7
33
7
19
7
99
8
47
2
68
8
59
8
27
9
20
8
60
10
82
8
99
9
42
8
39
9
28
8
99
9
92
11
53
9
19
9
29
9
19
4
29
7
49
10
52
9
69
0
30
11
23
9
32
9
48
7
49
7
84
8
40
9
93
8
77
9
41
7
17
8
97
9
99
9
48
8
21
8
80
8
20
8
89
9
48
7
89
9
89
10
52
8
97
8
20
0
10
9
31
9
81
10
52
9
61
7
37
8
48
2
89
7
89
9
32
7
38
8
68
9
18
7
49
9
81
11
22
9
12
9
93
9
31
8
30
8
10
11
83
9
32
9
77
8
40
8
17
9
33
9
90
7
9
10
52
9
31
2
97
9
99
7
99
7
38
7
49
9
32
9
37
9
29
9
42
9
10
7
9
7
78
9
91
9
71
8
20
9
71
7
19
9
99
9
31
9
81
7
29
7
59
9
97
9
17
7
89
7
49
9
50
8
80
8
98
9
94
9
61
8
70
8
7
0
80
8
98
7
69
8
58
9
99
8
20
8
60
8
90
9
58
8
40
9
90
11
23
7
88
9
12
8
80
9
92
9
81
8
80
9
41
7
77
8
9
9
37
8
90
9
99
9
13
0
70
9
72
9
11
8
20
9
88
9
81
9
51
7
29
3
69
9
92
0
10
9
68
9
42
8
20
9
19
9
28
9
98
8
90
9
99
1
20
10
82
9
32
9
9
9
12
9
63
9
72
9
60
0
0
9
21
8
8
8
90
9
41
9
71
3
48
9
42
7
49
7
39
7
69
9
21
8
38
9
59
7
99
9
88
7
49
9
93
9
81
9
42
9
62
9
59
9
93
9
73
9
51
7
29
0
40
8
10
8
30
9
78
9
99
9
21
8
50
7
27
9
61
7
99
9
21
9
92
8
5
3
18
9
57
9
29
11
53
8
70
11
53
9
63
9
80
8
10
9
99
8
60
9
89
9
69
7
59
9
17
9
90
9
69
4
89
8
58
8
20
9
57
9
68
9
92
9
73
9
42
9
21
8
90
9
12
8
5
9
61
8
80
8
60
9
32
1
69
8
37
9
80
7
99
9
21
8
70
9
79
9
38
8
50
9
92
7
9
9
36
9
18
9
48
0
50
9
99
7
9
9
10
9
60
9
72
10
82
11
83
9
87
9
71
8
50
1
29
8
67
8
90
7
36
9
91
9
11
9
99
9
79
8
60
8
30
8
60
9
89
