8
10
8
90
9
99
7
37
9
7
7
99
9
69
6
29
7
27
8
16
9
62
9
42
8
40
6
47
9
51
7
37
10
82
8
90
8
66
8
87
8
16
6
17
9
58
8
29
9
92
6
68
8
38
6
36
9
49
6
49
7
29
9
77
7
69
0
0
9
37
7
19
9
57
6
59
8
30
9
99
9
58
9
27
9
99
8
69
9
39
10
22
9
92
9
91
8
6
9
40
8
57
6
57
8
6
8
76
9
3
7
79
6
19
9
72
8
80
6
29
9
97
9
32
9
41
9
78
8
68
9
59
8
49
6
79
10
82
9
18
7
49
6
49
9
39
8
36
9
31
7
99
8
99
9
99
8
49
9
12
7
19
9
81
9
51
8
20
8
10
7
79
6
6
8
20
8
89
7
19
9
10
7
77
6
79
6
17
9
81
7
79
6
19
9
7
7
29
7
69
9
51
9
92
7
59
6
39
9
67
9
42
7
77
6
69
8
36
7
18
6
29
7
29
9
61
7
59
9
50
6
79
7
49
7
68
9
58
7
39
9
62
8
20
9
21
7
9
6
9
8
27
9
99
6
88
7
89
8
26
7
38
0
20
6
39
9
42
9
41
9
99
7
99
7
89
6
69
6
49
9
60
9
32
7
89
6
49
7
79
6
89
10
22
9
58
7
69
6
38
7
49
7
29
9
8
7
49
6
29
7
59
8
77
7
69
9
37
6
39
8
76
7
9
9
67
7
39
7
69
9
81
9
99
10
52
9
91
9
72
9
39
6
99
7
58
9
81
6
69
7
99
7
69
6
69
8
50
9
40
9
51
9
81
9
71
7
59
6
79
7
49
9
37
9
67
6
69
6
69
8
58
6
99
8
26
8
70
6
9
8
20
7
88
6
66
7
47
9
50
9
77
6
77
8
10
9
90
7
36
9
42
8
65
6
39
7
79
6
7
6
19
6
99
8
90
8
99
8
50
9
31
6
39
6
49
7
39
7
99
8
60
8
58
9
32
8
20
9
31
8
70
6
59
9
12
7
19
6
39
9
91
7
99
2
10
7
27
7
69
9
50
9
27
8
20
8
88
9
98
9
62
8
10
6
89
8
16
7
69
8
30
9
61
6
98
9
41
7
79
7
38
9
91
7
79
8
40
8
36
9
12
6
79
8
80
10
22
6
9
8
86
9
21
6
49
8
79
9
21
8
56
6
78
8
90
9
99
9
41
8
70
6
6
8
99
7
67
9
99
9
91
6
76
6
59
7
68
8
70
6
19
9
51
9
47
8
90
8
76
6
9
8
67
6
29
9
11
9
61
7
19
7
96
1
39
8
99
10
22
9
58
8
96
8
36
8
60
6
97
9
8
9
92
0
59
7
8
9
91
8
46
6
89
7
56
9
68
6
29
8
99
9
40
9
60
9
26
8
20
3
19
7
39
9
99
8
60
8
6
9
91
6
19
8
48
9
18
6
99
8
50
6
89
9
20
9
71
8
15
6
29
9
11
6
97
0
90
8
99
7
79
7
69
7
76
7
59
8
86
9
37
9
71
6
19
6
99
7
29
6
16
9
19
9
60
8
46
8
40
9
12
7
57
6
38
9
29
9
61
9
99
8
6
9
81
6
99
6
6
9
12
7
99
9
11
9
7
9
51
7
9
7
77
8
30
7
59
6
69
6
69
7
29
7
69
7
69
6
76
6
89
7
19
8
59
6
89
6
99
8
40
8
65
9
99
7
57
8
28
6
69
9
48
9
31
9
87
6
59
9
39
9
81
8
56
9
89
9
41
7
39
9
91
9
62
0
66
6
59
6
39
7
59
7
59
8
68
9
68
6
56
10
52
8
99
8
36
6
19
9
81
8
36
7
39
9
71
0
90
6
9
9
67
9
40
6
28
9
67
7
9
6
99
9
39
6
98
8
87
9
32
6
26
7
99
0
40
8
89
10
21
8
50
9
78
3
89
8
90
6
9
9
41
6
58
9
48
9
71
9
32
8
6
9
12
10
22
6
69
9
61
9
91
9
31
9
98
9
99
8
6
9
48
8
40
8
20
9
41
7
69
6
48
9
51
8
98
9
42
9
99
10
82
7
88
6
29
7
99
9
31
6
87
8
4
8
90
9
87
9
21
6
9
8
30
8
50
7
36
6
67
6
49
6
47
10
52
9
99
8
81
9
39
7
59
9
90
8
10
6
79
9
91
8
70
10
52
6
49
9
51
7
19
6
29
8
70
8
48
9
31
9
39
7
19
6
49
9
98
8
8
8
30
10
52
9
42
8
51
9
18
7
49
6
26
7
79
8
90
6
67
6
9
6
39
9
39
6
89
8
60
8
60
6
67
7
89
7
9
8
10
7
88
9
78
9
12
9
99
6
48
8
20
9
32
8
30
7
99
9
12
9
61
8
90
9
68
7
47
7
79
6
8
9
69
7
79
8
30
8
39
9
61
6
87
9
37
9
40
8
90
8
30
6
98
0
0
6
78
6
64
6
79
9
39
8
57
6
19
6
47
6
89
9
8
6
59
10
52
8
20
6
89
8
30
6
46
6
68
6
99
6
6
9
91
10
52
8
60
7
54
7
59
6
16
8
90
6
87
9
21
8
89
6
7
9
40
8
6
4
18
9
39
8
85
7
49
7
19
6
29
8
7
9
68
6
49
7
36
6
89
9
62
6
49
9
68
6
79
0
50
9
67
8
90
6
46
7
89
8
66
8
76
8
60
7
76
9
67
6
66
9
99
9
77
9
51
7
76
8
60
7
9
7
69
6
36
6
98
9
9
7
99
3
9
8
19
9
81
9
72
8
10
9
99
8
39
8
40
6
79
9
11
7
6
8
16
9
8
9
98
9
81
9
8
9
50
8
40
8
50
9
77
9
71
6
49
4
39
9
29
9
11
9
62
9
99
1
99
7
69
6
86
6
6
7
59
8
66
6
96
6
39
8
36
9
60
9
78
9
17
9
61
8
10
7
49
7
29
6
9
8
90
8
70
7
9
8
71
6
79
6
89
6
62
8
66
6
59
6
99
6
48
8
10
8
76
6
39
4
99
8
39
9
59
9
71
7
99
6
29
7
16
9
81
2
19
9
21
6
57
6
79
9
51
8
50
9
9
7
57
9
11
6
47
8
99
9
27
9
28
9
38
7
69
9
71
9
92
9
12
7
49
8
50
6
16
7
67
8
26
6
69
7
59
7
59
9
30
7
59
10
52
9
70
9
92
7
89
9
99
8
98
8
46
8
80
8
53
9
71
7
19
6
39
1
99
7
69
9
99
7
28
6
33
6
19
6
98
7
46
2
68
7
58
7
26
8
19
7
59
9
81
7
99
9
41
7
38
8
27
7
99
9
91
10
52
9
18
9
28
9
18
4
29
6
48
9
51
9
68
0
30
10
22
9
31
9
48
6
49
6
84
7
39
9
92
7
76
8
40
6
16
7
96
8
99
9
47
7
21
7
79
7
19
7
88
9
47
6
89
8
88
9
51
7
96
7
19
0
10
8
30
8
80
9
51
9
60
6
36
7
48
2
89
6
89
9
31
6
37
7
67
9
17
6
49
9
80
10
22
9
11
9
92
8
30
7
29
7
9
10
82
9
31
8
76
7
39
7
16
9
32
9
89
6
9
9
51
8
30
2
96
9
99
6
99
6
38
6
49
9
31
8
36
8
28
9
41
9
9
6
9
6
77
9
90
8
70
7
19
9
70
6
19
9
99
8
30
8
80
6
28
6
59
8
96
8
16
6
89
6
49
8
49
7
79
7
97
8
94
9
60
7
69
7
6
0
80
7
97
6
69
7
57
8
99
7
19
7
59
7
89
9
57
7
39
8
89
10
22
6
87
9
11
7
79
9
91
8
80
7
79
8
40
6
76
7
8
8
36
7
89
9
99
9
12
0
70
9
71
9
10
7
19
9
87
8
80
8
50
6
29
3
69
9
91
0
10
8
67
9
41
7
19
8
18
9
27
9
97
7
89
9
98
1
20
9
81
9
31
8
8
9
11
9
62
9
71
8
59
0
0
9
20
7
7
7
89
8
40
8
70
3
48
9
41
6
49
6
38
6
69
8
20
7
37
9
58
6
99
9
87
6
49
9
92
9
80
9
41
9
61
9
58
9
92
9
72
8
50
6
29
0
40
7
9
7
29
8
77
9
98
8
20
7
49
6
26
8
60
6
99
8
20
9
91
7
5
3
17
8
56
9
28
10
52
7
69
10
52
9
62
8
79
7
9
9
99
7
59
9
88
8
68
6
59
8
16
8
89
9
68
4
89
7
57
7
19
9
57
8
67
9
91
9
72
9
41
9
20
7
89
9
11
8
5
8
60
7
79
7
59
9
31
1
69
7
36
9
79
6
99
8
20
7
69
8
78
9
38
7
49
9
91
6
9
9
36
9
17
9
47
0
50
9
99
6
9
9
9
9
59
9
71
9
81
10
82
8
86
8
70
7
49
1
29
7
66
7
89
6
36
8
90
8
10
9
99
8
78
7
59
7
29
7
59
9
88
