5
9
5
89
6
97
4
34
6
4
4
96
7
66
3
29
4
24
6
13
7
59
7
39
5
37
3
44
6
49
4
34
7
79
5
88
5
63
5
84
5
13
3
14
7
55
5
26
7
89
3
65
5
35
3
33
7
46
3
48
4
27
7
74
4
69
0
0
7
34
4
19
7
54
3
59
5
27
7
99
6
55
6
24
7
99
5
66
7
36
7
19
7
89
6
89
5
3
6
37
5
54
3
54
6
3
6
73
6
3
4
79
3
19
7
69
5
79
3
27
7
94
7
29
6
38
6
75
5
65
6
56
5
46
3
78
7
79
7
15
4
46
3
49
6
36
6
33
6
29
4
99
5
99
7
97
5
46
7
9
4
19
6
79
6
49
5
19
5
7
4
79
3
3
5
19
5
86
4
18
7
7
4
74
3
79
3
14
7
78
4
79
3
18
6
4
4
29
4
69
6
49
7
89
4
58
3
37
6
67
7
39
4
74
3
69
5
33
4
15
3
29
4
29
6
59
4
59
7
47
3
79
4
46
4
65
7
55
4
39
7
59
5
19
6
19
4
8
3
9
5
24
7
96
3
85
4
89
5
23
4
35
0
20
3
39
7
39
6
38
7
97
4
99
4
89
3
68
3
49
6
57
7
29
4
89
3
48
4
79
3
88
7
19
6
55
4
69
3
35
4
49
4
28
6
5
4
49
3
29
4
59
5
74
4
69
6
34
3
37
6
73
4
9
7
64
4
39
4
69
6
78
7
98
7
49
6
88
7
69
7
36
3
97
4
58
7
78
3
69
4
99
4
68
3
68
5
49
7
37
6
48
6
78
6
69
4
59
3
79
4
48
6
34
6
64
3
69
3
66
5
55
3
99
5
23
5
68
3
9
5
19
4
85
3
63
4
44
7
47
6
74
3
74
5
9
7
87
4
36
7
39
7
65
3
37
4
79
3
4
3
19
3
96
5
88
5
97
5
49
6
29
3
39
3
46
4
38
4
99
5
57
5
55
7
29
5
19
7
28
5
69
3
56
7
9
4
19
3
39
7
88
4
99
2
10
4
24
4
69
6
47
7
24
5
19
5
85
6
95
7
59
5
7
3
86
5
13
4
68
5
28
6
58
3
95
6
39
4
79
4
35
7
88
4
76
5
39
6
33
7
9
3
79
5
79
7
19
3
6
6
83
6
18
3
49
5
76
6
18
6
53
3
75
5
89
6
99
6
39
5
69
3
3
5
96
4
64
6
99
6
89
3
73
3
58
4
65
5
67
3
19
6
48
6
44
5
89
6
73
3
9
5
64
3
28
6
9
6
59
4
19
4
93
1
39
5
99
7
19
6
55
5
93
5
33
5
57
3
97
6
5
7
89
0
59
4
5
6
89
6
43
3
89
4
53
6
65
3
26
5
99
7
37
7
57
7
26
5
18
3
16
4
39
6
98
5
57
5
3
6
88
3
19
5
45
7
15
3
98
5
49
3
89
7
17
6
68
5
15
3
29
6
9
3
94
0
90
5
98
4
77
4
68
4
73
4
59
5
83
7
34
6
68
3
19
3
99
4
28
3
13
6
16
7
57
5
43
5
39
7
9
4
54
3
35
7
26
6
59
6
97
6
3
6
79
3
96
3
3
7
9
4
99
7
11
6
4
6
48
4
9
4
74
5
29
4
58
3
69
3
69
4
29
4
67
4
66
3
73
3
89
4
19
5
56
3
89
3
99
5
37
7
65
7
99
4
54
5
25
3
69
6
45
6
29
6
84
3
59
6
36
6
79
5
53
7
86
6
38
4
39
6
89
7
59
0
66
3
59
3
37
4
59
4
59
5
65
6
65
3
53
7
49
5
98
5
33
3
17
7
78
5
33
4
39
6
69
0
90
3
9
6
67
7
37
3
25
7
64
4
9
3
99
7
36
3
95
5
84
7
29
3
23
4
98
0
40
5
86
7
21
5
49
6
75
3
89
5
88
3
9
6
38
3
55
6
45
6
68
7
29
5
6
7
9
7
19
3
68
6
59
6
88
6
29
7
95
6
99
6
3
6
45
5
39
5
19
6
39
4
68
3
48
6
49
5
95
7
39
7
97
7
79
4
85
3
26
4
99
6
29
3
84
5
4
5
87
7
84
6
18
3
9
5
28
5
49
4
33
3
64
3
49
3
44
7
49
6
96
5
81
6
36
4
57
7
87
5
8
3
79
6
88
5
69
7
49
3
48
6
48
4
19
3
27
5
67
5
45
7
28
7
36
4
19
3
49
7
95
5
5
5
29
7
49
7
39
5
51
7
15
4
49
3
23
4
79
5
89
3
64
3
9
3
37
7
36
3
87
5
59
5
59
3
64
4
89
4
7
5
9
4
85
6
75
7
9
7
99
3
45
5
17
7
29
5
28
4
97
7
9
7
58
5
87
6
68
4
44
4
79
3
5
7
66
4
79
5
29
5
39
6
59
3
84
7
34
6
43
5
88
5
29
3
95
0
0
3
75
3
64
3
79
7
36
5
57
3
19
3
44
3
89
7
5
3
57
7
53
5
19
3
89
5
29
3
43
3
65
3
99
3
3
6
91
7
49
5
59
4
54
4
57
3
13
5
87
3
84
6
19
5
86
3
4
6
37
5
3
4
18
6
36
6
85
4
49
4
19
3
26
5
4
6
65
3
48
4
33
3
89
7
59
3
46
6
65
3
79
0
50
7
64
5
87
3
43
4
89
5
63
5
73
5
59
4
73
7
64
3
63
6
99
7
77
6
48
4
73
5
58
4
9
4
69
3
33
3
95
6
6
4
99
3
9
5
19
6
79
7
69
5
9
7
96
5
36
5
39
3
79
6
9
4
6
5
13
6
5
6
95
6
79
6
5
6
47
5
39
5
48
7
74
6
69
3
49
4
39
6
26
6
9
7
59
7
99
1
98
4
66
3
83
3
3
4
59
6
63
3
93
3
37
5
33
6
57
7
75
7
14
6
58
5
7
4
46
4
29
3
9
5
89
5
69
4
8
5
71
3
79
3
89
3
65
6
63
3
57
3
96
3
45
5
9
6
73
3
39
4
96
5
36
6
56
6
69
4
99
3
29
4
13
6
78
2
19
6
19
3
57
3
79
7
48
5
49
6
6
4
54
6
9
3
44
5
96
7
24
6
25
6
38
4
67
6
69
7
89
7
9
4
46
5
49
3
13
4
64
5
23
3
69
4
59
4
59
7
27
4
59
7
49
6
67
7
89
4
89
7
99
5
95
6
43
5
79
5
53
7
68
4
16
3
36
1
96
4
69
7
97
4
25
3
33
3
19
3
95
4
43
2
68
4
55
4
23
5
16
4
59
7
78
4
99
6
39
4
35
5
24
4
99
7
88
7
49
6
15
6
25
6
15
4
29
3
45
6
49
6
65
0
30
7
19
7
28
6
48
3
47
3
84
4
39
7
89
4
73
5
39
3
13
4
93
5
96
7
44
4
21
4
77
4
16
4
85
6
44
3
89
5
85
7
48
4
93
4
19
0
10
5
28
5
78
6
49
6
57
3
33
4
48
2
87
3
86
6
29
3
34
4
64
6
14
3
46
6
77
7
22
6
9
7
89
5
28
4
29
4
7
7
79
6
29
6
73
4
39
4
13
7
29
6
86
3
9
6
49
5
28
2
93
7
99
3
96
3
38
3
49
7
28
5
33
5
25
6
39
6
6
3
8
3
74
7
87
5
68
4
16
7
67
3
18
7
99
5
28
5
79
3
25
3
59
5
93
5
13
3
87
3
49
5
46
4
79
4
94
5
94
6
57
4
69
4
3
0
80
4
94
3
68
4
54
5
99
4
19
4
59
4
87
6
54
4
38
5
86
7
19
3
84
6
9
4
77
6
89
5
79
4
79
5
39
3
73
4
5
6
33
4
87
6
99
7
9
0
70
6
68
6
7
4
19
6
84
5
79
5
49
3
26
3
69
6
89
0
10
5
64
6
39
4
16
5
15
7
24
7
94
4
89
7
95
1
20
6
79
6
29
5
5
6
9
7
59
7
68
5
56
0
0
7
17
4
4
4
89
5
39
5
67
3
48
6
38
3
49
3
35
3
69
5
19
4
34
7
55
3
98
7
84
3
46
7
89
7
77
6
38
6
58
7
55
7
89
7
69
5
48
3
27
0
40
4
9
4
29
5
74
7
95
5
19
4
49
3
23
5
59
3
99
5
17
7
88
4
5
3
14
6
53
6
25
7
49
4
66
7
49
7
59
5
76
4
9
7
97
4
59
6
85
5
65
3
56
6
13
5
86
6
65
4
89
4
54
4
17
6
57
5
64
7
88
7
69
6
39
6
17
4
87
7
8
5
5
5
59
4
79
4
58
7
28
1
69
4
33
7
76
3
99
5
18
4
67
5
75
6
38
4
48
6
89
3
9
7
36
6
14
6
44
0
50
6
99
3
8
6
6
6
56
6
69
6
79
7
79
6
83
5
68
4
49
1
29
4
63
4
89
3
36
5
88
5
9
7
98
5
75
4
59
4
29
4
56
6
85
