7
9
7
89
8
99
6
36
8
6
6
98
9
68
5
29
6
26
8
15
9
61
9
41
7
39
5
46
8
50
6
36
9
81
7
89
7
65
7
86
7
15
5
16
9
57
7
28
9
91
5
67
7
37
5
35
9
48
5
49
6
29
8
76
6
69
0
0
8
36
6
19
8
56
5
59
7
29
9
99
8
57
8
26
9
99
7
68
9
38
9
21
9
91
8
90
7
5
8
39
7
56
5
56
8
5
8
75
8
3
6
79
5
19
9
71
7
79
5
29
8
96
9
31
8
40
8
77
7
67
8
58
7
48
5
79
9
81
9
17
6
48
5
49
8
38
8
35
8
30
6
99
7
99
9
99
7
48
9
11
6
19
8
80
8
50
7
19
7
9
6
79
5
5
7
19
7
88
6
19
9
9
6
76
5
79
5
16
9
80
6
79
5
19
8
6
6
29
6
69
8
50
9
91
6
59
5
39
8
67
9
41
6
76
5
69
7
35
6
17
5
29
6
29
8
60
6
59
9
49
5
79
6
48
6
67
9
57
6
39
9
61
7
19
8
20
6
9
5
9
7
26
9
98
5
87
6
89
7
25
6
37
0
20
5
39
9
41
8
40
9
99
6
99
6
89
5
69
5
49
8
59
9
31
6
89
5
49
6
79
5
89
9
21
8
57
6
69
5
37
6
49
6
29
8
7
6
49
5
29
6
59
7
76
6
69
8
36
5
39
8
75
6
9
8
66
6
39
6
69
8
80
9
99
9
51
8
90
9
71
9
38
5
99
6
58
9
80
5
69
6
99
6
69
5
69
7
49
9
39
8
50
8
80
8
70
6
59
5
79
6
49
8
36
8
66
5
69
5
68
7
57
5
99
7
25
7
69
5
9
7
19
6
87
5
65
6
46
9
49
8
76
5
76
7
9
9
89
6
36
9
41
8
65
5
39
6
79
5
6
5
19
5
98
7
89
7
99
7
49
8
30
5
39
5
48
6
39
6
99
7
59
7
57
9
31
7
19
9
30
7
69
5
58
9
11
6
19
5
39
9
90
6
99
2
10
6
26
6
69
8
49
8
26
7
19
7
87
8
97
9
61
7
9
5
88
7
15
6
69
7
29
8
60
5
97
8
40
6
79
6
37
9
90
6
78
7
39
8
35
9
11
5
79
7
79
9
21
5
8
8
85
8
20
5
49
7
78
8
20
8
55
5
77
7
89
8
99
8
40
7
69
5
5
7
98
6
66
8
99
8
90
5
75
5
59
6
67
7
69
5
19
8
50
8
46
7
89
8
75
5
9
7
66
5
29
8
10
8
60
6
19
6
95
1
39
7
99
9
21
8
57
7
95
7
35
7
59
5
97
8
7
9
91
0
59
6
7
8
90
8
45
5
89
6
55
8
67
5
28
7
99
9
39
9
59
9
26
7
19
3
18
6
39
8
99
7
59
7
5
8
90
5
19
7
47
9
17
5
99
7
49
5
89
9
19
8
70
7
15
5
29
8
10
5
96
0
90
7
99
6
79
6
69
6
75
6
59
7
85
8
36
8
70
5
19
5
99
6
29
5
15
8
18
9
59
7
45
7
39
9
11
6
56
5
37
9
28
8
60
8
99
8
5
8
80
5
98
5
5
9
11
6
99
9
11
8
6
8
50
6
9
6
76
7
29
6
59
5
69
5
69
6
29
6
69
6
68
5
75
5
89
6
19
7
58
5
89
5
99
7
39
8
65
9
99
6
56
7
27
5
69
8
47
8
30
8
86
5
59
8
38
8
80
7
55
9
88
8
40
6
39
8
90
9
61
0
66
5
59
5
39
6
59
6
59
7
67
8
67
5
55
9
51
7
99
7
35
5
19
9
80
7
35
6
39
8
70
0
90
5
9
8
67
9
39
5
27
8
66
6
9
5
99
9
38
5
97
7
86
9
31
5
25
6
99
0
40
7
88
9
21
7
49
8
77
3
89
7
89
5
9
8
40
5
57
8
47
8
70
9
31
7
6
9
11
9
21
5
69
8
60
8
90
8
30
9
97
8
99
8
5
8
47
7
39
7
19
8
40
6
69
5
48
8
50
7
97
9
41
9
99
9
81
6
87
5
28
6
99
8
30
5
86
7
4
7
89
8
86
8
20
5
9
7
29
7
49
6
35
5
66
5
49
5
46
9
51
8
98
7
81
8
38
6
59
9
89
7
9
5
79
8
90
7
69
9
51
5
49
8
50
6
19
5
29
7
69
7
47
9
30
9
38
6
19
5
49
9
97
7
7
7
29
9
51
9
41
7
51
9
17
6
49
5
25
6
79
7
89
5
66
5
9
5
39
9
38
5
89
7
59
7
59
5
66
6
89
6
9
7
9
6
87
8
77
9
11
9
99
5
47
7
19
9
31
7
29
6
99
9
11
9
60
7
89
8
68
6
46
6
79
5
7
9
68
6
79
7
29
7
39
8
60
5
86
8
36
8
41
7
89
7
29
5
97
0
0
5
77
5
64
5
79
9
38
7
57
5
19
5
46
5
89
9
7
5
59
9
53
7
19
5
89
7
29
5
45
5
67
5
99
5
5
8
91
9
51
7
59
6
54
6
59
5
15
7
89
5
86
8
20
7
88
5
6
8
39
7
5
4
18
8
38
8
85
6
49
6
19
5
28
7
6
8
67
5
49
6
35
5
89
9
61
5
48
8
67
5
79
0
50
8
66
7
89
5
45
6
89
7
65
7
75
7
59
6
75
8
66
5
65
8
99
9
77
8
50
6
75
7
59
6
9
6
69
5
35
5
97
8
8
6
99
3
9
7
19
8
80
9
71
7
9
9
98
7
38
7
39
5
79
8
10
6
6
7
15
8
7
8
97
8
80
8
7
8
49
7
39
7
49
8
76
8
70
5
49
4
39
8
28
8
10
9
61
9
99
1
99
6
68
5
85
5
5
6
59
8
65
5
95
5
39
7
35
8
59
9
77
8
16
8
60
7
9
6
48
6
29
5
9
7
89
7
69
6
9
7
71
5
79
5
89
5
63
8
65
5
59
5
98
5
47
7
9
8
75
5
39
4
98
7
38
8
58
8
70
6
99
5
29
6
15
8
80
2
19
8
20
5
57
5
79
9
50
7
49
8
8
6
56
8
10
5
46
7
98
8
26
8
27
8
38
6
69
8
70
9
91
9
11
6
48
7
49
5
15
6
66
7
25
5
69
6
59
6
59
9
29
6
59
9
51
8
69
9
91
6
89
9
99
7
97
8
45
7
79
7
53
9
70
6
18
5
38
1
98
6
69
9
99
6
27
5
33
5
19
5
97
6
45
2
68
6
57
6
25
7
18
6
59
9
80
6
99
8
40
6
37
7
26
6
99
9
90
9
51
8
17
8
27
8
17
4
29
5
47
8
50
8
67
0
30
9
21
9
30
8
48
5
49
5
84
6
39
9
91
6
75
7
39
5
15
6
95
7
98
8
46
6
21
6
79
6
18
6
87
8
46
5
89
7
87
9
50
6
95
6
19
0
10
7
29
7
79
8
50
8
59
5
35
6
48
2
89
5
88
8
30
5
36
6
66
8
16
5
48
8
79
9
22
8
10
9
91
7
29
6
29
6
9
9
81
8
30
8
75
6
39
6
15
9
31
8
88
5
9
8
50
7
29
2
95
9
99
5
98
5
38
5
49
9
30
7
35
7
27
8
40
8
8
5
9
5
76
9
89
7
69
6
18
9
69
5
19
9
99
7
29
7
79
5
27
5
59
7
95
7
15
5
89
5
49
7
48
6
79
6
96
7
94
8
59
6
69
6
5
0
80
6
96
5
69
6
56
7
99
6
19
6
59
6
89
8
56
6
39
7
88
9
21
5
86
8
10
6
79
8
90
7
79
6
79
7
39
5
75
6
7
8
35
6
89
8
99
9
11
0
70
8
70
8
9
6
19
8
86
7
79
7
49
5
28
3
69
8
90
0
10
7
66
8
40
6
18
7
17
8
26
8
96
6
89
9
97
1
20
8
80
8
30
7
7
8
10
9
61
9
70
7
58
0
0
9
19
6
6
6
89
7
39
7
69
3
48
8
40
5
49
5
37
5
69
7
19
6
36
9
57
5
99
8
86
5
48
9
91
9
79
8
40
8
60
9
57
9
91
9
71
7
49
5
29
0
40
6
9
6
29
7
76
9
97
7
19
6
49
5
25
7
59
5
99
7
19
9
90
6
5
3
16
8
55
8
27
9
51
6
68
9
51
9
61
7
78
6
9
9
99
6
59
8
87
7
67
5
58
8
15
7
88
8
67
4
89
6
56
6
19
8
57
7
66
9
90
9
71
8
40
8
19
6
89
9
10
7
5
7
59
6
79
6
59
9
30
1
69
6
35
9
78
5
99
7
19
6
69
7
77
8
38
6
49
8
90
5
9
9
36
8
16
8
46
0
50
8
99
5
9
8
8
8
58
8
70
8
80
9
81
8
85
7
69
6
49
1
29
6
65
6
89
5
36
7
89
7
9
9
99
7
77
6
59
6
29
6
58
8
87
