9
14
9
94
9
99
9
44
9
14
9
99
9
74
9
34
9
34
18
30
9
64
9
44
9
44
19
61
19
64
9
44
19
94
9
94
9
74
9
94
18
30
19
31
9
64
9
34
9
94
9
74
9
44
9
44
19
63
19
62
9
34
19
91
9
74
0
0
9
44
19
33
9
64
9
64
9
34
9
99
9
64
9
34
9
99
9
74
9
44
19
34
9
94
9
94
9
14
9
44
9
64
9
64
9
14
18
90
9
3
19
93
19
32
9
74
19
94
9
34
9
99
9
34
9
44
19
92
9
74
9
64
19
63
19
92
19
94
19
32
19
63
19
62
9
44
9
44
9
34
9
99
9
99
9
99
19
63
9
14
19
33
19
94
19
64
19
34
9
14
19
93
9
14
19
34
9
94
19
33
9
14
19
91
19
92
19
31
19
94
19
93
19
32
9
14
9
34
9
74
19
64
9
94
9
64
9
44
9
67
9
44
19
91
9
74
9
44
19
32
9
34
9
34
9
64
9
64
19
64
19
92
19
63
9
74
9
64
9
44
9
64
19
34
19
34
9
14
9
14
9
34
9
99
9
94
9
94
9
34
9
44
0
20
9
44
9
44
9
44
9
99
9
99
9
94
9
74
19
62
9
64
9
34
9
94
19
62
19
93
9
94
19
34
9
64
9
74
9
44
19
63
9
34
9
14
19
63
9
34
9
64
19
91
9
74
9
44
9
44
18
90
9
14
9
74
9
44
9
74
19
94
9
99
19
64
9
94
9
74
9
44
9
99
9
58
19
94
9
74
9
99
9
74
9
74
19
64
9
44
19
64
19
94
9
74
9
64
19
92
19
63
9
44
9
74
9
74
9
74
9
64
9
99
9
34
9
74
9
14
19
34
9
94
9
74
19
61
19
64
19
91
19
91
9
14
9
94
9
36
9
44
8
65
9
44
19
93
9
14
19
32
9
99
9
94
9
99
19
64
9
34
9
44
19
62
9
44
9
99
9
64
9
64
9
34
19
34
9
34
9
74
9
64
9
14
19
33
9
44
9
94
9
99
2
10
9
34
9
74
19
64
9
34
19
34
9
94
9
99
9
64
9
14
9
94
18
30
9
74
9
34
9
64
9
99
9
44
19
93
9
44
9
94
19
93
9
44
9
44
9
14
19
92
19
94
19
34
9
14
9
94
19
34
19
62
19
93
19
34
9
64
19
92
9
94
9
99
9
44
9
74
9
14
9
99
9
74
9
99
9
94
18
90
9
64
9
74
9
74
19
32
19
64
19
61
9
94
18
90
9
14
9
74
9
34
9
14
9
64
19
33
9
99
1
39
9
99
19
34
9
64
9
99
9
44
9
64
9
97
9
14
9
94
0
59
9
14
9
94
18
60
9
94
9
64
9
74
9
34
9
99
9
44
9
64
9
26
19
34
3
19
9
44
9
99
9
64
9
14
9
94
19
32
19
62
19
32
9
99
19
64
9
94
19
34
9
74
8
15
9
34
9
14
9
99
0
90
9
99
19
93
9
74
18
90
9
64
9
94
9
44
9
74
19
32
9
99
9
34
18
30
19
33
9
64
18
60
9
44
9
14
9
64
9
44
9
34
9
64
9
99
9
14
19
94
9
99
9
14
9
14
9
99
9
11
9
14
19
64
9
14
19
91
9
34
9
64
9
74
9
74
9
34
9
74
9
74
18
90
9
94
19
33
9
64
9
94
9
99
9
44
8
65
9
99
9
64
9
34
9
74
19
62
9
34
9
94
9
64
9
44
19
94
9
64
9
94
9
44
9
44
9
94
9
64
0
66
9
64
9
44
9
64
9
64
9
74
9
74
9
64
19
64
9
99
9
44
19
32
19
94
9
44
9
44
9
74
0
90
9
14
9
67
9
44
9
34
9
74
9
14
9
99
9
44
9
99
9
94
9
34
9
34
9
99
0
40
9
94
19
21
19
64
19
92
3
89
9
94
9
14
9
44
9
64
19
62
9
74
9
34
9
6
9
14
19
34
9
74
9
64
9
94
9
34
9
99
9
99
9
14
19
62
9
44
19
34
9
44
9
74
9
48
19
64
9
99
9
44
9
99
19
94
9
94
9
34
9
99
9
34
9
94
9
3
9
94
9
94
19
34
9
14
9
34
19
64
9
44
9
74
19
62
19
61
19
64
9
99
19
81
9
44
9
64
9
94
9
14
19
92
9
94
9
74
19
64
19
62
19
64
19
33
9
34
9
74
19
62
9
34
9
44
19
33
19
62
9
99
9
14
9
34
19
64
9
44
19
51
19
32
19
63
9
34
19
93
9
94
9
74
9
14
9
44
9
44
9
94
9
64
9
64
9
74
9
94
9
14
9
14
9
94
19
92
9
14
9
99
19
62
19
34
9
34
9
34
9
99
9
14
9
64
9
94
9
68
19
61
19
93
9
14
9
74
19
93
9
34
9
43
9
64
9
94
9
44
9
36
9
94
9
34
9
99
0
0
19
92
9
63
19
92
9
44
9
57
19
32
19
61
9
94
9
14
9
64
19
52
19
34
9
94
9
34
18
60
9
74
9
99
9
14
9
91
19
64
9
64
19
52
9
64
18
30
9
94
9
94
19
34
9
94
9
14
9
44
9
14
4
18
9
44
8
85
19
63
19
33
9
34
9
14
9
74
19
62
9
44
9
94
9
64
19
62
9
74
19
92
0
50
9
74
9
94
18
60
9
94
9
74
18
90
9
64
18
90
9
74
9
74
9
99
9
77
19
64
18
90
9
64
9
14
9
74
9
44
9
99
9
14
9
99
3
9
9
19
19
94
9
74
9
14
9
99
9
44
9
44
19
92
9
14
9
6
18
30
9
14
9
99
19
94
9
14
19
64
9
44
19
64
19
91
9
74
19
62
4
39
9
34
9
14
9
64
9
99
1
99
9
74
9
94
9
14
9
64
9
74
9
99
9
44
9
44
9
64
19
92
19
31
9
64
9
14
19
63
9
34
9
14
9
94
9
74
9
14
9
71
19
92
9
94
9
56
9
74
9
64
9
99
19
62
9
14
18
90
9
44
4
99
9
44
9
64
9
74
9
99
9
34
18
30
19
94
2
19
19
34
9
57
19
92
19
64
19
64
9
14
9
64
9
14
19
61
9
99
9
34
9
34
9
38
9
74
9
74
9
94
9
14
19
63
19
64
18
30
9
74
9
34
9
74
9
64
9
64
9
34
9
64
19
64
9
74
9
94
9
94
9
99
9
99
18
60
19
94
19
52
9
74
19
33
9
44
1
99
9
74
9
99
9
34
9
33
19
32
9
99
18
60
2
68
9
64
9
34
19
33
9
64
19
94
9
99
9
44
9
44
9
34
9
99
9
94
19
64
19
32
9
34
19
32
4
29
19
62
19
64
9
74
0
30
19
34
9
34
9
48
19
62
19
82
9
44
9
94
18
90
9
44
18
30
9
99
9
99
19
61
19
21
19
93
19
33
9
94
19
61
9
94
9
94
19
64
9
99
19
33
0
10
9
34
19
94
19
64
9
64
9
44
9
48
2
89
9
94
9
34
9
44
9
74
19
31
19
62
19
94
19
22
9
14
9
94
9
34
9
34
9
14
19
94
9
34
18
90
9
44
18
30
9
34
9
94
9
14
19
64
9
34
2
99
9
99
9
99
9
38
19
62
9
34
9
44
9
34
9
44
9
14
9
14
19
91
9
94
9
74
19
33
9
74
19
32
9
99
9
34
19
94
9
34
9
64
9
99
18
30
9
94
19
62
19
63
19
93
9
99
9
94
9
64
9
74
9
14
0
80
9
99
9
74
9
64
9
99
19
33
9
64
9
94
9
64
9
44
9
94
19
34
9
94
9
14
19
93
9
94
19
94
19
93
9
44
18
90
9
14
9
44
9
94
9
99
9
14
0
70
9
74
9
14
19
33
9
94
19
94
19
64
9
34
3
69
9
94
0
10
9
74
9
44
19
33
19
32
9
34
9
99
9
94
9
99
1
20
19
94
9
34
9
14
9
14
9
64
9
74
9
64
0
0
19
34
9
14
9
94
9
44
9
74
3
48
9
44
19
62
9
44
9
74
19
34
9
44
9
64
9
99
9
94
19
62
9
94
19
94
9
44
9
64
9
64
9
94
9
74
19
64
9
34
0
40
9
14
9
34
19
91
9
99
19
34
19
63
9
34
9
64
9
99
19
34
9
94
8
5
3
19
9
64
9
34
19
64
9
74
19
64
9
64
19
93
9
14
9
99
9
64
9
94
9
74
9
64
18
30
9
94
9
74
4
89
9
64
19
33
9
57
9
74
9
94
9
74
9
44
19
34
9
94
9
14
8
5
9
64
19
93
9
64
9
34
1
69
9
44
19
93
9
99
19
34
9
74
19
92
9
38
19
63
9
94
9
14
9
36
19
31
19
61
0
50
9
99
9
14
9
14
9
64
9
74
19
94
19
94
9
94
9
74
19
63
1
29
9
74
9
94
9
36
9
94
9
14
9
99
19
92
9
64
9
34
9
64
9
94
