9
14
9
94
9
99
9
43
9
13
9
99
9
74
9
34
9
33
10
22
9
64
9
44
9
44
11
53
15
57
9
43
16
88
9
94
9
72
9
93
10
22
11
23
9
64
9
34
9
94
9
74
9
44
9
42
13
55
12
54
9
34
11
83
9
74
0
0
9
43
13
25
9
63
9
64
9
34
9
99
9
64
9
33
9
99
9
74
9
44
16
28
9
94
9
94
9
12
9
44
9
63
9
63
9
12
10
82
9
3
13
85
12
24
9
74
14
86
9
34
9
99
9
34
9
44
12
84
9
74
9
64
13
55
12
84
16
88
12
24
13
55
12
54
9
44
9
42
9
34
9
99
9
99
9
99
13
55
9
14
13
25
15
87
15
57
14
26
9
14
13
85
9
12
14
26
9
94
13
25
9
14
11
83
12
84
11
23
15
87
13
85
12
24
9
13
9
34
9
74
15
57
9
94
9
64
9
44
9
67
9
44
11
83
9
74
9
42
12
24
9
34
9
34
9
64
9
64
14
56
12
84
13
55
9
74
9
64
9
44
9
64
14
26
15
27
9
14
9
14
9
33
9
99
9
94
9
94
9
32
9
44
0
20
9
44
9
44
9
44
9
99
9
99
9
94
9
74
12
54
9
64
9
34
9
94
12
54
13
85
9
94
16
28
9
64
9
74
9
44
13
55
9
34
9
14
13
55
9
34
9
64
11
83
9
74
9
43
9
44
10
82
9
14
9
73
9
44
9
74
15
87
9
99
16
58
9
94
9
74
9
44
9
99
9
58
15
87
9
74
9
99
9
74
9
74
14
56
9
44
15
57
15
87
9
74
9
64
12
84
13
55
9
43
9
73
9
74
9
74
9
64
9
99
9
32
9
74
9
14
14
26
9
94
9
72
11
53
14
56
11
83
11
83
9
14
9
94
9
36
9
44
8
65
9
44
13
85
9
13
12
24
9
99
9
94
9
99
14
56
9
34
9
44
12
54
9
44
9
99
9
64
9
64
9
34
14
26
9
34
9
74
9
64
9
14
13
25
9
44
9
94
9
99
2
10
9
33
9
74
14
56
9
33
14
26
9
94
9
99
9
64
9
14
9
94
10
22
9
74
9
34
9
64
9
99
9
44
13
85
9
44
9
94
13
85
9
44
9
42
9
14
12
84
14
86
16
28
9
14
9
92
15
27
12
54
13
85
15
27
9
62
12
84
9
94
9
99
9
44
9
74
9
12
9
99
9
73
9
99
9
94
10
82
9
64
9
74
9
74
12
24
15
57
11
53
9
94
10
82
9
14
9
73
9
34
9
14
9
64
13
25
9
99
1
39
9
99
16
28
9
64
9
99
9
42
9
64
9
97
9
14
9
94
0
59
9
14
9
94
10
52
9
94
9
62
9
74
9
34
9
99
9
44
9
64
9
26
14
26
3
19
9
44
9
99
9
64
9
12
9
94
12
24
12
54
12
24
9
99
14
56
9
94
14
26
9
74
8
15
9
34
9
14
9
99
0
90
9
99
13
85
9
74
10
82
9
64
9
92
9
43
9
74
12
24
9
99
9
34
10
22
13
25
9
64
10
52
9
44
9
14
9
63
9
44
9
34
9
64
9
99
9
12
15
87
9
99
9
12
9
14
9
99
9
11
9
13
15
57
9
14
11
83
9
34
9
64
9
74
9
74
9
34
9
74
9
74
10
82
9
94
13
25
9
64
9
94
9
99
9
44
8
65
9
99
9
63
9
34
9
74
12
54
9
34
9
93
9
64
9
44
15
87
9
62
9
94
9
44
9
44
9
94
9
64
0
66
9
64
9
44
9
64
9
64
9
74
9
74
9
62
16
58
9
99
9
42
12
24
15
87
9
42
9
44
9
74
0
90
9
14
9
67
9
44
9
34
9
73
9
14
9
99
9
44
9
99
9
93
9
34
9
32
9
99
0
40
9
94
16
21
14
56
12
84
3
89
9
94
9
14
9
44
9
64
12
54
9
74
9
34
9
6
9
14
16
28
9
74
9
64
9
94
9
34
9
99
9
99
9
12
12
54
9
44
14
26
9
44
9
74
9
48
15
57
9
99
9
44
9
99
16
88
9
94
9
34
9
99
9
34
9
93
9
3
9
94
9
93
15
27
9
14
9
34
14
56
9
42
9
73
12
54
11
53
16
58
9
99
14
81
9
44
9
64
9
94
9
14
12
84
9
94
9
74
16
58
12
54
15
57
13
25
9
34
9
74
12
54
9
34
9
44
13
25
12
54
9
99
9
14
9
34
16
58
9
44
14
51
12
24
13
55
9
32
13
85
9
94
9
73
9
14
9
44
9
44
9
94
9
64
9
64
9
73
9
94
9
14
9
14
9
94
12
84
9
14
9
99
12
54
14
26
9
34
9
34
9
99
9
14
9
64
9
94
9
68
11
53
13
85
9
14
9
74
13
85
9
34
9
43
9
64
9
93
9
43
9
36
9
94
9
34
9
99
0
0
12
84
9
63
12
84
9
44
9
57
12
24
11
53
9
94
9
14
9
64
16
52
14
26
9
94
9
34
10
52
9
74
9
99
9
12
9
91
16
58
9
64
13
52
9
64
10
22
9
94
9
93
15
27
9
94
9
13
9
44
9
12
4
18
9
44
8
85
13
55
13
25
9
34
9
13
9
74
12
54
9
42
9
94
9
64
12
54
9
74
12
84
0
50
9
73
9
94
10
52
9
94
9
72
10
82
9
64
10
82
9
73
9
72
9
99
9
77
15
57
10
82
9
64
9
14
9
74
9
42
9
99
9
14
9
99
3
9
9
19
15
87
9
74
9
14
9
99
9
44
9
44
12
84
9
14
9
6
10
22
9
14
9
99
15
87
9
14
14
56
9
44
14
56
11
83
9
74
12
54
4
39
9
34
9
14
9
64
9
99
1
99
9
74
9
92
9
12
9
64
9
72
9
99
9
44
9
42
9
64
12
84
11
23
9
64
9
14
13
55
9
34
9
14
9
94
9
74
9
14
9
71
12
84
9
94
9
56
9
72
9
64
9
99
12
54
9
14
10
82
9
44
4
99
9
44
9
64
9
74
9
99
9
34
10
22
15
87
2
19
15
27
9
57
12
84
15
57
14
56
9
14
9
63
9
14
11
53
9
99
9
33
9
34
9
38
9
74
9
74
9
94
9
14
13
55
14
56
10
22
9
73
9
32
9
74
9
64
9
64
9
34
9
64
16
58
9
74
9
94
9
94
9
99
9
99
10
52
14
86
14
52
9
74
13
25
9
44
1
99
9
74
9
99
9
34
9
33
12
24
9
99
10
52
2
68
9
64
9
32
13
25
9
64
15
87
9
99
9
44
9
44
9
33
9
99
9
94
16
58
12
24
9
34
12
24
4
29
12
54
15
57
9
74
0
30
16
28
9
34
9
48
12
54
12
82
9
44
9
94
10
82
9
44
10
22
9
99
9
99
11
53
13
21
13
85
13
25
9
94
11
53
9
94
9
94
15
57
9
99
13
25
0
10
9
34
14
86
15
57
9
64
9
42
9
48
2
89
9
94
9
34
9
43
9
73
11
23
12
54
14
86
16
22
9
14
9
94
9
34
9
34
9
14
16
88
9
34
10
82
9
44
10
22
9
34
9
94
9
14
15
57
9
34
2
99
9
99
9
99
9
38
12
54
9
34
9
42
9
34
9
44
9
14
9
14
11
83
9
94
9
74
13
25
9
74
12
24
9
99
9
34
14
86
9
34
9
64
9
99
10
22
9
94
12
54
13
55
13
85
9
99
9
94
9
64
9
74
9
12
0
80
9
99
9
74
9
63
9
99
13
25
9
64
9
94
9
63
9
44
9
94
16
28
9
93
9
14
13
85
9
94
14
86
13
85
9
44
10
82
9
14
9
42
9
94
9
99
9
14
0
70
9
74
9
14
13
25
9
93
14
86
14
56
9
34
3
69
9
94
0
10
9
73
9
44
13
25
12
24
9
33
9
99
9
94
9
99
1
20
15
87
9
34
9
14
9
14
9
64
9
74
9
64
0
0
14
26
9
13
9
94
9
44
9
74
3
48
9
44
12
54
9
44
9
74
14
26
9
43
9
64
9
99
9
93
12
54
9
94
14
86
9
44
9
64
9
64
9
94
9
74
14
56
9
34
0
40
9
14
9
34
11
83
9
99
14
26
13
55
9
32
9
64
9
99
14
26
9
94
8
5
3
19
9
62
9
34
16
58
9
74
16
58
9
64
13
85
9
14
9
99
9
64
9
94
9
74
9
64
10
22
9
94
9
74
4
89
9
63
13
25
9
57
9
73
9
94
9
74
9
44
14
26
9
94
9
14
8
5
9
64
13
85
9
64
9
34
1
69
9
42
13
85
9
99
14
26
9
74
12
84
9
38
13
55
9
94
9
14
9
36
11
23
11
53
0
50
9
99
9
14
9
14
9
64
9
74
15
87
16
88
9
92
9
74
13
55
1
29
9
72
9
94
9
36
9
94
9
14
9
99
12
84
9
64
9
34
9
64
9
94
