3
74
1
14
3
77
1
21
2
48
1
7
3
30
1
12
3
16
3
41
1
64
1
38
1
2
2
11
1
82
0
87
4
62
1
63
4
99
2
28
1
6
1
35
4
83
1
95
2
17
2
57
1
59
3
74
3
64
1
68
3
26
1
8
3
91
3
28
3
72
2
31
1
50
3
29
1
18
4
89
3
74
2
7
0
82
0
46
2
61
3
31
4
28
2
89
2
54
1
75
1
28
3
14
3
92
1
72
2
82
1
56
2
32
1
54
4
43
1
42
4
17
3
25
2
24
1
55
3
56
0
66
2
72
2
51
2
2
4
66
1
63
1
31
4
81
0
40
1
93
3
76
3
44
1
42
2
26
3
65
1
91
4
44
1
18
4
44
1
66
1
45
1
55
1
22
0
80
3
19
1
96
1
97
4
72
3
63
3
6
4
98
3
15
0
20
4
53
1
16
1
88
0
40
1
15
4
53
3
82
3
96
1
56
1
83
4
99
2
92
4
94
1
83
2
29
3
50
3
40
1
79
3
95
0
16
5
7
1
58
3
26
3
28
2
69
3
49
0
42
4
8
1
49
1
61
2
51
2
82
3
61
1
11
0
53
1
91
4
74
2
8
4
35
3
63
4
16
1
12
2
32
1
32
3
3
2
96
1
61
5
94
1
71
2
16
0
38
3
11
1
8
2
52
3
82
1
12
2
38
4
60
0
2
5
14
1
64
4
54
3
94
1
3
0
19
1
73
3
81
1
83
3
5
4
7
3
31
4
48
1
72
0
19
3
87
3
25
0
98
2
59
2
2
4
60
0
62
4
24
1
31
1
34
5
18
1
68
4
59
1
91
3
87
0
54
0
4
3
43
2
1
4
43
0
95
1
22
4
22
0
28
1
97
1
14
1
28
4
95
4
32
1
18
0
23
1
21
5
12
2
26
1
65
3
38
1
37
0
1
2
43
2
98
3
36
3
34
4
75
0
20
2
75
2
51
4
79
2
35
2
14
1
72
2
24
1
68
4
21
1
1
0
50
1
3
4
12
1
89
2
8
3
21
3
61
1
77
0
71
1
93
0
18
3
43
5
91
5
97
4
39
2
60
1
61
3
49
0
58
1
22
4
69
0
94
4
47
0
85
5
42
1
44
3
41
1
76
3
27
4
27
4
32
1
13
1
86
1
88
2
9
0
84
4
94
1
1
3
56
0
12
1
1
4
44
3
66
5
7
2
8
1
69
2
14
3
60
0
7
4
68
3
63
0
82
2
72
1
78
3
7
0
16
3
32
0
35
2
43
1
15
2
35
5
28
4
88
2
7
1
17
3
5
2
22
2
28
4
7
2
25
2
66
5
22
3
57
3
40
4
74
1
22
1
36
3
51
4
82
1
88
2
15
4
12
3
24
1
93
4
19
3
34
3
9
4
23
3
42
4
36
5
38
2
37
4
56
4
78
2
25
1
70
3
56
2
27
3
22
2
21
1
54
1
34
2
23
4
66
2
76
0
88
4
23
2
55
2
22
2
14
0
4
3
19
0
58
1
49
1
68
2
43
0
24
3
43
4
15
4
11
3
29
4
38
2
47
3
41
2
27
4
22
3
97
3
51
0
3
3
19
3
68
1
11
1
59
1
18
3
9
1
3
2
65
3
93
0
14
0
89
4
36
1
93
1
66
2
62
5
91
1
1
0
28
3
16
1
41
1
74
1
35
4
21
0
38
3
14
2
61
2
67
4
81
1
82
2
52
1
39
3
6
1
61
5
33
1
63
2
62
3
51
2
65
1
34
1
67
2
27
2
45
4
75
1
13
0
95
2
58
3
31
4
13
3
35
5
8
2
24
4
82
5
6
2
2
2
15
2
61
5
54
2
41
2
11
2
2
1
56
2
34
2
31
1
48
4
37
1
76
2
82
1
8
0
51
2
32
4
98
4
25
3
92
1
69
3
5
3
13
3
23
1
84
1
96
4
2
2
89
2
77
4
67
2
91
3
27
1
31
2
97
1
3
0
47
3
68
3
38
4
37
2
9
4
22
1
60
3
76
1
79
0
63
2
31
1
37
3
8
5
34
1
17
2
63
3
81
3
45
3
4
1
55
2
11
2
81
1
32
1
87
0
19
1
99
3
47
2
99
3
31
4
91
2
43
3
96
4
55
4
11
4
73
2
31
4
47
4
24
5
42
1
77
2
99
1
43
1
15
1
47
2
12
4
6
2
57
3
41
2
1
1
68
4
11
0
32
3
65
1
58
1
35
4
68
4
71
4
22
3
5
0
63
5
74
1
80
1
23
1
28
0
91
2
51
3
20
2
87
0
4
0
21
2
21
2
65
4
92
3
57
2
88
2
41
0
13
4
0
1
74
3
87
4
48
4
72
2
1
2
9
4
25
1
7
2
27
2
96
4
86
3
11
1
93
1
44
1
87
3
20
2
98
4
57
0
0
1
1
0
48
5
14
2
15
2
97
4
2
1
78
4
14
0
83
3
54
1
7
3
72
3
76
1
55
2
82
2
61
1
91
3
19
0
70
2
58
1
4
1
22
2
1
1
21
2
38
1
56
5
7
1
78
3
17
4
16
4
28
4
69
3
27
1
96
2
28
1
17
2
19
4
90
0
0
4
1
1
59
3
28
1
97
0
0
3
21
0
5
1
74
4
50
3
73
3
79
3
9
0
19
0
99
1
5
3
16
3
73
1
25
0
38
1
63
2
6
1
42
4
14
5
83
4
96
3
47
3
97
2
51
3
18
3
88
3
96
2
32
0
92
3
96
4
81
1
69
1
35
1
91
3
91
1
84
0
22
2
57
2
49
1
44
2
57
3
63
2
43
3
84
3
4
1
22
3
41
3
58
4
55
4
47
2
24
2
99
1
98
5
81
1
19
2
33
2
37
0
20
4
17
4
2
1
41
3
46
2
12
1
78
1
28
1
51
4
69
3
48
3
87
3
6
3
79
1
75
3
28
3
96
3
55
1
66
3
82
1
46
0
88
2
9
3
12
3
18
3
82
3
96
3
72
2
66
3
37
4
60
0
29
2
78
1
41
3
31
2
49
2
43
1
52
1
47
4
89
4
39
2
64
2
84
1
51
1
26
5
68
4
34
4
49
3
15
0
64
1
93
0
10
1
21
1
44
2
55
1
81
0
85
1
44
5
16
2
47
1
43
3
72
1
93
3
76
2
95
1
78
3
83
0
30
4
61
3
91
0
98
3
65
1
42
1
51
1
39
3
65
1
95
2
6
2
32
3
44
2
86
2
2
1
99
1
39
2
67
2
11
3
14
3
10
0
89
0
13
1
47
2
78
3
16
4
68
0
15
4
69
4
59
4
90
0
59
3
98
1
69
3
42
2
1
0
26
2
79
3
7
2
41
2
34
4
98
3
6
4
44
2
80
1
12
3
90
0
8
0
78
2
91
2
38
4
13
2
31
4
62
4
89
1
67
1
78
0
97
3
71
4
48
4
68
2
41
1
43
1
13
1
74
0
20
0
46
1
17
2
2
1
32
0
50
3
6
3
91
4
42
3
36
4
8
2
16
1
92
1
76
5
82
2
94
1
99
1
69
0
58
1
97
3
69
4
3
1
9
3
7
1
28
3
35
4
97
3
42
0
0
1
58
0
77
1
14
4
48
2
23
3
88
2
39
1
11
1
85
1
56
3
16
3
4
2
26
1
70
0
16
3
60
2
72
3
27
0
2
4
89
3
74
0
55
4
4
1
95
2
4
2
57
2
89
5
78
1
88
3
63
1
14
0
58
1
32
3
17
3
31
2
43
3
67
0
88
2
86
3
8
2
66
1
93
2
15
3
68
3
89
1
5
0
43
3
26
2
55
1
11
2
77
3
66
3
67
2
55
2
65
1
66
0
23
2
29
0
20
1
48
1
37
0
70
1
82
5
53
2
65
1
81
2
86
5
42
0
98
3
18
4
63
2
9
2
19
1
21
0
87
2
80
1
59
0
59
1
72
3
18
0
26
4
16
1
82
1
67
3
58
2
92
1
31
1
51
1
36
4
22
2
67
1
62
3
64
2
41
0
13
1
8
1
67
2
95
5
91
3
68
1
36
4
21
0
89
3
38
2
66
2
53
1
84
3
65
3
17
2
77
4
77
1
35
3
11
2
94
1
0
1
33
0
87
1
47
4
20
2
1
1
56
1
81
1
61
3
46
0
43
3
37
0
89
4
7
1
78
1
31
3
1
0
84
1
48
0
32
3
25
0
4
3
70
3
71
4
52
2
76
2
44
1
40
1
22
3
11
2
94
1
64
1
94
2
61
0
28
2
72
3
3
1
52
0
87
1
86
1
31
5
61
0
79
3
44
5
19
4
56
0
89
1
63
2
16
1
93
4
39
1
74
4
5
2
41
1
33
5
55
4
7
3
79
3
48
3
7
1
68
4
9
2
55
0
32
5
66
1
17
1
4
1
35
3
45
2
93
4
70
5
74
3
62
4
72
1
11
4
16
3
89
1
89
3
28
3
47
4
72
3
33
1
46
3
37
5
35
