2
73
0
14
2
76
1
22
1
48
2
6
3
30
1
13
3
15
2
41
1
63
1
38
1
1
2
10
0
82
1
86
4
61
1
63
4
98
1
27
2
7
0
36
4
82
0
94
2
17
2
56
2
58
4
73
3
65
1
69
3
26
2
9
2
91
2
29
2
72
2
30
1
50
3
28
1
18
3
88
2
75
2
7
0
82
0
46
1
61
4
30
3
28
2
90
1
54
0
75
1
28
3
14
3
93
0
72
3
82
1
57
3
33
0
54
4
44
1
41
4
16
4
24
1
24
0
56
3
56
0
66
2
72
3
51
2
2
4
66
1
63
1
30
4
82
0
40
1
92
4
77
2
45
1
41
1
26
3
66
1
91
4
45
1
19
4
43
0
66
0
44
0
55
0
22
0
80
2
18
1
95
1
98
4
73
3
62
4
5
3
99
4
15
0
20
3
54
2
16
1
89
0
40
0
14
4
54
4
81
3
95
1
55
1
84
4
99
2
92
3
93
1
82
1
28
3
50
3
40
0
79
2
95
0
16
4
7
1
59
2
25
3
27
2
68
4
48
0
42
4
7
0
49
1
60
3
50
2
82
3
61
2
10
0
53
2
90
4
75
2
9
3
35
3
63
4
16
0
11
3
32
1
32
3
2
2
95
0
61
4
95
1
71
2
15
0
38
2
11
2
9
1
51
3
82
0
12
2
38
4
60
0
2
4
13
0
65
4
54
2
94
1
3
0
19
0
74
2
82
2
82
4
5
4
8
4
31
4
47
0
71
0
19
2
88
3
24
0
98
2
58
3
3
4
60
0
62
4
25
1
30
2
35
4
19
0
68
4
60
1
92
3
87
0
54
0
4
4
43
3
1
4
42
0
95
1
22
4
23
0
28
1
96
0
14
0
29
4
94
4
33
1
18
0
23
1
21
4
12
2
26
1
66
3
39
0
37
0
1
3
43
2
98
3
36
3
33
3
75
0
20
2
75
2
50
4
79
2
35
1
14
1
72
2
24
0
67
4
21
0
1
0
50
1
4
4
12
1
90
1
9
3
20
3
60
1
78
0
71
2
93
0
18
3
42
4
91
4
96
4
38
2
60
0
61
3
49
0
58
1
22
4
70
0
94
4
48
0
85
4
41
1
44
3
42
1
75
4
27
4
26
4
32
1
13
1
87
2
87
2
9
0
84
4
94
2
0
2
56
0
12
0
1
3
43
4
67
4
6
3
9
1
68
1
13
3
60
0
7
4
68
3
62
0
82
1
71
1
79
2
7
0
16
3
32
0
35
2
44
1
16
1
34
4
28
3
88
1
8
1
16
4
5
2
22
1
29
4
7
1
25
2
66
4
22
2
56
3
40
4
75
2
21
1
36
4
50
3
83
1
88
2
16
4
11
3
24
1
92
4
19
3
34
3
8
4
24
3
43
4
36
4
38
3
37
4
56
4
77
2
25
1
70
3
56
3
27
3
22
2
20
0
54
0
33
3
23
4
66
1
76
1
87
4
23
2
56
2
23
2
15
0
4
3
19
0
59
0
49
1
68
2
42
0
24
4
43
4
14
4
11
3
30
3
38
1
48
4
42
1
26
4
21
3
98
2
51
0
3
4
19
2
69
1
11
2
59
2
19
3
10
0
3
2
66
2
94
0
14
0
89
4
35
0
93
1
65
2
62
4
91
2
1
1
29
3
17
1
41
0
73
0
36
4
21
0
38
4
14
3
60
1
68
3
81
2
82
1
53
0
39
3
5
2
60
4
33
1
64
2
63
3
50
2
65
0
35
1
66
1
27
1
45
4
76
1
13
0
95
2
59
4
31
4
13
3
35
4
9
2
24
4
82
4
6
3
3
1
16
3
60
4
55
2
41
2
10
2
2
1
55
3
34
3
31
0
48
4
38
1
77
3
82
1
8
0
51
3
33
3
98
3
25
2
91
2
69
2
6
3
12
3
23
0
85
2
97
4
1
3
88
1
78
3
68
3
91
3
28
1
31
2
97
0
2
0
47
4
69
3
39
4
37
1
9
3
23
1
60
4
76
2
79
0
63
2
31
2
38
2
9
4
34
0
17
2
64
3
82
3
46
4
4
0
55
2
12
3
81
1
32
2
86
0
19
0
98
3
47
1
99
3
30
4
92
3
43
2
97
4
55
4
11
3
72
2
30
4
48
3
25
4
42
0
78
1
99
0
43
1
16
1
48
1
13
4
5
1
57
2
41
3
0
1
69
3
11
0
32
2
66
0
59
1
35
3
69
3
71
3
22
2
5
0
63
4
74
1
80
1
24
1
28
0
91
3
51
3
20
2
86
0
4
0
21
3
21
2
65
4
91
2
58
1
89
1
42
0
13
4
0
0
74
2
86
3
49
4
72
3
0
2
9
4
24
1
6
3
28
2
95
3
86
3
10
0
92
0
44
2
87
3
20
1
97
3
56
0
0
1
1
0
48
4
13
3
15
2
98
4
1
0
79
4
13
0
83
3
53
1
8
2
72
4
76
1
55
3
82
1
62
1
91
3
20
0
70
1
59
0
4
1
22
2
1
2
20
2
37
2
56
4
8
0
78
3
16
4
16
3
28
4
70
4
27
0
95
2
27
1
18
3
19
4
90
0
0
4
1
1
60
3
28
2
97
0
0
4
20
0
5
0
73
4
50
3
74
3
80
3
9
0
19
0
99
1
5
2
15
2
72
1
24
0
38
1
63
2
6
1
42
4
15
4
83
4
95
4
47
2
97
2
50
3
19
2
88
2
97
3
31
0
92
2
96
3
82
1
69
0
36
1
91
3
90
1
85
0
22
2
57
2
50
2
44
3
57
3
63
2
43
4
84
3
4
1
23
3
41
2
59
4
54
4
47
1
24
2
98
1
97
4
81
0
19
2
32
1
36
0
20
4
17
3
1
1
42
3
45
2
12
1
79
2
28
2
51
4
70
4
49
3
86
3
7
3
78
0
74
3
27
3
96
4
54
0
66
3
82
1
46
1
88
2
9
4
12
2
19
3
82
3
96
3
73
2
65
3
37
4
60
0
29
2
77
1
40
3
32
1
49
2
43
1
52
1
47
4
90
4
39
2
64
2
85
1
50
2
26
4
67
3
34
3
49
3
16
0
64
0
93
0
10
1
21
0
43
2
55
0
81
0
85
0
45
4
16
2
47
1
44
4
71
2
94
3
77
3
95
0
78
2
84
0
30
3
62
3
90
0
98
4
64
1
42
2
50
1
40
3
66
0
95
1
6
2
32
3
44
2
85
3
2
2
98
1
39
1
66
2
10
4
14
3
10
0
90
0
13
1
47
2
79
3
17
4
67
0
15
4
69
4
60
4
90
0
59
4
98
1
69
4
42
3
2
0
26
1
79
2
7
2
42
1
34
4
99
3
5
3
44
2
80
1
13
3
90
0
8
0
78
3
90
2
38
4
14
2
32
3
63
4
90
1
68
1
79
0
97
4
72
4
48
4
69
3
41
0
43
0
14
2
74
0
20
0
46
1
16
1
2
0
33
0
50
2
6
3
91
4
43
3
35
4
7
2
17
0
93
0
77
4
82
3
94
0
98
1
69
1
58
0
97
3
69
3
2
0
8
3
7
0
28
3
35
4
97
3
41
0
0
2
59
0
77
1
14
3
48
1
23
2
87
1
38
2
10
0
84
1
56
2
15
3
4
3
27
1
70
0
16
3
60
3
72
3
27
0
2
4
90
2
73
0
55
4
3
2
95
2
4
3
57
2
89
4
79
1
87
3
63
1
14
0
59
2
32
4
18
3
31
2
43
4
67
1
89
2
87
2
8
1
66
1
93
2
15
3
67
4
89
1
6
0
43
4
27
1
54
2
11
3
76
3
65
3
67
3
55
2
66
1
66
0
23
2
29
0
20
2
48
1
38
0
70
1
83
4
54
1
66
1
80
3
87
4
43
0
98
3
19
4
62
3
9
3
18
1
21
0
86
2
80
0
59
0
59
2
72
3
18
0
26
3
17
1
81
1
67
4
58
2
93
0
32
1
50
1
36
4
23
2
67
0
63
4
63
2
41
0
13
0
7
1
68
3
95
4
91
2
68
0
36
3
22
0
89
4
37
2
65
1
53
0
85
4
66
4
16
1
76
4
77
1
35
4
11
1
94
1
0
0
33
1
86
1
48
4
20
1
1
1
57
2
82
1
60
3
45
0
43
4
38
0
89
3
8
1
79
2
31
3
2
0
84
1
49
0
32
4
25
0
4
3
70
3
71
4
52
2
77
2
44
1
40
0
22
3
11
1
94
1
65
0
93
1
62
0
28
3
72
2
3
1
52
0
86
1
86
1
30
4
62
0
79
2
44
4
19
3
56
0
90
1
62
3
15
2
93
4
40
1
75
4
5
2
41
1
34
4
55
3
8
2
79
3
47
3
8
1
69
3
9
2
55
0
32
4
65
2
16
0
4
0
35
3
45
3
93
4
70
4
73
3
61
4
72
2
10
3
16
3
89
0
89
3
27
3
48
4
71
3
34
0
46
3
36
4
34
