5
76
3
14
5
79
1
21
4
48
1
9
3
30
1
11
3
18
5
41
1
66
1
38
1
4
4
11
1
81
0
89
4
64
1
63
4
99
4
29
1
4
1
33
4
85
3
97
2
17
2
59
0
59
1
76
3
62
1
68
3
26
1
6
5
91
5
28
5
72
4
31
1
50
3
29
1
18
6
89
5
72
2
7
0
82
0
46
4
61
3
31
6
28
2
87
4
54
3
75
1
28
3
14
3
91
1
72
1
82
1
54
1
31
3
54
4
41
1
44
4
19
1
27
4
24
1
53
3
56
0
66
2
72
1
51
2
2
4
66
1
63
1
33
4
81
0
40
1
95
1
74
5
42
1
44
4
26
3
63
1
91
4
42
1
16
4
46
1
66
3
47
1
55
1
22
0
80
5
19
1
98
1
95
4
71
3
65
1
8
6
96
1
15
0
20
6
51
1
16
1
86
0
40
1
17
4
51
1
84
3
98
1
58
1
81
4
99
2
92
6
96
1
85
4
29
3
50
3
40
3
79
5
95
0
16
7
7
1
56
5
28
3
29
2
69
1
49
0
42
4
9
3
49
1
63
1
53
2
82
3
61
1
13
0
53
1
93
4
72
1
6
6
35
3
63
4
16
1
14
1
32
1
32
3
5
2
98
3
61
7
92
1
71
2
18
0
38
5
11
1
8
4
54
3
82
1
12
2
38
4
60
0
2
7
16
1
62
4
54
5
94
1
3
0
19
3
71
5
81
1
85
1
5
4
5
1
31
4
49
1
74
0
19
5
85
3
27
0
98
2
59
1
1
4
60
0
62
4
22
1
33
1
32
7
18
3
68
4
57
1
91
3
87
0
54
0
4
1
43
1
1
4
45
0
95
1
22
4
21
0
28
1
99
1
14
3
26
4
97
4
31
1
18
0
23
1
21
7
12
2
26
1
63
3
36
3
37
0
1
1
43
2
98
3
36
3
36
6
75
0
20
2
75
2
51
4
79
2
35
4
14
1
72
2
24
3
69
4
21
3
1
0
50
1
1
4
12
0
87
4
8
5
23
3
63
1
75
0
71
1
93
0
18
3
45
7
91
7
99
4
39
2
60
1
61
3
49
0
58
1
22
4
67
0
94
4
45
0
85
7
44
1
44
3
41
1
78
1
27
4
29
4
32
1
13
1
84
0
89
2
9
0
84
4
94
1
3
5
56
0
12
3
1
6
46
1
64
7
9
1
6
1
69
4
16
3
60
0
7
4
68
3
65
0
82
4
74
1
78
5
7
0
16
3
32
0
35
2
41
1
13
4
37
7
28
6
88
4
5
1
19
1
5
2
22
4
26
4
7
4
25
2
66
7
22
5
59
3
40
4
72
1
24
1
36
1
51
6
81
1
88
2
13
4
14
3
24
1
95
4
19
3
34
3
9
4
21
3
41
4
36
7
38
1
37
4
56
4
79
2
25
1
70
3
56
0
27
3
22
2
21
3
54
3
36
1
23
4
66
4
76
0
89
4
23
2
53
2
21
2
12
0
4
3
19
0
57
3
49
1
68
2
45
0
24
1
43
4
17
4
11
5
27
6
38
4
45
1
41
4
29
4
24
3
95
5
51
0
3
1
19
5
68
1
11
0
59
1
16
3
7
3
3
2
63
5
91
0
14
0
89
4
38
3
93
1
68
2
62
7
91
1
1
0
28
3
14
1
41
3
76
1
33
4
21
0
38
1
14
1
61
4
65
6
81
1
82
4
51
1
39
3
8
1
63
7
33
1
61
2
61
5
53
2
65
3
32
1
69
4
27
4
45
4
73
1
13
0
95
2
56
1
31
4
13
3
35
7
8
2
24
4
82
7
6
1
1
4
13
1
63
7
52
2
41
2
13
2
2
1
58
1
34
1
31
3
48
4
35
1
74
1
82
1
8
0
51
1
31
6
98
6
25
5
94
1
69
5
3
3
15
3
23
3
82
1
94
4
4
0
89
4
75
6
65
1
91
3
25
1
31
2
97
1
5
0
47
1
66
3
36
4
37
4
9
6
21
1
60
1
76
1
79
0
63
2
31
1
35
5
8
7
34
1
17
2
61
3
81
3
43
1
4
1
55
2
11
1
81
1
32
0
89
0
19
1
99
3
47
4
99
3
31
4
91
1
43
5
94
4
55
4
11
6
75
4
31
4
45
6
22
7
42
1
75
4
99
1
43
1
13
1
45
4
11
4
8
4
57
5
41
1
1
1
66
6
11
0
32
5
63
3
58
1
35
6
68
6
71
6
22
5
5
0
63
7
74
1
80
1
21
1
28
0
91
1
51
3
20
2
89
0
4
0
21
1
21
2
65
4
94
5
55
4
88
4
41
0
13
4
0
1
74
5
89
6
46
4
72
2
1
2
9
4
27
1
9
1
25
2
98
6
86
3
13
1
95
1
44
0
87
3
20
4
99
6
59
0
0
1
1
0
48
7
16
1
15
2
95
4
4
3
76
4
16
0
83
3
56
1
5
5
72
1
76
1
55
1
82
4
61
1
91
3
17
0
70
4
58
3
4
1
22
2
1
1
21
2
39
0
57
7
5
3
78
3
19
4
16
6
28
2
67
1
27
3
98
2
29
1
15
1
19
4
90
0
0
4
1
3
57
3
28
1
97
0
0
1
21
0
5
1
76
4
50
3
71
1
77
3
9
0
19
0
99
1
5
5
18
5
75
1
27
0
38
1
63
2
6
1
42
4
12
7
83
4
98
1
47
5
97
2
51
3
18
5
88
5
94
1
34
0
92
5
96
6
81
1
69
1
33
1
91
3
91
1
82
0
22
2
57
2
47
1
44
0
57
3
63
2
43
1
84
3
4
1
21
3
41
5
56
4
57
4
47
4
24
2
99
1
99
7
81
3
19
2
35
4
39
0
20
4
17
6
4
1
41
3
48
2
12
1
78
1
28
1
51
4
67
1
48
3
89
3
4
3
79
1
77
3
29
3
96
1
57
1
66
3
82
1
46
0
88
2
9
1
12
5
18
3
82
3
96
3
71
2
68
3
37
4
60
0
29
2
79
1
41
3
31
4
49
2
43
1
52
1
47
4
87
4
39
2
64
2
82
1
53
0
27
7
69
6
34
6
49
3
13
0
64
3
93
0
10
1
21
1
46
2
55
1
81
0
85
3
42
7
16
2
47
1
41
1
74
1
91
3
74
1
95
1
78
5
81
0
30
6
61
5
91
0
98
1
67
1
42
1
53
1
37
3
63
3
95
4
6
2
32
3
44
2
88
1
2
1
99
1
39
4
69
2
11
1
14
3
10
0
88
0
13
1
47
2
76
3
14
4
69
0
15
4
69
2
57
4
90
0
59
1
98
1
69
1
42
1
1
0
26
4
79
5
7
2
41
4
34
4
96
3
8
6
44
2
80
1
11
3
90
0
8
0
78
2
93
2
38
4
11
2
31
6
61
4
87
1
65
1
76
0
97
1
71
4
48
4
66
1
41
1
43
3
11
1
74
0
20
0
46
1
19
4
2
1
31
0
50
5
6
3
91
4
41
3
38
4
9
2
14
1
91
3
74
7
82
1
94
3
99
1
69
0
58
1
97
3
69
6
5
3
9
3
7
3
28
3
35
4
97
3
44
0
0
0
58
0
77
1
14
6
48
4
23
5
89
4
39
1
11
3
87
1
56
5
18
3
4
1
24
1
70
0
16
3
60
1
72
3
27
0
2
4
87
5
76
0
55
4
6
1
95
2
4
0
57
2
89
7
76
1
89
3
63
1
14
0
57
1
32
1
15
3
31
2
43
1
67
0
87
2
84
5
8
4
66
1
93
2
15
3
69
1
89
1
3
0
43
1
24
4
57
1
11
1
79
3
68
3
67
1
55
2
63
1
66
0
23
2
29
0
20
1
48
1
35
0
70
1
81
7
51
4
63
3
81
1
84
7
41
0
98
3
18
4
65
1
9
1
19
1
21
0
89
2
80
3
57
0
59
1
72
3
18
0
26
6
14
1
84
1
67
1
58
2
91
1
31
1
53
1
36
4
21
2
67
3
61
1
66
2
41
0
13
3
9
1
65
1
95
7
91
5
68
1
36
6
21
0
89
1
39
2
68
4
53
3
82
1
63
1
19
4
79
4
77
1
35
1
11
4
94
1
0
1
33
0
89
1
45
4
20
4
1
1
54
1
81
3
63
3
48
0
43
1
35
0
89
6
5
1
76
1
31
3
1
0
84
1
46
0
32
1
25
0
4
3
70
3
71
4
52
2
74
2
44
1
40
3
22
3
11
4
94
1
62
1
96
4
61
0
28
1
72
5
3
1
52
0
87
1
86
3
31
7
61
0
79
5
44
7
19
6
56
0
88
1
65
1
18
1
93
2
37
1
72
4
5
2
41
1
31
7
55
6
5
5
79
3
49
3
5
1
66
6
9
2
55
0
32
7
68
1
19
3
4
3
35
3
45
1
93
4
70
7
76
3
64
4
72
1
13
6
16
3
89
3
89
3
29
3
45
4
74
3
31
3
46
3
39
7
37
