9
81
8
13
10
82
1
21
9
48
1
9
3
30
1
11
3
19
9
41
1
69
1
38
1
9
9
11
1
81
0
89
4
69
1
63
4
99
9
31
1
1
1
31
4
89
8
99
2
17
2
59
0
59
1
79
3
61
1
68
3
26
1
1
9
91
9
28
9
72
9
31
1
50
3
29
1
18
9
93
9
68
2
7
0
82
0
46
9
61
3
31
9
28
2
82
9
53
7
75
1
28
3
14
3
91
1
72
1
82
1
51
1
31
8
54
4
41
1
49
4
19
0
29
9
24
1
51
3
56
0
66
2
72
1
51
2
2
4
66
1
63
1
38
4
81
0
40
1
99
1
71
9
38
1
49
9
26
3
61
1
91
4
41
1
11
4
49
1
66
8
50
1
55
1
22
0
80
10
22
1
99
1
91
4
71
3
69
1
9
9
91
1
15
0
20
9
47
1
16
1
81
0
40
1
19
4
51
0
89
3
99
1
59
1
81
4
99
2
92
9
99
1
89
9
31
3
50
3
40
8
80
7
95
0
16
9
7
1
51
9
32
3
29
2
69
1
49
0
42
4
9
8
49
1
68
0
58
2
82
3
61
1
18
0
53
1
98
4
71
1
1
7
35
3
63
4
16
1
19
1
32
1
32
3
9
2
99
8
61
9
87
1
71
2
19
0
38
9
11
1
8
9
59
3
82
1
12
2
38
4
60
0
2
9
21
1
61
4
54
9
94
1
3
0
19
8
70
9
78
0
89
1
5
4
1
1
31
4
49
1
79
0
19
10
81
3
29
0
98
2
59
1
1
4
60
0
62
4
21
1
38
1
31
9
18
8
68
4
52
1
91
3
87
0
54
0
4
1
43
1
1
4
49
0
95
1
22
4
21
0
28
1
99
1
14
8
21
4
99
4
31
1
18
0
23
1
21
9
12
2
26
1
61
3
31
8
37
0
1
1
43
2
98
3
36
3
39
7
75
0
20
2
75
2
51
4
79
2
35
9
13
1
72
2
24
8
70
4
21
8
0
0
50
1
1
4
12
0
87
9
8
9
28
3
68
1
71
0
71
1
93
0
18
3
49
9
91
9
99
4
39
2
60
1
61
3
49
0
58
1
22
4
62
0
94
4
41
0
85
9
44
1
44
3
41
1
79
0
27
4
29
4
32
1
13
1
81
0
89
2
9
0
84
4
94
1
8
9
56
0
12
8
1
9
51
1
61
9
14
1
1
1
69
9
21
3
60
0
7
4
68
3
69
0
82
9
79
1
78
9
7
0
16
3
32
0
35
2
41
1
11
9
41
9
28
9
88
9
0
1
19
1
5
2
22
9
21
4
7
7
25
2
66
12
22
9
62
3
40
4
71
0
29
1
36
1
51
9
77
1
88
2
11
4
19
3
24
1
99
4
19
3
34
3
9
4
21
3
41
4
36
9
38
1
37
4
56
4
79
2
25
1
70
3
56
0
27
3
22
2
21
8
53
8
40
1
23
4
66
9
76
0
89
4
23
2
51
2
21
2
11
0
4
3
19
0
57
8
50
1
68
2
49
0
24
1
43
4
19
4
11
9
22
9
38
9
40
1
41
9
31
4
29
3
91
10
51
0
3
1
19
9
68
1
11
0
59
1
11
3
2
8
3
2
61
9
88
0
14
0
89
4
39
8
93
1
69
2
62
9
86
1
1
0
28
3
11
1
41
8
80
1
31
4
21
0
38
1
14
1
61
9
60
9
77
1
82
9
49
1
39
3
9
1
68
9
33
1
61
2
61
9
58
2
65
8
30
1
69
9
27
7
45
4
71
1
13
0
95
2
51
1
31
4
13
3
35
9
8
2
24
4
82
9
6
1
1
9
9
1
68
9
47
2
41
2
18
2
2
1
59
1
34
1
31
8
48
4
31
1
71
1
82
1
8
0
51
1
31
9
98
7
25
9
99
1
69
9
0
3
19
3
23
8
80
1
91
4
9
0
89
9
70
9
60
1
91
3
21
1
31
2
97
1
9
0
47
1
61
3
31
4
37
9
11
9
17
1
60
1
76
1
79
0
63
2
31
1
31
9
8
9
33
1
17
2
61
3
81
3
41
1
4
1
55
2
11
1
81
1
32
0
89
0
19
1
99
3
47
9
99
3
31
4
91
1
43
9
89
4
55
4
11
9
80
9
31
4
41
9
17
9
42
1
71
9
99
1
43
1
11
1
41
9
9
4
9
9
57
9
41
1
1
1
61
9
7
0
32
9
58
8
58
1
35
9
68
9
71
11
22
7
5
0
63
9
74
1
80
1
21
1
28
0
91
1
51
3
20
2
89
0
4
0
21
1
21
2
65
4
99
10
51
9
88
9
39
0
13
4
0
1
74
9
92
9
41
4
72
2
1
2
9
4
29
1
9
1
21
2
99
9
86
3
18
1
99
1
44
0
87
3
20
9
99
9
63
0
0
1
1
0
48
9
21
1
15
2
91
4
9
8
71
4
19
0
83
3
59
1
1
9
72
1
76
1
55
1
82
9
59
1
91
3
12
0
70
9
58
8
4
1
22
2
1
1
21
2
39
0
57
9
0
8
78
3
19
4
16
9
28
1
62
0
27
8
99
2
29
1
11
1
19
4
90
0
0
4
1
8
52
3
28
1
97
0
0
1
21
0
5
1
79
4
50
3
71
1
72
3
9
0
19
0
99
1
5
10
22
9
80
1
29
0
38
1
63
2
6
1
42
4
11
12
83
4
99
1
47
9
97
2
51
3
18
9
88
9
89
1
39
0
92
9
96
9
77
1
69
1
31
1
91
3
91
1
81
0
22
2
57
2
42
1
44
0
57
3
63
2
43
1
84
3
4
1
21
3
41
10
51
4
59
4
47
9
24
2
99
1
99
12
81
8
20
2
39
9
41
0
20
4
17
9
9
1
41
3
49
2
12
1
78
1
28
1
51
4
62
1
48
3
89
3
1
3
79
1
79
3
29
3
96
0
59
1
66
3
82
1
46
0
88
2
9
1
12
9
18
3
82
3
96
3
71
2
69
3
37
4
60
0
29
2
79
1
41
3
31
9
49
2
43
1
52
1
47
4
82
4
39
2
64
2
81
1
58
0
27
9
74
9
33
9
49
3
11
0
64
8
93
0
10
1
21
1
49
2
55
1
81
0
85
8
40
9
16
2
47
1
41
1
79
1
91
3
71
1
95
1
78
9
78
0
30
9
57
9
91
0
98
1
69
1
42
0
58
1
32
3
61
7
95
9
6
2
32
3
44
2
89
1
2
1
99
1
39
9
71
2
11
1
14
3
10
0
88
0
13
1
47
2
71
3
11
4
69
0
15
4
69
1
52
4
90
0
59
1
98
1
69
1
42
1
1
0
26
9
79
9
7
2
41
9
33
4
91
3
9
9
43
2
80
1
11
3
90
0
8
0
78
2
98
2
38
4
11
2
31
9
57
4
82
1
61
1
71
0
97
1
71
4
48
4
61
1
41
1
43
8
10
1
74
0
20
0
46
1
19
9
2
1
31
0
50
9
6
3
91
4
41
3
39
4
9
2
11
1
91
8
70
12
82
1
94
8
99
1
69
0
58
1
97
3
69
9
10
8
9
3
7
8
28
3
35
4
97
3
49
0
0
0
58
0
77
1
14
9
48
9
23
9
92
9
41
1
11
8
90
1
56
10
22
3
4
1
21
1
70
0
16
3
60
1
72
3
27
0
2
4
82
9
81
0
55
4
9
1
95
2
4
0
57
2
89
9
76
1
89
3
63
1
14
0
57
1
32
1
11
3
31
2
43
1
67
0
87
2
81
9
8
9
66
1
93
2
15
3
69
0
89
1
1
0
43
1
21
9
61
1
11
1
79
3
69
3
67
1
55
2
61
1
66
0
23
2
29
0
20
1
48
1
31
0
70
1
81
9
46
9
59
8
81
1
81
9
36
0
98
3
18
4
69
1
9
1
19
1
21
0
89
2
80
8
52
0
59
1
72
3
18
0
26
9
9
1
89
1
67
0
58
2
91
1
31
1
58
1
36
4
21
2
67
8
60
1
69
2
41
0
13
8
10
1
61
1
95
9
88
9
68
1
36
9
18
0
89
1
39
2
69
9
53
8
80
1
61
1
19
9
81
4
77
1
35
1
11
9
93
1
0
1
33
0
89
1
41
4
20
9
1
1
51
1
81
8
68
3
49
0
43
1
31
0
89
9
0
1
71
1
31
3
1
0
84
1
41
0
32
1
25
0
4
3
70
3
71
4
52
2
71
2
44
1
40
8
22
3
11
9
94
1
61
1
99
9
59
0
28
1
72
9
3
1
52
0
87
1
86
8
31
9
56
0
79
9
43
12
24
9
56
0
88
1
69
1
19
1
93
1
32
1
71
4
5
2
41
1
31
7
55
9
0
9
79
3
49
3
1
1
61
9
13
2
55
0
32
9
73
1
19
8
3
7
35
3
45
1
93
4
70
9
81
3
69
4
72
1
18
9
16
3
89
8
90
3
29
3
41
4
79
3
31
8
46
3
39
9
41
