14
86
9
74
0
90
9
99
9
74
9
74
9
99
9
44
9
63
9
64
9
44
9
94
9
74
13
55
9
99
13
85
9
74
0
0
9
74
9
99
9
73
13
85
9
34
14
86
9
99
9
74
9
99
13
25
9
14
0
40
9
64
9
44
14
86
9
99
9
64
9
94
9
64
9
44
9
34
9
74
13
55
9
14
12
24
16
28
9
34
9
74
14
56
9
99
9
94
9
94
9
74
17
89
9
34
11
23
13
55
9
14
9
74
16
88
9
99
15
57
13
55
9
13
9
74
14
56
13
25
14
86
9
34
9
44
9
34
9
44
9
99
9
64
15
57
13
55
9
99
9
93
9
94
16
88
9
64
9
34
9
94
9
74
13
25
15
27
9
94
9
34
12
24
9
14
9
14
9
64
9
99
9
99
9
94
9
44
9
64
14
56
12
24
9
43
9
99
9
44
0
80
9
64
9
74
13
85
9
63
9
99
9
14
15
57
9
74
12
24
12
54
11
83
0
40
13
25
9
14
9
94
9
64
9
34
9
44
9
74
9
74
9
14
9
64
15
27
13
25
9
74
9
74
9
74
9
44
9
74
14
86
13
55
9
99
11
23
9
94
9
44
9
99
15
87
9
99
9
44
16
28
9
74
9
13
9
13
9
14
9
74
9
99
9
99
15
57
14
56
0
80
9
98
9
64
9
44
9
44
9
94
11
53
9
14
9
14
9
43
9
94
9
14
9
34
9
74
9
64
14
26
9
34
9
14
9
99
9
64
9
74
17
89
9
99
9
34
9
74
9
99
9
94
9
74
14
26
9
99
9
99
9
73
9
34
9
94
9
14
9
34
9
14
9
74
9
64
9
14
9
34
9
74
9
44
9
94
15
87
9
44
9
94
9
17
14
26
14
86
12
24
9
99
0
10
12
24
9
34
11
53
9
64
14
56
9
44
9
64
15
23
9
64
9
44
14
86
9
14
9
14
9
63
9
14
15
87
9
73
9
64
9
44
9
74
9
99
9
34
12
84
9
99
9
44
8
5
9
63
9
34
9
74
9
34
9
64
9
74
9
94
9
99
9
34
9
99
9
14
9
94
9
99
9
94
9
44
14
86
9
64
9
94
9
34
0
70
9
33
9
93
9
99
11
53
9
34
14
56
9
74
12
84
9
64
9
99
9
34
9
94
9
34
9
14
14
56
9
94
9
13
9
99
9
94
9
34
9
34
9
44
9
72
13
55
9
64
1
59
9
44
13
85
9
44
13
85
14
26
9
94
13
25
16
58
9
44
9
34
16
58
9
34
9
64
9
34
11
53
9
94
13
85
9
34
9
94
9
34
12
84
9
14
9
44
9
99
9
99
15
57
14
26
9
99
9
34
12
84
9
8
3
89
9
94
9
63
9
2
9
94
9
94
13
55
9
34
2
99
15
27
11
23
9
99
9
74
9
64
9
94
13
55
14
86
9
99
9
99
9
94
15
87
9
64
9
34
12
84
13
85
9
32
9
34
17
29
4
89
9
93
9
44
9
14
9
13
16
88
9
94
13
25
14
56
9
64
9
62
9
97
11
83
9
93
9
74
9
34
9
44
9
44
14
26
9
64
9
74
0
70
14
56
9
94
9
73
9
33
9
44
9
99
9
14
15
27
9
64
9
44
9
14
15
57
9
44
9
74
9
44
9
94
9
94
11
23
4
59
9
34
9
34
11
23
16
88
14
56
15
87
9
74
9
74
9
99
9
94
16
88
13
85
17
29
9
73
9
94
9
74
9
99
9
13
13
25
9
34
9
43
12
84
15
57
9
14
15
82
9
94
9
14
9
99
14
86
12
54
9
94
9
94
9
99
9
94
9
93
9
14
9
74
9
34
9
99
14
26
13
25
9
44
9
64
14
86
9
64
9
99
9
74
9
74
9
44
14
26
9
74
14
56
9
74
9
36
9
43
16
28
9
64
9
99
9
14
12
54
12
54
9
34
13
85
9
34
11
53
9
74
9
99
9
44
9
94
16
28
9
14
9
74
9
42
9
74
9
74
9
2
15
87
17
89
9
44
11
83
9
64
9
44
9
99
8
15
9
43
15
27
9
94
9
64
9
14
9
94
13
25
9
99
9
94
9
14
9
64
9
94
9
63
16
28
11
53
9
44
9
74
11
23
9
64
13
25
9
94
9
99
9
14
15
27
9
13
1
9
9
43
15
87
9
74
0
50
15
57
9
99
9
94
9
94
9
99
9
94
9
94
17
59
13
55
13
85
13
25
9
94
9
34
13
25
17
89
9
34
9
14
0
60
9
44
9
44
14
86
9
74
14
86
14
26
13
55
9
99
9
64
3
29
9
99
9
74
11
23
9
14
13
55
1
59
9
74
9
34
9
94
9
44
9
44
17
89
3
69
9
33
9
32
9
93
9
99
9
34
9
43
9
34
9
93
9
94
9
13
9
99
9
14
9
74
9
74
13
25
9
99
9
94
9
99
9
14
0
40
3
59
9
44
9
44
2
19
9
74
16
28
9
86
9
94
9
64
9
44
0
30
16
58
9
14
0
59
9
64
16
88
14
86
9
44
9
44
9
44
8
25
9
34
13
85
9
44
16
28
9
94
9
44
9
87
13
85
9
64
9
64
2
19
9
94
9
94
14
26
9
34
9
44
9
44
9
34
9
44
14
26
14
86
9
44
9
34
9
34
9
73
14
26
13
25
9
64
9
99
9
74
9
99
16
88
13
85
13
85
9
98
9
14
14
86
9
94
14
56
9
94
9
71
9
44
9
74
9
14
9
74
9
94
9
34
9
89
0
10
9
99
9
74
9
44
9
44
9
94
9
14
16
88
16
28
9
14
9
74
16
58
9
34
16
58
9
63
12
84
9
44
17
29
14
26
9
14
9
34
9
34
9
64
9
26
9
14
14
56
9
76
9
94
9
34
16
28
9
99
11
23
9
99
15
87
9
64
9
43
9
34
9
64
9
64
1
89
9
64
9
64
15
52
9
99
9
94
9
44
13
55
14
26
9
94
9
74
4
39
13
55
9
94
9
44
9
99
1
49
3
79
1
69
9
34
9
64
13
25
9
64
9
14
9
99
9
64
13
25
14
86
9
44
11
83
9
74
9
94
9
34
9
2
9
64
17
29
9
99
9
99
9
34
16
88
9
94
16
88
9
74
9
94
9
14
11
23
9
44
0
70
4
46
9
94
9
73
9
14
9
34
14
26
9
88
1
59
9
99
9
34
9
74
9
74
9
99
9
34
13
55
13
55
9
14
9
99
9
64
9
93
15
57
9
34
15
87
12
84
9
8
9
44
13
25
12
84
9
74
9
44
15
27
9
99
9
67
0
90
9
34
13
85
13
25
9
14
13
85
9
14
9
46
9
94
9
14
17
59
17
29
13
85
15
87
9
14
9
99
9
64
9
99
13
25
9
34
9
14
15
87
9
44
13
25
9
99
9
94
2
89
14
86
16
81
16
88
9
44
16
82
15
57
9
44
9
64
16
28
13
85
9
94
9
94
9
94
14
86
9
93
12
24
9
99
9
74
13
55
14
86
9
74
9
34
9
74
9
99
12
54
12
24
9
44
15
87
9
9
9
74
13
55
9
74
9
33
9
44
9
74
14
26
9
16
9
64
9
14
9
94
9
64
15
27
0
40
9
44
9
94
9
99
15
27
9
64
14
56
9
14
9
34
9
74
9
14
4
8
9
64
13
55
9
74
9
94
9
74
14
86
13
55
9
94
16
28
15
27
16
58
14
26
9
74
9
34
16
58
9
99
9
37
1
19
9
64
13
85
9
74
9
14
8
15
9
64
9
99
11
23
9
34
9
74
9
44
9
74
17
82
17
29
9
74
17
29
9
74
13
85
9
48
9
43
9
94
9
14
9
34
9
14
9
34
13
85
9
14
9
34
17
89
15
87
9
88
11
23
9
74
9
14
9
99
9
44
9
74
0
0
9
14
9
74
16
58
0
20
9
74
12
84
14
26
0
70
16
28
16
88
14
56
9
94
9
94
9
99
16
58
9
74
9
34
12
84
9
34
9
44
14
26
9
63
9
34
15
27
15
27
9
44
9
99
9
99
12
54
9
64
9
34
8
55
9
94
9
74
8
15
14
56
15
57
1
29
13
85
4
89
9
64
4
89
9
99
2
49
9
74
15
87
9
74
17
29
9
99
4
29
9
74
9
64
9
63
9
64
9
34
9
93
9
13
9
34
9
74
9
33
1
39
9
93
17
89
15
87
14
56
14
56
0
70
9
97
13
55
9
99
9
94
9
14
9
94
9
34
9
14
9
74
9
43
9
64
9
64
11
53
15
87
9
34
9
58
12
54
9
34
9
14
14
56
14
56
12
84
9
44
16
88
9
13
9
14
9
44
15
87
9
99
14
26
13
85
12
54
9
44
9
44
9
74
13
85
9
44
9
44
17
89
16
88
9
87
11
83
13
25
14
56
9
64
9
63
14
26
14
86
9
94
17
59
9
14
9
44
17
89
13
55
9
14
9
14
9
64
