15
87
9
74
0
90
9
99
9
74
9
74
9
99
9
44
9
64
9
64
9
44
9
94
9
74
14
56
9
99
14
86
9
74
0
0
9
74
9
99
9
74
14
86
9
34
15
87
9
99
9
74
9
99
14
26
9
14
0
40
9
64
9
44
15
87
9
99
9
64
9
94
9
64
9
44
9
34
9
74
14
56
9
14
13
25
17
29
9
34
9
74
15
57
9
99
9
94
9
94
9
74
18
90
9
34
12
24
14
56
9
14
9
74
17
89
9
99
16
58
14
56
9
14
9
74
15
57
14
26
15
87
9
34
9
44
9
34
9
44
9
99
9
64
16
58
14
56
9
99
9
94
9
94
17
89
9
64
9
34
9
94
9
74
14
26
16
28
9
94
9
34
13
25
9
14
9
14
9
64
9
99
9
99
9
94
9
44
9
64
15
57
13
25
9
44
9
99
9
44
0
80
9
64
9
74
14
86
9
64
9
99
9
14
16
58
9
74
13
25
13
55
12
84
0
40
14
26
9
14
9
94
9
64
9
34
9
44
9
74
9
74
9
14
9
64
16
28
14
26
9
74
9
74
9
74
9
44
9
74
15
87
14
56
9
99
12
24
9
94
9
44
9
99
16
88
9
99
9
44
17
29
9
74
9
14
9
14
9
14
9
74
9
99
9
99
16
58
15
57
0
80
9
98
9
64
9
44
9
44
9
94
12
54
9
14
9
14
9
44
9
94
9
14
9
34
9
74
9
64
15
27
9
34
9
14
9
99
9
64
9
74
18
90
9
99
9
34
9
74
9
99
9
94
9
74
15
27
9
99
9
99
9
74
9
34
9
94
9
14
9
34
9
14
9
74
9
64
9
14
9
34
9
74
9
44
9
94
16
88
9
44
9
94
9
17
15
27
15
87
13
25
9
99
0
10
13
25
9
34
12
54
9
64
15
57
9
44
9
64
16
23
9
64
9
44
15
87
9
14
9
14
9
64
9
14
16
88
9
74
9
64
9
44
9
74
9
99
9
34
13
85
9
99
9
44
8
5
9
63
9
34
9
74
9
34
9
64
9
74
9
94
9
99
9
34
9
99
9
14
9
94
9
99
9
94
9
44
15
87
9
64
9
94
9
34
0
70
9
34
9
94
9
99
12
54
9
34
15
57
9
74
13
85
9
64
9
99
9
34
9
94
9
34
9
14
15
57
9
94
9
14
9
99
9
94
9
34
9
34
9
44
9
72
14
56
9
64
1
59
9
44
14
86
9
44
14
86
15
27
9
94
14
26
17
59
9
44
9
34
17
59
9
34
9
64
9
34
12
54
9
94
14
86
9
34
9
94
9
34
13
85
9
14
9
44
9
99
9
99
16
58
15
27
9
99
9
34
13
85
9
8
3
89
9
94
9
64
9
2
9
94
9
94
14
56
9
34
2
99
16
28
12
24
9
99
9
74
9
64
9
94
14
56
15
87
9
99
9
99
9
94
16
88
9
64
9
34
13
85
14
86
9
32
9
34
18
30
4
89
9
94
9
44
9
14
9
14
17
89
9
94
14
26
15
57
9
64
9
62
9
97
12
84
9
94
9
74
9
34
9
44
9
44
15
27
9
64
9
74
0
70
15
57
9
94
9
74
9
34
9
44
9
99
9
14
16
28
9
64
9
44
9
14
16
58
9
44
9
74
9
44
9
94
9
94
12
24
4
59
9
34
9
34
12
24
17
89
15
57
16
88
9
74
9
74
9
99
9
94
17
89
14
86
18
30
9
74
9
94
9
74
9
99
9
14
14
26
9
34
9
44
13
85
16
58
9
14
16
82
9
94
9
14
9
99
15
87
13
55
9
94
9
94
9
99
9
94
9
94
9
14
9
74
9
34
9
99
15
27
14
26
9
44
9
64
15
87
9
64
9
99
9
74
9
74
9
44
15
27
9
74
15
57
9
74
9
36
9
44
17
29
9
64
9
99
9
14
13
55
13
55
9
34
14
86
9
34
12
54
9
74
9
99
9
44
9
94
17
29
9
14
9
74
9
42
9
74
9
74
9
2
16
88
18
90
9
44
12
84
9
64
9
44
9
99
8
15
9
44
16
28
9
94
9
64
9
14
9
94
14
26
9
99
9
94
9
14
9
64
9
94
9
64
17
29
12
54
9
44
9
74
12
24
9
64
14
26
9
94
9
99
9
14
16
28
9
14
1
9
9
44
16
88
9
74
0
50
16
58
9
99
9
94
9
94
9
99
9
94
9
94
18
60
14
56
14
86
14
26
9
94
9
34
14
26
18
90
9
34
9
14
0
60
9
44
9
44
15
87
9
74
15
87
15
27
14
56
9
99
9
64
3
29
9
99
9
74
12
24
9
14
14
56
1
59
9
74
9
34
9
94
9
44
9
44
18
90
3
69
9
34
9
32
9
94
9
99
9
34
9
44
9
34
9
94
9
94
9
14
9
99
9
14
9
74
9
74
14
26
9
99
9
94
9
99
9
14
0
40
3
59
9
44
9
44
2
19
9
74
17
29
9
86
9
94
9
64
9
44
0
30
17
59
9
14
0
59
9
64
17
89
15
87
9
44
9
44
9
44
8
25
9
34
14
86
9
44
17
29
9
94
9
44
9
87
14
86
9
64
9
64
2
19
9
94
9
94
15
27
9
34
9
44
9
44
9
34
9
44
15
27
15
87
9
44
9
34
9
34
9
73
15
27
14
26
9
64
9
99
9
74
9
99
17
89
14
86
14
86
9
98
9
14
15
87
9
94
15
57
9
94
9
71
9
44
9
74
9
14
9
74
9
94
9
34
9
89
0
10
9
99
9
74
9
44
9
44
9
94
9
14
17
89
17
29
9
14
9
74
17
59
9
34
17
59
9
64
13
85
9
44
18
30
15
27
9
14
9
34
9
34
9
64
9
26
9
14
15
57
9
76
9
94
9
34
17
29
9
99
12
24
9
99
16
88
9
64
9
44
9
34
9
64
9
64
1
89
9
64
9
64
16
52
9
99
9
94
9
44
14
56
15
27
9
94
9
74
4
39
14
56
9
94
9
44
9
99
1
49
3
79
1
69
9
34
9
64
14
26
9
64
9
14
9
99
9
64
14
26
15
87
9
44
12
84
9
74
9
94
9
34
9
2
9
64
18
30
9
99
9
99
9
34
17
89
9
94
17
89
9
74
9
94
9
14
12
24
9
44
0
70
4
46
9
94
9
74
9
14
9
34
15
27
9
88
1
59
9
99
9
34
9
74
9
74
9
99
9
34
14
56
14
56
9
14
9
99
9
64
9
94
16
58
9
34
16
88
13
85
9
8
9
44
14
26
13
85
9
74
9
44
16
28
9
99
9
67
0
90
9
34
14
86
14
26
9
14
14
86
9
14
9
46
9
94
9
14
18
60
18
30
14
86
16
88
9
14
9
99
9
64
9
99
14
26
9
34
9
14
16
88
9
44
14
26
9
99
9
94
2
89
15
87
17
81
17
89
9
44
17
82
16
58
9
44
9
64
17
29
14
86
9
94
9
94
9
94
15
87
9
94
13
25
9
99
9
74
14
56
15
87
9
74
9
34
9
74
9
99
13
55
13
25
9
44
16
88
9
9
9
74
14
56
9
74
9
33
9
44
9
74
15
27
9
16
9
64
9
14
9
94
9
64
16
28
0
40
9
44
9
94
9
99
16
28
9
64
15
57
9
14
9
34
9
74
9
14
4
8
9
64
14
56
9
74
9
94
9
74
15
87
14
56
9
94
17
29
16
28
17
59
15
27
9
74
9
34
17
59
9
99
9
37
1
19
9
64
14
86
9
74
9
14
8
15
9
64
9
99
12
24
9
34
9
74
9
44
9
74
18
82
18
30
9
74
18
30
9
74
14
86
9
48
9
44
9
94
9
14
9
34
9
14
9
34
14
86
9
14
9
34
18
90
16
88
9
88
12
24
9
74
9
14
9
99
9
44
9
74
0
0
9
14
9
74
17
59
0
20
9
74
13
85
15
27
0
70
17
29
17
89
15
57
9
94
9
94
9
99
17
59
9
74
9
34
13
85
9
34
9
44
15
27
9
64
9
34
16
28
16
28
9
44
9
99
9
99
13
55
9
64
9
34
8
55
9
94
9
74
8
15
15
57
16
58
1
29
14
86
4
89
9
64
4
89
9
99
2
49
9
74
16
88
9
74
18
30
9
99
4
29
9
74
9
64
9
64
9
64
9
34
9
94
9
14
9
34
9
74
9
34
1
39
9
94
18
90
16
88
15
57
15
57
0
70
9
97
14
56
9
99
9
94
9
14
9
94
9
34
9
14
9
74
9
44
9
64
9
64
12
54
16
88
9
34
9
58
13
55
9
34
9
14
15
57
15
57
13
85
9
44
17
89
9
13
9
14
9
44
16
88
9
99
15
27
14
86
13
55
9
44
9
44
9
74
14
86
9
44
9
44
18
90
17
89
9
87
12
84
14
26
15
57
9
64
9
64
15
27
15
87
9
94
18
60
9
14
9
44
18
90
14
56
9
14
9
14
9
64
