5
76
7
66
0
90
4
94
6
67
6
66
3
99
7
39
5
53
5
59
4
38
7
89
4
69
3
45
3
97
3
75
5
65
0
0
4
69
7
99
5
63
3
79
7
29
4
77
3
99
7
66
7
97
3
15
5
9
0
40
5
59
5
38
4
79
6
99
3
59
6
89
7
57
6
35
4
29
5
66
6
45
4
5
5
14
6
19
7
29
5
67
4
49
3
94
3
86
4
88
6
65
7
79
6
29
5
13
6
45
3
7
7
65
6
78
3
98
5
49
3
49
3
3
7
69
4
47
3
19
4
79
5
29
6
39
5
29
4
36
5
99
4
56
5
48
3
47
4
99
3
83
7
86
7
78
4
58
7
28
3
85
7
69
3
18
5
19
6
89
4
27
4
14
6
7
7
9
4
54
4
96
6
99
7
88
5
36
3
59
4
48
5
14
6
33
5
99
4
34
0
80
4
57
5
66
3
79
6
53
5
99
6
4
5
49
7
67
7
14
6
44
3
73
0
40
3
19
5
9
3
85
6
59
7
25
4
39
3
66
5
68
7
5
7
54
5
17
5
15
7
69
3
65
7
67
3
36
6
64
4
79
3
46
6
94
3
13
7
89
5
36
7
99
5
78
6
93
5
34
6
19
7
67
4
3
4
3
6
4
6
69
6
99
4
98
7
47
4
49
0
80
4
98
5
55
6
36
4
39
7
88
4
43
4
6
4
9
5
33
6
88
6
8
6
26
6
69
4
57
4
19
7
29
5
7
4
96
7
54
7
67
7
79
6
93
5
29
3
69
6
99
7
89
7
64
4
19
4
99
3
99
6
63
5
25
3
89
6
9
7
29
4
9
7
69
7
55
5
4
7
28
4
69
5
36
3
84
5
79
5
39
4
89
5
17
4
16
4
79
7
14
3
95
0
10
6
14
5
28
3
43
6
57
4
46
7
37
5
59
5
23
3
54
6
39
6
76
6
9
4
9
4
53
5
5
7
77
3
63
7
56
3
37
4
69
7
98
4
29
5
74
3
98
4
37
6
5
4
63
4
26
7
69
3
28
5
56
6
69
7
85
5
99
4
24
7
99
3
9
6
89
7
95
4
84
3
39
4
76
6
58
5
86
3
29
0
70
6
23
3
83
6
94
6
43
3
29
4
49
6
68
6
74
4
54
5
99
7
28
3
84
4
29
5
9
4
47
6
84
5
3
4
99
6
89
4
29
7
29
5
38
4
72
3
49
6
54
1
59
3
37
7
75
6
39
3
79
4
18
3
88
3
19
6
49
3
39
5
24
6
48
7
29
5
59
6
26
5
43
7
85
3
79
3
25
4
86
6
28
5
74
4
7
3
39
5
99
7
99
7
47
5
16
3
94
6
29
3
74
3
8
3
88
6
85
3
53
7
2
6
88
6
89
3
46
5
27
2
98
5
18
3
13
3
98
4
69
5
54
7
88
3
48
4
78
5
99
6
98
7
89
5
79
4
54
3
29
4
74
3
79
4
32
4
29
7
19
4
89
3
83
5
35
4
5
5
3
6
79
4
88
3
18
4
46
7
54
5
62
7
97
3
73
4
83
4
64
4
25
5
39
6
35
4
17
6
57
4
69
0
70
7
46
7
89
5
63
3
23
5
35
7
99
5
9
5
17
3
56
5
39
4
9
5
49
3
39
6
69
4
35
3
88
3
88
6
13
4
55
3
26
3
27
5
13
6
78
4
49
5
78
4
69
3
66
5
95
4
89
6
79
3
79
7
19
5
63
4
86
3
65
6
99
6
3
7
15
5
29
5
33
6
74
5
47
5
9
5
84
4
84
4
7
5
97
4
79
7
44
4
89
6
89
5
99
7
87
5
83
4
6
5
67
4
29
3
99
4
18
7
15
7
35
5
59
4
79
7
56
7
99
6
64
7
69
5
39
4
17
6
69
5
46
7
64
6
36
3
33
7
18
4
59
7
99
7
5
7
44
4
44
6
29
5
75
6
29
5
43
6
69
4
99
6
34
6
89
6
18
5
9
5
69
7
42
4
69
5
66
5
2
5
79
7
79
3
39
3
73
6
55
5
39
5
99
3
15
3
33
5
19
5
89
5
59
7
9
3
85
3
18
5
96
7
88
6
4
4
59
5
89
5
53
6
19
5
43
6
36
7
69
6
13
7
54
3
15
3
89
5
96
4
9
6
17
4
3
1
6
5
33
5
79
3
67
0
50
7
47
3
99
7
87
4
89
3
97
5
89
4
85
7
49
4
45
5
75
3
19
6
89
3
29
3
16
7
79
3
29
3
4
0
60
3
36
5
39
7
76
3
66
4
79
4
17
3
49
3
94
5
59
3
29
7
98
7
65
4
13
6
9
3
47
1
58
5
69
6
29
4
84
6
37
7
39
7
79
3
66
5
23
5
32
5
83
6
96
5
29
6
33
3
29
3
83
7
89
5
3
7
99
3
7
7
69
5
68
3
19
6
99
5
88
3
99
3
9
0
40
3
59
7
37
3
35
2
16
3
68
6
18
5
86
7
87
4
59
5
39
0
30
6
48
6
8
0
59
6
59
6
79
5
76
7
36
7
38
6
39
4
25
3
29
3
79
6
39
6
18
6
89
7
35
5
87
3
79
6
55
4
56
2
18
5
85
3
88
4
17
6
29
3
39
6
36
4
28
3
39
4
19
5
76
5
39
4
29
4
26
4
73
6
16
3
18
5
58
3
96
4
69
6
97
7
78
3
75
5
75
6
98
4
6
6
76
3
89
5
46
3
89
5
71
7
39
3
66
7
6
7
65
3
84
5
29
5
89
0
10
6
95
7
69
4
39
4
39
5
86
5
9
6
79
6
19
4
7
7
68
7
48
6
24
6
49
4
53
6
74
7
34
7
19
5
16
7
5
4
29
7
25
5
59
3
26
5
8
7
46
4
76
4
87
6
25
6
19
4
99
6
13
3
99
7
77
4
59
6
33
5
27
4
57
4
55
1
89
4
54
7
56
5
53
7
99
3
87
4
38
3
48
4
19
7
86
3
69
4
37
3
49
3
86
7
36
7
97
1
44
3
77
1
69
3
25
4
57
3
19
5
59
7
9
3
94
7
56
3
16
5
76
5
37
6
73
4
65
3
88
7
29
6
2
7
54
7
19
6
99
5
99
6
29
7
78
4
89
6
79
5
66
4
88
3
4
4
13
3
36
0
70
4
46
3
87
4
63
4
8
7
24
4
19
5
88
1
59
4
99
5
27
4
69
7
69
5
99
7
29
3
46
6
45
6
9
7
94
6
58
6
83
5
49
5
25
7
77
5
74
6
8
4
39
3
18
5
74
5
69
6
34
5
18
5
94
5
67
0
90
6
27
5
75
3
19
4
9
3
79
7
9
4
46
5
84
3
8
7
49
7
19
3
79
5
77
3
9
4
95
3
59
6
96
3
16
7
24
6
8
5
77
4
35
3
16
7
99
6
88
2
89
6
76
6
81
6
78
3
36
6
82
5
49
4
39
7
54
6
19
3
76
3
89
4
89
4
85
7
76
6
83
4
14
7
99
6
65
3
45
6
76
4
69
4
24
6
67
6
99
4
44
4
14
5
39
5
79
6
9
3
69
3
47
6
66
7
33
5
38
5
69
4
18
3
26
3
58
6
9
7
84
6
59
5
17
0
40
7
34
7
89
3
97
5
19
5
55
4
46
7
9
7
24
3
69
7
9
4
8
6
59
3
47
7
65
3
89
5
69
4
79
3
49
5
86
6
19
5
19
6
49
4
16
6
64
3
24
6
49
5
93
5
37
1
19
5
59
7
75
7
69
6
6
5
15
3
56
4
94
3
13
7
29
7
69
4
34
5
66
7
82
7
19
4
69
7
19
5
69
3
79
7
48
6
33
5
86
7
5
3
24
6
9
6
29
3
77
3
9
3
29
7
79
5
79
6
88
6
13
4
69
6
9
7
97
7
37
7
67
0
0
4
9
5
68
6
49
0
20
4
64
5
74
7
16
0
70
6
18
6
79
4
49
4
89
4
89
7
96
6
49
3
64
4
29
6
74
4
29
6
38
5
16
6
53
7
29
5
19
5
19
4
38
4
99
7
99
6
44
6
57
7
24
6
55
5
87
7
69
3
15
4
47
5
48
1
29
3
76
4
85
3
56
4
87
6
99
2
48
6
66
5
78
4
64
7
19
5
95
4
29
6
68
7
54
4
53
3
56
6
24
6
83
5
3
4
26
5
69
6
23
1
39
5
83
7
79
7
77
7
46
4
48
0
70
4
97
7
45
5
99
5
89
5
9
3
89
3
29
5
9
3
65
6
33
7
59
4
59
4
43
5
79
3
29
7
58
4
44
5
29
6
7
4
49
4
46
4
74
5
38
6
79
6
13
6
9
5
38
6
77
3
97
4
19
3
76
7
44
6
38
5
36
7
69
7
75
4
37
4
34
7
79
6
79
4
87
5
73
3
19
6
46
5
59
6
53
7
16
7
76
4
89
7
49
6
9
6
38
7
79
4
45
7
6
6
9
5
56
