11
83
9
73
0
90
9
99
9
74
9
73
9
99
9
44
9
60
9
64
9
43
9
94
9
73
10
52
9
99
10
82
9
72
0
0
9
73
9
99
9
70
10
82
9
34
11
83
9
99
9
73
9
99
10
22
9
14
0
40
9
64
9
44
11
83
9
99
9
62
9
94
9
64
9
42
9
33
9
73
10
52
9
12
9
21
13
25
9
34
9
74
11
53
9
99
9
92
9
93
9
72
14
86
9
34
9
20
10
52
9
12
9
72
13
85
9
99
12
54
10
52
9
10
9
74
11
53
10
22
11
83
9
34
9
44
9
34
9
43
9
99
9
63
12
54
10
52
9
99
9
90
9
93
13
85
9
63
9
34
9
92
9
74
10
22
12
24
9
94
9
33
9
21
9
14
9
14
9
61
9
99
9
99
9
94
9
43
9
62
11
53
9
21
9
40
9
99
9
41
0
80
9
63
9
73
10
82
9
60
9
99
9
11
12
54
9
74
9
21
9
51
9
80
0
40
10
22
9
14
9
92
9
64
9
32
9
43
9
72
9
74
9
12
9
61
12
24
10
22
9
74
9
72
9
74
9
42
9
71
11
83
10
52
9
99
9
20
9
94
9
43
9
99
12
84
9
99
9
41
13
25
9
74
9
10
9
10
9
11
9
74
9
99
9
99
12
54
11
53
0
80
9
98
9
62
9
43
9
43
9
94
9
50
9
13
9
13
9
40
9
94
9
14
9
33
9
74
9
63
11
23
9
34
9
14
9
99
9
61
9
74
14
86
9
99
9
34
9
72
9
99
9
94
9
71
11
23
9
99
9
99
9
70
9
32
9
92
9
14
9
34
9
13
9
74
9
62
9
11
9
34
9
73
9
43
9
91
12
84
9
44
9
93
9
17
11
23
11
83
9
21
9
99
0
10
9
21
9
34
9
50
9
64
11
53
9
44
9
64
12
23
9
61
9
44
11
83
9
14
9
13
9
60
9
12
12
84
9
70
9
63
9
42
9
73
9
99
9
33
9
81
9
99
9
43
8
5
9
63
9
33
9
74
9
32
9
63
9
74
9
92
9
99
9
31
9
99
9
12
9
94
9
99
9
91
9
42
11
83
9
64
9
93
9
32
0
70
9
30
9
90
9
99
9
50
9
32
11
53
9
74
9
81
9
61
9
99
9
34
9
91
9
33
9
14
11
53
9
91
9
10
9
99
9
94
9
33
9
34
9
44
9
72
10
52
9
61
1
59
9
42
10
82
9
44
10
82
11
23
9
92
10
22
13
55
9
42
9
31
13
55
9
34
9
64
9
33
9
50
9
92
10
82
9
32
9
93
9
34
9
81
9
13
9
42
9
99
9
99
12
54
11
23
9
99
9
34
9
81
9
8
3
89
9
92
9
60
9
2
9
94
9
94
10
52
9
34
2
99
12
24
9
20
9
99
9
73
9
61
9
94
10
52
11
83
9
99
9
99
9
94
12
84
9
61
9
32
9
81
10
82
9
32
9
33
14
26
4
89
9
90
9
42
9
12
9
10
13
85
9
93
10
22
11
53
9
61
9
62
9
97
9
80
9
90
9
71
9
32
9
44
9
42
11
23
9
64
9
73
0
70
11
53
9
94
9
70
9
30
9
42
9
99
9
14
12
24
9
62
9
44
9
13
12
54
9
42
9
74
9
42
9
92
9
92
9
20
4
59
9
32
9
32
9
20
13
85
11
53
12
84
9
73
9
72
9
99
9
93
13
85
10
82
14
26
9
70
9
93
9
72
9
99
9
10
10
22
9
34
9
40
9
81
12
54
9
14
12
82
9
91
9
13
9
99
11
83
9
51
9
93
9
94
9
99
9
94
9
90
9
13
9
74
9
33
9
99
11
23
10
22
9
42
9
64
11
83
9
63
9
99
9
71
9
74
9
44
11
23
9
74
11
53
9
71
9
36
9
40
13
25
9
63
9
99
9
12
9
51
9
51
9
34
10
82
9
34
9
50
9
74
9
99
9
41
9
94
13
25
9
14
9
74
9
42
9
73
9
73
9
2
12
84
14
86
9
42
9
80
9
62
9
44
9
99
8
15
9
40
12
24
9
94
9
64
9
14
9
92
10
22
9
99
9
94
9
11
9
63
9
94
9
60
13
25
9
50
9
43
9
74
9
20
9
61
10
22
9
92
9
99
9
13
12
24
9
10
1
9
9
40
12
84
9
72
0
50
12
54
9
99
9
94
9
93
9
99
9
94
9
92
14
56
10
52
10
82
10
22
9
94
9
32
10
22
14
86
9
32
9
11
0
60
9
42
9
44
11
83
9
72
11
83
11
23
10
52
9
99
9
64
3
29
9
99
9
72
9
20
9
14
10
52
1
59
9
74
9
34
9
91
9
44
9
44
14
86
3
69
9
30
9
32
9
90
9
99
9
34
9
40
9
32
9
90
9
94
9
10
9
99
9
12
9
74
9
74
10
22
9
99
9
94
9
99
9
12
0
40
3
59
9
44
9
42
2
19
9
72
13
25
9
86
9
94
9
63
9
44
0
30
13
55
9
14
0
59
9
64
13
85
11
83
9
43
9
44
9
44
8
25
9
32
10
82
9
44
13
25
9
94
9
42
9
87
10
82
9
62
9
63
2
19
9
92
9
92
11
23
9
34
9
42
9
43
9
33
9
42
11
23
11
83
9
44
9
33
9
33
9
73
11
23
10
22
9
64
9
99
9
73
9
99
13
85
10
82
10
82
9
98
9
13
11
83
9
92
11
53
9
92
9
71
9
44
9
72
9
13
9
72
9
91
9
34
9
89
0
10
9
99
9
74
9
43
9
43
9
93
9
14
13
85
13
25
9
13
9
74
13
55
9
31
13
55
9
60
9
81
9
41
14
26
11
23
9
12
9
33
9
32
9
64
9
26
9
14
11
53
9
76
9
93
9
32
13
25
9
99
9
20
9
99
12
84
9
63
9
40
9
34
9
63
9
62
1
89
9
61
9
63
12
52
9
99
9
92
9
43
10
52
11
23
9
93
9
72
4
39
10
52
9
92
9
43
9
99
1
49
3
79
1
69
9
32
9
63
10
22
9
64
9
14
9
99
9
63
10
22
11
83
9
44
9
80
9
72
9
92
9
34
9
2
9
61
14
26
9
99
9
99
9
34
13
85
9
93
13
85
9
73
9
93
9
11
9
20
9
42
0
70
4
46
9
92
9
70
9
13
9
31
11
23
9
88
1
59
9
99
9
34
9
73
9
74
9
99
9
34
10
52
10
52
9
14
9
99
9
64
9
90
12
54
9
32
12
84
9
81
9
8
9
43
10
22
9
81
9
74
9
41
12
24
9
99
9
67
0
90
9
34
10
82
10
22
9
13
10
82
9
14
9
46
9
91
9
12
14
56
14
26
10
82
12
84
9
12
9
99
9
62
9
99
10
22
9
31
9
14
12
84
9
42
10
22
9
99
9
94
2
89
11
83
13
81
13
85
9
42
13
82
12
54
9
43
9
61
13
25
10
82
9
92
9
93
9
92
11
83
9
90
9
21
9
99
9
72
10
52
11
83
9
73
9
31
9
74
9
99
9
51
9
21
9
44
12
84
9
9
9
72
10
52
9
73
9
33
9
44
9
74
11
23
9
19
9
62
9
14
9
91
9
64
12
24
0
40
9
41
9
94
9
99
12
24
9
62
11
53
9
14
9
31
9
72
9
14
4
8
9
64
10
52
9
72
9
92
9
74
11
83
10
52
9
93
13
25
12
24
13
55
11
23
9
71
9
31
13
55
9
99
9
37
1
19
9
64
10
82
9
74
9
13
8
15
9
62
9
99
9
20
9
34
9
74
9
41
9
73
14
82
14
26
9
73
14
26
9
74
10
82
9
48
9
40
9
93
9
12
9
31
9
14
9
34
10
82
9
12
9
32
14
86
12
84
9
88
9
20
9
73
9
14
9
99
9
44
9
74
0
0
9
13
9
74
13
55
0
20
9
71
9
81
11
23
0
70
13
25
13
85
11
53
9
93
9
93
9
99
13
55
9
71
9
33
9
81
9
33
9
44
11
23
9
60
9
34
12
24
12
24
9
43
9
99
9
99
9
51
9
64
9
31
8
55
9
94
9
74
8
15
11
53
12
54
1
29
10
82
4
89
9
62
4
89
9
99
2
49
9
73
12
84
9
71
14
26
9
99
4
29
9
74
9
61
9
60
9
62
9
31
9
90
9
10
9
33
9
74
9
30
1
39
9
90
14
86
12
84
11
53
11
53
0
70
9
97
10
52
9
99
9
94
9
14
9
92
9
32
9
14
9
72
9
40
9
64
9
63
9
50
12
84
9
32
9
58
9
51
9
34
9
14
11
53
11
53
9
81
9
44
13
85
9
13
9
14
9
44
12
84
9
99
11
23
10
82
9
51
9
44
9
43
9
74
10
82
9
43
9
41
14
86
13
85
9
87
9
80
10
22
11
53
9
64
9
60
11
23
11
83
9
93
14
56
9
14
9
44
14
86
10
52
9
13
9
14
9
63
