7
78
9
68
0
90
6
96
8
69
8
68
5
99
9
41
7
55
7
59
6
39
9
91
6
69
5
47
5
99
5
77
7
67
0
0
6
69
9
99
7
65
5
79
9
31
6
79
5
99
9
68
9
99
5
17
7
9
0
40
7
59
7
39
6
79
8
99
5
59
8
90
9
59
8
37
6
29
7
68
8
47
6
7
7
16
8
20
9
31
7
69
6
49
5
96
5
88
6
89
8
67
9
81
8
30
7
15
8
47
5
9
9
67
8
80
5
99
7
49
5
49
5
5
9
71
6
49
5
19
6
79
7
29
8
40
7
29
6
38
7
99
6
58
7
49
5
49
6
99
5
85
9
88
9
80
6
59
9
30
5
87
9
71
5
19
7
19
8
90
6
29
6
16
8
9
9
11
6
56
6
98
8
99
9
90
7
38
5
59
6
49
7
16
8
35
7
99
6
36
0
80
6
59
7
68
5
79
8
55
7
99
8
6
7
49
9
69
8
16
8
46
5
75
0
40
5
19
7
9
5
87
8
60
9
27
6
39
5
68
7
69
9
7
8
56
7
19
7
17
9
71
5
67
9
69
5
38
8
66
6
79
5
48
8
96
5
15
9
91
7
38
9
99
7
79
8
95
7
36
8
20
9
69
6
5
6
5
8
6
8
70
8
99
6
99
9
49
6
49
0
80
6
98
7
57
8
38
6
39
9
90
6
45
6
8
6
9
7
35
8
90
8
10
8
28
8
70
6
59
6
19
9
31
7
9
6
98
8
56
9
69
9
81
8
95
7
29
5
69
8
99
9
91
8
66
6
19
6
99
5
99
8
65
7
27
5
89
8
10
9
31
6
9
9
71
9
57
7
6
9
30
6
69
7
38
5
86
7
79
7
39
6
89
7
17
6
18
6
79
8
16
5
97
0
10
8
16
7
29
5
45
8
59
6
48
9
39
7
59
7
23
5
56
8
40
8
78
8
10
6
9
6
55
7
7
9
79
5
65
9
58
5
39
6
69
9
99
6
29
7
76
5
99
6
39
8
5
6
63
6
28
9
71
5
29
7
58
8
70
9
87
7
99
6
26
9
99
5
9
8
90
9
97
6
86
5
39
6
78
8
60
7
88
5
29
0
70
8
25
5
85
8
96
8
45
5
29
6
49
8
70
8
76
6
56
7
99
9
30
5
86
6
29
7
9
6
49
8
86
7
5
6
99
8
90
6
29
9
31
7
39
6
72
5
49
8
56
1
59
5
39
9
77
8
40
5
79
6
19
5
89
5
19
8
50
5
39
7
26
8
50
9
31
7
59
8
28
7
45
9
87
5
79
5
27
6
88
8
30
7
76
6
9
5
39
7
99
9
99
9
49
7
18
5
96
8
30
5
76
5
8
3
89
8
87
5
55
9
2
8
90
8
90
5
48
7
29
2
99
7
19
5
15
5
99
6
69
7
56
9
90
5
49
6
79
7
99
8
99
9
91
7
79
6
56
5
29
6
76
5
79
6
32
6
29
9
21
4
89
5
85
7
37
6
7
7
5
8
80
6
89
5
19
6
48
8
56
7
62
9
97
5
75
6
85
6
66
6
27
7
39
8
37
6
19
8
59
6
69
0
70
9
48
9
91
7
65
5
25
7
37
9
99
7
9
7
19
5
58
7
39
6
9
7
49
5
39
8
70
6
37
5
89
5
89
8
15
4
57
5
28
5
29
7
15
8
80
6
49
7
79
6
69
5
68
7
97
6
89
8
80
5
79
9
21
7
65
6
88
5
67
8
99
8
5
9
17
7
29
7
35
8
76
7
49
7
9
7
84
6
86
6
9
7
99
6
79
8
46
6
89
8
90
7
99
9
89
7
85
6
8
7
69
6
29
5
99
6
19
9
17
9
37
7
59
6
79
9
58
9
99
8
66
9
71
7
39
6
19
8
70
7
48
8
66
8
36
5
35
9
20
6
59
9
99
9
7
8
46
6
46
8
30
7
77
8
30
7
45
8
70
6
99
8
36
8
90
8
20
7
9
7
69
9
42
6
69
7
68
7
2
7
79
9
81
5
39
5
75
8
57
7
39
7
99
5
15
5
35
7
19
7
89
7
59
9
11
5
87
5
19
7
98
9
90
8
6
6
59
7
89
7
55
8
20
7
45
8
38
9
71
8
15
8
56
5
17
5
89
7
98
6
9
8
19
6
5
1
8
7
35
7
79
5
69
0
50
9
49
5
99
9
89
6
89
5
99
7
89
6
87
9
51
6
47
7
77
5
19
8
90
5
29
5
18
9
81
5
29
5
6
0
60
5
38
7
39
9
78
5
68
6
79
6
19
5
49
5
96
7
59
3
29
9
99
9
67
6
15
8
10
5
49
1
59
7
69
8
30
6
86
8
39
9
41
9
81
3
68
7
25
7
32
7
85
8
98
7
29
8
35
5
29
5
85
9
91
7
5
9
99
5
9
9
71
7
69
5
19
8
99
7
89
5
99
5
9
0
40
3
59
9
39
5
37
2
18
5
69
8
20
7
86
9
89
6
59
7
39
0
30
8
50
8
10
0
59
8
60
8
80
7
78
9
38
9
40
8
40
6
25
5
29
5
79
8
40
8
20
8
90
9
37
7
87
5
79
8
57
6
58
2
19
7
87
5
89
6
19
8
30
5
39
8
38
6
29
5
39
6
19
7
78
7
39
6
29
6
28
6
73
8
18
5
19
7
59
5
98
6
69
8
99
9
80
5
77
7
77
8
98
6
8
8
78
5
89
7
48
5
89
7
71
9
41
5
68
9
8
9
67
5
86
7
29
7
89
0
10
8
97
9
71
6
39
6
39
7
88
7
9
8
80
8
20
6
9
9
70
9
50
8
26
8
50
6
55
8
76
8
36
9
21
7
18
9
7
6
29
9
27
7
59
5
26
7
9
9
48
6
76
6
89
8
27
8
20
6
99
8
15
5
99
9
79
6
59
8
35
7
29
6
59
6
57
1
89
6
56
9
58
7
53
9
99
5
89
6
39
5
49
6
19
9
88
5
69
4
39
5
49
5
88
9
38
9
99
1
46
3
79
1
69
5
27
6
59
5
19
7
59
9
11
5
96
9
58
5
18
7
78
7
39
8
75
6
67
5
89
9
31
8
2
8
56
9
21
8
99
7
99
8
30
9
80
6
89
8
80
7
68
6
89
5
6
6
15
5
38
0
70
4
46
5
89
6
65
6
9
8
26
6
19
7
88
1
59
6
99
7
29
6
69
9
71
7
99
9
31
5
48
8
47
8
10
8
96
8
60
8
85
7
49
7
27
9
79
7
76
8
8
6
39
5
19
7
76
7
69
8
36
7
19
7
96
7
67
0
90
8
29
7
77
5
19
6
9
5
79
9
11
6
46
7
86
5
9
9
51
9
21
5
79
7
79
5
9
6
97
5
59
8
98
5
18
8
26
8
10
7
79
6
37
5
18
9
99
8
90
2
89
8
78
8
81
8
80
5
38
8
82
7
49
6
39
8
56
8
20
5
78
5
89
6
89
6
87
9
78
8
85
6
16
9
99
8
67
5
47
8
78
6
69
6
26
8
69
8
99
6
46
6
16
7
39
7
79
8
9
5
69
5
49
8
68
9
33
7
39
7
69
6
19
5
24
5
59
8
10
8
86
8
60
7
19
0
40
8
36
9
91
5
99
7
19
7
57
6
48
9
11
8
26
5
69
9
11
4
8
8
60
5
49
9
67
5
89
7
69
6
79
5
49
7
88
8
20
7
19
8
50
6
18
8
66
5
26
8
50
7
95
7
37
1
19
7
59
9
77
9
71
8
8
7
15
5
58
6
96
5
15
9
31
9
71
6
36
7
68
9
82
9
21
6
69
9
21
7
69
5
79
9
48
8
35
7
88
9
7
5
26
8
10
8
30
5
79
5
9
5
29
9
81
7
79
8
88
8
15
6
69
8
10
9
99
9
39
9
69
0
0
6
9
7
69
8
50
0
20
6
66
7
76
9
18
0
70
8
20
8
80
6
49
6
89
6
89
9
98
8
50
5
66
6
29
8
76
6
29
8
40
7
18
8
55
9
31
7
19
7
19
6
39
6
99
9
99
8
46
8
59
8
26
8
55
7
89
9
71
5
15
6
49
7
49
1
29
5
78
4
87
5
58
4
89
8
99
2
49
8
68
7
79
6
66
9
21
7
97
4
29
8
70
8
56
6
55
5
58
8
26
8
85
7
5
6
28
7
69
8
25
1
39
7
85
9
81
9
79
9
48
6
49
0
70
6
97
9
47
7
99
7
89
7
9
5
89
5
29
7
9
5
67
8
35
9
61
6
59
6
45
7
79
5
29
9
58
6
46
7
29
8
9
6
49
6
48
6
76
7
39
8
80
8
13
8
10
7
39
8
79
5
99
6
19
5
78
8
46
8
40
7
38
9
71
9
77
6
39
6
36
9
81
8
80
6
87
7
75
5
19
8
48
7
59
8
55
9
18
9
78
6
89
9
51
8
10
8
40
9
81
6
47
9
8
8
10
7
58
