9
80
9
70
0
90
8
98
9
71
9
70
7
99
9
43
9
57
9
61
8
40
9
93
8
70
7
49
7
99
7
79
9
69
0
0
8
70
9
99
9
67
7
79
9
33
8
80
7
99
9
70
9
99
7
19
9
11
0
40
9
61
9
41
8
80
9
99
7
59
9
92
9
61
9
39
8
30
9
70
9
49
8
9
9
18
10
22
9
33
9
71
8
50
7
98
7
89
8
90
9
69
11
83
9
32
9
17
9
49
7
9
9
69
10
82
7
99
9
51
7
49
7
7
9
73
8
50
7
19
8
80
9
31
9
42
9
31
8
40
9
99
8
60
9
51
7
49
8
99
7
87
9
90
10
82
8
60
9
32
7
89
9
73
7
19
9
21
9
92
8
30
8
18
9
11
9
13
8
58
8
99
9
99
9
92
9
40
7
59
8
50
9
18
9
37
9
99
8
38
0
80
8
60
9
70
7
79
9
57
9
99
9
8
9
51
9
71
9
18
9
48
7
77
0
40
7
19
9
11
7
89
9
62
9
29
8
40
7
69
9
71
9
9
9
58
9
21
9
19
9
73
7
69
9
71
7
39
9
68
8
80
7
49
9
98
7
17
9
93
9
40
9
99
9
81
9
97
9
38
10
22
9
71
8
7
8
7
9
8
9
72
9
99
8
99
9
51
8
50
0
80
8
98
9
59
9
40
8
40
9
92
8
47
8
10
8
10
9
37
9
92
9
12
9
30
9
72
8
60
8
20
9
33
9
11
8
99
9
58
9
71
11
83
9
97
9
31
7
69
9
99
9
93
9
68
8
20
8
99
7
99
9
67
9
29
7
89
9
12
9
33
8
10
9
73
9
59
9
8
9
32
8
70
9
40
7
88
9
81
9
41
8
90
9
17
8
20
8
80
9
18
7
99
0
10
9
18
9
31
7
47
9
61
8
50
9
41
9
61
9
23
7
58
9
42
9
80
9
12
8
10
8
57
9
9
9
81
7
67
9
60
7
39
8
70
9
99
8
30
9
78
7
99
8
40
8
5
8
63
8
30
9
73
7
29
9
60
9
72
9
89
9
99
8
28
9
99
7
9
9
92
9
99
8
88
7
39
8
80
9
62
9
90
7
29
0
70
9
27
7
87
9
98
9
47
7
29
8
50
9
72
9
78
8
58
9
99
9
32
7
88
8
30
9
11
8
50
9
88
9
7
8
99
9
92
8
30
9
33
9
41
8
72
7
49
9
58
1
59
7
39
9
79
9
42
7
79
8
20
7
89
7
19
10
52
7
39
9
28
10
52
9
33
9
61
9
30
9
47
9
89
7
79
7
29
8
90
9
32
9
78
8
10
7
39
9
99
9
99
9
51
9
20
7
98
9
32
7
78
7
8
3
89
9
89
7
57
9
2
9
92
9
92
7
49
9
31
2
99
9
21
7
17
7
99
8
70
9
58
9
92
7
49
8
80
9
99
9
99
9
93
9
81
8
58
7
29
8
78
7
79
8
32
8
30
11
23
4
89
7
87
9
39
8
9
9
7
10
82
8
90
7
19
8
50
9
58
9
62
9
97
7
77
8
87
8
68
8
29
9
41
9
39
8
20
9
61
8
70
0
70
9
50
9
93
9
67
7
27
9
39
9
99
9
11
9
21
7
59
9
41
8
10
9
51
7
39
9
72
8
39
7
89
7
89
9
17
4
59
7
29
7
29
9
17
10
82
8
50
9
81
8
70
7
69
9
99
8
90
10
82
7
79
11
23
9
67
8
90
7
69
9
99
9
7
9
19
9
31
9
37
9
78
9
51
9
11
9
83
8
88
8
10
9
99
8
80
9
48
8
90
9
92
9
99
9
91
9
87
8
10
9
71
8
30
7
99
8
20
9
19
9
39
9
61
8
80
9
60
9
99
9
68
9
73
9
41
8
20
9
72
9
50
9
68
9
36
7
37
10
22
8
60
9
99
9
9
9
48
8
48
9
32
9
79
9
32
9
47
9
72
8
99
9
38
9
92
10
22
9
11
9
71
9
42
8
70
9
70
9
2
9
81
11
83
7
39
7
77
9
59
9
41
9
99
7
15
7
37
9
21
9
91
9
61
9
13
7
89
7
19
9
99
9
92
9
8
8
60
9
91
9
57
10
22
9
47
9
40
9
73
9
17
9
58
7
19
7
89
9
99
8
10
9
21
8
7
1
9
9
37
9
81
7
69
0
50
9
51
7
99
9
91
8
90
7
99
9
91
8
89
11
53
8
49
9
79
7
19
9
92
7
29
7
19
11
83
7
29
7
8
0
60
7
39
9
41
9
80
7
69
8
80
8
20
7
49
7
98
9
61
3
29
9
99
9
69
8
17
9
12
7
49
1
59
9
71
9
32
8
88
9
41
9
43
11
83
3
69
9
27
9
32
9
87
9
99
9
31
9
37
7
29
7
87
9
93
9
7
9
99
7
9
9
73
9
71
7
19
9
99
9
91
7
99
7
9
0
40
3
59
9
41
7
39
2
19
7
69
10
22
9
86
9
91
8
60
9
41
0
30
10
52
9
12
0
59
9
62
10
82
9
80
9
40
9
42
9
42
8
25
7
29
7
79
9
42
10
22
9
92
9
39
9
87
7
79
9
59
8
60
2
19
9
89
7
89
8
20
9
32
7
39
9
40
8
30
7
39
8
20
9
80
9
41
8
30
8
30
8
73
9
20
7
19
9
61
7
99
8
70
9
99
10
82
7
79
9
79
9
98
8
10
9
80
7
89
9
50
7
89
9
71
9
43
7
69
9
10
9
69
7
88
9
31
9
89
0
10
9
99
9
73
8
40
8
40
9
90
9
11
10
82
10
22
8
10
9
72
10
52
9
28
10
52
8
57
9
78
9
38
11
23
9
20
9
9
8
30
9
29
9
61
7
26
9
11
9
50
8
76
8
90
9
29
10
22
8
99
9
17
7
99
9
81
8
60
9
37
9
31
8
60
8
59
1
89
8
58
9
60
9
53
9
99
7
89
8
40
7
49
8
20
9
90
7
69
4
39
7
49
7
89
9
40
9
99
1
48
3
79
1
69
7
29
8
60
7
19
9
61
9
13
7
98
9
60
7
19
9
80
9
41
9
77
8
69
7
89
9
33
9
2
9
58
11
23
9
99
9
99
9
32
10
82
8
90
10
82
9
70
8
90
7
8
8
17
7
39
0
70
4
46
7
89
8
67
8
10
9
28
8
20
9
88
1
59
8
99
9
31
8
70
9
73
9
99
9
33
7
49
9
49
9
12
9
98
9
62
9
87
9
51
9
29
9
81
9
78
9
8
8
40
7
19
9
78
9
71
9
38
9
21
9
98
9
67
0
90
9
31
9
79
7
19
8
10
7
79
9
13
8
46
9
88
7
9
11
53
11
23
7
79
9
81
7
9
8
99
7
59
9
99
7
19
9
28
9
12
9
81
8
39
7
19
9
99
9
92
2
89
9
80
10
81
10
82
7
39
10
82
9
51
8
40
9
58
10
22
7
79
7
89
8
90
8
89
9
80
9
87
8
18
9
99
9
69
7
49
9
80
8
70
8
28
9
71
9
99
8
48
8
18
9
41
9
81
9
9
7
69
7
49
9
70
9
33
9
41
9
71
8
20
7
22
7
59
9
12
9
88
9
62
9
21
0
40
9
38
9
93
7
99
9
21
9
59
8
50
9
13
9
28
7
69
9
13
4
8
9
62
7
49
9
69
7
89
9
71
8
80
7
49
9
90
10
22
9
21
10
52
8
20
9
68
7
28
10
52
9
97
9
37
1
19
9
61
9
79
9
73
9
10
8
15
7
59
8
98
7
17
9
33
9
73
8
38
9
70
11
82
11
23
8
70
11
23
9
71
7
79
9
48
9
37
9
90
9
9
7
28
9
12
9
32
7
79
7
9
7
29
11
83
9
81
9
88
9
17
8
70
9
12
9
99
9
41
9
71
0
0
8
10
9
71
10
52
0
20
8
68
9
78
9
20
0
70
10
22
10
82
8
50
8
90
8
90
9
99
10
52
7
68
8
30
9
78
8
30
9
42
9
20
9
57
9
33
9
21
9
21
8
40
8
99
9
99
9
48
9
61
9
28
8
55
9
91
9
73
7
15
8
50
9
51
1
29
7
79
4
89
7
59
4
89
9
99
2
49
9
70
9
81
8
68
11
23
9
99
4
29
9
72
9
58
8
57
7
59
9
28
9
87
9
7
8
30
9
71
9
27
1
39
9
87
11
83
9
81
9
50
8
50
0
70
8
97
9
49
9
99
9
91
9
11
7
89
7
29
9
11
7
69
9
37
9
63
8
60
8
47
9
81
7
29
9
58
8
48
9
31
9
11
8
50
8
50
8
78
9
41
10
82
9
13
9
12
9
41
9
81
7
99
8
20
7
79
9
48
9
42
9
40
9
73
9
79
8
40
8
38
11
83
10
82
8
87
9
77
7
19
9
50
9
61
9
57
9
20
9
80
8
90
11
53
9
12
9
42
11
83
8
49
9
10
9
12
9
60
