12
84
9
74
0
90
9
99
9
74
9
74
9
99
9
44
9
61
9
64
9
44
9
94
9
74
11
53
9
99
11
83
9
73
0
0
9
74
9
99
9
71
11
83
9
34
12
84
9
99
9
74
9
99
11
23
9
14
0
40
9
64
9
44
12
84
9
99
9
63
9
94
9
64
9
43
9
34
9
74
11
53
9
13
10
22
14
26
9
34
9
74
12
54
9
99
9
93
9
94
9
73
15
87
9
34
9
21
11
53
9
13
9
73
14
86
9
99
13
55
11
53
9
11
9
74
12
54
11
23
12
84
9
34
9
44
9
34
9
44
9
99
9
64
13
55
11
53
9
99
9
91
9
94
14
86
9
64
9
34
9
93
9
74
11
23
13
25
9
94
9
34
10
22
9
14
9
14
9
62
9
99
9
99
9
94
9
44
9
63
12
54
10
22
9
41
9
99
9
42
0
80
9
64
9
74
11
83
9
61
9
99
9
12
13
55
9
74
10
22
10
52
9
81
0
40
11
23
9
14
9
93
9
64
9
33
9
44
9
73
9
74
9
13
9
62
13
25
11
23
9
74
9
73
9
74
9
43
9
72
12
84
11
53
9
99
9
21
9
94
9
44
9
99
13
85
9
99
9
42
14
26
9
74
9
11
9
11
9
12
9
74
9
99
9
99
13
55
12
54
0
80
9
98
9
63
9
44
9
44
9
94
9
51
9
14
9
14
9
41
9
94
9
14
9
34
9
74
9
64
12
24
9
34
9
14
9
99
9
62
9
74
15
87
9
99
9
34
9
73
9
99
9
94
9
72
12
24
9
99
9
99
9
71
9
33
9
93
9
14
9
34
9
14
9
74
9
63
9
12
9
34
9
74
9
44
9
92
13
85
9
44
9
94
9
17
12
24
12
84
10
22
9
99
0
10
10
22
9
34
9
51
9
64
12
54
9
44
9
64
13
23
9
62
9
44
12
84
9
14
9
14
9
61
9
13
13
85
9
71
9
64
9
43
9
74
9
99
9
34
10
82
9
99
9
44
8
5
9
63
9
34
9
74
9
33
9
64
9
74
9
93
9
99
9
32
9
99
9
13
9
94
9
99
9
92
9
43
12
84
9
64
9
94
9
33
0
70
9
31
9
91
9
99
9
51
9
33
12
54
9
74
10
82
9
62
9
99
9
34
9
92
9
34
9
14
12
54
9
92
9
11
9
99
9
94
9
34
9
34
9
44
9
72
11
53
9
62
1
59
9
43
11
83
9
44
11
83
12
24
9
93
11
23
14
56
9
43
9
32
14
56
9
34
9
64
9
34
9
51
9
93
11
83
9
33
9
94
9
34
10
82
9
14
9
43
9
99
9
99
13
55
12
24
9
99
9
34
10
82
9
8
3
89
9
93
9
61
9
2
9
94
9
94
11
53
9
34
2
99
13
25
9
21
9
99
9
74
9
62
9
94
11
53
12
84
9
99
9
99
9
94
13
85
9
62
9
33
10
82
11
83
9
32
9
34
15
27
4
89
9
91
9
43
9
13
9
11
14
86
9
94
11
23
12
54
9
62
9
62
9
97
9
81
9
91
9
72
9
33
9
44
9
43
12
24
9
64
9
74
0
70
12
54
9
94
9
71
9
31
9
43
9
99
9
14
13
25
9
63
9
44
9
14
13
55
9
43
9
74
9
43
9
93
9
93
9
21
4
59
9
33
9
33
9
21
14
86
12
54
13
85
9
74
9
73
9
99
9
94
14
86
11
83
15
27
9
71
9
94
9
73
9
99
9
11
11
23
9
34
9
41
10
82
13
55
9
14
13
82
9
92
9
14
9
99
12
84
10
52
9
94
9
94
9
99
9
94
9
91
9
14
9
74
9
34
9
99
12
24
11
23
9
43
9
64
12
84
9
64
9
99
9
72
9
74
9
44
12
24
9
74
12
54
9
72
9
36
9
41
14
26
9
64
9
99
9
13
10
52
10
52
9
34
11
83
9
34
9
51
9
74
9
99
9
42
9
94
14
26
9
14
9
74
9
42
9
74
9
74
9
2
13
85
15
87
9
43
9
81
9
63
9
44
9
99
8
15
9
41
13
25
9
94
9
64
9
14
9
93
11
23
9
99
9
94
9
12
9
64
9
94
9
61
14
26
9
51
9
44
9
74
9
21
9
62
11
23
9
93
9
99
9
14
13
25
9
11
1
9
9
41
13
85
9
73
0
50
13
55
9
99
9
94
9
94
9
99
9
94
9
93
15
57
11
53
11
83
11
23
9
94
9
33
11
23
15
87
9
33
9
12
0
60
9
43
9
44
12
84
9
73
12
84
12
24
11
53
9
99
9
64
3
29
9
99
9
73
9
21
9
14
11
53
1
59
9
74
9
34
9
92
9
44
9
44
15
87
3
69
9
31
9
32
9
91
9
99
9
34
9
41
9
33
9
91
9
94
9
11
9
99
9
13
9
74
9
74
11
23
9
99
9
94
9
99
9
13
0
40
3
59
9
44
9
43
2
19
9
73
14
26
9
86
9
94
9
64
9
44
0
30
14
56
9
14
0
59
9
64
14
86
12
84
9
44
9
44
9
44
8
25
9
33
11
83
9
44
14
26
9
94
9
43
9
87
11
83
9
63
9
64
2
19
9
93
9
93
12
24
9
34
9
43
9
44
9
34
9
43
12
24
12
84
9
44
9
34
9
34
9
73
12
24
11
23
9
64
9
99
9
74
9
99
14
86
11
83
11
83
9
98
9
14
12
84
9
93
12
54
9
93
9
71
9
44
9
73
9
14
9
73
9
92
9
34
9
89
0
10
9
99
9
74
9
44
9
44
9
94
9
14
14
86
14
26
9
14
9
74
14
56
9
32
14
56
9
61
10
82
9
42
15
27
12
24
9
13
9
34
9
33
9
64
9
26
9
14
12
54
9
76
9
94
9
33
14
26
9
99
9
21
9
99
13
85
9
64
9
41
9
34
9
64
9
63
1
89
9
62
9
64
13
52
9
99
9
93
9
44
11
53
12
24
9
94
9
73
4
39
11
53
9
93
9
44
9
99
1
49
3
79
1
69
9
33
9
64
11
23
9
64
9
14
9
99
9
64
11
23
12
84
9
44
9
81
9
73
9
93
9
34
9
2
9
62
15
27
9
99
9
99
9
34
14
86
9
94
14
86
9
74
9
94
9
12
9
21
9
43
0
70
4
46
9
93
9
71
9
14
9
32
12
24
9
88
1
59
9
99
9
34
9
74
9
74
9
99
9
34
11
53
11
53
9
14
9
99
9
64
9
91
13
55
9
33
13
85
10
82
9
8
9
44
11
23
10
82
9
74
9
42
13
25
9
99
9
67
0
90
9
34
11
83
11
23
9
14
11
83
9
14
9
46
9
92
9
13
15
57
15
27
11
83
13
85
9
13
9
99
9
63
9
99
11
23
9
32
9
14
13
85
9
43
11
23
9
99
9
94
2
89
12
84
14
81
14
86
9
43
14
82
13
55
9
44
9
62
14
26
11
83
9
93
9
94
9
93
12
84
9
91
10
22
9
99
9
73
11
53
12
84
9
74
9
32
9
74
9
99
10
52
10
22
9
44
13
85
9
9
9
73
11
53
9
74
9
33
9
44
9
74
12
24
9
18
9
63
9
14
9
92
9
64
13
25
0
40
9
42
9
94
9
99
13
25
9
63
12
54
9
14
9
32
9
73
9
14
4
8
9
64
11
53
9
73
9
93
9
74
12
84
11
53
9
94
14
26
13
25
14
56
12
24
9
72
9
32
14
56
9
99
9
37
1
19
9
64
11
83
9
74
9
14
8
15
9
63
9
99
9
21
9
34
9
74
9
42
9
74
15
82
15
27
9
74
15
27
9
74
11
83
9
48
9
41
9
94
9
13
9
32
9
14
9
34
11
83
9
13
9
33
15
87
13
85
9
88
9
21
9
74
9
14
9
99
9
44
9
74
0
0
9
14
9
74
14
56
0
20
9
72
10
82
12
24
0
70
14
26
14
86
12
54
9
94
9
94
9
99
14
56
9
72
9
34
10
82
9
34
9
44
12
24
9
61
9
34
13
25
13
25
9
44
9
99
9
99
10
52
9
64
9
32
8
55
9
94
9
74
8
15
12
54
13
55
1
29
11
83
4
89
9
63
4
89
9
99
2
49
9
74
13
85
9
72
15
27
9
99
4
29
9
74
9
62
9
61
9
63
9
32
9
91
9
11
9
34
9
74
9
31
1
39
9
91
15
87
13
85
12
54
12
54
0
70
9
97
11
53
9
99
9
94
9
14
9
93
9
33
9
14
9
73
9
41
9
64
9
64
9
51
13
85
9
33
9
58
10
52
9
34
9
14
12
54
12
54
10
82
9
44
14
86
9
13
9
14
9
44
13
85
9
99
12
24
11
83
10
52
9
44
9
44
9
74
11
83
9
44
9
42
15
87
14
86
9
87
9
81
11
23
12
54
9
64
9
61
12
24
12
84
9
94
15
57
9
14
9
44
15
87
11
53
9
14
9
14
9
64
