19
92
9
74
0
90
9
99
9
74
9
74
9
99
9
44
9
64
9
64
9
44
9
94
9
74
19
61
9
99
19
91
9
74
0
0
9
74
9
99
9
74
19
91
9
34
19
92
9
99
9
74
9
99
19
31
9
14
0
40
9
64
9
44
19
92
9
99
9
64
9
94
9
64
9
44
9
34
9
74
19
61
9
14
18
30
19
34
9
34
9
74
19
62
9
99
9
94
9
94
9
74
19
94
9
34
17
29
19
61
9
14
9
74
19
94
9
99
19
63
19
61
9
14
9
74
19
62
19
31
19
92
9
34
9
44
9
34
9
44
9
99
9
64
19
63
19
61
9
99
9
94
9
94
19
94
9
64
9
34
9
94
9
74
19
31
19
33
9
94
9
34
18
30
9
14
9
14
9
64
9
99
9
99
9
94
9
44
9
64
19
62
18
30
9
44
9
99
9
44
0
80
9
64
9
74
19
91
9
64
9
99
9
14
19
63
9
74
18
30
18
60
17
89
0
40
19
31
9
14
9
94
9
64
9
34
9
44
9
74
9
74
9
14
9
64
19
33
19
31
9
74
9
74
9
74
9
44
9
74
19
92
19
61
9
99
17
29
9
94
9
44
9
99
19
93
9
99
9
44
19
34
9
74
9
14
9
14
9
14
9
74
9
99
9
99
19
63
19
62
0
80
9
98
9
64
9
44
9
44
9
94
17
59
9
14
9
14
9
44
9
94
9
14
9
34
9
74
9
64
19
32
9
34
9
14
9
99
9
64
9
74
19
94
9
99
9
34
9
74
9
99
9
94
9
74
19
32
9
99
9
99
9
74
9
34
9
94
9
14
9
34
9
14
9
74
9
64
9
14
9
34
9
74
9
44
9
94
19
93
9
44
9
94
9
17
19
32
19
92
18
30
9
99
0
10
18
30
9
34
17
59
9
64
19
62
9
44
9
64
19
23
9
64
9
44
19
92
9
14
9
14
9
64
9
14
19
93
9
74
9
64
9
44
9
74
9
99
9
34
18
90
9
99
9
44
8
5
9
63
9
34
9
74
9
34
9
64
9
74
9
94
9
99
9
34
9
99
9
14
9
94
9
99
9
94
9
44
19
92
9
64
9
94
9
34
0
70
9
34
9
94
9
99
17
59
9
34
19
62
9
74
18
90
9
64
9
99
9
34
9
94
9
34
9
14
19
62
9
94
9
14
9
99
9
94
9
34
9
34
9
44
9
72
19
61
9
64
1
59
9
44
19
91
9
44
19
91
19
32
9
94
19
31
19
64
9
44
9
34
19
64
9
34
9
64
9
34
17
59
9
94
19
91
9
34
9
94
9
34
18
90
9
14
9
44
9
99
9
99
19
63
19
32
9
99
9
34
18
90
9
8
3
89
9
94
9
64
9
2
9
94
9
94
19
61
9
34
2
99
19
33
17
29
9
99
9
74
9
64
9
94
19
61
19
92
9
99
9
99
9
94
19
93
9
64
9
34
18
90
19
91
9
32
9
34
19
34
4
89
9
94
9
44
9
14
9
14
19
94
9
94
19
31
19
62
9
64
9
62
9
97
17
89
9
94
9
74
9
34
9
44
9
44
19
32
9
64
9
74
0
70
19
62
9
94
9
74
9
34
9
44
9
99
9
14
19
33
9
64
9
44
9
14
19
63
9
44
9
74
9
44
9
94
9
94
17
29
4
59
9
34
9
34
17
29
19
94
19
62
19
93
9
74
9
74
9
99
9
94
19
94
19
91
19
34
9
74
9
94
9
74
9
99
9
14
19
31
9
34
9
44
18
90
19
63
9
14
19
82
9
94
9
14
9
99
19
92
18
60
9
94
9
94
9
99
9
94
9
94
9
14
9
74
9
34
9
99
19
32
19
31
9
44
9
64
19
92
9
64
9
99
9
74
9
74
9
44
19
32
9
74
19
62
9
74
9
36
9
44
19
34
9
64
9
99
9
14
18
60
18
60
9
34
19
91
9
34
17
59
9
74
9
99
9
44
9
94
19
34
9
14
9
74
9
42
9
74
9
74
9
2
19
93
19
94
9
44
17
89
9
64
9
44
9
99
8
15
9
44
19
33
9
94
9
64
9
14
9
94
19
31
9
99
9
94
9
14
9
64
9
94
9
64
19
34
17
59
9
44
9
74
17
29
9
64
19
31
9
94
9
99
9
14
19
33
9
14
1
9
9
44
19
93
9
74
0
50
19
63
9
99
9
94
9
94
9
99
9
94
9
94
19
64
19
61
19
91
19
31
9
94
9
34
19
31
19
94
9
34
9
14
0
60
9
44
9
44
19
92
9
74
19
92
19
32
19
61
9
99
9
64
3
29
9
99
9
74
17
29
9
14
19
61
1
59
9
74
9
34
9
94
9
44
9
44
19
94
3
69
9
34
9
32
9
94
9
99
9
34
9
44
9
34
9
94
9
94
9
14
9
99
9
14
9
74
9
74
19
31
9
99
9
94
9
99
9
14
0
40
3
59
9
44
9
44
2
19
9
74
19
34
9
86
9
94
9
64
9
44
0
30
19
64
9
14
0
59
9
64
19
94
19
92
9
44
9
44
9
44
8
25
9
34
19
91
9
44
19
34
9
94
9
44
9
87
19
91
9
64
9
64
2
19
9
94
9
94
19
32
9
34
9
44
9
44
9
34
9
44
19
32
19
92
9
44
9
34
9
34
9
73
19
32
19
31
9
64
9
99
9
74
9
99
19
94
19
91
19
91
9
98
9
14
19
92
9
94
19
62
9
94
9
71
9
44
9
74
9
14
9
74
9
94
9
34
9
89
0
10
9
99
9
74
9
44
9
44
9
94
9
14
19
94
19
34
9
14
9
74
19
64
9
34
19
64
9
64
18
90
9
44
19
34
19
32
9
14
9
34
9
34
9
64
9
26
9
14
19
62
9
76
9
94
9
34
19
34
9
99
17
29
9
99
19
93
9
64
9
44
9
34
9
64
9
64
1
89
9
64
9
64
19
52
9
99
9
94
9
44
19
61
19
32
9
94
9
74
4
39
19
61
9
94
9
44
9
99
1
49
3
79
1
69
9
34
9
64
19
31
9
64
9
14
9
99
9
64
19
31
19
92
9
44
17
89
9
74
9
94
9
34
9
2
9
64
19
34
9
99
9
99
9
34
19
94
9
94
19
94
9
74
9
94
9
14
17
29
9
44
0
70
4
46
9
94
9
74
9
14
9
34
19
32
9
88
1
59
9
99
9
34
9
74
9
74
9
99
9
34
19
61
19
61
9
14
9
99
9
64
9
94
19
63
9
34
19
93
18
90
9
8
9
44
19
31
18
90
9
74
9
44
19
33
9
99
9
67
0
90
9
34
19
91
19
31
9
14
19
91
9
14
9
46
9
94
9
14
19
64
19
34
19
91
19
93
9
14
9
99
9
64
9
99
19
31
9
34
9
14
19
93
9
44
19
31
9
99
9
94
2
89
19
92
19
81
19
94
9
44
19
82
19
63
9
44
9
64
19
34
19
91
9
94
9
94
9
94
19
92
9
94
18
30
9
99
9
74
19
61
19
92
9
74
9
34
9
74
9
99
18
60
18
30
9
44
19
93
9
9
9
74
19
61
9
74
9
33
9
44
9
74
19
32
9
16
9
64
9
14
9
94
9
64
19
33
0
40
9
44
9
94
9
99
19
33
9
64
19
62
9
14
9
34
9
74
9
14
4
8
9
64
19
61
9
74
9
94
9
74
19
92
19
61
9
94
19
34
19
33
19
64
19
32
9
74
9
34
19
64
9
99
9
37
1
19
9
64
19
91
9
74
9
14
8
15
9
64
9
99
17
29
9
34
9
74
9
44
9
74
19
82
19
34
9
74
19
34
9
74
19
91
9
48
9
44
9
94
9
14
9
34
9
14
9
34
19
91
9
14
9
34
19
94
19
93
9
88
17
29
9
74
9
14
9
99
9
44
9
74
0
0
9
14
9
74
19
64
0
20
9
74
18
90
19
32
0
70
19
34
19
94
19
62
9
94
9
94
9
99
19
64
9
74
9
34
18
90
9
34
9
44
19
32
9
64
9
34
19
33
19
33
9
44
9
99
9
99
18
60
9
64
9
34
8
55
9
94
9
74
8
15
19
62
19
63
1
29
19
91
4
89
9
64
4
89
9
99
2
49
9
74
19
93
9
74
19
34
9
99
4
29
9
74
9
64
9
64
9
64
9
34
9
94
9
14
9
34
9
74
9
34
1
39
9
94
19
94
19
93
19
62
19
62
0
70
9
97
19
61
9
99
9
94
9
14
9
94
9
34
9
14
9
74
9
44
9
64
9
64
17
59
19
93
9
34
9
58
18
60
9
34
9
14
19
62
19
62
18
90
9
44
19
94
9
13
9
14
9
44
19
93
9
99
19
32
19
91
18
60
9
44
9
44
9
74
19
91
9
44
9
44
19
94
19
94
9
87
17
89
19
31
19
62
9
64
9
64
19
32
19
92
9
94
19
64
9
14
9
44
19
94
19
61
9
14
9
14
9
64
