8
79
9
69
0
90
7
97
9
70
9
69
6
99
9
42
8
56
8
60
7
39
9
92
7
69
6
48
6
99
6
78
8
68
0
0
7
69
9
99
8
66
6
79
9
32
7
79
6
99
9
69
9
99
6
18
8
10
0
40
8
60
8
40
7
79
9
99
6
59
9
91
9
60
9
38
7
29
8
69
9
48
7
8
8
17
9
21
9
32
8
70
7
49
6
97
6
89
7
89
9
68
10
82
9
31
8
16
9
48
6
9
9
68
9
81
6
99
8
50
6
49
6
6
9
72
7
49
6
19
7
79
8
30
9
41
8
30
7
39
8
99
7
59
8
50
6
49
7
99
6
86
9
89
9
81
7
59
9
31
6
88
9
72
6
19
8
20
9
91
7
29
7
17
9
10
9
12
7
57
7
99
9
99
9
91
8
39
6
59
7
49
8
17
8
36
8
99
7
37
0
80
7
59
8
69
6
79
8
56
8
99
9
7
8
50
9
70
9
17
9
47
6
76
0
40
6
19
8
10
6
88
9
61
9
28
7
39
6
69
8
70
9
8
9
57
8
20
8
18
9
72
6
68
9
70
6
39
9
67
7
79
6
49
9
97
6
16
9
92
8
39
9
99
8
80
8
96
8
37
9
21
9
70
7
6
7
6
9
7
9
71
9
99
7
99
9
50
7
49
0
80
7
98
8
58
9
39
7
39
9
91
7
46
7
9
7
9
8
36
9
91
9
11
9
29
9
71
7
59
7
19
9
32
8
10
7
99
9
57
9
70
10
82
8
96
8
30
6
69
9
99
9
92
9
67
7
19
7
99
6
99
8
66
8
28
6
89
9
11
9
32
7
9
9
72
9
58
8
7
9
31
7
69
8
39
6
87
8
80
8
40
7
89
8
17
7
19
7
79
9
17
6
98
0
10
9
17
8
30
6
46
9
60
7
49
9
40
8
60
8
23
6
57
9
41
9
79
9
11
7
9
7
56
8
8
9
80
6
66
9
59
6
39
7
69
9
99
7
29
8
77
6
99
7
39
8
5
7
63
7
29
9
72
6
29
8
59
9
71
9
88
8
99
7
27
9
99
6
9
9
91
9
98
7
87
6
39
7
79
9
61
8
89
6
29
0
70
8
26
6
86
9
97
8
46
6
29
7
49
9
71
9
77
7
57
8
99
9
31
6
87
7
29
8
10
7
49
9
87
8
6
7
99
9
91
7
29
9
32
8
40
7
72
6
49
9
57
1
59
6
39
9
78
9
41
6
79
7
19
6
89
6
19
9
51
6
39
8
27
9
51
9
32
8
60
9
29
8
46
9
88
6
79
6
28
7
89
9
31
8
77
7
9
6
39
8
99
9
99
9
50
8
19
6
97
9
31
6
77
6
8
3
89
9
88
6
56
9
2
9
91
9
91
6
49
8
30
2
99
8
20
6
16
6
99
7
69
8
57
9
91
6
49
7
79
8
99
9
99
9
92
8
80
7
57
6
29
7
77
6
79
7
32
7
29
10
22
4
89
6
86
8
38
7
8
8
6
9
81
7
89
6
19
7
49
9
57
8
62
9
97
6
76
7
86
7
67
7
28
8
40
9
38
7
19
9
60
7
69
0
70
9
49
9
92
8
66
6
26
8
38
9
99
8
10
8
20
6
59
8
40
7
9
8
50
6
39
9
71
7
38
6
89
6
89
8
16
4
58
6
29
6
29
8
16
9
81
7
49
8
80
7
69
6
69
8
98
7
89
9
81
6
79
10
22
8
66
7
89
6
68
9
99
8
6
9
18
8
30
8
36
9
77
8
50
8
10
8
84
7
87
7
9
8
99
7
79
9
47
7
89
9
91
8
99
9
90
8
86
7
9
8
70
7
29
6
99
7
19
9
18
9
38
8
60
7
79
9
59
9
99
9
67
9
72
8
40
7
19
9
71
8
49
9
67
9
36
6
36
9
21
7
59
9
99
9
8
9
47
7
47
9
31
8
78
9
31
8
46
9
71
7
99
9
37
9
91
9
21
8
10
8
70
9
42
7
69
8
69
8
2
8
80
10
82
6
39
6
76
9
58
8
40
8
99
6
15
6
36
8
20
8
90
8
60
9
12
6
88
6
19
8
99
9
91
9
7
7
59
8
90
8
56
9
21
8
46
9
39
9
72
8
16
9
57
6
18
6
89
8
99
7
9
9
20
7
6
1
9
8
36
8
80
6
69
0
50
9
50
6
99
9
90
7
89
6
99
8
90
7
88
10
52
7
48
8
78
6
19
9
91
6
29
6
19
10
82
6
29
6
7
0
60
6
39
8
40
9
79
6
69
7
79
7
19
6
49
6
97
8
60
3
29
9
99
9
68
7
16
9
11
6
49
1
59
8
70
9
31
7
87
9
40
9
42
10
82
3
69
8
26
8
32
8
86
9
99
8
30
8
36
6
29
6
86
9
92
8
6
9
99
6
9
9
72
8
70
6
19
9
99
8
90
6
99
6
9
0
40
3
59
9
40
6
38
2
19
6
69
9
21
8
86
9
90
7
59
8
40
0
30
9
51
9
11
0
59
9
61
9
81
8
79
9
39
9
41
9
41
7
25
6
29
6
79
9
41
9
21
9
91
9
38
8
87
6
79
9
58
7
59
2
19
8
88
6
89
7
19
9
31
6
39
9
39
7
29
6
39
7
19
8
79
8
40
7
29
7
29
7
73
9
19
6
19
8
60
6
99
7
69
9
99
9
81
6
78
8
78
9
98
7
9
9
79
6
89
8
49
6
89
8
71
9
42
6
69
9
9
9
68
6
87
8
30
8
89
0
10
9
98
9
72
7
39
7
39
8
89
8
10
9
81
9
21
7
9
9
71
9
51
9
27
9
51
7
56
9
77
9
37
10
22
8
19
9
8
7
29
9
28
8
60
6
26
8
10
9
49
7
76
7
89
9
28
9
21
7
99
8
16
6
99
9
80
7
59
8
36
8
30
7
59
7
58
1
89
7
57
9
59
8
53
9
99
6
89
7
39
6
49
7
19
9
89
6
69
4
39
6
49
6
89
9
39
9
99
1
47
3
79
1
69
6
28
7
59
6
19
8
60
9
12
6
97
9
59
6
19
8
79
8
40
8
76
7
68
6
89
9
32
9
2
9
57
10
22
9
99
8
99
9
31
9
81
7
89
9
81
8
69
7
89
6
7
7
16
6
39
0
70
4
46
6
89
7
66
7
9
9
27
7
19
8
88
1
59
7
99
8
30
7
69
9
72
8
99
9
32
6
49
9
48
9
11
9
97
9
61
8
86
8
50
8
28
9
80
8
77
9
8
7
39
6
19
8
77
8
70
9
37
8
20
8
97
8
67
0
90
9
30
8
78
6
19
7
9
6
79
9
12
7
46
8
87
6
9
10
52
10
22
6
79
8
80
6
9
7
98
6
59
9
99
6
19
9
27
9
11
8
80
7
38
6
19
9
99
9
91
2
89
9
79
9
81
9
81
6
39
9
82
8
50
7
39
9
57
9
21
6
79
6
89
7
89
7
88
9
79
8
86
7
17
9
99
9
68
6
48
9
79
7
69
7
27
9
70
9
99
7
47
7
17
8
40
8
80
9
9
6
69
6
49
9
69
9
33
8
40
8
70
7
19
6
23
6
59
9
11
9
87
9
61
8
20
0
40
9
37
9
92
6
99
8
20
8
58
7
49
9
12
9
27
6
69
9
12
4
8
9
61
6
49
9
68
6
89
8
70
7
79
6
49
8
89
9
21
8
20
9
51
7
19
9
67
6
27
9
51
8
96
8
37
1
19
8
60
9
78
9
72
9
9
8
15
6
59
7
97
6
16
9
32
9
72
7
37
8
69
10
82
10
22
7
69
10
22
8
70
6
79
9
48
8
36
8
89
9
8
6
27
9
11
9
31
6
79
6
9
6
29
10
82
8
80
9
88
8
16
7
69
9
11
9
99
9
40
9
70
0
0
7
9
8
70
9
51
0
20
7
67
8
77
9
19
0
70
9
21
9
81
7
49
7
89
7
89
9
99
9
51
6
67
7
29
9
77
7
29
9
41
8
19
8
56
9
32
8
20
8
20
7
39
7
99
9
99
9
47
9
60
9
27
8
55
8
90
9
72
6
15
7
49
8
50
1
29
6
79
4
88
6
59
4
89
9
99
2
49
9
69
8
80
7
67
10
22
8
98
4
29
9
71
9
57
7
56
6
59
9
27
8
86
8
6
7
29
8
70
8
26
1
39
8
86
10
82
9
80
9
49
7
49
0
70
7
97
9
48
8
99
8
90
8
10
6
89
6
29
8
10
6
68
8
36
9
62
7
59
7
46
8
80
6
29
9
58
7
47
8
30
9
10
7
49
7
49
7
77
8
40
9
81
9
13
9
11
8
40
9
80
6
99
7
19
6
79
9
47
9
41
8
39
9
72
9
78
7
39
7
37
10
82
9
81
7
87
8
76
6
19
9
49
8
60
8
56
9
19
9
79
7
89
10
52
9
11
9
41
10
82
7
48
9
9
9
11
8
59
