2
73
4
63
0
90
1
91
3
64
3
63
0
98
4
39
3
50
2
57
1
35
4
87
1
67
0
42
0
94
0
72
2
62
0
0
1
67
4
98
3
60
0
79
4
28
1
74
0
98
4
63
4
94
0
12
2
9
0
40
2
56
2
35
1
77
3
96
0
59
3
86
4
54
3
32
1
28
2
63
3
42
1
2
2
11
3
17
4
29
2
64
1
48
0
91
0
83
1
85
3
62
4
77
3
27
3
10
3
42
0
4
4
62
3
75
0
95
2
48
0
49
1
0
4
66
1
44
0
19
1
78
2
29
3
36
2
26
1
33
2
96
1
53
2
45
0
44
1
98
1
80
4
83
4
75
1
55
4
25
0
82
4
68
0
15
2
19
3
88
1
24
1
11
3
4
4
7
1
51
1
93
3
97
4
85
2
33
0
59
1
45
2
11
4
30
2
97
1
31
0
80
1
54
2
63
0
79
4
50
2
96
3
1
2
47
4
64
4
11
3
41
1
70
0
40
0
17
2
7
0
82
3
58
4
22
1
39
0
63
2
65
4
2
4
51
2
14
2
12
4
67
0
62
4
64
0
33
3
61
1
77
0
43
3
91
1
10
4
86
2
33
4
97
2
75
4
90
2
31
3
16
4
64
2
0
2
0
3
1
3
66
3
96
1
95
4
44
1
47
0
80
1
99
2
52
3
33
1
39
4
85
2
40
1
3
1
9
3
30
3
85
3
5
3
23
3
67
1
54
1
19
4
26
2
4
1
93
4
51
4
64
4
79
4
90
2
26
0
66
3
98
4
86
4
61
1
19
1
99
0
99
4
60
2
22
0
89
3
9
4
27
1
8
4
68
4
52
2
1
4
25
1
68
2
33
0
81
2
77
2
38
1
87
2
17
1
13
1
77
4
11
0
92
0
10
3
11
2
25
1
40
3
54
1
43
4
34
2
56
2
23
0
51
3
38
3
73
3
8
1
9
2
50
2
2
4
74
1
60
4
53
0
34
1
66
4
95
1
27
2
71
0
95
1
34
3
5
1
63
1
23
4
68
0
25
2
53
3
67
4
82
2
97
1
21
4
96
0
9
3
88
4
92
1
81
0
36
1
73
3
55
2
83
0
27
0
70
4
20
1
80
3
91
4
40
0
26
1
46
3
65
3
71
1
51
2
99
4
25
0
81
1
26
2
8
1
44
3
81
3
0
1
99
3
86
1
28
4
28
2
35
1
72
0
49
3
51
1
56
0
34
4
72
3
37
0
77
1
15
0
85
0
16
3
47
0
38
2
21
3
45
4
28
2
59
3
23
3
40
4
82
0
78
0
22
1
83
3
25
2
71
1
4
0
38
2
96
4
96
4
44
2
13
0
91
3
28
0
71
0
8
3
85
3
82
1
50
4
2
3
85
3
86
0
43
2
24
2
95
2
15
1
10
0
95
1
66
2
51
4
85
0
45
1
75
2
98
3
95
4
88
2
78
1
51
0
26
1
71
0
77
1
32
1
29
4
16
4
89
1
80
2
32
1
2
3
0
3
78
1
85
0
15
1
43
4
51
2
62
4
97
1
70
2
80
1
61
1
22
2
38
3
32
1
14
3
54
1
69
0
70
4
43
4
88
3
60
1
20
2
32
4
99
2
7
2
14
0
53
2
36
1
8
2
47
0
36
3
68
1
32
0
85
0
85
4
10
4
52
0
23
0
24
3
10
3
75
1
48
2
75
1
68
0
63
2
92
1
87
3
78
0
79
4
16
3
60
1
83
0
62
3
98
4
0
4
12
2
27
3
30
3
71
2
44
2
6
2
84
1
81
1
4
2
94
1
79
4
41
1
88
3
87
2
97
4
84
3
80
1
3
2
64
1
27
0
99
1
15
4
12
4
32
2
58
1
77
4
53
4
96
3
61
4
67
2
39
1
14
3
69
2
43
4
61
3
36
1
30
4
15
1
57
4
99
4
2
4
41
1
41
3
28
2
72
3
26
3
40
3
67
1
96
3
31
3
88
3
15
2
9
2
69
4
42
1
68
2
63
2
2
2
79
4
78
0
36
1
70
3
52
2
37
2
98
0
15
1
30
2
16
2
87
2
58
4
8
0
82
0
15
2
93
4
85
3
1
1
58
2
86
3
50
3
18
3
40
3
33
4
66
4
10
4
51
0
12
0
89
2
93
1
9
3
14
2
0
0
3
3
30
2
79
0
64
0
50
4
44
0
97
4
84
1
89
0
94
2
89
1
82
4
46
1
42
2
72
0
17
3
88
0
26
0
13
4
77
0
29
0
1
0
60
0
33
2
38
4
73
0
63
1
77
1
14
0
49
0
91
2
57
3
29
4
95
4
62
2
10
3
8
0
44
1
55
2
69
3
29
1
81
3
34
4
38
4
77
3
63
3
20
2
32
3
80
3
93
2
26
4
30
0
28
1
80
4
86
3
0
4
99
0
4
4
68
2
65
0
16
3
98
2
85
0
97
0
8
0
40
3
59
4
34
0
32
2
13
0
65
3
15
2
86
4
84
1
56
2
36
0
30
3
45
3
5
0
58
3
56
3
77
2
73
4
33
4
35
3
39
1
25
0
26
0
77
3
37
3
15
3
89
4
32
2
87
0
77
3
52
1
53
2
15
2
82
0
85
1
14
3
27
0
38
3
33
1
25
0
36
1
19
2
73
2
36
1
27
1
23
1
73
3
13
0
15
2
55
0
93
1
66
3
94
4
75
0
72
2
72
3
99
1
3
3
73
0
88
2
43
0
89
2
71
4
39
0
63
4
3
4
62
0
81
2
27
2
89
0
10
3
92
4
68
1
38
1
36
2
83
2
8
3
76
3
19
1
4
4
65
4
45
3
21
3
48
2
50
3
71
4
31
4
16
2
13
4
2
1
27
4
22
2
56
0
26
2
5
4
43
1
76
1
84
3
22
3
19
1
98
4
10
0
99
4
74
1
59
4
30
2
24
1
54
1
52
1
88
1
51
4
53
2
53
4
96
0
84
1
35
0
45
1
18
4
83
0
66
4
34
0
49
0
83
4
33
4
94
1
41
3
74
1
67
0
22
1
54
0
17
2
59
4
6
0
91
4
53
0
13
2
73
2
34
4
70
1
62
0
85
4
26
3
2
4
51
4
16
3
96
2
99
3
29
4
75
1
86
3
77
2
63
1
85
0
1
2
10
0
33
0
70
4
46
0
84
2
60
1
5
4
21
1
19
2
89
1
58
1
97
2
24
1
66
4
69
2
96
4
27
0
43
3
42
3
8
4
91
3
55
4
80
2
48
2
22
4
74
2
71
3
9
1
36
0
15
2
71
2
67
3
31
2
15
2
91
2
67
0
90
3
24
2
72
0
16
1
7
0
77
4
6
1
46
2
81
0
5
4
47
4
16
0
79
2
74
0
6
1
92
0
57
3
93
0
13
4
21
3
5
2
74
1
32
0
13
4
99
3
85
2
86
3
73
3
81
3
75
0
33
3
82
2
49
1
38
4
51
3
16
0
73
0
88
1
86
1
82
4
73
4
80
1
11
4
99
3
62
0
42
3
73
1
68
1
21
3
64
3
96
1
41
1
11
2
38
2
76
3
9
0
69
0
44
3
63
4
33
2
35
2
67
1
15
0
29
0
55
3
9
4
81
3
56
2
14
0
40
4
31
4
88
0
94
2
17
2
52
1
43
4
8
4
21
0
66
4
9
4
8
3
59
0
44
4
62
0
88
2
66
1
78
0
48
2
83
3
17
2
16
3
47
1
13
3
61
0
21
3
47
3
90
2
37
1
18
2
57
4
72
4
67
3
3
2
15
0
53
1
91
1
10
4
26
4
69
1
31
2
63
4
82
4
18
1
67
4
19
2
67
0
76
4
48
4
30
2
83
4
2
0
21
3
6
3
27
0
74
0
7
0
29
4
78
2
77
3
88
4
10
1
66
3
9
4
94
4
34
4
64
0
0
1
8
2
65
3
47
0
20
1
61
2
71
4
13
0
70
3
15
3
78
1
46
1
88
1
87
4
93
3
48
0
61
1
28
3
71
1
27
3
35
2
13
4
50
4
29
2
16
2
17
1
35
1
99
4
98
3
41
3
54
4
21
3
55
2
84
4
68
0
15
1
44
2
45
1
27
0
73
4
82
0
53
4
84
3
96
2
45
3
63
2
75
1
61
4
16
2
92
4
26
3
65
4
51
2
50
0
53
3
21
4
80
3
0
1
23
2
69
4
20
0
38
3
80
4
78
4
74
4
43
1
45
0
70
1
97
4
42
2
99
2
87
2
6
0
86
0
27
2
7
0
62
4
30
4
59
1
59
2
40
2
77
0
28
4
58
1
41
2
27
3
4
1
49
1
43
1
71
2
35
3
77
3
13
3
9
2
35
3
74
0
94
1
16
0
73
4
41
3
35
2
33
4
67
4
72
1
34
1
31
4
77
3
78
1
87
3
70
0
17
3
43
2
56
4
50
4
13
4
73
1
87
4
46
3
9
3
35
4
79
1
42
4
3
3
7
2
53
