10
82
9
72
0
90
9
99
9
73
9
72
9
99
9
44
9
59
9
63
9
42
9
94
9
72
9
51
9
99
9
81
9
71
0
0
9
72
9
99
9
69
9
81
9
34
10
82
9
99
9
72
9
99
9
21
9
13
0
40
9
63
9
43
10
82
9
99
9
61
9
94
9
63
9
41
9
32
9
72
9
51
9
11
9
20
12
24
9
34
9
73
10
52
9
99
9
91
9
92
9
71
13
85
9
34
9
19
9
51
9
11
9
71
12
84
9
99
11
53
9
51
9
9
9
74
10
52
9
21
10
82
9
33
9
44
9
33
9
42
9
99
9
62
11
53
9
51
9
99
9
89
9
92
12
84
9
62
9
34
9
91
9
74
9
21
11
23
9
94
9
32
9
20
9
13
9
14
9
60
9
99
9
99
9
94
9
42
9
61
10
52
9
20
9
39
9
99
9
40
0
80
9
62
9
72
9
81
9
59
9
99
9
10
11
53
9
73
9
20
9
50
9
79
0
40
9
21
9
13
9
91
9
64
9
31
9
42
9
71
9
73
9
11
9
60
11
23
9
21
9
74
9
71
9
73
9
41
9
70
10
82
9
51
9
99
9
19
9
94
9
42
9
99
11
83
9
99
9
40
12
24
9
73
9
9
9
9
9
10
9
74
9
99
9
99
11
53
10
52
0
80
9
98
9
61
9
42
9
42
9
94
9
49
9
12
9
12
9
39
9
94
9
14
9
32
9
74
9
62
10
22
9
34
9
13
9
99
9
60
9
73
13
85
9
99
9
33
9
71
9
99
9
94
9
70
10
22
9
99
9
99
9
69
9
31
9
91
9
14
9
34
9
12
9
74
9
61
9
10
9
34
9
72
9
42
9
90
11
83
9
43
9
92
9
17
10
22
10
82
9
20
9
99
0
10
9
20
9
33
9
49
9
63
10
52
9
43
9
63
11
23
9
60
9
44
10
82
9
14
9
12
9
59
9
11
11
83
9
69
9
62
9
41
9
72
9
99
9
32
9
80
9
99
9
42
8
5
9
63
9
32
9
74
9
31
9
62
9
74
9
91
9
99
9
30
9
99
9
11
9
94
9
99
9
90
9
41
10
82
9
64
9
92
9
31
0
70
9
29
9
89
9
99
9
49
9
31
10
52
9
74
9
80
9
60
9
99
9
34
9
90
9
32
9
13
10
52
9
90
9
9
9
99
9
94
9
32
9
34
9
43
9
72
9
51
9
60
1
59
9
41
9
81
9
44
9
81
10
22
9
91
9
21
12
54
9
41
9
30
12
54
9
34
9
63
9
32
9
49
9
91
9
81
9
31
9
92
9
34
9
80
9
12
9
41
9
99
9
99
11
53
10
22
9
99
9
34
9
80
9
8
3
89
9
91
9
59
9
2
9
94
9
94
9
51
9
33
2
99
11
23
9
19
9
99
9
72
9
60
9
94
9
51
10
82
9
99
9
99
9
94
11
83
9
60
9
31
9
80
9
81
9
32
9
32
13
25
4
89
9
89
9
41
9
11
9
9
12
84
9
92
9
21
10
52
9
60
9
62
9
97
9
79
9
89
9
70
9
31
9
43
9
41
10
22
9
63
9
72
0
70
10
52
9
94
9
69
9
29
9
41
9
99
9
13
11
23
9
61
9
43
9
12
11
53
9
41
9
74
9
41
9
91
9
91
9
19
4
59
9
31
9
31
9
19
12
84
10
52
11
83
9
72
9
71
9
99
9
92
12
84
9
81
13
25
9
69
9
92
9
71
9
99
9
9
9
21
9
33
9
39
9
80
11
53
9
13
11
82
9
90
9
12
9
99
10
82
9
50
9
92
9
94
9
99
9
93
9
89
9
12
9
73
9
32
9
99
10
22
9
21
9
41
9
63
10
82
9
62
9
99
9
70
9
74
9
43
10
22
9
74
10
52
9
70
9
36
9
39
12
24
9
62
9
99
9
11
9
50
9
50
9
34
9
81
9
34
9
49
9
74
9
99
9
40
9
94
12
24
9
13
9
73
9
42
9
72
9
72
9
2
11
83
13
85
9
41
9
79
9
61
9
43
9
99
8
15
9
39
11
23
9
93
9
63
9
14
9
91
9
21
9
99
9
94
9
10
9
62
9
93
9
59
12
24
9
49
9
42
9
74
9
19
9
60
9
21
9
91
9
99
9
12
11
23
9
9
1
9
9
39
11
83
9
71
0
50
11
53
9
99
9
93
9
92
9
99
9
93
9
91
13
55
9
51
9
81
9
21
9
94
9
31
9
21
13
85
9
31
9
10
0
60
9
41
9
43
10
82
9
71
10
82
10
22
9
51
9
99
9
63
3
29
9
99
9
71
9
19
9
14
9
51
1
59
9
73
9
34
9
90
9
43
9
44
13
85
3
69
9
29
9
32
9
89
9
99
9
33
9
39
9
31
9
89
9
94
9
9
9
99
9
11
9
74
9
73
9
21
9
99
9
93
9
99
9
11
0
40
3
59
9
43
9
41
2
19
9
71
12
24
9
86
9
93
9
62
9
43
0
30
12
54
9
14
0
59
9
64
12
84
10
82
9
42
9
44
9
44
8
25
9
31
9
81
9
44
12
24
9
94
9
41
9
87
9
81
9
61
9
62
2
19
9
91
9
91
10
22
9
34
9
41
9
42
9
32
9
41
10
22
10
82
9
43
9
32
9
32
9
73
10
22
9
21
9
63
9
99
9
72
9
99
12
84
9
81
9
81
9
98
9
12
10
82
9
91
10
52
9
91
9
71
9
44
9
71
9
12
9
71
9
90
9
33
9
89
0
10
9
99
9
74
9
42
9
42
9
92
9
13
12
84
12
24
9
12
9
74
12
54
9
30
12
54
9
59
9
80
9
40
13
25
10
22
9
11
9
32
9
31
9
63
9
26
9
13
10
52
9
76
9
92
9
31
12
24
9
99
9
19
9
99
11
83
9
62
9
39
9
33
9
62
9
61
1
89
9
60
9
62
11
52
9
99
9
91
9
42
9
51
10
22
9
92
9
71
4
39
9
51
9
91
9
42
9
99
1
49
3
79
1
69
9
31
9
62
9
21
9
63
9
14
9
99
9
62
9
21
10
82
9
43
9
79
9
71
9
91
9
34
9
2
9
60
13
25
9
99
9
99
9
34
12
84
9
92
12
84
9
72
9
92
9
10
9
19
9
41
0
70
4
46
9
91
9
69
9
12
9
30
10
22
9
88
1
59
9
99
9
33
9
72
9
74
9
99
9
34
9
51
9
51
9
14
9
99
9
64
9
89
11
53
9
31
11
83
9
80
9
8
9
42
9
21
9
80
9
73
9
40
11
23
9
99
9
67
0
90
9
33
9
81
9
21
9
12
9
81
9
14
9
46
9
90
9
11
13
55
13
25
9
81
11
83
9
11
9
99
9
61
9
99
9
21
9
30
9
14
11
83
9
41
9
21
9
99
9
94
2
89
10
82
12
81
12
84
9
41
12
82
11
53
9
42
9
60
12
24
9
81
9
91
9
92
9
91
10
82
9
89
9
20
9
99
9
71
9
51
10
82
9
72
9
30
9
73
9
99
9
50
9
20
9
43
11
83
9
9
9
71
9
51
9
72
9
33
9
43
9
73
10
22
9
20
9
61
9
14
9
90
9
64
11
23
0
40
9
40
9
94
9
99
11
23
9
61
10
52
9
14
9
30
9
71
9
14
4
8
9
64
9
51
9
71
9
91
9
73
10
82
9
51
9
92
12
24
11
23
12
54
10
22
9
70
9
30
12
54
9
99
9
37
1
19
9
63
9
81
9
74
9
12
8
15
9
61
9
99
9
19
9
34
9
74
9
40
9
72
13
82
13
25
9
72
13
25
9
73
9
81
9
48
9
39
9
92
9
11
9
30
9
14
9
34
9
81
9
11
9
31
13
85
11
83
9
88
9
19
9
72
9
14
9
99
9
43
9
73
0
0
9
12
9
73
12
54
0
20
9
70
9
80
10
22
0
70
12
24
12
84
10
52
9
92
9
92
9
99
12
54
9
70
9
32
9
80
9
32
9
44
10
22
9
59
9
34
11
23
11
23
9
42
9
99
9
99
9
50
9
63
9
30
8
55
9
93
9
74
8
15
10
52
11
53
1
29
9
81
4
89
9
61
4
89
9
99
2
49
9
72
11
83
9
70
13
25
9
99
4
29
9
74
9
60
9
59
9
61
9
30
9
89
9
9
9
32
9
73
9
29
1
39
9
89
13
85
11
83
10
52
10
52
0
70
9
97
9
51
9
99
9
93
9
13
9
91
9
31
9
13
9
71
9
39
9
64
9
62
9
49
11
83
9
31
9
58
9
50
9
33
9
13
10
52
10
52
9
80
9
43
12
84
9
13
9
14
9
43
11
83
9
99
10
22
9
81
9
50
9
44
9
42
9
74
9
81
9
42
9
40
13
85
12
84
9
87
9
79
9
21
10
52
9
63
9
59
10
22
10
82
9
92
13
55
9
14
9
44
13
85
9
51
9
12
9
14
9
62
