4
75
6
65
0
90
3
93
5
66
5
65
2
99
6
39
4
52
4
59
3
37
6
89
3
69
2
44
2
96
2
74
4
64
0
0
3
69
6
99
4
62
2
79
6
29
3
76
2
99
6
65
6
96
2
14
4
9
0
40
4
58
4
37
3
79
5
98
2
59
5
88
6
56
5
34
3
29
4
65
5
44
3
4
4
13
5
18
6
29
4
66
3
49
2
93
2
85
3
87
5
64
6
79
5
29
4
12
5
44
2
6
6
64
5
77
2
97
4
49
2
49
2
2
6
68
3
46
2
19
3
79
4
29
5
38
4
28
3
35
4
98
3
55
4
47
2
46
3
99
2
82
6
85
6
77
3
57
6
27
2
84
6
69
2
17
4
19
5
89
3
26
3
13
5
6
6
9
3
53
3
95
5
99
6
87
4
35
2
59
3
47
4
13
5
32
4
99
3
33
0
80
3
56
4
65
2
79
5
52
4
98
5
3
4
49
6
66
6
13
5
43
2
72
0
40
2
19
4
9
2
84
5
59
6
24
3
39
2
65
4
67
6
4
6
53
4
16
4
14
6
69
2
64
6
66
2
35
5
63
3
79
2
45
5
93
2
12
6
88
4
35
6
99
4
77
5
92
4
33
5
18
6
66
3
2
3
2
5
3
5
68
5
98
3
97
6
46
3
49
0
80
3
98
4
54
5
35
3
39
6
87
3
42
3
5
3
9
4
32
5
87
5
7
5
25
5
69
3
56
3
19
6
28
4
6
3
95
6
53
6
66
6
79
5
92
4
28
2
68
5
99
6
88
6
63
3
19
3
99
2
99
5
62
4
24
2
89
5
9
6
29
3
9
6
69
6
54
4
3
6
27
3
69
4
35
2
83
4
79
4
39
3
89
4
17
3
15
3
79
6
13
2
94
0
10
5
13
4
27
2
42
5
56
3
45
6
36
4
58
4
23
2
53
5
39
5
75
5
9
3
9
3
52
4
4
6
76
2
62
6
55
2
36
3
68
6
97
3
29
4
73
2
97
3
36
5
5
3
63
3
25
6
69
2
27
4
55
5
69
6
84
4
99
3
23
6
98
2
9
5
89
6
94
3
83
2
38
3
75
5
57
4
85
2
29
0
70
5
22
2
82
5
93
5
42
2
28
3
48
5
67
5
73
3
53
4
99
6
27
2
83
3
28
4
9
3
46
5
83
4
2
3
99
5
88
3
29
6
29
4
37
3
72
2
49
5
53
1
58
2
36
6
74
5
39
2
79
3
17
2
87
2
18
5
49
2
39
4
23
5
47
6
29
4
59
5
25
4
42
6
84
2
79
2
24
3
85
5
27
4
73
3
6
2
39
4
98
6
98
6
46
4
15
2
93
5
29
2
73
2
8
3
87
5
84
2
52
6
2
5
87
5
88
2
45
4
26
2
97
4
17
2
12
2
97
3
68
4
53
6
87
2
47
3
77
4
99
5
97
6
89
4
79
3
53
2
28
3
73
2
79
3
32
3
29
6
18
4
89
2
82
4
34
3
4
4
2
5
79
3
87
2
17
3
45
6
53
4
62
6
97
2
72
3
82
3
63
3
24
4
39
5
34
3
16
5
56
3
69
0
70
6
45
6
89
4
62
2
22
4
34
6
99
4
9
4
16
2
55
4
38
3
9
4
49
2
38
5
69
3
34
2
87
2
87
5
12
4
54
2
25
2
26
4
12
5
77
3
49
4
77
3
69
2
65
4
94
3
89
5
79
2
79
6
18
4
62
3
85
2
64
5
99
5
2
6
14
4
29
4
32
5
73
4
46
4
8
4
84
3
83
3
6
4
96
3
79
6
43
3
89
5
89
4
99
6
86
4
82
3
5
4
66
3
29
2
99
3
17
6
14
6
34
4
59
3
79
6
55
6
98
5
63
6
69
4
39
3
16
5
69
4
45
6
63
5
36
2
32
6
17
3
59
6
99
6
4
6
43
3
43
5
29
4
74
5
28
4
42
5
69
3
98
5
33
5
89
5
17
4
9
4
69
6
42
3
69
4
65
4
2
4
79
6
79
2
38
2
72
5
54
4
39
4
99
2
15
2
32
4
18
4
89
4
59
6
9
2
84
2
17
4
95
6
87
5
3
3
59
4
88
4
52
5
19
4
42
5
35
6
68
5
12
6
53
2
14
2
89
4
95
3
9
5
16
3
2
1
5
4
32
4
79
2
66
0
50
6
46
2
99
6
86
3
89
2
96
4
89
3
84
6
48
3
44
4
74
2
19
5
89
2
28
2
15
6
79
2
29
2
3
0
60
2
35
4
39
6
75
2
65
3
79
3
16
2
49
2
93
4
59
3
29
6
97
6
64
3
12
5
9
2
46
1
57
4
69
5
29
3
83
5
36
6
39
6
79
3
65
4
22
4
32
4
82
5
95
4
28
5
32
2
29
2
82
6
88
4
2
6
99
2
6
6
69
4
67
2
18
5
99
4
87
2
99
2
9
0
40
3
59
6
36
2
34
2
15
2
67
5
17
4
86
6
86
3
58
4
38
0
30
5
47
5
7
0
59
5
58
5
79
4
75
6
35
6
37
5
39
3
25
2
28
2
79
5
39
5
17
5
89
6
34
4
87
2
79
5
54
3
55
2
17
4
84
2
87
3
16
5
29
2
39
5
35
3
27
2
38
3
19
4
75
4
38
3
29
3
25
3
73
5
15
2
17
4
57
2
95
3
68
5
96
6
77
2
74
4
74
5
98
3
5
5
75
2
89
4
45
2
89
4
71
6
39
2
65
6
5
6
64
2
83
4
29
4
89
0
10
5
94
6
69
3
39
3
38
4
85
4
9
5
78
5
19
3
6
6
67
6
47
5
23
5
49
3
52
5
73
6
33
6
18
4
15
6
4
3
29
6
24
4
58
2
26
4
7
6
45
3
76
3
86
5
24
5
19
3
99
5
12
2
99
6
76
3
59
5
32
4
26
3
56
3
54
1
89
3
53
6
55
4
53
6
98
2
86
3
37
2
47
3
19
6
85
2
68
4
36
2
49
2
85
6
35
6
96
1
43
3
76
1
69
2
24
3
56
2
19
4
59
6
8
2
93
6
55
2
15
4
75
4
36
5
72
3
64
2
87
6
28
5
2
6
53
6
18
5
98
4
99
5
29
6
77
3
88
5
79
4
65
3
87
2
3
3
12
2
35
0
70
4
46
2
86
3
62
3
7
6
23
3
19
4
88
1
59
3
99
4
26
3
68
6
69
4
98
6
29
2
45
5
44
5
9
6
93
5
57
5
82
4
49
4
24
6
76
4
73
5
8
3
38
2
17
4
73
4
69
5
33
4
17
4
93
4
67
0
90
5
26
4
74
2
18
3
9
2
79
6
8
3
46
4
83
2
7
6
49
6
18
2
79
4
76
2
8
3
94
2
59
5
95
2
15
6
23
5
7
4
76
3
34
2
15
6
99
5
87
2
88
5
75
5
81
5
77
2
35
5
82
4
49
3
39
6
53
5
18
2
75
2
89
3
88
3
84
6
75
5
82
3
13
6
99
5
64
2
44
5
75
3
69
3
23
5
66
5
98
3
43
3
13
4
39
4
78
5
9
2
69
2
46
5
65
6
33
4
37
4
69
3
17
2
27
2
57
5
9
6
83
5
58
4
16
0
40
6
33
6
89
2
96
4
19
4
54
3
45
6
9
6
23
2
68
6
9
4
8
5
59
2
46
6
64
2
89
4
68
3
79
2
49
4
85
5
19
4
18
5
49
3
15
5
63
2
23
5
49
4
92
4
37
1
19
4
59
6
74
6
69
5
5
4
15
2
55
3
93
2
12
6
28
6
69
3
33
4
65
6
82
6
19
3
69
6
19
4
69
2
78
6
48
5
32
4
85
6
4
2
23
5
8
5
29
2
76
2
9
2
29
6
79
4
79
5
88
5
12
3
68
5
9
6
96
6
36
6
66
0
0
3
9
4
67
5
49
0
20
3
63
4
73
6
15
0
70
5
17
5
79
3
48
3
89
3
89
6
95
5
49
2
63
3
29
5
73
3
29
5
37
4
15
5
52
6
29
4
18
4
19
3
37
3
99
6
99
5
43
5
56
6
23
5
55
4
86
6
69
2
15
3
46
4
47
1
29
2
75
4
84
2
55
4
86
5
98
2
47
5
65
4
77
3
63
6
18
4
94
4
28
5
67
6
53
3
52
2
55
5
23
5
82
4
2
3
25
4
69
5
22
1
39
4
82
6
79
6
76
6
45
3
47
0
70
3
97
6
44
4
99
4
89
4
8
2
88
2
29
4
9
2
64
5
32
6
59
3
59
3
42
4
79
2
29
6
58
3
43
4
29
5
6
3
49
3
45
3
73
4
37
5
79
5
13
5
9
4
37
5
76
2
96
3
18
2
75
6
43
5
37
4
35
6
69
6
74
3
36
3
33
6
79
5
79
3
87
4
72
2
19
5
45
4
58
5
52
6
15
6
75
3
89
6
48
5
9
5
37
6
79
3
44
6
5
5
9
4
55
