3
74
5
64
0
90
2
92
4
65
4
64
1
99
5
39
3
51
3
58
2
36
5
88
2
68
1
43
1
95
1
73
3
63
0
0
2
68
5
99
3
61
1
79
5
29
2
75
1
99
5
64
5
95
1
13
3
9
0
40
3
57
3
36
2
78
4
97
1
59
4
87
5
55
4
33
2
29
3
64
4
43
2
3
3
12
4
17
5
29
3
65
2
49
1
92
1
84
2
86
4
63
5
78
4
28
3
11
4
43
1
5
5
63
4
76
1
96
3
49
1
49
1
1
5
67
2
45
1
19
2
79
3
29
4
37
3
27
2
34
3
97
2
54
3
46
1
45
2
99
1
81
5
84
5
76
2
56
5
26
1
83
5
69
1
16
3
19
4
89
2
25
2
12
4
5
5
8
2
52
2
94
4
98
5
86
3
34
1
59
2
46
3
12
4
31
3
98
2
32
0
80
2
55
3
64
1
79
4
51
3
97
4
2
3
48
5
65
5
12
4
42
1
71
0
40
1
18
3
8
1
83
4
59
5
23
2
39
1
64
3
66
5
3
5
52
3
15
3
13
5
68
1
63
5
65
1
34
4
62
2
78
1
44
4
92
1
11
5
87
3
34
5
98
3
76
4
91
3
32
4
17
5
65
2
1
2
1
4
2
4
67
4
97
2
96
5
45
2
48
0
80
2
98
3
53
4
34
2
39
5
86
2
41
2
4
2
9
3
31
4
86
4
6
4
24
4
68
2
55
2
19
5
27
3
5
2
94
5
52
5
65
5
79
4
91
3
27
1
67
4
99
5
87
5
62
2
19
2
99
1
99
4
61
3
23
1
89
4
9
5
28
2
9
5
69
5
53
3
2
5
26
2
69
3
34
1
82
3
78
3
39
2
88
3
17
2
14
2
78
5
12
1
93
0
10
4
12
3
26
1
41
4
55
2
44
5
35
3
57
3
23
1
52
4
39
4
74
4
9
2
9
2
51
3
3
5
75
1
61
5
54
1
35
2
67
5
96
2
28
3
72
1
96
2
35
4
5
2
63
2
24
5
69
1
26
3
54
4
68
5
83
3
98
2
22
5
97
1
9
4
89
5
93
2
82
1
37
2
74
4
56
3
84
1
28
0
70
4
21
1
81
4
92
4
41
1
27
2
47
4
66
4
72
2
52
3
99
5
26
1
82
2
27
3
9
2
45
4
82
3
1
2
99
4
87
2
29
5
29
3
36
2
72
1
49
4
52
1
57
1
35
5
73
4
38
1
78
2
16
1
86
1
17
4
48
1
39
3
22
4
46
5
29
3
59
4
24
3
41
5
83
1
79
1
23
2
84
4
26
3
72
2
5
1
39
3
97
5
97
5
45
3
14
1
92
4
29
1
72
1
8
3
86
4
83
1
51
5
2
4
86
4
87
1
44
3
25
2
96
3
16
1
11
1
96
2
67
3
52
5
86
1
46
2
76
3
99
4
96
5
89
3
79
2
52
1
27
2
72
1
78
2
32
2
29
5
17
4
89
1
81
3
33
2
3
3
1
4
79
2
86
1
16
2
44
5
52
3
62
5
97
1
71
2
81
2
62
2
23
3
39
4
33
2
15
4
55
2
69
0
70
5
44
5
89
3
61
1
21
3
33
5
99
3
8
3
15
1
54
3
37
2
9
3
48
1
37
4
69
2
33
1
86
1
86
4
11
4
53
1
24
1
25
3
11
4
76
2
49
3
76
2
69
1
64
3
93
2
88
4
79
1
79
5
17
3
61
2
84
1
63
4
99
4
1
5
13
3
28
3
31
4
72
3
45
3
7
3
84
2
82
2
5
3
95
2
79
5
42
2
89
4
88
3
98
5
85
3
81
2
4
3
65
2
28
1
99
2
16
5
13
5
33
3
59
2
78
5
54
5
97
4
62
5
68
3
39
2
15
4
69
3
44
5
62
4
36
1
31
5
16
2
58
5
99
5
3
5
42
2
42
4
29
3
73
4
27
3
41
4
68
2
97
4
32
4
89
4
16
3
9
3
69
5
42
2
69
3
64
3
2
3
79
5
79
1
37
1
71
4
53
3
38
3
99
1
15
1
31
3
17
3
88
3
59
5
9
1
83
1
16
3
94
5
86
4
2
2
59
3
87
3
51
4
19
3
41
4
34
5
67
4
11
5
52
1
13
1
89
3
94
2
9
4
15
2
1
1
4
3
31
3
79
1
65
0
50
5
45
1
98
5
85
2
89
1
95
3
89
2
83
5
47
2
43
3
73
1
18
4
89
1
27
1
14
5
78
1
29
1
2
0
60
1
34
3
39
5
74
1
64
2
78
2
15
1
49
1
92
3
58
3
29
5
96
5
63
2
11
4
9
1
45
1
56
3
69
4
29
2
82
4
35
5
39
5
78
3
64
3
21
3
32
3
81
4
94
3
27
4
31
1
29
1
81
5
87
3
1
5
99
1
5
5
69
3
66
1
17
4
99
3
86
1
98
1
9
0
40
3
59
5
35
1
33
2
14
1
66
4
16
3
86
5
85
2
57
3
37
0
30
4
46
4
6
0
59
4
57
4
78
3
74
5
34
5
36
4
39
2
25
1
27
1
78
4
38
4
16
4
89
5
33
3
87
1
78
4
53
2
54
2
16
3
83
1
86
2
15
4
28
1
39
4
34
2
26
1
37
2
19
3
74
3
37
2
28
2
24
2
73
4
14
1
16
3
56
1
94
2
67
4
95
5
76
1
73
3
73
4
98
2
4
4
74
1
89
3
44
1
89
3
71
5
39
1
64
5
4
5
63
1
82
3
28
3
89
0
10
4
93
5
69
2
39
2
37
3
84
3
9
4
77
4
19
2
5
5
66
5
46
4
22
4
49
2
51
4
72
5
32
5
17
3
14
5
3
2
28
5
23
3
57
1
26
3
6
5
44
2
76
2
85
4
23
4
19
2
99
4
11
1
99
5
75
2
59
4
31
3
25
2
55
2
53
1
89
2
52
5
54
3
53
5
97
1
85
2
36
1
46
2
19
5
84
1
67
4
35
1
49
1
84
5
34
5
95
1
42
3
75
1
68
1
23
2
55
1
18
3
59
5
7
1
92
5
54
1
14
3
74
3
35
4
71
2
63
1
86
5
27
4
2
5
52
5
17
4
97
3
99
4
29
5
76
2
87
4
78
3
64
2
86
1
2
2
11
1
34
0
70
4
46
1
85
2
61
2
6
5
22
2
19
3
88
1
59
2
98
3
25
2
67
5
69
3
97
5
28
1
44
4
43
4
9
5
92
4
56
4
81
3
49
3
23
5
75
3
72
4
8
2
37
1
16
3
72
3
68
4
32
3
16
3
92
3
67
0
90
4
25
3
73
1
17
2
8
1
78
5
7
2
46
3
82
1
6
5
48
5
17
1
79
3
75
1
7
2
93
1
58
4
94
1
14
5
22
4
6
3
75
2
33
1
14
5
99
4
86
2
87
4
74
4
81
4
76
1
34
4
82
3
49
2
39
5
52
4
17
1
74
1
89
2
87
2
83
5
74
4
81
2
12
5
99
4
63
1
43
4
74
2
69
2
22
4
65
4
97
2
42
2
12
3
39
3
77
4
9
1
69
1
45
4
64
5
33
3
36
3
68
2
16
1
28
1
56
4
9
5
82
4
57
3
15
0
40
5
32
5
89
1
95
3
18
3
53
2
44
5
9
5
22
1
67
5
9
4
8
4
59
1
45
5
63
1
89
3
67
2
79
1
49
3
84
4
18
3
17
4
48
2
14
4
62
1
22
4
48
3
91
3
37
1
19
3
58
5
73
5
68
4
4
3
15
1
54
2
92
1
11
5
27
5
69
2
32
3
64
5
82
5
19
2
68
5
19
3
68
1
77
5
48
4
31
3
84
5
3
1
22
4
7
4
28
1
75
1
8
1
29
5
79
3
78
4
88
4
11
2
67
4
9
5
95
5
35
5
65
0
0
2
9
3
66
4
48
0
20
2
62
3
72
5
14
0
70
4
16
4
79
2
47
2
89
2
88
5
94
4
49
1
62
2
29
4
72
2
28
4
36
3
14
4
51
5
29
3
17
3
18
2
36
2
99
5
99
4
42
4
55
5
22
4
55
3
85
5
69
1
15
2
45
3
46
1
28
1
74
4
83
1
54
4
85
4
97
2
46
4
64
3
76
2
62
5
17
3
93
4
27
4
66
5
52
2
51
1
54
4
22
4
81
3
1
2
24
3
69
4
21
1
39
3
81
5
79
5
75
5
44
2
46
0
70
2
97
5
43
3
99
3
88
3
7
1
87
1
28
3
8
1
63
4
31
5
59
2
59
2
41
3
78
1
29
5
58
2
42
3
28
4
5
2
49
2
44
2
72
3
36
4
78
4
13
4
9
3
36
4
75
1
95
2
17
1
74
5
42
4
36
3
34
5
68
5
73
2
35
2
32
5
78
4
79
2
87
3
71
1
18
4
44
3
57
4
51
5
14
5
74
2
88
5
47
4
9
4
36
5
79
2
43
5
4
4
8
3
54
