6
77
8
67
0
90
5
95
7
68
7
67
4
99
8
40
6
54
6
59
5
39
8
90
5
69
4
46
4
98
4
76
6
66
0
0
5
69
8
99
6
64
4
79
8
30
5
78
4
99
8
67
8
98
4
16
6
9
0
40
6
59
6
39
5
79
7
99
4
59
7
89
8
58
7
36
5
29
6
67
7
46
5
6
6
15
7
19
8
30
6
68
5
49
4
95
4
87
5
89
7
66
8
80
7
29
6
14
7
46
4
8
8
66
7
79
4
99
6
49
4
49
4
4
8
70
5
48
4
19
5
79
6
29
7
39
6
29
5
37
6
99
5
57
6
49
4
48
5
99
4
84
8
87
8
79
5
59
8
29
4
86
8
70
4
19
6
19
7
89
5
28
5
15
7
8
8
10
5
55
5
97
7
99
8
89
6
37
4
59
5
49
6
15
7
34
6
99
5
35
0
80
5
58
6
67
4
79
7
54
6
99
7
5
6
49
8
68
8
15
7
45
4
74
0
40
4
19
6
9
4
86
7
59
8
26
5
39
4
67
6
69
8
6
8
55
6
18
6
16
8
70
4
66
8
68
4
37
7
65
5
79
4
47
7
95
4
14
8
90
6
37
8
99
6
79
7
94
6
35
7
19
8
68
5
4
5
4
7
5
7
69
7
99
5
99
8
48
5
49
0
80
5
98
6
56
7
37
5
39
8
89
5
44
5
7
5
9
6
34
7
89
7
9
7
27
7
69
5
58
5
19
8
30
6
8
5
97
8
55
8
68
8
80
7
94
6
29
4
69
7
99
8
90
8
65
5
19
5
99
4
99
7
64
6
26
4
89
7
9
8
30
5
9
8
70
8
56
6
5
8
29
5
69
6
37
4
85
6
79
6
39
5
89
6
17
5
17
5
79
8
15
4
96
0
10
7
15
6
29
4
44
7
58
5
47
8
38
6
59
6
23
4
55
7
39
7
77
7
9
5
9
5
54
6
6
8
78
4
64
8
57
4
38
5
69
8
99
5
29
6
75
4
99
5
38
7
5
5
63
5
27
8
70
4
29
6
57
7
69
8
86
6
99
5
25
8
99
4
9
7
89
8
96
5
85
4
39
5
77
7
59
6
87
4
29
0
70
7
24
4
84
7
95
7
44
4
29
5
49
7
69
7
75
5
55
6
99
8
29
4
85
5
29
6
9
5
48
7
85
6
4
5
99
7
89
5
29
8
30
6
39
5
72
4
49
7
55
1
59
4
38
8
76
7
39
4
79
5
19
4
89
4
19
7
49
4
39
6
25
7
49
8
30
6
59
7
27
6
44
8
86
4
79
4
26
5
87
7
29
6
75
5
8
4
39
6
99
8
99
8
48
6
17
4
95
7
29
4
75
4
8
3
89
7
86
4
54
8
2
7
89
7
89
4
47
6
28
2
99
6
19
4
14
4
99
5
69
6
55
8
89
4
49
5
79
6
99
7
99
8
90
6
79
5
55
4
29
5
75
4
79
5
32
5
29
8
20
4
89
4
84
6
36
5
6
6
4
7
79
5
89
4
19
5
47
8
55
6
62
8
97
4
74
5
84
5
65
5
26
6
39
7
36
5
18
7
58
5
69
0
70
8
47
8
90
6
64
4
24
6
36
8
99
6
9
6
18
4
57
6
39
5
9
6
49
4
39
7
69
5
36
4
89
4
89
7
14
4
56
4
27
4
28
6
14
7
79
5
49
6
79
5
69
4
67
6
96
5
89
7
79
4
79
8
20
6
64
5
87
4
66
7
99
7
4
8
16
6
29
6
34
7
75
6
48
6
9
6
84
5
85
5
8
6
98
5
79
8
45
5
89
7
89
6
99
8
88
6
84
5
7
6
68
5
29
4
99
5
19
8
16
8
36
6
59
5
79
8
57
8
99
7
65
8
70
6
39
5
18
7
69
6
47
8
65
7
36
4
34
8
19
5
59
8
99
8
6
8
45
5
45
7
29
6
76
7
29
6
44
7
69
5
99
7
35
7
89
7
19
6
9
6
69
8
42
5
69
6
67
6
2
6
79
8
80
4
39
4
74
7
56
6
39
6
99
4
15
4
34
6
19
6
89
6
59
8
10
4
86
4
19
6
97
8
89
7
5
5
59
6
89
6
54
7
19
6
44
7
37
8
70
7
14
8
55
4
16
4
89
6
97
5
9
7
18
5
4
1
7
6
34
6
79
4
68
0
50
8
48
4
99
8
88
5
89
4
98
6
89
5
86
8
50
5
46
6
76
4
19
7
89
4
29
4
17
8
80
4
29
4
5
0
60
4
37
6
39
8
77
4
67
5
79
5
18
4
49
4
95
6
59
3
29
8
99
8
66
5
14
7
9
4
48
1
59
6
69
7
29
5
85
7
38
8
40
8
80
3
67
6
24
6
32
6
84
7
97
6
29
7
34
4
29
4
84
8
90
6
4
8
99
4
8
8
70
6
69
4
19
7
99
6
89
4
99
4
9
0
40
3
59
8
38
4
36
2
17
4
69
7
19
6
86
8
88
5
59
6
39
0
30
7
49
7
9
0
59
7
59
7
79
6
77
8
37
8
39
7
39
5
25
4
29
4
79
7
39
7
19
7
89
8
36
6
87
4
79
7
56
5
57
2
19
6
86
4
89
5
18
7
29
4
39
7
37
5
29
4
39
5
19
6
77
6
39
5
29
5
27
5
73
7
17
4
19
6
59
4
97
5
69
7
98
8
79
4
76
6
76
7
98
5
7
7
77
4
89
6
47
4
89
6
71
8
40
4
67
8
7
8
66
4
85
6
29
6
89
0
10
7
96
8
70
5
39
5
39
6
87
6
9
7
79
7
19
5
8
8
69
8
49
7
25
7
49
5
54
7
75
8
35
8
20
6
17
8
6
5
29
8
26
6
59
4
26
6
9
8
47
5
76
5
88
7
26
7
19
5
99
7
14
4
99
8
78
5
59
7
34
6
28
5
58
5
56
1
89
5
55
8
57
6
53
8
99
4
88
5
39
4
49
5
19
8
87
4
69
4
38
4
49
4
87
8
37
8
98
1
45
3
78
1
69
4
26
5
58
4
19
6
59
8
10
4
95
8
57
4
17
6
77
6
38
7
74
5
66
4
89
8
30
7
2
8
55
8
20
7
99
6
99
7
29
8
79
5
89
7
79
6
67
5
89
4
5
5
14
4
37
0
70
4
46
4
88
5
64
5
9
8
25
5
19
6
88
1
59
5
99
6
28
5
69
8
70
6
99
8
30
4
47
7
46
7
9
8
95
7
59
7
84
6
49
6
26
8
78
6
75
7
8
5
39
4
19
6
75
6
69
7
35
6
19
6
95
6
67
0
90
7
28
6
76
4
19
5
9
4
79
8
10
5
46
6
85
4
9
8
50
8
20
4
79
6
78
4
9
5
96
4
59
7
97
4
17
8
25
7
9
6
78
5
36
4
17
8
99
7
89
2
89
7
77
7
81
7
79
4
37
7
82
6
49
5
39
8
55
7
19
4
77
4
89
5
89
5
86
8
77
7
84
5
15
8
99
7
66
4
46
7
77
5
69
5
25
7
68
7
99
5
45
5
15
6
39
6
79
7
9
4
69
4
48
7
67
8
33
6
39
6
69
5
19
4
25
4
59
7
9
8
85
7
59
6
18
0
40
8
35
8
90
4
98
6
19
6
56
5
47
8
10
8
25
4
69
8
10
4
8
7
59
4
48
8
66
4
89
6
69
5
79
4
49
6
87
7
19
6
19
7
49
5
17
7
65
4
25
7
49
6
94
6
37
1
19
6
59
8
76
8
70
7
7
6
15
4
57
5
95
4
14
8
30
8
70
5
35
6
67
8
82
8
20
5
69
8
20
6
69
4
79
8
48
7
34
6
87
8
6
4
25
7
9
7
29
4
78
4
9
4
29
8
80
6
79
7
88
7
14
5
69
7
9
8
98
8
38
8
68
0
0
5
9
6
69
7
49
0
20
5
65
6
75
8
17
0
70
7
19
7
79
5
49
5
89
5
89
8
97
7
49
4
65
5
29
7
75
5
29
7
39
6
17
7
54
8
30
6
19
6
19
5
39
5
99
8
99
7
45
7
58
8
25
7
55
6
88
8
70
4
15
5
48
6
49
1
29
4
77
4
86
4
57
4
88
7
99
2
49
7
67
6
79
5
65
8
20
6
96
4
29
7
69
8
55
5
54
4
57
7
25
7
84
6
4
5
27
6
69
7
24
1
39
6
84
8
80
8
78
8
47
5
49
0
70
5
97
8
46
6
99
6
89
6
9
4
89
4
29
6
9
4
66
7
34
8
60
5
59
5
44
6
79
4
29
8
58
5
45
6
29
7
8
5
49
5
47
5
75
6
39
7
79
7
13
7
9
6
39
7
78
4
98
5
19
4
77
8
45
7
39
6
37
8
70
8
76
5
38
5
35
8
80
7
79
5
87
6
74
4
19
7
47
6
59
7
54
8
17
8
77
5
89
8
50
7
9
7
39
8
80
5
46
8
7
7
9
6
57
