9
64
9
14
9
64
9
34
19
94
9
99
9
34
19
64
9
94
9
94
9
34
19
34
9
44
9
74
9
94
19
94
9
74
19
34
9
99
9
34
9
44
19
64
9
14
19
34
19
34
9
44
9
44
9
74
9
67
19
64
9
94
9
14
9
44
19
34
9
44
9
34
19
64
9
64
9
94
9
99
9
74
19
64
9
44
9
14
9
74
9
99
9
34
9
44
9
14
9
14
19
64
9
64
9
99
19
94
9
44
9
99
9
64
9
99
9
34
19
94
9
74
9
44
9
44
9
99
9
44
19
64
9
34
0
90
9
34
19
94
9
94
9
34
9
44
19
34
9
99
19
46
9
14
19
64
19
94
19
94
19
34
9
94
19
34
9
14
19
34
9
94
9
34
9
14
0
60
9
94
19
34
9
99
9
94
9
44
9
94
9
94
9
94
19
34
9
94
9
99
9
44
9
44
19
34
9
34
9
74
19
94
19
34
9
48
9
34
9
34
9
99
19
34
9
74
9
64
9
64
19
34
19
64
9
64
9
34
9
44
19
34
9
99
9
34
9
99
9
74
9
74
9
74
19
94
9
94
9
44
19
94
19
34
9
74
9
38
9
99
9
64
19
34
9
34
19
34
9
14
9
99
9
94
9
44
9
14
9
34
9
94
9
14
9
64
19
16
9
74
19
34
19
64
9
14
19
34
9
74
9
64
9
99
9
99
9
14
9
94
19
64
9
14
19
64
9
94
19
64
9
34
9
94
19
34
9
34
9
44
9
99
9
94
19
94
19
94
9
94
19
34
9
94
9
44
9
74
19
64
9
64
9
94
19
94
9
44
9
94
19
64
19
94
9
94
19
34
9
74
9
44
19
64
0
70
9
34
19
94
19
34
9
99
19
94
9
64
9
99
9
14
9
99
9
94
9
14
9
14
9
88
9
34
9
34
9
44
19
34
9
99
9
44
9
28
9
44
19
64
19
64
9
64
9
14
9
99
9
64
9
44
19
34
9
94
9
44
19
64
9
34
9
74
19
64
9
34
0
10
28
0
9
34
9
34
9
64
9
64
19
34
9
34
19
34
19
94
19
64
29
46
19
34
9
94
9
64
9
34
9
34
9
94
9
99
9
34
9
99
19
34
9
99
9
64
9
99
9
44
19
34
9
94
9
44
19
34
9
99
0
50
9
14
19
51
9
74
19
34
9
74
9
74
9
99
9
44
9
64
1
12
19
34
1
99
19
94
19
34
19
64
1
83
9
66
9
14
9
64
19
94
19
64
9
99
9
94
0
80
19
34
19
34
9
64
9
14
9
64
9
58
19
34
9
14
9
99
19
34
9
74
9
14
19
34
9
94
1
19
19
64
19
64
9
74
9
94
9
94
9
94
9
93
19
34
19
94
9
44
9
54
9
64
3
19
9
34
19
94
4
39
9
44
9
14
19
94
19
94
19
34
1
89
9
44
1
19
19
94
9
34
2
11
9
14
19
64
2
32
9
44
1
84
9
64
19
94
19
94
19
34
9
43
9
99
19
94
9
14
0
40
9
44
9
14
9
14
9
44
9
64
0
80
9
14
9
64
9
44
9
64
19
94
19
34
19
34
19
94
0
70
19
94
19
64
9
44
19
94
19
64
9
74
3
29
0
73
2
21
3
19
9
74
19
34
9
33
9
94
9
34
9
94
0
90
9
34
9
14
9
31
19
51
9
44
9
42
9
64
9
64
19
34
19
34
9
44
19
94
9
99
9
74
9
44
9
34
9
64
9
14
9
34
9
74
9
7
19
94
9
44
2
29
19
94
9
74
8
64
2
81
9
44
9
64
9
74
19
64
9
34
9
87
9
94
9
74
9
94
9
34
19
64
19
94
9
94
19
34
19
64
19
34
19
64
19
94
9
34
9
94
9
34
9
94
9
64
9
99
19
64
19
34
9
14
19
34
9
68
9
44
9
44
9
34
9
99
2
29
9
94
3
49
9
14
9
14
9
94
3
26
9
99
9
99
9
99
9
34
9
99
9
34
9
99
19
64
9
14
9
74
19
94
19
64
9
26
9
64
9
14
19
94
9
94
9
99
4
11
19
94
9
34
9
94
9
44
4
10
9
57
9
99
19
34
9
14
9
28
9
44
9
44
9
14
9
94
9
99
9
14
9
14
19
94
9
94
19
34
9
94
9
34
9
74
9
99
9
94
9
34
9
74
9
94
9
14
9
94
19
34
19
34
1
71
9
99
9
14
9
94
19
64
1
49
9
44
2
19
9
99
9
34
9
99
9
44
9
34
19
94
9
99
9
14
9
94
9
14
19
64
9
74
9
14
19
64
19
64
9
14
19
94
9
94
19
64
19
34
19
94
9
44
9
34
1
69
0
99
19
34
9
64
9
94
9
99
1
99
9
0
19
34
9
94
19
64
9
94
19
64
9
94
19
34
9
18
9
64
9
34
9
14
9
74
19
34
19
94
19
94
19
34
9
99
8
15
9
74
9
44
9
94
9
74
9
69
19
94
29
0
19
64
9
44
19
94
9
67
9
99
9
64
9
74
9
74
19
64
19
94
0
40
9
44
19
34
9
64
19
34
19
34
9
14
9
94
19
94
9
99
9
44
9
34
9
74
9
94
19
34
9
99
19
64
9
34
9
44
9
99
9
74
9
34
9
14
9
74
2
99
9
99
19
64
19
94
9
74
3
9
19
94
19
51
9
74
9
64
19
94
9
74
19
94
9
34
9
76
4
49
9
74
19
94
1
19
19
94
4
89
9
44
9
94
9
44
19
64
19
94
9
99
9
34
9
94
9
34
9
11
9
94
9
34
19
94
9
34
9
64
19
64
19
64
9
14
9
64
9
44
9
94
9
74
9
99
19
64
9
44
9
74
9
44
9
99
19
94
9
14
19
34
9
14
9
44
9
74
19
94
9
34
9
6
4
79
9
74
9
74
9
99
9
44
19
94
9
64
9
64
9
64
19
94
19
34
4
99
9
14
8
85
19
94
0
40
9
17
19
64
19
34
3
9
19
21
9
36
19
34
9
56
19
34
9
74
9
58
1
79
9
74
9
99
9
44
19
34
9
34
1
9
19
82
0
80
9
74
19
64
9
99
19
64
9
94
2
39
9
6
19
34
9
99
1
49
9
34
9
94
9
94
1
48
9
94
9
14
9
99
9
26
9
74
4
79
9
14
9
14
19
64
3
99
9
74
1
33
9
44
9
14
19
94
19
94
9
34
9
74
9
99
9
14
9
74
9
74
9
14
9
64
9
64
9
79
19
64
9
14
9
99
19
94
9
63
9
87
2
77
9
74
9
14
19
34
9
64
9
94
19
34
9
34
9
42
8
15
9
34
9
99
9
99
1
38
0
29
19
64
9
64
9
64
9
14
3
29
9
74
9
44
9
64
9
72
9
28
9
74
9
14
9
99
9
14
9
94
3
49
9
27
1
99
2
79
9
94
9
94
9
74
9
44
19
34
1
19
19
94
9
34
19
34
3
69
4
79
19
34
19
64
19
64
19
34
2
9
9
94
19
94
19
94
9
64
19
64
9
94
9
74
9
94
9
34
19
94
9
39
9
99
9
97
9
94
9
44
9
14
9
44
3
38
9
34
9
34
4
79
19
34
1
69
9
74
9
14
9
74
19
34
9
34
19
34
9
94
9
56
0
40
9
64
19
34
9
14
19
34
9
99
9
44
9
64
9
86
9
64
9
34
9
64
9
34
19
64
0
0
9
99
19
64
19
94
9
34
9
14
9
94
1
19
9
44
19
64
9
64
1
41
19
34
9
94
9
74
9
34
9
94
3
29
9
94
9
14
9
44
9
99
9
99
9
14
9
64
19
21
9
74
19
64
9
99
9
99
19
82
19
34
9
74
9
74
9
74
9
68
9
44
9
34
9
34
9
14
8
75
3
56
9
34
19
94
19
34
9
14
9
99
0
0
9
94
4
62
9
14
1
89
19
94
19
94
2
2
8
35
9
74
9
64
9
94
19
34
19
64
9
99
19
94
19
34
9
64
9
64
9
94
9
94
9
34
19
94
19
34
9
94
9
74
1
48
19
94
9
74
9
74
19
64
9
34
9
44
9
44
9
44
3
9
9
99
0
87
19
94
9
99
9
24
2
29
1
24
9
34
19
34
19
64
19
66
9
64
19
94
9
14
9
94
9
44
9
44
19
64
8
15
9
16
9
94
9
92
9
64
19
94
9
44
9
94
19
34
19
34
19
94
9
34
9
64
9
74
9
44
4
69
9
99
19
64
19
94
9
64
9
99
9
94
4
79
8
55
19
64
9
56
9
94
9
99
9
64
19
64
9
94
19
64
9
74
9
94
9
14
2
42
9
19
19
64
1
38
19
34
9
68
19
64
9
44
19
34
9
94
2
23
1
99
9
14
9
64
9
14
9
94
19
64
9
74
9
44
9
34
9
64
19
64
1
10
9
64
1
19
9
64
9
94
9
64
9
44
19
34
19
34
2
59
9
94
9
34
9
64
9
14
4
9
9
34
9
64
