9
64
9
14
9
64
9
34
17
89
9
99
9
34
12
54
9
94
9
94
9
34
17
29
9
44
9
74
9
94
17
89
9
74
14
26
9
99
9
34
9
44
13
55
9
14
11
23
14
26
9
44
9
44
9
74
8
65
13
55
9
94
9
13
9
44
13
25
9
44
9
34
16
58
9
64
9
94
9
99
9
74
17
59
9
44
9
14
9
74
9
99
9
34
9
44
9
13
9
14
12
54
9
64
9
99
15
87
9
44
9
99
9
64
9
99
9
34
15
87
9
73
9
44
9
43
9
99
9
44
14
56
9
33
0
90
9
34
15
87
9
94
9
34
9
44
17
29
9
99
9
66
9
14
16
58
16
88
14
86
13
25
9
94
12
24
9
14
14
26
9
94
9
34
9
14
0
60
9
94
16
28
9
99
9
94
9
44
9
94
9
94
9
94
13
25
9
93
9
99
9
44
9
44
12
24
9
34
9
74
15
87
13
25
9
48
9
34
9
34
9
99
14
26
9
74
9
64
9
64
16
28
14
56
9
63
9
34
9
43
16
28
9
99
9
34
9
99
9
74
9
74
9
74
14
86
9
94
9
44
13
85
14
26
9
74
9
38
9
99
9
64
13
25
9
34
13
25
9
14
9
99
9
94
9
44
9
14
9
34
9
94
9
14
9
64
9
36
9
74
15
27
13
55
9
14
14
26
9
74
9
64
9
99
9
99
9
14
9
94
15
57
9
14
15
57
9
94
13
55
9
34
9
94
15
27
9
34
9
44
9
99
9
94
15
87
11
83
9
94
13
25
9
94
9
44
9
74
13
55
9
64
9
94
15
87
9
44
9
94
15
57
15
87
9
93
16
28
9
74
9
44
11
53
0
70
9
34
12
84
16
28
9
99
11
83
9
64
9
99
9
13
9
99
9
94
9
14
9
14
9
88
9
34
9
34
9
44
14
26
9
99
9
44
9
28
9
44
14
56
13
55
9
64
9
14
9
99
9
64
9
44
15
27
9
94
9
44
12
54
9
34
9
74
14
56
9
34
0
10
9
57
9
33
9
34
9
64
9
64
16
28
9
34
13
25
11
83
13
55
16
81
13
25
9
94
9
64
9
34
9
33
9
94
9
99
9
34
9
99
17
29
9
99
9
64
9
99
9
44
13
25
9
94
9
44
12
24
9
99
0
50
9
14
13
51
9
73
12
24
9
74
9
74
9
99
9
44
9
64
1
12
14
26
1
99
12
84
15
27
14
56
1
83
9
66
9
14
9
64
13
85
11
53
9
99
9
93
0
80
13
25
14
26
9
63
9
14
9
63
9
58
15
27
9
14
9
99
13
25
9
74
9
12
16
28
9
94
1
19
13
55
13
55
9
74
9
94
9
94
9
94
9
93
14
26
13
85
9
44
9
54
9
64
3
19
9
34
12
84
4
39
9
44
9
14
14
86
13
85
14
26
1
89
9
44
1
19
15
87
9
34
2
11
9
14
13
55
2
32
9
44
1
84
9
64
11
83
11
83
14
26
9
43
9
99
12
84
9
14
0
40
9
44
9
14
9
14
9
44
9
64
0
80
9
14
9
63
9
44
9
64
17
89
15
27
16
28
16
88
0
70
17
89
13
55
9
44
12
84
12
54
9
74
3
29
0
73
3
21
3
19
9
74
12
24
9
33
9
94
9
34
9
94
0
90
9
34
9
14
9
31
14
51
9
44
9
42
9
64
9
64
11
23
11
23
9
44
15
87
9
99
9
74
9
44
9
34
9
64
9
14
9
33
9
74
9
7
17
89
9
44
2
29
14
86
9
74
8
64
2
81
9
44
9
64
9
74
13
55
9
34
9
87
9
94
9
74
9
94
9
34
13
55
15
87
9
94
14
26
17
59
16
28
13
55
14
86
9
34
9
94
9
34
9
94
9
64
9
99
13
55
15
27
9
14
17
29
9
68
9
44
9
44
9
34
9
99
2
29
9
94
3
49
9
13
9
14
9
93
3
26
9
99
9
99
9
99
9
34
9
99
9
34
9
99
12
54
9
14
9
74
15
87
14
56
9
26
9
64
9
14
17
89
9
94
9
99
4
11
16
88
9
34
9
94
9
43
4
10
9
57
9
99
13
25
9
14
9
28
9
44
9
44
9
14
9
94
9
99
9
14
9
14
14
86
9
94
13
25
9
94
9
34
9
74
9
99
9
94
9
34
9
74
9
94
9
14
9
94
16
28
13
25
1
71
9
99
9
13
9
94
13
55
1
49
9
44
2
19
9
99
9
34
9
99
9
44
9
34
15
87
9
99
9
14
9
94
9
14
17
59
9
74
9
14
14
56
11
53
9
14
13
85
9
94
14
56
14
26
12
84
9
44
9
34
1
69
0
99
14
26
9
64
9
94
9
99
1
99
9
0
13
25
9
94
16
58
9
94
15
57
9
93
13
25
9
18
9
64
9
34
9
14
9
74
16
28
14
86
15
87
14
26
9
99
8
15
9
74
9
44
9
94
9
74
9
69
14
86
6
71
12
54
9
44
12
84
9
67
9
99
9
64
9
74
9
74
11
53
16
88
0
40
9
44
12
24
9
64
13
25
16
28
9
14
9
94
17
89
9
99
9
44
9
34
9
74
9
93
16
28
9
99
15
57
9
34
9
44
9
99
9
74
9
34
9
13
9
74
2
99
9
99
15
57
15
87
9
74
3
9
14
86
17
51
9
74
9
64
13
85
9
74
13
85
9
34
9
76
4
49
9
74
16
88
1
19
12
84
4
89
9
44
9
94
9
44
14
56
14
86
9
99
9
34
9
94
9
34
9
11
9
94
9
34
13
85
9
34
9
64
16
58
14
56
9
14
9
64
9
44
9
94
9
74
9
99
15
57
9
44
9
74
9
44
9
99
15
87
9
14
13
25
9
14
9
43
9
74
14
86
9
34
9
6
4
79
9
74
9
74
9
99
9
44
11
83
9
64
9
64
9
64
15
87
12
24
4
99
9
14
8
85
13
85
0
40
9
17
14
56
14
26
3
9
14
21
9
36
15
27
9
56
11
23
9
74
9
58
1
79
9
74
9
99
9
44
17
29
9
34
1
9
14
82
0
80
9
74
16
58
9
99
14
56
9
94
2
39
9
6
13
25
9
99
1
49
9
34
9
94
9
94
1
48
9
94
9
14
9
99
9
26
9
74
4
79
9
14
9
14
15
57
3
99
9
74
1
33
9
44
9
14
16
88
13
85
9
34
9
74
9
99
9
14
9
74
9
74
9
14
9
64
9
64
9
79
12
54
9
14
9
99
12
84
9
63
9
87
2
77
9
74
9
13
13
25
9
64
9
94
14
26
9
34
9
42
8
15
9
34
9
99
9
99
1
38
0
29
12
54
9
64
9
64
9
14
3
29
9
74
9
44
9
64
9
72
9
28
9
74
9
14
9
99
9
14
9
94
3
49
9
27
1
99
2
79
9
94
9
94
9
74
9
44
15
27
1
19
11
83
9
34
12
24
3
69
4
79
12
24
16
58
15
57
14
26
2
9
9
94
15
87
14
86
9
64
12
54
9
94
9
74
9
94
9
34
16
88
9
39
9
99
9
97
9
94
9
44
9
13
9
44
3
38
9
33
9
34
4
79
15
27
1
69
9
74
9
14
9
74
17
29
9
34
17
29
9
94
9
56
0
40
9
64
15
27
9
14
16
28
9
99
9
44
9
64
9
86
9
64
9
34
9
64
9
34
14
56
0
0
9
99
17
59
12
84
9
34
9
13
9
94
1
19
9
43
16
58
9
64
1
41
15
27
9
94
9
74
9
34
9
94
3
29
9
94
9
14
9
44
9
99
9
99
9
14
9
64
15
21
9
74
14
56
9
99
9
99
14
82
13
25
9
74
9
74
9
74
9
68
9
44
9
34
9
34
9
13
8
75
3
56
9
34
16
88
13
25
9
14
9
99
0
0
9
94
4
62
9
14
1
89
16
88
13
85
2
2
8
35
9
73
9
64
9
94
16
28
13
55
9
99
14
86
15
27
9
64
9
64
9
94
9
94
9
34
16
88
13
25
9
94
9
74
1
48
14
86
9
74
9
74
13
55
9
34
9
43
9
44
9
43
3
9
9
99
0
87
17
89
9
99
9
24
2
29
1
24
9
34
15
27
11
53
9
86
9
64
16
88
9
14
9
94
9
44
9
44
12
54
8
15
9
16
9
94
9
92
9
64
15
87
9
44
9
94
16
28
15
27
13
85
9
34
9
64
9
74
9
44
4
69
9
99
13
55
14
86
9
64
9
99
9
94
4
79
8
55
14
56
9
57
9
94
9
99
9
64
12
54
9
94
16
58
9
74
9
94
9
14
2
42
9
19
13
55
1
38
13
25
9
68
16
58
9
44
12
24
9
94
2
23
1
99
9
13
9
63
9
14
9
94
15
57
9
74
9
43
9
34
9
64
14
56
1
10
9
64
1
19
9
64
9
94
9
64
9
44
16
28
11
23
2
59
9
94
9
34
9
63
9
14
4
9
9
34
9
64
