9
58
8
9
9
62
8
30
11
83
9
98
9
33
7
48
9
91
7
89
8
30
11
23
9
42
7
69
9
91
11
83
9
70
8
20
7
99
7
29
8
40
7
49
9
11
7
17
8
20
9
41
8
40
9
71
8
65
7
49
7
89
9
7
9
42
9
19
8
40
9
29
10
52
9
61
9
91
9
99
8
70
11
53
8
40
8
10
7
69
9
99
9
31
9
41
7
7
8
10
8
48
8
60
9
97
9
81
9
41
9
99
7
59
9
99
9
30
9
81
9
67
7
39
8
37
8
97
7
39
9
50
8
27
0
90
8
29
9
81
9
93
9
33
9
41
11
23
9
99
8
70
9
11
10
52
10
82
8
80
7
19
7
89
9
18
9
10
8
20
7
89
9
30
7
9
0
60
7
89
10
22
9
99
9
92
9
42
7
89
9
93
9
93
7
19
9
87
9
99
9
42
8
40
7
18
8
28
7
69
9
81
7
19
9
48
9
32
7
29
9
99
8
20
9
69
9
60
9
61
10
22
9
50
8
57
9
29
9
37
10
22
9
99
7
29
9
99
9
73
9
70
8
70
9
80
9
93
9
39
8
79
8
20
9
72
7
38
9
99
9
61
7
19
7
29
7
19
7
9
9
99
7
89
9
42
9
12
9
32
9
89
9
12
9
60
9
39
7
69
9
21
7
49
9
11
8
20
9
69
9
61
9
99
7
99
8
10
7
89
9
51
9
11
9
51
7
88
7
49
9
31
9
88
9
21
9
32
7
39
8
99
9
91
9
81
9
77
7
89
7
19
8
88
9
42
9
70
7
49
9
61
8
90
9
81
9
38
9
88
9
51
9
81
9
87
10
22
9
72
9
42
9
47
0
70
9
28
7
78
10
22
7
99
7
77
7
59
9
99
7
7
8
99
9
92
8
10
9
10
7
88
9
33
7
29
9
43
9
20
9
99
9
42
7
28
9
43
8
50
8
49
8
60
8
10
9
99
8
58
9
41
9
21
9
91
9
43
9
48
9
31
8
70
9
50
9
28
0
10
7
63
7
27
9
31
9
62
7
59
10
22
9
32
9
19
9
77
7
49
10
82
7
19
8
90
9
62
9
30
7
27
8
90
8
99
8
30
8
99
11
23
9
99
8
59
9
97
9
39
7
19
9
92
9
42
9
18
8
97
0
50
9
8
7
51
9
67
7
18
9
71
9
73
8
98
9
43
9
59
1
12
8
20
1
98
8
78
9
21
8
50
1
83
9
69
8
10
9
62
7
79
7
47
9
99
8
87
0
80
7
19
9
20
7
57
9
12
7
57
9
58
9
21
9
8
9
99
7
19
9
72
4
8
10
22
8
90
1
19
7
49
9
49
9
71
9
88
9
91
7
89
9
93
9
20
7
79
9
41
9
54
9
63
3
19
7
29
9
78
4
39
9
38
8
9
9
80
7
79
8
20
1
88
8
40
1
18
9
81
9
29
2
11
9
11
7
49
2
32
9
43
1
84
7
59
9
77
9
77
9
20
8
43
9
99
7
78
8
10
0
40
7
38
9
12
9
13
7
39
7
59
0
80
7
9
8
57
9
41
7
58
11
83
9
21
10
22
10
82
0
70
11
83
7
49
8
40
8
78
9
48
8
70
3
29
0
73
3
21
3
19
9
72
9
18
9
33
9
91
8
29
9
93
0
90
8
30
9
12
9
31
8
51
9
41
9
42
7
59
8
60
8
17
9
17
9
41
9
81
7
99
9
71
9
41
8
30
9
62
7
9
9
27
9
69
7
7
11
83
9
41
2
29
8
80
9
70
9
60
2
81
7
39
9
61
9
68
7
49
9
31
9
87
9
91
8
70
9
93
9
30
7
49
9
81
8
90
9
20
11
53
10
22
7
49
9
80
7
29
8
88
9
28
9
93
8
60
9
99
7
49
9
21
9
11
11
23
8
68
9
38
9
43
7
29
7
99
2
28
9
90
3
49
7
7
9
12
8
87
3
26
8
98
9
99
9
99
9
32
9
99
9
31
9
99
9
48
7
9
8
70
9
81
8
50
9
28
9
63
9
10
11
83
7
89
9
99
4
13
10
82
7
29
9
92
9
37
4
10
7
57
7
99
7
19
7
9
9
28
7
39
9
41
9
12
7
89
8
99
7
9
9
12
8
80
8
88
7
19
9
91
9
34
9
71
7
99
7
88
9
30
8
70
9
91
9
9
7
89
10
22
7
19
1
71
9
99
7
7
9
92
7
49
1
49
9
40
2
19
7
98
9
33
8
98
7
39
9
33
9
81
7
97
9
11
9
89
9
12
11
53
8
70
8
8
8
50
7
47
8
10
7
79
9
89
8
50
9
20
7
78
9
42
7
29
1
69
0
99
8
20
8
60
8
90
8
99
1
99
7
1
7
19
9
91
10
52
9
91
9
51
7
87
7
19
9
18
9
61
9
31
9
10
9
73
10
22
8
80
9
81
8
20
9
99
8
15
8
68
9
42
7
89
9
71
9
69
9
80
3
71
8
48
7
39
8
78
9
67
7
99
9
61
8
70
9
70
7
47
10
82
0
40
9
39
8
18
9
63
9
19
10
22
8
10
9
91
11
83
9
99
9
41
9
31
8
69
9
87
10
22
9
99
9
51
9
31
9
42
9
99
9
68
9
31
8
7
7
69
2
99
7
99
9
51
9
81
9
73
3
7
8
80
11
51
7
69
9
61
8
79
8
70
9
79
9
33
9
76
4
49
9
72
10
82
1
19
8
78
4
89
7
39
8
89
9
42
8
50
8
80
9
99
9
31
9
88
7
29
9
11
9
91
9
30
7
79
8
29
8
60
10
52
8
50
9
11
9
63
8
40
9
91
9
72
7
97
9
51
9
38
9
70
7
39
9
99
9
81
9
8
7
19
9
11
9
37
7
69
8
80
8
29
8
6
4
79
8
70
9
73
8
99
9
42
7
77
9
59
9
61
9
62
9
81
7
18
4
99
8
10
8
85
7
79
0
40
9
17
8
50
9
20
3
9
8
21
9
36
9
21
9
58
7
17
9
68
9
58
1
79
9
72
7
99
8
40
11
23
9
32
1
9
8
84
0
80
7
69
10
52
9
99
8
50
9
92
2
39
8
6
8
19
9
99
1
49
8
30
8
90
7
89
1
48
9
88
9
8
9
98
9
28
7
69
4
79
8
10
9
11
9
51
3
99
7
69
1
33
8
40
9
9
10
82
7
79
9
28
9
72
8
99
9
12
9
73
9
71
9
10
9
61
8
58
9
79
9
48
9
12
5
99
8
78
9
63
8
87
2
77
9
69
7
7
7
19
7
59
9
93
8
20
9
31
9
42
8
15
8
30
9
99
9
99
1
38
0
29
8
48
7
58
9
61
7
9
3
29
8
70
9
39
9
59
9
72
7
28
9
72
9
11
9
99
7
8
9
92
3
47
9
27
1
97
2
79
9
90
7
89
9
73
9
41
9
21
1
17
8
77
9
31
8
18
3
67
4
79
7
18
10
52
9
51
8
20
2
9
7
89
9
81
8
80
9
62
8
48
7
89
8
70
8
90
8
30
10
82
9
39
9
99
9
97
8
90
9
41
9
7
7
39
3
38
9
27
9
28
4
79
9
21
1
67
9
69
7
8
9
70
11
23
9
30
11
23
9
92
9
56
0
40
8
60
9
21
7
9
10
22
9
99
9
42
9
61
7
91
9
62
7
29
9
62
9
31
9
50
0
0
8
99
11
53
9
78
8
29
7
7
7
89
1
19
9
37
10
52
7
59
1
41
9
21
7
89
9
71
7
29
9
91
3
29
8
90
9
12
7
38
9
99
9
99
9
10
7
59
9
21
9
69
8
50
8
97
8
99
8
82
7
19
9
70
9
71
9
73
8
68
9
41
9
32
9
32
9
7
8
75
3
56
9
29
10
82
7
19
9
8
9
99
0
0
9
89
4
62
9
10
1
89
10
82
7
79
2
2
8
35
8
67
9
60
9
93
10
22
9
49
7
99
8
80
9
21
7
59
8
60
9
89
8
90
9
29
10
82
7
19
9
93
9
69
1
48
9
80
9
71
8
70
7
49
8
30
8
37
9
41
9
37
3
9
9
99
0
87
11
83
7
99
9
24
2
29
1
24
9
29
9
21
9
47
9
88
7
59
10
82
9
12
7
89
8
40
9
41
9
48
7
15
8
20
9
88
9
92
9
60
9
81
9
41
9
90
10
22
9
21
8
79
9
32
9
61
9
73
9
41
4
69
9
99
7
49
8
80
7
59
9
99
9
90
4
79
8
55
8
50
7
63
9
89
7
99
8
59
9
48
8
90
10
52
8
70
9
91
7
8
2
42
8
19
8
49
1
38
9
19
9
68
10
52
8
40
7
18
8
90
2
23
1
99
7
7
9
57
7
9
9
92
9
51
9
73
9
37
8
30
9
61
8
50
1
10
9
63
1
19
8
60
9
89
8
60
7
39
10
22
9
17
2
59
9
92
9
28
7
57
9
12
4
9
9
32
8
60
