6
53
3
4
5
59
3
25
6
79
4
93
6
28
2
43
4
86
2
89
3
26
6
19
5
39
2
69
4
89
6
79
5
65
3
15
2
99
2
25
3
39
2
49
5
6
2
12
3
19
4
37
3
39
4
69
6
67
2
49
2
88
5
2
6
37
5
14
3
35
4
24
6
47
4
57
5
86
5
99
3
69
6
48
3
39
3
5
2
69
5
97
6
26
4
39
2
2
3
9
3
43
3
56
4
92
6
76
4
38
5
98
2
59
4
94
6
25
4
77
4
62
2
38
3
32
3
92
2
35
5
45
3
22
0
90
3
24
4
78
6
88
6
29
5
36
6
19
5
99
3
74
4
9
5
48
5
79
3
79
2
18
2
88
5
13
4
5
3
19
2
89
6
25
2
9
0
60
2
85
5
19
4
95
5
88
5
39
2
89
6
89
6
89
2
19
5
82
6
99
5
39
3
39
2
13
3
23
2
69
4
79
2
19
6
48
6
27
2
27
4
97
3
16
6
64
4
55
4
59
5
19
4
45
3
52
4
24
5
32
5
19
4
99
2
27
5
99
6
69
5
65
3
69
5
75
6
89
4
34
3
74
3
16
6
67
2
38
4
98
4
56
2
14
2
27
2
19
2
6
4
98
2
86
5
37
5
9
5
27
6
84
5
9
6
55
6
44
2
66
4
19
2
49
4
9
3
16
5
64
4
57
4
99
2
96
3
9
2
89
4
49
4
8
4
46
2
83
2
44
5
26
5
83
4
18
5
27
2
36
3
96
4
88
4
79
5
72
2
89
2
14
3
83
5
37
5
65
2
45
4
57
3
89
4
77
5
33
5
83
4
49
4
78
4
82
5
19
5
69
5
39
4
42
0
70
5
23
2
73
5
17
2
98
2
72
2
59
4
94
2
2
3
96
6
87
3
8
5
5
2
88
6
28
2
29
6
39
5
15
4
95
5
38
2
28
6
38
3
47
3
44
3
58
3
9
6
97
3
53
4
39
6
16
4
89
6
39
5
43
4
29
3
66
6
45
5
23
0
10
2
68
2
22
5
26
5
57
2
55
6
17
5
28
6
14
4
72
2
44
5
87
2
17
3
88
5
59
4
25
2
22
3
88
3
95
3
29
3
97
6
19
6
99
3
54
5
92
4
34
2
18
6
87
5
38
4
13
3
92
0
50
6
3
2
51
4
62
2
13
5
66
6
69
3
93
6
39
5
54
1
12
3
19
1
93
3
73
6
16
3
49
1
83
4
74
3
7
5
59
2
79
2
42
6
99
3
82
0
80
2
15
4
15
2
52
5
8
2
52
5
58
4
19
5
3
5
98
2
19
5
69
1
3
5
19
3
85
1
17
2
45
4
44
4
66
5
83
5
86
2
89
6
93
5
15
2
75
6
36
6
54
6
59
3
17
2
27
5
73
4
39
4
33
3
4
6
75
2
77
3
18
1
83
3
39
1
13
4
79
6
24
2
13
6
6
2
45
2
32
6
39
1
84
2
54
4
72
5
72
6
15
3
43
5
98
2
73
3
6
0
40
2
33
5
7
6
8
2
36
2
54
0
80
2
5
3
52
5
36
2
53
6
78
4
19
5
19
6
77
0
70
6
79
2
46
3
37
3
73
6
43
3
68
3
28
0
73
3
26
3
16
5
67
5
13
6
34
5
86
3
24
6
89
0
90
3
27
5
7
5
31
3
51
4
38
6
42
2
56
3
57
3
12
4
12
5
36
4
79
2
99
4
69
4
39
3
29
5
59
2
5
5
22
4
64
2
7
6
79
4
38
2
29
3
75
4
65
6
55
2
85
2
35
4
58
6
63
2
46
5
26
5
87
4
89
3
69
6
88
5
25
2
49
4
79
3
86
6
15
6
49
5
19
2
46
6
75
2
27
3
83
4
23
6
89
3
57
4
97
2
46
4
19
4
9
6
18
3
68
4
33
6
38
2
26
2
97
2
23
6
85
3
49
2
2
6
7
3
82
3
26
3
93
5
99
6
98
5
27
4
98
4
29
4
94
4
43
2
6
3
68
4
79
3
49
5
31
6
59
4
5
6
79
2
86
5
95
4
18
5
78
2
26
6
87
4
32
4
10
2
57
2
99
2
19
2
9
5
28
2
37
4
37
5
9
2
86
3
94
2
9
5
7
3
79
3
83
2
16
5
86
6
32
4
69
2
97
2
83
4
25
3
69
5
86
6
4
2
89
5
19
2
14
2
71
5
96
2
2
5
88
2
49
1
46
6
35
2
14
2
93
6
29
3
93
2
39
6
29
4
76
2
92
4
9
4
84
5
7
6
48
3
67
3
3
3
48
2
42
3
9
2
79
6
84
3
47
4
15
2
73
5
39
2
28
1
68
0
99
3
19
3
56
3
89
3
96
1
95
2
4
2
19
4
87
5
49
6
86
4
46
2
82
2
19
5
18
4
57
5
26
5
5
6
68
5
19
3
79
4
77
3
18
4
95
3
15
3
63
6
37
2
84
4
66
5
69
5
75
2
71
3
43
2
36
3
73
4
67
2
96
4
59
3
66
6
65
2
42
5
78
0
40
5
34
3
13
6
59
4
14
5
18
3
9
4
88
6
79
5
94
4
37
5
26
3
64
5
82
5
17
6
95
4
46
4
26
5
39
5
98
6
63
4
29
3
2
2
69
2
98
2
95
4
46
4
79
6
68
3
2
3
76
6
51
2
69
5
56
3
74
3
65
6
74
6
29
5
76
4
44
6
67
5
79
1
17
3
73
4
89
2
39
3
84
5
39
3
49
3
75
5
99
4
26
5
83
2
28
5
11
6
86
4
25
2
79
3
24
3
57
5
49
3
45
4
7
6
58
3
35
6
86
6
67
2
92
4
49
6
33
4
65
2
35
6
95
5
76
6
3
2
19
4
9
5
32
2
64
3
78
3
24
3
6
4
78
3
67
6
69
3
99
5
37
2
72
6
54
4
59
5
59
4
79
2
13
4
98
3
9
4
85
2
74
0
40
4
17
3
49
6
15
3
9
3
21
5
36
5
16
5
61
2
12
5
63
4
58
1
74
5
69
2
96
3
38
6
19
5
29
1
8
3
84
0
80
2
69
5
49
5
96
3
47
5
87
2
35
3
6
3
14
4
99
2
49
3
29
3
88
2
85
2
48
6
83
6
3
4
93
5
31
2
69
4
75
3
6
4
6
4
49
3
97
2
69
2
33
3
39
5
4
5
79
2
77
6
23
5
69
3
94
5
9
6
69
5
66
4
5
4
58
3
53
4
79
5
43
5
9
1
95
3
73
4
64
3
87
2
77
5
64
2
2
2
16
2
54
6
89
3
19
4
29
5
42
5
15
3
28
4
99
4
99
1
38
0
29
3
43
2
53
6
56
2
4
3
26
3
69
6
34
4
54
6
72
2
28
5
67
4
9
4
99
2
3
5
89
3
42
6
27
1
92
2
76
4
85
2
86
6
69
4
36
4
19
1
12
3
72
4
29
3
13
3
62
4
76
2
13
5
49
4
49
3
15
2
8
2
89
5
76
3
76
5
59
3
43
2
88
3
69
3
89
3
26
5
77
5
39
6
99
5
97
3
85
4
39
4
2
2
36
3
38
5
22
5
23
4
79
6
16
1
62
6
64
2
3
5
65
6
19
6
25
6
19
5
89
4
56
0
40
3
59
4
18
2
9
6
17
6
99
5
39
6
56
2
96
5
58
2
25
5
59
4
29
5
45
0
0
3
97
6
49
5
73
3
24
2
2
2
89
1
19
5
32
5
47
2
59
2
41
4
17
2
88
4
69
2
29
4
87
3
29
3
89
5
9
2
33
5
98
6
98
6
5
2
56
4
21
4
64
3
48
3
92
3
99
3
82
2
16
6
65
4
68
6
69
3
68
4
36
6
27
5
29
5
2
4
75
3
56
5
24
5
78
2
16
4
3
4
97
0
0
5
84
4
62
5
5
1
84
5
79
2
79
2
2
6
35
3
62
4
55
6
88
6
17
4
44
2
98
3
75
4
19
2
55
3
56
5
84
3
89
6
24
5
79
2
19
6
88
6
64
1
48
6
75
4
69
3
68
2
45
3
27
3
32
4
37
5
32
3
7
4
96
0
88
6
78
2
96
4
24
2
29
1
24
5
24
4
17
4
42
6
93
2
58
5
78
5
9
2
87
3
36
4
39
5
43
2
15
3
21
6
83
5
92
5
55
4
79
4
36
5
85
5
19
5
16
3
74
5
29
4
59
6
68
5
36
4
64
5
94
2
44
3
75
2
58
4
96
5
85
4
79
4
55
3
49
2
68
5
84
2
98
3
54
5
43
3
86
5
49
3
67
4
86
2
3
2
42
3
19
3
44
1
38
6
14
6
68
5
48
3
39
2
13
3
87
2
23
1
95
2
2
4
52
2
8
5
87
4
49
6
68
4
32
3
25
6
56
3
46
1
10
6
58
1
16
3
57
5
84
3
59
2
37
5
18
5
12
2
59
5
89
5
23
2
52
5
7
4
9
5
28
3
59
