8
55
5
6
7
59
5
27
8
80
6
95
8
30
4
45
6
88
4
89
5
28
8
20
7
39
4
69
6
89
8
80
7
67
5
17
4
99
4
27
5
39
4
49
7
8
4
14
5
19
6
39
5
39
6
69
8
65
4
49
4
89
7
4
8
39
7
16
5
37
6
26
8
49
6
59
7
88
7
99
5
69
8
50
5
39
5
7
4
69
7
99
8
28
6
39
4
4
5
9
5
45
5
58
6
94
8
78
6
39
7
99
4
59
6
96
8
27
6
79
6
64
4
39
5
34
5
94
4
37
7
47
5
24
0
90
5
26
6
79
8
90
8
30
7
38
8
20
7
99
5
72
6
9
7
49
7
79
5
79
4
19
4
89
7
15
6
7
5
19
4
89
8
27
4
9
0
60
4
87
7
19
6
97
7
89
7
39
4
89
8
90
8
90
4
19
7
84
8
99
7
39
5
39
4
15
5
25
4
69
6
79
4
19
8
48
8
29
4
29
6
99
5
18
8
66
6
57
6
59
7
19
6
47
5
54
6
26
7
34
7
19
6
99
4
29
7
99
8
70
7
67
5
69
7
77
8
90
6
36
5
76
5
18
8
69
4
38
6
99
6
58
4
16
4
29
4
19
4
8
6
99
4
88
7
39
7
9
7
29
8
86
7
9
8
57
8
42
4
68
6
19
4
49
6
9
5
18
7
66
6
59
6
99
4
98
5
9
4
89
6
49
6
9
6
48
4
85
4
46
7
28
7
85
6
19
7
29
4
38
5
98
6
89
6
79
7
74
4
89
4
16
5
85
7
39
7
67
4
47
6
59
5
89
6
79
7
35
7
85
6
49
6
79
6
84
7
19
7
69
7
39
6
44
0
70
7
25
4
75
7
19
4
99
4
74
4
59
6
96
4
4
5
98
8
89
5
9
7
7
4
88
8
30
4
29
8
40
7
17
6
97
7
39
4
28
8
40
5
49
5
46
5
59
5
9
8
99
5
55
6
39
8
18
6
89
8
40
7
45
6
29
5
68
8
47
7
25
0
10
4
66
4
24
7
28
7
59
4
57
8
19
7
29
8
16
6
74
4
46
7
85
4
19
5
89
7
59
6
27
4
24
5
89
5
97
5
29
5
99
8
20
8
99
5
56
7
94
6
36
4
19
8
89
7
39
6
15
5
94
0
50
8
5
4
51
6
64
4
15
7
68
8
70
5
95
8
40
7
56
1
12
5
19
1
95
5
75
8
18
5
49
1
83
6
72
5
9
7
59
4
79
4
44
8
99
5
84
0
80
4
17
6
17
4
54
7
9
4
54
7
58
6
19
7
5
7
99
4
19
7
69
2
5
7
19
5
87
1
19
4
47
6
46
6
68
7
85
7
88
4
89
8
93
7
17
4
77
8
38
8
54
8
60
3
19
4
29
7
75
4
39
6
35
5
6
8
77
4
79
5
19
1
85
5
39
1
15
6
79
8
26
2
11
8
8
4
47
2
32
8
40
1
84
4
56
6
74
7
74
8
17
5
43
7
99
4
75
5
8
0
40
4
35
7
9
8
10
4
38
4
56
0
80
4
7
5
54
7
38
4
55
8
80
6
19
7
19
8
79
0
70
8
80
4
48
5
39
5
75
8
45
5
69
3
29
0
73
3
24
3
18
7
69
7
15
8
34
7
88
5
26
8
90
0
90
5
29
7
9
7
31
5
51
6
39
8
42
4
58
5
59
5
14
6
14
7
38
6
79
4
99
6
69
6
39
5
29
7
59
4
7
7
24
6
66
4
7
8
80
6
39
2
29
5
77
6
67
8
57
2
83
4
37
6
59
8
65
4
48
7
28
7
87
6
89
5
69
8
90
7
27
4
49
6
79
5
88
8
17
8
50
7
19
4
48
8
77
4
29
5
85
6
25
8
90
5
59
6
99
4
48
6
19
6
9
8
20
5
68
6
35
8
40
4
28
4
99
2
25
8
87
3
49
4
4
8
9
5
84
3
26
5
95
7
99
8
99
7
29
6
99
6
29
6
96
6
45
4
8
5
69
6
79
5
49
7
31
8
60
6
7
8
80
4
88
7
97
4
16
7
79
4
28
8
89
6
34
4
10
4
57
4
99
4
19
4
9
7
28
4
39
6
39
7
9
4
88
5
96
4
9
7
9
5
79
5
85
4
18
7
88
8
34
6
69
4
99
4
85
6
27
5
69
7
88
8
6
4
89
7
19
4
16
1
71
7
98
4
4
7
89
4
49
1
48
8
37
2
16
4
95
8
30
5
95
4
39
8
30
6
78
4
94
6
9
6
86
7
9
8
50
5
69
5
5
5
49
4
44
5
9
4
79
8
86
5
49
6
17
4
75
7
39
4
29
1
69
0
99
5
19
5
58
5
89
5
98
1
97
4
2
4
19
6
89
7
49
8
88
6
48
4
84
4
19
7
18
6
59
7
28
7
7
8
70
7
19
5
79
6
79
5
19
6
97
5
15
5
65
8
39
4
86
6
68
7
69
7
77
2
71
5
45
4
38
5
75
6
67
4
98
6
59
5
68
8
67
4
44
7
79
0
40
7
36
5
15
8
60
6
16
7
19
5
9
6
89
8
80
7
96
6
39
7
28
5
66
7
84
7
19
8
97
6
48
6
28
7
39
7
99
8
65
6
29
5
4
4
69
2
99
4
97
6
48
6
79
8
70
3
4
5
78
8
51
4
69
7
58
5
76
5
67
8
76
8
30
7
76
4
46
8
69
7
79
1
19
5
75
4
89
4
39
5
86
7
39
5
49
5
77
7
99
6
28
7
85
4
29
7
11
8
88
6
27
4
79
5
26
5
59
7
49
5
47
6
9
8
60
5
37
8
88
8
69
4
94
6
49
8
35
6
67
4
37
8
97
7
78
8
5
4
19
6
9
7
34
4
66
5
79
5
26
5
6
4
79
5
69
8
70
5
99
7
39
4
74
8
56
6
59
7
59
6
79
4
15
4
99
5
9
6
85
4
76
0
40
6
17
5
49
8
17
3
9
5
21
7
36
7
18
7
61
4
14
7
65
6
58
1
76
7
69
4
98
5
39
8
20
7
29
1
9
5
84
0
80
4
69
7
49
7
98
5
49
7
89
2
37
5
6
5
16
6
99
1
49
5
29
5
89
4
87
1
48
8
85
8
5
6
95
7
31
4
69
4
77
5
8
6
8
6
49
3
99
4
69
1
33
5
39
7
6
7
79
4
79
8
25
7
69
5
96
7
9
8
70
7
68
6
7
6
59
5
55
6
79
7
45
7
9
2
97
5
75
6
64
5
87
2
77
7
66
4
4
4
18
4
56
8
90
5
19
6
29
7
42
7
15
5
29
6
99
6
99
1
38
0
29
5
45
4
55
8
58
4
6
3
28
5
69
8
36
6
56
8
72
4
28
7
69
6
9
6
99
4
5
7
89
3
44
8
27
1
94
2
78
6
87
4
88
8
70
6
38
6
19
1
14
5
74
6
29
5
15
3
64
4
78
4
15
7
49
6
49
5
17
2
9
4
89
7
78
5
78
7
59
5
45
4
89
5
69
5
89
5
28
7
79
7
39
8
99
7
97
5
87
6
39
6
4
4
38
3
38
7
24
7
25
4
79
8
18
1
64
8
66
4
5
7
67
8
20
8
27
8
20
7
89
6
56
0
40
5
59
6
19
4
9
8
19
8
99
7
39
8
58
4
94
7
59
4
27
7
59
6
29
7
47
0
0
5
99
8
50
7
75
5
26
4
4
4
89
1
19
7
34
7
49
4
59
1
41
6
19
4
89
6
69
4
29
6
89
3
29
5
89
7
9
4
35
7
99
8
99
8
7
4
58
6
21
6
66
5
49
5
94
5
99
5
82
4
18
8
67
6
69
8
70
5
68
6
38
8
29
7
29
7
4
6
75
3
56
7
26
7
79
4
18
6
5
6
99
0
0
7
86
4
62
7
7
1
86
7
79
4
79
2
2
8
35
5
64
6
57
8
90
8
19
6
46
4
99
5
77
6
19
4
57
5
58
7
86
5
89
8
26
7
79
4
19
8
90
8
66
1
48
8
77
6
69
5
69
4
47
5
29
5
34
6
39
7
34
3
9
6
98
0
87
8
80
4
98
6
24
2
29
1
24
7
26
6
19
6
44
8
91
4
59
7
79
7
9
4
89
5
38
6
39
7
45
4
15
5
21
8
85
7
92
7
57
6
79
6
38
7
87
7
19
7
18
5
76
7
29
6
59
8
70
7
38
4
66
7
96
4
46
5
77
4
59
6
98
7
87
4
79
6
55
5
49
4
66
7
86
4
99
5
56
7
45
5
88
7
49
5
69
6
88
4
5
2
42
5
19
5
46
1
38
8
16
8
68
7
49
5
39
4
15
5
89
2
23
1
97
4
4
6
54
4
9
7
89
6
49
8
70
6
34
5
27
8
58
5
48
1
10
8
60
1
18
5
59
7
86
5
59
4
39
7
19
7
14
2
59
7
89
7
25
4
54
7
9
4
9
7
29
5
59
