9
57
7
8
9
61
7
29
10
82
8
97
9
32
6
47
8
90
6
89
7
29
10
22
9
41
6
69
8
90
10
82
9
69
7
19
6
99
6
29
7
39
6
49
9
10
6
16
7
19
8
40
7
39
8
70
8
65
6
49
6
89
8
6
9
41
9
18
7
39
8
28
9
51
8
60
9
90
9
99
7
69
10
52
7
39
7
9
6
69
9
99
9
30
8
40
6
6
7
9
7
47
7
59
8
96
9
80
8
40
9
99
6
59
8
98
9
29
8
80
8
66
6
39
7
36
7
96
6
39
9
49
7
26
0
90
7
28
8
80
9
92
9
32
9
40
10
22
9
99
7
71
8
10
9
51
9
81
7
79
6
19
6
89
9
17
8
9
7
19
6
89
9
29
6
9
0
60
6
89
9
21
8
99
9
91
9
41
6
89
9
92
9
92
6
19
8
86
9
99
9
41
7
39
6
17
7
27
6
69
8
80
6
19
9
48
9
31
6
29
8
99
7
19
9
68
8
59
8
60
9
21
8
49
7
56
8
28
8
36
9
21
8
99
6
29
9
99
9
72
9
69
7
69
9
79
9
92
8
38
7
78
7
19
9
71
6
38
8
99
8
60
6
18
6
29
6
19
6
9
8
99
6
89
9
41
9
11
9
31
9
88
9
11
9
59
9
40
6
69
8
20
6
49
8
10
7
19
9
68
8
60
8
99
6
99
7
9
6
89
8
50
8
10
8
50
6
87
6
48
9
30
9
87
8
20
9
31
6
39
7
99
8
90
8
80
8
76
6
89
6
18
7
87
9
41
9
69
6
49
8
60
7
89
8
80
9
37
9
87
8
50
8
80
8
86
9
21
9
71
9
41
8
46
0
70
9
27
6
77
9
21
6
99
6
76
6
59
8
98
6
6
7
99
9
91
7
9
9
9
6
88
9
32
6
29
9
42
9
19
8
99
9
41
6
28
9
42
7
49
7
48
7
59
7
9
9
99
7
57
8
40
9
20
8
90
9
42
9
47
8
30
7
69
9
49
9
27
0
10
6
64
6
26
9
30
9
61
6
59
9
21
9
31
9
18
8
76
6
48
9
83
6
19
7
89
9
61
8
29
6
26
7
89
7
99
7
29
7
99
10
22
9
99
7
58
8
96
8
38
6
19
9
91
9
41
8
17
7
96
0
50
9
7
6
51
8
66
6
17
9
70
9
72
7
97
9
42
9
58
1
12
7
19
1
97
7
77
9
20
7
49
1
83
8
70
7
9
9
61
6
79
6
46
9
99
7
86
0
80
6
19
8
19
6
56
9
11
6
56
9
58
8
20
9
7
9
99
6
19
9
71
3
7
9
21
7
89
1
19
6
49
8
48
8
70
9
87
9
90
6
89
9
93
9
19
6
79
9
40
9
54
9
62
3
19
6
29
9
77
4
39
8
37
7
8
9
79
6
79
7
19
1
87
7
39
1
17
8
80
9
28
2
11
9
10
6
49
2
32
9
42
1
84
6
58
8
76
8
76
9
19
7
43
9
99
6
77
7
9
0
40
6
37
9
11
9
12
6
39
6
58
0
80
6
9
7
56
9
40
6
57
10
82
8
20
9
21
9
81
0
70
10
82
6
49
7
39
7
77
9
47
7
69
3
29
0
73
3
22
3
19
9
71
9
17
9
33
9
90
7
28
9
92
0
90
7
29
9
11
9
31
7
51
8
40
9
42
6
59
7
59
7
16
8
16
9
40
8
80
6
99
8
70
8
40
7
29
9
61
6
9
8
26
8
68
6
7
10
82
8
40
2
29
7
79
8
69
9
59
2
81
6
39
8
60
9
67
6
49
9
30
9
87
8
90
7
69
9
92
9
29
6
49
8
80
7
89
9
19
10
52
9
21
6
49
9
79
6
29
7
87
8
27
9
92
7
59
8
99
6
49
8
20
8
10
10
22
7
68
8
37
9
42
6
29
6
99
2
27
9
89
3
49
6
6
9
11
7
86
3
26
7
97
9
99
9
99
9
31
8
99
8
30
8
98
8
47
6
9
7
69
8
80
7
49
9
29
9
62
8
9
10
82
6
89
9
99
4
14
9
81
6
29
9
91
8
36
4
10
6
57
6
99
6
19
6
9
9
28
6
39
8
40
9
11
6
89
7
98
6
9
9
11
7
79
7
87
6
19
9
90
9
34
8
70
6
99
6
87
8
29
7
69
9
90
9
8
6
89
9
21
6
18
1
71
9
99
6
6
9
91
6
49
1
49
9
39
2
18
6
97
9
32
7
97
6
39
9
32
8
80
6
96
8
10
8
88
9
11
10
52
7
69
7
7
7
49
6
46
7
9
6
79
9
88
7
49
8
19
6
77
9
41
6
29
1
69
0
99
7
19
7
59
7
89
7
99
1
99
6
1
6
19
8
90
9
51
9
90
8
50
6
86
6
19
9
18
8
60
9
30
9
9
9
72
9
21
7
79
8
80
7
19
8
99
7
15
7
67
9
41
6
88
8
70
9
69
9
79
3
71
7
47
6
39
7
77
8
67
6
99
8
60
7
69
9
69
6
46
9
81
0
40
9
38
7
17
9
62
8
18
9
21
7
9
8
90
10
82
9
98
8
40
9
30
7
68
8
86
9
21
9
99
8
50
8
30
9
41
9
99
9
67
8
30
7
6
6
69
2
99
6
99
8
50
8
80
9
72
3
6
7
79
10
51
6
69
9
60
7
78
7
69
9
78
9
32
9
76
4
48
9
71
9
81
1
19
7
77
4
89
6
39
7
88
9
41
7
49
7
79
9
99
8
30
9
87
6
29
9
11
9
90
8
29
6
79
7
28
7
59
9
51
7
49
8
10
9
62
7
39
9
90
9
71
6
96
8
50
9
37
8
69
6
39
9
99
9
80
9
7
6
19
8
10
8
36
6
68
7
79
7
28
7
6
4
79
7
69
9
72
7
99
9
41
6
76
9
58
8
60
9
61
8
80
6
17
4
99
7
9
8
85
6
78
0
40
8
17
7
49
9
19
3
9
7
21
9
36
9
20
9
59
6
16
9
67
8
58
1
78
9
71
6
99
7
39
10
22
9
31
1
9
7
84
0
80
6
69
9
51
9
99
7
49
9
91
2
39
7
6
7
18
8
99
1
49
7
29
7
89
6
89
1
48
9
87
9
7
8
97
9
29
6
69
4
79
7
9
8
10
8
50
3
99
6
69
1
33
7
39
9
8
9
81
6
79
9
27
9
71
7
98
9
11
9
72
9
70
8
9
8
60
7
57
8
79
9
47
9
11
4
99
7
77
8
64
7
87
2
77
9
68
6
6
6
19
6
58
9
92
7
19
8
30
9
42
8
15
7
29
8
99
8
99
1
38
0
29
7
47
6
57
9
60
6
8
3
29
7
69
9
38
8
58
9
72
6
28
9
71
8
10
8
99
6
7
9
91
3
46
9
27
1
96
2
79
8
89
6
89
9
72
8
40
8
20
1
16
7
76
8
30
7
17
3
66
4
79
6
17
9
51
8
50
7
19
2
9
6
89
9
80
7
79
9
61
7
47
6
89
7
69
7
89
7
29
9
81
9
39
9
99
9
97
7
89
8
40
8
6
6
39
3
38
8
26
9
27
4
79
9
20
1
66
9
68
6
7
9
69
10
22
9
29
10
22
9
91
8
56
0
40
7
59
8
20
6
9
9
21
9
99
9
41
9
60
6
92
9
61
6
29
9
61
8
30
9
49
0
0
7
99
10
52
9
77
7
28
6
6
6
89
1
19
8
36
9
51
6
59
1
41
8
20
6
89
8
70
6
29
8
90
3
29
7
89
9
11
6
37
9
99
9
99
9
9
6
59
8
21
8
68
7
49
7
96
7
99
7
82
6
19
9
69
8
70
9
72
7
68
8
40
9
31
9
31
8
6
8
75
3
56
9
28
9
81
6
19
8
7
8
99
0
0
9
88
4
62
9
9
1
88
9
81
6
79
2
2
8
35
7
66
8
59
9
92
9
21
8
48
6
99
7
79
8
20
6
59
7
59
9
88
7
89
9
28
9
81
6
19
9
92
9
68
1
48
9
79
8
70
7
69
6
49
7
29
7
36
8
40
8
36
3
9
8
99
0
87
10
82
6
99
8
24
2
29
1
24
9
28
8
20
8
46
9
89
6
59
9
81
9
11
6
89
7
39
8
40
9
47
6
15
7
21
9
87
9
92
9
59
8
80
8
40
9
89
9
21
9
20
7
78
9
31
8
60
9
72
9
40
4
68
9
98
6
48
7
79
6
59
8
99
9
89
4
79
8
55
7
49
6
64
9
88
6
99
7
58
9
47
7
89
9
51
7
69
8
90
6
7
2
42
7
19
7
48
1
38
9
18
9
68
9
51
7
39
6
17
7
89
2
23
1
99
6
6
8
56
6
9
9
91
8
50
9
72
8
36
7
29
9
60
7
49
1
10
9
62
1
19
7
59
9
88
7
59
6
39
9
21
8
16
2
59
9
91
9
27
6
56
9
11
4
9
9
31
7
59
