9
64
9
14
9
64
9
34
18
90
9
99
9
34
13
55
9
94
9
94
9
34
18
30
9
44
9
74
9
94
18
90
9
74
15
27
9
99
9
34
9
44
14
56
9
14
12
24
15
27
9
44
9
44
9
74
8
65
14
56
9
94
9
14
9
44
14
26
9
44
9
34
17
59
9
64
9
94
9
99
9
74
18
60
9
44
9
14
9
74
9
99
9
34
9
44
9
14
9
14
13
55
9
64
9
99
16
88
9
44
9
99
9
64
9
99
9
34
16
88
9
74
9
44
9
44
9
99
9
44
15
57
9
34
0
90
9
34
16
88
9
94
9
34
9
44
18
30
9
99
9
66
9
14
17
59
17
89
15
87
14
26
9
94
13
25
9
14
15
27
9
94
9
34
9
14
0
60
9
94
17
29
9
99
9
94
9
44
9
94
9
94
9
94
14
26
9
94
9
99
9
44
9
44
13
25
9
34
9
74
16
88
14
26
9
48
9
34
9
34
9
99
15
27
9
74
9
64
9
64
17
29
15
57
9
64
9
34
9
44
17
29
9
99
9
34
9
99
9
74
9
74
9
74
15
87
9
94
9
44
14
86
15
27
9
74
9
38
9
99
9
64
14
26
9
34
14
26
9
14
9
99
9
94
9
44
9
14
9
34
9
94
9
14
9
64
9
36
9
74
16
28
14
56
9
14
15
27
9
74
9
64
9
99
9
99
9
14
9
94
16
58
9
14
16
58
9
94
14
56
9
34
9
94
16
28
9
34
9
44
9
99
9
94
16
88
12
84
9
94
14
26
9
94
9
44
9
74
14
56
9
64
9
94
16
88
9
44
9
94
16
58
16
88
9
94
17
29
9
74
9
44
12
54
0
70
9
34
13
85
17
29
9
99
12
84
9
64
9
99
9
14
9
99
9
94
9
14
9
14
9
88
9
34
9
34
9
44
15
27
9
99
9
44
9
28
9
44
15
57
14
56
9
64
9
14
9
99
9
64
9
44
16
28
9
94
9
44
13
55
9
34
9
74
15
57
9
34
0
10
9
56
9
34
9
34
9
64
9
64
17
29
9
34
14
26
12
84
14
56
17
81
14
26
9
94
9
64
9
34
9
34
9
94
9
99
9
34
9
99
18
30
9
99
9
64
9
99
9
44
14
26
9
94
9
44
13
25
9
99
0
50
9
14
14
51
9
74
13
25
9
74
9
74
9
99
9
44
9
64
1
12
15
27
1
99
13
85
16
28
15
57
1
83
9
66
9
14
9
64
14
86
12
54
9
99
9
94
0
80
14
26
15
27
9
64
9
14
9
64
9
58
16
28
9
14
9
99
14
26
9
74
9
13
17
29
9
94
1
19
14
56
14
56
9
74
9
94
9
94
9
94
9
93
15
27
14
86
9
44
9
54
9
64
3
19
9
34
13
85
4
39
9
44
9
14
15
87
14
86
15
27
1
89
9
44
1
19
16
88
9
34
2
11
9
14
14
56
2
32
9
44
1
84
9
64
12
84
12
84
15
27
9
43
9
99
13
85
9
14
0
40
9
44
9
14
9
14
9
44
9
64
0
80
9
14
9
64
9
44
9
64
18
90
16
28
17
29
17
89
0
70
18
90
14
56
9
44
13
85
13
55
9
74
3
29
0
73
3
21
3
19
9
74
13
25
9
33
9
94
9
34
9
94
0
90
9
34
9
14
9
31
15
51
9
44
9
42
9
64
9
64
12
24
12
24
9
44
16
88
9
99
9
74
9
44
9
34
9
64
9
14
9
34
9
74
9
7
18
90
9
44
2
29
15
87
9
74
9
64
2
81
9
44
9
64
9
74
14
56
9
34
9
87
9
94
9
74
9
94
9
34
14
56
16
88
9
94
15
27
18
60
17
29
14
56
15
87
9
34
9
94
9
34
9
94
9
64
9
99
14
56
16
28
9
14
18
30
9
68
9
44
9
44
9
34
9
99
2
29
9
94
3
49
9
14
9
14
9
94
3
26
9
99
9
99
9
99
9
34
9
99
9
34
9
99
13
55
9
14
9
74
16
88
15
57
9
26
9
64
9
14
18
90
9
94
9
99
4
11
17
89
9
34
9
94
9
44
4
10
9
57
9
99
14
26
9
14
9
28
9
44
9
44
9
14
9
94
9
99
9
14
9
14
15
87
9
94
14
26
9
94
9
34
9
74
9
99
9
94
9
34
9
74
9
94
9
14
9
94
17
29
14
26
1
71
9
99
9
14
9
94
14
56
1
49
9
44
2
19
9
99
9
34
9
99
9
44
9
34
16
88
9
99
9
14
9
94
9
14
18
60
9
74
9
14
15
57
12
54
9
14
14
86
9
94
15
57
15
27
13
85
9
44
9
34
1
69
0
99
15
27
9
64
9
94
9
99
1
99
9
0
14
26
9
94
17
59
9
94
16
58
9
94
14
26
9
18
9
64
9
34
9
14
9
74
17
29
15
87
16
88
15
27
9
99
8
15
9
74
9
44
9
94
9
74
9
69
15
87
6
71
13
55
9
44
13
85
9
67
9
99
9
64
9
74
9
74
12
54
17
89
0
40
9
44
13
25
9
64
14
26
17
29
9
14
9
94
18
90
9
99
9
44
9
34
9
74
9
94
17
29
9
99
16
58
9
34
9
44
9
99
9
74
9
34
9
14
9
74
2
99
9
99
16
58
16
88
9
74
3
9
15
87
18
51
9
74
9
64
14
86
9
74
14
86
9
34
9
76
4
49
9
74
17
89
1
19
13
85
4
89
9
44
9
94
9
44
15
57
15
87
9
99
9
34
9
94
9
34
9
11
9
94
9
34
14
86
9
34
9
64
17
59
15
57
9
14
9
64
9
44
9
94
9
74
9
99
16
58
9
44
9
74
9
44
9
99
16
88
9
14
14
26
9
14
9
44
9
74
15
87
9
34
9
6
4
79
9
74
9
74
9
99
9
44
12
84
9
64
9
64
9
64
16
88
13
25
4
99
9
14
8
85
14
86
0
40
9
17
15
57
15
27
3
9
15
21
9
36
16
28
9
56
12
24
9
74
9
58
1
79
9
74
9
99
9
44
18
30
9
34
1
9
15
82
0
80
9
74
17
59
9
99
15
57
9
94
2
39
9
6
14
26
9
99
1
49
9
34
9
94
9
94
1
48
9
94
9
14
9
99
9
26
9
74
4
79
9
14
9
14
16
58
3
99
9
74
1
33
9
44
9
14
17
89
14
86
9
34
9
74
9
99
9
14
9
74
9
74
9
14
9
64
9
64
9
79
13
55
9
14
9
99
13
85
9
63
9
87
2
77
9
74
9
14
14
26
9
64
9
94
15
27
9
34
9
42
8
15
9
34
9
99
9
99
1
38
0
29
13
55
9
64
9
64
9
14
3
29
9
74
9
44
9
64
9
72
9
28
9
74
9
14
9
99
9
14
9
94
3
49
9
27
1
99
2
79
9
94
9
94
9
74
9
44
16
28
1
19
12
84
9
34
13
25
3
69
4
79
13
25
17
59
16
58
15
27
2
9
9
94
16
88
15
87
9
64
13
55
9
94
9
74
9
94
9
34
17
89
9
39
9
99
9
97
9
94
9
44
9
14
9
44
3
38
9
34
9
34
4
79
16
28
1
69
9
74
9
14
9
74
18
30
9
34
18
30
9
94
9
56
0
40
9
64
16
28
9
14
17
29
9
99
9
44
9
64
9
86
9
64
9
34
9
64
9
34
15
57
0
0
9
99
18
60
13
85
9
34
9
14
9
94
1
19
9
44
17
59
9
64
1
41
16
28
9
94
9
74
9
34
9
94
3
29
9
94
9
14
9
44
9
99
9
99
9
14
9
64
16
21
9
74
15
57
9
99
9
99
15
82
14
26
9
74
9
74
9
74
9
68
9
44
9
34
9
34
9
14
8
75
3
56
9
34
17
89
14
26
9
14
9
99
0
0
9
94
4
62
9
14
1
89
17
89
14
86
2
2
8
35
9
74
9
64
9
94
17
29
14
56
9
99
15
87
16
28
9
64
9
64
9
94
9
94
9
34
17
89
14
26
9
94
9
74
1
48
15
87
9
74
9
74
14
56
9
34
9
44
9
44
9
44
3
9
9
99
0
87
18
90
9
99
9
24
2
29
1
24
9
34
16
28
12
54
9
86
9
64
17
89
9
14
9
94
9
44
9
44
13
55
8
15
9
16
9
94
9
92
9
64
16
88
9
44
9
94
17
29
16
28
14
86
9
34
9
64
9
74
9
44
4
69
9
99
14
56
15
87
9
64
9
99
9
94
4
79
8
55
15
57
9
56
9
94
9
99
9
64
13
55
9
94
17
59
9
74
9
94
9
14
2
42
9
19
14
56
1
38
14
26
9
68
17
59
9
44
13
25
9
94
2
23
1
99
9
14
9
64
9
14
9
94
16
58
9
74
9
44
9
34
9
64
15
57
1
10
9
64
1
19
9
64
9
94
9
64
9
44
17
29
12
24
2
59
9
94
9
34
9
64
9
14
4
9
9
34
9
64
