9
61
9
12
9
64
9
33
14
86
9
99
9
34
9
51
9
94
9
92
9
33
14
26
9
44
9
72
9
94
14
86
9
73
11
23
9
99
9
32
9
43
10
52
9
14
9
20
11
23
9
44
9
43
9
74
8
65
10
52
9
92
9
10
9
44
10
22
9
43
9
32
13
55
9
64
9
94
9
99
9
73
14
56
9
43
9
13
9
72
9
99
9
34
9
44
9
10
9
13
9
51
9
63
9
99
12
84
9
44
9
99
9
62
9
99
9
33
12
84
9
70
9
42
9
40
9
99
9
42
11
53
9
30
0
90
9
32
12
84
9
94
9
34
9
44
14
26
9
99
9
67
9
14
13
55
13
85
11
83
10
22
9
92
9
21
9
13
11
23
9
92
9
33
9
12
0
60
9
92
13
25
9
99
9
94
9
44
9
92
9
94
9
94
10
22
9
90
9
99
9
44
9
43
9
21
9
31
9
72
12
84
10
22
9
48
9
34
9
32
9
99
11
23
9
72
9
63
9
64
13
25
11
53
9
60
9
32
9
40
13
25
9
99
9
32
9
99
9
74
9
73
9
73
11
83
9
94
9
42
10
82
11
23
9
74
9
38
9
99
9
64
10
22
9
32
10
22
9
12
9
99
9
92
9
44
9
14
9
34
9
92
9
14
9
63
9
36
9
72
12
24
10
52
9
14
11
23
9
72
9
64
9
99
9
99
9
13
9
92
12
54
9
14
12
54
9
91
10
52
9
34
9
91
12
24
9
34
9
42
9
99
9
94
12
84
9
80
9
92
10
22
9
91
9
44
9
73
10
52
9
64
9
93
12
84
9
41
9
91
12
54
12
84
9
90
13
25
9
74
9
44
9
50
0
70
9
31
9
81
13
25
9
99
9
80
9
62
9
99
9
10
9
99
9
94
9
13
9
13
9
88
9
34
9
32
9
44
11
23
9
99
9
44
9
28
9
44
11
53
10
52
9
63
9
13
9
99
9
61
9
44
12
24
9
94
9
44
9
51
9
34
9
73
11
53
9
31
0
10
9
60
9
30
9
34
9
64
9
62
13
25
9
34
10
22
9
80
10
52
13
81
10
22
9
93
9
64
9
33
9
30
9
93
9
99
9
33
9
99
14
26
9
99
9
62
9
99
9
42
10
22
9
94
9
44
9
21
9
99
0
50
9
11
10
51
9
70
9
21
9
74
9
74
9
99
9
44
9
62
1
12
11
23
1
99
9
81
12
24
11
53
1
83
9
66
9
13
9
64
10
82
9
50
9
99
9
90
0
80
10
22
11
23
9
60
9
14
9
60
9
58
12
24
9
11
9
99
10
22
9
74
7
9
13
25
9
93
1
19
10
52
10
52
9
74
9
91
9
94
9
92
9
93
11
23
10
82
9
44
9
54
9
64
3
19
9
32
9
81
4
39
9
41
9
12
11
83
10
82
11
23
1
89
9
43
1
19
12
84
9
32
2
11
9
14
10
52
2
32
9
44
1
84
9
62
9
80
9
80
11
23
9
43
9
99
9
81
9
13
0
40
9
41
9
14
9
14
9
42
9
62
0
80
9
12
9
60
9
44
9
61
14
86
12
24
13
25
13
85
0
70
14
86
10
52
9
43
9
81
9
51
9
73
3
29
0
73
3
21
3
19
9
74
9
21
9
33
9
94
9
32
9
94
0
90
9
33
9
14
9
31
11
51
9
44
9
42
9
62
9
63
9
20
9
20
9
44
12
84
9
99
9
74
9
44
9
33
9
64
9
12
9
30
9
72
9
7
14
86
9
44
2
29
11
83
9
73
9
63
2
81
9
42
9
64
9
71
10
52
9
34
9
87
9
94
9
73
9
94
9
33
10
52
12
84
9
93
11
23
14
56
13
25
10
52
11
83
9
32
9
91
9
31
9
94
9
63
9
99
10
52
12
24
9
14
14
26
9
68
9
41
9
44
9
32
9
99
2
29
9
93
3
49
9
10
9
14
9
90
3
26
9
99
9
99
9
99
9
34
9
99
9
34
9
99
9
51
9
12
9
73
12
84
11
53
9
26
9
64
9
13
14
86
9
92
9
99
4
11
13
85
9
32
9
94
9
40
4
10
9
57
9
99
10
22
9
12
9
28
9
42
9
44
9
14
9
92
9
99
9
12
9
14
11
83
9
91
10
22
9
94
9
34
9
74
9
99
9
91
9
33
9
73
9
94
9
12
9
92
13
25
10
22
1
71
9
99
9
10
9
94
10
52
1
49
9
43
2
19
9
99
9
34
9
99
9
42
9
34
12
84
9
99
9
14
9
92
9
14
14
56
9
73
9
11
11
53
9
50
9
13
10
82
9
92
11
53
11
23
9
81
9
44
9
32
1
69
0
99
11
23
9
63
9
93
9
99
1
99
9
0
10
22
9
94
13
55
9
94
12
54
9
90
10
22
9
18
9
64
9
34
9
13
9
74
13
25
11
83
12
84
11
23
9
99
8
15
9
71
9
44
9
92
9
74
9
69
11
83
4
71
9
51
9
42
9
81
9
67
9
99
9
64
9
73
9
73
9
50
13
85
0
40
9
42
9
21
9
64
10
22
13
25
9
13
9
94
14
86
9
99
9
44
9
34
9
72
9
90
13
25
9
99
12
54
9
34
9
44
9
99
9
71
9
34
9
10
9
72
2
99
9
99
12
54
12
84
9
74
3
9
11
83
14
51
9
72
9
64
10
82
9
73
10
82
9
34
9
76
4
49
9
74
13
85
1
19
9
81
4
89
9
42
9
92
9
44
11
53
11
83
9
99
9
34
9
91
9
32
9
11
9
94
9
33
10
82
9
32
9
63
13
55
11
53
9
14
9
64
9
43
9
94
9
74
9
99
12
54
9
41
9
73
9
42
9
99
12
84
9
11
10
22
9
14
9
40
9
72
11
83
9
32
9
6
4
79
9
73
9
74
9
99
9
44
9
80
9
62
9
64
9
64
12
84
9
21
4
99
9
13
8
85
10
82
0
40
9
17
11
53
11
23
3
9
11
21
9
36
12
24
9
56
9
20
9
71
9
58
1
79
9
74
9
99
9
43
14
26
9
34
1
9
11
82
0
80
9
72
13
55
9
99
11
53
9
94
2
39
9
6
10
22
9
99
1
49
9
33
9
93
9
92
1
48
9
91
9
11
9
99
9
26
9
72
4
79
9
13
9
14
12
54
3
99
9
72
1
33
9
43
9
12
13
85
10
82
9
31
9
74
9
99
9
14
9
74
9
74
9
13
9
64
9
61
9
79
9
51
9
14
8
99
9
81
9
63
9
87
2
77
9
72
9
10
10
22
9
62
9
94
11
23
9
34
9
42
8
15
9
33
9
99
9
99
1
38
0
29
9
51
9
61
9
64
9
12
3
29
9
73
9
42
9
62
9
72
9
28
9
74
9
14
9
99
9
11
9
94
3
49
9
27
1
99
2
79
9
93
9
92
9
74
9
44
12
24
1
19
9
80
9
34
9
21
3
69
4
79
9
21
13
55
12
54
11
23
2
9
9
92
12
84
11
83
9
64
9
51
9
92
9
73
9
93
9
33
13
85
9
39
9
99
9
97
9
93
9
44
9
10
9
42
3
38
9
30
9
31
4
79
12
24
1
69
9
72
9
11
9
73
14
26
9
33
14
26
9
94
9
56
0
40
9
63
12
24
9
12
13
25
9
99
9
44
9
64
9
88
9
64
9
32
9
64
9
34
11
53
0
0
9
99
14
56
9
81
9
32
9
10
9
92
1
19
9
40
13
55
9
62
1
41
12
24
9
92
9
74
9
32
9
94
3
29
9
93
9
14
9
41
9
99
9
99
9
13
9
62
12
21
9
72
11
53
9
99
9
99
11
82
10
22
9
73
9
74
9
74
9
68
9
44
9
34
9
34
9
10
8
75
3
56
9
32
13
85
10
22
9
11
9
99
0
0
9
92
4
62
9
13
1
89
13
85
10
82
2
2
8
35
9
70
9
63
9
94
13
25
10
52
9
99
11
83
12
24
9
62
9
63
9
92
9
93
9
32
13
85
10
22
9
94
9
72
1
48
11
83
9
74
9
73
10
52
9
33
9
40
9
44
9
40
3
9
9
99
0
87
14
86
9
99
9
24
2
29
1
24
9
32
12
24
9
50
9
86
9
62
13
85
9
14
9
92
9
43
9
44
9
51
8
15
9
17
9
91
9
92
9
63
12
84
9
44
9
93
13
25
12
24
10
82
9
34
9
64
9
74
9
44
4
69
9
99
10
52
11
83
9
62
9
99
9
93
4
79
8
55
11
53
9
60
9
92
9
99
9
62
9
51
9
93
13
55
9
73
9
94
9
11
2
42
9
19
10
52
1
38
10
22
9
68
13
55
9
43
9
21
9
93
2
23
1
99
9
10
9
60
9
12
9
94
12
54
9
74
9
40
9
33
9
64
11
53
1
10
9
64
1
19
9
63
9
92
9
63
9
42
13
25
9
20
2
59
9
94
9
31
9
60
9
14
4
9
9
34
9
63
