4
51
1
2
3
58
1
23
4
78
2
91
4
26
0
41
2
84
0
89
1
24
4
18
3
39
0
69
2
87
4
77
3
63
1
13
0
98
0
23
1
37
0
47
3
4
1
10
1
18
2
35
1
38
2
67
4
69
0
48
0
86
4
0
4
35
3
12
1
33
2
22
4
45
2
55
3
84
3
98
1
68
4
46
1
37
1
3
0
67
3
95
4
24
2
37
1
0
1
7
1
41
1
54
3
90
4
74
2
36
3
96
0
58
2
92
4
23
2
75
3
60
0
36
2
30
2
90
0
33
3
43
2
20
0
90
1
22
2
76
4
86
4
29
3
34
4
17
3
99
1
76
2
8
3
46
3
77
1
78
0
16
0
86
3
11
2
3
1
18
0
89
4
23
0
8
0
60
0
83
3
19
2
93
3
86
3
38
0
89
4
88
4
88
0
19
4
80
4
99
3
39
1
38
0
11
1
21
0
69
2
79
0
17
4
48
4
25
0
25
2
95
1
14
4
62
2
53
2
58
3
18
2
43
2
50
2
22
4
30
3
17
2
98
0
25
3
99
4
67
3
63
1
69
3
73
4
89
2
32
1
72
1
14
4
65
0
39
2
96
2
54
0
12
0
25
0
19
0
4
2
96
0
84
3
35
3
8
3
25
4
82
3
7
4
53
4
46
0
64
2
19
0
48
2
8
1
14
3
62
2
55
2
97
0
94
1
8
0
88
2
48
2
6
2
44
0
81
0
42
3
24
3
81
2
16
3
25
0
34
1
94
2
86
2
78
4
70
0
87
0
12
1
81
3
35
3
63
0
43
2
55
1
87
2
75
3
31
3
81
2
48
2
76
3
80
3
19
3
69
3
39
3
40
0
70
3
21
0
71
3
15
0
96
1
70
0
58
2
92
1
0
1
94
4
85
1
6
3
3
0
88
4
26
0
28
4
39
3
13
2
93
3
36
0
29
4
36
1
45
1
42
1
56
1
7
4
95
1
51
2
38
4
14
2
88
4
37
3
41
2
29
1
64
4
43
3
21
0
10
1
70
1
20
3
24
3
55
0
53
4
15
3
26
4
12
3
70
0
42
3
89
0
15
1
86
3
57
2
23
1
20
1
86
1
93
1
27
1
95
4
17
4
98
1
52
4
90
2
32
0
16
4
85
3
36
2
11
2
90
0
50
4
1
0
51
3
60
0
11
3
64
4
69
1
91
4
37
3
52
1
12
1
19
2
91
1
71
4
14
1
49
0
83
2
76
3
5
3
58
0
77
1
40
4
98
2
80
0
80
0
13
2
13
1
50
3
6
1
50
3
59
2
18
3
1
3
96
0
17
3
67
0
1
3
18
1
83
1
15
0
43
2
42
2
64
3
81
3
84
0
87
4
93
3
13
0
73
4
34
4
54
4
59
3
15
0
25
3
71
4
39
2
31
1
2
4
73
0
75
1
16
1
81
1
37
1
11
2
79
4
22
2
15
4
4
0
43
1
31
4
38
3
84
0
52
3
70
4
70
4
13
1
43
3
96
0
71
1
4
0
40
0
31
3
5
4
6
0
34
0
52
0
80
0
3
2
50
3
34
0
51
4
76
2
17
3
17
4
75
0
70
4
78
0
44
1
35
1
71
4
41
1
66
3
26
0
73
3
28
3
14
3
65
3
11
4
34
3
84
1
22
4
89
0
90
1
25
3
5
3
31
2
50
2
36
4
42
0
54
1
55
2
10
3
10
3
34
2
79
0
99
2
68
2
39
1
27
3
57
0
3
4
20
2
62
0
7
4
77
2
36
2
27
1
73
2
63
4
53
2
87
0
33
2
56
4
61
0
44
3
24
3
87
2
88
1
68
4
86
3
23
0
48
2
77
1
84
4
13
4
48
3
17
0
44
4
73
0
25
1
81
2
21
4
89
1
55
2
95
0
44
2
19
2
8
4
16
1
68
2
31
4
36
0
24
0
95
2
21
4
83
3
48
1
0
4
5
2
80
3
26
1
91
3
98
4
96
3
25
2
96
2
28
2
92
2
41
0
4
1
66
2
77
1
49
3
32
4
57
2
3
4
78
0
84
3
93
4
20
3
76
0
24
4
85
3
30
4
10
0
57
0
98
0
19
0
8
3
29
0
35
2
35
3
8
0
84
1
92
0
7
3
5
1
78
1
81
0
14
3
84
4
32
2
69
0
95
0
81
2
23
1
69
3
84
4
2
0
87
3
18
0
12
4
71
3
94
1
0
3
86
0
48
1
44
4
33
2
12
0
91
4
29
1
91
0
38
4
29
2
74
1
90
2
9
2
82
3
5
4
46
1
65
1
1
1
46
1
40
1
7
0
78
4
82
1
45
2
13
0
71
3
37
0
26
0
66
0
99
1
18
1
54
1
89
1
94
0
93
0
6
0
19
2
85
3
48
4
84
2
44
1
80
0
18
3
18
2
55
3
24
3
3
4
66
3
19
1
79
2
75
1
16
2
93
1
15
1
61
4
35
0
82
2
64
3
69
3
73
0
73
1
41
0
34
1
71
2
67
0
94
2
59
1
64
4
63
1
40
3
76
0
40
3
32
1
11
4
59
2
12
3
16
1
7
2
86
4
77
3
92
2
35
3
24
1
62
4
80
3
15
4
93
2
44
2
24
3
37
3
96
4
61
2
27
2
0
0
69
2
96
0
93
2
44
2
79
4
66
3
0
1
74
4
51
0
67
3
54
1
72
1
63
4
72
4
29
3
76
4
42
4
65
3
79
1
15
1
71
4
87
0
37
1
82
3
37
1
49
1
73
3
98
2
24
3
81
0
26
4
10
4
84
2
23
0
78
1
22
1
55
3
48
1
43
2
5
4
56
1
33
4
84
4
65
1
90
2
48
4
31
2
63
0
33
4
93
3
74
4
1
0
17
2
7
4
30
0
62
1
76
1
22
1
6
4
76
1
65
4
67
1
99
3
35
1
70
4
52
2
58
3
59
2
79
0
11
4
96
1
7
2
85
0
72
0
40
2
17
1
47
4
13
3
9
2
20
3
36
3
14
3
62
1
10
3
61
2
59
0
72
3
68
0
94
1
36
4
17
3
27
1
6
1
84
0
80
0
68
3
47
3
94
1
45
3
85
2
33
1
6
1
12
2
97
4
47
1
29
1
86
0
83
4
49
4
81
4
1
2
91
3
33
0
69
4
73
1
4
2
4
2
47
3
95
0
68
4
33
1
38
3
2
3
78
0
75
4
21
3
69
1
92
3
9
4
68
3
64
2
3
2
56
1
51
2
79
3
41
3
9
1
93
1
71
2
64
1
87
2
77
3
62
1
0
0
14
0
52
4
87
1
17
2
27
3
42
3
15
1
26
2
97
2
98
1
38
0
27
1
41
0
51
4
54
0
2
3
24
1
67
4
32
2
52
4
72
0
28
3
65
2
9
2
97
0
1
3
89
4
40
4
27
1
90
2
74
2
83
0
84
4
69
2
34
2
19
2
10
2
70
2
28
1
11
3
60
4
74
0
11
3
47
2
48
1
13
2
6
0
89
3
74
1
74
3
59
1
41
0
86
1
67
1
88
1
24
3
75
3
39
4
97
3
97
1
83
2
38
3
0
0
34
3
39
4
20
3
21
4
78
4
14
1
60
4
62
0
1
3
63
4
18
4
23
4
18
3
87
2
56
0
40
1
57
2
16
0
8
4
15
4
98
3
38
4
54
0
98
3
56
0
23
3
57
2
27
3
43
0
0
1
95
4
49
3
71
1
22
1
0
0
89
1
19
4
30
3
45
0
58
4
43
2
15
0
86
2
68
0
29
2
85
3
27
1
87
3
8
0
31
3
96
4
96
4
3
0
54
2
21
2
62
1
46
2
90
1
99
1
82
0
14
4
63
2
66
4
67
1
68
2
34
4
25
3
27
4
0
2
75
3
56
3
22
3
76
0
14
2
1
2
95
0
0
3
82
4
62
3
3
1
82
3
79
0
77
1
2
4
35
2
60
2
53
4
86
4
15
2
42
0
96
1
73
2
18
0
53
1
54
3
82
1
89
4
22
3
79
0
17
4
86
4
62
1
48
4
73
2
68
1
66
0
43
1
25
2
30
2
35
4
30
3
5
3
94
0
90
4
76
0
94
2
24
2
28
2
24
3
22
2
15
3
40
4
95
0
56
3
76
3
8
0
85
1
34
2
39
3
41
0
15
1
23
4
81
3
92
3
53
2
78
2
34
3
83
3
17
3
14
1
72
3
28
2
59
4
66
3
34
4
62
3
92
0
42
1
73
0
56
2
94
3
83
4
77
2
55
1
49
1
70
3
82
0
96
1
52
3
41
1
84
3
48
1
65
2
84
0
1
2
42
1
19
1
42
1
39
4
12
4
69
3
46
1
38
0
11
1
85
2
23
0
93
1
0
3
50
0
6
3
85
2
47
4
66
3
30
1
23
4
54
1
44
1
10
4
56
1
14
1
55
3
82
1
57
0
35
3
16
4
10
2
58
3
89
3
21
1
50
3
5
4
9
3
26
1
59
