8
56
6
7
8
60
6
28
9
81
7
96
9
31
5
46
7
89
5
89
6
29
9
21
8
40
5
69
7
89
9
81
8
68
6
18
5
99
5
28
6
39
5
49
8
9
5
15
6
19
7
39
6
39
7
69
8
65
5
49
5
89
8
5
9
40
8
17
6
38
7
27
9
50
7
59
8
89
8
99
6
69
9
51
6
39
6
8
5
69
8
99
9
29
7
39
5
5
6
9
6
46
6
59
7
95
9
79
7
39
8
99
5
59
7
97
9
28
7
79
7
65
5
39
6
35
6
95
5
38
8
48
6
25
0
90
6
27
7
79
9
91
9
31
8
39
9
21
8
99
6
71
7
9
8
50
8
80
6
79
5
19
5
89
8
16
7
8
6
19
5
89
9
28
5
9
0
60
5
88
8
20
7
98
8
90
8
40
5
89
9
91
9
91
5
19
8
85
9
99
8
40
6
39
5
16
6
26
5
69
7
79
5
19
9
48
9
30
5
29
7
99
6
19
9
67
7
58
7
59
8
20
7
48
6
55
7
27
8
35
8
20
7
99
5
29
8
99
9
71
8
68
6
69
8
78
9
91
7
37
6
77
6
19
9
70
5
38
7
99
7
59
5
17
5
29
5
19
5
9
7
99
5
89
8
40
8
10
8
30
9
87
8
10
9
58
9
41
5
69
7
19
5
49
7
9
6
19
8
67
7
59
7
99
5
99
6
9
5
89
7
49
7
9
7
49
5
86
5
47
8
29
8
86
7
19
8
30
5
39
6
99
7
89
7
79
8
75
5
89
5
17
6
86
8
40
8
68
5
48
7
59
6
89
7
79
8
36
8
86
7
49
7
79
7
85
8
20
8
70
8
40
7
45
0
70
8
26
5
76
8
20
5
99
5
75
5
59
7
97
5
5
6
99
9
90
6
9
8
8
5
88
9
31
5
29
9
41
8
18
7
98
8
40
5
28
9
41
6
49
6
47
6
59
6
9
9
99
6
56
7
39
9
19
7
89
9
41
8
46
7
29
6
69
9
48
8
26
0
10
5
65
5
25
8
29
8
60
5
58
9
20
8
30
9
17
7
75
5
47
8
84
5
19
6
89
8
60
7
28
5
25
6
89
6
98
6
29
6
99
9
21
9
99
6
57
8
95
7
37
5
19
9
90
8
40
7
16
6
95
0
50
8
6
5
51
7
65
5
16
8
69
9
71
6
96
9
41
8
57
1
12
6
19
1
96
6
76
9
19
6
49
1
83
7
71
6
9
8
60
5
79
5
45
9
99
6
85
0
80
5
18
7
18
5
55
8
10
5
55
8
58
7
19
8
6
8
99
5
19
8
70
2
6
8
20
6
88
1
19
5
48
7
47
7
69
8
86
8
89
5
89
9
93
8
18
5
78
9
39
9
54
9
61
3
19
5
29
8
76
4
39
7
36
6
7
9
78
5
79
6
19
1
86
6
39
1
16
7
79
9
27
2
11
9
9
5
48
2
32
9
41
1
84
5
57
7
75
8
75
9
18
6
43
8
99
5
76
6
9
0
40
5
36
8
10
9
11
5
39
5
57
0
80
5
8
6
55
8
39
5
56
9
81
7
19
8
20
9
80
0
70
9
81
5
49
6
39
6
76
8
46
6
69
3
29
0
73
3
23
3
19
8
70
8
16
9
33
8
89
6
27
9
91
0
90
6
29
8
10
8
31
6
51
7
39
9
42
5
59
6
59
6
15
7
15
8
39
7
79
5
99
7
69
7
39
6
29
8
60
5
8
8
25
7
67
5
7
9
81
7
39
2
29
6
78
7
68
9
58
2
82
5
38
7
59
8
66
5
49
8
29
8
87
7
89
6
69
9
91
8
28
5
49
7
79
6
89
9
18
9
51
8
20
5
49
9
78
5
29
6
86
7
26
9
91
6
59
7
99
5
49
7
19
7
9
9
21
6
68
7
36
9
41
5
29
5
99
2
26
9
88
3
49
5
5
9
10
6
85
3
26
6
96
8
99
9
99
8
30
7
99
7
29
7
97
7
46
5
9
6
69
7
79
6
49
8
30
9
61
7
8
9
81
5
89
8
98
4
15
8
80
5
29
9
90
7
35
4
10
5
57
5
99
5
19
5
9
8
28
5
39
7
39
8
10
5
89
6
97
5
9
8
10
6
79
6
86
5
19
8
89
9
34
7
69
5
99
5
86
7
28
6
69
8
89
9
7
5
89
8
20
5
17
1
71
8
99
5
5
8
90
5
49
1
49
9
38
2
17
5
96
9
31
6
96
5
39
9
31
7
79
5
95
7
9
7
87
8
10
9
51
6
69
6
6
6
49
5
45
6
9
5
79
9
87
6
49
7
18
5
76
8
40
5
29
1
69
0
99
6
19
6
59
6
89
6
99
1
98
5
1
5
19
7
89
8
50
9
89
7
49
5
85
5
19
8
18
7
59
8
29
8
8
9
71
8
20
6
79
7
79
6
19
7
98
6
15
6
66
9
40
5
87
7
69
8
69
8
78
3
71
6
46
5
39
6
76
7
67
5
99
7
59
6
69
9
68
5
45
8
80
0
40
8
37
6
16
9
61
7
17
8
20
6
9
7
89
9
81
8
97
7
39
8
29
6
67
8
85
8
20
9
98
7
49
7
29
8
40
8
99
8
66
7
29
6
5
5
69
2
99
5
98
7
49
7
79
9
71
3
5
6
79
9
51
5
69
8
59
6
77
6
68
9
77
9
31
8
76
4
47
9
70
8
80
1
19
6
76
4
89
5
39
6
87
8
40
6
49
6
78
8
99
7
29
8
86
5
29
8
11
9
89
7
28
5
79
6
27
6
59
8
50
6
48
7
9
9
61
6
38
9
89
9
70
5
95
7
49
8
36
7
68
5
38
9
98
8
79
8
6
5
19
7
9
8
35
5
67
6
79
6
27
6
6
4
79
6
69
9
71
6
99
8
40
5
75
9
57
7
59
8
60
7
79
5
16
4
99
6
9
7
85
5
77
0
40
7
17
6
49
9
18
3
9
6
21
8
36
8
19
8
60
5
15
8
66
7
58
1
77
8
70
5
99
6
39
9
21
8
30
1
9
6
84
0
80
5
69
8
50
8
99
6
49
8
90
2
38
6
6
6
17
7
99
1
49
6
29
6
89
5
88
1
48
8
86
8
6
7
96
8
30
5
69
4
78
6
9
7
9
7
49
3
99
5
69
1
33
6
39
8
7
8
80
5
79
8
26
8
70
6
97
8
10
9
71
8
69
7
8
7
59
6
56
7
79
8
46
8
10
3
98
6
76
7
64
6
87
2
77
8
67
5
5
5
19
5
57
9
91
6
19
7
29
8
42
8
15
6
29
7
99
7
99
1
38
0
29
6
46
5
56
9
59
5
7
3
29
6
69
9
37
7
57
9
72
5
28
8
70
7
9
7
99
5
6
8
90
3
45
9
27
1
95
2
79
7
88
5
89
9
71
7
39
7
19
1
15
6
75
7
29
6
16
3
65
4
79
5
16
8
50
7
49
6
18
2
9
5
89
8
79
6
79
8
60
6
46
5
89
6
69
6
89
6
29
8
80
8
39
9
99
8
97
6
88
7
39
7
5
5
39
3
38
8
25
8
26
4
79
9
19
1
65
9
67
5
6
8
68
9
21
9
28
9
21
8
90
7
56
0
40
6
59
7
19
5
9
9
20
9
99
8
40
9
59
5
93
8
60
5
28
8
60
7
29
8
48
0
0
6
99
9
51
8
76
6
27
5
5
5
89
1
19
8
35
8
50
5
59
1
41
7
19
5
89
7
69
5
29
7
89
3
29
6
89
8
10
5
36
8
99
9
99
9
8
5
59
7
21
7
67
6
49
6
95
6
99
6
82
5
19
9
68
7
69
9
71
6
68
7
39
9
30
8
30
8
5
7
75
3
56
8
27
8
80
5
19
7
6
7
99
0
0
8
87
4
62
8
8
1
87
8
80
5
79
2
2
8
35
6
65
7
58
9
91
9
20
7
47
5
99
6
78
7
19
5
58
6
59
8
87
6
89
9
27
8
80
5
19
9
91
9
67
1
48
9
78
7
69
6
69
5
48
6
29
6
35
7
39
8
35
3
9
7
99
0
87
9
81
5
99
7
24
2
29
1
24
8
27
7
19
7
45
9
90
5
59
8
80
8
10
5
89
6
39
7
39
8
46
5
15
6
21
8
86
8
92
8
58
7
79
7
39
8
88
8
20
8
19
6
77
8
30
7
59
9
71
8
39
4
67
8
97
5
47
6
78
5
59
7
99
8
88
4
79
7
55
6
49
5
65
8
87
5
99
6
57
8
46
6
89
8
50
6
69
7
89
5
6
2
42
6
19
6
47
1
38
9
17
9
68
8
50
6
39
5
16
6
89
2
23
1
98
5
5
7
55
5
9
8
90
7
49
9
71
7
35
6
28
9
59
6
49
1
10
9
61
1
19
6
59
8
87
6
59
5
39
8
20
8
15
2
59
8
90
8
26
5
55
8
10
4
9
8
30
6
59
