9
62
9
13
9
64
9
34
15
87
9
99
9
34
10
52
9
94
9
93
9
34
15
27
9
44
9
73
9
94
15
87
9
74
12
24
9
99
9
33
9
44
11
53
9
14
9
21
12
24
9
44
9
44
9
74
8
65
11
53
9
93
9
11
9
44
11
23
9
44
9
33
14
56
9
64
9
94
9
99
9
74
15
57
9
44
9
14
9
73
9
99
9
34
9
44
9
11
9
14
10
52
9
64
9
99
13
85
9
44
9
99
9
63
9
99
9
34
13
85
9
71
9
43
9
41
9
99
9
43
12
54
9
31
0
90
9
33
13
85
9
94
9
34
9
44
15
27
9
99
9
66
9
14
14
56
14
86
12
84
11
23
9
93
10
22
9
14
12
24
9
93
9
34
9
13
0
60
9
93
14
26
9
99
9
94
9
44
9
93
9
94
9
94
11
23
9
91
9
99
9
44
9
44
10
22
9
32
9
73
13
85
11
23
9
48
9
34
9
33
9
99
12
24
9
73
9
64
9
64
14
26
12
54
9
61
9
33
9
41
14
26
9
99
9
33
9
99
9
74
9
74
9
74
12
84
9
94
9
43
11
83
12
24
9
74
9
38
9
99
9
64
11
23
9
33
11
23
9
13
9
99
9
93
9
44
9
14
9
34
9
93
9
14
9
64
9
36
9
73
13
25
11
53
9
14
12
24
9
73
9
64
9
99
9
99
9
14
9
93
13
55
9
14
13
55
9
92
11
53
9
34
9
92
13
25
9
34
9
43
9
99
9
94
13
85
9
81
9
93
11
23
9
92
9
44
9
74
11
53
9
64
9
94
13
85
9
42
9
92
13
55
13
85
9
91
14
26
9
74
9
44
9
51
0
70
9
32
10
82
14
26
9
99
9
81
9
63
9
99
9
11
9
99
9
94
9
14
9
14
9
88
9
34
9
33
9
44
12
24
9
99
9
44
9
28
9
44
12
54
11
53
9
64
9
14
9
99
9
62
9
44
13
25
9
94
9
44
10
52
9
34
9
74
12
54
9
32
0
10
9
59
9
31
9
34
9
64
9
63
14
26
9
34
11
23
9
81
11
53
14
81
11
23
9
94
9
64
9
34
9
31
9
94
9
99
9
34
9
99
15
27
9
99
9
63
9
99
9
43
11
23
9
94
9
44
10
22
9
99
0
50
9
12
11
51
9
71
10
22
9
74
9
74
9
99
9
44
9
63
1
12
12
24
1
99
10
82
13
25
12
54
1
83
9
66
9
14
9
64
11
83
9
51
9
99
9
91
0
80
11
23
12
24
9
61
9
14
9
61
9
58
13
25
9
12
9
99
11
23
9
74
8
10
14
26
9
94
1
19
11
53
11
53
9
74
9
92
9
94
9
93
9
93
12
24
11
83
9
44
9
54
9
64
3
19
9
33
10
82
4
39
9
42
9
13
12
84
11
83
12
24
1
89
9
44
1
19
13
85
9
33
2
11
9
14
11
53
2
32
9
44
1
84
9
63
9
81
9
81
12
24
9
43
9
99
10
82
9
14
0
40
9
42
9
14
9
14
9
43
9
63
0
80
9
13
9
61
9
44
9
62
15
87
13
25
14
26
14
86
0
70
15
87
11
53
9
44
10
82
10
52
9
74
3
29
0
73
3
21
3
19
9
74
10
22
9
33
9
94
9
33
9
94
0
90
9
34
9
14
9
31
12
51
9
44
9
42
9
63
9
64
9
21
9
21
9
44
13
85
9
99
9
74
9
44
9
34
9
64
9
13
9
31
9
73
9
7
15
87
9
44
2
29
12
84
9
74
9
64
2
81
9
43
9
64
9
72
11
53
9
34
9
87
9
94
9
74
9
94
9
34
11
53
13
85
9
94
12
24
15
57
14
26
11
53
12
84
9
33
9
92
9
32
9
94
9
64
9
99
11
53
13
25
9
14
15
27
9
68
9
42
9
44
9
33
9
99
2
29
9
94
3
49
9
11
9
14
9
91
3
26
9
99
9
99
9
99
9
34
9
99
9
34
9
99
10
52
9
13
9
74
13
85
12
54
9
26
9
64
9
14
15
87
9
93
9
99
4
11
14
86
9
33
9
94
9
41
4
10
9
57
9
99
11
23
9
13
9
28
9
43
9
44
9
14
9
93
9
99
9
13
9
14
12
84
9
92
11
23
9
94
9
34
9
74
9
99
9
92
9
34
9
74
9
94
9
13
9
93
14
26
11
23
1
71
9
99
9
11
9
94
11
53
1
49
9
44
2
19
9
99
9
34
9
99
9
43
9
34
13
85
9
99
9
14
9
93
9
14
15
57
9
74
9
12
12
54
9
51
9
14
11
83
9
93
12
54
12
24
10
82
9
44
9
33
1
69
0
99
12
24
9
64
9
94
9
99
1
99
9
0
11
23
9
94
14
56
9
94
13
55
9
91
11
23
9
18
9
64
9
34
9
14
9
74
14
26
12
84
13
85
12
24
9
99
8
15
9
72
9
44
9
93
9
74
9
69
12
84
5
71
10
52
9
43
10
82
9
67
9
99
9
64
9
74
9
74
9
51
14
86
0
40
9
43
10
22
9
64
11
23
14
26
9
14
9
94
15
87
9
99
9
44
9
34
9
73
9
91
14
26
9
99
13
55
9
34
9
44
9
99
9
72
9
34
9
11
9
73
2
99
9
99
13
55
13
85
9
74
3
9
12
84
15
51
9
73
9
64
11
83
9
74
11
83
9
34
9
76
4
49
9
74
14
86
1
19
10
82
4
89
9
43
9
93
9
44
12
54
12
84
9
99
9
34
9
92
9
33
9
11
9
94
9
34
11
83
9
33
9
64
14
56
12
54
9
14
9
64
9
44
9
94
9
74
9
99
13
55
9
42
9
74
9
43
9
99
13
85
9
12
11
23
9
14
9
41
9
73
12
84
9
33
9
6
4
79
9
74
9
74
9
99
9
44
9
81
9
63
9
64
9
64
13
85
10
22
4
99
9
14
8
85
11
83
0
40
9
17
12
54
12
24
3
9
12
21
9
36
13
25
9
56
9
21
9
72
9
58
1
79
9
74
9
99
9
44
15
27
9
34
1
9
12
82
0
80
9
73
14
56
9
99
12
54
9
94
2
39
9
6
11
23
9
99
1
49
9
34
9
94
9
93
1
48
9
92
9
12
9
99
9
26
9
73
4
79
9
14
9
14
13
55
3
99
9
73
1
33
9
44
9
13
14
86
11
83
9
32
9
74
9
99
9
14
9
74
9
74
9
14
9
64
9
62
9
79
10
52
9
14
9
99
10
82
9
63
9
87
2
77
9
73
9
11
11
23
9
63
9
94
12
24
9
34
9
42
8
15
9
34
9
99
9
99
1
38
0
29
10
52
9
62
9
64
9
13
3
29
9
74
9
43
9
63
9
72
9
28
9
74
9
14
9
99
9
12
9
94
3
49
9
27
1
99
2
79
9
94
9
93
9
74
9
44
13
25
1
19
9
81
9
34
10
22
3
69
4
79
10
22
14
56
13
55
12
24
2
9
9
93
13
85
12
84
9
64
10
52
9
93
9
74
9
94
9
34
14
86
9
39
9
99
9
97
9
94
9
44
9
11
9
43
3
38
9
31
9
32
4
79
13
25
1
69
9
73
9
12
9
74
15
27
9
34
15
27
9
94
9
56
0
40
9
64
13
25
9
13
14
26
9
99
9
44
9
64
9
87
9
64
9
33
9
64
9
34
12
54
0
0
9
99
15
57
10
82
9
33
9
11
9
93
1
19
9
41
14
56
9
63
1
41
13
25
9
93
9
74
9
33
9
94
3
29
9
94
9
14
9
42
9
99
9
99
9
14
9
63
13
21
9
73
12
54
9
99
9
99
12
82
11
23
9
74
9
74
9
74
9
68
9
44
9
34
9
34
9
11
8
75
3
56
9
33
14
86
11
23
9
12
9
99
0
0
9
93
4
62
9
14
1
89
14
86
11
83
2
2
8
35
9
71
9
64
9
94
14
26
11
53
9
99
12
84
13
25
9
63
9
64
9
93
9
94
9
33
14
86
11
23
9
94
9
73
1
48
12
84
9
74
9
74
11
53
9
34
9
41
9
44
9
41
3
9
9
99
0
87
15
87
9
99
9
24
2
29
1
24
9
33
13
25
9
51
9
86
9
63
14
86
9
14
9
93
9
44
9
44
10
52
8
15
9
16
9
92
9
92
9
64
13
85
9
44
9
94
14
26
13
25
11
83
9
34
9
64
9
74
9
44
4
69
9
99
11
53
12
84
9
63
9
99
9
94
4
79
8
55
12
54
9
59
9
93
9
99
9
63
10
52
9
94
14
56
9
74
9
94
9
12
2
42
9
19
11
53
1
38
11
23
9
68
14
56
9
44
10
22
9
94
2
23
1
99
9
11
9
61
9
13
9
94
13
55
9
74
9
41
9
34
9
64
12
54
1
10
9
64
1
19
9
64
9
93
9
64
9
43
14
26
9
21
2
59
9
94
9
32
9
61
9
14
4
9
9
34
9
64
