9
59
9
10
9
63
9
31
12
84
9
99
9
34
8
49
9
92
8
90
9
31
12
24
9
43
8
70
9
92
12
84
9
71
9
21
8
99
8
30
9
41
8
50
9
12
8
18
9
21
9
42
9
41
9
72
8
65
8
50
8
90
9
8
9
43
9
20
9
41
9
30
11
53
9
62
9
92
9
99
9
71
12
54
9
41
9
11
8
70
9
99
9
32
9
42
8
8
9
11
9
49
9
61
9
98
10
82
9
42
9
99
8
60
9
99
9
31
10
82
9
68
8
40
9
38
9
98
8
40
9
51
9
28
0
90
9
30
10
82
9
94
9
34
9
42
12
24
9
99
9
69
9
12
11
53
11
83
9
81
8
20
8
90
9
19
9
11
9
21
8
90
9
31
8
10
0
60
8
90
11
23
9
99
9
93
9
43
8
90
9
94
9
94
8
20
9
88
9
99
9
43
9
41
8
19
9
29
8
70
10
82
8
20
9
48
9
33
8
30
9
99
9
21
9
70
9
61
9
62
11
23
9
51
9
58
9
30
9
38
11
23
9
99
8
30
9
99
9
74
9
71
9
71
9
81
9
94
9
40
9
80
9
21
9
73
8
38
9
99
9
62
8
20
8
30
8
20
8
10
9
99
8
90
9
43
9
13
9
33
9
90
9
13
9
61
9
38
8
70
10
22
8
50
9
12
9
21
9
70
9
62
9
99
8
99
9
11
8
90
10
52
9
12
10
52
8
89
8
50
9
32
9
89
10
22
9
33
8
40
9
99
9
92
10
82
9
78
8
90
8
20
9
89
9
43
9
71
8
50
9
62
9
91
10
82
9
39
9
89
10
52
10
82
9
88
11
23
9
73
9
43
9
48
0
70
9
29
8
79
11
23
8
99
8
78
8
60
9
99
8
8
9
99
9
93
9
11
9
11
8
88
9
34
8
30
9
44
9
21
9
99
9
43
8
28
9
44
9
51
9
50
9
61
9
11
9
99
9
59
9
42
10
22
9
92
9
44
9
49
9
32
9
71
9
51
9
29
0
10
8
62
8
28
9
32
9
63
8
60
11
23
9
33
9
20
9
78
8
50
11
81
8
20
9
91
9
63
9
31
8
28
9
91
9
99
9
31
9
99
12
24
9
99
9
60
9
98
9
40
8
20
9
93
9
43
9
19
9
98
0
50
9
9
8
51
9
68
8
19
9
72
9
74
9
99
9
44
9
60
1
12
9
21
1
99
9
79
10
22
9
51
1
83
9
68
9
11
9
63
8
80
8
48
9
99
9
88
0
80
8
20
9
21
8
58
9
13
8
58
9
58
10
22
9
9
9
99
8
20
9
73
5
9
11
23
9
91
1
19
8
50
9
50
9
72
9
89
9
92
8
90
9
93
9
21
8
80
9
42
9
54
9
64
3
19
8
30
9
79
4
39
9
39
9
10
9
81
8
80
9
21
1
89
9
41
1
19
10
82
9
30
2
11
9
12
8
50
2
32
9
44
1
84
8
60
9
78
9
78
9
21
9
43
9
99
8
79
9
11
0
40
8
39
9
13
9
14
8
40
8
60
0
80
8
10
9
58
9
42
8
59
12
84
10
22
11
23
11
83
0
70
12
84
8
50
9
41
9
79
9
49
9
71
3
29
0
73
3
21
3
19
9
73
9
19
9
33
9
92
9
30
9
94
0
90
9
31
9
13
9
31
9
51
9
42
9
42
8
60
9
61
9
18
9
18
9
42
10
82
8
99
9
72
9
42
9
31
9
63
8
10
9
28
9
70
8
7
12
84
9
42
2
29
9
81
9
71
9
61
2
81
8
40
9
62
9
69
8
50
9
32
9
87
9
92
9
71
9
94
9
31
8
50
10
82
9
91
9
21
12
54
11
23
8
50
9
81
8
30
9
89
9
29
9
94
9
61
9
99
8
50
10
22
9
12
12
24
9
68
9
39
9
44
8
30
8
99
2
29
9
91
3
49
8
8
9
13
9
88
3
26
9
99
9
99
9
99
9
33
9
99
9
32
9
99
9
49
8
10
9
71
10
82
9
51
9
27
9
64
9
11
12
84
8
90
9
99
4
12
11
83
8
30
9
93
9
38
4
10
8
57
8
99
8
20
8
10
9
28
8
40
9
42
9
13
8
90
9
99
8
10
9
13
9
81
9
89
8
20
9
92
9
34
9
72
8
99
8
89
9
31
9
71
9
92
9
10
8
90
11
23
8
20
1
71
9
99
8
8
9
93
8
50
1
49
9
41
2
19
8
99
9
34
9
99
8
40
9
34
10
82
8
98
9
12
9
90
9
13
12
54
9
71
9
9
9
51
8
48
9
11
8
80
9
90
9
51
9
21
8
79
9
43
8
30
1
69
0
99
9
21
9
61
9
91
9
99
1
99
8
0
8
20
9
92
11
53
9
92
10
52
8
88
8
20
9
18
9
62
9
32
9
11
9
74
11
23
9
81
10
82
9
21
9
99
8
15
9
69
9
43
8
90
9
72
9
69
9
81
4
71
9
49
8
40
9
79
9
67
8
99
9
62
9
71
9
71
8
48
11
83
0
40
9
40
9
19
9
64
9
20
11
23
9
11
9
92
12
84
9
99
9
42
9
32
9
70
9
88
11
23
9
99
10
52
9
32
9
43
9
99
9
69
9
32
9
8
8
70
2
99
8
99
10
52
10
82
9
74
3
8
9
81
12
51
8
70
9
62
9
80
9
71
9
80
9
34
9
76
4
49
9
73
11
83
1
19
9
79
4
89
8
40
9
90
9
43
9
51
9
81
9
99
9
32
9
89
8
30
9
11
9
92
9
31
8
80
9
30
9
61
11
53
9
51
9
12
9
64
9
41
9
92
9
73
8
98
10
52
9
39
9
71
8
40
9
99
10
82
9
9
8
20
9
12
9
38
8
70
9
81
9
30
9
6
4
79
9
71
9
74
9
99
9
43
8
78
9
60
9
62
9
63
10
82
8
19
4
99
9
11
8
85
8
80
0
40
9
17
9
51
9
21
3
9
9
21
9
36
10
22
9
57
8
18
9
69
9
58
1
79
9
73
8
99
9
41
12
24
9
33
1
9
9
83
0
80
8
70
11
53
9
99
9
51
9
93
2
39
9
6
9
20
9
99
1
49
9
31
9
91
8
90
1
48
9
89
9
9
9
99
9
27
8
70
4
79
9
11
9
12
10
52
3
99
8
70
1
33
9
41
9
10
11
83
8
80
9
29
9
73
9
99
9
13
9
74
9
72
9
11
9
62
9
59
9
79
9
49
9
13
6
99
9
79
9
63
9
87
2
77
9
70
8
8
8
20
8
60
9
94
9
21
9
32
9
42
8
15
9
31
9
99
9
99
1
38
0
29
9
49
8
59
9
62
8
10
3
29
9
71
9
40
9
60
9
72
8
28
9
73
9
12
9
99
8
9
9
93
3
48
9
27
1
98
2
79
9
91
8
90
9
74
9
42
10
22
1
18
9
78
9
32
9
19
3
68
4
79
8
19
11
53
10
52
9
21
2
9
8
90
10
82
9
81
9
63
9
49
8
90
9
71
9
91
9
31
11
83
9
39
9
99
9
97
9
91
9
42
9
8
8
40
3
38
9
28
9
29
4
79
10
22
1
68
9
70
8
9
9
71
12
24
9
31
12
24
9
93
9
56
0
40
9
61
10
22
8
10
11
23
9
99
9
43
9
62
8
90
9
63
8
30
9
63
9
32
9
51
0
0
9
99
12
54
9
79
9
30
8
8
8
90
1
19
9
38
11
53
8
60
1
41
10
22
8
90
9
72
8
30
9
92
3
29
9
91
9
13
8
39
9
99
9
99
9
11
8
60
10
21
9
70
9
51
9
98
9
99
9
82
8
20
9
71
9
72
9
74
9
68
9
42
9
33
9
33
9
8
8
75
3
56
9
30
11
83
8
20
9
9
9
99
0
0
9
90
4
62
9
11
1
89
11
83
8
80
2
2
8
35
9
68
9
61
9
94
11
23
9
50
8
99
9
81
10
22
8
60
9
61
9
90
9
91
9
30
11
83
8
20
9
94
9
70
1
48
9
81
9
72
9
71
8
50
9
31
9
38
9
42
9
38
3
9
9
99
0
87
12
84
8
99
9
24
2
29
1
24
9
30
10
22
9
48
9
87
8
60
11
83
9
13
8
90
9
41
9
42
9
49
8
15
9
19
9
89
9
92
9
61
10
82
9
42
9
91
11
23
10
22
9
80
9
33
9
62
9
74
9
42
4
69
9
99
8
50
9
81
8
60
9
99
9
91
4
79
8
55
9
51
8
62
9
90
8
99
9
60
9
49
9
91
11
53
9
71
9
92
8
9
2
42
9
19
9
50
1
38
9
20
9
68
11
53
9
41
8
19
9
91
2
23
1
99
8
8
9
58
8
10
9
93
10
52
9
74
9
38
9
31
9
62
9
51
1
10
9
64
1
19
9
61
9
90
9
61
8
40
11
23
9
18
2
59
9
93
9
29
8
58
9
13
4
9
9
33
9
61
