19
91
9
44
19
33
0
90
9
74
9
44
9
94
19
33
9
14
9
44
9
99
9
94
9
99
9
44
9
44
9
14
9
94
9
44
9
99
9
74
19
93
17
29
9
64
9
44
17
59
9
99
15
87
9
99
9
64
9
64
18
60
9
94
9
99
19
31
9
34
9
44
19
32
9
14
19
61
9
94
9
94
9
74
9
99
9
64
9
94
9
94
9
14
9
99
9
34
19
93
19
93
9
94
9
44
9
14
9
74
17
29
9
34
9
74
9
44
9
99
9
74
18
90
9
74
19
63
9
94
9
74
9
14
9
74
19
32
0
30
9
14
19
63
19
61
9
14
9
64
15
57
17
59
9
94
9
74
9
94
17
89
9
34
9
44
9
1
19
91
9
99
19
62
9
64
9
44
9
14
19
62
19
91
0
90
9
14
17
59
17
29
9
94
9
34
9
44
9
14
9
94
9
74
9
99
9
34
17
29
9
44
9
99
9
99
9
99
9
14
19
31
9
74
17
59
9
14
9
74
9
99
9
44
19
92
9
44
19
31
9
94
9
94
9
44
9
99
9
44
19
31
9
14
9
44
15
27
9
99
9
44
18
60
9
64
9
44
16
58
9
99
9
94
15
27
9
64
9
64
17
59
9
34
18
90
0
80
0
0
9
64
9
99
9
94
9
94
9
99
9
74
19
33
18
30
9
14
9
44
18
30
18
30
19
61
9
44
19
31
17
89
9
94
16
88
9
34
9
74
9
99
9
74
9
94
9
64
0
30
9
94
17
89
9
64
18
60
9
99
9
34
18
30
9
99
9
14
18
60
19
92
9
99
9
74
9
34
16
58
9
74
9
74
9
34
18
90
9
64
9
94
9
74
0
60
9
94
9
34
9
31
9
74
16
58
9
64
19
92
9
34
9
49
19
61
9
74
16
58
19
92
19
32
9
99
9
44
9
14
9
94
9
74
9
44
19
33
0
0
9
34
9
14
9
99
19
92
9
99
9
74
19
92
19
92
9
94
0
20
9
44
9
14
0
70
19
31
9
64
9
94
19
92
19
33
9
44
9
14
9
44
18
30
15
27
9
44
9
64
9
99
9
74
9
14
17
59
9
99
9
44
16
58
9
34
18
90
18
30
9
34
9
34
9
99
9
14
9
44
9
44
17
89
9
44
9
64
9
74
9
44
9
14
9
99
9
44
9
34
9
99
9
64
9
64
18
90
9
64
9
14
16
88
9
64
9
74
9
64
19
61
9
64
9
14
9
99
9
64
19
93
9
14
19
33
9
94
9
14
9
14
9
99
9
94
18
90
9
64
9
94
17
89
9
43
9
44
3
49
9
99
18
60
9
94
9
74
9
34
19
31
3
99
9
94
9
74
19
93
9
14
9
74
19
33
9
94
9
44
9
99
17
29
9
6
9
64
9
94
9
14
9
99
9
64
9
44
9
99
9
34
9
94
3
89
19
92
9
44
15
87
9
64
9
34
19
63
9
99
17
89
18
90
2
69
9
64
9
74
9
44
9
34
17
59
9
34
9
14
16
88
9
99
9
64
9
74
9
64
9
34
17
29
9
44
9
44
9
74
9
99
9
94
9
8
9
99
9
44
19
92
9
14
0
20
9
76
9
64
9
74
17
59
9
99
9
14
9
34
9
64
9
44
9
64
9
99
9
64
9
88
9
94
9
94
9
44
18
30
17
59
9
34
9
34
9
71
9
99
9
99
9
44
9
34
9
43
9
14
9
99
19
63
9
99
9
64
9
99
9
94
9
64
9
94
9
44
9
14
19
91
19
33
9
34
9
14
9
34
18
90
9
64
9
14
19
32
9
34
9
14
9
44
9
94
9
34
9
44
9
74
17
59
9
34
9
74
17
59
19
82
9
94
9
74
19
31
17
29
18
30
9
44
9
44
3
49
9
94
19
61
9
64
9
34
2
79
19
31
9
99
0
40
18
90
17
29
9
64
9
64
9
14
9
74
9
14
15
27
15
57
9
14
9
74
9
94
9
74
9
44
9
64
9
99
17
59
9
34
9
99
9
14
9
64
9
99
9
44
9
99
9
74
9
44
19
63
9
64
9
74
9
74
9
74
17
29
9
14
19
31
9
64
9
74
17
29
1
9
18
30
9
94
9
99
9
34
9
94
9
76
9
14
9
14
18
90
9
94
9
14
19
63
9
34
9
94
8
25
19
93
9
74
9
99
19
93
15
27
9
74
9
44
17
89
9
64
9
99
9
44
9
74
9
74
4
79
15
87
9
14
9
74
17
59
9
14
19
52
18
60
9
64
9
99
9
14
18
60
19
62
9
64
9
64
9
74
9
44
9
34
9
14
9
34
9
99
18
90
9
74
9
44
9
94
9
64
9
34
19
61
9
94
9
64
9
44
9
64
15
27
9
34
9
94
18
90
17
89
9
74
9
94
18
60
9
64
9
44
9
42
9
34
15
27
19
92
3
79
9
74
9
34
18
60
17
59
9
99
9
99
9
64
9
94
9
74
19
62
9
44
9
94
19
32
9
74
19
31
9
8
9
14
9
94
9
94
17
29
18
90
17
89
16
28
9
64
19
31
19
91
9
99
9
99
18
90
19
93
9
74
9
94
9
64
9
64
9
94
19
63
9
14
9
94
17
89
18
90
17
59
18
90
9
74
17
59
9
64
9
64
19
63
4
9
19
91
9
74
9
74
1
9
19
92
9
99
17
59
19
91
9
74
19
31
18
90
9
76
9
48
9
64
9
74
1
79
9
44
9
44
9
44
9
94
15
57
0
70
9
8
19
92
9
44
9
64
18
30
9
99
19
91
9
99
3
99
9
64
9
44
9
34
9
34
17
59
8
85
9
34
9
14
9
74
19
32
0
59
9
74
18
60
9
44
9
94
4
59
9
14
19
63
9
34
19
31
19
62
9
14
9
44
17
89
9
64
9
14
9
14
16
88
9
94
9
44
9
34
9
99
9
99
9
99
9
74
9
74
9
64
9
44
9
34
9
34
9
14
19
91
9
14
8
95
9
74
18
30
9
64
9
16
9
44
19
62
9
14
9
34
19
91
9
74
9
64
9
64
17
29
9
94
9
99
9
58
19
91
9
94
15
87
9
34
9
44
17
59
9
99
3
59
17
29
9
74
16
28
9
44
9
14
9
74
9
34
9
99
17
29
9
14
9
44
3
49
15
87
9
64
9
74
19
62
19
91
16
58
9
14
15
57
9
74
17
59
9
99
9
14
18
60
9
94
17
89
9
34
9
94
9
74
17
89
9
34
9
94
9
14
9
94
17
59
9
99
9
14
9
74
19
21
9
99
9
33
9
34
9
94
9
99
9
34
15
27
9
74
9
34
9
44
9
34
9
94
19
31
9
99
9
14
9
34
9
94
17
89
9
44
17
59
1
19
17
59
0
39
19
61
9
44
9
99
9
34
18
90
17
59
3
49
9
74
9
64
17
29
9
14
9
34
9
14
9
34
9
34
9
94
16
58
3
9
2
19
17
59
9
99
15
57
9
44
18
90
4
69
9
94
9
94
19
61
9
14
9
34
17
29
9
99
9
44
17
59
9
74
17
89
18
60
17
29
9
14
17
89
9
74
8
55
9
14
9
34
9
34
9
64
9
94
9
44
18
60
9
99
9
64
9
74
9
94
9
34
9
14
9
14
18
90
9
74
4
59
19
61
19
33
9
14
17
29
16
28
9
64
9
94
9
34
9
64
9
94
16
88
17
59
18
60
9
68
19
62
9
94
19
33
17
59
9
44
9
14
9
71
9
74
9
74
9
94
15
57
19
32
9
14
9
64
9
14
18
90
16
58
1
39
18
60
9
99
9
99
9
44
9
94
9
64
15
57
9
72
9
94
9
44
9
64
8
35
2
79
9
74
9
44
17
89
19
93
9
44
9
14
9
44
9
94
15
87
9
34
18
90
9
73
9
14
9
94
9
14
9
94
9
99
2
19
9
99
19
32
9
64
9
99
9
44
9
94
9
74
9
64
9
14
9
64
9
44
9
99
9
99
9
34
9
99
9
94
9
94
9
74
17
89
9
64
9
99
19
91
9
34
9
44
18
90
19
62
9
34
19
61
9
14
9
14
18
30
9
94
17
29
9
94
9
14
9
34
9
44
9
64
17
29
9
44
9
44
9
14
9
34
9
64
1
46
2
70
9
99
18
60
9
34
9
14
0
40
3
63
9
94
9
99
9
94
15
87
9
94
9
14
9
74
9
34
9
64
9
99
9
94
16
88
9
74
19
63
16
88
9
44
19
62
9
44
9
14
9
14
9
34
9
34
9
44
9
99
9
44
19
82
9
14
9
99
9
44
9
74
0
7
16
28
9
99
19
62
9
44
3
99
9
43
9
74
4
9
9
44
16
58
9
94
9
74
9
99
9
94
9
14
9
64
9
14
9
94
9
94
9
99
9
44
19
31
9
74
9
44
9
14
9
44
16
88
9
74
9
94
9
94
9
14
9
99
18
90
9
99
17
89
9
14
9
74
9
44
9
99
16
88
