9
81
7
39
11
23
0
90
9
72
7
39
9
93
11
23
9
11
9
39
9
99
8
90
8
99
9
39
7
39
7
9
9
91
8
40
8
99
9
71
11
83
9
19
8
60
9
43
7
49
9
99
8
77
9
99
7
59
9
58
8
50
9
91
9
97
9
21
9
27
7
38
10
22
9
10
9
51
8
90
7
88
9
71
9
99
7
59
9
91
9
90
7
7
7
99
7
29
11
83
11
83
9
91
8
40
9
8
7
68
7
19
9
28
9
72
9
39
7
99
8
68
9
80
7
69
11
53
8
87
9
69
9
11
9
67
10
22
0
30
9
10
11
53
9
51
9
10
7
59
9
47
7
49
9
90
7
69
9
88
7
79
7
29
8
40
7
1
9
81
9
99
10
52
8
60
8
40
7
9
10
52
9
81
0
90
9
9
7
49
9
19
7
89
9
29
9
39
7
9
9
88
9
69
9
99
8
30
7
19
9
43
7
99
7
97
9
99
9
9
9
21
9
72
7
49
8
8
8
70
9
99
9
40
10
82
7
37
9
21
9
91
8
89
7
39
7
99
7
39
9
21
9
12
9
41
7
17
9
99
9
40
8
50
9
59
9
38
9
48
9
99
9
93
7
17
7
57
9
62
7
49
7
29
9
80
0
80
0
0
8
59
9
99
8
90
9
93
9
97
8
67
11
23
8
20
9
8
7
37
9
20
8
20
9
51
9
43
9
21
7
79
8
87
9
78
9
31
9
71
7
99
9
72
9
91
9
60
0
30
8
90
9
79
9
57
9
50
9
97
9
27
8
20
9
98
8
10
8
50
10
82
9
99
8
70
9
30
9
48
9
69
8
70
9
33
8
80
9
59
9
88
7
69
0
60
9
90
8
30
9
31
7
69
9
48
8
58
10
82
8
29
7
49
9
51
8
70
9
48
10
82
10
22
9
99
9
38
9
11
9
91
9
72
8
40
11
23
0
0
9
30
9
8
7
99
10
82
7
97
9
70
10
82
10
82
8
87
0
20
9
39
9
13
0
70
9
21
8
60
7
89
10
82
11
23
7
39
9
13
7
39
8
20
7
17
8
40
9
62
9
98
9
71
8
9
9
49
9
99
9
42
8
48
9
28
8
80
8
20
9
33
9
27
9
98
7
9
8
40
9
42
7
79
9
38
8
60
7
69
9
40
9
12
9
99
9
41
7
29
9
99
9
57
8
60
8
80
7
58
9
9
9
78
7
57
7
68
8
59
9
51
9
58
9
9
7
98
9
63
11
83
7
9
11
23
9
91
9
7
9
9
9
99
9
87
8
80
8
58
9
93
7
79
9
43
7
38
3
49
9
99
9
50
8
90
7
69
9
27
9
21
3
99
7
89
9
70
11
83
8
10
8
70
11
23
7
88
9
41
9
99
9
19
7
6
7
59
9
90
9
10
8
99
9
57
8
38
9
99
9
33
8
90
3
89
10
82
7
39
8
77
7
59
9
33
11
53
7
97
7
79
8
80
2
69
8
60
9
69
9
38
9
33
7
49
8
28
8
9
9
78
9
99
9
61
7
69
7
59
9
33
8
19
9
43
9
42
9
72
9
99
9
87
9
8
9
99
7
39
10
82
7
9
0
20
9
76
9
61
9
71
7
49
8
99
9
8
9
31
7
59
9
42
9
61
9
99
9
59
9
88
9
91
9
92
9
42
8
20
7
49
9
33
9
32
7
71
9
99
9
99
7
39
9
29
9
43
8
10
7
99
11
53
9
99
9
63
9
99
8
90
9
57
9
92
9
40
7
9
9
81
11
23
9
29
9
9
7
29
9
80
7
59
8
9
10
22
8
30
7
9
7
39
9
90
9
33
7
39
9
69
7
49
9
31
8
70
7
49
9
82
9
87
9
72
9
21
9
19
9
20
9
40
9
41
3
49
9
91
9
51
9
60
7
27
2
79
9
21
7
99
0
40
8
80
8
19
8
60
9
62
9
12
9
72
9
7
8
17
7
47
9
9
9
71
7
89
9
69
9
42
9
58
8
99
7
49
7
27
9
99
9
12
7
59
9
99
7
39
9
99
9
72
9
41
11
53
9
63
8
70
9
71
9
73
7
19
9
8
9
21
9
59
9
73
9
19
1
9
8
20
9
88
9
99
9
28
8
90
8
76
9
11
7
9
8
80
7
89
9
11
11
53
7
29
9
91
7
25
11
83
9
72
9
99
11
83
9
17
9
71
9
42
9
79
7
59
9
99
7
39
7
69
8
68
4
79
9
77
9
12
9
71
7
49
9
11
10
52
8
50
9
62
9
99
9
11
8
50
10
52
7
59
7
59
9
67
8
40
7
29
7
9
7
29
7
99
9
80
9
71
9
41
7
89
7
57
9
31
9
51
8
90
8
60
9
39
8
60
9
17
9
32
7
87
8
80
9
79
7
68
9
88
9
50
9
62
8
40
8
42
7
29
9
17
10
82
3
77
9
67
9
28
8
50
7
49
8
97
9
99
8
60
7
89
7
69
10
52
7
39
7
89
10
22
8
70
9
21
7
8
9
10
9
92
7
89
7
19
8
80
7
79
9
18
8
59
9
21
9
81
9
99
9
99
8
80
11
83
8
69
8
90
8
60
8
60
9
87
11
53
7
9
7
89
9
79
8
80
7
49
9
80
9
71
7
49
9
61
7
57
11
53
4
9
9
81
9
73
7
69
1
9
10
82
9
99
7
49
9
81
9
71
9
21
9
80
9
76
9
48
7
59
9
71
1
79
8
40
9
41
9
43
8
87
9
47
0
70
9
8
10
82
9
40
8
60
8
20
9
99
9
81
9
99
3
99
8
60
9
38
9
32
9
28
7
49
8
85
7
29
8
10
8
67
10
22
0
59
8
70
9
50
9
41
9
89
4
59
7
9
11
53
9
31
9
21
10
52
9
11
9
42
7
79
8
60
9
12
9
13
9
78
8
90
9
42
9
32
7
97
9
99
7
99
9
71
9
72
7
59
9
38
7
29
9
29
9
13
9
81
7
9
8
95
9
69
9
20
9
62
7
16
9
43
10
52
8
10
8
30
9
81
9
71
9
57
9
61
7
19
8
90
8
99
8
58
9
81
9
91
8
77
8
30
9
43
7
49
9
99
3
59
7
19
9
71
9
18
8
40
9
7
9
72
7
29
7
99
7
19
7
9
9
43
3
47
9
77
9
62
9
68
10
52
9
81
9
48
9
10
9
47
8
70
9
49
7
99
8
10
9
50
9
90
7
79
9
33
9
92
8
70
7
79
7
29
7
89
9
9
9
93
7
49
7
97
8
10
9
67
9
21
9
99
9
33
7
29
9
90
8
99
9
27
9
17
9
72
9
32
9
40
8
29
9
91
9
21
8
99
9
11
9
31
9
91
7
79
7
37
7
49
1
19
7
49
0
39
9
51
9
38
9
99
9
30
9
80
7
49
3
49
9
72
9
62
7
19
9
10
9
31
7
9
8
30
9
28
7
88
9
48
3
9
2
19
7
49
9
99
8
47
9
41
8
80
4
68
8
88
7
89
9
51
8
8
9
33
7
19
8
99
8
39
7
49
9
71
7
79
8
50
7
19
9
13
9
79
9
71
7
55
9
12
9
31
9
27
7
59
7
89
9
42
8
50
9
99
7
59
9
67
7
89
9
31
9
13
8
8
8
80
9
72
4
59
9
51
11
23
9
8
9
19
9
18
7
59
9
91
9
31
9
61
8
90
9
78
7
49
9
50
9
68
10
52
9
90
11
23
7
49
9
37
9
13
9
71
9
69
8
68
9
93
8
47
10
22
7
9
7
57
8
9
9
80
9
48
1
39
9
50
9
99
9
99
9
38
8
90
8
57
7
47
9
72
8
87
9
39
9
62
8
35
2
79
9
71
9
43
7
79
11
83
9
39
8
10
9
42
9
88
8
77
7
29
9
80
7
73
9
7
9
87
9
9
7
89
8
99
2
19
7
99
10
22
8
57
8
99
9
41
7
89
8
70
8
60
7
9
9
62
9
42
8
98
9
99
8
30
8
99
9
93
9
93
7
68
7
79
9
63
9
97
9
81
9
29
7
39
8
80
10
52
8
30
9
51
7
9
9
11
9
20
9
87
7
19
9
92
9
11
9
33
9
39
9
59
9
19
7
39
9
37
8
10
8
30
9
62
1
46
2
70
9
97
8
50
9
32
9
13
0
40
3
63
9
91
7
99
7
89
8
77
9
91
9
13
9
73
8
30
9
63
9
97
9
90
9
78
9
69
11
53
9
78
9
43
10
52
9
41
8
8
9
12
8
30
9
33
9
40
8
99
9
41
11
82
9
11
7
99
9
41
9
68
0
7
9
18
9
99
10
52
8
39
3
99
8
43
7
69
4
9
9
38
8
48
9
93
8
69
7
99
8
90
9
10
9
61
9
12
8
90
7
88
9
99
8
37
9
21
9
69
9
41
9
12
9
43
7
78
9
71
8
90
7
89
7
9
9
99
9
80
7
99
7
79
8
10
7
69
9
37
9
99
9
78
