19
94
9
44
19
34
0
90
9
74
9
44
9
94
19
34
9
14
9
44
9
99
9
94
9
99
9
44
9
44
9
14
9
94
9
44
9
99
9
74
19
94
19
34
9
64
9
44
19
64
9
99
19
93
9
99
9
64
9
64
19
64
9
94
9
99
19
34
9
34
9
44
19
34
9
14
19
64
9
94
9
94
9
74
9
99
9
64
9
94
9
94
9
14
9
99
9
34
19
94
19
94
9
94
9
44
9
14
9
74
19
34
9
34
9
74
9
44
9
99
9
74
19
94
9
74
19
64
9
94
9
74
9
14
9
74
19
34
0
30
9
14
19
64
19
64
9
14
9
64
19
63
19
64
9
94
9
74
9
94
19
94
9
34
9
44
9
1
19
94
9
99
19
64
9
64
9
44
9
14
19
64
19
94
0
90
9
14
19
64
19
34
9
94
9
34
9
44
9
14
9
94
9
74
9
99
9
34
19
34
9
44
9
99
9
99
9
99
9
14
19
34
9
74
19
64
9
14
9
74
9
99
9
44
19
94
9
44
19
34
9
94
9
94
9
44
9
99
9
44
19
34
9
14
9
44
19
33
9
99
9
44
19
64
9
64
9
44
19
64
9
99
9
94
19
33
9
64
9
64
19
64
9
34
19
94
0
80
0
0
9
64
9
99
9
94
9
94
9
99
9
74
19
34
19
34
9
14
9
44
19
34
19
34
19
64
9
44
19
34
19
94
9
94
19
94
9
34
9
74
9
99
9
74
9
94
9
64
0
30
9
94
19
94
9
64
19
64
9
99
9
34
19
34
9
99
9
14
19
64
19
94
9
99
9
74
9
34
19
64
9
74
9
74
9
34
19
94
9
64
9
94
9
74
0
60
9
94
9
34
9
31
9
74
19
64
9
64
19
94
9
34
9
49
19
64
9
74
19
64
19
94
19
34
9
99
9
44
9
14
9
94
9
74
9
44
19
34
0
0
9
34
9
14
9
99
19
94
9
99
9
74
19
94
19
94
9
94
0
20
9
44
9
14
0
70
19
34
9
64
9
94
19
94
19
34
9
44
9
14
9
44
19
34
19
33
9
44
9
64
9
99
9
74
9
14
19
64
9
99
9
44
19
64
9
34
19
94
19
34
9
34
9
34
9
99
9
14
9
44
9
44
19
94
9
44
9
64
9
74
9
44
9
14
9
99
9
44
9
34
9
99
9
64
9
64
19
94
9
64
9
14
19
94
9
64
9
74
9
64
19
64
9
64
9
14
9
99
9
64
19
94
9
14
19
34
9
94
9
14
9
14
9
99
9
94
19
94
9
64
9
94
19
94
9
43
9
44
3
49
9
99
19
64
9
94
9
74
9
34
19
34
3
99
9
94
9
74
19
94
9
14
9
74
19
34
9
94
9
44
9
99
19
34
9
6
9
64
9
94
9
14
9
99
9
64
9
44
9
99
9
34
9
94
3
89
19
94
9
44
19
93
9
64
9
34
19
64
9
99
19
94
19
94
2
69
9
64
9
74
9
44
9
34
19
64
9
34
9
14
19
94
9
99
9
64
9
74
9
64
9
34
19
34
9
44
9
44
9
74
9
99
9
94
9
8
9
99
9
44
19
94
9
14
0
20
9
76
9
64
9
74
19
64
9
99
9
14
9
34
9
64
9
44
9
64
9
99
9
64
9
88
9
94
9
94
9
44
19
34
19
64
9
34
9
34
9
71
9
99
9
99
9
44
9
34
9
43
9
14
9
99
19
64
9
99
9
64
9
99
9
94
9
64
9
94
9
44
9
14
19
94
19
34
9
34
9
14
9
34
19
94
9
64
9
14
19
34
9
34
9
14
9
44
9
94
9
34
9
44
9
74
19
64
9
34
9
74
19
64
19
82
9
94
9
74
19
34
19
34
19
34
9
44
9
44
3
49
9
94
19
64
9
64
9
34
2
79
19
34
9
99
0
40
19
94
19
34
9
64
9
64
9
14
9
74
9
14
19
33
19
63
9
14
9
74
9
94
9
74
9
44
9
64
9
99
19
64
9
34
9
99
9
14
9
64
9
99
9
44
9
99
9
74
9
44
19
64
9
64
9
74
9
74
9
74
19
34
9
14
19
34
9
64
9
74
19
34
1
9
19
34
9
94
9
99
9
34
9
94
9
76
9
14
9
14
19
94
9
94
9
14
19
64
9
34
9
94
8
25
19
94
9
74
9
99
19
94
19
33
9
74
9
44
19
94
9
64
9
99
9
44
9
74
9
74
4
79
19
93
9
14
9
74
19
64
9
14
19
52
19
64
9
64
9
99
9
14
19
64
19
64
9
64
9
64
9
74
9
44
9
34
9
14
9
34
9
99
19
94
9
74
9
44
9
94
9
64
9
34
19
64
9
94
9
64
9
44
9
64
19
33
9
34
9
94
19
94
19
94
9
74
9
94
19
64
9
64
9
44
9
42
9
34
19
33
19
94
3
79
9
74
9
34
19
64
19
64
9
99
9
99
9
64
9
94
9
74
19
64
9
44
9
94
19
34
9
74
19
34
9
8
9
14
9
94
9
94
19
34
19
94
19
94
19
34
9
64
19
34
19
94
9
99
9
99
19
94
19
94
9
74
9
94
9
64
9
64
9
94
19
64
9
14
9
94
19
94
19
94
19
64
19
94
9
74
19
64
9
64
9
64
19
64
4
9
19
94
9
74
9
74
1
9
19
94
9
99
19
64
19
94
9
74
19
34
19
94
9
76
9
48
9
64
9
74
1
79
9
44
9
44
9
44
9
94
19
63
0
70
9
8
19
94
9
44
9
64
19
34
9
99
19
94
9
99
3
99
9
64
9
44
9
34
9
34
19
64
8
85
9
34
9
14
9
74
19
34
0
59
9
74
19
64
9
44
9
94
4
59
9
14
19
64
9
34
19
34
19
64
9
14
9
44
19
94
9
64
9
14
9
14
19
94
9
94
9
44
9
34
9
99
9
99
9
99
9
74
9
74
9
64
9
44
9
34
9
34
9
14
19
94
9
14
8
95
9
74
19
34
9
64
9
16
9
44
19
64
9
14
9
34
19
94
9
74
9
64
9
64
19
34
9
94
9
99
9
58
19
94
9
94
19
93
9
34
9
44
19
64
9
99
3
59
19
34
9
74
19
34
9
44
9
14
9
74
9
34
9
99
19
34
9
14
9
44
3
49
19
93
9
64
9
74
19
64
19
94
19
64
9
14
19
63
9
74
19
64
9
99
9
14
19
64
9
94
19
94
9
34
9
94
9
74
19
94
9
34
9
94
9
14
9
94
19
64
9
99
9
14
9
74
19
21
9
99
9
33
9
34
9
94
9
99
9
34
19
33
9
74
9
34
9
44
9
34
9
94
19
34
9
99
9
14
9
34
9
94
19
94
9
44
19
64
1
19
19
64
0
39
19
64
9
44
9
99
9
34
19
94
19
64
3
49
9
74
9
64
19
34
9
14
9
34
9
14
9
34
9
34
9
94
19
64
3
9
2
19
19
64
9
99
19
63
9
44
19
94
4
69
9
94
9
94
19
64
9
14
9
34
19
34
9
99
9
44
19
64
9
74
19
94
19
64
19
34
9
14
19
94
9
74
8
55
9
14
9
34
9
34
9
64
9
94
9
44
19
64
9
99
9
64
9
74
9
94
9
34
9
14
9
14
19
94
9
74
4
59
19
64
19
34
9
14
19
34
19
34
9
64
9
94
9
34
9
64
9
94
19
94
19
64
19
64
9
68
19
64
9
94
19
34
19
64
9
44
9
14
9
71
9
74
9
74
9
94
19
63
19
34
9
14
9
64
9
14
19
94
19
64
1
39
19
64
9
99
9
99
9
44
9
94
9
64
19
63
9
72
9
94
9
44
9
64
8
35
2
79
9
74
9
44
19
94
19
94
9
44
9
14
9
44
9
94
19
93
9
34
19
94
9
73
9
14
9
94
9
14
9
94
9
99
2
19
9
99
19
34
9
64
9
99
9
44
9
94
9
74
9
64
9
14
9
64
9
44
9
99
9
99
9
34
9
99
9
94
9
94
9
74
19
94
9
64
9
99
19
94
9
34
9
44
19
94
19
64
9
34
19
64
9
14
9
14
19
34
9
94
19
34
9
94
9
14
9
34
9
44
9
64
19
34
9
44
9
44
9
14
9
34
9
64
1
46
2
70
9
99
19
64
9
34
9
14
0
40
3
63
9
94
9
99
9
94
19
93
9
94
9
14
9
74
9
34
9
64
9
99
9
94
19
94
9
74
19
64
19
94
9
44
19
64
9
44
9
14
9
14
9
34
9
34
9
44
9
99
9
44
19
82
9
14
9
99
9
44
9
74
0
7
19
34
9
99
19
64
9
44
3
99
9
43
9
74
4
9
9
44
19
64
9
94
9
74
9
99
9
94
9
14
9
64
9
14
9
94
9
94
9
99
9
44
19
34
9
74
9
44
9
14
9
44
19
94
9
74
9
94
9
94
9
14
9
99
19
94
9
99
19
94
9
14
9
74
9
44
9
99
19
94
