12
84
9
42
14
26
0
90
9
74
9
42
9
94
14
26
9
14
9
42
9
99
9
93
9
99
9
42
9
42
9
12
9
94
9
43
9
99
9
74
14
86
10
22
9
63
9
44
10
52
9
99
9
80
9
99
9
62
9
61
11
53
9
94
9
99
12
24
9
30
9
41
13
25
9
13
12
54
9
93
9
91
9
74
9
99
9
62
9
94
9
93
9
10
9
99
9
32
14
86
14
86
9
94
9
43
9
11
9
71
10
22
9
31
9
74
9
42
9
99
9
71
11
83
9
72
14
56
9
90
9
72
9
14
9
70
13
25
0
30
9
13
14
56
12
54
9
13
9
62
9
50
10
52
9
93
9
72
9
91
10
82
9
32
9
43
9
1
12
84
9
99
13
55
9
63
9
43
9
12
13
55
12
84
0
90
9
12
10
52
10
22
9
92
9
32
9
42
9
12
9
91
9
72
9
99
9
33
10
22
9
44
9
99
9
99
9
99
9
12
12
24
9
74
10
52
9
11
9
73
9
99
9
43
13
85
9
40
12
24
9
94
9
92
9
42
9
99
9
42
12
24
9
14
9
44
9
20
9
99
9
43
11
53
9
62
9
41
9
51
9
99
9
94
9
20
9
60
9
64
10
52
9
32
11
83
0
80
0
0
9
62
9
99
9
93
9
94
9
99
9
70
14
26
11
23
9
11
9
40
11
23
11
23
12
54
9
44
12
24
10
82
9
90
9
81
9
34
9
74
9
99
9
74
9
94
9
63
0
30
9
93
10
82
9
60
11
53
9
99
9
30
11
23
9
99
9
13
11
53
13
85
9
99
9
73
9
33
9
51
9
72
9
73
9
34
11
83
9
62
9
91
9
72
0
60
9
93
9
33
9
31
9
72
9
51
9
61
13
85
9
32
9
49
12
54
9
73
9
51
13
85
13
25
9
99
9
41
9
14
9
94
9
74
9
43
14
26
0
0
9
33
9
11
9
99
13
85
9
99
9
73
13
85
13
85
9
90
0
20
9
42
9
14
0
70
12
24
9
63
9
92
13
85
14
26
9
42
9
14
9
42
11
23
9
20
9
43
9
64
9
99
9
74
9
12
10
52
9
99
9
44
9
51
9
31
11
83
11
23
9
34
9
30
9
99
9
12
9
43
9
44
10
82
9
41
9
63
9
72
9
43
9
14
9
99
9
44
9
32
9
99
9
60
9
63
11
83
9
61
9
12
9
81
9
60
9
71
9
62
12
54
9
61
9
12
9
99
9
64
14
86
9
12
14
26
9
94
9
10
9
12
9
99
9
90
11
83
9
61
9
94
10
82
9
43
9
41
3
49
9
99
11
53
9
93
9
72
9
30
12
24
3
99
9
92
9
73
14
86
9
13
9
73
14
26
9
91
9
44
9
99
10
22
9
6
9
62
9
93
9
13
9
99
9
60
9
41
9
99
9
34
9
93
3
89
13
85
9
42
9
80
9
62
9
34
14
56
9
99
10
82
11
83
2
69
9
63
9
72
9
41
9
34
10
52
9
31
9
12
9
81
9
99
9
64
9
72
9
62
9
34
10
22
9
44
9
44
9
74
9
99
9
90
9
8
9
99
9
42
13
85
9
12
0
20
9
76
9
64
9
74
10
52
9
99
9
11
9
34
9
62
9
44
9
64
9
99
9
62
9
88
9
94
9
94
9
44
11
23
10
52
9
34
9
34
9
71
9
99
9
99
9
42
9
32
9
43
9
13
9
99
14
56
9
99
9
64
9
99
9
93
9
60
9
94
9
43
9
12
12
84
14
26
9
32
9
12
9
32
11
83
9
62
9
12
13
25
9
33
9
12
9
42
9
93
9
34
9
42
9
72
10
52
9
34
9
73
10
52
12
82
9
90
9
74
12
24
10
22
11
23
9
43
9
44
3
49
9
94
12
54
9
63
9
30
2
79
12
24
9
99
0
40
11
83
10
22
9
63
9
64
9
14
9
74
9
10
9
20
9
50
9
12
9
74
9
92
9
72
9
44
9
61
9
99
10
52
9
30
9
99
9
14
9
62
9
99
9
42
9
99
9
74
9
44
14
56
9
64
9
73
9
74
9
74
10
22
9
11
12
24
9
62
9
74
10
22
1
9
11
23
9
91
9
99
9
31
9
93
9
76
9
14
9
12
11
83
9
92
9
14
14
56
9
32
9
94
8
25
14
86
9
74
9
99
14
86
9
20
9
74
9
44
10
82
9
62
9
99
9
42
9
72
9
71
4
79
9
80
9
14
9
74
10
52
9
14
13
52
11
53
9
64
9
99
9
14
11
53
13
55
9
62
9
62
9
70
9
43
9
32
9
12
9
32
9
99
11
83
9
74
9
44
9
92
9
60
9
34
12
54
9
93
9
63
9
42
9
63
9
20
9
34
9
90
11
83
10
82
9
71
9
91
11
53
9
64
9
43
9
42
9
32
9
20
13
85
3
79
9
70
9
31
11
53
10
52
9
99
9
99
9
63
9
92
9
72
13
55
9
42
9
92
13
25
9
73
12
24
9
8
9
13
9
94
9
92
10
22
11
83
10
82
9
21
9
62
12
24
12
84
9
99
9
99
11
83
14
86
9
72
9
93
9
63
9
63
9
90
14
56
9
12
9
92
10
82
11
83
10
52
11
83
9
74
10
52
9
64
9
60
14
56
4
9
12
84
9
74
9
72
1
9
13
85
9
99
10
52
12
84
9
74
12
24
11
83
9
76
9
48
9
62
9
74
1
79
9
43
9
44
9
44
9
90
9
50
0
70
9
8
13
85
9
43
9
63
11
23
9
99
12
84
9
99
3
99
9
63
9
41
9
34
9
31
10
52
8
85
9
32
9
13
9
70
13
25
0
59
9
73
11
53
9
44
9
92
4
59
9
12
14
56
9
34
12
24
13
55
9
14
9
44
10
82
9
63
9
14
9
14
9
81
9
93
9
44
9
34
9
99
9
99
9
99
9
74
9
74
9
62
9
41
9
32
9
32
9
14
12
84
9
12
8
95
9
72
11
23
9
64
9
16
9
44
13
55
9
13
9
33
12
84
9
74
9
60
9
64
10
22
9
93
9
99
9
58
12
84
9
94
9
80
9
33
9
44
10
52
9
99
3
59
10
22
9
74
9
21
9
43
9
10
9
74
9
32
9
99
10
22
9
12
9
44
3
49
9
80
9
64
9
71
13
55
12
84
9
51
9
13
9
50
9
73
10
52
9
99
9
13
11
53
9
93
10
82
9
34
9
94
9
73
10
82
9
32
9
92
9
12
9
94
10
52
9
99
9
13
9
70
12
21
9
99
9
33
9
32
9
93
9
99
9
30
9
20
9
74
9
34
9
43
9
32
9
94
12
24
9
99
9
14
9
34
9
94
10
82
9
40
10
52
1
19
10
52
0
39
12
54
9
41
9
99
9
33
11
83
10
52
3
49
9
74
9
64
10
22
9
13
9
34
9
12
9
33
9
31
9
91
9
51
3
9
2
19
10
52
9
99
9
50
9
44
11
83
4
69
9
91
9
92
12
54
9
11
9
34
10
22
9
99
9
42
10
52
9
74
10
82
11
53
10
22
9
14
10
82
9
74
8
55
9
14
9
34
9
30
9
62
9
92
9
44
11
53
9
99
9
62
9
70
9
92
9
34
9
14
9
11
11
83
9
74
4
59
12
54
14
26
9
11
10
22
9
21
9
62
9
94
9
34
9
64
9
93
9
81
10
52
11
53
9
68
13
55
9
93
14
26
10
52
9
40
9
14
9
71
9
72
9
71
9
94
9
50
13
25
9
12
9
60
9
12
11
83
9
51
1
39
11
53
9
99
9
99
9
41
9
93
9
60
9
50
9
72
9
90
9
42
9
64
8
35
2
79
9
74
9
44
10
82
14
86
9
42
9
13
9
44
9
91
9
80
9
32
11
83
9
73
9
10
9
90
9
12
9
92
9
99
2
19
9
99
13
25
9
60
9
99
9
44
9
92
9
73
9
63
9
12
9
64
9
44
9
99
9
99
9
33
9
99
9
94
9
94
9
71
10
82
9
64
9
99
12
84
9
32
9
42
11
83
13
55
9
33
12
54
9
12
9
14
11
23
9
90
10
22
9
94
9
14
9
34
9
42
9
62
10
22
9
42
9
40
9
13
9
33
9
64
1
46
2
70
9
99
11
53
9
34
9
14
0
40
3
63
9
94
9
99
9
92
9
80
9
94
9
14
9
74
9
33
9
64
9
99
9
93
9
81
9
72
14
56
9
81
9
44
13
55
9
44
9
11
9
14
9
33
9
34
9
43
9
99
9
44
14
82
9
14
9
99
9
44
9
71
0
7
9
21
9
99
13
55
9
42
3
99
9
43
9
72
4
9
9
41
9
51
9
94
9
72
9
99
9
93
9
13
9
64
9
14
9
93
9
91
9
99
9
40
12
24
9
72
9
44
9
14
9
44
9
81
9
74
9
93
9
92
9
12
9
99
11
83
9
99
10
82
9
13
9
72
9
40
9
99
9
81
