4
77
2
36
6
19
0
90
5
67
2
38
6
89
6
19
4
9
6
34
5
95
3
87
3
96
4
34
2
36
2
5
4
86
3
35
3
99
4
66
6
79
5
14
3
57
6
38
2
49
4
97
3
72
4
99
2
56
4
53
3
49
6
86
4
92
4
18
5
22
2
33
5
18
5
5
4
49
3
89
2
83
6
66
5
94
2
54
6
86
6
85
2
2
2
99
2
29
6
78
6
79
4
87
3
39
6
3
2
63
2
19
6
23
5
68
4
34
2
95
3
63
4
75
2
64
6
49
3
82
6
64
4
6
5
62
6
17
0
30
5
5
6
48
4
46
4
5
2
59
4
42
2
49
5
85
2
68
4
83
2
79
2
29
3
35
2
1
4
79
4
95
6
47
3
59
3
39
2
5
5
49
5
76
0
90
6
4
2
48
4
14
2
88
4
24
5
34
2
5
4
83
4
64
6
97
3
29
2
16
6
39
2
95
2
92
6
95
4
4
4
19
5
68
2
49
3
3
3
69
5
94
4
35
6
77
2
32
4
19
4
88
3
84
2
35
2
99
2
37
4
19
5
9
5
36
2
12
5
99
6
35
3
49
4
54
5
33
4
43
4
94
6
89
2
12
2
52
5
59
2
48
2
24
5
75
0
80
0
0
3
54
4
94
3
89
6
89
5
92
3
62
6
19
3
18
5
3
2
32
6
15
3
17
5
46
6
39
4
19
2
74
3
82
5
73
4
26
4
68
2
98
6
67
6
86
4
55
0
30
3
89
4
74
4
52
5
45
5
92
5
22
3
17
6
93
3
8
3
46
5
79
4
97
3
65
6
25
5
43
6
64
3
68
6
28
3
78
4
54
6
83
2
67
0
60
5
85
3
29
5
31
2
64
4
43
3
53
5
79
3
24
2
49
4
49
3
69
4
43
5
79
6
17
6
98
4
33
5
6
4
89
5
67
3
36
6
19
0
0
5
25
5
3
2
99
5
79
2
92
6
65
5
77
5
79
3
82
0
20
6
34
6
9
0
70
4
19
3
59
2
85
5
79
6
19
2
36
6
9
2
34
3
17
2
12
3
39
5
57
5
93
5
66
3
4
6
44
4
96
5
39
3
43
5
23
3
75
3
15
6
29
5
22
6
93
2
5
3
37
5
37
2
74
4
33
3
59
2
69
4
35
5
8
4
98
6
36
2
29
6
94
4
52
3
56
3
77
2
53
6
4
4
73
2
52
2
63
3
54
4
49
4
53
5
4
2
93
6
59
6
78
2
6
6
19
4
89
4
2
6
4
5
99
5
82
3
79
3
53
6
89
2
74
6
43
2
33
3
48
5
98
4
45
3
88
2
69
5
22
4
19
3
95
2
85
6
65
6
79
3
7
3
69
6
19
2
83
6
36
5
96
4
14
2
6
2
57
6
85
5
5
3
99
5
52
3
33
4
99
6
29
3
86
3
89
5
77
2
39
3
72
2
55
6
29
6
48
2
92
2
79
3
77
2
67
3
59
4
64
5
33
6
29
2
47
3
23
3
4
4
73
6
94
4
59
2
69
2
59
6
29
3
14
6
39
5
39
6
67
4
94
4
82
4
8
6
95
2
39
5
77
2
5
0
20
5
76
5
56
4
69
2
45
3
94
6
3
4
29
2
58
5
39
4
58
5
95
5
54
6
88
4
89
5
89
6
37
3
15
2
48
6
29
5
29
2
71
6
97
6
99
2
34
5
24
6
44
3
9
2
99
6
49
6
97
6
59
4
98
3
89
4
52
5
87
4
35
2
7
4
78
6
18
5
24
5
4
2
28
4
75
2
56
3
4
5
19
3
29
2
4
2
37
5
85
6
29
2
37
4
64
2
49
6
26
3
68
2
45
4
82
4
82
5
69
6
16
6
14
4
15
4
35
4
39
3
46
4
89
4
47
4
55
2
22
2
79
4
19
2
96
0
40
3
78
3
14
3
57
5
59
5
9
5
69
4
2
3
12
2
42
4
4
4
69
2
87
5
64
5
38
5
53
3
98
2
48
2
22
4
98
5
9
2
54
5
98
2
34
5
99
5
68
4
36
6
48
6
59
3
69
4
68
6
68
2
14
5
3
4
19
4
54
6
69
4
14
1
7
3
16
4
83
5
94
5
23
3
89
3
76
5
6
2
8
3
75
2
87
5
6
6
48
2
29
5
86
2
25
6
79
5
69
5
96
6
79
4
12
4
68
5
39
6
74
2
58
4
99
2
38
2
64
3
63
4
75
5
72
5
7
4
68
2
49
5
6
5
52
3
49
5
59
4
98
4
6
3
49
5
49
2
55
2
58
4
62
3
39
2
26
2
6
2
24
2
99
6
75
4
69
4
39
2
89
2
52
4
28
4
49
3
85
3
55
5
34
3
58
4
12
5
29
2
82
3
79
6
74
2
63
4
83
4
45
5
59
3
39
3
42
2
29
4
12
5
79
3
72
4
62
6
23
3
45
2
45
3
92
6
99
3
59
2
89
2
67
5
49
2
39
2
89
5
19
3
69
6
16
2
8
5
5
5
89
2
85
2
15
3
77
2
78
5
13
3
54
4
19
4
76
4
99
5
96
3
79
6
79
3
64
3
85
3
59
3
58
5
82
6
49
2
7
2
89
4
74
3
79
2
49
4
75
5
66
2
49
4
59
2
52
6
49
4
8
4
79
6
69
2
67
1
5
6
77
4
99
2
46
4
79
4
69
4
17
5
75
4
76
4
48
2
59
4
69
1
78
3
39
4
36
6
38
3
82
4
42
0
70
6
8
6
77
5
35
3
59
3
15
5
99
4
78
4
99
3
98
3
58
4
33
6
27
6
23
2
46
4
85
2
28
3
9
3
62
5
19
0
58
3
68
4
45
5
36
5
84
4
54
2
5
6
49
5
26
4
19
5
49
4
9
5
39
2
75
3
55
5
7
6
9
4
73
3
89
5
39
6
27
2
92
4
95
2
99
4
69
5
68
2
59
6
33
2
25
5
24
6
9
4
77
2
9
5
95
6
64
6
15
5
59
2
16
6
38
5
49
3
9
3
27
4
79
4
66
5
52
4
59
2
18
3
87
3
94
3
58
4
77
4
88
3
72
3
25
6
39
2
49
6
99
3
54
2
19
4
68
4
13
3
35
4
2
6
67
2
27
2
98
2
17
2
9
6
38
3
42
5
72
6
57
4
63
5
49
5
76
4
43
5
5
4
42
3
67
6
44
2
99
3
6
5
45
4
85
2
79
6
29
6
87
3
66
2
74
2
25
2
86
4
4
6
89
2
49
2
92
3
9
4
62
4
21
6
96
6
33
2
29
6
85
3
97
4
22
5
12
5
68
5
29
4
35
3
24
4
88
6
16
3
99
6
6
4
27
4
88
2
79
2
32
2
48
1
15
2
48
0
39
4
47
6
33
5
94
4
25
4
75
2
47
3
49
5
69
5
59
2
17
6
5
5
26
2
6
3
28
4
23
2
83
4
43
3
7
2
16
2
46
4
97
3
42
4
39
3
75
4
63
3
83
2
88
4
46
3
3
6
29
2
14
3
99
3
34
2
49
4
67
2
76
3
49
2
19
6
9
6
74
4
69
2
55
6
7
4
27
4
22
2
57
2
89
5
37
3
49
4
98
2
59
4
62
2
89
6
26
6
9
3
3
3
79
6
67
4
56
5
46
6
19
5
3
6
14
5
13
2
56
4
87
5
26
4
59
3
87
6
73
2
49
4
45
6
68
5
49
6
85
6
19
2
49
4
32
6
9
5
71
6
64
3
63
6
89
3
42
5
19
2
9
2
52
3
4
4
75
5
43
1
39
6
45
4
99
6
95
4
33
3
89
3
52
2
42
4
72
3
82
5
34
5
58
3
35
2
75
6
66
6
39
2
75
6
79
4
34
3
7
5
38
4
83
3
72
2
29
4
75
2
73
5
2
5
82
5
4
2
89
3
99
2
18
2
96
5
19
3
52
3
99
6
36
2
87
3
67
3
59
2
8
5
59
5
38
3
93
5
99
3
27
3
94
6
89
6
89
2
63
2
79
6
58
5
92
4
76
6
24
2
34
3
79
6
47
3
27
4
49
2
9
4
9
5
15
5
82
2
19
6
87
4
7
6
28
6
34
4
54
6
14
2
38
4
32
3
6
3
26
6
57
1
46
2
70
5
92
3
49
5
27
6
9
0
40
3
63
4
89
2
99
2
89
3
72
4
88
6
9
6
69
3
29
6
59
4
92
6
85
4
73
6
64
6
49
6
73
6
39
5
48
5
36
3
3
5
7
3
29
6
29
5
35
3
96
6
36
6
82
4
8
2
98
4
36
5
63
0
7
4
13
4
99
6
47
3
34
3
98
3
43
2
68
4
9
5
33
3
43
6
88
3
64
2
98
3
89
5
5
4
59
5
7
3
89
2
83
5
99
3
32
4
16
4
64
4
36
5
9
6
39
2
73
4
67
3
89
2
89
2
8
4
99
5
75
2
97
2
75
3
9
2
67
5
32
5
99
5
73
