11
83
9
41
13
25
0
90
9
74
9
41
9
94
13
25
9
13
9
41
9
99
9
92
9
99
9
41
9
41
9
11
9
93
9
42
9
99
9
73
13
85
9
21
9
62
9
44
9
51
9
99
9
79
9
99
9
61
9
60
10
52
9
93
9
99
11
23
9
29
9
40
12
24
9
12
11
53
9
92
9
90
9
73
9
99
9
61
9
93
9
92
9
9
9
99
9
31
13
85
13
85
9
93
9
42
9
10
9
70
9
21
9
30
9
74
9
41
9
99
9
70
10
82
9
71
13
55
9
89
9
71
9
13
9
69
12
24
0
30
9
12
13
55
11
53
9
12
9
61
9
49
9
51
9
92
9
71
9
90
9
81
9
31
9
42
9
1
11
83
9
99
12
54
9
62
9
42
9
11
12
54
11
83
0
90
9
11
9
51
9
21
9
91
9
31
9
41
9
11
9
90
9
71
9
99
9
32
9
21
9
44
9
99
9
99
9
99
9
11
11
23
9
74
9
51
9
10
9
72
9
99
9
42
12
84
9
39
11
23
9
93
9
91
9
41
9
99
9
41
11
23
9
14
9
43
9
19
9
99
9
42
10
52
9
61
9
40
9
50
9
99
9
94
9
19
9
59
9
64
9
51
9
31
10
82
0
80
0
0
9
61
9
99
9
92
9
94
9
99
9
69
13
25
10
22
9
10
9
39
10
22
10
22
11
53
9
44
11
23
9
81
9
89
9
80
9
33
9
73
9
99
9
74
9
93
9
62
0
30
9
92
9
81
9
59
10
52
9
99
9
29
10
22
9
99
9
12
10
52
12
84
9
99
9
72
9
32
9
50
9
71
9
72
9
34
10
82
9
61
9
90
9
71
0
60
9
92
9
32
9
31
9
71
9
50
9
60
12
84
9
31
9
49
11
53
9
72
9
50
12
84
12
24
9
99
9
40
9
13
9
93
9
74
9
42
13
25
0
0
9
32
9
10
9
99
12
84
9
99
9
72
12
84
12
84
9
89
0
20
9
41
9
14
0
70
11
23
9
62
9
91
12
84
13
25
9
41
9
14
9
41
10
22
9
19
9
42
9
64
9
99
9
73
9
11
9
51
9
99
9
44
9
50
9
30
10
82
10
22
9
34
9
29
9
99
9
11
9
42
9
44
9
81
9
40
9
62
9
71
9
42
9
14
9
99
9
43
9
31
9
99
9
59
9
62
10
82
9
60
9
11
9
80
9
59
9
70
9
61
11
53
9
60
9
11
9
99
9
64
13
85
9
11
13
25
9
93
9
9
9
11
9
99
9
89
10
82
9
60
9
94
9
81
9
43
9
40
3
49
9
99
10
52
9
92
9
71
9
29
11
23
3
99
9
91
9
72
13
85
9
12
9
72
13
25
9
90
9
43
9
99
9
21
9
6
9
61
9
92
9
12
9
99
9
59
9
40
9
99
9
34
9
92
3
89
12
84
9
41
9
79
9
61
9
34
13
55
9
99
9
81
10
82
2
69
9
62
9
71
9
40
9
34
9
51
9
30
9
11
9
80
9
99
9
63
9
71
9
61
9
34
9
21
9
44
9
44
9
74
9
99
9
89
9
8
9
99
9
41
12
84
9
11
0
20
9
76
9
63
9
73
9
51
9
99
9
10
9
33
9
61
9
44
9
63
9
99
9
61
9
88
9
93
9
94
9
44
10
22
9
51
9
34
9
34
9
71
9
99
9
99
9
41
9
31
9
43
9
12
9
99
13
55
9
99
9
64
9
99
9
92
9
59
9
94
9
42
9
11
11
83
13
25
9
31
9
11
9
31
10
82
9
61
9
11
12
24
9
32
9
11
9
41
9
92
9
34
9
41
9
71
9
51
9
33
9
72
9
51
11
82
9
89
9
74
11
23
9
21
10
22
9
42
9
43
3
49
9
93
11
53
9
62
9
29
2
79
11
23
9
99
0
40
10
82
9
21
9
62
9
64
9
14
9
74
9
9
9
19
9
49
9
11
9
73
9
91
9
71
9
44
9
60
9
99
9
51
9
29
9
99
9
14
9
61
9
99
9
41
9
99
9
74
9
43
13
55
9
64
9
72
9
73
9
74
9
21
9
10
11
23
9
61
9
74
9
21
1
9
10
22
9
90
9
99
9
30
9
92
9
76
9
13
9
11
10
82
9
91
9
13
13
55
9
31
9
93
8
25
13
85
9
74
9
99
13
85
9
19
9
73
9
44
9
81
9
61
9
99
9
41
9
71
9
70
4
79
9
79
9
14
9
73
9
51
9
13
12
52
10
52
9
64
9
99
9
13
10
52
12
54
9
61
9
61
9
69
9
42
9
31
9
11
9
31
9
99
10
82
9
73
9
43
9
91
9
59
9
33
11
53
9
92
9
62
9
41
9
62
9
19
9
34
9
89
10
82
9
81
9
70
9
90
10
52
9
64
9
42
9
42
9
31
9
19
12
84
3
79
9
69
9
30
10
52
9
51
9
99
9
99
9
62
9
91
9
71
12
54
9
41
9
91
12
24
9
72
11
23
9
8
9
12
9
94
9
91
9
21
10
82
9
81
9
20
9
61
11
23
11
83
9
99
9
99
10
82
13
85
9
71
9
92
9
62
9
62
9
89
13
55
9
11
9
91
9
81
10
82
9
51
10
82
9
73
9
51
9
63
9
59
13
55
4
9
11
83
9
74
9
71
1
9
12
84
9
99
9
51
11
83
9
73
11
23
10
82
9
76
9
48
9
61
9
73
1
79
9
42
9
43
9
44
9
89
9
49
0
70
9
8
12
84
9
42
9
62
10
22
9
99
11
83
9
99
3
99
9
62
9
40
9
34
9
30
9
51
8
85
9
31
9
12
9
69
12
24
0
59
9
72
10
52
9
43
9
91
4
59
9
11
13
55
9
33
11
23
12
54
9
13
9
44
9
81
9
62
9
14
9
14
9
80
9
92
9
44
9
34
9
99
9
99
9
99
9
73
9
74
9
61
9
40
9
31
9
31
9
14
11
83
9
11
8
95
9
71
10
22
9
64
9
16
9
44
12
54
9
12
9
32
11
83
9
73
9
59
9
63
9
21
9
92
9
99
9
58
11
83
9
93
9
79
9
32
9
44
9
51
9
99
3
59
9
21
9
73
9
20
9
42
9
9
9
74
9
31
9
99
9
21
9
11
9
44
3
49
9
79
9
64
9
70
12
54
11
83
9
50
9
12
9
49
9
72
9
51
9
99
9
12
10
52
9
92
9
81
9
34
9
94
9
72
9
81
9
31
9
91
9
11
9
94
9
51
9
99
9
12
9
69
11
21
9
99
9
33
9
31
9
92
9
99
9
29
9
19
9
74
9
34
9
42
9
31
9
93
11
23
9
99
9
13
9
33
9
93
9
81
9
39
9
51
1
19
9
51
0
39
11
53
9
40
9
99
9
32
10
82
9
51
3
49
9
74
9
64
9
21
9
12
9
33
9
11
9
32
9
30
9
90
9
50
3
9
2
19
9
51
9
99
9
49
9
43
10
82
4
69
9
90
9
91
11
53
9
10
9
34
9
21
9
99
9
41
9
51
9
73
9
81
10
52
9
21
9
14
9
81
9
73
8
55
9
14
9
33
9
29
9
61
9
91
9
44
10
52
9
99
9
61
9
69
9
91
9
33
9
14
9
10
10
82
9
74
4
59
11
53
13
25
9
10
9
21
9
20
9
61
9
93
9
33
9
63
9
92
9
80
9
51
10
52
9
68
12
54
9
92
13
25
9
51
9
39
9
14
9
71
9
71
9
70
9
94
9
49
12
24
9
11
9
59
9
11
10
82
9
50
1
39
10
52
9
99
9
99
9
40
9
92
9
59
9
49
9
72
9
89
9
41
9
64
8
35
2
79
9
73
9
44
9
81
13
85
9
41
9
12
9
44
9
90
9
79
9
31
10
82
9
73
9
9
9
89
9
11
9
91
9
99
2
19
9
99
12
24
9
59
9
99
9
43
9
91
9
72
9
62
9
11
9
64
9
44
9
99
9
99
9
32
9
99
9
94
9
94
9
70
9
81
9
64
9
99
11
83
9
31
9
41
10
82
12
54
9
32
11
53
9
11
9
13
10
22
9
89
9
21
9
94
9
13
9
34
9
41
9
61
9
21
9
41
9
39
9
12
9
32
9
64
1
46
2
70
9
99
10
52
9
34
9
14
0
40
3
63
9
93
9
99
9
91
9
79
9
93
9
14
9
74
9
32
9
64
9
99
9
92
9
80
9
71
13
55
9
80
9
44
12
54
9
43
9
10
9
14
9
32
9
34
9
42
9
99
9
43
13
82
9
13
9
99
9
43
9
70
0
7
9
20
9
99
12
54
9
41
3
99
9
43
9
71
4
9
9
40
9
50
9
94
9
71
9
99
9
92
9
12
9
63
9
14
9
92
9
90
9
99
9
39
11
23
9
71
9
43
9
14
9
44
9
80
9
73
9
92
9
91
9
11
9
99
10
82
9
99
9
81
9
12
9
71
9
39
9
99
9
80
