10
82
8
40
12
24
0
90
9
73
8
40
9
94
12
24
9
12
9
40
9
99
9
91
9
99
9
40
8
40
8
10
9
92
9
41
9
99
9
72
12
84
9
20
9
61
9
44
8
50
9
99
9
78
9
99
8
60
9
59
9
51
9
92
9
98
10
22
9
28
8
39
11
23
9
11
10
52
9
91
8
89
9
72
9
99
8
60
9
92
9
91
8
8
8
99
8
30
12
84
12
84
9
92
9
41
9
9
8
69
8
20
9
29
9
73
9
40
8
99
9
69
9
81
8
70
12
54
9
88
9
70
9
12
9
68
11
23
0
30
9
11
12
54
10
52
9
11
8
60
9
48
8
50
9
91
8
70
9
89
8
80
8
30
9
41
8
1
10
82
9
99
11
53
9
61
9
41
8
10
11
53
10
82
0
90
9
10
8
50
9
20
8
90
9
30
9
40
8
10
9
89
9
70
9
99
9
31
8
20
9
44
8
99
8
98
9
99
9
10
10
22
9
73
8
50
9
9
9
71
9
99
9
41
11
83
8
38
10
22
9
92
9
90
8
40
8
99
8
40
10
22
9
13
9
42
8
18
9
99
9
41
9
51
9
60
9
39
9
49
9
99
9
94
8
18
8
58
9
63
8
50
8
30
9
81
0
80
0
0
9
60
9
99
9
91
9
94
9
98
9
68
12
24
9
21
9
9
8
38
9
21
9
21
10
52
9
44
10
22
8
80
9
88
9
79
9
32
9
72
8
99
9
73
9
92
9
61
0
30
9
91
9
80
9
58
9
51
9
98
9
28
9
21
9
99
9
11
9
51
11
83
9
99
9
71
9
31
9
49
9
70
9
71
9
34
9
81
9
60
9
89
8
70
0
60
9
91
9
31
9
31
8
70
9
49
9
59
11
83
9
30
8
49
10
52
9
71
9
49
11
83
11
23
9
99
9
39
9
12
9
92
9
73
9
41
12
24
0
0
9
31
9
9
8
99
11
83
8
98
9
71
11
83
11
83
9
88
0
20
9
40
9
14
0
70
10
22
9
61
8
90
11
83
12
24
8
40
9
14
8
40
9
21
8
18
9
41
9
63
9
99
9
72
9
10
9
50
9
99
9
43
9
49
9
29
9
81
9
21
9
34
9
28
9
99
8
10
9
41
9
43
8
80
9
39
9
61
8
70
9
41
9
13
9
99
9
42
8
30
9
99
9
58
9
61
9
81
8
59
9
10
9
79
8
58
8
69
9
60
10
52
9
59
9
10
8
99
9
64
12
84
8
10
12
24
9
92
9
8
9
10
9
99
9
88
9
81
9
59
9
94
8
80
9
43
8
39
3
49
9
99
9
51
9
91
8
70
9
28
10
22
3
99
8
90
9
71
12
84
9
11
9
71
12
24
8
89
9
42
9
99
9
20
8
6
8
60
9
91
9
11
9
99
9
58
9
39
9
99
9
34
9
91
3
89
11
83
8
40
9
78
8
60
9
34
12
54
8
98
8
80
9
81
2
69
9
61
9
70
9
39
9
34
8
50
9
29
9
10
9
79
9
99
9
62
8
70
8
60
9
34
9
20
9
44
9
43
9
73
9
99
9
88
9
8
9
99
8
40
11
83
8
10
0
20
9
76
9
62
9
72
8
50
9
99
9
9
9
32
8
60
9
43
9
62
9
99
9
60
9
88
9
92
9
93
9
43
9
21
8
50
9
34
9
33
8
71
9
99
9
99
8
40
9
30
9
43
9
11
8
99
12
54
9
99
9
64
9
99
9
91
9
58
9
93
9
41
8
10
10
82
12
24
9
30
9
10
8
30
9
81
8
60
9
10
11
23
9
31
8
10
8
40
9
91
9
34
8
40
9
70
8
50
9
32
9
71
8
50
10
82
9
88
9
73
10
22
9
20
9
21
9
41
9
42
3
49
9
92
10
52
9
61
8
28
2
79
10
22
8
99
0
40
9
81
9
20
9
61
9
63
9
13
9
73
9
8
9
18
8
48
9
10
9
72
8
90
9
70
9
43
9
59
9
99
8
50
8
28
9
99
9
13
8
60
9
99
8
40
9
99
9
73
9
42
12
54
9
64
9
71
9
72
9
74
8
20
9
9
10
22
9
60
9
74
9
20
1
9
9
21
9
89
9
99
9
29
9
91
9
76
9
12
8
10
9
81
8
90
9
12
12
54
8
30
9
92
8
25
12
84
9
73
9
99
12
84
9
18
9
72
9
43
9
80
8
60
9
99
8
40
8
70
9
69
4
79
9
78
9
13
9
72
8
50
9
12
11
52
9
51
9
63
9
99
9
12
9
51
11
53
8
60
8
60
9
68
9
41
8
30
8
10
8
30
8
99
9
81
9
72
9
42
8
90
8
58
9
32
10
52
9
91
9
61
9
40
9
61
9
18
9
33
8
88
9
81
9
80
8
69
9
89
9
51
9
63
9
41
9
42
8
30
9
18
11
83
3
78
9
68
9
29
9
51
8
50
9
98
9
99
9
61
8
90
8
70
11
53
8
40
8
90
11
23
9
71
10
22
8
8
9
11
9
93
8
90
8
20
9
81
8
80
9
19
9
60
10
22
10
82
9
99
9
99
9
81
12
84
9
70
9
91
9
61
9
61
9
88
12
54
8
10
8
90
9
80
9
81
8
50
9
81
9
72
8
50
9
62
8
58
12
54
4
9
10
82
9
74
8
70
1
9
11
83
9
99
8
50
10
82
9
72
10
22
9
81
9
76
9
48
8
60
9
72
1
79
9
41
9
42
9
44
9
88
9
48
0
70
9
8
11
83
9
41
9
61
9
21
9
99
10
82
9
99
3
99
9
61
9
39
9
33
9
29
8
50
8
85
8
30
9
11
9
68
11
23
0
59
9
71
9
51
9
42
9
90
4
59
8
10
12
54
9
32
10
22
11
53
9
12
9
43
8
80
9
61
9
13
9
14
9
79
9
91
9
43
9
33
8
98
9
99
8
99
9
72
9
73
8
60
9
39
8
30
9
30
9
14
10
82
8
10
8
95
9
70
9
21
9
63
8
16
9
44
11
53
9
11
9
31
10
82
9
72
9
58
9
62
8
20
9
91
9
99
9
58
10
82
9
92
9
78
9
31
9
44
8
50
9
99
3
59
8
20
9
72
9
19
9
41
9
8
9
73
8
30
8
99
8
20
8
10
9
44
3
48
9
78
9
63
9
69
11
53
10
82
9
49
9
11
9
48
9
71
9
50
8
99
9
11
9
51
9
91
8
80
9
34
9
93
9
71
8
80
8
30
8
90
9
10
9
94
8
50
8
98
9
11
9
68
10
21
9
99
9
33
8
30
9
91
9
99
9
28
9
18
9
73
9
33
9
41
9
30
9
92
10
22
9
99
9
12
9
32
9
92
8
80
8
38
8
50
1
19
8
50
0
39
10
52
9
39
9
99
9
31
9
81
8
50
3
49
9
73
9
63
8
20
9
11
9
32
8
10
9
31
9
29
8
89
9
49
3
9
2
19
8
50
9
99
9
48
9
42
9
81
4
69
9
89
8
90
10
52
9
9
9
34
8
20
9
99
9
40
8
50
9
72
8
80
9
51
8
20
9
14
9
80
9
72
8
55
9
13
9
32
9
28
8
60
8
90
9
43
9
51
9
99
8
60
9
68
8
90
9
32
9
14
9
9
9
81
9
73
4
59
10
52
12
24
9
9
9
20
9
19
8
60
9
92
9
32
9
62
9
91
9
79
8
50
9
51
9
68
11
53
9
91
12
24
8
50
9
38
9
14
9
71
9
70
9
69
9
94
9
48
11
23
8
10
8
58
9
10
9
81
9
49
1
39
9
51
9
99
9
99
9
39
9
91
9
58
8
48
9
72
9
88
9
40
9
63
8
35
2
79
9
72
9
44
8
80
12
84
9
40
9
11
9
43
9
89
9
78
8
30
9
81
8
73
9
8
9
88
9
10
8
90
9
99
2
19
8
99
11
23
9
58
9
99
9
42
8
90
9
71
9
61
8
10
9
63
9
43
9
99
9
99
9
31
9
99
9
94
9
94
8
69
8
80
9
64
9
98
10
82
9
30
8
40
9
81
11
53
9
31
10
52
8
10
9
12
9
21
9
88
8
20
9
93
9
12
9
34
9
40
9
60
9
20
8
40
9
38
9
11
9
31
9
63
1
46
2
70
9
98
9
51
9
33
9
14
0
40
3
63
9
92
8
99
8
90
9
78
9
92
9
14
9
74
9
31
9
64
9
98
9
91
9
79
9
70
12
54
9
79
9
44
11
53
9
42
9
9
9
13
9
31
9
34
9
41
9
99
9
42
12
82
9
12
8
99
9
42
9
69
0
7
9
19
9
99
11
53
9
40
3
99
9
43
8
70
4
9
9
39
9
49
9
94
9
70
8
99
9
91
9
11
9
62
9
13
9
91
8
89
9
99
9
38
10
22
9
70
9
42
9
13
9
44
8
79
9
72
9
91
8
90
8
10
9
99
9
81
8
99
8
80
9
11
8
70
9
38
9
99
9
79
