2
75
0
34
4
17
0
90
3
65
0
36
4
89
4
17
2
8
4
32
3
93
1
85
1
94
2
32
0
34
0
3
2
84
1
33
1
98
2
64
4
77
3
12
1
55
4
36
0
47
2
95
2
70
2
97
0
54
2
51
1
47
4
84
3
90
2
16
4
20
0
31
3
16
3
3
2
49
1
87
0
81
4
64
3
92
0
52
4
84
4
83
1
0
0
97
0
28
4
76
4
79
2
85
1
39
4
1
0
61
0
17
4
21
3
66
2
32
0
93
1
61
2
73
0
62
4
49
2
80
4
62
2
4
4
60
4
15
0
30
3
3
4
46
2
44
2
3
0
58
3
40
0
47
3
83
0
66
2
81
0
78
0
29
1
33
0
1
2
78
2
93
4
45
1
57
1
39
0
3
3
49
3
74
0
90
4
2
0
46
2
12
0
86
2
22
3
32
0
3
2
81
2
62
4
95
1
27
0
14
4
39
0
93
1
90
4
93
2
2
2
19
3
66
0
49
1
1
1
67
3
92
2
33
4
75
1
30
2
19
2
86
1
82
0
33
0
97
0
35
2
17
3
7
3
34
1
10
3
97
4
33
1
47
2
52
3
31
2
41
2
92
4
88
1
10
1
50
3
59
0
46
0
22
3
73
0
80
0
0
1
52
2
92
1
89
4
87
4
90
2
60
4
17
1
16
3
1
1
30
4
13
1
15
3
44
4
37
2
17
0
72
2
80
3
71
2
24
2
66
0
96
4
65
4
84
2
53
0
30
1
87
2
72
3
50
3
43
4
90
4
20
1
15
4
91
1
6
1
44
3
79
2
95
1
63
4
23
3
41
4
62
1
66
4
26
1
76
2
52
4
81
0
65
0
60
3
83
1
27
4
30
0
62
2
41
1
51
3
77
1
22
0
49
2
49
1
69
2
41
3
78
4
15
4
96
2
31
3
4
2
88
3
65
1
34
4
19
0
0
3
23
3
1
0
98
3
79
1
90
4
63
3
75
3
79
2
80
0
20
4
32
4
9
0
70
2
19
1
58
0
83
3
77
4
19
0
34
4
9
0
32
1
15
1
10
1
39
3
55
3
91
3
64
1
2
4
42
2
94
3
37
1
41
3
21
1
73
1
13
4
27
4
20
4
91
0
3
1
35
3
35
0
72
2
31
1
59
0
69
2
33
3
6
2
96
4
34
0
27
4
92
3
50
1
54
1
75
0
51
4
2
2
71
1
50
0
61
1
52
2
49
2
51
3
2
0
91
4
58
4
76
0
4
4
17
2
89
3
0
4
2
3
97
4
80
1
77
1
51
4
89
0
72
4
43
0
31
3
46
3
96
2
43
1
86
0
69
4
20
2
18
3
93
0
83
4
63
4
79
1
5
1
68
4
17
0
81
4
34
3
94
2
12
0
6
0
55
4
83
3
3
1
98
4
50
1
31
2
98
4
28
1
84
3
88
3
75
0
39
2
70
0
53
4
28
4
46
1
90
0
79
1
75
2
65
1
59
2
62
3
31
4
29
0
45
1
21
1
2
2
71
4
92
2
57
0
67
0
58
4
29
1
12
4
38
3
39
4
65
2
92
3
80
2
8
4
93
0
39
3
75
0
3
0
20
3
76
3
54
2
68
0
43
1
92
4
1
2
29
0
56
3
37
2
56
3
93
3
52
4
88
2
89
3
88
4
35
1
13
0
46
4
27
3
28
0
71
4
95
4
99
0
32
3
22
4
44
1
9
0
99
4
48
4
95
4
58
2
96
1
89
3
50
3
85
2
33
0
5
2
76
4
16
3
22
3
2
0
26
2
73
0
54
1
2
3
18
1
27
0
2
0
35
3
83
4
28
0
35
2
62
0
47
4
24
1
66
0
43
2
82
3
80
3
67
4
14
4
12
2
13
2
33
2
38
3
44
2
87
2
45
2
53
1
20
2
79
2
18
0
94
0
40
1
76
1
12
1
55
3
57
3
8
3
67
3
0
2
10
1
40
2
2
2
68
0
85
3
62
3
36
3
51
1
96
0
46
1
20
2
96
3
7
0
52
3
96
0
32
3
98
3
66
2
34
4
46
4
58
1
68
2
66
4
66
0
12
3
1
2
19
2
52
4
69
2
12
0
5
1
14
2
81
3
92
3
21
1
87
1
76
3
4
0
6
1
73
0
85
3
4
4
46
0
29
3
84
0
25
4
79
3
67
3
94
4
77
3
10
2
66
3
39
4
72
0
56
2
97
0
36
0
62
1
61
4
73
4
70
3
5
2
66
0
48
3
4
3
52
1
49
3
58
2
96
2
4
1
48
3
48
0
53
0
56
3
60
1
37
0
24
0
4
0
22
0
97
4
73
2
68
2
39
0
89
1
50
2
26
2
47
1
83
1
53
3
32
1
56
3
10
3
27
1
80
1
78
4
72
0
61
2
81
2
43
3
57
1
38
1
42
0
28
3
10
3
79
4
70
3
60
4
21
1
43
0
43
2
90
4
99
1
57
0
88
0
65
3
48
0
39
0
88
3
19
1
68
4
14
0
8
3
3
3
87
0
83
0
13
1
75
0
76
3
11
1
52
2
19
2
74
2
99
3
94
1
78
4
77
1
62
1
83
1
57
1
56
4
80
4
49
0
5
0
89
2
72
1
77
0
48
2
73
3
64
0
47
2
59
1
50
4
48
4
6
2
78
4
69
0
65
0
3
4
75
2
99
0
44
2
77
2
69
2
15
3
73
2
76
2
49
0
59
2
68
1
76
1
38
2
34
4
36
2
80
3
40
0
70
4
8
4
75
3
33
1
58
1
13
3
98
2
76
2
99
3
96
1
56
2
31
4
25
4
21
0
44
2
85
0
26
1
9
2
60
3
18
1
56
1
66
2
43
3
34
3
82
4
52
0
3
4
48
3
24
2
17
3
47
2
9
3
37
0
73
1
53
3
5
4
7
2
71
1
87
3
37
4
25
1
90
2
93
0
99
2
68
3
66
0
59
4
31
0
23
3
22
4
8
2
75
0
7
3
95
4
62
4
13
3
58
0
16
4
36
3
47
1
8
1
25
2
79
2
64
4
50
2
57
0
16
1
85
1
92
1
59
2
75
2
86
2
70
1
23
4
38
0
48
4
98
3
52
0
19
2
66
2
11
1
33
3
0
4
65
0
25
0
96
0
15
0
7
4
36
4
40
4
70
4
55
2
61
3
49
3
74
2
41
3
3
3
40
1
65
4
42
0
97
1
4
3
43
2
83
0
77
4
29
4
85
1
64
0
72
0
23
0
84
2
2
4
89
0
49
1
90
1
7
3
60
2
21
4
94
4
33
0
27
4
83
1
95
3
20
4
10
3
66
3
27
2
33
1
22
2
86
4
14
1
98
4
4
2
25
2
86
0
79
1
30
0
46
1
13
0
46
0
39
2
45
4
31
3
92
2
23
2
73
0
45
3
47
3
68
3
58
0
15
4
3
3
24
0
4
1
26
2
21
0
81
2
41
3
5
2
14
0
44
2
95
2
40
2
39
1
73
4
61
1
81
0
86
2
44
1
1
4
27
0
12
1
98
1
32
0
48
2
65
0
74
1
48
0
18
4
8
4
72
2
68
0
55
4
5
2
25
3
20
0
55
0
89
3
35
1
48
2
96
0
58
3
60
0
88
4
24
4
8
1
1
1
77
4
65
4
54
3
44
4
17
3
1
4
12
3
11
0
54
2
85
3
24
2
58
1
85
4
71
0
48
2
43
4
69
3
48
4
83
4
17
0
48
3
30
4
8
3
71
4
62
1
61
4
89
2
40
3
18
0
7
1
50
1
2
2
73
3
41
1
37
4
43
2
98
4
93
2
31
1
89
2
50
1
40
2
72
2
80
3
32
3
56
1
35
2
73
4
64
4
37
0
73
4
77
2
32
1
5
3
36
2
81
2
70
0
27
2
73
0
73
4
0
4
80
3
2
0
89
1
98
2
16
0
94
3
18
2
50
1
98
4
34
0
85
1
65
1
58
0
6
3
59
3
36
1
91
3
98
1
25
1
92
4
88
4
89
0
61
0
78
4
56
4
90
2
74
4
22
0
32
1
79
4
45
1
25
2
49
0
8
2
7
3
13
4
80
0
18
4
85
2
5
4
26
4
32
2
52
4
12
0
36
3
30
1
4
1
24
4
55
1
46
2
70
4
90
1
48
3
25
4
8
0
40
3
63
2
87
0
98
0
89
2
70
2
86
4
7
4
67
1
29
4
59
3
90
4
83
2
71
4
62
4
49
4
71
4
37
3
46
3
34
1
1
3
5
1
27
4
29
3
33
1
94
4
34
4
82
2
6
0
96
2
34
3
61
0
7
2
11
2
99
4
45
1
32
3
96
1
43
0
66
4
8
3
31
1
41
4
86
1
62
0
96
1
87
3
3
2
57
3
5
1
87
0
81
3
97
2
30
2
14
2
62
2
34
3
7
4
38
0
71
2
65
1
89
0
88
0
6
2
97
3
73
0
95
0
73
1
8
0
65
4
30
3
99
3
71
