16
88
9
44
18
30
0
90
9
74
9
44
9
94
18
30
9
14
9
44
9
99
9
94
9
99
9
44
9
44
9
14
9
94
9
44
9
99
9
74
18
90
14
26
9
64
9
44
14
56
9
99
12
84
9
99
9
64
9
64
15
57
9
94
9
99
16
28
9
34
9
44
17
29
9
14
16
58
9
94
9
94
9
74
9
99
9
64
9
94
9
94
9
14
9
99
9
34
18
90
18
90
9
94
9
44
9
14
9
74
14
26
9
34
9
74
9
44
9
99
9
74
15
87
9
74
18
60
9
94
9
74
9
14
9
74
17
29
0
30
9
14
18
60
16
58
9
14
9
64
12
54
14
56
9
94
9
74
9
94
14
86
9
34
9
44
9
1
16
88
9
99
17
59
9
64
9
44
9
14
17
59
16
88
0
90
9
14
14
56
14
26
9
94
9
34
9
44
9
14
9
94
9
74
9
99
9
34
14
26
9
44
9
99
9
99
9
99
9
14
16
28
9
74
14
56
9
14
9
74
9
99
9
44
17
89
9
44
16
28
9
94
9
94
9
44
9
99
9
44
16
28
9
14
9
44
12
24
9
99
9
44
15
57
9
64
9
44
13
55
9
99
9
94
12
24
9
64
9
64
14
56
9
34
15
87
0
80
0
0
9
64
9
99
9
94
9
94
9
99
9
74
18
30
15
27
9
14
9
44
15
27
15
27
16
58
9
44
16
28
14
86
9
94
13
85
9
34
9
74
9
99
9
74
9
94
9
64
0
30
9
94
14
86
9
64
15
57
9
99
9
34
15
27
9
99
9
14
15
57
17
89
9
99
9
74
9
34
13
55
9
74
9
74
9
34
15
87
9
64
9
94
9
74
0
60
9
94
9
34
9
31
9
74
13
55
9
64
17
89
9
34
9
49
16
58
9
74
13
55
17
89
17
29
9
99
9
44
9
14
9
94
9
74
9
44
18
30
0
0
9
34
9
14
9
99
17
89
9
99
9
74
17
89
17
89
9
94
0
20
9
44
9
14
0
70
16
28
9
64
9
94
17
89
18
30
9
44
9
14
9
44
15
27
12
24
9
44
9
64
9
99
9
74
9
14
14
56
9
99
9
44
13
55
9
34
15
87
15
27
9
34
9
34
9
99
9
14
9
44
9
44
14
86
9
44
9
64
9
74
9
44
9
14
9
99
9
44
9
34
9
99
9
64
9
64
15
87
9
64
9
14
13
85
9
64
9
74
9
64
16
58
9
64
9
14
9
99
9
64
18
90
9
14
18
30
9
94
9
14
9
14
9
99
9
94
15
87
9
64
9
94
14
86
9
43
9
44
3
49
9
99
15
57
9
94
9
74
9
34
16
28
3
99
9
94
9
74
18
90
9
14
9
74
18
30
9
94
9
44
9
99
14
26
9
6
9
64
9
94
9
14
9
99
9
64
9
44
9
99
9
34
9
94
3
89
17
89
9
44
12
84
9
64
9
34
18
60
9
99
14
86
15
87
2
69
9
64
9
74
9
44
9
34
14
56
9
34
9
14
13
85
9
99
9
64
9
74
9
64
9
34
14
26
9
44
9
44
9
74
9
99
9
94
9
8
9
99
9
44
17
89
9
14
0
20
9
76
9
64
9
74
14
56
9
99
9
14
9
34
9
64
9
44
9
64
9
99
9
64
9
88
9
94
9
94
9
44
15
27
14
56
9
34
9
34
9
71
9
99
9
99
9
44
9
34
9
43
9
14
9
99
18
60
9
99
9
64
9
99
9
94
9
64
9
94
9
44
9
14
16
88
18
30
9
34
9
14
9
34
15
87
9
64
9
14
17
29
9
34
9
14
9
44
9
94
9
34
9
44
9
74
14
56
9
34
9
74
14
56
16
82
9
94
9
74
16
28
14
26
15
27
9
44
9
44
3
49
9
94
16
58
9
64
9
34
2
79
16
28
9
99
0
40
15
87
14
26
9
64
9
64
9
14
9
74
9
14
12
24
12
54
9
14
9
74
9
94
9
74
9
44
9
64
9
99
14
56
9
34
9
99
9
14
9
64
9
99
9
44
9
99
9
74
9
44
18
60
9
64
9
74
9
74
9
74
14
26
9
14
16
28
9
64
9
74
14
26
1
9
15
27
9
94
9
99
9
34
9
94
9
76
9
14
9
14
15
87
9
94
9
14
18
60
9
34
9
94
8
25
18
90
9
74
9
99
18
90
12
24
9
74
9
44
14
86
9
64
9
99
9
44
9
74
9
74
4
79
12
84
9
14
9
74
14
56
9
14
17
52
15
57
9
64
9
99
9
14
15
57
17
59
9
64
9
64
9
74
9
44
9
34
9
14
9
34
9
99
15
87
9
74
9
44
9
94
9
64
9
34
16
58
9
94
9
64
9
44
9
64
12
24
9
34
9
94
15
87
14
86
9
74
9
94
15
57
9
64
9
44
9
42
9
34
12
24
17
89
3
79
9
74
9
34
15
57
14
56
9
99
9
99
9
64
9
94
9
74
17
59
9
44
9
94
17
29
9
74
16
28
9
8
9
14
9
94
9
94
14
26
15
87
14
86
13
25
9
64
16
28
16
88
9
99
9
99
15
87
18
90
9
74
9
94
9
64
9
64
9
94
18
60
9
14
9
94
14
86
15
87
14
56
15
87
9
74
14
56
9
64
9
64
18
60
4
9
16
88
9
74
9
74
1
9
17
89
9
99
14
56
16
88
9
74
16
28
15
87
9
76
9
48
9
64
9
74
1
79
9
44
9
44
9
44
9
94
12
54
0
70
9
8
17
89
9
44
9
64
15
27
9
99
16
88
9
99
3
99
9
64
9
44
9
34
9
34
14
56
8
85
9
34
9
14
9
74
17
29
0
59
9
74
15
57
9
44
9
94
4
59
9
14
18
60
9
34
16
28
17
59
9
14
9
44
14
86
9
64
9
14
9
14
13
85
9
94
9
44
9
34
9
99
9
99
9
99
9
74
9
74
9
64
9
44
9
34
9
34
9
14
16
88
9
14
8
95
9
74
15
27
9
64
9
16
9
44
17
59
9
14
9
34
16
88
9
74
9
64
9
64
14
26
9
94
9
99
9
58
16
88
9
94
12
84
9
34
9
44
14
56
9
99
3
59
14
26
9
74
13
25
9
44
9
14
9
74
9
34
9
99
14
26
9
14
9
44
3
49
12
84
9
64
9
74
17
59
16
88
13
55
9
14
12
54
9
74
14
56
9
99
9
14
15
57
9
94
14
86
9
34
9
94
9
74
14
86
9
34
9
94
9
14
9
94
14
56
9
99
9
14
9
74
16
21
9
99
9
33
9
34
9
94
9
99
9
34
12
24
9
74
9
34
9
44
9
34
9
94
16
28
9
99
9
14
9
34
9
94
14
86
9
44
14
56
1
19
14
56
0
39
16
58
9
44
9
99
9
34
15
87
14
56
3
49
9
74
9
64
14
26
9
14
9
34
9
14
9
34
9
34
9
94
13
55
3
9
2
19
14
56
9
99
12
54
9
44
15
87
4
69
9
94
9
94
16
58
9
14
9
34
14
26
9
99
9
44
14
56
9
74
14
86
15
57
14
26
9
14
14
86
9
74
8
55
9
14
9
34
9
34
9
64
9
94
9
44
15
57
9
99
9
64
9
74
9
94
9
34
9
14
9
14
15
87
9
74
4
59
16
58
18
30
9
14
14
26
13
25
9
64
9
94
9
34
9
64
9
94
13
85
14
56
15
57
9
68
17
59
9
94
18
30
14
56
9
44
9
14
9
71
9
74
9
74
9
94
12
54
17
29
9
14
9
64
9
14
15
87
13
55
1
39
15
57
9
99
9
99
9
44
9
94
9
64
12
54
9
72
9
94
9
44
9
64
8
35
2
79
9
74
9
44
14
86
18
90
9
44
9
14
9
44
9
94
12
84
9
34
15
87
9
73
9
14
9
94
9
14
9
94
9
99
2
19
9
99
17
29
9
64
9
99
9
44
9
94
9
74
9
64
9
14
9
64
9
44
9
99
9
99
9
34
9
99
9
94
9
94
9
74
14
86
9
64
9
99
16
88
9
34
9
44
15
87
17
59
9
34
16
58
9
14
9
14
15
27
9
94
14
26
9
94
9
14
9
34
9
44
9
64
14
26
9
44
9
44
9
14
9
34
9
64
1
46
2
70
9
99
15
57
9
34
9
14
0
40
3
63
9
94
9
99
9
94
12
84
9
94
9
14
9
74
9
34
9
64
9
99
9
94
13
85
9
74
18
60
13
85
9
44
17
59
9
44
9
14
9
14
9
34
9
34
9
44
9
99
9
44
18
82
9
14
9
99
9
44
9
74
0
7
13
25
9
99
17
59
9
44
3
99
9
43
9
74
4
9
9
44
13
55
9
94
9
74
9
99
9
94
9
14
9
64
9
14
9
94
9
94
9
99
9
44
16
28
9
74
9
44
9
14
9
44
13
85
9
74
9
94
9
94
9
14
9
99
15
87
9
99
14
86
9
14
9
74
9
44
9
99
13
85
