14
86
9
44
16
28
0
90
9
74
9
44
9
94
16
28
9
14
9
44
9
99
9
94
9
99
9
44
9
44
9
14
9
94
9
44
9
99
9
74
16
88
12
24
9
64
9
44
12
54
9
99
10
82
9
99
9
64
9
63
13
55
9
94
9
99
14
26
9
32
9
43
15
27
9
14
14
56
9
94
9
93
9
74
9
99
9
64
9
94
9
94
9
12
9
99
9
34
16
88
16
88
9
94
9
44
9
13
9
73
12
24
9
33
9
74
9
44
9
99
9
73
13
85
9
74
16
58
9
92
9
74
9
14
9
72
15
27
0
30
9
14
16
58
14
56
9
14
9
64
10
52
12
54
9
94
9
74
9
93
12
84
9
34
9
44
9
1
14
86
9
99
15
57
9
64
9
44
9
14
15
57
14
86
0
90
9
14
12
54
12
24
9
94
9
34
9
44
9
14
9
93
9
74
9
99
9
34
12
24
9
44
9
99
9
99
9
99
9
14
14
26
9
74
12
54
9
13
9
74
9
99
9
44
15
87
9
42
14
26
9
94
9
94
9
44
9
99
9
44
14
26
9
14
9
44
10
22
9
99
9
44
13
55
9
64
9
43
11
53
9
99
9
94
10
22
9
62
9
64
12
54
9
34
13
85
0
80
0
0
9
64
9
99
9
94
9
94
9
99
9
72
16
28
13
25
9
13
9
42
13
25
13
25
14
56
9
44
14
26
12
84
9
92
11
83
9
34
9
74
9
99
9
74
9
94
9
64
0
30
9
94
12
84
9
62
13
55
9
99
9
32
13
25
9
99
9
14
13
55
15
87
9
99
9
74
9
34
11
53
9
74
9
74
9
34
13
85
9
64
9
93
9
74
0
60
9
94
9
34
9
31
9
74
11
53
9
63
15
87
9
34
9
49
14
56
9
74
11
53
15
87
15
27
9
99
9
43
9
14
9
94
9
74
9
44
16
28
0
0
9
34
9
13
9
99
15
87
9
99
9
74
15
87
15
87
9
92
0
20
9
44
9
14
0
70
14
26
9
64
9
94
15
87
16
28
9
44
9
14
9
44
13
25
10
22
9
44
9
64
9
99
9
74
9
14
12
54
9
99
9
44
11
53
9
33
13
85
13
25
9
34
9
32
9
99
9
14
9
44
9
44
12
84
9
43
9
64
9
74
9
44
9
14
9
99
9
44
9
34
9
99
9
62
9
64
13
85
9
63
9
14
11
83
9
62
9
73
9
64
14
56
9
63
9
14
9
99
9
64
16
88
9
14
16
28
9
94
9
12
9
14
9
99
9
92
13
85
9
63
9
94
12
84
9
43
9
43
3
49
9
99
13
55
9
94
9
74
9
32
14
26
3
99
9
94
9
74
16
88
9
14
9
74
16
28
9
93
9
44
9
99
12
24
9
6
9
64
9
94
9
14
9
99
9
62
9
43
9
99
9
34
9
94
3
89
15
87
9
44
10
82
9
64
9
34
16
58
9
99
12
84
13
85
2
69
9
64
9
74
9
43
9
34
12
54
9
33
9
14
11
83
9
99
9
64
9
74
9
64
9
34
12
24
9
44
9
44
9
74
9
99
9
92
9
8
9
99
9
44
15
87
9
14
0
20
9
76
9
64
9
74
12
54
9
99
9
13
9
34
9
64
9
44
9
64
9
99
9
64
9
88
9
94
9
94
9
44
13
25
12
54
9
34
9
34
9
71
9
99
9
99
9
44
9
34
9
43
9
14
9
99
16
58
9
99
9
64
9
99
9
94
9
62
9
94
9
44
9
14
14
86
16
28
9
34
9
14
9
34
13
85
9
64
9
14
15
27
9
34
9
14
9
44
9
94
9
34
9
44
9
74
12
54
9
34
9
74
12
54
14
82
9
92
9
74
14
26
12
24
13
25
9
44
9
44
3
49
9
94
14
56
9
64
9
32
2
79
14
26
9
99
0
40
13
85
12
24
9
64
9
64
9
14
9
74
9
12
10
22
10
52
9
14
9
74
9
94
9
74
9
44
9
63
9
99
12
54
9
32
9
99
9
14
9
64
9
99
9
44
9
99
9
74
9
44
16
58
9
64
9
74
9
74
9
74
12
24
9
13
14
26
9
64
9
74
12
24
1
9
13
25
9
93
9
99
9
33
9
94
9
76
9
14
9
14
13
85
9
94
9
14
16
58
9
34
9
94
8
25
16
88
9
74
9
99
16
88
10
22
9
74
9
44
12
84
9
64
9
99
9
44
9
74
9
73
4
79
10
82
9
14
9
74
12
54
9
14
15
52
13
55
9
64
9
99
9
14
13
55
15
57
9
64
9
64
9
72
9
44
9
34
9
14
9
34
9
99
13
85
9
74
9
44
9
94
9
62
9
34
14
56
9
94
9
64
9
44
9
64
10
22
9
34
9
92
13
85
12
84
9
73
9
93
13
55
9
64
9
44
9
42
9
34
10
22
15
87
3
79
9
72
9
33
13
55
12
54
9
99
9
99
9
64
9
94
9
74
15
57
9
44
9
94
15
27
9
74
14
26
9
8
9
14
9
94
9
94
12
24
13
85
12
84
11
23
9
64
14
26
14
86
9
99
9
99
13
85
16
88
9
74
9
94
9
64
9
64
9
92
16
58
9
14
9
94
12
84
13
85
12
54
13
85
9
74
12
54
9
64
9
62
16
58
4
9
14
86
9
74
9
74
1
9
15
87
9
99
12
54
14
86
9
74
14
26
13
85
9
76
9
48
9
64
9
74
1
79
9
44
9
44
9
44
9
92
10
52
0
70
9
8
15
87
9
44
9
64
13
25
9
99
14
86
9
99
3
99
9
64
9
43
9
34
9
33
12
54
8
85
9
34
9
14
9
72
15
27
0
59
9
74
13
55
9
44
9
94
4
59
9
14
16
58
9
34
14
26
15
57
9
14
9
44
12
84
9
64
9
14
9
14
11
83
9
94
9
44
9
34
9
99
9
99
9
99
9
74
9
74
9
64
9
43
9
34
9
34
9
14
14
86
9
14
8
95
9
74
13
25
9
64
9
16
9
44
15
57
9
14
9
34
14
86
9
74
9
62
9
64
12
24
9
94
9
99
9
58
14
86
9
94
10
82
9
34
9
44
12
54
9
99
3
59
12
24
9
74
11
23
9
44
9
12
9
74
9
34
9
99
12
24
9
14
9
44
3
49
10
82
9
64
9
73
15
57
14
86
11
53
9
14
10
52
9
74
12
54
9
99
9
14
13
55
9
94
12
84
9
34
9
94
9
74
12
84
9
34
9
94
9
14
9
94
12
54
9
99
9
14
9
72
14
21
9
99
9
33
9
34
9
94
9
99
9
32
10
22
9
74
9
34
9
44
9
34
9
94
14
26
9
99
9
14
9
34
9
94
12
84
9
42
12
54
1
19
12
54
0
39
14
56
9
43
9
99
9
34
13
85
12
54
3
49
9
74
9
64
12
24
9
14
9
34
9
14
9
34
9
33
9
93
11
53
3
9
2
19
12
54
9
99
10
52
9
44
13
85
4
69
9
93
9
94
14
56
9
13
9
34
12
24
9
99
9
44
12
54
9
74
12
84
13
55
12
24
9
14
12
84
9
74
8
55
9
14
9
34
9
32
9
64
9
94
9
44
13
55
9
99
9
64
9
72
9
94
9
34
9
14
9
13
13
85
9
74
4
59
14
56
16
28
9
13
12
24
11
23
9
64
9
94
9
34
9
64
9
94
11
83
12
54
13
55
9
68
15
57
9
94
16
28
12
54
9
42
9
14
9
71
9
74
9
73
9
94
10
52
15
27
9
14
9
62
9
14
13
85
11
53
1
39
13
55
9
99
9
99
9
43
9
94
9
62
10
52
9
72
9
92
9
44
9
64
8
35
2
79
9
74
9
44
12
84
16
88
9
44
9
14
9
44
9
93
10
82
9
34
13
85
9
73
9
12
9
92
9
14
9
94
9
99
2
19
9
99
15
27
9
62
9
99
9
44
9
94
9
74
9
64
9
14
9
64
9
44
9
99
9
99
9
34
9
99
9
94
9
94
9
73
12
84
9
64
9
99
14
86
9
34
9
44
13
85
15
57
9
34
14
56
9
14
9
14
13
25
9
92
12
24
9
94
9
14
9
34
9
44
9
64
12
24
9
44
9
42
9
14
9
34
9
64
1
46
2
70
9
99
13
55
9
34
9
14
0
40
3
63
9
94
9
99
9
94
10
82
9
94
9
14
9
74
9
34
9
64
9
99
9
94
11
83
9
74
16
58
11
83
9
44
15
57
9
44
9
13
9
14
9
34
9
34
9
44
9
99
9
44
16
82
9
14
9
99
9
44
9
73
0
7
11
23
9
99
15
57
9
44
3
99
9
43
9
74
4
9
9
43
11
53
9
94
9
74
9
99
9
94
9
14
9
64
9
14
9
94
9
93
9
99
9
42
14
26
9
74
9
44
9
14
9
44
11
83
9
74
9
94
9
94
9
14
9
99
13
85
9
99
12
84
9
14
9
74
9
42
9
99
11
83
