3
76
1
35
5
18
0
90
4
66
1
37
5
89
5
18
3
9
5
33
4
94
2
86
2
95
3
33
1
35
1
4
3
85
2
34
2
99
3
65
5
78
4
13
2
56
5
37
1
48
3
96
2
71
3
98
1
55
3
52
2
48
5
85
3
91
3
17
4
21
1
32
4
17
4
4
3
49
2
88
1
82
5
65
4
93
1
53
5
85
5
84
1
1
1
98
1
29
5
77
5
79
3
86
2
39
5
2
1
62
1
18
5
22
4
67
3
33
1
94
2
62
3
74
1
63
5
49
2
81
5
63
3
5
4
61
5
16
0
30
4
4
5
47
3
45
3
4
1
59
3
41
1
48
4
84
1
67
3
82
1
79
1
29
2
34
1
1
3
79
3
94
5
46
2
58
2
39
1
4
4
49
4
75
0
90
5
3
1
47
3
13
1
87
3
23
4
33
1
4
3
82
3
63
5
96
2
28
1
15
5
39
1
94
1
91
5
94
3
3
3
19
4
67
1
49
2
2
2
68
4
93
3
34
5
76
1
31
3
19
3
87
2
83
1
34
1
98
1
36
3
18
4
8
4
35
1
11
4
98
5
34
2
48
3
53
4
32
3
42
3
93
5
89
1
11
1
51
4
59
1
47
1
23
4
74
0
80
0
0
2
53
3
93
2
89
5
88
4
91
2
61
5
18
2
17
4
2
1
31
5
14
2
16
4
45
5
38
3
18
1
73
2
81
4
72
3
25
3
67
1
97
5
66
5
85
3
54
0
30
2
88
3
73
3
51
4
44
4
91
4
21
2
16
5
92
2
7
2
45
4
79
3
96
2
64
5
24
4
42
5
63
2
67
5
27
2
77
3
53
5
82
1
66
0
60
4
84
2
28
4
31
1
63
3
42
2
52
4
78
2
23
1
49
3
49
2
69
3
42
4
79
5
16
5
97
3
32
4
5
3
89
4
66
2
35
5
19
0
0
4
24
4
2
1
99
4
79
1
91
5
64
4
76
4
79
2
81
0
20
5
33
5
9
0
70
3
19
2
59
1
84
4
78
5
19
1
35
5
9
1
33
2
16
1
11
2
39
4
56
4
92
4
65
2
3
5
43
3
95
4
38
2
42
4
22
2
74
2
14
5
28
4
21
5
92
1
4
2
36
4
36
1
73
3
32
2
59
1
69
3
34
4
7
3
97
5
35
1
28
5
93
3
51
2
55
2
76
1
52
5
3
3
72
1
51
1
62
2
53
3
49
3
52
4
3
1
92
5
59
5
77
1
5
5
18
3
89
3
1
5
3
4
98
4
81
2
78
2
52
5
89
1
73
5
43
1
32
3
47
4
97
3
44
2
87
1
69
4
21
3
19
3
94
1
84
5
64
5
79
2
6
2
69
5
18
1
82
5
35
4
95
3
13
1
6
1
56
5
84
4
4
2
99
4
51
2
32
3
99
5
29
2
85
3
89
4
76
1
39
2
71
1
54
5
29
5
47
1
91
1
79
2
76
2
66
2
59
3
63
4
32
5
29
1
46
2
22
2
3
3
72
5
93
3
58
1
68
1
59
5
29
2
13
5
39
4
39
5
66
3
93
3
81
3
8
5
94
1
39
4
76
1
4
0
20
4
76
4
55
3
69
1
44
2
93
5
2
3
29
1
57
4
38
3
57
4
94
4
53
5
88
3
89
4
89
5
36
2
14
1
47
5
28
4
29
1
71
5
96
5
99
1
33
4
23
5
44
2
9
1
99
5
49
5
96
5
59
3
97
2
89
3
51
4
86
3
34
1
6
3
77
5
17
4
23
4
3
1
27
3
74
1
55
2
3
4
19
2
28
1
3
1
36
4
84
5
29
1
36
3
63
1
48
5
25
2
67
1
44
3
82
3
81
4
68
5
15
5
13
3
14
3
34
3
39
3
45
3
88
3
46
3
54
1
21
2
79
3
19
1
95
0
40
2
77
2
13
2
56
4
58
4
9
4
68
3
1
2
11
1
41
3
3
3
69
1
86
4
63
4
37
4
52
2
97
1
47
1
21
3
97
4
8
1
53
4
97
1
33
4
99
4
67
3
35
5
47
5
59
2
69
3
67
5
67
1
13
4
2
3
19
3
53
5
69
3
13
1
6
2
15
3
82
4
93
4
22
2
88
2
76
4
5
1
7
2
74
1
86
4
5
5
47
1
29
4
85
1
25
5
79
4
68
4
95
5
78
3
11
3
67
4
39
5
73
1
57
3
98
1
37
1
63
2
62
4
74
4
71
4
6
3
67
1
49
4
5
4
52
2
49
4
59
3
97
3
5
2
49
4
49
1
54
1
57
3
61
2
38
1
25
1
5
1
23
1
98
5
74
3
69
3
39
1
89
1
51
3
27
3
48
2
84
2
54
4
33
2
57
3
11
4
28
1
81
2
79
5
73
1
62
3
82
3
44
4
58
2
39
2
42
1
29
3
11
4
79
3
71
3
61
5
22
2
44
1
44
2
91
5
99
2
58
1
89
1
66
4
49
1
39
1
89
4
19
2
69
5
15
1
8
4
4
4
88
1
84
1
14
2
76
1
77
4
12
2
53
3
19
3
75
3
99
4
95
2
79
5
78
2
63
2
84
2
58
2
57
4
81
5
49
1
6
1
89
3
73
2
78
1
49
3
74
4
65
1
48
3
59
1
51
5
49
4
7
3
79
5
69
1
66
1
4
5
76
3
99
1
45
3
78
3
69
3
16
4
74
3
76
3
48
1
59
3
69
1
77
2
39
3
35
5
37
2
81
3
41
0
70
5
8
5
76
4
34
2
59
2
14
4
99
3
77
3
99
3
97
2
57
3
32
5
26
5
22
1
45
3
85
1
27
2
9
2
61
4
19
0
57
2
67
3
44
4
35
4
83
4
53
1
4
5
49
4
25
3
18
4
48
3
9
4
38
1
74
2
54
4
6
5
8
3
72
2
88
4
38
5
26
1
91
3
94
1
99
3
69
4
67
1
59
5
32
1
24
4
23
5
9
3
76
1
8
4
95
5
63
5
14
4
59
1
16
5
37
4
48
2
9
2
26
3
79
3
65
4
51
3
58
1
17
2
86
2
93
2
58
3
76
3
87
2
71
2
24
5
39
1
49
5
99
3
53
1
19
3
67
3
12
2
34
3
1
5
66
1
26
1
97
1
16
1
8
5
37
3
41
4
71
5
56
3
62
4
49
4
75
3
42
4
4
3
41
2
66
5
43
1
98
2
5
4
44
3
84
1
78
5
29
5
86
2
65
1
73
1
24
1
85
3
3
5
89
1
49
1
91
2
8
3
61
3
21
5
95
5
33
1
28
5
84
2
96
3
21
4
11
4
67
4
28
3
34
2
23
3
87
5
15
2
99
5
5
3
26
3
87
1
79
1
31
1
47
1
14
1
47
0
39
3
46
5
32
4
93
3
24
3
74
1
46
3
48
4
69
4
59
1
16
5
4
4
25
1
5
2
27
3
22
1
82
3
42
3
6
2
15
1
45
3
96
2
41
3
39
2
74
4
62
2
82
1
87
3
45
2
2
5
28
1
13
2
99
2
33
1
49
3
66
1
75
2
49
1
19
5
9
5
73
3
69
1
55
5
6
3
26
3
21
1
56
1
89
4
36
2
49
3
97
1
59
3
61
1
89
5
25
5
9
2
2
2
78
5
66
4
55
4
45
5
18
4
2
5
13
4
12
1
55
3
86
4
25
3
59
2
86
5
72
1
49
3
44
5
68
4
49
5
84
5
18
1
49
3
31
5
9
4
71
5
63
2
62
5
89
2
41
4
19
1
8
1
51
2
3
3
74
4
42
1
38
5
44
3
99
5
94
3
32
2
89
2
51
1
41
3
72
2
81
4
33
4
57
2
35
2
74
5
65
5
38
1
74
5
78
3
33
2
6
4
37
3
82
2
71
1
28
3
74
1
73
4
1
4
81
4
3
1
89
2
99
2
17
1
95
4
19
2
51
2
99
5
35
1
86
2
66
2
59
1
7
4
59
4
37
2
92
4
99
2
26
2
93
5
89
5
89
1
62
1
79
5
57
4
91
3
75
5
23
1
33
2
79
5
46
2
26
3
49
1
9
3
8
4
14
4
81
1
19
5
86
3
6
5
27
5
33
3
53
5
13
1
37
3
31
2
5
2
25
5
56
1
46
2
70
4
91
2
49
4
26
5
9
0
40
3
63
3
88
1
99
1
89
2
71
3
87
5
8
5
68
2
29
5
59
3
91
5
84
3
72
5
63
5
49
5
72
5
38
4
47
4
35
2
2
4
6
2
28
5
29
4
34
2
95
5
35
5
82
3
7
1
97
3
35
4
62
0
7
3
12
3
99
5
46
2
33
3
97
2
43
1
67
4
9
4
32
2
42
5
87
2
63
1
97
2
88
4
4
3
58
4
6
2
88
1
82
4
98
2
31
3
15
3
63
3
35
4
8
5
39
1
72
3
66
2
89
1
89
1
7
3
98
4
74
1
96
1
74
2
9
1
66
4
31
4
99
4
72
