13
85
9
43
15
27
0
90
9
74
9
43
9
94
15
27
9
14
9
43
9
99
9
94
9
99
9
43
9
43
9
13
9
94
9
44
9
99
9
74
15
87
11
23
9
64
9
44
11
53
9
99
9
81
9
99
9
63
9
62
12
54
9
94
9
99
13
25
9
31
9
42
14
26
9
14
13
55
9
94
9
92
9
74
9
99
9
63
9
94
9
94
9
11
9
99
9
33
15
87
15
87
9
94
9
44
9
12
9
72
11
23
9
32
9
74
9
43
9
99
9
72
12
84
9
73
15
57
9
91
9
73
9
14
9
71
14
26
0
30
9
14
15
57
13
55
9
14
9
63
9
51
11
53
9
94
9
73
9
92
11
83
9
33
9
44
9
1
13
85
9
99
14
56
9
64
9
44
9
13
14
56
13
85
0
90
9
13
11
53
11
23
9
93
9
33
9
43
9
13
9
92
9
73
9
99
9
34
11
23
9
44
9
99
9
99
9
99
9
13
13
25
9
74
11
53
9
12
9
74
9
99
9
44
14
86
9
41
13
25
9
94
9
93
9
43
9
99
9
43
13
25
9
14
9
44
9
21
9
99
9
44
12
54
9
63
9
42
10
52
9
99
9
94
9
21
9
61
9
64
11
53
9
33
12
84
0
80
0
0
9
63
9
99
9
94
9
94
9
99
9
71
15
27
12
24
9
12
9
41
12
24
12
24
13
55
9
44
13
25
11
83
9
91
10
82
9
34
9
74
9
99
9
74
9
94
9
64
0
30
9
94
11
83
9
61
12
54
9
99
9
31
12
24
9
99
9
14
12
54
14
86
9
99
9
74
9
34
10
52
9
73
9
74
9
34
12
84
9
63
9
92
9
73
0
60
9
94
9
34
9
31
9
73
10
52
9
62
14
86
9
33
9
49
13
55
9
74
10
52
14
86
14
26
9
99
9
42
9
14
9
94
9
74
9
44
15
27
0
0
9
34
9
12
9
99
14
86
9
99
9
74
14
86
14
86
9
91
0
20
9
43
9
14
0
70
13
25
9
64
9
93
14
86
15
27
9
43
9
14
9
43
12
24
9
21
9
44
9
64
9
99
9
74
9
13
11
53
9
99
9
44
10
52
9
32
12
84
12
24
9
34
9
31
9
99
9
13
9
44
9
44
11
83
9
42
9
64
9
73
9
44
9
14
9
99
9
44
9
33
9
99
9
61
9
64
12
84
9
62
9
13
10
82
9
61
9
72
9
63
13
55
9
62
9
13
9
99
9
64
15
87
9
13
15
27
9
94
9
11
9
13
9
99
9
91
12
84
9
62
9
94
11
83
9
43
9
42
3
49
9
99
12
54
9
94
9
73
9
31
13
25
3
99
9
93
9
74
15
87
9
14
9
74
15
27
9
92
9
44
9
99
11
23
9
6
9
63
9
94
9
14
9
99
9
61
9
42
9
99
9
34
9
94
3
89
14
86
9
43
9
81
9
63
9
34
15
57
9
99
11
83
12
84
2
69
9
64
9
73
9
42
9
34
11
53
9
32
9
13
10
82
9
99
9
64
9
73
9
63
9
34
11
23
9
44
9
44
9
74
9
99
9
91
9
8
9
99
9
43
14
86
9
13
0
20
9
76
9
64
9
74
11
53
9
99
9
12
9
34
9
63
9
44
9
64
9
99
9
63
9
88
9
94
9
94
9
44
12
24
11
53
9
34
9
34
9
71
9
99
9
99
9
43
9
33
9
43
9
14
9
99
15
57
9
99
9
64
9
99
9
94
9
61
9
94
9
44
9
13
13
85
15
27
9
33
9
13
9
33
12
84
9
63
9
13
14
26
9
34
9
13
9
43
9
94
9
34
9
43
9
73
11
53
9
34
9
74
11
53
13
82
9
91
9
74
13
25
11
23
12
24
9
44
9
44
3
49
9
94
13
55
9
64
9
31
2
79
13
25
9
99
0
40
12
84
11
23
9
64
9
64
9
14
9
74
9
11
9
21
9
51
9
13
9
74
9
93
9
73
9
44
9
62
9
99
11
53
9
31
9
99
9
14
9
63
9
99
9
43
9
99
9
74
9
44
15
57
9
64
9
74
9
74
9
74
11
23
9
12
13
25
9
63
9
74
11
23
1
9
12
24
9
92
9
99
9
32
9
94
9
76
9
14
9
13
12
84
9
93
9
14
15
57
9
33
9
94
8
25
15
87
9
74
9
99
15
87
9
21
9
74
9
44
11
83
9
63
9
99
9
43
9
73
9
72
4
79
9
81
9
14
9
74
11
53
9
14
14
52
12
54
9
64
9
99
9
14
12
54
14
56
9
63
9
63
9
71
9
44
9
33
9
13
9
33
9
99
12
84
9
74
9
44
9
93
9
61
9
34
13
55
9
94
9
64
9
43
9
64
9
21
9
34
9
91
12
84
11
83
9
72
9
92
12
54
9
64
9
44
9
42
9
33
9
21
14
86
3
79
9
71
9
32
12
54
11
53
9
99
9
99
9
64
9
93
9
73
14
56
9
43
9
93
14
26
9
74
13
25
9
8
9
14
9
94
9
93
11
23
12
84
11
83
10
22
9
63
13
25
13
85
9
99
9
99
12
84
15
87
9
73
9
94
9
64
9
64
9
91
15
57
9
13
9
93
11
83
12
84
11
53
12
84
9
74
11
53
9
64
9
61
15
57
4
9
13
85
9
74
9
73
1
9
14
86
9
99
11
53
13
85
9
74
13
25
12
84
9
76
9
48
9
63
9
74
1
79
9
44
9
44
9
44
9
91
9
51
0
70
9
8
14
86
9
44
9
64
12
24
9
99
13
85
9
99
3
99
9
64
9
42
9
34
9
32
11
53
8
85
9
33
9
14
9
71
14
26
0
59
9
74
12
54
9
44
9
93
4
59
9
13
15
57
9
34
13
25
14
56
9
14
9
44
11
83
9
64
9
14
9
14
10
82
9
94
9
44
9
34
9
99
9
99
9
99
9
74
9
74
9
63
9
42
9
33
9
33
9
14
13
85
9
13
8
95
9
73
12
24
9
64
9
16
9
44
14
56
9
14
9
34
13
85
9
74
9
61
9
64
11
23
9
94
9
99
9
58
13
85
9
94
9
81
9
34
9
44
11
53
9
99
3
59
11
23
9
74
10
22
9
44
9
11
9
74
9
33
9
99
11
23
9
13
9
44
3
49
9
81
9
64
9
72
14
56
13
85
10
52
9
14
9
51
9
74
11
53
9
99
9
14
12
54
9
94
11
83
9
34
9
94
9
74
11
83
9
33
9
93
9
13
9
94
11
53
9
99
9
14
9
71
13
21
9
99
9
33
9
33
9
94
9
99
9
31
9
21
9
74
9
34
9
44
9
33
9
94
13
25
9
99
9
14
9
34
9
94
11
83
9
41
11
53
1
19
11
53
0
39
13
55
9
42
9
99
9
34
12
84
11
53
3
49
9
74
9
64
11
23
9
14
9
34
9
13
9
34
9
32
9
92
10
52
3
9
2
19
11
53
9
99
9
51
9
44
12
84
4
69
9
92
9
93
13
55
9
12
9
34
11
23
9
99
9
43
11
53
9
74
11
83
12
54
11
23
9
14
11
83
9
74
8
55
9
14
9
34
9
31
9
63
9
93
9
44
12
54
9
99
9
63
9
71
9
93
9
34
9
14
9
12
12
84
9
74
4
59
13
55
15
27
9
12
11
23
10
22
9
63
9
94
9
34
9
64
9
94
10
82
11
53
12
54
9
68
14
56
9
94
15
27
11
53
9
41
9
14
9
71
9
73
9
72
9
94
9
51
14
26
9
13
9
61
9
13
12
84
10
52
1
39
12
54
9
99
9
99
9
42
9
94
9
61
9
51
9
72
9
91
9
43
9
64
8
35
2
79
9
74
9
44
11
83
15
87
9
43
9
14
9
44
9
92
9
81
9
33
12
84
9
73
9
11
9
91
9
13
9
93
9
99
2
19
9
99
14
26
9
61
9
99
9
44
9
93
9
74
9
64
9
13
9
64
9
44
9
99
9
99
9
34
9
99
9
94
9
94
9
72
11
83
9
64
9
99
13
85
9
33
9
43
12
84
14
56
9
34
13
55
9
13
9
14
12
24
9
91
11
23
9
94
9
14
9
34
9
43
9
63
11
23
9
43
9
41
9
14
9
34
9
64
1
46
2
70
9
99
12
54
9
34
9
14
0
40
3
63
9
94
9
99
9
93
9
81
9
94
9
14
9
74
9
34
9
64
9
99
9
94
10
82
9
73
15
57
10
82
9
44
14
56
9
44
9
12
9
14
9
34
9
34
9
44
9
99
9
44
15
82
9
14
9
99
9
44
9
72
0
7
10
22
9
99
14
56
9
43
3
99
9
43
9
73
4
9
9
42
10
52
9
94
9
73
9
99
9
94
9
14
9
64
9
14
9
94
9
92
9
99
9
41
13
25
9
73
9
44
9
14
9
44
10
82
9
74
9
94
9
93
9
13
9
99
12
84
9
99
11
83
9
14
9
73
9
41
9
99
10
82
