8
80
6
39
10
22
0
90
9
71
6
39
9
92
10
22
8
10
9
38
9
99
7
89
7
99
8
38
6
39
6
9
8
90
7
39
7
99
8
70
10
82
9
18
7
59
9
42
6
49
8
99
7
76
8
99
6
59
8
57
7
49
9
90
8
96
8
20
8
26
6
37
9
21
9
9
8
50
7
89
6
87
9
70
9
98
6
58
9
90
9
89
6
6
6
99
6
29
10
82
10
82
8
90
7
39
9
7
6
67
6
19
9
27
9
71
8
38
6
99
7
67
8
79
6
68
10
52
7
86
9
68
8
10
8
66
9
21
0
30
9
9
10
52
8
50
8
9
6
59
8
46
6
49
9
89
6
69
8
87
6
79
6
29
7
39
6
1
8
80
8
99
9
51
7
59
7
39
6
9
9
51
9
80
0
90
9
8
6
49
8
18
6
89
8
28
9
38
6
9
8
87
8
68
9
99
7
29
6
19
9
42
6
99
6
96
9
99
8
8
8
20
9
71
6
49
7
7
7
69
9
98
8
39
9
81
6
36
8
20
8
90
7
88
6
39
6
99
6
39
8
20
9
11
9
40
6
16
9
99
9
39
7
49
8
58
9
37
8
47
8
98
9
92
6
16
6
56
9
61
6
49
6
28
9
79
0
80
0
0
7
58
8
98
7
89
9
92
8
96
7
66
10
22
7
19
9
7
6
36
9
19
7
19
9
50
9
42
8
20
6
78
7
86
9
77
8
30
8
70
6
99
9
71
9
90
8
59
0
30
7
89
8
78
8
56
9
49
8
96
8
26
7
19
9
97
7
9
7
49
9
81
8
99
7
69
9
29
9
47
9
68
7
69
9
32
7
79
8
58
9
87
6
69
0
60
9
89
7
29
9
31
6
68
8
47
7
57
9
81
7
28
6
49
8
50
7
69
8
47
9
81
9
21
9
99
8
37
9
10
8
90
9
71
7
39
10
22
0
0
9
29
9
7
6
99
9
81
6
96
9
69
9
81
9
81
7
86
0
20
9
38
9
12
0
70
8
20
7
59
6
89
9
81
10
22
6
39
9
12
6
38
7
19
6
16
7
39
9
61
9
97
9
70
7
8
9
48
8
99
9
41
7
47
9
27
7
79
7
19
9
32
8
26
9
97
6
9
7
39
9
41
6
78
8
37
7
59
6
69
8
39
9
11
8
99
9
40
6
29
9
98
8
56
7
59
7
79
6
57
9
8
8
77
6
56
6
67
7
58
8
50
8
57
9
8
6
97
9
62
10
82
6
9
10
22
8
90
8
6
9
8
9
99
8
86
7
79
7
57
9
92
6
78
9
43
6
37
3
49
9
99
8
49
7
89
6
69
8
26
8
20
3
99
6
89
9
69
10
82
7
9
7
69
10
22
6
87
9
40
9
99
8
18
6
6
6
59
9
89
9
9
7
99
8
56
7
37
8
99
9
32
7
89
3
89
9
81
6
39
7
76
6
59
9
32
10
52
6
96
6
79
7
79
2
69
7
59
8
68
9
37
9
32
6
49
7
27
7
8
8
77
9
98
8
60
6
69
6
59
9
32
7
18
9
42
9
41
9
71
8
98
8
86
8
8
9
99
6
39
9
81
6
9
0
20
9
76
9
60
8
70
6
49
7
98
9
7
8
30
6
59
9
41
8
60
9
99
9
58
9
88
8
90
9
91
9
41
7
19
6
49
9
32
9
31
6
71
9
99
9
99
6
38
9
28
9
43
7
9
6
99
10
52
9
99
9
62
8
99
7
89
8
56
9
91
8
39
6
9
8
80
10
22
9
28
9
8
6
29
8
79
6
59
7
8
9
21
7
29
6
8
6
39
9
89
9
32
6
39
8
68
6
49
9
30
7
69
6
49
8
82
8
86
9
71
9
20
9
18
8
19
8
39
8
40
3
49
8
90
8
50
8
59
6
26
2
79
8
20
6
99
0
40
7
79
7
18
7
59
9
61
9
11
9
71
8
6
7
16
6
46
8
8
8
70
6
89
9
68
9
41
9
57
7
99
6
49
6
26
8
99
9
11
6
58
9
99
6
38
9
99
9
71
8
40
10
52
9
62
7
69
8
70
9
72
6
18
9
7
8
20
8
58
9
72
8
18
1
9
7
19
8
87
9
98
9
27
7
89
7
76
9
10
6
9
7
79
6
89
9
10
10
52
6
29
9
90
6
25
10
82
9
71
9
99
10
82
8
16
8
70
9
41
9
78
6
59
8
99
6
39
6
68
7
67
4
79
8
76
9
11
8
70
6
49
9
10
9
52
7
49
9
61
8
99
8
10
7
49
9
51
6
59
6
59
8
66
7
39
6
29
6
9
6
28
6
99
9
79
8
70
8
40
6
89
6
56
8
30
8
50
7
89
7
59
9
38
7
59
8
16
9
31
6
86
7
79
9
78
6
67
8
87
8
49
9
61
7
39
7
42
6
29
8
16
9
81
3
76
8
66
9
27
7
49
6
49
7
96
9
99
7
59
6
89
6
69
9
51
6
39
6
89
9
21
7
69
9
20
6
8
9
9
9
91
6
89
6
19
7
79
6
79
9
17
7
58
8
20
8
80
8
99
9
99
7
79
10
82
7
68
7
89
7
59
7
59
8
86
10
52
6
9
6
89
8
78
7
79
6
49
8
79
9
70
6
49
8
60
6
56
10
52
4
9
8
80
9
72
6
69
1
9
9
81
8
99
6
49
8
80
8
70
8
20
9
79
8
76
8
48
6
59
8
70
1
79
7
39
8
40
9
42
7
86
8
46
0
70
9
8
9
81
9
39
7
59
7
19
9
99
8
80
8
99
3
99
7
59
8
37
9
31
9
27
6
49
8
85
6
29
7
9
7
66
9
21
0
59
7
69
8
49
9
40
9
88
4
58
6
9
10
52
9
30
8
20
9
51
8
10
9
41
6
79
7
59
9
11
9
12
8
77
7
89
9
41
9
31
6
96
8
99
6
99
8
70
9
71
6
59
9
37
6
29
9
28
9
12
8
80
6
9
8
95
9
68
9
19
9
61
6
16
9
42
9
51
7
9
7
29
8
80
8
70
8
56
8
60
6
19
7
89
7
98
7
58
8
80
8
90
7
76
7
29
9
42
6
49
9
99
3
58
6
19
8
70
8
17
7
39
8
6
9
71
6
29
6
99
6
19
6
9
9
42
3
46
8
76
9
61
8
67
9
51
9
80
8
47
9
9
8
46
7
69
9
48
6
99
7
9
9
49
8
89
6
79
9
32
9
91
7
69
6
78
6
29
6
89
8
8
9
92
6
49
6
96
7
9
8
66
8
21
9
99
9
33
6
29
9
89
7
99
8
26
8
16
9
71
9
31
8
39
7
28
8
90
9
20
7
99
9
10
8
30
8
90
6
79
6
36
6
49
1
19
6
49
0
39
8
50
9
37
9
98
8
29
8
79
6
49
3
49
9
71
9
61
6
19
9
9
9
30
6
9
7
29
8
27
6
87
8
47
3
9
2
19
6
49
8
99
7
46
8
40
7
79
4
67
7
87
6
89
8
50
7
7
9
32
6
18
7
99
7
38
6
49
8
70
6
79
7
49
6
19
9
12
9
78
8
70
6
55
9
11
8
30
8
26
6
59
6
89
9
41
7
49
8
99
6
59
8
66
6
89
9
30
9
12
7
7
7
79
9
71
4
59
9
50
10
22
9
7
9
18
9
17
6
59
8
90
9
30
8
60
7
89
9
77
6
49
8
49
9
68
9
51
9
89
10
22
6
49
8
36
9
12
9
71
9
68
7
67
9
92
7
46
9
21
6
9
6
56
7
8
8
79
9
47
1
39
9
49
8
99
9
99
8
37
7
89
7
56
6
46
8
72
7
86
9
38
9
61
7
35
2
79
9
70
9
42
6
79
10
82
8
38
7
9
9
41
8
87
7
76
6
29
8
79
6
73
8
6
8
86
9
8
6
89
7
99
2
19
6
99
9
21
7
56
7
99
9
40
6
89
7
69
7
59
6
9
9
61
9
41
7
97
9
99
7
29
7
98
9
92
9
92
6
67
6
79
9
62
8
96
8
80
9
28
6
38
7
79
9
51
7
29
8
50
6
9
8
10
9
19
8
86
6
19
9
91
8
10
9
32
9
38
8
58
9
18
6
39
8
36
7
9
7
29
9
61
1
46
2
70
8
96
7
49
9
31
9
12
0
40
3
63
8
90
6
99
6
89
7
76
8
90
9
12
9
72
7
29
9
62
8
96
9
89
8
77
9
68
10
52
9
77
9
42
9
51
9
40
7
7
9
11
7
29
9
32
9
39
7
99
9
40
10
82
8
10
6
99
8
40
9
67
0
7
8
17
8
99
9
51
7
38
3
99
7
43
6
69
4
9
9
37
7
47
9
92
7
68
6
99
7
89
9
9
8
60
9
11
7
89
6
87
9
99
7
36
8
20
8
68
8
40
9
11
9
42
6
77
8
70
7
89
6
89
6
9
8
99
9
79
6
99
6
79
7
9
6
69
8
36
9
99
9
77
