5
78
3
37
7
19
0
90
6
68
3
39
7
89
7
19
5
9
7
35
6
96
4
88
4
97
5
35
3
37
3
6
5
87
4
36
4
99
5
67
7
79
6
15
4
58
7
39
3
49
5
98
4
73
5
99
3
57
5
54
4
49
7
87
5
93
5
19
6
23
3
34
6
19
6
6
5
49
4
89
3
84
7
67
6
95
3
55
7
87
7
86
3
3
3
99
3
29
7
79
7
79
5
88
4
39
7
4
3
64
3
19
7
24
6
69
5
35
3
96
4
64
5
76
3
65
7
49
4
83
7
65
5
7
6
63
7
18
0
30
6
6
7
49
5
47
5
6
3
59
5
43
3
49
6
86
3
69
5
84
3
79
3
29
4
36
3
1
5
79
5
96
7
48
4
59
4
39
3
6
6
49
6
77
0
90
7
5
3
49
5
15
3
89
5
25
6
35
3
6
5
84
5
65
7
98
4
29
3
17
7
39
3
96
3
93
7
96
5
5
5
19
6
69
3
49
4
4
4
69
6
95
5
36
7
78
3
33
5
19
5
89
4
85
3
36
3
99
3
38
5
19
6
9
6
37
3
13
6
99
7
36
4
49
5
55
6
34
5
44
5
95
7
89
3
13
3
53
6
59
3
49
3
25
6
76
0
80
0
0
4
55
5
95
4
89
7
89
6
93
4
63
7
19
4
19
6
4
3
33
7
16
4
18
6
47
7
39
5
19
3
75
4
83
6
74
5
27
5
69
3
99
7
68
7
87
5
56
0
30
4
89
5
75
5
53
6
46
6
93
6
23
4
18
7
94
4
9
4
47
6
79
5
98
4
66
7
26
6
44
7
65
4
69
7
29
4
79
5
55
7
84
3
68
0
60
6
86
4
29
6
31
3
65
5
44
4
54
6
79
4
25
3
49
5
49
4
69
5
44
6
79
7
18
7
99
5
34
6
7
5
89
6
68
4
37
7
19
0
0
6
26
6
4
3
99
6
79
3
93
7
66
6
78
6
79
4
83
0
20
7
35
7
9
0
70
5
19
4
59
3
86
6
79
7
19
3
37
7
9
3
35
4
18
3
13
4
39
6
58
6
94
6
67
4
5
7
45
5
97
6
39
4
44
6
24
4
76
4
16
7
29
6
23
7
94
3
6
4
38
6
38
3
75
5
34
4
59
3
69
5
36
6
9
5
99
7
37
3
29
7
95
5
53
4
57
4
78
3
54
7
5
5
74
3
53
3
64
4
55
5
49
5
54
6
5
3
94
7
59
7
79
3
7
7
19
5
89
5
3
7
5
6
99
6
83
4
79
4
54
7
89
3
75
7
43
3
34
3
49
6
99
5
46
4
89
3
69
6
23
5
19
3
96
3
86
7
66
7
79
4
8
4
69
7
19
3
84
7
37
6
97
5
15
3
6
3
58
7
86
6
6
4
99
6
53
4
34
5
99
7
29
4
87
3
89
6
78
3
39
4
73
3
56
7
29
7
49
3
93
3
79
4
78
2
68
4
59
5
65
6
34
7
29
3
48
4
24
4
5
5
74
7
95
5
59
3
69
3
59
7
29
4
15
7
39
6
39
7
68
5
95
5
83
5
8
7
96
3
39
6
78
3
6
0
20
6
76
6
57
5
69
3
46
4
95
7
4
5
29
3
59
6
39
5
59
6
96
6
55
7
88
5
89
6
89
7
38
4
16
3
49
7
29
6
29
3
71
7
98
7
99
3
35
6
25
7
44
4
9
3
99
7
49
7
98
7
59
5
99
4
89
5
53
6
88
5
36
3
8
5
79
7
19
6
25
6
5
3
29
5
76
3
57
4
5
6
19
4
29
3
5
3
38
6
86
7
29
3
38
5
65
3
49
7
27
4
69
3
46
5
82
5
83
6
69
7
17
7
15
5
16
5
36
5
39
3
47
5
89
5
48
5
56
3
23
2
79
5
19
3
97
0
40
4
79
4
15
4
58
6
59
6
9
6
69
5
3
4
13
3
43
5
5
5
69
3
88
6
65
6
39
6
54
4
99
3
49
3
23
5
99
6
9
3
55
6
99
3
35
6
99
6
69
5
37
7
49
7
59
4
69
5
69
7
69
3
15
6
4
5
19
5
55
7
69
5
15
1
8
4
17
5
84
6
95
6
24
4
89
4
76
6
7
3
9
4
76
3
88
6
7
7
49
3
29
6
87
3
25
7
79
6
69
6
97
7
79
5
13
5
69
6
39
7
75
3
59
5
99
3
39
3
65
4
64
4
76
6
73
6
8
5
69
3
49
6
7
6
52
4
49
6
59
5
99
5
7
4
49
6
49
3
56
3
59
5
63
4
39
3
27
3
7
3
25
3
99
7
76
5
69
5
39
3
89
3
53
5
29
5
49
4
86
4
56
6
35
4
59
5
13
6
29
3
83
4
79
7
75
3
64
5
84
5
46
6
59
4
39
4
42
3
29
5
13
6
79
3
73
5
63
7
24
4
46
3
46
4
93
7
99
4
59
3
89
3
68
6
49
3
39
3
89
6
19
4
69
7
17
3
8
6
6
6
89
3
86
3
16
4
78
3
79
6
14
4
55
5
19
5
77
5
99
6
97
4
79
7
79
4
65
4
86
4
59
4
59
6
83
7
49
3
8
3
89
5
75
4
79
3
49
5
76
6
67
3
49
5
59
3
53
7
49
4
9
5
79
7
69
3
68
1
6
7
78
5
99
3
47
5
79
5
69
5
18
6
76
5
76
5
48
3
59
5
69
1
79
4
39
5
37
7
39
4
83
5
43
0
70
7
8
7
78
6
36
4
59
4
16
6
99
5
79
5
99
3
99
4
59
5
34
7
28
7
24
3
47
5
85
3
29
4
9
4
63
6
19
0
59
4
69
5
46
6
37
6
85
4
55
3
6
7
49
6
27
5
19
6
49
5
9
6
39
3
76
4
56
6
8
7
9
5
74
4
89
6
39
7
28
3
93
5
96
3
99
5
69
6
69
3
59
7
34
3
26
6
25
7
9
5
78
3
9
6
95
7
65
7
16
6
59
3
16
7
39
6
49
4
9
4
28
5
79
5
67
6
53
5
59
3
19
4
88
4
95
4
58
5
78
5
89
4
73
4
26
7
39
3
49
7
99
3
55
3
19
5
69
5
14
4
36
5
3
7
68
3
28
3
99
3
18
3
9
7
39
3
43
6
73
7
58
5
64
6
49
6
77
5
44
6
6
5
43
4
68
7
45
3
99
4
7
6
46
5
86
3
79
7
29
7
88
4
67
3
75
3
26
3
87
5
5
7
89
3
49
3
93
4
9
5
63
5
21
7
97
7
33
3
29
7
86
4
98
5
23
6
13
6
69
6
29
5
36
4
25
5
89
7
17
4
99
7
7
5
28
5
89
3
79
3
33
3
49
1
16
3
49
0
39
5
48
7
34
6
95
5
26
5
76
3
48
3
49
6
69
6
59
3
18
7
6
6
27
3
7
4
29
5
24
3
84
5
44
3
8
2
17
3
47
5
98
4
43
5
39
4
76
4
64
4
84
3
89
5
47
4
4
7
29
3
15
4
99
4
35
3
49
5
68
3
77
4
49
3
19
7
9
7
75
5
69
3
55
7
8
5
28
5
23
3
58
3
89
6
38
4
49
5
99
3
59
5
63
3
89
7
27
7
9
4
4
4
79
7
68
4
57
6
47
7
19
6
4
7
15
6
14
3
57
5
88
6
27
5
59
4
88
7
74
3
49
5
46
7
68
6
49
7
86
7
19
3
49
5
33
7
9
6
71
7
65
4
64
7
89
4
43
6
19
3
9
3
53
4
5
5
76
6
44
1
39
7
46
5
99
7
96
5
34
4
89
4
53
3
43
5
72
4
83
6
35
6
59
4
35
2
76
7
67
7
39
3
76
7
79
5
35
4
8
6
39
5
84
4
73
3
29
5
76
3
73
6
3
6
83
6
5
3
89
4
99
2
19
3
97
6
19
4
53
4
99
7
37
3
88
4
68
4
59
3
9
6
59
6
39
4
94
6
99
4
28
4
95
7
89
7
89
3
64
3
79
7
59
6
93
5
77
7
25
3
35
4
79
7
48
4
28
5
49
3
9
5
9
6
16
6
83
3
19
7
88
5
8
7
29
7
35
5
55
7
15
3
39
5
33
4
7
4
27
7
58
1
46
2
70
6
93
4
49
6
28
7
9
0
40
3
63
5
89
3
99
3
89
4
73
5
89
7
9
7
69
4
29
7
59
5
93
7
86
5
74
7
65
7
49
7
74
7
39
6
49
6
37
4
4
6
8
4
29
7
29
6
36
4
97
7
37
7
82
5
9
3
99
5
37
6
64
0
7
5
14
5
99
7
48
4
35
3
99
4
43
3
69
4
9
6
34
4
44
7
89
4
65
3
99
4
89
6
6
5
59
6
8
4
89
3
84
6
99
4
33
5
17
5
65
5
37
6
9
7
39
3
74
5
68
4
89
3
89
3
9
5
99
6
76
3
98
3
76
4
9
3
68
6
33
6
99
6
74
