9
94
9
44
9
74
0
20
9
44
13
55
9
64
9
94
12
54
18
90
9
99
9
14
9
34
12
24
9
64
9
94
9
74
9
64
9
64
14
86
18
30
9
94
18
90
9
99
9
74
14
56
9
94
9
64
12
24
13
85
9
64
9
99
9
99
9
44
9
14
9
99
9
94
9
34
15
27
9
99
15
87
9
44
9
74
12
24
17
29
9
94
9
94
9
94
9
44
13
85
9
14
9
74
9
74
9
99
9
94
14
26
9
64
9
44
9
74
9
44
17
89
9
34
9
94
9
14
9
44
9
74
9
94
9
94
9
34
14
86
9
99
9
34
9
99
9
44
9
44
9
14
9
74
9
14
9
64
9
99
9
94
9
99
16
88
9
99
9
74
9
99
0
20
9
99
9
34
12
84
18
90
9
44
9
34
17
59
9
99
9
64
9
74
9
99
17
89
14
56
9
99
9
64
17
89
9
74
9
14
9
34
9
94
15
27
9
14
9
99
9
94
9
64
9
94
9
99
9
14
9
74
9
34
9
94
9
14
12
24
9
34
9
64
9
64
15
27
9
94
9
34
9
14
0
90
14
26
9
44
17
29
9
44
9
34
16
58
9
44
9
34
9
14
9
99
9
94
9
14
8
5
9
44
9
94
9
44
9
14
9
14
12
24
9
14
9
34
9
44
12
84
9
74
9
44
9
34
18
90
9
34
13
85
9
64
9
44
9
64
9
14
9
34
9
94
15
27
9
44
9
74
9
99
9
34
18
60
14
26
15
21
13
85
9
99
9
64
9
34
12
54
9
14
9
14
12
84
9
34
16
58
9
94
17
29
9
74
9
34
14
86
9
34
9
94
15
87
14
26
9
34
9
99
9
99
9
34
9
64
9
64
13
55
18
60
16
88
9
94
9
34
9
94
9
44
9
74
15
27
9
74
9
64
9
44
13
25
9
34
9
44
9
14
15
87
9
94
9
64
9
14
9
44
9
64
12
84
9
44
9
94
9
88
9
44
9
34
9
94
9
74
14
56
9
44
9
34
9
99
9
64
9
74
9
34
9
34
17
89
0
20
16
88
9
99
9
94
9
14
15
87
9
74
9
99
9
99
9
94
9
99
9
14
9
44
9
74
9
14
9
44
9
44
16
88
16
58
14
56
9
34
17
59
9
64
9
34
9
44
9
78
9
34
9
74
9
74
14
86
9
34
9
94
14
56
17
59
9
99
9
14
9
99
9
94
9
34
9
99
16
28
9
44
9
44
9
44
9
64
16
28
12
24
9
44
9
94
9
14
9
74
9
64
17
89
16
88
9
94
16
28
9
94
9
64
17
29
9
99
8
85
17
29
9
44
9
44
9
74
9
74
9
44
9
94
9
99
15
87
15
27
9
44
14
26
9
34
9
14
16
28
9
34
9
34
15
57
9
34
14
26
9
64
9
14
17
59
0
70
14
56
9
44
14
86
9
64
16
58
15
27
9
64
9
34
9
34
9
94
15
27
9
44
9
44
9
99
9
14
9
44
9
14
12
24
9
64
9
94
9
44
9
64
9
74
14
56
13
55
9
44
9
86
14
26
9
64
9
64
14
86
9
94
9
44
9
94
9
14
9
44
14
26
9
34
9
41
13
85
12
54
9
44
9
64
0
10
9
44
15
27
1
39
9
14
9
34
16
88
9
64
9
74
9
74
9
64
9
34
9
99
14
56
9
99
9
99
9
44
9
94
9
64
9
94
9
94
12
54
15
27
9
99
9
34
16
58
9
99
16
88
9
99
9
14
15
57
16
58
13
25
9
44
9
64
17
29
9
99
9
99
0
30
18
30
17
29
9
44
12
84
9
94
9
44
9
74
3
19
9
94
14
26
9
74
9
99
9
6
14
56
9
64
9
99
14
26
12
54
14
86
9
99
9
74
9
64
9
42
9
74
9
34
9
94
9
74
8
95
15
27
9
94
9
99
9
14
14
86
17
29
16
88
9
44
16
88
17
89
14
86
9
74
9
44
9
64
9
94
9
41
9
44
9
44
16
28
9
94
9
64
9
94
9
74
0
60
0
70
17
29
9
34
9
14
9
14
9
34
15
27
9
14
14
86
9
14
0
0
9
94
0
40
9
34
9
44
9
14
9
44
9
74
9
14
9
14
9
74
14
86
9
44
1
69
9
99
9
34
9
74
9
99
9
14
9
44
9
34
9
99
9
44
9
74
9
74
9
14
18
90
9
74
9
94
9
14
9
64
16
28
9
34
9
99
18
60
9
94
14
56
9
74
9
99
9
94
9
99
9
64
9
64
9
99
14
26
9
14
9
34
9
44
12
24
9
74
9
14
8
15
16
88
16
58
9
99
9
14
14
56
9
34
12
54
9
34
13
25
9
44
14
26
17
59
18
30
9
14
1
79
9
74
9
34
9
44
8
85
9
34
9
44
9
44
14
26
14
86
9
44
16
28
9
99
9
63
9
58
18
90
0
90
15
27
9
74
15
27
1
59
9
99
9
94
9
34
9
99
9
34
9
94
9
94
9
34
17
89
16
58
9
34
16
58
9
99
9
94
9
99
17
89
9
74
9
94
14
86
9
64
9
99
9
34
3
49
16
58
9
94
15
57
14
86
9
34
14
26
9
44
0
20
14
86
9
94
9
14
9
34
15
57
9
94
0
20
9
44
18
60
16
28
9
99
9
74
9
14
9
99
15
87
9
74
9
74
9
99
9
94
1
19
14
56
9
14
16
58
15
57
9
74
15
27
14
56
9
74
9
14
12
84
16
88
9
34
9
99
12
54
15
57
9
14
9
64
9
94
2
59
3
79
18
60
9
74
9
99
12
24
12
84
9
34
9
14
9
94
16
88
9
94
13
25
9
74
9
34
16
58
9
14
15
27
9
14
9
14
9
74
9
64
14
56
9
44
15
57
9
34
9
99
9
74
9
34
18
90
9
14
9
34
9
44
16
88
15
27
9
99
9
34
9
64
9
94
9
99
13
55
9
44
9
44
14
26
9
64
12
54
9
44
9
99
9
99
12
84
9
14
9
34
9
14
9
64
9
34
18
30
9
64
9
44
9
14
16
58
9
14
9
64
18
30
9
74
9
64
9
14
9
94
16
88
9
64
14
26
13
25
9
74
9
14
9
64
9
64
9
94
18
90
9
64
9
74
9
44
13
25
9
64
9
14
9
99
9
74
9
44
15
57
9
44
9
34
9
94
9
74
9
14
9
14
9
44
9
14
16
58
9
94
9
44
9
44
9
94
9
34
9
74
14
56
15
87
9
42
9
44
15
87
14
26
14
56
14
86
9
99
9
99
9
99
9
64
17
89
9
44
9
34
9
34
9
44
9
64
9
44
9
64
9
34
17
29
9
94
17
89
9
64
9
99
9
43
15
87
9
14
9
44
9
44
14
86
9
74
9
94
9
94
9
74
14
86
9
99
9
94
9
14
12
84
16
28
9
94
9
94
9
74
9
64
16
28
17
29
9
34
9
64
16
58
9
74
9
64
9
99
9
94
9
14
15
27
9
44
17
89
9
99
16
58
9
74
9
94
9
14
9
44
9
34
8
45
9
34
0
10
9
44
9
64
9
14
9
99
9
34
9
64
9
34
9
64
15
57
14
86
9
14
9
94
9
64
9
64
9
44
9
78
9
94
9
96
9
94
9
99
16
58
9
14
9
47
15
57
9
34
9
99
16
58
14
86
13
55
9
44
9
44
16
58
9
99
9
64
15
57
9
64
9
31
13
85
3
9
9
94
15
57
9
73
9
34
9
14
9
14
9
34
9
14
12
54
9
44
16
28
9
14
9
34
15
87
14
56
15
87
16
28
9
44
0
85
9
94
9
99
3
29
9
94
9
28
8
65
9
94
9
99
15
87
9
64
9
74
9
99
14
86
9
74
16
88
9
99
14
26
9
44
9
44
9
94
9
44
9
94
9
14
9
71
17
89
9
34
9
99
9
94
12
54
16
28
9
74
9
64
9
14
9
7
17
59
9
64
16
88
9
94
9
64
9
44
9
94
18
30
14
56
9
14
9
74
9
38
16
58
9
14
16
58
9
74
9
64
9
44
9
34
9
94
9
44
9
64
9
41
9
34
9
99
0
20
9
44
13
55
14
26
9
74
9
28
0
80
9
94
9
44
9
34
13
25
9
8
9
34
9
44
9
42
9
74
16
88
16
28
9
44
9
74
16
28
16
28
9
94
14
56
0
80
17
89
9
44
16
58
0
60
16
82
9
94
9
99
16
88
14
86
14
26
9
74
9
64
9
94
9
99
9
99
12
24
9
64
9
14
9
3
9
94
9
99
9
94
9
74
9
74
9
34
14
86
9
34
9
99
9
34
9
44
17
29
9
94
9
74
9
74
17
59
9
34
9
72
9
94
16
58
9
94
9
94
15
27
9
99
9
34
15
57
9
14
16
28
9
94
15
57
9
34
9
99
17
89
9
94
16
58
15
87
3
19
13
55
9
14
15
27
9
74
9
44
9
14
9
44
9
34
12
24
9
14
9
34
