9
89
9
40
9
74
0
20
9
41
9
50
9
63
9
94
9
49
13
85
9
99
9
12
9
34
9
19
9
61
9
93
9
69
9
59
9
62
9
81
13
25
9
92
13
85
9
99
9
73
9
51
9
89
9
64
9
19
9
80
9
62
9
99
9
99
9
44
9
11
9
99
9
94
9
32
10
22
9
99
10
82
9
40
9
74
9
19
12
24
9
94
9
92
9
92
9
42
9
80
9
12
9
69
9
71
9
99
9
93
9
21
9
60
9
44
9
70
9
40
12
84
9
31
9
93
9
11
9
41
9
72
9
93
9
89
9
32
9
81
9
99
9
34
9
99
9
43
9
41
9
12
9
74
9
10
9
60
9
99
9
91
9
99
11
83
9
99
9
73
9
99
0
20
9
99
9
34
9
79
13
85
9
42
9
31
12
54
9
99
9
61
9
74
9
99
12
84
9
51
9
99
9
59
12
84
9
71
9
13
9
34
9
94
10
22
9
9
9
99
9
89
9
61
9
91
9
99
9
14
9
72
9
34
9
89
9
13
9
19
9
31
9
62
9
61
10
22
9
94
9
34
9
11
0
90
9
21
9
40
12
24
9
42
9
32
11
53
9
44
9
34
9
10
9
99
9
93
9
9
8
5
9
44
9
91
9
43
9
13
9
12
9
19
9
14
9
31
9
41
9
79
9
70
9
43
9
31
13
85
9
30
9
80
9
62
9
44
9
62
9
14
9
32
9
91
10
22
9
41
9
71
9
99
9
30
13
55
9
21
10
21
9
80
9
99
9
61
9
31
9
49
9
10
9
14
9
79
9
33
11
53
9
89
12
24
9
69
9
31
9
81
9
32
9
91
10
82
9
21
9
33
9
99
9
99
9
34
9
61
9
59
9
50
13
55
11
83
9
92
9
31
9
94
9
42
9
70
10
22
9
70
9
61
9
41
9
20
9
34
9
41
9
13
10
82
9
91
9
61
9
14
9
42
9
64
9
79
9
44
9
90
9
88
9
44
9
34
9
92
9
72
9
51
9
39
9
31
9
99
9
60
9
72
9
31
9
30
12
84
0
20
11
83
9
99
9
93
9
9
10
82
9
74
9
99
9
99
9
94
9
99
9
14
9
40
9
71
9
14
9
41
9
42
11
83
11
53
9
51
9
32
12
54
9
60
9
31
9
44
9
78
9
29
9
71
9
73
9
81
9
32
9
91
9
51
12
54
9
99
9
9
9
99
9
90
9
31
9
99
11
23
9
41
9
43
9
41
9
64
11
23
9
19
9
43
9
91
9
11
9
71
9
62
12
84
11
83
9
91
11
23
9
89
9
62
12
24
9
99
8
85
12
24
9
39
9
39
9
72
9
74
9
39
9
94
9
99
10
82
10
22
9
44
9
21
9
33
9
10
11
23
9
31
9
29
10
52
9
31
9
21
9
63
9
13
12
54
0
70
9
51
9
44
9
81
9
61
11
53
10
22
9
64
9
29
9
34
9
92
10
22
9
42
9
39
9
99
9
11
9
41
9
11
9
19
9
59
9
92
9
43
9
63
9
71
9
51
9
50
9
43
9
86
9
21
9
59
9
63
9
81
9
94
9
43
9
91
9
12
9
41
9
21
9
31
9
41
9
80
9
49
9
43
9
63
0
10
9
42
10
22
1
39
9
11
9
32
11
83
9
59
9
69
9
72
9
60
9
32
9
99
9
51
9
99
9
99
9
42
9
94
9
60
9
92
9
92
9
49
10
22
9
99
9
32
11
53
9
99
11
83
9
99
9
14
10
52
11
53
9
20
9
39
9
62
12
24
9
99
9
99
0
30
13
25
12
24
9
42
9
79
9
92
9
40
9
73
3
19
9
91
9
21
9
73
9
99
9
6
9
51
9
61
9
99
9
21
9
49
9
81
9
99
9
71
9
61
9
42
9
71
9
34
9
89
9
71
8
95
10
22
9
94
9
99
9
14
9
81
12
24
11
83
9
41
11
83
12
84
9
81
9
72
9
44
9
62
9
91
9
41
9
39
9
44
11
23
9
92
9
60
9
93
9
72
0
60
0
70
12
24
9
32
9
14
9
11
9
33
10
22
9
9
9
81
9
9
0
0
9
91
0
40
9
30
9
41
9
9
9
44
9
74
9
12
9
14
9
71
9
81
9
41
1
68
9
99
9
30
9
69
9
99
9
12
9
39
9
34
9
99
9
44
9
71
9
71
9
12
13
85
9
74
9
91
9
11
9
62
11
23
9
31
9
99
13
55
9
89
9
51
9
71
9
99
9
94
9
99
9
62
9
61
9
99
9
21
9
13
9
34
9
44
9
19
9
72
9
13
8
15
11
83
11
53
9
99
9
10
9
51
9
34
9
49
9
34
9
20
9
44
9
21
12
54
13
25
9
14
1
79
9
73
9
34
9
44
8
85
9
31
9
42
9
42
9
21
9
81
9
44
11
23
9
99
9
63
9
58
13
85
0
90
10
22
9
72
10
22
1
59
9
99
9
92
9
32
9
99
9
31
9
91
9
94
9
29
12
84
11
53
9
32
11
53
9
99
9
91
9
99
12
84
9
72
9
89
9
81
9
64
9
99
9
34
3
49
11
53
9
91
10
52
9
81
9
32
9
21
9
43
0
20
9
81
9
93
9
11
9
34
10
52
9
91
0
20
9
43
13
55
11
23
9
99
9
69
9
13
9
99
10
82
9
74
9
74
9
99
9
94
1
19
9
51
9
9
11
53
10
52
9
71
10
22
9
51
9
72
9
14
9
79
11
83
9
34
9
99
9
49
10
52
9
11
9
63
9
94
2
59
3
79
13
55
9
72
9
99
9
19
9
79
9
32
9
12
9
94
11
83
9
89
9
20
9
71
9
30
11
53
9
10
10
22
9
11
9
13
9
71
9
59
9
51
9
43
10
52
9
31
9
99
9
74
9
31
13
85
9
12
9
31
9
39
11
83
10
22
9
99
9
31
9
60
9
94
9
99
9
50
9
42
9
43
9
21
9
59
9
49
9
44
9
99
9
99
9
79
9
9
9
32
9
14
9
64
9
32
13
25
9
61
9
41
9
11
11
53
9
9
9
64
13
25
9
72
9
61
9
14
9
93
11
83
9
61
9
21
9
20
9
74
9
14
9
62
9
59
9
94
13
85
9
60
9
74
9
41
9
20
9
64
9
14
9
99
9
74
9
41
10
52
9
41
9
33
9
92
9
70
9
13
9
9
9
41
9
14
11
53
9
94
9
42
9
44
9
94
9
32
9
74
9
51
10
82
9
42
9
41
10
82
9
21
9
51
9
81
9
99
9
99
9
99
9
60
12
84
9
42
9
29
9
32
9
41
9
62
9
42
9
63
9
34
12
24
9
92
12
84
9
64
9
99
9
43
10
82
9
9
9
44
9
44
9
81
9
74
9
89
9
92
9
71
9
81
9
99
9
94
9
14
9
79
11
23
9
93
9
93
9
72
9
62
11
23
12
24
9
30
9
63
11
53
9
74
9
63
9
99
9
92
9
12
10
22
9
41
12
84
9
99
11
53
9
74
9
91
9
11
9
42
9
31
8
45
9
34
0
10
9
44
9
63
9
11
9
99
9
34
9
62
9
29
9
61
10
52
9
81
9
14
9
94
9
59
9
63
9
40
9
78
9
92
9
96
9
91
9
99
11
53
9
11
9
47
10
52
9
34
9
99
11
53
9
81
9
50
9
41
9
41
11
53
9
99
9
64
10
52
9
61
9
31
9
80
3
9
9
94
10
52
9
73
9
29
9
14
9
11
9
34
9
10
9
49
9
40
11
23
9
9
9
34
10
82
9
51
10
82
11
23
9
43
0
85
9
91
9
99
3
29
9
94
9
28
8
65
9
90
9
99
10
82
9
59
9
73
9
99
9
81
9
74
11
83
9
99
9
21
9
39
9
40
9
91
9
43
9
91
9
12
9
71
12
84
9
29
9
99
9
94
9
49
11
23
9
72
9
64
9
12
9
7
12
54
9
64
11
83
9
94
9
64
9
41
9
93
13
25
9
51
9
14
9
72
9
38
11
53
9
11
11
53
9
72
9
62
9
44
9
32
9
90
9
44
9
63
9
41
9
31
9
99
0
20
9
43
9
50
9
21
9
69
9
28
0
80
9
90
9
43
9
31
9
20
9
8
9
31
9
41
9
42
9
73
11
83
11
23
9
39
9
73
11
23
11
23
9
91
9
51
0
80
12
84
9
42
11
53
0
60
11
82
9
91
9
99
11
83
9
81
9
21
9
71
9
63
9
93
9
99
9
99
9
19
9
61
9
11
9
3
9
91
9
99
9
91
9
72
9
71
9
33
9
81
9
31
9
99
9
31
9
42
12
24
9
90
9
72
9
73
12
54
9
31
9
72
9
89
11
53
9
91
9
91
10
22
9
99
9
32
10
52
9
12
11
23
9
90
10
52
9
31
9
99
12
84
9
94
11
53
10
82
3
19
9
50
9
9
10
22
9
71
9
41
9
11
9
44
9
32
9
19
9
14
9
33
