9
92
9
43
9
74
0
20
9
44
11
53
9
64
9
94
10
52
16
88
9
99
9
14
9
34
10
22
9
64
9
94
9
72
9
62
9
64
12
84
16
28
9
94
16
88
9
99
9
74
12
54
9
92
9
64
10
22
11
83
9
64
9
99
9
99
9
44
9
14
9
99
9
94
9
34
13
25
9
99
13
85
9
43
9
74
10
22
15
27
9
94
9
94
9
94
9
44
11
83
9
14
9
72
9
74
9
99
9
94
12
24
9
63
9
44
9
73
9
43
15
87
9
34
9
94
9
14
9
44
9
74
9
94
9
92
9
34
12
84
9
99
9
34
9
99
9
44
9
44
9
14
9
74
9
13
9
63
9
99
9
94
9
99
14
86
9
99
9
74
9
99
0
20
9
99
9
34
10
82
16
88
9
44
9
34
15
57
9
99
9
64
9
74
9
99
15
87
12
54
9
99
9
62
15
87
9
74
9
14
9
34
9
94
13
25
9
12
9
99
9
92
9
64
9
94
9
99
9
14
9
74
9
34
9
92
9
14
10
22
9
34
9
64
9
64
13
25
9
94
9
34
9
14
0
90
12
24
9
43
15
27
9
44
9
34
14
56
9
44
9
34
9
13
9
99
9
94
9
12
8
5
9
44
9
94
9
44
9
14
9
14
10
22
9
14
9
34
9
44
10
82
9
73
9
44
9
34
16
88
9
33
11
83
9
64
9
44
9
64
9
14
9
34
9
94
13
25
9
44
9
74
9
99
9
33
16
58
12
24
13
21
11
83
9
99
9
64
9
34
10
52
9
13
9
14
10
82
9
34
14
56
9
92
15
27
9
72
9
34
12
84
9
34
9
94
13
85
12
24
9
34
9
99
9
99
9
34
9
64
9
62
11
53
16
58
14
86
9
94
9
34
9
94
9
44
9
73
13
25
9
73
9
64
9
44
11
23
9
34
9
44
9
14
13
85
9
94
9
64
9
14
9
44
9
64
10
82
9
44
9
93
9
88
9
44
9
34
9
94
9
74
12
54
9
42
9
34
9
99
9
63
9
74
9
34
9
33
15
87
0
20
14
86
9
99
9
94
9
12
13
85
9
74
9
99
9
99
9
94
9
99
9
14
9
43
9
74
9
14
9
44
9
44
14
86
14
56
12
54
9
34
15
57
9
63
9
34
9
44
9
78
9
32
9
74
9
74
12
84
9
34
9
94
12
54
15
57
9
99
9
12
9
99
9
93
9
34
9
99
14
26
9
44
9
44
9
44
9
64
14
26
10
22
9
44
9
94
9
14
9
74
9
64
15
87
14
86
9
94
14
26
9
92
9
64
15
27
9
99
8
85
15
27
9
42
9
42
9
74
9
74
9
42
9
94
9
99
13
85
13
25
9
44
12
24
9
34
9
13
14
26
9
34
9
32
13
55
9
34
12
24
9
64
9
14
15
57
0
70
12
54
9
44
12
84
9
64
14
56
13
25
9
64
9
32
9
34
9
94
13
25
9
44
9
42
9
99
9
14
9
44
9
14
10
22
9
62
9
94
9
44
9
64
9
74
12
54
11
53
9
44
9
86
12
24
9
62
9
64
12
84
9
94
9
44
9
94
9
14
9
44
12
24
9
34
9
41
11
83
10
52
9
44
9
64
0
10
9
44
13
25
1
39
9
14
9
34
14
86
9
62
9
72
9
74
9
63
9
34
9
99
12
54
9
99
9
99
9
44
9
94
9
63
9
94
9
94
10
52
13
25
9
99
9
34
14
56
9
99
14
86
9
99
9
14
13
55
14
56
11
23
9
42
9
64
15
27
9
99
9
99
0
30
16
28
15
27
9
44
10
82
9
94
9
43
9
74
3
19
9
94
12
24
9
74
9
99
9
6
12
54
9
64
9
99
12
24
10
52
12
84
9
99
9
74
9
64
9
42
9
74
9
34
9
92
9
74
8
95
13
25
9
94
9
99
9
14
12
84
15
27
14
86
9
44
14
86
15
87
12
84
9
74
9
44
9
64
9
94
9
41
9
42
9
44
14
26
9
94
9
63
9
94
9
74
0
60
0
70
15
27
9
34
9
14
9
14
9
34
13
25
9
12
12
84
9
12
0
0
9
94
0
40
9
33
9
44
9
12
9
44
9
74
9
14
9
14
9
74
12
84
9
44
1
69
9
99
9
33
9
72
9
99
9
14
9
42
9
34
9
99
9
44
9
74
9
74
9
14
16
88
9
74
9
94
9
14
9
64
14
26
9
34
9
99
16
58
9
92
12
54
9
74
9
99
9
94
9
99
9
64
9
64
9
99
12
24
9
14
9
34
9
44
10
22
9
74
9
14
8
15
14
86
14
56
9
99
9
13
12
54
9
34
10
52
9
34
11
23
9
44
12
24
15
57
16
28
9
14
1
79
9
74
9
34
9
44
8
85
9
34
9
44
9
44
12
24
12
84
9
44
14
26
9
99
9
63
9
58
16
88
0
90
13
25
9
74
13
25
1
59
9
99
9
94
9
34
9
99
9
34
9
94
9
94
9
32
15
87
14
56
9
34
14
56
9
99
9
94
9
99
15
87
9
74
9
92
12
84
9
64
9
99
9
34
3
49
14
56
9
94
13
55
12
84
9
34
12
24
9
44
0
20
12
84
9
94
9
14
9
34
13
55
9
94
0
20
9
44
16
58
14
26
9
99
9
72
9
14
9
99
13
85
9
74
9
74
9
99
9
94
1
19
12
54
9
12
14
56
13
55
9
74
13
25
12
54
9
74
9
14
10
82
14
86
9
34
9
99
10
52
13
55
9
14
9
64
9
94
2
59
3
79
16
58
9
74
9
99
10
22
10
82
9
34
9
14
9
94
14
86
9
92
11
23
9
74
9
33
14
56
9
13
13
25
9
14
9
14
9
74
9
62
12
54
9
44
13
55
9
34
9
99
9
74
9
34
16
88
9
14
9
34
9
42
14
86
13
25
9
99
9
34
9
63
9
94
9
99
11
53
9
44
9
44
12
24
9
62
10
52
9
44
9
99
9
99
10
82
9
12
9
34
9
14
9
64
9
34
16
28
9
64
9
44
9
14
14
56
9
12
9
64
16
28
9
74
9
64
9
14
9
94
14
86
9
64
12
24
11
23
9
74
9
14
9
64
9
62
9
94
16
88
9
63
9
74
9
44
11
23
9
64
9
14
9
99
9
74
9
44
13
55
9
44
9
34
9
94
9
73
9
14
9
12
9
44
9
14
14
56
9
94
9
44
9
44
9
94
9
34
9
74
12
54
13
85
9
42
9
44
13
85
12
24
12
54
12
84
9
99
9
99
9
99
9
63
15
87
9
44
9
32
9
34
9
44
9
64
9
44
9
64
9
34
15
27
9
94
15
87
9
64
9
99
9
43
13
85
9
12
9
44
9
44
12
84
9
74
9
92
9
94
9
74
12
84
9
99
9
94
9
14
10
82
14
26
9
94
9
94
9
74
9
64
14
26
15
27
9
33
9
64
14
56
9
74
9
64
9
99
9
94
9
14
13
25
9
44
15
87
9
99
14
56
9
74
9
94
9
14
9
44
9
34
8
45
9
34
0
10
9
44
9
64
9
14
9
99
9
34
9
64
9
32
9
64
13
55
12
84
9
14
9
94
9
62
9
64
9
43
9
78
9
94
9
96
9
94
9
99
14
56
9
14
9
47
13
55
9
34
9
99
14
56
12
84
11
53
9
44
9
44
14
56
9
99
9
64
13
55
9
64
9
31
11
83
3
9
9
94
13
55
9
73
9
32
9
14
9
14
9
34
9
13
10
52
9
43
14
26
9
12
9
34
13
85
12
54
13
85
14
26
9
44
0
85
9
94
9
99
3
29
9
94
9
28
8
65
9
93
9
99
13
85
9
62
9
74
9
99
12
84
9
74
14
86
9
99
12
24
9
42
9
43
9
94
9
44
9
94
9
14
9
71
15
87
9
32
9
99
9
94
10
52
14
26
9
74
9
64
9
14
9
7
15
57
9
64
14
86
9
94
9
64
9
44
9
94
16
28
12
54
9
14
9
74
9
38
14
56
9
14
14
56
9
74
9
64
9
44
9
34
9
93
9
44
9
64
9
41
9
34
9
99
0
20
9
44
11
53
12
24
9
72
9
28
0
80
9
93
9
44
9
34
11
23
9
8
9
34
9
44
9
42
9
74
14
86
14
26
9
42
9
74
14
26
14
26
9
94
12
54
0
80
15
87
9
44
14
56
0
60
14
82
9
94
9
99
14
86
12
84
12
24
9
74
9
64
9
94
9
99
9
99
10
22
9
64
9
14
9
3
9
94
9
99
9
94
9
74
9
74
9
34
12
84
9
34
9
99
9
34
9
44
15
27
9
93
9
74
9
74
15
57
9
34
9
72
9
92
14
56
9
94
9
94
13
25
9
99
9
34
13
55
9
14
14
26
9
93
13
55
9
34
9
99
15
87
9
94
14
56
13
85
3
19
11
53
9
12
13
25
9
74
9
44
9
14
9
44
9
34
10
22
9
14
9
34
