9
94
9
44
9
74
0
20
9
44
16
58
9
64
9
94
15
57
19
93
9
99
9
14
9
34
15
27
9
64
9
94
9
74
9
64
9
64
17
89
19
33
9
94
19
93
9
99
9
74
17
59
9
94
9
64
15
27
16
88
9
64
9
99
9
99
9
44
9
14
9
99
9
94
9
34
18
30
9
99
18
90
9
44
9
74
15
27
19
32
9
94
9
94
9
94
9
44
16
88
9
14
9
74
9
74
9
99
9
94
17
29
9
64
9
44
9
74
9
44
19
92
9
34
9
94
9
14
9
44
9
74
9
94
9
94
9
34
17
89
9
99
9
34
9
99
9
44
9
44
9
14
9
74
9
14
9
64
9
99
9
94
9
99
19
91
9
99
9
74
9
99
0
20
9
99
9
34
15
87
19
93
9
44
9
34
19
62
9
99
9
64
9
74
9
99
19
92
17
59
9
99
9
64
19
92
9
74
9
14
9
34
9
94
18
30
9
14
9
99
9
94
9
64
9
94
9
99
9
14
9
74
9
34
9
94
9
14
15
27
9
34
9
64
9
64
18
30
9
94
9
34
9
14
0
90
17
29
9
44
19
32
9
44
9
34
19
61
9
44
9
34
9
14
9
99
9
94
9
14
8
5
9
44
9
94
9
44
9
14
9
14
15
27
9
14
9
34
9
44
15
87
9
74
9
44
9
34
19
93
9
34
16
88
9
64
9
44
9
64
9
14
9
34
9
94
18
30
9
44
9
74
9
99
9
34
19
63
17
29
18
21
16
88
9
99
9
64
9
34
15
57
9
14
9
14
15
87
9
34
19
61
9
94
19
32
9
74
9
34
17
89
9
34
9
94
18
90
17
29
9
34
9
99
9
99
9
34
9
64
9
64
16
58
19
63
19
91
9
94
9
34
9
94
9
44
9
74
18
30
9
74
9
64
9
44
16
28
9
34
9
44
9
14
18
90
9
94
9
64
9
14
9
44
9
64
15
87
9
44
9
94
9
88
9
44
9
34
9
94
9
74
17
59
9
44
9
34
9
99
9
64
9
74
9
34
9
34
19
92
0
20
19
91
9
99
9
94
9
14
18
90
9
74
9
99
9
99
9
94
9
99
9
14
9
44
9
74
9
14
9
44
9
44
19
91
19
61
17
59
9
34
19
62
9
64
9
34
9
44
9
78
9
34
9
74
9
74
17
89
9
34
9
94
17
59
19
62
9
99
9
14
9
99
9
94
9
34
9
99
19
31
9
44
9
44
9
44
9
64
19
31
15
27
9
44
9
94
9
14
9
74
9
64
19
92
19
91
9
94
19
31
9
94
9
64
19
32
9
99
8
85
19
32
9
44
9
44
9
74
9
74
9
44
9
94
9
99
18
90
18
30
9
44
17
29
9
34
9
14
19
31
9
34
9
34
18
60
9
34
17
29
9
64
9
14
19
62
0
70
17
59
9
44
17
89
9
64
19
61
18
30
9
64
9
34
9
34
9
94
18
30
9
44
9
44
9
99
9
14
9
44
9
14
15
27
9
64
9
94
9
44
9
64
9
74
17
59
16
58
9
44
9
86
17
29
9
64
9
64
17
89
9
94
9
44
9
94
9
14
9
44
17
29
9
34
9
41
16
88
15
57
9
44
9
64
0
10
9
44
18
30
1
39
9
14
9
34
19
91
9
64
9
74
9
74
9
64
9
34
9
99
17
59
9
99
9
99
9
44
9
94
9
64
9
94
9
94
15
57
18
30
9
99
9
34
19
61
9
99
19
91
9
99
9
14
18
60
19
61
16
28
9
44
9
64
19
32
9
99
9
99
0
30
19
33
19
32
9
44
15
87
9
94
9
44
9
74
3
19
9
94
17
29
9
74
9
99
9
6
17
59
9
64
9
99
17
29
15
57
17
89
9
99
9
74
9
64
9
42
9
74
9
34
9
94
9
74
8
95
18
30
9
94
9
99
9
14
17
89
19
32
19
91
9
44
19
91
19
92
17
89
9
74
9
44
9
64
9
94
9
41
9
44
9
44
19
31
9
94
9
64
9
94
9
74
0
60
0
70
19
32
9
34
9
14
9
14
9
34
18
30
9
14
17
89
9
14
0
0
9
94
0
40
9
34
9
44
9
14
9
44
9
74
9
14
9
14
9
74
17
89
9
44
1
69
9
99
9
34
9
74
9
99
9
14
9
44
9
34
9
99
9
44
9
74
9
74
9
14
19
93
9
74
9
94
9
14
9
64
19
31
9
34
9
99
19
63
9
94
17
59
9
74
9
99
9
94
9
99
9
64
9
64
9
99
17
29
9
14
9
34
9
44
15
27
9
74
9
14
8
15
19
91
19
61
9
99
9
14
17
59
9
34
15
57
9
34
16
28
9
44
17
29
19
62
19
33
9
14
1
79
9
74
9
34
9
44
8
85
9
34
9
44
9
44
17
29
17
89
9
44
19
31
9
99
9
63
9
58
19
93
0
90
18
30
9
74
18
30
1
59
9
99
9
94
9
34
9
99
9
34
9
94
9
94
9
34
19
92
19
61
9
34
19
61
9
99
9
94
9
99
19
92
9
74
9
94
17
89
9
64
9
99
9
34
3
49
19
61
9
94
18
60
17
89
9
34
17
29
9
44
0
20
17
89
9
94
9
14
9
34
18
60
9
94
0
20
9
44
19
63
19
31
9
99
9
74
9
14
9
99
18
90
9
74
9
74
9
99
9
94
1
19
17
59
9
14
19
61
18
60
9
74
18
30
17
59
9
74
9
14
15
87
19
91
9
34
9
99
15
57
18
60
9
14
9
64
9
94
2
59
3
79
19
63
9
74
9
99
15
27
15
87
9
34
9
14
9
94
19
91
9
94
16
28
9
74
9
34
19
61
9
14
18
30
9
14
9
14
9
74
9
64
17
59
9
44
18
60
9
34
9
99
9
74
9
34
19
93
9
14
9
34
9
44
19
91
18
30
9
99
9
34
9
64
9
94
9
99
16
58
9
44
9
44
17
29
9
64
15
57
9
44
9
99
9
99
15
87
9
14
9
34
9
14
9
64
9
34
19
33
9
64
9
44
9
14
19
61
9
14
9
64
19
33
9
74
9
64
9
14
9
94
19
91
9
64
17
29
16
28
9
74
9
14
9
64
9
64
9
94
19
93
9
64
9
74
9
44
16
28
9
64
9
14
9
99
9
74
9
44
18
60
9
44
9
34
9
94
9
74
9
14
9
14
9
44
9
14
19
61
9
94
9
44
9
44
9
94
9
34
9
74
17
59
18
90
9
42
9
44
18
90
17
29
17
59
17
89
9
99
9
99
9
99
9
64
19
92
9
44
9
34
9
34
9
44
9
64
9
44
9
64
9
34
19
32
9
94
19
92
9
64
9
99
9
43
18
90
9
14
9
44
9
44
17
89
9
74
9
94
9
94
9
74
17
89
9
99
9
94
9
14
15
87
19
31
9
94
9
94
9
74
9
64
19
31
19
32
9
34
9
64
19
61
9
74
9
64
9
99
9
94
9
14
18
30
9
44
19
92
9
99
19
61
9
74
9
94
9
14
9
44
9
34
8
45
9
34
0
10
9
44
9
64
9
14
9
99
9
34
9
64
9
34
9
64
18
60
17
89
9
14
9
94
9
64
9
64
9
44
9
78
9
94
9
96
9
94
9
99
19
61
9
14
9
47
18
60
9
34
9
99
19
61
17
89
16
58
9
44
9
44
19
61
9
99
9
64
18
60
9
64
9
31
16
88
3
9
9
94
18
60
9
73
9
34
9
14
9
14
9
34
9
14
15
57
9
44
19
31
9
14
9
34
18
90
17
59
18
90
19
31
9
44
0
85
9
94
9
99
3
29
9
94
9
28
8
65
9
94
9
99
18
90
9
64
9
74
9
99
17
89
9
74
19
91
9
99
17
29
9
44
9
44
9
94
9
44
9
94
9
14
9
71
19
92
9
34
9
99
9
94
15
57
19
31
9
74
9
64
9
14
9
7
19
62
9
64
19
91
9
94
9
64
9
44
9
94
19
33
17
59
9
14
9
74
9
38
19
61
9
14
19
61
9
74
9
64
9
44
9
34
9
94
9
44
9
64
9
41
9
34
9
99
0
20
9
44
16
58
17
29
9
74
9
28
0
80
9
94
9
44
9
34
16
28
9
8
9
34
9
44
9
42
9
74
19
91
19
31
9
44
9
74
19
31
19
31
9
94
17
59
0
80
19
92
9
44
19
61
0
60
19
82
9
94
9
99
19
91
17
89
17
29
9
74
9
64
9
94
9
99
9
99
15
27
9
64
9
14
9
3
9
94
9
99
9
94
9
74
9
74
9
34
17
89
9
34
9
99
9
34
9
44
19
32
9
94
9
74
9
74
19
62
9
34
9
72
9
94
19
61
9
94
9
94
18
30
9
99
9
34
18
60
9
14
19
31
9
94
18
60
9
34
9
99
19
92
9
94
19
61
18
90
3
19
16
58
9
14
18
30
9
74
9
44
9
14
9
44
9
34
15
27
9
14
9
34
