1
81
3
31
4
67
0
20
4
32
1
41
2
54
3
86
4
40
4
79
2
99
1
6
3
29
1
10
0
59
2
89
4
60
2
50
1
57
4
72
4
18
1
85
4
78
0
95
2
69
0
49
3
80
3
58
2
10
2
71
1
58
4
97
2
91
3
35
3
2
2
93
4
88
1
29
3
13
3
93
3
73
2
31
4
65
1
10
4
15
3
87
2
83
2
83
1
35
3
71
3
3
2
60
0
67
4
93
2
86
0
18
1
51
3
37
1
61
0
31
3
76
0
25
2
87
0
9
0
33
1
66
2
85
1
80
1
25
1
72
1
90
4
29
4
95
2
39
0
37
1
4
3
67
4
1
1
51
1
99
0
88
0
99
2
79
2
95
2
69
4
93
0
20
1
96
3
27
1
70
4
78
2
33
0
26
3
48
4
91
4
52
4
65
3
97
3
78
3
42
3
91
1
50
3
78
0
62
2
6
4
29
3
85
2
13
1
0
4
90
1
80
3
52
4
82
1
98
4
6
2
63
4
28
3
80
4
4
2
10
4
22
2
53
1
52
1
19
4
88
4
29
0
5
0
90
0
15
1
31
3
19
3
33
1
24
3
44
4
38
3
28
2
1
1
94
3
84
3
0
0
5
3
37
0
89
3
34
2
5
1
6
2
10
4
6
2
22
0
38
4
70
3
61
2
35
0
23
4
78
2
21
3
71
3
53
4
39
1
53
3
6
1
24
0
83
1
14
0
37
0
64
1
99
0
21
4
49
0
13
1
21
1
71
4
97
2
52
2
22
2
40
0
1
3
8
1
70
3
24
3
44
3
80
3
18
2
60
0
23
0
72
1
24
0
87
1
73
0
19
3
24
4
90
0
97
3
29
2
52
4
50
4
41
4
49
4
74
1
83
2
22
4
89
1
36
3
61
1
19
2
61
0
59
0
38
0
11
4
26
0
33
2
9
1
74
0
83
1
52
3
8
3
33
4
55
3
70
3
39
4
81
3
88
4
39
3
26
4
83
1
67
0
49
2
30
0
29
4
95
4
51
3
63
1
22
0
21
3
75
0
20
3
74
0
91
2
84
1
0
1
79
3
67
0
94
3
93
4
85
3
90
3
7
0
31
4
62
4
9
0
32
1
33
2
74
2
44
0
45
3
23
4
45
3
51
0
27
3
35
0
79
1
20
0
68
4
64
0
75
2
23
2
82
1
42
4
45
1
91
4
0
1
95
3
81
0
23
2
94
3
14
0
32
2
36
4
32
3
57
2
19
3
10
2
39
0
89
0
5
0
63
2
53
3
79
2
74
2
82
2
16
3
80
2
53
4
15
2
98
0
85
3
16
3
30
2
30
1
65
3
66
4
30
4
85
0
94
1
78
1
19
3
37
3
12
2
27
0
1
3
14
4
22
4
20
1
49
0
23
0
19
2
58
2
5
3
48
0
70
3
42
4
39
2
72
0
52
2
48
1
19
3
59
4
20
3
29
1
84
1
17
3
33
2
30
3
96
0
5
0
37
0
5
3
10
4
50
1
86
2
39
2
56
3
62
0
45
1
41
2
34
3
86
0
17
3
50
2
59
0
79
3
86
2
35
3
82
2
3
0
34
4
12
0
26
3
40
0
71
4
40
2
34
2
54
0
10
1
38
4
13
0
35
2
2
1
29
3
74
4
50
4
60
2
63
2
51
1
27
1
97
0
43
3
91
3
99
1
35
3
87
1
51
1
85
1
86
4
40
2
13
0
92
1
24
2
48
3
97
2
76
2
93
3
9
1
45
2
45
3
11
1
30
1
55
3
18
2
99
3
99
0
30
4
19
3
19
1
34
3
70
2
83
0
31
2
64
3
13
0
83
0
19
2
66
4
91
4
6
0
43
0
55
1
91
4
12
3
40
4
72
0
94
0
62
0
53
3
42
0
62
3
25
1
80
0
65
2
95
3
13
3
85
2
94
4
5
1
72
3
17
2
75
0
34
2
75
3
78
0
79
1
63
4
39
3
53
0
83
0
41
1
30
4
35
2
16
4
83
4
51
3
84
1
63
0
60
0
70
3
18
1
23
4
6
3
2
2
24
3
13
3
0
0
75
3
0
0
0
0
84
0
40
4
21
3
32
2
0
4
35
3
69
3
3
4
5
0
69
1
72
0
34
1
67
4
93
2
21
1
60
1
95
3
3
2
30
3
28
1
94
3
36
0
62
0
66
1
6
4
79
4
67
3
82
4
2
1
55
2
14
0
28
3
98
4
48
1
80
0
44
4
62
4
93
3
86
1
97
1
58
0
54
3
99
0
12
2
6
4
28
3
38
3
10
1
64
4
4
0
15
2
74
2
44
3
92
1
1
3
42
3
27
2
40
3
29
3
11
3
35
4
12
3
48
4
18
3
9
1
74
2
66
3
29
3
36
0
85
0
27
1
39
1
37
4
12
0
73
3
38
2
14
4
92
1
63
0
59
4
78
0
90
1
19
4
63
1
19
1
58
3
90
1
87
1
26
1
92
0
24
3
82
3
88
4
20
3
79
2
46
1
29
2
45
1
94
4
82
4
92
3
76
3
63
2
80
0
77
3
59
2
98
4
29
3
44
2
44
1
82
1
44
4
72
1
25
0
12
2
35
0
20
1
72
2
87
1
2
3
28
1
44
3
82
0
20
2
34
4
49
2
18
4
92
4
60
2
9
4
91
1
75
3
66
4
67
3
93
3
88
1
10
0
46
3
0
3
44
2
43
0
67
1
13
1
42
1
68
3
6
2
70
3
74
3
27
2
96
1
40
1
48
0
6
2
56
4
86
2
54
3
73
4
48
1
69
2
92
4
10
2
70
1
24
1
4
3
87
2
74
2
80
0
11
3
62
3
21
3
44
0
1
1
16
4
2
2
7
3
62
2
50
0
48
3
34
3
43
4
22
2
93
4
65
1
22
4
76
1
8
2
22
1
30
2
75
1
14
2
96
0
26
4
51
4
89
4
99
3
41
4
33
2
36
4
12
3
50
2
40
3
35
2
98
3
91
4
70
1
0
3
23
4
8
3
58
4
23
4
17
0
54
0
39
3
2
2
44
4
0
3
55
4
19
1
64
2
52
3
9
2
87
2
74
0
59
3
12
4
11
3
67
3
9
1
55
3
50
4
89
4
77
2
51
3
69
0
35
0
11
4
56
4
8
2
94
4
68
0
32
1
47
2
32
2
24
1
88
3
61
3
4
3
0
0
34
4
6
2
45
4
89
3
33
3
36
4
88
1
25
4
66
0
44
1
79
0
42
0
36
3
73
0
12
0
42
0
72
3
91
4
93
1
95
4
51
3
77
1
39
4
20
1
29
2
32
1
56
1
33
2
59
4
28
4
15
1
86
4
75
3
57
1
98
2
43
1
77
2
0
4
39
4
37
0
73
4
65
2
80
2
83
0
69
0
72
3
90
4
85
4
9
2
70
2
17
4
84
2
88
2
63
1
57
2
16
3
15
0
21
3
54
2
45
4
67
2
56
1
92
1
85
1
6
4
13
4
32
3
78
4
97
2
44
3
66
0
87
0
5
1
38
0
28
4
45
4
25
0
10
4
37
3
54
2
2
2
93
3
25
1
54
2
20
1
52
1
48
0
76
4
9
4
85
3
50
2
59
3
31
1
78
1
84
4
96
0
83
4
96
3
44
0
9
2
47
1
49
4
29
0
99
2
47
2
72
0
41
0
33
0
39
3
44
3
90
3
57
1
47
0
57
1
30
1
71
3
5
4
85
4
43
3
73
3
20
4
8
4
2
4
25
1
1
2
40
0
31
2
15
3
0
4
27
1
74
0
47
1
78
4
14
2
37
0
85
0
89
0
98
3
20
4
87
2
28
3
65
1
81
4
97
1
79
2
50
2
67
1
91
0
78
3
65
2
79
3
94
1
12
1
30
1
31
0
84
3
34
2
82
1
6
2
70
4
75
2
20
2
90
4
85
2
40
2
15
3
63
3
57
1
3
1
7
3
49
3
56
3
74
1
94
4
55
0
34
2
89
4
17
0
47
3
7
1
67
3
39
2
48
0
9
2
45
1
63
1
59
4
35
2
23
1
81
3
38
2
55
2
40
0
26
4
98
0
20
2
36
0
41
0
12
1
60
1
28
0
80
1
81
4
34
0
23
1
11
2
9
3
22
0
36
1
42
2
68
2
79
2
16
3
30
4
64
4
14
2
15
0
82
0
43
0
80
3
78
1
34
2
45
0
60
2
82
0
88
4
94
2
79
0
78
0
16
0
69
2
58
2
84
3
97
4
92
2
10
3
52
4
2
0
3
1
82
4
99
4
82
1
66
0
63
2
28
4
72
0
29
2
92
0
25
4
33
4
15
3
81
2
63
2
66
3
45
0
27
0
72
4
80
3
44
0
87
0
89
1
15
4
95
1
23
1
49
1
7
3
14
2
81
1
46
0
27
1
94
3
75
3
86
4
44
1
79
3
11
4
41
1
0
1
13
0
66
4
32
0
2
4
38
1
29
3
10
4
9
4
24
