5
84
7
35
8
70
0
20
8
36
5
45
6
58
7
89
7
44
8
80
6
99
5
9
7
29
4
14
4
59
6
89
7
64
5
54
5
59
8
76
8
20
5
89
8
80
4
99
6
69
4
49
6
84
7
59
5
14
6
75
5
59
8
99
6
95
7
39
7
6
6
97
8
90
5
29
7
17
7
97
7
77
6
35
8
69
4
14
8
19
7
89
6
87
6
87
5
39
7
75
7
7
5
64
4
69
8
97
6
89
4
19
5
55
7
39
5
65
4
35
7
79
4
29
6
89
4
9
4
37
5
69
6
89
4
84
5
29
5
76
4
94
8
30
8
99
6
39
4
39
5
8
7
69
8
5
5
55
5
99
4
89
4
99
6
79
6
99
6
69
8
97
0
20
5
99
7
29
4
74
8
80
6
37
4
29
7
49
8
95
8
56
8
69
7
99
7
79
7
46
7
95
4
54
7
79
4
66
6
9
8
30
7
89
6
17
4
4
7
94
4
84
7
56
8
86
5
99
8
10
6
67
8
30
6
84
8
8
5
14
8
26
6
57
5
56
5
19
8
90
8
30
4
9
0
90
4
19
5
35
7
19
7
37
5
28
7
48
8
40
7
29
6
5
5
98
7
88
6
4
4
5
7
39
4
89
7
38
6
9
5
9
5
14
8
10
6
26
4
39
7
74
7
65
6
39
4
27
8
80
6
25
7
75
7
57
8
40
5
57
7
9
5
28
4
87
5
18
4
39
4
68
5
99
4
25
8
50
4
17
5
21
5
75
8
99
6
56
6
26
5
44
4
5
7
9
4
74
7
28
7
48
6
84
7
19
5
64
4
27
4
76
5
28
4
89
5
77
4
19
7
28
7
94
4
99
7
29
6
56
7
54
8
45
8
50
8
78
5
87
6
26
8
90
5
39
7
65
5
19
6
65
4
59
4
39
4
15
8
30
4
37
6
9
5
78
4
87
5
56
7
9
7
37
8
59
6
74
7
39
8
85
7
88
8
40
7
29
8
87
5
69
4
49
5
34
4
29
8
99
8
55
7
67
5
26
4
25
7
79
0
20
7
78
4
95
6
88
4
4
5
79
7
69
4
98
7
97
8
89
6
94
7
9
4
35
8
66
8
10
4
36
5
37
6
78
6
48
4
49
7
27
8
49
7
55
4
29
7
39
4
78
4
24
4
69
8
68
4
79
6
27
6
86
5
46
8
49
5
95
7
4
5
99
7
85
4
27
6
98
7
18
4
36
6
39
8
36
7
59
6
19
6
14
6
39
4
89
4
9
4
67
6
57
7
79
6
78
6
86
6
19
6
84
6
57
8
19
6
99
4
85
7
19
6
34
5
34
5
69
7
69
7
34
8
89
4
98
5
79
5
19
7
39
7
16
6
29
4
5
7
18
8
26
7
24
5
49
4
27
4
19
6
59
6
9
7
49
0
70
7
46
8
40
6
76
4
56
6
49
5
19
7
59
7
24
7
29
5
88
5
19
7
37
5
34
7
99
4
9
4
39
4
9
6
14
7
54
5
89
6
39
6
59
7
66
4
49
5
45
6
38
7
86
4
19
6
54
6
59
4
79
7
89
6
38
7
86
6
7
4
38
8
16
4
29
6
41
4
75
7
44
6
38
6
58
0
10
5
39
8
17
1
39
6
6
5
29
7
78
7
54
7
64
6
67
6
55
5
29
5
99
4
47
7
95
7
99
5
39
7
89
5
55
5
89
5
89
7
44
6
17
4
96
5
28
6
49
7
99
6
79
6
97
7
9
5
49
6
49
7
15
4
34
5
59
7
19
6
99
7
99
0
30
8
20
7
19
5
38
6
74
6
87
4
35
6
68
3
17
4
87
4
19
6
69
8
95
8
6
4
47
4
59
5
95
8
16
6
44
8
76
4
98
4
66
4
57
7
42
4
66
7
29
4
84
4
69
6
95
7
17
7
89
6
98
8
9
5
76
7
19
6
79
4
38
6
79
7
79
4
79
5
67
8
40
7
57
4
87
4
41
4
34
8
39
6
19
8
87
8
55
7
88
5
67
0
60
0
70
7
19
5
27
8
10
7
6
6
28
7
17
6
4
4
79
6
4
0
0
4
88
0
40
8
25
7
36
5
4
8
39
7
69
7
7
8
9
4
69
5
76
4
38
1
67
8
97
6
25
4
64
5
99
7
7
5
34
7
29
5
98
7
39
4
66
4
69
5
9
8
80
8
70
7
86
8
6
5
59
6
18
4
29
7
99
8
50
4
84
4
48
8
66
8
97
7
89
5
99
5
59
4
58
7
99
4
16
6
9
8
30
7
39
6
14
5
68
8
8
4
15
6
78
6
48
7
96
5
5
7
46
7
29
5
44
7
29
7
15
7
39
8
16
7
49
8
20
7
9
1
78
6
69
7
29
7
39
4
85
4
29
5
39
5
39
8
16
4
77
7
39
6
18
8
96
5
63
4
58
8
80
0
90
5
19
8
67
5
19
1
59
6
94
5
89
5
29
5
96
4
28
7
86
7
89
7
24
7
79
6
49
5
29
6
49
5
98
8
86
8
96
7
79
7
67
5
84
4
79
7
59
6
99
8
30
3
48
6
48
5
86
5
48
8
76
5
29
4
16
6
39
0
20
5
76
6
89
5
6
7
29
5
48
7
86
0
20
6
38
8
50
6
19
8
96
7
64
6
9
8
95
5
79
7
69
8
70
7
97
7
89
1
14
4
49
6
4
7
48
6
47
4
69
5
17
5
46
5
69
7
9
5
74
7
78
7
29
6
99
4
44
5
49
4
9
6
59
8
90
2
58
3
77
8
50
5
69
6
96
7
14
5
74
5
28
5
8
7
89
6
78
5
84
4
15
7
66
7
25
7
48
4
5
5
19
8
6
6
9
7
66
5
54
4
49
7
38
7
47
8
26
6
97
8
69
5
26
8
80
5
9
6
26
4
34
6
79
5
18
6
99
4
29
8
55
8
90
8
99
7
45
8
37
6
39
8
16
6
54
5
44
7
39
6
99
7
95
7
74
4
4
7
27
8
10
7
59
8
27
8
20
4
58
4
39
7
6
6
48
7
4
7
59
8
20
5
68
6
56
7
9
6
89
6
78
4
59
7
16
8
15
7
69
7
9
5
59
6
54
8
90
8
80
6
55
7
69
4
39
4
15
8
60
8
10
6
98
8
70
4
36
5
49
6
36
6
28
5
89
7
65
7
8
6
4
4
38
8
10
6
49
8
90
7
37
7
39
8
90
5
29
8
70
4
48
5
79
4
42
4
39
7
77
4
16
4
46
4
76
7
95
8
97
5
99
8
55
7
79
5
39
7
24
5
29
6
36
5
59
5
37
6
59
8
30
8
19
5
89
8
79
7
59
5
99
6
43
5
79
5
4
8
40
8
40
4
77
8
69
5
84
6
87
4
69
4
76
6
94
8
89
8
10
5
74
6
19
8
88
6
89
6
67
5
59
6
19
7
19
4
25
7
58
6
49
8
70
6
59
5
96
5
89
5
9
8
17
8
36
7
79
8
99
6
48
7
69
4
89
4
9
5
39
4
29
8
45
8
29
0
10
8
40
7
58
6
6
6
97
7
29
5
58
5
24
5
56
5
49
4
79
8
10
8
89
6
54
6
59
7
35
5
78
5
88
8
96
4
87
8
99
7
48
4
9
6
47
5
49
8
30
4
99
6
49
6
76
4
45
4
37
4
39
7
48
6
94
7
59
5
49
4
59
4
31
5
75
3
9
8
89
8
47
7
73
6
24
8
10
8
6
8
29
5
5
5
44
4
35
6
19
6
4
8
30
5
78
4
49
5
79
8
18
6
39
0
85
4
89
4
99
3
24
8
90
6
28
7
65
5
85
8
99
5
79
5
54
6
69
5
95
4
79
7
69
6
79
7
98
5
16
4
34
5
35
4
88
7
38
6
86
5
9
5
71
8
79
5
24
5
94
8
89
5
44
6
19
7
67
7
59
5
7
5
7
7
49
7
59
7
78
5
94
8
59
4
38
6
89
8
20
4
49
7
9
5
69
7
38
6
49
4
9
6
49
5
67
5
59
8
39
6
27
5
85
7
39
6
59
5
41
4
29
8
99
0
20
6
39
4
45
4
16
4
64
5
28
0
80
5
85
8
38
4
27
5
15
6
8
7
26
4
39
5
42
6
69
6
79
6
19
6
34
8
68
8
18
6
19
4
86
4
47
0
80
7
79
5
38
6
49
0
60
6
82
4
89
8
98
6
79
4
79
4
19
4
69
6
59
6
88
7
99
8
96
5
14
7
56
8
6
4
3
5
86
8
99
8
86
5
69
4
67
6
29
8
76
4
29
6
96
4
29
8
37
8
19
7
85
6
67
6
69
7
49
4
29
4
72
7
84
7
48
4
89
4
89
5
19
8
99
5
27
5
49
5
9
7
18
6
85
5
49
4
29
5
98
7
79
7
89
8
48
5
79
3
15
8
45
4
4
5
17
4
69
8
36
4
6
8
40
5
29
6
14
8
10
8
28
