9
94
9
44
9
74
0
20
9
44
18
60
9
64
9
94
17
59
19
94
9
99
9
14
9
34
17
29
9
64
9
94
9
74
9
64
9
64
19
91
19
34
9
94
19
94
9
99
9
74
19
61
9
94
9
64
17
29
18
90
9
64
9
99
9
99
9
44
9
14
9
99
9
94
9
34
19
32
9
99
19
92
9
44
9
74
17
29
19
34
9
94
9
94
9
94
9
44
18
90
9
14
9
74
9
74
9
99
9
94
19
31
9
64
9
44
9
74
9
44
19
94
9
34
9
94
9
14
9
44
9
74
9
94
9
94
9
34
19
91
9
99
9
34
9
99
9
44
9
44
9
14
9
74
9
14
9
64
9
99
9
94
9
99
19
93
9
99
9
74
9
99
0
20
9
99
9
34
17
89
19
94
9
44
9
34
19
64
9
99
9
64
9
74
9
99
19
94
19
61
9
99
9
64
19
94
9
74
9
14
9
34
9
94
19
32
9
14
9
99
9
94
9
64
9
94
9
99
9
14
9
74
9
34
9
94
9
14
17
29
9
34
9
64
9
64
19
32
9
94
9
34
9
14
0
90
19
31
9
44
19
34
9
44
9
34
19
63
9
44
9
34
9
14
9
99
9
94
9
14
8
5
9
44
9
94
9
44
9
14
9
14
17
29
9
14
9
34
9
44
17
89
9
74
9
44
9
34
19
94
9
34
18
90
9
64
9
44
9
64
9
14
9
34
9
94
19
32
9
44
9
74
9
99
9
34
19
64
19
31
19
21
18
90
9
99
9
64
9
34
17
59
9
14
9
14
17
89
9
34
19
63
9
94
19
34
9
74
9
34
19
91
9
34
9
94
19
92
19
31
9
34
9
99
9
99
9
34
9
64
9
64
18
60
19
64
19
93
9
94
9
34
9
94
9
44
9
74
19
32
9
74
9
64
9
44
18
30
9
34
9
44
9
14
19
92
9
94
9
64
9
14
9
44
9
64
17
89
9
44
9
94
9
88
9
44
9
34
9
94
9
74
19
61
9
44
9
34
9
99
9
64
9
74
9
34
9
34
19
94
0
20
19
93
9
99
9
94
9
14
19
92
9
74
9
99
9
99
9
94
9
99
9
14
9
44
9
74
9
14
9
44
9
44
19
93
19
63
19
61
9
34
19
64
9
64
9
34
9
44
9
78
9
34
9
74
9
74
19
91
9
34
9
94
19
61
19
64
9
99
9
14
9
99
9
94
9
34
9
99
19
33
9
44
9
44
9
44
9
64
19
33
17
29
9
44
9
94
9
14
9
74
9
64
19
94
19
93
9
94
19
33
9
94
9
64
19
34
9
99
8
85
19
34
9
44
9
44
9
74
9
74
9
44
9
94
9
99
19
92
19
32
9
44
19
31
9
34
9
14
19
33
9
34
9
34
19
62
9
34
19
31
9
64
9
14
19
64
0
70
19
61
9
44
19
91
9
64
19
63
19
32
9
64
9
34
9
34
9
94
19
32
9
44
9
44
9
99
9
14
9
44
9
14
17
29
9
64
9
94
9
44
9
64
9
74
19
61
18
60
9
44
9
86
19
31
9
64
9
64
19
91
9
94
9
44
9
94
9
14
9
44
19
31
9
34
9
41
18
90
17
59
9
44
9
64
0
10
9
44
19
32
1
39
9
14
9
34
19
93
9
64
9
74
9
74
9
64
9
34
9
99
19
61
9
99
9
99
9
44
9
94
9
64
9
94
9
94
17
59
19
32
9
99
9
34
19
63
9
99
19
93
9
99
9
14
19
62
19
63
18
30
9
44
9
64
19
34
9
99
9
99
0
30
19
34
19
34
9
44
17
89
9
94
9
44
9
74
3
19
9
94
19
31
9
74
9
99
9
6
19
61
9
64
9
99
19
31
17
59
19
91
9
99
9
74
9
64
9
42
9
74
9
34
9
94
9
74
8
95
19
32
9
94
9
99
9
14
19
91
19
34
19
93
9
44
19
93
19
94
19
91
9
74
9
44
9
64
9
94
9
41
9
44
9
44
19
33
9
94
9
64
9
94
9
74
0
60
0
70
19
34
9
34
9
14
9
14
9
34
19
32
9
14
19
91
9
14
0
0
9
94
0
40
9
34
9
44
9
14
9
44
9
74
9
14
9
14
9
74
19
91
9
44
1
69
9
99
9
34
9
74
9
99
9
14
9
44
9
34
9
99
9
44
9
74
9
74
9
14
19
94
9
74
9
94
9
14
9
64
19
33
9
34
9
99
19
64
9
94
19
61
9
74
9
99
9
94
9
99
9
64
9
64
9
99
19
31
9
14
9
34
9
44
17
29
9
74
9
14
8
15
19
93
19
63
9
99
9
14
19
61
9
34
17
59
9
34
18
30
9
44
19
31
19
64
19
34
9
14
1
79
9
74
9
34
9
44
8
85
9
34
9
44
9
44
19
31
19
91
9
44
19
33
9
99
9
63
9
58
19
94
0
90
19
32
9
74
19
32
1
59
9
99
9
94
9
34
9
99
9
34
9
94
9
94
9
34
19
94
19
63
9
34
19
63
9
99
9
94
9
99
19
94
9
74
9
94
19
91
9
64
9
99
9
34
3
49
19
63
9
94
19
62
19
91
9
34
19
31
9
44
0
20
19
91
9
94
9
14
9
34
19
62
9
94
0
20
9
44
19
64
19
33
9
99
9
74
9
14
9
99
19
92
9
74
9
74
9
99
9
94
1
19
19
61
9
14
19
63
19
62
9
74
19
32
19
61
9
74
9
14
17
89
19
93
9
34
9
99
17
59
19
62
9
14
9
64
9
94
2
59
3
79
19
64
9
74
9
99
17
29
17
89
9
34
9
14
9
94
19
93
9
94
18
30
9
74
9
34
19
63
9
14
19
32
9
14
9
14
9
74
9
64
19
61
9
44
19
62
9
34
9
99
9
74
9
34
19
94
9
14
9
34
9
44
19
93
19
32
9
99
9
34
9
64
9
94
9
99
18
60
9
44
9
44
19
31
9
64
17
59
9
44
9
99
9
99
17
89
9
14
9
34
9
14
9
64
9
34
19
34
9
64
9
44
9
14
19
63
9
14
9
64
19
34
9
74
9
64
9
14
9
94
19
93
9
64
19
31
18
30
9
74
9
14
9
64
9
64
9
94
19
94
9
64
9
74
9
44
18
30
9
64
9
14
9
99
9
74
9
44
19
62
9
44
9
34
9
94
9
74
9
14
9
14
9
44
9
14
19
63
9
94
9
44
9
44
9
94
9
34
9
74
19
61
19
92
9
42
9
44
19
92
19
31
19
61
19
91
9
99
9
99
9
99
9
64
19
94
9
44
9
34
9
34
9
44
9
64
9
44
9
64
9
34
19
34
9
94
19
94
9
64
9
99
9
43
19
92
9
14
9
44
9
44
19
91
9
74
9
94
9
94
9
74
19
91
9
99
9
94
9
14
17
89
19
33
9
94
9
94
9
74
9
64
19
33
19
34
9
34
9
64
19
63
9
74
9
64
9
99
9
94
9
14
19
32
9
44
19
94
9
99
19
63
9
74
9
94
9
14
9
44
9
34
8
45
9
34
0
10
9
44
9
64
9
14
9
99
9
34
9
64
9
34
9
64
19
62
19
91
9
14
9
94
9
64
9
64
9
44
9
78
9
94
9
96
9
94
9
99
19
63
9
14
9
47
19
62
9
34
9
99
19
63
19
91
18
60
9
44
9
44
19
63
9
99
9
64
19
62
9
64
9
31
18
90
3
9
9
94
19
62
9
73
9
34
9
14
9
14
9
34
9
14
17
59
9
44
19
33
9
14
9
34
19
92
19
61
19
92
19
33
9
44
0
85
9
94
9
99
3
29
9
94
9
28
8
65
9
94
9
99
19
92
9
64
9
74
9
99
19
91
9
74
19
93
9
99
19
31
9
44
9
44
9
94
9
44
9
94
9
14
9
71
19
94
9
34
9
99
9
94
17
59
19
33
9
74
9
64
9
14
9
7
19
64
9
64
19
93
9
94
9
64
9
44
9
94
19
34
19
61
9
14
9
74
9
38
19
63
9
14
19
63
9
74
9
64
9
44
9
34
9
94
9
44
9
64
9
41
9
34
9
99
0
20
9
44
18
60
19
31
9
74
9
28
0
80
9
94
9
44
9
34
18
30
9
8
9
34
9
44
9
42
9
74
19
93
19
33
9
44
9
74
19
33
19
33
9
94
19
61
0
80
19
94
9
44
19
63
0
60
19
82
9
94
9
99
19
93
19
91
19
31
9
74
9
64
9
94
9
99
9
99
17
29
9
64
9
14
9
3
9
94
9
99
9
94
9
74
9
74
9
34
19
91
9
34
9
99
9
34
9
44
19
34
9
94
9
74
9
74
19
64
9
34
9
72
9
94
19
63
9
94
9
94
19
32
9
99
9
34
19
62
9
14
19
33
9
94
19
62
9
34
9
99
19
94
9
94
19
63
19
92
3
19
18
60
9
14
19
32
9
74
9
44
9
14
9
44
9
34
17
29
9
14
9
34
