3
82
5
33
6
69
0
20
6
34
3
43
4
56
5
88
5
42
6
79
4
99
3
8
5
29
2
12
2
59
4
89
5
62
3
52
3
59
6
74
6
19
3
87
6
79
2
97
4
69
2
49
4
82
5
59
3
12
4
73
3
59
6
99
4
93
5
37
5
4
4
95
6
89
3
29
5
15
5
95
5
75
4
33
6
67
2
12
6
17
5
89
4
85
4
85
3
37
5
73
5
5
3
62
2
69
6
95
4
88
2
19
3
53
5
39
3
63
2
33
5
78
2
27
4
89
2
9
2
35
3
68
4
87
2
82
3
27
3
74
2
92
6
29
6
97
4
39
2
39
3
6
5
69
6
3
3
53
3
99
2
89
2
99
4
79
4
97
4
69
6
95
0
20
3
98
5
29
2
72
6
79
4
35
2
28
5
49
6
93
6
54
6
67
5
99
5
79
5
44
5
93
2
52
5
79
2
64
4
8
6
29
5
87
4
15
2
2
5
92
2
82
5
54
6
84
3
99
6
8
4
65
6
29
4
82
6
6
3
12
6
24
4
55
3
54
3
19
6
89
6
29
2
7
0
90
2
17
3
33
5
19
5
35
3
26
5
46
6
39
5
29
4
3
3
96
5
86
4
2
2
5
5
39
2
89
5
36
4
7
3
8
3
12
6
8
4
24
2
39
5
72
5
63
4
37
2
25
6
79
4
23
5
73
5
55
6
39
3
55
5
8
3
26
2
85
3
16
2
39
2
66
3
99
2
23
6
49
2
15
3
21
3
73
6
99
4
54
4
24
3
42
2
3
5
9
2
72
5
26
5
46
4
82
5
19
3
62
2
25
2
74
3
26
2
89
3
75
2
19
5
26
5
92
2
99
5
29
4
54
5
52
6
43
6
49
6
76
3
85
4
24
6
89
3
38
5
63
3
19
4
63
2
59
2
39
2
13
6
28
2
35
4
9
3
76
2
85
3
54
5
9
5
35
6
57
4
72
5
39
6
83
5
88
6
39
5
28
6
85
3
69
2
49
3
32
2
29
6
97
6
53
5
65
3
24
2
23
5
77
0
20
5
76
2
93
4
86
2
2
3
79
5
69
2
96
5
95
6
87
4
92
5
9
2
33
6
64
6
9
2
34
3
35
4
76
4
46
2
47
5
25
6
47
5
53
2
29
5
37
2
78
2
22
2
69
6
66
2
77
4
25
4
84
3
44
6
47
3
93
5
2
3
97
5
83
2
25
4
96
5
16
2
34
4
38
6
34
5
59
4
19
4
12
4
39
2
89
2
7
2
65
4
55
5
79
4
76
4
84
4
18
4
82
4
55
6
17
4
99
2
85
5
18
4
32
3
32
3
67
5
68
5
32
6
87
2
96
3
79
3
19
5
39
5
14
4
29
2
3
5
16
6
24
5
22
3
49
2
25
2
19
4
59
4
7
5
49
0
70
5
44
6
39
4
74
2
54
4
49
3
19
5
59
5
22
5
29
3
86
3
19
5
35
3
32
5
98
2
7
2
39
2
7
4
12
5
52
3
88
4
39
4
58
5
64
2
47
3
43
4
36
5
86
2
19
4
52
4
59
2
79
5
88
4
36
5
84
4
5
2
36
6
14
2
28
4
41
2
73
5
42
4
36
4
56
0
10
3
39
6
15
1
37
4
4
3
29
5
76
5
52
5
62
4
65
4
53
3
29
3
99
2
45
5
93
5
99
3
37
5
89
3
53
3
87
3
88
5
42
4
15
2
94
3
26
4
49
5
99
4
78
4
95
5
9
3
47
4
47
5
13
2
32
3
57
5
19
4
99
5
99
0
30
6
19
5
19
3
36
4
72
4
85
2
33
4
66
3
15
2
85
2
19
4
68
6
93
6
6
2
45
2
57
3
93
6
14
4
42
6
74
2
96
2
64
2
55
5
42
2
64
5
27
2
82
2
67
4
95
5
15
5
87
4
96
6
7
3
74
5
19
4
77
2
36
4
77
5
79
2
79
3
65
6
39
5
55
2
85
2
41
2
32
6
37
4
18
6
85
6
53
5
86
3
65
0
60
0
70
5
19
3
25
6
8
5
4
4
26
5
15
4
2
2
77
4
2
0
0
2
86
0
40
6
23
5
34
3
2
6
37
5
69
5
5
6
7
2
69
3
74
2
36
1
67
6
95
4
23
2
62
3
97
5
5
3
32
5
29
3
96
5
38
2
64
2
68
3
8
6
79
6
69
5
84
6
4
3
57
4
16
2
29
5
99
6
49
2
82
2
46
6
64
6
95
5
88
3
99
3
59
2
56
5
99
2
14
4
8
6
29
5
39
4
12
3
66
6
6
2
15
4
76
4
46
5
94
3
3
5
44
5
29
3
42
5
29
5
13
5
37
6
14
5
49
6
19
5
9
1
76
4
68
5
29
5
38
2
85
2
29
3
39
3
39
6
14
2
75
5
39
4
16
6
94
3
63
2
58
6
79
0
90
3
19
6
65
3
19
1
59
4
92
3
89
3
28
3
94
2
26
5
84
5
89
5
22
5
79
4
48
3
29
4
47
3
96
6
84
6
94
5
78
5
65
3
82
2
79
5
59
4
99
6
29
3
46
4
46
3
84
3
46
6
74
3
27
2
14
4
37
0
20
3
74
4
89
3
4
5
29
3
46
5
84
0
20
4
36
6
49
4
19
6
94
5
62
4
9
6
93
3
77
5
68
6
69
5
95
5
89
1
12
2
48
4
2
5
46
4
45
2
69
3
15
3
44
3
69
5
8
3
72
5
76
5
29
4
98
2
42
3
49
2
8
4
58
6
88
2
56
3
75
6
49
3
69
4
94
5
12
3
72
3
26
3
6
5
89
4
76
3
82
2
13
5
64
5
23
5
46
2
3
3
18
6
4
4
9
5
64
3
52
2
49
5
36
5
45
6
24
4
95
6
67
3
24
6
78
3
9
4
24
2
32
4
77
3
16
4
98
2
28
6
53
6
89
6
99
5
43
6
35
4
38
6
14
4
52
3
42
5
37
4
99
5
93
5
72
2
2
5
25
6
9
5
59
6
25
6
19
2
56
2
39
5
4
4
46
5
2
5
57
6
19
3
66
4
54
5
9
4
89
4
76
2
59
5
14
6
13
5
69
5
9
3
57
4
52
6
89
6
79
4
53
5
69
2
37
2
13
6
58
6
9
4
96
6
69
2
34
3
49
4
34
4
26
3
89
5
63
5
6
4
2
2
36
6
8
4
47
6
89
5
35
5
38
6
89
3
27
6
68
2
46
3
79
2
42
2
38
5
75
2
14
2
44
2
74
5
93
6
95
3
97
6
53
5
79
3
39
5
22
3
29
4
34
3
58
3
35
4
59
6
29
6
17
3
88
6
77
5
59
3
99
4
43
3
79
3
2
6
39
6
39
2
75
6
67
3
82
4
85
2
69
2
74
4
92
6
87
6
9
3
72
4
19
6
86
4
89
4
65
3
59
4
18
5
17
2
23
5
56
4
47
6
69
4
58
3
94
3
87
3
8
6
15
6
34
5
79
6
99
4
46
5
68
2
89
2
7
3
39
2
29
6
45
6
27
0
10
6
39
5
56
4
4
4
95
5
27
3
56
3
22
3
54
3
49
2
78
6
9
6
87
4
52
4
59
5
33
3
78
3
86
6
96
2
85
6
98
5
46
2
9
4
47
3
49
6
29
2
99
4
49
4
74
2
43
2
35
2
39
5
46
4
92
5
59
3
49
2
59
2
31
3
73
3
7
6
87
6
45
5
73
4
22
6
9
6
4
6
27
3
3
3
42
2
33
4
17
4
2
6
29
3
76
2
49
3
79
6
16
4
39
0
85
2
89
2
99
3
22
6
89
4
28
5
65
3
83
6
99
3
79
3
52
4
69
3
93
2
79
5
67
4
79
5
96
3
14
2
32
3
33
2
86
5
36
4
84
3
8
3
71
6
77
3
22
3
92
6
87
3
42
4
17
5
65
5
59
3
5
3
7
5
49
5
58
5
76
3
94
6
57
2
36
4
89
6
19
2
49
5
9
3
69
5
38
4
49
2
9
4
47
3
65
3
59
6
37
4
25
3
83
5
39
4
57
3
41
2
28
6
99
0
20
4
38
2
43
2
14
2
62
3
28
0
80
3
83
6
36
2
25
3
13
4
8
5
24
2
38
3
42
4
69
4
79
4
18
4
32
6
66
6
16
4
17
2
84
2
45
0
80
5
79
3
36
4
47
0
60
4
82
2
89
6
96
4
79
2
79
2
18
2
69
4
59
4
86
5
99
6
94
3
12
5
54
6
4
2
3
3
84
6
99
6
84
3
68
2
65
4
29
6
74
2
29
4
94
2
27
6
35
6
17
5
83
4
65
4
68
5
47
2
29
2
72
5
82
5
46
2
89
2
89
3
17
6
97
3
25
3
49
3
9
5
16
4
83
3
48
2
29
3
96
5
77
5
88
6
46
3
79
3
13
6
43
2
2
3
15
2
68
6
34
2
4
6
39
3
29
4
12
6
9
6
26
