9
91
9
42
9
74
0
20
9
43
10
52
9
64
9
94
9
51
15
87
9
99
9
14
9
34
9
21
9
63
9
94
9
71
9
61
9
64
11
83
15
27
9
94
15
87
9
99
9
74
11
53
9
91
9
64
9
21
10
82
9
64
9
99
9
99
9
44
9
13
9
99
9
94
9
34
12
24
9
99
12
84
9
42
9
74
9
21
14
26
9
94
9
94
9
94
9
44
10
82
9
14
9
71
9
73
9
99
9
94
11
23
9
62
9
44
9
72
9
42
14
86
9
33
9
94
9
13
9
43
9
74
9
94
9
91
9
34
11
83
9
99
9
34
9
99
9
44
9
43
9
14
9
74
9
12
9
62
9
99
9
93
9
99
13
85
9
99
9
74
9
99
0
20
9
99
9
34
9
81
15
87
9
44
9
33
14
56
9
99
9
63
9
74
9
99
14
86
11
53
9
99
9
61
14
86
9
73
9
14
9
34
9
94
12
24
9
11
9
99
9
91
9
63
9
93
9
99
9
14
9
74
9
34
9
91
9
14
9
21
9
33
9
64
9
63
12
24
9
94
9
34
9
13
0
90
11
23
9
42
14
26
9
44
9
34
13
55
9
44
9
34
9
12
9
99
9
94
9
11
8
5
9
44
9
93
9
44
9
14
9
14
9
21
9
14
9
33
9
43
9
81
9
72
9
44
9
33
15
87
9
32
10
82
9
64
9
44
9
64
9
14
9
34
9
93
12
24
9
43
9
73
9
99
9
32
15
57
11
23
12
21
10
82
9
99
9
63
9
33
9
51
9
12
9
14
9
81
9
34
13
55
9
91
14
26
9
71
9
33
11
83
9
34
9
93
12
84
11
23
9
34
9
99
9
99
9
34
9
63
9
61
10
52
15
57
13
85
9
94
9
33
9
94
9
44
9
72
12
24
9
72
9
63
9
43
10
22
9
34
9
43
9
14
12
84
9
93
9
63
9
14
9
44
9
64
9
81
9
44
9
92
9
88
9
44
9
34
9
94
9
74
11
53
9
41
9
33
9
99
9
62
9
74
9
33
9
32
14
86
0
20
13
85
9
99
9
94
9
11
12
84
9
74
9
99
9
99
9
94
9
99
9
14
9
42
9
73
9
14
9
43
9
44
13
85
13
55
11
53
9
34
14
56
9
62
9
33
9
44
9
78
9
31
9
73
9
74
11
83
9
34
9
93
11
53
14
56
9
99
9
11
9
99
9
92
9
33
9
99
13
25
9
43
9
44
9
43
9
64
13
25
9
21
9
44
9
93
9
13
9
73
9
64
14
86
13
85
9
93
13
25
9
91
9
64
14
26
9
99
8
85
14
26
9
41
9
41
9
74
9
74
9
41
9
94
9
99
12
84
12
24
9
44
11
23
9
34
9
12
13
25
9
33
9
31
12
54
9
33
11
23
9
64
9
14
14
56
0
70
11
53
9
44
11
83
9
63
13
55
12
24
9
64
9
31
9
34
9
94
12
24
9
44
9
41
9
99
9
13
9
43
9
13
9
21
9
61
9
94
9
44
9
64
9
73
11
53
10
52
9
44
9
86
11
23
9
61
9
64
11
83
9
94
9
44
9
93
9
14
9
43
11
23
9
33
9
41
10
82
9
51
9
44
9
64
0
10
9
44
12
24
1
39
9
13
9
34
13
85
9
61
9
71
9
74
9
62
9
34
9
99
11
53
9
99
9
99
9
44
9
94
9
62
9
94
9
94
9
51
12
24
9
99
9
34
13
55
9
99
13
85
9
99
9
14
12
54
13
55
10
22
9
41
9
64
14
26
9
99
9
99
0
30
15
27
14
26
9
44
9
81
9
94
9
42
9
74
3
19
9
93
11
23
9
74
9
99
9
6
11
53
9
63
9
99
11
23
9
51
11
83
9
99
9
73
9
63
9
42
9
73
9
34
9
91
9
73
8
95
12
24
9
94
9
99
9
14
11
83
14
26
13
85
9
43
13
85
14
86
11
83
9
74
9
44
9
64
9
93
9
41
9
41
9
44
13
25
9
94
9
62
9
94
9
74
0
60
0
70
14
26
9
34
9
14
9
13
9
34
12
24
9
11
11
83
9
11
0
0
9
93
0
40
9
32
9
43
9
11
9
44
9
74
9
14
9
14
9
73
11
83
9
43
1
69
9
99
9
32
9
71
9
99
9
14
9
41
9
34
9
99
9
44
9
73
9
73
9
14
15
87
9
74
9
93
9
13
9
64
13
25
9
33
9
99
15
57
9
91
11
53
9
73
9
99
9
94
9
99
9
64
9
63
9
99
11
23
9
14
9
34
9
44
9
21
9
74
9
14
8
15
13
85
13
55
9
99
9
12
11
53
9
34
9
51
9
34
10
22
9
44
11
23
14
56
15
27
9
14
1
79
9
74
9
34
9
44
8
85
9
33
9
44
9
44
11
23
11
83
9
44
13
25
9
99
9
63
9
58
15
87
0
90
12
24
9
74
12
24
1
59
9
99
9
94
9
34
9
99
9
33
9
93
9
94
9
31
14
86
13
55
9
34
13
55
9
99
9
93
9
99
14
86
9
74
9
91
11
83
9
64
9
99
9
34
3
49
13
55
9
93
12
54
11
83
9
34
11
23
9
44
0
20
11
83
9
94
9
13
9
34
12
54
9
93
0
20
9
44
15
57
13
25
9
99
9
71
9
14
9
99
12
84
9
74
9
74
9
99
9
94
1
19
11
53
9
11
13
55
12
54
9
73
12
24
11
53
9
74
9
14
9
81
13
85
9
34
9
99
9
51
12
54
9
13
9
64
9
94
2
59
3
79
15
57
9
74
9
99
9
21
9
81
9
34
9
14
9
94
13
85
9
91
10
22
9
73
9
32
13
55
9
12
12
24
9
13
9
14
9
73
9
61
11
53
9
44
12
54
9
33
9
99
9
74
9
33
15
87
9
14
9
33
9
41
13
85
12
24
9
99
9
33
9
62
9
94
9
99
10
52
9
44
9
44
11
23
9
61
9
51
9
44
9
99
9
99
9
81
9
11
9
34
9
14
9
64
9
34
15
27
9
63
9
43
9
13
13
55
9
11
9
64
15
27
9
74
9
63
9
14
9
94
13
85
9
63
11
23
10
22
9
74
9
14
9
64
9
61
9
94
15
87
9
62
9
74
9
43
10
22
9
64
9
14
9
99
9
74
9
43
12
54
9
43
9
34
9
94
9
72
9
14
9
11
9
43
9
14
13
55
9
94
9
44
9
44
9
94
9
34
9
74
11
53
12
84
9
42
9
43
12
84
11
23
11
53
11
83
9
99
9
99
9
99
9
62
14
86
9
44
9
31
9
34
9
43
9
64
9
44
9
64
9
34
14
26
9
94
14
86
9
64
9
99
9
43
12
84
9
11
9
44
9
44
11
83
9
74
9
91
9
94
9
73
11
83
9
99
9
94
9
14
9
81
13
25
9
94
9
94
9
74
9
64
13
25
14
26
9
32
9
64
13
55
9
74
9
64
9
99
9
94
9
14
12
24
9
43
14
86
9
99
13
55
9
74
9
93
9
13
9
44
9
33
8
45
9
34
0
10
9
44
9
64
9
13
9
99
9
34
9
64
9
31
9
63
12
54
11
83
9
14
9
94
9
61
9
64
9
42
9
78
9
94
9
96
9
93
9
99
13
55
9
13
9
47
12
54
9
34
9
99
13
55
11
83
10
52
9
43
9
43
13
55
9
99
9
64
12
54
9
63
9
31
10
82
3
9
9
94
12
54
9
73
9
31
9
14
9
13
9
34
9
12
9
51
9
42
13
25
9
11
9
34
12
84
11
53
12
84
13
25
9
44
0
85
9
93
9
99
3
29
9
94
9
28
8
65
9
92
9
99
12
84
9
61
9
74
9
99
11
83
9
74
13
85
9
99
11
23
9
41
9
42
9
93
9
44
9
93
9
14
9
71
14
86
9
31
9
99
9
94
9
51
13
25
9
74
9
64
9
14
9
7
14
56
9
64
13
85
9
94
9
64
9
43
9
94
15
27
11
53
9
14
9
74
9
38
13
55
9
13
13
55
9
74
9
64
9
44
9
34
9
92
9
44
9
64
9
41
9
33
9
99
0
20
9
44
10
52
11
23
9
71
9
28
0
80
9
92
9
44
9
33
10
22
9
8
9
33
9
43
9
42
9
74
13
85
13
25
9
41
9
74
13
25
13
25
9
93
11
53
0
80
14
86
9
44
13
55
0
60
13
82
9
93
9
99
13
85
11
83
11
23
9
73
9
64
9
94
9
99
9
99
9
21
9
63
9
13
9
3
9
93
9
99
9
93
9
74
9
73
9
34
11
83
9
33
9
99
9
33
9
44
14
26
9
92
9
74
9
74
14
56
9
33
9
72
9
91
13
55
9
93
9
93
12
24
9
99
9
34
12
54
9
14
13
25
9
92
12
54
9
33
9
99
14
86
9
94
13
55
12
84
3
19
10
52
9
11
12
24
9
73
9
43
9
13
9
44
9
34
9
21
9
14
9
34
