9
94
9
44
9
74
0
20
9
44
15
57
9
64
9
94
14
56
19
92
9
99
9
14
9
34
14
26
9
64
9
94
9
74
9
64
9
64
16
88
19
32
9
94
19
92
9
99
9
74
16
58
9
94
9
64
14
26
15
87
9
64
9
99
9
99
9
44
9
14
9
99
9
94
9
34
17
29
9
99
17
89
9
44
9
74
14
26
19
31
9
94
9
94
9
94
9
44
15
87
9
14
9
74
9
74
9
99
9
94
16
28
9
64
9
44
9
74
9
44
19
91
9
34
9
94
9
14
9
44
9
74
9
94
9
94
9
34
16
88
9
99
9
34
9
99
9
44
9
44
9
14
9
74
9
14
9
64
9
99
9
94
9
99
18
90
9
99
9
74
9
99
0
20
9
99
9
34
14
86
19
92
9
44
9
34
19
61
9
99
9
64
9
74
9
99
19
91
16
58
9
99
9
64
19
91
9
74
9
14
9
34
9
94
17
29
9
14
9
99
9
94
9
64
9
94
9
99
9
14
9
74
9
34
9
94
9
14
14
26
9
34
9
64
9
64
17
29
9
94
9
34
9
14
0
90
16
28
9
44
19
31
9
44
9
34
18
60
9
44
9
34
9
14
9
99
9
94
9
14
8
5
9
44
9
94
9
44
9
14
9
14
14
26
9
14
9
34
9
44
14
86
9
74
9
44
9
34
19
92
9
34
15
87
9
64
9
44
9
64
9
14
9
34
9
94
17
29
9
44
9
74
9
99
9
34
19
62
16
28
17
21
15
87
9
99
9
64
9
34
14
56
9
14
9
14
14
86
9
34
18
60
9
94
19
31
9
74
9
34
16
88
9
34
9
94
17
89
16
28
9
34
9
99
9
99
9
34
9
64
9
64
15
57
19
62
18
90
9
94
9
34
9
94
9
44
9
74
17
29
9
74
9
64
9
44
15
27
9
34
9
44
9
14
17
89
9
94
9
64
9
14
9
44
9
64
14
86
9
44
9
94
9
88
9
44
9
34
9
94
9
74
16
58
9
44
9
34
9
99
9
64
9
74
9
34
9
34
19
91
0
20
18
90
9
99
9
94
9
14
17
89
9
74
9
99
9
99
9
94
9
99
9
14
9
44
9
74
9
14
9
44
9
44
18
90
18
60
16
58
9
34
19
61
9
64
9
34
9
44
9
78
9
34
9
74
9
74
16
88
9
34
9
94
16
58
19
61
9
99
9
14
9
99
9
94
9
34
9
99
18
30
9
44
9
44
9
44
9
64
18
30
14
26
9
44
9
94
9
14
9
74
9
64
19
91
18
90
9
94
18
30
9
94
9
64
19
31
9
99
8
85
19
31
9
44
9
44
9
74
9
74
9
44
9
94
9
99
17
89
17
29
9
44
16
28
9
34
9
14
18
30
9
34
9
34
17
59
9
34
16
28
9
64
9
14
19
61
0
70
16
58
9
44
16
88
9
64
18
60
17
29
9
64
9
34
9
34
9
94
17
29
9
44
9
44
9
99
9
14
9
44
9
14
14
26
9
64
9
94
9
44
9
64
9
74
16
58
15
57
9
44
9
86
16
28
9
64
9
64
16
88
9
94
9
44
9
94
9
14
9
44
16
28
9
34
9
41
15
87
14
56
9
44
9
64
0
10
9
44
17
29
1
39
9
14
9
34
18
90
9
64
9
74
9
74
9
64
9
34
9
99
16
58
9
99
9
99
9
44
9
94
9
64
9
94
9
94
14
56
17
29
9
99
9
34
18
60
9
99
18
90
9
99
9
14
17
59
18
60
15
27
9
44
9
64
19
31
9
99
9
99
0
30
19
32
19
31
9
44
14
86
9
94
9
44
9
74
3
19
9
94
16
28
9
74
9
99
9
6
16
58
9
64
9
99
16
28
14
56
16
88
9
99
9
74
9
64
9
42
9
74
9
34
9
94
9
74
8
95
17
29
9
94
9
99
9
14
16
88
19
31
18
90
9
44
18
90
19
91
16
88
9
74
9
44
9
64
9
94
9
41
9
44
9
44
18
30
9
94
9
64
9
94
9
74
0
60
0
70
19
31
9
34
9
14
9
14
9
34
17
29
9
14
16
88
9
14
0
0
9
94
0
40
9
34
9
44
9
14
9
44
9
74
9
14
9
14
9
74
16
88
9
44
1
69
9
99
9
34
9
74
9
99
9
14
9
44
9
34
9
99
9
44
9
74
9
74
9
14
19
92
9
74
9
94
9
14
9
64
18
30
9
34
9
99
19
62
9
94
16
58
9
74
9
99
9
94
9
99
9
64
9
64
9
99
16
28
9
14
9
34
9
44
14
26
9
74
9
14
8
15
18
90
18
60
9
99
9
14
16
58
9
34
14
56
9
34
15
27
9
44
16
28
19
61
19
32
9
14
1
79
9
74
9
34
9
44
8
85
9
34
9
44
9
44
16
28
16
88
9
44
18
30
9
99
9
63
9
58
19
92
0
90
17
29
9
74
17
29
1
59
9
99
9
94
9
34
9
99
9
34
9
94
9
94
9
34
19
91
18
60
9
34
18
60
9
99
9
94
9
99
19
91
9
74
9
94
16
88
9
64
9
99
9
34
3
49
18
60
9
94
17
59
16
88
9
34
16
28
9
44
0
20
16
88
9
94
9
14
9
34
17
59
9
94
0
20
9
44
19
62
18
30
9
99
9
74
9
14
9
99
17
89
9
74
9
74
9
99
9
94
1
19
16
58
9
14
18
60
17
59
9
74
17
29
16
58
9
74
9
14
14
86
18
90
9
34
9
99
14
56
17
59
9
14
9
64
9
94
2
59
3
79
19
62
9
74
9
99
14
26
14
86
9
34
9
14
9
94
18
90
9
94
15
27
9
74
9
34
18
60
9
14
17
29
9
14
9
14
9
74
9
64
16
58
9
44
17
59
9
34
9
99
9
74
9
34
19
92
9
14
9
34
9
44
18
90
17
29
9
99
9
34
9
64
9
94
9
99
15
57
9
44
9
44
16
28
9
64
14
56
9
44
9
99
9
99
14
86
9
14
9
34
9
14
9
64
9
34
19
32
9
64
9
44
9
14
18
60
9
14
9
64
19
32
9
74
9
64
9
14
9
94
18
90
9
64
16
28
15
27
9
74
9
14
9
64
9
64
9
94
19
92
9
64
9
74
9
44
15
27
9
64
9
14
9
99
9
74
9
44
17
59
9
44
9
34
9
94
9
74
9
14
9
14
9
44
9
14
18
60
9
94
9
44
9
44
9
94
9
34
9
74
16
58
17
89
9
42
9
44
17
89
16
28
16
58
16
88
9
99
9
99
9
99
9
64
19
91
9
44
9
34
9
34
9
44
9
64
9
44
9
64
9
34
19
31
9
94
19
91
9
64
9
99
9
43
17
89
9
14
9
44
9
44
16
88
9
74
9
94
9
94
9
74
16
88
9
99
9
94
9
14
14
86
18
30
9
94
9
94
9
74
9
64
18
30
19
31
9
34
9
64
18
60
9
74
9
64
9
99
9
94
9
14
17
29
9
44
19
91
9
99
18
60
9
74
9
94
9
14
9
44
9
34
8
45
9
34
0
10
9
44
9
64
9
14
9
99
9
34
9
64
9
34
9
64
17
59
16
88
9
14
9
94
9
64
9
64
9
44
9
78
9
94
9
96
9
94
9
99
18
60
9
14
9
47
17
59
9
34
9
99
18
60
16
88
15
57
9
44
9
44
18
60
9
99
9
64
17
59
9
64
9
31
15
87
3
9
9
94
17
59
9
73
9
34
9
14
9
14
9
34
9
14
14
56
9
44
18
30
9
14
9
34
17
89
16
58
17
89
18
30
9
44
0
85
9
94
9
99
3
29
9
94
9
28
8
65
9
94
9
99
17
89
9
64
9
74
9
99
16
88
9
74
18
90
9
99
16
28
9
44
9
44
9
94
9
44
9
94
9
14
9
71
19
91
9
34
9
99
9
94
14
56
18
30
9
74
9
64
9
14
9
7
19
61
9
64
18
90
9
94
9
64
9
44
9
94
19
32
16
58
9
14
9
74
9
38
18
60
9
14
18
60
9
74
9
64
9
44
9
34
9
94
9
44
9
64
9
41
9
34
9
99
0
20
9
44
15
57
16
28
9
74
9
28
0
80
9
94
9
44
9
34
15
27
9
8
9
34
9
44
9
42
9
74
18
90
18
30
9
44
9
74
18
30
18
30
9
94
16
58
0
80
19
91
9
44
18
60
0
60
18
82
9
94
9
99
18
90
16
88
16
28
9
74
9
64
9
94
9
99
9
99
14
26
9
64
9
14
9
3
9
94
9
99
9
94
9
74
9
74
9
34
16
88
9
34
9
99
9
34
9
44
19
31
9
94
9
74
9
74
19
61
9
34
9
72
9
94
18
60
9
94
9
94
17
29
9
99
9
34
17
59
9
14
18
30
9
94
17
59
9
34
9
99
19
91
9
94
18
60
17
89
3
19
15
57
9
14
17
29
9
74
9
44
9
14
9
44
9
34
14
26
9
14
9
34
