2
81
4
32
5
68
0
20
5
33
2
42
3
55
4
87
4
41
5
79
3
99
2
7
4
29
1
11
1
59
3
89
4
61
2
51
2
58
5
73
5
19
2
86
5
79
1
96
3
69
1
49
3
81
4
59
2
11
3
72
2
59
5
98
3
92
4
36
4
3
3
94
5
89
2
29
4
14
4
94
4
74
3
32
5
66
1
11
5
16
4
88
3
84
3
84
2
36
4
72
4
4
2
61
1
68
5
94
3
87
1
19
2
52
4
38
2
62
1
32
4
77
1
26
3
88
1
9
1
34
2
67
3
86
1
81
2
26
2
73
1
91
5
29
5
96
3
39
1
38
2
5
4
68
5
2
2
52
2
99
1
89
1
99
3
79
3
96
3
69
5
94
0
20
2
97
4
28
1
71
5
79
3
34
1
27
4
49
5
92
5
53
5
66
4
98
4
79
4
43
4
92
1
51
4
79
1
63
3
7
5
29
4
86
3
14
1
1
4
91
1
81
4
53
5
83
2
99
5
7
3
64
5
29
3
81
5
5
2
11
5
23
3
54
2
53
2
19
5
89
5
29
1
6
0
90
1
16
2
32
4
19
4
34
2
25
4
45
5
39
4
29
3
2
2
95
4
85
3
1
1
5
4
38
1
89
4
35
3
6
2
7
2
11
5
7
3
23
1
39
4
71
4
62
3
36
1
24
5
79
3
22
4
72
4
54
5
39
2
54
4
7
2
25
1
84
2
15
1
38
1
65
2
99
1
22
5
49
1
14
2
21
2
72
5
98
3
53
3
23
2
41
1
2
4
9
1
71
4
25
4
45
3
81
4
19
2
61
1
24
1
73
2
25
1
88
2
74
1
19
4
25
4
91
1
98
4
29
3
53
4
51
5
42
5
49
5
75
2
84
3
23
5
89
2
37
4
62
2
19
3
62
1
59
1
39
1
12
5
27
1
34
3
9
2
75
1
84
2
53
4
9
4
34
5
56
3
71
4
39
5
82
4
88
5
39
4
27
5
84
2
68
1
49
2
31
1
29
5
96
5
52
4
64
2
23
1
22
4
76
0
20
4
75
1
92
3
85
1
1
2
79
4
68
1
95
4
94
5
86
3
91
4
8
1
32
5
63
5
9
1
33
2
34
3
75
3
45
1
46
4
24
5
46
4
52
1
28
4
36
1
78
1
21
1
69
5
65
1
76
3
24
3
83
2
43
5
46
2
92
4
1
2
96
4
82
1
24
3
95
4
15
1
33
3
37
5
33
4
58
3
19
3
11
3
39
1
89
1
6
1
64
3
54
4
79
3
75
3
83
3
17
3
81
3
54
5
16
3
99
1
85
4
17
3
31
2
31
2
66
4
67
4
31
5
86
1
95
2
79
2
19
4
38
4
13
3
28
1
2
4
15
5
23
4
21
2
49
1
24
1
19
3
59
3
6
4
49
0
70
4
43
5
39
3
73
1
53
3
49
2
19
4
59
4
21
4
29
2
85
2
18
4
34
2
31
4
97
1
6
1
38
1
6
3
11
4
51
2
87
3
39
3
57
4
63
1
46
2
42
3
35
4
86
1
18
3
51
3
59
1
79
4
87
3
35
4
83
3
4
1
35
5
13
1
27
3
41
1
72
4
41
3
35
3
55
0
10
2
39
5
14
1
36
3
3
2
29
4
75
4
51
4
61
3
64
3
52
2
28
2
98
1
44
4
92
4
99
2
36
4
88
2
52
2
86
2
87
4
41
3
14
1
93
2
25
3
49
4
98
3
77
3
94
4
9
2
46
3
46
4
12
1
31
2
56
4
19
3
99
4
99
0
30
5
19
4
19
2
35
3
71
3
84
1
32
3
65
3
14
1
84
1
19
3
67
5
92
5
6
1
44
1
56
2
92
5
13
3
41
5
73
1
95
1
63
1
54
4
42
1
63
4
26
1
81
1
66
3
95
4
14
4
86
3
95
5
6
2
73
4
18
3
76
1
35
3
76
4
79
1
79
2
64
5
39
4
54
1
84
1
41
1
31
5
36
3
17
5
84
5
52
4
85
2
64
0
60
0
70
4
19
2
24
5
7
4
3
3
25
4
14
3
1
1
76
3
1
0
0
1
85
0
40
5
22
4
33
2
1
5
36
4
69
4
4
5
6
1
69
2
73
1
35
1
67
5
94
3
22
1
61
2
96
4
4
2
31
4
29
2
95
4
37
1
63
1
67
2
7
5
79
5
68
4
83
5
3
2
56
3
15
1
29
4
99
5
49
1
81
1
45
5
63
5
94
4
87
2
98
2
59
1
55
4
99
1
13
3
7
5
29
4
39
3
11
2
65
5
5
1
15
3
75
3
45
4
93
2
2
4
43
4
28
2
41
4
29
4
12
4
36
5
13
4
49
5
19
4
9
1
75
3
67
4
29
4
37
1
85
1
28
2
39
2
38
5
13
1
74
4
39
3
15
5
93
2
63
1
58
5
79
0
90
2
19
5
64
2
19
1
59
3
91
2
88
2
27
2
93
1
25
4
83
4
89
4
21
4
79
3
47
2
29
3
46
2
95
5
83
5
93
4
77
4
64
2
81
1
78
4
59
3
99
5
29
3
45
3
45
2
83
2
45
5
73
2
26
1
13
3
36
0
20
2
73
3
88
2
3
4
29
2
45
4
83
0
20
3
35
5
49
3
19
5
93
4
61
3
9
5
92
2
76
4
67
5
68
4
94
4
89
1
11
1
47
3
1
4
45
3
44
1
68
2
14
2
43
2
69
4
7
2
71
4
75
4
28
3
97
1
41
2
49
1
7
3
57
5
87
2
55
3
74
5
49
2
69
3
93
4
11
2
71
2
25
2
5
4
88
3
75
2
81
1
12
4
63
4
22
4
45
1
2
2
17
5
3
3
8
4
63
2
51
1
49
4
35
4
44
5
23
3
94
5
66
2
23
5
77
2
9
3
23
1
31
3
76
2
15
3
97
1
27
5
52
5
89
5
99
4
42
5
34
3
37
5
13
3
51
2
41
4
36
3
99
4
92
4
71
1
1
4
24
5
9
4
59
5
24
5
18
1
55
1
39
4
3
3
45
4
1
4
56
5
19
2
65
3
53
4
9
3
88
3
75
1
59
4
13
5
12
4
68
4
9
2
56
3
51
5
89
5
78
3
52
4
69
1
36
1
12
5
57
5
9
3
95
5
69
1
33
2
48
3
33
3
25
2
89
4
62
4
5
3
1
1
35
5
7
3
46
5
89
4
34
4
37
5
89
2
26
5
67
1
45
2
79
1
42
1
37
4
74
1
13
1
43
1
73
4
92
5
94
2
96
5
52
4
78
2
39
4
21
2
29
3
33
2
57
2
34
3
59
5
29
5
16
2
87
5
76
4
58
2
99
3
43
2
78
2
1
5
39
5
38
1
74
5
66
2
81
3
84
1
69
1
73
3
91
5
86
5
9
2
71
3
18
5
85
3
89
3
64
2
58
3
17
4
16
1
22
4
55
3
46
5
68
3
57
2
93
2
86
2
7
5
14
5
33
4
79
5
98
3
45
4
67
1
88
1
6
2
39
1
29
5
45
5
26
0
10
5
38
4
55
3
3
3
94
4
26
2
55
2
21
2
53
2
49
1
77
5
9
5
86
3
51
3
59
4
32
2
78
2
85
5
96
1
84
5
97
4
45
1
9
3
47
2
49
5
29
1
99
3
48
3
73
1
42
1
34
1
39
4
45
3
91
4
58
2
48
1
58
1
31
2
72
3
6
5
86
5
44
4
73
3
21
5
9
5
3
5
26
2
2
2
41
1
32
3
16
3
1
5
28
2
75
1
48
2
79
5
15
3
38
0
85
1
89
1
99
3
21
5
88
3
28
4
65
2
82
5
98
2
79
2
51
3
68
2
92
1
79
4
66
3
79
4
95
2
13
1
31
2
32
1
85
4
35
3
83
2
7
2
71
5
76
2
21
2
91
5
86
2
41
3
16
4
64
4
58
2
4
2
7
4
49
4
57
4
75
2
94
5
56
1
35
3
89
5
18
1
48
4
8
2
68
4
38
3
49
1
9
3
46
2
64
2
59
5
36
3
24
2
82
4
39
3
56
2
41
1
27
5
99
0
20
3
37
1
42
1
13
1
61
2
28
0
80
2
82
5
35
1
24
2
12
3
8
4
23
1
37
2
42
3
69
3
79
3
17
3
31
5
65
5
15
3
16
1
83
1
44
0
80
4
79
2
35
3
46
0
60
3
82
1
89
5
95
3
79
1
79
1
17
1
69
3
59
3
85
4
98
5
93
2
11
4
53
5
3
1
3
2
83
5
99
5
83
2
67
1
64
3
29
5
73
1
29
3
93
1
26
5
34
5
16
4
82
3
64
3
67
4
46
1
28
1
72
4
81
4
45
1
88
1
89
2
16
5
96
2
24
2
49
2
8
4
15
3
82
2
47
1
28
2
95
4
76
4
87
5
45
2
79
3
12
5
42
1
1
2
14
1
67
5
33
1
3
5
39
2
29
3
11
5
9
5
25
