9
93
9
44
9
74
0
20
9
44
12
54
9
64
9
94
11
53
17
89
9
99
9
14
9
34
11
23
9
64
9
94
9
73
9
63
9
64
13
85
17
29
9
94
17
89
9
99
9
74
13
55
9
93
9
64
11
23
12
84
9
64
9
99
9
99
9
44
9
14
9
99
9
94
9
34
14
26
9
99
14
86
9
44
9
74
11
23
16
28
9
94
9
94
9
94
9
44
12
84
9
14
9
73
9
74
9
99
9
94
13
25
9
64
9
44
9
74
9
44
16
88
9
34
9
94
9
14
9
44
9
74
9
94
9
93
9
34
13
85
9
99
9
34
9
99
9
44
9
44
9
14
9
74
9
14
9
64
9
99
9
94
9
99
15
87
9
99
9
74
9
99
0
20
9
99
9
34
11
83
17
89
9
44
9
34
16
58
9
99
9
64
9
74
9
99
16
88
13
55
9
99
9
63
16
88
9
74
9
14
9
34
9
94
14
26
9
13
9
99
9
93
9
64
9
94
9
99
9
14
9
74
9
34
9
93
9
14
11
23
9
34
9
64
9
64
14
26
9
94
9
34
9
14
0
90
13
25
9
44
16
28
9
44
9
34
15
57
9
44
9
34
9
14
9
99
9
94
9
13
8
5
9
44
9
94
9
44
9
14
9
14
11
23
9
14
9
34
9
44
11
83
9
74
9
44
9
34
17
89
9
34
12
84
9
64
9
44
9
64
9
14
9
34
9
94
14
26
9
44
9
74
9
99
9
34
17
59
13
25
14
21
12
84
9
99
9
64
9
34
11
53
9
14
9
14
11
83
9
34
15
57
9
93
16
28
9
73
9
34
13
85
9
34
9
94
14
86
13
25
9
34
9
99
9
99
9
34
9
64
9
63
12
54
17
59
15
87
9
94
9
34
9
94
9
44
9
74
14
26
9
74
9
64
9
44
12
24
9
34
9
44
9
14
14
86
9
94
9
64
9
14
9
44
9
64
11
83
9
44
9
94
9
88
9
44
9
34
9
94
9
74
13
55
9
43
9
34
9
99
9
64
9
74
9
34
9
34
16
88
0
20
15
87
9
99
9
94
9
13
14
86
9
74
9
99
9
99
9
94
9
99
9
14
9
44
9
74
9
14
9
44
9
44
15
87
15
57
13
55
9
34
16
58
9
64
9
34
9
44
9
78
9
33
9
74
9
74
13
85
9
34
9
94
13
55
16
58
9
99
9
13
9
99
9
94
9
34
9
99
15
27
9
44
9
44
9
44
9
64
15
27
11
23
9
44
9
94
9
14
9
74
9
64
16
88
15
87
9
94
15
27
9
93
9
64
16
28
9
99
8
85
16
28
9
43
9
43
9
74
9
74
9
43
9
94
9
99
14
86
14
26
9
44
13
25
9
34
9
14
15
27
9
34
9
33
14
56
9
34
13
25
9
64
9
14
16
58
0
70
13
55
9
44
13
85
9
64
15
57
14
26
9
64
9
33
9
34
9
94
14
26
9
44
9
43
9
99
9
14
9
44
9
14
11
23
9
63
9
94
9
44
9
64
9
74
13
55
12
54
9
44
9
86
13
25
9
63
9
64
13
85
9
94
9
44
9
94
9
14
9
44
13
25
9
34
9
41
12
84
11
53
9
44
9
64
0
10
9
44
14
26
1
39
9
14
9
34
15
87
9
63
9
73
9
74
9
64
9
34
9
99
13
55
9
99
9
99
9
44
9
94
9
64
9
94
9
94
11
53
14
26
9
99
9
34
15
57
9
99
15
87
9
99
9
14
14
56
15
57
12
24
9
43
9
64
16
28
9
99
9
99
0
30
17
29
16
28
9
44
11
83
9
94
9
44
9
74
3
19
9
94
13
25
9
74
9
99
9
6
13
55
9
64
9
99
13
25
11
53
13
85
9
99
9
74
9
64
9
42
9
74
9
34
9
93
9
74
8
95
14
26
9
94
9
99
9
14
13
85
16
28
15
87
9
44
15
87
16
88
13
85
9
74
9
44
9
64
9
94
9
41
9
43
9
44
15
27
9
94
9
64
9
94
9
74
0
60
0
70
16
28
9
34
9
14
9
14
9
34
14
26
9
13
13
85
9
13
0
0
9
94
0
40
9
34
9
44
9
13
9
44
9
74
9
14
9
14
9
74
13
85
9
44
1
69
9
99
9
34
9
73
9
99
9
14
9
43
9
34
9
99
9
44
9
74
9
74
9
14
17
89
9
74
9
94
9
14
9
64
15
27
9
34
9
99
17
59
9
93
13
55
9
74
9
99
9
94
9
99
9
64
9
64
9
99
13
25
9
14
9
34
9
44
11
23
9
74
9
14
8
15
15
87
15
57
9
99
9
14
13
55
9
34
11
53
9
34
12
24
9
44
13
25
16
58
17
29
9
14
1
79
9
74
9
34
9
44
8
85
9
34
9
44
9
44
13
25
13
85
9
44
15
27
9
99
9
63
9
58
17
89
0
90
14
26
9
74
14
26
1
59
9
99
9
94
9
34
9
99
9
34
9
94
9
94
9
33
16
88
15
57
9
34
15
57
9
99
9
94
9
99
16
88
9
74
9
93
13
85
9
64
9
99
9
34
3
49
15
57
9
94
14
56
13
85
9
34
13
25
9
44
0
20
13
85
9
94
9
14
9
34
14
56
9
94
0
20
9
44
17
59
15
27
9
99
9
73
9
14
9
99
14
86
9
74
9
74
9
99
9
94
1
19
13
55
9
13
15
57
14
56
9
74
14
26
13
55
9
74
9
14
11
83
15
87
9
34
9
99
11
53
14
56
9
14
9
64
9
94
2
59
3
79
17
59
9
74
9
99
11
23
11
83
9
34
9
14
9
94
15
87
9
93
12
24
9
74
9
34
15
57
9
14
14
26
9
14
9
14
9
74
9
63
13
55
9
44
14
56
9
34
9
99
9
74
9
34
17
89
9
14
9
34
9
43
15
87
14
26
9
99
9
34
9
64
9
94
9
99
12
54
9
44
9
44
13
25
9
63
11
53
9
44
9
99
9
99
11
83
9
13
9
34
9
14
9
64
9
34
17
29
9
64
9
44
9
14
15
57
9
13
9
64
17
29
9
74
9
64
9
14
9
94
15
87
9
64
13
25
12
24
9
74
9
14
9
64
9
63
9
94
17
89
9
64
9
74
9
44
12
24
9
64
9
14
9
99
9
74
9
44
14
56
9
44
9
34
9
94
9
74
9
14
9
13
9
44
9
14
15
57
9
94
9
44
9
44
9
94
9
34
9
74
13
55
14
86
9
42
9
44
14
86
13
25
13
55
13
85
9
99
9
99
9
99
9
64
16
88
9
44
9
33
9
34
9
44
9
64
9
44
9
64
9
34
16
28
9
94
16
88
9
64
9
99
9
43
14
86
9
13
9
44
9
44
13
85
9
74
9
93
9
94
9
74
13
85
9
99
9
94
9
14
11
83
15
27
9
94
9
94
9
74
9
64
15
27
16
28
9
34
9
64
15
57
9
74
9
64
9
99
9
94
9
14
14
26
9
44
16
88
9
99
15
57
9
74
9
94
9
14
9
44
9
34
8
45
9
34
0
10
9
44
9
64
9
14
9
99
9
34
9
64
9
33
9
64
14
56
13
85
9
14
9
94
9
63
9
64
9
44
9
78
9
94
9
96
9
94
9
99
15
57
9
14
9
47
14
56
9
34
9
99
15
57
13
85
12
54
9
44
9
44
15
57
9
99
9
64
14
56
9
64
9
31
12
84
3
9
9
94
14
56
9
73
9
33
9
14
9
14
9
34
9
14
11
53
9
44
15
27
9
13
9
34
14
86
13
55
14
86
15
27
9
44
0
85
9
94
9
99
3
29
9
94
9
28
8
65
9
94
9
99
14
86
9
63
9
74
9
99
13
85
9
74
15
87
9
99
13
25
9
43
9
44
9
94
9
44
9
94
9
14
9
71
16
88
9
33
9
99
9
94
11
53
15
27
9
74
9
64
9
14
9
7
16
58
9
64
15
87
9
94
9
64
9
44
9
94
17
29
13
55
9
14
9
74
9
38
15
57
9
14
15
57
9
74
9
64
9
44
9
34
9
94
9
44
9
64
9
41
9
34
9
99
0
20
9
44
12
54
13
25
9
73
9
28
0
80
9
94
9
44
9
34
12
24
9
8
9
34
9
44
9
42
9
74
15
87
15
27
9
43
9
74
15
27
15
27
9
94
13
55
0
80
16
88
9
44
15
57
0
60
15
82
9
94
9
99
15
87
13
85
13
25
9
74
9
64
9
94
9
99
9
99
11
23
9
64
9
14
9
3
9
94
9
99
9
94
9
74
9
74
9
34
13
85
9
34
9
99
9
34
9
44
16
28
9
94
9
74
9
74
16
58
9
34
9
72
9
93
15
57
9
94
9
94
14
26
9
99
9
34
14
56
9
14
15
27
9
94
14
56
9
34
9
99
16
88
9
94
15
57
14
86
3
19
12
54
9
13
14
26
9
74
9
44
9
14
9
44
9
34
11
23
9
14
9
34
