6
85
8
36
9
71
0
20
9
37
6
46
7
59
8
90
8
45
9
81
7
99
6
9
8
30
5
15
5
59
7
89
8
65
6
55
6
59
9
77
9
21
6
89
9
81
5
99
7
69
5
49
7
85
8
60
6
15
7
76
6
59
9
99
7
96
8
40
8
7
7
98
9
91
6
29
8
18
8
98
8
78
7
36
9
70
5
15
9
20
8
90
7
88
7
88
6
39
8
76
8
8
6
65
5
69
9
98
7
89
5
19
6
56
8
40
6
66
5
36
8
80
5
29
7
89
5
9
5
38
6
69
7
89
5
85
6
29
6
77
5
95
9
31
9
99
7
39
5
39
6
9
8
70
8
6
6
56
6
99
5
89
5
99
7
79
7
99
7
69
9
98
0
20
6
99
8
30
5
75
9
81
7
38
5
29
8
50
8
96
9
57
9
70
8
99
8
80
8
47
8
96
5
55
8
80
5
67
7
9
9
31
8
90
7
18
5
5
8
95
5
85
8
57
9
87
6
99
9
11
7
68
9
31
7
85
9
9
6
15
9
27
7
58
6
57
6
19
9
91
9
31
5
9
0
90
5
19
6
36
8
20
8
38
6
29
8
49
9
41
8
30
7
6
6
99
8
89
7
5
5
5
8
40
5
89
8
39
7
9
6
9
6
15
9
11
7
27
5
39
8
75
8
66
7
39
5
28
9
81
7
26
8
76
8
58
9
41
6
58
8
10
6
29
5
88
6
19
5
39
5
69
6
99
5
26
9
51
5
18
6
21
6
76
9
99
7
57
7
27
6
45
5
6
8
10
5
75
8
29
8
49
7
85
8
20
6
65
5
28
5
77
6
29
5
89
6
78
5
19
8
29
8
95
5
99
8
30
7
57
8
55
8
46
9
51
9
79
6
88
7
27
9
91
6
39
8
66
6
19
7
66
5
59
5
39
5
16
9
31
5
38
7
9
6
79
5
88
6
57
8
10
8
38
9
60
7
75
8
40
8
86
8
88
9
41
8
30
9
88
6
69
5
49
6
35
5
29
9
99
8
56
8
68
6
27
5
26
8
80
0
20
8
79
5
96
7
89
5
5
6
79
8
70
5
99
8
98
9
90
7
95
8
10
5
36
9
67
9
11
5
37
6
38
7
79
7
49
5
49
8
28
9
50
8
56
5
29
8
40
5
78
5
25
5
69
9
69
5
79
7
28
7
87
6
47
9
50
6
96
8
5
6
99
8
86
5
28
7
99
8
19
5
37
7
39
9
37
8
60
7
19
7
15
7
39
5
89
5
9
5
68
7
58
8
80
7
79
7
87
7
19
7
85
7
58
9
20
7
99
5
85
8
20
7
35
6
35
6
69
8
70
8
35
9
90
5
99
6
79
6
19
8
40
8
17
7
29
5
6
8
19
9
27
8
25
6
49
5
28
5
19
7
59
7
9
8
50
0
70
8
47
9
41
7
77
5
57
7
49
6
19
8
60
8
25
8
30
6
89
6
19
8
38
6
35
8
99
5
9
5
39
5
9
7
15
8
55
6
89
7
39
7
59
8
67
5
49
6
46
7
39
8
86
5
19
7
55
7
59
5
79
8
90
7
39
8
87
7
8
5
39
9
17
5
29
7
41
5
76
8
45
7
39
7
59
0
10
6
39
9
18
1
39
7
7
6
29
8
79
8
55
8
65
7
68
7
56
6
29
6
99
5
48
8
96
8
99
6
39
8
90
6
56
6
89
6
89
8
45
7
18
5
97
6
29
7
49
8
99
7
79
7
98
8
10
6
49
7
49
8
16
5
35
6
59
8
20
7
99
8
99
0
30
9
21
8
20
6
39
7
75
7
88
5
36
7
69
3
18
5
88
5
19
7
69
8
96
9
6
5
48
5
59
6
96
9
17
7
45
9
77
5
99
5
67
5
58
8
42
5
67
8
30
5
85
5
69
7
95
8
18
8
90
7
99
9
10
6
77
8
20
7
79
5
39
7
79
8
80
5
79
6
68
9
41
8
58
5
88
5
41
5
35
9
40
7
19
9
88
8
56
8
89
6
68
0
60
0
70
8
20
6
28
9
11
8
7
7
29
8
18
7
5
5
79
7
5
0
0
5
89
0
40
8
26
8
37
6
5
9
40
8
70
8
8
9
10
5
69
6
77
5
39
1
67
9
98
7
26
5
65
6
99
8
8
6
35
8
30
6
99
8
40
5
67
5
69
6
9
9
81
9
71
8
87
9
7
6
59
7
19
5
29
8
99
9
51
5
85
5
49
9
67
9
98
8
90
6
99
6
59
5
59
8
99
5
17
7
9
9
31
8
40
7
15
6
69
9
9
5
15
7
79
7
49
8
97
6
6
8
47
8
30
6
45
8
30
8
16
8
40
9
17
8
50
9
21
8
10
1
79
7
69
8
30
8
40
5
85
5
29
6
39
6
39
9
17
5
78
8
40
7
19
9
97
6
63
5
58
9
81
0
90
6
19
9
68
6
19
1
59
7
95
6
89
6
29
6
97
5
29
8
87
8
90
8
25
8
80
7
49
6
29
7
49
6
99
9
87
9
97
8
80
8
68
6
85
5
79
8
60
7
99
9
31
3
49
7
49
6
87
6
49
9
77
6
29
5
17
7
39
0
20
6
77
7
89
6
7
8
30
6
49
8
87
0
20
7
39
9
51
7
19
9
97
8
65
7
9
8
96
6
79
8
70
9
71
8
98
8
90
1
15
5
49
7
5
8
49
7
48
5
69
6
18
6
47
6
69
8
10
6
75
8
79
8
30
7
99
5
45
6
49
5
9
7
59
9
91
2
59
3
78
9
51
6
69
7
97
8
15
6
75
6
29
6
9
8
90
7
79
6
85
5
16
8
67
8
26
8
49
5
6
6
19
9
7
7
9
8
67
6
55
5
49
8
39
8
48
9
27
7
98
9
70
6
27
9
81
6
9
7
27
5
35
7
79
6
19
7
99
5
29
8
56
9
91
9
99
8
46
9
38
7
39
9
17
7
55
6
45
8
40
7
99
8
96
8
75
5
5
8
28
9
11
8
60
9
28
9
21
5
59
5
39
8
7
7
49
8
5
8
60
9
21
6
69
7
57
8
10
7
89
7
79
5
59
8
17
8
16
8
70
8
10
6
59
7
55
9
91
9
81
7
56
8
70
5
39
5
16
9
61
9
11
7
99
9
71
5
37
6
49
7
37
7
29
6
89
8
66
8
9
7
5
5
39
9
11
7
49
9
91
8
38
8
40
9
91
6
29
9
71
5
49
6
79
5
42
5
39
8
78
5
17
5
47
5
77
8
96
9
98
6
99
8
56
8
80
6
39
8
25
6
29
7
37
6
59
6
38
7
59
9
31
9
20
6
89
9
80
8
60
6
99
7
43
6
79
6
5
9
41
9
41
5
78
9
70
6
85
7
88
5
69
5
77
7
95
9
90
9
11
6
75
7
19
9
89
7
89
7
68
6
59
7
19
8
20
5
26
8
59
7
49
9
71
7
59
6
97
6
89
6
9
9
18
9
37
8
80
9
99
7
49
8
70
5
89
5
9
6
39
5
29
8
45
9
30
0
10
9
41
8
59
7
7
7
98
8
30
6
59
6
25
6
57
6
49
5
79
9
11
9
90
7
55
7
59
8
36
6
78
6
89
9
96
5
88
9
99
8
49
5
9
7
47
6
49
9
31
5
99
7
49
7
77
5
46
5
38
5
39
8
49
7
95
8
60
6
49
5
59
5
31
6
76
3
9
9
90
9
48
8
73
7
25
9
11
9
7
9
30
6
6
6
45
5
36
7
19
7
5
9
31
6
79
5
49
6
79
9
19
7
39
0
85
5
89
5
99
3
25
9
91
7
28
8
65
6
86
9
99
6
79
6
55
7
69
6
96
5
79
8
70
7
79
8
99
6
17
5
35
6
36
5
89
8
39
7
87
6
9
6
71
9
80
6
25
6
95
9
90
6
45
7
19
8
68
8
60
6
8
6
7
8
50
8
60
8
79
6
94
9
60
5
39
7
89
9
21
5
49
8
10
6
69
8
38
7
49
5
9
7
49
6
68
6
59
9
40
7
28
6
86
8
40
7
59
6
41
5
29
9
99
0
20
7
39
5
46
5
17
5
65
6
28
0
80
6
86
9
39
5
28
6
16
7
8
8
27
5
39
6
42
7
69
7
79
7
19
7
35
9
69
9
19
7
19
5
87
5
48
0
80
8
80
6
39
7
49
0
60
7
82
5
89
9
99
7
79
5
79
5
19
5
69
7
59
7
89
8
99
9
97
6
15
8
57
9
7
5
3
6
87
9
99
9
87
6
69
5
68
7
29
9
77
5
29
7
97
5
29
9
38
9
20
8
86
7
68
7
69
8
50
5
29
5
72
8
85
8
49
5
89
5
89
6
19
9
99
6
28
6
49
6
9
8
19
7
86
6
49
5
29
6
99
8
80
8
90
9
49
6
79
3
16
8
46
5
5
6
18
5
69
9
37
5
7
9
41
6
29
7
15
9
11
9
29
