9
94
9
44
9
74
0
20
9
44
19
64
9
64
9
94
19
64
19
94
9
99
9
14
9
34
19
34
9
64
9
94
9
74
9
64
9
64
19
94
19
34
9
94
19
94
9
99
9
74
19
64
9
94
9
64
19
34
19
94
9
64
9
99
9
99
9
44
9
14
9
99
9
94
9
34
19
34
9
99
19
94
9
44
9
74
19
34
19
34
9
94
9
94
9
94
9
44
19
94
9
14
9
74
9
74
9
99
9
94
19
34
9
64
9
44
9
74
9
44
19
94
9
34
9
94
9
14
9
44
9
74
9
94
9
94
9
34
19
94
9
99
9
34
9
99
9
44
9
44
9
14
9
74
9
14
9
64
9
99
9
94
9
99
19
94
9
99
9
74
9
99
0
20
9
99
9
34
19
94
19
94
9
44
9
34
19
64
9
99
9
64
9
74
9
99
19
94
19
64
9
99
9
64
19
94
9
74
9
14
9
34
9
94
19
34
9
14
9
99
9
94
9
64
9
94
9
99
9
14
9
74
9
34
9
94
9
14
19
34
9
34
9
64
9
64
19
34
9
94
9
34
9
14
0
90
19
34
9
44
19
34
9
44
9
34
19
64
9
44
9
34
9
14
9
99
9
94
9
14
8
5
9
44
9
94
9
44
9
14
9
14
19
34
9
14
9
34
9
44
19
94
9
74
9
44
9
34
19
94
9
34
19
94
9
64
9
44
9
64
9
14
9
34
9
94
19
34
9
44
9
74
9
99
9
34
19
64
19
34
19
21
19
94
9
99
9
64
9
34
19
64
9
14
9
14
19
94
9
34
19
64
9
94
19
34
9
74
9
34
19
94
9
34
9
94
19
94
19
34
9
34
9
99
9
99
9
34
9
64
9
64
19
64
19
64
19
94
9
94
9
34
9
94
9
44
9
74
19
34
9
74
9
64
9
44
19
34
9
34
9
44
9
14
19
94
9
94
9
64
9
14
9
44
9
64
19
94
9
44
9
94
9
88
9
44
9
34
9
94
9
74
19
64
9
44
9
34
9
99
9
64
9
74
9
34
9
34
19
94
0
20
19
94
9
99
9
94
9
14
19
94
9
74
9
99
9
99
9
94
9
99
9
14
9
44
9
74
9
14
9
44
9
44
19
94
19
64
19
64
9
34
19
64
9
64
9
34
9
44
9
78
9
34
9
74
9
74
19
94
9
34
9
94
19
64
19
64
9
99
9
14
9
99
9
94
9
34
9
99
19
34
9
44
9
44
9
44
9
64
19
34
19
34
9
44
9
94
9
14
9
74
9
64
19
94
19
94
9
94
19
34
9
94
9
64
19
34
9
99
8
85
19
34
9
44
9
44
9
74
9
74
9
44
9
94
9
99
19
94
19
34
9
44
19
34
9
34
9
14
19
34
9
34
9
34
19
64
9
34
19
34
9
64
9
14
19
64
0
70
19
64
9
44
19
94
9
64
19
64
19
34
9
64
9
34
9
34
9
94
19
34
9
44
9
44
9
99
9
14
9
44
9
14
19
34
9
64
9
94
9
44
9
64
9
74
19
64
19
64
9
44
9
86
19
34
9
64
9
64
19
94
9
94
9
43
9
94
9
14
9
44
19
34
9
34
9
41
19
94
19
64
9
44
9
64
0
10
9
44
19
34
1
39
9
14
9
34
19
94
9
64
9
74
9
74
9
64
9
34
9
99
19
64
9
99
9
99
9
44
9
94
9
64
9
94
9
94
19
64
19
34
9
99
9
34
19
64
9
99
19
94
9
99
9
14
19
64
19
64
19
34
9
44
9
64
19
34
9
99
9
99
0
30
19
34
19
34
9
44
19
94
9
94
9
44
9
74
3
19
9
94
19
34
9
74
9
99
9
6
19
64
9
64
9
99
19
34
19
64
19
94
9
99
9
74
9
64
9
42
9
74
9
34
9
94
9
74
8
95
19
34
9
94
9
99
9
14
19
94
19
34
19
94
9
44
19
94
19
94
19
94
9
74
9
44
9
64
9
94
9
41
9
44
9
44
19
34
9
94
9
64
9
94
9
74
0
60
0
70
19
34
9
34
9
14
9
14
9
34
19
34
9
14
19
94
9
14
0
0
9
94
0
40
9
34
9
44
9
14
9
44
9
74
9
14
9
14
9
74
19
94
9
44
1
69
9
99
9
34
9
74
9
99
9
14
9
44
9
34
9
99
9
44
9
74
9
74
9
14
19
94
9
74
9
94
9
14
9
64
19
34
9
34
9
99
19
64
9
94
19
64
9
74
9
99
9
94
9
99
9
64
9
64
9
99
19
34
9
14
9
34
9
44
19
34
9
74
9
14
8
15
19
94
19
64
9
99
9
14
19
64
9
34
19
64
9
34
19
34
9
44
19
34
19
64
19
34
9
14
1
79
9
74
9
34
9
44
8
85
9
34
9
44
9
44
19
34
19
94
9
44
19
34
9
99
9
63
9
58
19
94
0
90
19
34
9
74
19
34
1
59
9
99
9
94
9
34
9
99
9
34
9
94
9
94
9
34
19
94
19
64
9
34
19
64
9
99
9
94
9
99
19
94
9
74
9
94
19
94
9
64
9
99
9
34
3
49
19
64
9
94
19
64
19
94
9
34
19
34
9
44
0
20
19
94
9
94
9
14
9
34
19
64
9
94
0
20
9
44
19
64
19
34
9
99
9
74
9
14
9
99
19
94
9
74
9
74
9
99
9
94
1
19
19
64
9
14
19
64
19
64
9
74
19
34
19
64
9
74
9
14
19
94
19
94
9
34
9
99
19
64
19
64
9
14
9
64
9
94
2
59
3
79
19
64
9
74
9
99
19
34
19
94
9
34
9
14
9
94
19
94
9
94
19
34
9
74
9
34
19
64
9
14
19
34
9
14
9
14
9
74
9
64
19
64
9
44
19
64
9
34
9
99
9
74
9
34
19
94
9
14
9
34
9
44
19
94
19
34
9
99
9
34
9
64
9
94
9
99
19
64
9
44
9
44
19
34
9
64
19
64
9
44
9
99
9
99
19
94
9
14
9
34
9
14
9
64
9
34
19
34
9
64
9
44
9
14
19
64
9
14
9
64
19
34
9
74
9
64
9
14
9
94
19
94
9
64
19
34
19
34
9
74
9
14
9
64
9
64
9
94
19
94
9
64
9
74
9
44
19
34
9
64
9
14
9
99
9
74
9
44
19
64
9
44
9
34
9
94
9
74
9
14
9
14
9
44
9
14
19
64
9
94
9
44
9
44
9
94
9
34
9
74
19
64
19
94
9
42
9
44
19
94
19
34
19
64
19
94
9
99
9
99
9
99
9
64
19
94
9
44
9
34
9
34
9
44
9
64
9
44
9
64
9
34
19
34
9
94
19
94
9
64
9
99
9
43
19
94
9
14
9
44
9
44
19
94
9
74
9
94
9
94
9
74
19
94
9
99
9
94
9
14
19
94
19
34
9
94
9
94
9
74
9
64
19
34
19
34
9
34
9
64
19
64
9
74
9
64
9
99
9
94
9
14
19
34
9
44
19
94
9
99
19
64
9
74
9
94
9
14
9
44
9
34
8
45
9
34
0
10
9
44
9
64
9
14
9
99
9
34
9
64
9
34
9
64
19
64
19
94
9
14
9
94
9
64
9
64
9
44
9
78
9
94
9
96
9
94
9
99
19
64
9
14
9
47
19
64
9
34
9
99
19
64
19
94
19
64
9
44
9
44
19
64
9
99
9
64
19
64
9
64
9
31
19
94
3
9
9
94
19
64
9
73
9
34
9
14
9
14
9
34
9
14
19
64
9
44
19
34
9
14
9
34
19
94
19
64
19
94
19
34
9
44
0
85
9
94
9
99
3
29
9
94
9
28
8
65
9
94
9
99
19
94
9
64
9
74
9
99
19
94
9
74
19
94
9
99
19
34
9
44
9
44
9
94
9
44
9
94
9
14
9
71
19
94
9
34
9
99
9
94
19
64
19
34
9
74
9
64
9
14
9
7
19
64
9
64
19
94
9
94
9
64
9
44
9
94
19
34
19
64
9
14
9
74
9
38
19
64
9
14
19
64
9
74
9
64
9
44
9
34
9
94
9
44
9
64
9
41
9
34
9
99
0
20
9
44
19
64
19
34
9
74
9
28
0
80
9
94
9
44
9
34
19
34
9
8
9
34
9
44
9
42
9
74
19
94
19
34
9
44
9
74
19
34
19
34
9
94
19
64
0
80
19
94
9
44
19
64
0
60
19
82
9
94
9
99
19
94
19
94
19
34
9
74
9
64
9
94
9
99
9
99
19
34
9
64
9
14
9
3
9
94
9
99
9
94
9
74
9
74
9
34
19
94
9
34
9
99
9
34
9
44
19
34
9
94
9
74
9
74
19
64
9
34
9
72
9
94
19
64
9
94
9
94
19
34
9
99
9
34
19
64
9
14
19
34
9
94
19
64
9
34
9
99
19
94
9
94
19
64
19
94
3
19
19
64
9
14
19
34
9
74
9
44
9
14
9
44
9
34
19
34
9
14
9
34
