9
32
8
10
6
19
9
97
6
38
6
49
9
11
8
96
9
62
6
89
8
10
7
9
7
99
9
21
8
10
7
59
9
11
9
32
8
90
7
69
7
99
8
16
7
29
6
19
9
87
7
96
7
99
7
59
8
49
7
49
6
89
8
50
9
20
10
82
6
39
9
67
9
70
8
26
9
59
9
68
8
99
6
28
9
97
9
91
6
89
7
29
8
30
8
26
7
68
8
40
8
19
6
49
6
69
8
70
6
46
7
89
8
59
9
41
8
99
8
30
6
97
8
50
7
79
9
48
6
79
8
40
9
32
9
99
8
46
7
56
9
10
9
20
9
31
8
80
7
31
6
38
8
99
9
92
9
98
7
19
9
89
9
99
8
29
10
22
8
76
8
50
6
69
9
61
6
39
6
29
7
89
7
39
9
99
6
79
9
60
6
59
9
18
10
52
7
57
9
27
8
99
6
59
7
39
9
87
0
0
9
42
6
66
7
39
6
18
8
20
8
79
9
81
7
88
7
49
7
39
9
30
0
70
9
70
9
41
8
70
8
80
7
29
9
21
7
9
7
79
6
96
6
66
8
60
9
97
6
8
10
82
9
42
7
69
9
28
9
29
6
58
7
9
7
9
8
92
8
37
7
39
9
42
8
70
7
39
7
69
7
87
8
10
9
41
8
6
9
41
8
50
9
99
9
78
9
21
8
90
9
51
7
68
7
77
9
98
8
50
9
41
6
89
6
89
6
69
0
40
0
10
9
21
9
51
8
90
6
36
8
8
7
36
10
52
7
49
9
32
8
96
7
99
9
59
9
90
9
72
7
89
7
29
8
16
6
11
6
49
6
9
9
81
7
89
9
51
8
48
9
9
7
79
6
29
8
88
9
99
9
70
8
50
8
56
8
60
8
75
9
99
8
40
7
59
6
29
9
72
8
20
9
37
9
81
6
9
9
89
10
52
7
26
8
56
8
90
6
19
8
99
8
98
8
6
9
71
9
99
7
19
9
28
7
67
9
70
8
76
7
36
7
49
7
79
7
79
7
88
9
62
6
69
9
6
9
42
8
99
8
19
6
68
9
99
7
59
6
39
7
36
8
30
8
50
8
29
7
29
9
11
8
30
7
92
6
47
7
59
0
80
6
29
8
20
9
99
8
70
6
78
9
8
8
66
8
80
7
96
7
39
8
60
9
49
8
29
6
29
9
50
8
99
9
60
9
91
8
30
7
19
6
29
6
9
7
39
6
36
6
17
6
19
9
9
7
69
9
99
8
67
9
61
6
19
9
11
9
32
7
98
7
49
7
7
9
92
9
58
6
78
8
88
9
9
6
69
8
49
8
6
7
16
9
42
8
20
8
67
9
67
7
99
2
9
9
41
7
99
8
26
7
19
7
97
9
42
7
86
0
0
9
51
6
79
8
40
7
89
9
40
9
71
7
9
6
99
7
49
9
11
9
77
9
99
8
30
6
87
9
11
9
59
8
10
9
78
8
60
2
39
8
99
7
89
6
69
6
69
6
19
9
31
6
77
9
91
6
99
9
58
6
31
9
11
9
41
7
89
9
71
6
39
10
81
9
29
8
9
0
55
8
6
9
81
6
36
8
99
8
99
8
60
6
19
9
62
9
48
9
92
6
49
6
19
9
69
8
28
9
71
7
9
8
37
9
71
7
36
6
49
9
39
8
68
7
97
9
78
9
99
8
16
9
32
6
6
10
82
8
99
6
68
7
58
8
8
9
89
6
19
6
59
8
20
9
62
6
46
9
88
0
34
9
7
6
59
9
40
9
99
6
78
9
62
9
41
7
19
10
52
8
37
8
99
8
52
9
48
9
21
7
89
9
41
8
30
9
38
9
59
9
31
10
22
7
29
7
29
7
49
8
20
6
19
9
30
6
39
9
99
9
17
6
98
7
49
9
51
8
60
9
12
8
87
7
97
6
69
8
50
9
31
6
59
6
29
7
37
6
9
6
38
9
27
7
67
7
89
7
29
9
51
9
41
6
9
7
9
7
79
8
60
9
21
7
39
9
57
9
99
8
66
6
99
6
59
6
99
9
40
9
60
7
39
8
29
6
68
8
46
9
71
6
99
9
30
8
17
7
78
6
69
7
79
6
58
9
8
7
17
7
26
6
79
0
0
7
88
9
39
9
62
6
59
8
70
9
41
8
60
6
99
9
87
9
88
8
49
6
38
7
69
8
90
9
40
8
50
9
37
0
50
9
70
9
9
7
6
8
80
8
20
9
99
9
50
7
19
8
30
8
40
8
99
7
76
7
19
6
39
6
8
0
16
7
69
8
20
8
50
8
59
8
80
10
22
6
29
8
96
4
89
7
79
2
89
8
10
8
90
8
86
9
10
6
29
1
7
9
92
7
86
6
16
6
39
7
99
6
48
8
57
0
29
10
22
7
9
9
10
9
40
7
89
0
18
8
20
6
29
4
9
8
20
8
68
6
37
6
49
6
19
7
9
9
32
9
97
6
9
0
70
9
99
7
49
7
49
8
95
6
67
9
81
9
70
7
69
7
39
7
97
7
79
1
9
6
59
1
89
8
40
0
70
7
19
8
50
0
12
9
69
8
90
8
30
6
76
9
12
9
99
9
49
6
9
9
17
9
92
7
19
9
12
7
89
8
53
6
36
10
82
6
1
10
52
9
87
9
7
9
99
7
7
9
48
1
67
7
79
6
41
8
47
7
9
9
39
6
19
8
47
6
26
1
19
8
17
9
99
8
68
7
68
6
27
9
37
6
88
9
99
7
67
8
68
9
11
7
19
7
16
8
20
7
99
8
99
6
18
7
68
7
39
9
42
8
80
8
99
7
89
0
30
6
99
9
92
6
99
2
49
6
69
9
12
8
26
8
8
6
49
9
21
8
30
9
59
9
71
9
78
7
59
10
22
7
69
8
98
6
59
8
40
6
19
6
39
6
48
8
60
9
71
8
60
6
68
8
48
7
59
8
10
9
51
7
49
10
52
9
70
8
40
9
38
9
59
6
49
9
70
6
79
9
9
7
89
9
91
1
9
6
79
9
67
9
72
9
48
9
80
4
19
8
96
6
78
2
19
9
31
9
12
9
8
8
36
9
9
7
59
6
89
7
69
6
59
8
19
7
49
9
58
6
67
6
68
6
47
8
57
9
98
9
20
6
29
9
91
7
89
9
99
8
17
9
8
6
69
3
99
7
89
9
99
8
80
8
20
8
80
7
29
10
52
7
11
8
16
8
20
9
31
6
17
9
69
7
58
9
48
9
49
0
47
7
29
8
9
8
36
6
69
9
61
8
99
9
72
7
57
7
39
9
71
8
40
9
87
8
30
7
7
9
29
8
50
7
19
7
39
8
90
7
38
7
68
10
52
9
59
3
49
10
82
9
98
9
42
7
18
7
79
8
40
8
40
8
36
6
88
8
76
9
61
9
42
9
56
6
59
9
79
6
9
4
19
8
99
6
16
6
99
8
60
9
29
7
57
9
71
8
90
7
79
4
69
7
57
9
78
9
72
8
16
0
69
7
39
8
10
9
49
6
97
9
51
7
89
6
48
7
27
9
99
9
10
8
99
6
69
9
99
7
98
7
45
9
31
8
26
6
46
9
21
8
80
8
29
8
40
7
78
6
36
9
81
6
29
8
90
0
40
9
11
9
99
9
41
7
77
9
99
6
89
7
89
8
80
6
19
8
50
6
18
7
9
9
91
8
26
8
60
8
99
6
19
6
19
8
66
9
91
7
25
6
7
9
29
6
39
1
99
7
89
9
96
9
10
10
22
7
19
8
40
9
92
7
69
6
89
8
16
7
6
10
82
10
22
9
72
8
68
7
78
8
40
8
96
8
36
9
60
6
49
6
67
8
79
8
46
9
81
6
4
9
81
8
6
8
60
7
89
7
37
9
92
9
71
8
20
8
67
6
9
9
62
8
10
9
29
6
19
9
81
6
9
7
59
6
69
6
29
0
83
8
68
7
77
0
70
7
29
7
6
6
49
9
39
3
69
9
21
6
89
9
71
7
49
8
60
9
29
8
22
9
37
7
39
7
9
9
73
9
32
7
59
6
69
9
61
7
49
7
99
9
72
1
99
10
82
9
72
6
99
10
22
9
10
7
89
2
66
9
42
6
19
6
39
0
89
8
8
7
96
8
58
7
79
8
30
8
10
8
26
9
20
9
79
9
68
9
32
8
36
10
22
9
58
7
27
9
99
6
28
9
71
6
29
9
99
0
60
9
51
9
21
7
8
9
91
6
69
9
41
8
87
6
79
7
46
9
58
6
27
8
56
9
91
7
69
9
61
7
46
0
20
7
58
7
19
9
99
7
19
9
97
9
68
9
21
9
28
3
89
8
50
8
80
9
99
0
50
10
82
6
98
9
71
6
7
9
42
6
26
9
68
9
99
8
90
7
87
9
41
6
99
9
81
7
49
2
37
9
99
7
59
10
82
9
39
6
29
9
31
10
22
7
79
9
31
9
27
6
79
8
30
0
22
8
70
9
71
8
58
9
30
