9
34
9
14
11
23
9
99
9
43
11
53
9
14
9
99
9
64
9
93
9
14
9
14
9
99
14
26
9
14
9
64
9
14
9
34
9
94
9
74
9
99
9
21
9
34
11
23
9
92
9
99
9
99
9
64
12
54
12
54
9
93
13
55
13
25
15
87
9
43
9
72
9
74
9
31
9
64
9
73
9
99
9
33
9
99
9
94
9
93
9
34
9
34
9
31
9
73
9
44
12
24
11
53
9
73
9
74
9
51
9
94
9
64
9
44
9
99
9
34
9
99
13
55
12
84
11
53
11
83
9
44
9
34
9
99
9
51
9
61
9
14
13
25
9
34
13
85
9
31
9
43
9
99
9
94
9
99
12
24
9
94
9
99
9
34
15
27
9
81
13
55
9
73
9
64
9
43
9
33
9
94
9
44
9
99
11
83
9
64
9
63
11
23
15
57
9
62
9
32
9
99
9
63
9
44
9
92
0
0
9
44
9
66
9
44
11
23
13
25
12
84
14
86
9
93
12
54
9
44
9
34
0
70
9
74
9
44
9
74
13
85
9
34
14
26
9
14
12
84
9
99
9
71
9
64
9
99
9
13
15
87
9
44
9
74
9
33
9
34
9
63
9
14
9
14
9
92
9
42
9
44
9
44
9
74
9
44
9
74
9
92
9
14
9
44
9
11
9
44
13
55
9
99
11
83
14
26
9
94
14
56
9
73
10
82
9
99
13
55
9
44
9
93
9
93
9
73
0
40
0
10
14
26
14
56
9
94
9
41
9
13
9
41
15
57
12
54
9
34
9
99
9
99
9
64
9
94
9
74
9
94
9
34
9
21
9
7
11
53
9
13
14
86
9
94
14
56
11
53
9
14
12
84
9
33
9
93
9
99
9
74
13
55
9
61
9
64
8
75
9
99
9
44
9
64
9
33
9
74
13
25
9
42
14
86
9
13
9
94
15
57
9
31
9
61
9
86
11
23
9
99
9
98
9
11
9
74
9
99
12
24
9
33
9
72
9
74
9
81
9
41
12
54
12
84
12
84
9
93
9
64
9
73
9
6
9
44
9
99
12
24
9
73
9
99
9
64
9
43
9
41
9
34
13
55
9
34
9
34
9
14
9
34
9
92
10
52
9
64
0
80
9
33
13
25
9
99
9
74
11
83
9
13
9
71
13
85
9
99
9
44
9
64
12
54
9
34
9
33
13
55
9
99
9
64
9
94
9
34
12
24
9
33
9
13
9
44
9
41
10
22
11
23
9
14
9
74
9
99
9
72
9
64
11
23
9
14
9
27
9
99
12
54
9
12
9
94
9
63
11
83
9
93
9
14
9
73
12
54
9
11
9
21
9
44
13
25
9
72
9
72
9
99
2
9
9
44
9
99
9
31
12
24
9
99
9
44
9
91
0
0
14
56
11
83
9
44
9
94
9
44
9
74
9
14
9
99
12
54
9
14
10
82
9
99
9
34
9
92
9
14
9
64
9
14
11
83
9
64
2
39
9
99
9
94
9
73
9
73
11
23
9
34
10
82
9
94
9
99
9
63
9
27
9
14
9
44
9
94
9
74
9
43
15
81
9
34
9
14
0
55
9
11
14
86
9
41
9
99
9
99
9
64
11
23
9
64
11
53
9
94
11
53
11
23
9
74
9
33
9
74
9
14
9
42
9
74
9
41
11
53
9
44
9
73
9
99
11
83
9
99
9
21
9
34
9
11
15
87
9
99
9
73
9
63
9
8
9
94
11
23
9
63
13
25
9
64
9
51
9
88
0
34
9
7
9
63
9
44
9
99
11
83
9
64
9
44
12
24
15
57
9
42
9
99
13
52
11
53
14
26
9
94
9
44
9
34
9
43
9
64
9
34
15
27
9
34
9
34
12
54
13
25
11
23
9
34
9
43
9
99
10
22
9
99
12
54
14
56
9
64
9
14
9
92
9
99
9
73
13
55
9
34
9
63
9
33
9
42
9
13
9
43
9
32
9
72
9
94
9
34
14
56
9
44
9
13
9
14
12
84
9
64
14
26
9
44
9
62
9
99
9
71
9
99
9
63
9
99
9
44
9
64
9
44
9
34
9
73
9
51
9
74
9
99
9
34
10
22
11
83
9
73
12
84
9
63
9
13
10
22
9
31
11
83
0
0
9
93
9
44
9
64
9
63
9
74
9
44
9
64
9
99
9
92
9
93
12
54
9
43
9
74
9
94
9
44
13
55
9
42
0
50
9
74
9
14
9
11
13
85
13
25
9
99
13
55
12
24
9
34
9
44
9
99
9
81
12
24
9
43
9
13
0
16
9
74
13
25
13
55
9
64
13
85
15
27
9
33
9
99
4
89
12
84
2
89
9
14
9
94
9
91
9
14
9
33
1
9
9
94
9
91
9
21
9
43
9
99
11
53
9
62
0
29
15
27
9
14
9
6
9
44
9
94
0
18
13
25
9
33
4
9
13
25
9
73
9
42
11
53
11
23
9
14
9
32
9
99
9
13
0
70
9
99
12
54
12
54
8
95
9
72
14
86
9
74
9
74
9
44
9
99
12
84
1
9
9
63
1
89
9
44
0
70
12
24
13
55
0
12
9
74
9
86
9
34
9
81
9
14
9
99
12
54
9
13
10
22
9
94
12
24
9
14
9
94
13
53
9
41
15
87
9
1
15
57
9
92
9
12
9
99
9
12
11
53
1
69
12
84
9
37
10
52
9
14
9
44
11
23
10
52
9
31
1
19
10
22
9
99
9
73
9
73
9
32
9
42
9
93
9
99
9
72
9
73
9
14
12
24
9
16
13
25
9
99
9
99
11
23
9
73
9
44
9
44
13
85
9
99
9
94
0
30
9
99
9
94
9
99
2
49
9
73
9
14
9
31
9
13
11
53
14
26
9
34
9
64
9
74
9
78
9
64
15
27
9
74
9
99
9
63
9
36
11
23
9
43
11
53
9
64
9
74
9
64
9
73
11
53
9
64
9
14
14
56
12
54
15
57
9
74
9
44
9
43
9
64
11
53
9
74
11
83
9
14
9
94
9
94
1
9
11
83
9
72
9
74
11
53
13
85
4
19
9
99
11
83
2
19
9
34
9
14
9
13
9
41
9
14
9
64
9
93
9
74
9
63
12
24
12
54
9
63
9
72
9
73
10
52
9
62
9
99
13
25
9
33
9
94
9
94
9
99
10
22
9
13
9
73
3
99
9
94
9
99
13
85
13
25
13
85
9
29
15
57
9
11
9
21
13
25
9
34
10
22
9
74
9
63
11
53
12
54
0
47
9
34
9
14
9
41
9
73
9
64
9
99
9
74
9
62
9
44
9
74
9
44
9
92
9
34
9
12
9
34
13
55
12
24
9
44
9
94
9
43
9
73
15
57
9
64
3
49
15
82
9
99
9
44
11
23
12
84
9
44
9
44
9
41
9
93
9
81
9
64
9
44
9
56
9
63
9
76
9
13
4
19
9
99
9
21
9
99
9
64
9
34
9
62
9
74
9
94
12
84
4
69
9
62
11
83
9
74
9
21
0
69
9
44
9
14
12
54
9
99
14
56
9
94
11
53
9
32
9
99
9
14
9
99
9
73
9
99
9
99
8
45
9
34
9
31
9
51
14
26
13
85
9
34
9
44
11
83
9
41
14
86
9
33
9
94
0
40
9
14
9
99
9
44
10
82
9
99
9
93
9
94
13
85
11
23
13
55
11
23
9
14
9
94
9
31
9
64
9
99
11
23
11
23
9
71
9
94
8
25
9
12
9
34
9
43
1
99
9
94
9
96
9
14
15
27
12
24
9
44
9
94
9
74
9
93
9
21
9
11
15
87
15
27
9
74
9
68
11
83
9
44
9
99
9
41
9
64
11
53
9
72
12
84
9
51
14
86
9
3
14
86
9
11
9
64
9
94
9
42
9
94
9
74
13
25
9
72
9
13
9
64
9
14
9
34
11
23
14
86
9
13
9
64
9
73
9
33
0
83
9
73
10
82
0
70
9
34
9
11
11
53
9
44
3
69
14
26
9
93
9
74
12
54
9
64
9
34
13
22
9
42
9
44
9
14
9
73
9
34
9
64
9
73
9
64
12
54
9
99
9
74
1
99
15
87
9
74
9
99
15
27
9
14
9
94
2
69
9
44
11
23
9
43
0
89
9
13
9
99
9
58
12
84
9
34
9
14
9
31
13
25
12
84
9
73
9
34
9
41
15
27
9
63
9
32
9
99
9
33
9
74
9
33
9
99
0
60
14
56
14
26
9
13
9
94
9
73
9
44
9
87
11
83
9
51
9
63
9
32
9
61
9
94
9
74
9
64
9
51
0
20
9
63
12
24
9
99
12
24
9
99
9
68
14
26
9
33
3
89
13
55
13
85
9
99
0
50
15
87
9
99
9
74
9
12
9
44
9
31
9
73
9
99
9
94
9
92
9
44
9
99
14
86
12
54
2
39
9
99
9
64
15
87
9
44
9
33
9
34
15
27
12
84
9
34
9
32
11
83
9
34
0
22
9
74
9
74
9
63
9
34
