7
29
5
9
3
19
6
94
3
35
3
46
6
9
5
93
7
59
3
88
5
8
4
8
4
99
6
19
5
8
4
59
6
9
7
29
5
89
4
67
4
97
6
13
4
29
3
19
6
84
4
93
4
97
4
59
5
46
4
49
3
87
5
47
7
17
7
79
3
38
6
64
6
67
6
23
7
56
7
65
5
98
3
25
6
94
6
89
3
88
4
29
5
27
6
23
4
65
5
39
5
16
3
46
3
69
5
69
3
43
4
89
5
56
6
39
5
99
5
29
3
94
5
49
4
79
7
45
3
77
5
38
7
29
7
97
6
43
4
53
6
7
7
17
6
28
5
77
4
31
3
35
5
99
7
89
6
95
4
17
7
86
6
97
5
26
7
19
5
73
5
49
3
69
6
59
3
36
3
29
4
87
4
39
7
99
3
79
7
57
3
59
6
15
7
49
4
54
6
24
5
97
3
59
4
36
6
84
0
0
7
39
3
66
4
39
3
15
5
19
5
76
6
79
4
85
4
49
4
39
6
27
0
70
7
67
6
39
5
67
5
79
4
27
6
19
4
6
4
76
3
93
3
63
5
57
7
94
3
5
7
79
7
39
4
69
6
25
6
26
3
55
4
7
4
7
5
92
5
34
4
37
7
39
5
69
4
38
4
68
4
84
5
9
6
39
5
3
7
38
5
48
7
97
6
75
6
18
5
89
6
49
4
65
4
74
7
95
5
47
6
39
3
88
3
88
3
66
0
40
0
10
6
19
6
49
5
89
3
33
5
5
4
33
7
49
4
49
7
29
5
93
4
99
6
56
6
87
7
69
4
89
4
26
5
13
3
11
3
49
3
9
6
79
4
87
6
49
5
45
6
6
4
79
3
27
5
85
6
98
6
67
5
49
5
53
5
59
7
75
6
99
5
37
4
59
3
26
7
69
5
17
7
34
6
79
3
9
6
86
7
49
4
23
6
53
5
93
3
17
5
99
5
98
5
3
6
69
7
99
4
19
7
25
4
64
7
67
5
73
4
33
4
46
4
79
4
78
4
85
7
59
3
69
7
6
7
39
5
99
5
16
3
65
7
99
4
59
3
39
4
33
5
29
5
48
5
26
4
29
6
9
5
29
4
92
3
44
4
56
0
80
3
28
5
19
7
99
5
69
3
75
6
5
5
63
5
79
4
93
4
39
5
58
7
46
5
26
3
29
6
47
5
99
7
57
6
88
5
29
4
18
3
27
3
7
4
39
3
33
3
14
3
18
6
6
4
69
7
99
5
64
6
59
3
19
6
9
6
35
4
95
4
49
4
4
7
89
6
55
3
75
5
85
7
6
3
69
5
46
6
3
4
13
7
39
5
19
5
64
6
64
4
96
2
7
6
39
4
96
6
23
4
17
4
94
7
39
4
83
0
0
6
48
3
78
5
38
4
89
6
37
6
69
4
6
3
97
4
49
7
8
6
74
6
98
5
29
3
84
6
9
6
56
5
9
6
75
5
59
2
39
5
96
4
89
3
69
3
68
3
18
6
29
3
74
6
88
3
96
6
55
3
31
7
8
6
38
4
89
6
69
3
37
7
81
7
26
5
6
0
55
5
3
6
79
3
33
5
99
5
98
5
59
3
19
7
59
7
45
7
89
3
49
3
18
6
66
5
25
6
69
4
9
5
34
7
68
4
33
3
49
6
36
5
65
4
94
6
75
7
99
6
13
7
29
3
3
7
79
5
98
3
65
4
55
5
8
7
86
3
19
3
58
5
19
7
59
3
43
7
88
0
34
7
7
3
57
6
37
6
99
3
75
7
59
7
38
4
19
7
49
5
34
5
96
5
52
6
45
7
18
4
86
6
39
5
28
6
35
6
56
6
29
7
19
4
29
4
29
4
49
5
17
3
19
7
27
3
39
7
99
7
14
3
95
4
49
6
49
5
59
7
9
5
84
4
94
3
69
5
47
6
28
3
56
3
27
4
34
3
9
3
35
7
24
4
64
4
89
4
28
6
49
6
38
3
7
4
9
4
78
5
59
6
18
4
39
7
54
6
96
5
63
3
99
3
58
3
99
7
37
6
57
4
38
5
26
3
65
5
43
6
69
3
99
6
27
5
14
4
75
3
66
4
79
3
55
6
5
4
14
4
23
3
76
0
0
4
85
7
36
7
59
3
59
5
69
6
39
5
59
3
98
7
84
6
85
5
46
3
35
4
67
5
89
7
37
5
48
6
34
0
50
7
67
6
6
4
3
5
79
5
19
6
99
7
47
4
19
5
28
5
38
5
97
4
73
4
19
3
39
3
5
0
16
4
69
5
19
5
49
5
56
5
79
7
19
3
27
5
93
4
89
4
78
2
87
5
9
5
87
5
83
6
7
3
27
1
4
7
89
4
83
3
13
3
39
4
97
3
45
5
54
0
29
7
19
4
9
7
13
6
37
4
87
0
18
5
19
3
29
4
6
5
17
5
65
3
34
3
46
3
19
4
9
6
32
6
94
3
9
0
70
6
99
4
46
4
47
5
95
3
64
6
79
7
67
4
66
4
39
4
94
4
79
1
6
3
59
1
86
5
37
0
70
4
16
5
49
0
12
7
66
5
91
5
28
3
73
7
9
6
99
7
46
3
8
6
14
7
89
4
19
7
9
4
89
5
53
3
33
7
79
3
1
7
49
6
84
7
4
7
99
4
4
7
45
1
64
4
78
3
41
5
44
4
6
6
36
3
19
5
44
3
23
1
19
5
14
6
98
5
65
4
65
3
24
7
34
3
85
7
96
4
64
5
65
6
9
4
19
4
16
5
19
4
99
5
99
3
15
4
65
4
39
7
39
5
79
5
99
4
89
0
30
3
99
7
89
3
99
2
49
3
67
7
9
6
23
5
5
3
49
6
19
5
28
7
56
6
69
6
78
4
58
7
19
4
68
5
95
3
56
5
41
3
19
3
39
3
45
5
59
6
69
5
59
3
65
5
45
4
57
5
9
6
49
4
48
7
49
7
67
5
39
6
35
7
56
3
49
6
67
3
79
6
6
4
89
7
88
1
7
3
79
7
64
7
69
6
45
7
77
4
16
5
93
3
75
2
19
6
29
7
9
6
5
5
33
7
6
4
58
3
89
4
67
3
58
5
16
4
49
6
55
3
64
3
65
3
44
5
54
6
95
7
17
3
29
7
88
4
89
7
97
5
14
6
5
3
69
3
97
4
86
6
99
5
77
5
19
5
78
4
29
7
49
4
11
6
13
5
17
6
29
3
14
7
66
4
55
7
45
7
46
0
47
4
28
5
6
5
33
3
69
6
59
5
99
7
69
4
54
4
39
6
69
5
38
7
84
5
29
4
4
7
26
5
49
4
19
4
39
5
87
4
35
4
65
7
49
7
56
3
49
7
84
7
95
7
39
4
15
4
79
5
37
5
39
6
33
3
85
5
73
6
59
7
39
7
56
3
57
7
82
3
9
4
19
5
99
3
13
3
99
5
57
6
26
4
54
6
69
5
87
4
79
4
67
4
54
7
75
7
69
6
13
0
69
4
39
5
9
7
46
3
94
6
49
4
89
3
45
4
24
6
96
6
7
5
99
3
69
6
97
4
95
4
45
6
29
5
23
3
43
6
19
5
79
5
26
5
39
4
75
3
33
6
78
3
29
5
89
0
40
6
9
6
96
6
39
4
74
6
96
3
89
4
86
5
79
3
19
5
49
3
15
4
9
6
88
5
23
5
59
5
99
3
19
3
17
5
63
6
89
4
25
3
4
7
26
3
39
1
96
4
89
7
96
6
7
7
19
4
19
5
39
7
89
4
69
3
88
6
13
4
3
7
79
7
19
7
69
5
68
4
75
5
39
5
93
5
33
6
57
3
49
3
64
5
76
5
43
7
78
3
4
6
79
6
3
5
59
4
89
4
34
7
89
6
69
5
19
5
64
3
6
7
59
5
9
6
26
3
19
6
79
3
6
4
58
3
69
3
29
0
83
5
65
4
74
0
70
4
29
4
3
3
49
7
36
3
67
6
19
3
89
6
69
4
49
5
57
6
26
5
22
6
34
4
39
4
7
7
73
7
29
4
56
3
69
6
58
4
48
4
99
7
69
1
97
7
79
7
69
3
98
7
19
6
7
4
86
2
63
7
39
3
17
3
36
0
89
5
5
4
93
5
58
4
79
5
28
5
9
6
23
6
17
6
76
6
65
7
29
5
33
7
19
7
55
4
24
7
98
3
25
6
69
3
27
6
99
0
60
6
49
6
19
4
5
6
89
3
69
6
38
5
87
3
76
4
43
7
55
3
24
6
53
6
89
4
68
6
59
4
43
0
20
4
55
4
19
6
99
4
19
6
94
7
68
6
19
6
25
3
86
5
49
5
79
7
98
0
50
7
79
3
95
6
69
3
4
7
39
3
23
7
65
6
99
5
89
4
84
6
39
3
99
7
78
4
47
2
34
7
99
4
59
7
79
7
36
3
27
6
29
7
19
4
79
6
29
7
24
3
79
5
29
0
22
5
69
6
69
5
55
7
27
