9
31
7
9
5
19
8
96
5
37
5
48
8
10
7
95
9
61
5
89
7
9
6
9
6
99
8
20
7
9
6
59
8
10
9
31
7
89
6
69
6
99
8
15
6
29
5
19
8
86
6
95
6
99
6
59
7
48
6
49
5
89
7
49
9
19
9
81
5
39
8
66
8
69
8
25
9
58
9
67
7
99
5
27
8
96
8
90
5
89
6
29
7
29
8
25
6
67
7
39
7
18
5
48
5
69
7
69
5
45
6
89
7
58
8
40
7
99
7
29
5
96
7
49
6
79
9
47
5
79
7
39
9
31
9
99
8
45
6
55
8
9
9
19
8
30
7
79
6
31
5
37
7
99
9
91
8
97
6
19
9
88
8
99
7
28
9
21
7
75
7
49
5
69
8
60
5
38
5
29
6
89
6
39
9
99
5
79
9
59
5
59
8
17
9
51
6
56
8
26
7
99
5
59
6
38
8
86
0
0
9
41
5
66
6
39
5
17
7
19
7
78
8
80
6
87
6
49
6
39
8
29
0
70
9
69
8
40
7
69
7
79
6
29
8
20
6
8
6
78
5
95
5
65
7
59
8
96
5
7
9
81
9
41
6
69
8
27
8
28
5
57
6
9
6
9
7
92
7
36
6
39
9
41
7
69
6
39
6
69
6
86
7
9
8
40
7
5
9
40
7
49
9
99
8
77
8
20
7
89
8
50
6
67
6
76
9
97
7
49
8
40
5
89
5
89
5
68
0
40
0
10
8
20
8
50
7
89
5
35
7
7
6
35
9
51
6
49
9
31
7
95
6
99
8
58
8
89
9
71
6
89
6
28
7
15
5
11
5
49
5
9
8
80
6
89
8
50
7
47
8
8
6
79
5
29
7
87
8
99
8
69
7
49
7
55
7
59
8
75
8
99
7
39
6
59
5
28
9
71
7
19
8
36
8
80
5
9
8
88
9
51
6
25
8
55
7
91
5
19
7
99
7
98
7
5
8
70
9
99
6
19
9
27
6
66
9
69
7
75
6
35
6
48
6
79
6
79
6
87
9
61
5
69
9
6
9
41
7
99
7
18
5
67
9
99
6
59
5
39
6
35
7
29
7
49
7
28
6
29
8
10
7
29
6
92
5
46
6
58
0
80
5
29
7
19
9
99
7
69
5
77
8
7
7
65
7
79
6
95
6
39
7
59
9
48
7
28
5
29
8
49
7
99
9
59
8
90
7
29
6
19
5
29
5
9
6
39
5
35
5
16
5
19
8
8
6
69
9
99
7
66
8
60
5
19
8
10
8
33
6
97
6
49
6
6
9
91
8
57
5
77
7
87
9
8
5
69
7
48
8
5
6
15
9
41
7
19
7
66
8
66
6
98
2
9
8
40
6
98
8
25
6
19
6
96
9
41
6
85
0
0
8
50
5
79
7
39
6
89
8
39
8
70
6
8
5
99
6
49
9
10
8
76
8
99
7
29
5
86
8
10
8
58
7
9
8
77
7
59
2
39
7
98
6
89
5
69
5
69
5
19
8
30
5
76
8
90
5
98
8
57
5
31
9
10
8
40
6
89
8
70
5
39
9
81
9
28
7
8
0
55
7
5
8
80
5
35
7
99
7
99
7
59
5
19
9
61
9
47
9
91
5
49
5
19
8
68
7
27
8
70
6
9
7
36
9
70
6
35
5
49
8
38
7
67
6
96
8
77
9
99
8
15
9
31
5
5
9
81
7
99
5
67
6
57
7
8
9
88
5
19
5
59
7
19
9
61
5
45
9
88
0
34
9
7
5
59
8
39
8
99
5
77
9
61
9
40
6
19
9
51
7
36
7
98
7
52
8
47
9
20
6
88
8
40
7
29
8
37
8
58
8
30
9
21
6
29
6
29
6
49
7
19
5
19
9
29
5
39
9
99
8
16
5
97
6
49
8
50
7
59
9
11
7
86
6
96
5
69
7
49
8
30
5
58
5
29
6
36
5
9
5
37
8
26
6
66
6
89
6
29
8
50
8
40
5
9
6
9
6
79
7
59
8
20
6
39
8
56
8
98
7
65
5
99
5
59
5
99
9
39
8
59
6
39
7
28
5
67
7
45
8
70
5
99
8
29
7
16
6
77
5
68
6
79
5
57
8
7
6
16
6
25
5
78
0
0
6
87
9
38
9
61
5
59
7
69
8
40
7
59
5
99
8
86
8
87
7
48
5
37
6
69
7
89
9
39
7
49
8
36
0
50
9
69
8
8
6
5
7
79
7
19
8
99
9
49
6
19
7
29
7
39
7
99
6
75
6
19
5
39
5
7
0
16
6
69
7
19
7
49
7
58
7
79
9
21
5
29
7
95
4
89
6
79
2
89
7
9
7
89
7
85
8
9
5
29
1
6
9
91
6
85
5
15
5
39
6
99
5
47
7
56
0
29
9
21
6
9
9
11
8
39
6
89
0
18
7
19
5
29
4
8
7
19
7
67
5
36
5
48
5
19
6
9
8
32
8
96
5
9
0
70
8
99
6
48
6
49
7
95
5
66
8
80
9
69
6
68
6
39
6
96
6
79
1
8
5
59
1
88
7
39
0
70
6
18
7
49
0
12
9
68
7
91
7
29
5
75
9
11
8
99
9
48
5
9
8
16
9
91
6
19
9
11
6
89
7
53
5
35
9
81
5
1
9
51
8
86
8
6
9
99
6
6
9
47
1
66
6
79
5
41
7
46
6
8
8
38
5
19
7
46
5
25
1
19
7
16
8
99
7
67
6
67
5
26
8
36
5
87
9
98
6
66
7
67
8
10
6
19
6
16
7
19
6
99
7
99
5
17
6
67
6
39
9
41
7
79
7
99
6
89
0
30
5
99
9
91
5
99
2
49
5
69
9
11
8
25
7
7
5
49
8
20
7
29
9
58
8
70
8
78
6
59
9
21
6
69
7
97
5
58
7
41
5
19
5
39
5
47
7
59
8
70
7
59
5
67
7
47
6
59
7
9
8
50
6
49
9
51
9
69
7
39
8
37
9
58
5
49
8
69
5
79
8
8
6
89
9
90
1
9
5
79
8
66
9
71
8
47
9
79
4
18
7
95
5
77
2
19
8
30
9
11
8
7
7
35
9
8
6
59
5
89
6
69
5
59
7
18
6
49
8
57
5
66
5
67
5
46
7
56
8
97
9
19
5
29
9
90
6
89
9
99
7
16
8
7
5
69
3
99
6
88
8
99
7
79
7
19
7
79
6
29
9
51
6
11
8
15
7
19
8
30
5
16
9
68
6
57
9
47
9
48
0
47
6
29
7
8
7
35
5
69
8
60
7
99
9
71
6
56
6
39
8
70
7
39
8
86
7
29
6
6
9
28
7
49
6
19
6
39
7
89
6
37
6
67
9
51
9
58
3
49
9
83
9
97
9
41
6
17
6
79
7
39
7
39
8
35
5
87
7
75
8
60
9
41
9
56
5
59
9
80
5
9
4
19
7
99
5
15
5
99
7
59
8
28
6
56
8
70
7
89
6
79
4
69
6
56
9
77
9
71
8
15
0
69
6
39
7
9
9
48
5
96
8
50
6
89
5
47
6
26
8
98
8
9
7
99
5
69
8
99
6
97
6
45
8
30
7
25
5
45
8
20
7
79
7
28
7
39
6
77
5
35
8
80
5
29
7
89
0
40
8
10
8
98
8
40
6
76
8
98
5
89
6
88
7
79
5
19
7
49
5
17
6
9
8
90
7
25
7
59
7
99
5
19
5
19
7
65
8
90
6
25
5
6
9
28
5
39
1
98
6
89
9
96
8
9
9
21
6
19
7
39
9
91
6
69
5
89
8
15
6
5
9
81
9
21
9
71
7
68
6
77
7
39
7
95
7
35
8
59
5
49
5
66
7
78
7
45
9
80
5
4
8
80
8
5
7
59
6
89
6
36
9
91
8
70
7
19
7
66
5
8
9
61
7
9
8
28
5
19
8
80
5
8
6
59
5
69
5
29
0
83
7
67
6
76
0
70
6
29
6
5
5
49
9
38
3
69
8
20
5
89
8
70
6
49
7
59
8
28
7
22
8
36
6
39
6
9
9
73
9
31
6
58
5
69
8
60
6
49
6
99
9
71
1
99
9
81
9
71
5
99
9
21
8
9
6
88
2
65
9
41
5
19
5
38
0
89
7
7
6
95
7
58
6
79
7
29
7
9
8
25
8
19
8
78
8
67
9
31
7
35
9
21
9
57
6
26
9
99
5
27
8
70
5
29
8
99
0
60
8
50
8
20
6
7
8
90
5
69
8
40
7
87
5
78
6
45
9
57
5
26
8
55
8
90
6
69
8
60
6
45
0
20
6
57
6
19
8
99
6
19
8
96
9
68
8
20
8
27
3
88
7
49
7
79
9
99
0
50
9
81
5
97
8
70
5
6
9
41
5
25
9
67
8
99
7
89
6
86
8
40
5
99
9
80
6
49
2
36
9
99
6
59
9
81
9
38
5
29
8
30
9
21
6
79
8
30
8
26
5
79
7
29
0
22
7
69
8
70
7
57
9
29
