9
34
9
14
15
27
9
99
9
44
15
57
9
14
9
99
9
64
9
94
9
14
9
14
9
99
18
30
9
14
9
64
9
14
9
34
9
94
9
74
9
99
13
25
9
34
15
27
9
94
9
99
9
99
9
64
16
58
16
58
9
94
17
59
17
29
19
91
9
44
9
74
9
74
9
34
9
64
9
74
9
99
9
34
9
99
9
94
9
94
9
34
9
34
9
34
9
74
9
44
16
28
15
57
9
74
9
74
13
55
9
94
9
64
9
44
9
99
9
34
9
99
17
59
16
88
15
57
15
87
9
44
9
34
9
99
13
55
9
64
9
14
17
29
9
34
17
89
9
31
9
44
9
99
9
94
9
99
16
28
9
94
9
99
9
34
19
31
13
85
17
59
9
74
9
64
9
44
9
34
9
94
9
44
9
99
15
87
9
64
9
64
15
27
19
61
9
64
9
34
9
99
9
64
9
44
9
94
0
0
9
44
9
66
9
44
15
27
17
29
16
88
18
90
9
94
16
58
9
44
9
34
0
70
9
74
9
44
9
74
17
89
9
34
18
30
9
14
16
88
9
99
9
74
9
64
9
99
9
14
19
91
9
44
9
74
9
34
9
34
9
64
9
14
9
14
9
92
9
44
9
44
9
44
9
74
9
44
9
74
9
94
9
14
9
44
9
14
9
44
17
59
9
99
15
87
18
30
9
94
18
60
9
74
14
86
9
99
17
59
9
44
9
94
9
94
9
74
0
40
0
10
18
30
18
60
9
94
9
44
9
14
9
44
19
61
16
58
9
34
9
99
9
99
9
64
9
94
9
74
9
94
9
34
13
25
9
6
15
57
9
14
18
90
9
94
18
60
15
57
9
14
16
88
9
34
9
94
9
99
9
74
17
59
9
64
9
64
8
75
9
99
9
44
9
64
9
34
9
74
17
29
9
44
18
90
9
14
9
94
19
61
9
34
9
64
9
86
15
27
9
99
9
98
9
14
9
74
9
99
16
28
9
34
9
74
9
74
13
85
9
44
16
58
16
88
16
88
9
94
9
64
9
74
9
6
9
44
9
99
16
28
9
74
9
99
9
64
9
44
9
44
9
34
17
59
9
34
9
34
9
14
9
34
9
92
14
56
9
64
0
80
9
34
17
29
9
99
9
74
15
87
9
14
9
74
17
89
9
99
9
44
9
64
16
58
9
34
9
34
17
59
9
99
9
64
9
94
9
34
16
28
9
34
9
14
9
44
9
44
14
26
15
27
9
14
9
74
9
99
9
74
9
64
15
27
9
14
9
26
9
99
16
58
9
14
9
94
9
64
15
87
9
94
9
14
9
74
16
58
9
14
13
25
9
44
17
29
9
74
9
74
9
99
2
9
9
44
9
99
9
34
16
28
9
99
9
44
9
94
0
0
18
60
15
87
9
44
9
94
9
44
9
74
9
14
9
99
16
58
9
14
14
86
9
99
9
34
9
94
9
14
9
64
9
14
15
87
9
64
2
39
9
99
9
94
9
74
9
74
15
27
9
34
14
86
9
94
9
99
9
64
9
26
9
14
9
44
9
94
9
74
9
44
19
81
9
34
9
14
0
55
9
14
18
90
9
44
9
99
9
99
9
64
15
27
9
64
15
57
9
94
15
57
15
27
9
74
9
34
9
74
9
14
9
44
9
74
9
44
15
57
9
44
9
74
9
99
15
87
9
99
13
25
9
34
9
14
19
91
9
99
9
74
9
64
9
8
9
94
15
27
9
64
17
29
9
64
13
55
9
88
0
34
9
7
9
64
9
44
9
99
15
87
9
64
9
44
16
28
19
61
9
44
9
99
17
52
15
57
18
30
9
94
9
44
9
34
9
44
9
64
9
34
19
31
9
34
9
34
16
58
17
29
15
27
9
34
9
44
9
99
14
26
9
99
16
58
18
60
9
64
9
14
9
94
9
99
9
74
17
59
9
34
9
64
9
34
9
44
9
14
9
44
9
34
9
74
9
94
9
34
18
60
9
44
9
14
9
14
16
88
9
64
18
30
9
44
9
64
9
99
9
74
9
99
9
64
9
99
9
44
9
64
9
44
9
34
9
74
13
55
9
74
9
99
9
34
14
26
15
87
9
74
16
88
9
64
9
14
14
26
9
34
15
87
0
0
9
94
9
44
9
64
9
64
9
74
9
44
9
64
9
99
9
94
9
94
16
58
9
44
9
74
9
94
9
44
17
59
9
44
0
50
9
74
9
14
9
14
17
89
17
29
9
99
17
59
16
28
9
34
9
44
9
99
13
85
16
28
9
44
9
14
0
16
9
74
17
29
17
59
9
64
17
89
19
31
9
34
9
99
4
89
16
88
2
89
9
14
9
94
9
94
9
14
9
34
1
9
9
94
9
94
13
25
9
44
9
99
15
57
9
64
0
29
19
31
9
14
9
6
9
44
9
94
0
18
17
29
9
34
4
9
17
29
9
74
9
44
15
57
15
27
9
14
9
32
9
99
9
14
0
70
9
99
16
58
16
58
8
95
9
74
18
90
9
74
9
74
9
44
9
99
16
88
1
9
9
64
1
89
9
44
0
70
16
28
17
59
0
12
9
74
9
86
9
34
13
85
9
14
9
99
16
58
9
14
14
26
9
94
16
28
9
14
9
94
17
53
9
44
19
91
9
1
19
61
9
94
9
14
9
99
9
14
15
57
1
69
16
88
9
36
14
56
9
14
9
44
15
27
14
56
9
34
1
19
14
26
9
99
9
74
9
74
9
34
9
44
9
94
9
99
9
74
9
74
9
14
16
28
9
16
17
29
9
99
9
99
15
27
9
74
9
44
9
44
17
89
9
99
9
94
0
30
9
99
9
94
9
99
2
49
9
74
9
14
9
34
9
14
15
57
18
30
9
34
9
64
9
74
9
78
9
64
19
31
9
74
9
99
9
64
9
36
15
27
9
44
15
57
9
64
9
74
9
64
9
74
15
57
9
64
9
14
18
60
16
58
19
61
9
74
9
44
9
44
9
64
15
57
9
74
15
87
9
14
9
94
9
94
1
9
15
87
9
74
9
74
15
57
17
89
4
19
9
99
15
87
2
19
9
34
9
14
9
14
9
44
9
14
9
64
9
94
9
74
9
64
16
28
16
58
9
64
9
74
9
74
14
56
9
64
9
99
17
29
9
34
9
94
9
94
9
99
14
26
9
14
9
74
3
99
9
94
9
99
17
89
17
29
17
89
9
29
19
61
9
11
13
25
17
29
9
34
14
26
9
74
9
64
15
57
16
58
0
47
9
34
9
14
9
44
9
74
9
64
9
99
9
74
9
64
9
44
9
74
9
44
9
94
9
34
9
14
9
34
17
59
16
28
9
44
9
94
9
44
9
74
19
61
9
64
3
49
19
82
9
99
9
44
15
27
16
88
9
44
9
44
9
44
9
94
13
85
9
64
9
44
9
56
9
64
9
76
9
14
4
19
9
99
13
25
9
99
9
64
9
34
9
64
9
74
9
94
16
88
4
69
9
64
15
87
9
74
13
25
0
69
9
44
9
14
16
58
9
99
18
60
9
94
15
57
9
34
9
99
9
14
9
99
9
74
9
99
9
99
8
45
9
34
9
34
13
55
18
30
17
89
9
34
9
44
15
87
9
44
18
90
9
34
9
94
0
40
9
14
9
99
9
44
14
86
9
99
9
94
9
94
17
89
15
27
17
59
15
27
9
14
9
94
9
34
9
64
9
99
15
27
15
27
9
74
9
94
8
25
9
14
9
34
9
44
1
99
9
94
9
96
9
14
19
31
16
28
9
44
9
94
9
74
9
94
13
25
9
14
19
91
19
31
9
74
9
68
15
87
9
44
9
99
9
44
9
64
15
57
9
74
16
88
13
55
18
90
9
3
18
90
9
14
9
64
9
94
9
44
9
94
9
74
17
29
9
74
9
14
9
64
9
14
9
34
15
27
18
90
9
14
9
64
9
74
9
34
0
83
9
74
14
86
0
70
9
34
9
14
15
57
9
44
3
69
18
30
9
94
9
74
16
58
9
64
9
34
17
22
9
44
9
44
9
14
9
73
9
34
9
64
9
74
9
64
16
58
9
99
9
74
1
99
19
91
9
74
9
99
19
31
9
14
9
94
2
69
9
44
15
27
9
44
0
89
9
14
9
99
9
58
16
88
9
34
9
14
9
34
17
29
16
88
9
74
9
34
9
44
19
31
9
64
9
34
9
99
9
34
9
74
9
34
9
99
0
60
18
60
18
30
9
14
9
94
9
74
9
44
9
87
15
87
13
55
9
64
9
34
9
64
9
94
9
74
9
64
13
55
0
20
9
64
16
28
9
99
16
28
9
99
9
68
18
30
9
34
3
89
17
59
17
89
9
99
0
50
19
91
9
99
9
74
9
14
9
44
9
34
9
74
9
99
9
94
9
94
9
44
9
99
18
90
16
58
2
39
9
99
9
64
19
91
9
44
9
34
9
34
19
31
16
88
9
34
9
34
15
87
9
34
0
22
9
74
9
74
9
64
9
34
