9
34
9
14
17
29
9
99
9
44
17
59
9
14
9
99
9
64
9
94
9
14
9
14
9
99
19
32
9
14
9
64
9
14
9
34
9
94
9
74
9
99
15
27
9
34
17
29
9
94
9
99
9
99
9
64
18
60
18
60
9
94
19
61
19
31
19
93
9
44
9
74
9
74
9
34
9
64
9
74
9
99
9
34
9
99
9
94
9
94
9
34
9
34
9
34
9
74
9
44
18
30
17
59
9
74
9
74
15
57
9
94
9
64
9
44
9
99
9
34
9
99
19
61
18
90
17
59
17
89
9
44
9
34
9
99
15
57
9
64
9
14
19
31
9
34
19
91
9
31
9
44
9
99
9
94
9
99
18
30
9
94
9
99
9
34
19
33
15
87
19
61
9
74
9
64
9
44
9
34
9
94
9
44
9
99
17
89
9
64
9
64
17
29
19
63
9
64
9
34
9
99
9
64
9
44
9
94
0
0
9
44
9
66
9
44
17
29
19
31
18
90
19
92
9
94
18
60
9
44
9
34
0
70
9
74
9
44
9
74
19
91
9
34
19
32
9
14
18
90
9
99
9
74
9
64
9
99
9
14
19
93
9
44
9
74
9
34
9
34
9
64
9
14
9
14
9
92
9
44
9
44
9
44
9
74
9
44
9
74
9
94
9
14
9
44
9
14
9
44
19
61
9
99
17
89
19
32
9
94
19
62
9
74
16
88
9
99
19
61
9
44
9
94
9
94
9
74
0
40
0
10
19
32
19
62
9
94
9
44
9
14
9
44
19
63
18
60
9
34
9
99
9
99
9
64
9
94
9
74
9
94
9
34
15
27
9
6
17
59
9
14
19
92
9
94
19
62
17
59
9
14
18
90
9
34
9
94
9
99
9
74
19
61
9
64
9
64
8
75
9
99
9
44
9
64
9
34
9
74
19
31
9
44
19
92
9
14
9
94
19
63
9
34
9
64
9
86
17
29
9
99
9
98
9
14
9
74
9
99
18
30
9
34
9
74
9
74
15
87
9
44
18
60
18
90
18
90
9
94
9
64
9
74
9
6
9
44
9
99
18
30
9
74
9
99
9
64
9
44
9
44
9
34
19
61
9
34
9
34
9
14
9
34
9
92
16
58
9
64
0
80
9
34
19
31
9
99
9
74
17
89
9
14
9
74
19
91
9
99
9
44
9
64
18
60
9
34
9
34
19
61
9
99
9
64
9
94
9
34
18
30
9
34
9
14
9
44
9
44
16
28
17
29
9
14
9
74
9
99
9
74
9
64
17
29
9
14
9
26
9
99
18
60
9
14
9
94
9
64
17
89
9
94
9
14
9
74
18
60
9
14
15
27
9
44
19
31
9
74
9
74
9
99
2
9
9
44
9
99
9
34
18
30
9
99
9
44
9
94
0
0
19
62
17
89
9
44
9
94
9
44
9
74
9
14
9
99
18
60
9
14
16
88
9
99
9
34
9
94
9
14
9
64
9
14
17
89
9
64
2
39
9
99
9
94
9
74
9
74
17
29
9
34
16
88
9
94
9
99
9
64
9
26
9
14
9
44
9
94
9
74
9
44
19
81
9
34
9
14
0
55
9
14
19
92
9
44
9
99
9
99
9
64
17
29
9
64
17
59
9
94
17
59
17
29
9
74
9
34
9
74
9
14
9
44
9
74
9
44
17
59
9
44
9
74
9
99
17
89
9
99
15
27
9
34
9
14
19
93
9
99
9
74
9
64
9
8
9
94
17
29
9
64
19
31
9
64
15
57
9
88
0
34
9
7
9
64
9
44
9
99
17
89
9
64
9
44
18
30
19
63
9
44
9
99
19
52
17
59
19
32
9
94
9
44
9
34
9
44
9
64
9
34
19
33
9
34
9
34
18
60
19
31
17
29
9
34
9
44
9
99
16
28
9
99
18
60
19
62
9
64
9
14
9
94
9
99
9
74
19
61
9
34
9
64
9
34
9
44
9
14
9
44
9
34
9
74
9
94
9
34
19
62
9
44
9
14
9
14
18
90
9
64
19
32
9
44
9
64
9
99
9
74
9
99
9
64
9
99
9
44
9
64
9
44
9
34
9
74
15
57
9
74
9
99
9
34
16
28
17
89
9
74
18
90
9
64
9
14
16
28
9
34
17
89
0
0
9
94
9
44
9
64
9
64
9
74
9
44
9
64
9
99
9
94
9
94
18
60
9
44
9
74
9
94
9
44
19
61
9
44
0
50
9
74
9
14
9
14
19
91
19
31
9
99
19
61
18
30
9
34
9
44
9
99
15
87
18
30
9
44
9
14
0
16
9
74
19
31
19
61
9
64
19
91
19
33
9
34
9
99
4
89
18
90
2
89
9
14
9
94
9
94
9
14
9
34
1
9
9
94
9
94
15
27
9
44
9
99
17
59
9
64
0
29
19
33
9
14
9
6
9
44
9
94
0
18
19
31
9
34
4
9
19
31
9
74
9
44
17
59
17
29
9
14
9
32
9
99
9
14
0
70
9
99
18
60
18
60
8
95
9
74
19
92
9
74
9
74
9
44
9
99
18
90
1
9
9
64
1
89
9
44
0
70
18
30
19
61
0
12
9
74
9
86
9
34
15
87
9
14
9
99
18
60
9
14
16
28
9
94
18
30
9
14
9
94
19
53
9
44
19
93
9
1
19
63
9
94
9
14
9
99
9
14
17
59
1
69
18
90
9
36
16
58
9
14
9
44
17
29
16
58
9
34
1
19
16
28
9
99
9
74
9
74
9
34
9
44
9
94
9
99
9
74
9
74
9
14
18
30
9
16
19
31
9
99
9
99
17
29
9
74
9
44
9
44
19
91
9
99
9
94
0
30
9
99
9
94
9
99
2
49
9
74
9
14
9
34
9
14
17
59
19
32
9
34
9
64
9
74
9
78
9
64
19
33
9
74
9
99
9
64
9
36
17
29
9
44
17
59
9
64
9
74
9
64
9
74
17
59
9
64
9
14
19
62
18
60
19
63
9
74
9
44
9
44
9
64
17
59
9
74
17
89
9
14
9
94
9
94
1
9
17
89
9
74
9
74
17
59
19
91
4
19
9
99
17
89
2
19
9
34
9
14
9
14
9
44
9
14
9
64
9
94
9
74
9
64
18
30
18
60
9
64
9
74
9
74
16
58
9
64
9
99
19
31
9
34
9
94
9
94
9
99
16
28
9
14
9
74
3
99
9
94
9
99
19
91
19
31
19
91
9
29
19
63
9
11
15
27
19
31
9
34
16
28
9
74
9
64
17
59
18
60
0
47
9
34
9
14
9
44
9
74
9
64
9
99
9
74
9
64
9
44
9
74
9
44
9
94
9
34
9
14
9
34
19
61
18
30
9
44
9
94
9
44
9
74
19
63
9
64
3
49
19
82
9
99
9
44
17
29
18
90
9
44
9
44
9
44
9
94
15
87
9
64
9
44
9
56
9
64
9
76
9
14
4
19
9
99
15
27
9
99
9
64
9
34
9
64
9
74
9
94
18
90
4
69
9
64
17
89
9
74
15
27
0
69
9
44
9
14
18
60
9
99
19
62
9
94
17
59
9
34
9
99
9
14
9
99
9
74
9
99
9
99
8
45
9
34
9
34
15
57
19
32
19
91
9
34
9
44
17
89
9
44
19
92
9
34
9
94
0
40
9
14
9
99
9
44
16
88
9
99
9
94
9
94
19
91
17
29
19
61
17
29
9
14
9
94
9
34
9
64
9
99
17
29
17
29
9
74
9
94
8
25
9
14
9
34
9
44
1
99
9
94
9
96
9
14
19
33
18
30
9
44
9
94
9
74
9
94
15
27
9
14
19
93
19
33
9
74
9
68
17
89
9
44
9
99
9
44
9
64
17
59
9
74
18
90
15
57
19
92
9
3
19
92
9
14
9
64
9
94
9
44
9
94
9
74
19
31
9
74
9
14
9
64
9
14
9
34
17
29
19
92
9
14
9
64
9
74
9
34
0
83
9
74
16
88
0
70
9
34
9
14
17
59
9
44
3
69
19
32
9
94
9
74
18
60
9
64
9
34
19
22
9
44
9
44
9
14
9
73
9
34
9
64
9
74
9
64
18
60
9
99
9
74
1
99
19
93
9
74
9
99
19
33
9
14
9
94
2
69
9
44
17
29
9
44
0
89
9
14
9
99
9
58
18
90
9
34
9
14
9
34
19
31
18
90
9
74
9
34
9
44
19
33
9
64
9
34
9
99
9
34
9
74
9
34
9
99
0
60
19
62
19
32
9
14
9
94
9
74
9
44
9
87
17
89
15
57
9
64
9
34
9
64
9
94
9
74
9
64
15
57
0
20
9
64
18
30
9
99
18
30
9
99
9
68
19
32
9
34
3
89
19
61
19
91
9
99
0
50
19
93
9
99
9
74
9
14
9
44
9
34
9
74
9
99
9
94
9
94
9
44
9
99
19
92
18
60
2
39
9
99
9
64
19
93
9
44
9
34
9
34
19
33
18
90
9
34
9
34
17
89
9
34
0
22
9
74
9
74
9
64
9
34
