9
34
9
12
8
20
9
99
8
40
8
50
9
13
9
98
9
64
8
90
9
12
9
11
9
99
11
23
9
12
9
61
9
13
9
34
9
92
9
71
9
99
9
18
9
31
8
20
9
89
9
98
9
99
9
61
9
51
9
51
8
90
10
52
10
22
12
84
8
40
9
69
9
72
9
28
9
61
9
70
9
99
8
30
9
99
9
93
8
90
9
31
9
32
9
28
9
70
9
42
9
21
8
50
8
70
9
72
8
48
9
91
9
61
9
43
9
99
9
32
8
99
10
52
9
81
9
50
8
80
9
42
9
34
9
99
9
48
9
58
9
12
10
22
9
33
10
82
9
31
8
40
9
99
9
94
9
99
9
21
9
91
9
99
9
31
12
24
9
78
10
52
8
70
9
63
8
40
8
30
9
91
9
41
9
99
8
80
9
62
8
60
9
20
12
54
9
59
9
29
9
99
8
60
9
41
9
89
0
0
9
44
8
66
9
41
8
20
10
22
9
81
11
83
9
90
9
51
9
41
9
32
0
70
9
72
9
43
9
72
10
82
9
31
11
23
9
11
9
81
8
98
8
68
9
62
9
99
8
10
12
84
9
44
9
71
9
30
9
31
8
60
9
11
9
11
9
92
9
39
9
41
9
44
9
72
9
41
9
71
9
89
9
12
9
43
9
8
9
43
10
52
9
99
9
80
11
23
9
92
11
53
9
70
9
79
9
99
10
52
9
43
8
90
8
90
8
70
0
40
0
10
11
23
11
53
9
92
8
38
9
10
9
38
12
54
9
51
9
34
9
98
9
99
9
61
9
92
9
74
9
91
9
31
9
18
8
10
8
50
8
10
11
83
9
91
11
53
9
50
9
11
9
81
8
30
9
90
9
99
9
72
10
52
9
58
9
62
8
75
9
99
9
42
9
61
8
30
9
74
10
22
9
39
11
83
8
10
9
91
12
54
9
28
9
58
9
88
8
20
9
99
9
98
9
8
9
73
9
99
9
21
9
30
9
69
9
72
9
78
9
38
9
51
9
81
9
81
9
90
9
64
8
70
9
6
9
44
9
99
9
21
8
70
9
99
9
61
8
40
9
38
9
32
10
52
9
31
9
31
9
13
9
32
9
92
8
49
9
61
0
80
8
30
10
22
9
99
9
72
8
80
9
10
9
68
10
82
9
98
9
41
9
62
9
51
9
31
8
30
10
52
9
99
9
62
9
93
9
32
9
21
8
30
8
10
9
41
8
38
8
19
8
20
9
11
9
71
9
99
9
69
9
63
8
20
9
13
9
30
9
99
9
51
9
9
9
94
9
60
8
80
9
90
9
11
8
70
9
51
9
8
9
18
9
44
10
22
9
69
9
69
9
99
2
9
9
43
9
99
9
28
9
21
9
99
9
44
9
88
0
0
11
53
8
80
9
42
9
91
9
42
9
73
9
11
8
99
9
51
9
13
9
79
9
99
9
32
8
89
9
13
9
61
9
12
9
80
9
62
2
39
9
99
9
91
8
70
8
70
8
20
9
33
8
79
9
93
8
99
9
60
8
30
9
13
9
43
9
91
9
73
8
40
12
81
9
31
9
11
0
55
9
8
11
83
8
38
9
99
9
99
9
62
8
20
9
64
9
50
9
94
8
50
8
20
9
71
9
30
9
73
9
11
9
39
9
73
9
38
8
50
9
41
9
70
9
99
9
80
9
99
9
18
9
34
8
8
12
84
9
99
8
70
9
60
9
8
9
91
8
20
8
60
10
22
9
64
8
48
9
88
0
34
9
7
8
60
9
42
9
99
8
80
9
64
9
43
9
21
12
54
9
39
9
99
10
52
9
50
11
23
9
91
9
43
9
32
9
40
9
61
9
33
12
24
9
31
9
31
9
51
10
22
8
20
9
32
8
40
9
99
9
19
8
99
9
51
11
53
9
62
9
14
9
89
9
99
8
70
10
52
9
33
8
60
8
30
9
39
8
10
8
40
9
29
9
69
9
91
9
31
11
53
9
43
8
10
9
11
9
81
9
62
11
23
9
41
9
59
9
99
9
68
8
99
8
60
8
99
9
42
9
62
9
41
9
31
8
70
9
48
9
73
8
99
9
32
9
19
9
80
8
70
9
81
8
60
9
10
9
19
9
28
8
80
0
0
9
90
9
41
9
64
8
60
9
72
9
43
9
62
8
99
9
89
9
90
9
51
8
40
9
71
9
92
9
42
10
52
9
39
0
50
9
72
9
11
9
8
10
82
10
22
9
99
10
52
9
21
9
32
9
42
9
99
9
78
9
21
8
40
8
10
0
16
9
71
10
22
10
52
9
61
10
82
12
24
8
30
9
98
4
89
9
81
2
89
9
12
9
92
9
88
9
12
8
30
1
9
9
94
9
88
8
18
8
40
9
99
8
50
9
59
0
29
12
24
9
11
9
8
9
42
9
91
0
18
10
22
8
30
4
9
10
22
9
70
8
39
8
50
8
20
9
11
9
32
9
99
8
10
0
70
9
99
9
51
9
51
8
95
8
69
11
83
9
72
9
71
9
41
9
99
9
81
1
9
8
60
1
89
9
42
0
70
9
21
10
52
0
12
9
71
9
88
9
32
8
78
9
14
9
99
9
51
8
10
9
19
9
94
9
21
9
14
9
91
10
53
8
38
12
84
8
1
12
54
9
89
9
9
9
99
9
9
9
50
1
69
9
81
8
40
9
49
9
11
9
41
8
20
9
49
8
28
1
19
9
19
9
99
9
70
9
70
8
29
9
39
8
90
9
99
9
69
9
70
9
13
9
21
9
16
10
22
9
99
9
99
8
20
9
70
9
41
9
44
10
82
9
99
9
91
0
30
8
99
9
94
8
99
2
49
8
70
9
14
9
28
9
10
8
50
11
23
9
32
9
61
9
73
9
78
9
61
12
24
9
71
9
99
8
60
9
38
8
20
8
40
8
50
9
62
9
73
9
62
8
70
9
50
9
61
9
12
11
53
9
51
12
54
9
72
9
42
9
40
9
61
8
50
9
72
8
80
9
11
9
91
9
93
1
9
8
80
9
69
9
74
9
50
10
82
4
19
9
98
8
80
2
19
9
33
9
14
9
10
9
38
9
11
9
61
8
90
9
71
8
60
9
21
9
51
9
60
8
69
8
70
8
49
9
59
9
99
10
22
8
30
9
93
9
91
9
99
9
19
9
10
8
70
3
99
9
91
9
99
10
82
10
22
10
82
9
29
12
54
9
11
9
18
10
22
9
33
8
19
9
71
9
60
9
50
9
51
0
47
9
31
9
11
9
38
8
70
9
63
9
99
9
74
9
59
9
41
9
73
9
42
9
89
9
32
9
9
9
31
10
52
9
21
9
41
9
92
9
40
9
70
12
54
9
61
3
49
12
82
9
99
9
44
9
20
9
81
9
42
9
42
9
38
8
90
9
78
9
63
9
44
9
56
8
60
9
77
8
10
4
19
9
99
8
18
8
99
9
62
9
31
9
59
9
73
9
92
9
81
4
69
9
59
9
80
9
74
9
18
0
69
9
41
9
12
9
51
8
99
11
53
9
91
8
50
9
29
9
99
9
12
9
99
8
70
9
99
9
99
8
45
9
33
9
28
8
48
11
23
10
82
9
31
9
42
9
80
8
38
11
83
8
30
9
92
0
40
9
13
9
99
9
43
9
79
9
99
8
90
9
91
10
82
8
20
10
52
8
20
9
11
9
93
9
28
9
62
9
99
8
20
8
20
9
68
9
93
8
25
8
9
9
31
8
40
1
99
9
91
9
96
9
12
12
24
9
21
9
42
9
94
9
71
8
90
9
18
9
8
12
84
12
24
9
74
9
68
9
80
9
42
9
98
9
38
9
62
8
50
8
69
9
81
9
48
11
83
8
4
11
83
9
8
9
62
9
91
9
39
9
94
9
73
10
22
9
69
8
10
9
64
9
12
9
31
8
20
11
83
8
10
9
61
8
70
8
30
0
83
9
70
9
79
0
70
9
31
9
8
8
50
9
41
3
69
11
23
8
90
9
73
9
51
9
62
9
31
10
22
9
39
9
41
9
11
9
73
9
34
9
61
8
70
9
63
9
51
9
99
9
74
1
99
12
84
9
74
8
99
12
24
9
12
9
91
2
68
9
44
8
20
8
40
0
89
9
10
9
98
9
58
9
81
9
32
9
12
9
28
10
22
9
81
9
70
9
34
9
38
12
24
9
60
9
29
9
99
8
30
9
73
8
30
9
99
0
60
11
53
11
23
9
10
9
93
8
70
9
43
9
87
8
80
9
48
9
60
8
29
9
58
9
93
9
71
9
63
9
48
0
20
9
60
9
21
9
99
9
21
9
99
9
68
11
23
9
30
3
89
10
52
10
82
9
99
0
50
12
84
8
99
9
73
8
9
9
44
8
28
9
70
9
99
9
92
9
89
9
43
8
99
11
83
9
51
2
39
9
99
9
61
12
84
9
41
8
30
9
33
12
24
9
81
9
33
9
29
8
80
9
32
0
22
9
72
9
73
9
60
9
32
