4
28
2
9
0
17
3
91
0
32
0
43
3
7
3
90
4
58
0
85
2
5
1
5
1
97
3
17
2
5
1
58
3
7
4
29
2
89
1
64
1
94
4
10
1
28
0
17
3
81
2
90
1
94
1
56
2
43
1
47
0
84
2
44
4
14
4
78
0
35
3
61
3
64
4
20
4
53
4
62
2
95
0
22
3
91
3
86
0
85
1
27
2
24
4
20
1
62
2
37
2
13
0
43
0
69
2
69
1
40
1
87
2
53
3
37
2
97
2
28
0
91
2
49
1
79
4
42
0
74
2
35
4
27
4
94
4
40
2
50
3
4
4
14
3
25
2
74
2
30
0
32
2
99
4
88
3
92
1
14
4
83
3
94
2
23
4
16
3
70
2
46
0
68
3
57
0
33
0
26
1
84
1
36
4
97
0
79
4
54
0
57
3
12
4
47
1
51
3
21
2
94
0
58
1
33
3
81
0
0
4
38
0
66
1
39
0
12
2
18
2
73
3
78
1
82
1
48
1
39
3
24
0
70
4
64
3
39
2
64
2
77
1
24
3
16
1
3
1
73
1
90
1
60
2
54
4
91
0
2
4
77
4
39
1
66
3
22
3
23
0
52
1
4
1
4
2
92
2
31
1
34
4
39
2
69
1
35
1
65
1
81
2
8
3
38
3
0
4
35
2
45
4
94
3
72
3
15
2
89
3
47
1
62
1
71
4
92
2
44
3
36
0
85
0
85
0
63
0
40
0
10
3
16
3
46
2
87
1
30
2
2
2
30
4
47
1
46
4
28
3
90
1
97
3
53
3
84
4
66
1
87
1
23
3
10
0
11
0
46
0
7
3
77
1
84
3
46
2
42
3
3
1
76
0
24
2
82
3
95
3
64
2
46
3
50
2
57
4
75
3
96
2
34
1
58
0
23
4
66
2
14
4
31
3
77
0
9
3
83
4
46
2
20
4
50
2
96
0
14
2
96
2
98
3
0
3
69
4
96
1
18
4
22
1
61
4
64
3
70
2
30
1
43
1
78
1
75
1
82
4
56
0
67
4
6
4
36
2
97
2
13
0
62
4
96
1
58
0
38
2
30
2
29
2
45
2
23
1
28
3
7
2
28
1
92
0
41
1
53
0
80
0
25
2
17
4
98
2
66
0
72
3
2
3
60
2
78
2
90
1
37
2
55
4
43
2
23
0
29
3
44
2
96
4
54
3
85
2
29
1
15
0
24
0
4
1
37
1
30
0
11
0
15
3
3
1
67
4
99
2
61
3
59
0
16
3
9
3
38
1
92
1
46
1
1
4
87
3
52
0
72
2
82
4
3
0
68
2
43
4
0
2
10
4
36
2
16
2
61
3
61
1
93
2
4
3
36
1
93
4
20
1
14
1
91
4
38
2
80
0
0
3
45
0
75
2
35
1
86
3
34
3
67
1
3
0
94
1
46
4
5
3
71
3
95
2
26
0
81
3
7
3
53
2
6
3
72
2
57
2
36
2
93
1
88
0
68
0
65
0
15
3
28
0
71
3
85
0
93
3
52
0
32
4
5
3
35
1
87
3
67
0
34
4
81
4
23
2
3
0
55
3
0
3
78
1
30
2
98
2
95
2
58
0
19
4
59
4
42
4
89
0
46
0
15
3
63
2
22
3
66
1
8
2
31
4
65
2
30
0
48
3
33
2
62
1
91
3
72
4
98
4
10
4
27
1
0
4
77
2
95
0
62
1
52
2
8
4
83
0
16
0
55
2
17
4
58
1
40
4
89
0
34
4
7
0
54
3
34
3
98
0
72
4
56
4
35
1
16
4
48
2
31
2
93
2
52
3
42
4
15
1
83
3
37
2
25
3
32
3
53
3
28
4
17
1
26
1
28
1
49
2
14
0
17
4
24
0
38
4
96
4
11
0
92
1
48
3
46
2
59
4
8
2
81
1
91
0
69
2
44
3
25
0
53
0
24
1
31
0
8
0
32
4
21
1
61
1
88
1
25
3
47
3
35
0
4
1
8
1
75
2
58
3
15
1
36
4
51
3
93
3
60
0
96
0
55
0
98
4
34
3
54
1
35
2
23
0
62
3
40
3
68
0
99
3
24
2
11
1
72
0
63
1
77
0
52
3
2
1
11
2
20
0
73
0
0
1
82
4
33
4
58
0
59
2
68
3
36
2
56
0
95
4
81
3
82
2
43
0
32
1
64
2
86
4
34
2
45
3
31
0
50
4
64
3
3
2
0
2
78
2
17
3
97
4
44
1
18
2
25
2
35
2
94
2
70
1
16
0
37
0
2
0
16
1
66
2
18
2
49
2
53
2
76
4
19
0
24
3
90
4
88
1
75
2
84
2
7
2
84
3
80
3
4
0
24
0
1
4
88
2
80
1
10
0
36
1
94
0
42
2
51
0
29
4
16
1
6
4
16
3
34
1
84
0
18
2
17
0
28
4
3
2
14
2
62
0
31
0
43
0
18
1
9
3
32
3
91
0
9
0
70
3
99
1
43
1
44
2
95
0
61
3
77
4
64
1
63
1
36
1
91
1
79
1
3
0
58
1
83
2
34
0
70
1
13
2
46
0
12
4
63
2
91
2
25
1
70
4
6
3
97
4
43
0
5
3
11
4
89
1
17
4
9
1
89
2
53
1
30
4
78
1
0
4
49
3
81
4
1
4
96
1
1
4
42
0
61
1
75
0
41
2
41
1
3
3
33
0
16
2
41
1
20
1
18
2
11
3
95
2
62
1
62
0
21
4
31
0
82
4
93
1
61
2
62
3
6
1
19
1
16
2
19
1
97
2
99
0
12
1
62
1
38
4
38
2
78
2
97
1
86
0
30
0
96
4
87
0
98
2
49
0
64
4
6
4
20
2
2
0
48
3
17
2
25
4
53
3
69
3
78
1
55
4
16
1
65
2
92
0
53
2
43
0
16
0
39
0
42
2
58
3
69
2
58
0
62
2
42
1
54
2
9
3
49
1
45
4
46
4
64
2
38
3
32
4
53
0
47
3
64
0
76
3
3
1
88
4
85
1
4
0
79
4
61
4
69
3
42
4
74
4
13
3
90
0
72
2
19
3
28
4
9
3
2
3
30
4
3
1
55
0
89
1
64
0
55
2
13
1
49
3
52
0
61
0
62
0
41
2
51
3
92
4
14
0
26
4
85
1
87
4
94
2
11
3
2
0
66
3
94
1
83
3
97
2
74
2
17
2
75
1
29
4
48
2
10
4
10
2
14
3
26
0
11
4
63
1
52
4
42
4
43
0
47
1
25
2
3
3
30
0
66
3
57
2
98
4
67
1
51
1
36
3
68
2
35
4
81
2
27
1
1
4
23
2
49
1
18
1
39
2
84
1
32
1
62
4
48
4
53
3
49
4
84
4
92
4
36
1
12
1
76
2
34
2
37
4
30
0
82
3
70
3
59
4
37
4
56
0
54
4
85
0
7
4
18
2
99
1
10
0
97
2
54
3
23
1
51
3
68
2
84
1
78
4
64
1
51
4
72
4
68
4
10
0
69
1
39
2
7
4
43
0
91
3
48
1
89
0
42
1
21
3
93
3
4
2
99
0
69
3
94
1
92
1
45
3
28
3
20
1
40
3
16
2
76
2
23
2
37
1
72
1
30
3
75
0
28
2
88
0
40
3
8
3
93
3
36
1
71
3
93
0
87
1
83
2
79
0
17
2
49
0
12
1
7
3
85
3
20
2
56
2
96
0
18
0
14
3
60
3
89
1
25
0
1
4
23
0
36
1
93
1
89
4
96
3
4
4
19
1
19
2
39
4
89
1
69
0
85
4
10
2
0
4
79
4
17
4
66
2
69
1
72
2
39
3
90
3
30
3
54
0
49
0
61
2
73
3
40
4
75
0
4
3
77
4
0
2
58
1
89
1
31
4
87
3
68
2
18
2
61
0
3
4
58
2
6
3
23
0
19
3
76
0
3
1
55
0
69
0
29
0
83
2
62
1
71
0
70
1
26
2
0
0
46
4
33
3
64
3
18
0
86
3
69
1
47
2
54
3
23
2
22
3
31
1
37
1
4
4
73
4
26
1
53
0
69
3
55
1
45
1
99
4
67
1
94
4
77
4
68
0
95
4
18
3
4
1
83
3
60
4
38
0
14
0
33
0
88
2
2
2
90
2
58
1
77
2
25
2
8
4
20
3
14
3
73
3
62
4
26
3
30
4
19
4
52
1
21
4
95
0
22
3
68
0
24
3
97
0
60
3
47
3
16
1
2
3
87
0
66
3
35
2
87
0
73
2
40
4
52
0
21
4
50
3
88
1
65
3
58
2
40
0
20
1
52
1
16
3
99
1
16
3
91
4
68
3
18
3
22
3
83
2
47
2
77
4
95
0
50
4
78
0
92
3
68
0
1
4
38
1
20
4
62
3
99
2
87
1
81
3
39
0
98
4
75
1
44
2
31
4
99
1
56
4
79
4
33
0
24
3
28
4
18
1
76
3
26
4
21
0
79
2
27
0
22
2
69
3
68
2
52
4
24
