9
34
9
14
14
26
9
99
9
44
14
56
9
14
9
99
9
64
9
94
9
14
9
14
9
99
17
29
9
14
9
64
9
14
9
34
9
94
9
74
9
99
12
24
9
34
14
26
9
94
9
99
9
99
9
64
15
57
15
57
9
94
16
58
16
28
18
90
9
44
9
74
9
74
9
34
9
64
9
74
9
99
9
34
9
99
9
94
9
94
9
34
9
34
9
34
9
74
9
44
15
27
14
56
9
74
9
74
12
54
9
94
9
64
9
44
9
99
9
34
9
99
16
58
15
87
14
56
14
86
9
44
9
34
9
99
12
54
9
64
9
14
16
28
9
34
16
88
9
31
9
44
9
99
9
94
9
99
15
27
9
94
9
99
9
34
18
30
12
84
16
58
9
74
9
64
9
44
9
34
9
94
9
44
9
99
14
86
9
64
9
64
14
26
18
60
9
64
9
34
9
99
9
64
9
44
9
94
0
0
9
44
9
66
9
44
14
26
16
28
15
87
17
89
9
94
15
57
9
44
9
34
0
70
9
74
9
44
9
74
16
88
9
34
17
29
9
14
15
87
9
99
9
74
9
64
9
99
9
14
18
90
9
44
9
74
9
34
9
34
9
64
9
14
9
14
9
92
9
44
9
44
9
44
9
74
9
44
9
74
9
94
9
14
9
44
9
14
9
44
16
58
9
99
14
86
17
29
9
94
17
59
9
74
13
85
9
99
16
58
9
44
9
94
9
94
9
74
0
40
0
10
17
29
17
59
9
94
9
44
9
14
9
44
18
60
15
57
9
34
9
99
9
99
9
64
9
94
9
74
9
94
9
34
12
24
9
6
14
56
9
14
17
89
9
94
17
59
14
56
9
14
15
87
9
34
9
94
9
99
9
74
16
58
9
64
9
64
8
75
9
99
9
44
9
64
9
34
9
74
16
28
9
44
17
89
9
14
9
94
18
60
9
34
9
64
9
86
14
26
9
99
9
98
9
14
9
74
9
99
15
27
9
34
9
74
9
74
12
84
9
44
15
57
15
87
15
87
9
94
9
64
9
74
9
6
9
44
9
99
15
27
9
74
9
99
9
64
9
44
9
44
9
34
16
58
9
34
9
34
9
14
9
34
9
92
13
55
9
64
0
80
9
34
16
28
9
99
9
74
14
86
9
14
9
74
16
88
9
99
9
44
9
64
15
57
9
34
9
34
16
58
9
99
9
64
9
94
9
34
15
27
9
34
9
14
9
44
9
44
13
25
14
26
9
14
9
74
9
99
9
74
9
64
14
26
9
14
9
26
9
99
15
57
9
14
9
94
9
64
14
86
9
94
9
14
9
74
15
57
9
14
12
24
9
44
16
28
9
74
9
74
9
99
2
9
9
44
9
99
9
34
15
27
9
99
9
44
9
94
0
0
17
59
14
86
9
44
9
94
9
44
9
74
9
14
9
99
15
57
9
14
13
85
9
99
9
34
9
94
9
14
9
64
9
14
14
86
9
64
2
39
9
99
9
94
9
74
9
74
14
26
9
34
13
85
9
94
9
99
9
64
9
26
9
14
9
44
9
94
9
74
9
44
18
81
9
34
9
14
0
55
9
14
17
89
9
44
9
99
9
99
9
64
14
26
9
64
14
56
9
94
14
56
14
26
9
74
9
34
9
74
9
14
9
44
9
74
9
44
14
56
9
44
9
74
9
99
14
86
9
99
12
24
9
34
9
14
18
90
9
99
9
74
9
64
9
8
9
94
14
26
9
64
16
28
9
64
12
54
9
88
0
34
9
7
9
64
9
44
9
99
14
86
9
64
9
44
15
27
18
60
9
44
9
99
16
52
14
56
17
29
9
94
9
44
9
34
9
44
9
64
9
34
18
30
9
34
9
34
15
57
16
28
14
26
9
34
9
44
9
99
13
25
9
99
15
57
17
59
9
64
9
14
9
94
9
99
9
74
16
58
9
34
9
64
9
34
9
44
9
14
9
44
9
34
9
74
9
94
9
34
17
59
9
44
9
14
9
14
15
87
9
64
17
29
9
44
9
64
9
99
9
74
9
99
9
64
9
99
9
44
9
64
9
44
9
34
9
74
12
54
9
74
9
99
9
34
13
25
14
86
9
74
15
87
9
64
9
14
13
25
9
34
14
86
0
0
9
94
9
44
9
64
9
64
9
74
9
44
9
64
9
99
9
94
9
94
15
57
9
44
9
74
9
94
9
44
16
58
9
44
0
50
9
74
9
14
9
14
16
88
16
28
9
99
16
58
15
27
9
34
9
44
9
99
12
84
15
27
9
44
9
14
0
16
9
74
16
28
16
58
9
64
16
88
18
30
9
34
9
99
4
89
15
87
2
89
9
14
9
94
9
94
9
14
9
34
1
9
9
94
9
94
12
24
9
44
9
99
14
56
9
64
0
29
18
30
9
14
9
6
9
44
9
94
0
18
16
28
9
34
4
9
16
28
9
74
9
44
14
56
14
26
9
14
9
32
9
99
9
14
0
70
9
99
15
57
15
57
8
95
9
74
17
89
9
74
9
74
9
44
9
99
15
87
1
9
9
64
1
89
9
44
0
70
15
27
16
58
0
12
9
74
9
86
9
34
12
84
9
14
9
99
15
57
9
14
13
25
9
94
15
27
9
14
9
94
16
53
9
44
18
90
9
1
18
60
9
94
9
14
9
99
9
14
14
56
1
69
15
87
9
36
13
55
9
14
9
44
14
26
13
55
9
34
1
19
13
25
9
99
9
74
9
74
9
34
9
44
9
94
9
99
9
74
9
74
9
14
15
27
9
16
16
28
9
99
9
99
14
26
9
74
9
44
9
44
16
88
9
99
9
94
0
30
9
99
9
94
9
99
2
49
9
74
9
14
9
34
9
14
14
56
17
29
9
34
9
64
9
74
9
78
9
64
18
30
9
74
9
99
9
64
9
36
14
26
9
44
14
56
9
64
9
74
9
64
9
74
14
56
9
64
9
14
17
59
15
57
18
60
9
74
9
44
9
44
9
64
14
56
9
74
14
86
9
14
9
94
9
94
1
9
14
86
9
74
9
74
14
56
16
88
4
19
9
99
14
86
2
19
9
34
9
14
9
14
9
44
9
14
9
64
9
94
9
74
9
64
15
27
15
57
9
64
9
74
9
74
13
55
9
64
9
99
16
28
9
34
9
94
9
94
9
99
13
25
9
14
9
74
3
99
9
94
9
99
16
88
16
28
16
88
9
29
18
60
9
11
12
24
16
28
9
34
13
25
9
74
9
64
14
56
15
57
0
47
9
34
9
14
9
44
9
74
9
64
9
99
9
74
9
64
9
44
9
74
9
44
9
94
9
34
9
14
9
34
16
58
15
27
9
44
9
94
9
44
9
74
18
60
9
64
3
49
18
82
9
99
9
44
14
26
15
87
9
44
9
44
9
44
9
94
12
84
9
64
9
44
9
56
9
64
9
76
9
14
4
19
9
99
12
24
9
99
9
64
9
34
9
64
9
74
9
94
15
87
4
69
9
64
14
86
9
74
12
24
0
69
9
44
9
14
15
57
9
99
17
59
9
94
14
56
9
34
9
99
9
14
9
99
9
74
9
99
9
99
8
45
9
34
9
34
12
54
17
29
16
88
9
34
9
44
14
86
9
44
17
89
9
34
9
94
0
40
9
14
9
99
9
44
13
85
9
99
9
94
9
94
16
88
14
26
16
58
14
26
9
14
9
94
9
34
9
64
9
99
14
26
14
26
9
74
9
94
8
25
9
14
9
34
9
44
1
99
9
94
9
96
9
14
18
30
15
27
9
44
9
94
9
74
9
94
12
24
9
14
18
90
18
30
9
74
9
68
14
86
9
44
9
99
9
44
9
64
14
56
9
74
15
87
12
54
17
89
9
3
17
89
9
14
9
64
9
94
9
44
9
94
9
74
16
28
9
74
9
14
9
64
9
14
9
34
14
26
17
89
9
14
9
64
9
74
9
34
0
83
9
74
13
85
0
70
9
34
9
14
14
56
9
44
3
69
17
29
9
94
9
74
15
57
9
64
9
34
16
22
9
44
9
44
9
14
9
73
9
34
9
64
9
74
9
64
15
57
9
99
9
74
1
99
18
90
9
74
9
99
18
30
9
14
9
94
2
69
9
44
14
26
9
44
0
89
9
14
9
99
9
58
15
87
9
34
9
14
9
34
16
28
15
87
9
74
9
34
9
44
18
30
9
64
9
34
9
99
9
34
9
74
9
34
9
99
0
60
17
59
17
29
9
14
9
94
9
74
9
44
9
87
14
86
12
54
9
64
9
34
9
64
9
94
9
74
9
64
12
54
0
20
9
64
15
27
9
99
15
27
9
99
9
68
17
29
9
34
3
89
16
58
16
88
9
99
0
50
18
90
9
99
9
74
9
14
9
44
9
34
9
74
9
99
9
94
9
94
9
44
9
99
17
89
15
57
2
39
9
99
9
64
18
90
9
44
9
34
9
34
18
30
15
87
9
34
9
34
14
86
9
34
0
22
9
74
9
74
9
64
9
34
