9
34
9
14
19
32
9
99
9
44
19
62
9
14
9
99
9
64
9
94
9
14
9
14
9
99
19
34
9
14
9
64
9
14
9
34
9
94
9
74
9
99
18
30
9
34
19
32
9
94
9
99
9
99
9
64
19
63
19
63
9
94
19
64
19
34
19
94
9
44
9
74
9
74
9
34
9
64
9
74
9
99
9
34
9
99
9
94
9
94
9
34
9
34
9
34
9
74
9
44
19
33
19
62
9
74
9
74
18
60
9
94
9
64
9
44
9
99
9
34
9
99
19
64
19
93
19
62
19
92
9
44
9
34
9
99
18
60
9
64
9
14
19
34
9
34
19
94
9
31
9
44
9
99
9
94
9
99
19
33
9
94
9
99
9
34
19
34
18
90
19
64
9
74
9
64
9
44
9
34
9
94
9
44
9
99
19
92
9
64
9
64
19
32
19
64
9
64
9
34
9
99
9
64
9
44
9
94
0
0
9
44
9
66
9
44
19
32
19
34
19
93
19
94
9
94
19
63
9
44
9
34
0
70
9
74
9
44
9
74
19
94
9
34
19
34
9
14
19
93
9
99
9
74
9
64
9
99
9
14
19
94
9
44
9
74
9
34
9
34
9
64
9
14
9
14
9
92
9
44
9
44
9
44
9
74
9
44
9
74
9
94
9
14
9
44
9
14
9
44
19
64
9
99
19
92
19
34
9
94
19
64
9
74
19
91
9
99
19
64
9
44
9
94
9
94
9
74
0
40
0
10
19
34
19
64
9
94
9
44
9
14
9
44
19
64
19
63
9
34
9
99
9
99
9
64
9
94
9
74
9
94
9
34
18
30
9
6
19
62
9
14
19
94
9
94
19
64
19
62
9
14
19
93
9
34
9
94
9
99
9
74
19
64
9
64
9
64
8
75
9
99
9
44
9
64
9
34
9
74
19
34
9
44
19
94
9
14
9
94
19
64
9
34
9
64
9
86
19
32
9
99
9
98
9
14
9
74
9
99
19
33
9
34
9
74
9
74
18
90
9
44
19
63
19
93
19
93
9
94
9
64
9
74
9
6
9
44
9
99
19
33
9
74
9
99
9
64
9
44
9
44
9
34
19
64
9
34
9
34
9
14
9
34
9
92
19
61
9
64
0
80
9
34
19
34
9
99
9
74
19
92
9
14
9
74
19
94
9
99
9
44
9
64
19
63
9
34
9
34
19
64
9
99
9
64
9
94
9
34
19
33
9
34
9
14
9
44
9
44
19
31
19
32
9
14
9
74
9
99
9
74
9
64
19
32
9
14
9
26
9
99
19
63
9
14
9
94
9
64
19
92
9
94
9
14
9
74
19
63
9
14
18
30
9
44
19
34
9
74
9
74
9
99
2
9
9
44
9
99
9
34
19
33
9
99
9
44
9
94
0
0
19
64
19
92
9
44
9
94
9
44
9
74
9
14
9
99
19
63
9
14
19
91
9
99
9
34
9
94
9
14
9
64
9
14
19
92
9
64
2
39
9
99
9
94
9
74
9
74
19
32
9
34
19
91
9
94
9
99
9
64
9
26
9
14
9
44
9
94
9
74
9
44
19
81
9
34
9
14
0
55
9
14
19
94
9
44
9
99
9
99
9
64
19
32
9
64
19
62
9
94
19
62
19
32
9
74
9
34
9
74
9
14
9
44
9
74
9
44
19
62
9
44
9
74
9
99
19
92
9
99
18
30
9
34
9
14
19
94
9
99
9
74
9
64
9
8
9
94
19
32
9
64
19
34
9
64
18
60
9
88
0
34
9
7
9
64
9
44
9
99
19
92
9
64
9
44
19
33
19
64
9
44
9
99
19
52
19
62
19
34
9
94
9
44
9
34
9
44
9
64
9
34
19
34
9
34
9
34
19
63
19
34
19
32
9
34
9
44
9
99
19
31
9
99
19
63
19
64
9
64
9
14
9
94
9
99
9
74
19
64
9
34
9
64
9
34
9
44
9
14
9
44
9
34
9
74
9
94
9
34
19
64
9
44
9
14
9
14
19
93
9
64
19
34
9
44
9
64
9
99
9
74
9
99
9
64
9
99
9
44
9
64
9
44
9
34
9
74
18
60
9
74
9
99
9
34
19
31
19
92
9
74
19
93
9
64
9
14
19
31
9
34
19
92
0
0
9
94
9
44
9
64
9
64
9
74
9
44
9
64
9
99
9
94
9
94
19
63
9
44
9
74
9
94
9
44
19
64
9
44
0
50
9
74
9
14
9
14
19
94
19
34
9
99
19
64
19
33
9
34
9
44
9
99
18
90
19
33
9
44
9
14
0
16
9
74
19
34
19
64
9
64
19
94
19
34
9
34
9
99
4
89
19
93
2
89
9
14
9
94
9
94
9
14
9
34
1
9
9
94
9
94
18
30
9
44
9
99
19
62
9
64
0
29
19
34
9
14
9
6
9
44
9
94
0
18
19
34
9
34
4
9
19
34
9
74
9
44
19
62
19
32
9
14
9
32
9
99
9
14
0
70
9
99
19
63
19
63
8
95
9
74
19
94
9
74
9
74
9
44
9
99
19
93
1
9
9
64
1
89
9
44
0
70
19
33
19
64
0
12
9
74
9
86
9
34
18
90
9
14
9
99
19
63
9
14
19
31
9
94
19
33
9
14
9
94
19
53
9
44
19
94
9
1
19
64
9
94
9
14
9
99
9
14
19
62
1
69
19
93
9
36
19
61
9
14
9
44
19
32
19
61
9
34
1
19
19
31
9
99
9
74
9
74
9
34
9
44
9
94
9
99
9
74
9
74
9
14
19
33
9
16
19
34
9
99
9
99
19
32
9
74
9
44
9
44
19
94
9
99
9
94
0
30
9
99
9
94
9
99
2
49
9
74
9
14
9
34
9
14
19
62
19
34
9
34
9
64
9
74
9
78
9
64
19
34
9
74
9
99
9
64
9
36
19
32
9
44
19
62
9
64
9
74
9
64
9
74
19
62
9
64
9
14
19
64
19
63
19
64
9
74
9
44
9
44
9
64
19
62
9
74
19
92
9
14
9
94
9
94
1
9
19
92
9
74
9
74
19
62
19
94
4
19
9
99
19
92
2
19
9
34
9
14
9
14
9
44
9
14
9
64
9
94
9
74
9
64
19
33
19
63
9
64
9
74
9
74
19
61
9
64
9
99
19
34
9
34
9
94
9
94
9
99
19
31
9
14
9
74
3
99
9
94
9
99
19
94
19
34
19
94
9
29
19
64
9
11
18
30
19
34
9
34
19
31
9
74
9
64
19
62
19
63
0
47
9
34
9
14
9
44
9
74
9
64
9
99
9
74
9
64
9
44
9
74
9
44
9
94
9
34
9
14
9
34
19
64
19
33
9
44
9
94
9
44
9
74
19
64
9
64
3
49
19
82
9
99
9
44
19
32
19
93
9
44
9
44
9
44
9
94
18
90
9
64
9
44
9
56
9
64
9
76
9
14
4
19
9
99
18
30
9
99
9
64
9
34
9
64
9
74
9
94
19
93
4
69
9
64
19
92
9
74
18
30
0
69
9
44
9
14
19
63
9
99
19
64
9
94
19
62
9
34
9
99
9
14
9
99
9
74
9
99
9
99
8
45
9
34
9
34
18
60
19
34
19
94
9
34
9
44
19
92
9
44
19
94
9
34
9
94
0
40
9
14
9
99
9
44
19
91
9
99
9
94
9
94
19
94
19
32
19
64
19
32
9
14
9
94
9
34
9
64
9
99
19
32
19
32
9
74
9
94
8
25
9
14
9
34
9
44
1
99
9
94
9
96
9
14
19
34
19
33
9
44
9
94
9
74
9
94
18
30
9
14
19
94
19
34
9
74
9
68
19
92
9
44
9
99
9
44
9
64
19
62
9
74
19
93
18
60
19
94
9
3
19
94
9
14
9
64
9
94
9
44
9
94
9
74
19
34
9
74
9
14
9
64
9
14
9
34
19
32
19
94
9
14
9
64
9
74
9
34
0
83
9
74
19
91
0
70
9
34
9
14
19
62
9
44
3
69
19
34
9
94
9
74
19
63
9
64
9
34
19
22
9
44
9
44
9
14
9
73
9
34
9
64
9
74
9
64
19
63
9
99
9
74
1
99
19
94
9
74
9
99
19
34
9
14
9
94
2
69
9
44
19
32
9
44
0
89
9
14
9
99
9
58
19
93
9
34
9
14
9
34
19
34
19
93
9
74
9
34
9
44
19
34
9
64
9
34
9
99
9
34
9
74
9
34
9
99
0
60
19
64
19
34
9
14
9
94
9
74
9
44
9
87
19
92
18
60
9
64
9
34
9
64
9
94
9
74
9
64
18
60
0
20
9
64
19
33
9
99
19
33
9
99
9
68
19
34
9
34
3
89
19
64
19
94
9
99
0
50
19
94
9
99
9
74
9
14
9
44
9
34
9
74
9
99
9
94
9
94
9
44
9
99
19
94
19
63
2
39
9
99
9
64
19
94
9
44
9
34
9
34
19
34
19
93
9
34
9
34
19
92
9
34
0
22
9
74
9
74
9
64
9
34
