9
34
9
14
13
25
9
99
9
44
13
55
9
14
9
99
9
64
9
94
9
14
9
14
9
99
16
28
9
14
9
64
9
14
9
34
9
94
9
74
9
99
11
23
9
34
13
25
9
94
9
99
9
99
9
64
14
56
14
56
9
94
15
57
15
27
17
89
9
44
9
74
9
74
9
33
9
64
9
74
9
99
9
34
9
99
9
94
9
94
9
34
9
34
9
33
9
74
9
44
14
26
13
55
9
74
9
74
11
53
9
94
9
64
9
44
9
99
9
34
9
99
15
57
14
86
13
55
13
85
9
44
9
34
9
99
11
53
9
63
9
14
15
27
9
34
15
87
9
31
9
44
9
99
9
94
9
99
14
26
9
94
9
99
9
34
17
29
11
83
15
57
9
74
9
64
9
44
9
34
9
94
9
44
9
99
13
85
9
64
9
64
13
25
17
59
9
64
9
34
9
99
9
64
9
44
9
94
0
0
9
44
9
66
9
44
13
25
15
27
14
86
16
88
9
94
14
56
9
44
9
34
0
70
9
74
9
44
9
74
15
87
9
34
16
28
9
14
14
86
9
99
9
73
9
64
9
99
9
14
17
89
9
44
9
74
9
34
9
34
9
64
9
14
9
14
9
92
9
44
9
44
9
44
9
74
9
44
9
74
9
94
9
14
9
44
9
13
9
44
15
57
9
99
13
85
16
28
9
94
16
58
9
74
12
84
9
99
15
57
9
44
9
94
9
94
9
74
0
40
0
10
16
28
16
58
9
94
9
43
9
14
9
43
17
59
14
56
9
34
9
99
9
99
9
64
9
94
9
74
9
94
9
34
11
23
9
6
13
55
9
14
16
88
9
94
16
58
13
55
9
14
14
86
9
34
9
94
9
99
9
74
15
57
9
63
9
64
8
75
9
99
9
44
9
64
9
34
9
74
15
27
9
44
16
88
9
14
9
94
17
59
9
33
9
63
9
86
13
25
9
99
9
98
9
13
9
74
9
99
14
26
9
34
9
74
9
74
11
83
9
43
14
56
14
86
14
86
9
94
9
64
9
74
9
6
9
44
9
99
14
26
9
74
9
99
9
64
9
44
9
43
9
34
15
57
9
34
9
34
9
14
9
34
9
92
12
54
9
64
0
80
9
34
15
27
9
99
9
74
13
85
9
14
9
73
15
87
9
99
9
44
9
64
14
56
9
34
9
34
15
57
9
99
9
64
9
94
9
34
14
26
9
34
9
14
9
44
9
43
12
24
13
25
9
14
9
74
9
99
9
74
9
64
13
25
9
14
9
26
9
99
14
56
9
14
9
94
9
64
13
85
9
94
9
14
9
74
14
56
9
13
11
23
9
44
15
27
9
74
9
74
9
99
2
9
9
44
9
99
9
33
14
26
9
99
9
44
9
93
0
0
16
58
13
85
9
44
9
94
9
44
9
74
9
14
9
99
14
56
9
14
12
84
9
99
9
34
9
94
9
14
9
64
9
14
13
85
9
64
2
39
9
99
9
94
9
74
9
74
13
25
9
34
12
84
9
94
9
99
9
64
9
26
9
14
9
44
9
94
9
74
9
44
17
81
9
34
9
14
0
55
9
13
16
88
9
43
9
99
9
99
9
64
13
25
9
64
13
55
9
94
13
55
13
25
9
74
9
34
9
74
9
14
9
44
9
74
9
43
13
55
9
44
9
74
9
99
13
85
9
99
11
23
9
34
9
13
17
89
9
99
9
74
9
64
9
8
9
94
13
25
9
64
15
27
9
64
11
53
9
88
0
34
9
7
9
64
9
44
9
99
13
85
9
64
9
44
14
26
17
59
9
44
9
99
15
52
13
55
16
28
9
94
9
44
9
34
9
44
9
64
9
34
17
29
9
34
9
34
14
56
15
27
13
25
9
34
9
44
9
99
12
24
9
99
14
56
16
58
9
64
9
14
9
94
9
99
9
74
15
57
9
34
9
64
9
34
9
44
9
14
9
44
9
34
9
74
9
94
9
34
16
58
9
44
9
14
9
14
14
86
9
64
16
28
9
44
9
64
9
99
9
73
9
99
9
64
9
99
9
44
9
64
9
44
9
34
9
74
11
53
9
74
9
99
9
34
12
24
13
85
9
74
14
86
9
64
9
14
12
24
9
33
13
85
0
0
9
94
9
44
9
64
9
64
9
74
9
44
9
64
9
99
9
94
9
94
14
56
9
44
9
74
9
94
9
44
15
57
9
44
0
50
9
74
9
14
9
13
15
87
15
27
9
99
15
57
14
26
9
34
9
44
9
99
11
83
14
26
9
44
9
14
0
16
9
74
15
27
15
57
9
64
15
87
17
29
9
34
9
99
4
89
14
86
2
89
9
14
9
94
9
93
9
14
9
34
1
9
9
94
9
93
11
23
9
44
9
99
13
55
9
64
0
29
17
29
9
14
9
6
9
44
9
94
0
18
15
27
9
34
4
9
15
27
9
74
9
44
13
55
13
25
9
14
9
32
9
99
9
14
0
70
9
99
14
56
14
56
8
95
9
74
16
88
9
74
9
74
9
44
9
99
14
86
1
9
9
64
1
89
9
44
0
70
14
26
15
57
0
12
9
74
9
86
9
34
11
83
9
14
9
99
14
56
9
14
12
24
9
94
14
26
9
14
9
94
15
53
9
43
17
89
9
1
17
59
9
94
9
14
9
99
9
14
13
55
1
69
14
86
9
36
12
54
9
14
9
44
13
25
12
54
9
33
1
19
12
24
9
99
9
74
9
74
9
34
9
44
9
94
9
99
9
74
9
74
9
14
14
26
9
16
15
27
9
99
9
99
13
25
9
74
9
44
9
44
15
87
9
99
9
94
0
30
9
99
9
94
9
99
2
49
9
74
9
14
9
33
9
14
13
55
16
28
9
34
9
64
9
74
9
78
9
64
17
29
9
74
9
99
9
64
9
36
13
25
9
44
13
55
9
64
9
74
9
64
9
74
13
55
9
64
9
14
16
58
14
56
17
59
9
74
9
44
9
44
9
64
13
55
9
74
13
85
9
14
9
94
9
94
1
9
13
85
9
74
9
74
13
55
15
87
4
19
9
99
13
85
2
19
9
34
9
14
9
14
9
43
9
14
9
64
9
94
9
74
9
64
14
26
14
56
9
64
9
74
9
74
12
54
9
64
9
99
15
27
9
34
9
94
9
94
9
99
12
24
9
14
9
74
3
99
9
94
9
99
15
87
15
27
15
87
9
29
17
59
9
11
11
23
15
27
9
34
12
24
9
74
9
64
13
55
14
56
0
47
9
34
9
14
9
43
9
74
9
64
9
99
9
74
9
64
9
44
9
74
9
44
9
94
9
34
9
14
9
34
15
57
14
26
9
44
9
94
9
44
9
74
17
59
9
64
3
49
17
82
9
99
9
44
13
25
14
86
9
44
9
44
9
43
9
94
11
83
9
64
9
44
9
56
9
64
9
76
9
14
4
19
9
99
11
23
9
99
9
64
9
34
9
64
9
74
9
94
14
86
4
69
9
64
13
85
9
74
11
23
0
69
9
44
9
14
14
56
9
99
16
58
9
94
13
55
9
34
9
99
9
14
9
99
9
74
9
99
9
99
8
45
9
34
9
33
11
53
16
28
15
87
9
34
9
44
13
85
9
43
16
88
9
34
9
94
0
40
9
14
9
99
9
44
12
84
9
99
9
94
9
94
15
87
13
25
15
57
13
25
9
14
9
94
9
33
9
64
9
99
13
25
13
25
9
73
9
94
8
25
9
14
9
34
9
44
1
99
9
94
9
96
9
14
17
29
14
26
9
44
9
94
9
74
9
94
11
23
9
13
17
89
17
29
9
74
9
68
13
85
9
44
9
99
9
43
9
64
13
55
9
74
14
86
11
53
16
88
9
3
16
88
9
13
9
64
9
94
9
44
9
94
9
74
15
27
9
74
9
14
9
64
9
14
9
34
13
25
16
88
9
14
9
64
9
74
9
34
0
83
9
74
12
84
0
70
9
34
9
13
13
55
9
44
3
69
16
28
9
94
9
74
14
56
9
64
9
34
15
22
9
44
9
44
9
14
9
73
9
34
9
64
9
74
9
64
14
56
9
99
9
74
1
99
17
89
9
74
9
99
17
29
9
14
9
94
2
69
9
44
13
25
9
44
0
89
9
14
9
99
9
58
14
86
9
34
9
14
9
33
15
27
14
86
9
74
9
34
9
43
17
29
9
64
9
34
9
99
9
34
9
74
9
34
9
99
0
60
16
58
16
28
9
14
9
94
9
74
9
44
9
87
13
85
11
53
9
64
9
34
9
63
9
94
9
74
9
64
11
53
0
20
9
64
14
26
9
99
14
26
9
99
9
68
16
28
9
34
3
89
15
57
15
87
9
99
0
50
17
89
9
99
9
74
9
14
9
44
9
33
9
74
9
99
9
94
9
94
9
44
9
99
16
88
14
56
2
39
9
99
9
64
17
89
9
44
9
34
9
34
17
29
14
86
9
34
9
34
13
85
9
34
0
22
9
74
9
74
9
64
9
34
