9
34
9
14
16
28
9
99
9
44
16
58
9
14
9
99
9
64
9
94
9
14
9
14
9
99
19
31
9
14
9
64
9
14
9
34
9
94
9
74
9
99
14
26
9
34
16
28
9
94
9
99
9
99
9
64
17
59
17
59
9
94
18
60
18
30
19
92
9
44
9
74
9
74
9
34
9
64
9
74
9
99
9
34
9
99
9
94
9
94
9
34
9
34
9
34
9
74
9
44
17
29
16
58
9
74
9
74
14
56
9
94
9
64
9
44
9
99
9
34
9
99
18
60
17
89
16
58
16
88
9
44
9
34
9
99
14
56
9
64
9
14
18
30
9
34
18
90
9
31
9
44
9
99
9
94
9
99
17
29
9
94
9
99
9
34
19
32
14
86
18
60
9
74
9
64
9
44
9
34
9
94
9
44
9
99
16
88
9
64
9
64
16
28
19
62
9
64
9
34
9
99
9
64
9
44
9
94
0
0
9
44
9
66
9
44
16
28
18
30
17
89
19
91
9
94
17
59
9
44
9
34
0
70
9
74
9
44
9
74
18
90
9
34
19
31
9
14
17
89
9
99
9
74
9
64
9
99
9
14
19
92
9
44
9
74
9
34
9
34
9
64
9
14
9
14
9
92
9
44
9
44
9
44
9
74
9
44
9
74
9
94
9
14
9
44
9
14
9
44
18
60
9
99
16
88
19
31
9
94
19
61
9
74
15
87
9
99
18
60
9
44
9
94
9
94
9
74
0
40
0
10
19
31
19
61
9
94
9
44
9
14
9
44
19
62
17
59
9
34
9
99
9
99
9
64
9
94
9
74
9
94
9
34
14
26
9
6
16
58
9
14
19
91
9
94
19
61
16
58
9
14
17
89
9
34
9
94
9
99
9
74
18
60
9
64
9
64
8
75
9
99
9
44
9
64
9
34
9
74
18
30
9
44
19
91
9
14
9
94
19
62
9
34
9
64
9
86
16
28
9
99
9
98
9
14
9
74
9
99
17
29
9
34
9
74
9
74
14
86
9
44
17
59
17
89
17
89
9
94
9
64
9
74
9
6
9
44
9
99
17
29
9
74
9
99
9
64
9
44
9
44
9
34
18
60
9
34
9
34
9
14
9
34
9
92
15
57
9
64
0
80
9
34
18
30
9
99
9
74
16
88
9
14
9
74
18
90
9
99
9
44
9
64
17
59
9
34
9
34
18
60
9
99
9
64
9
94
9
34
17
29
9
34
9
14
9
44
9
44
15
27
16
28
9
14
9
74
9
99
9
74
9
64
16
28
9
14
9
26
9
99
17
59
9
14
9
94
9
64
16
88
9
94
9
14
9
74
17
59
9
14
14
26
9
44
18
30
9
74
9
74
9
99
2
9
9
44
9
99
9
34
17
29
9
99
9
44
9
94
0
0
19
61
16
88
9
44
9
94
9
44
9
74
9
14
9
99
17
59
9
14
15
87
9
99
9
34
9
94
9
14
9
64
9
14
16
88
9
64
2
39
9
99
9
94
9
74
9
74
16
28
9
34
15
87
9
94
9
99
9
64
9
26
9
14
9
44
9
94
9
74
9
44
19
81
9
34
9
14
0
55
9
14
19
91
9
44
9
99
9
99
9
64
16
28
9
64
16
58
9
94
16
58
16
28
9
74
9
34
9
74
9
14
9
44
9
74
9
44
16
58
9
44
9
74
9
99
16
88
9
99
14
26
9
34
9
14
19
92
9
99
9
74
9
64
9
8
9
94
16
28
9
64
18
30
9
64
14
56
9
88
0
34
9
7
9
64
9
44
9
99
16
88
9
64
9
44
17
29
19
62
9
44
9
99
18
52
16
58
19
31
9
94
9
44
9
34
9
44
9
64
9
34
19
32
9
34
9
34
17
59
18
30
16
28
9
34
9
44
9
99
15
27
9
99
17
59
19
61
9
64
9
14
9
94
9
99
9
74
18
60
9
34
9
64
9
34
9
44
9
14
9
44
9
34
9
74
9
94
9
34
19
61
9
44
9
14
9
14
17
89
9
64
19
31
9
44
9
64
9
99
9
74
9
99
9
64
9
99
9
44
9
64
9
44
9
34
9
74
14
56
9
74
9
99
9
34
15
27
16
88
9
74
17
89
9
64
9
14
15
27
9
34
16
88
0
0
9
94
9
44
9
64
9
64
9
74
9
44
9
64
9
99
9
94
9
94
17
59
9
44
9
74
9
94
9
44
18
60
9
44
0
50
9
74
9
14
9
14
18
90
18
30
9
99
18
60
17
29
9
34
9
44
9
99
14
86
17
29
9
44
9
14
0
16
9
74
18
30
18
60
9
64
18
90
19
32
9
34
9
99
4
89
17
89
2
89
9
14
9
94
9
94
9
14
9
34
1
9
9
94
9
94
14
26
9
44
9
99
16
58
9
64
0
29
19
32
9
14
9
6
9
44
9
94
0
18
18
30
9
34
4
9
18
30
9
74
9
44
16
58
16
28
9
14
9
32
9
99
9
14
0
70
9
99
17
59
17
59
8
95
9
74
19
91
9
74
9
74
9
44
9
99
17
89
1
9
9
64
1
89
9
44
0
70
17
29
18
60
0
12
9
74
9
86
9
34
14
86
9
14
9
99
17
59
9
14
15
27
9
94
17
29
9
14
9
94
18
53
9
44
19
92
9
1
19
62
9
94
9
14
9
99
9
14
16
58
1
69
17
89
9
36
15
57
9
14
9
44
16
28
15
57
9
34
1
19
15
27
9
99
9
74
9
74
9
34
9
44
9
94
9
99
9
74
9
74
9
14
17
29
9
16
18
30
9
99
9
99
16
28
9
74
9
44
9
44
18
90
9
99
9
94
0
30
9
99
9
94
9
99
2
49
9
74
9
14
9
34
9
14
16
58
19
31
9
34
9
64
9
74
9
78
9
64
19
32
9
74
9
99
9
64
9
36
16
28
9
44
16
58
9
64
9
74
9
64
9
74
16
58
9
64
9
14
19
61
17
59
19
62
9
74
9
44
9
44
9
64
16
58
9
74
16
88
9
14
9
94
9
94
1
9
16
88
9
74
9
74
16
58
18
90
4
19
9
99
16
88
2
19
9
34
9
14
9
14
9
44
9
14
9
64
9
94
9
74
9
64
17
29
17
59
9
64
9
74
9
74
15
57
9
64
9
99
18
30
9
34
9
94
9
94
9
99
15
27
9
14
9
74
3
99
9
94
9
99
18
90
18
30
18
90
9
29
19
62
9
11
14
26
18
30
9
34
15
27
9
74
9
64
16
58
17
59
0
47
9
34
9
14
9
44
9
74
9
64
9
99
9
74
9
64
9
44
9
74
9
44
9
94
9
34
9
14
9
34
18
60
17
29
9
44
9
94
9
44
9
74
19
62
9
64
3
49
19
82
9
99
9
44
16
28
17
89
9
44
9
44
9
44
9
94
14
86
9
64
9
44
9
56
9
64
9
76
9
14
4
19
9
99
14
26
9
99
9
64
9
34
9
64
9
74
9
94
17
89
4
69
9
64
16
88
9
74
14
26
0
69
9
44
9
14
17
59
9
99
19
61
9
94
16
58
9
34
9
99
9
14
9
99
9
74
9
99
9
99
8
45
9
34
9
34
14
56
19
31
18
90
9
34
9
44
16
88
9
44
19
91
9
34
9
94
0
40
9
14
9
99
9
44
15
87
9
99
9
94
9
94
18
90
16
28
18
60
16
28
9
14
9
94
9
34
9
64
9
99
16
28
16
28
9
74
9
94
8
25
9
14
9
34
9
44
1
99
9
94
9
96
9
14
19
32
17
29
9
44
9
94
9
74
9
94
14
26
9
14
19
92
19
32
9
74
9
68
16
88
9
44
9
99
9
44
9
64
16
58
9
74
17
89
14
56
19
91
9
3
19
91
9
14
9
64
9
94
9
44
9
94
9
74
18
30
9
74
9
14
9
64
9
14
9
34
16
28
19
91
9
14
9
64
9
74
9
34
0
83
9
74
15
87
0
70
9
34
9
14
16
58
9
44
3
69
19
31
9
94
9
74
17
59
9
64
9
34
18
22
9
44
9
44
9
14
9
73
9
34
9
64
9
74
9
64
17
59
9
99
9
74
1
99
19
92
9
74
9
99
19
32
9
14
9
94
2
69
9
44
16
28
9
44
0
89
9
14
9
99
9
58
17
89
9
34
9
14
9
34
18
30
17
89
9
74
9
34
9
44
19
32
9
64
9
34
9
99
9
34
9
74
9
34
9
99
0
60
19
61
19
31
9
14
9
94
9
74
9
44
9
87
16
88
14
56
9
64
9
34
9
64
9
94
9
74
9
64
14
56
0
20
9
64
17
29
9
99
17
29
9
99
9
68
19
31
9
34
3
89
18
60
18
90
9
99
0
50
19
92
9
99
9
74
9
14
9
44
9
34
9
74
9
99
9
94
9
94
9
44
9
99
19
91
17
59
2
39
9
99
9
64
19
92
9
44
9
34
9
34
19
32
17
89
9
34
9
34
16
88
9
34
0
22
9
74
9
74
9
64
9
34
