17
89
9
94
16
28
9
99
9
74
9
74
9
34
9
64
13
85
16
88
9
74
9
99
17
89
9
94
18
90
9
94
9
74
14
26
12
24
9
94
0
60
9
14
9
74
9
99
9
14
9
99
9
64
17
29
9
74
9
74
13
55
9
64
13
85
17
29
9
44
9
99
9
34
9
64
9
14
16
58
9
34
9
64
9
34
9
74
9
44
9
74
9
14
17
89
15
27
9
74
16
58
9
99
14
56
9
94
12
84
17
29
9
14
9
64
15
27
9
74
9
99
13
85
9
64
16
88
9
14
13
85
14
56
9
94
9
34
9
94
9
74
9
31
9
44
15
57
9
99
9
44
9
94
9
74
13
25
16
28
9
34
9
74
9
74
15
27
9
94
9
94
9
74
9
32
9
14
9
64
12
84
9
44
9
94
14
26
9
64
9
64
14
26
9
74
9
74
9
34
13
85
12
24
9
44
9
64
15
27
15
57
9
74
0
70
17
89
9
44
9
74
9
64
9
94
9
64
9
34
9
99
9
14
9
74
17
89
9
99
18
60
15
87
14
26
9
64
9
99
9
44
9
64
13
55
9
34
14
56
9
64
9
64
9
44
15
57
9
64
16
28
9
44
17
59
9
44
0
50
9
74
15
87
9
44
14
56
9
74
12
54
9
99
9
94
9
33
9
94
9
94
9
14
9
14
9
34
9
99
13
85
9
74
9
99
9
64
14
86
9
74
9
99
14
56
13
85
9
94
9
74
9
94
9
74
9
14
9
14
9
34
15
87
9
74
9
94
9
74
9
64
9
74
9
74
13
55
9
94
15
27
9
99
9
94
13
55
9
34
9
34
9
64
9
74
9
44
15
57
9
44
9
14
16
88
9
33
9
44
9
94
9
14
9
34
18
60
12
24
9
94
9
44
9
44
9
34
9
94
12
84
9
99
13
25
16
28
9
94
9
74
9
94
9
94
16
28
9
44
9
94
9
14
9
34
9
94
9
34
16
28
14
56
15
57
17
59
15
87
9
44
9
94
14
26
9
74
9
64
9
99
9
44
12
24
9
44
9
14
13
55
16
88
9
64
15
87
14
86
9
44
9
99
9
34
9
74
9
34
9
99
17
29
9
94
9
74
14
56
9
64
9
99
9
34
9
44
9
94
9
74
9
44
9
94
9
94
9
34
18
60
9
64
9
14
9
94
14
26
9
14
9
64
9
74
9
34
9
34
9
99
9
14
9
74
9
44
9
99
9
74
9
64
9
94
9
64
9
44
9
94
9
64
9
44
9
34
9
94
0
70
18
60
14
56
9
14
9
44
9
94
9
74
17
59
15
27
14
26
9
64
9
74
9
94
9
64
9
34
12
24
9
34
9
44
0
10
9
34
9
94
9
74
16
28
9
44
9
44
9
74
9
34
9
99
17
89
9
64
9
94
9
99
9
74
9
44
9
34
9
14
9
94
9
94
14
86
9
34
9
94
8
75
17
89
9
94
9
94
0
80
9
64
9
34
9
84
9
26
12
84
9
44
14
86
13
25
12
84
15
57
9
64
9
74
9
74
12
24
9
14
9
64
18
60
9
34
15
27
9
99
9
14
14
26
17
59
9
44
9
74
9
34
9
14
9
94
9
99
9
14
14
26
9
94
9
74
9
99
9
14
9
44
18
60
9
44
9
34
14
26
9
99
9
18
9
34
9
99
9
94
9
14
9
44
9
34
18
30
0
50
9
64
14
26
12
84
16
58
13
55
9
64
14
26
16
28
18
90
9
44
18
60
9
74
9
64
9
14
15
57
9
64
12
84
9
74
14
86
9
44
12
84
0
80
9
34
9
64
9
34
17
59
9
74
9
44
9
14
14
86
9
64
9
74
9
94
9
64
13
55
12
24
9
99
9
99
16
88
9
99
12
84
9
94
9
34
14
56
14
86
9
63
0
60
9
14
9
44
18
90
9
66
2
29
15
27
9
14
9
34
9
44
12
54
17
59
16
88
9
34
15
57
9
74
17
59
14
86
9
44
9
44
9
99
9
34
9
44
9
64
9
94
9
94
9
94
1
19
14
86
9
64
9
99
12
84
0
20
17
59
15
87
9
94
9
14
9
44
9
14
9
94
9
94
9
14
17
59
9
74
14
86
15
87
14
56
9
34
9
99
9
44
9
34
16
88
2
99
15
22
9
44
9
94
9
94
9
94
9
94
0
40
9
64
15
27
9
99
9
74
9
34
9
94
13
55
9
64
14
26
9
34
16
88
9
74
9
94
0
90
9
94
9
44
18
60
9
64
9
34
16
88
9
99
9
34
9
34
9
34
9
34
14
26
13
55
9
44
14
26
15
57
9
34
9
44
12
54
14
26
9
44
9
74
9
44
9
34
9
74
9
34
9
74
9
64
0
0
9
64
9
94
17
89
9
14
9
34
9
97
9
14
16
88
9
74
13
85
1
69
9
99
9
14
18
90
9
34
9
77
14
26
9
74
12
54
9
34
9
34
9
99
9
44
4
22
1
39
16
88
0
10
9
94
9
14
9
14
9
44
9
1
9
64
9
94
9
99
9
64
9
44
9
99
9
99
9
68
9
74
9
74
9
34
12
24
9
94
9
94
9
74
17
89
9
94
16
88
9
74
9
34
16
28
2
53
9
94
9
14
9
94
9
34
9
74
9
99
0
20
16
58
9
99
9
63
17
89
9
99
0
57
18
30
9
64
9
64
14
56
14
86
9
34
9
44
12
54
9
74
14
51
0
76
15
87
9
74
9
44
9
64
14
86
9
94
9
74
9
99
9
44
9
34
9
34
9
34
9
44
16
28
0
74
14
56
9
34
16
88
9
99
9
99
16
88
9
64
9
99
9
1
15
57
9
94
9
14
9
74
9
34
16
58
9
44
9
64
18
30
16
28
9
94
9
99
9
74
9
94
14
86
9
94
9
99
9
14
9
14
9
34
18
90
13
25
16
28
9
14
9
99
9
94
9
14
15
57
12
54
15
87
9
44
9
14
16
58
9
14
13
25
9
44
9
64
9
64
9
44
14
86
9
94
9
64
16
58
9
74
9
34
9
44
9
94
9
64
9
14
15
27
9
34
9
99
18
90
14
56
9
44
9
64
0
40
14
86
9
94
9
94
16
58
9
94
13
85
9
94
9
64
18
30
3
79
13
25
15
27
9
64
9
44
14
86
14
56
9
64
14
26
9
44
15
27
15
57
12
54
0
80
9
14
15
57
9
63
13
55
9
14
9
64
9
44
0
59
9
64
9
64
16
28
18
30
9
99
18
30
17
29
12
24
9
44
17
89
9
44
9
14
9
74
15
57
13
25
9
64
9
74
9
34
9
14
9
44
9
99
9
74
0
50
9
76
14
86
9
99
9
44
9
66
9
44
9
34
9
74
9
64
9
99
9
64
9
34
9
34
14
56
13
25
13
85
16
52
16
88
9
34
9
14
0
89
9
64
9
14
2
49
9
34
16
28
9
74
2
69
14
86
14
56
9
64
1
12
9
34
14
56
18
60
9
99
9
14
9
98
13
85
9
74
9
74
17
89
9
44
0
50
9
34
15
87
9
64
18
60
9
34
9
74
15
27
9
74
9
44
9
14
9
93
9
34
13
85
16
88
9
74
14
26
14
56
9
34
9
34
9
14
13
85
18
60
2
59
9
34
15
27
9
99
9
34
9
63
9
74
9
99
17
89
9
14
15
87
18
60
16
28
9
94
9
74
9
64
0
59
9
14
16
28
9
34
9
43
1
59
9
74
16
58
9
94
9
74
16
88
9
44
9
74
9
64
9
64
9
94
17
29
9
34
9
14
17
59
15
87
9
94
9
94
13
55
9
64
9
34
18
90
9
74
9
94
9
44
9
74
9
99
9
34
9
14
9
99
9
44
9
74
9
44
9
14
9
99
16
58
9
34
15
87
9
28
15
87
9
94
9
64
9
44
8
25
9
14
4
67
9
74
14
86
9
44
9
74
9
14
2
89
9
44
17
29
9
74
9
64
9
34
9
74
9
74
9
99
9
34
9
64
13
85
14
86
13
25
2
19
9
34
9
94
14
22
15
87
16
28
9
14
9
74
9
94
9
99
9
64
9
14
9
34
14
26
9
34
9
44
0
20
9
64
0
50
9
14
16
88
8
85
9
34
9
44
9
56
9
14
9
34
15
57
9
94
9
34
12
24
9
34
9
94
13
55
9
94
2
69
9
94
9
74
9
64
14
26
12
24
9
94
9
94
9
99
9
34
13
55
9
91
9
34
9
99
14
86
14
86
9
64
16
28
9
99
12
84
9
99
9
64
9
14
3
9
17
29
15
87
9
44
9
74
0
50
9
94
9
44
18
60
9
44
2
64
9
64
9
34
9
99
9
34
9
74
9
72
16
58
17
29
12
54
9
64
15
57
9
74
12
84
9
68
9
44
9
44
9
74
9
34
14
26
9
44
2
0
14
86
14
86
9
94
9
99
9
72
13
85
9
74
14
56
9
34
15
27
17
59
9
99
9
87
14
26
9
74
