12
84
9
94
11
23
9
99
9
73
9
74
9
32
9
63
9
80
11
83
9
72
9
99
12
84
9
93
13
85
9
89
9
74
9
21
9
19
9
90
0
60
9
14
9
73
9
99
9
14
9
99
9
60
12
24
9
74
9
73
9
50
9
59
9
80
12
24
9
40
9
99
9
30
9
61
9
11
11
53
9
34
9
61
9
33
9
69
9
44
9
73
9
14
12
84
10
22
9
73
11
53
9
99
9
51
9
92
9
79
12
24
9
13
9
62
10
22
9
73
9
99
9
80
9
62
11
83
9
12
9
80
9
51
9
91
9
31
9
92
9
73
9
31
9
41
10
52
9
99
9
42
9
89
9
73
9
20
11
23
9
32
9
72
9
73
10
22
9
94
9
93
9
74
9
32
9
9
9
62
9
79
9
40
9
92
9
21
9
62
9
62
9
21
9
69
9
73
9
33
9
80
9
19
9
41
9
64
10
22
10
52
9
74
0
70
12
84
9
43
9
73
9
64
9
92
9
59
9
32
9
99
9
11
9
72
12
84
9
99
13
55
10
82
9
21
9
63
9
99
9
43
9
62
9
50
9
32
9
51
9
61
9
61
9
44
10
52
9
63
11
23
9
44
12
54
9
40
0
50
9
72
10
82
9
40
9
51
9
72
9
49
9
99
9
90
9
33
9
92
9
91
9
13
9
11
9
32
9
99
9
80
9
69
9
99
9
62
9
81
9
69
9
99
9
51
9
80
9
94
9
73
9
90
9
71
9
12
9
12
9
29
10
82
9
71
9
93
9
74
9
60
9
70
9
73
9
50
9
90
10
22
9
99
9
91
9
50
9
30
9
29
9
63
9
70
9
41
10
52
9
42
9
12
11
83
9
33
9
42
9
92
9
11
9
34
13
55
9
19
9
94
9
44
9
44
9
30
9
91
9
79
9
99
9
20
11
23
9
91
9
73
9
93
9
92
11
23
9
44
9
90
9
14
9
30
9
94
9
34
11
23
9
51
10
52
12
54
10
82
9
42
9
94
9
21
9
73
9
64
9
99
9
42
9
19
9
40
9
11
9
50
11
83
9
61
10
82
9
81
9
41
9
99
9
34
9
71
9
30
9
99
12
24
9
94
9
72
9
51
9
61
9
99
9
34
9
40
9
89
9
73
9
44
9
93
9
94
9
34
13
55
9
62
9
11
9
91
9
21
9
13
9
63
9
73
9
30
9
33
9
99
9
11
9
70
9
43
9
99
9
71
9
62
9
92
9
62
9
41
9
93
9
64
9
42
9
32
9
93
0
70
13
55
9
51
9
12
9
41
9
92
9
71
12
54
10
22
9
21
9
63
9
72
9
92
9
64
9
31
9
19
9
31
9
43
0
10
9
34
9
94
9
72
11
23
9
39
9
43
9
70
9
32
9
99
12
84
9
62
9
91
9
99
9
74
9
41
9
32
9
12
9
90
9
91
9
81
9
31
9
94
8
75
12
84
9
91
9
92
0
80
9
62
9
33
9
84
9
26
9
79
9
44
9
81
9
20
9
79
10
52
9
62
9
70
9
73
9
19
9
11
9
61
13
55
9
33
10
22
9
99
9
9
9
21
12
54
9
42
9
70
9
31
9
9
9
94
9
99
9
14
9
21
9
91
9
71
9
99
9
11
9
42
13
55
9
44
9
34
9
21
9
99
9
18
9
33
9
99
9
94
9
11
9
41
9
33
13
25
0
50
9
63
9
21
9
79
11
53
9
50
9
62
9
21
11
23
13
85
9
44
13
55
9
70
9
63
9
11
10
52
9
64
9
79
9
73
9
81
9
44
9
79
0
80
9
34
9
61
9
33
12
54
9
72
9
43
9
11
9
81
9
63
9
74
9
93
9
59
9
50
9
19
9
99
9
99
11
83
9
99
9
79
9
92
9
31
9
51
9
81
9
63
0
60
9
10
9
42
13
85
9
66
2
29
10
22
9
9
9
32
9
40
9
49
12
54
11
83
9
31
10
52
9
71
12
54
9
81
9
43
9
42
9
99
9
33
9
43
9
64
9
93
9
91
9
93
1
19
9
81
9
61
9
99
9
79
0
20
12
54
10
82
9
92
9
12
9
44
9
14
9
91
9
94
9
13
12
54
9
74
9
81
10
82
9
51
9
29
9
99
9
42
9
31
11
83
2
99
10
22
9
41
9
94
9
94
9
94
9
94
0
40
9
63
10
22
9
99
9
73
9
33
9
91
9
50
9
63
9
21
9
29
11
83
9
72
9
91
0
90
9
92
9
43
13
55
9
62
9
33
11
83
9
99
9
29
9
30
9
31
9
33
9
21
9
50
9
42
9
21
10
52
9
32
9
39
9
49
9
21
9
41
9
72
9
44
9
31
9
74
9
33
9
72
9
62
0
0
9
61
9
93
12
84
9
13
9
33
9
97
9
10
11
83
9
70
9
80
1
69
9
99
9
12
13
85
9
32
9
77
9
21
9
72
9
49
9
30
9
34
9
99
9
40
4
22
1
39
11
83
0
10
9
93
9
10
9
12
9
43
9
1
9
62
9
90
9
99
9
59
9
43
9
99
9
99
9
68
9
74
9
69
9
32
9
19
9
93
9
94
9
74
12
84
9
89
11
83
9
70
9
34
11
23
2
53
9
91
9
11
9
89
9
30
9
72
9
99
0
20
11
53
9
99
9
63
12
84
9
99
0
57
13
25
9
63
9
61
9
51
9
81
9
33
9
43
9
49
9
71
9
51
0
76
10
82
9
70
9
40
9
59
9
81
9
89
9
73
9
99
9
44
9
34
9
31
9
31
9
44
11
23
0
74
9
51
9
32
11
83
9
99
9
99
11
83
9
64
9
99
9
1
10
52
9
92
9
11
9
74
9
30
11
53
9
42
9
64
13
25
11
23
9
94
9
99
9
70
9
94
9
81
9
93
9
99
9
9
9
14
9
31
13
85
9
20
11
23
9
10
9
99
9
90
9
9
10
52
9
49
10
82
9
43
9
10
11
53
9
9
9
20
9
40
9
62
9
59
9
43
9
81
9
93
9
62
11
53
9
72
9
34
9
43
9
92
9
62
9
11
10
22
9
29
9
99
13
85
9
51
9
44
9
61
0
40
9
81
9
91
9
93
11
53
9
92
9
80
9
94
9
62
13
25
3
79
9
20
10
22
9
61
9
41
9
81
9
51
9
60
9
21
9
44
10
22
10
52
9
49
0
80
9
10
10
52
9
63
9
50
9
11
9
64
9
42
0
59
9
64
9
64
11
23
13
25
9
99
13
25
12
24
9
19
9
39
12
84
9
41
9
11
9
73
10
52
9
20
9
63
9
71
9
32
9
11
9
41
9
99
9
73
0
50
9
76
9
81
9
99
9
42
9
66
9
43
9
34
9
74
9
63
9
99
9
60
9
34
9
34
9
51
9
20
9
80
11
52
11
83
9
34
9
13
0
89
9
60
9
11
2
49
9
29
11
23
9
72
2
69
9
81
9
51
9
64
1
12
9
33
9
51
13
55
9
99
9
12
9
98
9
80
9
71
9
70
12
84
9
40
0
50
9
31
10
82
9
62
13
55
9
32
9
71
10
22
9
72
9
43
9
13
9
93
9
30
9
80
11
83
9
73
9
21
9
51
9
34
9
31
9
14
9
80
13
55
2
59
9
32
10
22
9
99
9
32
9
63
9
74
9
99
12
84
9
12
10
82
13
55
11
23
9
91
9
71
9
61
0
59
9
11
11
23
9
33
9
43
1
59
9
73
11
53
9
91
9
70
11
83
9
42
9
70
9
62
9
63
9
92
12
24
9
34
9
11
12
54
10
82
9
90
9
94
9
50
9
62
9
32
13
85
9
73
9
93
9
44
9
74
9
99
9
31
9
11
9
99
9
43
9
72
9
42
9
12
9
99
11
53
9
31
10
82
9
28
10
82
9
92
9
64
9
39
8
25
9
12
4
67
9
70
9
81
9
43
9
71
9
9
2
89
9
44
12
24
9
69
9
61
9
32
9
74
9
74
9
99
9
34
9
62
9
80
9
81
9
20
2
19
9
34
9
90
9
22
10
82
11
23
9
13
9
71
9
92
9
99
9
62
9
12
9
32
9
21
9
29
9
44
0
20
9
61
0
50
9
14
11
83
8
85
9
31
9
41
9
56
9
13
9
29
10
52
9
94
9
29
9
19
9
32
9
91
9
50
9
93
2
69
9
93
9
74
9
63
9
21
9
19
9
90
9
92
9
99
9
32
9
50
9
91
9
31
9
99
9
81
9
81
9
62
11
23
9
99
9
79
9
99
9
63
9
14
3
9
12
24
10
82
9
42
9
69
0
50
9
93
9
42
13
55
9
43
2
64
9
64
9
33
9
99
9
31
9
74
9
72
11
53
12
24
9
49
9
60
10
52
9
74
9
79
9
68
9
43
9
39
9
72
9
31
9
21
9
42
2
0
9
81
9
81
9
91
9
99
9
72
9
80
9
74
9
51
9
32
10
22
12
54
9
99
9
87
9
21
9
69
