5
77
5
89
4
19
3
97
4
69
5
69
3
29
6
56
2
73
5
76
3
69
4
93
6
77
4
89
6
79
4
82
6
69
3
14
2
12
2
83
0
60
5
9
4
67
2
92
5
9
2
97
2
53
5
19
5
69
5
66
2
43
4
52
4
73
5
18
2
33
5
99
6
23
2
58
3
4
5
46
5
28
2
56
4
28
3
62
5
38
6
66
6
9
5
79
3
19
5
66
4
49
3
99
5
44
3
86
2
72
5
19
4
6
3
55
3
19
5
66
4
94
3
73
3
59
4
79
3
9
4
73
5
44
6
84
2
27
3
89
4
69
5
31
2
36
3
48
4
99
3
39
4
82
5
66
4
13
4
18
4
25
5
65
4
67
5
15
6
87
4
89
6
68
4
31
2
2
3
59
5
72
2
33
3
86
3
14
3
56
3
56
4
14
4
62
4
68
4
26
2
73
4
12
2
38
6
59
3
19
3
49
5
69
0
70
6
77
4
39
4
69
5
59
3
89
4
52
3
29
4
98
2
7
3
65
5
77
6
99
6
49
4
75
2
14
6
56
5
97
4
39
3
57
6
43
6
25
4
44
2
59
5
54
6
39
3
49
4
58
6
16
6
39
5
49
6
33
0
50
3
66
3
76
3
33
2
49
3
68
5
42
4
94
4
83
5
33
3
89
4
84
6
6
2
7
3
25
4
99
6
73
5
62
6
99
6
55
2
78
4
62
2
98
2
46
5
73
6
89
4
69
3
83
2
66
3
9
3
5
2
22
3
78
2
69
5
86
5
69
4
53
6
63
5
66
3
43
3
83
5
15
5
95
5
84
4
43
3
23
5
22
4
57
4
63
2
39
3
48
3
39
3
9
4
79
3
34
3
38
3
89
2
9
5
29
6
49
3
12
5
87
6
39
6
39
3
23
4
84
5
72
4
95
4
13
4
19
2
89
6
66
4
89
4
85
4
16
6
38
2
83
5
8
6
23
5
89
5
29
4
17
2
49
3
48
5
47
3
78
3
39
6
89
2
19
4
69
6
59
2
99
3
39
4
12
2
33
5
4
4
43
6
76
4
54
3
79
2
77
2
34
2
99
6
28
2
68
4
23
4
94
5
19
5
87
3
65
2
44
2
59
3
99
6
29
3
33
2
82
6
66
6
39
6
86
5
89
5
29
6
49
3
55
2
5
2
84
2
19
4
7
4
59
4
69
3
23
6
26
4
98
2
8
5
63
5
36
6
97
3
64
3
57
3
86
5
55
5
34
5
86
6
57
4
35
6
25
4
87
0
70
6
49
2
46
3
5
6
34
3
86
2
68
5
47
3
16
2
19
4
57
3
68
3
89
5
59
5
24
3
12
2
24
5
36
0
10
6
29
6
89
4
65
4
19
2
32
4
39
3
63
3
25
2
99
6
77
3
55
2
89
6
94
6
68
2
39
3
29
3
7
5
83
2
86
4
74
5
24
5
88
4
75
5
78
2
89
3
86
0
80
3
58
4
26
5
84
3
26
4
72
6
37
2
79
4
13
3
72
3
49
3
56
2
63
4
69
3
12
2
8
2
56
6
49
4
29
3
16
4
97
2
2
2
19
5
47
3
36
6
63
2
24
3
2
5
88
2
97
5
9
2
14
2
85
2
65
2
97
3
4
3
39
6
49
5
39
5
29
2
19
4
95
4
18
4
29
4
96
5
89
6
4
2
39
4
29
6
18
0
50
4
57
2
18
4
72
4
49
4
43
3
59
4
14
4
16
6
79
5
39
6
49
2
63
4
59
4
4
3
47
5
58
3
72
4
69
4
74
5
39
5
72
0
80
6
29
2
58
5
26
6
47
3
66
6
36
2
9
4
74
5
56
5
69
4
87
3
52
4
43
3
12
6
93
2
99
4
78
5
99
3
72
4
85
4
24
2
44
5
74
6
63
0
60
2
3
3
35
6
79
3
66
2
23
3
18
2
2
3
25
2
33
3
42
5
49
4
79
2
27
3
49
2
65
5
49
2
79
4
39
3
39
5
94
4
29
4
36
6
59
6
86
2
84
4
87
1
13
2
76
2
56
3
96
3
72
0
20
5
49
3
79
4
85
3
8
5
39
5
8
5
84
6
88
6
6
5
48
5
69
2
78
3
76
2
45
2
22
2
94
6
35
2
24
4
78
2
93
3
22
2
36
5
89
6
88
5
87
5
89
0
40
4
59
5
15
3
99
4
67
5
26
6
84
6
43
4
58
6
14
5
22
4
77
4
65
2
89
0
90
4
85
4
39
6
48
3
59
4
26
4
77
2
94
2
22
3
23
4
24
5
26
2
14
2
43
3
39
6
14
3
46
3
26
2
32
2
42
2
19
2
39
6
65
6
39
3
24
6
69
4
27
3
69
3
59
0
0
2
59
4
88
5
79
4
9
5
26
2
97
2
3
4
79
6
63
3
73
1
65
5
95
3
7
6
79
3
27
3
77
2
19
3
68
2
42
6
23
6
28
6
93
4
33
4
22
1
38
5
76
0
10
6
86
3
3
5
5
6
36
4
1
3
57
4
83
4
93
4
52
4
38
6
99
4
94
6
68
6
69
5
62
5
25
5
12
4
89
5
87
6
67
5
79
5
82
4
79
6
63
5
29
4
19
2
53
5
84
4
4
5
82
3
23
3
69
2
98
0
20
4
47
6
96
6
63
5
77
3
99
0
57
6
19
4
56
2
56
4
44
2
79
4
29
4
39
5
42
2
66
2
51
0
76
6
75
5
63
5
33
4
52
2
74
3
82
4
69
5
93
5
39
5
29
3
24
2
27
6
37
4
19
0
74
2
47
3
26
5
76
6
99
3
99
4
77
5
59
5
93
3
1
3
46
4
85
5
4
6
67
6
23
6
46
3
38
6
59
6
19
4
16
6
87
3
95
5
63
6
89
6
74
4
86
2
97
3
2
5
9
2
29
6
79
2
13
4
19
4
3
3
99
4
83
2
2
3
49
4
42
3
76
6
36
4
3
4
46
2
2
6
13
4
33
4
55
2
52
6
36
2
75
4
89
3
59
4
49
3
67
6
29
6
36
3
87
3
59
2
9
5
15
2
22
4
97
6
78
2
49
5
38
3
54
0
40
2
77
5
84
4
89
4
48
3
86
4
73
5
88
5
55
6
19
3
72
6
13
4
15
5
54
4
34
3
74
2
48
3
53
2
18
5
39
3
19
3
47
4
42
0
80
3
3
3
49
5
63
2
43
2
4
5
59
3
38
0
59
6
58
6
59
4
19
6
19
2
99
6
19
5
18
3
12
4
32
5
78
5
34
4
4
4
66
6
45
5
13
6
56
2
69
3
28
2
6
2
34
3
96
4
68
0
50
5
76
5
74
5
94
3
35
3
66
4
38
5
27
5
68
4
59
6
99
3
53
6
27
5
29
2
49
3
13
2
73
4
53
4
78
6
28
4
9
2
89
2
53
2
9
2
43
3
22
5
16
3
65
2
63
6
74
2
46
5
58
1
12
6
26
2
48
6
49
5
94
3
5
6
98
2
73
4
64
5
63
6
77
4
33
0
50
2
29
3
79
3
59
6
49
5
25
2
65
3
16
3
69
4
36
4
8
2
93
5
23
5
73
5
76
4
67
6
14
2
44
5
29
6
24
5
8
6
73
6
49
2
54
3
29
3
15
5
96
3
25
2
63
6
69
3
92
5
78
4
5
3
78
6
48
4
17
6
84
2
67
6
54
0
58
2
9
5
16
4
27
2
44
1
54
4
69
4
47
2
89
2
63
4
77
4
35
2
63
3
57
4
59
3
89
5
19
5
29
2
9
6
47
3
79
5
83
5
89
6
43
3
57
3
29
6
79
4
69
4
89
6
38
6
69
5
93
3
24
2
9
5
98
4
38
6
65
3
39
3
5
2
97
4
49
2
29
5
75
2
28
3
79
3
89
6
59
3
32
5
25
6
5
4
67
6
63
2
79
4
39
2
66
4
2
2
83
6
39
5
19
5
62
2
58
3
29
5
69
5
67
2
97
6
29
5
55
3
73
2
79
4
13
2
14
6
28
4
83
2
22
3
78
4
18
4
9
3
64
5
85
4
98
3
55
3
9
3
26
2
19
2
22
6
39
0
20
2
59
0
50
5
9
4
79
6
85
4
24
2
39
4
56
5
6
4
22
3
47
6
87
4
22
2
12
5
25
5
84
6
43
4
89
2
69
4
87
6
68
5
56
5
14
2
12
5
83
5
85
2
95
3
29
3
43
6
91
2
27
3
92
2
75
6
74
5
55
6
16
3
99
2
72
5
99
4
59
6
9
3
9
5
17
3
79
3
38
4
62
0
50
4
87
3
39
6
49
4
38
2
64
5
59
4
29
5
98
2
27
5
69
6
72
4
48
5
19
4
42
4
53
6
45
5
68
3
72
3
68
4
39
2
32
3
69
2
27
2
16
6
35
2
0
6
74
5
74
2
87
2
99
5
72
4
73
5
69
4
44
3
26
3
18
5
47
4
98
2
87
2
19
4
62
