18
90
9
94
17
29
9
99
9
74
9
74
9
34
9
64
14
86
17
89
9
74
9
99
18
90
9
94
19
91
9
94
9
74
15
27
13
25
9
94
0
60
9
14
9
74
9
99
9
14
9
99
9
64
18
30
9
74
9
74
14
56
9
64
14
86
18
30
9
44
9
99
9
34
9
64
9
14
17
59
9
34
9
64
9
34
9
74
9
44
9
74
9
14
18
90
16
28
9
74
17
59
9
99
15
57
9
94
13
85
18
30
9
14
9
64
16
28
9
74
9
99
14
86
9
64
17
89
9
14
14
86
15
57
9
94
9
34
9
94
9
74
9
31
9
44
16
58
9
99
9
44
9
94
9
74
14
26
17
29
9
34
9
74
9
74
16
28
9
94
9
94
9
74
9
32
9
14
9
64
13
85
9
44
9
94
15
27
9
64
9
64
15
27
9
74
9
74
9
34
14
86
13
25
9
44
9
64
16
28
16
58
9
74
0
70
18
90
9
44
9
74
9
64
9
94
9
64
9
34
9
99
9
14
9
74
18
90
9
99
19
61
16
88
15
27
9
64
9
99
9
44
9
64
14
56
9
34
15
57
9
64
9
64
9
44
16
58
9
64
17
29
9
44
18
60
9
44
0
50
9
74
16
88
9
44
15
57
9
74
13
55
9
99
9
94
9
33
9
94
9
94
9
14
9
14
9
34
9
99
14
86
9
74
9
99
9
64
15
87
9
74
9
99
15
57
14
86
9
94
9
74
9
94
9
74
9
14
9
14
9
34
16
88
9
74
9
94
9
74
9
64
9
74
9
74
14
56
9
94
16
28
9
99
9
94
14
56
9
34
9
34
9
64
9
74
9
44
16
58
9
44
9
14
17
89
9
33
9
44
9
94
9
14
9
34
19
61
13
25
9
94
9
44
9
44
9
34
9
94
13
85
9
99
14
26
17
29
9
94
9
74
9
94
9
94
17
29
9
44
9
94
9
14
9
34
9
94
9
34
17
29
15
57
16
58
18
60
16
88
9
44
9
94
15
27
9
74
9
64
9
99
9
44
13
25
9
44
9
14
14
56
17
89
9
64
16
88
15
87
9
44
9
99
9
34
9
74
9
34
9
99
18
30
9
94
9
74
15
57
9
64
9
99
9
34
9
44
9
94
9
74
9
44
9
94
9
94
9
34
19
61
9
64
9
14
9
94
15
27
9
14
9
64
9
74
9
34
9
34
9
99
9
14
9
74
9
44
9
99
9
74
9
64
9
94
9
64
9
44
9
94
9
64
9
44
9
34
9
94
0
70
19
61
15
57
9
14
9
44
9
94
9
74
18
60
16
28
15
27
9
64
9
74
9
94
9
64
9
34
13
25
9
34
9
44
0
10
9
34
9
94
9
74
17
29
9
44
9
44
9
74
9
34
9
99
18
90
9
64
9
94
9
99
9
74
9
44
9
34
9
14
9
94
9
94
15
87
9
34
9
94
8
75
18
90
9
94
9
94
0
80
9
64
9
34
9
84
9
26
13
85
9
44
15
87
14
26
13
85
16
58
9
64
9
74
9
74
13
25
9
14
9
64
19
61
9
34
16
28
9
99
9
14
15
27
18
60
9
44
9
74
9
34
9
14
9
94
9
99
9
14
15
27
9
94
9
74
9
99
9
14
9
44
19
61
9
44
9
34
15
27
9
99
9
18
9
34
9
99
9
94
9
14
9
44
9
34
19
31
0
50
9
64
15
27
13
85
17
59
14
56
9
64
15
27
17
29
19
91
9
44
19
61
9
74
9
64
9
14
16
58
9
64
13
85
9
74
15
87
9
44
13
85
0
80
9
34
9
64
9
34
18
60
9
74
9
44
9
14
15
87
9
64
9
74
9
94
9
64
14
56
13
25
9
99
9
99
17
89
9
99
13
85
9
94
9
34
15
57
15
87
9
63
0
60
9
14
9
44
19
91
9
66
2
29
16
28
9
14
9
34
9
44
13
55
18
60
17
89
9
34
16
58
9
74
18
60
15
87
9
44
9
44
9
99
9
34
9
44
9
64
9
94
9
94
9
94
1
19
15
87
9
64
9
99
13
85
0
20
18
60
16
88
9
94
9
14
9
44
9
14
9
94
9
94
9
14
18
60
9
74
15
87
16
88
15
57
9
34
9
99
9
44
9
34
17
89
2
99
16
22
9
44
9
94
9
94
9
94
9
94
0
40
9
64
16
28
9
99
9
74
9
34
9
94
14
56
9
64
15
27
9
34
17
89
9
74
9
94
0
90
9
94
9
44
19
61
9
64
9
34
17
89
9
99
9
34
9
34
9
34
9
34
15
27
14
56
9
44
15
27
16
58
9
34
9
44
13
55
15
27
9
44
9
74
9
44
9
34
9
74
9
34
9
74
9
64
0
0
9
64
9
94
18
90
9
14
9
34
9
97
9
14
17
89
9
74
14
86
1
69
9
99
9
14
19
91
9
34
9
77
15
27
9
74
13
55
9
34
9
34
9
99
9
44
4
22
1
39
17
89
0
10
9
94
9
14
9
14
9
44
9
1
9
64
9
94
9
99
9
64
9
44
9
99
9
99
9
68
9
74
9
74
9
34
13
25
9
94
9
94
9
74
18
90
9
94
17
89
9
74
9
34
17
29
2
53
9
94
9
14
9
94
9
34
9
74
9
99
0
20
17
59
9
99
9
63
18
90
9
99
0
57
19
31
9
64
9
64
15
57
15
87
9
34
9
44
13
55
9
74
15
51
0
76
16
88
9
74
9
44
9
64
15
87
9
94
9
74
9
99
9
44
9
34
9
34
9
34
9
44
17
29
0
74
15
57
9
34
17
89
9
99
9
99
17
89
9
64
9
99
9
1
16
58
9
94
9
14
9
74
9
34
17
59
9
44
9
64
19
31
17
29
9
94
9
99
9
74
9
94
15
87
9
94
9
99
9
14
9
14
9
34
19
91
14
26
17
29
9
14
9
99
9
94
9
14
16
58
13
55
16
88
9
44
9
14
17
59
9
14
14
26
9
44
9
64
9
64
9
44
15
87
9
94
9
64
17
59
9
74
9
34
9
44
9
94
9
64
9
14
16
28
9
34
9
99
19
91
15
57
9
44
9
64
0
40
15
87
9
94
9
94
17
59
9
94
14
86
9
94
9
64
19
31
3
79
14
26
16
28
9
64
9
44
15
87
15
57
9
64
15
27
9
44
16
28
16
58
13
55
0
80
9
14
16
58
9
63
14
56
9
14
9
64
9
44
0
59
9
64
9
64
17
29
19
31
9
99
19
31
18
30
13
25
9
44
18
90
9
44
9
14
9
74
16
58
14
26
9
64
9
74
9
34
9
14
9
44
9
99
9
74
0
50
9
76
15
87
9
99
9
44
9
66
9
44
9
34
9
74
9
64
9
99
9
64
9
34
9
34
15
57
14
26
14
86
17
52
17
89
9
34
9
14
0
89
9
64
9
14
2
49
9
34
17
29
9
74
2
69
15
87
15
57
9
64
1
12
9
34
15
57
19
61
9
99
9
14
9
98
14
86
9
74
9
74
18
90
9
44
0
50
9
34
16
88
9
64
19
61
9
34
9
74
16
28
9
74
9
44
9
14
9
93
9
34
14
86
17
89
9
74
15
27
15
57
9
34
9
34
9
14
14
86
19
61
2
59
9
34
16
28
9
99
9
34
9
63
9
74
9
99
18
90
9
14
16
88
19
61
17
29
9
94
9
74
9
64
0
59
9
14
17
29
9
34
9
43
1
59
9
74
17
59
9
94
9
74
17
89
9
44
9
74
9
64
9
64
9
94
18
30
9
34
9
14
18
60
16
88
9
94
9
94
14
56
9
64
9
34
19
91
9
74
9
94
9
44
9
74
9
99
9
34
9
14
9
99
9
44
9
74
9
44
9
14
9
99
17
59
9
34
16
88
9
28
16
88
9
94
9
64
9
44
8
25
9
14
4
67
9
74
15
87
9
44
9
74
9
14
2
89
9
44
18
30
9
74
9
64
9
34
9
74
9
74
9
99
9
34
9
64
14
86
15
87
14
26
2
19
9
34
9
94
15
22
16
88
17
29
9
14
9
74
9
94
9
99
9
64
9
14
9
34
15
27
9
34
9
44
0
20
9
64
0
50
9
14
17
89
8
85
9
34
9
44
9
56
9
14
9
34
16
58
9
94
9
34
13
25
9
34
9
94
14
56
9
94
2
69
9
94
9
74
9
64
15
27
13
25
9
94
9
94
9
99
9
34
14
56
9
91
9
34
9
99
15
87
15
87
9
64
17
29
9
99
13
85
9
99
9
64
9
14
3
9
18
30
16
88
9
44
9
74
0
50
9
94
9
44
19
61
9
44
2
64
9
64
9
34
9
99
9
34
9
74
9
72
17
59
18
30
13
55
9
64
16
58
9
74
13
85
9
68
9
44
9
44
9
74
9
34
15
27
9
44
2
0
15
87
15
87
9
94
9
99
9
72
14
86
9
74
15
57
9
34
16
28
18
60
9
99
9
87
15
27
9
74
