15
87
9
94
14
26
9
99
9
74
9
74
9
34
9
64
11
83
14
86
9
74
9
99
15
87
9
94
16
88
9
92
9
74
12
24
10
22
9
93
0
60
9
14
9
74
9
99
9
14
9
99
9
63
15
27
9
74
9
74
11
53
9
62
11
83
15
27
9
43
9
99
9
33
9
64
9
14
14
56
9
34
9
64
9
34
9
72
9
44
9
74
9
14
15
87
13
25
9
74
14
56
9
99
12
54
9
94
10
82
15
27
9
14
9
64
13
25
9
74
9
99
11
83
9
64
14
86
9
14
11
83
12
54
9
94
9
34
9
94
9
74
9
31
9
44
13
55
9
99
9
44
9
92
9
74
11
23
14
26
9
34
9
74
9
74
13
25
9
94
9
94
9
74
9
32
9
12
9
64
10
82
9
43
9
94
12
24
9
64
9
64
12
24
9
72
9
74
9
34
11
83
10
22
9
44
9
64
13
25
13
55
9
74
0
70
15
87
9
44
9
74
9
64
9
94
9
62
9
34
9
99
9
14
9
74
15
87
9
99
16
58
13
85
12
24
9
64
9
99
9
44
9
64
11
53
9
34
12
54
9
64
9
64
9
44
13
55
9
64
14
26
9
44
15
57
9
43
0
50
9
74
13
85
9
43
12
54
9
74
10
52
9
99
9
93
9
33
9
94
9
94
9
14
9
14
9
34
9
99
11
83
9
72
9
99
9
64
12
84
9
72
9
99
12
54
11
83
9
94
9
74
9
93
9
74
9
14
9
14
9
32
13
85
9
74
9
94
9
74
9
63
9
73
9
74
11
53
9
93
13
25
9
99
9
94
11
53
9
33
9
32
9
64
9
73
9
44
13
55
9
44
9
14
14
86
9
33
9
44
9
94
9
14
9
34
16
58
10
22
9
94
9
44
9
44
9
33
9
94
10
82
9
99
11
23
14
26
9
94
9
74
9
94
9
94
14
26
9
44
9
93
9
14
9
33
9
94
9
34
14
26
12
54
13
55
15
57
13
85
9
44
9
94
12
24
9
74
9
64
9
99
9
44
10
22
9
43
9
14
11
53
14
86
9
64
13
85
12
84
9
44
9
99
9
34
9
74
9
33
9
99
15
27
9
94
9
74
12
54
9
64
9
99
9
34
9
43
9
92
9
74
9
44
9
94
9
94
9
34
16
58
9
64
9
14
9
94
12
24
9
14
9
64
9
74
9
33
9
34
9
99
9
14
9
73
9
44
9
99
9
74
9
64
9
94
9
64
9
44
9
94
9
64
9
44
9
34
9
94
0
70
16
58
12
54
9
14
9
44
9
94
9
74
15
57
13
25
12
24
9
64
9
74
9
94
9
64
9
34
10
22
9
34
9
44
0
10
9
34
9
94
9
74
14
26
9
42
9
44
9
73
9
34
9
99
15
87
9
64
9
94
9
99
9
74
9
44
9
34
9
14
9
93
9
94
12
84
9
34
9
94
8
75
15
87
9
94
9
94
0
80
9
64
9
34
9
84
9
26
10
82
9
44
12
84
11
23
10
82
13
55
9
64
9
73
9
74
10
22
9
14
9
64
16
58
9
34
13
25
9
99
9
12
12
24
15
57
9
44
9
73
9
34
9
12
9
94
9
99
9
14
12
24
9
94
9
74
9
99
9
14
9
44
16
58
9
44
9
34
12
24
9
99
9
18
9
34
9
99
9
94
9
14
9
44
9
34
16
28
0
50
9
64
12
24
10
82
14
56
11
53
9
64
12
24
14
26
16
88
9
44
16
58
9
73
9
64
9
14
13
55
9
64
10
82
9
74
12
84
9
44
10
82
0
80
9
34
9
64
9
34
15
57
9
74
9
44
9
14
12
84
9
64
9
74
9
94
9
62
11
53
10
22
9
99
9
99
14
86
9
99
10
82
9
94
9
34
12
54
12
84
9
63
0
60
9
13
9
44
16
88
9
66
2
29
13
25
9
12
9
34
9
43
10
52
15
57
14
86
9
34
13
55
9
74
15
57
12
84
9
44
9
44
9
99
9
34
9
44
9
64
9
94
9
94
9
94
1
19
12
84
9
64
9
99
10
82
0
20
15
57
13
85
9
94
9
14
9
44
9
14
9
94
9
94
9
14
15
57
9
74
12
84
13
85
12
54
9
32
9
99
9
44
9
34
14
86
2
99
13
22
9
44
9
94
9
94
9
94
9
94
0
40
9
64
13
25
9
99
9
74
9
34
9
94
11
53
9
64
12
24
9
32
14
86
9
74
9
94
0
90
9
94
9
44
16
58
9
64
9
34
14
86
9
99
9
32
9
33
9
34
9
34
12
24
11
53
9
44
12
24
13
55
9
34
9
42
10
52
12
24
9
44
9
74
9
44
9
34
9
74
9
34
9
74
9
64
0
0
9
64
9
94
15
87
9
14
9
34
9
97
9
13
14
86
9
73
11
83
1
69
9
99
9
14
16
88
9
34
9
77
12
24
9
74
10
52
9
33
9
34
9
99
9
43
4
22
1
39
14
86
0
10
9
94
9
13
9
14
9
44
9
1
9
64
9
93
9
99
9
62
9
44
9
99
9
99
9
68
9
74
9
72
9
34
10
22
9
94
9
94
9
74
15
87
9
92
14
86
9
73
9
34
14
26
2
53
9
94
9
14
9
92
9
33
9
74
9
99
0
20
14
56
9
99
9
63
15
87
9
99
0
57
16
28
9
64
9
64
12
54
12
84
9
34
9
44
10
52
9
74
12
51
0
76
13
85
9
73
9
43
9
62
12
84
9
92
9
74
9
99
9
44
9
34
9
34
9
34
9
44
14
26
0
74
12
54
9
34
14
86
9
99
9
99
14
86
9
64
9
99
9
1
13
55
9
94
9
14
9
74
9
33
14
56
9
44
9
64
16
28
14
26
9
94
9
99
9
73
9
94
12
84
9
94
9
99
9
12
9
14
9
34
16
88
11
23
14
26
9
13
9
99
9
93
9
12
13
55
10
52
13
85
9
44
9
13
14
56
9
12
11
23
9
43
9
64
9
62
9
44
12
84
9
94
9
64
14
56
9
74
9
34
9
44
9
94
9
64
9
14
13
25
9
32
9
99
16
88
12
54
9
44
9
64
0
40
12
84
9
94
9
94
14
56
9
94
11
83
9
94
9
64
16
28
3
79
11
23
13
25
9
64
9
44
12
84
12
54
9
63
12
24
9
44
13
25
13
55
10
52
0
80
9
13
13
55
9
63
11
53
9
14
9
64
9
44
0
59
9
64
9
64
14
26
16
28
9
99
16
28
15
27
10
22
9
42
15
87
9
44
9
14
9
74
13
55
11
23
9
64
9
74
9
34
9
14
9
44
9
99
9
74
0
50
9
76
12
84
9
99
9
44
9
66
9
44
9
34
9
74
9
64
9
99
9
63
9
34
9
34
12
54
11
23
11
83
14
52
14
86
9
34
9
14
0
89
9
63
9
14
2
49
9
32
14
26
9
74
2
69
12
84
12
54
9
64
1
12
9
34
12
54
16
58
9
99
9
14
9
98
11
83
9
74
9
73
15
87
9
43
0
50
9
34
13
85
9
64
16
58
9
34
9
74
13
25
9
74
9
44
9
14
9
93
9
33
11
83
14
86
9
74
12
24
12
54
9
34
9
34
9
14
11
83
16
58
2
59
9
34
13
25
9
99
9
34
9
63
9
74
9
99
15
87
9
14
13
85
16
58
14
26
9
94
9
74
9
64
0
59
9
14
14
26
9
34
9
43
1
59
9
74
14
56
9
94
9
73
14
86
9
44
9
73
9
64
9
64
9
94
15
27
9
34
9
14
15
57
13
85
9
93
9
94
11
53
9
64
9
34
16
88
9
74
9
94
9
44
9
74
9
99
9
34
9
14
9
99
9
44
9
74
9
44
9
14
9
99
14
56
9
34
13
85
9
28
13
85
9
94
9
64
9
42
8
25
9
14
4
67
9
73
12
84
9
44
9
74
9
12
2
89
9
44
15
27
9
72
9
64
9
34
9
74
9
74
9
99
9
34
9
64
11
83
12
84
11
23
2
19
9
34
9
93
12
22
13
85
14
26
9
14
9
74
9
94
9
99
9
64
9
14
9
34
12
24
9
32
9
44
0
20
9
64
0
50
9
14
14
86
8
85
9
34
9
44
9
56
9
14
9
32
13
55
9
94
9
32
10
22
9
34
9
94
11
53
9
94
2
69
9
94
9
74
9
64
12
24
10
22
9
93
9
94
9
99
9
34
11
53
9
91
9
34
9
99
12
84
12
84
9
64
14
26
9
99
10
82
9
99
9
64
9
14
3
9
15
27
13
85
9
44
9
72
0
50
9
94
9
44
16
58
9
44
2
64
9
64
9
34
9
99
9
34
9
74
9
72
14
56
15
27
10
52
9
63
13
55
9
74
10
82
9
68
9
44
9
42
9
74
9
34
12
24
9
44
2
0
12
84
12
84
9
94
9
99
9
72
11
83
9
74
12
54
9
34
13
25
15
57
9
99
9
87
12
24
9
72
