9
81
9
91
8
20
7
99
8
70
9
71
7
29
9
60
6
77
9
80
7
69
8
97
9
81
8
90
10
82
8
86
9
72
7
18
6
16
6
87
0
60
9
11
8
70
6
96
9
11
6
99
6
57
9
21
9
71
9
70
6
47
8
56
8
77
9
21
6
37
9
99
9
27
6
59
7
8
9
50
9
31
6
59
8
30
7
66
9
41
9
70
9
12
9
81
7
19
9
70
8
50
7
99
9
48
7
89
6
76
9
21
8
10
7
59
7
19
9
70
8
98
7
77
7
59
8
80
7
9
8
77
9
48
9
88
6
29
7
89
8
70
9
31
6
39
7
49
8
99
7
39
8
86
9
70
8
17
8
20
8
29
9
69
8
70
9
19
9
91
8
90
9
72
8
31
6
6
7
59
8
76
6
37
7
89
7
18
7
59
7
59
8
18
8
66
8
70
8
30
6
77
8
16
6
39
9
62
7
19
7
49
9
71
0
70
9
81
8
40
8
70
9
61
7
89
8
56
7
29
8
99
6
9
7
69
9
81
9
99
10
52
8
79
6
18
9
60
9
99
8
40
7
59
9
47
9
29
8
48
6
59
9
58
9
42
7
49
8
60
9
20
9
42
9
51
9
37
0
50
7
69
7
79
7
37
6
49
7
69
8
46
8
98
8
87
9
33
7
89
8
88
9
10
6
9
7
29
8
99
9
77
8
66
9
99
9
59
6
79
8
66
6
99
6
49
9
77
9
92
8
70
7
87
6
69
7
9
7
9
6
26
7
79
6
69
9
90
9
71
8
57
9
67
9
70
7
47
7
87
9
19
9
99
9
88
8
47
7
27
8
26
8
60
8
67
6
39
7
49
7
39
7
9
8
80
7
34
7
39
7
89
6
9
9
31
10
52
7
16
9
91
9
42
9
42
7
27
8
88
8
76
8
99
8
17
8
20
6
89
9
70
8
90
8
89
8
20
9
42
6
87
9
11
9
27
9
91
9
31
8
20
6
49
7
49
9
51
7
79
7
39
9
92
6
19
8
70
9
62
6
99
7
39
8
16
6
37
9
8
8
47
9
80
8
58
7
79
6
79
6
38
6
99
9
32
6
69
8
27
8
98
9
21
9
91
7
69
6
48
6
59
7
99
9
32
7
37
6
86
9
70
9
42
9
90
9
91
9
31
10
52
7
59
6
9
6
88
6
19
8
10
8
60
8
70
7
27
9
30
8
99
6
9
9
67
9
40
9
99
7
68
7
59
7
89
9
59
9
38
9
90
9
61
8
39
9
29
8
90
0
70
10
52
6
49
7
9
9
38
7
89
6
69
9
51
7
19
6
19
8
60
7
69
7
89
9
61
9
28
7
16
6
28
9
40
0
10
9
32
9
92
8
69
8
20
6
36
8
40
7
67
7
29
6
99
9
81
7
59
6
89
9
98
9
72
6
39
7
29
7
9
9
87
6
89
8
78
9
28
9
91
8
75
9
81
6
89
7
89
0
80
7
59
8
30
9
84
7
26
8
76
9
41
6
79
8
17
7
76
7
49
7
59
6
67
8
70
7
16
6
9
6
59
10
52
8
30
7
19
8
99
6
6
6
19
9
51
7
39
9
67
6
28
7
6
9
91
6
99
9
11
6
18
6
89
6
69
6
99
7
8
7
39
10
52
9
41
9
31
6
19
8
99
8
18
8
30
8
99
9
91
9
8
6
39
8
30
10
22
0
50
8
60
6
19
8
76
8
50
8
47
7
59
8
18
8
20
10
82
9
41
10
52
6
67
8
60
8
8
7
49
9
61
7
76
8
70
8
78
9
41
8
76
0
80
9
32
6
59
9
30
9
51
7
69
9
40
6
9
8
78
9
60
9
71
8
90
7
56
8
47
7
16
9
97
6
99
8
80
9
99
7
76
8
89
8
28
6
48
9
78
9
63
0
60
6
7
7
39
10
82
7
66
2
27
7
19
6
6
7
29
6
37
7
46
9
51
8
80
6
29
7
49
6
69
9
51
6
79
8
40
7
39
9
98
8
30
8
40
9
62
9
90
6
88
8
90
1
17
6
79
6
59
7
99
7
76
0
20
9
51
7
79
8
89
7
9
9
41
9
11
9
88
9
92
9
10
9
51
9
71
6
79
7
79
6
49
6
26
6
98
9
39
6
28
8
80
2
97
7
22
6
39
9
91
9
92
9
91
9
91
0
40
8
60
9
19
7
99
8
70
9
30
9
88
9
47
8
60
9
18
8
26
8
80
8
69
6
89
0
90
8
89
8
40
10
52
7
59
8
30
8
80
6
98
6
26
7
27
8
28
9
30
6
18
6
47
7
39
9
18
7
49
7
29
6
36
6
46
6
19
6
39
9
69
9
42
7
28
9
72
8
30
7
69
7
59
0
0
6
59
8
90
9
81
8
10
9
30
6
97
6
7
8
80
9
67
7
77
1
69
9
99
7
9
10
82
7
29
7
77
6
19
7
69
6
46
9
27
9
32
9
97
8
37
4
22
1
39
9
80
0
10
9
90
7
7
9
9
9
40
8
1
7
59
8
87
8
97
8
56
8
40
9
99
8
98
9
68
9
72
8
66
9
29
8
16
8
90
9
91
9
71
9
81
8
86
8
80
9
67
9
31
8
20
2
53
9
88
8
8
8
86
7
27
7
69
6
99
0
20
8
50
9
99
9
63
9
81
7
99
0
57
10
22
8
60
6
59
8
48
6
79
8
30
8
40
8
46
6
69
6
51
0
76
9
79
9
67
9
37
8
56
6
78
7
86
8
70
9
97
9
41
9
31
7
28
6
29
9
41
8
20
0
74
6
49
7
29
9
80
9
99
7
99
8
80
9
61
9
97
7
1
7
49
8
89
9
8
9
71
9
27
9
50
7
39
9
62
10
22
8
20
9
91
7
99
9
67
9
92
9
78
8
90
6
99
7
6
9
11
6
29
10
82
6
17
8
20
8
7
7
99
8
87
6
6
7
49
8
46
7
79
9
40
8
7
8
50
6
6
9
17
8
37
8
59
6
56
9
40
6
79
8
90
7
59
8
50
7
69
9
32
9
40
7
89
7
59
6
9
9
19
6
26
8
99
10
82
6
49
9
41
7
58
0
40
6
79
9
88
8
90
8
50
7
89
8
77
9
91
9
59
10
22
3
76
9
17
8
19
9
58
8
38
7
78
6
49
7
57
6
19
9
41
7
19
7
49
8
46
0
80
7
7
7
49
9
63
6
47
6
8
9
61
7
39
0
59
9
62
9
62
8
20
10
22
6
99
10
22
9
21
7
16
8
36
9
81
9
38
8
8
8
70
9
49
9
17
9
60
6
69
7
29
6
9
6
38
7
99
8
70
0
50
9
76
9
78
9
98
7
39
7
66
8
40
9
31
9
71
8
60
9
99
7
57
9
31
9
31
6
49
7
17
6
77
8
53
8
80
9
32
8
10
0
89
6
57
6
9
2
47
7
26
9
20
7
69
2
67
9
78
6
49
9
61
1
12
9
30
6
49
10
52
9
98
7
9
9
98
6
77
8
68
9
67
9
81
8
37
0
50
6
29
7
79
7
59
10
52
9
29
6
69
7
19
7
69
8
40
8
10
6
93
9
27
9
77
9
80
8
70
9
18
6
48
9
31
9
28
9
11
9
77
10
52
2
58
7
29
7
19
9
99
7
29
6
63
9
72
7
96
9
81
8
9
7
79
10
52
8
20
9
88
6
69
9
58
0
59
6
9
9
20
8
30
6
44
1
58
8
70
8
50
6
89
6
67
8
80
8
39
6
67
7
59
8
60
7
89
9
21
9
31
6
9
9
51
7
79
9
87
9
91
9
47
7
59
7
29
10
82
8
70
8
90
9
42
9
72
9
97
7
28
6
9
9
99
8
40
9
69
7
39
7
9
6
99
8
50
6
29
9
79
6
28
7
79
7
89
9
62
7
36
8
25
9
9
4
67
9
67
6
79
8
40
6
69
8
6
2
87
9
42
9
21
8
66
6
59
7
29
9
71
9
71
6
99
9
32
9
59
7
77
6
79
8
17
2
18
9
32
8
87
6
22
7
79
8
20
8
10
7
68
9
89
8
99
7
59
7
9
7
29
6
19
6
26
9
42
0
20
6
59
0
50
9
11
8
80
8
85
8
28
6
39
8
56
9
10
8
26
7
49
9
91
8
26
6
16
9
29
9
88
9
47
8
90
2
69
8
90
9
72
9
60
9
18
6
16
9
87
9
89
6
99
7
29
7
47
9
91
6
29
7
96
6
79
9
78
9
59
9
20
7
99
6
76
9
99
8
60
9
12
3
9
9
21
7
79
7
39
8
66
0
50
8
90
7
39
10
52
8
40
2
64
9
61
8
30
9
99
6
29
9
71
9
72
8
50
9
21
8
46
8
57
9
49
9
71
7
76
7
68
8
40
6
36
7
69
6
29
6
19
9
39
2
0
9
78
9
78
6
89
6
99
9
72
8
77
9
71
8
48
7
29
7
19
9
51
8
99
6
87
6
19
8
66
