14
86
9
94
13
25
9
99
9
74
9
74
9
34
9
64
10
82
13
85
9
74
9
99
14
86
9
94
15
87
9
91
9
74
11
23
9
21
9
92
0
60
9
14
9
74
9
99
9
14
9
99
9
62
14
26
9
74
9
74
10
52
9
61
10
82
14
26
9
42
9
99
9
32
9
63
9
13
13
55
9
34
9
63
9
34
9
71
9
44
9
74
9
14
14
86
12
24
9
74
13
55
9
99
11
53
9
94
9
81
14
26
9
14
9
64
12
24
9
74
9
99
10
82
9
64
13
85
9
14
10
82
11
53
9
93
9
33
9
94
9
74
9
31
9
43
12
54
9
99
9
44
9
91
9
74
10
22
13
25
9
34
9
74
9
74
12
24
9
94
9
94
9
74
9
32
9
11
9
64
9
81
9
42
9
94
11
23
9
64
9
64
11
23
9
71
9
74
9
34
10
82
9
21
9
43
9
64
12
24
12
54
9
74
0
70
14
86
9
44
9
74
9
64
9
94
9
61
9
34
9
99
9
13
9
74
14
86
9
99
15
57
12
84
11
23
9
64
9
99
9
44
9
64
10
52
9
34
11
53
9
63
9
63
9
44
12
54
9
64
13
25
9
44
14
56
9
42
0
50
9
74
12
84
9
42
11
53
9
74
9
51
9
99
9
92
9
33
9
94
9
93
9
14
9
13
9
34
9
99
10
82
9
71
9
99
9
64
11
83
9
71
9
99
11
53
10
82
9
94
9
74
9
92
9
73
9
14
9
14
9
31
12
84
9
73
9
94
9
74
9
62
9
72
9
74
10
52
9
92
12
24
9
99
9
93
10
52
9
32
9
31
9
64
9
72
9
43
12
54
9
44
9
14
13
85
9
33
9
44
9
94
9
13
9
34
15
57
9
21
9
94
9
44
9
44
9
32
9
93
9
81
9
99
10
22
13
25
9
93
9
74
9
94
9
94
13
25
9
44
9
92
9
14
9
32
9
94
9
34
13
25
11
53
12
54
14
56
12
84
9
44
9
94
11
23
9
74
9
64
9
99
9
44
9
21
9
42
9
13
10
52
13
85
9
63
12
84
11
83
9
43
9
99
9
34
9
73
9
32
9
99
14
26
9
94
9
74
11
53
9
63
9
99
9
34
9
42
9
91
9
74
9
44
9
94
9
94
9
34
15
57
9
64
9
13
9
93
11
23
9
14
9
64
9
74
9
32
9
34
9
99
9
13
9
72
9
44
9
99
9
73
9
64
9
94
9
64
9
43
9
94
9
64
9
44
9
34
9
94
0
70
15
57
11
53
9
14
9
43
9
94
9
73
14
56
12
24
11
23
9
64
9
74
9
94
9
64
9
33
9
21
9
33
9
44
0
10
9
34
9
94
9
74
13
25
9
41
9
44
9
72
9
34
9
99
14
86
9
64
9
93
9
99
9
74
9
43
9
34
9
14
9
92
9
93
11
83
9
33
9
94
8
75
14
86
9
93
9
94
0
80
9
64
9
34
9
84
9
26
9
81
9
44
11
83
10
22
9
81
12
54
9
64
9
72
9
74
9
21
9
13
9
63
15
57
9
34
12
24
9
99
9
11
11
23
14
56
9
44
9
72
9
33
9
11
9
94
9
99
9
14
11
23
9
93
9
73
9
99
9
13
9
44
15
57
9
44
9
34
11
23
9
99
9
18
9
34
9
99
9
94
9
13
9
43
9
34
15
27
0
50
9
64
11
23
9
81
13
55
10
52
9
64
11
23
13
25
15
87
9
44
15
57
9
72
9
64
9
13
12
54
9
64
9
81
9
74
11
83
9
44
9
81
0
80
9
34
9
63
9
34
14
56
9
74
9
44
9
13
11
83
9
64
9
74
9
94
9
61
10
52
9
21
9
99
9
99
13
85
9
99
9
81
9
94
9
33
11
53
11
83
9
63
0
60
9
12
9
44
15
87
9
66
2
29
12
24
9
11
9
34
9
42
9
51
14
56
13
85
9
33
12
54
9
73
14
56
11
83
9
44
9
44
9
99
9
34
9
44
9
64
9
94
9
93
9
94
1
19
11
83
9
63
9
99
9
81
0
20
14
56
12
84
9
94
9
14
9
44
9
14
9
93
9
94
9
14
14
56
9
74
11
83
12
84
11
53
9
31
9
99
9
44
9
33
13
85
2
99
12
22
9
43
9
94
9
94
9
94
9
94
0
40
9
64
12
24
9
99
9
74
9
34
9
93
10
52
9
64
11
23
9
31
13
85
9
74
9
93
0
90
9
94
9
44
15
57
9
64
9
34
13
85
9
99
9
31
9
32
9
33
9
34
11
23
10
52
9
44
11
23
12
54
9
34
9
41
9
51
11
23
9
43
9
74
9
44
9
33
9
74
9
34
9
74
9
64
0
0
9
63
9
94
14
86
9
14
9
34
9
97
9
12
13
85
9
72
10
82
1
69
9
99
9
14
15
87
9
34
9
77
11
23
9
74
9
51
9
32
9
34
9
99
9
42
4
22
1
39
13
85
0
10
9
94
9
12
9
14
9
44
9
1
9
64
9
92
9
99
9
61
9
44
9
99
9
99
9
68
9
74
9
71
9
34
9
21
9
94
9
94
9
74
14
86
9
91
13
85
9
72
9
34
13
25
2
53
9
93
9
13
9
91
9
32
9
74
9
99
0
20
13
55
9
99
9
63
14
86
9
99
0
57
15
27
9
64
9
63
11
53
11
83
9
34
9
44
9
51
9
73
11
51
0
76
12
84
9
72
9
42
9
61
11
83
9
91
9
74
9
99
9
44
9
34
9
33
9
33
9
44
13
25
0
74
11
53
9
34
13
85
9
99
9
99
13
85
9
64
9
99
9
1
12
54
9
94
9
13
9
74
9
32
13
55
9
44
9
64
15
27
13
25
9
94
9
99
9
72
9
94
11
83
9
94
9
99
9
11
9
14
9
33
15
87
10
22
13
25
9
12
9
99
9
92
9
11
12
54
9
51
12
84
9
44
9
12
13
55
9
11
10
22
9
42
9
64
9
61
9
44
11
83
9
94
9
64
13
55
9
74
9
34
9
44
9
94
9
64
9
13
12
24
9
31
9
99
15
87
11
53
9
44
9
63
0
40
11
83
9
93
9
94
13
55
9
94
10
82
9
94
9
64
15
27
3
79
10
22
12
24
9
63
9
43
11
83
11
53
9
62
11
23
9
44
12
24
12
54
9
51
0
80
9
12
12
54
9
63
10
52
9
13
9
64
9
44
0
59
9
64
9
64
13
25
15
27
9
99
15
27
14
26
9
21
9
41
14
86
9
43
9
13
9
74
12
54
10
22
9
64
9
73
9
34
9
13
9
43
9
99
9
74
0
50
9
76
11
83
9
99
9
44
9
66
9
44
9
34
9
74
9
64
9
99
9
62
9
34
9
34
11
53
10
22
10
82
13
52
13
85
9
34
9
14
0
89
9
62
9
13
2
49
9
31
13
25
9
74
2
69
11
83
11
53
9
64
1
12
9
34
11
53
15
57
9
99
9
14
9
98
10
82
9
73
9
72
14
86
9
42
0
50
9
33
12
84
9
64
15
57
9
34
9
73
12
24
9
74
9
44
9
14
9
93
9
32
10
82
13
85
9
74
11
23
11
53
9
34
9
33
9
14
10
82
15
57
2
59
9
34
12
24
9
99
9
34
9
63
9
74
9
99
14
86
9
14
12
84
15
57
13
25
9
93
9
73
9
63
0
59
9
13
13
25
9
34
9
43
1
59
9
74
13
55
9
93
9
72
13
85
9
44
9
72
9
64
9
64
9
94
14
26
9
34
9
13
14
56
12
84
9
92
9
94
10
52
9
64
9
34
15
87
9
74
9
94
9
44
9
74
9
99
9
33
9
13
9
99
9
44
9
74
9
44
9
14
9
99
13
55
9
33
12
84
9
28
12
84
9
94
9
64
9
41
8
25
9
14
4
67
9
72
11
83
9
44
9
73
9
11
2
89
9
44
14
26
9
71
9
63
9
34
9
74
9
74
9
99
9
34
9
64
10
82
11
83
10
22
2
19
9
34
9
92
11
22
12
84
13
25
9
14
9
73
9
94
9
99
9
64
9
14
9
34
11
23
9
31
9
44
0
20
9
63
0
50
9
14
13
85
8
85
9
33
9
43
9
56
9
14
9
31
12
54
9
94
9
31
9
21
9
34
9
93
10
52
9
94
2
69
9
94
9
74
9
64
11
23
9
21
9
92
9
94
9
99
9
34
10
52
9
91
9
33
9
99
11
83
11
83
9
64
13
25
9
99
9
81
9
99
9
64
9
14
3
9
14
26
12
84
9
44
9
71
0
50
9
94
9
44
15
57
9
44
2
64
9
64
9
34
9
99
9
33
9
74
9
72
13
55
14
26
9
51
9
62
12
54
9
74
9
81
9
68
9
44
9
41
9
74
9
33
11
23
9
44
2
0
11
83
11
83
9
93
9
99
9
72
10
82
9
74
11
53
9
34
12
24
14
56
9
99
9
87
11
23
9
71
