19
94
9
94
19
34
9
99
9
74
9
74
9
34
9
64
19
92
19
94
9
74
9
99
19
94
9
94
19
94
9
94
9
74
19
33
19
31
9
94
0
60
9
14
9
74
9
99
9
14
9
99
9
64
19
34
9
74
9
74
19
62
9
64
19
92
19
34
9
44
9
99
9
34
9
64
9
14
19
64
9
34
9
64
9
34
9
74
9
44
9
74
9
14
19
94
19
34
9
74
19
64
9
99
19
63
9
94
19
91
19
34
9
14
9
64
19
34
9
74
9
99
19
92
9
64
19
94
9
14
19
92
19
63
9
94
9
34
9
94
9
74
9
31
9
44
19
64
9
99
9
44
9
94
9
74
19
32
19
34
9
34
9
74
9
74
19
34
9
94
9
94
9
74
9
32
9
14
9
64
19
91
9
44
9
94
19
33
9
64
9
64
19
33
9
74
9
74
9
34
19
92
19
31
9
44
9
64
19
34
19
64
9
74
0
70
19
94
9
44
9
74
9
64
9
94
9
64
9
34
9
99
9
14
9
74
19
94
9
99
19
64
19
94
19
33
9
64
9
99
9
44
9
64
19
62
9
34
19
63
9
64
9
64
9
44
19
64
9
64
19
34
9
44
19
64
9
44
0
50
9
74
19
94
9
44
19
63
9
74
19
61
9
99
9
94
9
33
9
94
9
94
9
14
9
14
9
34
9
99
19
92
9
74
9
99
9
64
19
93
9
74
9
99
19
63
19
92
9
94
9
74
9
94
9
74
9
14
9
14
9
34
19
94
9
74
9
94
9
74
9
64
9
74
9
74
19
62
9
94
19
34
9
99
9
94
19
62
9
34
9
34
9
64
9
74
9
44
19
64
9
44
9
14
19
94
9
33
9
44
9
94
9
14
9
34
19
64
19
31
9
94
9
44
9
44
9
34
9
94
19
91
9
99
19
32
19
34
9
94
9
74
9
94
9
94
19
34
9
44
9
94
9
14
9
34
9
94
9
34
19
34
19
63
19
64
19
64
19
94
9
44
9
94
19
33
9
74
9
64
9
99
9
44
19
31
9
44
9
14
19
62
19
94
9
64
19
94
19
93
9
44
9
99
9
34
9
74
9
34
9
99
19
34
9
94
9
74
19
63
9
64
9
99
9
34
9
44
9
94
9
74
9
44
9
94
9
94
9
34
19
64
9
64
9
14
9
94
19
33
9
14
9
64
9
74
9
34
9
34
9
99
9
14
9
74
9
44
9
99
9
74
9
64
9
94
9
64
9
44
9
94
9
64
9
44
9
34
9
94
0
70
19
64
19
63
9
14
9
44
9
94
9
74
19
64
19
34
19
33
9
64
9
74
9
94
9
64
9
34
19
31
9
34
9
44
0
10
9
34
9
94
9
74
19
34
9
44
9
44
9
74
9
34
9
99
19
94
9
64
9
94
9
99
9
74
9
44
9
34
9
14
9
94
9
94
19
93
9
34
9
94
8
75
19
94
9
94
9
94
0
80
9
64
9
34
9
84
9
26
19
91
9
44
19
93
19
32
19
91
19
64
9
64
9
74
9
74
19
31
9
14
9
64
19
64
9
34
19
34
9
99
9
14
19
33
19
64
9
44
9
74
9
34
9
14
9
94
9
99
9
14
19
33
9
94
9
74
9
99
9
14
9
44
19
64
9
44
9
34
19
33
9
99
9
18
9
34
9
99
9
94
9
14
9
44
9
34
19
34
0
50
9
64
19
33
19
91
19
64
19
62
9
64
19
33
19
34
19
94
9
44
19
64
9
74
9
64
9
14
19
64
9
64
19
91
9
74
19
93
9
44
19
91
0
80
9
34
9
64
9
34
19
64
9
74
9
44
9
14
19
93
9
64
9
74
9
94
9
64
19
62
19
31
9
99
9
99
19
94
9
99
19
91
9
94
9
34
19
63
19
93
9
63
0
60
9
14
9
44
19
94
9
66
2
29
19
34
9
14
9
34
9
44
19
61
19
64
19
94
9
34
19
64
9
74
19
64
19
93
9
44
9
44
9
99
9
34
9
44
9
64
9
94
9
94
9
94
1
19
19
93
9
64
9
99
19
91
0
20
19
64
19
94
9
94
9
14
9
44
9
14
9
94
9
94
9
14
19
64
9
74
19
93
19
94
19
63
9
34
9
99
9
44
9
34
19
94
2
99
19
22
9
44
9
94
9
94
9
94
9
94
0
40
9
64
19
34
9
99
9
74
9
34
9
94
19
62
9
64
19
33
9
34
19
94
9
74
9
94
0
90
9
94
9
44
19
64
9
64
9
34
19
94
9
99
9
34
9
34
9
34
9
34
19
33
19
62
9
44
19
33
19
64
9
34
9
44
19
61
19
33
9
44
9
74
9
44
9
34
9
74
9
34
9
74
9
64
0
0
9
64
9
94
19
94
9
14
9
34
9
97
9
14
19
94
9
74
19
92
1
69
9
99
9
14
19
94
9
34
9
77
19
33
9
74
19
61
9
34
9
34
9
99
9
44
4
22
1
39
19
94
0
10
9
94
9
14
9
14
9
44
9
1
9
64
9
94
9
99
9
64
9
44
9
99
9
99
9
68
9
74
9
74
9
34
19
31
9
94
9
94
9
74
19
94
9
94
19
94
9
74
9
34
19
34
2
53
9
94
9
14
9
94
9
34
9
74
9
99
0
20
19
64
9
99
9
63
19
94
9
99
0
57
19
34
9
64
9
64
19
63
19
93
9
34
9
44
19
61
9
74
19
51
0
76
19
94
9
74
9
44
9
64
19
93
9
94
9
74
9
99
9
44
9
34
9
34
9
34
9
44
19
34
0
74
19
63
9
34
19
94
9
99
9
99
19
94
9
64
9
99
9
1
19
64
9
94
9
14
9
74
9
34
19
64
9
44
9
64
19
34
19
34
9
94
9
99
9
74
9
94
19
93
9
94
9
99
9
14
9
14
9
34
19
94
19
32
19
34
9
14
9
99
9
94
9
14
19
64
19
61
19
94
9
44
9
14
19
64
9
14
19
32
9
44
9
64
9
64
9
44
19
93
9
94
9
64
19
64
9
74
9
34
9
44
9
94
9
64
9
14
19
34
9
34
9
99
19
94
19
63
9
44
9
64
0
40
19
93
9
94
9
94
19
64
9
94
19
92
9
94
9
64
19
34
3
79
19
32
19
34
9
64
9
44
19
93
19
63
9
64
19
33
9
44
19
34
19
64
19
61
0
80
9
14
19
64
9
63
19
62
9
14
9
64
9
44
0
59
9
64
9
64
19
34
19
34
9
99
19
34
19
34
19
31
9
44
19
94
9
44
9
14
9
74
19
64
19
32
9
64
9
74
9
34
9
14
9
44
9
99
9
74
0
50
9
76
19
93
9
99
9
44
9
66
9
44
9
34
9
74
9
64
9
99
9
64
9
34
9
34
19
63
19
32
19
92
19
52
19
94
9
34
9
14
0
89
9
64
9
14
2
49
9
34
19
34
9
74
2
69
19
93
19
63
9
64
1
12
9
34
19
63
19
64
9
99
9
14
9
98
19
92
9
74
9
74
19
94
9
44
0
50
9
34
19
94
9
64
19
64
9
34
9
74
19
34
9
74
9
44
9
14
9
93
9
34
19
92
19
94
9
74
19
33
19
63
9
34
9
34
9
14
19
92
19
64
2
59
9
34
19
34
9
99
9
34
9
63
9
74
9
99
19
94
9
14
19
94
19
64
19
34
9
94
9
74
9
64
0
59
9
14
19
34
9
34
9
43
1
59
9
74
19
64
9
94
9
74
19
94
9
44
9
74
9
64
9
64
9
94
19
34
9
34
9
14
19
64
19
94
9
94
9
94
19
62
9
64
9
34
19
94
9
74
9
94
9
44
9
74
9
99
9
34
9
14
9
99
9
44
9
74
9
44
9
14
9
99
19
64
9
34
19
94
9
28
19
94
9
94
9
64
9
44
8
25
9
14
4
67
9
74
19
93
9
44
9
74
9
14
2
89
9
44
19
34
9
74
9
64
9
34
9
74
9
74
9
99
9
34
9
64
19
92
19
93
19
32
2
19
9
34
9
94
19
22
19
94
19
34
9
14
9
74
9
94
9
99
9
64
9
14
9
34
19
33
9
34
9
44
0
20
9
64
0
50
9
14
19
94
8
85
9
34
9
44
9
56
9
14
9
34
19
64
9
94
9
34
19
31
9
34
9
94
19
62
9
94
2
69
9
94
9
74
9
64
19
33
19
31
9
94
9
94
9
99
9
34
19
62
9
91
9
34
9
99
19
93
19
93
9
64
19
34
9
99
19
91
9
99
9
64
9
14
3
9
19
34
19
94
9
44
9
74
0
50
9
94
9
44
19
64
9
44
2
64
9
64
9
34
9
99
9
34
9
74
9
72
19
64
19
34
19
61
9
64
19
64
9
74
19
91
9
68
9
44
9
44
9
74
9
34
19
33
9
44
2
0
19
93
19
93
9
94
9
99
9
72
19
92
9
74
19
63
9
34
19
34
19
64
9
99
9
87
19
33
9
74
