4
76
4
89
3
18
2
96
3
69
4
69
2
29
5
55
1
72
4
75
2
69
3
92
5
76
3
89
5
78
3
81
5
69
2
13
1
11
1
82
0
60
4
8
3
66
1
91
4
9
1
96
1
52
4
18
4
68
4
65
1
42
3
51
3
72
4
17
1
32
4
99
5
22
1
57
2
3
4
45
4
27
1
55
3
27
2
61
4
37
5
65
5
9
4
78
2
19
4
65
3
48
2
99
4
43
2
85
1
71
4
19
3
5
2
54
2
19
4
65
3
93
2
72
2
59
3
78
2
8
3
72
4
43
5
83
1
26
2
88
3
68
4
31
1
35
2
47
3
99
2
38
3
81
4
65
3
12
3
17
3
24
4
64
3
66
4
14
5
86
3
89
5
67
3
31
1
1
2
59
4
71
1
32
2
85
2
13
2
55
2
55
3
13
3
61
3
67
3
25
1
72
3
11
1
37
5
59
2
18
2
48
4
68
0
70
5
76
3
39
3
69
4
59
2
89
3
51
2
29
3
97
1
6
2
64
4
76
5
99
5
48
3
74
1
13
5
55
4
96
3
38
2
56
5
42
5
24
3
43
1
59
4
53
5
39
2
49
3
57
5
15
5
39
4
49
5
32
0
50
2
65
2
75
2
32
1
48
2
67
4
41
3
93
3
82
4
33
2
89
3
83
5
5
1
6
2
24
3
98
5
72
4
61
5
99
5
54
1
77
3
61
1
97
1
45
4
72
5
89
3
69
2
82
1
65
2
8
2
4
1
21
2
77
1
68
4
85
4
68
3
52
5
62
4
65
2
42
2
82
4
14
4
94
4
83
3
42
2
22
4
21
3
56
3
62
1
38
2
47
2
39
2
8
3
79
2
34
2
37
2
89
1
8
4
29
5
49
2
11
4
86
5
38
5
39
2
22
3
83
4
71
3
94
3
12
3
18
1
89
5
65
3
88
3
84
3
15
5
37
1
82
4
7
5
22
4
89
4
28
3
16
1
48
2
47
4
46
2
77
2
38
5
88
1
19
3
68
5
58
1
98
2
38
3
11
1
32
4
3
3
42
5
75
3
53
2
79
1
76
1
33
1
99
5
27
1
67
3
22
3
93
4
19
4
86
2
64
1
43
1
58
2
99
5
29
2
32
1
81
5
65
5
39
5
85
4
89
4
29
5
49
2
54
1
4
1
83
1
19
3
6
3
59
3
69
2
22
5
25
3
97
1
7
4
62
4
35
5
96
2
63
2
56
2
85
4
54
4
33
4
85
5
56
3
34
5
24
3
86
0
70
5
48
1
45
2
4
5
33
2
85
1
67
4
46
2
15
1
19
3
56
2
67
2
88
4
59
4
23
2
11
1
23
4
35
0
10
5
28
5
88
3
64
3
18
1
31
3
38
2
62
2
24
1
99
5
76
2
54
1
88
5
93
5
67
1
39
2
29
2
6
4
82
1
85
3
73
4
23
4
87
3
75
4
77
1
89
2
85
0
80
2
57
3
25
4
84
2
26
3
71
5
36
1
79
3
12
2
71
2
49
2
55
1
62
3
69
2
11
1
7
1
55
5
48
3
29
2
15
3
96
1
1
1
18
4
46
2
35
5
62
1
23
2
1
4
87
1
96
4
8
1
13
1
84
1
64
1
96
2
3
2
39
5
49
4
38
4
29
1
19
3
94
3
18
3
29
3
95
4
89
5
3
1
38
3
29
5
17
0
50
3
56
1
17
3
71
3
49
3
42
2
59
3
13
3
15
5
79
4
39
5
48
1
62
3
59
3
3
2
46
4
57
2
71
3
68
3
73
4
39
4
71
0
80
5
28
1
57
4
25
5
46
2
65
5
35
1
9
3
73
4
55
4
68
3
86
2
51
3
42
2
11
5
92
1
99
3
77
4
99
2
71
3
84
3
23
1
43
4
73
5
63
0
60
1
2
2
34
5
79
2
66
2
22
2
17
1
1
2
24
1
32
2
41
4
49
3
79
1
26
2
48
1
64
4
49
1
78
3
38
2
38
4
93
3
29
3
35
5
59
5
85
1
83
3
86
1
12
1
75
1
55
2
95
2
71
0
20
4
49
2
79
3
84
2
7
4
39
4
7
4
83
5
87
5
5
4
47
4
69
1
77
2
75
1
44
1
21
1
93
5
34
1
23
3
77
2
92
2
22
1
35
4
89
5
87
4
86
4
89
0
40
3
58
4
14
2
99
3
66
4
25
5
83
5
42
3
57
5
13
4
21
3
76
3
64
1
88
0
90
3
84
3
39
5
47
2
59
3
25
3
76
1
93
1
21
2
22
3
23
4
25
1
13
1
42
2
39
5
13
2
45
2
25
1
31
1
41
1
19
1
38
5
64
5
38
2
23
5
68
3
26
2
69
2
59
0
0
1
58
3
87
4
79
3
8
4
25
1
97
1
2
3
79
5
62
2
72
1
64
4
94
2
6
5
79
2
26
2
77
1
19
2
67
1
41
5
22
5
27
5
92
3
32
4
22
1
37
4
75
0
10
5
85
2
2
4
4
5
35
3
1
2
56
3
82
3
92
3
51
3
37
5
99
3
93
5
68
5
69
4
61
4
24
4
11
3
89
4
86
5
66
4
78
4
81
3
79
5
62
4
28
3
19
2
53
4
83
3
3
4
81
2
22
2
69
1
97
0
20
3
46
5
95
5
63
4
76
2
99
0
57
5
19
3
55
1
55
3
43
1
78
3
29
3
38
4
41
1
65
1
51
0
76
5
74
4
62
4
32
3
51
1
73
2
81
3
68
4
92
4
38
4
29
2
23
1
26
5
36
3
19
0
74
1
46
2
25
4
75
5
98
2
99
3
76
4
59
4
92
2
1
2
45
3
84
4
3
5
66
5
22
5
45
2
37
5
58
5
18
3
15
5
86
2
94
4
62
5
88
5
73
3
85
1
96
2
1
4
9
1
29
5
78
1
12
3
19
3
2
2
98
3
82
1
1
2
49
3
41
2
75
5
35
3
2
3
45
1
1
5
12
3
32
3
54
1
51
5
35
1
74
3
89
2
59
3
49
2
66
5
29
5
35
2
86
2
58
1
8
4
14
1
21
3
96
5
77
1
48
4
37
2
53
0
40
1
76
4
83
3
89
3
47
2
85
3
72
4
87
4
54
5
19
3
71
5
12
3
14
4
53
3
33
2
73
1
47
2
52
1
17
4
39
2
19
2
46
3
41
0
80
2
2
2
49
4
63
1
42
1
3
4
58
2
37
0
58
5
57
5
59
3
19
5
19
1
98
5
19
4
17
2
11
3
31
4
77
4
33
3
3
3
65
5
44
4
12
5
55
1
68
2
27
1
5
1
33
2
95
3
67
0
50
4
76
4
73
4
93
2
34
2
66
3
37
4
26
4
67
3
59
5
99
2
52
5
26
4
29
1
49
2
12
1
72
3
53
3
77
5
27
3
8
3
89
1
52
1
9
2
42
2
21
4
15
2
64
2
62
5
73
1
45
4
57
1
12
5
25
1
47
5
49
4
93
2
4
5
98
1
72
3
63
4
62
5
76
3
32
0
50
1
29
2
79
2
59
5
49
4
24
1
64
2
15
2
69
3
35
3
7
1
93
4
22
4
72
4
75
3
66
5
13
1
43
4
28
5
23
4
7
5
72
5
49
2
53
2
29
2
14
4
95
2
24
1
63
5
69
2
91
4
77
3
4
2
77
5
47
3
16
5
83
1
66
5
53
0
57
1
9
4
15
3
26
1
44
1
53
3
69
3
46
1
89
1
62
3
76
3
34
1
62
2
56
3
58
2
89
4
19
4
29
1
8
5
46
2
78
4
82
4
89
5
42
2
56
2
29
5
78
3
69
3
88
5
37
5
68
4
92
2
23
1
9
4
97
3
37
5
64
2
39
2
4
1
96
3
49
1
29
4
74
1
28
2
79
2
89
5
59
2
31
4
25
5
4
4
67
5
62
1
79
3
38
1
65
3
1
2
82
5
39
4
18
4
61
1
57
2
28
4
68
4
66
1
96
5
29
4
54
2
72
1
79
3
12
2
13
5
27
3
82
1
22
2
77
3
17
3
9
2
63
4
84
3
97
2
54
2
9
2
25
1
19
1
21
5
39
0
20
1
58
0
50
4
8
3
79
5
85
3
23
1
39
3
56
4
5
3
21
2
46
5
86
3
21
1
11
4
24
4
83
5
42
3
89
2
68
3
86
5
67
4
55
4
13
1
11
4
82
4
84
1
94
2
28
2
42
5
91
1
26
2
91
1
74
5
73
4
54
5
15
2
99
1
71
4
99
3
59
5
9
3
9
4
16
2
78
2
37
3
61
0
50
3
86
2
39
5
49
3
37
2
64
4
59
3
29
4
97
1
26
4
69
5
72
3
47
4
19
3
41
3
52
5
44
4
67
2
71
2
68
3
39
1
31
2
69
1
26
1
15
5
34
2
0
5
73
4
73
1
86
1
99
4
72
3
72
4
69
3
43
2
25
2
17
4
46
3
97
1
87
1
19
3
61
