16
88
9
94
15
27
9
99
9
74
9
74
9
34
9
64
12
84
15
87
9
74
9
99
16
88
9
94
17
89
9
93
9
74
13
25
11
23
9
94
0
60
9
14
9
74
9
99
9
14
9
99
9
64
16
28
9
74
9
74
12
54
9
63
12
84
16
28
9
44
9
99
9
34
9
64
9
14
15
57
9
34
9
64
9
34
9
73
9
44
9
74
9
14
16
88
14
26
9
74
15
57
9
99
13
55
9
94
11
83
16
28
9
14
9
64
14
26
9
74
9
99
12
84
9
64
15
87
9
14
12
84
13
55
9
94
9
34
9
94
9
74
9
31
9
44
14
56
9
99
9
44
9
93
9
74
12
24
15
27
9
34
9
74
9
74
14
26
9
94
9
94
9
74
9
32
9
13
9
64
11
83
9
44
9
94
13
25
9
64
9
64
13
25
9
73
9
74
9
34
12
84
11
23
9
44
9
64
14
26
14
56
9
74
0
70
16
88
9
44
9
74
9
64
9
94
9
63
9
34
9
99
9
14
9
74
16
88
9
99
17
59
14
86
13
25
9
64
9
99
9
44
9
64
12
54
9
34
13
55
9
64
9
64
9
44
14
56
9
64
15
27
9
44
16
58
9
44
0
50
9
74
14
86
9
44
13
55
9
74
11
53
9
99
9
94
9
33
9
94
9
94
9
14
9
14
9
34
9
99
12
84
9
73
9
99
9
64
13
85
9
73
9
99
13
55
12
84
9
94
9
74
9
94
9
74
9
14
9
14
9
33
14
86
9
74
9
94
9
74
9
64
9
74
9
74
12
54
9
94
14
26
9
99
9
94
12
54
9
34
9
33
9
64
9
74
9
44
14
56
9
44
9
14
15
87
9
33
9
44
9
94
9
14
9
34
17
59
11
23
9
94
9
44
9
44
9
34
9
94
11
83
9
99
12
24
15
27
9
94
9
74
9
94
9
94
15
27
9
44
9
94
9
14
9
34
9
94
9
34
15
27
13
55
14
56
16
58
14
86
9
44
9
94
13
25
9
74
9
64
9
99
9
44
11
23
9
44
9
14
12
54
15
87
9
64
14
86
13
85
9
44
9
99
9
34
9
74
9
34
9
99
16
28
9
94
9
74
13
55
9
64
9
99
9
34
9
44
9
93
9
74
9
44
9
94
9
94
9
34
17
59
9
64
9
14
9
94
13
25
9
14
9
64
9
74
9
34
9
34
9
99
9
14
9
74
9
44
9
99
9
74
9
64
9
94
9
64
9
44
9
94
9
64
9
44
9
34
9
94
0
70
17
59
13
55
9
14
9
44
9
94
9
74
16
58
14
26
13
25
9
64
9
74
9
94
9
64
9
34
11
23
9
34
9
44
0
10
9
34
9
94
9
74
15
27
9
43
9
44
9
74
9
34
9
99
16
88
9
64
9
94
9
99
9
74
9
44
9
34
9
14
9
94
9
94
13
85
9
34
9
94
8
75
16
88
9
94
9
94
0
80
9
64
9
34
9
84
9
26
11
83
9
44
13
85
12
24
11
83
14
56
9
64
9
74
9
74
11
23
9
14
9
64
17
59
9
34
14
26
9
99
9
13
13
25
16
58
9
44
9
74
9
34
9
13
9
94
9
99
9
14
13
25
9
94
9
74
9
99
9
14
9
44
17
59
9
44
9
34
13
25
9
99
9
18
9
34
9
99
9
94
9
14
9
44
9
34
17
29
0
50
9
64
13
25
11
83
15
57
12
54
9
64
13
25
15
27
17
89
9
44
17
59
9
74
9
64
9
14
14
56
9
64
11
83
9
74
13
85
9
44
11
83
0
80
9
34
9
64
9
34
16
58
9
74
9
44
9
14
13
85
9
64
9
74
9
94
9
63
12
54
11
23
9
99
9
99
15
87
9
99
11
83
9
94
9
34
13
55
13
85
9
63
0
60
9
14
9
44
17
89
9
66
2
29
14
26
9
13
9
34
9
44
11
53
16
58
15
87
9
34
14
56
9
74
16
58
13
85
9
44
9
44
9
99
9
34
9
44
9
64
9
94
9
94
9
94
1
19
13
85
9
64
9
99
11
83
0
20
16
58
14
86
9
94
9
14
9
44
9
14
9
94
9
94
9
14
16
58
9
74
13
85
14
86
13
55
9
33
9
99
9
44
9
34
15
87
2
99
14
22
9
44
9
94
9
94
9
94
9
94
0
40
9
64
14
26
9
99
9
74
9
34
9
94
12
54
9
64
13
25
9
33
15
87
9
74
9
94
0
90
9
94
9
44
17
59
9
64
9
34
15
87
9
99
9
33
9
34
9
34
9
34
13
25
12
54
9
44
13
25
14
56
9
34
9
43
11
53
13
25
9
44
9
74
9
44
9
34
9
74
9
34
9
74
9
64
0
0
9
64
9
94
16
88
9
14
9
34
9
97
9
14
15
87
9
74
12
84
1
69
9
99
9
14
17
89
9
34
9
77
13
25
9
74
11
53
9
34
9
34
9
99
9
44
4
22
1
39
15
87
0
10
9
94
9
14
9
14
9
44
9
1
9
64
9
94
9
99
9
63
9
44
9
99
9
99
9
68
9
74
9
73
9
34
11
23
9
94
9
94
9
74
16
88
9
93
15
87
9
74
9
34
15
27
2
53
9
94
9
14
9
93
9
34
9
74
9
99
0
20
15
57
9
99
9
63
16
88
9
99
0
57
17
29
9
64
9
64
13
55
13
85
9
34
9
44
11
53
9
74
13
51
0
76
14
86
9
74
9
44
9
63
13
85
9
93
9
74
9
99
9
44
9
34
9
34
9
34
9
44
15
27
0
74
13
55
9
34
15
87
9
99
9
99
15
87
9
64
9
99
9
1
14
56
9
94
9
14
9
74
9
34
15
57
9
44
9
64
17
29
15
27
9
94
9
99
9
74
9
94
13
85
9
94
9
99
9
13
9
14
9
34
17
89
12
24
15
27
9
14
9
99
9
94
9
13
14
56
11
53
14
86
9
44
9
14
15
57
9
13
12
24
9
44
9
64
9
63
9
44
13
85
9
94
9
64
15
57
9
74
9
34
9
44
9
94
9
64
9
14
14
26
9
33
9
99
17
89
13
55
9
44
9
64
0
40
13
85
9
94
9
94
15
57
9
94
12
84
9
94
9
64
17
29
3
79
12
24
14
26
9
64
9
44
13
85
13
55
9
64
13
25
9
44
14
26
14
56
11
53
0
80
9
14
14
56
9
63
12
54
9
14
9
64
9
44
0
59
9
64
9
64
15
27
17
29
9
99
17
29
16
28
11
23
9
43
16
88
9
44
9
14
9
74
14
56
12
24
9
64
9
74
9
34
9
14
9
44
9
99
9
74
0
50
9
76
13
85
9
99
9
44
9
66
9
44
9
34
9
74
9
64
9
99
9
64
9
34
9
34
13
55
12
24
12
84
15
52
15
87
9
34
9
14
0
89
9
64
9
14
2
49
9
33
15
27
9
74
2
69
13
85
13
55
9
64
1
12
9
34
13
55
17
59
9
99
9
14
9
98
12
84
9
74
9
74
16
88
9
44
0
50
9
34
14
86
9
64
17
59
9
34
9
74
14
26
9
74
9
44
9
14
9
93
9
34
12
84
15
87
9
74
13
25
13
55
9
34
9
34
9
14
12
84
17
59
2
59
9
34
14
26
9
99
9
34
9
63
9
74
9
99
16
88
9
14
14
86
17
59
15
27
9
94
9
74
9
64
0
59
9
14
15
27
9
34
9
43
1
59
9
74
15
57
9
94
9
74
15
87
9
44
9
74
9
64
9
64
9
94
16
28
9
34
9
14
16
58
14
86
9
94
9
94
12
54
9
64
9
34
17
89
9
74
9
94
9
44
9
74
9
99
9
34
9
14
9
99
9
44
9
74
9
44
9
14
9
99
15
57
9
34
14
86
9
28
14
86
9
94
9
64
9
43
8
25
9
14
4
67
9
74
13
85
9
44
9
74
9
13
2
89
9
44
16
28
9
73
9
64
9
34
9
74
9
74
9
99
9
34
9
64
12
84
13
85
12
24
2
19
9
34
9
94
13
22
14
86
15
27
9
14
9
74
9
94
9
99
9
64
9
14
9
34
13
25
9
33
9
44
0
20
9
64
0
50
9
14
15
87
8
85
9
34
9
44
9
56
9
14
9
33
14
56
9
94
9
33
11
23
9
34
9
94
12
54
9
94
2
69
9
94
9
74
9
64
13
25
11
23
9
94
9
94
9
99
9
34
12
54
9
91
9
34
9
99
13
85
13
85
9
64
15
27
9
99
11
83
9
99
9
64
9
14
3
9
16
28
14
86
9
44
9
73
0
50
9
94
9
44
17
59
9
44
2
64
9
64
9
34
9
99
9
34
9
74
9
72
15
57
16
28
11
53
9
64
14
56
9
74
11
83
9
68
9
44
9
43
9
74
9
34
13
25
9
44
2
0
13
85
13
85
9
94
9
99
9
72
12
84
9
74
13
55
9
34
14
26
16
58
9
99
9
87
13
25
9
73
