8
80
8
90
7
19
6
99
7
69
8
70
6
29
9
59
5
76
8
79
6
69
7
96
9
80
7
89
9
81
7
85
9
71
6
17
5
15
5
86
0
60
8
10
7
69
5
95
8
10
5
99
5
56
8
20
8
70
8
69
5
46
7
55
7
76
8
20
5
36
8
99
8
26
5
59
6
7
8
49
8
30
5
59
7
29
6
65
8
40
9
69
9
11
8
80
6
19
8
69
7
49
6
99
8
47
6
89
5
75
8
20
7
9
6
58
6
19
8
69
7
97
6
76
6
59
7
79
6
9
7
76
8
47
9
87
5
29
6
89
7
69
8
31
5
39
6
49
7
99
6
39
7
85
8
69
7
16
7
19
7
28
8
68
7
69
8
18
9
90
7
89
9
71
7
31
5
5
6
59
8
75
5
36
6
89
6
17
6
59
6
59
7
17
7
65
7
69
7
29
5
76
7
15
5
39
9
61
6
19
6
49
8
70
0
70
9
80
7
39
7
69
8
60
6
89
7
55
6
29
7
99
5
9
6
68
8
80
9
99
9
51
7
78
5
17
9
59
8
99
7
39
6
59
8
46
9
28
7
47
5
59
8
57
9
41
6
49
7
59
9
19
9
41
8
50
8
36
0
50
6
69
6
79
6
36
5
49
6
69
8
45
7
97
7
86
8
33
6
89
7
87
9
9
5
9
6
28
7
99
8
76
8
65
9
99
9
58
5
79
7
65
5
99
5
49
8
76
9
91
7
69
6
86
5
69
6
9
6
8
5
25
6
79
5
69
8
89
8
70
7
56
8
66
8
69
6
46
6
86
8
18
8
98
8
87
7
46
6
26
8
25
7
59
7
66
5
39
6
49
6
39
6
9
7
79
6
34
6
39
6
89
5
9
8
30
9
51
6
15
8
90
9
41
9
41
6
26
7
87
8
75
7
98
7
16
7
19
5
89
9
69
7
89
7
88
7
19
9
41
5
86
8
10
8
26
8
90
8
30
7
19
5
49
6
49
8
50
6
79
6
39
9
91
5
19
7
69
9
61
5
99
6
39
7
15
5
36
8
7
7
46
9
79
7
57
6
79
5
79
5
37
5
99
9
31
5
69
7
26
7
97
8
20
8
90
6
68
5
47
5
59
6
99
9
31
6
36
5
85
9
69
9
41
9
89
8
90
8
30
9
51
6
58
5
8
5
87
5
19
7
9
7
59
7
69
6
26
9
29
7
99
5
9
8
66
8
39
9
99
6
67
6
59
6
89
8
58
8
37
8
89
9
60
7
38
9
28
7
89
0
70
9
51
5
49
6
8
9
37
6
89
5
69
8
50
6
19
5
19
7
59
6
69
6
89
8
60
8
27
6
15
5
27
8
39
0
10
9
31
9
91
7
68
7
19
5
35
7
39
6
66
6
28
5
99
9
80
6
58
5
89
9
97
9
71
5
39
6
29
6
9
8
86
5
89
7
77
8
27
8
90
7
75
8
80
5
89
6
89
0
80
6
59
7
29
8
84
6
26
7
75
9
40
5
79
7
16
6
75
6
49
6
59
5
66
7
69
6
15
5
9
5
59
9
51
7
29
6
19
7
99
5
5
5
19
8
50
6
39
8
66
5
27
6
5
8
90
5
99
8
10
5
17
5
88
5
68
5
99
6
7
6
39
9
51
8
40
8
30
5
19
7
98
7
18
7
29
7
99
8
90
9
7
5
39
7
29
9
21
0
50
7
59
5
19
7
75
7
49
7
46
6
59
7
17
7
19
9
81
8
40
9
51
5
66
7
59
7
7
6
49
8
60
6
75
7
69
7
77
8
40
8
75
0
80
9
31
5
59
8
29
9
50
6
69
9
39
5
9
7
77
8
59
8
70
7
89
6
55
7
46
6
15
8
96
5
99
7
79
8
99
6
75
7
88
7
27
5
47
8
77
9
63
0
60
5
6
6
38
9
81
6
66
2
26
6
19
5
5
6
28
5
36
6
45
8
50
7
79
5
29
6
49
5
68
8
50
5
79
7
39
6
39
8
97
7
29
7
39
9
61
9
89
5
87
7
89
1
16
5
79
5
59
6
99
6
75
0
20
8
50
6
79
7
88
6
9
8
40
8
10
8
87
9
91
9
9
8
50
8
70
5
79
6
79
5
48
5
25
5
97
9
38
5
27
7
79
2
96
6
22
5
39
8
90
9
91
8
90
8
90
0
40
7
59
8
18
6
99
7
69
8
29
9
87
8
46
7
59
9
17
8
25
7
79
7
68
5
89
0
90
7
88
7
39
9
51
6
59
7
29
7
79
5
97
5
25
6
26
7
27
8
29
5
17
5
46
6
39
9
17
6
49
6
29
5
35
5
45
5
19
5
39
9
68
9
41
6
27
9
71
7
29
6
69
6
59
0
0
5
59
7
89
8
80
7
9
8
29
5
97
5
6
7
79
8
66
6
76
1
68
8
98
6
9
9
81
6
29
6
77
5
19
6
69
5
45
8
26
9
31
8
96
7
36
4
22
1
39
8
79
0
10
9
89
6
6
8
8
9
39
7
1
6
59
7
86
7
96
7
55
7
39
9
99
7
97
9
68
9
71
8
65
8
28
8
15
7
89
8
90
9
70
8
80
8
85
7
79
8
66
8
30
7
19
2
53
8
87
7
7
8
85
6
26
6
69
5
99
0
20
7
49
9
99
9
63
8
80
6
99
0
57
9
21
7
59
5
59
7
47
5
79
7
29
7
39
8
45
5
69
5
51
0
76
9
78
8
66
8
36
7
55
5
77
6
85
7
69
8
96
8
40
8
30
6
27
5
29
9
40
7
19
0
74
5
49
6
29
8
79
9
99
6
99
7
79
8
60
8
96
6
1
6
49
7
88
8
7
9
70
8
26
9
49
6
39
9
61
9
21
7
19
9
90
6
98
8
66
9
91
9
77
7
89
5
99
6
5
8
10
5
29
9
81
5
16
7
19
7
6
6
99
7
86
5
5
6
49
7
45
6
79
9
39
7
6
7
49
5
5
8
16
7
36
7
58
5
55
9
39
5
78
7
89
6
59
7
49
6
69
9
31
9
39
6
89
6
59
5
9
8
18
5
25
7
99
9
81
5
49
8
40
6
57
0
40
5
79
8
87
7
89
7
49
6
89
7
76
8
90
8
58
9
21
3
75
8
16
7
18
8
57
7
37
6
77
5
49
6
56
5
19
8
40
6
19
6
49
7
45
0
80
6
6
6
49
8
63
5
46
5
7
8
60
6
39
0
59
9
61
9
61
7
19
9
21
5
99
9
21
8
20
6
15
7
35
8
80
8
37
7
7
7
69
9
48
8
16
9
59
5
69
6
29
5
9
5
37
6
99
7
69
0
50
8
76
8
77
8
97
6
38
6
66
7
39
8
30
8
70
7
59
9
99
6
56
9
30
8
30
5
49
6
16
5
76
7
53
7
79
9
31
7
9
0
89
5
56
5
9
2
46
6
25
8
19
6
68
2
66
9
77
5
49
8
60
1
12
9
29
5
49
9
51
8
97
6
8
9
98
5
76
7
67
8
66
9
80
7
36
0
50
5
29
6
79
6
59
9
51
8
28
5
68
6
19
6
69
7
39
7
9
5
93
8
26
8
76
8
79
7
69
9
17
5
47
8
30
9
27
8
10
8
76
9
51
2
57
6
29
6
18
8
99
6
28
5
63
9
71
6
95
8
80
7
8
6
79
9
51
7
19
9
87
5
69
9
57
0
59
5
9
8
19
7
29
5
44
1
57
7
69
7
49
5
89
5
66
7
79
7
38
5
66
6
59
7
59
6
89
8
20
8
30
5
9
9
50
6
79
8
86
8
90
8
46
6
59
6
29
9
81
7
69
7
89
9
41
9
71
8
96
6
27
5
9
8
99
7
39
9
68
6
39
6
8
5
99
7
49
5
29
8
78
5
28
6
79
6
89
9
61
6
35
8
25
9
8
4
67
8
66
5
79
7
39
5
69
7
5
2
86
9
41
8
20
8
65
5
59
6
29
8
70
8
70
5
99
9
31
8
58
6
76
5
79
7
16
2
17
9
31
7
86
5
22
6
79
7
19
7
9
6
67
8
88
7
99
6
58
6
9
6
29
5
19
5
25
9
41
0
20
5
59
0
50
8
10
7
79
8
85
7
27
5
39
7
56
8
9
7
25
6
49
9
90
7
25
5
15
8
28
8
87
8
46
7
89
2
69
7
89
9
71
8
59
8
17
5
15
8
86
8
88
5
98
6
29
6
46
9
91
5
29
6
95
5
78
9
77
8
58
9
19
6
99
5
75
8
99
7
59
9
11
3
9
8
20
6
79
6
39
7
65
0
50
7
89
6
39
9
51
7
39
2
64
8
60
7
29
8
99
5
29
8
70
9
72
7
49
8
20
7
45
7
56
9
48
8
70
6
75
6
68
7
39
5
35
6
69
5
29
5
19
9
38
2
0
9
77
8
77
5
89
5
99
8
72
7
76
8
70
7
47
6
29
6
19
8
50
7
99
5
87
5
19
7
65
