19
93
9
94
19
32
9
99
9
74
9
74
9
34
9
64
17
89
19
92
9
74
9
99
19
93
9
94
19
94
9
94
9
74
18
30
16
28
9
94
0
60
9
14
9
74
9
99
9
14
9
99
9
64
19
33
9
74
9
74
17
59
9
64
17
89
19
33
9
44
9
99
9
34
9
64
9
14
19
62
9
34
9
64
9
34
9
74
9
44
9
74
9
14
19
93
19
31
9
74
19
62
9
99
18
60
9
94
16
88
19
33
9
14
9
64
19
31
9
74
9
99
17
89
9
64
19
92
9
14
17
89
18
60
9
94
9
34
9
94
9
74
9
31
9
44
19
61
9
99
9
44
9
94
9
74
17
29
19
32
9
34
9
74
9
74
19
31
9
94
9
94
9
74
9
32
9
14
9
64
16
88
9
44
9
94
18
30
9
64
9
64
18
30
9
74
9
74
9
34
17
89
16
28
9
44
9
64
19
31
19
61
9
74
0
70
19
93
9
44
9
74
9
64
9
94
9
64
9
34
9
99
9
14
9
74
19
93
9
99
19
64
19
91
18
30
9
64
9
99
9
44
9
64
17
59
9
34
18
60
9
64
9
64
9
44
19
61
9
64
19
32
9
44
19
63
9
44
0
50
9
74
19
91
9
44
18
60
9
74
16
58
9
99
9
94
9
33
9
94
9
94
9
14
9
14
9
34
9
99
17
89
9
74
9
99
9
64
18
90
9
74
9
99
18
60
17
89
9
94
9
74
9
94
9
74
9
14
9
14
9
34
19
91
9
74
9
94
9
74
9
64
9
74
9
74
17
59
9
94
19
31
9
99
9
94
17
59
9
34
9
34
9
64
9
74
9
44
19
61
9
44
9
14
19
92
9
33
9
44
9
94
9
14
9
34
19
64
16
28
9
94
9
44
9
44
9
34
9
94
16
88
9
99
17
29
19
32
9
94
9
74
9
94
9
94
19
32
9
44
9
94
9
14
9
34
9
94
9
34
19
32
18
60
19
61
19
63
19
91
9
44
9
94
18
30
9
74
9
64
9
99
9
44
16
28
9
44
9
14
17
59
19
92
9
64
19
91
18
90
9
44
9
99
9
34
9
74
9
34
9
99
19
33
9
94
9
74
18
60
9
64
9
99
9
34
9
44
9
94
9
74
9
44
9
94
9
94
9
34
19
64
9
64
9
14
9
94
18
30
9
14
9
64
9
74
9
34
9
34
9
99
9
14
9
74
9
44
9
99
9
74
9
64
9
94
9
64
9
44
9
94
9
64
9
44
9
34
9
94
0
70
19
64
18
60
9
14
9
44
9
94
9
74
19
63
19
31
18
30
9
64
9
74
9
94
9
64
9
34
16
28
9
34
9
44
0
10
9
34
9
94
9
74
19
32
9
44
9
44
9
74
9
34
9
99
19
93
9
64
9
94
9
99
9
74
9
44
9
34
9
14
9
94
9
94
18
90
9
34
9
94
8
75
19
93
9
94
9
94
0
80
9
64
9
34
9
84
9
26
16
88
9
44
18
90
17
29
16
88
19
61
9
64
9
74
9
74
16
28
9
14
9
64
19
64
9
34
19
31
9
99
9
14
18
30
19
63
9
44
9
74
9
34
9
14
9
94
9
99
9
14
18
30
9
94
9
74
9
99
9
14
9
44
19
64
9
44
9
34
18
30
9
99
9
18
9
34
9
99
9
94
9
14
9
44
9
34
19
34
0
50
9
64
18
30
16
88
19
62
17
59
9
64
18
30
19
32
19
94
9
44
19
64
9
74
9
64
9
14
19
61
9
64
16
88
9
74
18
90
9
44
16
88
0
80
9
34
9
64
9
34
19
63
9
74
9
44
9
14
18
90
9
64
9
74
9
94
9
64
17
59
16
28
9
99
9
99
19
92
9
99
16
88
9
94
9
34
18
60
18
90
9
63
0
60
9
14
9
44
19
94
9
66
2
29
19
31
9
14
9
34
9
44
16
58
19
63
19
92
9
34
19
61
9
74
19
63
18
90
9
44
9
44
9
99
9
34
9
44
9
64
9
94
9
94
9
94
1
19
18
90
9
64
9
99
16
88
0
20
19
63
19
91
9
94
9
14
9
44
9
14
9
94
9
94
9
14
19
63
9
74
18
90
19
91
18
60
9
34
9
99
9
44
9
34
19
92
2
99
19
22
9
44
9
94
9
94
9
94
9
94
0
40
9
64
19
31
9
99
9
74
9
34
9
94
17
59
9
64
18
30
9
34
19
92
9
74
9
94
0
90
9
94
9
44
19
64
9
64
9
34
19
92
9
99
9
34
9
34
9
34
9
34
18
30
17
59
9
44
18
30
19
61
9
34
9
44
16
58
18
30
9
44
9
74
9
44
9
34
9
74
9
34
9
74
9
64
0
0
9
64
9
94
19
93
9
14
9
34
9
97
9
14
19
92
9
74
17
89
1
69
9
99
9
14
19
94
9
34
9
77
18
30
9
74
16
58
9
34
9
34
9
99
9
44
4
22
1
39
19
92
0
10
9
94
9
14
9
14
9
44
9
1
9
64
9
94
9
99
9
64
9
44
9
99
9
99
9
68
9
74
9
74
9
34
16
28
9
94
9
94
9
74
19
93
9
94
19
92
9
74
9
34
19
32
2
53
9
94
9
14
9
94
9
34
9
74
9
99
0
20
19
62
9
99
9
63
19
93
9
99
0
57
19
34
9
64
9
64
18
60
18
90
9
34
9
44
16
58
9
74
18
51
0
76
19
91
9
74
9
44
9
64
18
90
9
94
9
74
9
99
9
44
9
34
9
34
9
34
9
44
19
32
0
74
18
60
9
34
19
92
9
99
9
99
19
92
9
64
9
99
9
1
19
61
9
94
9
14
9
74
9
34
19
62
9
44
9
64
19
34
19
32
9
94
9
99
9
74
9
94
18
90
9
94
9
99
9
14
9
14
9
34
19
94
17
29
19
32
9
14
9
99
9
94
9
14
19
61
16
58
19
91
9
44
9
14
19
62
9
14
17
29
9
44
9
64
9
64
9
44
18
90
9
94
9
64
19
62
9
74
9
34
9
44
9
94
9
64
9
14
19
31
9
34
9
99
19
94
18
60
9
44
9
64
0
40
18
90
9
94
9
94
19
62
9
94
17
89
9
94
9
64
19
34
3
79
17
29
19
31
9
64
9
44
18
90
18
60
9
64
18
30
9
44
19
31
19
61
16
58
0
80
9
14
19
61
9
63
17
59
9
14
9
64
9
44
0
59
9
64
9
64
19
32
19
34
9
99
19
34
19
33
16
28
9
44
19
93
9
44
9
14
9
74
19
61
17
29
9
64
9
74
9
34
9
14
9
44
9
99
9
74
0
50
9
76
18
90
9
99
9
44
9
66
9
44
9
34
9
74
9
64
9
99
9
64
9
34
9
34
18
60
17
29
17
89
19
52
19
92
9
34
9
14
0
89
9
64
9
14
2
49
9
34
19
32
9
74
2
69
18
90
18
60
9
64
1
12
9
34
18
60
19
64
9
99
9
14
9
98
17
89
9
74
9
74
19
93
9
44
0
50
9
34
19
91
9
64
19
64
9
34
9
74
19
31
9
74
9
44
9
14
9
93
9
34
17
89
19
92
9
74
18
30
18
60
9
34
9
34
9
14
17
89
19
64
2
59
9
34
19
31
9
99
9
34
9
63
9
74
9
99
19
93
9
14
19
91
19
64
19
32
9
94
9
74
9
64
0
59
9
14
19
32
9
34
9
43
1
59
9
74
19
62
9
94
9
74
19
92
9
44
9
74
9
64
9
64
9
94
19
33
9
34
9
14
19
63
19
91
9
94
9
94
17
59
9
64
9
34
19
94
9
74
9
94
9
44
9
74
9
99
9
34
9
14
9
99
9
44
9
74
9
44
9
14
9
99
19
62
9
34
19
91
9
28
19
91
9
94
9
64
9
44
8
25
9
14
4
67
9
74
18
90
9
44
9
74
9
14
2
89
9
44
19
33
9
74
9
64
9
34
9
74
9
74
9
99
9
34
9
64
17
89
18
90
17
29
2
19
9
34
9
94
18
22
19
91
19
32
9
14
9
74
9
94
9
99
9
64
9
14
9
34
18
30
9
34
9
44
0
20
9
64
0
50
9
14
19
92
8
85
9
34
9
44
9
56
9
14
9
34
19
61
9
94
9
34
16
28
9
34
9
94
17
59
9
94
2
69
9
94
9
74
9
64
18
30
16
28
9
94
9
94
9
99
9
34
17
59
9
91
9
34
9
99
18
90
18
90
9
64
19
32
9
99
16
88
9
99
9
64
9
14
3
9
19
33
19
91
9
44
9
74
0
50
9
94
9
44
19
64
9
44
2
64
9
64
9
34
9
99
9
34
9
74
9
72
19
62
19
33
16
58
9
64
19
61
9
74
16
88
9
68
9
44
9
44
9
74
9
34
18
30
9
44
2
0
18
90
18
90
9
94
9
99
9
72
17
89
9
74
18
60
9
34
19
31
19
63
9
99
9
87
18
30
9
74
