9
14
9
64
9
44
9
14
19
93
9
14
19
31
9
14
9
99
9
99
9
64
9
64
9
99
9
64
9
99
9
44
9
99
16
58
9
99
9
14
9
74
9
94
9
34
9
74
16
28
18
60
9
34
16
58
18
90
9
99
9
99
9
64
9
99
9
99
9
74
9
77
9
94
9
14
18
90
9
94
0
60
9
94
9
14
9
74
9
34
19
34
9
74
0
70
19
34
19
33
19
61
9
94
9
14
9
64
9
74
9
44
19
32
16
28
9
14
19
61
19
61
9
74
9
94
9
99
9
99
9
64
19
31
17
89
9
99
9
44
19
94
9
94
9
74
9
34
9
99
0
70
9
14
9
74
9
74
9
34
9
44
9
34
9
94
9
74
9
64
9
64
18
90
18
60
0
0
9
14
19
61
9
44
16
58
18
60
9
34
9
64
9
64
18
30
9
34
9
74
9
44
19
61
9
14
9
14
19
31
9
74
9
34
9
64
9
94
9
94
9
94
19
93
9
99
18
90
19
61
9
34
9
99
19
91
9
74
9
64
19
92
9
34
9
64
19
91
9
94
9
99
0
80
9
94
9
34
17
59
19
33
9
74
19
91
9
94
9
74
9
34
9
99
19
34
9
34
9
99
9
94
9
74
9
99
16
58
9
44
16
88
9
94
19
93
9
44
9
34
9
14
9
34
9
74
9
44
18
30
9
94
9
44
9
34
9
61
9
64
18
30
9
14
9
34
9
44
19
92
9
77
9
99
9
34
19
32
9
74
9
94
16
88
9
43
9
34
9
99
9
99
9
34
16
28
9
94
9
44
9
99
9
34
9
94
9
94
9
34
9
74
9
64
9
44
9
14
9
44
9
74
9
74
9
74
19
91
0
50
9
64
19
32
9
42
19
31
0
60
9
94
9
14
9
44
9
99
9
74
19
93
9
64
17
89
9
94
19
32
19
91
9
74
9
14
9
14
9
64
19
32
9
44
9
94
19
31
9
44
19
31
9
14
17
29
18
30
9
74
19
92
9
34
9
14
9
34
9
74
19
91
9
34
9
14
9
74
19
31
19
91
9
94
18
90
9
64
18
30
9
44
9
44
9
74
9
64
9
44
18
30
9
99
9
64
19
91
9
74
19
63
9
99
9
44
9
99
9
64
9
34
9
94
9
44
9
94
19
61
9
34
9
14
9
99
19
91
9
64
9
44
19
62
17
59
9
99
9
99
9
44
9
74
9
99
19
92
9
66
0
10
9
64
19
31
9
64
16
28
18
30
9
14
9
34
9
34
18
90
18
90
9
64
19
91
9
64
9
64
19
61
9
44
9
99
9
44
3
99
9
14
18
60
9
64
9
94
17
59
9
34
9
34
9
44
9
44
9
99
9
44
9
64
9
3
9
14
9
74
9
34
9
44
9
94
18
60
9
34
4
49
9
94
9
99
9
99
9
34
9
44
9
64
9
94
9
74
9
64
9
14
9
14
9
64
9
14
9
44
9
94
9
94
9
64
19
61
9
44
19
31
2
19
9
99
9
99
9
94
9
99
19
93
9
44
9
74
9
26
19
92
18
90
9
99
9
14
9
74
9
34
4
50
9
48
17
89
9
14
9
99
9
34
19
63
9
74
9
34
9
44
9
14
19
32
9
44
9
64
3
39
0
0
9
14
19
64
9
34
8
95
9
38
1
39
9
64
9
74
9
14
9
99
9
94
8
65
9
74
18
90
19
31
9
14
9
44
9
74
9
14
9
34
9
74
18
30
16
28
17
29
19
31
9
14
9
44
9
14
18
60
9
99
9
64
9
94
9
44
9
99
9
94
9
44
9
74
9
44
9
64
9
14
9
74
9
64
1
39
18
60
9
99
9
14
18
30
9
14
9
34
9
13
9
99
9
94
9
44
9
94
18
60
9
74
9
99
9
71
9
34
9
94
18
60
9
34
16
28
9
44
9
14
9
94
9
14
19
91
9
64
0
19
9
94
9
14
9
44
16
88
9
64
9
64
9
99
9
74
9
34
17
29
9
99
9
64
9
99
9
94
9
34
9
99
9
44
19
92
9
99
19
31
9
94
9
99
19
91
9
94
9
44
9
99
19
93
18
90
9
99
9
34
9
34
19
62
9
99
18
30
9
99
9
34
9
99
0
20
9
14
9
34
9
99
16
28
9
99
9
64
9
44
19
32
9
74
9
44
17
89
9
14
1
29
18
30
9
64
9
44
9
14
19
91
9
64
19
61
9
44
9
44
9
73
9
34
9
74
9
94
9
99
9
74
9
74
9
14
18
60
9
34
19
63
4
19
9
44
9
64
9
99
9
99
9
99
9
99
0
40
18
30
9
14
18
60
9
14
9
94
19
34
9
94
9
34
9
14
9
34
9
64
9
64
9
94
9
74
19
63
18
60
9
44
9
14
9
94
9
44
9
44
9
74
19
94
17
59
19
34
16
28
16
88
9
34
18
60
17
59
9
44
18
30
9
14
9
44
9
64
19
93
19
94
9
74
19
91
1
59
9
74
9
74
9
44
19
92
9
99
9
99
9
44
19
92
9
94
9
34
3
29
9
34
19
31
9
94
9
44
9
94
19
32
9
64
17
29
9
44
9
34
9
74
9
14
9
34
9
94
19
92
2
49
19
31
9
44
19
34
9
14
19
62
9
94
9
34
9
99
9
64
19
31
9
74
3
79
9
74
17
59
9
74
9
14
9
74
9
99
17
89
9
14
9
99
8
85
9
44
19
91
4
29
9
74
8
35
19
92
9
99
9
34
9
74
18
30
9
34
19
32
9
94
9
34
9
64
1
79
9
34
9
14
9
64
9
11
9
34
9
44
9
94
9
7
19
61
0
50
9
34
17
59
19
33
19
93
19
32
0
50
16
58
1
59
9
74
19
94
9
99
9
14
9
34
9
94
9
94
2
69
3
20
18
90
9
74
19
92
9
64
9
44
9
14
9
34
19
93
9
64
9
64
9
14
19
64
9
94
17
59
9
64
9
94
18
90
19
92
9
14
19
31
19
32
9
14
9
94
18
30
9
14
9
34
9
34
19
93
9
14
9
34
9
14
9
99
19
33
9
99
9
64
18
60
9
14
16
58
9
14
9
14
9
34
9
34
18
60
0
70
16
58
9
64
9
34
19
63
9
44
9
99
18
90
19
33
9
94
9
14
9
34
9
64
9
44
18
90
19
81
9
99
9
74
9
13
9
64
9
44
9
74
18
60
19
31
9
72
18
90
9
34
9
64
9
94
9
34
9
34
9
44
9
34
9
64
18
90
18
90
9
99
18
60
0
50
1
19
19
64
19
92
9
34
9
64
9
14
17
89
9
99
19
18
9
94
19
61
3
19
9
34
19
63
9
94
9
14
18
60
19
34
9
34
9
1
9
34
16
58
9
74
9
36
19
63
9
34
9
99
19
61
9
44
9
69
9
99
9
99
9
64
0
10
19
63
9
64
19
94
1
19
9
94
9
44
9
44
9
94
9
94
16
28
19
33
9
14
19
62
9
99
9
32
9
14
17
59
9
34
9
64
9
74
9
44
9
99
9
34
9
44
9
99
9
34
9
64
9
14
9
44
9
99
19
33
9
34
9
64
4
69
18
90
9
74
9
34
16
28
9
74
9
99
9
14
9
74
9
34
9
44
9
74
9
64
19
91
9
44
19
93
9
54
19
91
9
74
16
28
18
60
9
14
9
34
9
74
9
74
3
29
9
34
9
34
9
14
9
44
9
99
9
34
9
99
19
62
19
62
3
19
2
44
9
14
18
30
18
30
9
74
9
64
19
31
0
90
19
32
9
74
16
28
9
74
19
31
9
74
9
64
4
19
4
89
9
14
9
44
9
14
9
44
9
64
9
94
9
99
19
92
19
62
2
39
9
74
18
30
9
14
9
14
9
74
9
94
9
94
18
30
2
59
17
89
17
89
9
34
9
34
19
32
18
30
19
31
9
44
3
59
9
14
9
14
9
14
9
74
9
64
9
14
0
60
9
14
18
30
19
94
9
99
18
60
9
44
9
99
19
63
9
94
9
74
9
64
9
74
0
80
17
29
9
6
9
34
19
93
9
44
9
28
9
74
19
31
18
60
9
94
9
44
9
64
9
64
9
34
9
34
9
14
18
90
9
64
9
34
9
64
9
99
9
44
9
27
9
34
9
44
9
34
9
64
19
61
9
14
9
14
9
99
9
94
9
74
9
44
9
73
9
92
9
94
9
99
9
1
19
94
9
14
17
29
2
9
9
94
19
62
9
34
18
90
9
34
9
94
9
99
19
32
9
34
17
89
9
64
17
29
18
60
9
74
9
14
17
59
19
61
9
99
9
99
9
14
1
49
9
94
9
44
9
99
18
30
9
94
18
30
9
64
9
44
9
34
9
99
9
14
9
44
9
14
9
94
9
44
19
31
16
28
9
99
17
29
16
58
9
34
9
44
0
0
9
34
9
64
19
32
9
44
9
94
17
29
0
20
19
92
9
14
9
99
9
34
9
67
9
14
9
74
19
92
