4
9
5
58
5
39
5
7
7
79
4
9
7
17
7
9
7
97
7
99
4
56
5
57
5
99
6
59
6
99
4
37
6
99
4
44
6
99
4
8
5
69
5
84
4
29
6
67
5
14
4
49
7
28
7
44
4
79
4
99
4
99
8
60
8
98
6
99
7
64
6
77
4
84
5
9
8
76
8
88
0
60
7
84
4
9
5
69
5
29
8
20
6
69
0
70
8
20
7
19
5
49
7
84
7
7
4
57
5
65
6
34
6
18
7
14
4
8
5
49
5
49
4
69
4
85
5
95
4
99
5
55
5
19
7
75
7
95
8
40
8
80
6
89
5
65
7
29
5
99
0
70
5
9
4
69
7
66
7
29
4
34
8
29
7
87
6
69
7
59
5
59
4
79
4
47
0
0
6
9
5
49
7
39
7
44
4
49
6
28
7
59
4
54
4
19
7
27
8
68
8
39
7
47
5
6
4
6
5
19
4
69
7
29
6
59
7
89
8
90
6
89
8
79
8
97
7
76
5
49
5
29
6
97
5
79
5
66
7
58
7
78
6
29
8
60
5
79
6
87
6
99
0
80
7
89
7
25
7
45
7
19
7
69
5
79
6
89
4
66
7
24
7
99
8
20
6
25
6
97
5
89
8
70
7
99
4
44
6
34
6
74
4
88
7
79
8
36
7
29
8
9
8
30
6
69
4
34
4
19
8
86
5
36
4
29
5
61
4
59
4
19
6
9
4
29
5
37
6
79
6
77
5
99
8
30
6
18
6
69
5
89
5
74
8
43
6
24
5
97
5
95
5
25
7
14
7
89
7
39
5
97
5
29
6
89
8
86
8
28
7
64
8
58
7
39
5
5
8
37
5
66
7
64
8
69
5
79
0
50
4
59
7
18
6
42
6
17
0
60
6
84
6
7
8
37
8
96
6
64
8
79
4
57
8
75
8
90
6
19
5
77
6
65
8
10
8
10
7
59
8
18
7
37
7
84
6
17
8
35
5
19
4
7
4
15
5
16
6
69
6
79
5
29
6
9
7
27
7
69
7
77
4
29
7
6
6
66
8
17
5
79
5
89
4
77
5
59
5
16
4
39
8
39
4
69
4
59
6
38
8
16
4
99
6
57
8
77
7
69
7
49
5
94
6
35
7
99
4
54
8
30
4
89
5
34
7
89
5
47
7
29
8
8
8
98
8
77
8
60
4
39
7
48
7
45
7
99
8
98
6
34
8
70
4
95
6
79
5
66
0
10
7
57
5
19
5
59
7
14
4
16
7
4
4
26
7
29
4
78
4
79
7
55
5
78
6
54
4
59
5
49
7
37
4
96
5
39
3
94
7
9
5
46
8
60
7
84
7
45
4
26
4
25
5
39
7
37
7
99
5
37
5
59
5
3
4
5
4
69
4
29
7
38
7
89
4
49
4
29
4
49
8
88
6
99
7
97
8
27
7
39
4
59
5
86
6
68
6
57
5
8
4
6
8
59
5
9
8
39
5
89
8
88
5
59
8
47
4
36
5
19
2
19
5
95
5
99
4
86
4
99
8
79
5
39
4
69
7
26
8
78
4
79
6
99
5
7
8
70
7
29
4
50
7
48
8
75
5
5
8
98
4
29
8
49
6
69
5
29
7
34
5
9
6
18
4
34
8
55
3
39
0
0
7
7
8
50
6
29
5
95
5
38
1
39
8
60
5
69
7
9
6
94
8
90
4
65
7
69
5
76
5
19
5
9
7
39
6
64
5
8
6
25
6
67
4
17
5
14
5
15
5
19
7
9
8
35
7
14
4
49
7
96
4
58
8
88
5
39
7
97
7
89
7
39
5
66
7
35
7
58
7
6
8
66
7
59
1
36
8
46
4
99
5
7
4
19
8
6
5
29
6
14
8
96
4
89
5
39
5
89
8
46
4
67
7
99
6
71
4
29
7
89
4
49
6
29
5
14
7
37
4
5
7
87
6
9
5
79
5
59
0
19
8
89
4
6
8
39
7
74
4
58
6
56
6
98
4
68
6
28
6
15
5
99
5
54
5
98
7
89
6
29
6
95
6
34
7
78
8
99
5
19
4
87
7
95
5
79
8
86
8
40
7
99
7
79
4
78
6
99
4
29
7
25
6
49
4
99
4
16
7
96
4
28
7
97
0
20
6
9
5
27
7
96
5
14
4
99
4
54
5
39
6
18
6
69
7
35
7
75
4
7
1
24
8
16
8
60
6
35
8
6
8
77
8
60
5
49
4
39
4
39
6
74
6
28
5
69
6
89
7
99
8
69
6
69
4
9
4
48
8
30
7
49
4
16
7
39
8
56
6
94
8
98
6
99
7
96
0
40
4
19
7
9
4
49
4
6
4
89
8
20
4
88
7
26
5
8
4
29
4
56
7
56
8
89
8
70
7
49
7
46
6
35
8
6
5
89
4
36
7
39
8
70
8
80
6
45
8
20
5
14
6
74
4
29
4
49
7
45
8
40
4
16
7
9
4
39
4
59
8
79
8
80
5
66
8
77
1
59
8
70
5
69
8
38
7
78
6
95
8
98
4
35
8
78
7
89
6
29
3
25
5
28
5
19
8
86
4
39
4
87
6
19
4
59
6
15
8
35
6
27
6
69
6
6
7
25
8
90
6
79
2
49
6
17
4
38
8
20
4
9
6
49
7
94
7
29
4
98
4
54
5
19
4
69
3
79
7
69
4
45
6
69
8
10
5
69
5
99
6
75
5
4
5
99
8
85
4
39
5
77
4
27
5
68
8
35
7
78
8
99
7
28
4
69
4
19
8
29
6
19
4
87
5
26
6
57
1
75
6
27
6
9
5
55
4
11
6
29
5
36
6
89
6
7
5
48
0
50
8
30
7
45
8
19
7
79
6
19
0
50
7
44
1
56
8
70
8
80
5
99
6
8
7
26
6
89
6
88
2
65
3
20
8
76
4
69
6
79
4
58
8
35
4
6
4
29
7
79
5
59
4
59
8
10
8
50
5
89
7
45
5
59
6
88
7
76
8
78
6
9
5
17
6
19
5
9
8
87
4
19
8
5
6
28
8
29
7
79
6
9
7
29
5
9
4
99
7
19
5
99
5
59
4
49
6
9
7
44
5
6
5
9
8
25
7
24
4
47
0
70
6
44
6
59
5
29
7
49
6
39
4
98
4
79
8
19
4
84
6
5
8
30
8
58
4
39
6
76
7
81
6
99
6
69
7
14
6
54
6
36
6
69
4
49
5
19
5
72
4
79
7
29
8
59
8
85
6
29
4
25
6
34
5
25
5
58
4
78
4
79
5
99
4
49
0
50
1
18
8
50
7
78
4
29
4
59
4
9
5
75
5
99
6
25
6
89
5
49
3
15
4
24
7
49
6
89
7
6
4
49
8
20
6
29
6
1
4
29
5
44
5
69
7
36
7
49
5
29
6
96
6
47
6
39
6
69
4
99
5
95
6
55
0
10
7
49
6
58
8
80
1
17
7
89
5
37
6
35
4
85
5
85
5
14
7
19
8
9
6
49
7
99
5
32
4
7
4
45
6
29
4
54
6
69
5
39
4
99
7
24
8
40
7
95
4
25
7
59
4
4
5
39
7
99
7
19
5
25
5
59
4
67
4
79
8
70
6
29
6
14
5
67
4
99
5
4
8
70
6
25
7
38
5
69
6
59
8
77
6
34
8
79
5
54
5
79
5
64
6
14
7
46
6
6
6
29
7
69
5
66
3
26
5
24
6
27
4
9
4
39
7
94
7
28
8
99
8
48
6
49
3
19
2
44
7
5
4
19
8
16
8
69
5
59
5
17
0
90
6
19
6
69
5
14
5
69
5
19
8
70
4
54
4
19
4
89
8
6
8
39
7
9
8
37
8
57
5
89
5
95
6
78
6
49
2
35
8
67
6
16
8
8
7
9
5
69
6
84
5
87
6
16
2
57
5
75
5
75
8
25
6
24
6
19
4
19
7
17
5
34
3
59
6
14
7
7
4
9
8
70
7
59
7
9
0
60
6
9
5
16
8
80
5
99
4
49
5
37
8
99
7
49
6
89
4
69
8
58
7
69
0
80
4
15
5
14
5
25
7
79
5
36
8
28
4
65
7
17
6
46
4
89
8
36
4
59
5
59
4
27
7
29
5
8
4
78
6
58
5
24
6
59
6
99
6
39
7
27
8
29
7
39
5
26
8
60
5
49
6
8
8
10
5
99
4
89
6
69
6
34
6
73
5
92
7
87
4
99
8
1
8
80
4
4
4
15
2
9
7
89
7
48
4
24
4
78
8
30
4
89
7
99
6
19
6
29
5
75
4
59
5
15
7
46
6
69
5
9
4
45
6
47
7
98
6
99
8
6
1
44
6
84
5
39
6
99
4
16
5
89
5
16
8
57
5
39
8
30
7
99
4
4
5
39
6
5
5
89
8
40
5
19
5
14
6
96
7
15
7
44
7
27
7
39
0
0
4
28
8
55
6
19
8
38
4
89
6
15
0
20
8
78
5
8
8
95
7
29
4
67
7
7
4
69
8
78
