3
8
4
57
4
39
4
6
6
79
3
8
6
16
6
9
6
96
6
99
3
55
4
56
4
98
5
59
5
99
3
36
5
98
3
43
5
99
3
7
4
68
4
83
3
29
5
66
4
13
3
48
6
27
6
43
3
79
3
99
3
99
7
59
7
97
5
98
6
63
5
77
3
83
4
9
7
75
7
87
0
60
6
83
3
9
4
69
4
28
7
19
5
69
0
70
7
19
6
19
4
49
6
83
6
6
3
56
4
64
5
33
5
17
6
13
3
7
4
49
4
49
3
68
3
84
4
94
3
99
4
54
4
19
6
74
6
94
7
39
7
79
5
89
4
64
6
28
4
99
0
70
4
9
3
69
6
65
6
29
3
33
7
28
6
86
5
69
6
59
4
59
3
79
3
46
0
0
5
9
4
48
6
39
6
43
3
49
5
27
6
59
3
53
3
19
6
26
7
67
7
38
6
46
4
5
3
5
4
18
3
69
6
29
5
59
6
89
7
89
5
89
7
78
7
96
6
75
4
49
4
29
5
96
4
79
4
65
6
57
6
77
5
29
7
59
4
78
5
86
5
98
0
80
6
89
6
24
6
44
6
19
6
69
4
79
5
89
3
65
6
23
6
98
7
19
5
24
5
96
4
88
7
69
6
99
3
43
5
33
5
73
3
87
6
79
7
35
6
29
7
8
7
29
5
68
3
33
3
19
7
85
4
35
3
29
4
61
3
58
3
19
5
9
3
28
4
36
5
79
5
77
4
99
7
29
5
17
5
69
4
89
4
73
7
43
5
23
4
96
4
94
4
24
6
13
6
89
6
39
4
96
4
29
5
89
7
85
7
27
6
63
7
57
6
39
4
4
7
36
4
65
6
63
7
68
4
79
0
50
3
59
6
17
5
42
5
16
0
60
5
83
5
6
7
36
7
95
5
63
7
78
3
56
7
74
7
89
5
19
4
76
5
64
7
9
7
9
6
59
7
17
6
36
6
83
5
16
7
34
4
19
3
6
3
14
4
15
5
68
5
79
4
28
5
9
6
26
6
68
6
76
3
29
6
5
5
65
7
16
4
78
4
89
3
76
4
59
4
15
3
39
7
38
3
69
3
58
5
37
7
15
3
99
5
56
7
76
6
69
6
48
4
93
5
34
6
99
3
53
7
29
3
88
4
33
6
89
4
46
6
28
7
7
7
97
7
76
7
59
3
39
6
47
6
44
6
99
7
97
5
33
7
69
3
94
5
79
4
66
0
10
6
56
4
19
4
59
6
13
3
15
6
3
3
25
6
29
3
77
3
79
6
54
4
77
5
53
3
59
4
48
6
36
3
95
4
39
3
93
6
9
4
45
7
59
6
83
6
44
3
25
3
24
4
39
6
36
6
98
4
36
4
58
4
3
3
4
3
69
3
29
6
37
6
89
3
49
3
29
4
49
7
87
5
98
6
96
7
26
6
39
3
58
4
85
5
67
5
56
4
7
3
5
7
58
4
9
7
38
4
89
7
87
4
59
7
46
3
35
4
19
2
19
4
94
4
99
3
85
3
98
7
78
4
39
3
69
6
26
7
77
3
79
5
99
4
6
7
69
6
29
4
50
6
48
7
74
4
4
7
97
3
29
7
48
5
69
4
29
6
33
4
9
5
17
3
33
7
54
3
38
0
0
6
6
7
49
5
29
4
95
4
38
1
39
7
59
4
69
6
9
5
93
7
89
3
65
6
69
4
75
4
19
4
9
6
39
5
63
4
7
5
24
5
66
3
16
4
13
4
14
4
19
6
9
7
34
6
14
3
49
6
95
3
57
7
87
4
39
6
96
6
89
6
39
4
65
6
34
6
57
6
5
7
65
6
59
1
35
7
45
3
99
4
6
3
18
7
5
4
29
5
14
7
95
3
88
4
39
4
89
7
45
3
66
6
99
5
71
3
29
6
88
3
49
5
29
4
13
6
36
3
4
6
86
5
9
4
79
4
59
0
19
7
88
3
5
7
38
6
73
3
57
5
55
5
97
3
67
5
27
5
14
4
99
4
53
4
97
6
89
5
29
5
94
5
33
6
77
7
99
4
18
3
86
6
94
4
79
7
85
7
39
6
99
6
79
3
77
5
99
3
29
6
24
5
48
3
99
3
15
6
95
3
27
6
96
0
20
5
9
4
26
6
95
4
13
3
99
3
53
4
39
5
17
5
69
6
34
6
74
3
6
1
23
7
15
7
59
5
34
7
5
7
76
7
59
4
48
3
39
3
38
5
74
5
27
4
69
5
88
6
98
7
68
5
69
3
9
3
47
7
29
6
49
4
15
6
39
7
55
5
93
7
97
5
98
6
95
0
40
3
19
6
8
3
49
3
5
3
89
7
19
3
87
6
25
4
7
3
29
3
55
6
55
7
88
7
69
6
49
6
45
5
34
7
5
4
89
3
35
6
39
7
69
7
79
5
44
7
19
4
13
5
73
3
28
3
49
6
44
7
39
3
15
6
9
3
39
3
58
7
78
7
79
4
65
7
76
1
59
7
69
4
68
7
37
6
77
5
94
7
97
3
34
7
77
6
88
5
29
3
24
4
27
4
19
7
85
3
39
3
86
5
19
3
58
5
14
7
34
5
26
5
69
5
5
6
24
7
89
5
79
2
49
5
16
3
37
7
19
3
9
5
49
6
94
6
29
3
97
3
53
4
19
3
69
3
79
6
69
3
44
5
69
7
9
4
69
4
99
5
74
4
3
4
99
7
85
3
39
4
76
4
26
4
67
7
35
6
77
7
99
6
27
3
68
3
19
7
28
5
19
3
86
4
25
5
56
1
74
5
26
5
9
4
54
3
11
5
29
4
35
5
89
5
7
4
47
0
50
7
29
6
44
7
18
6
79
5
18
0
50
6
43
1
55
7
69
7
79
4
98
5
7
6
25
5
89
5
87
2
64
3
20
7
75
3
69
5
78
3
57
7
34
3
5
3
29
6
79
4
59
3
59
7
9
7
49
4
89
6
44
4
59
5
87
6
75
7
77
5
9
4
16
5
19
4
8
7
86
3
19
7
4
5
27
7
28
6
79
5
8
6
29
4
9
3
99
6
19
4
99
4
59
3
48
5
9
6
43
4
5
4
9
7
24
6
23
3
46
0
70
5
43
5
59
4
29
6
48
5
39
3
97
3
79
7
18
3
83
5
4
7
29
7
57
3
38
5
75
6
81
5
99
5
68
6
14
5
53
5
35
5
69
3
49
4
19
4
72
3
79
6
29
7
58
7
84
5
29
3
24
5
33
4
24
4
57
3
77
3
79
4
99
3
49
0
50
1
17
7
49
6
77
3
29
3
59
3
9
4
74
4
98
5
26
5
89
4
49
3
14
3
23
6
49
5
89
6
5
3
49
7
19
5
29
5
1
3
29
4
43
4
69
6
36
6
48
4
29
5
95
5
46
5
39
5
69
3
99
4
94
5
54
0
10
6
48
5
57
7
79
1
16
6
88
4
36
5
34
3
84
4
84
4
13
6
19
7
8
5
49
6
99
4
32
3
6
3
44
5
29
3
53
5
69
4
39
3
99
6
23
7
39
6
94
3
24
6
59
3
3
4
39
6
99
6
18
4
24
4
59
4
66
3
79
7
69
5
29
5
13
4
66
3
99
4
3
7
69
5
24
6
37
4
69
5
58
7
76
5
33
7
78
4
54
4
79
4
63
5
13
6
45
5
5
5
29
6
69
4
65
3
25
4
23
5
26
3
9
3
38
6
93
6
27
7
99
7
47
5
49
3
18
2
44
6
4
3
18
7
15
7
68
4
59
4
16
0
90
5
19
5
69
4
13
4
69
4
19
7
69
3
53
4
19
4
89
7
5
7
38
6
9
7
36
7
56
4
89
4
94
5
77
5
48
2
34
7
66
5
15
7
7
6
9
4
69
5
83
4
86
5
15
2
56
4
74
4
74
7
24
5
23
5
19
3
19
6
16
4
33
3
59
5
14
6
6
3
9
7
69
6
59
6
9
0
60
5
9
4
15
7
79
4
99
3
49
4
36
7
99
6
49
5
88
3
69
7
57
6
69
0
80
3
14
4
15
4
24
6
79
4
35
7
28
3
64
6
16
5
45
3
88
7
35
3
59
4
59
3
26
6
29
4
7
3
77
5
57
4
23
5
58
5
99
5
39
6
27
7
28
6
39
4
25
7
59
4
49
5
7
7
9
4
99
3
89
5
68
5
33
5
73
4
92
6
86
3
98
7
1
7
79
3
3
3
14
2
9
6
89
6
47
3
23
3
77
7
29
3
89
6
99
5
19
5
28
4
74
3
58
4
14
6
45
5
68
4
8
3
44
5
46
6
97
5
99
7
5
1
43
5
83
4
39
5
98
3
15
4
89
4
15
7
56
4
38
7
29
6
98
3
3
4
39
5
4
4
89
7
39
4
19
4
13
5
95
6
14
6
43
6
26
6
39
0
0
3
27
7
54
5
19
7
37
3
89
5
14
0
20
7
77
4
7
7
94
6
29
3
67
6
6
3
69
7
77
