9
14
9
64
9
44
9
14
19
94
9
14
19
32
9
14
9
99
9
99
9
64
9
64
9
99
9
64
9
99
9
44
9
99
17
59
9
99
9
14
9
74
9
94
9
34
9
74
17
29
19
61
9
34
17
59
19
91
9
99
9
99
9
64
9
99
9
99
9
74
9
77
9
94
9
14
19
91
9
94
0
60
9
94
9
14
9
74
9
34
19
34
9
74
0
70
19
34
19
34
19
62
9
94
9
14
9
64
9
74
9
44
19
33
17
29
9
14
19
62
19
62
9
74
9
94
9
99
9
99
9
64
19
32
18
90
9
99
9
44
19
94
9
94
9
74
9
34
9
99
0
70
9
14
9
74
9
74
9
34
9
44
9
34
9
94
9
74
9
64
9
64
19
91
19
61
0
0
9
14
19
62
9
44
17
59
19
61
9
34
9
64
9
64
19
31
9
34
9
74
9
44
19
62
9
14
9
14
19
32
9
74
9
34
9
64
9
94
9
94
9
94
19
94
9
99
19
91
19
62
9
34
9
99
19
92
9
74
9
64
19
93
9
34
9
64
19
92
9
94
9
99
0
80
9
94
9
34
18
60
19
34
9
74
19
92
9
94
9
74
9
34
9
99
19
34
9
34
9
99
9
94
9
74
9
99
17
59
9
44
17
89
9
94
19
94
9
44
9
34
9
14
9
34
9
74
9
44
19
31
9
94
9
44
9
34
9
61
9
64
19
31
9
14
9
34
9
44
19
93
9
77
9
99
9
34
19
33
9
74
9
94
17
89
9
43
9
34
9
99
9
99
9
34
17
29
9
94
9
44
9
99
9
34
9
94
9
94
9
34
9
74
9
64
9
44
9
14
9
44
9
74
9
74
9
74
19
92
0
50
9
64
19
33
9
42
19
32
0
60
9
94
9
14
9
44
9
99
9
74
19
94
9
64
18
90
9
94
19
33
19
92
9
74
9
14
9
14
9
64
19
33
9
44
9
94
19
32
9
44
19
32
9
14
18
30
19
31
9
74
19
93
9
34
9
14
9
34
9
74
19
92
9
34
9
14
9
74
19
32
19
92
9
94
19
91
9
64
19
31
9
44
9
44
9
74
9
64
9
44
19
31
9
99
9
64
19
92
9
74
19
64
9
99
9
44
9
99
9
64
9
34
9
94
9
44
9
94
19
62
9
34
9
14
9
99
19
92
9
64
9
44
19
63
18
60
9
99
9
99
9
44
9
74
9
99
19
93
9
66
0
10
9
64
19
32
9
64
17
29
19
31
9
14
9
34
9
34
19
91
19
91
9
64
19
92
9
64
9
64
19
62
9
44
9
99
9
44
3
99
9
14
19
61
9
64
9
94
18
60
9
34
9
34
9
44
9
44
9
99
9
44
9
64
9
3
9
14
9
74
9
34
9
44
9
94
19
61
9
34
4
49
9
94
9
99
9
99
9
34
9
44
9
64
9
94
9
74
9
64
9
14
9
14
9
64
9
14
9
44
9
94
9
94
9
64
19
62
9
44
19
32
2
19
9
99
9
99
9
94
9
99
19
94
9
44
9
74
9
26
19
93
19
91
9
99
9
14
9
74
9
34
4
50
9
48
18
90
9
14
9
99
9
34
19
64
9
74
9
34
9
44
9
14
19
33
9
44
9
64
3
39
0
0
9
14
19
64
9
34
8
95
9
38
1
39
9
64
9
74
9
14
9
99
9
94
8
65
9
74
19
91
19
32
9
14
9
44
9
74
9
14
9
34
9
74
19
31
17
29
18
30
19
32
9
14
9
44
9
14
19
61
9
99
9
64
9
94
9
44
9
99
9
94
9
44
9
74
9
44
9
64
9
14
9
74
9
64
1
39
19
61
9
99
9
14
19
31
9
14
9
34
9
13
9
99
9
94
9
44
9
94
19
61
9
74
9
99
9
71
9
34
9
94
19
61
9
34
17
29
9
44
9
14
9
94
9
14
19
92
9
64
0
19
9
94
9
14
9
44
17
89
9
64
9
64
9
99
9
74
9
34
18
30
9
99
9
64
9
99
9
94
9
34
9
99
9
44
19
93
9
99
19
32
9
94
9
99
19
92
9
94
9
44
9
99
19
94
19
91
9
99
9
34
9
34
19
63
9
99
19
31
9
99
9
34
9
99
0
20
9
14
9
34
9
99
17
29
9
99
9
64
9
44
19
33
9
74
9
44
18
90
9
14
1
29
19
31
9
64
9
44
9
14
19
92
9
64
19
62
9
44
9
44
9
73
9
34
9
74
9
94
9
99
9
74
9
74
9
14
19
61
9
34
19
64
4
19
9
44
9
64
9
99
9
99
9
99
9
99
0
40
19
31
9
14
19
61
9
14
9
94
19
34
9
94
9
34
9
14
9
34
9
64
9
64
9
94
9
74
19
64
19
61
9
44
9
14
9
94
9
44
9
44
9
74
19
94
18
60
19
34
17
29
17
89
9
34
19
61
18
60
9
44
19
31
9
14
9
44
9
64
19
94
19
94
9
74
19
92
1
59
9
74
9
74
9
44
19
93
9
99
9
99
9
44
19
93
9
94
9
34
3
29
9
34
19
32
9
94
9
44
9
94
19
33
9
64
18
30
9
44
9
34
9
74
9
14
9
34
9
94
19
93
2
49
19
32
9
44
19
34
9
14
19
63
9
94
9
34
9
99
9
64
19
32
9
74
3
79
9
74
18
60
9
74
9
14
9
74
9
99
18
90
9
14
9
99
8
85
9
44
19
92
4
29
9
74
8
35
19
93
9
99
9
34
9
74
19
31
9
34
19
33
9
94
9
34
9
64
1
79
9
34
9
14
9
64
9
11
9
34
9
44
9
94
9
7
19
62
0
50
9
34
18
60
19
34
19
94
19
33
0
50
17
59
1
59
9
74
19
94
9
99
9
14
9
34
9
94
9
94
2
69
3
20
19
91
9
74
19
93
9
64
9
44
9
14
9
34
19
94
9
64
9
64
9
14
19
64
9
94
18
60
9
64
9
94
19
91
19
93
9
14
19
32
19
33
9
14
9
94
19
31
9
14
9
34
9
34
19
94
9
14
9
34
9
14
9
99
19
34
9
99
9
64
19
61
9
14
17
59
9
14
9
14
9
34
9
34
19
61
0
70
17
59
9
64
9
34
19
64
9
44
9
99
19
91
19
34
9
94
9
14
9
34
9
64
9
44
19
91
19
81
9
99
9
74
9
13
9
64
9
44
9
74
19
61
19
32
9
72
19
91
9
34
9
64
9
94
9
34
9
34
9
44
9
34
9
64
19
91
19
91
9
99
19
61
0
50
1
19
19
64
19
93
9
34
9
64
9
14
18
90
9
99
19
17
9
94
19
62
3
19
9
34
19
64
9
94
9
14
19
61
19
34
9
34
9
1
9
34
17
59
9
74
9
36
19
64
9
34
9
99
19
62
9
44
9
69
9
99
9
99
9
64
0
10
19
64
9
64
19
94
1
19
9
94
9
44
9
44
9
94
9
94
17
29
19
34
9
14
19
63
9
99
9
32
9
14
18
60
9
34
9
64
9
74
9
44
9
99
9
34
9
44
9
99
9
34
9
64
9
14
9
44
9
99
19
34
9
34
9
64
4
69
19
91
9
74
9
34
17
29
9
74
9
99
9
14
9
74
9
34
9
44
9
74
9
64
19
92
9
44
19
94
9
54
19
92
9
74
17
29
19
61
9
14
9
34
9
74
9
74
3
29
9
34
9
34
9
14
9
44
9
99
9
34
9
99
19
63
19
63
3
19
2
44
9
14
19
31
19
31
9
74
9
64
19
32
0
90
19
33
9
74
17
29
9
74
19
32
9
74
9
64
4
19
4
89
9
14
9
44
9
14
9
44
9
64
9
94
9
99
19
93
19
63
2
39
9
74
19
31
9
14
9
14
9
74
9
94
9
94
19
31
2
59
18
90
18
90
9
34
9
34
19
33
19
31
19
32
9
44
3
59
9
14
9
14
9
14
9
74
9
64
9
14
0
60
9
14
19
31
19
94
9
99
19
61
9
44
9
99
19
64
9
94
9
74
9
64
9
74
0
80
18
30
9
6
9
34
19
94
9
44
9
28
9
74
19
32
19
61
9
94
9
44
9
64
9
64
9
34
9
34
9
14
19
91
9
64
9
34
9
64
9
99
9
44
9
27
9
34
9
44
9
34
9
64
19
62
9
14
9
14
9
99
9
94
9
74
9
44
9
73
9
92
9
94
9
99
9
1
19
94
9
14
18
30
2
9
9
94
19
63
9
34
19
91
9
34
9
94
9
99
19
33
9
34
18
90
9
64
18
30
19
61
9
74
9
14
18
60
19
62
9
99
9
99
9
14
1
49
9
94
9
44
9
99
19
31
9
94
19
31
9
64
9
44
9
34
9
99
9
14
9
44
9
14
9
94
9
44
19
32
17
29
9
99
18
30
17
59
9
34
9
44
0
0
9
34
9
64
19
33
9
44
9
94
18
30
0
20
19
93
9
14
9
99
9
34
9
67
9
14
9
74
19
93
