9
14
9
64
9
44
9
14
19
91
9
14
17
29
9
14
9
99
9
99
9
64
9
64
9
99
9
64
9
99
9
44
9
99
14
56
9
99
9
14
9
74
9
94
9
34
9
74
14
26
16
58
9
34
14
56
16
88
9
99
9
99
9
64
9
99
9
99
9
74
9
77
9
94
9
14
16
88
9
94
0
60
9
94
9
14
9
74
9
34
19
32
9
74
0
70
19
32
19
31
17
59
9
94
9
14
9
64
9
74
9
44
18
30
14
26
9
14
17
59
17
59
9
74
9
94
9
99
9
99
9
64
17
29
15
87
9
99
9
44
19
92
9
94
9
74
9
34
9
99
0
70
9
14
9
74
9
74
9
34
9
44
9
34
9
94
9
74
9
64
9
64
16
88
16
58
0
0
9
14
17
59
9
44
14
56
16
58
9
34
9
64
9
64
16
28
9
34
9
74
9
44
17
59
9
14
9
14
17
29
9
74
9
34
9
64
9
94
9
94
9
94
19
91
9
99
16
88
17
59
9
34
9
99
17
89
9
74
9
64
18
90
9
34
9
64
17
89
9
94
9
99
0
80
9
94
9
34
15
57
19
31
9
74
17
89
9
94
9
74
9
34
9
99
19
32
9
34
9
99
9
94
9
74
9
99
14
56
9
44
14
86
9
94
19
91
9
44
9
34
9
14
9
34
9
74
9
44
16
28
9
94
9
44
9
34
9
61
9
64
16
28
9
14
9
34
9
44
18
90
9
77
9
99
9
34
18
30
9
74
9
94
14
86
9
43
9
34
9
99
9
99
9
34
14
26
9
94
9
44
9
99
9
34
9
94
9
94
9
34
9
74
9
64
9
44
9
14
9
44
9
74
9
74
9
74
17
89
0
50
9
64
18
30
9
42
17
29
0
60
9
94
9
14
9
44
9
99
9
74
19
91
9
64
15
87
9
94
18
30
17
89
9
74
9
14
9
14
9
64
18
30
9
44
9
94
17
29
9
44
17
29
9
14
15
27
16
28
9
74
18
90
9
34
9
14
9
34
9
74
17
89
9
34
9
14
9
74
17
29
17
89
9
94
16
88
9
64
16
28
9
44
9
44
9
74
9
64
9
44
16
28
9
99
9
64
17
89
9
74
19
61
9
99
9
44
9
99
9
64
9
34
9
94
9
44
9
94
17
59
9
34
9
14
9
99
17
89
9
64
9
44
18
60
15
57
9
99
9
99
9
44
9
74
9
99
18
90
9
66
0
10
9
64
17
29
9
64
14
26
16
28
9
14
9
34
9
34
16
88
16
88
9
64
17
89
9
64
9
64
17
59
9
44
9
99
9
44
3
99
9
14
16
58
9
64
9
94
15
57
9
34
9
34
9
44
9
44
9
99
9
44
9
64
9
3
9
14
9
74
9
34
9
44
9
94
16
58
9
34
4
49
9
94
9
99
9
99
9
34
9
44
9
64
9
94
9
74
9
64
9
14
9
14
9
64
9
14
9
44
9
94
9
94
9
64
17
59
9
44
17
29
2
19
9
99
9
99
9
94
9
99
19
91
9
44
9
74
9
26
18
90
16
88
9
99
9
14
9
74
9
34
4
50
9
48
15
87
9
14
9
99
9
34
19
61
9
74
9
34
9
44
9
14
18
30
9
44
9
64
3
39
0
0
9
14
19
62
9
34
8
95
9
38
1
39
9
64
9
74
9
14
9
99
9
94
8
65
9
74
16
88
17
29
9
14
9
44
9
74
9
14
9
34
9
74
16
28
14
26
15
27
17
29
9
14
9
44
9
14
16
58
9
99
9
64
9
94
9
44
9
99
9
94
9
44
9
74
9
44
9
64
9
14
9
74
9
64
1
39
16
58
9
99
9
14
16
28
9
14
9
34
9
13
9
99
9
94
9
44
9
94
16
58
9
74
9
99
9
71
9
34
9
94
16
58
9
34
14
26
9
44
9
14
9
94
9
14
17
89
9
64
0
19
9
94
9
14
9
44
14
86
9
64
9
64
9
99
9
74
9
34
15
27
9
99
9
64
9
99
9
94
9
34
9
99
9
44
18
90
9
99
17
29
9
94
9
99
17
89
9
94
9
44
9
99
19
91
16
88
9
99
9
34
9
34
18
60
9
99
16
28
9
99
9
34
9
99
0
20
9
14
9
34
9
99
14
26
9
99
9
64
9
44
18
30
9
74
9
44
15
87
9
14
1
29
16
28
9
64
9
44
9
14
17
89
9
64
17
59
9
44
9
44
9
73
9
34
9
74
9
94
9
99
9
74
9
74
9
14
16
58
9
34
19
61
4
19
9
44
9
64
9
99
9
99
9
99
9
99
0
40
16
28
9
14
16
58
9
14
9
94
19
32
9
94
9
34
9
14
9
34
9
64
9
64
9
94
9
74
19
61
16
58
9
44
9
14
9
94
9
44
9
44
9
74
19
92
15
57
19
32
14
26
14
86
9
34
16
58
15
57
9
44
16
28
9
14
9
44
9
64
19
91
19
92
9
74
17
89
1
59
9
74
9
74
9
44
18
90
9
99
9
99
9
44
18
90
9
94
9
34
3
29
9
34
17
29
9
94
9
44
9
94
18
30
9
64
15
27
9
44
9
34
9
74
9
14
9
34
9
94
18
90
2
49
17
29
9
44
19
32
9
14
18
60
9
94
9
34
9
99
9
64
17
29
9
74
3
79
9
74
15
57
9
74
9
14
9
74
9
99
15
87
9
14
9
99
8
85
9
44
17
89
4
29
9
74
8
35
18
90
9
99
9
34
9
74
16
28
9
34
18
30
9
94
9
34
9
64
1
79
9
34
9
14
9
64
9
11
9
34
9
44
9
94
9
7
17
59
0
50
9
34
15
57
19
31
19
91
18
30
0
50
14
56
1
59
9
74
19
92
9
99
9
14
9
34
9
94
9
94
2
69
3
20
16
88
9
74
18
90
9
64
9
44
9
14
9
34
19
91
9
64
9
64
9
14
19
62
9
94
15
57
9
64
9
94
16
88
18
90
9
14
17
29
18
30
9
14
9
94
16
28
9
14
9
34
9
34
19
91
9
14
9
34
9
14
9
99
19
31
9
99
9
64
16
58
9
14
14
56
9
14
9
14
9
34
9
34
16
58
0
70
14
56
9
64
9
34
19
61
9
44
9
99
16
88
19
31
9
94
9
14
9
34
9
64
9
44
16
88
19
81
9
99
9
74
9
13
9
64
9
44
9
74
16
58
17
29
9
72
16
88
9
34
9
64
9
94
9
34
9
34
9
44
9
34
9
64
16
88
16
88
9
99
16
58
0
50
1
19
19
62
18
90
9
34
9
64
9
14
15
87
9
99
18
20
9
94
17
59
3
19
9
34
19
61
9
94
9
14
16
58
19
32
9
34
9
1
9
34
14
56
9
74
9
36
19
61
9
34
9
99
17
59
9
44
9
69
9
99
9
99
9
64
0
10
19
61
9
64
19
92
1
19
9
94
9
44
9
44
9
94
9
94
14
26
19
31
9
14
18
60
9
99
9
32
9
14
15
57
9
34
9
64
9
74
9
44
9
99
9
34
9
44
9
99
9
34
9
64
9
14
9
44
9
99
19
31
9
34
9
64
4
69
16
88
9
74
9
34
14
26
9
74
9
99
9
14
9
74
9
34
9
44
9
74
9
64
17
89
9
44
19
91
9
54
17
89
9
74
14
26
16
58
9
14
9
34
9
74
9
74
3
29
9
34
9
34
9
14
9
44
9
99
9
34
9
99
18
60
18
60
3
19
2
44
9
14
16
28
16
28
9
74
9
64
17
29
0
90
18
30
9
74
14
26
9
74
17
29
9
74
9
64
4
19
4
89
9
14
9
44
9
14
9
44
9
64
9
94
9
99
18
90
18
60
2
39
9
74
16
28
9
14
9
14
9
74
9
94
9
94
16
28
2
59
15
87
15
87
9
34
9
34
18
30
16
28
17
29
9
44
3
59
9
14
9
14
9
14
9
74
9
64
9
14
0
60
9
14
16
28
19
92
9
99
16
58
9
44
9
99
19
61
9
94
9
74
9
64
9
74
0
80
15
27
9
6
9
34
19
91
9
44
9
28
9
74
17
29
16
58
9
94
9
44
9
64
9
64
9
34
9
34
9
14
16
88
9
64
9
34
9
64
9
99
9
44
9
27
9
34
9
44
9
34
9
64
17
59
9
14
9
14
9
99
9
94
9
74
9
44
9
73
9
92
9
94
9
99
9
1
19
92
9
14
15
27
2
9
9
94
18
60
9
34
16
88
9
34
9
94
9
99
18
30
9
34
15
87
9
64
15
27
16
58
9
74
9
14
15
57
17
59
9
99
9
99
9
14
1
49
9
94
9
44
9
99
16
28
9
94
16
28
9
64
9
44
9
34
9
99
9
14
9
44
9
14
9
94
9
44
17
29
14
26
9
99
15
27
14
56
9
34
9
44
0
0
9
34
9
64
18
30
9
44
9
94
15
27
0
20
18
90
9
14
9
99
9
34
9
67
9
14
9
74
18
90
