9
14
9
64
9
44
9
14
16
88
9
14
14
26
9
14
9
99
9
99
9
64
9
64
9
99
9
64
9
99
9
44
9
99
11
53
9
99
9
14
9
74
9
93
9
34
9
74
11
23
13
55
9
34
11
53
13
85
9
99
9
99
9
64
9
99
9
99
9
73
9
77
9
93
9
14
13
85
9
94
0
60
9
93
9
14
9
74
9
34
17
29
9
74
0
70
17
29
16
28
14
56
9
93
9
14
9
64
9
74
9
43
15
27
11
23
9
14
14
56
14
56
9
74
9
94
9
99
9
99
9
64
14
26
12
84
9
99
9
44
17
89
9
94
9
74
9
34
9
99
0
70
9
14
9
74
9
74
9
34
9
43
9
34
9
94
9
74
9
64
9
64
13
85
13
55
0
0
9
14
14
56
9
44
11
53
13
55
9
34
9
64
9
63
13
25
9
34
9
74
9
44
14
56
9
14
9
14
14
26
9
74
9
34
9
64
9
94
9
94
9
94
16
88
9
99
13
85
14
56
9
34
9
99
14
86
9
74
9
64
15
87
9
34
9
64
14
86
9
94
9
99
0
80
9
94
9
34
12
54
16
28
9
74
14
86
9
94
9
74
9
33
9
99
17
29
9
34
9
99
9
94
9
74
9
99
11
53
9
43
11
83
9
94
16
88
9
44
9
34
9
14
9
34
9
74
9
43
13
25
9
94
9
44
9
34
9
61
9
64
13
25
9
14
9
34
9
44
15
87
9
77
9
99
9
34
15
27
9
74
9
94
11
83
9
43
9
33
9
99
9
99
9
34
11
23
9
94
9
44
9
99
9
34
9
94
9
94
9
34
9
73
9
64
9
44
9
14
9
44
9
74
9
73
9
74
14
86
0
50
9
64
15
27
9
42
14
26
0
60
9
93
9
14
9
44
9
99
9
73
16
88
9
64
12
84
9
94
15
27
14
86
9
74
9
14
9
14
9
64
15
27
9
44
9
93
14
26
9
44
14
26
9
14
12
24
13
25
9
74
15
87
9
34
9
14
9
34
9
74
14
86
9
34
9
14
9
74
14
26
14
86
9
94
13
85
9
64
13
25
9
44
9
44
9
74
9
64
9
44
13
25
9
99
9
64
14
86
9
74
16
58
9
99
9
44
9
99
9
63
9
34
9
94
9
43
9
94
14
56
9
34
9
14
9
99
14
86
9
64
9
44
15
57
12
54
9
99
9
99
9
43
9
74
9
99
15
87
9
66
0
10
9
64
14
26
9
64
11
23
13
25
9
13
9
34
9
34
13
85
13
85
9
64
14
86
9
63
9
64
14
56
9
44
9
99
9
44
3
99
9
14
13
55
9
64
9
93
12
54
9
34
9
34
9
44
9
44
9
99
9
44
9
64
9
3
9
14
9
74
9
34
9
44
9
94
13
55
9
34
4
49
9
94
9
99
9
99
9
34
9
44
9
64
9
94
9
74
9
64
9
14
9
14
9
64
9
14
9
44
9
94
9
94
9
64
14
56
9
44
14
26
2
19
9
99
9
99
9
94
9
99
16
88
9
44
9
74
9
26
15
87
13
85
9
99
9
14
9
74
9
34
4
50
9
48
12
84
9
14
9
99
9
34
16
58
9
74
9
34
9
43
9
14
15
27
9
43
9
64
3
39
0
0
9
14
17
59
9
34
8
95
9
38
1
39
9
64
9
74
9
14
9
99
9
94
8
65
9
74
13
85
14
26
9
14
9
44
9
73
9
14
9
34
9
74
13
25
11
23
12
24
14
26
9
14
9
44
9
14
13
55
9
99
9
64
9
94
9
44
9
99
9
94
9
44
9
74
9
44
9
64
9
14
9
74
9
64
1
39
13
55
9
99
9
14
13
25
9
14
9
34
9
13
9
99
9
94
9
44
9
94
13
55
9
74
9
99
9
71
9
34
9
94
13
55
9
34
11
23
9
44
9
14
9
94
9
14
14
86
9
64
0
19
9
94
9
14
9
44
11
83
9
64
9
64
9
99
9
74
9
34
12
24
9
99
9
63
9
99
9
94
9
34
9
99
9
43
15
87
9
99
14
26
9
94
9
99
14
86
9
94
9
44
9
99
16
88
13
85
9
99
9
34
9
34
15
57
9
99
13
25
9
99
9
34
9
99
0
20
9
14
9
34
9
99
11
23
9
99
9
63
9
44
15
27
9
74
9
44
12
84
9
14
1
29
13
25
9
64
9
44
9
14
14
86
9
64
14
56
9
44
9
44
9
73
9
34
9
74
9
94
9
99
9
74
9
74
9
14
13
55
9
34
16
58
4
19
9
44
9
64
9
99
9
99
9
99
9
99
0
40
13
25
9
14
13
55
9
14
9
94
17
29
9
94
9
34
9
14
9
34
9
64
9
64
9
94
9
74
16
58
13
55
9
44
9
14
9
94
9
44
9
44
9
74
17
89
12
54
17
29
11
23
11
83
9
34
13
55
12
54
9
44
13
25
9
14
9
44
9
64
16
88
17
89
9
74
14
86
1
59
9
74
9
74
9
44
15
87
9
99
9
99
9
44
15
87
9
94
9
34
3
29
9
34
14
26
9
94
9
44
9
94
15
27
9
64
12
24
9
44
9
34
9
74
9
14
9
34
9
94
15
87
2
49
14
26
9
44
17
29
9
14
15
57
9
94
9
34
9
99
9
63
14
26
9
74
3
79
9
74
12
54
9
74
9
14
9
74
9
99
12
84
9
13
9
99
8
85
9
44
14
86
4
29
9
74
8
35
15
87
9
99
9
34
9
74
13
25
9
34
15
27
9
94
9
34
9
64
1
79
9
34
9
14
9
64
9
11
9
34
9
44
9
94
9
7
14
56
0
50
9
34
12
54
16
28
16
88
15
27
0
50
11
53
1
59
9
74
17
89
9
99
9
14
9
34
9
94
9
94
2
69
3
20
13
85
9
74
15
87
9
64
9
44
9
14
9
34
16
88
9
64
9
64
9
14
17
59
9
94
12
54
9
64
9
94
13
85
15
87
9
14
14
26
15
27
9
14
9
94
13
25
9
14
9
34
9
34
16
88
9
14
9
34
9
14
9
99
16
28
9
99
9
64
13
55
9
14
11
53
9
14
9
14
9
34
9
33
13
55
0
70
11
53
9
64
9
34
16
58
9
44
9
99
13
85
16
28
9
93
9
14
9
34
9
64
9
44
13
85
16
81
9
99
9
74
9
13
9
63
9
44
9
74
13
55
14
26
9
72
13
85
9
34
9
64
9
94
9
34
9
34
9
43
9
34
9
64
13
85
13
85
9
99
13
55
0
50
1
19
17
59
15
87
9
34
9
64
9
14
12
84
9
99
15
21
9
94
14
56
3
19
9
33
16
58
9
94
9
14
13
55
17
29
9
34
9
1
9
34
11
53
9
74
9
36
16
58
9
34
9
99
14
56
9
44
9
69
9
99
9
99
9
64
0
10
16
58
9
64
17
89
1
19
9
94
9
44
9
44
9
94
9
94
11
23
16
28
9
14
15
57
9
99
9
32
9
14
12
54
9
34
9
63
9
74
9
44
9
99
9
33
9
44
9
99
9
34
9
64
9
13
9
44
9
99
16
28
9
34
9
64
4
69
13
85
9
74
9
34
11
23
9
74
9
99
9
13
9
74
9
34
9
44
9
74
9
64
14
86
9
43
16
88
9
54
14
86
9
73
11
23
13
55
9
14
9
34
9
74
9
74
3
29
9
33
9
34
9
14
9
44
9
99
9
34
9
99
15
57
15
57
3
19
2
44
9
14
13
25
13
25
9
74
9
64
14
26
0
90
15
27
9
74
11
23
9
74
14
26
9
74
9
63
4
19
4
89
9
14
9
44
9
14
9
44
9
64
9
94
9
99
15
87
15
57
2
39
9
74
13
25
9
14
9
14
9
74
9
93
9
94
13
25
2
59
12
84
12
84
9
34
9
33
15
27
13
25
14
26
9
43
3
59
9
14
9
14
9
14
9
74
9
64
9
14
0
60
9
14
13
25
17
89
9
99
13
55
9
44
9
99
16
58
9
94
9
74
9
64
9
74
0
80
12
24
9
6
9
34
16
88
9
44
9
28
9
74
14
26
13
55
9
94
9
44
9
64
9
64
9
34
9
34
9
14
13
85
9
64
9
33
9
64
9
99
9
44
9
27
9
34
9
44
9
34
9
64
14
56
9
14
9
14
9
99
9
94
9
74
9
43
9
73
9
92
9
94
9
99
9
1
17
89
9
13
12
24
2
9
9
94
15
57
9
33
13
85
9
34
9
94
9
99
15
27
9
34
12
84
9
64
12
24
13
55
9
74
9
14
12
54
14
56
9
99
9
99
9
14
1
49
9
93
9
44
9
99
13
25
9
94
13
25
9
64
9
44
9
34
9
99
9
13
9
44
9
14
9
94
9
44
14
26
11
23
9
99
12
24
11
53
9
34
9
44
0
0
9
34
9
64
15
27
9
44
9
94
12
24
0
20
15
87
9
14
9
99
9
34
9
67
9
14
9
74
15
87
