9
12
9
63
9
43
9
13
13
85
9
12
11
23
9
14
9
99
9
99
9
62
9
63
9
99
9
64
9
99
9
42
9
99
9
50
9
99
9
12
9
73
9
90
9
32
9
73
9
20
10
52
9
34
9
50
10
82
9
99
9
99
9
64
9
99
9
99
9
70
9
77
9
90
9
13
10
82
9
94
0
60
9
90
9
12
9
73
9
33
14
26
9
74
0
70
14
26
13
25
11
53
9
90
9
13
9
62
9
71
9
40
12
24
9
20
9
12
11
53
11
53
9
72
9
91
9
99
9
99
9
61
11
23
9
81
9
99
9
44
14
86
9
94
9
71
9
34
9
99
0
70
9
13
9
72
9
72
9
34
9
40
9
34
9
93
9
74
9
64
9
63
10
82
10
52
0
0
9
14
11
53
9
44
9
50
10
52
9
34
9
64
9
60
10
22
9
33
9
74
9
44
11
53
9
12
9
12
11
23
9
72
9
34
9
64
9
94
9
94
9
94
13
85
9
99
10
82
11
53
9
33
9
99
11
83
9
72
9
64
12
84
9
34
9
64
11
83
9
93
9
99
0
80
9
94
9
31
9
51
13
25
9
74
11
83
9
94
9
72
9
30
9
99
14
26
9
31
9
99
9
93
9
74
9
99
9
50
9
40
9
80
9
92
13
85
9
42
9
34
9
14
9
34
9
74
9
40
10
22
9
92
9
42
9
32
9
61
9
62
10
22
9
14
9
32
9
43
12
84
9
77
9
99
9
34
12
24
9
74
9
93
9
80
9
43
9
30
9
99
9
99
9
31
9
20
9
94
9
44
9
99
9
33
9
94
9
92
9
34
9
70
9
64
9
44
9
11
9
43
9
72
9
70
9
74
11
83
0
50
9
62
12
24
9
42
11
23
0
60
9
90
9
13
9
43
9
99
9
70
13
85
9
62
9
81
9
94
12
24
11
83
9
71
9
14
9
14
9
64
12
24
9
43
9
90
11
23
9
41
11
23
9
12
9
21
10
22
9
74
12
84
9
33
9
14
9
33
9
74
11
83
9
32
9
12
9
72
11
23
11
83
9
93
10
82
9
63
10
22
9
42
9
44
9
72
9
62
9
44
10
22
9
99
9
63
11
83
9
74
13
55
9
99
9
41
9
99
9
60
9
34
9
92
9
40
9
94
11
53
9
34
9
14
9
99
11
83
9
64
9
42
12
54
9
51
9
99
9
99
9
40
9
74
9
99
12
84
9
66
0
10
9
63
11
23
9
63
9
20
10
22
9
10
9
32
9
34
10
82
10
82
9
61
11
83
9
60
9
62
11
53
9
43
9
99
9
43
3
99
9
14
10
52
9
64
9
90
9
51
9
32
9
31
9
43
9
43
9
99
9
43
9
63
9
3
9
11
9
72
9
32
9
44
9
94
10
52
9
32
4
49
9
94
9
99
9
99
9
33
9
44
9
62
9
92
9
74
9
63
9
13
9
12
9
64
9
13
9
44
9
93
9
94
9
63
11
53
9
42
11
23
2
19
9
99
9
99
9
92
9
99
13
85
9
43
9
72
9
26
12
84
10
82
9
99
9
13
9
74
9
34
4
50
9
48
9
81
9
11
9
99
9
32
13
55
9
74
9
33
9
40
9
13
12
24
9
40
9
61
3
39
0
0
9
13
14
56
9
34
8
95
9
38
1
39
9
64
9
73
9
14
9
99
9
94
8
65
9
74
10
82
11
23
9
13
9
44
9
70
9
13
9
31
9
73
10
22
9
20
9
21
11
23
9
14
9
41
9
14
10
52
9
99
9
62
9
94
9
43
9
99
9
94
9
44
9
72
9
41
9
64
9
12
9
72
9
64
1
39
10
52
9
99
9
13
10
22
9
12
9
33
9
13
9
99
9
92
9
43
9
93
10
52
9
72
9
99
9
71
9
32
9
94
10
52
9
34
9
20
9
43
9
11
9
93
9
14
11
83
9
63
0
19
9
94
9
12
9
44
9
80
9
62
9
62
9
99
9
72
9
34
9
21
9
99
9
60
9
99
9
94
9
34
9
99
9
40
12
84
9
99
11
23
9
92
9
99
11
83
9
92
9
44
9
99
13
85
10
82
9
99
9
32
9
31
12
54
9
99
10
22
9
99
9
32
9
99
0
20
9
14
9
33
9
99
9
20
9
99
9
60
9
43
12
24
9
74
9
41
9
81
9
12
1
29
10
22
9
64
9
41
9
12
11
83
9
64
11
53
9
42
9
42
9
73
9
34
9
73
9
94
9
99
9
74
9
74
9
12
10
52
9
34
13
55
4
19
9
44
9
62
9
99
9
99
9
99
9
99
0
40
10
22
9
14
10
52
9
12
9
92
14
26
9
92
9
32
9
13
9
32
9
62
9
62
9
94
9
74
13
55
10
52
9
41
9
12
9
93
9
42
9
44
9
74
14
86
9
51
14
26
9
20
9
80
9
32
10
52
9
51
9
44
10
22
9
14
9
42
9
62
13
85
14
86
9
72
11
83
1
59
9
74
9
73
9
44
12
84
9
99
9
99
9
41
12
84
9
94
9
34
3
29
9
33
11
23
9
92
9
42
9
92
12
24
9
62
9
21
9
41
9
33
9
74
9
12
9
31
9
94
12
84
2
49
11
23
9
42
14
26
9
12
12
54
9
94
9
34
9
99
9
60
11
23
9
72
3
79
9
74
9
51
9
74
9
14
9
73
9
99
9
81
9
10
9
99
8
85
9
42
11
83
4
29
9
73
8
35
12
84
9
99
9
34
9
72
10
22
9
34
12
24
9
92
9
32
9
63
1
79
9
33
9
14
9
61
9
11
9
34
9
42
9
94
9
7
11
53
0
50
9
34
9
51
13
25
13
85
12
24
0
50
9
50
1
59
9
74
14
86
9
99
9
14
9
32
9
94
9
94
2
69
3
20
10
82
9
72
12
84
9
62
9
41
9
12
9
32
13
85
9
63
9
62
9
14
14
56
9
93
9
51
9
63
9
94
10
82
12
84
9
14
11
23
12
24
9
13
9
93
10
22
9
11
9
34
9
34
13
85
9
14
9
34
9
13
9
99
13
25
9
99
9
63
10
52
9
14
9
50
9
12
9
13
9
31
9
30
10
52
0
70
9
50
9
64
9
33
13
55
9
44
9
99
10
82
13
25
9
90
9
11
9
34
9
64
9
42
10
82
13
81
9
99
9
74
9
13
9
60
9
42
9
74
10
52
11
23
9
72
10
82
9
34
9
64
9
91
9
34
9
31
9
40
9
31
9
63
10
82
10
82
9
99
10
52
0
50
1
19
14
56
12
84
9
32
9
62
9
12
9
81
9
99
12
21
9
94
11
53
3
19
9
30
13
55
9
94
9
12
10
52
14
26
9
34
9
1
9
32
9
50
9
73
9
36
13
55
9
33
9
99
11
53
9
44
9
69
9
99
9
99
9
61
0
10
13
55
9
64
14
86
1
19
9
94
9
43
9
41
9
91
9
91
9
20
13
25
9
14
12
54
9
99
9
32
9
12
9
51
9
34
9
60
9
74
9
43
9
99
9
30
9
44
9
99
9
31
9
64
9
10
9
43
9
99
13
25
9
31
9
63
4
69
10
82
9
74
9
34
9
20
9
73
9
99
9
10
9
74
9
31
9
44
9
73
9
64
11
83
9
40
13
85
9
54
11
83
9
70
9
20
10
52
9
12
9
34
9
74
9
72
3
29
9
30
9
33
9
12
9
42
9
99
9
34
9
99
12
54
12
54
3
19
2
44
9
11
10
22
10
22
9
74
9
63
11
23
0
90
12
24
9
74
9
20
9
73
11
23
9
74
9
60
4
19
4
89
9
12
9
44
9
14
9
43
9
63
9
93
9
99
12
84
12
54
2
39
9
73
10
22
9
14
9
14
9
73
9
90
9
93
10
22
2
59
9
81
9
81
9
31
9
30
12
24
10
22
11
23
9
40
3
59
9
14
9
13
9
12
9
74
9
64
9
14
0
60
9
14
10
22
14
86
9
99
10
52
9
43
9
99
13
55
9
94
9
72
9
64
9
74
0
80
9
21
9
8
9
31
13
85
9
42
9
28
9
71
11
23
10
52
9
92
9
42
9
62
9
63
9
32
9
34
9
13
10
82
9
64
9
30
9
64
9
99
9
44
9
27
9
34
9
44
9
32
9
64
11
53
9
14
9
14
9
99
9
92
9
74
9
40
9
73
9
92
9
93
9
99
9
1
14
86
9
10
9
21
2
9
9
94
12
54
9
30
10
82
9
34
9
92
9
99
12
24
9
34
9
81
9
62
9
21
10
52
9
74
9
13
9
51
11
53
9
99
9
99
9
12
1
49
9
90
9
43
9
99
10
22
9
93
10
22
9
63
9
43
9
34
9
99
9
10
9
43
9
11
9
93
9
44
11
23
9
20
9
99
9
21
9
50
9
33
9
44
0
0
9
32
9
61
12
24
9
44
9
92
9
21
0
20
12
84
9
13
9
99
9
34
9
67
9
13
9
72
12
84
