9
14
9
64
9
44
9
14
17
89
9
14
15
27
9
14
9
99
9
99
9
64
9
64
9
99
9
64
9
99
9
44
9
99
12
54
9
99
9
14
9
74
9
94
9
34
9
74
12
24
14
56
9
34
12
54
14
86
9
99
9
99
9
64
9
99
9
99
9
74
9
77
9
94
9
14
14
86
9
94
0
60
9
94
9
14
9
74
9
34
18
30
9
74
0
70
18
30
17
29
15
57
9
94
9
14
9
64
9
74
9
44
16
28
12
24
9
14
15
57
15
57
9
74
9
94
9
99
9
99
9
64
15
27
13
85
9
99
9
44
18
90
9
94
9
74
9
34
9
99
0
70
9
14
9
74
9
74
9
34
9
44
9
34
9
94
9
74
9
64
9
64
14
86
14
56
0
0
9
14
15
57
9
44
12
54
14
56
9
34
9
64
9
64
14
26
9
34
9
74
9
44
15
57
9
14
9
14
15
27
9
74
9
34
9
64
9
94
9
94
9
94
17
89
9
99
14
86
15
57
9
34
9
99
15
87
9
74
9
64
16
88
9
34
9
64
15
87
9
94
9
99
0
80
9
94
9
34
13
55
17
29
9
74
15
87
9
94
9
74
9
34
9
99
18
30
9
34
9
99
9
94
9
74
9
99
12
54
9
44
12
84
9
94
17
89
9
44
9
34
9
14
9
34
9
74
9
44
14
26
9
94
9
44
9
34
9
61
9
64
14
26
9
14
9
34
9
44
16
88
9
77
9
99
9
34
16
28
9
74
9
94
12
84
9
43
9
34
9
99
9
99
9
34
12
24
9
94
9
44
9
99
9
34
9
94
9
94
9
34
9
74
9
64
9
44
9
14
9
44
9
74
9
74
9
74
15
87
0
50
9
64
16
28
9
42
15
27
0
60
9
94
9
14
9
44
9
99
9
74
17
89
9
64
13
85
9
94
16
28
15
87
9
74
9
14
9
14
9
64
16
28
9
44
9
94
15
27
9
44
15
27
9
14
13
25
14
26
9
74
16
88
9
34
9
14
9
34
9
74
15
87
9
34
9
14
9
74
15
27
15
87
9
94
14
86
9
64
14
26
9
44
9
44
9
74
9
64
9
44
14
26
9
99
9
64
15
87
9
74
17
59
9
99
9
44
9
99
9
64
9
34
9
94
9
44
9
94
15
57
9
34
9
14
9
99
15
87
9
64
9
44
16
58
13
55
9
99
9
99
9
44
9
74
9
99
16
88
9
66
0
10
9
64
15
27
9
64
12
24
14
26
9
14
9
34
9
34
14
86
14
86
9
64
15
87
9
64
9
64
15
57
9
44
9
99
9
44
3
99
9
14
14
56
9
64
9
94
13
55
9
34
9
34
9
44
9
44
9
99
9
44
9
64
9
3
9
14
9
74
9
34
9
44
9
94
14
56
9
34
4
49
9
94
9
99
9
99
9
34
9
44
9
64
9
94
9
74
9
64
9
14
9
14
9
64
9
14
9
44
9
94
9
94
9
64
15
57
9
44
15
27
2
19
9
99
9
99
9
94
9
99
17
89
9
44
9
74
9
26
16
88
14
86
9
99
9
14
9
74
9
34
4
50
9
48
13
85
9
14
9
99
9
34
17
59
9
74
9
34
9
44
9
14
16
28
9
44
9
64
3
39
0
0
9
14
18
60
9
34
8
95
9
38
1
39
9
64
9
74
9
14
9
99
9
94
8
65
9
74
14
86
15
27
9
14
9
44
9
74
9
14
9
34
9
74
14
26
12
24
13
25
15
27
9
14
9
44
9
14
14
56
9
99
9
64
9
94
9
44
9
99
9
94
9
44
9
74
9
44
9
64
9
14
9
74
9
64
1
39
14
56
9
99
9
14
14
26
9
14
9
34
9
13
9
99
9
94
9
44
9
94
14
56
9
74
9
99
9
71
9
34
9
94
14
56
9
34
12
24
9
44
9
14
9
94
9
14
15
87
9
64
0
19
9
94
9
14
9
44
12
84
9
64
9
64
9
99
9
74
9
34
13
25
9
99
9
64
9
99
9
94
9
34
9
99
9
44
16
88
9
99
15
27
9
94
9
99
15
87
9
94
9
44
9
99
17
89
14
86
9
99
9
34
9
34
16
58
9
99
14
26
9
99
9
34
9
99
0
20
9
14
9
34
9
99
12
24
9
99
9
64
9
44
16
28
9
74
9
44
13
85
9
14
1
29
14
26
9
64
9
44
9
14
15
87
9
64
15
57
9
44
9
44
9
73
9
34
9
74
9
94
9
99
9
74
9
74
9
14
14
56
9
34
17
59
4
19
9
44
9
64
9
99
9
99
9
99
9
99
0
40
14
26
9
14
14
56
9
14
9
94
18
30
9
94
9
34
9
14
9
34
9
64
9
64
9
94
9
74
17
59
14
56
9
44
9
14
9
94
9
44
9
44
9
74
18
90
13
55
18
30
12
24
12
84
9
34
14
56
13
55
9
44
14
26
9
14
9
44
9
64
17
89
18
90
9
74
15
87
1
59
9
74
9
74
9
44
16
88
9
99
9
99
9
44
16
88
9
94
9
34
3
29
9
34
15
27
9
94
9
44
9
94
16
28
9
64
13
25
9
44
9
34
9
74
9
14
9
34
9
94
16
88
2
49
15
27
9
44
18
30
9
14
16
58
9
94
9
34
9
99
9
64
15
27
9
74
3
79
9
74
13
55
9
74
9
14
9
74
9
99
13
85
9
14
9
99
8
85
9
44
15
87
4
29
9
74
8
35
16
88
9
99
9
34
9
74
14
26
9
34
16
28
9
94
9
34
9
64
1
79
9
34
9
14
9
64
9
11
9
34
9
44
9
94
9
7
15
57
0
50
9
34
13
55
17
29
17
89
16
28
0
50
12
54
1
59
9
74
18
90
9
99
9
14
9
34
9
94
9
94
2
69
3
20
14
86
9
74
16
88
9
64
9
44
9
14
9
34
17
89
9
64
9
64
9
14
18
60
9
94
13
55
9
64
9
94
14
86
16
88
9
14
15
27
16
28
9
14
9
94
14
26
9
14
9
34
9
34
17
89
9
14
9
34
9
14
9
99
17
29
9
99
9
64
14
56
9
14
12
54
9
14
9
14
9
34
9
34
14
56
0
70
12
54
9
64
9
34
17
59
9
44
9
99
14
86
17
29
9
94
9
14
9
34
9
64
9
44
14
86
17
81
9
99
9
74
9
13
9
64
9
44
9
74
14
56
15
27
9
72
14
86
9
34
9
64
9
94
9
34
9
34
9
44
9
34
9
64
14
86
14
86
9
99
14
56
0
50
1
19
18
60
16
88
9
34
9
64
9
14
13
85
9
99
16
21
9
94
15
57
3
19
9
34
17
59
9
94
9
14
14
56
18
30
9
34
9
1
9
34
12
54
9
74
9
36
17
59
9
34
9
99
15
57
9
44
9
69
9
99
9
99
9
64
0
10
17
59
9
64
18
90
1
19
9
94
9
44
9
44
9
94
9
94
12
24
17
29
9
14
16
58
9
99
9
32
9
14
13
55
9
34
9
64
9
74
9
44
9
99
9
34
9
44
9
99
9
34
9
64
9
14
9
44
9
99
17
29
9
34
9
64
4
69
14
86
9
74
9
34
12
24
9
74
9
99
9
14
9
74
9
34
9
44
9
74
9
64
15
87
9
44
17
89
9
54
15
87
9
74
12
24
14
56
9
14
9
34
9
74
9
74
3
29
9
34
9
34
9
14
9
44
9
99
9
34
9
99
16
58
16
58
3
19
2
44
9
14
14
26
14
26
9
74
9
64
15
27
0
90
16
28
9
74
12
24
9
74
15
27
9
74
9
64
4
19
4
89
9
14
9
44
9
14
9
44
9
64
9
94
9
99
16
88
16
58
2
39
9
74
14
26
9
14
9
14
9
74
9
94
9
94
14
26
2
59
13
85
13
85
9
34
9
34
16
28
14
26
15
27
9
44
3
59
9
14
9
14
9
14
9
74
9
64
9
14
0
60
9
14
14
26
18
90
9
99
14
56
9
44
9
99
17
59
9
94
9
74
9
64
9
74
0
80
13
25
9
6
9
34
17
89
9
44
9
28
9
74
15
27
14
56
9
94
9
44
9
64
9
64
9
34
9
34
9
14
14
86
9
64
9
34
9
64
9
99
9
44
9
27
9
34
9
44
9
34
9
64
15
57
9
14
9
14
9
99
9
94
9
74
9
44
9
73
9
92
9
94
9
99
9
1
18
90
9
14
13
25
2
9
9
94
16
58
9
34
14
86
9
34
9
94
9
99
16
28
9
34
13
85
9
64
13
25
14
56
9
74
9
14
13
55
15
57
9
99
9
99
9
14
1
49
9
94
9
44
9
99
14
26
9
94
14
26
9
64
9
44
9
34
9
99
9
14
9
44
9
14
9
94
9
44
15
27
12
24
9
99
13
25
12
54
9
34
9
44
0
0
9
34
9
64
16
28
9
44
9
94
13
25
0
20
16
88
9
14
9
99
9
34
9
67
9
14
9
74
16
88
