6
9
7
59
7
39
7
9
9
81
6
9
9
19
9
11
9
99
9
99
6
58
7
59
7
99
8
60
8
99
6
39
8
99
6
46
8
99
6
9
7
69
7
86
6
29
8
69
7
16
6
49
9
30
8
46
6
79
6
99
6
99
9
62
9
99
8
99
8
66
8
77
6
86
7
9
9
78
9
90
0
60
8
86
6
9
7
69
7
29
10
22
8
70
0
70
10
22
9
21
7
49
8
86
9
9
6
59
7
67
8
36
8
20
8
16
6
9
7
49
7
49
6
69
6
87
7
97
6
99
7
57
7
19
9
77
9
97
9
42
10
82
8
90
7
67
9
31
7
99
0
70
7
9
6
69
9
68
9
31
6
36
9
31
9
89
8
70
9
61
7
59
6
79
6
49
0
0
8
10
7
49
9
41
8
46
6
49
8
30
9
61
6
56
6
19
9
29
9
70
9
41
9
49
7
8
6
8
7
19
6
69
9
31
8
60
9
91
9
92
8
90
9
81
9
99
9
78
7
49
7
29
8
99
7
79
7
68
9
60
9
80
8
30
9
62
7
79
8
89
8
99
0
80
9
91
9
27
9
47
9
21
9
71
7
79
8
90
6
68
8
26
9
99
10
22
8
27
8
99
7
89
9
72
9
99
6
46
8
36
8
76
6
89
9
81
9
38
9
31
9
11
9
32
8
70
6
36
6
19
9
88
7
38
6
29
7
61
6
59
6
19
8
10
6
29
7
39
8
80
8
77
7
99
9
32
8
20
8
70
7
89
7
76
9
43
8
26
7
99
7
97
7
27
8
16
9
91
9
41
7
99
7
29
8
90
9
88
9
30
8
66
9
60
9
41
7
7
9
39
7
68
8
66
9
71
7
79
0
50
6
59
9
20
8
42
8
19
0
60
8
86
8
9
9
39
9
98
8
66
9
81
6
59
9
77
9
92
8
20
7
79
8
67
9
12
9
12
9
61
9
20
9
39
8
86
8
19
9
37
7
19
6
9
6
17
7
18
8
70
8
80
7
29
8
10
9
29
9
71
9
79
6
29
9
8
8
68
9
19
7
79
7
89
6
79
7
59
7
18
6
39
9
41
6
69
6
59
8
40
9
18
6
99
8
59
9
79
9
71
9
51
7
96
8
37
9
99
6
56
9
32
6
89
7
36
9
91
7
49
9
31
9
10
9
99
9
79
9
62
6
39
9
50
9
47
9
99
9
99
8
36
9
72
6
97
8
80
7
66
0
10
9
59
7
19
7
59
8
16
6
18
8
6
6
28
9
31
6
79
6
79
9
57
7
79
8
56
6
59
7
49
9
39
6
98
7
39
3
96
9
11
7
48
9
62
8
86
9
47
6
28
6
27
7
39
9
39
9
99
7
39
7
59
7
3
6
7
6
69
6
29
9
40
9
91
6
49
6
29
4
49
9
90
8
99
9
99
9
29
9
41
6
59
7
88
8
70
8
59
7
9
6
8
9
61
7
9
9
41
7
89
9
90
7
59
9
49
6
38
7
19
2
19
7
97
7
99
6
88
6
99
9
81
7
39
6
69
9
26
9
80
6
79
8
99
7
9
9
72
9
31
4
50
9
48
9
77
7
7
9
99
6
29
9
51
8
70
7
29
8
36
7
9
8
20
6
36
9
57
3
39
0
0
9
9
10
52
8
30
7
95
7
38
1
39
9
62
7
69
9
11
8
96
9
92
6
65
9
71
7
78
7
19
7
9
9
41
8
66
7
9
8
27
8
69
6
19
7
16
7
17
7
19
9
11
9
37
9
14
6
49
9
98
6
59
9
90
7
39
9
99
9
91
9
41
7
68
9
37
9
60
9
8
9
68
9
61
1
38
9
48
6
99
7
9
6
19
9
8
7
29
8
14
9
98
6
89
7
39
7
89
9
48
6
69
9
99
8
71
6
29
9
91
6
49
8
30
7
16
9
39
6
7
9
89
8
10
7
79
7
59
0
19
9
91
6
8
9
41
8
76
6
59
8
58
8
99
6
69
8
30
8
17
7
99
7
56
7
99
9
91
8
30
8
97
8
36
9
80
9
99
7
19
6
89
9
97
7
79
9
88
9
42
9
99
9
81
6
79
8
99
6
29
9
27
8
50
6
99
6
18
9
98
6
29
9
99
0
20
8
10
7
29
9
98
7
16
6
99
6
56
7
39
8
20
8
70
9
37
9
77
6
9
1
26
9
18
9
62
8
37
9
8
9
79
9
62
7
49
6
39
6
39
8
74
8
30
7
69
8
90
9
99
9
71
8
70
6
9
6
49
9
32
9
51
4
18
9
41
9
58
8
96
9
99
8
99
9
98
0
40
6
19
9
11
6
49
6
8
6
89
10
22
6
89
9
28
7
9
6
29
6
58
9
58
9
91
9
72
9
51
9
48
8
37
9
8
7
89
6
38
9
41
9
72
10
82
8
47
10
22
7
16
8
76
6
29
6
49
9
47
9
42
6
18
9
11
6
39
6
59
9
81
10
82
7
68
9
79
1
59
9
72
7
69
9
40
9
80
8
97
9
99
6
37
9
80
9
91
8
30
3
27
7
29
7
19
9
88
6
39
6
89
8
20
6
59
8
17
9
37
8
29
8
70
8
8
9
27
9
92
8
80
2
49
8
19
6
39
10
22
6
9
8
50
9
94
9
31
6
99
6
56
7
19
6
69
3
79
9
71
6
47
8
70
9
12
7
69
7
99
8
77
7
6
7
99
8
85
6
39
7
79
4
29
7
69
8
35
9
80
9
99
9
30
6
69
6
19
9
31
8
20
6
89
7
28
8
59
1
77
8
29
8
10
7
57
6
11
8
30
7
38
8
90
8
7
7
49
0
50
9
32
9
47
9
21
9
81
8
20
0
50
8
46
1
58
9
72
10
82
7
99
8
10
9
28
8
90
8
90
2
67
3
20
9
78
6
69
8
80
6
59
9
37
6
8
6
29
9
81
7
59
6
59
9
12
10
52
7
89
9
47
7
59
8
90
9
78
9
80
8
10
7
19
8
20
7
9
9
89
6
19
9
7
8
30
9
31
9
81
8
10
9
31
7
9
6
99
9
21
7
99
7
59
6
49
8
10
8
46
7
8
7
9
9
27
8
26
6
49
0
70
8
46
8
60
7
29
9
51
8
40
6
99
6
79
9
21
6
86
8
7
9
32
9
60
6
39
8
78
9
81
8
99
8
70
9
13
8
56
8
38
8
70
6
49
7
19
7
72
6
79
9
31
9
61
9
87
8
30
6
27
8
36
7
27
7
59
6
79
6
79
7
99
6
49
0
50
1
19
10
52
9
80
6
29
6
59
6
9
7
77
7
99
8
23
8
90
7
49
3
17
6
26
9
51
8
90
9
8
6
49
10
22
8
30
8
1
6
29
7
46
7
69
9
36
9
51
7
29
8
98
8
49
8
40
8
69
6
99
7
97
8
57
0
10
9
51
8
60
10
82
1
19
9
91
7
39
8
37
6
87
7
87
7
16
9
21
9
11
8
50
9
99
7
32
6
9
6
47
8
30
6
56
8
70
7
39
6
99
8
26
9
42
9
97
6
27
9
61
6
6
7
39
9
99
9
21
7
27
7
59
4
69
6
79
9
72
8
30
8
16
7
69
6
99
7
6
9
72
8
27
9
40
7
69
8
60
9
79
8
36
9
81
7
54
7
79
7
66
8
16
9
48
8
8
8
30
9
71
7
68
3
28
7
26
8
29
6
9
6
39
8
96
9
30
9
99
9
50
8
50
3
19
2
44
9
7
6
19
9
18
9
71
7
59
7
19
0
90
8
20
8
70
7
16
7
69
7
19
9
72
6
56
4
19
4
89
9
8
9
41
9
11
9
39
9
59
7
89
7
97
8
80
8
50
2
37
9
69
8
18
9
10
9
11
7
69
8
86
7
89
8
18
2
59
7
77
7
77
9
27
8
26
8
20
6
19
9
19
7
36
3
59
8
14
9
9
6
9
9
72
9
61
9
11
0
60
8
10
7
18
10
82
7
99
6
49
7
39
9
99
9
51
8
90
6
69
9
60
9
71
0
80
6
17
7
12
7
27
9
81
7
38
9
28
6
67
9
19
8
48
6
89
9
38
6
59
7
59
6
29
9
31
7
9
6
79
8
60
7
26
8
60
8
99
8
40
9
27
9
31
9
41
7
28
9
62
7
49
8
10
9
12
7
99
6
89
8
70
8
36
8
73
7
92
9
89
6
99
9
1
10
82
6
6
6
17
2
9
9
91
9
50
6
26
6
79
9
32
6
89
9
99
8
20
8
30
7
77
6
59
7
17
9
48
8
70
7
9
6
47
8
49
9
99
8
99
9
8
1
46
8
86
7
39
8
99
6
18
7
89
7
18
9
59
7
39
9
32
9
99
6
6
7
39
8
7
7
89
9
42
7
19
7
16
8
98
9
17
8
46
9
29
9
41
0
0
6
29
9
57
8
20
9
40
6
89
8
17
0
20
9
80
7
9
9
97
9
31
6
67
9
9
6
69
9
80
