9
13
9
64
9
44
9
14
14
86
9
13
12
24
9
14
9
99
9
99
9
63
9
64
9
99
9
64
9
99
9
43
9
99
9
51
9
99
9
13
9
74
9
91
9
33
9
74
9
21
11
53
9
34
9
51
11
83
9
99
9
99
9
64
9
99
9
99
9
71
9
77
9
91
9
14
11
83
9
94
0
60
9
91
9
13
9
74
9
34
15
27
9
74
0
70
15
27
14
26
12
54
9
91
9
14
9
63
9
72
9
41
13
25
9
21
9
13
12
54
12
54
9
73
9
92
9
99
9
99
9
62
12
24
10
82
9
99
9
44
15
87
9
94
9
72
9
34
9
99
0
70
9
14
9
73
9
73
9
34
9
41
9
34
9
94
9
74
9
64
9
64
11
83
11
53
0
0
9
14
12
54
9
44
9
51
11
53
9
34
9
64
9
61
11
23
9
34
9
74
9
44
12
54
9
13
9
13
12
24
9
73
9
34
9
64
9
94
9
94
9
94
14
86
9
99
11
83
12
54
9
34
9
99
12
84
9
73
9
64
13
85
9
34
9
64
12
84
9
94
9
99
0
80
9
94
9
32
10
52
14
26
9
74
12
84
9
94
9
73
9
31
9
99
15
27
9
32
9
99
9
94
9
74
9
99
9
51
9
41
9
81
9
93
14
86
9
43
9
34
9
14
9
34
9
74
9
41
11
23
9
93
9
43
9
33
9
61
9
63
11
23
9
14
9
33
9
44
13
85
9
77
9
99
9
34
13
25
9
74
9
94
9
81
9
43
9
31
9
99
9
99
9
32
9
21
9
94
9
44
9
99
9
34
9
94
9
93
9
34
9
71
9
64
9
44
9
12
9
44
9
73
9
71
9
74
12
84
0
50
9
63
13
25
9
42
12
24
0
60
9
91
9
14
9
44
9
99
9
71
14
86
9
63
10
82
9
94
13
25
12
84
9
72
9
14
9
14
9
64
13
25
9
44
9
91
12
24
9
42
12
24
9
13
10
22
11
23
9
74
13
85
9
34
9
14
9
34
9
74
12
84
9
33
9
13
9
73
12
24
12
84
9
94
11
83
9
64
11
23
9
43
9
44
9
73
9
63
9
44
11
23
9
99
9
64
12
84
9
74
14
56
9
99
9
42
9
99
9
61
9
34
9
93
9
41
9
94
12
54
9
34
9
14
9
99
12
84
9
64
9
43
13
55
10
52
9
99
9
99
9
41
9
74
9
99
13
85
9
66
0
10
9
64
12
24
9
64
9
21
11
23
9
11
9
33
9
34
11
83
11
83
9
62
12
84
9
61
9
63
12
54
9
44
9
99
9
44
3
99
9
14
11
53
9
64
9
91
10
52
9
33
9
32
9
44
9
44
9
99
9
44
9
64
9
3
9
12
9
73
9
33
9
44
9
94
11
53
9
33
4
49
9
94
9
99
9
99
9
34
9
44
9
63
9
93
9
74
9
64
9
14
9
13
9
64
9
14
9
44
9
94
9
94
9
64
12
54
9
43
12
24
2
19
9
99
9
99
9
93
9
99
14
86
9
44
9
73
9
26
13
85
11
83
9
99
9
14
9
74
9
34
4
50
9
48
10
82
9
12
9
99
9
33
14
56
9
74
9
34
9
41
9
14
13
25
9
41
9
62
3
39
0
0
9
14
15
57
9
34
8
95
9
38
1
39
9
64
9
74
9
14
9
99
9
94
8
65
9
74
11
83
12
24
9
14
9
44
9
71
9
14
9
32
9
74
11
23
9
21
10
22
12
24
9
14
9
42
9
14
11
53
9
99
9
63
9
94
9
44
9
99
9
94
9
44
9
73
9
42
9
64
9
13
9
73
9
64
1
39
11
53
9
99
9
14
11
23
9
13
9
34
9
13
9
99
9
93
9
44
9
94
11
53
9
73
9
99
9
71
9
33
9
94
11
53
9
34
9
21
9
44
9
12
9
94
9
14
12
84
9
64
0
19
9
94
9
13
9
44
9
81
9
63
9
63
9
99
9
73
9
34
10
22
9
99
9
61
9
99
9
94
9
34
9
99
9
41
13
85
9
99
12
24
9
93
9
99
12
84
9
93
9
44
9
99
14
86
11
83
9
99
9
33
9
32
13
55
9
99
11
23
9
99
9
33
9
99
0
20
9
14
9
34
9
99
9
21
9
99
9
61
9
44
13
25
9
74
9
42
10
82
9
13
1
29
11
23
9
64
9
42
9
13
12
84
9
64
12
54
9
43
9
43
9
73
9
34
9
74
9
94
9
99
9
74
9
74
9
13
11
53
9
34
14
56
4
19
9
44
9
63
9
99
9
99
9
99
9
99
0
40
11
23
9
14
11
53
9
13
9
93
15
27
9
93
9
33
9
14
9
33
9
63
9
63
9
94
9
74
14
56
11
53
9
42
9
13
9
94
9
43
9
44
9
74
15
87
10
52
15
27
9
21
9
81
9
33
11
53
10
52
9
44
11
23
9
14
9
43
9
63
14
86
15
87
9
73
12
84
1
59
9
74
9
74
9
44
13
85
9
99
9
99
9
42
13
85
9
94
9
34
3
29
9
34
12
24
9
93
9
43
9
93
13
25
9
63
10
22
9
42
9
34
9
74
9
13
9
32
9
94
13
85
2
49
12
24
9
43
15
27
9
13
13
55
9
94
9
34
9
99
9
61
12
24
9
73
3
79
9
74
10
52
9
74
9
14
9
74
9
99
10
82
9
11
9
99
8
85
9
43
12
84
4
29
9
74
8
35
13
85
9
99
9
34
9
73
11
23
9
34
13
25
9
93
9
33
9
64
1
79
9
34
9
14
9
62
9
11
9
34
9
43
9
94
9
7
12
54
0
50
9
34
10
52
14
26
14
86
13
25
0
50
9
51
1
59
9
74
15
87
9
99
9
14
9
33
9
94
9
94
2
69
3
20
11
83
9
73
13
85
9
63
9
42
9
13
9
33
14
86
9
64
9
63
9
14
15
57
9
94
10
52
9
64
9
94
11
83
13
85
9
14
12
24
13
25
9
14
9
94
11
23
9
12
9
34
9
34
14
86
9
14
9
34
9
14
9
99
14
26
9
99
9
64
11
53
9
14
9
51
9
13
9
14
9
32
9
31
11
53
0
70
9
51
9
64
9
34
14
56
9
44
9
99
11
83
14
26
9
91
9
12
9
34
9
64
9
43
11
83
14
81
9
99
9
74
9
13
9
61
9
43
9
74
11
53
12
24
9
72
11
83
9
34
9
64
9
92
9
34
9
32
9
41
9
32
9
64
11
83
11
83
9
99
11
53
0
50
1
19
15
57
13
85
9
33
9
63
9
13
10
82
9
99
13
21
9
94
12
54
3
19
9
31
14
56
9
94
9
13
11
53
15
27
9
34
9
1
9
33
9
51
9
74
9
36
14
56
9
34
9
99
12
54
9
44
9
69
9
99
9
99
9
62
0
10
14
56
9
64
15
87
1
19
9
94
9
44
9
42
9
92
9
92
9
21
14
26
9
14
13
55
9
99
9
32
9
13
10
52
9
34
9
61
9
74
9
44
9
99
9
31
9
44
9
99
9
32
9
64
9
11
9
44
9
99
14
26
9
32
9
64
4
69
11
83
9
74
9
34
9
21
9
74
9
99
9
11
9
74
9
32
9
44
9
74
9
64
12
84
9
41
14
86
9
54
12
84
9
71
9
21
11
53
9
13
9
34
9
74
9
73
3
29
9
31
9
34
9
13
9
43
9
99
9
34
9
99
13
55
13
55
3
19
2
44
9
12
11
23
11
23
9
74
9
64
12
24
0
90
13
25
9
74
9
21
9
74
12
24
9
74
9
61
4
19
4
89
9
13
9
44
9
14
9
44
9
64
9
94
9
99
13
85
13
55
2
39
9
74
11
23
9
14
9
14
9
74
9
91
9
94
11
23
2
59
10
82
10
82
9
32
9
31
13
25
11
23
12
24
9
41
3
59
9
14
9
14
9
13
9
74
9
64
9
14
0
60
9
14
11
23
15
87
9
99
11
53
9
44
9
99
14
56
9
94
9
73
9
64
9
74
0
80
10
22
9
7
9
32
14
86
9
43
9
28
9
72
12
24
11
53
9
93
9
43
9
63
9
64
9
33
9
34
9
14
11
83
9
64
9
31
9
64
9
99
9
44
9
27
9
34
9
44
9
33
9
64
12
54
9
14
9
14
9
99
9
93
9
74
9
41
9
73
9
92
9
94
9
99
9
1
15
87
9
11
10
22
2
9
9
94
13
55
9
31
11
83
9
34
9
93
9
99
13
25
9
34
10
82
9
63
10
22
11
53
9
74
9
14
10
52
12
54
9
99
9
99
9
13
1
49
9
91
9
44
9
99
11
23
9
94
11
23
9
64
9
44
9
34
9
99
9
11
9
44
9
12
9
94
9
44
12
24
9
21
9
99
10
22
9
51
9
34
9
44
0
0
9
33
9
62
13
25
9
44
9
93
10
22
0
20
13
85
9
14
9
99
9
34
9
67
9
14
9
73
13
85
