0
5
1
54
1
38
1
3
3
76
0
5
3
13
3
6
3
93
3
97
0
52
1
53
1
95
2
56
2
99
0
33
2
95
1
40
2
99
0
4
1
65
2
80
0
27
2
63
2
10
0
45
3
24
4
40
0
76
0
99
0
99
4
59
4
94
2
95
4
60
2
77
1
80
1
7
4
72
4
84
0
60
4
80
0
6
1
69
1
25
4
18
2
66
0
70
4
16
3
17
1
47
4
80
3
3
0
53
1
61
3
30
2
14
4
10
0
4
1
47
1
48
0
65
0
81
1
91
0
96
1
51
1
18
3
71
3
91
4
36
4
77
2
86
1
61
3
25
1
96
0
70
1
9
0
69
3
62
3
29
1
30
4
25
3
83
2
67
3
57
1
59
0
78
0
43
0
0
2
9
1
45
3
38
4
40
0
47
2
24
3
56
1
50
0
19
3
23
4
64
4
35
3
43
1
2
0
2
1
15
0
68
3
29
2
59
3
89
4
89
2
87
4
75
4
93
3
72
1
49
1
26
2
93
1
77
1
62
3
54
3
74
2
29
4
57
1
75
2
83
2
95
0
80
3
87
3
21
3
41
3
19
3
67
1
78
2
86
0
62
4
20
3
95
4
19
2
21
2
93
1
85
4
66
3
96
1
40
3
30
3
70
0
84
3
78
4
32
3
26
4
5
4
26
2
65
1
30
0
16
4
82
1
32
0
28
2
60
0
55
0
19
2
6
0
25
1
33
2
77
2
77
1
96
4
26
2
14
2
67
1
87
2
70
4
43
3
20
1
93
1
91
1
21
4
10
3
89
3
36
1
93
1
29
2
88
4
82
4
24
4
60
4
54
3
37
1
1
4
33
1
62
4
60
4
65
1
78
0
50
0
56
3
14
2
42
2
13
0
60
3
80
2
3
4
33
4
92
3
60
4
75
0
53
4
71
4
86
2
16
1
73
2
61
4
7
4
9
3
56
4
14
3
33
4
80
2
13
4
31
1
19
0
3
0
11
1
12
2
65
2
77
1
25
2
7
3
23
3
65
3
73
0
27
3
2
2
62
4
13
1
75
1
86
0
73
1
59
1
12
0
39
4
35
0
66
0
55
2
34
4
12
0
97
2
53
4
73
3
66
3
45
2
90
2
31
3
96
1
50
4
26
0
85
2
30
3
86
1
43
3
25
4
4
4
94
4
73
4
59
0
36
3
44
3
41
3
98
4
94
3
30
4
67
0
91
2
79
1
66
0
10
3
53
1
16
1
59
4
10
0
12
4
0
0
22
3
28
0
74
0
76
3
51
1
74
3
50
0
56
1
45
3
33
0
92
1
38
3
90
3
9
1
42
4
58
4
80
3
41
0
22
0
21
1
37
3
33
3
95
1
33
1
55
1
3
0
1
0
67
0
26
3
34
3
87
0
48
0
29
4
46
4
84
2
95
3
93
4
23
3
38
0
55
1
82
2
64
2
53
1
4
0
2
4
55
1
7
4
35
1
87
4
84
1
57
4
43
0
32
1
16
2
16
1
91
1
96
0
82
0
95
4
75
1
39
0
69
3
26
4
74
0
76
2
98
1
3
4
68
3
29
4
50
3
49
4
71
1
1
4
94
0
27
4
45
2
69
1
28
4
30
1
7
2
14
1
30
4
51
3
35
0
0
3
3
4
47
2
26
1
95
1
38
1
39
4
57
1
67
3
7
3
90
4
87
0
65
3
67
1
72
1
17
1
8
3
38
3
60
1
4
2
21
2
63
0
13
2
10
1
11
1
19
3
9
4
31
3
14
0
49
3
92
0
54
4
84
1
38
3
93
3
86
3
39
1
62
3
31
3
54
3
2
4
62
3
58
1
32
4
42
0
96
1
3
0
15
4
2
1
29
2
14
4
92
0
85
1
39
1
87
4
42
0
63
3
97
2
71
0
29
3
85
0
48
2
26
2
10
3
33
0
1
3
83
2
9
1
76
1
57
0
19
4
85
0
2
4
35
4
70
0
54
2
52
2
94
0
64
2
24
2
11
1
96
2
50
1
94
3
86
2
26
2
91
3
30
3
74
4
98
1
15
0
83
3
91
1
78
4
82
4
38
3
98
3
76
0
74
2
99
0
28
3
21
2
45
0
97
0
12
3
92
0
24
3
93
0
20
2
8
1
23
3
92
2
10
0
97
1
50
1
39
2
14
2
69
3
31
3
71
0
3
2
20
4
12
4
59
2
31
4
2
4
73
4
56
1
45
0
37
0
35
2
74
2
24
1
68
2
85
3
95
4
65
2
69
0
7
0
44
4
27
3
46
4
12
3
39
4
52
3
90
4
94
2
95
3
92
0
40
0
18
3
5
0
48
0
2
0
88
4
16
0
84
3
22
1
4
0
28
0
52
3
52
4
85
4
68
3
46
3
42
2
31
4
2
1
86
0
32
3
39
4
68
4
78
2
41
4
16
2
10
3
70
0
25
0
49
3
41
4
39
0
12
3
8
0
39
0
55
4
75
4
76
1
62
4
73
1
58
4
68
1
65
4
34
3
74
2
91
4
94
0
31
4
74
3
85
2
26
3
21
1
24
1
19
4
82
0
37
0
83
2
17
0
55
2
11
4
31
2
23
2
67
2
2
3
21
4
86
2
78
2
46
2
13
0
34
4
18
0
6
2
46
3
94
3
26
0
94
1
50
1
16
0
69
3
78
3
67
0
41
2
69
4
6
1
68
1
99
2
71
2
0
1
97
4
85
0
36
1
73
4
23
1
64
4
35
3
74
4
98
3
24
0
65
0
17
4
25
2
16
0
83
1
22
2
53
1
71
2
23
2
8
1
51
0
11
2
27
1
32
2
89
2
7
1
44
0
50
4
28
3
41
4
15
3
77
2
15
0
50
4
40
1
52
4
67
4
76
1
95
2
4
3
22
2
89
2
84
2
61
3
20
4
72
0
66
2
75
0
54
4
31
0
2
0
28
3
79
1
56
0
57
4
9
4
47
1
86
3
41
1
58
2
84
3
72
4
74
2
9
1
13
2
16
1
5
4
83
0
17
4
1
2
24
4
25
3
78
2
5
3
28
1
6
0
99
3
16
1
99
1
57
0
45
2
8
4
40
1
2
1
6
4
21
4
20
0
43
0
70
3
40
2
59
1
27
3
45
2
36
0
94
0
76
4
15
1
80
2
1
4
29
4
54
0
35
2
72
3
81
2
96
2
65
3
14
3
50
2
32
2
67
0
47
1
18
1
72
0
77
3
29
4
55
4
81
2
27
0
21
3
30
1
21
1
54
0
74
0
76
1
99
0
49
0
50
1
14
4
47
3
74
0
26
0
57
0
6
1
71
1
95
2
29
2
86
1
46
3
11
1
20
3
47
2
89
3
2
0
48
4
18
2
27
2
1
0
27
2
40
1
67
3
36
3
45
1
28
2
92
2
43
2
38
2
69
0
99
1
91
2
51
0
10
3
45
2
54
4
76
0
13
3
85
1
33
2
31
0
81
1
81
2
10
3
18
4
5
2
49
3
96
1
32
0
3
0
41
2
28
1
50
2
68
1
39
0
98
4
20
4
37
3
91
0
21
3
59
1
0
1
38
3
98
3
15
1
21
1
59
4
63
0
77
4
68
2
26
3
10
1
63
0
99
2
0
4
69
2
21
3
34
1
69
2
55
4
73
3
30
4
75
1
54
1
79
2
60
3
10
3
42
2
2
2
26
3
67
1
62
3
22
2
20
2
23
0
8
0
35
4
90
3
24
4
97
4
44
2
47
3
15
2
44
3
1
0
15
4
12
4
65
1
58
1
13
0
90
2
16
2
67
2
10
1
67
1
18
4
68
1
50
4
18
4
89
4
2
4
35
3
8
4
33
4
53
1
88
1
91
2
74
2
45
2
31
4
63
2
12
4
4
3
9
1
66
3
80
1
83
2
12
2
53
1
71
1
71
4
21
3
20
2
19
0
17
3
13
2
30
3
57
2
14
3
3
0
6
4
68
3
57
3
6
0
60
2
7
1
12
4
79
1
98
0
49
1
33
4
96
3
48
2
85
0
66
4
54
3
67
0
80
0
11
1
18
1
21
3
78
1
32
4
28
0
61
3
13
2
42
0
85
4
32
0
57
1
58
0
23
3
28
1
4
0
74
2
54
2
20
2
55
2
97
2
38
3
27
4
25
3
36
1
22
4
57
1
49
2
4
4
9
1
98
0
88
2
65
3
30
2
73
1
92
3
83
0
95
4
1
4
77
1
0
0
11
2
6
3
87
3
44
1
20
0
74
4
27
0
89
3
96
2
16
2
25
1
71
0
55
1
11
3
42
2
65
1
5
0
41
2
43
3
94
2
96
4
2
1
40
3
80
1
39
2
95
0
12
1
89
1
12
4
53
1
35
4
28
3
95
1
0
1
39
2
1
1
86
4
38
1
18
2
10
2
92
3
11
4
40
3
23
3
36
0
0
0
24
4
51
2
18
4
34
0
87
2
11
0
20
4
74
1
4
4
91
3
27
0
67
3
3
0
69
4
74
