2
7
3
56
3
39
3
5
5
78
2
7
5
15
5
8
5
95
5
99
2
54
3
55
3
97
4
58
4
99
2
35
4
97
2
42
4
99
2
6
3
67
3
82
2
29
4
65
3
12
2
47
5
26
5
42
2
78
2
99
2
99
6
59
6
96
4
97
5
62
4
77
2
82
3
9
6
74
6
86
0
60
5
82
2
8
3
69
3
27
6
19
4
68
0
70
6
18
5
19
3
49
5
82
5
5
2
55
3
63
4
32
4
16
5
12
2
6
3
49
3
49
2
67
2
83
3
93
2
98
3
53
3
19
5
73
5
93
6
38
6
79
4
88
3
63
5
27
3
98
0
70
3
9
2
69
5
64
5
29
2
32
6
27
5
85
4
69
5
59
3
59
2
79
2
45
0
0
4
9
3
47
5
39
5
42
2
49
4
26
5
58
2
52
2
19
5
25
6
66
6
37
5
45
3
4
2
4
3
17
2
69
5
29
4
59
5
89
6
89
4
89
6
77
6
95
5
74
3
49
3
28
4
95
3
79
3
64
5
56
5
76
4
29
6
59
3
77
4
85
4
97
0
80
5
89
5
23
5
43
5
19
5
69
3
79
4
88
2
64
5
22
5
97
6
19
4
23
4
95
3
87
6
68
5
98
2
42
4
32
4
72
2
86
5
79
6
34
5
28
6
7
6
28
4
67
2
32
2
18
6
84
3
34
2
29
3
61
2
57
2
19
4
8
2
27
3
35
4
79
4
77
3
98
6
28
4
16
4
69
3
89
3
72
6
43
4
22
3
95
3
93
3
23
5
12
5
89
5
38
3
95
3
29
4
89
6
84
6
26
5
62
6
56
5
39
3
3
6
35
3
64
5
62
6
67
3
79
0
50
2
58
5
16
4
42
4
15
0
60
4
82
4
5
6
35
6
94
4
62
6
77
2
55
6
73
6
88
4
18
3
75
4
63
6
9
6
9
5
58
6
16
5
35
5
82
4
15
6
33
3
19
2
5
2
13
3
14
4
67
4
79
3
27
4
9
5
25
5
67
5
75
2
29
5
4
4
64
6
15
3
77
3
88
2
75
3
59
3
14
2
39
6
37
2
68
2
57
4
36
6
14
2
99
4
55
6
75
5
68
5
47
3
92
4
33
5
98
2
52
6
28
2
87
3
32
5
88
3
45
5
27
6
6
6
96
6
75
6
59
2
38
5
46
5
43
5
99
6
96
4
32
6
69
2
93
4
79
3
66
0
10
5
55
3
18
3
59
5
12
2
14
5
2
2
24
5
29
2
76
2
78
5
53
3
76
4
52
2
58
3
47
5
35
2
94
3
39
3
92
5
9
3
44
6
59
5
82
5
43
2
24
2
23
3
39
5
35
5
97
3
35
3
57
3
3
2
3
2
69
2
28
5
36
5
89
2
49
2
29
4
48
6
86
4
97
5
95
6
25
5
39
2
57
3
84
4
66
4
55
3
6
2
4
6
57
3
9
6
37
3
89
6
86
3
59
6
45
2
34
3
18
2
18
3
93
3
98
2
84
2
97
6
77
3
39
2
69
5
26
6
76
2
78
4
99
3
5
6
69
5
29
4
50
5
48
6
73
3
3
6
96
2
29
6
47
4
69
3
29
5
32
3
9
4
16
2
32
6
53
3
37
0
0
5
5
6
49
4
28
3
95
3
38
1
39
6
59
3
69
5
9
4
92
6
89
2
65
5
69
3
74
3
19
3
9
5
39
4
62
3
6
4
23
4
65
2
15
3
12
3
13
3
19
5
9
6
33
5
14
2
49
5
94
2
56
6
86
3
39
5
95
5
88
5
39
3
64
5
33
5
56
5
4
6
64
5
59
1
34
6
44
2
98
3
5
2
17
6
4
3
29
4
14
6
94
2
87
3
39
3
89
6
44
2
65
5
99
4
71
2
29
5
87
2
49
4
28
3
12
5
35
2
3
5
85
4
9
3
78
3
59
0
19
6
87
2
4
6
37
5
72
2
56
4
54
4
96
2
66
4
26
4
13
3
98
3
52
3
96
5
88
4
28
4
93
4
32
5
76
6
99
3
17
2
85
5
93
3
79
6
84
6
39
5
99
5
78
2
76
4
99
2
29
5
23
4
47
2
99
2
14
5
94
2
26
5
95
0
20
4
9
3
25
5
94
3
12
2
99
2
52
3
39
4
16
4
69
5
33
5
73
2
5
1
22
6
14
6
59
4
33
6
4
6
75
6
58
3
47
2
39
2
37
4
74
4
26
3
69
4
87
5
97
6
67
4
69
2
9
2
46
6
29
5
48
4
14
5
39
6
54
4
92
6
96
4
97
5
94
0
40
2
19
5
7
2
49
2
4
2
89
6
18
2
86
5
24
3
6
2
29
2
54
5
54
6
87
6
69
5
48
5
44
4
33
6
4
3
88
2
34
5
39
6
69
6
79
4
43
6
18
3
12
4
72
2
27
2
49
5
43
6
39
2
14
5
9
2
39
2
57
6
77
6
78
3
64
6
75
1
59
6
69
3
67
6
36
5
76
4
93
6
96
2
33
6
76
5
87
4
28
3
23
3
26
3
19
6
84
2
39
2
85
4
19
2
57
4
13
6
33
4
25
4
69
4
4
5
23
6
88
4
79
2
48
4
15
2
36
6
19
2
8
4
48
5
94
5
28
2
96
2
52
3
18
2
69
3
79
5
69
2
43
4
69
6
8
3
69
3
99
4
73
3
2
3
99
6
85
2
38
3
75
4
25
3
66
6
35
5
76
6
99
5
26
2
67
2
19
6
27
4
18
2
85
3
24
4
55
1
73
4
25
4
9
3
53
2
11
4
29
3
34
4
89
4
7
3
46
0
50
6
29
5
43
6
17
5
79
4
17
0
50
5
42
1
54
6
69
6
78
3
97
4
6
5
24
4
89
4
86
2
63
3
20
6
74
2
68
4
77
2
56
6
33
2
4
2
29
5
79
3
58
2
59
6
9
6
49
3
88
5
43
3
59
4
86
5
74
6
76
4
9
3
15
4
18
3
7
6
85
2
19
6
3
4
26
6
27
5
79
4
7
5
29
3
8
2
99
5
18
3
99
3
59
2
47
4
9
5
42
3
4
3
8
6
23
5
22
2
45
0
70
4
42
4
59
3
29
5
47
4
38
2
96
2
78
6
17
2
82
4
3
6
29
6
56
2
37
4
74
5
81
4
98
4
67
5
14
4
52
4
34
4
69
2
49
3
19
3
72
2
79
5
29
6
57
6
83
4
29
2
23
4
32
3
23
3
56
2
76
2
78
3
99
2
49
0
50
1
16
6
49
5
76
2
28
2
59
2
8
3
73
3
97
4
27
4
88
3
48
3
13
2
22
5
49
4
89
5
4
2
49
6
19
4
29
4
1
2
29
3
42
3
69
5
36
5
47
3
29
4
94
4
45
4
39
4
69
2
99
3
93
4
53
0
10
5
47
4
56
6
78
1
15
5
87
3
35
4
33
2
83
3
83
3
12
5
19
6
7
4
49
5
98
3
32
2
5
2
43
4
29
2
52
4
69
3
39
2
99
5
22
6
39
5
93
2
23
5
59
2
2
3
39
5
99
5
17
3
23
3
59
4
65
2
79
6
69
4
28
4
12
3
65
2
99
3
2
6
69
4
23
5
36
3
69
4
57
6
75
4
32
6
77
3
54
3
79
3
62
4
12
5
44
4
4
4
28
5
69
3
64
3
24
3
22
4
25
2
9
2
37
5
92
5
26
6
99
6
46
4
49
3
17
2
44
5
3
2
17
6
14
6
67
3
59
3
15
0
90
4
18
4
69
3
12
3
69
3
19
6
69
2
52
4
19
4
89
6
4
6
37
5
9
6
35
6
55
3
89
3
93
4
76
4
47
2
33
6
65
4
14
6
6
5
9
3
68
4
82
3
85
4
14
2
55
3
73
3
73
6
23
4
22
4
19
2
19
5
15
3
32
3
59
4
14
5
5
2
8
6
69
5
59
5
8
0
60
4
9
3
14
6
79
3
99
2
49
3
35
6
98
5
49
4
87
2
68
6
56
5
69
0
80
2
13
3
16
3
23
5
79
3
34
6
28
2
63
5
15
4
44
2
87
6
34
2
59
3
59
2
25
5
29
3
6
2
76
4
56
3
22
4
57
4
99
4
39
5
27
6
27
5
38
3
24
6
59
3
49
4
6
6
9
3
99
2
89
4
67
4
32
4
73
3
92
5
85
2
97
6
1
6
79
2
2
2
13
2
8
5
89
5
46
2
22
2
76
6
29
2
89
5
98
4
18
4
27
3
73
2
57
3
13
5
44
4
67
3
7
2
43
4
45
5
96
4
98
6
4
1
42
4
82
3
39
4
97
2
14
3
89
3
14
6
55
3
37
6
29
5
97
2
2
3
39
4
3
3
88
6
39
3
19
3
12
4
94
5
13
5
42
5
25
5
38
0
0
2
26
6
53
4
19
6
36
2
89
4
13
0
20
6
76
3
6
6
93
5
29
2
67
5
5
2
69
6
76
