1
6
2
55
2
39
2
4
4
77
1
6
4
14
4
7
4
94
4
98
1
53
2
54
2
96
3
57
3
99
1
34
3
96
1
41
3
99
1
5
2
66
2
81
1
28
3
64
2
11
1
46
4
25
4
41
1
77
1
99
1
99
5
59
5
95
3
96
4
61
3
77
1
81
2
8
5
73
5
85
0
60
4
81
1
7
2
69
2
26
5
19
3
67
0
70
5
17
4
18
2
48
4
81
4
4
1
54
2
62
3
31
3
15
4
11
1
5
2
48
2
49
1
66
1
82
2
92
1
97
2
52
2
19
4
72
4
92
5
37
5
78
3
87
2
62
4
26
2
97
0
70
2
9
1
69
4
63
4
29
1
31
5
26
4
84
3
68
4
58
2
59
1
79
1
44
0
0
3
9
2
46
4
39
4
41
1
48
3
25
4
57
1
51
1
19
4
24
5
65
5
36
4
44
2
3
1
3
2
16
1
69
4
29
3
59
4
89
5
89
3
88
5
76
5
94
4
73
2
49
2
27
3
94
2
78
2
63
4
55
4
75
3
29
5
58
2
76
3
84
3
96
0
80
4
88
4
22
4
42
4
19
4
68
2
79
3
87
1
63
4
21
4
96
5
19
3
22
3
94
2
86
5
67
4
97
1
41
3
31
3
71
1
85
4
79
5
33
4
27
5
6
5
27
3
66
1
31
1
17
5
83
2
33
1
29
2
61
1
56
1
19
3
7
1
26
2
34
3
78
3
77
2
97
5
27
3
15
3
68
2
88
2
71
5
43
3
21
2
94
2
92
2
22
4
11
4
89
4
37
2
94
2
29
3
89
5
83
5
25
4
61
5
55
4
38
2
2
5
34
2
63
4
61
5
66
2
79
0
50
1
57
4
15
3
42
3
14
0
60
3
81
3
4
5
34
5
93
3
61
5
76
1
54
5
72
5
87
3
17
2
74
3
62
5
8
5
9
4
57
5
15
4
34
4
81
3
14
5
32
2
19
1
4
1
12
2
13
3
66
3
78
2
26
3
8
4
24
4
66
4
74
1
28
4
3
3
63
5
14
2
76
2
87
1
74
2
59
2
13
1
39
5
36
1
67
1
56
3
35
5
13
1
98
3
54
5
74
4
67
4
46
2
91
3
32
4
97
1
51
5
27
1
86
2
31
4
87
2
44
4
26
5
5
5
95
5
74
5
59
1
37
4
45
4
42
4
99
5
95
3
31
5
68
1
92
3
79
2
66
0
10
4
54
2
17
2
59
4
11
1
13
4
1
1
23
4
29
1
75
1
77
4
52
2
75
3
51
1
57
2
46
4
34
1
93
2
39
3
91
4
9
2
43
5
59
4
81
4
42
1
23
1
22
2
38
4
34
4
96
2
34
2
56
2
3
1
2
1
68
1
27
4
35
4
88
1
49
1
29
4
47
5
85
3
96
4
94
5
24
4
39
1
56
2
83
3
65
3
54
2
5
1
3
5
56
2
8
5
36
2
88
5
85
2
58
5
44
1
33
2
17
2
17
2
92
2
97
1
83
1
96
5
76
2
39
1
69
4
26
5
75
1
77
3
99
2
4
5
69
4
29
4
50
4
48
5
72
2
2
5
95
1
28
5
46
3
69
2
29
4
31
2
8
3
15
1
31
5
52
3
36
0
0
4
4
5
48
3
27
2
95
2
38
1
39
5
58
2
68
4
8
3
91
5
88
1
65
4
68
2
73
2
18
2
9
4
39
3
61
2
5
3
22
3
64
1
14
2
11
2
12
2
19
4
9
5
32
4
14
1
49
4
93
1
55
5
85
2
39
4
94
4
87
4
39
2
63
4
32
4
55
4
3
5
63
4
59
1
33
5
43
1
97
2
4
1
16
5
3
2
29
3
14
5
93
1
86
2
39
2
88
5
43
1
64
4
98
3
71
1
29
4
86
1
49
3
27
2
11
4
34
1
2
4
84
3
9
2
77
2
58
0
19
5
86
1
3
5
36
4
71
1
55
3
53
3
95
1
65
3
25
3
12
2
97
2
51
2
95
4
87
3
27
3
92
3
31
4
75
5
99
2
16
1
84
4
92
2
79
5
83
5
39
4
99
4
77
1
75
3
99
1
29
4
22
3
46
1
98
1
13
4
93
1
25
4
94
0
20
3
9
2
24
4
93
2
11
1
98
1
51
2
39
3
15
3
69
4
32
4
72
1
4
1
21
5
13
5
59
3
32
5
3
5
74
5
57
2
46
1
38
1
36
3
74
3
25
2
69
3
86
4
96
5
66
3
69
1
8
1
45
5
28
4
47
4
13
4
39
5
53
3
91
5
95
3
96
4
93
0
40
1
19
4
6
1
49
1
3
1
89
5
17
1
85
4
23
2
5
1
29
1
53
4
53
5
86
5
69
4
47
4
43
3
32
5
3
2
87
1
33
4
39
5
69
5
79
3
42
5
17
2
11
3
71
1
26
1
49
4
42
5
39
1
13
4
9
1
39
1
56
5
76
5
77
2
63
5
74
1
59
5
69
2
66
5
35
4
75
3
92
5
95
1
32
5
75
4
86
3
27
3
22
2
25
2
19
5
83
1
38
1
84
3
18
1
56
3
12
5
32
3
24
3
68
3
3
4
22
5
87
3
79
2
47
3
14
1
35
5
19
1
7
3
47
4
94
4
27
1
95
1
51
2
17
1
69
3
79
4
68
1
42
3
69
5
7
2
69
2
99
3
72
2
1
2
98
5
85
1
37
2
74
4
24
2
65
5
35
4
75
5
99
4
25
1
66
1
18
5
26
3
17
1
84
2
23
3
54
1
72
3
24
3
9
2
52
1
11
3
28
2
33
3
89
3
7
2
45
0
50
5
29
4
42
5
16
4
78
3
16
0
50
4
41
1
53
5
68
5
77
2
96
3
5
4
23
3
89
3
85
2
62
3
20
5
73
1
67
3
76
1
55
5
32
1
3
1
29
4
79
2
57
1
58
5
9
5
48
2
87
4
42
2
59
3
85
4
73
5
75
3
9
2
14
3
17
2
6
5
84
1
18
5
2
3
25
5
26
4
79
3
6
4
29
2
7
1
99
4
17
2
99
2
58
1
46
3
9
4
41
2
3
2
7
5
22
4
21
1
44
0
70
3
41
3
59
2
28
4
46
3
37
1
95
1
77
5
16
1
81
3
2
5
29
5
55
1
36
3
73
4
81
3
97
3
66
4
14
3
51
3
33
3
68
1
48
2
19
2
72
1
78
4
29
5
56
5
82
3
28
1
22
3
31
2
22
2
55
1
75
1
77
2
99
1
49
0
50
1
15
5
48
4
75
1
27
1
58
1
7
2
72
2
96
3
28
3
87
2
47
3
12
1
21
4
48
3
89
4
3
1
49
5
19
3
28
3
1
1
28
2
41
2
68
4
36
4
46
2
29
3
93
3
44
3
39
3
69
1
99
2
92
3
52
0
10
4
46
3
55
5
77
1
14
4
86
2
34
3
32
1
82
2
82
2
11
4
19
5
6
3
49
4
97
2
32
1
4
1
42
3
29
1
51
3
69
2
39
1
99
4
21
5
38
4
92
1
22
4
59
1
1
2
39
4
99
4
16
2
22
2
59
4
64
1
78
5
69
3
27
3
11
2
64
1
99
2
1
5
69
3
22
4
35
2
69
3
56
5
74
3
31
5
76
2
54
2
79
2
61
3
11
4
43
3
3
3
27
4
68
2
63
3
23
2
21
3
24
1
9
1
36
4
91
4
25
5
98
5
45
3
48
3
16
2
44
4
2
1
16
5
13
5
66
2
59
2
14
0
90
3
17
3
68
2
11
2
68
2
19
5
69
1
51
4
19
4
89
5
3
5
36
4
9
5
34
5
54
2
89
2
92
3
75
3
46
2
32
5
64
3
13
5
5
4
9
2
67
3
81
2
84
3
13
2
54
2
72
2
72
5
22
3
21
3
19
1
18
4
14
2
31
3
58
3
14
4
4
1
7
5
69
4
58
4
7
0
60
3
8
2
13
5
79
2
99
1
49
2
34
5
97
4
49
3
86
1
67
5
55
4
68
0
80
1
12
2
17
2
22
4
79
2
33
5
28
1
62
4
14
3
43
1
86
5
33
1
58
2
59
1
24
4
29
2
5
1
75
3
55
2
21
3
56
3
98
3
39
4
27
5
26
4
37
2
23
5
58
2
49
3
5
5
9
2
99
1
89
3
66
3
31
3
73
2
92
4
84
1
96
5
1
5
78
1
1
1
12
2
7
4
88
4
45
1
21
1
75
5
28
1
89
4
97
3
17
3
26
2
72
1
56
2
12
4
43
3
66
2
6
1
42
3
44
4
95
3
97
5
3
1
41
3
81
2
39
3
96
1
13
2
89
2
13
5
54
2
36
5
29
4
96
1
1
2
39
3
2
2
87
5
39
2
19
2
11
3
93
4
12
4
41
4
24
4
37
0
0
1
25
5
52
3
19
5
35
1
88
3
12
0
20
5
75
2
5
5
92
4
28
1
67
4
4
1
69
5
75
