9
14
9
64
9
44
9
14
15
87
9
14
13
25
9
14
9
99
9
99
9
64
9
64
9
99
9
64
9
99
9
44
9
99
10
52
9
99
9
14
9
74
9
92
9
34
9
74
10
22
12
54
9
34
10
52
12
84
9
99
9
99
9
64
9
99
9
99
9
72
9
77
9
92
9
14
12
84
9
94
0
60
9
92
9
14
9
74
9
34
16
28
9
74
0
70
16
28
15
27
13
55
9
92
9
14
9
64
9
73
9
42
14
26
10
22
9
14
13
55
13
55
9
74
9
93
9
99
9
99
9
63
13
25
11
83
9
99
9
44
16
88
9
94
9
73
9
34
9
99
0
70
9
14
9
74
9
74
9
34
9
42
9
34
9
94
9
74
9
64
9
64
12
84
12
54
0
0
9
14
13
55
9
44
10
52
12
54
9
34
9
64
9
62
12
24
9
34
9
74
9
44
13
55
9
14
9
14
13
25
9
74
9
34
9
64
9
94
9
94
9
94
15
87
9
99
12
84
13
55
9
34
9
99
13
85
9
74
9
64
14
86
9
34
9
64
13
85
9
94
9
99
0
80
9
94
9
33
11
53
15
27
9
74
13
85
9
94
9
74
9
32
9
99
16
28
9
33
9
99
9
94
9
74
9
99
10
52
9
42
10
82
9
94
15
87
9
44
9
34
9
14
9
34
9
74
9
42
12
24
9
94
9
44
9
34
9
61
9
64
12
24
9
14
9
34
9
44
14
86
9
77
9
99
9
34
14
26
9
74
9
94
10
82
9
43
9
32
9
99
9
99
9
33
10
22
9
94
9
44
9
99
9
34
9
94
9
94
9
34
9
72
9
64
9
44
9
13
9
44
9
74
9
72
9
74
13
85
0
50
9
64
14
26
9
42
13
25
0
60
9
92
9
14
9
44
9
99
9
72
15
87
9
64
11
83
9
94
14
26
13
85
9
73
9
14
9
14
9
64
14
26
9
44
9
92
13
25
9
43
13
25
9
14
11
23
12
24
9
74
14
86
9
34
9
14
9
34
9
74
13
85
9
34
9
14
9
74
13
25
13
85
9
94
12
84
9
64
12
24
9
44
9
44
9
74
9
64
9
44
12
24
9
99
9
64
13
85
9
74
15
57
9
99
9
43
9
99
9
62
9
34
9
94
9
42
9
94
13
55
9
34
9
14
9
99
13
85
9
64
9
44
14
56
11
53
9
99
9
99
9
42
9
74
9
99
14
86
9
66
0
10
9
64
13
25
9
64
10
22
12
24
9
12
9
34
9
34
12
84
12
84
9
63
13
85
9
62
9
64
13
55
9
44
9
99
9
44
3
99
9
14
12
54
9
64
9
92
11
53
9
34
9
33
9
44
9
44
9
99
9
44
9
64
9
3
9
13
9
74
9
34
9
44
9
94
12
54
9
34
4
49
9
94
9
99
9
99
9
34
9
44
9
64
9
94
9
74
9
64
9
14
9
14
9
64
9
14
9
44
9
94
9
94
9
64
13
55
9
44
13
25
2
19
9
99
9
99
9
94
9
99
15
87
9
44
9
74
9
26
14
86
12
84
9
99
9
14
9
74
9
34
4
50
9
48
11
83
9
13
9
99
9
34
15
57
9
74
9
34
9
42
9
14
14
26
9
42
9
63
3
39
0
0
9
14
16
58
9
34
8
95
9
38
1
39
9
64
9
74
9
14
9
99
9
94
8
65
9
74
12
84
13
25
9
14
9
44
9
72
9
14
9
33
9
74
12
24
10
22
11
23
13
25
9
14
9
43
9
14
12
54
9
99
9
64
9
94
9
44
9
99
9
94
9
44
9
74
9
43
9
64
9
14
9
74
9
64
1
39
12
54
9
99
9
14
12
24
9
14
9
34
9
13
9
99
9
94
9
44
9
94
12
54
9
74
9
99
9
71
9
34
9
94
12
54
9
34
10
22
9
44
9
13
9
94
9
14
13
85
9
64
0
19
9
94
9
14
9
44
10
82
9
64
9
64
9
99
9
74
9
34
11
23
9
99
9
62
9
99
9
94
9
34
9
99
9
42
14
86
9
99
13
25
9
94
9
99
13
85
9
94
9
44
9
99
15
87
12
84
9
99
9
34
9
33
14
56
9
99
12
24
9
99
9
34
9
99
0
20
9
14
9
34
9
99
10
22
9
99
9
62
9
44
14
26
9
74
9
43
11
83
9
14
1
29
12
24
9
64
9
43
9
14
13
85
9
64
13
55
9
44
9
44
9
73
9
34
9
74
9
94
9
99
9
74
9
74
9
14
12
54
9
34
15
57
4
19
9
44
9
64
9
99
9
99
9
99
9
99
0
40
12
24
9
14
12
54
9
14
9
94
16
28
9
94
9
34
9
14
9
34
9
64
9
64
9
94
9
74
15
57
12
54
9
43
9
14
9
94
9
44
9
44
9
74
16
88
11
53
16
28
10
22
10
82
9
34
12
54
11
53
9
44
12
24
9
14
9
44
9
64
15
87
16
88
9
74
13
85
1
59
9
74
9
74
9
44
14
86
9
99
9
99
9
43
14
86
9
94
9
34
3
29
9
34
13
25
9
94
9
44
9
94
14
26
9
64
11
23
9
43
9
34
9
74
9
14
9
33
9
94
14
86
2
49
13
25
9
44
16
28
9
14
14
56
9
94
9
34
9
99
9
62
13
25
9
74
3
79
9
74
11
53
9
74
9
14
9
74
9
99
11
83
9
12
9
99
8
85
9
44
13
85
4
29
9
74
8
35
14
86
9
99
9
34
9
74
12
24
9
34
14
26
9
94
9
34
9
64
1
79
9
34
9
14
9
63
9
11
9
34
9
44
9
94
9
7
13
55
0
50
9
34
11
53
15
27
15
87
14
26
0
50
10
52
1
59
9
74
16
88
9
99
9
14
9
34
9
94
9
94
2
69
3
20
12
84
9
74
14
86
9
64
9
43
9
14
9
34
15
87
9
64
9
64
9
14
16
58
9
94
11
53
9
64
9
94
12
84
14
86
9
14
13
25
14
26
9
14
9
94
12
24
9
13
9
34
9
34
15
87
9
14
9
34
9
14
9
99
15
27
9
99
9
64
12
54
9
14
10
52
9
14
9
14
9
33
9
32
12
54
0
70
10
52
9
64
9
34
15
57
9
44
9
99
12
84
15
27
9
92
9
13
9
34
9
64
9
44
12
84
15
81
9
99
9
74
9
13
9
62
9
44
9
74
12
54
13
25
9
72
12
84
9
34
9
64
9
93
9
34
9
33
9
42
9
33
9
64
12
84
12
84
9
99
12
54
0
50
1
19
16
58
14
86
9
34
9
64
9
14
11
83
9
99
14
21
9
94
13
55
3
19
9
32
15
57
9
94
9
14
12
54
16
28
9
34
9
1
9
34
10
52
9
74
9
36
15
57
9
34
9
99
13
55
9
44
9
69
9
99
9
99
9
63
0
10
15
57
9
64
16
88
1
19
9
94
9
44
9
43
9
93
9
93
10
22
15
27
9
14
14
56
9
99
9
32
9
14
11
53
9
34
9
62
9
74
9
44
9
99
9
32
9
44
9
99
9
33
9
64
9
12
9
44
9
99
15
27
9
33
9
64
4
69
12
84
9
74
9
34
10
22
9
74
9
99
9
12
9
74
9
33
9
44
9
74
9
64
13
85
9
42
15
87
9
54
13
85
9
72
10
22
12
54
9
14
9
34
9
74
9
74
3
29
9
32
9
34
9
14
9
44
9
99
9
34
9
99
14
56
14
56
3
19
2
44
9
13
12
24
12
24
9
74
9
64
13
25
0
90
14
26
9
74
10
22
9
74
13
25
9
74
9
62
4
19
4
89
9
14
9
44
9
14
9
44
9
64
9
94
9
99
14
86
14
56
2
39
9
74
12
24
9
14
9
14
9
74
9
92
9
94
12
24
2
59
11
83
11
83
9
33
9
32
14
26
12
24
13
25
9
42
3
59
9
14
9
14
9
14
9
74
9
64
9
14
0
60
9
14
12
24
16
88
9
99
12
54
9
44
9
99
15
57
9
94
9
74
9
64
9
74
0
80
11
23
9
6
9
33
15
87
9
44
9
28
9
73
13
25
12
54
9
94
9
44
9
64
9
64
9
34
9
34
9
14
12
84
9
64
9
32
9
64
9
99
9
44
9
27
9
34
9
44
9
34
9
64
13
55
9
14
9
14
9
99
9
94
9
74
9
42
9
73
9
92
9
94
9
99
9
1
16
88
9
12
11
23
2
9
9
94
14
56
9
32
12
84
9
34
9
94
9
99
14
26
9
34
11
83
9
64
11
23
12
54
9
74
9
14
11
53
13
55
9
99
9
99
9
14
1
49
9
92
9
44
9
99
12
24
9
94
12
24
9
64
9
44
9
34
9
99
9
12
9
44
9
13
9
94
9
44
13
25
10
22
9
99
11
23
10
52
9
34
9
44
0
0
9
34
9
63
14
26
9
44
9
94
11
23
0
20
14
86
9
14
9
99
9
34
9
67
9
14
9
74
14
86
