9
94
7
35
9
74
18
82
9
3
7
75
4
39
0
13
9
14
0
46
16
58
15
53
9
58
0
90
9
38
9
44
9
26
2
60
9
56
18
51
9
63
9
41
4
1
3
89
16
83
1
3
4
11
9
36
9
58
3
0
1
99
14
86
14
56
3
91
9
76
9
16
3
91
0
39
9
44
9
64
9
14
7
45
9
42
0
20
3
99
9
58
0
10
9
17
2
21
9
42
9
66
9
47
9
74
1
45
14
86
3
85
9
84
9
36
9
0
2
51
3
49
9
46
3
53
1
11
9
11
9
71
4
61
4
49
2
1
9
0
3
79
1
71
9
33
17
83
18
81
0
45
18
82
9
44
1
1
9
26
3
87
14
81
14
86
9
31
9
44
3
99
2
61
4
81
9
44
3
49
4
34
4
34
9
7
7
45
9
73
9
34
9
24
1
29
9
94
9
49
9
94
9
58
9
31
9
66
16
81
1
46
9
54
9
8
9
74
2
61
9
46
1
19
2
71
1
61
3
63
7
25
0
57
2
99
9
67
9
64
3
33
9
19
1
28
9
74
1
99
0
46
9
66
9
73
9
36
9
14
4
69
7
85
9
38
9
78
16
51
1
39
9
88
9
56
9
74
2
71
9
36
9
0
9
66
9
24
9
14
9
86
9
59
9
2
1
81
4
51
9
87
4
15
9
42
9
6
9
6
9
13
4
31
9
26
9
1
9
74
9
6
14
21
1
39
9
16
9
6
2
14
9
54
9
66
7
45
7
85
9
76
4
81
9
6
1
23
3
16
16
28
9
77
3
51
9
76
9
17
9
14
9
6
2
49
9
9
9
91
9
0
9
56
7
55
18
82
9
98
9
46
9
28
9
33
2
69
9
26
9
33
9
66
3
26
16
28
17
21
0
62
4
9
9
67
18
30
14
26
9
74
0
67
18
80
2
59
9
27
9
66
9
61
9
79
9
16
7
15
0
54
9
3
9
44
1
31
2
11
9
76
1
32
9
99
9
44
2
11
9
96
0
0
14
21
9
42
9
0
9
72
9
26
9
26
3
49
1
95
9
68
9
68
9
99
9
94
2
81
0
0
3
91
9
98
1
89
9
88
4
91
4
55
9
44
9
8
9
96
9
31
9
76
9
78
9
26
9
6
9
28
9
76
3
0
12
54
2
29
2
8
0
98
9
39
9
91
9
88
1
21
9
87
3
1
9
16
1
91
3
31
4
11
9
86
9
77
9
77
1
21
4
59
16
51
14
51
9
74
0
80
9
72
9
77
2
79
9
69
9
88
14
86
9
94
15
57
15
57
3
31
9
94
0
37
9
16
9
14
9
11
17
59
9
26
9
6
9
13
9
36
1
29
15
21
9
76
1
41
9
26
14
86
9
0
17
23
9
7
9
73
9
26
18
90
4
21
9
48
1
43
9
63
14
26
9
56
1
62
9
18
9
34
9
26
9
62
9
91
9
66
7
45
14
86
9
12
1
44
9
69
9
76
0
30
9
44
14
86
7
85
9
33
2
39
13
55
2
58
14
82
9
34
4
89
9
61
9
10
4
49
9
34
1
99
9
0
1
95
2
29
9
14
9
6
9
76
9
16
9
16
4
43
9
26
14
56
14
81
4
49
9
8
9
24
4
31
1
89
2
61
9
6
9
56
9
6
1
19
3
73
9
94
7
35
9
58
9
27
1
17
1
79
9
78
1
27
9
36
9
8
9
6
9
6
0
88
9
64
3
21
1
13
16
88
4
25
0
36
1
38
16
88
7
35
1
17
4
79
1
41
1
68
1
71
4
89
9
24
1
1
9
31
9
46
9
93
9
68
9
46
18
60
1
29
15
57
3
71
2
23
15
87
1
11
9
31
9
14
0
94
9
68
1
59
9
6
9
47
9
3
1
41
9
86
9
99
9
76
0
40
4
9
17
89
3
38
9
86
9
3
9
61
2
29
9
64
4
58
4
55
1
37
9
74
9
58
9
26
0
80
4
7
3
24
9
34
16
58
2
52
9
94
9
34
0
31
1
59
1
49
1
93
17
29
15
57
16
81
9
43
2
26
3
15
4
52
9
62
2
21
0
21
9
43
1
66
14
26
12
54
7
95
9
18
1
21
1
61
1
29
9
37
15
51
2
11
2
28
1
99
9
27
2
9
1
69
2
40
9
14
9
26
9
26
9
86
9
3
1
5
12
85
3
79
9
14
0
16
9
38
4
39
2
49
9
99
15
51
3
55
3
15
9
86
3
61
3
8
14
52
9
68
1
69
9
34
1
81
4
41
9
34
14
51
9
36
16
58
4
58
9
56
9
64
7
5
9
94
7
5
9
66
17
89
9
86
9
56
9
72
16
82
1
44
15
27
3
87
9
3
4
31
9
49
2
85
3
71
9
43
9
27
9
58
9
56
9
67
9
46
9
14
1
61
13
25
0
28
2
1
9
8
7
25
17
21
0
57
9
78
0
75
3
51
1
70
4
9
7
5
9
73
3
94
9
97
17
21
9
56
3
36
1
92
1
61
18
83
1
54
3
9
7
25
9
36
2
99
9
0
0
57
3
26
9
36
1
75
9
44
1
1
16
58
4
99
2
99
0
59
3
74
4
35
7
35
1
21
9
94
9
99
1
38
9
29
2
89
4
81
9
39
9
33
9
9
0
67
2
39
9
44
9
6
9
16
9
58
9
48
9
58
9
0
4
31
9
34
9
46
17
81
3
81
2
39
9
6
2
12
18
90
15
51
4
40
9
56
9
66
1
91
4
57
9
46
9
62
3
39
1
19
9
94
9
73
1
71
17
29
1
9
9
13
3
72
2
83
9
44
9
64
9
63
3
69
17
22
1
7
1
69
7
95
9
61
1
44
0
28
3
89
2
29
14
26
4
3
9
94
9
99
3
69
9
58
9
86
0
13
1
21
2
61
14
56
3
91
9
44
16
82
3
71
9
86
9
34
9
13
9
66
15
82
7
85
15
57
9
46
1
31
9
44
9
46
0
26
18
22
3
44
9
33
9
58
1
41
7
5
9
13
0
66
3
76
2
31
14
56
2
31
4
31
9
73
4
81
1
91
9
99
9
94
0
10
0
70
2
58
3
60
3
31
3
21
9
64
0
14
0
70
4
69
3
91
9
99
1
81
4
52
3
41
9
33
3
51
9
36
15
27
9
34
3
61
9
14
1
91
16
88
14
56
9
48
1
79
9
27
0
7
7
25
9
1
4
13
9
36
1
69
9
74
0
80
9
47
9
26
9
99
2
19
9
64
0
75
4
49
0
69
9
48
7
85
1
5
9
54
9
8
9
99
0
80
1
62
9
86
9
99
3
71
1
18
9
8
9
44
7
5
1
44
4
57
9
33
9
14
1
65
0
10
9
74
0
27
9
16
9
3
9
94
9
93
9
78
4
91
9
94
1
10
0
20
3
6
2
29
9
14
9
32
9
68
9
3
2
33
1
39
9
61
1
78
14
56
0
17
9
56
0
39
17
22
9
86
1
71
9
44
15
81
16
81
9
58
1
33
2
32
0
20
1
2
1
13
0
77
9
14
9
2
15
27
17
22
9
0
2
51
9
29
1
46
9
86
2
41
1
71
0
63
3
86
9
68
2
12
4
16
9
16
9
56
9
36
9
32
2
31
3
19
9
76
7
5
3
49
4
19
9
31
2
18
2
78
0
3
3
41
9
6
2
98
9
34
2
29
1
39
3
41
7
45
3
79
1
71
4
9
1
43
16
51
7
45
1
99
1
87
9
64
9
1
9
41
1
1
4
91
9
11
9
26
1
58
9
6
9
91
3
9
9
1
2
89
0
39
9
36
3
81
17
59
9
34
9
16
3
31
14
21
13
55
14
82
9
14
1
79
1
51
0
65
9
86
1
21
9
71
3
67
18
81
9
6
1
69
0
40
17
89
0
73
9
94
9
43
9
87
7
75
1
19
0
13
1
7
1
91
0
7
1
2
0
62
2
79
9
3
2
1
9
18
9
36
1
39
14
86
0
27
9
99
9
97
4
14
0
13
3
82
3
11
0
84
1
11
9
54
9
66
9
66
9
64
18
60
3
27
1
49
9
68
4
11
15
81
9
0
9
88
7
25
0
22
9
66
7
45
9
86
9
63
9
17
9
26
1
41
9
31
1
92
9
38
9
76
1
31
1
71
9
36
9
86
9
76
0
48
2
94
9
1
1
50
3
61
2
3
9
34
9
98
9
99
2
7
9
0
1
11
3
37
1
45
9
6
7
65
9
17
9
0
1
49
3
51
9
86
1
69
9
44
3
88
2
48
14
86
0
10
9
0
3
95
7
15
9
36
9
0
3
74
1
72
0
58
4
51
2
49
3
61
16
52
17
82
1
45
1
67
9
66
9
64
0
30
9
93
1
49
1
48
14
86
9
38
15
22
1
96
9
6
4
15
15
53
16
81
3
38
9
64
9
92
16
21
9
14
9
96
9
93
14
82
3
48
9
14
4
68
2
51
9
74
9
42
9
34
9
94
16
52
18
22
