9
89
7
35
9
74
10
82
9
3
7
75
4
39
0
13
8
10
0
46
9
50
7
53
7
58
0
90
9
38
9
41
6
31
2
60
7
56
10
51
8
63
9
41
4
2
3
89
8
83
1
3
4
12
7
41
8
58
3
0
1
99
6
79
7
48
3
91
9
78
9
16
3
91
0
39
9
41
9
61
9
11
7
45
9
42
0
20
3
99
6
58
0
10
8
17
2
21
8
42
8
70
6
47
6
69
1
45
6
79
3
85
6
84
8
41
9
0
2
53
3
49
9
49
3
53
1
11
6
11
9
71
4
61
4
48
2
1
9
0
3
79
1
73
9
33
9
83
10
81
0
45
10
82
8
40
1
1
9
29
3
87
6
81
6
79
7
31
9
41
3
99
2
62
4
81
9
40
3
49
4
34
4
34
8
7
7
45
6
69
9
29
9
24
1
29
7
89
7
49
9
92
8
58
6
31
7
71
8
82
1
46
8
54
9
8
7
67
2
61
7
52
1
19
2
71
1
62
3
63
7
25
0
57
2
99
8
67
9
61
3
33
9
19
1
28
6
66
1
97
0
46
6
71
8
73
9
38
7
9
4
69
7
85
8
38
9
78
8
53
1
37
7
88
9
59
6
66
2
71
6
41
9
0
7
73
9
24
7
9
9
89
9
59
9
2
1
81
4
51
8
87
4
15
6
42
7
14
8
10
8
13
4
33
9
26
6
1
6
67
9
12
6
24
1
37
5
24
8
10
2
14
9
54
7
71
7
45
6
85
7
76
4
81
9
9
1
23
3
16
8
20
7
77
3
51
9
76
9
17
9
14
9
9
2
49
7
9
9
91
7
4
9
62
7
55
10
82
8
98
9
46
7
28
6
33
2
68
6
31
8
33
9
70
3
26
8
20
9
22
0
62
4
9
9
67
10
22
6
19
9
72
0
67
10
81
2
57
7
27
6
71
8
61
8
79
6
21
7
15
0
54
9
3
6
37
1
31
2
11
7
81
1
32
7
99
9
42
2
11
6
96
0
0
6
21
7
42
8
0
8
72
9
31
8
33
3
46
1
95
9
68
9
68
7
99
6
89
2
81
0
0
3
91
9
98
1
89
8
88
4
91
4
55
6
39
9
8
9
96
8
31
7
81
9
78
6
31
9
6
8
28
9
76
3
0
6
46
2
29
2
8
0
98
6
39
9
91
9
88
1
21
9
87
3
1
7
22
1
91
3
31
4
13
9
89
7
77
9
77
1
21
4
59
8
53
6
51
9
70
0
80
9
72
9
77
2
79
9
69
6
88
6
79
9
91
7
49
7
49
3
31
9
88
0
37
8
20
6
14
9
11
9
51
7
34
6
13
8
13
9
39
1
26
7
23
7
82
1
41
9
31
8
78
9
0
9
23
7
11
7
73
9
29
10
82
4
21
9
48
1
43
8
63
9
18
9
61
1
62
8
18
6
34
7
31
8
62
7
91
7
71
7
45
6
79
6
12
1
44
7
69
8
81
0
30
8
40
8
78
6
85
8
33
2
39
7
47
2
58
6
83
8
30
4
88
7
61
7
7
4
49
7
26
1
99
7
1
1
95
2
29
9
10
9
9
7
81
6
23
6
21
4
43
7
31
6
49
6
84
4
49
7
8
7
24
4
31
1
89
2
63
9
11
9
58
9
10
1
19
3
73
6
89
7
35
9
58
8
27
1
17
1
78
9
78
1
27
7
41
6
8
8
10
9
9
0
88
7
57
3
21
1
13
8
80
4
25
0
36
1
38
9
80
7
35
1
17
4
78
1
41
1
68
1
71
4
89
9
24
1
1
8
31
9
48
9
93
8
68
7
51
10
52
1
27
7
49
3
71
2
23
9
79
1
12
8
31
8
14
0
94
7
68
1
59
9
12
7
47
9
3
1
41
6
91
8
97
9
78
0
40
4
9
9
81
3
38
9
89
7
4
9
61
2
29
7
59
4
58
4
55
1
37
9
71
9
58
6
26
0
80
4
7
3
24
9
31
9
50
2
52
8
88
9
30
0
31
1
59
1
49
1
93
9
21
7
49
8
83
9
43
2
26
3
15
4
52
9
62
2
21
0
21
9
43
1
66
6
19
7
46
7
95
7
18
1
21
1
61
1
26
9
37
7
53
2
11
2
28
1
99
6
27
2
9
1
66
2
40
9
8
9
26
8
30
8
90
6
3
1
5
8
77
3
79
9
10
0
16
7
38
4
39
2
49
9
99
7
53
3
55
3
15
9
86
3
61
3
8
6
52
6
68
1
69
6
29
1
81
4
41
7
29
6
54
6
41
8
50
4
58
7
62
6
59
7
5
9
89
6
5
9
66
9
81
6
91
7
63
9
72
8
82
1
44
7
19
3
87
6
3
4
31
8
49
2
85
3
71
9
43
7
27
9
58
7
61
7
67
7
51
9
11
1
61
8
17
0
28
2
1
9
8
6
25
9
21
0
57
7
78
0
75
3
51
1
70
4
9
6
5
9
73
3
94
9
97
9
21
6
64
3
36
1
92
1
64
10
83
1
54
3
9
7
25
8
36
2
97
6
1
0
57
3
26
9
39
1
75
9
40
1
1
8
50
4
99
2
98
0
59
3
74
4
35
7
35
1
21
9
92
9
99
1
38
6
29
2
89
4
81
6
39
6
33
8
9
0
67
2
39
6
39
9
12
9
16
8
58
9
48
8
58
9
0
4
31
8
30
6
51
9
81
3
81
2
39
8
10
2
12
10
82
7
53
4
40
6
62
7
72
1
91
4
57
9
46
6
62
3
37
1
18
8
87
7
73
1
71
9
21
1
9
8
13
3
72
2
83
7
39
9
60
9
63
3
69
9
23
1
7
1
69
7
95
6
61
1
44
0
28
3
88
2
29
9
18
4
3
8
90
9
99
3
69
9
58
9
86
0
13
1
21
2
61
6
49
3
91
7
39
8
82
3
71
9
89
9
31
9
13
8
66
7
82
7
85
7
49
7
52
1
31
7
38
9
46
0
26
10
22
3
44
6
33
9
58
1
41
7
5
7
13
0
66
3
76
2
32
6
49
2
31
4
31
8
73
4
84
1
92
9
99
9
89
0
10
0
70
2
58
3
60
3
33
3
21
9
60
0
14
0
70
4
69
3
91
9
99
1
81
4
52
3
41
9
33
3
51
6
41
9
19
8
27
3
61
6
6
1
91
8
80
8
48
6
48
1
79
9
27
0
7
7
25
9
1
4
13
7
41
1
69
9
72
0
80
6
47
9
26
8
99
2
17
9
58
0
75
4
48
0
69
8
48
7
85
1
5
8
54
7
8
9
99
0
80
1
62
9
86
7
96
3
72
1
18
7
8
9
38
7
5
1
44
4
57
7
33
8
10
1
65
0
10
6
69
0
27
8
20
6
4
9
92
9
93
8
78
4
91
8
89
1
10
0
20
3
6
2
29
7
7
9
32
9
68
7
4
2
33
1
39
9
61
1
78
7
48
0
17
7
56
0
39
9
23
7
91
1
71
6
44
7
81
8
83
7
58
1
33
2
32
0
20
1
2
1
13
0
77
8
8
6
2
8
19
9
22
7
1
2
51
9
29
1
46
8
90
2
41
1
71
0
63
3
86
9
68
2
12
4
16
9
16
7
61
9
38
8
32
2
31
3
19
9
79
6
5
3
49
4
19
8
31
2
18
2
78
0
3
3
41
7
11
2
98
6
29
2
29
1
39
3
41
7
45
3
78
1
71
4
9
1
43
8
51
7
45
1
99
1
87
9
61
6
1
7
41
1
1
4
91
9
11
9
29
1
58
6
6
9
91
3
9
9
1
2
89
0
39
6
41
3
83
9
51
9
31
9
16
3
31
6
21
7
47
6
82
9
11
1
79
1
51
0
65
6
86
1
21
7
71
3
67
10
81
9
9
1
69
0
40
9
81
0
73
6
89
8
43
8
87
7
75
1
19
0
13
1
7
1
91
0
7
1
2
0
62
2
79
6
4
2
1
6
18
9
42
1
38
6
79
0
27
9
99
6
97
4
14
0
13
3
82
3
11
0
84
1
11
9
54
9
66
7
73
9
62
10
52
3
27
1
49
7
68
4
14
7
83
6
4
9
88
7
25
0
22
9
68
7
45
9
86
9
63
8
17
6
26
1
41
9
31
1
92
9
38
7
76
1
31
1
71
7
41
8
91
8
80
0
48
2
94
7
1
1
50
3
61
2
3
8
30
6
98
8
99
2
7
9
0
1
11
3
37
1
45
6
11
7
65
9
17
8
3
1
47
3
51
7
91
1
69
6
44
3
88
2
48
7
78
0
10
8
0
3
95
7
15
9
39
9
0
3
74
1
72
0
58
4
54
2
49
3
61
8
53
9
82
1
45
1
67
7
71
9
64
0
30
7
93
1
49
1
48
6
79
9
38
7
23
1
96
8
10
4
15
7
53
8
83
3
38
9
61
8
92
8
21
8
7
9
96
9
93
6
82
3
48
9
14
4
68
2
53
8
70
9
42
9
31
9
94
8
53
10
22
