5
85
3
35
5
72
6
82
6
3
5
75
4
38
0
13
4
9
0
46
6
46
3
53
3
58
0
90
6
38
5
38
2
33
2
60
3
56
6
51
4
63
6
41
4
6
3
89
4
83
1
3
4
16
3
42
4
58
3
0
1
99
2
79
3
44
3
92
6
81
6
17
3
94
0
39
5
39
5
58
5
9
5
45
6
42
0
20
3
99
2
58
0
10
4
17
2
21
4
42
4
71
2
47
2
69
1
45
2
79
3
85
2
84
4
45
6
2
2
57
3
45
5
51
3
53
1
11
2
11
6
71
4
62
4
44
2
4
5
1
3
78
1
77
5
33
5
83
6
81
0
45
6
82
4
39
1
1
5
33
3
87
2
81
2
78
3
31
6
37
3
96
2
66
4
81
5
36
3
46
4
34
4
34
4
7
3
45
2
69
6
25
5
22
1
29
3
89
3
49
6
88
4
58
2
31
3
75
4
86
1
46
4
54
5
8
3
63
2
63
3
56
1
17
2
71
1
66
3
63
6
25
0
57
2
95
4
67
5
57
3
33
6
19
1
28
2
62
1
93
0
46
2
73
4
74
6
42
3
9
4
67
5
85
4
38
5
78
4
57
1
33
3
88
5
61
2
62
2
71
2
41
6
2
3
77
6
24
3
7
5
91
6
59
5
2
1
81
4
51
4
87
4
15
2
42
3
18
4
12
4
13
4
37
6
26
2
1
2
63
6
16
2
28
1
33
1
28
4
11
2
14
5
52
3
73
5
45
2
85
3
76
4
82
5
11
1
23
3
16
4
16
3
77
3
51
5
78
6
17
6
14
5
11
2
49
3
9
6
91
4
8
6
66
3
55
6
83
4
98
6
46
3
28
2
33
2
64
2
31
4
34
5
74
3
26
4
19
6
26
0
62
4
7
5
67
6
19
2
19
6
69
0
67
6
84
2
53
3
27
2
71
4
61
4
79
2
21
4
15
0
54
5
3
2
33
1
31
2
13
3
85
1
32
3
97
6
39
2
12
2
96
0
0
2
21
3
42
4
1
4
72
5
35
4
37
3
42
1
95
6
68
5
68
3
98
2
86
2
81
0
0
3
95
5
98
1
89
4
88
4
91
4
55
2
38
6
8
5
96
4
31
3
84
6
78
2
31
6
7
4
28
5
76
3
0
2
42
2
27
2
8
0
98
2
39
6
91
6
88
1
22
6
87
3
1
3
26
1
92
3
31
4
17
5
91
3
77
6
77
1
24
4
55
5
57
2
51
5
66
0
80
5
72
5
77
2
79
5
69
2
88
2
77
5
89
3
48
3
45
3
34
6
84
0
37
4
21
2
14
6
11
6
47
4
38
2
17
4
14
5
41
1
22
3
27
3
86
1
43
5
35
4
74
5
1
5
23
3
11
3
73
5
31
6
79
4
21
6
48
1
43
4
63
5
14
6
65
1
62
4
18
2
34
3
33
4
62
3
91
3
75
4
45
2
79
2
12
1
44
3
69
4
85
0
30
4
36
4
74
2
85
4
33
2
39
3
43
2
58
2
83
4
29
4
84
3
61
3
3
4
49
4
22
1
97
3
1
1
95
2
29
6
6
6
13
3
82
2
27
2
24
4
43
3
32
2
48
2
88
4
46
3
8
3
24
4
31
1
89
2
67
5
15
6
62
5
14
1
19
3
73
2
86
4
35
6
58
4
27
1
17
1
74
5
78
1
27
3
41
2
8
4
11
5
11
2
88
3
53
3
21
1
13
4
79
4
25
0
36
1
38
5
76
5
35
1
17
4
74
1
41
1
68
1
71
4
89
6
24
1
5
4
31
6
51
6
94
4
68
3
51
6
49
1
23
3
45
3
71
2
23
6
75
1
16
4
31
4
14
0
94
3
68
1
57
5
16
3
47
5
3
1
45
2
91
4
93
6
81
0
40
4
7
5
79
3
38
5
91
3
4
6
61
2
29
3
57
4
58
4
55
1
37
5
69
6
58
2
26
0
80
4
7
3
24
5
29
5
46
2
52
4
84
6
26
0
31
1
59
1
49
1
93
5
19
3
49
5
87
6
43
2
26
3
15
4
52
6
62
2
22
0
21
6
44
1
66
2
18
4
42
4
95
3
18
1
22
1
63
1
22
6
37
3
57
2
11
2
28
1
96
2
27
2
5
1
62
2
40
5
4
6
26
4
32
4
91
2
3
1
5
5
73
3
79
5
6
0
16
3
38
4
36
2
48
6
97
3
57
3
55
3
15
6
86
3
61
3
8
2
52
2
68
1
68
2
25
1
85
4
45
3
29
2
58
2
41
4
46
4
58
3
66
2
57
3
5
6
85
2
5
5
66
5
79
2
91
3
67
6
72
4
82
1
44
3
18
3
87
2
3
4
35
4
49
2
85
3
71
5
43
3
27
5
58
3
64
3
67
3
51
6
7
1
64
5
13
0
28
2
2
5
8
2
25
5
21
0
57
3
78
0
75
3
51
1
70
4
7
2
5
5
73
3
94
6
97
5
25
2
68
3
36
1
92
1
68
6
83
1
54
3
9
4
25
4
36
2
93
2
1
0
57
3
26
5
41
1
75
5
36
1
1
4
49
4
97
2
96
0
59
3
74
4
35
3
35
1
23
6
89
6
99
1
38
2
29
2
89
4
81
2
39
2
33
4
9
0
67
2
38
2
39
6
16
5
16
4
58
6
48
4
58
6
3
4
31
4
28
2
55
5
85
3
81
2
39
4
11
2
12
6
79
3
57
4
40
2
66
3
76
1
91
4
57
6
46
2
62
3
33
1
17
5
83
3
73
1
74
5
19
1
5
4
13
3
72
2
83
3
39
5
56
5
63
3
69
5
24
1
7
3
68
6
95
2
61
1
44
0
28
3
84
2
29
6
14
4
3
4
87
5
95
3
67
5
58
6
86
0
13
1
21
2
64
2
49
3
91
3
39
4
82
3
71
5
92
5
28
5
13
4
66
3
82
6
85
3
49
3
56
1
32
3
34
5
46
0
26
6
23
3
44
2
33
6
58
1
41
3
5
3
13
0
66
3
76
2
36
2
49
2
31
4
32
4
73
4
88
1
96
6
99
5
85
0
10
0
70
2
58
3
60
3
37
3
22
5
56
0
14
0
70
4
65
3
95
5
98
2
81
4
52
3
41
6
34
3
54
2
45
5
15
4
23
3
61
2
2
1
91
4
77
4
44
2
48
1
79
6
27
0
7
6
25
5
1
4
13
3
41
1
68
6
69
0
80
2
47
5
26
4
97
2
13
6
54
0
75
4
44
0
69
4
48
5
85
1
5
4
54
3
8
5
96
0
80
1
62
5
88
4
92
3
76
1
18
3
8
5
34
3
5
1
44
4
57
3
33
4
9
1
65
0
10
2
69
0
27
4
22
2
4
6
89
6
93
4
78
4
91
4
85
1
10
0
20
3
6
2
29
3
3
6
32
5
68
3
4
2
33
1
38
6
61
1
78
3
44
0
17
3
56
0
39
5
23
3
91
1
73
2
44
3
81
5
87
3
58
1
33
2
32
0
20
1
2
1
13
0
77
4
4
2
2
4
15
5
22
3
1
2
51
5
29
2
46
4
91
2
41
1
71
0
63
3
86
6
68
2
12
4
16
6
16
3
65
6
42
4
32
2
31
3
19
5
81
2
5
3
48
4
18
4
31
2
18
2
78
0
3
3
41
3
11
2
98
2
26
2
29
1
39
3
42
3
45
3
74
1
71
4
9
1
43
4
51
5
45
1
96
1
87
5
59
2
1
3
41
2
5
4
95
6
11
6
33
1
58
2
6
5
91
3
5
5
1
2
89
0
39
2
45
3
87
5
49
5
29
5
18
3
31
2
21
3
43
2
82
5
9
1
76
1
54
0
65
2
86
1
21
3
71
3
67
6
81
5
11
1
68
0
40
5
79
0
73
2
86
4
44
4
87
3
75
1
18
0
13
1
7
1
93
0
7
1
2
0
62
2
79
2
4
2
1
2
18
6
46
1
34
2
79
0
27
5
98
2
97
4
14
0
13
3
82
3
13
0
84
1
11
6
53
5
66
3
77
6
59
6
48
3
27
1
49
3
68
4
18
3
87
2
8
5
88
5
25
0
22
6
72
6
45
5
86
5
63
4
17
2
26
1
41
5
31
1
92
6
38
3
76
2
31
2
72
3
44
4
95
4
81
0
48
2
94
3
1
1
50
3
63
2
3
4
29
2
98
4
95
2
7
6
3
1
11
3
37
1
45
2
13
5
65
5
17
4
7
2
43
3
51
3
91
1
69
2
44
3
88
2
48
3
74
0
10
4
1
3
95
3
15
5
41
5
4
3
74
1
72
0
58
4
58
2
45
3
61
4
53
5
82
1
45
1
67
3
73
5
62
0
30
3
93
1
49
1
48
2
79
6
38
3
23
1
96
4
11
4
15
3
53
4
87
3
38
5
59
4
92
4
21
5
3
6
96
5
93
2
82
3
48
6
14
4
68
2
57
4
68
5
42
5
29
5
94
4
53
6
22
