6
86
4
35
6
73
7
82
7
3
6
75
4
39
0
13
5
9
0
46
7
47
4
53
4
58
0
90
7
38
6
39
3
32
2
60
4
56
7
51
5
63
7
41
4
5
3
89
5
83
1
3
4
15
4
41
5
58
3
0
1
99
3
79
4
45
3
91
7
81
7
16
3
93
0
39
6
39
6
59
6
9
6
45
7
42
0
20
3
99
3
58
0
10
5
17
2
21
5
42
5
71
3
47
3
69
1
45
3
79
3
85
3
84
5
44
7
1
2
56
3
46
6
51
3
53
1
11
3
11
7
71
4
61
4
45
2
3
6
1
3
79
1
76
6
33
6
83
7
81
0
45
7
82
5
39
1
1
6
32
3
87
3
81
3
79
4
31
7
38
3
97
2
65
4
81
6
37
3
47
4
34
4
34
5
7
4
45
3
69
7
26
6
23
1
29
4
89
4
49
7
89
5
58
3
31
4
74
5
85
1
46
5
54
6
8
4
64
2
62
4
55
1
18
2
71
1
65
3
63
7
25
0
57
2
96
5
67
6
58
3
33
7
19
1
28
3
63
1
94
0
46
3
72
5
74
7
41
4
9
4
68
6
85
5
38
6
78
5
56
1
34
4
88
6
61
3
63
2
71
3
41
7
1
4
76
7
24
4
8
6
91
7
59
6
2
1
81
4
51
5
87
4
15
3
42
4
17
5
11
5
13
4
36
7
26
3
1
3
64
7
15
3
27
1
34
2
27
5
11
2
14
6
53
4
72
6
45
3
85
4
76
4
81
6
11
1
23
3
16
5
17
4
77
3
51
6
77
7
17
7
14
6
11
2
49
4
9
7
91
5
7
7
65
4
55
7
83
5
98
7
46
4
28
3
33
2
65
3
31
5
34
6
73
3
26
5
19
7
25
0
62
4
8
6
67
7
19
3
19
7
69
0
67
7
83
2
54
4
27
3
71
5
61
5
79
3
21
5
15
0
54
6
3
3
34
1
31
2
12
4
84
1
32
4
98
7
39
2
11
3
96
0
0
3
21
4
42
5
1
5
72
6
34
5
36
3
43
1
95
7
68
6
68
4
99
3
87
2
81
0
0
3
94
6
98
1
89
5
88
4
91
4
55
3
39
7
8
6
96
5
31
4
83
7
78
3
31
7
6
5
28
6
76
3
0
3
43
2
28
2
8
0
98
3
39
7
91
7
88
1
21
7
87
3
1
4
25
1
91
3
31
4
16
6
91
4
77
7
77
1
23
4
56
6
56
3
51
6
67
0
80
6
72
6
77
2
79
6
69
3
88
3
78
6
89
4
49
4
46
3
33
7
85
0
37
5
21
3
14
7
11
7
48
5
37
3
16
5
14
6
41
1
23
4
26
4
85
1
42
6
34
5
75
6
1
6
23
4
11
4
73
6
31
7
79
4
21
7
48
1
43
5
63
6
15
7
64
1
62
5
18
3
34
4
32
5
62
4
91
4
74
5
45
3
79
3
12
1
44
4
69
5
84
0
30
5
37
5
75
3
85
5
33
2
39
4
44
2
58
3
83
5
29
4
85
4
61
4
4
4
49
5
23
1
98
4
1
1
95
2
29
7
7
7
12
4
81
3
26
3
23
4
43
4
31
3
49
3
87
4
47
4
8
4
24
4
31
1
89
2
66
6
14
7
61
6
13
1
19
3
73
3
87
5
35
7
58
5
27
1
17
1
75
6
78
1
27
4
41
3
8
5
11
6
11
1
88
4
54
3
21
1
13
5
79
4
25
0
36
1
38
6
77
6
35
1
17
4
75
1
41
1
68
1
71
4
89
7
24
1
4
5
31
7
51
7
94
5
68
4
51
7
49
1
24
4
46
3
71
2
23
7
76
1
15
5
31
5
14
0
94
4
68
1
58
6
15
4
47
6
3
1
44
3
91
5
94
7
81
0
40
4
8
6
79
3
38
6
91
4
4
7
61
2
29
4
58
4
58
4
55
1
37
6
69
7
58
3
26
0
80
4
7
3
24
6
29
6
47
2
52
5
85
7
27
0
31
1
59
1
49
1
93
6
19
4
49
6
86
7
43
2
26
3
15
4
52
7
62
2
21
0
21
7
44
1
66
3
19
5
43
5
95
4
18
1
21
1
62
1
23
7
37
4
56
2
11
2
28
1
97
3
27
2
6
1
63
2
40
6
5
7
26
5
31
5
91
3
3
1
5
6
74
3
79
6
7
0
16
4
38
4
37
2
49
7
98
4
56
3
55
3
15
7
86
3
61
3
8
3
52
3
68
1
69
3
26
1
84
4
44
4
29
3
57
3
41
5
47
4
58
4
65
3
58
4
5
7
86
3
5
6
66
6
79
3
91
4
66
7
72
5
82
1
44
4
19
3
87
3
3
4
34
5
49
2
85
3
71
6
43
4
27
6
58
4
63
4
67
4
51
7
8
1
63
6
14
0
28
2
1
6
8
3
25
6
21
0
57
4
78
0
75
3
51
1
70
4
8
3
5
6
73
3
94
7
97
6
24
3
67
3
36
1
92
1
67
7
83
1
54
3
9
5
25
5
36
2
94
3
1
0
57
3
26
6
41
1
75
6
37
1
1
5
49
4
98
2
97
0
59
3
74
4
35
4
35
1
22
7
89
7
99
1
38
3
29
2
89
4
81
3
39
3
33
5
9
0
67
2
39
3
39
7
15
6
16
5
58
7
48
5
58
7
2
4
31
5
29
3
54
6
84
3
81
2
39
5
11
2
12
7
79
4
56
4
40
3
65
4
75
1
91
4
57
7
46
3
62
3
34
1
18
6
84
4
73
1
73
6
19
1
6
5
13
3
72
2
83
4
39
6
57
6
63
3
69
6
24
1
7
3
69
7
95
3
61
1
44
0
28
3
85
2
29
7
15
4
3
5
88
6
96
3
68
6
58
7
86
0
13
1
21
2
63
3
49
3
91
4
39
5
82
3
71
6
91
6
29
6
13
5
66
4
82
7
85
4
49
4
55
1
31
4
35
6
46
0
26
7
23
3
44
3
33
7
58
1
41
4
5
4
13
0
66
3
76
2
35
3
49
2
31
4
31
5
73
4
87
1
95
7
99
6
86
0
10
0
70
2
58
3
60
3
36
3
21
6
57
0
14
0
70
4
66
3
94
6
99
1
81
4
52
3
41
7
34
3
53
3
44
6
16
5
24
3
61
3
3
1
91
5
78
5
45
3
48
1
79
7
27
0
7
7
25
6
1
4
13
4
41
1
69
7
69
0
80
3
47
6
26
5
98
2
14
7
55
0
75
4
45
0
69
5
48
6
85
1
5
5
54
4
8
6
97
0
80
1
62
6
87
5
93
3
75
1
18
4
8
6
35
4
5
1
44
4
57
4
33
5
9
1
65
0
10
3
69
0
27
5
21
3
4
7
89
7
93
5
78
4
91
5
86
1
10
0
20
3
6
2
29
4
4
7
32
6
68
4
4
2
33
1
39
7
61
1
78
4
45
0
17
4
56
0
39
6
23
4
91
1
72
3
44
4
81
6
86
4
58
1
33
2
32
0
20
1
2
1
13
0
77
5
5
3
2
5
16
6
22
4
1
2
51
6
29
1
46
5
91
2
41
1
71
0
63
3
86
7
68
2
12
4
16
7
16
4
64
7
41
5
32
2
31
3
19
6
81
3
5
3
49
4
19
5
31
2
18
2
78
0
3
3
41
4
11
2
98
3
27
2
29
1
39
3
41
4
45
3
75
1
71
4
9
1
43
5
51
6
45
1
97
1
87
6
59
3
1
4
41
1
4
4
94
7
11
7
32
1
58
3
6
6
91
3
6
6
1
2
89
0
39
3
44
3
86
6
49
6
29
6
17
3
31
3
21
4
44
3
82
6
9
1
77
1
53
0
65
3
86
1
21
4
71
3
67
7
81
6
11
1
69
0
40
6
79
0
73
3
87
5
44
5
87
4
75
1
19
0
13
1
7
1
92
0
7
1
2
0
62
2
79
3
4
2
1
3
18
7
45
1
35
3
79
0
27
6
99
3
97
4
14
0
13
3
82
3
12
0
84
1
11
7
54
6
66
4
76
7
59
7
49
3
27
1
49
4
68
4
17
4
86
3
7
6
88
6
25
0
22
7
71
7
45
6
86
6
63
5
17
3
26
1
41
6
31
1
92
7
38
4
76
1
31
1
71
4
43
5
94
5
81
0
48
2
94
4
1
1
50
3
62
2
3
5
29
3
98
5
96
2
7
7
2
1
11
3
37
1
45
3
12
6
65
6
17
5
6
1
44
3
51
4
91
1
69
3
44
3
88
2
48
4
75
0
10
5
1
3
95
4
15
6
41
6
3
3
74
1
72
0
58
4
57
2
46
3
61
5
53
6
82
1
45
1
67
4
72
6
63
0
30
4
93
1
49
1
48
3
79
7
38
4
23
1
96
5
11
4
15
4
53
5
86
3
38
6
59
5
92
5
21
6
4
7
96
6
93
3
82
3
48
7
14
4
68
2
56
5
69
6
42
6
29
6
94
5
53
7
22
