9
91
7
35
9
74
12
82
9
3
7
75
4
39
0
13
9
12
0
46
10
52
9
53
9
58
0
90
9
38
9
43
8
30
2
60
9
56
12
51
9
63
9
41
4
1
3
89
10
83
1
3
4
11
9
39
9
58
3
0
1
99
8
80
9
50
3
91
9
76
9
16
3
91
0
39
9
43
9
63
9
13
7
45
9
42
0
20
3
99
8
58
0
10
9
17
2
21
9
42
9
68
8
47
8
70
1
45
8
80
3
85
8
84
9
39
9
0
2
51
3
49
9
47
3
53
1
11
8
11
9
71
4
61
4
49
2
1
9
0
3
79
1
71
9
33
11
83
12
81
0
45
12
82
9
42
1
1
9
27
3
87
8
81
8
80
9
31
9
43
3
99
2
61
4
81
9
42
3
49
4
34
4
34
9
7
7
45
8
70
9
31
9
24
1
29
9
91
9
49
9
94
9
58
8
31
9
69
10
81
1
46
9
54
9
8
9
69
2
61
9
50
1
19
2
71
1
61
3
63
7
25
0
57
2
99
9
67
9
63
3
33
9
19
1
28
8
68
1
99
0
46
8
70
9
73
9
36
9
11
4
69
7
85
9
38
9
78
10
51
1
39
9
88
9
57
8
68
2
71
8
40
9
0
9
71
9
24
9
11
9
87
9
59
9
2
1
81
4
51
9
87
4
15
8
42
9
12
9
8
9
13
4
31
9
26
8
1
8
69
9
10
8
22
1
39
7
22
9
8
2
14
9
54
9
69
7
45
7
85
9
76
4
81
9
7
1
23
3
16
10
22
9
77
3
51
9
76
9
17
9
14
9
7
2
49
9
9
9
91
9
2
9
60
7
55
12
82
9
98
9
46
9
28
8
33
2
69
8
30
9
33
9
68
3
26
10
22
11
21
0
62
4
9
9
67
12
24
8
20
9
74
0
67
12
81
2
59
9
27
8
70
9
61
9
79
8
20
7
15
0
54
9
3
8
39
1
31
2
11
9
79
1
32
9
99
9
44
2
11
8
96
0
0
8
21
9
42
9
0
9
72
9
29
9
31
3
48
1
95
9
68
9
68
9
99
8
90
2
81
0
0
3
91
9
98
1
89
9
88
4
91
4
55
8
40
9
8
9
96
9
31
9
79
9
78
8
30
9
6
9
28
9
76
3
0
8
48
2
29
2
8
0
98
8
39
9
91
9
88
1
21
9
87
3
1
9
20
1
91
3
31
4
11
9
87
9
77
9
77
1
21
4
59
10
51
8
51
9
72
0
80
9
72
9
77
2
79
9
69
8
88
8
80
9
93
9
51
9
51
3
31
9
90
0
37
9
18
8
14
9
11
11
53
9
32
8
11
9
13
9
37
1
28
9
21
9
80
1
41
9
29
9
80
9
0
11
23
9
9
9
73
9
27
12
84
4
21
9
48
1
43
9
63
9
20
9
59
1
62
9
18
8
34
9
29
9
62
9
91
9
69
7
45
8
80
8
12
1
44
9
69
9
79
0
30
9
42
9
80
7
85
9
33
2
39
9
49
2
58
8
83
9
32
4
89
9
61
9
8
4
49
9
28
1
99
9
0
1
95
2
29
9
12
9
7
9
79
8
21
8
20
4
43
9
29
8
50
8
82
4
49
9
8
9
24
4
31
1
89
2
61
9
9
9
56
9
8
1
19
3
73
8
90
7
35
9
58
9
27
1
17
1
79
9
78
1
27
9
39
8
8
9
8
9
7
0
88
9
59
3
21
1
13
10
82
4
25
0
36
1
38
10
82
7
35
1
17
4
79
1
41
1
68
1
71
4
89
9
24
1
1
9
31
9
46
9
93
9
68
9
49
12
54
1
29
9
51
3
71
2
23
9
81
1
11
9
31
9
14
0
94
9
68
1
59
9
10
9
47
9
3
1
41
8
90
9
99
9
76
0
40
4
9
11
83
3
38
9
87
9
3
9
61
2
29
9
61
4
58
4
55
1
37
9
73
9
58
8
26
0
80
4
7
3
24
9
33
10
52
2
52
9
90
9
32
0
31
1
59
1
49
1
93
11
23
9
51
10
81
9
43
2
26
3
15
4
52
9
62
2
21
0
21
9
43
1
66
8
20
9
48
7
95
9
18
1
21
1
61
1
28
9
37
9
51
2
11
2
28
1
99
8
27
2
9
1
68
2
40
9
10
9
26
9
28
9
88
8
3
1
5
9
79
3
79
9
12
0
16
9
38
4
39
2
49
9
99
9
51
3
55
3
15
9
86
3
61
3
8
8
52
8
68
1
69
8
30
1
81
4
41
9
31
8
52
8
40
10
52
4
58
9
60
8
60
7
5
9
91
7
5
9
66
11
83
8
90
9
61
9
72
10
82
1
44
9
21
3
87
8
3
4
31
9
49
2
85
3
71
9
43
9
27
9
58
9
59
9
67
9
49
9
13
1
61
9
19
0
28
2
1
9
8
7
25
11
21
0
57
9
78
0
75
3
51
1
70
4
9
7
5
9
73
3
94
9
97
11
21
8
62
3
36
1
92
1
62
12
83
1
54
3
9
7
25
9
36
2
99
8
0
0
57
3
26
9
37
1
75
9
42
1
1
10
52
4
99
2
98
0
59
3
74
4
35
7
35
1
21
9
94
9
99
1
38
8
29
2
89
4
81
8
39
8
33
9
9
0
67
2
39
8
40
9
10
9
16
9
58
9
48
9
58
9
0
4
31
9
32
8
50
11
81
3
81
2
39
9
8
2
12
12
84
9
51
4
40
8
60
9
70
1
91
4
57
9
46
8
62
3
39
1
19
9
89
9
73
1
71
11
23
1
9
9
13
3
72
2
83
9
41
9
62
9
63
3
69
11
22
1
7
1
69
7
95
8
61
1
44
0
28
3
89
2
29
9
20
4
3
9
92
9
99
3
69
9
58
9
86
0
13
1
21
2
61
8
50
3
91
9
41
10
82
3
71
9
87
9
33
9
13
9
66
9
82
7
85
9
51
9
50
1
31
9
40
9
46
0
26
12
22
3
44
8
33
9
58
1
41
7
5
9
13
0
66
3
76
2
31
8
50
2
31
4
31
9
73
4
82
1
91
9
99
9
91
0
10
0
70
2
58
3
60
3
31
3
21
9
62
0
14
0
70
4
69
3
91
9
99
1
81
4
52
3
41
9
33
3
51
8
40
9
21
9
29
3
61
8
8
1
91
10
82
9
50
8
48
1
79
9
27
0
7
7
25
9
1
4
13
9
39
1
69
9
74
0
80
8
47
9
26
9
99
2
19
9
60
0
75
4
49
0
69
9
48
7
85
1
5
9
54
9
8
9
99
0
80
1
62
9
86
9
98
3
71
1
18
9
8
9
40
7
5
1
44
4
57
9
33
9
12
1
65
0
10
8
70
0
27
9
18
8
3
9
94
9
93
9
78
4
91
9
91
1
10
0
20
3
6
2
29
9
9
9
32
9
68
9
3
2
33
1
39
9
61
1
78
9
50
0
17
9
56
0
39
11
22
9
89
1
71
8
44
9
81
10
81
9
58
1
33
2
32
0
20
1
2
1
13
0
77
9
10
8
2
9
21
11
22
9
0
2
51
9
29
1
46
9
88
2
41
1
71
0
63
3
86
9
68
2
12
4
16
9
16
9
59
9
36
9
32
2
31
3
19
9
77
7
5
3
49
4
19
9
31
2
18
2
78
0
3
3
41
9
9
2
98
8
30
2
29
1
39
3
41
7
45
3
79
1
71
4
9
1
43
10
51
7
45
1
99
1
87
9
63
8
1
9
41
1
1
4
91
9
11
9
27
1
58
8
6
9
91
3
9
9
1
2
89
0
39
8
40
3
81
11
53
9
33
9
16
3
31
8
21
9
49
8
82
9
13
1
79
1
51
0
65
8
86
1
21
9
71
3
67
12
81
9
7
1
69
0
40
11
83
0
73
8
90
9
43
9
87
7
75
1
19
0
13
1
7
1
91
0
7
1
2
0
62
2
79
8
3
2
1
8
18
9
40
1
39
8
80
0
27
9
99
8
97
4
14
0
13
3
82
3
11
0
84
1
11
9
54
9
66
9
71
9
64
12
54
3
27
1
49
9
68
4
12
9
81
8
2
9
88
7
25
0
22
9
66
7
45
9
86
9
63
9
17
8
26
1
41
9
31
1
92
9
38
9
76
1
31
1
71
9
39
9
89
9
78
0
48
2
94
9
1
1
50
3
61
2
3
9
32
8
98
9
99
2
7
9
0
1
11
3
37
1
45
8
10
7
65
9
17
9
1
1
49
3
51
9
89
1
69
8
44
3
88
2
48
9
80
0
10
9
0
3
95
7
15
9
37
9
0
3
74
1
72
0
58
4
52
2
49
3
61
10
52
11
82
1
45
1
67
9
69
9
64
0
30
9
93
1
49
1
48
8
80
9
38
9
23
1
96
9
8
4
15
9
53
10
81
3
38
9
63
9
92
10
21
9
9
9
96
9
93
8
82
3
48
9
14
4
68
2
51
9
72
9
42
9
33
9
94
10
52
12
22
