4
84
2
35
4
71
5
82
5
3
4
75
4
37
0
13
3
9
0
46
5
45
2
53
2
58
0
90
5
38
4
37
1
34
2
60
2
56
5
51
3
63
5
41
4
7
3
89
3
83
1
3
4
17
2
43
3
58
3
0
1
99
1
78
2
43
3
93
5
81
5
18
3
95
0
39
4
39
4
57
4
9
4
45
5
42
0
20
3
99
1
58
0
10
3
17
2
21
3
42
3
72
1
47
1
69
1
45
1
78
3
85
1
84
3
46
5
3
2
58
3
44
4
51
3
53
1
11
1
11
5
71
4
63
4
43
2
5
4
2
3
77
1
78
4
33
4
83
5
81
0
45
5
82
3
39
1
1
4
34
3
87
1
81
1
77
2
31
5
36
3
95
2
67
4
82
4
35
3
45
4
34
4
34
3
7
2
45
1
69
5
24
4
21
1
29
2
89
2
49
5
87
3
58
1
31
2
76
3
87
1
46
3
54
4
8
2
62
2
64
2
57
1
16
2
71
1
67
3
63
5
25
0
57
2
94
3
67
4
56
3
33
5
19
1
28
1
61
1
92
0
46
1
74
3
74
5
43
2
9
4
66
4
85
3
38
4
78
3
58
1
32
2
88
4
61
1
61
2
71
1
41
5
3
2
78
5
24
2
6
4
91
5
59
4
2
1
81
4
51
3
87
4
15
1
42
2
19
3
13
3
13
4
38
5
26
1
1
1
62
5
17
1
29
1
32
0
29
3
12
2
14
4
51
2
74
4
45
1
85
2
76
4
83
4
12
1
23
3
16
3
15
2
77
3
52
4
79
5
17
5
14
4
11
2
48
2
9
5
91
3
9
5
67
2
55
5
83
3
98
5
46
2
28
1
33
2
63
1
31
3
34
4
75
3
26
3
19
5
27
0
62
4
6
4
67
5
19
1
18
5
68
0
67
5
85
2
52
2
27
1
72
3
61
3
79
1
21
3
15
0
54
4
3
1
32
1
31
2
14
2
86
1
32
2
96
5
39
2
13
1
96
0
0
1
21
2
42
3
2
3
72
4
36
3
38
3
41
1
95
5
68
4
68
2
97
1
85
2
81
0
0
3
96
4
98
1
89
3
88
4
91
4
55
1
37
5
8
4
96
3
31
2
85
5
78
1
31
5
8
3
28
4
76
3
0
1
41
2
26
2
8
0
98
1
39
5
91
5
88
1
23
5
87
3
1
2
27
1
93
3
31
4
18
4
91
2
77
5
77
1
25
4
54
4
58
1
51
4
65
0
80
4
71
4
77
2
79
4
69
1
88
1
76
4
89
2
47
2
44
3
35
5
83
0
37
3
21
1
14
5
11
5
46
3
39
1
18
3
14
4
42
1
21
2
28
2
87
1
44
4
36
3
73
4
1
4
23
2
12
2
73
4
31
5
79
4
21
5
48
1
43
3
63
4
13
5
66
1
62
3
18
1
34
2
34
3
62
2
91
2
76
3
45
1
79
1
12
1
44
2
69
3
86
0
30
3
35
3
73
1
85
3
33
2
39
2
42
2
58
1
83
3
28
4
83
2
61
2
2
4
49
3
21
1
96
2
1
1
95
2
29
5
5
5
14
2
83
1
28
1
25
4
43
2
33
1
47
1
89
4
45
2
8
2
24
4
31
1
88
2
68
4
16
5
63
4
15
1
19
3
73
1
85
3
35
5
58
3
27
1
17
1
73
4
78
1
27
2
42
1
8
3
11
4
11
3
88
2
52
3
21
1
13
3
79
4
25
0
36
1
38
4
75
4
35
1
17
4
73
1
41
1
68
1
71
4
89
5
24
1
6
3
31
5
52
5
94
3
68
2
52
5
49
1
22
2
44
3
71
2
23
5
74
1
17
3
31
3
14
0
94
2
68
1
56
4
17
2
47
4
3
1
46
1
91
3
92
5
82
0
40
4
6
4
79
3
38
4
92
2
4
5
61
2
29
2
56
4
58
4
55
1
37
4
69
5
58
1
26
0
80
4
7
3
24
4
28
4
45
2
52
3
83
5
25
0
31
1
59
1
48
1
93
4
19
2
49
4
88
5
43
2
26
3
15
4
52
5
62
2
23
0
21
5
44
1
66
1
17
3
41
3
95
2
18
1
23
1
64
1
21
5
37
2
58
2
11
2
28
1
95
1
27
2
4
1
61
2
40
4
3
5
26
3
33
3
91
1
3
1
5
4
72
3
79
4
5
0
16
2
38
4
35
2
47
5
96
2
58
3
55
3
15
5
86
3
61
3
8
1
52
1
68
1
67
1
24
1
86
4
46
2
29
1
59
1
41
3
45
4
58
2
67
1
56
2
5
5
84
1
5
4
66
4
78
1
91
2
68
5
72
3
82
1
44
2
17
3
87
1
3
4
36
3
49
2
85
3
72
4
43
2
27
4
58
2
65
2
67
2
51
5
6
2
65
4
12
0
28
2
3
4
8
1
25
4
21
0
57
2
78
0
75
3
51
1
70
4
6
1
5
4
73
3
94
5
97
4
26
1
69
3
36
1
92
1
69
5
83
1
54
3
9
3
25
3
36
2
92
1
1
1
57
3
26
4
41
1
75
4
35
1
1
3
49
4
96
2
95
0
59
3
74
4
35
2
35
1
24
5
89
5
99
2
38
1
29
2
89
4
81
1
39
1
33
3
9
0
67
2
37
1
38
5
17
4
16
3
58
5
48
3
58
5
4
4
32
3
27
1
56
4
86
3
81
2
39
3
11
2
12
5
79
2
58
4
40
1
67
2
77
1
91
4
57
5
46
1
62
3
32
2
17
4
82
2
73
1
75
4
18
1
4
3
13
3
72
2
83
2
39
4
55
4
63
3
68
4
24
1
7
3
67
5
95
1
61
1
44
0
28
3
83
2
29
5
13
4
3
3
86
4
94
3
66
4
58
5
86
0
13
1
21
2
65
1
49
3
91
2
39
3
82
3
71
4
93
4
27
4
13
3
66
2
82
5
85
2
49
2
57
1
33
2
33
4
46
0
26
5
23
3
44
1
33
5
58
1
41
2
5
2
13
0
66
3
76
2
37
1
49
2
31
4
33
3
73
4
89
1
97
5
99
4
84
0
10
0
70
2
58
3
60
3
38
3
23
4
55
0
14
0
70
4
64
3
96
4
97
3
81
4
52
3
42
5
34
3
55
1
46
4
14
3
22
3
61
1
1
1
92
3
76
3
43
1
48
1
79
5
27
0
7
5
25
4
1
4
13
2
42
1
67
5
69
0
80
1
47
4
26
3
96
2
12
5
53
0
75
4
43
0
69
3
48
4
85
1
5
3
54
2
8
4
95
0
80
1
62
4
89
3
91
3
77
1
18
2
8
4
33
2
5
2
44
4
57
2
33
3
8
1
65
0
10
1
68
0
27
3
23
1
4
5
88
5
93
3
78
4
91
3
84
1
10
0
20
3
6
2
29
2
2
5
32
4
68
2
4
2
33
1
37
5
61
1
78
2
43
0
17
2
56
0
39
4
23
2
91
1
74
1
44
2
81
4
88
2
58
1
33
2
32
0
20
1
2
1
13
0
77
3
3
1
2
3
14
4
22
2
1
2
51
4
29
3
46
3
91
2
42
1
71
0
63
3
86
5
68
2
12
4
16
5
16
2
66
5
43
3
32
2
31
3
18
4
81
1
5
3
47
4
17
3
31
2
18
2
78
0
3
3
41
2
12
2
98
1
25
2
28
1
38
3
43
2
45
3
73
1
71
4
9
1
43
3
51
4
45
1
95
1
87
4
59
1
1
2
41
3
6
4
96
5
11
5
34
1
58
1
6
4
91
3
4
4
1
2
89
0
39
1
46
3
88
4
49
4
28
4
19
3
31
1
21
2
42
1
82
4
9
1
75
1
55
0
65
1
86
1
21
2
71
3
67
5
81
4
11
1
67
0
40
4
78
0
73
1
85
3
44
3
87
2
75
1
17
0
13
1
7
1
94
0
7
1
2
0
62
2
79
1
4
2
2
1
18
5
47
1
33
1
79
1
27
4
97
1
97
4
14
0
13
3
82
3
14
0
84
1
11
5
52
4
66
2
78
5
59
5
47
3
27
1
49
2
68
4
19
2
88
1
9
4
88
4
25
0
22
5
73
5
45
4
86
4
63
3
17
1
26
1
41
4
31
1
92
5
38
2
76
3
31
3
73
2
45
3
96
3
81
0
48
2
94
2
1
1
50
3
64
2
3
3
29
1
98
3
94
2
7
5
4
1
11
3
37
1
45
1
14
4
65
4
17
3
8
3
42
3
51
2
92
1
69
1
44
3
88
2
48
2
73
0
10
3
1
3
95
2
15
4
41
4
5
3
74
1
72
0
58
4
59
2
44
3
61
3
53
4
82
1
45
1
67
2
74
4
61
0
30
2
93
1
49
1
48
1
78
5
38
2
23
1
96
3
12
4
15
2
53
3
88
3
38
4
59
3
92
3
21
4
2
5
96
4
93
1
82
3
48
5
14
4
68
2
58
3
67
4
42
4
29
4
94
3
53
5
22
