4
12
2
25
5
57
3
69
2
69
0
50
4
26
5
39
4
26
4
33
2
92
3
69
5
92
2
97
5
14
3
28
5
35
4
59
2
36
4
32
6
59
5
54
2
32
3
82
6
49
3
18
3
89
4
88
5
99
4
27
6
76
4
99
5
3
5
19
5
57
5
86
4
7
5
19
4
63
5
39
5
9
2
76
2
17
5
52
3
13
5
28
2
79
3
3
3
44
6
89
3
9
2
29
5
48
3
64
3
72
4
45
3
83
5
56
2
24
2
68
0
0
6
98
3
79
5
77
6
99
5
55
3
14
3
78
6
88
4
75
2
38
2
79
5
74
3
69
3
18
5
14
4
53
5
43
5
23
3
6
3
16
4
27
5
9
2
43
3
35
4
43
4
95
6
86
5
47
6
69
4
43
6
16
5
18
4
89
6
45
3
19
0
40
5
56
6
84
4
69
6
49
4
6
2
49
3
87
3
65
3
98
5
29
5
75
5
19
3
59
4
69
4
22
5
2
2
45
4
72
6
29
5
78
2
52
6
39
3
89
5
69
6
4
4
56
3
55
5
65
6
23
5
95
6
57
2
46
5
86
5
96
4
59
3
28
4
15
2
52
3
99
6
56
2
75
6
49
6
93
2
59
3
48
6
59
2
42
2
17
5
2
6
5
6
79
3
16
2
77
2
86
6
45
6
87
5
18
6
7
5
9
3
54
4
84
5
76
4
34
5
32
3
42
2
28
3
84
6
38
6
59
3
54
5
52
4
39
3
99
6
4
3
25
3
35
5
19
3
45
3
18
6
59
5
92
4
42
3
86
3
99
3
29
4
99
3
25
6
39
3
79
3
54
3
37
4
19
6
36
5
94
2
43
5
37
4
78
2
69
3
99
5
59
6
87
4
69
2
35
4
27
5
2
2
5
3
34
5
73
2
16
2
77
4
86
5
67
5
45
5
79
6
59
4
97
6
45
2
44
5
29
4
13
6
17
5
54
4
69
3
49
2
39
6
13
2
65
4
24
2
57
2
18
6
99
0
30
5
32
2
88
6
17
4
73
4
44
2
37
5
42
2
75
3
32
5
5
6
64
4
52
2
89
4
6
6
48
6
9
5
77
6
94
0
90
4
15
6
17
5
86
3
77
3
99
4
9
4
94
6
19
3
89
4
28
5
99
3
7
2
76
5
54
2
29
4
52
4
96
4
74
4
79
3
37
6
49
3
79
2
17
5
48
3
22
2
49
6
79
4
94
4
22
4
16
5
63
6
99
3
73
5
39
3
87
4
73
0
90
1
24
3
45
0
0
6
27
4
64
6
67
3
64
5
69
4
2
2
13
5
98
6
57
2
87
2
38
1
9
3
34
5
93
6
38
3
15
2
97
2
9
3
4
4
95
2
52
2
13
5
95
2
59
2
79
5
53
5
9
3
89
2
48
4
4
2
44
2
69
4
58
3
8
5
54
5
88
2
75
3
67
2
69
3
23
3
82
2
99
2
82
3
96
2
97
3
57
1
64
4
84
4
57
4
67
2
42
4
52
2
79
4
75
3
95
2
55
4
45
1
88
4
12
6
86
6
35
4
89
2
74
3
69
6
16
6
56
2
86
3
69
3
77
0
20
5
66
3
96
4
85
5
46
5
15
5
13
6
69
4
5
3
64
5
19
6
45
2
94
0
90
4
49
5
26
0
70
6
28
2
14
5
56
4
49
3
16
6
39
5
23
5
85
3
49
5
5
3
16
5
23
3
64
3
49
5
39
5
69
4
33
4
49
6
59
6
53
4
79
4
56
4
55
6
45
3
14
3
59
4
39
3
52
2
3
5
9
3
49
3
99
4
98
6
16
5
29
3
49
3
4
4
99
4
65
6
19
3
45
6
53
3
33
2
48
4
33
6
48
4
49
2
38
3
47
4
39
4
89
5
39
2
2
2
88
2
77
2
8
4
47
2
35
4
63
6
76
6
89
3
45
4
79
4
12
5
59
2
54
5
6
4
52
5
49
5
54
5
92
5
32
3
87
4
29
6
41
3
54
0
60
5
69
5
47
5
56
2
39
5
3
3
52
5
39
4
38
3
69
4
86
6
68
2
66
4
58
6
45
2
8
2
9
2
9
2
86
4
96
3
54
3
55
4
94
2
38
5
75
0
10
4
78
3
8
2
6
5
55
5
99
2
62
4
79
2
63
2
29
2
39
3
59
5
39
5
22
2
69
5
97
2
45
5
29
5
72
5
14
4
99
4
19
4
32
5
35
5
42
4
95
6
65
3
36
5
67
3
77
5
9
4
13
2
93
6
99
5
49
0
10
3
13
5
13
4
86
5
57
5
17
2
9
4
32
2
46
2
33
2
69
3
89
2
19
4
29
2
27
4
29
2
69
6
23
3
54
3
24
4
29
4
56
2
36
3
47
6
19
5
27
6
76
2
85
4
72
5
72
5
15
2
86
3
9
2
54
4
29
4
76
5
99
6
57
1
22
4
79
0
70
4
25
3
2
4
78
2
83
3
65
1
23
2
24
5
99
4
76
2
39
2
83
2
29
0
0
6
75
3
49
5
84
2
17
5
6
3
25
4
22
2
69
4
58
0
30
4
18
0
70
5
6
4
89
2
19
2
35
5
88
3
38
5
42
5
49
2
44
5
59
2
2
4
92
0
30
6
39
4
67
5
69
5
19
2
39
5
63
6
54
5
29
4
12
4
47
2
44
5
95
6
37
3
89
5
89
3
19
4
54
0
90
4
52
6
53
4
89
3
22
3
23
4
94
3
5
6
35
3
13
0
10
3
66
2
55
4
85
3
25
4
29
6
24
3
99
5
92
4
74
3
14
5
12
6
83
2
59
0
90
4
14
2
45
2
67
3
49
2
69
5
68
2
79
5
16
3
69
3
68
5
9
3
75
4
39
1
29
3
19
2
19
4
99
5
85
2
93
4
69
3
24
2
98
3
97
3
75
4
88
5
14
4
66
3
9
5
9
0
58
6
66
3
74
6
38
5
59
4
94
6
24
5
67
3
8
5
67
6
59
4
99
3
49
3
95
4
98
4
89
2
39
2
83
3
52
2
58
6
86
3
76
3
78
4
45
2
24
3
54
5
39
5
36
4
88
2
68
5
54
6
97
2
69
5
38
4
87
2
69
4
49
3
98
5
18
4
35
4
89
1
78
2
85
5
54
6
59
3
78
5
74
5
73
4
81
4
64
6
69
2
87
4
88
2
65
2
79
3
58
6
49
2
55
2
13
5
26
6
9
0
90
5
44
3
24
2
69
6
99
6
94
2
67
5
64
4
24
5
59
0
63
6
89
3
79
5
54
3
66
3
69
2
53
3
99
4
65
6
36
4
63
5
69
6
46
5
24
6
44
3
23
2
98
2
66
5
97
5
6
6
58
3
35
3
75
2
42
3
22
5
94
6
56
2
86
5
86
6
84
5
99
2
9
5
55
4
52
5
15
3
19
3
92
2
29
0
17
0
59
6
47
4
89
6
17
3
49
6
67
3
9
2
43
6
75
5
79
3
65
3
32
3
69
2
64
5
49
0
30
3
69
3
48
5
39
5
35
5
69
0
95
3
69
3
38
3
54
2
64
6
64
6
14
5
7
6
49
2
85
3
79
2
4
4
38
2
67
4
73
3
74
5
85
3
59
4
98
3
49
4
98
3
69
5
99
3
6
2
14
3
32
3
12
4
79
5
29
3
23
3
98
3
24
3
48
2
22
0
40
3
18
5
83
6
59
2
64
2
83
2
9
3
8
3
95
6
96
2
88
4
79
3
57
4
29
6
29
3
26
2
67
3
22
6
9
2
65
3
79
4
57
6
79
6
29
3
44
3
35
3
89
5
77
2
56
2
84
5
32
4
67
4
35
3
69
2
12
3
75
3
43
5
58
2
93
3
89
5
53
3
46
6
99
3
72
5
29
2
87
4
95
2
15
4
87
3
39
4
74
3
89
5
52
0
60
4
36
2
9
2
96
6
56
5
66
3
62
4
23
2
17
5
26
6
67
4
99
6
73
6
96
3
99
6
26
4
55
2
59
4
24
4
44
5
45
5
9
6
37
3
95
6
99
2
67
3
5
6
17
4
9
2
77
2
44
3
26
0
80
6
49
4
69
4
9
3
75
5
59
4
59
2
32
4
42
5
57
6
99
0
80
5
7
2
39
3
89
2
82
2
16
5
49
6
46
6
43
5
92
6
23
3
18
4
45
4
89
6
29
5
16
2
99
3
48
4
8
3
58
4
74
6
6
6
15
6
79
1
65
6
59
6
23
5
53
2
7
3
19
4
88
5
99
6
29
5
32
3
59
2
85
3
26
4
79
4
97
6
89
2
79
5
84
5
12
2
98
4
38
2
74
4
99
5
63
6
18
4
79
6
56
3
8
6
55
4
85
4
17
3
45
2
27
6
97
5
16
6
76
3
77
3
67
6
4
2
43
5
94
4
69
4
25
5
8
6
16
0
60
3
28
0
84
3
7
3
89
4
99
6
47
3
39
5
99
4
76
