9
19
9
31
9
64
9
72
9
71
0
50
9
33
9
44
9
33
9
40
9
99
9
72
9
99
9
99
9
21
9
32
9
42
9
63
9
41
9
39
9
64
9
61
9
39
9
89
13
55
10
22
9
92
9
93
9
99
9
33
11
83
9
99
9
10
12
24
9
64
9
93
9
13
12
24
9
70
9
44
9
14
9
81
9
21
9
59
9
20
9
34
9
81
9
10
9
51
9
94
9
12
9
31
12
54
9
71
9
79
10
52
9
90
9
63
9
31
9
71
0
0
9
99
10
82
12
84
9
99
9
62
9
21
10
82
9
94
10
82
9
41
9
81
9
81
9
72
10
22
9
21
9
60
9
50
9
30
9
12
10
22
9
33
9
14
9
50
9
42
9
50
9
99
9
93
12
54
9
74
9
50
11
23
12
24
9
93
10
52
10
22
0
40
9
63
9
91
9
73
13
55
9
13
9
51
9
92
9
72
9
99
9
34
10
82
12
24
9
62
9
73
9
29
9
9
9
51
9
79
9
34
12
84
9
59
9
44
9
92
9
74
9
11
9
63
9
62
9
72
9
30
9
99
9
64
9
51
9
93
9
99
9
63
9
32
10
22
9
59
9
99
9
63
9
81
13
55
9
99
9
61
10
52
9
64
9
49
9
21
9
9
9
12
13
85
10
22
9
81
9
91
10
52
9
94
12
24
9
14
9
14
9
61
9
91
11
83
9
41
9
39
9
49
9
31
9
91
9
44
9
64
9
61
9
59
9
43
9
99
9
11
9
32
9
42
12
24
10
52
10
22
9
64
9
99
9
49
9
92
9
99
9
32
9
99
9
32
9
44
10
82
9
61
9
42
11
23
9
43
9
99
9
50
9
44
11
83
9
71
9
99
9
64
9
94
9
73
9
41
9
33
9
9
9
11
9
41
9
80
9
21
9
81
9
93
9
74
10
52
12
84
9
64
9
99
10
52
9
51
9
34
9
20
12
24
9
61
9
73
10
52
9
41
9
20
9
71
9
31
9
61
9
21
9
99
0
30
9
39
9
91
12
24
9
80
9
51
9
41
9
49
9
81
9
39
9
12
9
71
9
59
9
91
9
13
13
55
9
14
12
84
9
99
0
90
10
22
12
24
9
93
10
82
9
99
9
13
9
99
13
25
9
92
9
33
9
99
9
12
9
81
9
61
9
31
9
59
9
99
9
81
11
83
9
42
13
55
10
82
9
21
12
54
9
29
9
51
13
85
9
99
9
29
11
23
9
70
9
99
9
80
9
44
9
92
9
80
0
90
1
29
10
52
0
0
9
34
9
71
9
67
3
69
9
74
9
9
9
20
9
99
9
64
9
91
9
41
1
9
9
41
9
99
9
44
10
22
9
99
9
11
9
11
9
99
9
59
9
20
9
99
9
61
9
81
9
60
9
14
9
92
9
51
9
11
9
51
9
71
9
63
9
12
9
61
9
94
9
81
9
72
9
71
9
30
9
89
9
99
9
89
9
99
9
99
9
62
1
69
9
91
9
63
9
73
9
49
9
59
9
81
10
82
9
99
9
61
10
52
1
89
9
19
9
93
9
42
9
93
9
81
9
72
11
23
9
63
9
91
9
72
10
82
0
20
9
73
9
99
4
89
11
53
10
22
9
20
9
74
9
12
9
71
12
24
10
52
9
99
0
90
11
53
9
33
0
70
9
34
9
21
9
63
11
53
10
22
9
44
9
30
9
92
10
52
9
12
10
22
9
30
9
71
10
52
9
44
9
74
9
40
11
53
9
64
9
60
11
83
9
63
9
62
10
52
9
21
9
62
9
43
9
59
9
10
9
14
10
52
9
99
9
99
11
23
9
34
10
52
9
11
9
99
9
72
13
25
10
52
9
60
9
40
9
51
9
40
13
55
11
53
9
41
10
52
9
43
9
93
9
44
9
9
9
91
9
81
9
11
11
53
9
41
4
63
11
83
9
94
10
52
11
83
9
19
9
64
9
61
9
13
9
59
12
54
9
61
9
99
9
39
9
92
9
33
9
41
9
61
0
60
9
74
12
54
9
63
9
41
9
10
9
59
9
44
9
43
9
72
9
93
9
74
9
71
9
63
10
52
9
11
9
11
9
11
9
91
9
99
9
61
9
62
9
99
9
41
10
82
0
10
11
83
9
12
9
11
9
62
9
99
9
69
11
83
9
70
9
31
9
41
9
62
9
44
9
29
9
71
9
99
9
51
9
34
9
79
9
21
9
99
11
23
9
39
9
42
9
42
9
99
9
72
9
42
9
74
10
82
9
14
9
20
9
99
9
99
12
54
0
10
9
20
9
20
9
93
9
64
12
24
9
11
9
39
9
51
9
40
9
71
9
92
9
21
9
33
9
31
9
33
9
71
9
30
9
61
9
31
9
33
9
63
9
41
10
52
13
25
9
34
11
83
9
91
9
79
9
72
10
22
2
89
9
12
9
61
9
33
11
83
9
99
9
64
1
29
11
83
0
70
9
32
9
9
11
83
9
90
9
72
1
29
9
31
9
99
11
83
9
41
9
90
9
31
0
0
10
82
10
52
9
91
9
21
9
13
9
32
11
22
9
71
9
63
0
30
4
19
0
70
9
13
4
89
9
21
9
41
9
88
9
42
9
49
12
54
9
51
9
64
9
9
9
99
0
30
9
44
9
73
9
74
12
24
9
41
9
70
9
61
9
34
9
19
11
53
9
51
9
99
9
44
9
92
9
94
10
22
9
61
0
90
9
59
9
60
9
93
9
29
9
30
9
99
3
9
9
42
9
20
0
10
9
72
9
61
9
92
9
32
4
29
9
31
9
99
9
99
9
81
9
21
9
19
9
90
9
61
0
90
9
21
9
51
9
71
10
52
9
71
9
74
9
81
11
23
9
72
9
72
9
14
10
82
9
43
1
29
10
22
9
21
9
99
9
92
9
99
9
73
3
29
9
99
9
99
10
82
9
93
9
21
9
73
9
12
9
14
0
59
9
73
9
81
9
44
9
64
9
99
9
31
9
74
9
12
9
74
9
64
9
99
10
52
9
99
9
99
9
93
9
41
9
90
9
59
9
61
9
93
10
82
10
82
10
52
9
31
9
61
9
44
9
43
9
93
9
71
9
61
9
99
9
71
9
44
9
93
9
71
11
53
9
99
12
24
4
35
9
93
1
79
9
91
9
61
9
64
9
78
9
81
9
80
11
81
9
71
9
74
9
91
9
93
9
71
9
81
9
62
13
55
9
61
9
20
9
33
9
14
0
90
9
51
9
31
9
71
9
99
9
99
9
71
9
71
9
31
9
64
0
63
9
94
10
82
9
61
9
72
9
72
9
60
9
99
9
72
9
43
9
70
9
74
11
53
9
31
9
51
9
30
9
99
9
71
9
99
9
13
9
64
9
42
10
82
9
49
9
29
9
99
9
63
9
91
9
93
9
91
9
99
9
11
8
55
9
59
10
22
10
22
9
99
9
31
0
17
0
59
12
54
9
93
12
24
10
52
9
74
9
12
9
50
10
82
12
84
9
72
9
39
9
72
9
71
12
54
0
30
3
69
10
52
9
44
9
42
9
74
0
95
3
69
9
42
9
61
9
71
9
71
9
21
9
14
13
55
0
89
10
82
9
11
9
43
9
71
9
80
9
81
9
92
9
62
9
99
10
52
9
99
9
72
9
99
9
12
9
21
9
39
9
19
11
83
9
34
9
30
9
99
9
31
10
52
9
29
0
40
10
22
9
90
9
64
9
71
9
90
9
11
9
12
9
99
9
99
9
91
11
83
9
62
9
33
9
34
9
32
9
71
9
29
9
14
8
65
10
82
9
63
13
85
9
34
9
51
9
42
9
92
12
84
9
61
9
91
9
39
9
73
9
42
9
72
9
19
10
82
9
50
9
64
9
99
9
92
9
60
10
52
9
99
9
79
9
34
9
91
9
99
9
21
9
93
9
42
9
81
9
92
9
59
0
60
9
43
9
11
9
99
9
63
9
73
9
69
9
30
9
21
9
33
9
74
9
99
9
80
9
99
9
99
9
33
9
62
9
61
9
31
9
51
10
52
9
14
9
44
9
99
9
99
9
71
9
12
12
24
9
13
9
81
9
51
9
32
0
80
13
55
9
73
9
13
10
82
9
64
9
63
9
39
9
49
9
64
9
99
0
80
9
14
2
39
9
92
9
89
9
21
12
54
11
53
9
50
9
99
9
30
10
22
10
52
4
89
9
34
11
23
9
99
10
52
9
13
9
62
9
81
9
13
10
22
13
85
1
69
9
64
9
30
9
60
9
11
10
22
4
89
9
99
9
34
9
39
9
62
9
91
9
26
11
83
9
99
9
94
9
81
9
91
9
19
9
99
9
43
9
81
9
99
9
70
13
25
11
83
9
63
3
9
9
62
9
92
11
23
10
52
9
31
9
99
11
23
11
83
10
82
9
72
9
11
9
50
9
99
9
73
9
32
9
14
11
23
0
60
9
32
0
84
9
12
9
92
9
99
12
54
9
42
9
99
11
83
