13
25
9
34
9
64
9
74
9
74
0
50
9
34
9
44
9
34
9
44
9
99
9
74
9
99
9
99
15
27
9
34
9
44
9
64
9
44
9
44
9
64
9
64
9
44
9
94
19
61
16
28
9
94
9
94
9
99
9
34
17
89
9
99
9
14
18
30
9
64
9
94
9
14
18
30
9
74
9
44
9
14
15
87
15
27
9
64
14
26
9
34
15
87
9
14
15
57
9
94
9
14
9
34
18
60
9
74
13
85
16
58
9
94
9
64
9
34
9
74
0
0
9
99
16
88
18
90
9
99
9
64
15
27
16
88
9
94
16
88
9
44
15
87
15
87
9
74
16
28
15
27
9
64
14
56
9
34
9
14
16
28
9
34
9
14
14
56
9
44
14
56
9
99
9
94
18
60
9
74
14
56
17
29
18
30
9
94
16
58
16
28
0
40
9
64
9
94
9
74
19
61
9
14
15
57
9
94
9
74
9
99
9
34
16
88
18
30
9
64
9
74
9
34
9
14
15
57
13
85
9
34
18
90
9
64
9
44
9
94
9
74
9
14
9
64
9
64
9
74
9
34
9
99
9
64
15
57
9
94
9
99
9
64
9
34
16
28
9
64
9
99
9
64
15
87
19
61
9
99
9
64
16
58
9
64
13
55
15
27
9
14
9
14
19
91
16
28
15
87
9
94
16
58
9
94
18
30
9
14
9
14
9
64
9
94
17
89
9
44
9
44
13
55
9
34
9
94
9
44
9
64
9
64
9
64
9
44
9
99
9
14
9
34
9
44
18
30
16
58
16
28
9
64
9
99
13
55
9
94
9
99
9
34
9
99
9
34
9
44
16
88
9
64
9
44
17
29
9
44
9
99
14
56
9
44
17
89
9
74
9
99
9
64
9
94
9
74
9
44
9
34
9
14
9
14
9
44
14
86
15
27
15
87
9
94
9
74
16
58
18
90
9
64
9
99
16
58
15
57
9
34
14
26
18
30
9
64
9
74
16
58
9
44
14
26
9
74
9
34
9
64
15
27
9
99
0
30
9
44
9
94
18
30
14
86
15
57
9
44
13
55
15
87
9
44
9
14
9
74
9
64
9
94
9
14
19
61
9
14
18
90
9
99
0
90
16
28
18
30
9
94
16
88
9
99
9
14
9
99
19
31
9
94
9
34
9
99
9
14
15
87
9
64
9
34
9
64
9
99
15
87
17
89
9
44
19
61
16
88
15
27
18
60
9
34
15
57
19
91
9
99
9
34
17
29
9
74
9
99
14
86
9
44
9
94
14
86
0
90
1
29
16
58
0
0
9
34
9
74
9
67
3
69
9
74
9
14
14
26
9
99
9
64
9
94
9
44
1
9
9
44
9
99
9
44
16
28
9
99
9
14
9
14
9
99
9
64
14
26
9
99
9
64
15
87
9
64
9
14
9
94
15
57
9
14
15
57
9
74
9
64
9
14
9
64
9
94
15
87
9
74
9
74
9
34
9
94
9
99
9
94
9
99
9
99
9
64
1
69
9
94
9
64
9
74
13
55
9
64
15
87
16
88
9
99
9
64
16
58
1
89
13
25
9
94
9
44
9
94
15
87
9
74
17
29
9
64
9
94
9
74
16
88
0
20
9
74
9
99
4
89
17
59
16
28
14
26
9
74
9
14
9
74
18
30
16
58
9
99
0
90
17
59
9
34
0
70
9
34
15
27
9
64
17
59
16
28
9
44
9
34
9
94
16
58
9
14
16
28
9
34
9
74
16
58
9
44
9
74
9
44
17
59
9
64
9
64
17
89
9
64
9
64
16
58
15
27
9
64
9
44
9
64
9
14
9
14
16
58
9
99
9
99
17
29
9
34
16
58
9
14
9
99
9
74
19
31
16
58
9
64
9
44
15
57
9
44
19
61
17
59
9
44
16
58
9
44
9
94
9
44
9
14
9
94
15
87
9
14
17
59
9
44
4
63
17
89
9
94
16
58
17
89
13
25
9
64
9
64
9
14
9
64
18
60
9
64
9
99
9
44
9
94
9
34
9
41
9
64
0
60
9
74
18
60
9
64
9
44
9
14
9
64
9
44
9
44
9
74
9
94
9
74
9
74
9
64
16
58
9
14
9
14
9
14
9
94
9
99
9
64
9
64
9
99
9
44
16
88
0
10
17
89
9
14
9
14
9
64
9
99
9
74
17
89
9
74
9
34
9
44
9
64
9
44
9
34
9
74
9
99
15
57
9
34
13
85
15
27
9
99
17
29
9
44
9
44
9
42
9
99
9
74
9
44
9
74
16
88
9
14
14
26
9
99
9
99
18
60
0
10
14
26
14
26
9
94
9
64
18
30
9
14
9
44
15
57
9
44
9
74
9
94
15
27
9
34
9
34
9
34
9
74
9
34
9
64
9
34
9
34
9
64
9
44
16
58
19
31
9
34
17
89
9
94
13
85
9
72
16
28
2
89
9
14
9
64
9
34
17
89
9
99
9
64
1
29
17
89
0
70
9
34
9
14
17
89
9
94
9
74
1
29
9
34
9
99
17
89
9
44
9
94
9
34
0
0
16
88
16
58
9
94
15
27
9
14
9
34
17
22
9
74
9
64
0
30
4
19
0
70
9
14
4
89
15
27
9
44
9
88
9
44
13
55
18
60
15
57
9
64
9
14
9
99
0
30
9
44
9
74
9
74
18
30
9
44
9
74
9
64
9
34
13
25
17
59
15
57
9
99
9
44
9
94
9
94
16
28
9
64
0
90
9
64
9
64
9
94
9
34
9
34
9
99
3
9
9
44
14
26
0
10
9
74
9
64
9
94
9
34
4
29
9
34
9
99
9
99
15
87
15
27
13
25
9
94
9
64
0
90
15
27
15
57
9
74
16
58
9
74
9
74
15
87
17
29
9
74
9
74
9
14
16
88
9
44
1
29
16
28
15
27
9
99
9
94
9
99
9
74
3
29
9
99
9
99
16
88
9
94
15
27
9
74
9
14
9
14
0
59
9
74
15
87
9
44
9
64
9
99
9
34
9
74
9
14
9
74
9
64
9
99
16
58
9
99
9
99
9
94
9
44
9
94
9
64
9
64
9
94
16
88
16
88
16
58
9
34
9
64
9
44
9
44
9
94
9
74
9
64
9
99
9
74
9
44
9
94
9
74
17
59
9
99
18
30
4
35
9
94
1
79
9
94
9
64
9
64
9
78
15
87
14
86
17
81
9
74
9
74
9
94
9
94
9
74
15
87
9
64
19
61
9
64
14
26
9
34
9
14
0
90
15
57
9
34
9
74
9
99
9
99
9
74
9
74
9
34
9
64
0
63
9
94
16
88
9
64
9
74
9
74
9
64
9
99
9
74
9
44
9
74
9
74
17
59
9
34
15
57
9
34
9
99
9
74
9
99
9
14
9
64
9
44
16
88
13
55
9
34
9
99
9
64
9
94
9
94
9
94
9
99
9
14
8
55
9
64
16
28
16
28
9
99
9
34
0
17
0
59
18
60
9
94
18
30
16
58
9
74
9
14
14
56
16
88
18
90
9
74
9
44
9
74
9
74
18
60
0
30
3
69
16
58
9
44
9
44
9
74
0
95
3
69
9
44
9
64
9
74
9
74
15
27
9
14
19
61
0
89
16
88
9
14
9
44
9
74
14
86
15
87
9
94
9
64
9
99
16
58
9
99
9
74
9
99
9
14
15
27
9
44
13
25
17
89
9
34
9
34
9
99
9
34
16
58
9
34
0
40
16
28
9
94
9
64
9
74
9
94
9
14
9
14
9
99
9
99
9
94
17
89
9
64
9
34
9
34
9
34
9
74
9
34
9
14
8
65
16
88
9
64
19
91
9
34
15
57
9
44
9
94
18
90
9
64
9
94
9
44
9
74
9
44
9
74
13
25
16
88
14
56
9
64
9
99
9
94
9
64
16
58
9
99
13
85
9
34
9
94
9
99
15
27
9
94
9
44
15
87
9
94
9
64
0
60
9
44
9
14
9
99
9
64
9
74
9
74
9
34
15
27
9
34
9
74
9
99
14
86
9
99
9
99
9
34
9
64
9
64
9
34
15
57
16
58
9
14
9
44
9
99
9
99
9
74
9
14
18
30
9
14
15
87
15
57
9
34
0
80
19
61
9
74
9
14
16
88
9
64
9
64
9
44
13
55
9
64
9
99
0
80
9
14
2
39
9
94
9
94
15
27
18
60
17
59
14
56
9
99
9
34
16
28
16
58
4
89
9
34
17
29
9
99
16
58
9
14
9
64
15
87
9
14
16
28
19
91
1
69
9
64
9
34
9
64
9
14
16
28
4
89
9
99
9
34
9
44
9
64
9
94
9
26
17
89
9
99
9
94
15
87
9
94
13
25
9
99
9
44
15
87
9
99
9
74
19
31
17
89
9
64
3
9
9
64
9
94
17
29
16
58
9
34
9
99
17
29
17
89
16
88
9
74
9
14
14
56
9
99
9
74
9
34
9
14
17
29
0
60
9
34
0
84
9
14
9
94
9
99
18
60
9
44
9
99
17
89
