7
15
5
28
8
60
6
69
5
69
0
50
7
29
8
40
7
29
7
36
5
95
6
69
8
95
5
99
8
17
6
29
8
38
7
59
5
39
7
35
9
61
8
57
5
35
6
85
9
51
6
19
6
89
7
89
8
99
7
29
9
79
7
99
8
6
8
20
8
60
8
89
7
9
8
20
7
66
8
40
8
10
5
79
5
19
8
55
6
16
8
30
5
79
6
6
6
47
9
91
6
9
5
29
8
50
6
67
6
75
7
48
6
86
8
59
5
27
5
69
0
0
9
99
6
79
8
80
9
99
8
58
6
17
6
79
9
91
7
78
5
39
5
79
8
77
6
69
6
19
8
17
7
56
8
46
8
26
6
9
6
19
7
29
8
10
5
46
6
38
7
46
7
98
9
89
8
50
9
71
7
46
9
19
8
20
7
89
9
48
6
19
0
40
8
59
9
87
7
69
9
51
7
9
5
49
6
89
6
68
6
99
8
30
8
78
8
20
6
59
7
69
7
25
8
5
5
48
7
75
9
31
8
80
5
55
9
41
6
89
8
70
9
7
7
59
6
58
8
68
8
26
8
98
9
60
5
49
8
89
8
99
7
59
6
29
7
18
5
55
6
99
9
59
5
78
9
51
8
96
5
59
6
49
9
61
5
45
5
19
8
5
9
8
9
81
6
19
5
79
5
89
9
48
9
90
8
20
9
10
8
10
6
57
7
87
8
79
7
37
8
35
6
45
5
29
6
87
9
41
9
61
6
57
8
55
7
39
6
99
9
7
6
28
6
38
8
20
6
48
6
19
9
61
8
95
7
45
6
89
6
99
6
29
7
99
6
28
9
41
6
79
6
57
6
39
7
19
9
39
8
97
5
46
8
40
7
79
5
69
6
99
8
60
9
90
7
69
5
38
7
29
8
5
5
8
6
37
8
76
5
19
5
79
7
89
8
70
8
48
8
80
9
61
7
99
9
48
5
47
8
30
7
16
9
20
8
57
7
69
6
49
5
39
8
16
5
68
7
27
5
59
5
19
9
99
0
30
8
35
5
89
9
20
7
76
7
47
5
39
8
45
5
78
6
35
8
8
9
67
7
55
5
89
7
9
9
51
9
11
8
80
9
97
0
90
7
18
9
20
8
89
6
79
6
99
7
9
7
97
9
21
6
89
7
29
8
99
6
9
5
79
8
57
5
29
7
55
7
99
7
77
7
79
6
39
9
51
6
79
5
19
8
50
6
25
5
49
9
81
7
97
7
25
7
19
8
66
9
99
6
76
8
40
6
89
7
76
0
90
1
27
6
48
0
0
9
30
7
67
9
67
3
67
8
70
7
5
5
16
8
99
9
60
5
89
5
39
1
9
6
37
8
96
9
41
6
18
5
99
5
9
6
7
7
98
5
55
5
16
8
98
5
59
5
79
8
56
8
10
6
89
5
49
7
7
5
47
5
69
7
59
6
9
8
57
8
90
5
78
6
69
5
69
6
26
6
85
5
99
5
85
6
99
5
99
6
59
1
67
7
87
7
59
7
69
5
45
7
55
5
79
7
78
6
98
5
58
7
48
1
89
7
15
9
89
9
38
7
89
5
77
6
69
9
19
9
59
5
89
6
69
6
79
0
20
8
69
6
99
4
88
8
49
8
18
8
16
9
71
7
8
6
67
8
20
9
48
5
97
0
90
7
49
8
29
0
70
9
31
5
17
8
59
7
49
6
19
9
41
8
26
8
88
6
49
8
8
6
19
8
26
6
67
6
49
8
40
8
70
7
36
7
49
9
61
8
56
7
79
7
59
7
58
9
48
6
17
6
59
7
39
6
55
5
6
8
10
6
49
6
99
7
99
9
19
8
30
6
49
6
7
7
99
7
68
9
21
6
48
8
56
6
36
5
49
7
36
9
51
7
49
5
39
6
49
7
39
7
89
8
40
5
5
5
89
5
79
5
9
7
49
5
38
4
63
9
79
9
91
6
48
7
79
7
15
8
60
5
57
8
9
7
55
8
50
8
57
8
95
8
35
6
89
7
29
9
41
6
57
0
60
8
70
8
50
8
59
5
39
8
6
6
55
8
40
7
39
6
69
7
89
9
71
5
69
7
59
9
48
5
9
5
9
5
9
5
89
7
99
6
57
6
58
7
97
5
39
8
78
0
10
7
79
6
9
5
9
8
58
8
99
5
65
7
79
5
66
5
29
5
39
6
59
8
40
8
25
5
69
8
99
5
48
8
30
8
75
8
17
7
99
7
19
7
35
8
38
8
42
7
98
9
68
6
39
8
70
6
79
8
10
7
16
5
96
9
99
8
50
0
10
6
16
8
16
7
89
8
60
8
20
5
9
7
35
5
49
5
36
5
69
6
89
5
19
7
29
5
29
7
29
5
69
8
26
6
57
6
27
7
29
7
59
5
39
6
49
9
21
8
30
9
79
5
88
7
75
8
72
8
18
2
89
6
9
5
57
7
29
7
79
8
99
9
60
1
25
7
79
0
70
7
28
6
5
7
79
5
86
6
68
1
26
5
27
8
99
7
79
5
39
5
86
5
29
0
0
9
78
6
49
8
87
5
19
8
9
6
28
7
22
5
69
7
59
0
30
4
19
0
70
8
9
4
89
5
19
5
38
8
88
6
39
8
45
8
50
5
47
8
60
5
5
7
95
0
30
9
41
7
69
8
70
8
20
5
39
8
66
9
57
8
30
7
15
7
49
5
47
8
98
9
40
6
89
8
90
6
19
7
57
0
90
7
55
8
56
7
89
6
25
6
26
7
97
3
8
9
38
6
16
0
10
6
69
5
58
7
88
6
28
4
29
9
27
6
99
8
95
7
77
6
17
8
15
8
86
5
59
0
90
7
17
5
48
5
69
6
49
5
69
8
70
5
79
8
19
6
69
6
69
8
10
6
78
7
39
1
29
6
19
5
19
7
99
8
88
5
96
7
69
3
27
5
99
6
99
6
78
7
89
8
17
7
69
6
9
8
10
0
59
9
69
6
77
9
41
8
60
7
97
9
27
8
70
6
9
8
70
9
61
7
99
6
49
6
98
7
99
7
89
5
39
5
86
6
55
5
59
9
89
6
79
6
79
7
48
5
27
6
57
8
40
8
39
7
89
5
69
8
57
9
99
5
69
8
40
7
89
5
69
7
49
6
99
8
20
4
35
7
89
1
79
5
88
8
57
9
61
6
78
8
77
8
76
7
81
7
67
9
71
5
89
7
89
5
68
5
79
6
59
9
51
5
58
5
16
8
29
9
11
0
90
8
47
6
27
5
69
9
99
9
97
5
69
8
67
7
27
8
60
0
63
9
91
6
79
8
57
6
69
6
69
5
56
6
99
7
68
9
39
7
66
8
70
9
49
8
27
9
47
6
26
5
99
5
69
8
99
8
9
9
61
6
38
6
78
5
45
6
25
8
97
9
59
5
89
8
89
9
87
8
99
5
9
8
55
7
55
8
18
6
19
6
95
5
29
0
17
0
59
9
50
7
89
9
20
6
49
9
70
6
9
5
46
9
78
8
80
6
68
6
35
6
69
5
67
8
50
0
30
3
69
6
49
8
40
8
38
8
70
0
95
3
69
6
39
6
57
5
67
9
67
9
17
8
10
9
51
0
88
6
79
5
7
7
39
5
69
7
76
6
77
8
88
6
59
7
99
6
49
7
99
6
69
8
99
6
9
5
17
6
35
6
15
7
79
8
30
6
26
6
99
6
27
6
49
5
25
0
40
6
19
8
86
9
61
5
67
5
86
5
9
6
9
6
98
9
99
5
89
7
79
6
59
7
29
9
31
6
29
5
69
6
25
9
11
5
65
6
79
7
59
9
81
9
31
6
47
6
38
6
89
8
80
5
59
5
87
8
35
7
69
7
38
6
69
5
15
6
78
6
46
8
60
5
96
6
89
8
56
6
49
9
99
6
75
8
30
5
89
7
98
5
18
7
89
6
39
7
77
6
89
8
55
0
60
7
39
5
9
5
99
9
59
8
69
6
65
7
26
5
19
8
29
9
70
7
99
8
76
9
99
6
99
9
29
7
58
5
59
7
27
7
47
8
48
8
10
9
40
6
98
9
99
5
69
6
8
9
20
7
9
5
79
5
47
6
29
0
80
9
51
7
69
7
9
6
78
8
60
7
59
5
35
7
45
8
60
9
99
0
80
8
10
2
39
6
89
5
85
5
19
8
50
9
49
8
46
8
95
8
26
6
19
7
48
4
89
9
31
8
19
5
99
6
49
7
9
6
59
7
77
9
9
9
18
9
81
1
68
9
61
8
26
8
56
5
9
6
19
4
89
8
99
9
31
8
35
6
59
5
88
6
26
7
79
7
99
9
91
5
79
8
87
8
15
5
99
7
39
5
77
7
99
8
66
9
21
7
79
9
59
3
9
9
58
7
88
7
19
6
48
5
29
9
99
8
19
9
79
6
79
6
69
9
7
5
46
8
97
7
69
7
28
8
10
9
19
0
60
6
29
0
84
6
9
6
89
7
99
9
50
6
39
8
99
7
79
