9
21
9
33
9
64
9
74
9
73
0
50
9
34
9
44
9
34
9
42
9
99
9
74
9
99
9
99
11
23
9
34
9
44
9
64
9
43
9
41
9
64
9
63
9
41
9
91
15
57
12
24
9
94
9
94
9
99
9
34
13
85
9
99
9
12
14
26
9
64
9
94
9
14
14
26
9
72
9
44
9
14
11
83
11
23
9
61
10
22
9
34
11
83
9
12
11
53
9
94
9
14
9
33
14
56
9
73
9
81
12
54
9
92
9
64
9
33
9
73
0
0
9
99
12
84
14
86
9
99
9
64
11
23
12
84
9
94
12
84
9
43
11
83
11
83
9
74
12
24
11
23
9
62
10
52
9
32
9
14
12
24
9
34
9
14
10
52
9
44
10
52
9
99
9
94
14
56
9
74
10
52
13
25
14
26
9
94
12
54
12
24
0
40
9
64
9
93
9
74
15
57
9
14
11
53
9
94
9
74
9
99
9
34
12
84
14
26
9
64
9
74
9
31
9
11
11
53
9
81
9
34
14
86
9
61
9
44
9
94
9
74
9
13
9
64
9
64
9
74
9
32
9
99
9
64
11
53
9
94
9
99
9
64
9
34
12
24
9
61
9
99
9
64
11
83
15
57
9
99
9
63
12
54
9
64
9
51
11
23
9
11
9
14
15
87
12
24
11
83
9
93
12
54
9
94
14
26
9
14
9
14
9
63
9
93
13
85
9
43
9
41
9
51
9
33
9
93
9
44
9
64
9
63
9
61
9
44
9
99
9
13
9
34
9
44
14
26
12
54
12
24
9
64
9
99
9
51
9
94
9
99
9
34
9
99
9
34
9
44
12
84
9
63
9
44
13
25
9
44
9
99
10
52
9
44
13
85
9
73
9
99
9
64
9
94
9
74
9
43
9
34
9
11
9
13
9
43
10
82
11
23
11
83
9
94
9
74
12
54
14
86
9
64
9
99
12
54
11
53
9
34
10
22
14
26
9
63
9
74
12
54
9
43
10
22
9
73
9
33
9
63
11
23
9
99
0
30
9
41
9
93
14
26
10
82
11
53
9
43
9
51
11
83
9
41
9
14
9
73
9
61
9
93
9
14
15
57
9
14
14
86
9
99
0
90
12
24
14
26
9
94
12
84
9
99
9
14
9
99
15
27
9
94
9
34
9
99
9
14
11
83
9
63
9
33
9
61
9
99
11
83
13
85
9
44
15
57
12
84
11
23
14
56
9
31
11
53
15
87
9
99
9
31
13
25
9
72
9
99
10
82
9
44
9
94
10
82
0
90
1
29
12
54
0
0
9
34
9
73
9
67
3
69
9
74
9
11
10
22
9
99
9
64
9
93
9
43
1
9
9
43
9
99
9
44
12
24
9
99
9
13
9
13
9
99
9
61
10
22
9
99
9
63
11
83
9
62
9
14
9
94
11
53
9
13
11
53
9
73
9
64
9
14
9
63
9
94
11
83
9
74
9
73
9
32
9
91
9
99
9
91
9
99
9
99
9
64
1
69
9
93
9
64
9
74
9
51
9
61
11
83
12
84
9
99
9
63
12
54
1
89
9
21
9
94
9
44
9
94
11
83
9
74
13
25
9
64
9
93
9
74
12
84
0
20
9
74
9
99
4
89
13
55
12
24
10
22
9
74
9
14
9
73
14
26
12
54
9
99
0
90
13
55
9
34
0
70
9
34
11
23
9
64
13
55
12
24
9
44
9
32
9
94
12
54
9
14
12
24
9
32
9
73
12
54
9
44
9
74
9
42
13
55
9
64
9
62
13
85
9
64
9
64
12
54
11
23
9
64
9
44
9
61
9
12
9
14
12
54
9
99
9
99
13
25
9
34
12
54
9
13
9
99
9
74
15
27
12
54
9
62
9
42
11
53
9
42
15
57
13
55
9
43
12
54
9
44
9
94
9
44
9
11
9
93
11
83
9
13
13
55
9
43
4
63
13
85
9
94
12
54
13
85
9
21
9
64
9
63
9
14
9
61
14
56
9
63
9
99
9
41
9
94
9
34
9
41
9
63
0
60
9
74
14
56
9
64
9
43
9
12
9
61
9
44
9
44
9
74
9
94
9
74
9
73
9
64
12
54
9
13
9
13
9
13
9
93
9
99
9
63
9
64
9
99
9
43
12
84
0
10
13
85
9
14
9
13
9
64
9
99
9
71
13
85
9
72
9
33
9
43
9
64
9
44
9
31
9
73
9
99
11
53
9
34
9
81
11
23
9
99
13
25
9
41
9
44
9
42
9
99
9
74
9
44
9
74
12
84
9
14
10
22
9
99
9
99
14
56
0
10
10
22
10
22
9
94
9
64
14
26
9
13
9
41
11
53
9
42
9
73
9
94
11
23
9
34
9
33
9
34
9
73
9
32
9
63
9
33
9
34
9
64
9
43
12
54
15
27
9
34
13
85
9
93
9
81
9
72
12
24
2
89
9
14
9
63
9
34
13
85
9
99
9
64
1
29
13
85
0
70
9
34
9
11
13
85
9
92
9
74
1
29
9
33
9
99
13
85
9
43
9
92
9
33
0
0
12
84
12
54
9
93
11
23
9
14
9
34
13
22
9
73
9
64
0
30
4
19
0
70
9
14
4
89
11
23
9
43
9
88
9
44
9
51
14
56
11
53
9
64
9
11
9
99
0
30
9
44
9
74
9
74
14
26
9
43
9
72
9
63
9
34
9
21
13
55
11
53
9
99
9
44
9
94
9
94
12
24
9
63
0
90
9
61
9
62
9
94
9
31
9
32
9
99
3
9
9
44
10
22
0
10
9
74
9
63
9
94
9
34
4
29
9
33
9
99
9
99
11
83
11
23
9
21
9
92
9
63
0
90
11
23
11
53
9
73
12
54
9
73
9
74
11
83
13
25
9
74
9
74
9
14
12
84
9
44
1
29
12
24
11
23
9
99
9
94
9
99
9
74
3
29
9
99
9
99
12
84
9
94
11
23
9
74
9
14
9
14
0
59
9
74
11
83
9
44
9
64
9
99
9
33
9
74
9
14
9
74
9
64
9
99
12
54
9
99
9
99
9
94
9
43
9
92
9
61
9
63
9
94
12
84
12
84
12
54
9
33
9
63
9
44
9
44
9
94
9
73
9
63
9
99
9
73
9
44
9
94
9
73
13
55
9
99
14
26
4
35
9
94
1
79
9
93
9
63
9
64
9
78
11
83
10
82
13
81
9
73
9
74
9
93
9
94
9
73
11
83
9
64
15
57
9
63
10
22
9
34
9
14
0
90
11
53
9
33
9
73
9
99
9
99
9
73
9
73
9
33
9
64
0
63
9
94
12
84
9
63
9
74
9
74
9
62
9
99
9
74
9
44
9
72
9
74
13
55
9
33
11
53
9
32
9
99
9
73
9
99
9
14
9
64
9
44
12
84
9
51
9
31
9
99
9
64
9
93
9
94
9
93
9
99
9
13
8
55
9
61
12
24
12
24
9
99
9
33
0
17
0
59
14
56
9
94
14
26
12
54
9
74
9
14
10
52
12
84
14
86
9
74
9
41
9
74
9
73
14
56
0
30
3
69
12
54
9
44
9
44
9
74
0
95
3
69
9
44
9
63
9
73
9
73
11
23
9
14
15
57
0
89
12
84
9
13
9
44
9
73
10
82
11
83
9
94
9
64
9
99
12
54
9
99
9
74
9
99
9
14
11
23
9
41
9
21
13
85
9
34
9
32
9
99
9
33
12
54
9
31
0
40
12
24
9
92
9
64
9
73
9
92
9
13
9
14
9
99
9
99
9
93
13
85
9
64
9
34
9
34
9
34
9
73
9
31
9
14
8
65
12
84
9
64
15
87
9
34
11
53
9
44
9
94
14
86
9
63
9
93
9
41
9
74
9
44
9
74
9
21
12
84
10
52
9
64
9
99
9
94
9
62
12
54
9
99
9
81
9
34
9
93
9
99
11
23
9
94
9
44
11
83
9
94
9
61
0
60
9
44
9
13
9
99
9
64
9
74
9
71
9
32
11
23
9
34
9
74
9
99
10
82
9
99
9
99
9
34
9
64
9
63
9
33
11
53
12
54
9
14
9
44
9
99
9
99
9
73
9
14
14
26
9
14
11
83
11
53
9
34
0
80
15
57
9
74
9
14
12
84
9
64
9
64
9
41
9
51
9
64
9
99
0
80
9
14
2
39
9
94
9
91
11
23
14
56
13
55
10
52
9
99
9
32
12
24
12
54
4
89
9
34
13
25
9
99
12
54
9
14
9
64
11
83
9
14
12
24
15
87
1
69
9
64
9
32
9
62
9
13
12
24
4
89
9
99
9
34
9
41
9
64
9
93
9
26
13
85
9
99
9
94
11
83
9
93
9
21
9
99
9
44
11
83
9
99
9
72
15
27
13
85
9
64
3
9
9
64
9
94
13
25
12
54
9
33
9
99
13
25
13
85
12
84
9
74
9
13
10
52
9
99
9
74
9
34
9
14
13
25
0
60
9
34
0
84
9
14
9
94
9
99
14
56
9
44
9
99
13
85
