11
23
9
34
9
64
9
74
9
74
0
50
9
34
9
44
9
34
9
44
9
99
9
74
9
99
9
99
13
25
9
34
9
44
9
64
9
44
9
43
9
64
9
64
9
43
9
93
17
59
14
26
9
94
9
94
9
99
9
34
15
87
9
99
9
14
16
28
9
64
9
94
9
14
16
28
9
74
9
44
9
14
13
85
13
25
9
63
12
24
9
34
13
85
9
14
13
55
9
94
9
14
9
34
16
58
9
74
11
83
14
56
9
94
9
64
9
34
9
74
0
0
9
99
14
86
16
88
9
99
9
64
13
25
14
86
9
94
14
86
9
44
13
85
13
85
9
74
14
26
13
25
9
64
12
54
9
34
9
14
14
26
9
34
9
14
12
54
9
44
12
54
9
99
9
94
16
58
9
74
12
54
15
27
16
28
9
94
14
56
14
26
0
40
9
64
9
94
9
74
17
59
9
14
13
55
9
94
9
74
9
99
9
34
14
86
16
28
9
64
9
74
9
33
9
13
13
55
11
83
9
34
16
88
9
63
9
44
9
94
9
74
9
14
9
64
9
64
9
74
9
34
9
99
9
64
13
55
9
94
9
99
9
64
9
34
14
26
9
63
9
99
9
64
13
85
17
59
9
99
9
64
14
56
9
64
11
53
13
25
9
13
9
14
17
89
14
26
13
85
9
94
14
56
9
94
16
28
9
14
9
14
9
64
9
94
15
87
9
44
9
43
11
53
9
34
9
94
9
44
9
64
9
64
9
63
9
44
9
99
9
14
9
34
9
44
16
28
14
56
14
26
9
64
9
99
11
53
9
94
9
99
9
34
9
99
9
34
9
44
14
86
9
64
9
44
15
27
9
44
9
99
12
54
9
44
15
87
9
74
9
99
9
64
9
94
9
74
9
44
9
34
9
13
9
14
9
44
12
84
13
25
13
85
9
94
9
74
14
56
16
88
9
64
9
99
14
56
13
55
9
34
12
24
16
28
9
64
9
74
14
56
9
44
12
24
9
74
9
34
9
64
13
25
9
99
0
30
9
43
9
94
16
28
12
84
13
55
9
44
11
53
13
85
9
43
9
14
9
74
9
63
9
94
9
14
17
59
9
14
16
88
9
99
0
90
14
26
16
28
9
94
14
86
9
99
9
14
9
99
17
29
9
94
9
34
9
99
9
14
13
85
9
64
9
34
9
63
9
99
13
85
15
87
9
44
17
59
14
86
13
25
16
58
9
33
13
55
17
89
9
99
9
33
15
27
9
74
9
99
12
84
9
44
9
94
12
84
0
90
1
29
14
56
0
0
9
34
9
74
9
67
3
69
9
74
9
13
12
24
9
99
9
64
9
94
9
44
1
9
9
44
9
99
9
44
14
26
9
99
9
14
9
14
9
99
9
63
12
24
9
99
9
64
13
85
9
64
9
14
9
94
13
55
9
14
13
55
9
74
9
64
9
14
9
64
9
94
13
85
9
74
9
74
9
34
9
93
9
99
9
93
9
99
9
99
9
64
1
69
9
94
9
64
9
74
11
53
9
63
13
85
14
86
9
99
9
64
14
56
1
89
11
23
9
94
9
44
9
94
13
85
9
74
15
27
9
64
9
94
9
74
14
86
0
20
9
74
9
99
4
89
15
57
14
26
12
24
9
74
9
14
9
74
16
28
14
56
9
99
0
90
15
57
9
34
0
70
9
34
13
25
9
64
15
57
14
26
9
44
9
34
9
94
14
56
9
14
14
26
9
34
9
74
14
56
9
44
9
74
9
44
15
57
9
64
9
64
15
87
9
64
9
64
14
56
13
25
9
64
9
44
9
63
9
14
9
14
14
56
9
99
9
99
15
27
9
34
14
56
9
14
9
99
9
74
17
29
14
56
9
64
9
44
13
55
9
44
17
59
15
57
9
44
14
56
9
44
9
94
9
44
9
13
9
94
13
85
9
14
15
57
9
44
4
63
15
87
9
94
14
56
15
87
11
23
9
64
9
64
9
14
9
63
16
58
9
64
9
99
9
43
9
94
9
34
9
41
9
64
0
60
9
74
16
58
9
64
9
44
9
14
9
63
9
44
9
44
9
74
9
94
9
74
9
74
9
64
14
56
9
14
9
14
9
14
9
94
9
99
9
64
9
64
9
99
9
44
14
86
0
10
15
87
9
14
9
14
9
64
9
99
9
73
15
87
9
74
9
34
9
44
9
64
9
44
9
33
9
74
9
99
13
55
9
34
11
83
13
25
9
99
15
27
9
43
9
44
9
42
9
99
9
74
9
44
9
74
14
86
9
14
12
24
9
99
9
99
16
58
0
10
12
24
12
24
9
94
9
64
16
28
9
14
9
43
13
55
9
44
9
74
9
94
13
25
9
34
9
34
9
34
9
74
9
34
9
64
9
34
9
34
9
64
9
44
14
56
17
29
9
34
15
87
9
94
11
83
9
72
14
26
2
89
9
14
9
64
9
34
15
87
9
99
9
64
1
29
15
87
0
70
9
34
9
13
15
87
9
94
9
74
1
29
9
34
9
99
15
87
9
44
9
94
9
34
0
0
14
86
14
56
9
94
13
25
9
14
9
34
15
22
9
74
9
64
0
30
4
19
0
70
9
14
4
89
13
25
9
44
9
88
9
44
11
53
16
58
13
55
9
64
9
13
9
99
0
30
9
44
9
74
9
74
16
28
9
44
9
74
9
64
9
34
11
23
15
57
13
55
9
99
9
44
9
94
9
94
14
26
9
64
0
90
9
63
9
64
9
94
9
33
9
34
9
99
3
9
9
44
12
24
0
10
9
74
9
64
9
94
9
34
4
29
9
34
9
99
9
99
13
85
13
25
11
23
9
94
9
64
0
90
13
25
13
55
9
74
14
56
9
74
9
74
13
85
15
27
9
74
9
74
9
14
14
86
9
44
1
29
14
26
13
25
9
99
9
94
9
99
9
74
3
29
9
99
9
99
14
86
9
94
13
25
9
74
9
14
9
14
0
59
9
74
13
85
9
44
9
64
9
99
9
34
9
74
9
14
9
74
9
64
9
99
14
56
9
99
9
99
9
94
9
44
9
94
9
63
9
64
9
94
14
86
14
86
14
56
9
34
9
64
9
44
9
44
9
94
9
74
9
64
9
99
9
74
9
44
9
94
9
74
15
57
9
99
16
28
4
35
9
94
1
79
9
94
9
64
9
64
9
78
13
85
12
84
15
81
9
74
9
74
9
94
9
94
9
74
13
85
9
64
17
59
9
64
12
24
9
34
9
14
0
90
13
55
9
34
9
74
9
99
9
99
9
74
9
74
9
34
9
64
0
63
9
94
14
86
9
64
9
74
9
74
9
64
9
99
9
74
9
44
9
74
9
74
15
57
9
34
13
55
9
34
9
99
9
74
9
99
9
14
9
64
9
44
14
86
11
53
9
33
9
99
9
64
9
94
9
94
9
94
9
99
9
14
8
55
9
63
14
26
14
26
9
99
9
34
0
17
0
59
16
58
9
94
16
28
14
56
9
74
9
14
12
54
14
86
16
88
9
74
9
43
9
74
9
74
16
58
0
30
3
69
14
56
9
44
9
44
9
74
0
95
3
69
9
44
9
64
9
74
9
74
13
25
9
14
17
59
0
89
14
86
9
14
9
44
9
74
12
84
13
85
9
94
9
64
9
99
14
56
9
99
9
74
9
99
9
14
13
25
9
43
11
23
15
87
9
34
9
34
9
99
9
34
14
56
9
33
0
40
14
26
9
94
9
64
9
74
9
94
9
14
9
14
9
99
9
99
9
94
15
87
9
64
9
34
9
34
9
34
9
74
9
33
9
14
8
65
14
86
9
64
17
89
9
34
13
55
9
44
9
94
16
88
9
64
9
94
9
43
9
74
9
44
9
74
11
23
14
86
12
54
9
64
9
99
9
94
9
64
14
56
9
99
11
83
9
34
9
94
9
99
13
25
9
94
9
44
13
85
9
94
9
63
0
60
9
44
9
14
9
99
9
64
9
74
9
73
9
34
13
25
9
34
9
74
9
99
12
84
9
99
9
99
9
34
9
64
9
64
9
34
13
55
14
56
9
14
9
44
9
99
9
99
9
74
9
14
16
28
9
14
13
85
13
55
9
34
0
80
17
59
9
74
9
14
14
86
9
64
9
64
9
43
11
53
9
64
9
99
0
80
9
14
2
39
9
94
9
93
13
25
16
58
15
57
12
54
9
99
9
34
14
26
14
56
4
89
9
34
15
27
9
99
14
56
9
14
9
64
13
85
9
14
14
26
17
89
1
69
9
64
9
34
9
64
9
14
14
26
4
89
9
99
9
34
9
43
9
64
9
94
9
26
15
87
9
99
9
94
13
85
9
94
11
23
9
99
9
44
13
85
9
99
9
74
17
29
15
87
9
64
3
9
9
64
9
94
15
27
14
56
9
34
9
99
15
27
15
87
14
86
9
74
9
14
12
54
9
99
9
74
9
34
9
14
15
27
0
60
9
34
0
84
9
14
9
94
9
99
16
58
9
44
9
99
15
87
