3
11
1
24
4
56
2
68
1
69
0
50
3
25
4
39
3
25
3
32
1
91
2
69
4
91
1
96
4
13
2
27
4
34
3
59
1
35
3
31
5
59
4
53
1
31
2
81
5
48
2
17
2
89
3
87
4
99
3
26
5
75
3
99
4
2
4
18
4
56
4
85
3
6
4
19
3
62
4
39
4
9
1
75
1
16
4
51
2
12
4
27
1
79
2
2
2
43
5
88
2
9
1
29
4
47
2
63
2
71
3
44
2
82
4
55
1
23
1
67
0
0
5
97
2
79
4
76
5
98
4
54
2
13
2
77
5
87
3
74
1
37
1
79
4
73
2
69
2
17
4
13
3
52
4
42
4
22
2
5
2
15
3
26
4
8
1
42
2
34
3
42
3
94
5
85
4
46
5
69
3
42
5
15
4
17
3
89
5
44
2
19
0
40
4
55
5
83
3
68
5
49
3
5
1
49
2
86
2
64
2
97
4
28
4
74
4
19
2
59
3
69
3
21
4
1
1
44
3
71
5
29
4
77
1
51
5
39
2
89
4
69
5
3
3
55
2
54
4
64
5
22
4
94
5
56
1
45
4
85
4
95
3
58
2
27
3
14
1
51
2
99
5
55
1
74
5
48
5
92
1
58
2
47
5
59
1
41
1
16
4
1
5
4
5
79
2
15
1
76
1
85
5
44
5
86
4
17
5
6
4
9
2
53
3
83
4
75
3
33
4
31
2
41
1
27
2
83
5
37
5
59
2
53
4
51
3
39
2
99
5
3
2
24
2
34
4
18
2
44
2
17
5
59
4
91
3
41
2
85
2
98
2
28
3
98
2
24
5
39
2
79
2
53
2
36
3
18
5
35
4
93
1
42
4
36
3
77
1
69
2
99
4
59
5
86
3
69
1
34
3
26
4
1
1
4
2
33
4
72
1
15
1
76
3
85
4
66
4
44
4
78
5
58
3
96
5
44
1
43
4
28
3
12
5
16
4
53
3
68
2
48
1
38
5
12
1
64
3
23
1
56
1
17
5
99
0
30
4
31
1
87
5
16
3
72
3
43
1
36
4
41
1
74
2
31
4
4
5
63
3
51
1
89
3
5
5
47
5
9
4
76
5
93
0
90
3
14
5
16
4
85
2
76
2
99
3
9
3
93
5
19
2
89
3
27
4
98
2
6
1
75
4
53
1
29
3
51
3
95
3
73
3
78
2
36
5
49
2
79
1
16
4
47
2
21
1
49
5
79
3
93
3
21
3
15
4
62
5
99
2
72
4
39
2
86
3
72
0
90
1
23
2
44
0
0
5
26
3
63
5
67
3
63
4
68
3
1
1
12
4
97
5
56
1
86
1
37
1
9
2
33
4
92
5
37
2
14
1
96
1
9
2
3
3
94
1
51
1
12
4
94
1
59
1
79
4
52
4
9
2
89
1
47
3
3
1
43
1
69
3
57
2
7
4
53
4
87
1
74
2
66
1
69
2
22
2
81
1
98
1
81
2
95
1
96
2
56
1
63
3
83
3
56
3
66
1
41
3
51
1
79
3
74
2
94
1
54
3
44
1
87
3
11
5
85
5
34
3
89
1
73
2
69
5
15
5
55
1
85
2
68
2
76
0
20
4
65
2
95
4
84
4
45
4
14
4
12
5
69
3
4
2
63
4
19
5
44
1
93
0
90
3
49
4
25
0
70
5
27
1
13
4
55
3
48
2
15
5
39
4
22
4
84
2
48
4
4
2
15
4
22
2
63
2
49
4
39
4
68
3
32
3
49
5
59
5
52
3
79
3
55
3
54
5
44
2
13
2
58
3
38
2
51
1
2
4
8
2
48
2
98
3
97
5
15
4
28
2
48
2
3
3
99
3
64
5
19
2
44
5
52
2
32
1
47
3
32
5
47
3
49
1
37
2
46
3
39
3
89
4
39
1
1
1
87
1
76
1
7
3
46
1
34
4
63
5
75
5
89
2
44
3
78
3
11
4
59
1
53
4
5
3
51
4
49
4
53
4
91
4
31
2
86
3
29
5
41
2
53
0
60
4
69
4
46
4
55
1
39
4
2
2
51
4
39
3
37
2
69
3
85
5
67
1
65
3
57
5
44
1
7
1
9
1
9
1
85
3
95
2
53
2
54
3
93
1
37
4
74
0
10
3
77
2
7
1
5
4
54
4
99
1
61
3
78
1
62
1
29
1
39
2
58
4
38
4
21
1
69
4
96
1
44
4
28
4
71
4
13
3
99
3
19
3
31
4
34
4
42
3
94
5
64
2
35
4
66
2
76
4
9
3
12
1
92
5
99
4
49
0
10
2
12
4
12
3
85
4
56
4
16
1
9
3
31
1
45
1
32
1
69
2
89
1
19
3
29
1
26
3
28
1
69
5
22
2
53
2
23
3
28
3
55
1
35
2
46
5
18
4
26
5
75
1
84
3
71
4
72
4
14
2
85
2
9
1
53
3
29
3
75
4
98
5
56
1
21
3
79
0
70
3
24
2
1
3
77
1
82
2
64
1
22
1
23
4
99
3
75
1
38
1
82
1
28
0
0
5
74
2
49
4
83
1
16
4
5
2
24
3
22
1
69
3
57
0
30
4
17
0
70
4
5
4
89
1
19
1
34
4
88
2
37
4
41
4
49
1
43
4
59
1
1
3
91
0
30
5
39
3
66
4
68
4
19
1
39
4
62
5
53
4
28
3
11
3
46
1
43
4
94
5
36
2
89
4
89
2
18
3
53
0
90
3
51
5
52
3
88
2
21
2
22
3
93
3
4
5
34
2
12
0
10
2
65
1
54
3
84
2
24
4
28
5
23
2
99
4
91
3
73
2
13
4
11
5
82
1
58
0
90
3
13
1
44
1
66
2
48
1
69
4
67
1
79
4
15
2
69
2
67
4
9
2
74
3
39
1
29
2
19
1
18
3
98
4
84
1
92
3
68
3
23
1
97
2
96
2
74
3
87
4
13
3
65
2
8
4
9
0
57
5
65
2
73
5
37
4
59
3
93
5
23
4
66
2
7
4
66
5
58
3
98
2
49
2
94
3
97
3
88
1
38
1
82
2
51
1
57
5
85
2
75
2
77
3
44
1
23
2
53
4
38
4
35
3
87
1
67
4
53
5
96
1
68
4
37
3
86
1
69
3
48
2
97
4
17
4
35
3
88
1
77
1
84
4
53
5
59
2
78
4
73
4
72
3
81
3
63
5
69
1
86
3
87
1
64
1
78
2
57
5
48
1
54
1
12
4
25
5
8
0
90
4
43
2
23
1
68
5
98
5
93
1
66
4
63
3
23
4
59
0
63
5
88
2
78
4
53
2
65
2
68
1
52
2
98
3
64
5
35
3
62
4
69
5
45
4
23
5
43
2
22
1
97
1
65
4
96
4
5
5
57
2
34
2
74
1
41
2
21
4
93
5
55
1
85
4
85
5
83
4
98
1
9
4
55
3
51
4
14
2
18
2
91
1
28
0
17
0
59
5
46
3
88
5
16
2
49
5
66
2
8
1
42
5
74
4
79
2
64
2
31
2
69
1
63
4
49
0
30
3
69
2
47
4
39
4
34
4
68
0
95
3
68
2
37
2
53
1
63
5
63
5
13
4
6
5
49
3
84
2
79
1
3
3
37
1
66
3
72
2
73
4
84
2
58
3
97
2
48
3
97
2
69
4
99
2
5
1
13
2
31
2
11
3
78
4
29
2
22
2
97
2
23
2
47
1
21
0
40
2
17
4
82
5
59
1
63
1
82
1
9
2
7
2
94
5
95
1
87
3
79
2
56
3
29
5
29
2
25
1
66
2
21
5
9
1
65
2
78
3
56
5
79
5
29
2
43
2
34
2
89
4
76
1
55
1
83
4
31
3
66
3
34
2
69
1
11
2
74
2
42
4
57
1
92
2
88
4
52
2
45
5
99
2
71
4
28
1
86
3
94
1
14
3
86
2
38
3
73
2
89
4
51
0
60
3
35
1
9
1
95
5
55
4
65
2
61
3
22
1
16
4
25
5
66
3
99
5
72
5
95
2
99
5
25
3
54
1
58
3
23
3
43
4
44
4
9
5
36
2
94
5
99
1
66
2
4
5
16
3
8
1
76
1
43
2
25
0
80
5
48
3
68
3
8
2
74
4
59
3
58
1
31
3
41
4
56
5
99
0
80
4
6
2
38
2
89
1
81
1
15
4
48
5
45
5
42
4
91
5
22
2
17
3
44
4
89
5
29
4
15
1
99
2
47
3
7
2
57
3
73
5
5
5
14
5
79
1
64
5
59
5
22
4
52
1
6
2
19
4
87
4
99
5
29
4
31
2
59
1
84
2
26
3
79
3
96
5
89
1
79
4
83
4
11
1
97
3
37
1
73
3
98
4
62
5
17
3
78
5
55
3
7
5
54
3
84
3
16
2
44
1
26
5
96
4
15
5
75
2
76
2
66
5
3
1
42
4
93
3
69
3
24
4
7
5
15
0
60
2
27
0
84
2
6
2
89
3
99
5
46
2
38
4
99
3
75
