8
16
6
29
9
61
7
69
6
69
0
50
8
30
9
41
8
30
8
37
6
96
7
69
8
96
6
99
9
18
7
29
9
39
8
60
6
39
8
36
9
62
9
58
6
36
7
86
10
52
7
19
7
89
8
90
9
99
8
30
9
80
8
99
9
7
9
21
9
61
9
90
8
10
9
21
8
67
9
41
9
11
6
79
6
19
8
56
7
17
9
31
6
79
7
7
7
48
9
92
7
9
6
29
9
51
7
68
7
76
8
49
7
87
9
60
6
28
6
69
0
0
9
99
7
79
9
81
9
99
9
59
7
18
7
79
9
92
8
79
6
39
6
79
9
78
7
69
7
19
9
18
8
57
9
47
9
27
7
9
7
19
8
30
9
11
6
47
7
39
8
47
8
99
9
90
9
51
9
72
8
47
9
20
9
21
8
90
9
49
7
19
0
40
9
60
9
88
8
70
10
52
8
10
6
49
7
89
7
69
7
99
9
31
9
79
9
21
7
59
8
70
8
26
8
6
6
49
8
76
9
32
9
81
6
56
9
42
7
89
9
71
9
8
8
60
7
59
9
69
9
27
9
99
9
61
6
49
9
90
9
99
8
60
7
29
8
19
6
56
7
99
9
60
6
79
10
52
9
97
6
59
7
49
9
62
6
46
6
19
8
6
9
9
10
82
7
19
6
79
6
89
9
49
9
91
9
21
9
11
9
11
7
58
8
88
9
80
8
38
8
36
7
46
6
29
7
88
9
42
9
62
7
58
8
56
8
40
7
99
9
8
7
29
7
39
9
21
7
49
7
19
9
62
8
96
8
46
7
89
7
99
7
29
8
99
7
29
9
42
7
79
7
58
7
39
8
20
9
40
9
98
6
47
9
41
8
80
6
69
7
99
9
61
9
91
8
70
6
39
8
30
8
6
6
9
7
38
9
77
6
19
6
79
8
90
9
71
9
49
9
81
9
62
8
99
9
49
6
48
9
31
8
17
9
21
9
58
8
70
7
49
6
39
9
17
6
69
8
28
6
59
6
19
9
99
0
30
8
36
6
89
9
21
8
77
8
48
6
39
8
46
6
79
7
36
9
9
9
68
8
56
6
89
8
10
10
52
9
12
9
81
9
98
0
90
8
19
9
21
9
90
7
79
7
99
8
10
8
98
10
22
7
89
8
30
9
99
7
9
6
79
9
58
6
29
8
56
8
99
8
78
8
80
7
39
10
52
7
79
6
19
9
51
7
26
6
49
10
82
8
98
8
26
8
20
9
67
9
99
7
77
9
41
7
89
8
77
0
90
1
28
7
49
0
0
9
31
8
68
9
67
3
68
9
71
8
6
6
17
9
99
9
61
6
89
6
39
1
9
7
38
9
97
9
42
7
19
6
99
6
9
7
8
8
99
6
56
6
17
9
99
6
59
6
79
9
57
9
11
7
89
6
49
8
8
6
48
6
69
8
60
7
9
9
58
9
91
6
79
7
69
6
69
7
27
7
86
6
99
6
86
7
99
6
99
7
59
1
68
8
88
8
60
8
70
6
46
8
56
6
79
8
79
7
99
6
59
8
49
1
89
8
16
9
90
9
39
8
90
6
78
7
69
9
20
9
60
6
89
7
69
7
79
0
20
9
70
7
99
4
89
9
50
9
19
9
17
9
72
8
9
7
68
9
21
9
49
6
98
0
90
8
50
9
30
0
70
9
32
6
18
9
60
8
50
7
19
9
42
9
27
9
89
7
49
9
9
7
19
9
27
7
68
7
49
9
41
9
71
8
37
8
50
9
62
9
57
8
80
8
60
8
59
9
49
7
18
7
59
8
40
7
56
6
7
9
11
7
49
7
99
8
99
9
20
9
31
7
49
7
8
8
99
8
69
10
22
7
49
9
57
7
37
6
49
8
37
10
52
8
50
6
39
7
49
8
40
8
90
9
41
6
6
6
89
6
79
6
9
8
50
6
39
4
63
9
80
9
92
7
49
8
80
8
16
9
61
6
58
9
10
8
56
9
51
9
58
8
96
8
36
7
89
8
30
9
41
7
58
0
60
9
71
9
51
9
60
6
39
9
7
7
56
9
41
8
40
7
69
8
90
9
72
6
69
8
60
9
49
6
9
6
9
6
9
6
89
8
99
7
58
7
59
8
98
6
39
9
79
0
10
8
80
7
9
6
9
9
59
9
99
6
66
8
80
6
67
6
29
6
39
7
59
9
41
8
26
6
69
9
99
6
49
9
31
8
76
9
18
8
99
8
20
8
36
9
39
9
42
8
99
9
69
7
39
9
71
7
79
9
11
8
17
6
97
9
99
9
51
0
10
7
17
9
17
8
90
9
61
9
21
6
9
8
36
6
49
6
37
6
69
7
89
6
19
8
30
6
29
8
30
6
69
9
27
7
58
7
28
8
30
8
60
6
39
7
49
10
22
9
31
9
80
6
89
8
76
9
72
9
19
2
89
7
9
6
58
8
30
8
80
9
99
9
61
1
26
8
80
0
70
8
29
7
6
8
80
6
87
7
69
1
27
6
28
9
99
8
80
6
39
6
87
6
29
0
0
9
79
7
49
9
88
6
19
9
10
7
29
8
22
6
69
8
60
0
30
4
19
0
70
9
10
4
89
6
19
6
39
9
88
7
39
8
46
9
51
6
48
9
61
6
6
8
96
0
30
9
42
8
70
9
71
9
21
6
39
9
67
9
58
9
31
8
16
8
50
6
48
9
99
9
41
7
89
9
91
7
19
8
58
0
90
8
56
9
57
8
90
7
26
7
27
8
98
3
9
9
39
7
17
0
10
7
69
6
59
8
89
7
29
4
29
9
28
7
99
8
96
8
78
7
18
8
16
9
87
6
59
0
90
8
18
6
49
6
69
7
49
6
69
9
71
6
79
9
20
7
69
7
69
9
11
7
79
8
40
1
29
7
19
6
19
8
99
9
89
6
97
8
70
3
28
6
99
7
99
7
79
8
90
9
18
8
70
7
9
9
11
0
59
9
70
7
78
9
42
9
61
8
98
9
28
9
71
7
9
9
71
9
62
8
99
7
49
7
99
8
99
8
90
6
39
6
87
7
56
6
59
9
90
7
79
7
79
8
49
6
28
7
58
9
41
9
40
8
90
6
69
9
58
9
99
6
69
9
41
8
90
6
69
8
50
7
99
9
21
4
35
8
90
1
79
6
89
9
58
9
62
7
78
9
78
9
77
8
81
8
68
9
72
6
89
8
90
6
69
6
79
7
59
10
52
6
59
6
17
9
30
9
12
0
90
9
48
7
28
6
69
9
99
9
98
6
69
9
68
8
28
9
61
0
63
9
92
7
79
9
58
7
69
7
69
6
57
7
99
8
69
9
40
8
67
9
71
9
50
9
28
9
48
7
27
6
99
6
69
9
99
9
10
9
62
7
39
7
79
6
46
7
26
9
98
9
60
6
89
9
90
9
88
9
99
6
9
8
55
8
56
9
19
7
19
7
96
6
29
0
17
0
59
9
51
8
90
9
21
7
49
9
71
7
9
6
47
9
79
9
81
7
69
7
36
7
69
6
68
9
51
0
30
3
69
7
49
9
41
9
39
9
71
0
95
3
69
7
39
7
58
6
68
9
68
9
18
9
11
10
52
0
89
7
79
6
8
8
40
6
69
8
77
7
78
9
89
7
59
8
99
7
49
8
99
7
69
9
99
7
9
6
18
7
36
7
16
8
80
9
31
7
27
7
99
7
28
7
49
6
26
0
40
7
19
9
87
9
62
6
68
6
87
6
9
7
9
7
99
9
99
6
89
8
80
7
59
8
30
9
32
7
29
6
69
7
26
9
12
6
65
7
79
8
60
10
82
9
32
7
48
7
39
7
89
9
81
6
59
6
88
8
36
8
70
8
39
7
69
6
16
7
79
7
47
9
61
6
97
7
89
9
57
7
49
9
99
7
76
9
31
6
89
8
99
6
19
8
90
7
39
8
78
7
89
8
56
0
60
8
40
6
9
6
99
9
60
9
70
7
66
8
27
6
19
9
30
9
71
8
99
9
77
9
99
7
99
9
30
8
59
6
59
8
28
8
48
9
49
9
11
9
41
7
99
9
99
6
69
7
9
9
21
8
10
6
79
6
48
7
29
0
80
10
52
8
70
8
10
7
79
9
61
8
60
6
36
8
46
9
61
9
99
0
80
9
11
2
39
7
89
6
86
6
19
9
51
9
50
9
47
8
96
9
27
7
19
8
49
4
89
9
32
9
20
6
99
7
49
8
10
7
59
8
78
9
10
9
19
10
82
1
69
9
62
9
27
9
57
6
9
7
19
4
89
9
99
9
32
8
36
7
59
6
89
7
26
8
80
8
99
9
92
6
79
9
88
8
16
6
99
8
40
6
78
8
99
9
67
10
22
8
80
9
60
3
9
9
59
8
89
8
20
7
49
6
29
9
99
9
20
9
80
7
79
7
69
9
8
6
47
9
98
8
70
8
29
9
11
9
20
0
60
7
29
0
84
7
9
7
89
8
99
9
51
7
39
9
99
8
80
