19
31
9
34
9
64
9
74
9
74
0
50
9
34
9
44
9
34
9
44
9
99
9
74
9
99
9
99
19
33
9
34
9
44
9
64
9
44
9
44
9
64
9
64
9
44
9
94
19
64
19
34
9
94
9
94
9
99
9
34
19
94
9
99
9
14
19
34
9
64
9
94
9
14
19
34
9
74
9
44
9
14
19
93
19
33
9
64
19
32
9
34
19
93
9
14
19
63
9
94
9
14
9
34
19
64
9
74
19
91
19
64
9
94
9
64
9
34
9
74
0
0
9
99
19
94
19
94
9
99
9
64
19
33
19
94
9
94
19
94
9
44
19
93
19
93
9
74
19
34
19
33
9
64
19
62
9
34
9
14
19
34
9
34
9
14
19
62
9
44
19
62
9
99
9
94
19
64
9
74
19
62
19
34
19
34
9
94
19
64
19
34
0
40
9
64
9
94
9
74
19
64
9
14
19
63
9
94
9
74
9
99
9
34
19
94
19
34
9
64
9
74
9
34
9
14
19
63
19
91
9
34
19
94
9
64
9
44
9
94
9
74
9
14
9
64
9
64
9
74
9
34
9
99
9
64
19
63
9
94
9
99
9
64
9
34
19
34
9
64
9
99
9
64
19
93
19
64
9
99
9
64
19
64
9
64
19
61
19
33
9
14
9
14
19
94
19
34
19
93
9
94
19
64
9
94
19
34
9
14
9
14
9
64
9
94
19
94
9
44
9
44
19
61
9
34
9
94
9
44
9
64
9
64
9
64
9
44
9
99
9
14
9
34
9
44
19
34
19
64
19
34
9
64
9
99
19
61
9
94
9
99
9
34
9
99
9
34
9
44
19
94
9
64
9
44
19
34
9
44
9
99
19
62
9
44
19
94
9
74
9
99
9
64
9
94
9
74
9
44
9
34
9
14
9
14
9
44
19
92
19
33
19
93
9
94
9
74
19
64
19
94
9
64
9
99
19
64
19
63
9
34
19
32
19
34
9
64
9
74
19
64
9
44
19
32
9
74
9
34
9
64
19
33
9
99
0
30
9
44
9
94
19
34
19
92
19
63
9
44
19
61
19
93
9
44
9
14
9
74
9
64
9
94
9
14
19
64
9
14
19
94
9
99
0
90
19
34
19
34
9
94
19
94
9
99
9
14
9
99
19
34
9
94
9
34
9
99
9
14
19
93
9
64
9
34
9
64
9
99
19
93
19
94
9
44
19
64
19
94
19
33
19
64
9
34
19
63
19
94
9
99
9
34
19
34
9
74
9
99
19
92
9
44
9
94
19
92
0
90
1
29
19
64
0
0
9
34
9
74
9
67
3
69
9
74
9
14
19
32
9
99
9
64
9
94
9
44
1
9
9
44
9
99
9
44
19
34
9
99
9
14
9
14
9
99
9
64
19
32
9
99
9
64
19
93
9
64
9
14
9
94
19
63
9
14
19
63
9
74
9
64
9
14
9
64
9
94
19
93
9
74
9
74
9
34
9
94
9
99
9
94
9
99
9
99
9
64
1
69
9
94
9
64
9
74
19
61
9
64
19
93
19
94
9
99
9
64
19
64
1
89
19
31
9
94
9
44
9
94
19
93
9
74
19
34
9
64
9
94
9
74
19
94
0
20
9
74
9
99
4
89
19
64
19
34
19
32
9
74
9
14
9
74
19
34
19
64
9
99
0
90
19
64
9
34
0
70
9
34
19
33
9
64
19
64
19
34
9
44
9
34
9
94
19
64
9
14
19
34
9
34
9
74
19
64
9
44
9
74
9
44
19
64
9
64
9
64
19
94
9
64
9
64
19
64
19
33
9
64
9
44
9
64
9
14
9
14
19
64
9
99
9
99
19
34
9
34
19
64
9
14
9
99
9
74
19
34
19
64
9
64
9
44
19
63
9
44
19
64
19
64
9
44
19
64
9
44
9
94
9
44
9
14
9
94
19
93
9
14
19
64
9
44
4
63
19
94
9
94
19
64
19
94
19
31
9
64
9
64
9
14
9
64
19
64
9
64
9
99
9
44
9
94
9
34
9
41
9
64
0
60
9
74
19
64
9
64
9
44
9
14
9
64
9
44
9
44
9
74
9
94
9
74
9
74
9
64
19
64
9
14
9
14
9
14
9
94
9
99
9
64
9
64
9
99
9
44
19
94
0
10
19
94
9
14
9
14
9
64
9
99
9
74
19
94
9
74
9
34
9
44
9
64
9
44
9
34
9
74
9
99
19
63
9
34
19
91
19
33
9
99
19
34
9
44
9
44
9
42
9
99
9
74
9
44
9
74
19
94
9
14
19
32
9
99
9
99
19
64
0
10
19
32
19
32
9
94
9
64
19
34
9
14
9
44
19
63
9
44
9
74
9
94
19
33
9
34
9
34
9
34
9
74
9
34
9
64
9
34
9
34
9
64
9
44
19
64
19
34
9
34
19
94
9
94
19
91
9
72
19
34
2
89
9
14
9
64
9
34
19
94
9
99
9
64
1
29
19
94
0
70
9
34
9
14
19
94
9
94
9
74
1
29
9
34
9
99
19
94
9
44
9
94
9
34
0
0
19
94
19
64
9
94
19
33
9
14
9
34
19
22
9
74
9
64
0
30
4
19
0
70
9
14
4
89
19
33
9
44
9
88
9
44
19
61
19
64
19
63
9
64
9
14
9
99
0
30
9
44
9
74
9
74
19
34
9
44
9
74
9
64
9
34
19
31
19
64
19
63
9
99
9
44
9
94
9
94
19
34
9
64
0
90
9
64
9
64
9
94
9
34
9
34
9
99
3
9
9
44
19
32
0
10
9
74
9
64
9
94
9
34
4
29
9
34
9
99
9
99
19
93
19
33
19
31
9
94
9
64
0
90
19
33
19
63
9
74
19
64
9
74
9
74
19
93
19
34
9
74
9
74
9
14
19
94
9
44
1
29
19
34
19
33
9
99
9
94
9
99
9
74
3
29
9
99
9
99
19
94
9
94
19
33
9
74
9
14
9
14
0
59
9
74
19
93
9
44
9
64
9
99
9
34
9
74
9
14
9
74
9
64
9
99
19
64
9
99
9
99
9
94
9
44
9
94
9
64
9
64
9
94
19
94
19
94
19
64
9
34
9
64
9
44
9
44
9
94
9
74
9
64
9
99
9
74
9
44
9
94
9
74
19
64
9
99
19
34
4
35
9
94
1
79
9
94
9
64
9
64
9
78
19
93
19
92
19
81
9
74
9
74
9
94
9
94
9
74
19
93
9
64
19
64
9
64
19
32
9
34
9
14
0
90
19
63
9
34
9
74
9
99
9
99
9
74
9
74
9
34
9
64
0
63
9
94
19
94
9
64
9
74
9
74
9
64
9
99
9
74
9
44
9
74
9
74
19
64
9
34
19
63
9
34
9
99
9
74
9
99
9
14
9
64
9
44
19
94
19
61
9
34
9
99
9
64
9
94
9
94
9
94
9
99
9
14
8
55
9
64
19
34
19
34
9
99
9
34
0
17
0
59
19
64
9
94
19
34
19
64
9
74
9
14
19
62
19
94
19
94
9
74
9
44
9
74
9
74
19
64
0
30
3
69
19
64
9
44
9
44
9
74
0
95
3
69
9
44
9
64
9
74
9
74
19
33
9
14
19
64
0
89
19
94
9
14
9
44
9
74
19
92
19
93
9
94
9
64
9
99
19
64
9
99
9
74
9
99
9
14
19
33
9
44
19
31
19
94
9
34
9
34
9
99
9
34
19
64
9
34
0
40
19
34
9
94
9
64
9
74
9
94
9
14
9
14
9
99
9
99
9
94
19
94
9
64
9
34
9
34
9
34
9
74
9
34
9
14
8
65
19
94
9
64
19
94
9
34
19
63
9
44
9
94
19
94
9
64
9
94
9
44
9
74
9
44
9
74
19
31
19
94
19
62
9
64
9
99
9
94
9
64
19
64
9
99
19
91
9
34
9
94
9
99
19
33
9
94
9
44
19
93
9
94
9
64
0
60
9
44
9
14
9
99
9
64
9
74
9
74
9
34
19
33
9
34
9
74
9
99
19
92
9
99
9
99
9
34
9
64
9
64
9
34
19
63
19
64
9
14
9
44
9
99
9
99
9
74
9
14
19
34
9
14
19
93
19
63
9
34
0
80
19
64
9
74
9
14
19
94
9
64
9
64
9
44
19
61
9
64
9
99
0
80
9
14
2
39
9
94
9
94
19
33
19
64
19
64
19
62
9
99
9
34
19
34
19
64
4
89
9
34
19
34
9
99
19
64
9
14
9
64
19
93
9
14
19
34
19
94
1
69
9
64
9
34
9
64
9
14
19
34
4
89
9
99
9
34
9
44
9
64
9
94
9
26
19
94
9
99
9
94
19
93
9
94
19
31
9
99
9
44
19
93
9
99
9
74
19
34
19
94
9
64
3
9
9
64
9
94
19
34
19
64
9
34
9
99
19
34
19
94
19
94
9
74
9
14
19
62
9
99
9
74
9
34
9
14
19
34
0
60
9
34
0
84
9
14
9
94
9
99
19
64
9
44
9
99
19
94
