3
10
0
23
3
55
1
67
0
69
0
50
2
24
3
38
2
24
2
31
1
90
1
68
4
90
0
95
3
12
1
26
3
33
2
58
0
34
3
30
4
58
3
52
1
30
2
80
4
47
1
16
1
89
2
86
3
99
2
25
4
74
2
98
3
1
3
17
3
55
3
84
2
5
3
18
2
61
3
38
3
9
0
74
0
15
4
50
1
11
3
26
0
78
1
1
1
42
4
87
1
8
0
29
3
46
1
62
2
70
2
43
1
81
3
54
0
22
0
66
0
0
4
96
1
79
3
75
4
97
3
53
1
12
1
76
4
86
2
73
0
36
0
78
3
72
1
69
1
16
3
12
2
51
3
41
3
21
1
4
1
14
2
25
3
7
0
41
1
33
2
41
2
93
4
84
3
45
4
69
2
41
4
14
3
16
2
89
4
43
1
18
0
40
3
54
4
82
2
67
4
48
2
4
0
48
1
85
1
63
1
96
3
27
3
73
3
19
1
59
2
69
3
20
4
0
0
43
3
70
4
28
3
76
1
50
4
39
1
89
3
68
4
2
2
54
1
53
3
63
4
21
3
93
4
55
0
44
3
84
3
94
2
57
1
26
2
13
1
50
1
99
4
54
0
73
4
47
4
91
0
57
1
46
4
59
1
40
0
15
4
0
4
3
4
79
1
14
0
75
0
84
4
43
4
85
3
16
4
5
3
8
1
52
2
82
3
74
2
32
4
30
2
40
0
26
1
82
4
36
4
59
1
52
4
50
2
38
1
98
4
2
1
23
1
33
3
17
1
43
1
16
4
59
4
90
3
40
1
84
1
97
1
27
2
97
1
23
4
39
1
78
1
52
1
35
2
17
4
34
3
92
0
41
3
35
2
76
0
69
1
99
3
58
4
85
2
69
0
33
2
25
4
0
0
3
1
32
3
71
0
14
0
75
2
84
3
65
3
43
3
77
4
57
2
95
4
43
0
42
3
27
2
11
4
15
3
52
2
67
1
47
0
37
4
11
0
63
2
22
0
55
0
16
4
98
0
30
4
30
0
86
4
15
2
71
2
42
0
35
4
40
0
73
2
30
3
3
4
62
3
50
0
89
2
4
4
46
4
8
3
75
4
92
0
90
2
13
4
15
3
84
1
75
1
99
2
8
2
92
4
18
1
89
2
26
3
97
1
5
0
74
3
52
0
28
3
50
2
94
2
72
2
77
1
35
4
49
1
78
0
15
3
46
2
20
0
48
4
78
2
92
3
20
2
14
3
61
4
99
1
71
3
38
1
85
2
71
0
90
1
22
1
43
0
0
4
25
2
62
4
67
3
62
3
67
3
0
0
11
3
96
4
55
0
85
0
36
0
8
1
32
3
91
4
36
1
13
0
95
0
8
1
2
2
93
1
50
0
11
3
93
0
58
0
78
3
51
3
9
1
89
0
46
2
2
0
42
0
68
2
56
1
6
3
52
3
86
0
73
1
65
0
68
1
21
2
80
0
97
1
80
1
94
0
95
1
55
1
62
2
82
2
55
2
65
1
40
3
50
0
79
2
73
1
93
0
53
2
43
1
86
3
10
4
84
4
33
2
88
0
72
1
69
4
14
4
54
0
84
1
67
1
75
0
20
3
64
1
94
4
83
3
44
3
13
3
11
4
69
2
3
1
62
3
18
4
43
0
92
0
90
2
49
3
24
0
70
4
26
0
12
3
54
2
47
1
14
4
38
3
21
3
83
1
47
3
3
1
14
3
21
1
62
1
48
3
38
3
67
2
31
2
48
4
58
4
51
2
78
2
54
2
53
4
43
1
12
1
57
2
37
2
50
0
1
3
7
1
47
1
97
2
96
4
14
3
27
1
47
1
2
2
98
2
63
4
18
1
43
4
51
1
31
0
46
2
31
4
46
2
48
0
36
1
45
2
39
2
88
3
38
1
0
0
86
0
75
0
6
2
45
0
33
4
63
4
74
4
89
1
43
2
77
3
10
3
58
0
52
3
4
3
50
3
49
3
52
4
90
4
30
1
85
2
29
4
41
1
52
0
60
3
68
3
45
3
54
0
39
3
1
2
50
3
38
2
36
1
69
2
84
4
66
0
64
2
56
4
43
0
6
0
9
0
9
0
84
2
94
1
52
1
53
2
92
0
36
3
73
0
10
2
76
1
6
0
4
3
53
3
99
1
60
2
77
0
61
0
29
0
38
1
57
3
37
4
20
0
69
3
95
0
43
3
27
4
70
3
12
2
98
2
18
3
30
3
33
3
42
2
93
4
63
1
34
3
65
1
75
3
9
2
11
0
91
4
99
3
49
0
10
1
11
3
11
2
84
3
55
3
15
0
9
3
30
0
44
0
31
0
69
1
88
0
19
2
28
0
25
2
27
0
68
4
21
1
52
1
22
2
27
2
54
0
34
1
45
4
17
3
25
4
74
0
83
3
70
3
72
3
13
2
84
1
9
0
52
2
28
2
74
3
97
4
55
1
20
2
78
0
70
2
23
2
0
2
76
0
81
1
63
0
21
0
22
3
99
2
74
0
37
0
81
0
27
0
0
4
73
1
48
3
82
0
15
3
4
1
23
2
22
0
69
2
56
0
30
4
16
0
70
3
4
3
89
0
19
0
33
3
89
1
36
4
40
3
48
0
42
3
58
1
0
3
90
0
30
4
38
2
65
3
67
3
18
0
39
3
61
4
52
3
27
3
10
2
45
0
42
3
93
4
35
1
89
3
88
1
17
2
52
0
90
3
50
4
51
2
87
2
20
1
21
2
92
3
3
4
33
1
11
0
10
1
64
0
53
2
83
1
23
4
27
4
22
1
98
4
90
2
72
1
12
4
10
4
81
0
57
0
90
2
12
0
43
0
65
1
47
0
69
3
66
0
78
3
14
1
69
1
66
3
9
1
73
2
39
1
28
1
18
0
17
2
97
3
83
0
91
2
67
3
22
0
96
1
95
1
73
2
86
3
12
2
64
1
7
3
8
0
56
4
64
1
72
4
36
3
59
2
92
4
22
3
65
1
6
3
65
4
57
2
97
1
49
1
93
2
96
2
87
0
37
0
81
2
50
0
56
4
84
1
74
1
76
2
43
0
22
1
52
3
37
3
34
2
86
0
66
3
52
4
95
0
67
3
36
2
85
0
68
2
47
1
96
3
16
4
35
2
87
0
76
0
83
3
52
4
58
1
78
3
72
3
71
3
80
2
62
4
68
0
85
2
86
0
63
0
77
1
56
4
47
0
53
0
11
3
24
4
7
0
90
3
42
1
22
0
67
4
97
4
92
0
65
3
62
2
22
3
59
0
63
4
87
1
77
3
52
1
64
1
67
0
51
1
97
2
63
4
34
2
61
3
68
4
44
3
22
4
42
1
21
0
96
0
64
3
95
3
4
4
56
1
33
1
73
1
40
2
20
3
92
4
54
0
84
3
84
4
82
3
97
0
8
3
55
3
50
3
13
1
17
2
90
0
27
0
17
0
58
4
45
2
87
4
15
1
48
4
65
1
7
0
41
4
73
3
79
1
63
2
30
1
69
0
62
3
49
0
30
3
69
1
46
3
38
3
33
3
67
0
95
3
67
1
36
1
52
0
62
4
62
4
12
3
5
4
49
4
83
1
78
0
2
2
36
0
65
2
71
1
72
3
83
1
57
2
96
1
47
2
96
1
68
3
98
1
4
0
12
2
30
2
10
2
77
3
28
1
21
1
96
1
22
1
46
1
20
0
40
1
16
3
81
4
58
0
62
0
81
0
9
1
6
1
93
4
94
0
86
2
78
1
55
2
28
4
28
1
24
0
65
2
20
4
9
0
65
1
77
2
55
4
79
4
28
1
42
1
33
1
88
3
75
0
54
0
82
4
30
2
65
2
33
1
68
1
10
1
73
1
41
3
56
0
91
1
87
3
51
1
44
4
98
2
70
3
27
0
85
2
93
0
13
2
85
1
37
2
72
1
89
4
50
0
60
2
34
0
9
0
94
4
54
3
64
2
60
2
21
0
15
3
24
4
65
2
99
4
71
4
94
1
98
4
24
2
53
0
57
2
22
2
42
3
43
3
8
4
35
1
93
4
99
0
65
1
3
4
15
2
7
0
75
0
42
1
24
0
80
4
47
2
67
2
7
1
73
3
59
2
57
1
30
3
40
3
55
4
98
0
80
3
5
2
37
1
88
1
80
0
14
3
47
4
44
4
41
4
90
4
21
1
16
2
43
4
88
4
28
3
14
0
99
1
46
2
6
1
56
2
72
4
4
4
13
4
79
0
63
4
58
4
21
3
51
0
5
1
19
4
86
3
99
4
28
4
30
1
59
0
83
1
26
2
79
2
95
4
89
0
79
3
82
4
10
0
96
2
36
0
72
2
97
3
61
4
16
2
77
4
54
3
6
4
53
2
83
2
15
1
43
0
25
4
95
3
14
4
74
1
75
1
65
4
2
0
41
3
92
2
69
2
23
3
6
4
14
0
60
1
26
0
84
1
5
1
88
2
99
4
45
1
37
3
99
2
74
