9
20
9
32
9
64
9
73
9
72
0
50
9
34
9
44
9
34
9
41
9
99
9
73
9
99
9
99
10
22
9
33
9
43
9
64
9
42
9
40
9
64
9
62
9
40
9
90
14
56
11
23
9
93
9
94
9
99
9
34
12
84
9
99
9
11
13
25
9
64
9
94
9
14
13
25
9
71
9
44
9
14
10
82
10
22
9
60
9
21
9
34
10
82
9
11
10
52
9
94
9
13
9
32
13
55
9
72
9
80
11
53
9
91
9
64
9
32
9
72
0
0
9
99
11
83
13
85
9
99
9
63
10
22
11
83
9
94
11
83
9
42
10
82
10
82
9
73
11
23
10
22
9
61
9
51
9
31
9
13
11
23
9
34
9
14
9
51
9
43
9
51
9
99
9
94
13
55
9
74
9
51
12
24
13
25
9
94
11
53
11
23
0
40
9
64
9
92
9
74
14
56
9
14
10
52
9
93
9
73
9
99
9
34
11
83
13
25
9
63
9
74
9
30
9
10
10
52
9
80
9
34
13
85
9
60
9
44
9
93
9
74
9
12
9
64
9
63
9
73
9
31
9
99
9
64
10
52
9
94
9
99
9
64
9
33
11
23
9
60
9
99
9
64
10
82
14
56
9
99
9
62
11
53
9
64
9
50
10
22
9
10
9
13
14
86
11
23
10
82
9
92
11
53
9
94
13
25
9
14
9
14
9
62
9
92
12
84
9
42
9
40
9
50
9
32
9
92
9
44
9
64
9
62
9
60
9
44
9
99
9
12
9
33
9
43
13
25
11
53
11
23
9
64
9
99
9
50
9
93
9
99
9
33
9
99
9
33
9
44
11
83
9
62
9
43
12
24
9
44
9
99
9
51
9
44
12
84
9
72
9
99
9
64
9
94
9
74
9
42
9
34
9
10
9
12
9
42
9
81
10
22
10
82
9
94
9
74
11
53
13
85
9
64
9
99
11
53
10
52
9
34
9
21
13
25
9
62
9
74
11
53
9
42
9
21
9
72
9
32
9
62
10
22
9
99
0
30
9
40
9
92
13
25
9
81
10
52
9
42
9
50
10
82
9
40
9
13
9
72
9
60
9
92
9
14
14
56
9
14
13
85
9
99
0
90
11
23
13
25
9
94
11
83
9
99
9
14
9
99
14
26
9
93
9
34
9
99
9
13
10
82
9
62
9
32
9
60
9
99
10
82
12
84
9
43
14
56
11
83
10
22
13
55
9
30
10
52
14
86
9
99
9
30
12
24
9
71
9
99
9
81
9
44
9
93
9
81
0
90
1
29
11
53
0
0
9
34
9
72
9
67
3
69
9
74
9
10
9
21
9
99
9
64
9
92
9
42
1
9
9
42
9
99
9
44
11
23
9
99
9
12
9
12
9
99
9
60
9
21
9
99
9
62
10
82
9
61
9
14
9
93
10
52
9
12
10
52
9
72
9
64
9
13
9
62
9
94
10
82
9
73
9
72
9
31
9
90
9
99
9
90
9
99
9
99
9
63
1
69
9
92
9
64
9
74
9
50
9
60
10
82
11
83
9
99
9
62
11
53
1
89
9
20
9
94
9
43
9
94
10
82
9
73
12
24
9
64
9
92
9
73
11
83
0
20
9
74
9
99
4
89
12
54
11
23
9
21
9
74
9
13
9
72
13
25
11
53
9
99
0
90
12
54
9
34
0
70
9
34
10
22
9
64
12
54
11
23
9
44
9
31
9
93
11
53
9
13
11
23
9
31
9
72
11
53
9
44
9
74
9
41
12
54
9
64
9
61
12
84
9
64
9
63
11
53
10
22
9
63
9
44
9
60
9
11
9
14
11
53
9
99
9
99
12
24
9
34
11
53
9
12
9
99
9
73
14
26
11
53
9
61
9
41
10
52
9
41
14
56
12
54
9
42
11
53
9
44
9
94
9
44
9
10
9
92
10
82
9
12
12
54
9
42
4
63
12
84
9
94
11
53
12
84
9
20
9
64
9
62
9
14
9
60
13
55
9
62
9
99
9
40
9
93
9
34
9
41
9
62
0
60
9
74
13
55
9
64
9
42
9
11
9
60
9
44
9
44
9
73
9
94
9
74
9
72
9
64
11
53
9
12
9
12
9
12
9
92
9
99
9
62
9
63
9
99
9
42
11
83
0
10
12
84
9
13
9
12
9
63
9
99
9
70
12
84
9
71
9
32
9
42
9
63
9
44
9
30
9
72
9
99
10
52
9
34
9
80
10
22
9
99
12
24
9
40
9
43
9
42
9
99
9
73
9
43
9
74
11
83
9
14
9
21
9
99
9
99
13
55
0
10
9
21
9
21
9
94
9
64
13
25
9
12
9
40
10
52
9
41
9
72
9
93
10
22
9
34
9
32
9
34
9
72
9
31
9
62
9
32
9
34
9
64
9
42
11
53
14
26
9
34
12
84
9
92
9
80
9
72
11
23
2
89
9
13
9
62
9
34
12
84
9
99
9
64
1
29
12
84
0
70
9
33
9
10
12
84
9
91
9
73
1
29
9
32
9
99
12
84
9
42
9
91
9
32
0
0
11
83
11
53
9
92
10
22
9
14
9
33
12
22
9
72
9
64
0
30
4
19
0
70
9
14
4
89
10
22
9
42
9
88
9
43
9
50
13
55
10
52
9
64
9
10
9
99
0
30
9
44
9
74
9
74
13
25
9
42
9
71
9
62
9
34
9
20
12
54
10
52
9
99
9
44
9
93
9
94
11
23
9
62
0
90
9
60
9
61
9
94
9
30
9
31
9
99
3
9
9
43
9
21
0
10
9
73
9
62
9
93
9
33
4
29
9
32
9
99
9
99
10
82
10
22
9
20
9
91
9
62
0
90
10
22
10
52
9
72
11
53
9
72
9
74
10
82
12
24
9
73
9
73
9
14
11
83
9
44
1
29
11
23
10
22
9
99
9
93
9
99
9
74
3
29
9
99
9
99
11
83
9
94
10
22
9
74
9
13
9
14
0
59
9
74
10
82
9
44
9
64
9
99
9
32
9
74
9
13
9
74
9
64
9
99
11
53
9
99
9
99
9
94
9
42
9
91
9
60
9
62
9
94
11
83
11
83
11
53
9
32
9
62
9
44
9
44
9
94
9
72
9
62
9
99
9
72
9
44
9
94
9
72
12
54
9
99
13
25
4
35
9
94
1
79
9
92
9
62
9
64
9
78
10
82
9
81
12
81
9
72
9
74
9
92
9
94
9
72
10
82
9
63
14
56
9
62
9
21
9
34
9
14
0
90
10
52
9
32
9
72
9
99
9
99
9
72
9
72
9
32
9
64
0
63
9
94
11
83
9
62
9
73
9
73
9
61
9
99
9
73
9
44
9
71
9
74
12
54
9
32
10
52
9
31
9
99
9
72
9
99
9
14
9
64
9
43
11
83
9
50
9
30
9
99
9
64
9
92
9
94
9
92
9
99
9
12
8
55
9
60
11
23
11
23
9
99
9
32
0
17
0
59
13
55
9
94
13
25
11
53
9
74
9
13
9
51
11
83
13
85
9
73
9
40
9
73
9
72
13
55
0
30
3
69
11
53
9
44
9
43
9
74
0
95
3
69
9
43
9
62
9
72
9
72
10
22
9
14
14
56
0
89
11
83
9
12
9
44
9
72
9
81
10
82
9
93
9
63
9
99
11
53
9
99
9
73
9
99
9
13
10
22
9
40
9
20
12
84
9
34
9
31
9
99
9
32
11
53
9
30
0
40
11
23
9
91
9
64
9
72
9
91
9
12
9
13
9
99
9
99
9
92
12
84
9
63
9
34
9
34
9
33
9
72
9
30
9
14
8
65
11
83
9
64
14
86
9
34
10
52
9
43
9
93
13
85
9
62
9
92
9
40
9
74
9
43
9
73
9
20
11
83
9
51
9
64
9
99
9
93
9
61
11
53
9
99
9
80
9
34
9
92
9
99
10
22
9
94
9
43
10
82
9
93
9
60
0
60
9
44
9
12
9
99
9
64
9
74
9
70
9
31
10
22
9
34
9
74
9
99
9
81
9
99
9
99
9
34
9
63
9
62
9
32
10
52
11
53
9
14
9
44
9
99
9
99
9
72
9
13
13
25
9
14
10
82
10
52
9
33
0
80
14
56
9
74
9
14
11
83
9
64
9
64
9
40
9
50
9
64
9
99
0
80
9
14
2
39
9
93
9
90
10
22
13
55
12
54
9
51
9
99
9
31
11
23
11
53
4
89
9
34
12
24
9
99
11
53
9
14
9
63
10
82
9
14
11
23
14
86
1
69
9
64
9
31
9
61
9
12
11
23
4
89
9
99
9
34
9
40
9
63
9
92
9
26
12
84
9
99
9
94
10
82
9
92
9
20
9
99
9
44
10
82
9
99
9
71
14
26
12
84
9
64
3
9
9
63
9
93
12
24
11
53
9
32
9
99
12
24
12
84
11
83
9
73
9
12
9
51
9
99
9
74
9
33
9
14
12
24
0
60
9
33
0
84
9
13
9
93
9
99
13
55
9
43
9
99
12
84
