10
22
9
34
9
64
9
74
9
74
0
50
9
34
9
44
9
34
9
43
9
99
9
74
9
99
9
99
12
24
9
34
9
44
9
64
9
44
9
42
9
64
9
64
9
42
9
92
16
58
13
25
9
94
9
94
9
99
9
34
14
86
9
99
9
13
15
27
9
64
9
94
9
14
15
27
9
73
9
44
9
14
12
84
12
24
9
62
11
23
9
34
12
84
9
13
12
54
9
94
9
14
9
34
15
57
9
74
10
82
13
55
9
93
9
64
9
34
9
74
0
0
9
99
13
85
15
87
9
99
9
64
12
24
13
85
9
94
13
85
9
44
12
84
12
84
9
74
13
25
12
24
9
63
11
53
9
33
9
14
13
25
9
34
9
14
11
53
9
44
11
53
9
99
9
94
15
57
9
74
11
53
14
26
15
27
9
94
13
55
13
25
0
40
9
64
9
94
9
74
16
58
9
14
12
54
9
94
9
74
9
99
9
34
13
85
15
27
9
64
9
74
9
32
9
12
12
54
10
82
9
34
15
87
9
62
9
44
9
94
9
74
9
14
9
64
9
64
9
74
9
33
9
99
9
64
12
54
9
94
9
99
9
64
9
34
13
25
9
62
9
99
9
64
12
84
16
58
9
99
9
64
13
55
9
64
10
52
12
24
9
12
9
14
16
88
13
25
12
84
9
94
13
55
9
94
15
27
9
14
9
14
9
64
9
94
14
86
9
44
9
42
10
52
9
34
9
94
9
44
9
64
9
64
9
62
9
44
9
99
9
14
9
34
9
44
15
27
13
55
13
25
9
64
9
99
10
52
9
94
9
99
9
34
9
99
9
34
9
44
13
85
9
64
9
44
14
26
9
44
9
99
11
53
9
44
14
86
9
74
9
99
9
64
9
94
9
74
9
44
9
34
9
12
9
14
9
44
11
83
12
24
12
84
9
94
9
74
13
55
15
87
9
64
9
99
13
55
12
54
9
34
11
23
15
27
9
64
9
74
13
55
9
44
11
23
9
74
9
34
9
64
12
24
9
99
0
30
9
42
9
94
15
27
11
83
12
54
9
44
10
52
12
84
9
42
9
14
9
74
9
62
9
94
9
14
16
58
9
14
15
87
9
99
0
90
13
25
15
27
9
94
13
85
9
99
9
14
9
99
16
28
9
94
9
34
9
99
9
14
12
84
9
64
9
34
9
62
9
99
12
84
14
86
9
44
16
58
13
85
12
24
15
57
9
32
12
54
16
88
9
99
9
32
14
26
9
73
9
99
11
83
9
44
9
94
11
83
0
90
1
29
13
55
0
0
9
34
9
74
9
67
3
69
9
74
9
12
11
23
9
99
9
64
9
94
9
44
1
9
9
44
9
99
9
44
13
25
9
99
9
14
9
14
9
99
9
62
11
23
9
99
9
64
12
84
9
63
9
14
9
94
12
54
9
14
12
54
9
74
9
64
9
14
9
64
9
94
12
84
9
74
9
74
9
33
9
92
9
99
9
92
9
99
9
99
9
64
1
69
9
94
9
64
9
74
10
52
9
62
12
84
13
85
9
99
9
64
13
55
1
89
10
22
9
94
9
44
9
94
12
84
9
74
14
26
9
64
9
94
9
74
13
85
0
20
9
74
9
99
4
89
14
56
13
25
11
23
9
74
9
14
9
74
15
27
13
55
9
99
0
90
14
56
9
34
0
70
9
34
12
24
9
64
14
56
13
25
9
44
9
33
9
94
13
55
9
14
13
25
9
33
9
74
13
55
9
44
9
74
9
43
14
56
9
64
9
63
14
86
9
64
9
64
13
55
12
24
9
64
9
44
9
62
9
13
9
14
13
55
9
99
9
99
14
26
9
34
13
55
9
14
9
99
9
74
16
28
13
55
9
63
9
43
12
54
9
43
16
58
14
56
9
44
13
55
9
44
9
94
9
44
9
12
9
94
12
84
9
14
14
56
9
44
4
63
14
86
9
94
13
55
14
86
10
22
9
64
9
64
9
14
9
62
15
57
9
64
9
99
9
42
9
94
9
34
9
41
9
64
0
60
9
74
15
57
9
64
9
44
9
13
9
62
9
44
9
44
9
74
9
94
9
74
9
74
9
64
13
55
9
14
9
14
9
14
9
94
9
99
9
64
9
64
9
99
9
44
13
85
0
10
14
86
9
14
9
14
9
64
9
99
9
72
14
86
9
73
9
34
9
44
9
64
9
44
9
32
9
74
9
99
12
54
9
34
10
82
12
24
9
99
14
26
9
42
9
44
9
42
9
99
9
74
9
44
9
74
13
85
9
14
11
23
9
99
9
99
15
57
0
10
11
23
11
23
9
94
9
64
15
27
9
14
9
42
12
54
9
43
9
74
9
94
12
24
9
34
9
34
9
34
9
74
9
33
9
64
9
34
9
34
9
64
9
44
13
55
16
28
9
34
14
86
9
94
10
82
9
72
13
25
2
89
9
14
9
64
9
34
14
86
9
99
9
64
1
29
14
86
0
70
9
34
9
12
14
86
9
93
9
74
1
29
9
34
9
99
14
86
9
44
9
93
9
34
0
0
13
85
13
55
9
94
12
24
9
14
9
34
14
22
9
74
9
64
0
30
4
19
0
70
9
14
4
89
12
24
9
44
9
88
9
44
10
52
15
57
12
54
9
64
9
12
9
99
0
30
9
44
9
74
9
74
15
27
9
44
9
73
9
64
9
34
10
22
14
56
12
54
9
99
9
44
9
94
9
94
13
25
9
64
0
90
9
62
9
63
9
94
9
32
9
33
9
99
3
9
9
44
11
23
0
10
9
74
9
64
9
94
9
34
4
29
9
34
9
99
9
99
12
84
12
24
10
22
9
93
9
64
0
90
12
24
12
54
9
74
13
55
9
74
9
74
12
84
14
26
9
74
9
74
9
14
13
85
9
44
1
29
13
25
12
24
9
99
9
94
9
99
9
74
3
29
9
99
9
99
13
85
9
94
12
24
9
74
9
14
9
14
0
59
9
74
12
84
9
44
9
64
9
99
9
34
9
74
9
14
9
74
9
64
9
99
13
55
9
99
9
99
9
94
9
44
9
93
9
62
9
64
9
94
13
85
13
85
13
55
9
34
9
64
9
44
9
44
9
94
9
74
9
64
9
99
9
74
9
44
9
94
9
74
14
56
9
99
15
27
4
35
9
94
1
79
9
94
9
64
9
64
9
78
12
84
11
83
14
81
9
74
9
74
9
94
9
94
9
74
12
84
9
64
16
58
9
64
11
23
9
34
9
14
0
90
12
54
9
34
9
74
9
99
9
99
9
74
9
74
9
34
9
64
0
63
9
94
13
85
9
64
9
74
9
74
9
63
9
99
9
74
9
44
9
73
9
74
14
56
9
34
12
54
9
33
9
99
9
74
9
99
9
14
9
64
9
44
13
85
10
52
9
32
9
99
9
64
9
94
9
94
9
94
9
99
9
14
8
55
9
62
13
25
13
25
9
99
9
34
0
17
0
59
15
57
9
94
15
27
13
55
9
74
9
14
11
53
13
85
15
87
9
74
9
42
9
74
9
74
15
57
0
30
3
69
13
55
9
44
9
44
9
74
0
95
3
69
9
44
9
64
9
74
9
74
12
24
9
14
16
58
0
89
13
85
9
14
9
44
9
74
11
83
12
84
9
94
9
64
9
99
13
55
9
99
9
74
9
99
9
14
12
24
9
42
10
22
14
86
9
34
9
33
9
99
9
34
13
55
9
32
0
40
13
25
9
93
9
64
9
74
9
93
9
14
9
14
9
99
9
99
9
94
14
86
9
64
9
34
9
34
9
34
9
74
9
32
9
14
8
65
13
85
9
64
16
88
9
34
12
54
9
44
9
94
15
87
9
64
9
94
9
42
9
74
9
44
9
74
10
22
13
85
11
53
9
64
9
99
9
94
9
63
13
55
9
99
10
82
9
34
9
94
9
99
12
24
9
94
9
44
12
84
9
94
9
62
0
60
9
44
9
14
9
99
9
64
9
74
9
72
9
33
12
24
9
34
9
74
9
99
11
83
9
99
9
99
9
34
9
64
9
64
9
34
12
54
13
55
9
14
9
44
9
99
9
99
9
74
9
14
15
27
9
14
12
84
12
54
9
34
0
80
16
58
9
74
9
14
13
85
9
64
9
64
9
42
10
52
9
64
9
99
0
80
9
14
2
39
9
94
9
92
12
24
15
57
14
56
11
53
9
99
9
33
13
25
13
55
4
89
9
34
14
26
9
99
13
55
9
14
9
64
12
84
9
14
13
25
16
88
1
69
9
64
9
33
9
63
9
14
13
25
4
89
9
99
9
34
9
42
9
64
9
94
9
26
14
86
9
99
9
94
12
84
9
94
10
22
9
99
9
44
12
84
9
99
9
73
16
28
14
86
9
64
3
9
9
64
9
94
14
26
13
55
9
34
9
99
14
26
14
86
13
85
9
74
9
14
11
53
9
99
9
74
9
34
9
14
14
26
0
60
9
34
0
84
9
14
9
94
9
99
15
57
9
44
9
99
14
86
