15
27
9
34
9
64
9
74
9
74
0
50
9
34
9
44
9
34
9
44
9
99
9
74
9
99
9
99
17
29
9
34
9
44
9
64
9
44
9
44
9
64
9
64
9
44
9
94
19
63
18
30
9
94
9
94
9
99
9
34
19
91
9
99
9
14
19
32
9
64
9
94
9
14
19
32
9
74
9
44
9
14
17
89
17
29
9
64
16
28
9
34
17
89
9
14
17
59
9
94
9
14
9
34
19
62
9
74
15
87
18
60
9
94
9
64
9
34
9
74
0
0
9
99
18
90
19
92
9
99
9
64
17
29
18
90
9
94
18
90
9
44
17
89
17
89
9
74
18
30
17
29
9
64
16
58
9
34
9
14
18
30
9
34
9
14
16
58
9
44
16
58
9
99
9
94
19
62
9
74
16
58
19
31
19
32
9
94
18
60
18
30
0
40
9
64
9
94
9
74
19
63
9
14
17
59
9
94
9
74
9
99
9
34
18
90
19
32
9
64
9
74
9
34
9
14
17
59
15
87
9
34
19
92
9
64
9
44
9
94
9
74
9
14
9
64
9
64
9
74
9
34
9
99
9
64
17
59
9
94
9
99
9
64
9
34
18
30
9
64
9
99
9
64
17
89
19
63
9
99
9
64
18
60
9
64
15
57
17
29
9
14
9
14
19
93
18
30
17
89
9
94
18
60
9
94
19
32
9
14
9
14
9
64
9
94
19
91
9
44
9
44
15
57
9
34
9
94
9
44
9
64
9
64
9
64
9
44
9
99
9
14
9
34
9
44
19
32
18
60
18
30
9
64
9
99
15
57
9
94
9
99
9
34
9
99
9
34
9
44
18
90
9
64
9
44
19
31
9
44
9
99
16
58
9
44
19
91
9
74
9
99
9
64
9
94
9
74
9
44
9
34
9
14
9
14
9
44
16
88
17
29
17
89
9
94
9
74
18
60
19
92
9
64
9
99
18
60
17
59
9
34
16
28
19
32
9
64
9
74
18
60
9
44
16
28
9
74
9
34
9
64
17
29
9
99
0
30
9
44
9
94
19
32
16
88
17
59
9
44
15
57
17
89
9
44
9
14
9
74
9
64
9
94
9
14
19
63
9
14
19
92
9
99
0
90
18
30
19
32
9
94
18
90
9
99
9
14
9
99
19
33
9
94
9
34
9
99
9
14
17
89
9
64
9
34
9
64
9
99
17
89
19
91
9
44
19
63
18
90
17
29
19
62
9
34
17
59
19
93
9
99
9
34
19
31
9
74
9
99
16
88
9
44
9
94
16
88
0
90
1
29
18
60
0
0
9
34
9
74
9
67
3
69
9
74
9
14
16
28
9
99
9
64
9
94
9
44
1
9
9
44
9
99
9
44
18
30
9
99
9
14
9
14
9
99
9
64
16
28
9
99
9
64
17
89
9
64
9
14
9
94
17
59
9
14
17
59
9
74
9
64
9
14
9
64
9
94
17
89
9
74
9
74
9
34
9
94
9
99
9
94
9
99
9
99
9
64
1
69
9
94
9
64
9
74
15
57
9
64
17
89
18
90
9
99
9
64
18
60
1
89
15
27
9
94
9
44
9
94
17
89
9
74
19
31
9
64
9
94
9
74
18
90
0
20
9
74
9
99
4
89
19
61
18
30
16
28
9
74
9
14
9
74
19
32
18
60
9
99
0
90
19
61
9
34
0
70
9
34
17
29
9
64
19
61
18
30
9
44
9
34
9
94
18
60
9
14
18
30
9
34
9
74
18
60
9
44
9
74
9
44
19
61
9
64
9
64
19
91
9
64
9
64
18
60
17
29
9
64
9
44
9
64
9
14
9
14
18
60
9
99
9
99
19
31
9
34
18
60
9
14
9
99
9
74
19
33
18
60
9
64
9
44
17
59
9
44
19
63
19
61
9
44
18
60
9
44
9
94
9
44
9
14
9
94
17
89
9
14
19
61
9
44
4
63
19
91
9
94
18
60
19
91
15
27
9
64
9
64
9
14
9
64
19
62
9
64
9
99
9
44
9
94
9
34
9
41
9
64
0
60
9
74
19
62
9
64
9
44
9
14
9
64
9
44
9
44
9
74
9
94
9
74
9
74
9
64
18
60
9
14
9
14
9
14
9
94
9
99
9
64
9
64
9
99
9
44
18
90
0
10
19
91
9
14
9
14
9
64
9
99
9
74
19
91
9
74
9
34
9
44
9
64
9
44
9
34
9
74
9
99
17
59
9
34
15
87
17
29
9
99
19
31
9
44
9
44
9
42
9
99
9
74
9
44
9
74
18
90
9
14
16
28
9
99
9
99
19
62
0
10
16
28
16
28
9
94
9
64
19
32
9
14
9
44
17
59
9
44
9
74
9
94
17
29
9
34
9
34
9
34
9
74
9
34
9
64
9
34
9
34
9
64
9
44
18
60
19
33
9
34
19
91
9
94
15
87
9
72
18
30
2
89
9
14
9
64
9
34
19
91
9
99
9
64
1
29
19
91
0
70
9
34
9
14
19
91
9
94
9
74
1
29
9
34
9
99
19
91
9
44
9
94
9
34
0
0
18
90
18
60
9
94
17
29
9
14
9
34
19
22
9
74
9
64
0
30
4
19
0
70
9
14
4
89
17
29
9
44
9
88
9
44
15
57
19
62
17
59
9
64
9
14
9
99
0
30
9
44
9
74
9
74
19
32
9
44
9
74
9
64
9
34
15
27
19
61
17
59
9
99
9
44
9
94
9
94
18
30
9
64
0
90
9
64
9
64
9
94
9
34
9
34
9
99
3
9
9
44
16
28
0
10
9
74
9
64
9
94
9
34
4
29
9
34
9
99
9
99
17
89
17
29
15
27
9
94
9
64
0
90
17
29
17
59
9
74
18
60
9
74
9
74
17
89
19
31
9
74
9
74
9
14
18
90
9
44
1
29
18
30
17
29
9
99
9
94
9
99
9
74
3
29
9
99
9
99
18
90
9
94
17
29
9
74
9
14
9
14
0
59
9
74
17
89
9
44
9
64
9
99
9
34
9
74
9
14
9
74
9
64
9
99
18
60
9
99
9
99
9
94
9
44
9
94
9
64
9
64
9
94
18
90
18
90
18
60
9
34
9
64
9
44
9
44
9
94
9
74
9
64
9
99
9
74
9
44
9
94
9
74
19
61
9
99
19
32
4
35
9
94
1
79
9
94
9
64
9
64
9
78
17
89
16
88
19
81
9
74
9
74
9
94
9
94
9
74
17
89
9
64
19
63
9
64
16
28
9
34
9
14
0
90
17
59
9
34
9
74
9
99
9
99
9
74
9
74
9
34
9
64
0
63
9
94
18
90
9
64
9
74
9
74
9
64
9
99
9
74
9
44
9
74
9
74
19
61
9
34
17
59
9
34
9
99
9
74
9
99
9
14
9
64
9
44
18
90
15
57
9
34
9
99
9
64
9
94
9
94
9
94
9
99
9
14
8
55
9
64
18
30
18
30
9
99
9
34
0
17
0
59
19
62
9
94
19
32
18
60
9
74
9
14
16
58
18
90
19
92
9
74
9
44
9
74
9
74
19
62
0
30
3
69
18
60
9
44
9
44
9
74
0
95
3
69
9
44
9
64
9
74
9
74
17
29
9
14
19
63
0
89
18
90
9
14
9
44
9
74
16
88
17
89
9
94
9
64
9
99
18
60
9
99
9
74
9
99
9
14
17
29
9
44
15
27
19
91
9
34
9
34
9
99
9
34
18
60
9
34
0
40
18
30
9
94
9
64
9
74
9
94
9
14
9
14
9
99
9
99
9
94
19
91
9
64
9
34
9
34
9
34
9
74
9
34
9
14
8
65
18
90
9
64
19
93
9
34
17
59
9
44
9
94
19
92
9
64
9
94
9
44
9
74
9
44
9
74
15
27
18
90
16
58
9
64
9
99
9
94
9
64
18
60
9
99
15
87
9
34
9
94
9
99
17
29
9
94
9
44
17
89
9
94
9
64
0
60
9
44
9
14
9
99
9
64
9
74
9
74
9
34
17
29
9
34
9
74
9
99
16
88
9
99
9
99
9
34
9
64
9
64
9
34
17
59
18
60
9
14
9
44
9
99
9
99
9
74
9
14
19
32
9
14
17
89
17
59
9
34
0
80
19
63
9
74
9
14
18
90
9
64
9
64
9
44
15
57
9
64
9
99
0
80
9
14
2
39
9
94
9
94
17
29
19
62
19
61
16
58
9
99
9
34
18
30
18
60
4
89
9
34
19
31
9
99
18
60
9
14
9
64
17
89
9
14
18
30
19
93
1
69
9
64
9
34
9
64
9
14
18
30
4
89
9
99
9
34
9
44
9
64
9
94
9
26
19
91
9
99
9
94
17
89
9
94
15
27
9
99
9
44
17
89
9
99
9
74
19
33
19
91
9
64
3
9
9
64
9
94
19
31
18
60
9
34
9
99
19
31
19
91
18
90
9
74
9
14
16
58
9
99
9
74
9
34
9
14
19
31
0
60
9
34
0
84
9
14
9
94
9
99
19
62
9
44
9
99
19
91
