6
14
4
27
7
59
5
69
4
69
0
50
6
28
7
39
6
28
6
35
4
94
5
69
7
94
4
99
7
16
5
29
7
37
6
59
4
38
6
34
8
60
7
56
4
34
5
84
8
50
5
19
5
89
6
89
7
99
6
29
8
78
6
99
7
5
7
19
7
59
7
88
6
9
7
19
6
65
7
39
7
9
4
78
4
19
7
54
5
15
7
29
4
79
5
5
5
46
8
90
5
9
4
29
7
49
5
66
5
74
6
47
5
85
7
58
4
26
4
69
0
0
8
99
5
79
7
79
8
99
7
57
5
16
5
79
8
90
6
77
4
39
4
79
7
76
5
69
5
19
7
16
6
55
7
45
7
25
5
8
5
18
6
29
7
9
4
45
5
37
6
45
6
97
8
88
7
49
8
70
6
45
8
18
7
19
6
89
8
47
5
19
0
40
7
58
8
86
6
69
8
50
6
8
4
49
5
89
5
67
5
99
7
29
7
77
7
19
5
59
6
69
6
24
7
4
4
47
6
74
8
30
7
79
4
54
8
40
5
89
7
69
8
6
6
58
5
57
7
67
8
25
7
97
8
59
4
48
7
88
7
98
6
59
5
29
6
17
4
54
5
99
8
58
4
77
8
50
8
95
4
59
5
49
8
60
4
44
4
19
7
4
8
7
8
80
5
18
4
79
4
88
8
47
8
89
7
19
8
9
7
9
5
56
6
86
7
78
6
36
7
34
5
44
4
29
5
86
8
40
8
60
5
56
7
54
6
39
5
99
8
6
5
27
5
37
7
19
5
47
5
19
8
60
7
94
6
44
5
88
5
99
5
29
6
99
5
27
8
40
5
79
5
56
5
39
6
19
8
38
7
96
4
45
7
39
6
79
4
69
5
99
7
59
8
89
6
69
4
37
6
29
7
4
4
7
5
36
7
75
4
18
4
79
6
88
7
69
7
47
7
79
8
60
6
99
8
47
4
46
7
29
6
15
8
19
7
56
6
69
5
49
4
39
8
15
4
67
6
26
4
59
4
19
8
99
0
30
7
34
4
89
8
19
6
75
6
46
4
39
7
44
4
77
5
34
7
7
8
66
6
54
4
89
6
8
8
50
8
10
7
79
8
96
0
90
6
17
8
19
7
88
5
79
5
99
6
9
6
96
8
20
5
89
6
29
7
99
5
9
4
78
7
56
4
29
6
54
6
98
6
76
6
79
5
39
8
50
5
79
4
19
7
49
5
24
4
49
8
80
6
96
6
24
6
18
7
65
8
99
5
75
7
39
5
89
6
75
0
90
1
26
5
47
0
0
8
29
6
66
8
67
3
66
7
69
6
4
4
15
7
99
8
59
4
89
4
39
1
9
5
36
7
95
8
40
5
17
4
99
4
9
5
6
6
97
4
54
4
15
7
97
4
59
4
79
7
55
7
9
5
89
4
49
6
6
4
46
4
69
6
59
5
9
7
56
7
89
4
77
5
69
4
69
5
25
5
84
4
99
4
84
5
98
4
99
5
59
1
66
6
86
6
59
6
69
4
44
6
54
4
79
6
77
5
97
4
57
6
47
1
89
6
14
8
88
8
37
6
89
4
76
5
69
8
18
8
58
4
88
5
69
5
79
0
20
7
68
5
98
4
87
7
48
7
17
7
15
8
70
6
7
5
66
7
19
8
47
4
96
0
90
6
49
7
28
0
70
8
30
4
16
7
58
6
49
5
18
8
40
7
25
7
87
5
49
7
7
5
18
7
25
5
66
5
49
7
39
7
69
6
35
6
49
8
60
8
55
6
79
6
58
6
57
8
47
5
16
5
59
6
39
5
54
4
5
7
9
5
49
5
99
6
99
8
18
7
29
5
49
5
6
6
99
6
67
8
20
5
47
8
55
5
35
4
49
6
35
8
50
6
49
4
39
5
49
6
39
6
89
7
39
4
4
4
89
4
79
4
9
6
49
4
37
4
63
8
78
8
90
5
47
6
79
6
14
7
59
4
56
7
8
6
54
7
49
7
56
7
94
7
34
5
89
6
29
8
41
5
56
0
60
7
69
7
49
7
58
4
39
7
5
5
54
7
39
6
39
5
69
6
88
8
70
4
68
6
59
8
47
4
9
4
9
4
9
4
88
6
98
5
56
5
57
6
96
4
39
7
77
0
10
6
79
5
9
4
8
7
57
7
99
4
64
6
79
4
65
4
29
4
39
5
59
7
39
7
24
4
69
7
99
4
47
7
29
7
74
7
16
6
99
6
19
6
34
7
37
7
42
6
97
8
67
5
38
7
69
5
79
7
9
6
15
4
95
8
99
7
49
0
10
5
15
7
15
6
88
7
59
7
19
4
9
6
34
4
48
4
35
4
69
5
89
4
19
6
29
4
29
6
29
4
69
8
25
5
56
5
26
6
29
6
58
4
38
5
49
8
20
7
29
8
78
4
87
6
74
7
72
7
17
2
88
5
9
4
56
6
29
6
78
7
99
8
59
1
24
6
79
0
70
6
27
5
4
6
79
4
85
5
67
1
25
4
26
7
99
6
78
4
39
4
85
4
29
0
0
8
77
5
49
7
86
4
19
7
8
5
27
6
22
4
69
6
59
0
30
4
19
0
70
7
8
4
89
4
19
4
37
7
88
5
39
7
44
7
49
4
46
7
59
4
4
6
94
0
30
8
40
6
69
7
69
7
19
4
39
7
65
8
56
7
29
6
14
6
49
4
46
7
97
8
39
5
89
7
89
5
19
6
56
0
90
6
54
8
55
6
89
5
24
5
25
6
96
3
7
8
37
5
15
0
10
5
68
4
57
6
87
5
27
4
29
8
26
5
99
7
94
6
76
5
16
7
14
8
85
4
59
0
90
6
16
4
47
4
69
5
49
4
69
7
69
4
79
7
18
5
69
5
69
7
9
5
77
6
39
1
29
5
19
4
19
6
99
7
87
4
95
6
69
3
26
4
99
5
99
5
77
6
89
7
16
6
68
5
9
7
9
0
59
8
68
5
76
8
40
7
59
6
96
8
26
7
69
5
9
7
69
8
60
6
99
5
49
5
97
6
99
6
89
4
39
4
85
5
54
4
59
8
88
5
78
5
79
6
47
4
26
5
56
7
39
7
38
6
89
4
69
7
56
8
99
4
69
7
39
6
89
4
69
6
49
5
99
7
19
4
35
6
89
1
79
4
87
7
56
8
60
5
78
7
76
7
75
6
81
6
66
8
70
4
89
6
89
4
67
4
79
5
59
8
50
4
57
4
15
7
28
8
10
0
90
7
46
5
26
4
69
8
99
8
96
4
69
7
66
6
26
7
59
0
63
8
90
5
79
7
56
5
68
5
69
4
55
5
99
6
67
8
38
6
65
7
69
8
48
7
26
8
46
5
25
4
99
4
68
7
99
7
8
8
60
5
37
5
77
4
44
5
24
7
96
8
58
4
88
7
88
8
86
7
99
4
9
7
55
6
54
7
17
5
19
5
94
4
29
0
17
0
59
8
49
6
89
8
19
5
49
8
69
5
9
4
45
8
77
7
79
5
67
5
34
5
69
4
66
7
49
0
30
3
69
5
49
7
39
7
37
7
69
0
95
3
69
5
39
5
56
4
66
8
66
8
16
7
9
8
50
0
87
5
79
4
6
6
39
4
69
6
75
5
76
7
87
5
59
6
99
5
49
6
99
5
69
7
99
5
8
4
16
5
34
5
14
6
79
7
29
5
25
5
99
5
26
5
49
4
24
0
40
5
19
7
85
8
60
4
66
4
85
4
9
5
9
5
97
8
98
4
89
6
79
5
59
6
29
8
30
5
28
4
69
5
24
8
10
4
65
5
79
6
59
8
80
8
30
5
46
5
37
5
89
7
79
4
58
4
86
7
34
6
69
6
37
5
69
4
14
5
77
5
45
7
59
4
95
5
89
7
55
5
48
8
99
5
74
7
29
4
89
6
97
4
17
6
89
5
39
6
76
5
89
7
54
0
60
6
38
4
9
4
98
8
58
7
68
5
64
6
25
4
19
7
28
8
69
6
99
8
75
8
98
5
99
8
28
6
57
4
59
6
26
6
46
7
47
7
9
8
39
5
97
8
99
4
69
5
7
8
19
6
9
4
79
4
46
5
28
0
80
8
50
6
69
6
9
5
77
7
59
6
59
4
34
6
44
7
59
8
99
0
80
7
9
2
39
5
89
4
84
4
18
7
49
8
48
8
45
7
94
8
25
5
19
6
47
4
89
8
30
7
18
4
99
5
49
6
9
5
59
6
76
8
8
8
17
8
80
1
67
8
60
8
25
7
55
4
9
5
19
4
89
7
99
8
30
7
34
5
59
4
87
5
26
6
79
6
99
8
90
4
79
7
86
7
14
4
99
6
39
4
76
6
99
7
65
8
20
6
79
8
58
3
9
8
57
6
87
6
19
5
47
4
29
8
99
7
18
8
78
5
79
5
69
8
6
4
45
7
96
6
69
6
27
7
9
8
18
0
60
5
29
0
84
5
9
5
89
6
99
8
49
5
39
7
99
6
78
