14
26
9
34
9
64
9
74
9
74
0
50
9
34
9
44
9
34
9
44
9
99
9
74
9
99
9
99
16
28
9
34
9
44
9
64
9
44
9
44
9
64
9
64
9
44
9
94
19
62
17
29
9
94
9
94
9
99
9
34
18
90
9
99
9
14
19
31
9
64
9
94
9
14
19
31
9
74
9
44
9
14
16
88
16
28
9
64
15
27
9
34
16
88
9
14
16
58
9
94
9
14
9
34
19
61
9
74
14
86
17
59
9
94
9
64
9
34
9
74
0
0
9
99
17
89
19
91
9
99
9
64
16
28
17
89
9
94
17
89
9
44
16
88
16
88
9
74
17
29
16
28
9
64
15
57
9
34
9
14
17
29
9
34
9
14
15
57
9
44
15
57
9
99
9
94
19
61
9
74
15
57
18
30
19
31
9
94
17
59
17
29
0
40
9
64
9
94
9
74
19
62
9
14
16
58
9
94
9
74
9
99
9
34
17
89
19
31
9
64
9
74
9
34
9
14
16
58
14
86
9
34
19
91
9
64
9
44
9
94
9
74
9
14
9
64
9
64
9
74
9
34
9
99
9
64
16
58
9
94
9
99
9
64
9
34
17
29
9
64
9
99
9
64
16
88
19
62
9
99
9
64
17
59
9
64
14
56
16
28
9
14
9
14
19
92
17
29
16
88
9
94
17
59
9
94
19
31
9
14
9
14
9
64
9
94
18
90
9
44
9
44
14
56
9
34
9
94
9
44
9
64
9
64
9
64
9
44
9
99
9
14
9
34
9
44
19
31
17
59
17
29
9
64
9
99
14
56
9
94
9
99
9
34
9
99
9
34
9
44
17
89
9
64
9
44
18
30
9
44
9
99
15
57
9
44
18
90
9
74
9
99
9
64
9
94
9
74
9
44
9
34
9
14
9
14
9
44
15
87
16
28
16
88
9
94
9
74
17
59
19
91
9
64
9
99
17
59
16
58
9
34
15
27
19
31
9
64
9
74
17
59
9
44
15
27
9
74
9
34
9
64
16
28
9
99
0
30
9
44
9
94
19
31
15
87
16
58
9
44
14
56
16
88
9
44
9
14
9
74
9
64
9
94
9
14
19
62
9
14
19
91
9
99
0
90
17
29
19
31
9
94
17
89
9
99
9
14
9
99
19
32
9
94
9
34
9
99
9
14
16
88
9
64
9
34
9
64
9
99
16
88
18
90
9
44
19
62
17
89
16
28
19
61
9
34
16
58
19
92
9
99
9
34
18
30
9
74
9
99
15
87
9
44
9
94
15
87
0
90
1
29
17
59
0
0
9
34
9
74
9
67
3
69
9
74
9
14
15
27
9
99
9
64
9
94
9
44
1
9
9
44
9
99
9
44
17
29
9
99
9
14
9
14
9
99
9
64
15
27
9
99
9
64
16
88
9
64
9
14
9
94
16
58
9
14
16
58
9
74
9
64
9
14
9
64
9
94
16
88
9
74
9
74
9
34
9
94
9
99
9
94
9
99
9
99
9
64
1
69
9
94
9
64
9
74
14
56
9
64
16
88
17
89
9
99
9
64
17
59
1
89
14
26
9
94
9
44
9
94
16
88
9
74
18
30
9
64
9
94
9
74
17
89
0
20
9
74
9
99
4
89
18
60
17
29
15
27
9
74
9
14
9
74
19
31
17
59
9
99
0
90
18
60
9
34
0
70
9
34
16
28
9
64
18
60
17
29
9
44
9
34
9
94
17
59
9
14
17
29
9
34
9
74
17
59
9
44
9
74
9
44
18
60
9
64
9
64
18
90
9
64
9
64
17
59
16
28
9
64
9
44
9
64
9
14
9
14
17
59
9
99
9
99
18
30
9
34
17
59
9
14
9
99
9
74
19
32
17
59
9
64
9
44
16
58
9
44
19
62
18
60
9
44
17
59
9
44
9
94
9
44
9
14
9
94
16
88
9
14
18
60
9
44
4
63
18
90
9
94
17
59
18
90
14
26
9
64
9
64
9
14
9
64
19
61
9
64
9
99
9
44
9
94
9
34
9
41
9
64
0
60
9
74
19
61
9
64
9
44
9
14
9
64
9
44
9
44
9
74
9
94
9
74
9
74
9
64
17
59
9
14
9
14
9
14
9
94
9
99
9
64
9
64
9
99
9
44
17
89
0
10
18
90
9
14
9
14
9
64
9
99
9
74
18
90
9
74
9
34
9
44
9
64
9
44
9
34
9
74
9
99
16
58
9
34
14
86
16
28
9
99
18
30
9
44
9
44
9
42
9
99
9
74
9
44
9
74
17
89
9
14
15
27
9
99
9
99
19
61
0
10
15
27
15
27
9
94
9
64
19
31
9
14
9
44
16
58
9
44
9
74
9
94
16
28
9
34
9
34
9
34
9
74
9
34
9
64
9
34
9
34
9
64
9
44
17
59
19
32
9
34
18
90
9
94
14
86
9
72
17
29
2
89
9
14
9
64
9
34
18
90
9
99
9
64
1
29
18
90
0
70
9
34
9
14
18
90
9
94
9
74
1
29
9
34
9
99
18
90
9
44
9
94
9
34
0
0
17
89
17
59
9
94
16
28
9
14
9
34
18
22
9
74
9
64
0
30
4
19
0
70
9
14
4
89
16
28
9
44
9
88
9
44
14
56
19
61
16
58
9
64
9
14
9
99
0
30
9
44
9
74
9
74
19
31
9
44
9
74
9
64
9
34
14
26
18
60
16
58
9
99
9
44
9
94
9
94
17
29
9
64
0
90
9
64
9
64
9
94
9
34
9
34
9
99
3
9
9
44
15
27
0
10
9
74
9
64
9
94
9
34
4
29
9
34
9
99
9
99
16
88
16
28
14
26
9
94
9
64
0
90
16
28
16
58
9
74
17
59
9
74
9
74
16
88
18
30
9
74
9
74
9
14
17
89
9
44
1
29
17
29
16
28
9
99
9
94
9
99
9
74
3
29
9
99
9
99
17
89
9
94
16
28
9
74
9
14
9
14
0
59
9
74
16
88
9
44
9
64
9
99
9
34
9
74
9
14
9
74
9
64
9
99
17
59
9
99
9
99
9
94
9
44
9
94
9
64
9
64
9
94
17
89
17
89
17
59
9
34
9
64
9
44
9
44
9
94
9
74
9
64
9
99
9
74
9
44
9
94
9
74
18
60
9
99
19
31
4
35
9
94
1
79
9
94
9
64
9
64
9
78
16
88
15
87
18
81
9
74
9
74
9
94
9
94
9
74
16
88
9
64
19
62
9
64
15
27
9
34
9
14
0
90
16
58
9
34
9
74
9
99
9
99
9
74
9
74
9
34
9
64
0
63
9
94
17
89
9
64
9
74
9
74
9
64
9
99
9
74
9
44
9
74
9
74
18
60
9
34
16
58
9
34
9
99
9
74
9
99
9
14
9
64
9
44
17
89
14
56
9
34
9
99
9
64
9
94
9
94
9
94
9
99
9
14
8
55
9
64
17
29
17
29
9
99
9
34
0
17
0
59
19
61
9
94
19
31
17
59
9
74
9
14
15
57
17
89
19
91
9
74
9
44
9
74
9
74
19
61
0
30
3
69
17
59
9
44
9
44
9
74
0
95
3
69
9
44
9
64
9
74
9
74
16
28
9
14
19
62
0
89
17
89
9
14
9
44
9
74
15
87
16
88
9
94
9
64
9
99
17
59
9
99
9
74
9
99
9
14
16
28
9
44
14
26
18
90
9
34
9
34
9
99
9
34
17
59
9
34
0
40
17
29
9
94
9
64
9
74
9
94
9
14
9
14
9
99
9
99
9
94
18
90
9
64
9
34
9
34
9
34
9
74
9
34
9
14
8
65
17
89
9
64
19
92
9
34
16
58
9
44
9
94
19
91
9
64
9
94
9
44
9
74
9
44
9
74
14
26
17
89
15
57
9
64
9
99
9
94
9
64
17
59
9
99
14
86
9
34
9
94
9
99
16
28
9
94
9
44
16
88
9
94
9
64
0
60
9
44
9
14
9
99
9
64
9
74
9
74
9
34
16
28
9
34
9
74
9
99
15
87
9
99
9
99
9
34
9
64
9
64
9
34
16
58
17
59
9
14
9
44
9
99
9
99
9
74
9
14
19
31
9
14
16
88
16
58
9
34
0
80
19
62
9
74
9
14
17
89
9
64
9
64
9
44
14
56
9
64
9
99
0
80
9
14
2
39
9
94
9
94
16
28
19
61
18
60
15
57
9
99
9
34
17
29
17
59
4
89
9
34
18
30
9
99
17
59
9
14
9
64
16
88
9
14
17
29
19
92
1
69
9
64
9
34
9
64
9
14
17
29
4
89
9
99
9
34
9
44
9
64
9
94
9
26
18
90
9
99
9
94
16
88
9
94
14
26
9
99
9
44
16
88
9
99
9
74
19
32
18
90
9
64
3
9
9
64
9
94
18
30
17
59
9
34
9
99
18
30
18
90
17
89
9
74
9
14
15
57
9
99
9
74
9
34
9
14
18
30
0
60
9
34
0
84
9
14
9
94
9
99
19
61
9
44
9
99
18
90
