9
99
9
99
9
80
9
81
9
71
13
85
9
64
9
34
9
99
9
99
9
13
9
30
9
92
9
33
11
53
9
71
9
34
9
99
9
14
9
14
9
99
9
60
0
60
9
34
9
71
9
42
9
92
9
73
9
32
10
52
9
81
9
69
9
90
9
60
9
73
9
11
9
29
11
23
9
92
9
50
9
71
9
99
9
69
9
34
9
71
9
81
9
20
9
40
0
40
9
51
9
51
9
99
9
61
11
53
9
60
9
11
9
34
9
94
9
19
9
33
10
82
9
41
10
82
9
42
9
42
9
62
9
41
9
72
9
31
9
99
9
11
9
30
9
42
9
21
9
21
9
14
9
81
13
55
9
13
9
92
12
84
9
19
11
83
9
99
9
62
10
82
13
55
9
49
9
99
9
92
9
43
9
81
10
22
9
20
13
25
9
71
9
73
13
85
9
62
9
90
9
99
9
71
9
21
9
31
9
30
9
51
9
21
9
34
9
43
13
55
9
20
9
81
9
44
9
32
10
82
9
94
9
81
10
52
12
24
9
30
9
93
9
99
9
99
9
79
9
34
9
92
9
73
9
94
10
52
10
52
9
31
9
74
9
39
9
73
9
11
9
89
9
41
9
99
11
83
9
51
9
92
9
64
9
99
9
9
9
64
9
81
9
14
10
22
9
91
9
31
0
70
12
54
9
99
9
11
10
22
9
33
9
74
10
22
11
83
9
90
9
69
9
79
9
43
9
12
10
52
9
19
10
52
11
23
9
94
9
99
9
71
9
34
9
32
9
99
13
25
11
23
11
23
9
72
9
80
13
85
10
82
9
99
9
34
9
80
9
91
9
9
9
44
9
99
9
44
9
90
9
32
9
92
9
41
9
99
10
52
9
19
9
62
9
63
9
32
13
25
10
22
9
33
9
91
9
31
9
21
9
79
9
71
9
13
11
23
9
14
10
52
9
34
9
61
13
25
13
55
12
54
9
60
9
64
9
11
11
53
13
25
9
93
9
69
9
92
9
92
9
21
9
79
11
83
9
61
9
99
9
94
9
73
9
64
10
22
9
34
10
22
11
83
9
41
11
23
9
11
9
99
9
71
9
99
9
71
9
49
9
93
11
53
9
99
9
99
12
84
9
32
9
20
9
33
9
94
9
13
10
22
9
19
10
22
9
63
9
32
9
99
9
32
9
31
9
61
9
80
9
91
12
84
9
21
9
34
9
94
10
82
13
85
9
72
9
21
9
74
9
61
9
93
11
23
13
85
9
39
9
79
11
53
9
41
9
31
9
91
9
34
11
53
9
92
11
83
0
78
9
99
9
40
9
9
9
89
9
92
9
41
9
73
9
91
9
40
9
99
9
99
9
71
10
52
9
99
9
30
9
72
9
71
10
52
9
31
9
93
9
61
9
12
11
23
9
64
9
73
9
30
9
63
9
62
9
99
9
51
9
99
9
81
9
64
9
61
9
44
10
82
13
25
9
33
9
64
9
72
9
13
12
24
9
99
9
62
9
90
9
99
9
12
10
52
9
21
9
92
9
93
9
14
9
99
9
21
9
13
9
92
9
31
12
24
9
9
9
20
9
71
9
44
9
61
9
21
9
12
9
10
9
11
9
92
9
13
9
19
10
82
9
9
9
60
9
50
9
41
13
55
9
14
4
29
9
49
9
99
9
11
11
23
9
43
0
90
9
39
9
81
9
99
9
41
9
64
12
54
10
52
9
74
9
31
10
52
9
73
11
53
9
63
9
34
9
21
9
99
9
99
9
99
11
23
9
99
9
11
9
59
9
13
9
19
9
73
0
70
9
62
13
25
9
81
9
29
9
32
9
34
9
39
9
42
9
99
9
41
1
99
12
84
9
13
9
13
0
90
9
33
9
10
9
99
9
43
9
19
9
9
10
22
11
23
9
51
11
23
9
72
9
43
9
33
9
73
9
62
9
40
9
73
9
10
9
73
9
51
9
73
9
34
9
42
10
82
9
99
9
71
9
29
9
99
9
44
10
52
9
41
9
92
9
13
9
20
9
61
9
32
10
82
9
99
9
42
9
32
9
64
9
80
9
89
9
71
10
22
4
69
9
34
9
21
0
40
9
81
9
93
13
55
11
23
9
21
9
72
9
62
10
52
9
91
9
31
9
93
9
99
9
63
9
63
9
44
9
14
9
9
9
80
9
69
9
92
9
29
9
51
8
75
9
63
9
79
9
72
2
39
9
11
9
99
9
40
9
59
10
52
9
99
9
73
11
53
9
51
9
32
9
99
10
52
9
51
9
21
9
99
9
33
9
12
9
40
9
62
9
64
9
31
9
21
9
94
9
43
9
83
9
40
9
20
8
55
9
64
9
99
9
9
9
41
11
53
9
91
9
31
9
99
10
52
9
32
13
25
10
22
9
39
9
74
9
71
9
99
9
33
2
99
9
12
0
0
9
44
9
69
9
64
9
20
9
61
9
42
9
14
9
11
9
99
9
50
9
44
10
82
9
94
9
91
9
32
9
44
9
20
9
73
11
83
9
63
9
41
9
99
9
61
10
82
9
80
11
53
9
32
9
99
9
99
9
42
9
99
10
52
9
11
9
74
9
94
13
55
9
31
10
22
9
41
9
50
9
69
9
71
9
93
9
51
9
31
9
14
9
81
9
32
9
62
9
50
9
10
9
99
9
81
12
54
9
92
9
14
9
20
1
39
9
92
9
41
9
31
9
63
4
69
9
93
9
71
9
73
9
99
13
25
10
22
11
53
9
99
2
9
9
11
13
55
13
55
9
44
9
14
10
52
9
14
9
41
9
41
9
69
11
53
9
91
0
90
9
93
9
99
9
74
9
34
9
12
10
82
0
24
2
89
9
92
11
52
9
93
13
25
9
43
9
43
9
99
9
42
9
11
9
41
0
4
9
61
9
41
9
12
9
33
9
44
9
99
9
29
11
53
9
61
9
33
9
62
9
99
8
25
9
94
9
31
9
47
9
41
9
99
9
90
9
39
9
33
9
81
9
61
9
14
9
70
9
42
11
83
3
19
9
79
9
61
9
71
9
10
9
32
9
61
9
99
9
12
9
99
9
92
10
22
9
21
13
25
9
51
9
21
9
91
0
70
1
89
10
82
9
30
9
99
10
82
9
94
9
36
9
11
11
83
9
99
9
68
9
81
9
81
9
64
9
59
12
84
9
12
10
22
9
99
9
51
12
84
9
61
9
20
4
39
10
22
9
11
9
64
10
22
9
31
10
82
9
70
9
81
9
94
9
64
9
81
11
53
9
71
9
77
9
61
9
33
9
89
9
74
10
52
9
63
9
80
9
31
9
99
9
74
9
99
9
99
9
64
9
71
9
40
0
90
9
34
9
32
9
11
9
91
9
43
9
34
12
24
9
99
9
64
9
19
9
71
9
90
9
72
9
99
11
23
9
24
9
99
9
97
9
14
9
20
9
40
11
23
9
99
9
60
12
54
0
90
9
32
10
82
12
54
9
43
9
42
9
99
9
41
9
33
10
82
9
51
9
74
9
26
9
87
9
41
9
63
12
84
9
80
9
44
9
99
0
80
9
93
9
99
9
94
9
43
9
42
9
44
2
49
9
31
11
83
10
52
9
99
11
53
9
34
10
52
9
9
12
84
9
49
10
82
9
81
9
71
9
93
9
13
9
40
9
21
9
34
9
10
12
54
9
99
9
19
9
99
9
71
9
13
9
91
9
81
9
99
9
72
11
83
9
62
9
64
9
91
11
83
9
62
4
29
9
10
9
71
9
71
9
32
9
62
11
23
9
81
9
99
9
99
9
51
9
92
9
12
9
93
9
74
9
99
9
99
9
13
12
24
9
93
9
31
9
61
9
60
9
51
9
91
9
62
9
49
9
34
9
99
9
32
10
22
9
29
11
83
9
81
9
42
9
43
9
99
12
54
9
89
9
58
9
63
9
13
8
55
9
61
13
25
9
6
9
49
9
81
9
50
9
3
11
23
9
91
9
72
4
40
9
93
9
31
10
22
9
62
11
23
9
62
9
41
9
51
9
51
9
99
9
71
9
13
9
11
9
32
9
69
10
52
9
64
12
84
10
52
9
99
9
9
10
22
9
41
9
40
10
82
9
81
9
92
9
99
0
20
9
71
11
83
11
83
11
53
9
59
10
82
9
12
9
99
9
99
12
84
11
53
9
31
9
62
9
14
9
90
9
99
9
72
9
73
9
60
0
85
9
99
9
21
10
22
9
33
9
50
9
44
9
62
9
12
9
71
10
52
1
69
9
81
9
99
9
12
9
99
9
99
9
41
9
71
9
43
3
29
9
11
13
55
9
30
9
73
9
73
9
19
9
94
9
99
9
99
9
60
2
39
2
29
9
99
9
12
9
61
9
43
9
9
12
24
10
82
9
29
13
85
9
94
9
21
9
39
9
72
9
11
11
83
9
51
9
41
9
99
9
92
0
20
9
32
9
99
9
11
9
71
9
34
9
73
9
44
9
73
12
84
9
81
10
22
9
99
9
64
9
51
9
51
