9
98
9
99
9
79
9
80
9
70
12
84
9
64
9
33
9
99
8
99
9
12
9
29
9
91
9
32
10
52
9
70
9
33
9
98
9
13
9
13
9
99
9
59
0
60
9
33
9
70
9
41
9
91
9
72
9
31
9
51
8
80
9
68
9
89
9
59
9
72
8
10
9
28
10
22
9
91
9
49
9
70
9
99
8
68
9
34
8
70
9
80
9
19
8
39
0
40
8
50
8
50
8
99
8
60
10
52
9
59
8
10
9
33
9
94
9
18
9
32
9
81
8
40
9
81
9
41
9
41
9
61
8
40
9
71
8
30
8
99
9
10
9
29
9
41
8
20
8
20
9
13
8
80
12
54
9
12
9
91
11
83
9
18
10
82
9
99
9
61
9
81
12
54
9
48
8
99
9
91
9
42
9
80
9
21
9
19
12
24
8
70
9
72
12
84
9
61
9
89
9
98
8
70
8
20
8
30
9
29
8
50
8
20
9
34
9
42
12
54
9
19
9
80
9
43
9
31
9
81
9
93
9
80
9
51
11
23
9
29
9
92
8
99
8
99
9
78
9
33
9
91
9
72
9
94
9
51
9
51
8
30
9
73
8
38
9
72
8
10
9
88
8
40
9
99
10
82
8
50
9
91
9
63
9
99
8
8
9
63
9
80
9
14
9
21
8
90
8
30
0
70
11
53
9
99
9
10
9
21
9
32
9
73
9
21
10
82
9
89
9
68
9
78
9
42
9
11
9
51
9
18
9
51
10
22
9
94
9
99
9
70
9
33
9
31
9
99
12
24
10
22
10
22
9
71
9
79
12
84
9
81
9
99
9
34
9
79
9
90
8
8
9
43
9
98
9
43
9
89
9
31
9
91
9
40
9
99
9
51
9
18
9
61
9
62
9
31
12
24
9
21
9
32
9
90
9
30
8
20
8
78
9
70
9
12
10
22
9
13
9
51
9
34
8
60
12
24
12
54
11
53
9
59
9
64
8
10
10
52
12
24
9
92
9
68
9
91
9
91
9
20
8
78
10
82
9
60
9
99
9
93
9
72
9
64
9
21
9
33
9
21
10
82
9
40
10
22
8
10
9
99
8
70
9
99
8
70
9
48
9
92
10
53
8
99
9
99
11
83
9
31
9
19
9
32
9
93
9
12
9
21
9
18
9
21
9
62
9
31
9
99
9
31
9
30
9
60
9
79
8
90
11
83
8
20
9
34
9
93
9
81
12
84
9
71
8
20
9
73
8
60
9
92
10
22
12
84
9
38
9
78
10
52
9
40
8
30
8
90
9
34
10
52
9
91
10
82
0
78
9
99
9
39
9
8
9
88
8
92
9
40
9
72
8
90
9
39
9
99
9
99
8
70
9
51
9
99
9
29
9
71
8
70
9
51
8
30
9
92
8
60
9
11
10
22
9
63
9
72
9
29
9
62
9
61
9
99
8
50
8
99
8
80
9
63
8
60
9
44
9
81
12
24
9
32
9
63
9
71
9
12
11
23
9
99
9
61
8
89
8
99
9
11
9
51
8
20
9
91
9
92
9
14
9
99
8
20
9
12
9
91
8
30
11
23
9
8
9
19
9
70
9
44
8
60
8
20
9
11
9
9
9
10
9
91
9
12
9
19
9
81
8
8
8
59
9
49
8
40
12
54
9
14
4
29
9
48
8
99
8
10
10
22
9
42
0
90
9
38
8
80
9
99
9
40
9
63
11
53
9
51
9
74
8
30
9
51
9
72
10
52
9
62
9
34
8
20
9
99
9
98
9
99
10
22
9
99
9
10
9
58
9
12
9
18
9
72
0
70
9
61
12
24
8
80
9
28
9
31
9
33
9
38
9
41
9
99
8
40
1
99
11
83
9
12
9
12
0
90
9
32
9
9
9
99
9
42
8
18
9
8
9
21
10
22
8
50
10
22
9
71
9
42
9
32
9
72
9
61
9
39
9
72
9
9
9
72
8
50
9
72
9
33
9
41
9
81
8
98
8
70
9
28
9
98
9
43
9
51
8
40
9
91
9
12
9
19
9
60
9
31
9
81
9
99
9
41
9
31
9
63
9
79
8
88
9
70
9
21
4
69
9
34
8
20
0
40
9
80
9
92
12
54
10
22
8
20
9
71
9
61
9
51
9
90
8
30
9
92
9
99
9
62
9
62
9
44
9
13
9
8
9
79
8
68
9
91
9
28
8
50
8
75
9
62
9
78
9
71
2
38
8
10
9
99
9
39
9
58
9
51
8
99
9
72
10
52
8
50
9
31
9
99
9
51
8
50
8
20
8
99
9
32
9
11
9
39
9
61
9
63
8
30
9
20
9
93
9
42
8
84
9
39
9
19
8
55
9
63
9
99
8
8
9
40
10
52
8
90
8
30
9
99
9
51
9
31
12
24
9
21
8
38
9
74
8
70
9
99
9
32
2
99
9
11
0
0
9
43
9
68
9
63
9
19
9
60
9
41
9
13
9
10
9
99
9
49
9
44
9
81
9
94
8
90
9
31
9
43
9
19
9
72
10
82
9
62
8
40
9
99
8
60
9
81
9
79
10
52
9
31
9
99
8
99
9
41
8
99
9
51
9
10
9
74
9
93
12
54
9
30
9
21
8
40
9
49
8
68
8
70
9
92
8
50
8
30
9
13
8
80
9
31
9
61
9
49
8
9
9
99
8
80
11
53
9
91
9
13
9
19
1
39
9
91
8
40
9
30
9
62
4
69
9
92
9
70
9
72
8
99
12
24
9
21
10
52
9
99
2
9
8
10
12
54
12
54
9
43
9
13
9
51
9
13
9
40
8
40
9
68
10
52
8
90
0
90
9
92
9
99
9
74
9
33
9
11
9
81
0
24
2
89
9
91
10
52
9
92
12
24
9
42
9
42
9
99
9
41
9
10
9
40
0
4
9
60
8
40
9
11
9
32
9
44
9
99
9
28
10
52
8
60
9
32
9
61
9
99
8
25
9
93
8
30
9
47
9
40
9
99
9
89
9
38
9
32
8
80
8
60
9
13
9
69
9
41
10
82
3
19
8
78
8
60
8
70
9
9
9
31
9
60
9
99
9
11
9
99
9
91
9
21
9
20
12
24
8
50
8
20
9
90
0
70
1
89
9
81
9
29
9
99
9
81
9
94
9
36
8
10
10
82
8
99
9
68
8
80
9
80
9
64
9
58
11
83
9
11
9
21
9
99
8
50
11
83
9
60
9
19
4
39
9
21
8
10
9
64
9
21
8
30
9
81
9
69
8
80
9
94
9
63
9
80
10
52
8
70
9
77
8
60
9
32
9
88
9
73
9
51
9
62
9
79
8
30
9
99
9
73
8
99
8
99
9
64
8
70
9
39
0
90
9
34
9
31
9
10
8
90
9
42
9
34
11
23
9
99
9
64
9
18
9
70
9
89
9
71
9
99
10
22
9
24
9
99
9
97
9
14
9
19
9
39
10
22
9
99
9
59
11
53
0
90
9
31
9
81
11
53
9
42
9
41
9
99
8
40
9
32
9
81
9
50
9
73
9
26
9
87
8
40
9
62
11
83
8
79
9
43
9
99
0
80
9
92
9
99
9
94
9
42
9
41
9
44
2
49
8
30
10
82
9
51
8
99
10
52
9
33
9
51
8
8
11
83
9
48
9
81
8
80
8
70
9
92
9
12
9
39
9
20
9
33
9
9
11
53
9
99
9
18
9
99
8
70
9
12
8
90
8
80
9
99
9
71
10
82
9
61
9
63
8
90
10
82
9
61
4
29
8
9
8
70
9
70
9
31
9
61
10
22
8
80
9
99
9
99
8
50
9
91
9
11
9
92
9
73
9
99
8
99
9
12
11
23
9
92
8
30
8
60
8
59
9
50
8
90
9
61
9
48
9
33
9
98
9
31
9
21
8
28
10
82
8
80
9
41
9
42
9
99
11
53
9
88
9
58
9
62
9
12
8
55
9
60
12
24
9
6
9
48
8
80
9
49
8
3
10
22
8
90
9
71
4
40
9
92
9
30
9
21
9
61
10
22
9
61
8
40
8
50
9
50
9
99
8
70
9
12
8
10
9
31
9
68
9
51
9
63
11
83
9
51
9
99
9
8
9
21
8
40
9
39
9
81
9
80
9
91
9
99
0
20
9
70
10
82
10
82
10
52
9
58
9
81
9
11
8
99
9
98
11
83
10
52
9
30
9
61
9
13
8
89
9
99
9
71
9
72
9
59
0
85
8
99
9
20
9
21
9
32
9
49
9
43
9
61
9
11
8
70
9
51
1
69
8
80
9
99
9
11
9
99
9
99
9
40
8
70
9
42
3
29
8
10
12
54
9
29
9
72
9
72
9
18
9
94
9
99
9
99
9
59
2
39
2
29
8
99
9
11
8
60
9
42
8
8
11
23
9
81
9
28
12
84
9
94
9
20
8
38
9
71
8
10
10
82
8
50
8
40
9
99
9
91
0
20
9
31
9
99
8
10
8
70
9
34
9
72
9
44
9
72
11
83
8
80
9
21
9
99
9
63
9
50
8
50
