9
99
9
99
19
91
19
92
9
74
19
94
9
64
9
34
9
99
9
99
9
14
9
34
9
94
9
34
19
64
9
74
9
34
9
99
9
14
9
14
9
99
9
64
0
60
9
34
9
74
9
44
9
94
9
74
9
34
19
63
19
92
9
74
9
94
9
64
9
74
9
14
9
34
19
34
9
94
19
61
9
74
9
99
9
74
9
34
9
74
19
92
19
31
9
44
0
40
19
62
19
62
9
99
9
64
19
64
9
64
9
14
9
34
9
94
18
30
9
34
19
93
9
44
19
93
9
44
9
44
9
64
9
44
9
74
9
34
9
99
9
14
9
34
9
44
19
32
19
32
9
14
19
92
19
64
9
14
9
94
19
94
18
30
19
94
9
99
9
64
19
93
19
64
18
60
9
99
9
94
9
44
19
92
19
33
19
31
19
34
9
74
9
74
19
94
9
64
9
94
9
99
9
74
19
32
9
34
9
34
19
62
19
32
9
34
9
44
19
64
19
31
19
92
9
44
9
34
19
93
9
94
19
92
19
63
19
34
9
34
9
94
9
99
9
99
18
90
9
34
9
94
9
74
9
94
19
63
19
63
9
34
9
74
9
44
9
74
9
14
9
94
9
44
9
99
19
94
19
62
9
94
9
64
9
99
9
14
9
64
19
92
9
14
19
33
9
94
9
34
0
70
19
64
9
99
9
14
19
33
9
34
9
74
19
33
19
94
9
94
9
74
18
90
9
44
9
14
19
63
18
30
19
63
19
34
9
94
9
99
9
74
9
34
9
34
9
99
19
34
19
34
19
34
9
74
19
91
19
94
19
93
9
99
9
34
19
91
9
94
9
14
9
44
9
99
9
44
9
94
9
34
9
94
9
44
9
99
19
63
18
30
9
64
9
64
9
34
19
34
19
33
9
34
9
94
9
34
19
32
18
90
9
74
9
14
19
34
9
14
19
63
9
34
9
64
19
34
19
64
19
64
9
64
9
64
9
14
19
64
19
34
9
94
9
74
9
94
9
94
19
32
18
90
19
94
9
64
9
99
9
94
9
74
9
64
19
33
9
34
19
33
19
94
9
44
19
34
9
14
9
99
9
74
9
99
9
74
18
60
9
94
19
53
9
99
9
99
19
94
9
34
19
31
9
34
9
94
9
14
19
33
18
30
19
33
9
64
9
34
9
99
9
34
9
34
9
64
19
91
9
94
19
94
19
32
9
34
9
94
19
93
19
94
9
74
19
32
9
74
9
64
9
94
19
34
19
94
9
44
18
90
19
64
9
44
9
34
9
94
9
34
19
64
9
94
19
94
0
78
9
99
9
44
9
14
9
94
9
92
9
44
9
74
9
94
9
44
9
99
9
99
9
74
19
63
9
99
9
34
9
74
9
74
19
63
9
34
9
94
9
64
9
14
19
34
9
64
9
74
9
34
9
64
9
64
9
99
19
62
9
99
19
92
9
64
9
64
9
44
19
93
19
34
9
34
9
64
9
74
9
14
19
34
9
99
9
64
9
94
9
99
9
14
19
63
19
32
9
94
9
94
9
14
9
99
19
32
9
14
9
94
9
34
19
34
9
14
19
31
9
74
9
44
9
64
19
32
9
14
9
14
9
14
9
94
9
14
9
19
19
93
9
14
9
64
19
61
9
44
19
64
9
14
4
29
18
60
9
99
9
14
19
34
9
44
0
90
9
44
19
92
9
99
9
44
9
64
19
64
19
63
9
74
9
34
19
63
9
74
19
64
9
64
9
34
19
32
9
99
9
99
9
99
19
34
9
99
9
14
9
64
9
14
18
30
9
74
0
70
9
64
19
34
19
92
9
34
9
34
9
34
9
44
9
44
9
99
9
44
1
99
19
94
9
14
9
14
0
90
9
34
9
14
9
99
9
44
18
30
9
14
19
33
19
34
19
62
19
34
9
74
9
44
9
34
9
74
9
64
9
44
9
74
9
14
9
74
19
62
9
74
9
34
9
44
19
93
9
99
9
74
9
34
9
99
9
44
19
63
9
44
9
94
9
14
19
31
9
64
9
34
19
93
9
99
9
44
9
34
9
64
19
91
9
94
9
74
19
33
4
69
9
34
19
32
0
40
19
92
9
94
19
64
19
34
19
32
9
74
9
64
19
63
9
94
9
34
9
94
9
99
9
64
9
64
9
44
9
14
9
14
19
91
9
74
9
94
9
34
19
62
8
75
9
64
18
90
9
74
2
39
9
14
9
99
9
44
9
64
19
63
9
99
9
74
19
64
19
62
9
34
9
99
19
63
19
62
19
32
9
99
9
34
9
14
9
44
9
64
9
64
9
34
19
32
9
94
9
44
19
82
9
44
19
31
8
55
9
64
9
99
9
14
9
44
19
64
9
94
9
34
9
99
19
63
9
34
19
34
19
33
9
44
9
74
9
74
9
99
9
34
2
99
9
14
0
0
9
44
9
74
9
64
19
31
9
64
9
44
9
14
9
14
9
99
19
61
9
44
19
93
9
94
9
94
9
34
9
44
19
31
9
74
19
94
9
64
9
44
9
99
9
64
19
93
19
91
19
64
9
34
9
99
9
99
9
44
9
99
19
63
9
14
9
74
9
94
19
64
9
34
19
33
9
44
19
61
9
74
9
74
9
94
19
62
9
34
9
14
19
92
9
34
9
64
19
61
9
14
9
99
19
92
19
64
9
94
9
14
19
31
1
39
9
94
9
44
9
34
9
64
4
69
9
94
9
74
9
74
9
99
19
34
19
33
19
64
9
99
2
9
9
14
19
64
19
64
9
44
9
14
19
63
9
14
9
44
9
44
9
74
19
64
9
94
0
90
9
94
9
99
9
74
9
34
9
14
19
93
0
24
2
89
9
94
19
52
9
94
19
34
9
44
9
44
9
99
9
44
9
14
9
44
0
4
9
64
9
44
9
14
9
34
9
44
9
99
9
34
19
64
9
64
9
34
9
64
9
99
8
25
9
94
9
34
9
47
9
44
9
99
9
94
9
44
9
34
19
92
9
64
9
14
9
74
9
44
19
94
3
19
18
90
9
64
9
74
9
14
9
34
9
64
9
99
9
14
9
99
9
94
19
33
19
32
19
34
19
62
19
32
9
94
0
70
1
89
19
93
9
34
9
99
19
93
9
94
9
36
9
14
19
94
9
99
9
68
19
92
19
92
9
64
9
64
19
94
9
14
19
33
9
99
19
62
19
94
9
64
19
31
4
39
19
33
9
14
9
64
19
33
9
34
19
93
9
74
19
92
9
94
9
64
19
92
19
64
9
74
9
77
9
64
9
34
9
94
9
74
19
63
9
64
19
91
9
34
9
99
9
74
9
99
9
99
9
64
9
74
9
44
0
90
9
34
9
34
9
14
9
94
9
44
9
34
19
34
9
99
9
64
18
30
9
74
9
94
9
74
9
99
19
34
9
24
9
99
9
97
9
14
19
31
9
44
19
34
9
99
9
64
19
64
0
90
9
34
19
93
19
64
9
44
9
44
9
99
9
44
9
34
19
93
19
62
9
74
9
26
9
87
9
44
9
64
19
94
19
91
9
44
9
99
0
80
9
94
9
99
9
94
9
44
9
44
9
44
2
49
9
34
19
94
19
63
9
99
19
64
9
34
19
63
9
14
19
94
18
60
19
93
19
92
9
74
9
94
9
14
9
44
19
32
9
34
9
14
19
64
9
99
18
30
9
99
9
74
9
14
9
94
19
92
9
99
9
74
19
94
9
64
9
64
9
94
19
94
9
64
4
29
9
14
9
74
9
74
9
34
9
64
19
34
19
92
9
99
9
99
19
62
9
94
9
14
9
94
9
74
9
99
9
99
9
14
19
34
9
94
9
34
9
64
9
64
19
62
9
94
9
64
18
60
9
34
9
99
9
34
19
33
9
34
19
94
19
92
9
44
9
44
9
99
19
64
9
94
9
58
9
64
9
14
8
55
9
64
19
34
9
6
18
60
19
92
19
61
9
3
19
34
9
94
9
74
4
40
9
94
9
34
19
33
9
64
19
34
9
64
9
44
19
62
19
62
9
99
9
74
9
14
9
14
9
34
9
74
19
63
9
64
19
94
19
63
9
99
9
14
19
33
9
44
9
44
19
93
19
92
9
94
9
99
0
20
9
74
19
94
19
94
19
64
9
64
19
93
9
14
9
99
9
99
19
94
19
64
9
34
9
64
9
14
9
94
9
99
9
74
9
74
9
64
0
85
9
99
19
32
19
33
9
34
19
61
9
44
9
64
9
14
9
74
19
63
1
69
19
92
9
99
9
14
9
99
9
99
9
44
9
74
9
44
3
29
9
14
19
64
9
34
9
74
9
74
18
30
9
94
9
99
9
99
9
64
2
39
2
29
9
99
9
14
9
64
9
44
9
14
19
34
19
93
9
34
19
94
9
94
19
32
9
44
9
74
9
14
19
94
19
62
9
44
9
99
9
94
0
20
9
34
9
99
9
14
9
74
9
34
9
74
9
44
9
74
19
94
19
92
19
33
9
99
9
64
19
62
19
62
