8
96
9
99
9
77
9
78
9
68
10
82
9
62
9
31
9
99
6
99
8
10
7
27
7
89
9
30
9
50
9
68
9
31
8
96
9
11
9
11
9
99
8
57
0
60
9
31
8
68
7
39
7
89
8
70
8
29
7
49
6
79
8
66
8
87
9
57
8
70
6
9
7
26
8
20
7
89
9
47
8
68
7
99
6
66
9
32
6
69
8
78
9
17
6
37
0
40
6
49
6
48
6
99
6
59
8
50
7
57
6
8
9
31
9
92
8
16
8
30
7
79
6
39
9
79
9
39
7
39
9
59
6
38
9
69
6
29
6
98
9
8
9
27
9
39
6
18
6
19
9
11
6
79
10
52
8
10
9
89
9
81
8
16
8
80
8
99
7
59
7
79
10
52
7
46
6
99
7
89
8
40
9
78
7
19
9
17
10
22
6
69
8
70
10
82
7
59
9
87
7
96
6
68
6
19
6
29
9
27
6
49
6
19
9
32
9
40
10
52
9
17
8
78
9
41
7
29
7
79
9
91
9
78
7
49
9
21
7
27
8
90
6
99
6
99
8
76
9
31
7
89
8
70
9
92
7
49
7
49
6
29
9
71
6
36
8
70
6
9
8
86
6
39
9
99
8
80
6
49
9
89
9
61
7
99
6
6
9
61
9
78
9
12
7
19
6
89
6
28
0
70
9
51
8
99
9
8
9
19
8
30
9
71
8
19
8
80
9
87
8
66
8
76
8
40
9
9
7
49
8
16
7
49
9
20
9
92
8
99
9
68
9
31
7
29
9
99
10
22
8
20
9
20
7
69
7
77
10
82
7
79
7
98
9
32
7
77
9
88
6
6
9
41
8
96
9
41
7
87
7
29
9
89
9
38
9
99
7
49
7
16
7
59
8
60
7
29
10
22
7
19
8
30
9
88
9
28
6
19
6
76
8
68
8
10
8
20
9
11
7
49
9
32
6
59
10
22
10
52
9
51
7
57
9
62
6
9
8
50
10
22
8
90
8
66
7
89
7
89
8
18
6
76
8
80
9
58
8
97
9
91
9
70
9
62
7
19
9
31
8
19
8
80
7
38
8
20
6
9
9
99
6
69
9
99
6
69
7
46
8
90
8
53
6
99
9
99
9
81
7
29
8
17
8
30
9
91
9
10
7
19
8
16
7
19
8
60
7
29
7
99
7
29
8
28
9
58
7
77
6
89
9
81
6
19
9
32
9
91
7
79
10
82
9
69
6
19
9
71
6
59
9
90
8
20
10
82
8
36
7
76
9
50
9
38
6
29
6
89
9
32
8
50
9
89
8
80
0
78
8
99
9
37
8
6
7
86
6
92
8
38
8
70
6
89
8
37
8
97
8
99
6
69
7
49
9
98
8
27
7
69
6
69
9
49
6
29
8
90
6
59
9
9
8
20
9
61
8
70
9
27
8
60
7
59
9
99
6
49
6
97
6
79
9
61
6
59
9
42
7
79
10
22
9
30
9
61
7
69
8
10
9
21
9
99
7
59
6
87
6
97
9
9
9
49
6
18
9
89
8
90
9
12
8
99
6
18
8
10
7
89
6
29
9
21
8
6
9
17
9
68
9
42
6
58
6
19
9
9
9
7
9
8
7
89
8
10
7
19
8
79
6
6
6
57
9
47
6
39
10
52
9
12
4
29
8
46
6
99
6
9
8
20
8
40
0
90
8
36
6
79
9
98
8
38
9
61
9
51
7
49
9
72
6
29
7
49
9
70
9
50
8
60
9
32
6
19
8
99
8
96
9
99
8
20
8
99
9
8
8
56
8
10
8
16
8
70
0
70
7
59
10
22
6
79
7
26
8
29
9
31
7
36
7
39
9
99
6
39
1
99
9
81
8
10
9
10
0
90
8
30
8
7
7
99
8
40
6
16
8
6
8
19
8
20
6
49
8
20
7
69
8
40
8
30
9
70
9
59
9
37
8
70
9
7
8
70
6
49
8
70
9
31
9
39
9
79
6
96
6
69
8
26
7
96
9
41
7
49
6
39
9
89
8
10
8
17
8
58
9
29
7
79
9
99
9
39
7
29
9
61
9
77
6
86
8
68
7
19
4
69
9
32
6
19
0
40
7
78
8
90
10
52
8
20
6
18
7
69
7
59
9
49
8
88
6
29
8
90
7
99
8
60
9
60
9
42
9
11
8
6
8
77
6
66
7
89
8
26
6
49
8
75
8
60
8
76
7
69
2
36
6
9
9
99
7
37
8
56
7
49
6
99
8
70
8
50
6
49
7
29
9
99
7
49
6
49
6
19
6
99
9
30
7
9
9
37
7
59
9
61
6
29
8
18
9
91
9
40
6
84
8
37
9
17
6
55
9
61
8
97
6
6
9
38
8
50
6
89
6
29
7
99
9
49
7
29
10
22
7
19
6
36
8
74
6
69
7
99
8
30
2
99
7
9
0
0
9
41
8
66
9
61
9
17
8
58
7
39
9
11
9
8
8
99
9
47
9
42
7
79
9
92
6
89
9
29
9
41
9
17
9
70
8
80
9
60
6
39
8
98
6
59
7
79
8
77
9
50
9
29
9
99
6
99
9
39
6
97
7
49
7
8
9
72
9
91
10
52
9
28
7
19
6
39
9
47
6
66
6
68
8
90
6
49
6
29
9
11
6
79
7
29
7
59
9
47
6
7
7
99
6
79
9
51
7
89
9
11
9
17
1
38
7
89
6
39
9
28
8
60
4
67
9
90
9
68
9
70
6
99
10
22
7
19
8
50
8
99
2
9
6
9
10
52
10
52
9
41
9
11
9
49
9
11
9
38
6
39
8
66
8
50
6
89
0
90
8
90
9
97
9
72
9
31
7
9
7
79
0
24
2
89
7
89
8
54
8
90
10
22
8
40
8
40
8
99
9
39
9
8
9
38
0
4
9
58
6
39
7
9
8
30
9
42
8
99
8
26
8
50
6
58
8
30
9
59
9
99
6
25
9
91
6
29
7
47
9
38
9
99
7
87
7
36
8
30
6
79
6
59
9
11
7
67
7
39
8
80
3
17
6
76
6
59
6
69
8
7
7
29
9
58
8
99
7
9
7
99
8
89
8
19
7
18
10
22
6
49
6
19
7
88
0
70
1
89
8
79
7
27
7
99
7
79
9
92
9
36
6
8
9
80
6
99
8
68
6
79
9
78
9
62
8
56
9
81
9
9
7
19
9
98
6
49
9
81
8
58
8
17
4
39
7
19
6
9
9
62
7
19
6
29
7
79
9
67
6
79
9
92
9
61
9
78
8
50
6
69
7
77
6
59
8
30
8
86
9
71
9
49
9
60
9
77
6
29
9
99
9
71
6
99
6
99
9
62
6
69
9
37
0
90
9
32
7
29
8
8
6
89
8
40
9
32
9
21
7
98
9
62
8
16
7
68
9
87
8
69
9
99
8
20
8
24
8
99
9
97
9
12
8
17
8
37
8
20
9
99
9
57
9
51
0
90
7
29
7
79
9
51
8
40
7
39
9
99
6
39
9
30
9
79
8
48
9
71
8
26
9
87
6
38
8
60
9
81
6
77
9
41
9
99
0
80
8
90
9
99
9
92
9
40
8
39
9
42
2
49
6
29
9
80
9
49
6
99
8
50
9
31
7
49
6
6
9
81
7
46
9
79
6
79
6
69
8
90
8
10
7
37
8
18
9
31
9
7
9
51
9
99
8
16
9
99
6
69
8
10
6
89
6
79
8
99
9
69
8
80
9
59
9
61
6
88
8
80
7
59
4
29
6
7
6
69
7
68
7
29
7
59
8
20
6
78
9
98
8
98
6
49
7
89
8
9
8
90
9
71
9
99
6
99
9
10
9
21
9
90
6
29
6
59
6
57
7
48
6
89
9
59
7
46
9
31
8
96
9
29
8
19
6
26
8
80
6
79
7
39
9
40
7
99
9
51
8
86
8
58
8
60
8
10
8
55
9
58
10
22
7
6
8
46
6
78
9
47
6
3
8
20
6
88
9
69
4
40
8
90
8
28
9
19
9
59
8
20
7
59
6
39
6
49
8
48
9
99
6
69
8
10
6
9
9
29
8
66
7
49
9
61
9
81
7
49
8
99
8
6
7
19
6
39
7
37
7
79
9
78
7
89
8
99
0
20
9
68
8
80
8
80
9
50
7
56
7
79
7
9
6
99
7
96
9
81
8
50
8
28
7
59
9
11
6
87
9
99
7
69
8
70
7
57
0
85
6
99
7
18
9
19
8
30
9
47
9
41
7
59
9
9
6
69
7
49
1
69
6
79
7
99
8
9
7
99
9
98
9
38
6
69
9
40
3
29
6
9
10
52
9
27
9
70
9
70
8
16
9
92
8
99
8
99
9
57
2
38
2
29
6
99
9
9
6
59
9
40
6
6
9
21
9
79
8
26
10
82
9
92
9
18
6
36
9
69
6
9
8
80
6
49
6
39
9
99
7
89
0
20
7
29
7
97
6
9
6
68
9
32
8
70
9
42
8
70
9
81
6
79
7
19
7
99
9
61
7
48
6
49
