6
94
8
99
7
75
8
76
7
66
8
80
8
60
7
29
7
99
4
99
6
8
5
25
5
87
7
28
7
48
7
66
8
29
7
94
7
9
7
9
8
97
6
55
0
60
7
29
6
66
5
39
5
89
6
68
6
27
5
49
4
78
6
64
6
85
7
55
6
69
4
9
5
24
6
19
5
89
7
45
6
66
5
99
4
64
8
30
4
69
6
76
7
15
4
35
0
40
4
48
4
46
4
99
4
59
6
49
5
55
4
6
7
29
8
90
7
14
6
29
5
79
4
39
7
77
7
37
5
37
8
57
4
36
8
67
4
29
4
96
7
6
8
25
8
37
4
16
4
19
7
9
4
79
8
50
6
9
7
87
7
79
7
14
6
79
6
99
5
59
5
79
8
50
5
44
4
99
5
88
6
39
8
76
5
17
7
15
8
20
4
69
6
69
8
80
5
59
8
85
5
94
4
66
4
17
4
29
7
25
4
49
4
19
8
30
7
38
8
50
8
15
6
76
7
39
5
29
5
79
8
89
8
76
5
49
8
19
5
25
6
89
4
99
4
97
6
74
7
29
5
89
6
69
8
90
5
47
5
49
4
27
7
69
4
34
6
69
4
9
6
84
4
39
8
99
6
79
4
47
7
87
7
59
5
99
4
4
7
59
8
76
8
10
5
19
4
89
4
26
0
70
7
49
6
99
8
6
7
17
6
29
8
69
6
17
6
79
8
85
7
64
7
74
6
39
7
7
5
49
6
14
5
47
8
18
8
90
6
99
7
66
7
29
5
29
7
99
8
20
6
19
8
18
5
67
5
75
8
80
5
79
5
96
8
30
5
75
8
86
4
4
7
39
6
94
7
39
5
85
5
29
7
87
7
36
8
99
5
49
5
14
5
57
6
59
5
29
8
20
5
19
6
29
7
86
8
26
4
17
4
74
6
66
6
9
6
18
7
9
5
49
8
30
4
59
8
20
8
50
7
49
5
55
8
60
4
9
6
49
8
20
6
88
6
64
5
88
5
89
6
16
4
74
6
78
8
56
6
95
7
89
7
68
8
60
5
17
7
29
6
17
6
79
5
36
6
18
4
9
7
99
4
69
7
99
4
69
5
44
6
89
6
53
4
99
7
98
7
79
5
29
6
15
6
29
7
89
8
8
5
18
6
14
5
19
6
59
5
29
5
99
5
29
6
26
7
56
5
75
4
89
7
79
4
17
8
30
7
89
5
79
8
80
8
67
4
19
7
69
4
59
8
88
6
19
8
80
6
34
5
74
7
48
8
36
4
29
4
89
8
30
6
49
7
87
6
79
0
78
6
99
8
35
7
4
5
84
4
92
6
36
6
69
4
89
6
35
6
95
6
97
4
68
5
49
8
96
6
25
5
69
4
69
8
47
4
28
6
89
4
59
8
7
6
19
7
59
6
69
8
25
6
59
5
59
8
99
4
49
4
95
4
78
8
59
4
59
8
40
5
79
8
20
8
28
7
59
5
68
6
9
7
19
8
99
5
59
4
85
4
95
8
7
7
47
4
16
8
87
6
89
8
10
6
99
4
16
6
9
5
88
4
29
8
19
6
4
8
15
8
66
8
40
4
56
4
19
8
7
8
5
8
6
5
88
6
9
5
19
6
77
4
4
4
55
7
45
4
39
8
50
8
10
4
28
7
44
4
99
4
9
6
19
6
39
0
90
7
34
4
79
8
96
6
36
7
59
7
49
5
48
8
70
4
28
5
48
7
68
8
48
6
58
8
30
4
17
6
99
7
94
8
97
6
19
6
98
8
6
7
54
6
8
6
14
6
69
0
70
5
59
8
20
4
78
5
24
6
27
8
29
5
34
5
39
7
99
4
39
1
99
8
79
6
9
7
8
0
90
6
28
6
5
5
99
6
39
4
14
6
4
6
17
6
18
4
49
6
18
5
67
6
39
6
28
7
68
7
57
7
35
6
69
8
5
6
69
4
49
6
69
8
29
8
37
8
77
4
94
4
69
6
24
5
94
7
39
5
49
4
39
8
87
6
9
6
15
6
56
7
27
5
78
8
99
7
37
5
29
7
59
7
75
4
84
6
66
5
18
4
68
8
30
4
19
0
40
5
76
6
89
8
50
6
19
4
16
5
68
5
59
8
47
6
86
4
27
6
89
5
99
6
59
8
58
8
40
8
9
6
4
6
75
4
64
5
89
7
24
4
49
7
75
6
59
6
74
5
68
2
34
4
9
8
98
5
35
7
54
5
47
4
98
6
69
6
48
4
49
5
29
7
99
5
49
4
48
4
19
4
99
7
28
5
7
8
35
5
59
7
59
4
29
6
16
8
89
7
38
4
84
6
35
8
15
4
55
7
59
6
95
4
4
7
36
6
49
4
89
4
29
5
99
8
47
5
29
8
20
5
19
4
34
6
74
4
69
5
99
6
29
2
99
5
9
0
0
7
39
6
64
7
59
7
15
6
56
5
39
7
9
8
6
6
99
8
45
8
40
5
79
8
90
4
89
8
27
7
39
8
15
8
68
6
79
8
58
4
39
6
96
4
58
5
77
6
75
8
48
8
27
8
99
4
99
7
37
4
95
5
49
5
6
8
70
8
89
8
50
8
26
5
19
4
39
7
45
4
64
4
66
6
89
4
48
4
29
7
9
4
77
5
28
5
59
8
45
4
5
5
99
4
79
7
49
5
88
7
9
8
15
1
36
5
87
4
39
7
26
6
59
4
65
8
88
7
66
7
68
4
99
8
20
5
19
6
49
6
97
2
9
4
9
8
50
8
50
7
39
7
9
8
47
7
9
7
36
4
38
7
64
6
48
4
89
0
90
6
89
8
95
8
70
7
29
5
9
5
79
0
24
2
88
5
89
6
54
6
89
8
20
6
39
6
38
6
99
7
37
7
6
7
36
0
4
7
56
4
39
5
9
6
29
8
40
6
97
7
24
6
48
4
56
6
29
7
57
7
99
4
25
7
89
4
27
5
47
7
36
8
98
5
85
5
34
6
28
4
79
4
59
7
9
5
65
5
37
6
79
3
15
4
74
4
59
4
67
6
5
5
29
7
56
6
99
5
9
5
99
6
87
6
17
5
16
8
20
4
49
4
19
5
86
0
70
1
89
6
77
5
25
5
98
5
78
8
90
7
36
4
6
8
78
4
99
6
68
4
79
7
76
8
60
7
54
7
79
7
7
5
19
8
96
4
49
7
79
6
56
6
15
4
37
5
19
4
9
8
60
5
19
4
28
5
77
7
65
4
79
8
90
7
59
8
76
6
49
4
69
5
77
4
58
6
28
7
84
8
69
7
47
8
58
8
75
4
27
8
99
8
69
4
99
4
99
8
60
4
69
8
35
0
90
8
30
5
29
6
6
4
89
6
39
8
30
7
19
5
96
8
60
7
14
5
66
8
85
6
67
8
99
6
18
6
24
6
97
7
97
8
10
6
15
6
35
6
19
7
99
7
55
7
49
0
90
5
29
5
79
7
49
6
38
5
39
8
99
4
37
7
28
7
77
6
46
7
69
6
26
8
87
4
36
6
59
7
79
4
75
7
39
7
99
0
80
6
89
7
99
8
90
8
38
6
37
8
40
2
49
4
29
8
78
8
47
4
99
6
49
7
29
5
49
4
4
7
79
5
44
8
77
4
78
4
69
6
89
6
9
5
35
6
16
7
29
7
5
7
49
8
99
6
14
7
98
4
67
6
9
4
89
4
79
6
97
8
67
6
79
8
57
8
59
4
86
6
79
5
59
4
29
4
5
4
69
5
66
5
27
5
59
6
19
4
76
8
96
6
96
4
48
5
88
6
7
6
89
7
69
8
99
4
97
7
8
7
19
7
88
4
29
4
59
4
55
5
46
4
87
7
57
5
44
7
29
7
94
8
27
6
17
4
24
6
79
4
79
5
38
8
38
5
99
7
49
6
84
6
58
6
59
6
9
7
55
7
56
8
20
5
6
7
44
4
76
8
45
4
3
6
19
4
86
7
67
4
40
6
89
6
26
7
17
8
57
6
19
5
59
4
38
4
49
6
46
7
97
4
67
6
9
4
9
7
27
7
64
5
49
7
59
7
79
5
47
6
98
7
4
5
19
4
39
5
35
5
79
8
76
5
88
6
98
0
20
7
66
6
79
6
79
8
48
5
54
5
79
5
9
4
99
5
94
8
79
6
49
6
26
5
57
7
9
4
85
8
99
5
69
6
69
5
55
0
85
4
99
5
16
7
17
6
28
7
45
7
39
5
59
8
7
4
67
5
49
1
69
4
79
5
99
6
7
5
99
8
96
7
36
4
69
8
38
3
28
4
9
8
50
8
25
8
68
7
68
6
14
8
90
6
97
6
99
7
55
2
36
2
28
4
99
8
7
4
57
7
38
4
4
7
19
8
77
7
24
8
80
8
90
7
16
4
34
8
67
4
9
6
79
4
49
4
39
8
99
5
89
0
20
5
29
5
95
4
9
4
66
8
30
6
69
8
40
6
69
7
79
4
79
5
19
5
99
7
59
5
46
4
49
