9
97
9
99
9
78
9
79
9
69
11
83
9
63
9
32
9
99
7
99
9
11
8
28
8
90
9
31
9
51
9
69
9
32
9
97
9
12
9
12
9
99
9
58
0
60
9
32
9
69
8
40
8
90
9
71
9
30
8
50
7
79
9
67
9
88
9
58
9
71
7
9
8
27
9
21
8
90
9
48
9
69
8
99
7
67
9
33
7
69
9
79
9
18
7
38
0
40
7
49
7
49
7
99
7
59
9
51
8
58
7
9
9
32
9
93
9
17
9
31
8
80
7
39
9
80
9
40
8
40
9
60
7
39
9
70
7
29
7
99
9
9
9
28
9
40
7
19
7
19
9
12
7
79
11
53
9
11
9
90
10
82
9
17
9
81
9
99
8
60
8
80
11
53
8
47
7
99
8
90
9
41
9
79
8
20
9
18
11
23
7
69
9
71
11
83
8
60
9
88
8
97
7
69
7
19
7
29
9
28
7
49
7
19
9
33
9
41
11
53
9
18
9
79
9
42
8
30
8
80
9
92
9
79
8
50
10
22
8
28
9
91
7
99
7
99
9
77
9
32
8
90
9
71
9
93
8
50
8
50
7
29
9
72
7
37
9
71
7
9
9
87
7
39
9
99
9
81
7
49
9
90
9
62
8
99
7
7
9
62
9
79
9
13
8
20
7
89
7
29
0
70
10
52
9
99
9
9
9
20
9
31
9
72
9
20
9
81
9
88
9
67
9
77
9
41
9
10
8
50
9
17
8
50
9
21
9
93
9
99
9
69
9
32
8
30
9
99
11
23
9
21
9
21
8
70
8
78
11
83
8
80
8
99
9
33
8
78
9
89
7
7
9
42
9
97
9
42
8
88
8
30
9
90
9
39
9
99
8
50
8
17
8
60
9
61
8
30
11
23
8
20
9
31
9
89
9
29
7
19
7
77
9
69
9
11
9
21
9
12
8
50
9
33
7
59
11
23
11
53
10
52
8
58
9
63
7
9
9
51
11
23
9
91
9
67
8
90
8
90
9
19
7
77
9
81
9
59
9
98
9
92
9
71
9
63
8
20
9
32
9
20
9
81
8
39
9
21
7
9
9
99
7
69
9
99
7
69
8
47
9
91
9
53
7
99
9
99
10
82
8
30
9
18
9
31
9
92
9
11
8
20
9
17
8
20
9
61
8
30
8
99
8
30
9
29
9
59
8
78
7
89
10
82
7
19
9
33
9
92
8
80
11
83
9
70
7
19
9
72
7
59
9
91
9
21
11
83
9
37
8
77
9
51
9
39
7
29
7
89
9
33
9
51
9
90
9
81
0
78
9
99
9
38
9
7
8
87
7
92
9
39
9
71
7
89
9
38
9
98
9
99
7
69
8
50
9
99
9
28
8
70
7
69
9
50
7
29
9
91
7
59
9
10
9
21
9
62
9
71
9
28
9
61
8
60
9
99
7
49
7
98
7
79
9
62
7
59
9
43
8
80
11
23
9
31
9
62
8
70
9
11
10
22
9
99
8
60
7
88
7
98
9
10
9
50
7
19
9
90
9
91
9
13
9
99
7
19
9
11
8
90
7
29
10
22
9
7
9
18
9
69
9
43
7
59
7
19
9
10
9
8
9
9
8
90
9
11
8
19
9
80
7
7
7
58
9
48
7
39
11
53
9
13
4
29
9
47
7
99
7
9
9
21
9
41
0
90
9
37
7
79
9
99
9
39
9
62
10
52
8
50
9
73
7
29
8
50
9
71
9
51
9
61
9
33
7
19
9
99
9
97
9
99
9
21
9
99
9
9
9
57
9
11
9
17
9
71
0
70
8
60
11
23
7
79
8
27
9
30
9
32
8
37
8
40
9
99
7
39
1
99
10
82
9
11
9
11
0
90
9
31
9
8
8
99
9
41
7
17
9
7
9
20
9
21
7
49
9
21
8
70
9
41
9
31
9
71
9
60
9
38
9
71
9
8
9
71
7
49
9
71
9
32
9
40
9
80
7
97
7
69
9
27
8
97
9
42
8
50
7
39
9
90
9
11
9
18
9
59
9
30
8
80
9
99
9
40
8
30
9
62
9
78
7
87
9
69
8
20
4
69
9
33
7
19
0
40
8
79
9
91
11
53
9
21
7
19
8
70
8
60
9
50
9
89
7
29
9
91
8
99
9
61
9
61
9
43
9
12
9
7
9
78
7
67
8
90
9
27
7
49
8
75
9
61
9
77
8
70
2
37
7
9
9
99
8
38
9
57
8
50
7
99
9
71
9
51
7
49
8
30
9
99
8
50
7
49
7
19
7
99
9
31
8
10
9
38
8
60
9
62
7
29
9
19
9
92
9
41
7
84
9
38
9
18
7
55
9
62
9
98
7
7
9
39
9
51
7
89
7
29
8
99
9
50
8
30
11
23
8
20
7
37
9
74
7
69
8
99
9
31
2
99
8
10
0
0
9
42
9
67
9
62
9
18
9
59
8
40
9
12
9
9
9
99
9
48
9
43
8
80
9
93
7
89
9
30
9
42
9
18
9
71
9
81
9
61
7
39
9
99
7
59
8
80
9
78
9
51
9
30
9
99
7
99
9
40
7
98
8
50
8
9
9
73
9
92
11
53
9
29
8
20
7
39
9
48
7
67
7
69
9
91
7
49
7
29
9
12
7
79
8
30
8
60
9
48
7
8
8
99
7
79
10
52
8
90
9
12
9
18
1
39
8
90
7
39
9
29
9
61
4
68
9
91
9
69
9
71
7
99
11
23
8
20
9
51
9
99
2
9
7
9
11
53
11
53
9
42
9
12
9
50
9
12
9
39
7
39
9
67
9
51
7
89
0
90
9
91
9
98
9
73
9
32
8
10
8
80
0
24
2
89
8
90
9
53
9
91
11
23
9
41
9
41
9
99
9
40
9
9
9
39
0
4
9
59
7
39
8
10
9
31
9
43
9
99
9
27
9
51
7
59
9
31
9
60
9
99
7
25
9
92
7
29
8
47
9
39
9
99
8
88
8
37
9
31
7
79
7
59
9
12
8
68
8
40
9
81
3
18
7
77
7
59
7
69
9
8
8
30
9
59
9
99
8
10
8
99
9
90
9
20
8
19
11
23
7
49
7
19
8
89
0
70
1
89
9
80
8
28
8
99
8
80
9
93
9
36
7
9
9
81
7
99
9
68
7
79
9
79
9
63
9
57
10
82
9
10
8
20
9
99
7
49
10
82
9
59
9
18
4
39
8
20
7
9
9
63
8
20
7
29
8
80
9
68
7
79
9
93
9
62
9
79
9
51
7
69
8
77
7
59
9
31
9
87
9
72
9
50
9
61
9
78
7
29
9
99
9
72
7
99
7
99
9
63
7
69
9
38
0
90
9
33
8
30
9
9
7
89
9
41
9
33
10
22
8
99
9
63
9
17
8
69
9
88
9
70
9
99
9
21
9
24
9
99
9
97
9
13
9
18
9
38
9
21
9
99
9
58
10
52
0
90
8
30
8
80
10
52
9
41
8
40
9
99
7
39
9
31
9
80
9
49
9
72
9
26
9
87
7
39
9
61
10
82
7
78
9
42
9
99
0
80
9
91
9
99
9
93
9
41
9
40
9
43
2
49
7
29
9
81
9
50
7
99
9
51
9
32
8
50
7
7
10
82
8
47
9
80
7
79
7
69
9
91
9
11
8
38
9
19
9
32
9
8
10
52
9
99
9
17
9
99
7
69
9
11
7
89
7
79
9
99
9
70
9
81
9
60
9
62
7
89
9
81
8
60
4
29
7
8
7
69
8
69
8
30
8
60
9
21
7
79
9
99
9
99
7
49
8
90
9
10
9
91
9
72
9
99
7
99
9
11
10
22
9
91
7
29
7
59
7
58
8
49
7
89
9
60
8
47
9
32
9
97
9
30
9
20
7
27
9
81
7
79
8
40
9
41
8
99
10
52
9
87
9
58
9
61
9
11
8
55
9
59
11
23
8
6
9
47
7
79
9
48
7
3
9
21
7
89
9
70
4
40
9
91
9
29
9
20
9
60
9
21
8
60
7
39
7
49
9
49
9
99
7
69
9
11
7
9
9
30
9
67
8
50
9
62
10
82
8
50
9
99
9
7
8
20
7
39
8
38
8
80
9
79
8
90
9
99
0
20
9
69
9
81
9
81
9
51
8
57
8
80
8
10
7
99
8
97
10
82
9
51
9
29
8
60
9
12
7
88
9
99
8
70
9
71
8
58
0
85
7
99
8
19
9
20
9
31
9
48
9
42
8
60
9
10
7
69
8
50
1
69
7
79
8
99
9
10
8
99
9
99
9
39
7
69
9
41
3
29
7
9
11
53
9
28
9
71
9
71
9
17
9
93
9
99
9
99
9
58
2
39
2
29
7
99
9
10
7
59
9
41
7
7
10
22
9
80
9
27
11
83
9
93
9
19
7
37
9
70
7
9
9
81
7
49
7
39
9
99
8
90
0
20
8
30
8
98
7
9
7
69
9
33
9
71
9
43
9
71
10
82
7
79
8
20
8
99
9
62
8
49
7
49
