9
99
9
99
16
88
17
89
9
74
19
93
9
64
9
34
9
99
9
99
9
14
9
34
9
94
9
34
19
61
9
74
9
34
9
99
9
14
9
14
9
99
9
64
0
60
9
34
9
74
9
44
9
94
9
74
9
34
18
60
17
89
9
74
9
94
9
64
9
74
9
14
9
34
19
31
9
94
16
58
9
74
9
99
9
74
9
34
9
74
17
89
16
28
9
44
0
40
17
59
17
59
9
99
9
64
19
61
9
64
9
14
9
34
9
94
15
27
9
34
18
90
9
44
18
90
9
44
9
44
9
64
9
44
9
74
9
34
9
99
9
14
9
34
9
44
17
29
17
29
9
14
17
89
19
63
9
14
9
94
19
92
15
27
19
91
9
99
9
64
18
90
19
63
15
57
9
99
9
94
9
44
17
89
18
30
16
28
19
33
9
74
9
74
19
93
9
64
9
94
9
99
9
74
17
29
9
34
9
34
17
59
17
29
9
34
9
44
19
63
16
28
17
89
9
44
9
34
18
90
9
94
17
89
18
60
19
32
9
34
9
94
9
99
9
99
15
87
9
34
9
94
9
74
9
94
18
60
18
60
9
34
9
74
9
44
9
74
9
14
9
94
9
44
9
99
19
91
17
59
9
94
9
64
9
99
9
14
9
64
17
89
9
14
18
30
9
94
9
34
0
70
19
62
9
99
9
14
18
30
9
34
9
74
18
30
19
91
9
94
9
74
15
87
9
44
9
14
18
60
15
27
18
60
19
31
9
94
9
99
9
74
9
34
9
34
9
99
19
33
19
31
19
31
9
74
16
88
19
93
18
90
9
99
9
34
16
88
9
94
9
14
9
44
9
99
9
44
9
94
9
34
9
94
9
44
9
99
18
60
15
27
9
64
9
64
9
34
19
33
18
30
9
34
9
94
9
34
17
29
15
87
9
74
9
14
19
31
9
14
18
60
9
34
9
64
19
33
19
63
19
62
9
64
9
64
9
14
19
61
19
33
9
94
9
74
9
94
9
94
17
29
15
87
19
91
9
64
9
99
9
94
9
74
9
64
18
30
9
34
18
30
19
91
9
44
19
31
9
14
9
99
9
74
9
99
9
74
15
57
9
94
19
53
9
99
9
99
19
92
9
34
16
28
9
34
9
94
9
14
18
30
15
27
18
30
9
64
9
34
9
99
9
34
9
34
9
64
16
88
9
94
19
92
17
29
9
34
9
94
18
90
19
93
9
74
17
29
9
74
9
64
9
94
19
31
19
93
9
44
15
87
19
61
9
44
9
34
9
94
9
34
19
61
9
94
19
91
0
78
9
99
9
44
9
14
9
94
9
92
9
44
9
74
9
94
9
44
9
99
9
99
9
74
18
60
9
99
9
34
9
74
9
74
18
60
9
34
9
94
9
64
9
14
19
31
9
64
9
74
9
34
9
64
9
64
9
99
17
59
9
99
17
89
9
64
9
64
9
44
18
90
19
33
9
34
9
64
9
74
9
14
19
32
9
99
9
64
9
94
9
99
9
14
18
60
17
29
9
94
9
94
9
14
9
99
17
29
9
14
9
94
9
34
19
32
9
14
16
28
9
74
9
44
9
64
17
29
9
14
9
14
9
14
9
94
9
14
9
19
18
90
9
14
9
64
16
58
9
44
19
63
9
14
4
29
15
57
9
99
9
14
19
31
9
44
0
90
9
44
17
89
9
99
9
44
9
64
19
62
18
60
9
74
9
34
18
60
9
74
19
61
9
64
9
34
17
29
9
99
9
99
9
99
19
31
9
99
9
14
9
64
9
14
15
27
9
74
0
70
9
64
19
33
17
89
9
34
9
34
9
34
9
44
9
44
9
99
9
44
1
99
19
92
9
14
9
14
0
90
9
34
9
14
9
99
9
44
15
27
9
14
18
30
19
31
17
59
19
31
9
74
9
44
9
34
9
74
9
64
9
44
9
74
9
14
9
74
17
59
9
74
9
34
9
44
18
90
9
99
9
74
9
34
9
99
9
44
18
60
9
44
9
94
9
14
16
28
9
64
9
34
18
90
9
99
9
44
9
34
9
64
16
88
9
94
9
74
18
30
4
69
9
34
17
29
0
40
17
89
9
94
19
63
19
31
17
29
9
74
9
64
18
60
9
94
9
34
9
94
9
99
9
64
9
64
9
44
9
14
9
14
16
88
9
74
9
94
9
34
17
59
8
75
9
64
15
87
9
74
2
39
9
14
9
99
9
44
9
64
18
60
9
99
9
74
19
61
17
59
9
34
9
99
18
60
17
59
17
29
9
99
9
34
9
14
9
44
9
64
9
64
9
34
17
29
9
94
9
44
17
82
9
44
16
28
8
55
9
64
9
99
9
14
9
44
19
61
9
94
9
34
9
99
18
60
9
34
19
33
18
30
9
44
9
74
9
74
9
99
9
34
2
99
9
14
0
0
9
44
9
74
9
64
16
28
9
64
9
44
9
14
9
14
9
99
16
58
9
44
18
90
9
94
9
94
9
34
9
44
16
28
9
74
19
91
9
64
9
44
9
99
9
64
18
90
16
88
19
61
9
34
9
99
9
99
9
44
9
99
18
60
9
14
9
74
9
94
19
63
9
34
18
30
9
44
16
58
9
74
9
74
9
94
17
59
9
34
9
14
17
89
9
34
9
64
16
58
9
14
9
99
17
89
19
62
9
94
9
14
16
28
1
39
9
94
9
44
9
34
9
64
4
69
9
94
9
74
9
74
9
99
19
33
18
30
19
61
9
99
2
9
9
14
19
63
19
63
9
44
9
14
18
60
9
14
9
44
9
44
9
74
19
61
9
94
0
90
9
94
9
99
9
74
9
34
9
14
18
90
0
24
2
89
9
94
19
52
9
94
19
33
9
44
9
44
9
99
9
44
9
14
9
44
0
4
9
64
9
44
9
14
9
34
9
44
9
99
9
34
19
61
9
64
9
34
9
64
9
99
8
25
9
94
9
34
9
47
9
44
9
99
9
94
9
44
9
34
17
89
9
64
9
14
9
74
9
44
19
91
3
19
15
87
9
64
9
74
9
14
9
34
9
64
9
99
9
14
9
99
9
94
18
30
17
29
19
33
17
59
17
29
9
94
0
70
1
89
18
90
9
34
9
99
18
90
9
94
9
36
9
14
19
91
9
99
9
68
17
89
17
89
9
64
9
64
19
92
9
14
18
30
9
99
17
59
19
92
9
64
16
28
4
39
18
30
9
14
9
64
18
30
9
34
18
90
9
74
17
89
9
94
9
64
17
89
19
61
9
74
9
77
9
64
9
34
9
94
9
74
18
60
9
64
16
88
9
34
9
99
9
74
9
99
9
99
9
64
9
74
9
44
0
90
9
34
9
34
9
14
9
94
9
44
9
34
19
32
9
99
9
64
15
27
9
74
9
94
9
74
9
99
19
31
9
24
9
99
9
97
9
14
16
28
9
44
19
31
9
99
9
64
19
62
0
90
9
34
18
90
19
62
9
44
9
44
9
99
9
44
9
34
18
90
17
59
9
74
9
26
9
87
9
44
9
64
19
92
16
88
9
44
9
99
0
80
9
94
9
99
9
94
9
44
9
44
9
44
2
49
9
34
19
91
18
60
9
99
19
61
9
34
18
60
9
14
19
92
15
57
18
90
17
89
9
74
9
94
9
14
9
44
17
29
9
34
9
14
19
62
9
99
15
27
9
99
9
74
9
14
9
94
17
89
9
99
9
74
19
91
9
64
9
64
9
94
19
91
9
64
4
29
9
14
9
74
9
74
9
34
9
64
19
31
17
89
9
99
9
99
17
59
9
94
9
14
9
94
9
74
9
99
9
99
9
14
19
32
9
94
9
34
9
64
9
64
17
59
9
94
9
64
15
57
9
34
9
99
9
34
18
30
9
34
19
91
17
89
9
44
9
44
9
99
19
62
9
94
9
58
9
64
9
14
8
55
9
64
19
33
9
6
15
57
17
89
16
58
9
3
19
31
9
94
9
74
4
40
9
94
9
34
18
30
9
64
19
31
9
64
9
44
17
59
17
59
9
99
9
74
9
14
9
14
9
34
9
74
18
60
9
64
19
92
18
60
9
99
9
14
18
30
9
44
9
44
18
90
17
89
9
94
9
99
0
20
9
74
19
91
19
91
19
61
9
64
18
90
9
14
9
99
9
99
19
92
19
61
9
34
9
64
9
14
9
94
9
99
9
74
9
74
9
64
0
85
9
99
17
29
18
30
9
34
16
58
9
44
9
64
9
14
9
74
18
60
1
69
17
89
9
99
9
14
9
99
9
99
9
44
9
74
9
44
3
29
9
14
19
63
9
34
9
74
9
74
15
27
9
94
9
99
9
99
9
64
2
39
2
29
9
99
9
14
9
64
9
44
9
14
19
32
18
90
9
34
19
93
9
94
17
29
9
44
9
74
9
14
19
91
17
59
9
44
9
99
9
94
0
20
9
34
9
99
9
14
9
74
9
34
9
74
9
44
9
74
19
92
17
89
18
30
9
99
9
64
17
59
17
59
