4
92
6
99
5
73
6
74
5
64
6
79
6
59
5
29
5
99
2
97
4
6
3
23
3
85
5
26
5
46
5
64
6
27
5
92
5
8
5
8
6
95
4
53
0
60
5
29
4
64
3
38
3
87
4
66
4
25
3
48
2
76
4
62
4
83
5
53
4
69
2
8
3
22
4
19
3
88
5
43
4
64
3
97
2
62
6
29
2
68
4
74
5
13
2
33
0
40
2
46
2
44
2
99
2
58
4
49
3
53
2
4
5
27
6
89
5
12
4
28
3
79
2
39
5
75
5
35
3
35
6
55
2
34
6
65
2
28
2
94
5
4
6
23
6
35
2
14
2
18
5
7
2
79
6
49
4
9
5
85
5
77
5
12
4
78
4
99
3
59
3
79
6
49
3
42
2
99
3
86
4
37
6
74
3
15
5
13
6
19
2
69
4
67
6
78
3
58
6
83
3
92
2
64
2
15
2
29
5
23
2
49
2
17
6
28
5
36
6
49
6
13
4
74
5
38
3
28
3
79
6
87
6
74
3
49
6
17
3
23
4
89
2
98
2
95
4
72
5
27
3
89
4
69
6
89
3
45
3
48
2
25
5
68
2
32
4
69
2
8
4
82
2
39
6
97
4
79
2
45
5
85
5
57
3
99
2
2
5
59
6
74
6
9
3
19
2
87
2
24
0
70
5
49
4
98
6
4
5
15
4
29
6
67
4
15
4
78
6
83
5
62
5
72
4
39
5
5
3
49
4
12
3
45
6
16
6
89
4
99
5
64
5
29
3
27
5
97
6
19
4
19
6
16
3
65
3
73
6
79
3
79
3
94
6
29
3
73
6
84
2
2
5
37
4
92
5
39
3
83
3
28
5
85
5
34
6
99
3
48
3
12
3
55
4
57
3
29
6
19
3
17
4
29
5
84
6
24
2
15
2
72
4
64
4
8
4
16
5
9
3
49
6
28
2
59
6
19
6
49
5
49
3
53
6
59
2
9
4
49
6
19
4
86
4
62
3
86
3
89
4
14
2
72
4
76
6
54
4
93
5
89
5
66
6
59
3
15
5
29
4
15
4
79
3
34
4
16
2
9
5
97
2
69
5
99
2
67
3
42
4
87
4
53
2
99
5
96
5
79
3
28
4
13
4
27
5
89
6
6
3
16
4
12
3
18
4
59
3
28
3
99
3
29
4
24
5
54
3
73
2
89
5
79
2
15
6
29
5
88
3
79
6
79
6
65
2
19
5
69
2
58
6
86
4
18
6
79
4
32
3
72
5
46
6
34
2
29
2
89
6
28
4
49
5
85
4
77
0
78
4
98
6
33
5
2
3
82
2
92
4
34
4
69
2
87
4
33
4
93
4
95
2
66
3
49
6
94
4
23
3
69
2
69
6
45
2
26
4
87
2
57
6
5
4
19
5
59
4
67
6
23
4
59
3
59
6
99
2
49
2
93
2
76
6
57
2
59
6
38
3
79
6
19
6
26
5
58
3
66
4
9
5
19
6
98
3
59
2
83
2
93
6
5
5
45
2
14
6
85
4
89
6
9
4
97
2
14
4
9
3
86
2
28
6
17
4
2
6
13
6
64
6
39
2
54
2
19
6
5
6
3
6
4
3
86
4
7
3
19
4
75
2
2
2
53
5
43
2
38
6
49
6
8
4
26
5
42
2
98
2
9
4
19
4
37
0
90
5
32
2
77
6
94
4
34
5
58
5
47
3
46
6
68
2
26
3
46
5
66
6
46
4
56
6
29
2
15
4
97
5
92
6
95
4
18
4
96
6
4
5
52
4
6
4
12
4
67
0
70
3
59
6
19
2
76
3
22
4
25
6
27
3
32
3
39
5
99
2
39
1
99
6
77
4
9
5
6
0
90
4
26
4
3
3
97
4
38
2
12
4
2
4
15
4
16
2
49
4
16
3
65
4
39
4
26
5
66
5
55
5
33
4
69
6
3
4
68
2
49
4
69
6
27
6
35
6
75
2
92
2
69
4
22
3
92
5
39
3
49
2
39
6
85
4
8
4
13
4
54
5
25
3
76
6
97
5
35
3
29
5
57
5
73
2
82
4
64
3
16
4
66
6
29
2
19
0
40
3
74
4
89
6
48
4
19
2
14
3
66
3
58
6
45
4
84
2
25
4
89
3
97
4
59
6
56
6
39
6
7
4
2
4
73
2
62
3
89
5
22
2
49
5
75
4
59
4
72
3
66
2
32
2
8
6
96
3
33
5
52
3
45
2
96
4
69
4
46
2
47
3
27
5
97
3
49
2
46
2
19
2
99
5
26
3
5
6
33
3
59
5
59
2
29
4
14
6
87
5
36
2
84
4
33
6
13
2
55
5
58
4
93
2
2
5
34
4
48
2
89
2
29
3
99
6
45
3
29
6
19
3
17
2
32
4
74
2
67
3
97
4
29
2
98
3
7
0
0
5
37
4
62
5
59
5
13
4
54
3
39
5
8
6
4
4
99
6
43
6
39
3
79
6
88
2
89
6
25
5
37
6
13
6
66
4
78
6
56
2
38
4
94
2
56
3
75
4
73
6
46
6
25
6
97
2
99
5
35
2
93
3
47
3
4
6
68
6
87
6
48
6
24
3
19
2
39
5
43
2
62
2
64
4
89
2
46
2
29
5
9
2
75
3
26
3
59
6
43
2
3
3
97
2
79
5
49
3
86
5
9
6
13
1
34
3
85
2
38
5
24
4
58
4
63
6
86
5
64
5
66
2
99
6
19
3
19
4
49
4
95
2
7
2
9
6
49
6
48
5
38
5
9
6
45
5
9
5
34
2
36
5
62
4
46
2
89
0
90
4
87
6
93
6
68
5
29
3
7
3
79
0
24
2
86
3
88
4
54
4
89
6
19
4
38
4
36
4
99
5
35
5
4
5
34
0
4
5
54
2
37
3
9
4
29
6
39
4
95
5
22
4
46
2
54
4
27
5
55
5
98
2
25
5
89
2
25
3
47
5
34
6
96
3
83
3
32
4
26
2
79
2
57
5
9
3
63
3
35
4
78
3
13
2
72
2
59
2
65
4
3
3
29
5
54
4
99
3
8
3
99
4
85
4
15
3
14
6
19
2
49
2
17
3
84
0
70
1
89
4
75
3
23
3
96
3
76
6
89
5
36
2
4
6
76
2
99
4
68
2
79
5
74
6
59
5
52
5
79
5
5
3
19
6
94
2
48
5
79
4
54
4
13
4
35
3
18
2
9
6
59
3
17
2
26
3
75
5
63
2
79
6
89
5
58
6
74
4
49
2
69
3
77
2
56
4
26
5
82
6
67
5
45
6
56
6
73
2
25
6
97
6
67
2
98
2
99
6
59
2
69
6
33
0
90
6
29
3
29
4
4
2
89
4
37
6
28
5
18
3
94
6
59
5
12
3
64
6
83
4
65
6
99
4
16
4
24
4
95
5
97
6
9
4
13
4
33
4
19
5
98
5
53
5
48
0
90
3
29
3
79
5
47
4
36
3
39
6
99
2
35
5
26
5
75
4
44
5
69
4
26
6
87
2
34
4
59
5
79
2
73
5
39
5
99
0
80
4
89
5
99
6
88
6
36
4
35
6
39
2
49
2
29
6
76
6
45
2
98
4
49
5
29
3
49
2
2
5
79
3
42
6
75
2
76
2
67
4
89
4
9
3
33
4
14
5
27
5
3
5
49
6
97
4
12
5
96
2
65
4
9
2
89
2
77
4
95
6
65
4
79
6
55
6
57
2
84
4
79
3
59
4
28
2
3
2
69
3
64
3
25
3
59
4
19
2
74
6
94
4
94
2
46
3
86
4
5
4
89
5
69
6
99
2
95
5
6
5
19
5
86
2
28
2
58
2
53
3
44
2
85
5
55
3
42
5
29
5
92
6
25
4
15
2
22
4
79
2
77
3
36
6
36
3
97
5
49
4
82
4
58
4
57
4
9
5
55
5
54
6
19
3
6
5
42
2
74
6
43
2
3
4
19
2
84
5
65
4
40
4
89
4
24
5
15
6
55
4
17
3
57
2
36
2
49
4
44
5
95
2
65
4
9
2
7
5
25
5
62
3
48
5
58
5
79
3
45
4
96
5
2
3
18
2
39
3
33
3
79
6
74
3
86
4
96
0
20
5
64
4
77
4
77
6
46
3
52
3
78
3
9
2
99
3
92
6
77
4
48
4
24
3
55
5
9
2
83
6
97
3
69
4
69
3
53
0
85
2
99
3
14
5
15
4
26
5
43
5
37
3
59
6
5
2
65
3
49
1
69
2
77
3
98
4
5
3
99
6
94
5
34
2
68
6
36
3
26
2
9
6
49
6
23
6
66
5
66
4
12
6
88
4
95
4
99
5
53
2
34
2
26
2
99
6
5
2
55
5
36
2
2
5
17
6
75
5
22
6
78
6
89
5
14
2
32
6
65
2
9
4
78
2
48
2
39
6
98
3
89
0
20
3
29
3
93
2
7
2
64
6
29
4
69
6
38
4
69
5
78
2
78
3
19
3
99
5
59
3
44
2
49
