9
99
9
99
15
87
16
88
9
74
19
92
9
64
9
34
9
99
9
99
9
14
9
34
9
94
9
34
18
60
9
74
9
34
9
99
9
14
9
14
9
99
9
64
0
60
9
34
9
74
9
44
9
94
9
74
9
34
17
59
16
88
9
74
9
94
9
64
9
74
9
14
9
34
18
30
9
94
15
57
9
74
9
99
9
74
9
34
9
74
16
88
15
27
9
44
0
40
16
58
16
58
9
99
9
64
18
60
9
64
9
14
9
34
9
94
14
26
9
34
17
89
9
44
17
89
9
44
9
44
9
64
9
44
9
74
9
34
9
99
9
14
9
34
9
44
16
28
16
28
9
14
16
88
19
62
9
14
9
94
19
91
14
26
18
90
9
99
9
64
17
89
19
62
14
56
9
99
9
94
9
44
16
88
17
29
15
27
19
32
9
74
9
74
19
92
9
64
9
94
9
99
9
74
16
28
9
34
9
34
16
58
16
28
9
34
9
44
19
62
15
27
16
88
9
44
9
34
17
89
9
94
16
88
17
59
19
31
9
34
9
94
9
99
9
99
14
86
9
34
9
94
9
74
9
94
17
59
17
59
9
34
9
74
9
44
9
74
9
14
9
94
9
44
9
99
18
90
16
58
9
94
9
64
9
99
9
14
9
64
16
88
9
14
17
29
9
94
9
34
0
70
19
61
9
99
9
14
17
29
9
34
9
74
17
29
18
90
9
94
9
74
14
86
9
44
9
14
17
59
14
26
17
59
18
30
9
94
9
99
9
74
9
34
9
34
9
99
19
32
18
30
18
30
9
74
15
87
19
92
17
89
9
99
9
34
15
87
9
94
9
14
9
44
9
99
9
44
9
94
9
34
9
94
9
44
9
99
17
59
14
26
9
64
9
64
9
34
19
32
17
29
9
34
9
94
9
34
16
28
14
86
9
74
9
14
18
30
9
14
17
59
9
34
9
64
19
32
19
62
19
61
9
64
9
64
9
14
18
60
19
32
9
94
9
74
9
94
9
94
16
28
14
86
18
90
9
64
9
99
9
94
9
74
9
64
17
29
9
34
17
29
18
90
9
44
18
30
9
14
9
99
9
74
9
99
9
74
14
56
9
94
18
53
9
99
9
99
19
91
9
34
15
27
9
34
9
94
9
14
17
29
14
26
17
29
9
64
9
34
9
99
9
34
9
34
9
64
15
87
9
94
19
91
16
28
9
34
9
94
17
89
19
92
9
74
16
28
9
74
9
64
9
94
18
30
19
92
9
44
14
86
18
60
9
44
9
34
9
94
9
34
18
60
9
94
18
90
0
78
9
99
9
44
9
14
9
94
9
92
9
44
9
74
9
94
9
44
9
99
9
99
9
74
17
59
9
99
9
34
9
74
9
74
17
59
9
34
9
94
9
64
9
14
18
30
9
64
9
74
9
34
9
64
9
64
9
99
16
58
9
99
16
88
9
64
9
64
9
44
17
89
19
32
9
34
9
64
9
74
9
14
19
31
9
99
9
64
9
94
9
99
9
14
17
59
16
28
9
94
9
94
9
14
9
99
16
28
9
14
9
94
9
34
19
31
9
14
15
27
9
74
9
44
9
64
16
28
9
14
9
14
9
14
9
94
9
14
9
19
17
89
9
14
9
64
15
57
9
44
19
62
9
14
4
29
14
56
9
99
9
14
18
30
9
44
0
90
9
44
16
88
9
99
9
44
9
64
19
61
17
59
9
74
9
34
17
59
9
74
18
60
9
64
9
34
16
28
9
99
9
99
9
99
18
30
9
99
9
14
9
64
9
14
14
26
9
74
0
70
9
64
19
32
16
88
9
34
9
34
9
34
9
44
9
44
9
99
9
44
1
99
19
91
9
14
9
14
0
90
9
34
9
14
9
99
9
44
14
26
9
14
17
29
18
30
16
58
18
30
9
74
9
44
9
34
9
74
9
64
9
44
9
74
9
14
9
74
16
58
9
74
9
34
9
44
17
89
9
99
9
74
9
34
9
99
9
44
17
59
9
44
9
94
9
14
15
27
9
64
9
34
17
89
9
99
9
44
9
34
9
64
15
87
9
94
9
74
17
29
4
69
9
34
16
28
0
40
16
88
9
94
19
62
18
30
16
28
9
74
9
64
17
59
9
94
9
34
9
94
9
99
9
64
9
64
9
44
9
14
9
14
15
87
9
74
9
94
9
34
16
58
8
75
9
64
14
86
9
74
2
39
9
14
9
99
9
44
9
64
17
59
9
99
9
74
18
60
16
58
9
34
9
99
17
59
16
58
16
28
9
99
9
34
9
14
9
44
9
64
9
64
9
34
16
28
9
94
9
44
16
82
9
44
15
27
8
55
9
64
9
99
9
14
9
44
18
60
9
94
9
34
9
99
17
59
9
34
19
32
17
29
9
44
9
74
9
74
9
99
9
34
2
99
9
14
0
0
9
44
9
74
9
64
15
27
9
64
9
44
9
14
9
14
9
99
15
57
9
44
17
89
9
94
9
94
9
34
9
44
15
27
9
74
18
90
9
64
9
44
9
99
9
64
17
89
15
87
18
60
9
34
9
99
9
99
9
44
9
99
17
59
9
14
9
74
9
94
19
62
9
34
17
29
9
44
15
57
9
74
9
74
9
94
16
58
9
34
9
14
16
88
9
34
9
64
15
57
9
14
9
99
16
88
19
61
9
94
9
14
15
27
1
39
9
94
9
44
9
34
9
64
4
69
9
94
9
74
9
74
9
99
19
32
17
29
18
60
9
99
2
9
9
14
19
62
19
62
9
44
9
14
17
59
9
14
9
44
9
44
9
74
18
60
9
94
0
90
9
94
9
99
9
74
9
34
9
14
17
89
0
24
2
89
9
94
18
52
9
94
19
32
9
44
9
44
9
99
9
44
9
14
9
44
0
4
9
64
9
44
9
14
9
34
9
44
9
99
9
34
18
60
9
64
9
34
9
64
9
99
8
25
9
94
9
34
9
47
9
44
9
99
9
94
9
44
9
34
16
88
9
64
9
14
9
74
9
44
18
90
3
19
14
86
9
64
9
74
9
14
9
34
9
64
9
99
9
14
9
99
9
94
17
29
16
28
19
32
16
58
16
28
9
94
0
70
1
89
17
89
9
34
9
99
17
89
9
94
9
36
9
14
18
90
9
99
9
68
16
88
16
88
9
64
9
64
19
91
9
14
17
29
9
99
16
58
19
91
9
64
15
27
4
39
17
29
9
14
9
64
17
29
9
34
17
89
9
74
16
88
9
94
9
64
16
88
18
60
9
74
9
77
9
64
9
34
9
94
9
74
17
59
9
64
15
87
9
34
9
99
9
74
9
99
9
99
9
64
9
74
9
44
0
90
9
34
9
34
9
14
9
94
9
44
9
34
19
31
9
99
9
64
14
26
9
74
9
94
9
74
9
99
18
30
9
24
9
99
9
97
9
14
15
27
9
44
18
30
9
99
9
64
19
61
0
90
9
34
17
89
19
61
9
44
9
44
9
99
9
44
9
34
17
89
16
58
9
74
9
26
9
87
9
44
9
64
19
91
15
87
9
44
9
99
0
80
9
94
9
99
9
94
9
44
9
44
9
44
2
49
9
34
18
90
17
59
9
99
18
60
9
34
17
59
9
14
19
91
14
56
17
89
16
88
9
74
9
94
9
14
9
44
16
28
9
34
9
14
19
61
9
99
14
26
9
99
9
74
9
14
9
94
16
88
9
99
9
74
18
90
9
64
9
64
9
94
18
90
9
64
4
29
9
14
9
74
9
74
9
34
9
64
18
30
16
88
9
99
9
99
16
58
9
94
9
14
9
94
9
74
9
99
9
99
9
14
19
31
9
94
9
34
9
64
9
64
16
58
9
94
9
64
14
56
9
34
9
99
9
34
17
29
9
34
18
90
16
88
9
44
9
44
9
99
19
61
9
94
9
58
9
64
9
14
8
55
9
64
19
32
9
6
14
56
16
88
15
57
9
3
18
30
9
94
9
74
4
40
9
94
9
34
17
29
9
64
18
30
9
64
9
44
16
58
16
58
9
99
9
74
9
14
9
14
9
34
9
74
17
59
9
64
19
91
17
59
9
99
9
14
17
29
9
44
9
44
17
89
16
88
9
94
9
99
0
20
9
74
18
90
18
90
18
60
9
64
17
89
9
14
9
99
9
99
19
91
18
60
9
34
9
64
9
14
9
94
9
99
9
74
9
74
9
64
0
85
9
99
16
28
17
29
9
34
15
57
9
44
9
64
9
14
9
74
17
59
1
69
16
88
9
99
9
14
9
99
9
99
9
44
9
74
9
44
3
29
9
14
19
62
9
34
9
74
9
74
14
26
9
94
9
99
9
99
9
64
2
39
2
29
9
99
9
14
9
64
9
44
9
14
19
31
17
89
9
34
19
92
9
94
16
28
9
44
9
74
9
14
18
90
16
58
9
44
9
99
9
94
0
20
9
34
9
99
9
14
9
74
9
34
9
74
9
44
9
74
19
91
16
88
17
29
9
99
9
64
16
58
16
58
