9
99
9
99
12
84
13
85
9
74
17
89
9
64
9
34
9
99
9
99
9
14
9
34
9
94
9
34
15
57
9
74
9
34
9
99
9
14
9
14
9
99
9
64
0
60
9
34
9
74
9
44
9
94
9
74
9
34
14
56
13
85
9
73
9
94
9
64
9
74
9
14
9
33
15
27
9
94
12
54
9
74
9
99
9
73
9
34
9
74
13
85
12
24
9
44
0
40
13
55
13
55
9
99
9
64
15
57
9
64
9
14
9
34
9
94
11
23
9
34
14
86
9
44
14
86
9
44
9
44
9
64
9
44
9
74
9
34
9
99
9
14
9
34
9
44
13
25
13
25
9
14
13
85
17
59
9
14
9
94
16
88
11
23
15
87
9
99
9
64
14
86
17
59
11
53
9
99
9
94
9
44
13
85
14
26
12
24
17
29
9
74
9
74
17
89
9
64
9
94
9
99
9
74
13
25
9
34
9
34
13
55
13
25
9
34
9
44
17
59
12
24
13
85
9
44
9
34
14
86
9
94
13
85
14
56
16
28
9
34
9
94
9
99
9
99
11
83
9
34
9
94
9
74
9
94
14
56
14
56
9
34
9
74
9
43
9
74
9
14
9
93
9
44
9
99
15
87
13
55
9
94
9
64
9
99
9
13
9
64
13
85
9
14
14
26
9
94
9
34
0
70
16
58
9
99
9
14
14
26
9
34
9
74
14
26
15
87
9
94
9
73
11
83
9
44
9
14
14
56
11
23
14
56
15
27
9
94
9
99
9
74
9
34
9
34
9
99
17
29
15
27
15
27
9
74
12
84
17
89
14
86
9
99
9
34
12
84
9
94
9
13
9
44
9
99
9
44
9
94
9
34
9
94
9
44
9
99
14
56
11
23
9
64
9
64
9
34
17
29
14
26
9
34
9
94
9
34
13
25
11
83
9
74
9
14
15
27
9
14
14
56
9
34
9
64
17
29
17
59
16
58
9
64
9
64
9
14
15
57
17
29
9
94
9
73
9
94
9
94
13
25
11
83
15
87
9
64
9
99
9
94
9
74
9
64
14
26
9
34
14
26
15
87
9
44
15
27
9
14
9
99
9
74
9
99
9
74
11
53
9
94
15
53
9
99
9
99
16
88
9
34
12
24
9
34
9
94
9
14
14
26
11
23
14
26
9
64
9
34
9
99
9
34
9
34
9
64
12
84
9
94
16
88
13
25
9
34
9
94
14
86
17
89
9
74
13
25
9
74
9
64
9
94
15
27
17
89
9
43
11
83
15
57
9
44
9
34
9
94
9
34
15
57
9
94
15
87
0
78
9
99
9
44
9
13
9
93
9
92
9
44
9
74
9
94
9
44
9
99
9
99
9
74
14
56
9
99
9
34
9
74
9
74
14
56
9
34
9
94
9
64
9
14
15
27
9
64
9
74
9
34
9
64
9
64
9
99
13
55
9
99
13
85
9
64
9
64
9
44
14
86
17
29
9
34
9
64
9
74
9
14
16
28
9
99
9
64
9
94
9
99
9
14
14
56
13
25
9
94
9
94
9
14
9
99
13
25
9
14
9
94
9
34
16
28
9
13
12
24
9
74
9
44
9
64
13
25
9
14
9
14
9
14
9
94
9
14
9
19
14
86
9
13
9
64
12
54
9
44
17
59
9
14
4
29
11
53
9
99
9
14
15
27
9
44
0
90
9
43
13
85
9
99
9
44
9
64
16
58
14
56
9
74
9
34
14
56
9
74
15
57
9
64
9
34
13
25
9
99
9
99
9
99
15
27
9
99
9
14
9
63
9
14
11
23
9
74
0
70
9
64
17
29
13
85
9
33
9
34
9
34
9
43
9
44
9
99
9
44
1
99
16
88
9
14
9
14
0
90
9
34
9
14
9
99
9
44
11
23
9
13
14
26
15
27
13
55
15
27
9
74
9
44
9
34
9
74
9
64
9
44
9
74
9
14
9
74
13
55
9
74
9
34
9
44
14
86
9
99
9
74
9
33
9
99
9
44
14
56
9
44
9
94
9
14
12
24
9
64
9
34
14
86
9
99
9
44
9
34
9
64
12
84
9
93
9
74
14
26
4
69
9
34
13
25
0
40
13
85
9
94
17
59
15
27
13
25
9
74
9
64
14
56
9
94
9
34
9
94
9
99
9
64
9
64
9
44
9
14
9
13
12
84
9
73
9
94
9
33
13
55
8
75
9
64
11
83
9
74
2
39
9
14
9
99
9
44
9
63
14
56
9
99
9
74
15
57
13
55
9
34
9
99
14
56
13
55
13
25
9
99
9
34
9
14
9
44
9
64
9
64
9
34
13
25
9
94
9
44
13
82
9
44
12
24
8
55
9
64
9
99
9
13
9
44
15
57
9
94
9
34
9
99
14
56
9
34
17
29
14
26
9
43
9
74
9
74
9
99
9
34
2
99
9
14
0
0
9
44
9
73
9
64
12
24
9
64
9
44
9
14
9
14
9
99
12
54
9
44
14
86
9
94
9
94
9
34
9
44
12
24
9
74
15
87
9
64
9
44
9
99
9
64
14
86
12
84
15
57
9
34
9
99
9
99
9
44
9
99
14
56
9
14
9
74
9
94
17
59
9
34
14
26
9
44
12
54
9
73
9
74
9
94
13
55
9
34
9
14
13
85
9
34
9
64
12
54
9
14
9
99
13
85
16
58
9
94
9
14
12
24
1
39
9
94
9
44
9
34
9
64
4
69
9
94
9
74
9
74
9
99
17
29
14
26
15
57
9
99
2
9
9
14
17
59
17
59
9
44
9
14
14
56
9
14
9
44
9
44
9
73
15
57
9
94
0
90
9
94
9
99
9
74
9
34
9
14
14
86
0
24
2
89
9
94
15
52
9
94
17
29
9
44
9
44
9
99
9
44
9
14
9
44
0
4
9
64
9
44
9
14
9
34
9
44
9
99
9
33
15
57
9
64
9
34
9
64
9
99
8
25
9
94
9
34
9
47
9
44
9
99
9
94
9
43
9
34
13
85
9
64
9
14
9
74
9
44
15
87
3
19
11
83
9
64
9
74
9
14
9
34
9
64
9
99
9
14
9
99
9
94
14
26
13
25
17
29
13
55
13
25
9
94
0
70
1
89
14
86
9
34
9
99
14
86
9
94
9
36
9
14
15
87
9
99
9
68
13
85
13
85
9
64
9
63
16
88
9
14
14
26
9
99
13
55
16
88
9
64
12
24
4
39
14
26
9
14
9
64
14
26
9
34
14
86
9
74
13
85
9
94
9
64
13
85
15
57
9
74
9
77
9
64
9
34
9
93
9
74
14
56
9
64
12
84
9
34
9
99
9
74
9
99
9
99
9
64
9
74
9
44
0
90
9
34
9
34
9
14
9
94
9
44
9
34
16
28
9
99
9
64
11
23
9
74
9
94
9
74
9
99
15
27
9
24
9
99
9
97
9
14
12
24
9
44
15
27
9
99
9
64
16
58
0
90
9
34
14
86
16
58
9
44
9
44
9
99
9
44
9
34
14
86
13
55
9
74
9
26
9
87
9
44
9
64
16
88
12
84
9
44
9
99
0
80
9
94
9
99
9
94
9
44
9
44
9
44
2
49
9
34
15
87
14
56
9
99
15
57
9
34
14
56
9
13
16
88
11
53
14
86
13
85
9
74
9
94
9
14
9
44
13
25
9
34
9
14
16
58
9
99
11
23
9
99
9
74
9
14
9
94
13
85
9
99
9
74
15
87
9
64
9
64
9
94
15
87
9
64
4
29
9
14
9
74
9
74
9
34
9
64
15
27
13
85
9
99
9
99
13
55
9
94
9
14
9
94
9
74
9
99
9
99
9
14
16
28
9
94
9
34
9
64
9
64
13
55
9
94
9
64
11
53
9
34
9
99
9
34
14
26
9
33
15
87
13
85
9
44
9
44
9
99
16
58
9
93
9
58
9
64
9
14
8
55
9
64
17
29
9
6
11
53
13
85
12
54
9
3
15
27
9
94
9
74
4
40
9
94
9
34
14
26
9
64
15
27
9
64
9
44
13
55
13
55
9
99
9
74
9
14
9
14
9
34
9
73
14
56
9
64
16
88
14
56
9
99
9
13
14
26
9
44
9
44
14
86
13
85
9
94
9
99
0
20
9
74
15
87
15
87
15
57
9
63
14
86
9
14
9
99
9
99
16
88
15
57
9
34
9
64
9
14
9
94
9
99
9
74
9
74
9
64
0
85
9
99
13
25
14
26
9
34
12
54
9
44
9
64
9
14
9
74
14
56
1
69
13
85
9
99
9
14
9
99
9
99
9
44
9
74
9
44
3
29
9
14
17
59
9
34
9
74
9
74
11
23
9
94
9
99
9
99
9
64
2
39
2
29
9
99
9
14
9
64
9
44
9
13
16
28
14
86
9
33
17
89
9
94
13
25
9
43
9
74
9
14
15
87
13
55
9
44
9
99
9
94
0
20
9
34
9
99
9
14
9
74
9
34
9
74
9
44
9
74
16
88
13
85
14
26
9
99
9
64
13
55
13
55
