3
91
5
99
4
72
5
73
4
63
5
79
5
59
4
29
4
99
1
96
3
5
2
22
2
84
4
25
4
45
4
63
5
26
4
91
4
7
4
7
5
94
3
52
0
60
4
28
3
63
2
37
2
86
3
65
3
24
2
47
1
75
3
61
3
82
4
52
3
69
1
7
2
21
3
19
2
87
4
42
3
63
2
96
1
61
5
28
1
67
3
73
4
12
1
32
0
40
1
45
1
43
1
98
1
57
3
48
2
52
1
3
4
26
5
88
4
11
3
27
2
79
1
38
4
74
4
34
2
34
5
54
1
33
5
64
1
27
1
93
4
3
5
22
5
34
1
13
1
17
4
6
1
79
5
49
3
8
4
84
4
76
4
11
3
77
3
99
2
58
2
79
5
48
2
41
1
98
2
85
3
36
5
73
2
14
4
12
5
19
1
68
3
66
5
77
2
57
5
82
2
91
1
63
1
14
1
29
4
22
1
49
1
16
5
27
4
35
5
48
5
12
3
73
4
37
2
27
2
78
5
86
5
73
2
48
5
16
2
22
3
88
1
97
1
94
3
71
4
26
2
88
3
69
5
88
2
44
2
47
1
24
4
67
1
31
3
68
1
7
3
81
1
38
5
96
3
79
1
44
4
84
4
56
2
99
1
1
4
59
5
73
5
9
2
18
1
86
1
23
0
70
4
48
3
97
5
3
4
14
3
29
5
66
3
14
3
77
5
82
4
61
4
71
3
38
4
4
2
49
3
11
2
44
5
15
5
88
3
99
4
63
4
28
2
26
4
96
5
18
3
19
5
15
2
64
2
72
5
79
2
79
2
93
5
29
2
72
5
83
1
1
4
36
3
91
4
39
2
82
2
27
4
84
4
33
5
99
2
47
2
11
2
54
3
56
2
29
5
19
2
16
3
28
4
83
5
23
1
14
1
71
3
63
3
7
3
15
4
9
2
48
5
27
1
59
5
18
5
48
4
49
2
52
5
58
1
9
3
49
5
19
3
85
3
61
2
85
2
88
3
13
1
71
3
75
5
53
3
92
4
89
4
65
5
59
2
14
4
29
3
14
3
79
2
33
3
15
1
8
4
96
1
69
4
99
1
66
2
41
3
86
3
53
1
98
4
95
4
79
2
27
3
12
3
26
4
88
5
5
2
15
3
11
2
17
3
59
2
27
2
99
2
29
3
23
4
53
2
72
1
89
4
78
1
14
5
29
4
87
2
78
5
78
5
64
1
18
4
68
1
57
5
85
3
17
5
79
3
31
2
71
4
45
5
33
1
29
1
89
5
27
3
48
4
84
3
76
0
78
3
97
5
32
4
1
2
81
1
92
3
33
3
68
1
86
3
32
3
92
3
94
1
65
2
48
5
93
3
22
2
68
1
69
5
44
1
25
3
86
1
56
5
4
3
19
4
58
3
66
5
22
3
59
2
58
5
99
1
48
1
92
1
75
5
56
1
59
5
37
2
78
5
18
5
25
4
57
2
65
3
8
4
19
5
97
2
59
1
82
1
92
5
4
4
44
1
13
5
84
3
88
5
8
3
96
1
13
3
8
2
85
1
27
5
16
3
1
5
12
5
63
5
38
1
53
1
19
5
4
5
2
5
3
2
85
3
6
2
19
3
74
1
1
1
52
4
42
1
37
5
49
5
7
4
25
4
41
1
97
1
9
3
19
3
36
0
90
4
31
1
76
5
93
3
33
4
57
4
46
2
45
5
67
1
25
2
45
4
65
5
45
3
55
5
29
1
14
3
96
4
91
5
94
3
17
3
95
5
3
4
51
3
5
3
11
3
66
0
70
2
58
5
19
1
75
2
21
3
24
5
26
2
31
2
38
4
99
1
38
1
99
5
76
3
9
4
5
0
90
3
25
3
2
2
96
3
37
1
11
3
1
3
14
3
15
1
49
3
15
2
64
3
38
3
25
4
65
4
54
4
32
3
69
5
2
3
67
1
49
3
68
5
26
5
34
5
74
1
91
1
69
3
21
2
91
4
39
2
49
1
39
5
84
3
7
3
12
3
53
4
24
2
75
5
96
4
34
2
28
4
56
4
72
1
81
3
63
2
15
4
65
5
29
1
19
0
40
2
73
3
89
5
47
3
19
1
13
2
65
2
57
5
44
3
83
1
24
3
88
2
96
3
58
5
55
5
39
5
6
3
1
3
72
1
61
2
89
4
21
1
49
4
75
3
59
3
71
2
65
2
31
1
7
5
95
2
32
4
51
2
44
1
95
3
69
3
45
1
46
2
26
4
96
2
49
1
45
1
19
1
99
4
25
2
4
5
32
2
59
4
59
1
29
3
13
5
86
4
35
1
84
3
32
5
12
1
55
4
57
3
92
1
1
4
33
3
47
1
89
1
29
2
99
5
44
2
28
5
19
2
16
1
31
3
74
1
66
2
96
3
29
2
97
2
6
0
0
4
36
3
61
4
59
4
12
3
53
2
39
4
7
5
3
3
99
5
42
5
38
2
79
5
87
1
89
5
24
4
36
5
12
5
65
3
77
5
55
1
37
3
93
1
55
2
74
3
72
5
45
5
24
5
96
1
99
4
34
1
92
2
46
2
3
5
67
5
86
5
47
5
23
2
19
1
39
4
42
1
61
1
63
3
89
1
45
1
29
4
9
1
74
2
25
2
59
5
42
1
2
2
96
1
78
4
49
2
85
4
9
5
12
1
33
2
84
1
37
4
23
3
57
4
62
5
85
4
63
4
65
1
98
5
18
2
19
3
48
3
94
2
6
1
8
5
49
5
47
4
37
4
8
5
44
4
8
4
33
1
35
4
61
3
45
1
89
0
90
3
86
5
92
5
67
4
29
2
6
2
78
0
24
2
85
2
87
3
54
3
89
5
19
3
37
3
35
3
98
4
34
4
3
4
33
0
4
4
53
1
36
2
9
3
28
5
39
3
94
4
21
3
45
1
53
3
26
4
54
4
97
1
25
4
89
1
24
2
47
4
33
5
95
2
82
2
31
3
25
1
79
1
56
4
9
2
62
2
34
3
77
3
12
1
71
1
59
1
64
3
2
2
29
4
53
3
99
2
7
2
99
3
84
3
14
2
13
5
19
1
49
1
16
2
83
0
70
1
89
3
74
2
22
2
95
2
75
5
88
4
36
1
3
5
75
1
98
3
68
1
79
4
73
5
58
4
51
4
78
4
4
2
18
5
93
1
47
4
78
3
53
3
12
4
34
2
17
1
9
5
59
2
16
1
25
2
74
4
62
1
78
5
89
4
57
5
73
3
49
1
69
2
77
1
55
3
25
4
81
5
66
4
44
5
55
5
72
1
24
5
96
5
66
1
97
1
98
5
59
1
69
5
32
0
90
5
29
2
29
3
3
1
89
3
36
5
27
4
17
2
93
5
59
4
11
2
63
5
82
3
64
5
99
3
15
3
24
3
94
4
97
5
9
3
12
3
32
3
19
4
97
4
52
4
47
0
90
2
28
2
79
4
46
3
35
2
39
5
98
1
34
4
25
4
74
3
43
4
69
3
26
5
87
1
33
3
58
4
79
1
72
4
39
4
99
0
80
3
89
4
98
5
87
5
35
3
34
5
39
2
48
1
28
5
75
5
44
1
97
3
48
4
29
2
49
1
1
4
78
2
41
5
74
1
75
1
66
3
89
3
9
2
32
3
13
4
26
4
2
4
49
5
96
3
11
4
95
1
64
3
8
1
89
1
76
3
94
5
64
3
78
5
54
5
56
1
83
3
78
2
59
4
27
1
2
1
69
2
63
2
24
2
59
3
19
1
73
5
93
3
93
1
45
2
85
3
4
3
89
4
69
5
99
1
94
4
5
4
18
4
85
1
27
1
57
1
52
2
43
1
84
4
54
2
41
4
29
4
91
5
24
3
14
1
21
3
79
1
76
2
35
5
35
2
96
4
48
3
81
3
58
3
56
3
9
4
55
4
53
5
19
2
6
4
41
1
73
5
42
1
3
3
18
1
83
4
64
4
40
3
88
3
23
4
14
5
54
3
16
2
56
1
35
1
49
3
43
4
94
1
64
3
9
1
6
4
24
4
61
2
47
4
57
4
78
2
44
3
95
4
1
2
17
1
39
2
32
2
78
5
73
2
85
3
95
0
20
4
63
3
76
3
76
5
45
2
51
2
77
2
9
1
99
2
91
5
76
3
47
3
23
2
54
4
9
1
82
5
96
2
68
3
69
2
52
0
85
1
99
2
13
4
14
3
25
4
42
4
36
2
59
5
4
1
64
2
49
1
69
1
76
2
97
3
4
2
99
5
93
4
33
1
67
5
35
3
25
1
9
5
49
5
22
5
65
4
65
3
11
5
87
3
94
3
98
4
52
2
33
2
25
1
99
5
4
1
54
4
35
1
1
4
16
5
74
4
21
5
77
5
89
4
13
1
31
5
64
1
9
3
77
1
47
1
38
5
97
2
89
0
20
2
28
2
92
1
6
1
63
5
29
3
68
5
37
3
69
4
77
1
77
2
19
2
98
4
59
2
43
1
49
