3
90
4
99
3
71
4
72
3
62
4
78
4
59
3
29
3
99
0
95
2
4
1
21
1
83
3
24
3
44
3
62
4
25
4
90
3
6
3
6
4
93
2
51
0
60
3
27
2
62
1
36
1
85
2
64
2
23
1
46
0
74
3
60
2
81
3
51
2
68
0
6
2
20
2
18
1
86
3
41
2
62
1
95
1
60
4
27
0
66
2
72
3
11
0
31
0
40
0
44
0
42
0
97
0
56
2
47
1
51
0
2
3
25
4
87
4
10
2
26
1
78
0
37
3
73
3
33
1
33
4
53
0
32
4
63
0
26
0
92
3
2
4
21
4
33
0
12
0
16
3
5
0
79
4
48
2
7
3
83
3
75
4
10
2
76
2
98
1
57
1
79
4
47
2
40
0
97
1
84
2
35
4
72
1
13
3
11
4
19
0
67
2
65
4
76
1
56
4
81
2
90
0
62
0
13
0
28
3
21
0
48
0
15
4
26
3
34
4
47
4
11
2
72
3
36
1
26
1
77
4
85
4
72
1
47
4
15
1
21
2
87
0
96
0
93
3
70
3
25
1
87
2
68
4
87
1
43
1
46
0
23
3
66
1
30
2
67
0
6
3
80
0
37
4
95
2
78
0
43
3
83
3
55
1
99
1
0
3
58
4
72
4
8
1
17
0
85
0
22
0
70
3
47
2
96
4
2
3
13
2
28
4
65
2
13
2
76
4
81
4
60
4
70
2
37
3
3
1
49
3
10
1
43
4
14
4
87
2
98
3
62
3
27
1
25
3
95
4
17
2
19
4
14
1
63
1
71
4
79
1
79
1
92
4
28
1
71
4
82
1
0
3
35
3
90
3
38
1
81
1
26
3
83
3
32
4
99
1
46
2
10
1
53
2
55
1
29
4
19
1
15
2
27
3
82
4
22
0
13
1
70
2
62
2
6
2
14
3
9
1
47
4
26
0
58
4
17
4
47
3
48
1
51
4
57
0
9
2
49
4
18
2
84
3
60
1
84
1
87
2
12
1
70
2
74
4
52
2
91
3
88
3
64
4
59
1
13
3
29
2
13
2
78
1
32
2
14
0
7
3
95
0
68
3
99
0
65
2
40
2
85
2
53
0
97
3
94
3
79
1
26
2
11
2
25
3
87
4
4
1
14
3
10
1
16
2
59
1
26
1
99
1
28
2
22
3
52
1
71
0
88
3
77
0
13
4
29
3
86
1
77
4
77
4
63
0
17
3
67
0
56
4
84
2
16
4
79
3
30
2
70
3
44
4
32
0
29
0
88
4
26
2
47
3
83
2
75
0
78
2
96
4
31
4
0
2
80
0
92
2
32
2
67
0
85
2
31
2
91
2
93
0
64
1
47
4
92
2
21
1
67
0
68
4
43
0
24
2
85
0
55
4
3
2
19
3
57
2
65
4
21
2
59
1
57
4
99
0
47
0
91
0
74
4
55
0
58
4
36
1
77
4
17
4
24
3
56
1
64
2
7
3
18
4
96
1
59
0
81
0
91
4
3
3
43
0
12
4
83
2
87
4
7
2
95
0
12
2
7
1
84
0
26
4
15
3
0
4
11
4
62
4
37
0
52
0
19
4
3
4
1
4
2
1
84
2
5
1
19
2
73
1
0
0
51
3
41
0
36
4
49
4
6
4
24
4
40
0
96
0
9
2
19
2
35
0
90
4
30
0
75
4
92
2
32
3
56
3
45
1
44
4
66
0
24
1
44
3
64
4
44
2
54
4
29
0
13
2
95
4
90
4
93
2
16
2
94
4
2
4
50
2
4
3
10
2
65
0
70
1
57
4
19
0
74
2
20
2
23
4
25
2
30
1
37
3
99
0
37
1
99
4
75
2
9
3
4
0
90
2
24
2
1
1
95
2
36
1
10
3
0
2
13
2
14
0
48
2
14
1
63
2
37
2
24
3
64
3
53
3
31
2
68
4
1
2
66
0
48
2
67
4
25
4
33
4
73
1
90
0
69
3
20
2
90
3
38
1
48
0
38
4
83
2
6
2
11
2
52
3
23
1
74
4
95
3
33
1
27
3
55
3
71
1
80
2
62
1
14
4
64
4
29
0
18
0
40
1
72
2
88
4
46
2
18
0
12
1
64
1
56
4
43
2
82
0
23
2
87
1
95
2
57
4
54
4
39
4
5
3
0
2
71
1
60
1
88
4
20
0
49
3
75
2
59
3
70
1
64
2
30
0
6
4
94
1
31
4
50
1
43
0
94
2
69
2
44
0
45
1
25
3
95
1
49
0
44
0
19
0
99
3
24
1
3
4
31
1
58
3
59
0
29
2
12
4
85
3
34
0
84
2
31
4
11
0
55
3
56
2
91
1
0
3
32
2
46
0
89
0
28
1
99
4
43
1
27
4
18
1
15
1
30
2
74
0
65
1
95
2
29
2
96
1
5
0
0
3
35
3
60
3
59
3
11
2
52
1
39
3
6
4
2
2
99
4
41
4
37
1
79
4
86
0
89
4
23
3
35
4
11
4
64
2
76
4
54
0
36
2
92
0
54
1
73
2
71
4
44
4
23
4
95
0
98
3
33
0
91
1
45
1
2
4
66
4
85
4
46
4
22
1
18
0
39
3
41
1
60
0
62
2
89
0
44
0
28
3
8
0
73
1
24
1
59
4
41
0
1
1
95
0
77
3
49
1
84
3
9
4
11
1
32
1
83
0
36
3
22
2
56
4
61
4
84
3
62
3
64
0
97
4
17
1
19
2
47
2
93
2
5
0
7
4
48
4
46
3
36
3
7
4
43
3
7
3
32
0
34
4
60
2
44
0
88
0
90
2
85
4
91
4
66
3
28
1
5
1
77
0
24
2
84
1
86
2
54
2
89
4
19
2
36
2
34
2
97
3
33
3
2
3
32
0
4
3
52
0
35
1
9
2
27
4
38
2
93
4
20
2
44
0
52
2
25
3
53
3
96
0
25
3
88
0
23
1
47
3
32
4
94
1
81
2
30
2
24
0
78
0
55
3
8
1
61
1
33
2
76
3
11
1
70
0
59
0
63
2
1
1
28
3
52
2
98
1
6
1
99
2
83
2
13
1
12
4
19
0
48
0
15
1
82
0
70
1
88
2
73
1
21
1
94
1
74
4
87
3
36
0
2
4
74
0
97
2
68
0
79
3
72
4
57
4
50
3
77
3
3
1
17
4
92
0
46
3
77
2
52
2
11
4
33
1
16
0
8
4
59
1
15
0
24
1
73
3
61
0
77
4
88
3
56
4
72
2
48
0
68
1
77
0
54
2
24
4
80
4
65
3
43
4
54
4
71
0
23
4
95
4
65
0
96
0
97
4
58
0
68
4
31
0
90
4
29
1
29
2
2
0
88
2
35
4
26
3
16
1
92
4
58
4
10
1
62
4
81
2
63
4
98
2
14
2
24
2
93
3
97
4
9
2
11
2
31
2
18
3
96
3
51
3
46
0
90
1
27
1
79
3
45
2
34
1
39
4
97
0
33
3
24
3
73
2
42
3
69
2
26
4
87
0
32
2
57
3
78
0
71
3
38
3
98
0
80
2
88
3
97
4
86
4
34
2
33
4
39
2
47
0
27
4
74
4
43
0
96
2
47
3
29
1
48
1
0
3
77
2
40
4
73
0
74
0
65
2
88
2
9
1
31
2
12
3
25
3
1
3
49
4
95
3
10
3
94
0
63
2
7
0
88
0
75
2
93
4
63
2
77
4
53
4
55
0
82
2
77
1
59
4
26
0
1
0
69
1
62
1
23
1
58
2
19
0
72
4
92
2
92
0
44
1
84
2
3
2
88
3
68
4
98
0
93
3
4
3
17
3
84
0
26
0
56
0
51
1
42
0
83
3
53
2
40
3
29
4
90
4
23
2
13
1
20
2
78
0
75
1
34
4
34
1
95
3
47
3
80
2
58
2
55
2
8
3
55
3
52
4
18
1
6
4
40
0
72
4
41
0
3
2
17
0
82
3
63
4
40
2
87
2
22
3
13
4
53
2
15
1
55
0
34
0
48
2
42
3
93
0
63
2
8
0
5
3
23
4
60
1
46
3
56
3
77
1
43
2
94
4
0
1
16
0
39
1
31
1
77
4
72
1
84
2
94
0
20
3
62
2
75
2
75
4
44
2
50
1
76
1
9
0
98
2
90
4
75
2
46
2
22
1
53
3
8
0
81
4
95
1
67
2
68
1
51
0
85
0
99
1
12
3
13
2
24
3
41
3
35
1
59
4
3
0
63
1
49
1
68
0
75
1
96
2
3
1
98
4
92
3
32
0
66
4
34
3
24
0
8
4
48
4
21
4
64
3
64
3
10
4
86
2
93
2
97
3
51
2
32
2
24
0
99
4
3
0
53
3
34
1
0
3
15
4
73
4
20
4
76
4
88
3
12
1
30
4
63
0
8
2
76
0
46
0
37
4
96
1
88
0
20
1
27
1
91
0
5
0
62
4
29
2
67
4
36
2
69
3
76
0
76
1
19
1
97
3
58
1
42
0
48
