9
99
9
99
11
83
12
84
9
74
16
88
9
64
9
34
9
99
9
99
9
14
9
33
9
94
9
34
14
56
9
74
9
34
9
99
9
14
9
14
9
99
9
63
0
60
9
34
9
74
9
44
9
94
9
74
9
34
13
55
12
84
9
72
9
93
9
63
9
74
9
14
9
32
14
26
9
94
11
53
9
74
9
99
9
72
9
34
9
74
12
84
11
23
9
43
0
40
12
54
12
54
9
99
9
64
14
56
9
63
9
14
9
34
9
94
10
22
9
34
13
85
9
44
13
85
9
44
9
44
9
64
9
44
9
74
9
34
9
99
9
14
9
33
9
44
12
24
12
24
9
14
12
84
16
58
9
14
9
94
15
87
10
22
14
86
9
99
9
64
13
85
16
58
10
52
9
99
9
94
9
44
12
84
13
25
11
23
16
28
9
74
9
74
16
88
9
64
9
93
9
99
9
74
12
24
9
34
9
33
12
54
12
24
9
34
9
44
16
58
11
23
12
84
9
44
9
34
13
85
9
94
12
84
13
55
15
27
9
33
9
94
9
99
9
99
10
82
9
34
9
94
9
74
9
94
13
55
13
55
9
34
9
74
9
42
9
74
9
14
9
92
9
44
9
99
14
86
12
54
9
94
9
64
9
99
9
12
9
64
12
84
9
14
13
25
9
94
9
34
0
70
15
57
9
99
9
14
13
25
9
34
9
74
13
25
14
86
9
93
9
72
10
82
9
44
9
14
13
55
10
22
13
55
14
26
9
94
9
99
9
74
9
34
9
34
9
99
16
28
14
26
14
26
9
74
11
83
16
88
13
85
9
99
9
34
11
83
9
94
9
12
9
44
9
99
9
44
9
93
9
34
9
94
9
44
9
99
13
55
10
22
9
64
9
64
9
34
16
28
13
25
9
34
9
94
9
34
12
24
10
82
9
74
9
14
14
26
9
14
13
55
9
34
9
64
16
28
16
58
15
57
9
63
9
64
9
14
14
56
16
28
9
94
9
72
9
94
9
94
12
24
10
82
14
86
9
64
9
99
9
94
9
74
9
64
13
25
9
34
13
25
14
86
9
44
14
26
9
14
9
99
9
74
9
99
9
74
10
52
9
94
14
53
9
99
9
99
15
87
9
34
11
23
9
34
9
94
9
14
13
25
10
22
13
25
9
64
9
34
9
99
9
34
9
34
9
64
11
83
9
94
15
87
12
24
9
34
9
94
13
85
16
88
9
74
12
24
9
74
9
64
9
94
14
26
16
88
9
42
10
82
14
56
9
44
9
34
9
94
9
34
14
56
9
94
14
86
0
78
9
99
9
43
9
12
9
92
9
92
9
44
9
74
9
94
9
43
9
99
9
99
9
74
13
55
9
99
9
33
9
74
9
74
13
55
9
34
9
94
9
64
9
14
14
26
9
64
9
74
9
33
9
64
9
64
9
99
12
54
9
99
12
84
9
64
9
64
9
44
13
85
16
28
9
34
9
64
9
74
9
14
15
27
9
99
9
64
9
93
9
99
9
14
13
55
12
24
9
94
9
94
9
14
9
99
12
24
9
14
9
94
9
34
15
27
9
12
11
23
9
74
9
44
9
64
12
24
9
14
9
13
9
14
9
94
9
14
9
19
13
85
9
12
9
63
11
53
9
44
16
58
9
14
4
29
10
52
9
99
9
14
14
26
9
44
0
90
9
42
12
84
9
99
9
44
9
64
15
57
13
55
9
74
9
34
13
55
9
74
14
56
9
64
9
34
12
24
9
99
9
99
9
99
14
26
9
99
9
14
9
62
9
14
10
22
9
74
0
70
9
64
16
28
12
84
9
32
9
34
9
34
9
42
9
44
9
99
9
44
1
99
15
87
9
14
9
14
0
90
9
34
9
13
9
99
9
44
10
22
9
12
13
25
14
26
12
54
14
26
9
74
9
44
9
34
9
74
9
64
9
43
9
74
9
13
9
74
12
54
9
74
9
34
9
44
13
85
9
99
9
74
9
32
9
99
9
44
13
55
9
44
9
94
9
14
11
23
9
64
9
34
13
85
9
99
9
44
9
34
9
64
11
83
9
92
9
74
13
25
4
69
9
34
12
24
0
40
12
84
9
94
16
58
14
26
12
24
9
74
9
64
13
55
9
94
9
34
9
94
9
99
9
64
9
64
9
44
9
14
9
12
11
83
9
72
9
94
9
32
12
54
8
75
9
64
10
82
9
74
2
39
9
14
9
99
9
43
9
62
13
55
9
99
9
74
14
56
12
54
9
34
9
99
13
55
12
54
12
24
9
99
9
34
9
14
9
43
9
64
9
64
9
34
12
24
9
94
9
44
12
82
9
43
11
23
8
55
9
64
9
99
9
12
9
44
14
56
9
94
9
34
9
99
13
55
9
34
16
28
13
25
9
42
9
74
9
74
9
99
9
34
2
99
9
14
0
0
9
44
9
72
9
64
11
23
9
64
9
44
9
14
9
14
9
99
11
53
9
44
13
85
9
94
9
94
9
34
9
44
11
23
9
74
14
86
9
64
9
44
9
99
9
64
13
85
11
83
14
56
9
34
9
99
9
99
9
44
9
99
13
55
9
14
9
74
9
94
16
58
9
34
13
25
9
44
11
53
9
72
9
74
9
94
12
54
9
34
9
14
12
84
9
34
9
64
11
53
9
13
9
99
12
84
15
57
9
94
9
14
11
23
1
39
9
94
9
44
9
34
9
64
4
69
9
94
9
74
9
74
9
99
16
28
13
25
14
56
9
99
2
9
9
14
16
58
16
58
9
44
9
14
13
55
9
14
9
44
9
44
9
72
14
56
9
94
0
90
9
94
9
99
9
74
9
34
9
14
13
85
0
24
2
89
9
94
14
52
9
94
16
28
9
44
9
44
9
99
9
44
9
14
9
44
0
4
9
64
9
44
9
14
9
34
9
44
9
99
9
32
14
56
9
64
9
34
9
64
9
99
8
25
9
94
9
34
9
47
9
44
9
99
9
93
9
42
9
34
12
84
9
64
9
14
9
73
9
44
14
86
3
19
10
82
9
64
9
74
9
13
9
34
9
64
9
99
9
14
9
99
9
94
13
25
12
24
16
28
12
54
12
24
9
94
0
70
1
89
13
85
9
33
9
99
13
85
9
94
9
36
9
14
14
86
9
99
9
68
12
84
12
84
9
64
9
62
15
87
9
14
13
25
9
99
12
54
15
87
9
64
11
23
4
39
13
25
9
14
9
64
13
25
9
34
13
85
9
73
12
84
9
94
9
64
12
84
14
56
9
74
9
77
9
64
9
34
9
92
9
74
13
55
9
64
11
83
9
34
9
99
9
74
9
99
9
99
9
64
9
74
9
43
0
90
9
34
9
34
9
14
9
94
9
44
9
34
15
27
9
99
9
64
10
22
9
74
9
93
9
74
9
99
14
26
9
24
9
99
9
97
9
14
11
23
9
43
14
26
9
99
9
63
15
57
0
90
9
34
13
85
15
57
9
44
9
44
9
99
9
44
9
34
13
85
12
54
9
74
9
26
9
87
9
44
9
64
15
87
11
83
9
44
9
99
0
80
9
94
9
99
9
94
9
44
9
44
9
44
2
49
9
34
14
86
13
55
9
99
14
56
9
34
13
55
9
12
15
87
10
52
13
85
12
84
9
74
9
94
9
14
9
43
12
24
9
34
9
13
15
57
9
99
10
22
9
99
9
74
9
14
9
94
12
84
9
99
9
74
14
86
9
64
9
64
9
94
14
86
9
64
4
29
9
13
9
74
9
74
9
34
9
64
14
26
12
84
9
99
9
99
12
54
9
94
9
14
9
94
9
74
9
99
9
99
9
14
15
27
9
94
9
34
9
64
9
63
12
54
9
94
9
64
10
52
9
34
9
99
9
34
13
25
9
32
14
86
12
84
9
44
9
44
9
99
15
57
9
92
9
58
9
64
9
14
8
55
9
64
16
28
9
6
10
52
12
84
11
53
9
3
14
26
9
94
9
74
4
40
9
94
9
34
13
25
9
64
14
26
9
64
9
44
12
54
12
54
9
99
9
74
9
14
9
14
9
34
9
72
13
55
9
64
15
87
13
55
9
99
9
12
13
25
9
44
9
43
13
85
12
84
9
94
9
99
0
20
9
74
14
86
14
86
14
56
9
62
13
85
9
14
9
99
9
99
15
87
14
56
9
34
9
64
9
14
9
93
9
99
9
74
9
74
9
63
0
85
9
99
12
24
13
25
9
34
11
53
9
44
9
64
9
14
9
74
13
55
1
69
12
84
9
99
9
14
9
99
9
99
9
44
9
74
9
44
3
29
9
14
16
58
9
33
9
74
9
74
10
22
9
94
9
99
9
99
9
63
2
39
2
29
9
99
9
14
9
64
9
44
9
12
15
27
13
85
9
32
16
88
9
94
12
24
9
42
9
74
9
14
14
86
12
54
9
44
9
99
9
94
0
20
9
34
9
99
9
14
9
74
9
34
9
74
9
44
9
74
15
87
12
84
13
25
9
99
9
64
12
54
12
54
