9
99
9
99
10
82
11
83
9
73
15
87
9
64
9
34
9
99
9
99
9
14
9
32
9
94
9
34
13
55
9
73
9
34
9
99
9
14
9
14
9
99
9
62
0
60
9
34
9
73
9
44
9
94
9
74
9
34
12
54
11
83
9
71
9
92
9
62
9
74
9
13
9
31
13
25
9
94
10
52
9
73
9
99
9
71
9
34
9
73
11
83
10
22
9
42
0
40
11
53
11
53
9
99
9
63
13
55
9
62
9
13
9
34
9
94
9
21
9
34
12
84
9
43
12
84
9
44
9
44
9
64
9
43
9
74
9
33
9
99
9
13
9
32
9
44
11
23
11
23
9
14
11
83
15
57
9
14
9
94
14
86
9
21
13
85
9
99
9
64
12
84
15
57
9
51
9
99
9
94
9
44
11
83
12
24
10
22
15
27
9
73
9
74
15
87
9
64
9
92
9
99
9
73
11
23
9
33
9
32
11
53
11
23
9
34
9
44
15
57
10
22
11
83
9
44
9
34
12
84
9
94
11
83
12
54
14
26
9
32
9
94
9
99
9
99
9
81
9
34
9
94
9
74
9
94
12
54
12
54
9
33
9
74
9
41
9
74
9
13
9
91
9
43
9
99
13
85
11
53
9
94
9
64
9
99
9
11
9
64
11
83
9
14
12
24
9
93
9
33
0
70
14
56
9
99
9
13
12
24
9
34
9
74
12
24
13
85
9
92
9
71
9
81
9
44
9
14
12
54
9
21
12
54
13
25
9
94
9
99
9
73
9
34
9
34
9
99
15
27
13
25
13
25
9
74
10
82
15
87
12
84
9
99
9
34
10
82
9
93
9
11
9
44
9
99
9
44
9
92
9
34
9
94
9
43
9
99
12
54
9
21
9
64
9
64
9
34
15
27
12
24
9
34
9
93
9
33
11
23
9
81
9
73
9
14
13
25
9
14
12
54
9
34
9
63
15
27
15
57
14
56
9
62
9
64
9
13
13
55
15
27
9
94
9
71
9
94
9
94
11
23
9
81
13
85
9
63
9
99
9
94
9
74
9
64
12
24
9
34
12
24
13
85
9
43
13
25
9
13
9
99
9
73
9
99
9
73
9
51
9
94
13
53
9
99
9
99
14
86
9
34
10
22
9
34
9
94
9
14
12
24
9
21
12
24
9
64
9
34
9
99
9
34
9
33
9
63
10
82
9
93
14
86
11
23
9
34
9
94
12
84
15
87
9
74
11
23
9
74
9
63
9
94
13
25
15
87
9
41
9
81
13
55
9
43
9
33
9
93
9
34
13
55
9
94
13
85
0
78
9
99
9
42
9
11
9
91
9
92
9
43
9
74
9
93
9
42
9
99
9
99
9
73
12
54
9
99
9
32
9
74
9
73
12
54
9
33
9
94
9
63
9
14
13
25
9
64
9
74
9
32
9
64
9
64
9
99
11
53
9
99
11
83
9
64
9
63
9
44
12
84
15
27
9
34
9
64
9
74
9
14
14
26
9
99
9
64
9
92
9
99
9
14
12
54
11
23
9
94
9
94
9
14
9
99
11
23
9
14
9
94
9
33
14
26
9
11
10
22
9
73
9
44
9
63
11
23
9
14
9
12
9
13
9
94
9
14
9
19
12
84
9
11
9
62
10
52
9
43
15
57
9
14
4
29
9
51
9
99
9
13
13
25
9
44
0
90
9
41
11
83
9
99
9
43
9
64
14
56
12
54
9
74
9
33
12
54
9
74
13
55
9
64
9
34
11
23
9
99
9
99
9
99
13
25
9
99
9
13
9
61
9
14
9
21
9
74
0
70
9
64
15
27
11
83
9
31
9
34
9
34
9
41
9
44
9
99
9
43
1
99
14
86
9
14
9
14
0
90
9
34
9
12
9
99
9
44
9
21
9
11
12
24
13
25
11
53
13
25
9
74
9
44
9
34
9
74
9
64
9
42
9
74
9
12
9
74
11
53
9
74
9
34
9
44
12
84
9
99
9
73
9
31
9
99
9
44
12
54
9
43
9
94
9
14
10
22
9
63
9
34
12
84
9
99
9
44
9
34
9
64
10
82
9
91
9
73
12
24
4
69
9
34
11
23
0
40
11
83
9
94
15
57
13
25
11
23
9
74
9
64
12
54
9
93
9
33
9
94
9
99
9
64
9
64
9
44
9
14
9
11
10
82
9
71
9
94
9
31
11
53
8
75
9
64
9
81
9
74
2
39
9
13
9
99
9
42
9
61
12
54
9
99
9
74
13
55
11
53
9
34
9
99
12
54
11
53
11
23
9
99
9
34
9
14
9
42
9
64
9
64
9
33
11
23
9
94
9
44
11
82
9
42
10
22
8
55
9
64
9
99
9
11
9
43
13
55
9
93
9
33
9
99
12
54
9
34
15
27
12
24
9
41
9
74
9
73
9
99
9
34
2
99
9
14
0
0
9
44
9
71
9
64
10
22
9
63
9
44
9
14
9
13
9
99
10
52
9
44
12
84
9
94
9
93
9
34
9
44
10
22
9
74
13
85
9
64
9
43
9
99
9
63
12
84
10
82
13
55
9
34
9
99
9
99
9
44
9
99
12
54
9
13
9
74
9
94
15
57
9
33
12
24
9
43
10
52
9
71
9
73
9
94
11
53
9
33
9
14
11
83
9
34
9
64
10
52
9
12
9
99
11
83
14
56
9
94
9
14
10
22
1
39
9
94
9
43
9
33
9
64
4
69
9
94
9
73
9
74
9
99
15
27
12
24
13
55
9
99
2
9
9
13
15
57
15
57
9
44
9
14
12
54
9
14
9
43
9
43
9
71
13
55
9
93
0
90
9
94
9
99
9
74
9
34
9
14
12
84
0
24
2
89
9
94
13
52
9
94
15
27
9
44
9
44
9
99
9
44
9
13
9
43
0
4
9
63
9
43
9
14
9
34
9
44
9
99
9
31
13
55
9
63
9
34
9
64
9
99
8
25
9
94
9
33
9
47
9
43
9
99
9
92
9
41
9
34
11
83
9
63
9
14
9
72
9
44
13
85
3
19
9
81
9
63
9
73
9
12
9
34
9
63
9
99
9
14
9
99
9
94
12
24
11
23
15
27
11
53
11
23
9
93
0
70
1
89
12
84
9
32
9
99
12
84
9
94
9
36
9
13
13
85
9
99
9
68
11
83
11
83
9
64
9
61
14
86
9
14
12
24
9
99
11
53
14
86
9
63
10
22
4
39
12
24
9
13
9
64
12
24
9
33
12
84
9
72
11
83
9
94
9
64
11
83
13
55
9
73
9
77
9
63
9
34
9
91
9
74
12
54
9
64
10
82
9
33
9
99
9
74
9
99
9
99
9
64
9
73
9
42
0
90
9
34
9
34
9
13
9
93
9
44
9
34
14
26
9
99
9
64
9
21
9
73
9
92
9
74
9
99
13
25
9
24
9
99
9
97
9
14
10
22
9
42
13
25
9
99
9
62
14
56
0
90
9
34
12
84
14
56
9
44
9
44
9
99
9
43
9
34
12
84
11
53
9
74
9
26
9
87
9
43
9
64
14
86
10
82
9
44
9
99
0
80
9
94
9
99
9
94
9
44
9
44
9
44
2
49
9
33
13
85
12
54
9
99
13
55
9
34
12
54
9
11
14
86
9
51
12
84
11
83
9
73
9
94
9
14
9
42
11
23
9
34
9
12
14
56
9
99
9
21
9
99
9
73
9
14
9
93
11
83
9
99
9
74
13
85
9
64
9
64
9
93
13
85
9
64
4
29
9
12
9
73
9
73
9
34
9
64
13
25
11
83
9
99
9
99
11
53
9
94
9
14
9
94
9
74
9
99
9
99
9
14
14
26
9
94
9
33
9
63
9
62
11
53
9
93
9
64
9
51
9
34
9
99
9
34
12
24
9
31
13
85
11
83
9
44
9
44
9
99
14
56
9
91
9
58
9
64
9
14
8
55
9
63
15
27
9
6
9
51
11
83
10
52
9
3
13
25
9
93
9
74
4
40
9
94
9
33
12
24
9
64
13
25
9
64
9
43
11
53
11
53
9
99
9
73
9
14
9
13
9
34
9
71
12
54
9
64
14
86
12
54
9
99
9
11
12
24
9
43
9
42
12
84
11
83
9
94
9
99
0
20
9
73
13
85
13
85
13
55
9
61
12
84
9
14
9
99
9
99
14
86
13
55
9
33
9
64
9
14
9
92
9
99
9
74
9
74
9
62
0
85
9
99
11
23
12
24
9
34
10
52
9
44
9
64
9
14
9
73
12
54
1
69
11
83
9
99
9
14
9
99
9
99
9
43
9
73
9
44
3
29
9
13
15
57
9
32
9
74
9
74
9
21
9
94
9
99
9
99
9
62
2
39
2
29
9
99
9
14
9
63
9
44
9
11
14
26
12
84
9
31
15
87
9
94
11
23
9
41
9
74
9
13
13
85
11
53
9
43
9
99
9
94
0
20
9
34
9
99
9
13
9
73
9
34
9
74
9
44
9
74
14
86
11
83
12
24
9
99
9
64
11
53
11
53
