5
93
7
99
6
74
7
75
6
65
7
79
7
59
6
29
6
99
3
98
5
7
4
24
4
86
6
27
6
47
6
65
7
28
6
93
6
9
6
9
7
96
5
54
0
60
6
29
5
65
4
39
4
88
5
67
5
26
4
49
3
77
5
63
5
84
6
54
5
69
3
9
4
23
5
19
4
89
6
44
5
65
4
98
3
63
7
29
3
69
5
75
6
14
3
34
0
40
3
47
3
45
3
99
3
59
5
49
4
54
3
5
6
28
7
89
6
13
5
29
4
79
3
39
6
76
6
36
4
36
7
56
3
35
7
66
3
29
3
95
6
5
7
24
7
36
3
15
3
19
6
8
3
79
7
49
5
9
6
86
6
78
6
13
5
79
5
99
4
59
4
79
7
49
4
43
3
99
4
87
5
38
7
75
4
16
6
14
7
19
3
69
5
68
7
79
4
59
7
84
4
93
3
65
3
16
3
29
6
24
3
49
3
18
7
29
6
37
7
49
7
14
5
75
6
39
4
29
4
79
7
88
7
75
4
49
7
18
4
24
5
89
3
99
3
96
5
73
6
28
4
89
5
69
7
89
4
46
4
49
3
26
6
69
3
33
5
69
3
9
5
83
3
39
7
98
5
79
3
46
6
86
6
58
4
99
3
3
6
59
7
75
7
9
4
19
3
88
3
25
0
70
6
49
5
99
7
5
6
16
5
29
7
68
5
16
5
79
7
84
6
63
6
73
5
39
6
6
4
49
5
13
4
46
7
17
7
89
5
99
6
65
6
29
4
28
6
98
7
19
5
19
7
17
4
66
4
74
7
79
4
79
4
95
7
29
4
74
7
85
3
3
6
38
5
93
6
39
4
84
4
29
6
86
6
35
7
99
4
49
4
13
4
56
5
58
4
29
7
19
4
18
5
29
6
85
7
25
3
16
3
73
5
65
5
9
5
17
6
9
4
49
7
29
3
59
7
19
7
49
6
49
4
54
7
59
3
9
5
49
7
19
5
87
5
63
4
87
4
89
5
15
3
73
5
77
7
55
5
94
6
89
6
67
7
59
4
16
6
29
5
16
5
79
4
35
5
17
3
9
6
98
3
69
6
99
3
68
4
43
5
88
5
53
3
99
6
97
6
79
4
29
5
14
5
28
6
89
7
7
4
17
5
13
4
19
5
59
4
29
4
99
4
29
5
25
6
55
4
74
3
89
6
79
3
16
7
29
6
89
4
79
7
79
7
66
3
19
6
69
3
59
7
87
5
19
7
79
5
33
4
73
6
47
7
35
3
29
3
89
7
29
5
49
6
86
5
78
0
78
5
99
7
34
6
3
4
83
3
92
5
35
5
69
3
88
5
34
5
94
5
96
3
67
4
49
7
95
5
24
4
69
3
69
7
46
3
27
5
88
3
58
7
6
5
19
6
59
5
68
7
24
5
59
4
59
7
99
3
49
3
94
3
77
7
58
3
59
7
39
4
79
7
19
7
27
6
59
4
67
5
9
6
19
7
99
4
59
3
84
3
94
7
6
6
46
3
15
7
86
5
89
7
9
5
98
3
15
5
9
4
87
3
29
7
18
5
3
7
14
7
65
7
39
3
55
3
19
7
6
7
4
7
5
4
87
5
8
4
19
5
76
3
3
3
54
6
44
3
39
7
49
7
9
4
27
6
43
3
99
3
9
5
19
5
38
0
90
6
33
3
78
7
95
5
35
6
59
6
48
4
47
7
69
3
27
4
47
6
67
7
47
5
57
7
29
3
16
5
98
6
93
7
96
5
19
5
97
7
5
6
53
5
7
5
13
5
68
0
70
4
59
7
19
3
77
4
23
5
26
7
28
4
33
4
39
6
99
3
39
1
99
7
78
5
9
6
7
0
90
5
27
5
4
4
98
5
39
3
13
5
3
5
16
5
17
3
49
5
17
4
66
5
39
5
27
6
67
6
56
6
34
5
69
7
4
5
69
3
49
5
69
7
28
7
36
7
76
3
93
3
69
5
23
4
93
6
39
4
49
3
39
7
86
5
9
5
14
5
55
6
26
4
77
7
98
6
36
4
29
6
58
6
74
3
83
5
65
4
17
4
67
7
29
3
19
0
40
4
75
5
89
7
49
5
19
3
15
4
67
4
59
7
46
5
85
3
26
5
89
4
98
5
59
7
57
7
39
7
8
5
3
5
74
3
63
4
89
6
23
3
49
6
75
5
59
5
73
4
67
2
33
3
9
7
97
4
34
6
53
4
46
3
97
5
69
5
47
3
48
4
28
6
98
4
49
3
47
3
19
3
99
6
27
4
6
7
34
4
59
6
59
3
29
5
15
7
88
6
37
3
84
5
34
7
14
3
55
6
59
5
94
3
3
6
35
5
49
3
89
3
29
4
99
7
46
4
29
7
19
4
18
3
33
5
74
3
68
4
98
5
29
2
99
4
8
0
0
6
38
5
63
6
59
6
14
5
55
4
39
6
9
7
5
5
99
7
44
7
39
4
79
7
89
3
89
7
26
6
38
7
14
7
67
5
79
7
57
3
39
5
95
3
57
4
76
5
74
7
47
7
26
7
98
3
99
6
36
3
94
4
48
4
5
7
69
7
88
7
49
7
25
4
19
3
39
6
44
3
63
3
65
5
89
3
47
3
29
6
9
3
76
4
27
4
59
7
44
3
4
4
98
3
79
6
49
4
87
6
9
7
14
1
35
4
86
3
39
6
25
5
59
4
64
7
87
6
65
6
67
3
99
7
19
4
19
5
49
5
96
2
8
3
9
7
49
7
49
6
39
6
9
7
46
6
9
6
35
3
37
6
63
5
47
3
89
0
90
5
88
7
94
7
69
6
29
4
8
4
79
0
24
2
87
4
89
5
54
5
89
7
19
5
39
5
37
5
99
6
36
6
5
6
35
0
4
6
55
3
38
4
9
5
29
7
39
5
96
6
23
5
47
3
55
5
28
6
56
6
99
3
25
6
89
3
26
4
47
6
35
7
97
4
84
4
33
5
27
3
79
3
58
6
9
4
64
4
36
5
79
3
14
3
73
3
59
3
66
5
4
4
29
6
55
5
99
4
9
4
99
5
86
5
16
4
15
7
19
3
49
3
18
4
85
0
70
1
89
5
76
4
24
4
97
4
77
7
89
6
36
3
5
7
77
3
99
5
68
3
79
6
75
7
59
6
53
6
79
6
6
4
19
7
95
3
49
6
79
5
55
5
14
4
36
4
19
3
9
7
59
4
18
3
27
4
76
6
64
3
79
7
89
6
59
7
75
5
49
3
69
4
77
3
57
5
27
6
83
7
68
6
46
7
57
7
74
3
26
7
98
7
68
3
99
3
99
7
59
3
69
7
34
0
90
7
29
4
29
5
5
3
89
5
38
7
29
6
19
4
95
7
59
6
13
4
65
7
84
5
66
7
99
5
17
5
24
5
96
6
97
7
9
5
14
5
34
5
19
6
99
6
54
6
49
0
90
4
29
4
79
6
48
5
37
4
39
7
99
3
36
6
27
6
76
5
45
6
69
5
26
7
87
3
35
5
59
6
79
3
74
6
39
6
99
0
80
5
89
6
99
7
89
7
37
5
36
7
39
2
49
3
29
7
77
7
46
3
99
5
49
6
29
4
49
3
3
6
79
4
43
7
76
3
77
3
68
5
89
5
9
4
34
5
15
6
28
6
4
6
49
7
98
5
13
6
97
3
66
5
9
3
89
3
78
5
96
7
66
5
79
7
56
7
58
3
85
5
79
4
59
4
29
3
4
3
69
4
65
4
26
4
59
5
19
3
75
7
95
5
95
3
47
4
87
5
6
5
89
6
69
7
99
3
96
6
7
6
19
6
87
3
29
3
59
3
54
4
45
3
86
6
56
4
43
6
29
6
93
7
26
5
16
3
23
5
79
3
78
4
37
7
37
4
98
6
49
5
83
5
58
5
58
5
9
6
55
6
55
7
19
4
6
6
43
3
75
7
44
3
3
5
19
3
85
6
66
4
40
5
89
5
25
6
16
7
56
5
18
4
58
3
37
3
49
5
45
6
96
3
66
5
9
3
8
6
26
6
63
4
49
6
59
6
79
4
46
5
97
6
3
4
19
3
39
4
34
4
79
7
75
4
87
5
97
0
20
6
65
5
78
5
78
7
47
4
53
4
79
4
9
3
99
4
93
7
78
5
49
5
25
4
56
6
9
3
84
7
98
4
69
5
69
4
54
0
85
3
99
4
15
6
16
5
27
6
44
6
38
4
59
7
6
3
66
4
49
1
69
3
78
4
99
5
6
4
99
7
95
6
35
3
69
7
37
3
27
3
9
7
49
7
24
7
67
6
67
5
13
7
89
5
96
5
99
6
54
2
35
2
27
3
99
7
6
3
56
6
37
3
3
6
18
7
76
6
23
7
79
7
89
6
15
3
33
7
66
3
9
5
79
3
49
3
39
7
99
4
89
0
20
4
29
4
94
3
8
3
65
7
29
5
69
7
39
5
69
6
79
3
79
4
19
4
99
6
59
4
45
3
49
