9
99
9
99
9
81
10
82
9
72
14
86
9
64
9
34
9
99
9
99
9
14
9
31
9
93
9
34
12
54
9
72
9
34
9
99
9
14
9
14
9
99
9
61
0
60
9
34
9
72
9
43
9
93
9
74
9
33
11
53
10
82
9
70
9
91
9
61
9
74
9
12
9
30
12
24
9
93
9
51
9
72
9
99
9
70
9
34
9
72
10
82
9
21
9
41
0
40
10
52
10
52
9
99
9
62
12
54
9
61
9
12
9
34
9
94
9
20
9
34
11
83
9
42
11
83
9
43
9
43
9
63
9
42
9
73
9
32
9
99
9
12
9
31
9
43
10
22
10
22
9
14
10
82
14
56
9
14
9
93
13
85
9
20
12
84
9
99
9
63
11
83
14
56
9
50
9
99
9
93
9
44
10
82
11
23
9
21
14
26
9
72
9
74
14
86
9
63
9
91
9
99
9
72
10
22
9
32
9
31
10
52
10
22
9
34
9
44
14
56
9
21
10
82
9
44
9
33
11
83
9
94
10
82
11
53
13
25
9
31
9
94
9
99
9
99
9
80
9
34
9
93
9
74
9
94
11
53
11
53
9
32
9
74
9
40
9
74
9
12
9
90
9
42
9
99
12
84
10
52
9
93
9
64
9
99
9
10
9
64
10
82
9
14
11
23
9
92
9
32
0
70
13
55
9
99
9
12
11
23
9
34
9
74
11
23
12
84
9
91
9
70
9
80
9
44
9
13
11
53
9
20
11
53
12
24
9
94
9
99
9
72
9
34
9
33
9
99
14
26
12
24
12
24
9
73
9
81
14
86
11
83
9
99
9
34
9
81
9
92
9
10
9
44
9
99
9
44
9
91
9
33
9
93
9
42
9
99
11
53
9
20
9
63
9
64
9
33
14
26
11
23
9
34
9
92
9
32
10
22
9
80
9
72
9
14
12
24
9
14
11
53
9
34
9
62
14
26
14
56
13
55
9
61
9
64
9
12
12
54
14
26
9
94
9
70
9
93
9
93
10
22
9
80
12
84
9
62
9
99
9
94
9
74
9
64
11
23
9
34
11
23
12
84
9
42
12
24
9
12
9
99
9
72
9
99
9
72
9
50
9
94
12
53
9
99
9
99
13
85
9
33
9
21
9
34
9
94
9
14
11
23
9
20
11
23
9
64
9
33
9
99
9
33
9
32
9
62
9
81
9
92
13
85
10
22
9
34
9
94
11
83
14
86
9
73
10
22
9
74
9
62
9
94
12
24
14
86
9
40
9
80
12
54
9
42
9
32
9
92
9
34
12
54
9
93
12
84
0
78
9
99
9
41
9
10
9
90
9
92
9
42
9
74
9
92
9
41
9
99
9
99
9
72
11
53
9
99
9
31
9
73
9
72
11
53
9
32
9
94
9
62
9
13
12
24
9
64
9
74
9
31
9
64
9
63
9
99
10
52
9
99
10
82
9
64
9
62
9
44
11
83
14
26
9
34
9
64
9
73
9
14
13
25
9
99
9
63
9
91
9
99
9
13
11
53
10
22
9
93
9
94
9
14
9
99
10
22
9
14
9
93
9
32
13
25
9
10
9
21
9
72
9
44
9
62
10
22
9
13
9
11
9
12
9
93
9
14
9
19
11
83
9
10
9
61
9
51
9
42
14
56
9
14
4
29
9
50
9
99
9
12
12
24
9
44
0
90
9
40
10
82
9
99
9
42
9
64
13
55
11
53
9
74
9
32
11
53
9
74
12
54
9
64
9
34
10
22
9
99
9
99
9
99
12
24
9
99
9
12
9
60
9
14
9
20
9
74
0
70
9
63
14
26
10
82
9
30
9
33
9
34
9
40
9
43
9
99
9
42
1
99
13
85
9
14
9
14
0
90
9
34
9
11
9
99
9
44
9
20
9
10
11
23
12
24
10
52
12
24
9
73
9
44
9
34
9
74
9
63
9
41
9
74
9
11
9
74
10
52
9
74
9
34
9
43
11
83
9
99
9
72
9
30
9
99
9
44
11
53
9
42
9
93
9
14
9
21
9
62
9
33
11
83
9
99
9
43
9
33
9
64
9
81
9
90
9
72
11
23
4
69
9
34
10
22
0
40
10
82
9
94
14
56
12
24
10
22
9
73
9
63
11
53
9
92
9
32
9
94
9
99
9
64
9
64
9
44
9
14
9
10
9
81
9
70
9
93
9
30
10
52
8
75
9
64
9
80
9
73
2
39
9
12
9
99
9
41
9
60
11
53
9
99
9
74
12
54
10
52
9
33
9
99
11
53
10
52
10
22
9
99
9
34
9
13
9
41
9
63
9
64
9
32
10
22
9
94
9
44
10
82
9
41
9
21
8
55
9
64
9
99
9
10
9
42
12
54
9
92
9
32
9
99
11
53
9
33
14
26
11
23
9
40
9
74
9
72
9
99
9
34
2
99
9
13
0
0
9
44
9
70
9
64
9
21
9
62
9
43
9
14
9
12
9
99
9
51
9
44
11
83
9
94
9
92
9
33
9
44
9
21
9
74
12
84
9
64
9
42
9
99
9
62
11
83
9
81
12
54
9
33
9
99
9
99
9
43
9
99
11
53
9
12
9
74
9
94
14
56
9
32
11
23
9
42
9
51
9
70
9
72
9
94
10
52
9
32
9
14
10
82
9
33
9
63
9
51
9
11
9
99
10
82
13
55
9
93
9
14
9
21
1
39
9
93
9
42
9
32
9
64
4
69
9
94
9
72
9
74
9
99
14
26
11
23
12
54
9
99
2
9
9
12
14
56
14
56
9
44
9
14
11
53
9
14
9
42
9
42
9
70
12
54
9
92
0
90
9
94
9
99
9
74
9
34
9
13
11
83
0
24
2
89
9
93
12
52
9
94
14
26
9
44
9
44
9
99
9
43
9
12
9
42
0
4
9
62
9
42
9
13
9
34
9
44
9
99
9
30
12
54
9
62
9
34
9
63
9
99
8
25
9
94
9
32
9
47
9
42
9
99
9
91
9
40
9
34
10
82
9
62
9
14
9
71
9
43
12
84
3
19
9
80
9
62
9
72
9
11
9
33
9
62
9
99
9
13
9
99
9
93
11
23
10
22
14
26
10
52
10
22
9
92
0
70
1
89
11
83
9
31
9
99
11
83
9
94
9
36
9
12
12
84
9
99
9
68
10
82
10
82
9
64
9
60
13
85
9
13
11
23
9
99
10
52
13
85
9
62
9
21
4
39
11
23
9
12
9
64
11
23
9
32
11
83
9
71
10
82
9
94
9
64
10
82
12
54
9
72
9
77
9
62
9
34
9
90
9
74
11
53
9
64
9
81
9
32
9
99
9
74
9
99
9
99
9
64
9
72
9
41
0
90
9
34
9
33
9
12
9
92
9
44
9
34
13
25
9
99
9
64
9
20
9
72
9
91
9
73
9
99
12
24
9
24
9
99
9
97
9
14
9
21
9
41
12
24
9
99
9
61
13
55
0
90
9
33
11
83
13
55
9
44
9
43
9
99
9
42
9
34
11
83
10
52
9
74
9
26
9
87
9
42
9
64
13
85
9
81
9
44
9
99
0
80
9
94
9
99
9
94
9
44
9
43
9
44
2
49
9
32
12
84
11
53
9
99
12
54
9
34
11
53
9
10
13
85
9
50
11
83
10
82
9
72
9
94
9
14
9
41
10
22
9
34
9
11
13
55
9
99
9
20
9
99
9
72
9
14
9
92
10
82
9
99
9
73
12
84
9
63
9
64
9
92
12
84
9
63
4
29
9
11
9
72
9
72
9
33
9
63
12
24
10
82
9
99
9
99
10
52
9
93
9
13
9
94
9
74
9
99
9
99
9
14
13
25
9
94
9
32
9
62
9
61
10
52
9
92
9
63
9
50
9
34
9
99
9
33
11
23
9
30
12
84
10
82
9
43
9
44
9
99
13
55
9
90
9
58
9
64
9
14
8
55
9
62
14
26
9
6
9
50
10
82
9
51
9
3
12
24
9
92
9
73
4
40
9
94
9
32
11
23
9
63
12
24
9
63
9
42
10
52
10
52
9
99
9
72
9
14
9
12
9
33
9
70
11
53
9
64
13
85
11
53
9
99
9
10
11
23
9
42
9
41
11
83
10
82
9
93
9
99
0
20
9
72
12
84
12
84
12
54
9
60
11
83
9
13
9
99
9
99
13
85
12
54
9
32
9
63
9
14
9
91
9
99
9
73
9
74
9
61
0
85
9
99
10
22
11
23
9
34
9
51
9
44
9
63
9
13
9
72
11
53
1
69
10
82
9
99
9
13
9
99
9
99
9
42
9
72
9
44
3
29
9
12
14
56
9
31
9
74
9
74
9
20
9
94
9
99
9
99
9
61
2
39
2
29
9
99
9
13
9
62
9
44
9
10
13
25
11
83
9
30
14
86
9
94
10
22
9
40
9
73
9
12
12
84
10
52
9
42
9
99
9
93
0
20
9
33
9
99
9
12
9
72
9
34
9
74
9
44
9
74
13
85
10
82
11
23
9
99
9
64
10
52
10
52
