8
80
9
10
8
79
9
70
9
30
9
99
9
99
8
40
9
21
10
82
9
11
9
14
9
13
9
71
9
43
9
34
8
70
9
33
12
54
8
10
11
83
9
99
9
81
8
60
10
82
9
9
8
80
9
38
9
72
9
74
9
81
9
92
9
81
9
51
9
12
9
43
9
91
9
62
9
11
8
70
9
32
11
53
9
31
8
80
9
31
9
63
8
80
9
81
9
49
9
38
9
34
9
64
10
82
9
63
9
73
8
80
9
13
9
18
8
78
9
99
8
10
9
32
9
48
0
30
9
94
9
92
8
70
11
53
9
79
9
92
9
41
9
63
8
60
9
14
9
48
9
99
9
20
9
79
8
90
9
51
8
80
9
42
9
73
11
83
9
12
9
72
9
90
12
82
9
19
9
78
9
41
9
28
8
20
8
70
8
90
9
19
9
59
8
40
9
13
9
94
9
91
9
71
9
31
9
68
11
23
9
39
9
91
8
30
9
41
9
81
9
14
9
93
9
51
8
30
9
99
9
99
11
53
11
23
9
38
8
90
8
80
8
40
9
99
8
20
9
12
9
29
9
88
9
91
9
32
8
90
9
50
9
40
8
60
8
50
8
50
9
43
9
91
8
99
12
54
8
50
8
60
10
52
9
98
9
11
12
24
9
81
12
24
9
71
9
41
9
99
9
78
9
40
8
60
8
5
9
32
8
30
9
99
9
42
8
80
8
40
9
51
8
70
9
43
9
21
8
68
11
53
9
30
9
48
9
94
8
69
9
59
9
99
9
14
9
39
9
58
9
29
8
60
9
80
9
13
9
51
9
32
9
51
9
48
9
61
12
84
9
34
9
11
8
70
9
12
9
12
8
50
9
39
11
23
9
99
9
11
10
22
0
10
9
99
9
12
10
82
9
51
0
10
9
59
9
43
9
61
9
80
9
14
9
43
9
99
8
70
9
90
10
82
9
93
9
99
11
53
9
28
9
29
9
31
9
91
12
54
10
82
9
74
9
18
12
84
9
31
9
19
9
93
8
50
9
43
9
49
9
99
8
80
9
41
11
83
9
72
12
24
9
99
8
20
9
41
8
2
8
30
11
83
9
9
8
20
9
99
9
78
9
11
9
50
9
99
9
81
9
72
9
80
9
94
9
20
10
82
9
81
8
40
8
60
9
69
9
63
9
42
9
29
9
9
9
18
11
83
9
99
9
51
9
81
10
22
9
79
10
82
12
24
9
71
8
70
10
82
10
82
9
73
9
61
9
32
9
74
9
99
9
41
9
98
9
46
9
30
9
10
9
99
9
99
9
63
9
31
8
10
8
10
9
34
9
11
8
70
9
74
9
31
9
72
12
24
8
80
9
99
9
69
9
41
9
31
11
23
9
72
8
30
10
22
9
10
8
50
9
32
9
89
8
70
8
20
3
79
11
52
9
51
9
11
9
63
8
60
9
70
8
80
11
53
9
41
9
42
9
99
8
20
9
80
9
73
11
53
8
60
9
34
8
99
9
99
8
98
10
22
8
80
9
61
9
19
9
46
8
40
8
50
8
80
0
30
9
49
9
40
9
41
10
82
9
8
12
54
9
58
0
60
8
48
12
84
9
92
9
42
9
69
9
99
9
49
9
44
9
21
2
48
9
62
9
94
9
21
11
23
9
68
8
40
0
40
9
62
9
68
9
89
9
81
9
8
9
99
1
49
8
30
9
11
9
9
10
82
9
30
8
90
9
20
8
99
9
99
8
99
9
51
9
51
8
30
9
63
9
44
8
30
8
50
8
60
9
44
9
8
12
24
8
40
9
42
9
70
9
70
8
40
8
10
9
94
10
82
9
80
9
81
8
50
8
10
9
19
8
20
9
70
9
29
9
99
9
31
8
65
10
22
9
79
9
8
9
71
9
99
9
63
9
8
10
52
9
9
9
92
9
79
10
52
9
91
9
41
8
30
11
83
9
60
9
43
9
88
9
89
9
12
9
90
8
30
9
51
9
30
8
70
10
82
9
99
9
39
8
8
9
38
8
28
9
50
9
62
10
22
9
99
9
43
9
80
0
50
9
72
11
53
9
74
9
99
9
11
9
91
3
39
9
62
9
32
9
59
9
99
9
49
10
83
8
50
9
9
8
20
9
60
9
99
11
23
9
38
12
84
9
12
9
51
9
13
8
70
10
82
9
74
8
90
9
31
8
99
11
83
9
64
9
8
8
90
9
90
0
50
9
71
9
99
9
30
9
99
10
22
9
19
9
93
9
61
9
70
9
34
9
99
9
40
9
92
9
43
8
50
9
51
9
28
9
92
9
32
8
55
0
0
9
68
8
49
9
34
9
61
9
11
9
10
9
49
9
99
9
51
9
61
10
52
9
51
9
94
9
58
9
80
8
60
9
99
8
30
8
50
9
99
0
80
9
81
9
51
9
50
9
99
9
21
8
50
8
90
9
93
12
84
9
30
9
49
8
30
9
32
1
29
8
90
9
99
9
13
9
11
8
79
9
18
9
64
9
81
9
81
9
51
9
40
9
99
8
90
9
61
9
99
8
90
9
29
9
12
8
29
9
42
9
71
9
18
11
23
9
30
9
88
8
90
9
40
9
63
8
38
9
50
8
70
8
40
10
82
8
99
11
53
9
8
9
92
8
70
9
32
1
49
8
30
9
33
10
82
11
23
8
20
9
83
9
71
9
51
9
19
9
11
9
42
9
89
9
99
9
91
8
10
8
40
9
81
9
32
9
80
9
61
9
33
9
13
11
83
9
99
9
64
11
83
9
68
8
47
9
18
8
30
9
69
8
70
9
39
1
69
8
30
9
99
10
52
9
94
9
92
9
8
9
88
9
43
9
62
8
25
9
78
10
22
8
8
8
48
12
84
9
11
9
59
9
99
1
59
9
57
9
81
9
99
9
33
9
64
9
44
8
40
9
74
10
82
9
41
9
13
9
94
9
99
9
43
9
12
9
71
9
99
3
79
12
54
9
93
9
8
9
64
9
44
9
29
8
50
9
9
9
99
9
39
8
50
9
90
8
20
9
19
10
52
9
68
9
50
9
34
10
22
9
9
9
94
9
92
11
53
8
90
1
79
11
83
9
12
9
90
9
33
0
50
9
72
9
28
9
41
9
79
8
70
9
51
8
90
8
10
9
79
9
80
9
12
8
30
9
30
9
61
9
63
3
10
8
98
9
31
9
99
9
92
10
52
8
60
9
80
8
90
9
79
9
73
9
34
9
92
9
33
9
21
10
22
8
68
8
40
9
33
9
69
9
41
8
70
9
42
0
70
8
80
9
11
9
78
8
10
8
47
9
71
9
59
9
94
9
32
9
32
9
81
9
19
8
40
9
72
8
10
10
82
9
72
9
41
8
40
9
11
11
83
9
99
8
58
9
71
9
92
3
19
1
9
9
30
11
23
8
10
8
90
9
93
9
42
8
80
1
79
9
89
9
31
11
23
8
20
9
59
9
72
8
3
9
32
9
92
9
32
9
61
8
40
9
8
3
49
9
51
8
10
9
79
9
61
9
91
9
33
9
30
9
41
9
98
9
9
9
41
9
72
9
11
9
33
9
41
10
22
8
49
9
11
9
43
0
30
8
99
9
14
9
99
8
65
10
22
9
51
11
53
8
40
9
29
9
21
9
41
9
51
9
43
9
41
8
40
9
34
9
92
9
10
9
41
0
70
8
20
8
30
9
34
8
50
9
70
9
72
0
80
9
63
9
19
9
41
9
44
9
91
9
99
9
99
10
82
10
52
9
63
9
61
9
31
9
99
8
20
8
18
9
20
10
52
8
10
8
30
9
41
9
93
9
12
9
13
9
71
11
53
9
81
9
68
8
40
9
59
9
31
9
81
9
80
9
11
9
72
9
60
12
54
9
11
9
74
9
34
10
22
9
41
9
51
9
61
9
90
9
71
9
60
8
50
9
41
9
43
0
40
9
14
0
89
9
71
9
70
1
49
9
80
0
40
11
53
9
39
9
31
9
20
8
90
9
31
8
20
10
22
9
49
9
13
10
22
8
80
9
93
8
30
9
84
8
89
9
58
9
58
4
9
12
84
0
90
9
20
8
30
0
20
8
50
9
99
8
66
9
11
2
49
10
82
9
19
8
8
9
42
1
69
9
91
9
58
9
72
9
91
9
79
9
69
9
38
9
31
8
99
8
70
9
29
1
29
1
59
9
81
8
99
9
93
9
72
12
24
9
99
8
80
9
32
9
78
9
33
9
61
9
34
8
30
9
72
8
60
9
81
9
11
9
21
9
99
9
29
0
10
12
24
9
31
9
44
8
50
9
8
11
83
9
33
9
30
8
20
1
79
9
69
9
13
9
30
11
83
9
44
8
30
9
30
8
39
10
21
9
69
3
89
9
49
8
90
9
70
9
6
9
41
9
92
9
28
9
79
9
71
10
22
8
28
8
50
8
47
8
79
2
69
8
99
9
8
9
61
9
92
8
88
9
71
9
61
9
99
8
89
9
99
9
44
9
51
1
49
9
34
9
99
8
80
