19
92
9
14
19
91
9
74
9
34
9
99
9
99
9
44
19
33
19
94
9
14
9
14
9
14
9
74
9
44
9
34
9
74
9
34
19
64
9
14
19
94
9
99
19
93
9
64
19
94
9
14
19
92
9
44
9
74
9
74
19
93
9
94
19
93
19
63
9
14
9
44
9
94
9
64
9
14
9
74
9
34
19
64
9
34
19
92
9
34
9
64
19
92
19
93
19
61
9
44
9
34
9
64
19
94
9
64
9
74
19
92
9
14
18
30
18
90
9
99
9
14
9
34
18
60
0
30
9
94
9
94
9
74
19
64
19
91
9
94
9
44
9
64
9
64
9
14
18
60
9
99
19
32
19
91
9
94
19
63
19
92
9
44
9
74
19
94
9
14
9
74
9
94
19
82
19
31
18
90
9
44
9
34
19
32
9
74
9
94
19
31
9
64
9
44
9
14
9
94
9
94
9
74
9
34
9
68
19
34
9
44
9
94
9
34
9
44
19
93
9
14
9
94
19
63
9
34
9
99
9
99
19
64
19
34
9
44
9
94
19
92
9
44
9
99
19
32
9
14
9
34
9
94
9
94
9
34
9
94
19
62
9
44
9
64
19
62
19
62
9
44
9
94
9
99
19
64
19
62
9
64
19
64
9
99
9
14
19
34
19
93
19
34
9
74
9
44
9
99
18
90
9
44
9
64
8
5
9
34
9
34
9
99
9
44
19
92
9
44
19
63
9
74
9
44
19
33
9
74
19
64
9
34
18
60
9
94
9
74
9
64
9
99
9
14
9
44
9
64
9
34
9
64
19
92
9
14
19
63
9
34
19
63
18
60
9
64
19
94
9
34
9
14
9
74
9
14
9
14
19
62
9
44
19
34
9
99
9
14
19
34
0
10
9
99
9
12
19
94
19
63
0
10
9
64
9
44
9
64
19
92
9
14
9
44
9
99
9
74
9
94
19
94
9
94
9
99
19
64
9
34
9
34
9
34
9
94
19
64
19
94
9
74
18
30
19
94
9
34
19
31
9
94
19
62
9
44
19
61
9
99
19
92
9
44
19
94
9
74
19
34
9
99
19
32
9
44
9
2
9
34
19
94
9
14
19
32
9
99
18
90
9
14
19
62
9
99
19
93
9
74
19
92
9
94
19
32
19
94
19
93
9
44
9
64
9
74
9
64
9
44
9
34
9
14
18
30
19
94
9
99
19
63
19
93
19
34
19
91
19
94
19
34
9
74
9
74
19
94
19
94
9
74
9
64
9
34
9
74
9
99
9
44
9
99
9
46
9
34
9
14
9
99
9
99
9
64
9
34
9
14
9
14
9
34
9
14
9
74
9
74
9
34
9
74
19
34
19
92
9
99
9
74
9
44
9
34
19
34
9
74
9
34
19
34
9
14
19
62
9
34
9
94
9
74
19
32
3
79
19
52
19
63
9
14
9
64
9
64
9
74
19
92
19
64
9
41
9
44
9
99
19
32
19
92
9
74
19
64
9
64
9
34
9
99
9
99
9
99
19
34
19
92
9
64
19
31
9
46
9
44
19
62
19
92
0
30
19
61
9
44
9
44
19
94
9
14
19
64
9
64
0
60
18
60
19
94
9
94
9
44
9
74
9
99
19
61
9
44
19
33
2
49
9
64
9
94
19
33
19
34
9
74
9
44
0
40
9
64
9
68
9
94
19
93
9
14
9
99
1
49
9
34
9
14
9
9
19
94
9
34
9
94
19
32
9
99
9
99
9
99
19
63
19
63
9
34
9
64
9
44
9
34
19
62
9
64
9
44
9
14
19
34
9
44
9
44
9
74
9
74
9
44
9
14
9
94
19
94
19
92
19
93
19
62
9
14
19
31
19
32
9
74
9
34
9
99
9
34
8
65
19
34
19
91
9
14
9
74
9
99
9
64
9
14
19
64
9
14
9
94
19
91
19
64
9
94
9
44
9
34
19
94
9
64
9
44
9
94
9
94
9
14
9
94
9
34
19
63
9
34
9
74
19
94
9
99
9
44
9
14
9
44
9
34
19
62
9
64
19
34
9
99
9
44
19
92
0
50
9
74
19
64
9
74
9
99
9
14
9
94
3
39
9
64
9
32
9
64
9
99
19
61
19
83
19
62
9
14
19
32
9
64
9
99
19
34
9
44
19
94
9
14
19
63
9
14
9
74
19
94
9
74
9
94
9
34
9
99
19
94
9
64
9
14
9
94
9
94
0
50
9
74
9
99
9
34
9
99
19
34
19
31
9
94
9
64
9
74
9
34
9
99
9
44
9
94
9
44
19
62
19
63
9
34
9
94
9
34
8
55
0
0
9
74
19
61
9
34
9
64
9
14
9
14
19
61
9
99
19
63
9
64
19
64
19
63
9
94
9
64
19
92
9
64
9
99
9
34
19
62
9
99
0
80
19
93
19
63
19
62
9
99
19
33
19
62
9
94
9
94
19
94
9
34
19
61
9
34
9
34
1
29
9
94
9
99
9
13
9
14
19
91
18
30
9
64
19
93
19
93
19
63
9
44
9
99
9
94
9
64
9
99
9
94
9
34
9
14
9
34
9
42
9
74
18
30
19
34
9
34
9
94
9
94
9
44
9
64
9
44
19
62
9
74
9
44
19
94
9
99
19
64
9
14
9
94
9
74
9
34
1
49
9
34
9
34
19
94
19
34
19
32
19
82
9
74
19
63
19
31
9
14
9
44
9
94
9
99
9
94
9
14
9
44
19
93
9
34
19
92
9
64
9
34
9
14
19
94
9
99
9
64
19
94
9
74
9
47
18
30
9
34
9
74
9
74
9
44
1
69
9
34
9
99
19
64
9
94
9
94
9
14
9
94
9
44
9
64
8
25
18
90
19
34
9
14
18
60
19
94
9
14
9
64
9
99
1
59
9
57
19
93
9
99
9
34
9
64
9
44
9
44
9
74
19
94
9
44
9
14
9
94
9
99
9
44
9
14
9
74
9
99
3
79
19
64
9
94
9
14
9
64
9
44
9
34
19
62
9
14
9
99
9
44
19
62
9
94
19
32
19
31
19
64
9
68
19
62
9
34
19
34
9
14
9
94
9
94
19
64
9
94
1
79
19
94
9
14
9
94
9
34
0
50
9
74
9
34
9
44
19
91
9
74
19
63
9
94
9
14
19
91
19
92
9
14
9
34
9
34
9
64
9
64
3
10
9
99
9
34
9
99
9
94
19
64
9
64
19
92
9
94
19
91
9
74
9
34
9
94
9
34
19
33
19
34
9
74
9
44
9
34
9
74
9
44
9
74
9
44
0
70
19
92
9
14
18
90
9
14
9
47
9
74
9
64
9
94
9
34
9
34
19
93
19
31
9
44
9
74
9
14
19
94
9
74
9
44
9
44
9
14
19
94
9
99
9
64
9
74
9
94
3
19
1
9
9
34
19
34
9
14
9
94
9
94
9
44
19
92
1
79
9
89
9
34
19
34
19
32
9
64
9
74
9
3
9
34
9
94
9
34
9
64
9
44
9
14
3
49
19
63
9
14
19
91
9
64
9
94
9
34
9
34
9
44
9
99
9
14
9
44
9
74
9
14
9
34
9
44
19
34
19
61
9
14
9
44
0
30
9
99
9
14
9
99
8
65
19
34
19
63
19
64
9
44
9
34
19
33
9
44
19
63
9
44
9
44
9
44
9
34
9
94
9
14
9
44
0
70
19
32
9
34
9
34
19
62
9
74
9
74
0
80
9
64
19
31
9
44
9
44
9
94
9
99
9
99
19
94
19
64
9
64
9
64
9
34
9
99
19
32
18
30
19
32
19
64
9
14
9
34
9
44
9
94
9
14
9
14
9
74
19
64
19
93
9
74
9
44
9
64
9
34
19
93
19
92
9
14
9
74
9
64
19
64
9
14
9
74
9
34
19
34
9
44
19
63
9
64
9
94
9
74
9
64
19
62
9
44
9
44
0
40
9
14
0
89
9
74
9
74
1
49
19
92
0
40
19
64
9
44
9
34
19
32
9
94
9
34
19
32
19
34
19
61
9
14
19
34
19
92
9
94
9
34
9
84
9
94
9
64
9
64
4
9
19
94
0
90
19
32
9
34
0
20
19
62
9
99
9
66
9
14
2
49
19
94
19
31
9
14
9
44
1
69
9
94
9
64
9
74
9
94
19
91
9
74
9
44
9
34
9
99
9
74
9
34
1
29
1
59
19
93
9
99
9
94
9
74
19
34
9
99
19
92
9
34
18
90
9
34
9
64
9
34
9
34
9
74
9
64
19
93
9
14
19
33
9
99
9
34
0
10
19
34
9
34
9
44
19
62
9
14
19
94
9
34
9
34
19
32
1
79
9
74
9
14
9
34
19
94
9
44
9
34
9
34
9
44
19
21
9
74
3
89
19
61
9
94
9
74
9
6
9
44
9
94
9
34
19
91
9
74
19
34
9
34
19
62
9
47
19
91
2
69
9
99
9
14
9
64
9
94
9
94
9
74
9
64
9
99
9
94
9
99
9
44
19
63
1
49
9
34
9
99
19
92
