13
85
9
14
12
84
9
74
9
34
9
99
9
99
9
44
14
26
15
87
9
14
9
14
9
14
9
74
9
44
9
34
9
74
9
34
17
59
9
14
16
88
9
99
14
86
9
64
15
87
9
14
13
85
9
43
9
74
9
74
14
86
9
94
14
86
14
56
9
14
9
44
9
94
9
64
9
14
9
74
9
34
16
58
9
34
13
85
9
34
9
64
13
85
14
86
12
54
9
43
9
34
9
64
15
87
9
64
9
74
13
85
9
14
11
23
11
83
9
99
9
14
9
34
11
53
0
30
9
94
9
94
9
74
16
58
12
84
9
94
9
44
9
64
9
64
9
14
11
53
9
99
13
25
12
84
9
94
14
56
13
85
9
44
9
74
16
88
9
14
9
74
9
94
17
82
12
24
11
83
9
44
9
33
13
25
9
74
9
94
12
24
9
64
9
44
9
14
9
94
9
94
9
74
9
34
9
68
16
28
9
44
9
94
9
34
9
44
14
86
9
14
9
94
14
56
9
34
9
99
9
99
16
58
16
28
9
43
9
94
13
85
9
44
9
99
13
25
9
14
9
34
9
93
9
94
9
34
9
94
13
55
9
44
9
64
13
55
13
55
9
44
9
94
9
99
17
59
13
55
9
64
15
57
9
99
9
14
17
29
14
86
17
29
9
74
9
44
9
99
11
83
9
44
9
64
8
5
9
34
9
34
9
99
9
44
13
85
9
44
14
56
9
74
9
44
14
26
9
73
16
58
9
34
11
53
9
94
9
74
9
64
9
99
9
14
9
44
9
63
9
34
9
64
13
85
9
14
14
56
9
34
14
56
11
53
9
64
17
89
9
34
9
14
9
74
9
14
9
14
13
55
9
44
16
28
9
99
9
14
15
27
0
10
9
99
9
12
15
87
14
56
0
10
9
64
9
44
9
64
13
85
9
14
9
44
9
99
9
74
9
94
15
87
9
94
9
99
16
58
9
33
9
34
9
34
9
94
17
59
15
87
9
74
11
23
17
89
9
34
12
24
9
94
13
55
9
44
12
54
9
99
13
85
9
44
16
88
9
74
17
29
9
99
13
25
9
44
9
2
9
34
16
88
9
14
13
25
9
99
11
83
9
14
13
55
9
99
14
86
9
74
13
85
9
94
13
25
15
87
14
86
9
44
9
64
9
74
9
64
9
44
9
34
9
14
11
23
16
88
9
99
14
56
14
86
15
27
12
84
15
87
17
29
9
74
9
74
15
87
15
87
9
74
9
64
9
34
9
74
9
99
9
44
9
99
9
46
9
34
9
14
9
99
9
99
9
64
9
34
9
14
9
14
9
34
9
14
9
74
9
74
9
34
9
74
17
29
13
85
9
99
9
74
9
44
9
34
16
28
9
74
9
34
15
27
9
14
13
55
9
34
9
94
9
74
13
25
3
79
16
52
14
56
9
14
9
64
9
64
9
74
13
85
16
58
9
41
9
44
9
99
13
25
13
85
9
74
16
58
9
64
9
34
9
99
9
99
9
99
15
27
13
85
9
64
12
24
9
46
9
44
13
55
13
85
0
30
12
54
9
44
9
44
15
87
9
13
17
59
9
63
0
60
11
53
17
89
9
94
9
44
9
74
9
99
12
54
9
44
14
26
2
49
9
64
9
94
14
26
16
28
9
73
9
44
0
40
9
64
9
68
9
94
14
86
9
13
9
99
1
49
9
34
9
14
9
9
15
87
9
34
9
94
13
25
9
99
9
99
9
99
14
56
14
56
9
34
9
64
9
44
9
34
13
55
9
64
9
44
9
13
17
29
9
44
9
44
9
74
9
74
9
44
9
14
9
94
15
87
13
85
14
86
13
55
9
14
12
24
13
25
9
74
9
34
9
99
9
34
8
65
15
27
12
84
9
13
9
74
9
99
9
64
9
13
15
57
9
14
9
94
12
84
15
57
9
94
9
44
9
34
16
88
9
64
9
44
9
93
9
94
9
14
9
94
9
34
14
56
9
34
9
74
15
87
9
99
9
44
9
13
9
43
9
33
13
55
9
64
15
27
9
99
9
44
13
85
0
50
9
74
16
58
9
74
9
99
9
14
9
94
3
39
9
64
9
32
9
64
9
99
12
54
15
83
13
55
9
14
13
25
9
64
9
99
16
28
9
43
17
89
9
14
14
56
9
14
9
74
15
87
9
74
9
94
9
34
9
99
16
88
9
64
9
13
9
94
9
94
0
50
9
74
9
99
9
34
9
99
15
27
12
24
9
94
9
64
9
74
9
34
9
99
9
44
9
94
9
44
13
55
14
56
9
33
9
94
9
34
8
55
0
0
9
73
12
54
9
34
9
64
9
14
9
14
12
54
9
99
14
56
9
64
15
57
14
56
9
94
9
63
13
85
9
64
9
99
9
34
13
55
9
99
0
80
14
86
14
56
13
55
9
99
14
26
13
55
9
94
9
94
17
89
9
34
12
54
9
34
9
34
1
29
9
94
9
99
9
13
9
14
12
84
11
23
9
64
14
86
14
86
14
56
9
44
9
99
9
94
9
64
9
99
9
94
9
34
9
14
9
34
9
42
9
74
11
23
16
28
9
34
9
93
9
94
9
44
9
64
9
43
13
55
9
74
9
44
15
87
9
99
16
58
9
13
9
94
9
74
9
34
1
49
9
34
9
34
15
87
16
28
13
25
14
82
9
74
14
56
12
24
9
14
9
44
9
94
9
99
9
94
9
14
9
44
14
86
9
34
13
85
9
64
9
34
9
14
16
88
9
99
9
64
16
88
9
73
9
47
11
23
9
34
9
74
9
74
9
44
1
69
9
34
9
99
15
57
9
94
9
94
9
13
9
93
9
44
9
64
8
25
11
83
15
27
9
13
11
53
17
89
9
14
9
64
9
99
1
59
9
57
14
86
9
99
9
34
9
64
9
44
9
44
9
74
15
87
9
44
9
14
9
94
9
99
9
44
9
14
9
74
9
99
3
79
17
59
9
94
9
13
9
64
9
44
9
34
13
55
9
14
9
99
9
44
13
55
9
94
13
25
12
24
15
57
9
68
13
55
9
34
15
27
9
14
9
94
9
94
16
58
9
94
1
79
16
88
9
14
9
94
9
34
0
50
9
74
9
33
9
44
12
84
9
74
14
56
9
94
9
14
12
84
13
85
9
14
9
34
9
34
9
64
9
64
3
10
9
99
9
34
9
99
9
94
15
57
9
64
13
85
9
94
12
84
9
74
9
34
9
94
9
34
14
26
15
27
9
73
9
44
9
34
9
74
9
44
9
74
9
44
0
70
13
85
9
14
11
83
9
14
9
47
9
74
9
64
9
94
9
34
9
34
14
86
12
24
9
44
9
74
9
14
15
87
9
74
9
44
9
44
9
14
16
88
9
99
9
63
9
74
9
94
3
19
1
9
9
34
16
28
9
14
9
94
9
94
9
44
13
85
1
79
9
89
9
34
16
28
13
25
9
64
9
74
9
3
9
34
9
94
9
34
9
64
9
44
9
13
3
49
14
56
9
14
12
84
9
64
9
94
9
34
9
34
9
44
9
99
9
14
9
44
9
74
9
14
9
34
9
44
15
27
12
54
9
14
9
44
0
30
9
99
9
14
9
99
8
65
15
27
14
56
16
58
9
44
9
34
14
26
9
44
14
56
9
44
9
44
9
44
9
34
9
94
9
14
9
44
0
70
13
25
9
34
9
34
13
55
9
74
9
74
0
80
9
64
12
24
9
44
9
44
9
94
9
99
9
99
15
87
15
57
9
64
9
64
9
34
9
99
13
25
11
23
13
25
15
57
9
14
9
34
9
44
9
94
9
14
9
14
9
74
16
58
14
86
9
73
9
44
9
64
9
34
14
86
13
85
9
14
9
74
9
64
17
59
9
14
9
74
9
34
15
27
9
44
14
56
9
64
9
94
9
74
9
64
13
55
9
44
9
44
0
40
9
14
0
89
9
74
9
74
1
49
13
85
0
40
16
58
9
44
9
34
13
25
9
94
9
34
13
25
15
27
12
54
9
14
15
27
13
85
9
94
9
34
9
84
9
94
9
63
9
63
4
9
17
89
0
90
13
25
9
34
0
20
13
55
9
99
9
66
9
14
2
49
15
87
12
24
9
13
9
44
1
69
9
94
9
63
9
74
9
94
12
84
9
74
9
43
9
34
9
99
9
74
9
34
1
29
1
59
14
86
9
99
9
94
9
74
17
29
9
99
13
85
9
34
11
83
9
34
9
64
9
34
9
34
9
74
9
64
14
86
9
14
14
26
9
99
9
34
0
10
17
29
9
34
9
44
13
55
9
13
16
88
9
34
9
34
13
25
1
79
9
74
9
14
9
34
16
88
9
44
9
34
9
34
9
44
15
21
9
74
3
89
12
54
9
94
9
74
9
6
9
44
9
94
9
33
12
84
9
74
15
27
9
33
13
55
9
47
12
84
2
69
9
99
9
13
9
64
9
94
9
93
9
74
9
64
9
99
9
94
9
99
9
44
14
56
1
49
9
34
9
99
13
85
