11
83
9
13
10
82
9
73
9
33
9
99
9
99
9
43
12
24
13
85
9
14
9
14
9
14
9
74
9
44
9
34
9
73
9
34
15
57
9
13
14
86
9
99
12
84
9
63
13
85
9
12
11
83
9
41
9
74
9
74
12
84
9
94
12
84
12
54
9
14
9
44
9
94
9
64
9
14
9
73
9
34
14
56
9
34
11
83
9
34
9
64
11
83
12
84
10
52
9
41
9
34
9
64
13
85
9
64
9
74
11
83
9
14
9
21
9
81
9
99
9
13
9
34
9
51
0
30
9
94
9
94
9
73
14
56
10
82
9
94
9
44
9
64
9
63
9
14
9
51
9
99
11
23
10
82
9
93
12
54
11
83
9
44
9
74
14
86
9
14
9
74
9
93
15
82
10
22
9
81
9
44
9
31
11
23
9
73
9
93
10
22
9
62
9
43
9
14
9
94
9
94
9
74
9
34
9
68
14
26
9
42
9
94
9
33
9
44
12
84
9
14
9
94
12
54
9
33
9
99
9
99
14
56
14
26
9
41
9
93
11
83
9
43
9
99
11
23
9
14
9
32
9
91
9
94
9
34
9
93
11
53
9
43
9
63
11
53
11
53
9
44
9
94
9
99
15
57
11
53
9
63
13
55
9
99
9
14
15
27
12
84
15
27
9
74
9
44
9
99
9
81
9
43
9
63
8
5
9
34
9
33
9
99
9
44
11
83
9
43
12
54
9
73
9
44
12
24
9
71
14
56
9
33
9
51
9
94
9
72
9
62
9
99
9
14
9
42
9
61
9
32
9
63
11
83
9
14
12
54
9
34
12
54
9
51
9
64
15
87
9
34
9
14
9
73
9
14
9
14
11
53
9
42
14
26
9
99
9
14
13
25
0
10
9
99
9
12
13
85
12
54
0
10
9
62
9
44
9
64
11
83
9
14
9
44
9
99
9
73
9
93
13
85
9
94
9
99
14
56
9
31
9
32
9
34
9
94
15
57
13
85
9
74
9
21
15
87
9
34
10
22
9
94
11
53
9
44
10
52
9
99
11
83
9
44
14
86
9
74
15
27
9
99
11
23
9
44
9
2
9
33
14
86
9
12
11
23
9
99
9
81
9
14
11
53
9
99
12
84
9
74
11
83
9
94
11
23
13
85
12
84
9
43
9
63
9
72
9
64
9
44
9
32
9
12
9
21
14
86
9
99
12
54
12
84
13
25
10
82
13
85
15
27
9
74
9
73
13
85
13
85
9
74
9
64
9
34
9
74
9
99
9
44
9
99
9
46
9
33
9
13
9
99
9
99
9
64
9
34
9
13
9
13
9
34
9
14
9
73
9
74
9
34
9
74
15
27
11
83
9
99
9
72
9
44
9
34
14
26
9
74
9
33
13
25
9
13
11
53
9
34
9
92
9
73
11
23
3
79
14
52
12
54
9
14
9
64
9
63
9
73
11
83
14
56
9
41
9
44
9
99
11
23
11
83
9
74
14
56
9
63
9
34
9
99
9
99
9
99
13
25
11
83
9
64
10
22
9
46
9
43
11
53
11
83
0
30
10
52
9
43
9
44
13
85
9
11
15
57
9
61
0
60
9
51
15
87
9
94
9
44
9
72
9
99
10
52
9
44
12
24
2
49
9
64
9
94
12
24
14
26
9
71
9
43
0
40
9
64
9
68
9
92
12
84
9
11
9
99
1
49
9
33
9
14
9
9
13
85
9
33
9
93
11
23
9
99
9
99
9
99
12
54
12
54
9
33
9
64
9
44
9
33
11
53
9
63
9
44
9
11
15
27
9
43
9
44
9
73
9
73
9
43
9
13
9
94
13
85
11
83
12
84
11
53
9
13
10
22
11
23
9
73
9
32
9
99
9
34
8
65
13
25
10
82
9
11
9
74
9
99
9
64
9
11
13
55
9
12
9
94
10
82
13
55
9
94
9
44
9
33
14
86
9
63
9
44
9
91
9
92
9
14
9
93
9
33
12
54
9
33
9
73
13
85
9
99
9
42
9
11
9
41
9
31
11
53
9
64
13
25
9
99
9
44
11
83
0
50
9
74
14
56
9
74
9
99
9
14
9
94
3
39
9
64
9
32
9
62
9
99
10
52
13
83
11
53
9
12
11
23
9
63
9
99
14
26
9
41
15
87
9
14
12
54
9
14
9
73
13
85
9
74
9
93
9
34
9
99
14
86
9
64
9
11
9
93
9
93
0
50
9
74
9
99
9
33
9
99
13
25
10
22
9
94
9
64
9
73
9
34
9
99
9
43
9
94
9
44
11
53
12
54
9
31
9
94
9
34
8
55
0
0
9
71
10
52
9
34
9
64
9
14
9
13
10
52
9
99
12
54
9
64
13
55
12
54
9
94
9
61
11
83
9
63
9
99
9
33
11
53
9
99
0
80
12
84
12
54
11
53
9
99
12
24
11
53
9
93
9
94
15
87
9
33
10
52
9
33
9
34
1
29
9
93
9
99
9
13
9
14
10
82
9
21
9
64
12
84
12
84
12
54
9
43
9
99
9
93
9
64
9
99
9
93
9
32
9
14
9
32
9
42
9
74
9
21
14
26
9
33
9
91
9
93
9
43
9
64
9
41
11
53
9
73
9
43
13
85
9
99
14
56
9
11
9
94
9
73
9
34
1
49
9
33
9
34
13
85
14
26
11
23
12
82
9
74
12
54
10
22
9
14
9
44
9
92
9
99
9
94
9
13
9
43
12
84
9
34
11
83
9
64
9
34
9
14
14
86
9
99
9
64
14
86
9
71
9
47
9
21
9
33
9
72
9
73
9
42
1
69
9
33
9
99
13
55
9
94
9
94
9
11
9
91
9
44
9
64
8
25
9
81
13
25
9
11
9
51
15
87
9
14
9
62
9
99
1
59
9
57
12
84
9
99
9
34
9
64
9
44
9
43
9
74
13
85
9
44
9
14
9
94
9
99
9
44
9
14
9
74
9
99
3
79
15
57
9
94
9
11
9
64
9
44
9
32
11
53
9
12
9
99
9
42
11
53
9
93
11
23
10
22
13
55
9
68
11
53
9
34
13
25
9
12
9
94
9
94
14
56
9
93
1
79
14
86
9
14
9
93
9
34
0
50
9
74
9
31
9
44
10
82
9
73
12
54
9
93
9
13
10
82
11
83
9
14
9
33
9
33
9
64
9
64
3
10
9
99
9
34
9
99
9
94
13
55
9
63
11
83
9
93
10
82
9
74
9
34
9
94
9
34
12
24
13
25
9
71
9
43
9
34
9
72
9
44
9
73
9
44
0
70
11
83
9
14
9
81
9
13
9
47
9
74
9
62
9
94
9
34
9
34
12
84
10
22
9
43
9
74
9
13
13
85
9
74
9
44
9
43
9
14
14
86
9
99
9
61
9
74
9
94
3
19
1
9
9
33
14
26
9
13
9
93
9
94
9
44
11
83
1
79
9
89
9
34
14
26
11
23
9
62
9
74
9
3
9
34
9
94
9
34
9
64
9
43
9
11
3
49
12
54
9
13
10
82
9
64
9
94
9
34
9
33
9
44
9
99
9
12
9
44
9
74
9
14
9
34
9
44
13
25
10
52
9
14
9
44
0
30
9
99
9
14
9
99
8
65
13
25
12
54
14
56
9
43
9
32
12
24
9
44
12
54
9
44
9
44
9
43
9
34
9
94
9
13
9
44
0
70
11
23
9
33
9
34
11
53
9
73
9
74
0
80
9
64
10
22
9
44
9
44
9
94
9
99
9
99
13
85
13
55
9
64
9
64
9
34
9
99
11
23
9
21
11
23
13
55
9
13
9
33
9
44
9
94
9
14
9
14
9
74
14
56
12
84
9
71
9
43
9
62
9
34
12
84
11
83
9
14
9
74
9
63
15
57
9
14
9
74
9
34
13
25
9
44
12
54
9
64
9
93
9
74
9
63
11
53
9
44
9
44
0
40
9
14
0
89
9
74
9
73
1
49
11
83
0
40
14
56
9
42
9
34
11
23
9
93
9
34
11
23
13
25
10
52
9
14
13
25
11
83
9
94
9
33
9
84
9
92
9
61
9
61
4
9
15
87
0
90
11
23
9
33
0
20
11
53
9
99
9
66
9
14
2
49
13
85
10
22
9
11
9
44
1
69
9
94
9
61
9
74
9
94
10
82
9
72
9
41
9
34
9
99
9
73
9
32
1
29
1
59
12
84
9
99
9
94
9
74
15
27
9
99
11
83
9
34
9
81
9
34
9
64
9
34
9
33
9
74
9
63
12
84
9
14
12
24
9
99
9
32
0
10
15
27
9
34
9
44
11
53
9
11
14
86
9
34
9
33
11
23
1
79
9
72
9
14
9
33
14
86
9
44
9
33
9
33
9
42
13
21
9
72
3
89
10
52
9
93
9
73
9
6
9
44
9
94
9
31
10
82
9
74
13
25
9
31
11
53
9
47
10
82
2
69
9
99
9
11
9
64
9
94
9
91
9
74
9
64
9
99
9
92
9
99
9
44
12
54
1
49
9
34
9
99
11
83
