9
81
9
11
9
80
9
71
9
31
9
99
9
99
9
41
10
22
11
83
9
12
9
14
9
14
9
72
9
44
9
34
9
71
9
34
13
55
9
11
12
84
9
99
10
82
9
61
11
83
9
10
9
81
9
39
9
73
9
74
10
82
9
93
10
82
10
52
9
13
9
44
9
92
9
63
9
12
9
71
9
33
12
54
9
32
9
81
9
32
9
64
9
81
10
82
9
50
9
39
9
34
9
64
11
83
9
64
9
74
9
81
9
14
9
19
9
79
9
99
9
11
9
33
9
49
0
30
9
94
9
93
9
71
12
54
9
80
9
93
9
42
9
64
9
61
9
14
9
49
9
99
9
21
9
80
9
91
10
52
9
81
9
43
9
74
12
84
9
13
9
73
9
91
13
82
9
20
9
79
9
42
9
29
9
21
9
71
9
91
9
20
9
60
9
41
9
14
9
94
9
92
9
72
9
32
9
68
12
24
9
40
9
92
9
31
9
42
10
82
9
14
9
94
10
52
9
31
9
99
9
99
12
54
12
24
9
39
9
91
9
81
9
41
9
99
9
21
9
13
9
30
9
89
9
92
9
33
9
91
9
51
9
41
9
61
9
51
9
51
9
44
9
92
9
99
13
55
9
51
9
61
11
53
9
99
9
12
13
25
10
82
13
25
9
72
9
42
9
99
9
79
9
41
9
61
8
5
9
33
9
31
9
99
9
43
9
81
9
41
10
52
9
71
9
44
10
22
9
69
12
54
9
31
9
49
9
94
9
70
9
60
9
99
9
14
9
40
9
59
9
30
9
61
9
81
9
14
10
52
9
33
10
52
9
49
9
62
13
85
9
34
9
12
9
71
9
13
9
13
9
51
9
40
12
24
9
99
9
12
11
23
0
10
9
99
9
12
11
83
10
52
0
10
9
60
9
44
9
62
9
81
9
14
9
44
9
99
9
71
9
91
11
83
9
94
9
99
12
54
9
29
9
30
9
32
9
92
13
55
11
83
9
74
9
19
13
85
9
32
9
20
9
94
9
51
9
44
9
50
9
99
9
81
9
42
12
84
9
73
13
25
9
99
9
21
9
42
9
2
9
31
12
84
9
10
9
21
9
99
9
79
9
12
9
51
9
99
10
82
9
73
9
81
9
94
9
21
11
83
10
82
9
41
9
61
9
70
9
64
9
43
9
30
9
10
9
19
12
84
9
99
10
52
10
82
11
23
9
80
11
83
13
25
9
72
9
71
11
83
11
83
9
74
9
62
9
33
9
74
9
99
9
42
9
99
9
46
9
31
9
11
9
99
9
99
9
64
9
32
9
11
9
11
9
34
9
12
9
71
9
74
9
32
9
73
13
25
9
81
9
99
9
70
9
42
9
32
12
24
9
73
9
31
11
23
9
11
9
51
9
33
9
90
9
71
9
21
3
79
12
52
10
52
9
12
9
64
9
61
9
71
9
81
12
54
9
41
9
43
9
99
9
21
9
81
9
74
12
54
9
61
9
34
9
99
9
99
9
99
11
23
9
81
9
62
9
20
9
46
9
41
9
51
9
81
0
30
9
50
9
41
9
42
11
83
9
9
13
55
9
59
0
60
9
49
13
85
9
93
9
43
9
70
9
99
9
50
9
44
10
22
2
49
9
63
9
94
10
22
12
24
9
69
9
41
0
40
9
63
9
68
9
90
10
82
9
9
9
99
1
49
9
31
9
12
9
9
11
83
9
31
9
91
9
21
9
99
9
99
9
99
10
52
10
52
9
31
9
64
9
44
9
31
9
51
9
61
9
44
9
9
13
25
9
41
9
43
9
71
9
71
9
41
9
11
9
94
11
83
9
81
10
82
9
51
9
11
9
20
9
21
9
71
9
30
9
99
9
32
8
65
11
23
9
80
9
9
9
72
9
99
9
64
9
9
11
53
9
10
9
93
9
80
11
53
9
92
9
42
9
31
12
84
9
61
9
44
9
89
9
90
9
13
9
91
9
31
10
52
9
31
9
71
11
83
9
99
9
40
9
9
9
39
9
29
9
51
9
63
11
23
9
99
9
44
9
81
0
50
9
73
12
54
9
74
9
99
9
12
9
92
3
39
9
63
9
32
9
60
9
99
9
50
11
83
9
51
9
10
9
21
9
61
9
99
12
24
9
39
13
85
9
13
10
52
9
14
9
71
11
83
9
74
9
91
9
32
9
99
12
84
9
64
9
9
9
91
9
91
0
50
9
72
9
99
9
31
9
99
11
23
9
20
9
94
9
62
9
71
9
34
9
99
9
41
9
93
9
44
9
51
10
52
9
29
9
93
9
33
8
55
0
0
9
69
9
50
9
34
9
62
9
12
9
11
9
50
9
99
10
52
9
62
11
53
10
52
9
94
9
59
9
81
9
61
9
99
9
31
9
51
9
99
0
80
10
82
10
52
9
51
9
99
10
22
9
51
9
91
9
94
13
85
9
31
9
50
9
31
9
33
1
29
9
91
9
99
9
13
9
12
9
80
9
19
9
64
10
82
10
82
10
52
9
41
9
99
9
91
9
62
9
99
9
91
9
30
9
13
9
30
9
42
9
72
9
19
12
24
9
31
9
89
9
91
9
41
9
64
9
39
9
51
9
71
9
41
11
83
9
99
12
54
9
9
9
93
9
71
9
33
1
49
9
31
9
34
11
83
12
24
9
21
10
82
9
72
10
52
9
20
9
12
9
43
9
90
9
99
9
92
9
11
9
41
10
82
9
33
9
81
9
62
9
34
9
14
12
84
9
99
9
64
12
84
9
69
9
47
9
19
9
31
9
70
9
71
9
40
1
69
9
31
9
99
11
53
9
94
9
93
9
9
9
89
9
44
9
63
8
25
9
79
11
23
9
9
9
49
13
85
9
12
9
60
9
99
1
59
9
57
10
82
9
99
9
34
9
64
9
44
9
41
9
74
11
83
9
42
9
14
9
94
9
99
9
44
9
13
9
72
9
99
3
79
13
55
9
94
9
9
9
64
9
44
9
30
9
51
9
10
9
99
9
40
9
51
9
91
9
21
9
20
11
53
9
68
9
51
9
34
11
23
9
10
9
94
9
93
12
54
9
91
1
79
12
84
9
13
9
91
9
34
0
50
9
73
9
29
9
42
9
80
9
71
10
52
9
91
9
11
9
80
9
81
9
13
9
31
9
31
9
62
9
64
3
10
9
99
9
32
9
99
9
93
11
53
9
61
9
81
9
91
9
80
9
74
9
34
9
93
9
34
10
22
11
23
9
69
9
41
9
34
9
70
9
42
9
71
9
43
0
70
9
81
9
12
9
79
9
11
9
47
9
72
9
60
9
94
9
33
9
33
10
82
9
20
9
41
9
73
9
11
11
83
9
73
9
42
9
41
9
12
12
84
9
99
9
59
9
72
9
93
3
19
1
9
9
31
12
24
9
11
9
91
9
94
9
43
9
81
1
79
9
89
9
32
12
24
9
21
9
60
9
73
9
3
9
33
9
93
9
33
9
62
9
41
9
9
3
49
10
52
9
11
9
80
9
62
9
92
9
34
9
31
9
42
9
99
9
10
9
42
9
73
9
12
9
34
9
42
11
23
9
50
9
12
9
44
0
30
9
99
9
14
9
99
8
65
11
23
10
52
12
54
9
41
9
30
10
22
9
42
10
52
9
44
9
42
9
41
9
34
9
93
9
11
9
42
0
70
9
21
9
31
9
34
9
51
9
71
9
73
0
80
9
64
9
20
9
42
9
44
9
92
9
99
9
99
11
83
11
53
9
64
9
62
9
32
9
99
9
21
9
19
9
21
11
53
9
11
9
31
9
42
9
94
9
13
9
14
9
72
12
54
10
82
9
69
9
41
9
60
9
32
10
82
9
81
9
12
9
73
9
61
13
55
9
12
9
74
9
34
11
23
9
42
10
52
9
62
9
91
9
72
9
61
9
51
9
42
9
44
0
40
9
14
0
89
9
72
9
71
1
49
9
81
0
40
12
54
9
40
9
32
9
21
9
91
9
32
9
21
11
23
9
50
9
14
11
23
9
81
9
94
9
31
9
84
9
90
9
59
9
59
4
9
13
85
0
90
9
21
9
31
0
20
9
51
9
99
9
66
9
12
2
49
11
83
9
20
9
9
9
43
1
69
9
92
9
59
9
73
9
92
9
80
9
70
9
39
9
32
9
99
9
71
9
30
1
29
1
59
10
82
9
99
9
94
9
73
13
25
9
99
9
81
9
33
9
79
9
34
9
62
9
34
9
31
9
73
9
61
10
82
9
12
10
22
9
99
9
30
0
10
13
25
9
32
9
44
9
51
9
9
12
84
9
34
9
31
9
21
1
79
9
70
9
14
9
31
12
84
9
44
9
31
9
31
9
40
11
21
9
70
3
89
9
50
9
91
9
71
9
6
9
42
9
93
9
29
9
80
9
72
11
23
9
29
9
51
9
47
9
80
2
69
9
99
9
9
9
62
9
93
9
89
9
72
9
62
9
99
9
90
9
99
9
44
10
52
1
49
9
34
9
99
9
81
