10
82
9
12
9
81
9
72
9
32
9
99
9
99
9
42
11
23
12
84
9
13
9
14
9
14
9
73
9
44
9
34
9
72
9
34
14
56
9
12
13
85
9
99
11
83
9
62
12
84
9
11
10
82
9
40
9
74
9
74
11
83
9
94
11
83
11
53
9
14
9
44
9
93
9
64
9
13
9
72
9
34
13
55
9
33
10
82
9
33
9
64
10
82
11
83
9
51
9
40
9
34
9
64
12
84
9
64
9
74
10
82
9
14
9
20
9
80
9
99
9
12
9
34
9
50
0
30
9
94
9
94
9
72
13
55
9
81
9
94
9
43
9
64
9
62
9
14
9
50
9
99
10
22
9
81
9
92
11
53
10
82
9
44
9
74
13
85
9
14
9
74
9
92
14
82
9
21
9
80
9
43
9
30
10
22
9
72
9
92
9
21
9
61
9
42
9
14
9
94
9
93
9
73
9
33
9
68
13
25
9
41
9
93
9
32
9
43
11
83
9
14
9
94
11
53
9
32
9
99
9
99
13
55
13
25
9
40
9
92
10
82
9
42
9
99
10
22
9
14
9
31
9
90
9
93
9
34
9
92
10
52
9
42
9
62
10
52
10
52
9
44
9
93
9
99
14
56
10
52
9
62
12
54
9
99
9
13
14
26
11
83
14
26
9
73
9
43
9
99
9
80
9
42
9
62
8
5
9
34
9
32
9
99
9
44
10
82
9
42
11
53
9
72
9
44
11
23
9
70
13
55
9
32
9
50
9
94
9
71
9
61
9
99
9
14
9
41
9
60
9
31
9
62
10
82
9
14
11
53
9
34
11
53
9
50
9
63
14
86
9
34
9
13
9
72
9
14
9
14
10
52
9
41
13
25
9
99
9
13
12
24
0
10
9
99
9
12
12
84
11
53
0
10
9
61
9
44
9
63
10
82
9
14
9
44
9
99
9
72
9
92
12
84
9
94
9
99
13
55
9
30
9
31
9
33
9
93
14
56
12
84
9
74
9
20
14
86
9
33
9
21
9
94
10
52
9
44
9
51
9
99
10
82
9
43
13
85
9
74
14
26
9
99
10
22
9
43
9
2
9
32
13
85
9
11
10
22
9
99
9
80
9
13
10
52
9
99
11
83
9
74
10
82
9
94
10
22
12
84
11
83
9
42
9
62
9
71
9
64
9
44
9
31
9
11
9
20
13
85
9
99
11
53
11
83
12
24
9
81
12
84
14
26
9
73
9
72
12
84
12
84
9
74
9
63
9
34
9
74
9
99
9
43
9
99
9
46
9
32
9
12
9
99
9
99
9
64
9
33
9
12
9
12
9
34
9
13
9
72
9
74
9
33
9
74
14
26
10
82
9
99
9
71
9
43
9
33
13
25
9
74
9
32
12
24
9
12
10
52
9
34
9
91
9
72
10
22
3
79
13
52
11
53
9
13
9
64
9
62
9
72
10
82
13
55
9
41
9
44
9
99
10
22
10
82
9
74
13
55
9
62
9
34
9
99
9
99
9
99
12
24
10
82
9
63
9
21
9
46
9
42
10
52
10
82
0
30
9
51
9
42
9
43
12
84
9
10
14
56
9
60
0
60
9
50
14
86
9
94
9
44
9
71
9
99
9
51
9
44
11
23
2
49
9
64
9
94
11
23
13
25
9
70
9
42
0
40
9
64
9
68
9
91
11
83
9
10
9
99
1
49
9
32
9
13
9
9
12
84
9
32
9
92
10
22
9
99
9
99
9
99
11
53
11
53
9
32
9
64
9
44
9
32
10
52
9
62
9
44
9
10
14
26
9
42
9
44
9
72
9
72
9
42
9
12
9
94
12
84
10
82
11
83
10
52
9
12
9
21
10
22
9
72
9
31
9
99
9
33
8
65
12
24
9
81
9
10
9
73
9
99
9
64
9
10
12
54
9
11
9
94
9
81
12
54
9
93
9
43
9
32
13
85
9
62
9
44
9
90
9
91
9
14
9
92
9
32
11
53
9
32
9
72
12
84
9
99
9
41
9
10
9
40
9
30
10
52
9
64
12
24
9
99
9
44
10
82
0
50
9
74
13
55
9
74
9
99
9
13
9
93
3
39
9
64
9
32
9
61
9
99
9
51
12
83
10
52
9
11
10
22
9
62
9
99
13
25
9
40
14
86
9
14
11
53
9
14
9
72
12
84
9
74
9
92
9
33
9
99
13
85
9
64
9
10
9
92
9
92
0
50
9
73
9
99
9
32
9
99
12
24
9
21
9
94
9
63
9
72
9
34
9
99
9
42
9
94
9
44
10
52
11
53
9
30
9
94
9
34
8
55
0
0
9
70
9
51
9
34
9
63
9
13
9
12
9
51
9
99
11
53
9
63
12
54
11
53
9
94
9
60
10
82
9
62
9
99
9
32
10
52
9
99
0
80
11
83
11
53
10
52
9
99
11
23
10
52
9
92
9
94
14
86
9
32
9
51
9
32
9
34
1
29
9
92
9
99
9
13
9
13
9
81
9
20
9
64
11
83
11
83
11
53
9
42
9
99
9
92
9
63
9
99
9
92
9
31
9
14
9
31
9
42
9
73
9
20
13
25
9
32
9
90
9
92
9
42
9
64
9
40
10
52
9
72
9
42
12
84
9
99
13
55
9
10
9
94
9
72
9
34
1
49
9
32
9
34
12
84
13
25
10
22
11
82
9
73
11
53
9
21
9
13
9
44
9
91
9
99
9
93
9
12
9
42
11
83
9
34
10
82
9
63
9
34
9
14
13
85
9
99
9
64
13
85
9
70
9
47
9
20
9
32
9
71
9
72
9
41
1
69
9
32
9
99
12
54
9
94
9
94
9
10
9
90
9
44
9
64
8
25
9
80
12
24
9
10
9
50
14
86
9
13
9
61
9
99
1
59
9
57
11
83
9
99
9
34
9
64
9
44
9
42
9
74
12
84
9
43
9
14
9
94
9
99
9
44
9
14
9
73
9
99
3
79
14
56
9
94
9
10
9
64
9
44
9
31
10
52
9
11
9
99
9
41
10
52
9
92
10
22
9
21
12
54
9
68
10
52
9
34
12
24
9
11
9
94
9
94
13
55
9
92
1
79
13
85
9
14
9
92
9
34
0
50
9
74
9
30
9
43
9
81
9
72
11
53
9
92
9
12
9
81
10
82
9
14
9
32
9
32
9
63
9
64
3
10
9
99
9
33
9
99
9
94
12
54
9
62
10
82
9
92
9
81
9
74
9
34
9
94
9
34
11
23
12
24
9
70
9
42
9
34
9
71
9
43
9
72
9
44
0
70
10
82
9
13
9
80
9
12
9
47
9
73
9
61
9
94
9
34
9
34
11
83
9
21
9
42
9
74
9
12
12
84
9
74
9
43
9
42
9
13
13
85
9
99
9
60
9
73
9
94
3
19
1
9
9
32
13
25
9
12
9
92
9
94
9
44
10
82
1
79
9
89
9
33
13
25
10
22
9
61
9
74
9
3
9
34
9
94
9
34
9
63
9
42
9
10
3
49
11
53
9
12
9
81
9
63
9
93
9
34
9
32
9
43
9
99
9
11
9
43
9
74
9
13
9
34
9
43
12
24
9
51
9
13
9
44
0
30
9
99
9
14
9
99
8
65
12
24
11
53
13
55
9
42
9
31
11
23
9
43
11
53
9
44
9
43
9
42
9
34
9
94
9
12
9
43
0
70
10
22
9
32
9
34
10
52
9
72
9
74
0
80
9
64
9
21
9
43
9
44
9
93
9
99
9
99
12
84
12
54
9
64
9
63
9
33
9
99
10
22
9
20
10
22
12
54
9
12
9
32
9
43
9
94
9
14
9
14
9
73
13
55
11
83
9
70
9
42
9
61
9
33
11
83
10
82
9
13
9
74
9
62
14
56
9
13
9
74
9
34
12
24
9
43
11
53
9
63
9
92
9
73
9
62
10
52
9
43
9
44
0
40
9
14
0
89
9
73
9
72
1
49
10
82
0
40
13
55
9
41
9
33
10
22
9
92
9
33
10
22
12
24
9
51
9
14
12
24
10
82
9
94
9
32
9
84
9
91
9
60
9
60
4
9
14
86
0
90
10
22
9
32
0
20
10
52
9
99
9
66
9
13
2
49
12
84
9
21
9
10
9
44
1
69
9
93
9
60
9
74
9
93
9
81
9
71
9
40
9
33
9
99
9
72
9
31
1
29
1
59
11
83
9
99
9
94
9
74
14
26
9
99
10
82
9
34
9
80
9
34
9
63
9
34
9
32
9
74
9
62
11
83
9
13
11
23
9
99
9
31
0
10
14
26
9
33
9
44
10
52
9
10
13
85
9
34
9
32
10
22
1
79
9
71
9
14
9
32
13
85
9
44
9
32
9
32
9
41
12
21
9
71
3
89
9
51
9
92
9
72
9
6
9
43
9
94
9
30
9
81
9
73
12
24
9
30
10
52
9
47
9
81
2
69
9
99
9
10
9
63
9
94
9
90
9
73
9
63
9
99
9
91
9
99
9
44
11
53
1
49
9
34
9
99
10
82
