3
79
7
5
3
74
7
65
7
25
7
99
5
99
3
39
6
16
5
77
4
9
7
9
6
9
4
66
6
38
7
29
3
69
7
28
7
49
3
9
6
79
7
96
4
77
3
59
5
79
4
4
3
77
5
33
5
69
7
69
4
76
5
87
4
79
4
48
5
8
6
39
5
86
5
59
4
9
3
65
7
27
6
49
5
26
3
78
6
26
6
59
3
76
4
77
4
44
4
33
7
29
7
59
5
79
6
58
6
69
3
75
7
8
4
13
3
73
4
97
3
6
5
27
5
43
0
30
7
89
5
89
3
69
6
49
5
74
5
88
4
39
6
59
3
56
7
9
5
43
7
98
5
15
6
74
3
88
4
47
3
79
6
37
6
68
6
79
6
7
5
69
7
85
7
83
6
14
6
73
4
39
5
23
3
19
3
65
3
89
4
14
7
54
3
39
6
8
7
89
4
87
4
68
4
26
4
68
6
19
5
34
4
87
3
29
4
38
5
76
7
9
6
89
6
46
3
25
6
99
6
97
6
49
6
19
5
33
3
87
3
79
3
39
5
99
3
19
5
7
7
24
4
83
7
86
5
28
3
85
5
45
6
35
3
59
3
49
3
47
6
39
4
87
3
99
7
49
3
49
3
58
5
48
4
93
4
7
7
19
4
76
7
19
4
68
6
36
6
99
5
73
5
35
3
55
3
5
6
27
3
29
4
99
5
39
3
78
3
39
6
46
3
65
6
39
4
19
3
63
6
49
6
25
5
43
7
89
3
64
6
54
5
98
7
9
5
34
4
53
5
24
3
59
7
75
6
9
4
47
5
28
4
46
6
43
4
59
7
79
7
29
4
8
3
68
5
9
5
8
3
47
6
34
7
18
6
99
4
9
5
19
0
10
4
99
6
12
5
78
4
47
0
10
7
54
6
39
4
59
6
75
7
9
6
39
5
99
3
65
6
85
6
77
6
88
6
98
7
48
6
23
4
24
4
29
4
86
7
49
5
77
7
69
6
13
7
79
4
26
6
14
6
89
3
49
6
39
7
44
7
95
3
79
4
39
6
79
5
67
7
19
5
95
3
17
4
38
3
2
3
25
6
78
5
4
3
17
7
97
4
73
7
6
6
45
7
98
4
79
5
67
4
75
7
89
5
15
7
77
5
76
3
37
3
59
4
64
6
59
5
39
5
24
6
4
5
13
6
79
5
99
4
47
6
76
5
17
6
74
5
79
7
19
4
69
3
69
5
79
7
77
6
69
6
56
5
27
7
69
4
96
4
39
6
93
7
46
7
25
4
5
7
98
4
98
6
59
4
26
3
5
3
9
7
29
5
6
3
68
7
69
4
29
6
67
7
19
3
79
5
99
7
64
5
36
4
29
6
19
5
69
3
27
6
17
6
5
3
47
7
27
5
84
3
68
3
19
3
79
6
54
4
48
4
9
6
59
3
59
4
65
3
79
6
49
6
41
5
38
4
98
3
15
5
75
6
69
7
48
3
59
7
29
3
99
7
99
3
93
5
19
3
78
4
56
4
14
4
46
3
36
3
49
3
78
0
30
6
44
7
35
6
36
5
79
6
3
7
49
6
53
0
60
3
43
7
79
5
88
5
39
7
64
5
97
7
44
7
39
4
19
2
43
6
57
7
89
4
19
6
19
5
63
3
35
0
40
5
57
7
68
6
84
4
79
6
3
7
96
1
49
3
29
4
7
7
9
5
79
5
25
3
89
7
15
3
98
7
97
3
94
7
46
4
46
3
29
6
59
7
39
3
26
3
49
3
55
7
39
6
3
7
19
3
36
5
39
4
65
7
65
3
37
3
9
7
89
5
79
6
75
4
76
3
49
3
5
6
14
3
19
4
65
5
24
6
99
4
29
7
65
5
18
5
74
5
3
4
69
5
99
6
59
5
3
5
49
6
4
6
87
7
74
5
49
4
87
4
39
3
29
6
79
7
55
6
38
6
83
6
84
5
9
4
85
3
27
5
46
7
25
3
69
5
77
4
96
5
34
3
3
4
33
3
23
6
45
7
57
5
19
5
95
7
38
6
75
0
50
5
69
6
49
7
69
4
96
4
9
6
86
3
36
5
58
7
32
4
54
7
96
4
44
5
83
3
48
7
4
3
19
5
55
6
99
6
19
4
33
7
79
5
8
7
46
6
9
3
68
7
77
7
69
3
89
6
26
3
96
6
79
7
59
5
3
3
88
6
85
0
50
6
66
7
96
4
25
7
98
5
19
6
14
6
89
4
59
5
65
7
29
6
99
4
35
7
87
6
39
3
46
5
46
6
23
5
89
5
29
5
55
0
0
6
63
3
44
7
29
4
59
4
8
4
5
4
44
5
96
6
46
4
56
5
49
4
49
7
89
4
53
6
75
3
59
4
97
3
29
3
49
6
99
0
80
7
76
7
46
6
45
5
99
4
19
3
49
3
85
7
88
7
79
5
25
6
44
3
28
5
29
1
27
3
89
4
99
6
14
4
6
3
74
4
13
7
59
4
79
4
79
6
46
7
35
5
97
3
86
4
58
6
99
3
89
5
24
5
9
3
24
6
42
4
66
5
13
6
19
6
25
4
83
3
89
4
35
6
58
3
33
4
45
3
68
3
39
5
79
3
98
6
48
5
3
5
89
3
69
6
27
1
49
3
27
6
29
5
79
6
18
3
19
4
83
4
67
4
46
7
14
7
6
5
39
5
84
6
99
4
89
3
9
3
36
4
79
5
29
7
75
6
56
7
28
6
8
7
78
7
94
7
59
6
79
5
63
3
47
6
13
3
27
5
64
3
65
6
34
1
64
3
29
5
99
7
47
7
89
7
87
5
3
5
83
6
39
5
59
4
25
6
73
5
17
3
3
3
43
7
79
4
6
6
54
6
99
1
58
5
57
7
76
7
99
6
29
7
59
7
39
3
39
7
69
6
77
7
36
6
9
7
89
4
98
6
39
7
7
7
66
5
99
3
79
7
49
6
89
6
3
7
59
7
39
4
24
3
49
5
4
5
99
6
34
3
49
6
85
3
19
4
14
5
49
5
68
4
45
7
29
6
17
4
4
7
89
5
89
6
48
3
89
1
79
6
78
7
7
6
85
6
29
0
50
5
69
4
23
4
36
7
74
3
69
4
49
3
89
3
5
6
74
4
75
5
9
3
29
5
25
4
57
7
58
3
10
3
93
7
26
4
99
5
87
7
47
3
56
7
75
3
86
5
74
6
69
7
29
5
87
6
29
4
19
7
17
3
63
3
35
6
28
5
64
4
39
3
67
5
39
0
70
3
79
4
6
6
73
3
7
3
47
6
66
7
54
7
89
5
29
5
29
4
79
5
14
3
39
5
69
3
9
5
77
7
67
4
37
3
38
4
9
6
79
6
99
3
53
4
66
6
87
3
19
1
9
7
25
6
19
3
6
3
85
6
89
5
37
3
79
1
78
5
89
6
26
6
19
3
18
4
54
5
69
3
3
5
29
5
87
5
29
4
59
3
35
4
3
3
49
4
46
3
5
4
74
4
59
4
89
6
28
7
25
6
36
6
93
4
4
6
36
5
68
4
9
6
29
4
38
5
19
3
44
6
6
6
39
0
30
3
98
7
9
6
98
7
65
5
19
6
46
6
49
3
38
6
24
4
19
4
37
4
47
6
39
4
38
3
39
7
29
7
87
4
5
7
36
0
70
3
17
3
27
7
29
3
45
7
65
5
69
0
80
6
59
5
14
7
36
7
39
4
88
4
98
6
97
5
79
6
47
6
59
4
57
5
26
5
99
3
16
3
13
7
15
5
47
3
7
3
29
6
36
6
89
5
9
6
9
4
69
6
48
4
79
6
63
3
39
6
54
4
27
4
79
7
75
7
6
5
69
5
55
7
49
4
8
7
69
7
29
5
19
7
36
5
46
4
59
4
85
4
69
5
55
3
49
4
36
6
39
0
40
7
9
0
89
5
66
6
65
1
49
5
75
0
40
6
49
6
34
4
29
4
15
3
88
4
29
3
19
5
19
4
44
6
9
6
17
3
76
6
89
3
29
5
84
3
84
4
53
6
53
4
9
7
79
0
90
5
15
3
28
0
20
3
47
4
99
3
66
4
9
2
49
5
79
5
14
3
3
5
39
1
66
6
86
5
53
5
68
7
86
7
74
6
64
6
33
4
29
3
99
3
69
6
24
1
27
1
54
7
76
3
97
6
89
5
69
7
19
6
99
3
75
5
29
5
73
6
28
4
59
7
29
3
25
5
69
3
56
7
76
7
6
4
17
6
94
6
24
0
10
7
19
7
26
7
39
3
46
6
3
6
78
7
28
4
25
3
18
1
79
5
64
6
9
4
25
6
78
7
39
3
29
6
25
3
34
5
21
7
64
3
89
6
44
3
89
4
65
6
6
6
36
5
87
4
23
4
74
4
69
5
17
3
23
3
46
3
47
3
74
2
69
3
94
5
3
6
56
5
89
3
83
6
66
4
59
7
95
3
84
5
98
7
39
7
46
1
49
7
29
7
99
3
79
