18
90
9
14
17
89
9
74
9
34
9
99
9
99
9
44
19
31
19
92
9
14
9
14
9
14
9
74
9
44
9
34
9
74
9
34
19
64
9
14
19
93
9
99
19
91
9
64
19
92
9
14
18
90
9
44
9
74
9
74
19
91
9
94
19
91
19
61
9
14
9
44
9
94
9
64
9
14
9
74
9
34
19
63
9
34
18
90
9
34
9
64
18
90
19
91
17
59
9
44
9
34
9
64
19
92
9
64
9
74
18
90
9
14
16
28
16
88
9
99
9
14
9
34
16
58
0
30
9
94
9
94
9
74
19
63
17
89
9
94
9
44
9
64
9
64
9
14
16
58
9
99
18
30
17
89
9
94
19
61
18
90
9
44
9
74
19
93
9
14
9
74
9
94
19
82
17
29
16
88
9
44
9
34
18
30
9
74
9
94
17
29
9
64
9
44
9
14
9
94
9
94
9
74
9
34
9
68
19
33
9
44
9
94
9
34
9
44
19
91
9
14
9
94
19
61
9
34
9
99
9
99
19
63
19
33
9
44
9
94
18
90
9
44
9
99
18
30
9
14
9
34
9
94
9
94
9
34
9
94
18
60
9
44
9
64
18
60
18
60
9
44
9
94
9
99
19
64
18
60
9
64
19
62
9
99
9
14
19
34
19
91
19
34
9
74
9
44
9
99
16
88
9
44
9
64
8
5
9
34
9
34
9
99
9
44
18
90
9
44
19
61
9
74
9
44
19
31
9
74
19
63
9
34
16
58
9
94
9
74
9
64
9
99
9
14
9
44
9
64
9
34
9
64
18
90
9
14
19
61
9
34
19
61
16
58
9
64
19
94
9
34
9
14
9
74
9
14
9
14
18
60
9
44
19
33
9
99
9
14
19
32
0
10
9
99
9
12
19
92
19
61
0
10
9
64
9
44
9
64
18
90
9
14
9
44
9
99
9
74
9
94
19
92
9
94
9
99
19
63
9
34
9
34
9
34
9
94
19
64
19
92
9
74
16
28
19
94
9
34
17
29
9
94
18
60
9
44
17
59
9
99
18
90
9
44
19
93
9
74
19
34
9
99
18
30
9
44
9
2
9
34
19
93
9
14
18
30
9
99
16
88
9
14
18
60
9
99
19
91
9
74
18
90
9
94
18
30
19
92
19
91
9
44
9
64
9
74
9
64
9
44
9
34
9
14
16
28
19
93
9
99
19
61
19
91
19
32
17
89
19
92
19
34
9
74
9
74
19
92
19
92
9
74
9
64
9
34
9
74
9
99
9
44
9
99
9
46
9
34
9
14
9
99
9
99
9
64
9
34
9
14
9
14
9
34
9
14
9
74
9
74
9
34
9
74
19
34
18
90
9
99
9
74
9
44
9
34
19
33
9
74
9
34
19
32
9
14
18
60
9
34
9
94
9
74
18
30
3
79
19
52
19
61
9
14
9
64
9
64
9
74
18
90
19
63
9
41
9
44
9
99
18
30
18
90
9
74
19
63
9
64
9
34
9
99
9
99
9
99
19
32
18
90
9
64
17
29
9
46
9
44
18
60
18
90
0
30
17
59
9
44
9
44
19
92
9
14
19
64
9
64
0
60
16
58
19
94
9
94
9
44
9
74
9
99
17
59
9
44
19
31
2
49
9
64
9
94
19
31
19
33
9
74
9
44
0
40
9
64
9
68
9
94
19
91
9
14
9
99
1
49
9
34
9
14
9
9
19
92
9
34
9
94
18
30
9
99
9
99
9
99
19
61
19
61
9
34
9
64
9
44
9
34
18
60
9
64
9
44
9
14
19
34
9
44
9
44
9
74
9
74
9
44
9
14
9
94
19
92
18
90
19
91
18
60
9
14
17
29
18
30
9
74
9
34
9
99
9
34
8
65
19
32
17
89
9
14
9
74
9
99
9
64
9
14
19
62
9
14
9
94
17
89
19
62
9
94
9
44
9
34
19
93
9
64
9
44
9
94
9
94
9
14
9
94
9
34
19
61
9
34
9
74
19
92
9
99
9
44
9
14
9
44
9
34
18
60
9
64
19
32
9
99
9
44
18
90
0
50
9
74
19
63
9
74
9
99
9
14
9
94
3
39
9
64
9
32
9
64
9
99
17
59
19
83
18
60
9
14
18
30
9
64
9
99
19
33
9
44
19
94
9
14
19
61
9
14
9
74
19
92
9
74
9
94
9
34
9
99
19
93
9
64
9
14
9
94
9
94
0
50
9
74
9
99
9
34
9
99
19
32
17
29
9
94
9
64
9
74
9
34
9
99
9
44
9
94
9
44
18
60
19
61
9
34
9
94
9
34
8
55
0
0
9
74
17
59
9
34
9
64
9
14
9
14
17
59
9
99
19
61
9
64
19
62
19
61
9
94
9
64
18
90
9
64
9
99
9
34
18
60
9
99
0
80
19
91
19
61
18
60
9
99
19
31
18
60
9
94
9
94
19
94
9
34
17
59
9
34
9
34
1
29
9
94
9
99
9
13
9
14
17
89
16
28
9
64
19
91
19
91
19
61
9
44
9
99
9
94
9
64
9
99
9
94
9
34
9
14
9
34
9
42
9
74
16
28
19
33
9
34
9
94
9
94
9
44
9
64
9
44
18
60
9
74
9
44
19
92
9
99
19
63
9
14
9
94
9
74
9
34
1
49
9
34
9
34
19
92
19
33
18
30
19
82
9
74
19
61
17
29
9
14
9
44
9
94
9
99
9
94
9
14
9
44
19
91
9
34
18
90
9
64
9
34
9
14
19
93
9
99
9
64
19
93
9
74
9
47
16
28
9
34
9
74
9
74
9
44
1
69
9
34
9
99
19
62
9
94
9
94
9
14
9
94
9
44
9
64
8
25
16
88
19
32
9
14
16
58
19
94
9
14
9
64
9
99
1
59
9
57
19
91
9
99
9
34
9
64
9
44
9
44
9
74
19
92
9
44
9
14
9
94
9
99
9
44
9
14
9
74
9
99
3
79
19
64
9
94
9
14
9
64
9
44
9
34
18
60
9
14
9
99
9
44
18
60
9
94
18
30
17
29
19
62
9
68
18
60
9
34
19
32
9
14
9
94
9
94
19
63
9
94
1
79
19
93
9
14
9
94
9
34
0
50
9
74
9
34
9
44
17
89
9
74
19
61
9
94
9
14
17
89
18
90
9
14
9
34
9
34
9
64
9
64
3
10
9
99
9
34
9
99
9
94
19
62
9
64
18
90
9
94
17
89
9
74
9
34
9
94
9
34
19
31
19
32
9
74
9
44
9
34
9
74
9
44
9
74
9
44
0
70
18
90
9
14
16
88
9
14
9
47
9
74
9
64
9
94
9
34
9
34
19
91
17
29
9
44
9
74
9
14
19
92
9
74
9
44
9
44
9
14
19
93
9
99
9
64
9
74
9
94
3
19
1
9
9
34
19
33
9
14
9
94
9
94
9
44
18
90
1
79
9
89
9
34
19
33
18
30
9
64
9
74
9
3
9
34
9
94
9
34
9
64
9
44
9
14
3
49
19
61
9
14
17
89
9
64
9
94
9
34
9
34
9
44
9
99
9
14
9
44
9
74
9
14
9
34
9
44
19
32
17
59
9
14
9
44
0
30
9
99
9
14
9
99
8
65
19
32
19
61
19
63
9
44
9
34
19
31
9
44
19
61
9
44
9
44
9
44
9
34
9
94
9
14
9
44
0
70
18
30
9
34
9
34
18
60
9
74
9
74
0
80
9
64
17
29
9
44
9
44
9
94
9
99
9
99
19
92
19
62
9
64
9
64
9
34
9
99
18
30
16
28
18
30
19
62
9
14
9
34
9
44
9
94
9
14
9
14
9
74
19
63
19
91
9
74
9
44
9
64
9
34
19
91
18
90
9
14
9
74
9
64
19
64
9
14
9
74
9
34
19
32
9
44
19
61
9
64
9
94
9
74
9
64
18
60
9
44
9
44
0
40
9
14
0
89
9
74
9
74
1
49
18
90
0
40
19
63
9
44
9
34
18
30
9
94
9
34
18
30
19
32
17
59
9
14
19
32
18
90
9
94
9
34
9
84
9
94
9
64
9
64
4
9
19
94
0
90
18
30
9
34
0
20
18
60
9
99
9
66
9
14
2
49
19
92
17
29
9
14
9
44
1
69
9
94
9
64
9
74
9
94
17
89
9
74
9
44
9
34
9
99
9
74
9
34
1
29
1
59
19
91
9
99
9
94
9
74
19
34
9
99
18
90
9
34
16
88
9
34
9
64
9
34
9
34
9
74
9
64
19
91
9
14
19
31
9
99
9
34
0
10
19
34
9
34
9
44
18
60
9
14
19
93
9
34
9
34
18
30
1
79
9
74
9
14
9
34
19
93
9
44
9
34
9
34
9
44
19
21
9
74
3
89
17
59
9
94
9
74
9
6
9
44
9
94
9
34
17
89
9
74
19
32
9
34
18
60
9
47
17
89
2
69
9
99
9
14
9
64
9
94
9
94
9
74
9
64
9
99
9
94
9
99
9
44
19
61
1
49
9
34
9
99
18
90
