2
79
6
4
2
73
6
64
6
24
6
98
4
99
2
39
5
15
4
76
3
9
6
9
5
9
3
65
5
37
6
28
2
68
6
27
6
48
2
9
5
79
6
95
3
76
2
59
4
79
3
3
2
76
4
32
4
69
6
69
3
75
4
86
3
78
3
47
4
7
5
38
4
85
4
59
3
9
2
64
6
26
5
49
4
25
2
77
5
25
5
59
2
75
3
76
3
43
3
32
6
29
6
59
4
79
5
57
5
68
2
74
6
7
3
12
2
72
3
96
2
5
4
26
4
42
0
30
6
89
4
89
2
68
5
49
4
73
4
87
3
39
5
59
2
55
6
9
4
42
6
97
4
14
5
73
2
87
3
46
2
78
5
36
5
67
5
79
5
6
4
69
6
84
6
83
5
13
5
72
3
39
4
22
2
19
2
64
2
88
3
13
6
53
2
39
5
7
6
89
3
86
3
67
3
25
3
68
5
19
4
33
3
86
2
29
3
37
4
75
6
9
5
89
5
45
2
24
5
99
5
96
5
49
5
19
4
32
2
86
2
79
2
39
4
99
2
19
4
6
6
23
3
82
6
85
4
27
2
84
4
44
5
34
2
59
2
49
2
46
5
38
3
86
2
99
6
48
2
49
2
57
4
47
3
92
3
6
6
19
3
75
6
19
3
67
5
35
5
99
4
72
4
34
2
54
2
5
5
26
2
28
3
99
4
38
2
77
2
39
5
45
2
64
5
38
3
18
2
62
5
49
5
24
4
42
6
89
2
63
5
53
4
97
6
9
4
33
3
52
4
23
2
59
6
74
5
9
3
46
4
27
3
45
5
42
3
59
6
79
6
29
3
7
2
67
4
9
4
7
2
46
5
33
6
17
5
98
3
8
4
19
0
10
3
98
5
12
4
77
3
46
0
10
6
53
5
39
3
59
5
74
6
9
5
39
4
99
2
64
5
84
5
76
5
87
5
97
6
47
5
22
3
23
3
29
3
85
6
49
4
76
6
69
5
12
6
79
3
25
5
13
5
89
2
49
5
39
6
43
6
94
2
79
3
38
5
79
4
66
6
19
4
94
2
16
3
37
2
2
2
24
5
77
4
3
2
16
6
96
3
72
6
5
5
44
6
97
3
79
4
66
3
74
6
89
4
14
6
76
4
75
2
36
2
59
3
63
5
59
4
39
4
23
5
3
4
12
5
79
4
99
3
46
5
75
4
16
5
73
4
79
6
18
3
69
2
68
4
79
6
76
5
68
5
55
4
26
6
69
3
95
3
39
5
92
6
46
6
24
3
4
6
97
3
97
5
59
3
25
2
4
2
9
6
29
4
5
2
67
6
69
3
28
5
66
6
18
2
79
4
99
6
63
4
35
3
29
5
18
4
69
2
26
5
16
5
4
2
46
6
26
4
83
2
67
2
19
3
78
5
54
3
47
3
9
5
59
2
59
3
64
2
79
5
49
5
41
4
37
3
97
2
14
4
74
5
69
6
47
2
59
6
28
2
98
6
98
2
92
4
18
2
77
3
55
3
13
3
46
2
35
2
49
2
77
0
30
5
43
6
34
5
35
4
79
5
2
6
49
5
52
0
60
2
42
6
79
4
87
4
38
6
63
4
96
6
43
6
39
3
19
2
42
5
56
6
89
3
19
5
19
4
62
2
34
0
40
4
56
6
68
5
83
3
78
5
2
6
95
1
49
2
29
3
6
6
9
4
79
4
24
2
89
6
14
2
97
6
96
2
93
6
45
3
45
2
29
5
58
6
38
2
25
2
49
2
54
6
39
5
2
6
19
2
35
4
39
3
64
6
64
2
36
2
8
6
89
4
79
5
74
3
75
2
49
2
4
5
13
2
19
3
64
4
23
5
99
3
29
6
65
4
17
4
73
4
2
3
69
4
99
5
58
4
2
4
48
5
3
5
86
6
73
4
49
3
86
3
39
2
29
5
79
6
54
5
37
5
82
5
83
4
8
3
84
2
26
4
45
6
24
2
68
4
76
3
95
4
33
2
2
3
32
2
22
5
44
6
56
4
19
4
94
6
37
5
74
0
50
4
69
5
48
6
69
3
95
3
8
5
85
3
35
4
57
6
32
3
53
6
95
3
43
4
83
2
47
6
3
2
19
4
54
5
98
5
19
3
32
6
79
4
7
6
45
5
9
2
67
6
76
6
69
2
89
5
25
2
95
5
79
6
58
4
2
2
87
5
84
0
50
5
65
6
95
3
24
6
97
4
19
5
13
5
89
3
59
4
64
6
29
5
99
3
34
6
86
5
39
2
45
4
45
5
22
4
89
4
29
4
55
0
0
5
62
2
43
6
28
3
58
3
7
3
4
3
43
4
95
5
45
3
55
4
48
3
49
6
89
3
52
5
74
2
59
3
96
2
29
2
49
5
99
0
80
6
75
6
45
5
44
4
98
3
19
2
49
2
84
6
87
6
79
4
24
5
43
2
27
4
29
1
26
2
89
3
98
5
14
3
5
2
73
3
12
6
58
3
78
3
79
5
45
6
34
4
96
2
85
3
57
5
98
2
89
4
23
4
9
2
23
5
42
3
65
4
12
5
19
5
24
3
82
2
89
3
34
5
57
2
32
3
44
2
67
2
39
4
79
2
97
5
47
4
2
4
88
2
69
5
26
1
49
2
26
5
28
4
79
5
17
2
19
3
83
3
66
3
45
6
13
6
5
4
39
4
83
5
98
3
89
2
9
2
35
3
79
4
29
6
74
5
55
6
27
5
7
6
77
6
93
6
58
5
79
4
62
2
47
5
12
2
26
4
63
2
64
5
33
1
63
2
29
4
99
6
46
6
88
6
86
4
2
4
82
5
39
4
58
3
25
5
72
4
16
2
2
2
42
6
79
3
5
5
53
5
99
1
57
4
57
6
75
6
98
5
29
6
59
6
39
2
38
6
69
5
76
6
35
5
9
6
89
3
97
5
39
6
6
6
65
4
99
3
79
6
49
5
88
5
2
6
59
6
39
3
23
2
49
4
3
4
99
5
33
2
49
5
84
2
18
3
13
4
49
4
68
3
44
6
28
5
16
3
3
6
89
4
89
5
47
2
89
1
79
5
77
6
6
5
84
5
28
0
50
4
69
3
22
3
35
6
73
2
69
3
48
2
89
2
4
5
73
3
74
4
9
2
29
4
24
3
56
6
57
3
10
2
92
6
25
3
98
4
86
6
46
2
55
6
74
2
85
4
73
5
69
6
29
4
86
5
28
3
19
6
16
2
62
2
34
5
27
4
63
3
39
2
66
4
39
0
70
2
78
3
5
5
72
2
6
2
47
5
65
6
53
6
89
4
29
4
29
3
79
4
13
2
38
4
69
2
9
4
76
6
66
3
36
2
37
3
9
5
78
5
99
2
52
3
65
5
86
3
19
1
9
6
24
5
19
2
5
2
84
5
89
4
36
2
78
1
77
4
89
5
25
5
19
2
17
3
53
4
69
2
3
4
29
4
86
4
29
3
59
2
34
3
2
3
49
3
45
2
4
3
73
3
58
3
89
5
27
6
24
5
35
5
92
3
3
5
35
4
67
3
9
5
29
3
37
4
18
2
43
5
5
5
39
0
30
2
97
6
9
5
97
6
65
4
18
5
45
5
48
2
37
5
23
3
18
3
36
3
46
5
38
3
37
2
38
6
29
6
86
3
4
6
35
0
70
2
16
2
26
6
29
2
44
6
64
4
69
0
80
5
59
4
13
6
35
6
39
3
87
3
97
5
96
4
78
5
46
5
59
3
56
4
25
4
99
2
15
2
12
6
14
4
46
2
6
2
29
5
35
5
89
4
9
5
9
3
69
5
47
3
79
5
62
2
39
5
53
3
26
3
79
6
74
6
5
4
69
4
54
6
49
3
7
6
68
6
29
4
19
6
35
4
45
3
59
3
84
3
69
4
54
2
48
3
35
5
38
0
40
6
8
0
88
4
65
5
64
1
49
4
74
0
40
5
49
5
33
3
29
3
14
2
87
3
29
2
18
4
19
3
43
5
9
5
16
2
75
5
88
2
29
4
84
2
83
3
52
5
52
4
9
6
79
0
90
4
14
2
27
0
20
2
46
3
99
2
66
3
8
2
49
4
79
4
13
2
2
4
39
1
65
5
85
4
52
4
67
6
85
6
73
5
63
5
32
3
28
2
99
2
69
5
23
1
26
1
53
6
75
2
96
5
89
4
69
6
19
5
99
2
74
4
28
4
72
5
27
3
58
6
29
2
24
4
69
2
55
6
75
6
5
3
16
5
93
5
23
0
10
6
19
6
25
6
38
2
45
5
2
5
77
6
27
3
24
2
17
1
78
4
63
5
9
3
24
5
77
6
39
2
29
5
24
2
33
4
21
6
63
3
88
5
43
2
89
3
64
5
6
5
35
4
86
3
22
3
73
3
68
4
16
2
22
2
45
2
47
2
73
2
69
2
93
4
2
5
55
4
88
2
82
5
65
3
59
6
94
2
83
4
97
6
39
6
45
1
49
6
29
6
98
2
79
