5
79
9
7
5
76
9
67
9
27
9
99
7
99
5
39
8
18
7
79
6
9
9
11
8
10
6
68
8
40
9
31
5
69
9
30
9
51
5
9
8
80
9
98
6
79
5
59
7
79
6
6
5
79
7
35
7
69
9
71
6
78
7
89
6
79
6
49
7
9
8
40
7
88
7
59
6
9
5
67
9
29
8
50
7
28
5
79
8
28
8
60
5
78
6
79
6
46
6
35
9
31
9
61
7
79
8
60
8
70
5
77
9
10
6
15
5
75
6
99
5
8
7
29
7
45
0
30
9
91
7
89
5
69
8
50
7
76
7
89
6
39
8
60
5
58
9
11
7
45
9
99
7
17
8
76
5
89
6
49
5
79
8
39
8
70
8
80
8
9
7
69
9
87
9
83
8
16
8
75
6
39
7
25
5
19
5
67
5
89
6
16
8
56
5
39
8
10
9
91
6
89
6
69
6
28
6
68
8
20
7
36
6
89
5
29
6
39
7
78
9
11
8
90
8
48
5
27
8
99
8
99
8
50
8
20
7
35
5
89
5
79
5
39
7
99
5
19
7
9
8
26
6
85
9
88
7
29
5
87
7
47
8
37
5
59
5
49
5
49
8
40
6
89
5
99
9
51
5
49
5
59
7
49
6
95
6
9
9
21
6
78
9
21
6
69
8
38
8
99
7
75
7
37
5
57
5
5
8
29
5
29
6
99
7
39
5
79
5
39
8
48
5
67
8
40
6
19
5
65
8
50
8
27
7
45
9
91
5
66
8
56
7
99
9
11
7
36
6
55
7
26
5
59
9
77
8
10
6
49
7
29
6
48
8
45
6
59
9
81
9
31
6
9
5
69
7
9
7
9
5
49
8
36
9
20
8
99
6
9
7
19
0
10
6
99
8
12
7
79
6
49
0
10
8
56
8
40
6
59
8
77
9
11
8
40
7
99
5
67
8
87
8
79
8
90
8
99
9
50
8
25
6
26
6
29
6
88
9
51
7
79
9
71
8
15
9
81
6
28
8
16
8
90
5
49
8
40
8
46
9
97
5
79
6
39
8
80
7
69
9
21
7
97
5
19
6
39
5
2
5
27
8
80
7
6
5
19
9
99
6
75
9
8
8
47
9
99
6
79
7
69
6
77
9
91
7
17
9
79
7
78
5
39
5
59
6
66
8
60
7
39
7
26
8
6
7
15
8
80
7
99
6
49
8
78
7
19
8
76
7
79
9
21
6
69
5
69
7
79
9
79
8
70
8
58
7
29
9
71
6
98
6
39
8
95
9
46
9
27
6
7
9
99
6
99
8
60
6
28
5
7
5
9
9
31
7
8
5
69
9
71
6
29
8
69
9
21
5
79
7
99
8
66
7
38
6
29
8
20
7
69
5
29
8
19
8
7
5
49
9
29
7
86
5
69
5
19
3
79
8
54
6
49
6
9
8
60
5
59
6
67
5
79
8
50
8
41
7
39
6
99
5
17
7
77
8
70
9
50
5
59
9
31
5
99
9
99
5
95
7
19
5
79
6
58
6
16
6
46
5
38
5
49
5
79
0
30
8
46
9
37
8
38
7
79
8
5
9
51
8
55
0
60
5
45
9
81
7
89
7
39
8
66
7
99
8
46
9
41
6
19
2
45
8
59
9
91
6
19
8
20
7
65
5
37
0
40
7
59
9
68
8
86
6
79
8
5
9
98
1
49
5
29
6
9
9
9
7
79
7
27
5
89
9
17
5
99
9
99
5
96
9
48
6
48
5
29
8
60
9
41
5
28
5
49
5
57
9
41
8
5
9
21
5
38
7
39
6
67
9
67
5
39
5
9
9
91
7
79
8
77
6
78
5
49
5
7
8
16
5
19
6
67
7
26
8
99
6
29
8
65
7
19
7
76
7
5
6
69
7
99
8
60
7
5
7
49
8
6
8
89
8
76
7
49
6
89
6
39
5
29
8
80
9
57
8
40
8
85
8
86
7
9
6
87
5
29
7
48
9
27
5
69
7
79
6
98
7
36
5
5
6
35
5
25
8
47
9
59
7
19
7
97
9
40
8
77
0
50
7
69
8
50
9
71
6
98
6
9
8
88
3
38
7
59
9
32
6
56
9
98
6
46
7
83
5
49
8
6
5
19
7
57
8
99
8
20
6
35
9
81
7
9
9
48
8
10
5
69
9
79
9
71
5
89
8
28
5
98
8
80
9
61
7
5
5
89
8
87
0
50
8
68
9
98
6
27
9
99
7
19
8
16
8
90
6
59
7
67
9
31
8
99
6
37
9
89
8
40
5
48
7
48
8
25
7
89
7
29
7
55
0
0
8
65
5
46
9
31
6
59
6
9
6
7
6
46
7
98
8
48
6
58
7
49
6
49
9
91
6
55
8
77
5
59
6
99
5
29
5
49
8
99
0
80
9
78
9
48
8
47
7
99
6
19
5
49
5
87
9
90
9
81
7
27
8
46
5
29
7
29
1
29
5
89
6
99
8
14
6
8
5
76
6
15
9
61
6
79
6
79
8
48
9
37
7
99
5
88
6
59
8
99
5
89
7
26
7
9
5
26
8
42
6
68
7
15
8
20
8
27
6
85
5
89
6
37
8
60
5
35
6
47
5
69
5
39
7
79
5
99
8
50
7
5
7
89
5
69
8
29
1
49
5
29
8
30
7
79
8
20
5
19
6
83
6
69
6
48
8
16
9
8
7
39
7
86
8
99
6
89
5
9
5
38
6
79
7
29
9
77
8
58
9
30
8
10
9
80
8
96
9
61
8
80
7
65
5
47
8
15
5
29
7
66
5
67
8
36
1
66
5
29
7
99
9
49
9
91
9
89
7
5
7
85
8
40
7
59
6
25
8
75
7
19
5
5
5
45
9
81
6
8
8
56
8
99
1
59
7
57
9
78
9
99
8
30
9
61
9
41
5
39
9
71
8
79
9
38
8
10
9
91
6
99
8
40
9
9
9
68
7
99
3
79
9
51
8
90
8
5
9
61
9
41
6
26
5
49
7
6
7
99
8
36
5
49
8
87
5
19
6
16
7
49
7
68
6
47
9
31
8
19
6
6
9
91
7
89
8
50
5
89
1
79
8
80
9
9
8
87
8
30
0
50
7
69
6
25
6
38
8
76
5
69
6
49
5
89
5
7
8
76
6
77
7
9
5
29
7
27
6
59
9
60
3
10
5
95
9
28
6
99
7
89
9
49
5
58
9
77
5
88
7
76
8
70
9
31
7
89
8
30
6
19
9
19
5
65
5
37
8
30
7
66
6
39
5
69
7
39
0
70
5
79
6
8
8
75
5
9
5
47
8
68
8
56
9
91
7
29
7
29
6
79
7
16
5
39
7
69
5
9
7
79
9
69
6
39
5
39
6
9
8
80
8
99
5
55
6
68
8
89
3
19
1
9
9
27
8
20
5
8
5
87
8
90
7
39
5
79
1
79
7
89
8
28
8
20
5
19
6
56
7
69
5
3
7
29
7
89
7
29
6
59
5
37
6
5
3
49
6
48
5
7
6
76
6
59
6
89
8
30
9
27
8
38
8
95
6
6
8
38
7
69
6
9
8
30
6
39
7
19
5
46
8
8
8
40
0
30
5
99
9
11
8
99
8
65
7
19
8
48
8
50
5
39
8
26
6
19
6
39
6
49
8
40
6
39
5
39
9
31
9
89
6
7
9
38
0
70
5
19
5
29
9
31
5
47
9
67
7
69
0
80
8
60
7
16
9
38
9
41
6
89
6
99
8
99
7
79
8
49
8
60
6
59
7
28
7
99
5
18
5
15
9
17
7
49
5
9
5
29
8
38
8
90
7
9
8
10
6
69
8
50
6
79
8
65
5
39
8
56
6
29
6
79
9
77
9
8
7
69
7
57
9
51
6
9
9
71
9
31
7
19
9
38
7
48
6
59
6
87
6
69
7
57
5
49
6
38
8
40
0
40
9
11
0
89
7
68
8
67
1
49
7
77
0
40
8
50
8
36
6
29
6
17
5
89
6
29
5
19
7
19
6
46
8
10
8
19
5
78
8
90
5
29
7
84
5
86
6
55
8
55
4
9
9
81
0
90
7
17
5
29
0
20
5
49
6
99
5
66
6
9
2
49
7
79
7
16
5
5
7
39
1
68
8
88
7
55
7
69
9
88
8
76
8
66
8
35
6
29
5
99
5
69
8
26
1
29
1
56
9
78
5
99
8
90
7
69
9
21
8
99
5
77
7
29
7
75
8
30
6
59
9
31
5
27
7
69
5
58
9
78
9
8
6
19
8
96
8
26
0
10
9
21
9
28
9
41
5
48
8
5
8
80
9
30
6
27
5
19
1
79
7
66
8
10
6
27
8
80
9
41
5
29
8
27
5
36
7
21
8
66
3
89
8
46
5
89
6
67
8
6
8
38
7
89
6
25
6
76
6
69
7
19
5
25
5
48
5
47
5
76
2
69
5
96
7
5
8
58
7
89
5
85
8
68
6
59
9
97
5
86
7
99
9
41
9
48
1
49
9
31
9
99
5
79
