12
84
9
14
11
83
9
74
9
34
9
99
9
99
9
44
13
25
14
86
9
14
9
14
9
14
9
74
9
44
9
34
9
74
9
34
16
58
9
14
15
87
9
99
13
85
9
64
14
86
9
13
12
84
9
42
9
74
9
74
13
85
9
94
13
85
13
55
9
14
9
44
9
94
9
64
9
14
9
74
9
34
15
57
9
34
12
84
9
34
9
64
12
84
13
85
11
53
9
42
9
34
9
64
14
86
9
64
9
74
12
84
9
14
10
22
10
82
9
99
9
14
9
34
10
52
0
30
9
94
9
94
9
74
15
57
11
83
9
94
9
44
9
64
9
64
9
14
10
52
9
99
12
24
11
83
9
94
13
55
12
84
9
44
9
74
15
87
9
14
9
74
9
94
16
82
11
23
10
82
9
44
9
32
12
24
9
74
9
94
11
23
9
63
9
44
9
14
9
94
9
94
9
74
9
34
9
68
15
27
9
43
9
94
9
34
9
44
13
85
9
14
9
94
13
55
9
34
9
99
9
99
15
57
15
27
9
42
9
94
12
84
9
44
9
99
12
24
9
14
9
33
9
92
9
94
9
34
9
94
12
54
9
44
9
64
12
54
12
54
9
44
9
94
9
99
16
58
12
54
9
64
14
56
9
99
9
14
16
28
13
85
16
28
9
74
9
44
9
99
10
82
9
44
9
64
8
5
9
34
9
34
9
99
9
44
12
84
9
44
13
55
9
74
9
44
13
25
9
72
15
57
9
34
10
52
9
94
9
73
9
63
9
99
9
14
9
43
9
62
9
33
9
64
12
84
9
14
13
55
9
34
13
55
10
52
9
64
16
88
9
34
9
14
9
74
9
14
9
14
12
54
9
43
15
27
9
99
9
14
14
26
0
10
9
99
9
12
14
86
13
55
0
10
9
63
9
44
9
64
12
84
9
14
9
44
9
99
9
74
9
94
14
86
9
94
9
99
15
57
9
32
9
33
9
34
9
94
16
58
14
86
9
74
10
22
16
88
9
34
11
23
9
94
12
54
9
44
11
53
9
99
12
84
9
44
15
87
9
74
16
28
9
99
12
24
9
44
9
2
9
34
15
87
9
13
12
24
9
99
10
82
9
14
12
54
9
99
13
85
9
74
12
84
9
94
12
24
14
86
13
85
9
44
9
64
9
73
9
64
9
44
9
33
9
13
10
22
15
87
9
99
13
55
13
85
14
26
11
83
14
86
16
28
9
74
9
74
14
86
14
86
9
74
9
64
9
34
9
74
9
99
9
44
9
99
9
46
9
34
9
14
9
99
9
99
9
64
9
34
9
14
9
14
9
34
9
14
9
74
9
74
9
34
9
74
16
28
12
84
9
99
9
73
9
44
9
34
15
27
9
74
9
34
14
26
9
14
12
54
9
34
9
93
9
74
12
24
3
79
15
52
13
55
9
14
9
64
9
64
9
74
12
84
15
57
9
41
9
44
9
99
12
24
12
84
9
74
15
57
9
64
9
34
9
99
9
99
9
99
14
26
12
84
9
64
11
23
9
46
9
44
12
54
12
84
0
30
11
53
9
44
9
44
14
86
9
12
16
58
9
62
0
60
10
52
16
88
9
94
9
44
9
73
9
99
11
53
9
44
13
25
2
49
9
64
9
94
13
25
15
27
9
72
9
44
0
40
9
64
9
68
9
93
13
85
9
12
9
99
1
49
9
34
9
14
9
9
14
86
9
34
9
94
12
24
9
99
9
99
9
99
13
55
13
55
9
34
9
64
9
44
9
34
12
54
9
64
9
44
9
12
16
28
9
44
9
44
9
74
9
74
9
44
9
14
9
94
14
86
12
84
13
85
12
54
9
14
11
23
12
24
9
74
9
33
9
99
9
34
8
65
14
26
11
83
9
12
9
74
9
99
9
64
9
12
14
56
9
13
9
94
11
83
14
56
9
94
9
44
9
34
15
87
9
64
9
44
9
92
9
93
9
14
9
94
9
34
13
55
9
34
9
74
14
86
9
99
9
43
9
12
9
42
9
32
12
54
9
64
14
26
9
99
9
44
12
84
0
50
9
74
15
57
9
74
9
99
9
14
9
94
3
39
9
64
9
32
9
63
9
99
11
53
14
83
12
54
9
13
12
24
9
64
9
99
15
27
9
42
16
88
9
14
13
55
9
14
9
74
14
86
9
74
9
94
9
34
9
99
15
87
9
64
9
12
9
94
9
94
0
50
9
74
9
99
9
34
9
99
14
26
11
23
9
94
9
64
9
74
9
34
9
99
9
44
9
94
9
44
12
54
13
55
9
32
9
94
9
34
8
55
0
0
9
72
11
53
9
34
9
64
9
14
9
14
11
53
9
99
13
55
9
64
14
56
13
55
9
94
9
62
12
84
9
64
9
99
9
34
12
54
9
99
0
80
13
85
13
55
12
54
9
99
13
25
12
54
9
94
9
94
16
88
9
34
11
53
9
34
9
34
1
29
9
94
9
99
9
13
9
14
11
83
10
22
9
64
13
85
13
85
13
55
9
44
9
99
9
94
9
64
9
99
9
94
9
33
9
14
9
33
9
42
9
74
10
22
15
27
9
34
9
92
9
94
9
44
9
64
9
42
12
54
9
74
9
44
14
86
9
99
15
57
9
12
9
94
9
74
9
34
1
49
9
34
9
34
14
86
15
27
12
24
13
82
9
74
13
55
11
23
9
14
9
44
9
93
9
99
9
94
9
14
9
44
13
85
9
34
12
84
9
64
9
34
9
14
15
87
9
99
9
64
15
87
9
72
9
47
10
22
9
34
9
73
9
74
9
43
1
69
9
34
9
99
14
56
9
94
9
94
9
12
9
92
9
44
9
64
8
25
10
82
14
26
9
12
10
52
16
88
9
14
9
63
9
99
1
59
9
57
13
85
9
99
9
34
9
64
9
44
9
44
9
74
14
86
9
44
9
14
9
94
9
99
9
44
9
14
9
74
9
99
3
79
16
58
9
94
9
12
9
64
9
44
9
33
12
54
9
13
9
99
9
43
12
54
9
94
12
24
11
23
14
56
9
68
12
54
9
34
14
26
9
13
9
94
9
94
15
57
9
94
1
79
15
87
9
14
9
94
9
34
0
50
9
74
9
32
9
44
11
83
9
74
13
55
9
94
9
14
11
83
12
84
9
14
9
34
9
34
9
64
9
64
3
10
9
99
9
34
9
99
9
94
14
56
9
64
12
84
9
94
11
83
9
74
9
34
9
94
9
34
13
25
14
26
9
72
9
44
9
34
9
73
9
44
9
74
9
44
0
70
12
84
9
14
10
82
9
14
9
47
9
74
9
63
9
94
9
34
9
34
13
85
11
23
9
44
9
74
9
14
14
86
9
74
9
44
9
44
9
14
15
87
9
99
9
62
9
74
9
94
3
19
1
9
9
34
15
27
9
14
9
94
9
94
9
44
12
84
1
79
9
89
9
34
15
27
12
24
9
63
9
74
9
3
9
34
9
94
9
34
9
64
9
44
9
12
3
49
13
55
9
14
11
83
9
64
9
94
9
34
9
34
9
44
9
99
9
13
9
44
9
74
9
14
9
34
9
44
14
26
11
53
9
14
9
44
0
30
9
99
9
14
9
99
8
65
14
26
13
55
15
57
9
44
9
33
13
25
9
44
13
55
9
44
9
44
9
44
9
34
9
94
9
14
9
44
0
70
12
24
9
34
9
34
12
54
9
74
9
74
0
80
9
64
11
23
9
44
9
44
9
94
9
99
9
99
14
86
14
56
9
64
9
64
9
34
9
99
12
24
10
22
12
24
14
56
9
14
9
34
9
44
9
94
9
14
9
14
9
74
15
57
13
85
9
72
9
44
9
63
9
34
13
85
12
84
9
14
9
74
9
64
16
58
9
14
9
74
9
34
14
26
9
44
13
55
9
64
9
94
9
74
9
64
12
54
9
44
9
44
0
40
9
14
0
89
9
74
9
74
1
49
12
84
0
40
15
57
9
43
9
34
12
24
9
94
9
34
12
24
14
26
11
53
9
14
14
26
12
84
9
94
9
34
9
84
9
93
9
62
9
62
4
9
16
88
0
90
12
24
9
34
0
20
12
54
9
99
9
66
9
14
2
49
14
86
11
23
9
12
9
44
1
69
9
94
9
62
9
74
9
94
11
83
9
73
9
42
9
34
9
99
9
74
9
33
1
29
1
59
13
85
9
99
9
94
9
74
16
28
9
99
12
84
9
34
10
82
9
34
9
64
9
34
9
34
9
74
9
64
13
85
9
14
13
25
9
99
9
33
0
10
16
28
9
34
9
44
12
54
9
12
15
87
9
34
9
34
12
24
1
79
9
73
9
14
9
34
15
87
9
44
9
34
9
34
9
43
14
21
9
73
3
89
11
53
9
94
9
74
9
6
9
44
9
94
9
32
11
83
9
74
14
26
9
32
12
54
9
47
11
83
2
69
9
99
9
12
9
64
9
94
9
92
9
74
9
64
9
99
9
93
9
99
9
44
13
55
1
49
9
34
9
99
12
84
