15
87
9
14
14
86
9
74
9
34
9
99
9
99
9
44
16
28
17
89
9
14
9
14
9
14
9
74
9
44
9
34
9
74
9
34
19
61
9
14
18
90
9
99
16
88
9
64
17
89
9
14
15
87
9
44
9
74
9
74
16
88
9
94
16
88
16
58
9
14
9
44
9
94
9
64
9
14
9
74
9
34
18
60
9
34
15
87
9
34
9
64
15
87
16
88
14
56
9
44
9
34
9
64
17
89
9
64
9
74
15
87
9
14
13
25
13
85
9
99
9
14
9
34
13
55
0
30
9
94
9
94
9
74
18
60
14
86
9
94
9
44
9
64
9
64
9
14
13
55
9
99
15
27
14
86
9
94
16
58
15
87
9
44
9
74
18
90
9
14
9
74
9
94
19
82
14
26
13
85
9
44
9
34
15
27
9
74
9
94
14
26
9
64
9
44
9
14
9
94
9
94
9
74
9
34
9
68
18
30
9
44
9
94
9
34
9
44
16
88
9
14
9
94
16
58
9
34
9
99
9
99
18
60
18
30
9
44
9
94
15
87
9
44
9
99
15
27
9
14
9
34
9
94
9
94
9
34
9
94
15
57
9
44
9
64
15
57
15
57
9
44
9
94
9
99
19
61
15
57
9
64
17
59
9
99
9
14
19
31
16
88
19
31
9
74
9
44
9
99
13
85
9
44
9
64
8
5
9
34
9
34
9
99
9
44
15
87
9
44
16
58
9
74
9
44
16
28
9
74
18
60
9
34
13
55
9
94
9
74
9
64
9
99
9
14
9
44
9
64
9
34
9
64
15
87
9
14
16
58
9
34
16
58
13
55
9
64
19
91
9
34
9
14
9
74
9
14
9
14
15
57
9
44
18
30
9
99
9
14
17
29
0
10
9
99
9
12
17
89
16
58
0
10
9
64
9
44
9
64
15
87
9
14
9
44
9
99
9
74
9
94
17
89
9
94
9
99
18
60
9
34
9
34
9
34
9
94
19
61
17
89
9
74
13
25
19
91
9
34
14
26
9
94
15
57
9
44
14
56
9
99
15
87
9
44
18
90
9
74
19
31
9
99
15
27
9
44
9
2
9
34
18
90
9
14
15
27
9
99
13
85
9
14
15
57
9
99
16
88
9
74
15
87
9
94
15
27
17
89
16
88
9
44
9
64
9
74
9
64
9
44
9
34
9
14
13
25
18
90
9
99
16
58
16
88
17
29
14
86
17
89
19
31
9
74
9
74
17
89
17
89
9
74
9
64
9
34
9
74
9
99
9
44
9
99
9
46
9
34
9
14
9
99
9
99
9
64
9
34
9
14
9
14
9
34
9
14
9
74
9
74
9
34
9
74
19
31
15
87
9
99
9
74
9
44
9
34
18
30
9
74
9
34
17
29
9
14
15
57
9
34
9
94
9
74
15
27
3
79
18
52
16
58
9
14
9
64
9
64
9
74
15
87
18
60
9
41
9
44
9
99
15
27
15
87
9
74
18
60
9
64
9
34
9
99
9
99
9
99
17
29
15
87
9
64
14
26
9
46
9
44
15
57
15
87
0
30
14
56
9
44
9
44
17
89
9
14
19
61
9
64
0
60
13
55
19
91
9
94
9
44
9
74
9
99
14
56
9
44
16
28
2
49
9
64
9
94
16
28
18
30
9
74
9
44
0
40
9
64
9
68
9
94
16
88
9
14
9
99
1
49
9
34
9
14
9
9
17
89
9
34
9
94
15
27
9
99
9
99
9
99
16
58
16
58
9
34
9
64
9
44
9
34
15
57
9
64
9
44
9
14
19
31
9
44
9
44
9
74
9
74
9
44
9
14
9
94
17
89
15
87
16
88
15
57
9
14
14
26
15
27
9
74
9
34
9
99
9
34
8
65
17
29
14
86
9
14
9
74
9
99
9
64
9
14
17
59
9
14
9
94
14
86
17
59
9
94
9
44
9
34
18
90
9
64
9
44
9
94
9
94
9
14
9
94
9
34
16
58
9
34
9
74
17
89
9
99
9
44
9
14
9
44
9
34
15
57
9
64
17
29
9
99
9
44
15
87
0
50
9
74
18
60
9
74
9
99
9
14
9
94
3
39
9
64
9
32
9
64
9
99
14
56
17
83
15
57
9
14
15
27
9
64
9
99
18
30
9
44
19
91
9
14
16
58
9
14
9
74
17
89
9
74
9
94
9
34
9
99
18
90
9
64
9
14
9
94
9
94
0
50
9
74
9
99
9
34
9
99
17
29
14
26
9
94
9
64
9
74
9
34
9
99
9
44
9
94
9
44
15
57
16
58
9
34
9
94
9
34
8
55
0
0
9
74
14
56
9
34
9
64
9
14
9
14
14
56
9
99
16
58
9
64
17
59
16
58
9
94
9
64
15
87
9
64
9
99
9
34
15
57
9
99
0
80
16
88
16
58
15
57
9
99
16
28
15
57
9
94
9
94
19
91
9
34
14
56
9
34
9
34
1
29
9
94
9
99
9
13
9
14
14
86
13
25
9
64
16
88
16
88
16
58
9
44
9
99
9
94
9
64
9
99
9
94
9
34
9
14
9
34
9
42
9
74
13
25
18
30
9
34
9
94
9
94
9
44
9
64
9
44
15
57
9
74
9
44
17
89
9
99
18
60
9
14
9
94
9
74
9
34
1
49
9
34
9
34
17
89
18
30
15
27
16
82
9
74
16
58
14
26
9
14
9
44
9
94
9
99
9
94
9
14
9
44
16
88
9
34
15
87
9
64
9
34
9
14
18
90
9
99
9
64
18
90
9
74
9
47
13
25
9
34
9
74
9
74
9
44
1
69
9
34
9
99
17
59
9
94
9
94
9
14
9
94
9
44
9
64
8
25
13
85
17
29
9
14
13
55
19
91
9
14
9
64
9
99
1
59
9
57
16
88
9
99
9
34
9
64
9
44
9
44
9
74
17
89
9
44
9
14
9
94
9
99
9
44
9
14
9
74
9
99
3
79
19
61
9
94
9
14
9
64
9
44
9
34
15
57
9
14
9
99
9
44
15
57
9
94
15
27
14
26
17
59
9
68
15
57
9
34
17
29
9
14
9
94
9
94
18
60
9
94
1
79
18
90
9
14
9
94
9
34
0
50
9
74
9
34
9
44
14
86
9
74
16
58
9
94
9
14
14
86
15
87
9
14
9
34
9
34
9
64
9
64
3
10
9
99
9
34
9
99
9
94
17
59
9
64
15
87
9
94
14
86
9
74
9
34
9
94
9
34
16
28
17
29
9
74
9
44
9
34
9
74
9
44
9
74
9
44
0
70
15
87
9
14
13
85
9
14
9
47
9
74
9
64
9
94
9
34
9
34
16
88
14
26
9
44
9
74
9
14
17
89
9
74
9
44
9
44
9
14
18
90
9
99
9
64
9
74
9
94
3
19
1
9
9
34
18
30
9
14
9
94
9
94
9
44
15
87
1
79
9
89
9
34
18
30
15
27
9
64
9
74
9
3
9
34
9
94
9
34
9
64
9
44
9
14
3
49
16
58
9
14
14
86
9
64
9
94
9
34
9
34
9
44
9
99
9
14
9
44
9
74
9
14
9
34
9
44
17
29
14
56
9
14
9
44
0
30
9
99
9
14
9
99
8
65
17
29
16
58
18
60
9
44
9
34
16
28
9
44
16
58
9
44
9
44
9
44
9
34
9
94
9
14
9
44
0
70
15
27
9
34
9
34
15
57
9
74
9
74
0
80
9
64
14
26
9
44
9
44
9
94
9
99
9
99
17
89
17
59
9
64
9
64
9
34
9
99
15
27
13
25
15
27
17
59
9
14
9
34
9
44
9
94
9
14
9
14
9
74
18
60
16
88
9
74
9
44
9
64
9
34
16
88
15
87
9
14
9
74
9
64
19
61
9
14
9
74
9
34
17
29
9
44
16
58
9
64
9
94
9
74
9
64
15
57
9
44
9
44
0
40
9
14
0
89
9
74
9
74
1
49
15
87
0
40
18
60
9
44
9
34
15
27
9
94
9
34
15
27
17
29
14
56
9
14
17
29
15
87
9
94
9
34
9
84
9
94
9
64
9
64
4
9
19
91
0
90
15
27
9
34
0
20
15
57
9
99
9
66
9
14
2
49
17
89
14
26
9
14
9
44
1
69
9
94
9
64
9
74
9
94
14
86
9
74
9
44
9
34
9
99
9
74
9
34
1
29
1
59
16
88
9
99
9
94
9
74
19
31
9
99
15
87
9
34
13
85
9
34
9
64
9
34
9
34
9
74
9
64
16
88
9
14
16
28
9
99
9
34
0
10
19
31
9
34
9
44
15
57
9
14
18
90
9
34
9
34
15
27
1
79
9
74
9
14
9
34
18
90
9
44
9
34
9
34
9
44
17
21
9
74
3
89
14
56
9
94
9
74
9
6
9
44
9
94
9
34
14
86
9
74
17
29
9
34
15
57
9
47
14
86
2
69
9
99
9
14
9
64
9
94
9
94
9
74
9
64
9
99
9
94
9
99
9
44
16
58
1
49
9
34
9
99
15
87
