4
79
8
6
4
75
8
66
8
26
8
99
6
99
4
39
7
17
6
78
5
9
8
10
7
9
5
67
7
39
8
30
4
69
8
29
8
50
4
9
7
79
8
97
5
78
4
59
6
79
5
5
4
78
6
34
6
69
8
70
5
77
6
88
5
79
5
49
6
9
7
39
6
87
6
59
5
9
4
66
8
28
7
49
6
27
4
79
7
27
7
59
4
77
5
78
5
45
5
34
8
30
8
60
6
79
7
59
7
69
4
76
8
9
5
14
4
74
5
98
4
7
6
28
6
44
0
30
8
90
6
89
4
69
7
49
6
75
6
89
5
39
7
59
4
57
8
10
6
44
8
99
6
16
7
75
4
89
5
48
4
79
7
38
7
69
7
79
7
8
6
69
8
86
8
83
7
15
7
74
5
39
6
24
4
19
4
66
4
89
5
15
8
55
4
39
7
9
8
90
5
88
5
69
5
27
5
68
7
19
6
35
5
88
4
29
5
39
6
77
8
10
7
89
7
47
4
26
7
99
7
98
7
49
7
19
6
34
4
88
4
79
4
39
6
99
4
19
6
8
8
25
5
84
8
87
6
29
4
86
6
46
7
36
4
59
4
49
4
48
7
39
5
88
4
99
8
50
4
49
4
59
6
49
5
94
5
8
8
20
5
77
8
20
5
69
7
37
7
99
6
74
6
36
4
56
4
5
7
28
4
29
5
99
6
39
4
79
4
39
7
47
4
66
7
39
5
19
4
64
7
49
7
26
6
44
8
90
4
65
7
55
6
99
8
10
6
35
5
54
6
25
4
59
8
76
7
9
5
48
6
29
5
47
7
44
5
59
8
80
8
30
5
9
4
69
6
9
6
9
4
48
7
35
8
19
7
99
5
9
6
19
0
10
5
99
7
12
6
79
5
48
0
10
8
55
7
39
5
59
7
76
8
10
7
39
6
99
4
66
7
86
7
78
7
89
7
99
8
49
7
24
5
25
5
29
5
87
8
50
6
78
8
70
7
14
8
80
5
27
7
15
7
89
4
49
7
39
8
45
8
96
4
79
5
39
7
79
6
68
8
20
6
96
4
18
5
39
4
2
4
26
7
79
6
5
4
18
8
98
5
74
8
7
7
46
8
99
5
79
6
68
5
76
8
90
6
16
8
78
6
77
4
38
4
59
5
65
7
59
6
39
6
25
7
5
6
14
7
79
6
99
5
48
7
77
6
18
7
75
6
79
8
20
5
69
4
69
6
79
8
78
7
69
7
57
6
28
8
70
5
97
5
39
7
94
8
46
8
26
5
6
8
99
5
99
7
59
5
27
4
6
4
9
8
30
6
7
4
69
8
70
5
29
7
68
8
20
4
79
6
99
8
65
6
37
5
29
7
19
6
69
4
28
7
18
7
6
4
48
8
28
6
85
4
69
4
19
3
79
7
54
5
49
5
9
7
59
4
59
5
66
4
79
7
49
7
41
6
39
5
99
4
16
6
76
7
69
8
49
4
59
8
30
4
99
8
99
4
94
6
19
4
79
5
57
5
15
5
46
4
37
4
49
4
79
0
30
7
45
8
36
7
37
6
79
7
4
8
50
7
54
0
60
4
44
8
80
6
89
6
39
8
65
6
98
8
45
8
40
5
19
2
44
7
58
8
90
5
19
7
19
6
64
4
36
0
40
6
58
8
68
7
85
5
79
7
4
8
97
1
49
4
29
5
8
8
9
6
79
6
26
4
89
8
16
4
99
8
98
4
95
8
47
5
47
4
29
7
59
8
40
4
27
4
49
4
56
8
40
7
4
8
20
4
37
6
39
5
66
8
66
4
38
4
9
8
90
6
79
7
76
5
77
4
49
4
6
7
15
4
19
5
66
6
25
7
99
5
29
8
65
6
19
6
75
6
4
5
69
6
99
7
59
6
4
6
49
7
5
7
88
8
75
6
49
5
88
5
39
4
29
7
79
8
56
7
39
7
84
7
85
6
9
5
86
4
28
6
47
8
26
4
69
6
78
5
97
6
35
4
4
5
34
4
24
7
46
8
58
6
19
6
96
8
39
7
76
0
50
6
69
7
49
8
70
5
97
5
9
7
87
3
37
6
59
8
32
5
55
8
97
5
45
6
83
4
49
8
5
4
19
6
56
7
99
7
19
5
34
8
80
6
9
8
47
7
9
4
69
8
78
8
70
4
89
7
27
4
97
7
79
8
60
6
4
4
89
7
86
0
50
7
67
8
97
5
26
8
99
6
19
7
15
7
89
5
59
6
66
8
30
7
99
5
36
8
88
7
39
4
47
6
47
7
24
6
89
6
29
6
55
0
0
7
64
4
45
8
30
5
59
5
9
5
6
5
45
6
97
7
47
5
57
6
49
5
49
8
90
5
54
7
76
4
59
5
98
4
29
4
49
7
99
0
80
8
77
8
47
7
46
6
99
5
19
4
49
4
86
8
89
8
80
6
26
7
45
4
29
6
29
1
28
4
89
5
99
7
14
5
7
4
75
5
14
8
60
5
79
5
79
7
47
8
36
6
98
4
87
5
59
7
99
4
89
6
25
6
9
4
25
7
42
5
67
6
14
7
19
7
26
5
84
4
89
5
36
7
59
4
34
5
46
4
69
4
39
6
79
4
99
7
49
6
4
6
89
4
69
7
28
1
49
4
28
7
29
6
79
7
19
4
19
5
83
5
68
5
47
8
15
8
7
6
39
6
85
7
99
5
89
4
9
4
37
5
79
6
29
8
76
7
57
8
29
7
9
8
79
8
95
8
60
7
79
6
64
4
47
7
14
4
28
6
65
4
66
7
35
1
65
4
29
6
99
8
48
8
90
8
88
6
4
6
84
7
39
6
59
5
25
7
74
6
18
4
4
4
44
8
80
5
7
7
55
7
99
1
59
6
57
8
77
8
99
7
29
8
60
8
40
4
39
8
70
7
78
8
37
7
9
8
90
5
99
7
39
8
8
8
67
6
99
3
79
8
50
7
89
7
4
8
60
8
40
5
25
4
49
6
5
6
99
7
35
4
49
7
86
4
19
5
15
6
49
6
68
5
46
8
30
7
18
5
5
8
90
6
89
7
49
4
89
1
79
7
79
8
8
7
86
7
29
0
50
6
69
5
24
5
37
8
75
4
69
5
49
4
89
4
6
7
75
5
76
6
9
4
29
6
26
5
58
8
59
3
10
4
94
8
27
5
99
6
88
8
48
4
57
8
76
4
87
6
75
7
69
8
30
6
88
7
29
5
19
8
18
4
64
4
36
7
29
6
65
5
39
4
68
6
39
0
70
4
79
5
7
7
74
4
8
4
47
7
67
8
55
8
90
6
29
6
29
5
79
6
15
4
39
6
69
4
9
6
78
8
68
5
38
4
39
5
9
7
79
7
99
4
54
5
67
7
88
3
19
1
9
8
26
7
19
4
7
4
86
7
89
6
38
4
79
1
79
6
89
7
27
7
19
4
19
5
55
6
69
4
3
6
29
6
88
6
29
5
59
4
36
5
4
3
49
5
47
4
6
5
75
5
59
5
89
7
29
8
26
7
37
7
94
5
5
7
37
6
69
5
9
7
29
5
39
6
19
4
45
7
7
7
39
0
30
4
99
8
10
7
99
8
65
6
19
7
47
7
49
4
39
7
25
5
19
5
38
5
48
7
39
5
39
4
39
8
30
8
88
5
6
8
37
0
70
4
18
4
28
8
30
4
46
8
66
6
69
0
80
7
59
6
15
8
37
8
40
5
89
5
99
7
98
6
79
7
48
7
59
5
58
6
27
6
99
4
17
4
14
8
16
6
48
4
8
4
29
7
37
7
89
6
9
7
9
5
69
7
49
5
79
7
64
4
39
7
55
5
28
5
79
8
76
8
7
6
69
6
56
8
50
5
9
8
70
8
30
6
19
8
37
6
47
5
59
5
86
5
69
6
56
4
49
5
37
7
39
0
40
8
10
0
89
6
67
7
66
1
49
6
76
0
40
7
49
7
35
5
29
5
16
4
89
5
29
4
19
6
19
5
45
7
9
7
18
4
77
7
89
4
29
6
84
4
85
5
54
7
54
4
9
8
80
0
90
6
16
4
29
0
20
4
48
5
99
4
66
5
9
2
49
6
79
6
15
4
4
6
39
1
67
7
87
6
54
6
69
8
87
8
75
7
65
7
34
5
29
4
99
4
69
7
25
1
28
1
55
8
77
4
98
7
89
6
69
8
20
7
99
4
76
6
29
6
74
7
29
5
59
8
30
4
26
6
69
4
57
8
77
8
7
5
18
7
95
7
25
0
10
8
20
8
27
8
40
4
47
7
4
7
79
8
29
5
26
4
19
1
79
6
65
7
9
5
26
7
79
8
40
4
29
7
26
4
35
6
21
8
65
3
89
7
45
4
89
5
66
7
6
7
37
6
88
5
24
5
75
5
69
6
18
4
24
4
47
4
47
4
75
2
69
4
95
6
4
7
57
6
89
4
84
7
67
5
59
8
96
4
85
6
99
8
40
8
47
1
49
8
30
8
99
4
79
