19
94
9
14
19
94
9
74
9
34
9
99
9
99
9
44
19
34
19
94
9
14
9
14
9
14
9
74
9
44
9
34
9
74
9
34
19
64
9
14
19
94
9
99
19
94
9
64
19
94
9
14
19
94
9
44
9
74
9
74
19
94
9
94
19
94
19
64
9
14
9
44
9
94
9
64
9
14
9
74
9
34
19
64
9
34
19
94
9
34
9
64
19
94
19
94
19
64
9
44
9
34
9
64
19
94
9
64
9
74
19
94
9
14
19
33
19
93
9
99
9
14
9
34
19
63
0
30
9
94
9
94
9
74
19
64
19
94
9
94
9
44
9
64
9
64
9
14
19
63
9
99
19
34
19
94
9
94
19
64
19
94
9
44
9
74
19
94
9
14
9
74
9
94
19
82
19
34
19
93
9
44
9
34
19
34
9
74
9
94
19
34
9
64
9
44
9
14
9
94
9
94
9
74
9
34
9
68
19
34
9
44
9
94
9
34
9
44
19
94
9
14
9
94
19
64
9
34
9
99
9
99
19
64
19
34
9
44
9
94
19
94
9
44
9
99
19
34
9
14
9
34
9
94
9
94
9
34
9
94
19
64
9
44
9
64
19
64
19
64
9
44
9
94
9
99
19
64
19
64
9
64
19
64
9
99
9
14
19
34
19
94
19
34
9
74
9
44
9
99
19
93
9
44
9
64
8
5
9
34
9
34
9
99
9
44
19
94
9
44
19
64
9
74
9
44
19
34
9
74
19
64
9
34
19
63
9
94
9
74
9
64
9
99
9
14
9
44
9
64
9
34
9
64
19
94
9
14
19
64
9
34
19
64
19
63
9
64
19
94
9
34
9
14
9
74
9
14
9
14
19
64
9
44
19
34
9
99
9
14
19
34
0
10
9
99
9
12
19
94
19
64
0
10
9
64
9
44
9
64
19
94
9
14
9
44
9
99
9
74
9
94
19
94
9
94
9
99
19
64
9
34
9
34
9
34
9
94
19
64
19
94
9
74
19
33
19
94
9
34
19
34
9
94
19
64
9
44
19
64
9
99
19
94
9
44
19
94
9
74
19
34
9
99
19
34
9
44
9
2
9
34
19
94
9
14
19
34
9
99
19
93
9
14
19
64
9
99
19
94
9
74
19
94
9
94
19
34
19
94
19
94
9
44
9
64
9
74
9
64
9
44
9
34
9
14
19
33
19
94
9
99
19
64
19
94
19
34
19
94
19
94
19
34
9
74
9
74
19
94
19
94
9
74
9
64
9
34
9
74
9
99
9
44
9
99
9
46
9
34
9
14
9
99
9
99
9
64
9
34
9
14
9
14
9
34
9
14
9
74
9
74
9
34
9
74
19
34
19
94
9
99
9
74
9
44
9
34
19
34
9
74
9
34
19
34
9
14
19
64
9
34
9
94
9
74
19
34
3
79
19
52
19
64
9
14
9
64
9
64
9
74
19
94
19
64
9
41
9
44
9
99
19
34
19
94
9
74
19
64
9
64
9
34
9
99
9
99
9
99
19
34
19
94
9
64
19
34
9
46
9
44
19
64
19
94
0
30
19
64
9
44
9
44
19
94
9
14
19
64
9
64
0
60
19
63
19
94
9
94
9
44
9
74
9
99
19
64
9
44
19
34
2
49
9
64
9
94
19
34
19
34
9
74
9
44
0
40
9
64
9
68
9
94
19
94
9
14
9
99
1
49
9
34
9
14
9
9
19
94
9
34
9
94
19
34
9
99
9
99
9
99
19
64
19
64
9
34
9
64
9
44
9
34
19
64
9
64
9
44
9
14
19
34
9
44
9
44
9
74
9
74
9
44
9
14
9
94
19
94
19
94
19
94
19
64
9
14
19
34
19
34
9
74
9
34
9
99
9
34
8
65
19
34
19
94
9
14
9
74
9
99
9
64
9
14
19
64
9
14
9
94
19
94
19
64
9
94
9
44
9
34
19
94
9
64
9
44
9
94
9
94
9
14
9
94
9
34
19
64
9
34
9
74
19
94
9
99
9
44
9
14
9
44
9
34
19
64
9
64
19
34
9
99
9
44
19
94
0
50
9
74
19
64
9
74
9
99
9
14
9
94
3
39
9
64
9
32
9
64
9
99
19
64
19
83
19
64
9
14
19
34
9
64
9
99
19
34
9
44
19
94
9
14
19
64
9
14
9
74
19
94
9
74
9
94
9
34
9
99
19
94
9
64
9
14
9
94
9
94
0
50
9
74
9
99
9
34
9
99
19
34
19
34
9
94
9
64
9
74
9
34
9
99
9
44
9
94
9
44
19
64
19
64
9
34
9
94
9
34
8
55
0
0
9
74
19
64
9
34
9
64
9
14
9
14
19
64
9
99
19
64
9
64
19
64
19
64
9
94
9
64
19
94
9
64
9
99
9
34
19
64
9
99
0
80
19
94
19
64
19
64
9
99
19
34
19
64
9
94
9
94
19
94
9
34
19
64
9
34
9
34
1
29
9
94
9
99
9
13
9
14
19
94
19
33
9
64
19
94
19
94
19
64
9
44
9
99
9
94
9
64
9
99
9
94
9
34
9
14
9
34
9
42
9
74
19
33
19
34
9
34
9
94
9
94
9
44
9
64
9
44
19
64
9
74
9
44
19
94
9
99
19
64
9
14
9
94
9
74
9
34
1
49
9
34
9
34
19
94
19
34
19
34
19
82
9
74
19
64
19
34
9
14
9
44
9
94
9
99
9
94
9
14
9
44
19
94
9
34
19
94
9
64
9
34
9
14
19
94
9
99
9
64
19
94
9
74
9
47
19
33
9
34
9
74
9
74
9
44
1
69
9
34
9
99
19
64
9
94
9
94
9
14
9
94
9
44
9
64
8
25
19
93
19
34
9
14
19
63
19
94
9
14
9
64
9
99
1
59
9
57
19
94
9
99
9
34
9
64
9
44
9
44
9
74
19
94
9
44
9
14
9
94
9
99
9
44
9
14
9
74
9
99
3
79
19
64
9
94
9
14
9
64
9
44
9
34
19
64
9
14
9
99
9
44
19
64
9
94
19
34
19
34
19
64
9
68
19
64
9
34
19
34
9
14
9
94
9
94
19
64
9
94
1
79
19
94
9
14
9
94
9
34
0
50
9
74
9
34
9
44
19
94
9
74
19
64
9
94
9
14
19
94
19
94
9
14
9
34
9
34
9
64
9
64
3
10
9
99
9
34
9
99
9
94
19
64
9
64
19
94
9
94
19
94
9
74
9
34
9
94
9
34
19
34
19
34
9
74
9
44
9
34
9
74
9
44
9
74
9
44
0
70
19
94
9
14
19
93
9
14
9
47
9
74
9
64
9
94
9
34
9
34
19
94
19
34
9
44
9
74
9
14
19
94
9
74
9
44
9
44
9
14
19
94
9
99
9
64
9
74
9
94
3
19
1
9
9
34
19
34
9
14
9
94
9
94
9
44
19
94
1
79
9
89
9
34
19
34
19
34
9
64
9
74
9
3
9
34
9
94
9
34
9
64
9
44
9
14
3
49
19
64
9
14
19
94
9
64
9
94
9
34
9
34
9
44
9
99
9
14
9
44
9
74
9
14
9
34
9
44
19
34
19
64
9
14
9
44
0
30
9
99
9
14
9
99
8
65
19
34
19
64
19
64
9
44
9
34
19
34
9
44
19
64
9
44
9
44
9
44
9
34
9
94
9
14
9
44
0
70
19
34
9
34
9
34
19
64
9
74
9
74
0
80
9
64
19
34
9
44
9
44
9
94
9
99
9
99
19
94
19
64
9
64
9
64
9
34
9
99
19
34
19
33
19
34
19
64
9
14
9
34
9
44
9
94
9
14
9
14
9
74
19
64
19
94
9
74
9
44
9
64
9
34
19
94
19
94
9
14
9
74
9
64
19
64
9
14
9
74
9
34
19
34
9
44
19
64
9
64
9
94
9
74
9
64
19
64
9
44
9
44
0
40
9
14
0
89
9
74
9
74
1
49
19
94
0
40
19
64
9
44
9
34
19
34
9
94
9
34
19
34
19
34
19
64
9
14
19
34
19
94
9
94
9
34
9
84
9
94
9
64
9
64
4
9
19
94
0
90
19
34
9
34
0
20
19
64
9
99
9
66
9
14
2
49
19
94
19
34
9
14
9
44
1
69
9
94
9
64
9
74
9
94
19
94
9
74
9
44
9
34
9
99
9
74
9
34
1
29
1
59
19
94
9
99
9
94
9
74
19
34
9
99
19
94
9
34
19
93
9
34
9
64
9
34
9
34
9
74
9
64
19
94
9
14
19
34
9
99
9
34
0
10
19
34
9
34
9
44
19
64
9
14
19
94
9
34
9
34
19
34
1
79
9
74
9
14
9
34
19
94
9
44
9
34
9
34
9
44
19
21
9
74
3
89
19
64
9
94
9
74
9
6
9
44
9
94
9
34
19
94
9
74
19
34
9
34
19
64
9
47
19
94
2
69
9
99
9
14
9
64
9
94
9
94
9
74
9
64
9
99
9
94
9
99
9
44
19
64
1
49
9
34
9
99
19
94
