9
32
9
99
9
40
9
91
9
10
8
8
9
61
9
71
0
60
8
90
9
99
8
99
9
71
9
99
9
70
10
52
8
90
9
31
9
11
9
63
9
32
9
43
9
61
9
33
9
21
9
71
9
70
0
90
9
61
9
41
9
78
9
92
9
92
8
9
10
22
9
8
9
10
9
44
9
99
9
31
9
11
8
30
9
79
8
60
8
50
9
13
9
8
8
45
9
63
9
50
9
89
9
79
9
39
9
49
8
88
9
88
9
68
8
20
9
70
8
60
9
63
11
23
9
40
9
61
8
48
9
98
8
60
8
80
9
81
9
12
9
78
11
53
9
42
9
91
9
91
9
71
9
63
9
34
9
30
9
92
9
58
9
79
9
51
10
82
8
20
8
50
9
21
8
50
11
23
9
39
8
50
8
20
11
53
9
99
10
52
9
50
9
62
9
60
9
51
8
30
8
40
9
41
9
44
10
52
10
22
9
79
9
40
9
42
9
12
8
20
9
81
9
20
9
99
8
30
10
82
8
60
12
84
9
71
9
99
9
73
8
99
9
28
9
62
9
33
9
13
11
83
8
50
9
19
9
72
9
44
9
99
10
22
9
99
9
71
9
40
9
91
10
22
9
79
8
38
8
50
0
50
8
18
9
64
9
72
9
92
9
91
9
88
9
79
9
42
10
82
9
89
8
40
9
62
9
99
8
30
9
51
9
11
10
52
11
51
8
60
9
19
9
79
8
60
8
80
9
31
8
10
9
49
8
9
11
53
9
11
9
51
9
41
9
88
9
14
8
10
9
32
8
70
9
18
9
12
8
99
9
44
9
12
8
90
8
58
9
88
10
22
9
31
9
47
9
71
9
30
9
93
8
28
8
89
8
50
9
71
9
70
8
11
9
73
9
98
9
99
11
53
9
99
0
20
9
38
9
51
11
83
9
94
9
9
8
90
8
10
8
70
9
42
9
38
9
60
9
99
9
61
9
8
9
71
9
99
8
60
8
50
9
68
0
60
12
84
9
63
9
99
10
52
8
50
0
80
8
99
8
10
8
66
8
10
9
72
9
41
9
72
9
72
8
18
8
20
9
98
9
81
8
10
9
72
9
21
12
24
9
33
8
40
9
72
9
79
11
83
9
11
9
89
8
18
10
22
9
89
8
90
8
49
8
59
9
31
8
9
8
99
9
99
9
61
9
79
9
90
9
9
9
42
9
99
9
21
0
0
9
29
9
11
9
11
8
40
9
49
9
81
9
71
9
61
9
11
9
79
9
50
9
21
9
71
9
49
8
10
9
78
8
70
9
44
8
79
9
99
9
59
9
99
9
69
8
60
9
58
9
63
9
71
9
31
9
99
9
92
9
62
9
92
8
70
9
99
9
8
9
32
9
62
9
91
9
51
9
50
8
60
12
24
9
99
8
60
9
91
8
85
11
23
9
91
8
30
8
50
9
98
9
41
10
82
11
53
8
50
9
48
8
20
9
9
9
13
9
21
8
80
9
92
11
53
8
38
8
60
8
90
4
9
9
9
11
23
9
98
10
82
9
51
9
51
9
99
8
98
12
84
9
99
9
9
8
10
11
53
9
38
0
71
9
93
9
50
9
80
11
83
9
70
9
19
12
24
9
58
9
99
9
99
8
99
9
32
9
11
9
70
9
71
8
20
8
80
9
99
9
33
9
97
9
99
9
20
9
73
9
70
9
99
9
99
9
62
9
8
11
53
8
60
9
41
9
71
2
59
9
81
9
99
8
30
9
12
9
99
12
24
9
44
9
9
9
40
9
72
9
99
8
99
9
59
9
88
8
10
9
58
9
9
9
10
9
71
8
10
8
45
9
43
9
10
9
99
9
81
9
99
9
81
8
70
9
43
10
22
9
71
9
69
9
99
9
61
9
50
8
80
3
19
10
82
9
89
10
52
9
74
12
54
9
33
9
51
9
41
9
71
9
39
9
96
9
21
9
64
8
59
9
92
9
21
9
92
10
22
9
71
9
99
9
40
9
20
10
82
9
38
9
42
9
99
10
52
9
81
2
69
8
70
8
10
9
71
9
19
9
69
9
91
9
94
9
33
9
88
0
97
9
99
11
23
9
93
9
51
9
10
9
13
9
68
9
21
8
50
9
70
9
44
9
59
9
99
9
50
9
48
9
89
8
10
8
30
0
50
9
41
9
12
9
92
9
51
8
88
9
40
9
62
9
72
9
32
9
31
9
69
8
10
9
44
8
30
9
72
0
0
11
53
9
99
9
11
9
62
0
50
10
82
8
80
9
41
9
41
9
91
8
28
9
11
11
53
9
31
9
31
9
81
9
74
9
81
9
81
8
40
10
82
9
19
9
99
8
89
9
81
9
9
8
44
9
13
9
12
8
50
9
78
9
99
9
9
9
92
9
33
9
21
9
41
9
31
8
60
8
38
8
99
8
90
8
90
9
72
9
73
10
82
11
53
9
50
12
84
9
99
9
20
9
14
0
51
10
22
9
99
9
30
9
70
9
99
9
44
2
98
9
91
9
68
9
19
11
53
9
29
9
31
9
8
9
99
9
43
9
61
9
81
9
42
9
81
9
61
9
30
3
28
11
83
11
83
9
89
9
42
3
54
8
10
8
50
9
51
8
60
8
70
9
91
9
41
9
72
9
58
9
1
8
70
8
60
9
40
10
52
9
72
8
56
8
10
8
97
9
71
9
21
8
50
8
60
10
52
11
83
9
40
9
60
11
83
11
83
3
39
9
39
9
91
9
99
8
80
9
31
9
31
8
50
9
92
12
84
9
32
0
80
11
23
9
43
9
78
9
62
3
99
9
11
11
53
9
70
9
99
9
68
9
10
8
10
9
99
9
29
9
91
9
44
9
21
8
18
9
33
9
60
4
59
9
80
8
8
8
70
9
71
9
73
9
93
9
99
9
89
9
99
8
55
9
60
8
10
9
13
8
40
9
41
9
73
2
29
11
83
10
52
9
62
8
99
9
99
1
69
9
81
9
41
9
12
8
10
9
18
9
81
9
62
9
68
9
39
9
70
10
82
8
40
9
69
9
21
8
18
8
8
9
88
9
13
8
10
9
98
10
52
10
52
9
31
9
32
9
43
9
42
9
91
9
22
0
40
9
71
9
99
9
91
9
44
3
69
12
51
9
48
9
90
9
81
9
13
9
21
11
83
10
82
9
31
9
74
9
51
8
90
8
70
9
13
11
83
9
32
8
20
9
73
9
19
8
60
9
88
10
52
9
33
8
68
10
52
9
41
9
50
11
83
9
71
9
99
8
30
9
99
9
13
9
91
9
31
9
32
9
92
10
82
9
12
9
93
8
30
9
68
8
10
9
30
9
42
10
22
9
12
9
40
9
92
0
80
9
41
9
20
12
24
9
28
9
33
8
99
8
30
9
58
8
70
9
44
8
18
8
10
8
40
2
79
9
99
9
11
10
22
9
69
9
10
9
31
9
64
9
53
8
99
9
99
9
92
9
74
8
20
9
74
9
58
9
11
9
20
9
13
8
49
1
59
9
60
9
34
9
68
11
83
1
99
9
11
10
52
9
31
9
44
9
90
9
39
10
82
9
43
9
12
4
49
9
99
9
71
8
10
11
23
9
64
11
53
9
9
8
88
8
20
8
30
8
70
2
79
2
29
9
44
8
20
9
81
9
58
9
44
8
99
8
19
9
92
9
99
8
99
8
70
8
20
8
20
9
11
9
68
9
93
9
8
8
90
9
48
8
40
9
31
9
71
8
80
8
60
8
10
9
99
9
71
9
40
9
70
9
10
9
62
9
58
9
9
9
99
8
38
9
31
9
99
9
72
9
99
9
99
9
90
9
62
9
41
9
12
9
39
9
34
9
31
2
99
8
60
9
96
11
23
9
72
9
62
8
30
9
34
0
86
9
81
9
11
9
99
9
19
0
30
9
40
9
71
12
24
8
81
9
99
9
99
8
70
9
92
3
9
9
72
10
52
9
92
10
52
9
80
8
10
9
8
9
91
12
24
0
60
9
13
9
94
8
90
9
92
8
60
9
31
8
28
9
48
9
8
9
74
9
31
8
45
11
53
9
20
8
70
9
11
9
12
9
62
9
34
9
43
9
32
9
32
10
22
9
30
9
91
9
99
9
31
9
92
9
49
9
43
9
28
8
99
9
40
9
14
8
40
8
50
8
80
9
61
9
31
8
40
8
35
8
80
8
58
9
30
9
12
9
11
8
30
9
99
9
98
11
83
9
99
9
50
8
90
9
12
9
91
11
23
0
20
1
19
9
11
9
33
9
64
9
44
10
52
9
31
9
91
10
82
9
69
9
20
9
63
9
1
8
90
11
23
9
30
9
99
8
10
9
98
8
83
9
62
9
12
9
61
9
99
8
79
9
94
0
30
9
61
8
99
8
90
8
10
8
40
9
29
9
62
9
94
9
12
8
20
9
29
8
59
9
91
9
41
9
71
11
53
9
99
9
32
8
60
10
82
9
60
9
33
9
62
9
74
9
74
9
21
9
99
4
59
9
58
