8
28
5
99
8
36
6
87
7
6
4
4
5
58
5
69
0
60
4
89
7
99
4
98
5
69
8
99
5
66
6
49
4
87
6
27
5
9
7
59
6
29
8
39
5
59
7
29
5
19
5
69
5
66
0
90
5
59
5
39
6
74
6
89
6
89
4
5
6
18
5
4
6
6
8
40
5
99
5
29
6
7
4
29
6
75
4
56
4
49
7
9
6
4
4
45
7
59
6
46
8
85
8
75
7
35
6
45
4
84
6
84
7
64
4
19
6
66
4
57
7
59
8
19
5
36
5
58
4
44
5
94
4
57
4
79
5
79
8
8
7
74
7
49
6
38
5
89
5
89
5
68
8
59
8
30
5
26
6
89
5
54
8
75
5
47
7
78
4
19
4
49
5
19
4
49
7
19
7
35
4
49
4
19
7
49
8
99
6
49
5
46
6
59
6
56
7
47
4
29
4
36
5
39
8
40
6
49
7
18
8
75
6
36
7
38
6
9
4
19
8
77
6
16
6
96
4
29
6
79
4
57
8
80
5
69
5
99
7
69
4
95
6
24
6
59
7
29
7
9
7
79
4
47
6
15
6
69
8
40
7
98
6
19
6
99
8
67
7
36
5
87
6
19
7
75
4
34
4
49
0
50
4
14
8
60
8
68
6
88
5
89
7
84
7
75
6
38
6
79
8
85
4
38
7
58
5
95
4
26
5
49
5
9
6
49
7
51
4
58
6
15
5
75
4
59
4
79
5
29
4
8
5
45
4
5
7
49
7
7
7
47
5
39
6
84
8
10
4
9
6
29
4
69
5
14
6
9
4
99
8
40
6
9
4
88
4
54
7
84
7
18
5
29
6
47
6
67
8
26
7
89
4
24
4
85
4
49
8
67
6
66
4
11
8
69
7
94
6
99
7
49
7
95
0
20
6
34
5
47
7
79
8
90
8
5
4
89
4
9
4
68
8
38
7
34
8
56
8
99
5
58
5
4
5
69
8
99
4
59
4
46
5
64
0
60
8
80
7
59
5
97
6
48
4
47
0
80
4
99
4
9
4
66
4
9
6
69
5
38
6
69
6
69
4
14
4
17
7
94
5
77
4
9
6
69
5
18
8
20
7
29
4
39
6
69
5
75
7
79
7
7
6
85
4
14
6
19
5
85
4
89
4
45
4
55
5
29
4
5
4
99
7
99
7
57
7
75
8
86
8
5
6
38
6
96
5
19
0
0
6
25
6
7
5
9
4
39
7
45
5
77
8
67
5
58
5
9
8
75
8
46
5
17
5
69
6
45
4
8
6
74
4
69
8
40
4
75
8
99
6
55
8
99
7
65
4
59
6
54
7
59
5
67
5
29
5
99
7
88
6
59
6
89
4
66
6
95
5
4
6
29
6
59
6
87
8
47
5
46
4
58
8
20
6
99
4
59
5
89
5
85
7
19
5
89
4
27
4
49
6
94
5
37
6
79
8
49
4
48
5
44
4
18
6
5
7
9
5
19
4
77
6
89
7
49
4
34
4
59
4
88
4
9
7
5
7
19
6
94
6
79
8
47
6
47
8
99
4
94
8
80
5
99
5
5
4
7
8
49
6
34
0
71
7
89
7
46
6
76
7
79
7
66
6
15
8
20
5
54
8
95
7
99
4
98
6
29
7
11
5
66
5
69
4
19
4
79
7
98
7
29
6
97
7
96
8
16
7
69
8
66
7
99
8
99
6
59
6
4
7
49
4
59
5
39
6
67
2
59
5
77
6
98
4
29
6
9
5
99
8
20
8
40
7
5
8
36
6
68
5
99
4
99
7
55
5
84
4
7
7
58
5
5
8
6
5
69
4
9
7
45
7
39
6
6
6
98
5
79
8
99
5
79
4
69
7
39
7
18
5
69
5
65
7
99
5
59
8
46
4
79
3
19
6
79
6
85
7
48
8
70
8
50
7
29
5
47
6
37
5
69
8
35
8
96
5
19
8
60
4
55
6
88
5
19
6
88
8
18
5
69
6
96
8
36
6
16
6
78
5
34
5
42
7
95
6
48
5
79
2
69
4
66
4
6
7
67
7
15
6
65
6
87
8
90
7
29
6
84
0
97
6
99
7
19
7
89
5
49
5
6
7
9
5
64
5
19
4
46
7
66
8
40
8
55
5
99
7
46
6
44
7
85
4
9
4
29
0
50
8
37
6
8
6
89
8
47
4
84
5
36
8
58
6
69
8
28
5
28
8
65
4
9
8
40
4
29
8
68
0
0
8
49
6
99
5
9
8
58
0
50
7
78
4
76
7
37
7
37
6
91
4
24
5
7
7
49
8
27
6
27
7
77
8
70
8
77
7
77
4
37
6
79
7
15
8
98
4
85
5
79
7
5
4
44
7
9
8
8
4
47
6
74
6
99
5
5
6
89
7
29
7
17
6
41
5
29
4
59
4
34
4
97
4
87
4
89
6
69
7
69
6
79
7
49
6
46
8
80
5
99
6
16
8
10
0
51
6
18
6
95
6
26
8
66
5
95
8
40
2
94
7
87
5
64
7
15
7
49
7
25
8
27
5
4
5
95
7
39
6
57
5
79
8
38
5
77
6
57
7
26
3
24
7
79
7
79
6
85
6
39
3
54
4
9
4
46
5
49
4
59
4
69
7
87
8
37
7
68
5
54
6
1
4
69
4
59
8
36
6
49
6
69
4
56
4
6
4
97
5
69
5
17
4
49
4
56
6
48
7
79
7
36
5
56
7
79
7
79
3
37
5
35
5
89
8
95
4
79
5
29
5
29
4
48
8
88
8
80
6
29
0
80
7
19
7
39
6
74
6
59
3
99
5
9
7
49
8
66
8
99
6
64
5
6
4
9
6
99
5
25
5
89
8
40
5
19
4
14
7
29
8
56
4
59
5
76
4
4
4
69
8
67
7
74
7
89
6
99
8
85
8
99
4
55
8
56
4
9
7
9
4
39
5
38
8
69
2
29
7
79
6
49
6
58
4
99
7
99
1
67
5
79
5
39
6
9
4
9
7
14
5
79
8
58
7
64
8
35
8
66
6
78
4
39
6
65
5
19
4
14
4
4
7
84
7
9
4
6
6
94
7
48
6
49
5
29
6
29
8
39
6
39
5
89
5
22
0
40
5
69
8
96
5
89
8
40
3
69
8
51
7
44
5
86
5
79
7
9
8
17
7
79
8
78
5
29
8
70
5
49
4
88
4
66
7
9
7
79
6
28
4
16
7
69
8
15
4
59
7
84
6
49
7
29
4
64
6
48
6
37
8
46
7
79
5
68
5
99
4
28
6
99
7
9
5
89
6
27
7
28
8
88
6
79
6
9
7
89
4
29
7
64
4
9
5
26
6
39
8
18
7
8
5
36
6
88
0
80
5
39
8
16
8
20
7
24
7
33
4
96
4
29
5
54
4
69
8
40
4
14
4
7
4
36
2
79
6
98
5
9
6
19
5
65
8
6
6
27
8
60
5
54
4
99
8
99
7
92
8
70
4
18
8
70
7
54
5
9
5
16
6
14
4
45
1
58
8
56
8
30
7
64
7
79
1
98
5
9
8
48
5
28
8
40
5
86
8
35
6
78
7
39
6
8
4
49
6
96
6
67
4
6
7
19
8
60
7
49
6
5
4
84
4
17
4
28
4
69
2
79
2
29
8
40
4
19
5
77
6
54
8
40
4
99
4
15
6
89
5
99
4
99
4
67
4
19
4
19
6
7
5
64
7
89
5
4
4
88
6
44
4
39
5
29
5
69
4
77
4
59
4
9
5
96
7
67
5
36
7
66
6
6
8
58
7
54
5
5
5
96
4
34
5
29
8
99
6
69
8
97
6
96
6
86
6
62
5
39
6
9
8
35
8
30
5
29
2
99
4
57
5
96
7
19
6
68
6
59
4
28
8
30
0
86
7
77
5
8
7
99
6
15
0
30
7
36
5
69
8
20
4
81
6
99
8
97
4
69
6
89
3
5
6
68
6
49
6
89
6
49
8
76
4
6
7
4
5
87
8
20
0
60
7
9
8
90
4
88
6
89
4
56
7
27
4
24
6
44
5
4
8
70
5
29
7
45
8
49
7
16
4
69
5
9
6
9
8
58
8
30
7
39
6
29
6
29
6
19
8
26
5
89
8
96
7
27
6
89
5
45
7
39
6
24
4
99
6
36
8
10
4
37
4
49
4
76
8
57
8
27
4
36
7
35
4
77
4
54
6
26
6
9
5
8
4
29
8
96
5
94
7
79
8
99
7
46
4
89
6
9
8
87
7
19
0
20
1
18
5
9
7
29
8
60
8
40
6
49
5
29
5
89
8
78
7
65
5
16
8
59
6
1
4
89
7
19
8
26
8
99
4
9
6
94
4
83
8
58
6
9
5
59
7
97
4
75
8
90
0
30
7
57
4
99
4
88
4
6
4
39
8
25
6
59
8
90
6
9
4
19
6
25
4
55
6
87
5
39
5
69
7
49
8
99
6
28
4
56
6
79
6
56
7
29
6
59
8
70
8
70
6
17
6
99
4
59
5
54
