4
24
1
97
4
32
2
83
3
2
1
0
1
54
1
65
0
60
0
88
3
99
0
94
1
67
4
95
1
62
2
47
0
83
2
23
1
9
3
55
2
26
4
35
1
57
3
28
1
19
1
66
1
62
0
90
1
56
1
36
3
70
2
87
2
87
0
1
2
14
2
0
2
2
4
39
1
95
1
26
2
3
0
27
2
71
0
52
0
47
3
9
3
0
0
45
3
56
2
42
4
81
4
71
3
31
2
41
1
80
3
80
4
60
0
15
2
62
0
53
3
58
4
15
1
32
1
54
1
40
2
90
0
53
0
79
1
76
4
4
4
70
3
48
2
34
1
88
1
88
1
64
4
55
4
29
1
22
2
86
2
50
4
71
1
43
3
74
0
15
0
47
1
17
0
48
3
16
3
31
0
49
0
16
3
45
4
97
2
45
1
42
2
56
2
52
3
43
0
28
0
32
1
38
4
37
2
46
3
14
4
71
2
32
3
34
2
9
0
18
4
73
2
12
2
92
0
29
2
75
0
53
4
77
1
68
1
95
3
68
0
91
3
20
2
59
3
25
3
7
3
77
0
43
2
11
2
66
4
36
3
94
2
15
2
96
4
63
3
32
1
83
2
15
3
71
1
30
0
49
0
50
1
10
4
56
4
64
2
84
1
89
4
80
3
71
2
34
2
76
4
81
0
34
3
54
1
91
0
22
1
48
1
5
2
46
4
50
0
54
2
11
1
71
0
55
0
75
1
29
0
4
1
41
0
1
3
46
3
3
3
43
1
38
3
80
4
7
0
9
2
28
0
68
2
10
2
5
0
99
4
37
2
5
0
84
1
50
4
80
3
14
1
27
2
47
2
63
4
22
3
88
1
20
0
81
0
47
4
63
2
62
1
10
4
65
4
90
2
97
3
46
3
91
0
20
3
30
1
43
3
76
4
87
4
1
0
88
0
8
0
64
4
34
4
30
4
52
4
97
1
54
2
0
1
67
4
98
0
58
0
42
2
60
0
60
4
77
3
57
1
93
2
44
0
43
0
80
0
96
0
9
0
66
0
5
2
65
1
34
2
67
2
65
1
10
0
13
4
90
1
73
0
8
2
66
1
14
4
18
3
25
0
37
2
66
1
71
3
77
3
3
2
81
1
10
2
19
1
81
0
86
0
41
0
51
1
25
0
1
0
97
3
99
3
53
3
71
4
82
4
1
2
34
2
92
1
19
0
0
2
21
2
3
1
6
0
39
3
41
1
73
4
63
1
54
1
6
4
71
4
42
1
13
1
68
2
41
0
4
3
70
0
66
4
37
0
71
4
97
2
51
4
95
3
61
0
55
3
50
3
56
1
63
1
29
1
99
3
84
2
57
2
89
0
62
2
91
2
0
2
29
2
56
2
83
4
43
1
42
0
54
4
18
2
96
0
55
1
87
1
85
3
16
1
87
0
23
0
45
3
90
1
33
2
79
4
45
0
44
2
40
0
14
2
1
3
7
1
18
0
73
2
87
3
48
1
30
0
57
0
84
4
8
3
1
3
18
3
90
2
75
4
43
2
43
4
98
1
90
4
76
1
96
1
1
0
3
4
45
3
30
0
71
3
85
3
42
2
72
3
79
3
62
2
11
4
17
2
50
4
91
3
96
0
94
2
26
4
10
1
62
1
67
0
18
0
79
3
94
3
27
2
97
3
92
4
12
3
66
4
62
3
99
4
96
2
56
3
0
3
48
0
59
1
38
2
63
2
56
1
73
2
94
0
28
2
8
1
97
4
18
4
37
3
1
4
32
2
64
1
98
0
95
3
51
2
80
0
3
3
58
1
1
4
2
1
67
0
6
3
45
3
39
2
2
2
94
1
76
4
96
1
76
0
66
3
35
3
14
1
68
1
61
3
99
1
59
4
42
0
78
3
18
2
76
2
81
3
44
4
69
4
47
3
29
1
43
2
33
1
65
4
31
4
96
1
16
4
56
0
51
2
84
1
16
2
84
4
14
1
67
2
92
4
32
2
12
2
74
2
30
1
42
3
91
2
44
1
76
2
68
0
62
0
2
3
63
3
11
2
61
2
83
4
89
3
25
3
80
0
97
2
98
3
19
3
85
1
46
1
2
3
7
2
60
1
16
0
42
3
62
4
37
4
51
1
97
3
42
3
40
3
81
0
5
0
26
0
50
4
33
2
4
2
87
4
43
1
80
1
32
4
54
2
67
4
24
1
24
4
61
0
6
4
39
0
27
4
64
0
0
4
45
2
98
1
8
4
54
0
50
3
74
0
72
3
33
3
33
2
91
1
20
1
3
3
48
4
23
2
23
3
73
4
67
4
73
3
73
0
33
2
75
3
11
4
94
0
81
1
78
3
1
0
44
3
8
4
4
0
43
3
70
2
97
1
1
2
88
3
27
3
13
3
40
1
28
0
59
1
30
0
93
0
83
0
85
2
66
3
66
2
75
3
45
2
42
4
78
1
97
2
12
4
8
0
51
2
14
2
91
2
22
4
62
1
91
4
37
2
90
3
83
2
60
3
11
3
46
3
21
4
23
2
0
1
91
3
37
2
53
1
77
4
34
1
73
2
53
3
22
3
20
3
77
3
76
2
81
2
39
3
54
0
7
0
42
1
48
0
59
0
69
3
83
4
33
3
64
2
50
3
0
0
69
0
56
4
32
2
47
2
65
0
56
0
2
0
97
1
66
1
13
0
46
0
52
2
44
3
79
3
32
1
52
3
78
3
77
3
33
1
31
1
88
4
91
0
76
1
27
1
26
0
44
4
84
4
76
2
26
0
80
3
19
3
36
3
70
2
58
3
98
1
8
3
47
4
62
4
98
3
60
1
2
0
7
2
98
1
21
1
87
4
36
1
18
1
10
3
25
4
52
4
59
1
72
1
0
0
65
4
63
3
74
3
86
2
95
4
81
4
97
0
55
4
52
0
7
3
7
0
35
1
34
4
65
2
28
3
78
2
47
2
54
0
97
3
98
1
63
1
78
1
37
2
9
0
7
4
10
1
79
4
54
4
60
4
31
4
62
2
74
0
37
2
61
1
17
1
10
1
0
4
80
3
7
0
2
3
90
3
44
2
48
1
29
2
25
4
35
2
37
1
88
1
22
0
40
1
68
4
92
1
87
4
37
3
66
4
51
4
40
1
82
1
77
3
6
4
13
3
76
4
74
1
29
4
66
1
48
0
84
0
62
3
5
3
78
2
24
0
12
3
68
4
11
0
56
4
80
2
45
3
28
1
60
2
44
2
33
4
42
3
79
1
64
1
97
0
24
2
96
3
7
1
86
2
23
3
24
4
84
2
79
2
5
3
86
0
29
4
60
0
6
1
22
2
36
4
14
3
4
1
32
2
84
0
80
1
36
4
12
4
17
4
20
3
33
0
92
0
28
2
50
0
66
4
36
1
10
0
3
0
32
2
78
2
94
1
6
2
16
1
61
4
2
2
23
4
57
1
54
0
98
4
97
3
92
4
66
0
14
4
68
4
50
1
6
1
12
2
14
0
41
1
54
4
52
4
28
4
60
3
76
0
94
1
9
4
44
1
24
4
37
1
82
4
31
2
74
3
39
2
4
4
45
2
92
2
63
0
2
3
17
4
56
3
47
2
1
1
80
0
13
0
24
0
67
2
77
2
25
4
36
0
19
1
73
3
50
4
39
0
99
0
11
2
86
1
95
0
98
0
63
0
19
0
16
2
3
2
60
3
85
2
0
0
84
3
40
0
35
1
27
1
66
0
73
0
57
0
5
1
92
3
63
1
32
3
62
2
2
4
54
4
50
1
1
1
92
1
30
1
26
4
96
2
65
4
93
2
92
2
82
2
62
1
35
2
6
4
31
4
26
1
29
2
99
0
53
1
96
3
18
2
64
2
58
0
24
4
26
0
86
3
73
1
4
3
98
2
11
0
30
3
32
1
65
4
19
1
80
2
99
4
93
0
66
2
88
3
1
2
64
2
48
2
89
2
45
4
72
0
2
4
0
1
83
4
17
0
60
3
8
4
87
0
84
2
86
0
52
3
23
1
20
3
40
2
0
4
69
1
25
3
45
4
45
3
12
0
68
1
5
2
7
4
54
4
29
3
36
2
27
2
26
2
17
4
22
1
85
4
92
3
23
2
88
1
41
3
36
3
20
0
95
2
32
4
9
0
33
0
48
0
72
4
53
4
23
0
32
3
35
0
73
1
50
2
22
2
6
1
4
0
25
4
92
2
90
3
76
4
96
3
42
0
85
2
8
4
83
3
19
0
20
1
14
1
7
3
26
4
56
4
37
2
48
1
25
1
85
4
74
3
61
1
12
4
55
3
0
0
89
3
18
4
22
4
99
0
5
3
90
0
83
4
54
2
7
1
57
3
93
0
71
4
88
0
30
3
53
0
98
0
84
0
2
0
37
4
21
2
58
4
88
2
9
0
16
2
21
0
51
2
83
1
39
1
66
3
48
4
98
2
24
0
52
2
79
2
52
3
27
2
56
4
68
4
69
2
13
2
96
4
55
2
50
