9
34
9
99
9
43
9
94
9
13
9
11
9
64
9
74
0
60
9
93
9
99
9
99
9
74
9
99
9
73
13
55
9
93
9
34
9
14
9
64
9
34
9
44
9
64
9
34
12
24
9
74
9
73
0
90
9
64
9
44
9
81
9
94
9
94
9
12
13
25
9
11
9
13
9
44
9
99
9
34
9
14
9
33
10
82
9
63
11
53
9
14
9
11
8
45
9
64
11
53
9
92
10
82
9
42
10
52
9
91
9
91
9
71
11
23
9
73
9
63
9
64
14
26
9
43
9
64
9
51
9
99
9
63
11
83
12
84
9
14
9
81
14
56
9
44
9
94
9
94
9
74
9
64
9
34
9
33
9
94
9
61
10
82
12
54
13
85
11
23
11
53
12
24
11
53
14
26
9
42
11
53
11
23
14
56
9
99
13
55
11
53
9
64
9
63
12
54
9
33
9
43
9
44
9
44
13
55
13
25
10
82
9
43
9
44
9
14
11
23
12
84
11
23
9
99
9
33
13
85
9
63
15
87
9
74
9
99
9
74
9
99
9
31
9
64
9
34
9
14
14
86
11
53
10
22
9
74
9
44
9
99
13
25
9
99
9
74
9
43
9
94
13
25
10
82
9
41
11
53
0
50
9
21
9
64
9
74
9
94
9
94
9
91
10
82
9
44
13
85
9
92
9
43
9
64
9
99
9
33
12
54
9
14
13
55
14
51
9
63
10
22
10
82
9
63
11
83
9
34
9
13
10
52
9
12
14
56
9
14
12
54
9
44
9
91
9
14
9
13
9
34
9
73
9
21
9
14
9
99
9
44
9
14
9
93
9
61
9
91
13
25
9
34
9
47
9
74
9
33
9
94
9
31
9
92
11
53
9
74
9
73
9
11
9
74
9
99
9
99
14
56
9
99
0
20
9
41
12
54
14
86
9
94
9
12
9
93
9
13
9
73
9
44
9
41
9
63
9
99
9
64
9
11
9
74
9
99
9
63
11
53
9
71
0
60
15
87
9
64
9
99
13
55
11
53
0
80
9
99
9
13
9
66
9
13
9
74
9
44
9
74
9
74
9
21
11
23
9
99
12
84
9
13
9
74
12
24
15
27
9
34
9
43
9
74
10
82
14
86
9
14
9
92
9
21
13
25
9
92
9
93
10
52
9
62
9
34
9
12
9
99
9
99
9
64
10
82
9
93
9
12
9
44
9
99
12
24
0
0
9
32
9
14
9
14
9
43
10
52
12
84
9
74
9
64
9
14
10
82
11
53
12
24
9
74
10
52
9
13
9
81
9
73
9
44
10
82
9
99
9
62
9
99
9
72
9
63
9
61
9
64
9
74
9
34
9
99
9
94
9
64
9
94
9
73
9
99
9
11
9
34
9
64
9
94
12
54
11
53
9
63
15
27
9
99
9
63
9
94
8
85
14
26
9
94
9
33
11
53
9
99
9
44
13
85
14
56
11
53
9
51
11
23
9
12
9
14
12
24
11
83
9
94
14
56
9
41
9
63
9
93
4
9
9
12
14
26
9
99
13
85
12
54
12
54
9
99
9
99
15
87
9
99
9
12
9
13
14
56
9
41
0
71
9
94
11
53
11
83
14
86
9
73
10
22
15
27
9
61
9
99
9
99
9
99
9
34
9
11
9
73
9
74
11
23
11
83
9
99
9
34
9
97
9
99
11
23
9
74
9
73
9
99
9
99
9
64
9
11
14
56
9
63
9
44
9
74
2
59
12
84
9
99
9
33
9
14
9
99
15
27
9
44
9
12
9
43
9
74
9
99
9
99
9
62
9
91
9
13
9
58
9
12
9
13
9
74
9
13
8
45
9
44
9
13
9
99
12
84
9
99
12
84
9
73
9
44
13
25
9
74
9
72
9
99
9
64
11
53
11
83
3
19
13
85
9
92
13
55
9
74
15
57
9
34
12
54
9
44
9
74
9
42
9
96
12
24
9
64
9
62
9
94
12
24
9
94
13
25
9
74
9
99
9
43
11
23
13
85
9
41
9
42
9
99
13
55
12
84
2
69
9
73
9
13
9
74
10
22
9
72
9
94
9
94
9
34
9
91
0
97
9
99
14
26
9
94
12
54
9
13
9
14
9
71
12
24
11
53
9
73
9
44
9
62
9
99
11
53
9
51
9
92
9
13
9
33
0
50
9
44
9
14
9
94
12
54
9
91
9
43
9
64
9
74
9
34
9
34
9
72
9
13
9
44
9
33
9
74
0
0
14
56
9
99
9
14
9
64
0
50
13
85
11
83
9
44
9
44
9
91
9
31
9
14
14
56
9
34
9
34
12
84
9
74
12
84
12
84
9
43
13
85
10
22
9
99
9
92
12
84
9
12
9
43
9
14
9
14
11
53
9
81
9
99
9
12
9
94
9
34
12
24
9
41
9
34
9
63
9
41
9
99
9
93
9
93
9
74
9
74
13
85
14
56
11
53
15
87
9
99
11
23
9
14
0
51
13
25
9
99
9
33
9
73
9
99
9
44
2
99
9
94
9
71
10
22
14
56
9
32
9
34
9
11
9
99
9
44
9
64
12
84
9
44
12
84
9
64
9
33
3
29
14
86
14
86
9
92
9
44
3
54
9
13
11
53
12
54
9
63
9
73
9
94
9
44
9
74
9
61
9
1
9
73
9
63
9
43
13
55
9
74
9
56
9
13
9
97
9
74
12
24
11
53
9
63
13
55
14
86
9
43
9
63
14
86
14
86
3
39
9
42
9
94
9
99
11
83
9
34
9
34
11
53
9
94
15
87
9
34
0
80
14
26
9
44
9
81
9
64
3
99
9
14
14
56
9
73
9
99
9
71
9
13
9
13
9
99
9
32
9
94
9
44
12
24
9
21
9
34
9
63
4
59
11
83
9
11
9
73
9
74
9
73
9
94
9
99
9
92
9
99
8
55
9
63
9
13
9
14
9
43
9
44
9
74
2
29
14
86
13
55
9
64
9
99
9
99
1
69
12
84
9
44
9
14
9
13
9
21
12
84
9
64
9
71
9
42
9
73
13
85
9
43
9
72
12
24
9
21
9
11
9
91
9
14
9
13
9
99
13
55
13
55
9
34
9
34
9
44
9
44
9
94
12
22
0
40
9
74
9
99
9
94
9
44
3
69
15
51
9
51
9
93
12
84
9
14
12
24
14
86
13
85
9
34
9
74
12
54
9
93
9
73
9
14
14
86
9
34
11
23
9
74
10
22
9
63
9
91
13
55
9
34
9
71
13
55
9
44
11
53
14
86
9
74
9
99
9
33
9
99
9
14
9
94
9
34
9
34
9
94
13
85
9
14
9
94
9
33
9
71
9
13
9
33
9
44
13
25
9
14
9
43
9
94
0
80
9
44
11
23
15
27
9
31
9
33
9
99
9
33
9
61
9
73
9
44
9
21
9
13
9
43
2
79
9
99
9
14
13
25
9
72
9
13
9
34
9
64
12
52
9
99
9
99
9
92
9
74
11
23
9
74
9
61
9
14
11
23
9
13
10
52
1
59
9
63
9
34
9
71
14
86
1
99
9
14
13
55
9
34
9
44
9
93
9
42
13
85
9
44
9
14
4
49
9
99
9
74
9
13
14
26
9
64
14
56
9
12
9
91
11
23
9
33
9
73
2
79
2
29
9
44
11
23
12
84
9
61
9
44
9
99
10
22
9
94
9
99
9
99
9
73
11
23
11
23
9
14
9
71
9
94
9
11
9
93
9
51
9
43
9
34
9
74
11
83
9
63
9
13
9
99
9
74
9
43
9
73
9
13
9
64
9
61
9
12
9
99
9
41
9
34
9
99
9
74
9
99
9
99
9
93
9
62
9
44
9
14
9
42
9
34
9
34
2
99
9
63
9
96
14
26
9
74
9
64
9
33
9
34
0
86
12
84
9
14
9
99
10
22
0
30
9
43
9
74
15
27
11
81
9
99
9
99
9
73
9
94
3
9
9
74
13
55
9
94
13
55
11
83
9
13
9
11
9
94
15
27
0
60
9
14
9
94
9
93
9
94
9
63
9
34
9
31
9
51
9
11
9
74
9
34
8
45
14
56
11
23
9
73
9
14
9
14
9
64
9
34
9
44
9
34
9
34
13
25
9
33
9
94
9
99
9
34
9
94
10
52
9
44
9
31
9
99
9
43
9
14
9
43
11
53
11
83
9
64
9
34
9
43
8
35
11
83
9
61
9
33
9
14
9
14
9
33
9
99
9
99
14
86
9
99
11
53
9
93
9
14
9
94
14
26
0
20
1
19
9
14
9
34
9
64
9
44
13
55
9
34
9
94
13
85
9
72
11
23
9
64
9
1
9
93
14
26
9
33
9
99
9
13
9
99
11
83
9
64
9
14
9
64
9
99
10
82
9
94
0
30
9
64
9
99
9
93
9
13
9
43
9
32
9
64
9
94
9
14
11
23
9
32
9
62
9
94
9
44
9
74
14
56
9
99
9
34
9
63
13
85
9
63
9
34
9
64
9
74
9
74
12
24
9
99
4
59
9
61
