9
34
9
99
9
44
9
94
9
14
9
14
9
64
9
74
0
60
9
94
9
99
9
99
9
74
9
99
9
74
19
63
9
94
9
34
9
14
9
64
9
34
9
44
9
64
9
34
19
32
9
74
9
74
0
90
9
64
9
44
17
89
9
94
9
94
9
14
19
33
9
14
9
14
9
44
9
99
9
34
9
14
9
34
18
90
9
64
19
61
9
14
9
14
8
45
9
64
19
61
9
94
18
90
9
44
18
60
9
94
9
94
9
74
19
31
9
74
9
64
9
64
19
34
9
44
9
64
17
59
9
99
9
64
19
91
19
92
9
14
17
89
19
64
9
44
9
94
9
94
9
74
9
64
9
34
9
34
9
94
9
64
18
90
19
62
19
93
19
31
19
61
19
32
19
61
19
34
9
44
19
61
19
31
19
64
9
99
19
63
19
61
9
64
9
64
19
62
9
34
9
44
9
44
9
44
19
63
19
33
18
90
9
44
9
44
9
14
19
31
19
92
19
31
9
99
9
34
19
93
9
64
19
94
9
74
9
99
9
74
9
99
9
34
9
64
9
34
9
14
19
94
19
61
18
30
9
74
9
44
9
99
19
33
9
99
9
74
9
44
9
94
19
33
18
90
9
44
19
61
0
50
17
29
9
64
9
74
9
94
9
94
9
94
18
90
9
44
19
93
9
94
9
44
9
64
9
99
9
34
19
62
9
14
19
63
19
51
9
64
18
30
18
90
9
64
19
91
9
34
9
14
18
60
9
14
19
64
9
14
19
62
9
44
9
94
9
14
9
14
9
34
9
74
17
29
9
14
9
99
9
44
9
14
9
94
9
64
9
94
19
33
9
34
9
47
9
74
9
34
9
94
9
34
9
94
19
61
9
74
9
74
9
11
9
74
9
99
9
99
19
64
9
99
0
20
9
44
19
62
19
94
9
94
9
14
9
94
9
14
9
74
9
44
9
44
9
64
9
99
9
64
9
14
9
74
9
99
9
64
19
61
9
74
0
60
19
94
9
64
9
99
19
63
19
61
0
80
9
99
9
14
9
66
9
14
9
74
9
44
9
74
9
74
17
29
19
31
9
99
19
92
9
14
9
74
19
32
19
34
9
34
9
44
9
74
18
90
19
94
9
14
9
94
17
29
19
33
9
94
9
94
18
60
9
64
9
34
9
14
9
99
9
99
9
64
18
90
9
94
9
14
9
44
9
99
19
32
0
0
9
34
9
14
9
14
9
44
18
60
19
92
9
74
9
64
9
14
18
90
19
61
19
32
9
74
18
60
9
14
17
89
9
74
9
44
18
90
9
99
9
64
9
99
9
74
9
64
9
64
9
64
9
74
9
34
9
99
9
94
9
64
9
94
9
74
9
99
9
14
9
34
9
64
9
94
19
62
19
61
9
64
19
34
9
99
9
64
9
94
8
85
19
34
9
94
9
34
19
61
9
99
9
44
19
93
19
64
19
61
17
59
19
31
9
14
9
14
19
32
19
91
9
94
19
64
9
44
9
64
9
94
4
9
9
14
19
34
9
99
19
93
19
62
19
62
9
99
9
99
19
94
9
99
9
14
9
14
19
64
9
44
0
71
9
94
19
61
19
91
19
94
9
74
18
30
19
34
9
64
9
99
9
99
9
99
9
34
9
11
9
74
9
74
19
31
19
91
9
99
9
34
9
97
9
99
19
31
9
74
9
74
9
99
9
99
9
64
9
14
19
64
9
64
9
44
9
74
2
59
19
92
9
99
9
34
9
14
9
99
19
34
9
44
9
14
9
44
9
74
9
99
9
99
9
64
9
94
9
14
9
58
9
14
9
14
9
74
9
14
8
45
9
44
9
14
9
99
19
92
9
99
19
92
9
74
9
44
19
33
9
74
9
74
9
99
9
64
19
61
19
91
3
19
19
93
9
94
19
63
9
74
19
64
9
34
19
62
9
44
9
74
9
44
9
96
19
32
9
64
9
64
9
94
19
32
9
94
19
33
9
74
9
99
9
44
19
31
19
93
9
44
9
42
9
99
19
63
19
92
2
69
9
74
9
14
9
74
18
30
9
74
9
94
9
94
9
34
9
94
0
97
9
99
19
34
9
94
19
62
9
14
9
14
9
74
19
32
19
61
9
74
9
44
9
64
9
99
19
61
17
59
9
94
9
14
9
34
0
50
9
44
9
14
9
94
19
62
9
94
9
44
9
64
9
74
9
34
9
34
9
74
9
14
9
44
9
34
9
74
0
0
19
64
9
99
9
14
9
64
0
50
19
93
19
91
9
44
9
44
9
91
9
34
9
14
19
64
9
34
9
34
19
92
9
74
19
92
19
92
9
44
19
93
18
30
9
99
9
94
19
92
9
14
9
43
9
14
9
14
19
61
17
89
9
99
9
14
9
94
9
34
19
32
9
41
9
34
9
64
9
44
9
99
9
94
9
94
9
74
9
74
19
93
19
64
19
61
19
94
9
99
19
31
9
14
0
51
19
33
9
99
9
34
9
74
9
99
9
44
2
99
9
94
9
74
18
30
19
64
9
34
9
34
9
14
9
99
9
44
9
64
19
92
9
44
19
92
9
64
9
34
3
29
19
94
19
94
9
94
9
44
3
54
9
14
19
61
19
62
9
64
9
74
9
94
9
44
9
74
9
64
9
1
9
74
9
64
9
44
19
63
9
74
9
56
9
14
9
97
9
74
19
32
19
61
9
64
19
63
19
94
9
44
9
64
19
94
19
94
3
39
9
44
9
94
9
99
19
91
9
34
9
34
19
61
9
94
19
94
9
34
0
80
19
34
9
44
17
89
9
64
3
99
9
14
19
64
9
74
9
99
9
74
9
14
9
14
9
99
9
34
9
94
9
44
19
32
17
29
9
34
9
64
4
59
19
91
9
14
9
74
9
74
9
73
9
94
9
99
9
94
9
99
8
55
9
64
9
14
9
14
9
44
9
44
9
74
2
29
19
94
19
63
9
64
9
99
9
99
1
69
19
92
9
44
9
14
9
14
17
29
19
92
9
64
9
74
9
44
9
74
19
93
9
44
9
74
19
32
17
29
9
14
9
94
9
14
9
14
9
99
19
63
19
63
9
34
9
34
9
44
9
44
9
94
19
22
0
40
9
74
9
99
9
94
9
44
3
69
19
51
17
59
9
94
19
92
9
14
19
32
19
94
19
93
9
34
9
74
19
62
9
94
9
74
9
14
19
94
9
34
19
31
9
74
18
30
9
64
9
94
19
63
9
34
9
74
19
63
9
44
19
61
19
94
9
74
9
99
9
34
9
99
9
14
9
94
9
34
9
34
9
94
19
93
9
14
9
94
9
34
9
74
9
14
9
34
9
44
19
33
9
14
9
44
9
94
0
80
9
44
19
31
19
34
9
34
9
33
9
99
9
34
9
64
9
74
9
44
17
29
9
14
9
44
2
79
9
99
9
14
19
33
9
74
9
14
9
34
9
64
19
52
9
99
9
99
9
92
9
74
19
31
9
74
9
64
9
14
19
31
9
13
18
60
1
59
9
64
9
34
9
74
19
94
1
99
9
14
19
63
9
34
9
44
9
94
9
44
19
93
9
44
9
14
4
49
9
99
9
74
9
14
19
34
9
64
19
64
9
14
9
94
19
31
9
34
9
74
2
79
2
29
9
44
19
31
19
92
9
64
9
44
9
99
18
30
9
94
9
99
9
99
9
74
19
31
19
31
9
14
9
74
9
94
9
14
9
94
17
59
9
44
9
34
9
74
19
91
9
64
9
14
9
99
9
74
9
44
9
74
9
14
9
64
9
64
9
14
9
99
9
44
9
34
9
99
9
74
9
99
9
99
9
94
9
62
9
44
9
14
9
44
9
34
9
34
2
99
9
64
9
96
19
34
9
74
9
64
9
34
9
34
0
86
19
92
9
14
9
99
18
30
0
30
9
44
9
74
19
34
19
81
9
99
9
99
9
74
9
94
3
9
9
74
19
63
9
94
19
63
19
91
9
14
9
14
9
94
19
34
0
60
9
14
9
94
9
94
9
94
9
64
9
34
9
34
17
59
9
14
9
74
9
34
8
45
19
64
19
31
9
74
9
14
9
14
9
64
9
34
9
44
9
34
9
34
19
33
9
34
9
94
9
99
9
34
9
94
18
60
9
44
9
34
9
99
9
44
9
14
9
44
19
61
19
91
9
64
9
34
9
44
8
35
19
91
9
64
9
34
9
14
9
14
9
34
9
99
9
99
19
94
9
99
19
61
9
94
9
14
9
94
19
34
0
20
1
19
9
14
9
34
9
64
9
44
19
63
9
34
9
94
19
93
9
74
19
31
9
64
9
1
9
94
19
34
9
34
9
99
9
14
9
99
19
83
9
64
9
14
9
64
9
99
18
90
9
94
0
30
9
64
9
99
9
94
9
14
9
44
9
34
9
64
9
94
9
14
19
31
9
34
9
64
9
94
9
44
9
74
19
64
9
99
9
34
9
64
19
93
9
64
9
34
9
64
9
74
9
74
19
32
9
99
4
59
9
64
