7
27
4
99
7
35
5
86
6
5
3
3
4
57
4
68
0
60
3
89
6
99
3
97
4
69
7
98
4
65
5
49
3
86
5
26
4
9
6
58
5
29
7
38
4
59
6
29
4
19
4
69
4
65
0
90
4
59
4
39
5
73
5
89
5
89
3
4
5
17
4
3
5
5
7
39
4
98
4
29
5
6
3
29
5
74
3
55
3
49
6
9
5
3
3
45
6
59
5
45
7
84
7
74
6
34
5
44
3
83
5
83
6
63
3
18
5
65
3
56
6
59
7
18
4
35
4
57
3
43
4
93
3
56
3
79
4
79
7
7
6
73
6
49
5
37
4
89
4
89
4
67
7
58
7
29
4
25
5
89
4
53
7
74
4
46
6
77
3
18
3
49
4
19
3
49
6
19
6
34
3
49
3
19
6
48
7
99
5
48
4
45
5
59
5
55
6
46
3
29
3
35
4
39
7
39
5
49
6
17
7
74
5
35
6
37
5
9
3
19
7
76
5
15
5
95
3
29
5
78
3
56
7
79
4
69
4
98
6
69
3
94
5
23
5
59
6
28
6
9
6
79
3
46
5
14
5
69
7
39
6
97
5
18
5
99
7
66
6
35
4
86
5
18
6
74
3
33
3
49
0
50
3
13
7
59
7
67
5
87
4
89
6
83
6
74
5
37
5
79
7
84
3
37
6
57
4
94
3
25
4
49
4
8
5
49
6
51
3
57
5
14
4
74
3
58
3
78
4
29
3
7
4
44
3
4
6
49
6
6
6
46
4
39
5
83
7
9
3
9
5
29
3
69
4
13
5
8
3
99
7
39
5
8
3
87
3
53
6
83
6
17
4
29
5
47
5
66
7
25
6
89
3
23
3
84
3
49
7
66
5
65
3
11
7
68
6
93
5
99
6
49
6
94
0
20
5
33
4
46
6
79
7
89
7
4
3
89
3
9
3
67
7
37
6
33
7
55
7
99
4
57
4
3
4
69
7
99
3
59
3
45
4
63
0
60
7
79
6
59
4
96
5
47
3
46
0
80
3
99
3
9
3
66
3
8
5
68
4
37
5
69
5
68
3
13
3
16
6
93
4
76
3
9
5
69
4
17
7
19
6
28
3
39
5
69
4
74
6
79
6
6
5
84
3
13
5
19
4
84
3
89
3
44
3
54
4
28
3
4
3
99
6
99
6
56
6
74
7
85
7
4
5
37
5
95
4
19
0
0
5
24
5
6
4
9
3
39
6
44
4
76
7
66
4
57
4
9
7
74
7
45
4
16
4
69
5
44
3
7
5
73
3
69
7
39
3
74
7
99
5
54
7
98
6
64
3
58
5
53
6
59
4
66
4
29
4
99
6
87
5
59
5
89
3
65
5
94
4
3
5
29
5
59
5
86
7
46
4
45
3
57
7
19
5
99
3
58
4
89
4
85
6
19
4
89
3
26
3
48
5
93
4
36
5
79
7
48
3
47
4
43
3
17
5
4
6
9
4
19
3
76
5
89
6
49
3
33
3
59
3
87
4
9
6
4
6
19
5
93
5
78
7
46
5
46
7
99
3
93
7
79
4
99
4
4
3
6
7
48
5
33
0
71
6
88
6
45
5
75
6
79
6
65
5
14
7
19
4
53
7
94
6
99
3
97
5
29
6
11
4
65
4
69
3
19
3
79
6
97
6
29
5
97
6
95
7
15
6
69
7
65
6
99
7
99
5
59
5
3
6
49
3
59
4
39
5
66
2
59
4
76
5
97
3
29
5
9
4
99
7
19
7
39
6
4
7
35
5
67
4
99
3
98
6
54
4
83
3
6
6
58
4
4
7
5
4
69
3
9
6
45
6
39
5
5
5
97
4
79
7
99
4
79
3
69
6
38
6
17
4
69
4
64
6
99
4
59
7
45
3
79
3
19
5
79
5
84
6
47
7
69
7
49
6
29
4
46
5
36
4
68
7
34
7
96
4
19
7
59
3
54
5
87
4
19
5
87
7
17
4
69
5
95
7
35
5
15
5
77
4
33
4
42
6
94
5
47
4
79
2
69
3
65
3
5
6
66
6
14
5
64
5
86
7
89
6
28
5
83
0
97
5
99
6
19
6
88
4
49
4
5
6
9
4
63
4
19
3
45
6
65
7
39
7
54
4
99
6
45
5
43
6
84
3
8
3
29
0
50
7
36
5
7
5
89
7
46
3
83
4
35
7
57
5
69
7
27
4
27
7
64
3
9
7
39
3
29
7
67
0
0
7
48
5
99
4
9
7
57
0
50
6
77
3
75
6
36
6
36
5
91
3
23
4
6
6
49
7
26
5
26
6
76
7
69
7
76
6
76
3
36
5
78
6
14
7
97
3
84
4
79
6
4
3
44
6
9
7
7
3
46
5
73
5
99
4
4
5
89
6
29
6
16
5
41
4
29
3
59
3
33
3
96
3
86
3
88
5
69
6
69
5
78
6
48
5
45
7
79
4
99
5
15
7
9
0
51
5
17
5
94
5
25
7
65
4
94
7
39
2
93
6
86
4
63
6
14
6
49
6
24
7
26
4
3
4
94
6
39
5
56
4
79
7
37
4
76
5
56
6
25
3
23
6
79
6
79
5
84
5
39
3
54
3
9
3
45
4
49
3
59
3
69
6
86
7
36
6
67
4
53
5
1
3
69
3
59
7
35
5
49
5
68
3
56
3
5
3
97
4
69
4
16
3
49
3
55
5
47
6
79
6
35
4
55
6
79
6
79
3
36
4
34
4
89
7
94
3
79
4
29
4
29
3
47
7
87
7
79
5
29
0
80
6
19
6
39
5
73
5
59
3
99
4
9
6
49
7
65
7
99
5
63
4
5
3
9
5
99
4
24
4
89
7
39
4
19
3
13
6
28
7
55
4
59
4
75
3
3
3
68
7
66
6
74
6
89
5
98
7
84
7
99
3
55
7
55
3
9
6
9
3
38
4
37
7
68
2
29
6
79
5
49
5
57
3
99
6
99
1
66
4
79
4
39
5
9
3
9
6
13
4
79
7
57
6
63
7
34
7
65
5
77
3
39
5
64
4
19
3
13
3
3
6
83
6
9
3
5
5
93
6
47
5
49
4
29
5
28
7
38
5
39
4
89
4
22
0
40
4
69
7
95
4
89
7
39
3
69
7
51
6
43
4
85
4
79
6
9
7
16
6
79
7
77
4
29
7
69
4
49
3
87
3
65
6
8
6
79
5
27
3
15
6
69
7
14
3
59
6
83
5
48
6
29
3
63
5
47
5
36
7
45
6
79
4
67
4
99
3
27
5
99
6
9
4
89
5
26
6
27
7
87
5
79
5
8
6
89
3
29
6
63
3
9
4
25
5
39
7
17
6
7
4
35
5
87
0
80
4
39
7
15
7
19
6
23
6
33
3
95
3
29
4
53
3
69
7
39
3
13
3
6
3
35
2
79
5
97
4
9
5
19
4
64
7
5
5
26
7
59
4
54
3
99
7
99
6
92
7
69
3
17
7
69
6
53
4
9
4
15
5
14
3
44
1
57
7
55
7
29
6
63
6
79
1
97
4
9
7
47
4
27
7
39
4
85
7
34
5
77
6
39
5
7
4
48
5
95
5
66
3
5
6
19
7
59
6
49
5
4
3
83
3
16
3
27
3
69
2
79
2
28
7
39
3
19
4
76
5
53
7
39
3
99
3
14
5
89
4
98
3
99
3
66
3
19
3
19
5
6
4
63
6
88
4
3
3
87
5
43
3
38
4
29
4
69
3
76
3
59
3
8
4
95
6
66
4
35
6
65
5
5
7
57
6
53
4
4
4
95
3
33
4
29
7
99
5
68
7
96
5
95
5
85
5
62
4
38
5
9
7
34
7
29
4
29
2
99
3
56
4
96
6
19
5
67
5
59
3
27
7
29
0
86
6
76
4
7
6
99
5
14
0
30
6
35
4
68
7
19
3
81
5
99
7
96
3
69
5
89
3
4
5
67
5
49
5
89
5
48
7
75
3
5
6
3
4
86
7
19
0
60
6
9
7
89
3
87
5
89
3
55
6
26
3
23
5
43
4
3
7
69
4
28
6
45
7
48
6
15
3
69
4
8
5
9
7
57
7
29
6
39
5
29
5
29
5
19
7
25
4
88
7
95
6
26
5
89
4
44
6
39
5
23
3
98
5
35
7
9
3
36
3
49
3
75
7
56
7
26
3
35
6
35
3
76
3
53
5
25
5
9
4
7
3
28
7
95
4
93
6
79
7
99
6
45
3
88
5
9
7
86
6
19
0
20
1
17
4
9
6
29
7
59
7
39
5
49
4
28
4
88
7
77
6
64
4
15
7
58
5
1
3
89
6
19
7
25
7
99
3
8
5
93
3
83
7
57
5
9
4
59
6
96
3
74
7
89
0
30
6
56
3
99
3
87
3
5
3
39
7
24
5
59
7
89
5
9
3
19
5
24
3
54
5
86
4
39
4
69
6
49
7
99
5
27
3
55
5
79
5
55
6
29
5
59
7
69
7
69
5
16
5
99
4
58
4
53
