9
34
9
99
9
44
9
94
9
14
9
14
9
64
9
74
0
60
9
94
9
99
9
99
9
74
9
99
9
74
19
61
9
94
9
34
9
14
9
64
9
34
9
44
9
64
9
34
18
30
9
74
9
74
0
90
9
64
9
44
15
87
9
94
9
94
9
14
19
31
9
14
9
14
9
44
9
99
9
34
9
14
9
34
16
88
9
64
17
59
9
14
9
14
8
45
9
64
17
59
9
94
16
88
9
44
16
58
9
94
9
94
9
74
17
29
9
74
9
64
9
64
19
32
9
44
9
64
15
57
9
99
9
64
17
89
18
90
9
14
15
87
19
62
9
44
9
94
9
94
9
74
9
64
9
34
9
34
9
94
9
64
16
88
18
60
19
91
17
29
17
59
18
30
17
59
19
32
9
44
17
59
17
29
19
62
9
99
19
61
17
59
9
64
9
64
18
60
9
34
9
44
9
44
9
44
19
61
19
31
16
88
9
44
9
44
9
14
17
29
18
90
17
29
9
99
9
34
19
91
9
64
19
93
9
74
9
99
9
74
9
99
9
34
9
64
9
34
9
14
19
92
17
59
16
28
9
74
9
44
9
99
19
31
9
99
9
74
9
44
9
94
19
31
16
88
9
44
17
59
0
50
15
27
9
64
9
74
9
94
9
94
9
94
16
88
9
44
19
91
9
94
9
44
9
64
9
99
9
34
18
60
9
14
19
61
19
51
9
64
16
28
16
88
9
64
17
89
9
34
9
14
16
58
9
14
19
62
9
14
18
60
9
44
9
94
9
14
9
14
9
34
9
74
15
27
9
14
9
99
9
44
9
14
9
94
9
64
9
94
19
31
9
34
9
47
9
74
9
34
9
94
9
34
9
94
17
59
9
74
9
74
9
11
9
74
9
99
9
99
19
62
9
99
0
20
9
44
18
60
19
92
9
94
9
14
9
94
9
14
9
74
9
44
9
44
9
64
9
99
9
64
9
14
9
74
9
99
9
64
17
59
9
74
0
60
19
93
9
64
9
99
19
61
17
59
0
80
9
99
9
14
9
66
9
14
9
74
9
44
9
74
9
74
15
27
17
29
9
99
18
90
9
14
9
74
18
30
19
33
9
34
9
44
9
74
16
88
19
92
9
14
9
94
15
27
19
31
9
94
9
94
16
58
9
64
9
34
9
14
9
99
9
99
9
64
16
88
9
94
9
14
9
44
9
99
18
30
0
0
9
34
9
14
9
14
9
44
16
58
18
90
9
74
9
64
9
14
16
88
17
59
18
30
9
74
16
58
9
14
15
87
9
74
9
44
16
88
9
99
9
64
9
99
9
74
9
64
9
64
9
64
9
74
9
34
9
99
9
94
9
64
9
94
9
74
9
99
9
14
9
34
9
64
9
94
18
60
17
59
9
64
19
33
9
99
9
64
9
94
8
85
19
32
9
94
9
34
17
59
9
99
9
44
19
91
19
62
17
59
15
57
17
29
9
14
9
14
18
30
17
89
9
94
19
62
9
44
9
64
9
94
4
9
9
14
19
32
9
99
19
91
18
60
18
60
9
99
9
99
19
93
9
99
9
14
9
14
19
62
9
44
0
71
9
94
17
59
17
89
19
92
9
74
16
28
19
33
9
64
9
99
9
99
9
99
9
34
9
11
9
74
9
74
17
29
17
89
9
99
9
34
9
97
9
99
17
29
9
74
9
74
9
99
9
99
9
64
9
14
19
62
9
64
9
44
9
74
2
59
18
90
9
99
9
34
9
14
9
99
19
33
9
44
9
14
9
44
9
74
9
99
9
99
9
64
9
94
9
14
9
58
9
14
9
14
9
74
9
14
8
45
9
44
9
14
9
99
18
90
9
99
18
90
9
74
9
44
19
31
9
74
9
74
9
99
9
64
17
59
17
89
3
19
19
91
9
94
19
61
9
74
19
63
9
34
18
60
9
44
9
74
9
44
9
96
18
30
9
64
9
64
9
94
18
30
9
94
19
31
9
74
9
99
9
44
17
29
19
91
9
44
9
42
9
99
19
61
18
90
2
69
9
74
9
14
9
74
16
28
9
74
9
94
9
94
9
34
9
94
0
97
9
99
19
32
9
94
18
60
9
14
9
14
9
74
18
30
17
59
9
74
9
44
9
64
9
99
17
59
15
57
9
94
9
14
9
34
0
50
9
44
9
14
9
94
18
60
9
94
9
44
9
64
9
74
9
34
9
34
9
74
9
14
9
44
9
34
9
74
0
0
19
62
9
99
9
14
9
64
0
50
19
91
17
89
9
44
9
44
9
91
9
34
9
14
19
62
9
34
9
34
18
90
9
74
18
90
18
90
9
44
19
91
16
28
9
99
9
94
18
90
9
14
9
43
9
14
9
14
17
59
15
87
9
99
9
14
9
94
9
34
18
30
9
41
9
34
9
64
9
44
9
99
9
94
9
94
9
74
9
74
19
91
19
62
17
59
19
93
9
99
17
29
9
14
0
51
19
31
9
99
9
34
9
74
9
99
9
44
2
99
9
94
9
74
16
28
19
62
9
34
9
34
9
14
9
99
9
44
9
64
18
90
9
44
18
90
9
64
9
34
3
29
19
92
19
92
9
94
9
44
3
54
9
14
17
59
18
60
9
64
9
74
9
94
9
44
9
74
9
64
9
1
9
74
9
64
9
44
19
61
9
74
9
56
9
14
9
97
9
74
18
30
17
59
9
64
19
61
19
92
9
44
9
64
19
92
19
92
3
39
9
44
9
94
9
99
17
89
9
34
9
34
17
59
9
94
19
93
9
34
0
80
19
32
9
44
15
87
9
64
3
99
9
14
19
62
9
74
9
99
9
74
9
14
9
14
9
99
9
34
9
94
9
44
18
30
15
27
9
34
9
64
4
59
17
89
9
14
9
74
9
74
9
73
9
94
9
99
9
94
9
99
8
55
9
64
9
14
9
14
9
44
9
44
9
74
2
29
19
92
19
61
9
64
9
99
9
99
1
69
18
90
9
44
9
14
9
14
15
27
18
90
9
64
9
74
9
44
9
74
19
91
9
44
9
74
18
30
15
27
9
14
9
94
9
14
9
14
9
99
19
61
19
61
9
34
9
34
9
44
9
44
9
94
18
22
0
40
9
74
9
99
9
94
9
44
3
69
19
51
15
57
9
94
18
90
9
14
18
30
19
92
19
91
9
34
9
74
18
60
9
94
9
74
9
14
19
92
9
34
17
29
9
74
16
28
9
64
9
94
19
61
9
34
9
74
19
61
9
44
17
59
19
92
9
74
9
99
9
34
9
99
9
14
9
94
9
34
9
34
9
94
19
91
9
14
9
94
9
34
9
74
9
14
9
34
9
44
19
31
9
14
9
44
9
94
0
80
9
44
17
29
19
33
9
34
9
33
9
99
9
34
9
64
9
74
9
44
15
27
9
14
9
44
2
79
9
99
9
14
19
31
9
74
9
14
9
34
9
64
18
52
9
99
9
99
9
92
9
74
17
29
9
74
9
64
9
14
17
29
9
13
16
58
1
59
9
64
9
34
9
74
19
92
1
99
9
14
19
61
9
34
9
44
9
94
9
44
19
91
9
44
9
14
4
49
9
99
9
74
9
14
19
32
9
64
19
62
9
14
9
94
17
29
9
34
9
74
2
79
2
29
9
44
17
29
18
90
9
64
9
44
9
99
16
28
9
94
9
99
9
99
9
74
17
29
17
29
9
14
9
74
9
94
9
14
9
94
15
57
9
44
9
34
9
74
17
89
9
64
9
14
9
99
9
74
9
44
9
74
9
14
9
64
9
64
9
14
9
99
9
44
9
34
9
99
9
74
9
99
9
99
9
94
9
62
9
44
9
14
9
44
9
34
9
34
2
99
9
64
9
96
19
32
9
74
9
64
9
34
9
34
0
86
18
90
9
14
9
99
16
28
0
30
9
44
9
74
19
33
17
81
9
99
9
99
9
74
9
94
3
9
9
74
19
61
9
94
19
61
17
89
9
14
9
14
9
94
19
33
0
60
9
14
9
94
9
94
9
94
9
64
9
34
9
34
15
57
9
14
9
74
9
34
8
45
19
62
17
29
9
74
9
14
9
14
9
64
9
34
9
44
9
34
9
34
19
31
9
34
9
94
9
99
9
34
9
94
16
58
9
44
9
34
9
99
9
44
9
14
9
44
17
59
17
89
9
64
9
34
9
44
8
35
17
89
9
64
9
34
9
14
9
14
9
34
9
99
9
99
19
92
9
99
17
59
9
94
9
14
9
94
19
32
0
20
1
19
9
14
9
34
9
64
9
44
19
61
9
34
9
94
19
91
9
74
17
29
9
64
9
1
9
94
19
32
9
34
9
99
9
14
9
99
17
83
9
64
9
14
9
64
9
99
16
88
9
94
0
30
9
64
9
99
9
94
9
14
9
44
9
34
9
64
9
94
9
14
17
29
9
34
9
64
9
94
9
44
9
74
19
62
9
99
9
34
9
64
19
91
9
64
9
34
9
64
9
74
9
74
18
30
9
99
4
59
9
64
