9
34
9
99
9
44
9
94
9
14
9
12
9
64
9
74
0
60
9
94
9
99
9
99
9
74
9
99
9
74
14
56
9
94
9
34
9
14
9
64
9
34
9
44
9
64
9
34
13
25
9
74
9
74
0
90
9
64
9
44
10
82
9
94
9
94
9
13
14
26
9
12
9
14
9
44
9
99
9
34
9
14
9
34
11
83
9
64
12
54
9
14
9
12
8
45
9
64
12
54
9
93
11
83
9
43
11
53
9
92
9
92
9
72
12
24
9
74
9
64
9
64
15
27
9
44
9
64
10
52
9
99
9
64
12
84
13
85
9
14
10
82
15
57
9
44
9
94
9
94
9
74
9
64
9
34
9
34
9
94
9
62
11
83
13
55
14
86
12
24
12
54
13
25
12
54
15
27
9
43
12
54
12
24
15
57
9
99
14
56
12
54
9
64
9
64
13
55
9
34
9
44
9
44
9
44
14
56
14
26
11
83
9
44
9
44
9
14
12
24
13
85
12
24
9
99
9
34
14
86
9
64
16
88
9
74
9
99
9
74
9
99
9
32
9
64
9
34
9
14
15
87
12
54
11
23
9
74
9
44
9
99
14
26
9
99
9
74
9
44
9
94
14
26
11
83
9
42
12
54
0
50
10
22
9
64
9
74
9
94
9
94
9
92
11
83
9
44
14
86
9
93
9
44
9
64
9
99
9
34
13
55
9
14
14
56
15
51
9
64
11
23
11
83
9
64
12
84
9
34
9
14
11
53
9
13
15
57
9
14
13
55
9
44
9
92
9
14
9
14
9
34
9
74
10
22
9
14
9
99
9
44
9
14
9
94
9
62
9
92
14
26
9
34
9
47
9
74
9
34
9
94
9
32
9
93
12
54
9
74
9
74
9
11
9
74
9
99
9
99
15
57
9
99
0
20
9
42
13
55
15
87
9
94
9
13
9
94
9
14
9
74
9
44
9
42
9
64
9
99
9
64
9
12
9
74
9
99
9
64
12
54
9
72
0
60
16
88
9
64
9
99
14
56
12
54
0
80
9
99
9
14
9
66
9
14
9
74
9
44
9
74
9
74
10
22
12
24
9
99
13
85
9
14
9
74
13
25
16
28
9
34
9
44
9
74
11
83
15
87
9
14
9
93
10
22
14
26
9
93
9
94
11
53
9
63
9
34
9
13
9
99
9
99
9
64
11
83
9
94
9
13
9
44
9
99
13
25
0
0
9
33
9
14
9
14
9
44
11
53
13
85
9
74
9
64
9
14
11
83
12
54
13
25
9
74
11
53
9
14
10
82
9
74
9
44
11
83
9
99
9
63
9
99
9
73
9
64
9
62
9
64
9
74
9
34
9
99
9
94
9
64
9
94
9
74
9
99
9
12
9
34
9
64
9
94
13
55
12
54
9
64
16
28
9
99
9
64
9
94
8
85
15
27
9
94
9
34
12
54
9
99
9
44
14
86
15
57
12
54
10
52
12
24
9
13
9
14
13
25
12
84
9
94
15
57
9
42
9
64
9
94
4
9
9
13
15
27
9
99
14
86
13
55
13
55
9
99
9
99
16
88
9
99
9
13
9
14
15
57
9
42
0
71
9
94
12
54
12
84
15
87
9
74
11
23
16
28
9
62
9
99
9
99
9
99
9
34
9
11
9
74
9
74
12
24
12
84
9
99
9
34
9
97
9
99
12
24
9
74
9
74
9
99
9
99
9
64
9
12
15
57
9
64
9
44
9
74
2
59
13
85
9
99
9
34
9
14
9
99
16
28
9
44
9
13
9
44
9
74
9
99
9
99
9
63
9
92
9
14
9
58
9
13
9
14
9
74
9
14
8
45
9
44
9
14
9
99
13
85
9
99
13
85
9
74
9
44
14
26
9
74
9
73
9
99
9
64
12
54
12
84
3
19
14
86
9
93
14
56
9
74
16
58
9
34
13
55
9
44
9
74
9
43
9
96
13
25
9
64
9
63
9
94
13
25
9
94
14
26
9
74
9
99
9
44
12
24
14
86
9
42
9
42
9
99
14
56
13
85
2
69
9
74
9
14
9
74
11
23
9
73
9
94
9
94
9
34
9
92
0
97
9
99
15
27
9
94
13
55
9
14
9
14
9
72
13
25
12
54
9
74
9
44
9
63
9
99
12
54
10
52
9
93
9
14
9
34
0
50
9
44
9
14
9
94
13
55
9
92
9
44
9
64
9
74
9
34
9
34
9
73
9
14
9
44
9
34
9
74
0
0
15
57
9
99
9
14
9
64
0
50
14
86
12
84
9
44
9
44
9
91
9
32
9
14
15
57
9
34
9
34
13
85
9
74
13
85
13
85
9
44
14
86
11
23
9
99
9
93
13
85
9
13
9
43
9
14
9
14
12
54
10
82
9
99
9
13
9
94
9
34
13
25
9
41
9
34
9
64
9
42
9
99
9
94
9
94
9
74
9
74
14
86
15
57
12
54
16
88
9
99
12
24
9
14
0
51
14
26
9
99
9
34
9
74
9
99
9
44
2
99
9
94
9
72
11
23
15
57
9
33
9
34
9
12
9
99
9
44
9
64
13
85
9
44
13
85
9
64
9
34
3
29
15
87
15
87
9
93
9
44
3
54
9
14
12
54
13
55
9
64
9
74
9
94
9
44
9
74
9
62
9
1
9
74
9
64
9
44
14
56
9
74
9
56
9
14
9
97
9
74
13
25
12
54
9
64
14
56
15
87
9
44
9
64
15
87
15
87
3
39
9
43
9
94
9
99
12
84
9
34
9
34
12
54
9
94
16
88
9
34
0
80
15
27
9
44
10
82
9
64
3
99
9
14
15
57
9
74
9
99
9
72
9
14
9
14
9
99
9
33
9
94
9
44
13
25
10
22
9
34
9
64
4
59
12
84
9
12
9
74
9
74
9
73
9
94
9
99
9
93
9
99
8
55
9
64
9
14
9
14
9
44
9
44
9
74
2
29
15
87
14
56
9
64
9
99
9
99
1
69
13
85
9
44
9
14
9
14
10
22
13
85
9
64
9
72
9
43
9
74
14
86
9
44
9
73
13
25
10
22
9
12
9
92
9
14
9
14
9
99
14
56
14
56
9
34
9
34
9
44
9
44
9
94
13
22
0
40
9
74
9
99
9
94
9
44
3
69
16
51
10
52
9
94
13
85
9
14
13
25
15
87
14
86
9
34
9
74
13
55
9
94
9
74
9
14
15
87
9
34
12
24
9
74
11
23
9
64
9
92
14
56
9
34
9
72
14
56
9
44
12
54
15
87
9
74
9
99
9
34
9
99
9
14
9
94
9
34
9
34
9
94
14
86
9
14
9
94
9
34
9
72
9
14
9
34
9
44
14
26
9
14
9
44
9
94
0
80
9
44
12
24
16
28
9
32
9
33
9
99
9
34
9
62
9
74
9
44
10
22
9
14
9
44
2
79
9
99
9
14
14
26
9
73
9
14
9
34
9
64
13
52
9
99
9
99
9
92
9
74
12
24
9
74
9
62
9
14
12
24
9
13
11
53
1
59
9
64
9
34
9
72
15
87
1
99
9
14
14
56
9
34
9
44
9
94
9
43
14
86
9
44
9
14
4
49
9
99
9
74
9
14
15
27
9
64
15
57
9
13
9
92
12
24
9
34
9
74
2
79
2
29
9
44
12
24
13
85
9
62
9
44
9
99
11
23
9
94
9
99
9
99
9
74
12
24
12
24
9
14
9
72
9
94
9
12
9
94
10
52
9
44
9
34
9
74
12
84
9
64
9
14
9
99
9
74
9
44
9
74
9
14
9
64
9
62
9
13
9
99
9
42
9
34
9
99
9
74
9
99
9
99
9
94
9
62
9
44
9
14
9
43
9
34
9
34
2
99
9
64
9
96
15
27
9
74
9
64
9
34
9
34
0
86
13
85
9
14
9
99
11
23
0
30
9
44
9
74
16
28
12
81
9
99
9
99
9
74
9
94
3
9
9
74
14
56
9
94
14
56
12
84
9
14
9
12
9
94
16
28
0
60
9
14
9
94
9
94
9
94
9
64
9
34
9
32
10
52
9
12
9
74
9
34
8
45
15
57
12
24
9
74
9
14
9
14
9
64
9
34
9
44
9
34
9
34
14
26
9
34
9
94
9
99
9
34
9
94
11
53
9
44
9
32
9
99
9
44
9
14
9
44
12
54
12
84
9
64
9
34
9
44
8
35
12
84
9
62
9
34
9
14
9
14
9
34
9
99
9
99
15
87
9
99
12
54
9
94
9
14
9
94
15
27
0
20
1
19
9
14
9
34
9
64
9
44
14
56
9
34
9
94
14
86
9
73
12
24
9
64
9
1
9
94
15
27
9
34
9
99
9
14
9
99
12
83
9
64
9
14
9
64
9
99
11
83
9
94
0
30
9
64
9
99
9
94
9
14
9
44
9
33
9
64
9
94
9
14
12
24
9
33
9
63
9
94
9
44
9
74
15
57
9
99
9
34
9
64
14
86
9
64
9
34
9
64
9
74
9
74
13
25
9
99
4
59
9
62
