9
34
9
99
9
44
9
94
9
14
9
14
9
64
9
74
0
60
9
94
9
99
9
99
9
74
9
99
9
74
17
59
9
94
9
34
9
14
9
64
9
34
9
44
9
64
9
34
16
28
9
74
9
74
0
90
9
64
9
44
13
85
9
94
9
94
9
14
17
29
9
14
9
14
9
44
9
99
9
34
9
14
9
34
14
86
9
64
15
57
9
14
9
14
8
45
9
64
15
57
9
94
14
86
9
44
14
56
9
94
9
94
9
74
15
27
9
74
9
64
9
64
18
30
9
44
9
64
13
55
9
99
9
64
15
87
16
88
9
14
13
85
18
60
9
44
9
94
9
94
9
74
9
64
9
34
9
34
9
94
9
64
14
86
16
58
17
89
15
27
15
57
16
28
15
57
18
30
9
44
15
57
15
27
18
60
9
99
17
59
15
57
9
64
9
64
16
58
9
34
9
44
9
44
9
44
17
59
17
29
14
86
9
44
9
44
9
14
15
27
16
88
15
27
9
99
9
34
17
89
9
64
19
91
9
74
9
99
9
74
9
99
9
34
9
64
9
34
9
14
18
90
15
57
14
26
9
74
9
44
9
99
17
29
9
99
9
74
9
44
9
94
17
29
14
86
9
44
15
57
0
50
13
25
9
64
9
74
9
94
9
94
9
94
14
86
9
44
17
89
9
94
9
44
9
64
9
99
9
34
16
58
9
14
17
59
18
51
9
64
14
26
14
86
9
64
15
87
9
34
9
14
14
56
9
14
18
60
9
14
16
58
9
44
9
94
9
14
9
14
9
34
9
74
13
25
9
14
9
99
9
44
9
14
9
94
9
64
9
94
17
29
9
34
9
47
9
74
9
34
9
94
9
34
9
94
15
57
9
74
9
74
9
11
9
74
9
99
9
99
18
60
9
99
0
20
9
44
16
58
18
90
9
94
9
14
9
94
9
14
9
74
9
44
9
44
9
64
9
99
9
64
9
14
9
74
9
99
9
64
15
57
9
74
0
60
19
91
9
64
9
99
17
59
15
57
0
80
9
99
9
14
9
66
9
14
9
74
9
44
9
74
9
74
13
25
15
27
9
99
16
88
9
14
9
74
16
28
19
31
9
34
9
44
9
74
14
86
18
90
9
14
9
94
13
25
17
29
9
94
9
94
14
56
9
64
9
34
9
14
9
99
9
99
9
64
14
86
9
94
9
14
9
44
9
99
16
28
0
0
9
34
9
14
9
14
9
44
14
56
16
88
9
74
9
64
9
14
14
86
15
57
16
28
9
74
14
56
9
14
13
85
9
74
9
44
14
86
9
99
9
64
9
99
9
74
9
64
9
64
9
64
9
74
9
34
9
99
9
94
9
64
9
94
9
74
9
99
9
14
9
34
9
64
9
94
16
58
15
57
9
64
19
31
9
99
9
64
9
94
8
85
18
30
9
94
9
34
15
57
9
99
9
44
17
89
18
60
15
57
13
55
15
27
9
14
9
14
16
28
15
87
9
94
18
60
9
44
9
64
9
94
4
9
9
14
18
30
9
99
17
89
16
58
16
58
9
99
9
99
19
91
9
99
9
14
9
14
18
60
9
44
0
71
9
94
15
57
15
87
18
90
9
74
14
26
19
31
9
64
9
99
9
99
9
99
9
34
9
11
9
74
9
74
15
27
15
87
9
99
9
34
9
97
9
99
15
27
9
74
9
74
9
99
9
99
9
64
9
14
18
60
9
64
9
44
9
74
2
59
16
88
9
99
9
34
9
14
9
99
19
31
9
44
9
14
9
44
9
74
9
99
9
99
9
64
9
94
9
14
9
58
9
14
9
14
9
74
9
14
8
45
9
44
9
14
9
99
16
88
9
99
16
88
9
74
9
44
17
29
9
74
9
74
9
99
9
64
15
57
15
87
3
19
17
89
9
94
17
59
9
74
19
61
9
34
16
58
9
44
9
74
9
44
9
96
16
28
9
64
9
64
9
94
16
28
9
94
17
29
9
74
9
99
9
44
15
27
17
89
9
44
9
42
9
99
17
59
16
88
2
69
9
74
9
14
9
74
14
26
9
74
9
94
9
94
9
34
9
94
0
97
9
99
18
30
9
94
16
58
9
14
9
14
9
74
16
28
15
57
9
74
9
44
9
64
9
99
15
57
13
55
9
94
9
14
9
34
0
50
9
44
9
14
9
94
16
58
9
94
9
44
9
64
9
74
9
34
9
34
9
74
9
14
9
44
9
34
9
74
0
0
18
60
9
99
9
14
9
64
0
50
17
89
15
87
9
44
9
44
9
91
9
34
9
14
18
60
9
34
9
34
16
88
9
74
16
88
16
88
9
44
17
89
14
26
9
99
9
94
16
88
9
14
9
43
9
14
9
14
15
57
13
85
9
99
9
14
9
94
9
34
16
28
9
41
9
34
9
64
9
44
9
99
9
94
9
94
9
74
9
74
17
89
18
60
15
57
19
91
9
99
15
27
9
14
0
51
17
29
9
99
9
34
9
74
9
99
9
44
2
99
9
94
9
74
14
26
18
60
9
34
9
34
9
14
9
99
9
44
9
64
16
88
9
44
16
88
9
64
9
34
3
29
18
90
18
90
9
94
9
44
3
54
9
14
15
57
16
58
9
64
9
74
9
94
9
44
9
74
9
64
9
1
9
74
9
64
9
44
17
59
9
74
9
56
9
14
9
97
9
74
16
28
15
57
9
64
17
59
18
90
9
44
9
64
18
90
18
90
3
39
9
44
9
94
9
99
15
87
9
34
9
34
15
57
9
94
19
91
9
34
0
80
18
30
9
44
13
85
9
64
3
99
9
14
18
60
9
74
9
99
9
74
9
14
9
14
9
99
9
34
9
94
9
44
16
28
13
25
9
34
9
64
4
59
15
87
9
14
9
74
9
74
9
73
9
94
9
99
9
94
9
99
8
55
9
64
9
14
9
14
9
44
9
44
9
74
2
29
18
90
17
59
9
64
9
99
9
99
1
69
16
88
9
44
9
14
9
14
13
25
16
88
9
64
9
74
9
44
9
74
17
89
9
44
9
74
16
28
13
25
9
14
9
94
9
14
9
14
9
99
17
59
17
59
9
34
9
34
9
44
9
44
9
94
16
22
0
40
9
74
9
99
9
94
9
44
3
69
19
51
13
55
9
94
16
88
9
14
16
28
18
90
17
89
9
34
9
74
16
58
9
94
9
74
9
14
18
90
9
34
15
27
9
74
14
26
9
64
9
94
17
59
9
34
9
74
17
59
9
44
15
57
18
90
9
74
9
99
9
34
9
99
9
14
9
94
9
34
9
34
9
94
17
89
9
14
9
94
9
34
9
74
9
14
9
34
9
44
17
29
9
14
9
44
9
94
0
80
9
44
15
27
19
31
9
34
9
33
9
99
9
34
9
64
9
74
9
44
13
25
9
14
9
44
2
79
9
99
9
14
17
29
9
74
9
14
9
34
9
64
16
52
9
99
9
99
9
92
9
74
15
27
9
74
9
64
9
14
15
27
9
13
14
56
1
59
9
64
9
34
9
74
18
90
1
99
9
14
17
59
9
34
9
44
9
94
9
44
17
89
9
44
9
14
4
49
9
99
9
74
9
14
18
30
9
64
18
60
9
14
9
94
15
27
9
34
9
74
2
79
2
29
9
44
15
27
16
88
9
64
9
44
9
99
14
26
9
94
9
99
9
99
9
74
15
27
15
27
9
14
9
74
9
94
9
14
9
94
13
55
9
44
9
34
9
74
15
87
9
64
9
14
9
99
9
74
9
44
9
74
9
14
9
64
9
64
9
14
9
99
9
44
9
34
9
99
9
74
9
99
9
99
9
94
9
62
9
44
9
14
9
44
9
34
9
34
2
99
9
64
9
96
18
30
9
74
9
64
9
34
9
34
0
86
16
88
9
14
9
99
14
26
0
30
9
44
9
74
19
31
15
81
9
99
9
99
9
74
9
94
3
9
9
74
17
59
9
94
17
59
15
87
9
14
9
14
9
94
19
31
0
60
9
14
9
94
9
94
9
94
9
64
9
34
9
34
13
55
9
14
9
74
9
34
8
45
18
60
15
27
9
74
9
14
9
14
9
64
9
34
9
44
9
34
9
34
17
29
9
34
9
94
9
99
9
34
9
94
14
56
9
44
9
34
9
99
9
44
9
14
9
44
15
57
15
87
9
64
9
34
9
44
8
35
15
87
9
64
9
34
9
14
9
14
9
34
9
99
9
99
18
90
9
99
15
57
9
94
9
14
9
94
18
30
0
20
1
19
9
14
9
34
9
64
9
44
17
59
9
34
9
94
17
89
9
74
15
27
9
64
9
1
9
94
18
30
9
34
9
99
9
14
9
99
15
83
9
64
9
14
9
64
9
99
14
86
9
94
0
30
9
64
9
99
9
94
9
14
9
44
9
34
9
64
9
94
9
14
15
27
9
34
9
64
9
94
9
44
9
74
18
60
9
99
9
34
9
64
17
89
9
64
9
34
9
64
9
74
9
74
16
28
9
99
4
59
9
64
