9
31
8
99
9
39
9
90
9
9
7
7
8
60
8
70
0
60
7
89
9
99
7
99
8
70
9
99
8
69
9
51
7
89
9
30
8
10
9
62
9
31
9
42
8
60
9
32
8
20
8
70
8
69
0
90
8
60
8
40
9
77
9
91
9
91
7
8
9
21
8
7
9
9
9
43
8
99
8
30
9
10
7
29
9
78
7
59
7
49
9
12
9
7
7
45
9
62
9
49
9
88
9
78
9
38
9
48
7
87
9
87
9
67
7
19
9
69
7
59
9
62
10
22
8
39
8
60
7
47
8
97
7
59
7
79
8
80
9
11
9
77
10
52
9
41
8
90
8
90
8
70
9
62
9
33
8
29
9
91
8
57
9
78
8
50
9
81
7
19
7
49
8
20
7
49
10
22
9
38
7
49
7
19
10
52
9
99
9
51
8
49
9
61
9
59
9
50
7
29
7
39
8
40
9
43
9
51
9
21
9
78
9
39
9
41
9
11
7
19
9
80
9
19
9
99
7
29
9
81
7
59
11
83
8
70
8
99
9
72
7
98
9
27
9
61
9
32
9
12
10
82
7
49
9
18
9
71
9
43
9
99
9
21
9
99
9
70
9
39
8
90
9
21
9
78
7
37
7
49
0
50
7
17
9
63
9
71
9
91
8
90
9
87
9
78
9
41
9
81
9
88
7
39
9
61
8
98
7
29
8
50
8
10
9
51
10
51
7
59
9
18
8
78
7
59
7
79
8
30
7
9
8
48
7
8
10
52
9
10
9
50
8
40
9
87
9
13
7
9
9
31
7
69
8
17
9
11
7
99
9
43
9
11
7
89
7
57
9
87
9
21
8
30
9
47
9
70
9
29
9
92
7
27
7
88
7
49
9
70
9
69
7
11
9
72
9
97
9
99
10
52
9
98
0
20
9
37
8
50
10
82
9
93
9
8
7
89
7
9
7
69
9
41
9
37
9
59
9
99
8
60
8
7
8
70
9
99
7
59
7
49
8
67
0
60
11
83
9
62
8
99
9
51
7
49
0
80
7
99
7
9
7
66
7
9
9
71
8
40
9
71
9
71
7
17
7
19
9
97
8
80
7
9
9
71
8
20
11
23
9
32
7
39
9
71
8
78
10
82
9
10
9
88
7
17
9
21
8
88
7
89
7
48
7
58
8
30
7
8
7
99
9
99
9
60
9
78
9
89
9
8
9
41
9
99
8
20
0
0
9
28
9
10
8
10
7
39
9
48
8
80
9
70
8
60
8
10
9
78
9
49
8
20
8
70
9
48
7
9
9
77
7
69
9
43
7
78
9
99
9
58
9
99
9
68
7
59
9
57
9
62
8
70
8
30
8
99
9
91
9
61
9
91
7
69
9
98
8
7
9
31
9
61
9
90
9
50
8
49
7
59
11
23
9
99
7
59
8
90
8
85
10
22
8
90
7
29
7
49
9
97
8
40
9
81
10
52
7
49
8
47
7
19
9
8
9
12
8
20
7
79
9
91
10
52
7
37
7
59
7
89
4
9
9
8
10
22
9
97
9
81
9
50
9
50
9
99
7
97
11
83
8
99
8
8
7
9
10
52
9
37
0
71
9
92
9
49
9
79
10
82
9
69
9
18
11
23
8
57
9
98
9
99
7
99
9
31
9
11
8
69
8
70
7
19
7
79
9
99
9
32
9
97
9
99
9
19
9
72
9
69
9
99
9
99
9
61
9
7
10
52
7
59
8
40
9
70
2
59
8
80
9
99
7
29
9
11
8
99
11
23
9
43
9
8
9
39
9
71
8
99
7
99
9
58
8
87
7
9
9
58
8
8
9
9
8
70
7
9
8
45
9
42
9
9
9
99
8
80
9
99
8
80
7
69
9
42
9
21
8
70
8
68
9
99
8
60
9
49
7
79
3
19
9
81
9
88
9
51
9
73
11
53
9
32
8
50
9
40
8
70
9
38
9
96
8
20
9
63
7
58
9
91
8
20
9
91
9
21
8
70
9
99
9
39
9
19
9
81
8
37
8
42
9
98
9
51
8
80
2
69
7
69
7
9
9
70
9
18
9
68
9
90
9
93
9
32
9
87
0
97
9
99
10
22
9
92
8
50
8
9
9
12
8
67
8
20
7
49
9
69
9
43
9
58
8
99
9
49
9
47
9
88
7
9
7
29
0
50
9
40
9
11
9
91
9
50
7
87
8
39
9
61
9
71
9
31
8
30
9
68
7
9
9
43
7
29
9
71
0
0
10
52
9
99
8
10
9
61
0
50
9
81
7
79
9
40
9
40
9
91
7
27
8
10
10
52
9
30
9
30
9
80
9
73
9
80
9
80
7
39
9
81
9
18
9
99
7
88
8
80
9
8
7
44
9
12
9
11
7
49
9
77
9
99
8
8
9
91
9
32
9
20
9
41
8
30
7
59
7
37
7
99
7
89
7
89
9
71
9
72
9
81
10
52
9
49
11
83
8
99
9
19
9
13
0
51
9
21
9
98
9
29
9
69
8
98
9
43
2
97
9
90
8
67
9
18
10
52
9
28
9
30
8
7
8
98
9
42
9
60
8
80
9
41
8
80
9
60
9
29
3
27
10
82
10
82
9
88
9
41
3
54
7
9
7
49
8
50
7
59
7
69
9
90
9
40
9
71
8
57
9
1
7
69
7
59
9
39
9
51
9
71
7
56
7
9
7
97
8
70
8
20
7
49
7
59
9
51
10
82
9
39
8
59
10
82
10
82
3
39
8
38
8
90
9
98
7
79
8
30
8
30
7
49
9
91
11
83
9
31
0
80
10
22
9
42
9
77
9
61
3
99
8
10
10
52
9
69
9
99
9
67
8
9
7
9
9
99
8
28
8
90
9
43
8
20
7
17
9
32
9
59
4
59
8
79
7
7
7
69
9
70
9
73
9
92
9
99
9
88
9
99
7
55
9
59
7
9
9
12
7
39
8
40
9
72
2
29
10
82
9
51
9
61
7
99
9
99
1
69
8
80
8
40
9
11
7
9
9
17
8
80
9
61
9
67
9
38
9
69
9
81
7
39
9
68
8
20
7
17
7
7
9
87
9
12
7
9
9
97
9
51
9
51
8
30
9
31
9
42
9
41
8
90
8
22
0
40
8
70
9
99
8
90
9
43
3
69
11
51
9
47
8
89
8
80
9
12
9
20
10
82
9
81
8
30
9
73
8
50
7
89
7
69
9
12
10
82
9
31
7
19
9
72
9
18
7
59
9
87
9
51
9
32
7
67
9
51
9
40
9
49
10
82
8
70
8
99
7
29
9
99
9
12
8
90
9
30
9
31
9
91
9
81
9
11
9
92
7
29
9
67
7
9
8
29
9
41
9
21
9
11
8
39
9
91
0
80
8
40
9
19
11
23
9
27
9
33
7
99
7
29
8
57
7
69
9
43
7
17
7
9
7
39
2
79
9
99
8
10
9
21
8
68
9
9
9
30
9
63
8
54
7
99
9
99
9
92
9
73
7
19
9
73
9
57
8
10
8
19
9
13
7
48
1
59
9
59
9
33
9
67
10
82
1
99
8
10
9
51
8
30
9
43
8
89
9
38
9
81
9
42
9
11
4
49
9
99
9
70
7
9
10
22
9
63
10
52
9
8
7
87
7
19
7
29
7
69
2
79
2
29
9
43
7
19
8
80
9
57
9
43
7
99
7
18
9
91
8
99
7
99
7
69
7
19
7
19
9
10
8
67
9
92
8
7
7
89
9
47
7
39
8
30
8
70
7
79
7
59
7
9
8
99
9
70
8
39
9
69
9
9
9
61
9
57
8
8
8
99
7
37
8
30
9
99
9
71
9
99
9
99
9
89
9
62
8
40
9
11
9
38
9
33
8
30
2
99
7
59
8
96
10
22
9
71
9
61
7
29
9
33
0
86
9
80
8
10
9
99
9
18
0
30
9
39
8
70
11
23
7
81
9
99
9
99
7
69
9
91
3
8
9
71
9
51
9
91
9
51
9
79
7
9
9
7
8
90
11
23
0
60
9
12
9
93
7
89
9
91
7
59
9
30
7
27
9
47
8
7
9
73
8
30
8
45
10
52
9
19
7
69
8
10
9
11
9
61
9
33
9
42
9
31
9
31
9
21
9
29
8
90
9
99
9
30
9
91
8
48
9
42
9
27
7
99
9
39
9
13
7
39
7
49
7
79
9
60
9
30
7
39
8
35
7
79
7
57
9
29
9
11
8
10
7
29
9
99
8
97
10
82
9
99
9
49
7
89
9
11
9
90
10
22
0
20
1
19
8
10
9
32
9
63
9
43
9
51
8
30
8
90
9
81
9
68
8
19
9
62
9
1
7
89
10
22
9
29
9
99
7
9
9
97
7
83
9
61
9
11
8
60
9
99
7
78
9
93
0
30
9
60
7
99
7
89
7
9
7
39
9
28
9
61
9
93
9
11
7
19
9
28
7
58
9
90
8
40
8
70
10
52
9
99
9
31
7
59
9
81
9
59
9
32
9
61
9
73
9
73
9
20
9
99
4
59
8
57
