5
25
2
98
5
33
3
84
4
3
1
1
2
55
2
66
0
60
1
89
4
99
1
95
2
68
5
96
2
63
3
48
1
84
3
24
2
9
4
56
3
27
5
36
2
58
4
29
2
19
2
67
2
63
0
90
2
57
2
37
3
71
3
88
3
88
1
2
3
15
2
1
3
3
5
39
2
96
2
27
3
4
1
28
3
72
1
53
1
48
4
9
3
1
1
45
4
57
3
43
5
82
5
72
4
32
3
42
1
81
3
81
4
61
1
16
3
63
1
54
4
59
5
16
2
33
2
55
1
41
2
91
1
54
1
79
2
77
5
5
4
71
4
49
3
35
2
89
2
89
2
65
5
56
5
29
2
23
3
87
2
51
5
72
2
44
4
75
1
16
1
48
2
18
1
49
4
17
4
32
1
49
1
17
4
46
5
98
3
46
2
43
3
57
3
53
4
44
1
29
1
33
2
39
5
38
3
47
4
15
5
72
3
33
4
35
3
9
1
19
5
74
3
13
3
93
1
29
3
76
1
54
5
78
2
69
2
96
4
69
1
92
3
21
3
59
4
26
4
8
4
78
1
44
3
12
3
67
5
37
4
95
3
16
3
97
5
64
4
33
2
84
3
16
4
72
1
31
1
49
0
50
1
11
5
57
5
65
3
85
2
89
4
81
4
72
3
35
3
77
5
82
1
35
4
55
2
92
1
23
2
49
2
6
3
47
4
51
1
55
3
12
2
72
1
56
1
76
2
29
1
5
2
42
1
2
4
47
4
4
4
44
2
39
3
81
5
8
1
9
3
29
1
69
2
11
3
6
1
99
5
38
3
6
1
85
1
51
4
81
4
15
2
28
3
47
3
64
5
23
4
89
1
21
1
82
1
48
5
64
3
63
1
11
5
66
4
91
3
98
4
47
4
92
0
20
3
31
2
44
4
77
5
88
5
2
1
89
1
9
1
65
5
35
4
31
5
53
5
98
2
55
2
1
2
68
5
99
1
59
1
43
2
61
0
60
5
78
4
58
2
94
3
45
1
44
0
80
1
97
1
9
1
66
1
6
3
66
2
35
3
68
3
66
1
11
1
14
4
91
2
74
1
9
3
67
2
15
5
19
4
26
1
38
3
67
2
72
4
78
4
4
3
82
1
11
3
19
2
82
1
87
1
42
1
52
2
26
1
2
1
98
4
99
4
54
4
72
5
83
5
2
3
35
3
93
2
19
0
0
3
22
3
4
2
7
1
39
4
42
2
74
5
64
2
55
2
7
5
72
5
43
2
14
2
69
3
42
1
5
3
71
1
67
5
38
1
72
5
98
3
52
5
96
4
62
1
56
3
51
4
57
2
64
2
29
2
99
4
85
3
58
3
89
1
63
3
92
2
1
3
29
3
57
3
84
5
44
2
43
1
55
5
19
3
97
1
56
2
88
2
85
4
17
2
88
1
24
1
46
3
91
2
34
3
79
5
46
1
45
2
41
1
15
3
2
4
8
2
19
1
74
3
88
4
49
1
31
1
58
1
85
4
9
4
2
4
19
3
91
3
76
5
44
3
44
5
99
1
91
5
77
2
97
2
2
1
4
5
46
3
31
0
71
4
86
4
43
3
73
4
79
4
63
3
12
5
18
2
51
5
92
4
97
1
95
3
27
4
11
2
63
2
68
1
19
1
79
4
95
4
28
3
97
4
93
5
13
4
67
5
63
4
99
5
97
3
57
3
1
4
49
1
59
2
39
3
64
2
57
2
74
3
95
1
29
3
9
2
98
5
19
5
38
4
2
5
33
3
65
2
99
1
96
4
52
2
81
1
4
4
58
2
2
5
3
2
68
1
7
4
45
4
39
3
3
3
95
2
77
5
97
2
77
1
67
4
36
4
15
2
69
2
62
4
99
2
59
5
43
1
79
3
19
3
77
3
82
4
45
5
69
5
48
4
29
2
44
3
34
2
66
5
32
5
96
2
17
5
57
1
52
3
85
2
17
3
85
5
15
2
68
3
93
5
33
3
13
3
75
2
31
2
42
4
92
3
45
2
77
2
69
1
63
1
3
4
64
4
12
3
62
3
84
5
89
4
26
3
81
0
97
3
99
4
19
4
86
2
47
2
3
4
8
2
61
2
17
1
43
4
63
5
38
5
52
2
98
4
43
3
41
4
82
1
6
1
27
0
50
5
34
3
5
3
88
5
44
1
81
2
33
5
55
3
68
5
25
2
25
5
62
1
7
5
39
1
28
5
65
0
0
5
46
3
99
2
9
5
55
0
50
4
75
1
73
4
34
4
34
3
91
1
21
2
4
4
49
5
24
3
24
4
74
5
68
5
74
4
74
1
34
3
76
4
12
5
95
1
82
2
79
4
2
1
44
4
9
5
5
1
44
3
71
3
98
2
2
3
89
4
28
4
14
3
41
2
29
1
59
1
31
1
94
1
84
1
86
3
67
4
67
3
76
4
46
3
43
5
79
2
98
3
13
5
9
0
51
3
15
3
92
3
23
5
63
2
92
5
38
2
91
4
84
2
61
4
12
4
47
4
22
5
24
2
1
2
92
4
38
3
54
2
78
5
35
2
74
3
54
4
23
3
21
4
78
4
77
3
82
3
39
3
54
1
8
1
43
2
49
1
59
1
69
4
84
5
34
4
65
2
51
3
1
1
69
1
57
5
33
3
48
3
66
1
56
1
3
1
97
2
67
2
14
1
47
1
53
3
45
4
79
4
33
2
53
4
79
4
78
3
34
2
32
2
89
5
92
1
77
2
28
2
27
1
45
5
85
5
77
3
27
0
80
4
19
4
37
3
71
3
59
3
99
2
9
4
48
5
63
5
99
3
61
2
3
1
8
3
99
2
22
2
88
5
37
2
19
1
11
4
26
5
53
4
59
2
73
1
1
1
66
5
64
4
74
4
87
3
96
5
82
5
98
1
55
5
53
1
8
4
8
1
36
2
35
5
66
2
29
4
79
3
48
3
55
1
98
4
99
1
64
2
79
2
38
3
9
1
8
4
11
2
79
5
55
4
61
5
32
5
63
3
75
1
38
3
62
2
18
1
11
1
1
4
81
4
8
1
3
3
91
4
45
3
49
2
29
3
26
5
36
3
38
2
89
2
22
0
40
2
69
5
93
2
88
5
38
3
67
5
51
4
41
2
83
2
78
4
7
5
14
4
77
5
75
2
29
5
67
2
49
1
85
1
63
4
6
4
79
3
25
1
13
4
69
5
12
1
57
4
81
3
46
4
29
1
61
3
45
3
34
5
43
4
79
2
65
2
98
1
25
3
97
4
8
2
87
3
24
4
25
5
85
3
79
3
6
4
87
1
29
4
61
1
7
2
23
3
37
5
15
4
5
2
33
3
85
0
80
2
37
5
13
5
18
4
21
4
33
1
93
1
29
2
51
1
67
5
37
1
11
1
4
1
33
2
79
3
95
2
7
3
17
2
62
5
3
3
24
5
58
2
54
1
99
5
98
4
92
5
67
1
15
5
69
4
51
2
7
2
13
3
14
1
42
1
55
5
53
5
29
4
61
4
77
1
95
2
9
5
45
2
25
5
38
2
83
5
32
3
75
4
39
3
5
4
46
3
93
3
64
1
3
4
18
5
57
4
48
3
2
1
81
1
14
1
25
1
68
2
78
2
26
5
37
1
19
2
74
3
51
5
39
1
99
1
12
3
87
2
96
1
99
1
64
1
19
1
17
3
4
2
61
4
86
2
1
1
85
3
41
1
36
2
28
2
67
1
74
1
58
1
6
2
93
4
64
2
33
4
63
3
3
5
55
4
51
2
2
2
93
1
31
2
27
5
97
3
66
5
94
3
93
3
83
3
62
2
36
3
7
5
32
5
27
2
29
2
99
1
54
2
96
4
19
3
65
3
59
1
25
5
27
0
86
4
74
2
5
4
99
3
12
0
30
4
33
2
66
5
19
1
81
3
99
5
94
1
67
3
89
3
2
3
65
3
49
3
89
3
46
5
73
1
3
4
1
2
84
5
18
0
60
4
9
5
88
1
85
3
87
1
53
4
24
1
21
3
41
2
1
5
69
2
26
4
45
5
46
4
13
1
69
2
6
3
8
5
55
5
29
4
37
3
28
3
27
3
18
5
23
2
86
5
93
4
24
3
89
2
42
4
37
3
21
1
96
3
33
5
9
1
34
1
49
1
73
5
54
5
24
1
33
4
35
1
74
1
51
3
23
3
7
2
5
1
26
5
93
2
91
4
77
5
97
4
43
1
86
3
9
5
84
4
19
0
20
1
15
2
8
4
27
5
57
5
38
3
49
2
26
2
86
5
75
4
62
2
13
5
56
3
1
1
89
4
19
5
23
5
99
1
6
3
91
1
83
5
55
3
8
2
58
4
94
1
72
5
89
0
30
4
54
1
99
1
85
1
3
1
38
5
22
3
59
5
89
3
9
1
17
3
22
1
52
3
84
2
39
2
67
4
49
5
99
3
25
1
53
3
79
3
53
4
28
3
57
5
69
5
69
3
14
3
97
4
56
2
51
