9
30
7
99
9
38
8
89
9
8
6
6
7
59
7
69
0
60
6
89
9
99
6
99
7
69
9
99
7
68
8
50
6
89
8
29
7
9
9
61
8
30
9
41
7
59
9
31
7
19
7
69
7
68
0
90
7
59
7
39
8
76
8
90
8
90
6
7
8
20
7
6
8
8
9
42
7
99
7
29
8
9
6
29
8
77
6
58
6
49
9
11
8
6
6
45
9
61
8
48
9
87
9
77
9
37
8
47
6
86
8
86
8
66
6
19
8
68
6
59
9
61
9
21
7
38
7
59
6
46
7
96
6
59
6
79
7
79
9
10
8
76
9
51
8
40
7
89
7
89
7
69
9
61
9
32
7
28
8
90
7
56
9
77
7
49
9
80
6
19
6
49
7
19
6
49
9
21
9
37
6
49
6
19
9
51
9
99
8
50
7
48
8
60
8
58
9
49
6
29
6
38
7
39
9
42
8
50
9
20
9
77
8
38
9
40
8
10
6
19
9
79
8
18
8
98
6
29
8
80
6
59
10
82
7
69
7
99
9
71
6
97
8
26
8
60
9
31
9
11
9
81
6
49
8
17
8
70
9
42
9
99
8
20
8
99
9
69
9
38
7
89
8
20
9
77
6
36
6
49
0
50
6
16
9
62
9
70
8
90
7
89
8
86
9
77
8
40
8
80
9
87
6
39
9
60
7
97
6
28
7
49
7
9
8
50
9
51
6
59
8
17
7
77
6
59
6
79
7
29
6
9
7
47
6
7
9
51
9
9
9
49
7
39
8
86
9
12
6
9
8
30
6
69
7
16
8
10
6
99
9
42
8
10
6
89
6
56
8
86
9
20
7
29
8
47
8
69
9
28
9
91
6
26
6
87
6
49
9
69
8
68
6
11
9
71
8
96
8
99
9
51
9
97
0
20
8
36
7
49
9
81
9
92
9
7
6
89
6
9
6
69
9
40
8
36
9
58
9
99
7
59
7
6
7
69
9
99
6
59
6
48
7
66
0
60
10
82
9
61
7
99
8
50
6
49
0
80
6
99
6
9
6
66
6
9
8
70
7
39
8
70
8
70
6
16
6
19
8
96
7
79
6
9
8
70
7
19
10
22
9
31
6
39
8
70
7
77
9
81
9
9
8
87
6
16
8
20
7
87
6
89
6
47
6
57
7
29
6
7
6
99
9
99
9
59
9
77
9
88
9
7
8
40
8
98
7
19
0
0
8
27
8
9
7
9
6
39
9
47
7
79
9
69
7
59
7
9
9
77
9
48
7
19
7
69
8
47
6
9
8
76
6
69
9
42
6
77
9
99
8
57
9
99
9
67
6
59
8
56
9
61
7
69
7
29
7
99
9
90
8
60
8
90
6
68
8
97
7
6
8
30
8
60
8
89
9
49
7
48
6
59
10
22
8
99
6
59
7
89
7
85
9
21
7
89
6
29
6
49
8
96
7
39
8
80
9
51
6
49
7
46
6
19
8
7
9
11
7
19
6
79
8
90
9
51
6
36
6
59
6
89
4
9
9
7
9
21
8
96
8
80
9
49
8
49
9
99
6
96
10
82
7
99
7
7
6
9
9
51
8
36
0
71
9
91
9
48
8
78
9
81
9
68
8
17
10
22
7
56
9
97
9
99
6
99
8
30
9
11
7
68
7
69
6
19
6
79
9
99
9
31
8
97
9
98
9
18
9
71
9
68
9
99
9
99
8
60
8
6
9
51
6
59
7
39
8
69
2
59
7
79
8
99
6
29
8
10
7
99
10
22
9
42
9
7
9
38
8
70
7
99
6
99
9
57
7
86
6
9
9
58
7
7
9
8
7
69
6
9
8
45
9
41
8
8
8
99
7
79
9
99
7
79
6
69
9
41
9
20
7
69
7
67
9
99
7
59
9
48
6
79
3
19
8
80
8
87
9
50
9
72
10
52
9
31
7
49
8
39
7
69
9
37
9
96
7
19
9
62
6
57
8
90
7
19
8
90
9
20
7
69
8
98
9
38
8
18
8
80
7
36
7
42
9
97
8
50
7
79
2
69
6
68
6
8
9
69
9
17
8
67
8
89
9
92
9
31
8
86
0
97
8
99
9
21
9
91
7
49
7
8
9
11
7
66
7
19
6
48
9
68
9
42
9
57
7
99
9
48
8
46
9
87
6
9
6
29
0
50
9
39
8
10
8
90
9
49
6
86
7
38
9
60
8
70
9
30
7
29
9
67
6
9
9
42
6
29
9
70
0
0
9
51
8
99
7
9
9
60
0
50
9
80
6
78
9
39
9
39
8
91
6
26
7
9
9
51
9
29
8
29
9
79
9
72
9
79
9
79
6
39
8
80
9
17
9
99
6
87
7
79
9
7
6
44
9
11
9
10
6
49
8
76
8
99
7
7
8
90
9
31
9
19
8
41
7
29
6
59
6
36
6
99
6
89
6
89
8
70
9
71
8
80
9
51
8
48
10
82
7
99
8
18
9
12
0
51
8
20
8
97
8
28
9
68
7
97
9
42
2
96
9
89
7
66
9
17
9
51
9
27
9
29
7
6
7
97
9
41
8
59
7
79
9
40
7
79
8
59
9
28
3
26
9
81
9
81
8
87
8
40
3
54
6
9
6
48
7
49
6
59
6
69
9
89
9
39
9
70
7
56
8
1
6
69
6
59
9
38
8
50
8
70
6
56
6
8
6
97
7
69
7
19
6
49
6
58
8
50
9
81
9
38
7
58
9
81
9
81
3
39
7
37
7
89
9
97
6
79
7
29
7
29
6
49
9
90
10
82
8
30
0
80
9
21
9
41
8
76
8
60
3
99
7
9
9
51
9
68
9
99
8
66
7
8
6
9
8
99
7
27
7
89
9
42
7
19
6
16
9
31
9
58
4
59
7
78
6
6
6
69
9
69
9
73
9
91
8
99
9
87
9
99
6
55
9
58
6
9
9
11
6
39
7
39
9
71
2
29
9
81
8
50
8
60
6
99
9
99
1
69
7
79
7
39
8
10
6
9
8
16
7
79
9
60
8
66
9
37
9
68
8
80
6
39
8
67
7
19
6
16
6
6
8
86
9
11
6
8
8
96
9
50
8
50
7
29
8
30
9
41
8
40
7
89
7
22
0
40
7
69
9
98
7
89
9
42
3
69
10
51
8
46
7
88
7
79
9
11
9
19
9
81
9
80
7
29
9
72
7
49
6
89
6
68
9
11
9
81
8
30
6
18
9
71
9
17
6
59
8
86
8
50
9
31
6
66
8
50
8
39
9
48
9
81
7
69
7
99
6
29
8
99
9
11
7
89
8
29
9
30
9
90
8
80
8
10
9
91
6
29
8
66
6
9
7
28
8
40
9
20
9
10
7
38
8
90
0
80
7
39
9
18
10
22
8
26
9
33
6
98
6
29
7
56
6
69
9
42
6
16
6
9
6
38
2
79
8
99
7
9
8
20
7
67
9
8
8
29
9
62
7
54
6
99
9
99
9
92
9
72
6
19
9
72
8
56
7
9
7
18
8
14
6
47
1
59
9
58
9
32
8
66
9
81
1
99
7
9
9
50
7
29
9
42
7
88
9
37
8
80
9
41
8
10
4
49
8
98
8
69
6
8
9
21
9
62
9
51
8
7
6
86
6
19
6
29
6
69
2
79
2
29
9
42
6
19
7
79
8
56
9
42
6
99
6
17
8
90
7
99
6
99
6
69
6
19
6
19
8
9
7
66
9
91
7
6
6
89
8
46
6
39
7
29
7
69
6
79
6
59
6
9
7
98
9
69
7
38
9
68
8
8
9
60
8
56
7
7
7
98
6
36
7
29
9
99
8
70
9
99
8
98
8
88
8
62
7
39
8
10
9
37
9
32
7
29
2
99
6
59
7
96
9
21
8
70
8
60
6
29
9
32
0
86
9
79
7
9
9
99
8
17
0
30
9
38
7
69
10
22
6
81
8
99
9
99
6
69
8
90
3
7
8
70
8
50
8
90
8
50
9
78
6
8
8
6
7
89
10
22
0
60
9
11
9
92
6
89
8
90
6
58
9
29
6
26
8
46
7
6
9
72
7
29
8
45
9
51
9
18
6
69
7
9
8
10
9
60
9
32
9
41
8
30
8
30
8
20
9
28
7
89
9
98
9
29
8
90
7
47
9
41
8
26
6
99
8
38
9
12
6
39
6
49
6
78
9
59
9
29
6
38
8
35
6
79
6
56
8
28
8
10
7
9
6
29
9
98
7
96
9
81
9
99
9
48
6
89
8
10
9
89
9
21
0
20
1
19
7
9
9
31
9
62
9
42
8
50
7
29
7
89
9
80
9
67
7
18
9
61
8
1
6
89
9
21
9
28
9
99
6
9
8
96
6
83
9
60
8
10
7
59
9
99
6
77
9
92
0
30
9
59
6
99
6
89
6
8
6
39
9
27
8
60
9
92
8
10
6
19
8
27
6
57
8
89
7
39
7
69
9
51
9
99
8
30
6
58
8
80
8
58
9
31
8
60
9
72
9
72
8
19
8
99
4
59
7
56
