9
34
9
99
9
44
9
94
9
14
9
14
9
64
9
74
0
60
9
94
9
99
9
99
9
74
9
99
9
74
19
62
9
94
9
34
9
14
9
64
9
34
9
44
9
64
9
34
19
31
9
74
9
74
0
90
9
64
9
44
16
88
9
94
9
94
9
14
19
32
9
14
9
14
9
44
9
99
9
34
9
14
9
34
17
89
9
64
18
60
9
14
9
14
8
45
9
64
18
60
9
94
17
89
9
44
17
59
9
94
9
94
9
74
18
30
9
74
9
64
9
64
19
33
9
44
9
64
16
58
9
99
9
64
18
90
19
91
9
14
16
88
19
63
9
44
9
94
9
94
9
74
9
64
9
34
9
34
9
94
9
64
17
89
19
61
19
92
18
30
18
60
19
31
18
60
19
33
9
44
18
60
18
30
19
63
9
99
19
62
18
60
9
64
9
64
19
61
9
34
9
44
9
44
9
44
19
62
19
32
17
89
9
44
9
44
9
14
18
30
19
91
18
30
9
99
9
34
19
92
9
64
19
94
9
74
9
99
9
74
9
99
9
34
9
64
9
34
9
14
19
93
18
60
17
29
9
74
9
44
9
99
19
32
9
99
9
74
9
44
9
94
19
32
17
89
9
44
18
60
0
50
16
28
9
64
9
74
9
94
9
94
9
94
17
89
9
44
19
92
9
94
9
44
9
64
9
99
9
34
19
61
9
14
19
62
19
51
9
64
17
29
17
89
9
64
18
90
9
34
9
14
17
59
9
14
19
63
9
14
19
61
9
44
9
94
9
14
9
14
9
34
9
74
16
28
9
14
9
99
9
44
9
14
9
94
9
64
9
94
19
32
9
34
9
47
9
74
9
34
9
94
9
34
9
94
18
60
9
74
9
74
9
11
9
74
9
99
9
99
19
63
9
99
0
20
9
44
19
61
19
93
9
94
9
14
9
94
9
14
9
74
9
44
9
44
9
64
9
99
9
64
9
14
9
74
9
99
9
64
18
60
9
74
0
60
19
94
9
64
9
99
19
62
18
60
0
80
9
99
9
14
9
66
9
14
9
74
9
44
9
74
9
74
16
28
18
30
9
99
19
91
9
14
9
74
19
31
19
34
9
34
9
44
9
74
17
89
19
93
9
14
9
94
16
28
19
32
9
94
9
94
17
59
9
64
9
34
9
14
9
99
9
99
9
64
17
89
9
94
9
14
9
44
9
99
19
31
0
0
9
34
9
14
9
14
9
44
17
59
19
91
9
74
9
64
9
14
17
89
18
60
19
31
9
74
17
59
9
14
16
88
9
74
9
44
17
89
9
99
9
64
9
99
9
74
9
64
9
64
9
64
9
74
9
34
9
99
9
94
9
64
9
94
9
74
9
99
9
14
9
34
9
64
9
94
19
61
18
60
9
64
19
34
9
99
9
64
9
94
8
85
19
33
9
94
9
34
18
60
9
99
9
44
19
92
19
63
18
60
16
58
18
30
9
14
9
14
19
31
18
90
9
94
19
63
9
44
9
64
9
94
4
9
9
14
19
33
9
99
19
92
19
61
19
61
9
99
9
99
19
94
9
99
9
14
9
14
19
63
9
44
0
71
9
94
18
60
18
90
19
93
9
74
17
29
19
34
9
64
9
99
9
99
9
99
9
34
9
11
9
74
9
74
18
30
18
90
9
99
9
34
9
97
9
99
18
30
9
74
9
74
9
99
9
99
9
64
9
14
19
63
9
64
9
44
9
74
2
59
19
91
9
99
9
34
9
14
9
99
19
34
9
44
9
14
9
44
9
74
9
99
9
99
9
64
9
94
9
14
9
58
9
14
9
14
9
74
9
14
8
45
9
44
9
14
9
99
19
91
9
99
19
91
9
74
9
44
19
32
9
74
9
74
9
99
9
64
18
60
18
90
3
19
19
92
9
94
19
62
9
74
19
64
9
34
19
61
9
44
9
74
9
44
9
96
19
31
9
64
9
64
9
94
19
31
9
94
19
32
9
74
9
99
9
44
18
30
19
92
9
44
9
42
9
99
19
62
19
91
2
69
9
74
9
14
9
74
17
29
9
74
9
94
9
94
9
34
9
94
0
97
9
99
19
33
9
94
19
61
9
14
9
14
9
74
19
31
18
60
9
74
9
44
9
64
9
99
18
60
16
58
9
94
9
14
9
34
0
50
9
44
9
14
9
94
19
61
9
94
9
44
9
64
9
74
9
34
9
34
9
74
9
14
9
44
9
34
9
74
0
0
19
63
9
99
9
14
9
64
0
50
19
92
18
90
9
44
9
44
9
91
9
34
9
14
19
63
9
34
9
34
19
91
9
74
19
91
19
91
9
44
19
92
17
29
9
99
9
94
19
91
9
14
9
43
9
14
9
14
18
60
16
88
9
99
9
14
9
94
9
34
19
31
9
41
9
34
9
64
9
44
9
99
9
94
9
94
9
74
9
74
19
92
19
63
18
60
19
94
9
99
18
30
9
14
0
51
19
32
9
99
9
34
9
74
9
99
9
44
2
99
9
94
9
74
17
29
19
63
9
34
9
34
9
14
9
99
9
44
9
64
19
91
9
44
19
91
9
64
9
34
3
29
19
93
19
93
9
94
9
44
3
54
9
14
18
60
19
61
9
64
9
74
9
94
9
44
9
74
9
64
9
1
9
74
9
64
9
44
19
62
9
74
9
56
9
14
9
97
9
74
19
31
18
60
9
64
19
62
19
93
9
44
9
64
19
93
19
93
3
39
9
44
9
94
9
99
18
90
9
34
9
34
18
60
9
94
19
94
9
34
0
80
19
33
9
44
16
88
9
64
3
99
9
14
19
63
9
74
9
99
9
74
9
14
9
14
9
99
9
34
9
94
9
44
19
31
16
28
9
34
9
64
4
59
18
90
9
14
9
74
9
74
9
73
9
94
9
99
9
94
9
99
8
55
9
64
9
14
9
14
9
44
9
44
9
74
2
29
19
93
19
62
9
64
9
99
9
99
1
69
19
91
9
44
9
14
9
14
16
28
19
91
9
64
9
74
9
44
9
74
19
92
9
44
9
74
19
31
16
28
9
14
9
94
9
14
9
14
9
99
19
62
19
62
9
34
9
34
9
44
9
44
9
94
19
22
0
40
9
74
9
99
9
94
9
44
3
69
19
51
16
58
9
94
19
91
9
14
19
31
19
93
19
92
9
34
9
74
19
61
9
94
9
74
9
14
19
93
9
34
18
30
9
74
17
29
9
64
9
94
19
62
9
34
9
74
19
62
9
44
18
60
19
93
9
74
9
99
9
34
9
99
9
14
9
94
9
34
9
34
9
94
19
92
9
14
9
94
9
34
9
74
9
14
9
34
9
44
19
32
9
14
9
44
9
94
0
80
9
44
18
30
19
34
9
34
9
33
9
99
9
34
9
64
9
74
9
44
16
28
9
14
9
44
2
79
9
99
9
14
19
32
9
74
9
14
9
34
9
64
19
52
9
99
9
99
9
92
9
74
18
30
9
74
9
64
9
14
18
30
9
13
17
59
1
59
9
64
9
34
9
74
19
93
1
99
9
14
19
62
9
34
9
44
9
94
9
44
19
92
9
44
9
14
4
49
9
99
9
74
9
14
19
33
9
64
19
63
9
14
9
94
18
30
9
34
9
74
2
79
2
29
9
44
18
30
19
91
9
64
9
44
9
99
17
29
9
94
9
99
9
99
9
74
18
30
18
30
9
14
9
74
9
94
9
14
9
94
16
58
9
44
9
34
9
74
18
90
9
64
9
14
9
99
9
74
9
44
9
74
9
14
9
64
9
64
9
14
9
99
9
44
9
34
9
99
9
74
9
99
9
99
9
94
9
62
9
44
9
14
9
44
9
34
9
34
2
99
9
64
9
96
19
33
9
74
9
64
9
34
9
34
0
86
19
91
9
14
9
99
17
29
0
30
9
44
9
74
19
34
18
81
9
99
9
99
9
74
9
94
3
9
9
74
19
62
9
94
19
62
18
90
9
14
9
14
9
94
19
34
0
60
9
14
9
94
9
94
9
94
9
64
9
34
9
34
16
58
9
14
9
74
9
34
8
45
19
63
18
30
9
74
9
14
9
14
9
64
9
34
9
44
9
34
9
34
19
32
9
34
9
94
9
99
9
34
9
94
17
59
9
44
9
34
9
99
9
44
9
14
9
44
18
60
18
90
9
64
9
34
9
44
8
35
18
90
9
64
9
34
9
14
9
14
9
34
9
99
9
99
19
93
9
99
18
60
9
94
9
14
9
94
19
33
0
20
1
19
9
14
9
34
9
64
9
44
19
62
9
34
9
94
19
92
9
74
18
30
9
64
9
1
9
94
19
33
9
34
9
99
9
14
9
99
18
83
9
64
9
14
9
64
9
99
17
89
9
94
0
30
9
64
9
99
9
94
9
14
9
44
9
34
9
64
9
94
9
14
18
30
9
34
9
64
9
94
9
44
9
74
19
63
9
99
9
34
9
64
19
92
9
64
9
34
9
64
9
74
9
74
19
31
9
99
4
59
9
64
