9
33
9
99
9
41
9
92
9
11
9
9
9
62
9
72
0
60
9
91
9
99
9
99
9
72
9
99
9
71
11
53
9
91
9
32
9
12
9
64
9
33
9
44
9
62
9
34
10
22
9
72
9
71
0
90
9
62
9
42
9
79
9
93
9
93
9
10
11
23
9
9
9
11
9
44
9
99
9
32
9
12
9
31
9
80
9
61
9
51
9
14
9
9
8
45
9
64
9
51
9
90
9
80
9
40
9
50
9
89
9
89
9
69
9
21
9
71
9
61
9
64
12
24
9
41
9
62
9
49
9
99
9
61
9
81
10
82
9
13
9
79
12
54
9
43
9
92
9
92
9
72
9
64
9
34
9
31
9
93
9
59
9
80
10
52
11
83
9
21
9
51
10
22
9
51
12
24
9
40
9
51
9
21
12
54
9
99
11
53
9
51
9
63
9
61
10
52
9
31
9
41
9
42
9
44
11
53
11
23
9
80
9
41
9
43
9
13
9
21
10
82
9
21
9
99
9
31
11
83
9
61
13
85
9
72
9
99
9
74
9
99
9
29
9
63
9
34
9
14
12
84
9
51
9
20
9
73
9
44
9
99
11
23
9
99
9
72
9
41
9
92
11
23
9
80
9
39
9
51
0
50
9
19
9
64
9
73
9
93
9
92
9
89
9
80
9
43
11
83
9
90
9
41
9
63
9
99
9
31
10
52
9
12
11
53
12
51
9
61
9
20
9
80
9
61
9
81
9
32
9
11
9
50
9
10
12
54
9
12
10
52
9
42
9
89
9
14
9
11
9
33
9
71
9
19
9
13
9
99
9
44
9
13
9
91
9
59
9
89
11
23
9
32
9
47
9
72
9
31
9
94
9
29
9
90
9
51
9
72
9
71
9
11
9
74
9
99
9
99
12
54
9
99
0
20
9
39
10
52
12
84
9
94
9
10
9
91
9
11
9
71
9
43
9
39
9
61
9
99
9
62
9
9
9
72
9
99
9
61
9
51
9
69
0
60
13
85
9
64
9
99
11
53
9
51
0
80
9
99
9
11
9
66
9
11
9
73
9
42
9
73
9
73
9
19
9
21
9
99
10
82
9
11
9
73
10
22
13
25
9
34
9
41
9
73
9
80
12
84
9
12
9
90
9
19
11
23
9
90
9
91
9
50
9
60
9
32
9
10
9
99
9
99
9
62
9
80
9
91
9
10
9
43
9
99
10
22
0
0
9
30
9
12
9
12
9
41
9
50
10
82
9
72
9
62
9
12
9
80
9
51
10
22
9
72
9
50
9
11
9
79
9
71
9
44
9
80
9
99
9
60
9
99
9
70
9
61
9
59
9
64
9
72
9
32
9
99
9
93
9
63
9
93
9
71
9
99
9
9
9
33
9
63
9
92
10
52
9
51
9
61
13
25
9
99
9
61
9
92
8
85
12
24
9
92
9
31
9
51
9
99
9
42
11
83
12
54
9
51
9
49
9
21
9
10
9
14
10
22
9
81
9
93
12
54
9
39
9
61
9
91
4
9
9
10
12
24
9
99
11
83
10
52
10
52
9
99
9
99
13
85
9
99
9
10
9
11
12
54
9
39
0
71
9
94
9
51
9
81
12
84
9
71
9
20
13
25
9
59
9
99
9
99
9
99
9
33
9
11
9
71
9
72
9
21
9
81
9
99
9
34
9
97
9
99
9
21
9
74
9
71
9
99
9
99
9
63
9
9
12
54
9
61
9
42
9
72
2
59
10
82
9
99
9
31
9
13
9
99
13
25
9
44
9
10
9
41
9
73
9
99
9
99
9
60
9
89
9
11
9
58
9
10
9
11
9
72
9
11
8
45
9
44
9
11
9
99
10
82
9
99
10
82
9
71
9
44
11
23
9
72
9
70
9
99
9
62
9
51
9
81
3
19
11
83
9
90
11
53
9
74
13
55
9
34
10
52
9
42
9
72
9
40
9
96
10
22
9
64
9
60
9
93
10
22
9
93
11
23
9
72
9
99
9
41
9
21
11
83
9
39
9
42
9
99
11
53
10
82
2
69
9
71
9
11
9
72
9
20
9
70
9
92
9
94
9
34
9
89
0
97
9
99
12
24
9
94
10
52
9
11
9
14
9
69
10
22
9
51
9
71
9
44
9
60
9
99
9
51
9
49
9
90
9
11
9
31
0
50
9
42
9
13
9
93
10
52
9
89
9
41
9
63
9
73
9
33
9
32
9
70
9
11
9
44
9
31
9
73
0
0
12
54
9
99
9
12
9
63
0
50
11
83
9
81
9
42
9
42
9
91
9
29
9
12
12
54
9
32
9
32
10
82
9
74
10
82
10
82
9
41
11
83
9
20
9
99
9
90
10
82
9
10
9
43
9
14
9
13
9
51
9
79
9
99
9
10
9
93
9
34
10
22
9
41
9
32
9
61
9
39
9
99
9
91
9
91
9
73
9
74
11
83
12
54
9
51
13
85
9
99
9
21
9
14
0
51
11
23
9
99
9
31
9
71
9
99
9
44
2
99
9
92
9
69
9
20
12
54
9
30
9
32
9
9
9
99
9
44
9
62
10
82
9
43
10
82
9
62
9
31
3
29
12
84
12
84
9
90
9
43
3
54
9
11
9
51
10
52
9
61
9
71
9
92
9
42
9
73
9
59
9
1
9
71
9
61
9
41
11
53
9
73
9
56
9
11
9
97
9
72
10
22
9
51
9
61
11
53
12
84
9
41
9
61
12
84
12
84
3
39
9
40
9
92
9
99
9
81
9
32
9
32
9
51
9
93
13
85
9
33
0
80
12
24
9
44
9
79
9
63
3
99
9
12
12
54
9
71
9
99
9
69
9
11
9
11
9
99
9
30
9
92
9
44
10
22
9
19
9
34
9
61
4
59
9
81
9
9
9
71
9
72
9
73
9
94
9
99
9
90
9
99
8
55
9
61
9
11
9
14
9
41
9
42
9
74
2
29
12
84
11
53
9
63
9
99
9
99
1
69
10
82
9
42
9
13
9
11
9
19
10
82
9
63
9
69
9
40
9
71
11
83
9
41
9
70
10
22
9
19
9
9
9
89
9
14
9
11
9
99
11
53
11
53
9
32
9
33
9
44
9
43
9
92
10
22
0
40
9
72
9
99
9
92
9
44
3
69
13
51
9
49
9
91
10
82
9
14
10
22
12
84
11
83
9
32
9
74
10
52
9
91
9
71
9
14
12
84
9
33
9
21
9
74
9
20
9
61
9
89
11
53
9
34
9
69
11
53
9
42
9
51
12
84
9
72
9
99
9
31
9
99
9
14
9
92
9
32
9
33
9
93
11
83
9
13
9
94
9
31
9
69
9
11
9
31
9
43
11
23
9
13
9
41
9
93
0
80
9
42
9
21
13
25
9
29
9
33
9
99
9
31
9
59
9
71
9
44
9
19
9
11
9
41
2
79
9
99
9
12
11
23
9
70
9
11
9
32
9
64
10
52
9
99
9
99
9
92
9
74
9
21
9
74
9
59
9
12
9
21
9
13
9
50
1
59
9
61
9
34
9
69
12
84
1
99
9
12
11
53
9
32
9
44
9
91
9
40
11
83
9
44
9
13
4
49
9
99
9
72
9
11
12
24
9
64
12
54
9
10
9
89
9
21
9
31
9
71
2
79
2
29
9
44
9
21
10
82
9
59
9
44
9
99
9
20
9
93
9
99
9
99
9
71
9
21
9
21
9
12
9
69
9
94
9
9
9
91
9
49
9
41
9
32
9
72
9
81
9
61
9
11
9
99
9
72
9
41
9
71
9
11
9
63
9
59
9
10
9
99
9
39
9
32
9
99
9
73
9
99
9
99
9
91
9
62
9
42
9
13
9
40
9
34
9
32
2
99
9
61
9
96
12
24
9
73
9
63
9
31
9
34
0
86
10
82
9
12
9
99
9
20
0
30
9
41
9
72
13
25
9
81
9
99
9
99
9
71
9
93
3
9
9
73
11
53
9
93
11
53
9
81
9
11
9
9
9
92
13
25
0
60
9
14
9
94
9
91
9
93
9
61
9
32
9
29
9
49
9
9
9
74
9
32
8
45
12
54
9
21
9
71
9
12
9
13
9
63
9
34
9
44
9
33
9
33
11
23
9
31
9
92
9
99
9
32
9
93
9
50
9
44
9
29
9
99
9
41
9
14
9
41
9
51
9
81
9
62
9
32
9
41
8
35
9
81
9
59
9
31
9
13
9
12
9
31
9
99
9
99
12
84
9
99
9
51
9
91
9
13
9
92
12
24
0
20
1
19
9
12
9
34
9
64
9
44
11
53
9
32
9
92
11
83
9
70
9
21
9
64
9
1
9
91
12
24
9
31
9
99
9
11
9
99
9
83
9
63
9
13
9
62
9
99
9
80
9
94
0
30
9
62
9
99
9
91
9
11
9
41
9
30
9
63
9
94
9
13
9
21
9
30
9
60
9
92
9
42
9
72
12
54
9
99
9
33
9
61
11
83
9
61
9
34
9
63
9
74
9
74
10
22
9
99
4
59
9
59
