9
13
11
53
9
34
16
58
9
42
13
85
9
14
9
64
9
94
9
64
9
34
9
94
9
63
12
84
11
23
14
56
9
34
12
24
9
14
9
44
9
13
9
93
9
32
9
94
9
14
9
63
12
84
9
74
9
34
13
25
12
84
9
99
0
50
12
24
9
43
9
74
9
14
9
64
9
98
9
94
9
14
12
54
0
30
10
22
9
64
13
25
9
94
9
64
9
44
13
55
9
74
9
34
15
87
0
40
9
34
9
14
12
54
13
55
16
88
9
44
14
86
11
53
9
34
9
64
9
13
9
74
0
20
9
33
9
14
9
99
9
14
9
14
9
63
15
27
9
74
9
34
13
85
15
87
9
94
9
94
9
64
9
34
16
28
9
34
13
85
12
84
9
99
9
14
15
57
9
94
9
94
9
99
9
34
13
25
11
23
11
23
12
54
9
99
9
99
9
99
9
99
9
99
9
44
9
44
9
74
9
99
9
99
9
34
16
28
9
74
9
94
9
74
9
99
12
84
9
44
9
74
9
44
12
84
9
33
11
83
9
99
9
33
9
14
12
24
13
85
9
74
9
44
9
93
9
44
14
86
12
24
9
74
9
42
9
12
9
44
9
74
9
72
9
34
9
64
9
14
13
55
9
32
9
72
9
73
9
73
9
34
13
55
15
87
9
94
9
94
9
74
9
74
9
64
9
64
9
99
13
25
9
99
16
88
9
94
9
94
9
14
0
20
13
55
13
55
9
64
9
14
9
32
16
58
9
99
9
44
12
24
9
73
9
74
9
74
9
94
11
83
9
99
9
92
9
34
9
34
9
44
9
74
9
94
9
94
9
14
14
86
13
85
13
55
13
25
9
44
12
24
9
72
13
25
9
14
9
74
10
22
9
13
9
99
9
44
9
94
15
87
0
0
15
27
16
28
12
84
9
94
13
25
14
26
9
44
11
83
9
34
13
55
9
32
9
99
15
27
9
34
9
94
9
44
9
34
9
34
9
14
9
93
9
99
9
14
12
24
9
99
9
14
12
84
9
64
9
43
14
26
9
99
9
14
9
44
9
92
13
85
12
54
9
64
10
22
9
64
9
33
9
14
9
64
9
64
9
74
15
27
9
14
9
64
15
57
11
83
9
99
9
32
12
54
9
3
9
94
9
64
9
44
9
94
9
33
9
34
9
14
11
23
13
25
9
94
15
87
9
74
9
64
9
64
0
50
13
85
9
74
16
28
9
14
1
59
9
34
10
22
9
99
9
34
2
9
13
85
9
34
9
34
9
64
9
74
9
68
9
44
9
44
12
24
9
99
15
27
12
54
3
9
10
52
10
22
13
55
9
99
14
56
9
94
9
74
9
34
9
34
9
99
9
94
9
99
14
56
9
13
12
84
15
87
13
25
9
94
9
94
15
27
9
99
14
86
11
83
9
99
9
99
9
44
9
99
9
32
11
23
9
64
16
28
9
99
9
64
9
74
9
64
12
54
9
44
2
28
12
24
9
99
9
99
1
9
9
99
9
44
10
22
16
88
9
94
15
57
9
44
9
73
9
44
12
24
9
62
0
60
9
64
9
31
14
86
9
14
9
14
9
34
9
44
14
26
9
44
9
44
9
34
10
22
9
34
16
88
9
14
12
24
11
53
9
14
12
54
9
64
13
85
10
52
9
74
15
87
10
22
9
44
9
99
9
64
9
94
9
14
9
74
9
32
9
94
9
94
14
26
9
99
9
32
11
83
12
54
15
57
9
34
9
94
10
52
9
63
10
52
9
14
9
14
12
84
9
99
9
74
9
99
9
44
9
1
9
99
9
94
13
85
9
62
9
44
9
99
9
63
11
53
9
94
15
87
9
34
12
24
9
64
9
14
9
33
9
44
14
26
9
44
0
30
9
34
9
44
9
63
9
34
9
33
9
74
9
99
9
42
9
74
9
94
9
14
16
58
9
14
9
64
13
25
9
99
9
34
9
94
14
86
10
82
13
85
9
74
9
34
9
99
9
34
9
91
14
26
9
14
9
74
11
83
9
44
14
26
9
94
9
64
9
62
9
99
9
14
9
44
9
44
12
84
9
64
9
34
9
44
9
74
9
94
9
99
16
28
9
34
9
74
9
94
9
7
9
14
9
74
16
28
14
56
14
56
9
63
9
14
9
64
16
88
11
23
14
26
9
99
9
74
9
99
9
64
9
64
15
27
9
64
10
22
12
54
9
62
9
94
9
14
9
44
11
23
13
55
9
34
9
74
9
64
10
82
9
34
12
54
13
25
11
53
13
85
9
64
9
94
9
94
9
44
9
14
9
99
9
94
9
99
9
62
13
85
9
14
13
25
9
73
13
25
9
99
9
29
9
99
9
99
9
74
12
84
9
64
9
14
16
58
9
94
9
99
0
80
14
86
13
85
9
34
9
94
9
99
16
58
9
92
9
99
9
99
9
94
9
8
9
33
10
22
10
52
10
52
9
74
9
74
9
94
4
89
15
87
13
55
9
99
9
94
13
85
9
99
14
26
9
94
9
74
9
99
13
85
9
44
9
42
9
17
9
99
14
56
15
57
9
94
9
64
9
34
9
94
9
94
9
34
9
94
12
54
9
34
12
54
9
14
14
26
13
25
9
63
9
14
9
32
13
25
15
57
10
22
9
63
9
74
0
90
0
0
9
92
9
34
9
74
14
86
9
74
9
93
15
27
9
74
0
40
9
14
9
44
9
13
9
99
9
13
14
26
9
94
9
14
9
94
9
64
9
44
9
93
9
74
9
99
13
25
8
45
9
94
14
26
14
86
0
90
9
14
9
92
16
88
9
94
9
64
12
24
9
14
9
99
9
73
9
94
14
86
12
24
13
55
0
80
9
74
9
64
9
34
9
34
9
99
9
58
9
14
9
74
9
59
9
34
14
86
9
34
9
12
12
24
9
63
16
58
9
44
15
27
9
13
12
84
9
74
9
64
9
44
12
84
9
99
9
34
10
82
9
92
9
14
9
44
11
83
9
14
9
34
14
26
9
14
11
83
9
8
9
34
9
64
9
74
13
85
9
44
9
64
9
73
9
44
11
53
9
99
9
64
9
92
9
64
9
32
9
72
9
94
9
14
9
14
13
25
9
94
9
42
9
99
9
64
9
64
16
28
14
86
9
73
9
14
9
44
14
86
9
74
9
34
15
57
9
93
11
23
9
94
16
58
9
64
9
94
9
94
9
74
9
34
9
99
9
64
9
14
9
14
9
74
9
99
9
94
11
23
9
62
9
64
9
34
10
22
9
14
15
87
9
74
9
14
9
99
9
94
9
34
9
74
16
58
15
57
9
14
12
84
12
84
9
64
9
94
9
93
8
65
9
14
12
24
9
99
9
14
13
55
9
62
14
56
9
92
0
0
14
56
9
34
12
84
12
24
9
43
13
55
16
58
9
74
12
54
10
52
9
94
9
74
9
74
9
64
9
64
9
64
9
94
9
94
16
58
14
26
9
99
9
44
13
25
9
94
9
44
9
34
9
94
9
44
9
34
12
84
9
99
9
44
15
87
9
12
15
87
9
99
13
25
9
99
9
74
9
99
0
53
12
24
9
34
9
94
9
94
0
50
9
99
9
14
9
34
9
64
9
94
9
12
8
55
9
32
9
14
12
84
9
99
9
99
9
64
9
33
9
94
11
53
12
84
14
26
9
44
9
64
9
74
9
94
9
34
9
74
9
13
9
92
9
64
9
99
9
99
9
99
9
94
9
94
9
34
9
14
9
34
12
24
13
25
13
55
9
44
9
93
12
24
9
44
9
74
14
86
9
9
13
55
9
14
13
55
9
33
9
94
10
52
9
74
9
34
9
14
9
14
9
14
15
23
15
87
9
33
9
27
9
14
14
26
9
99
14
86
1
68
9
99
9
94
1
19
9
74
9
94
9
64
9
99
11
83
12
24
9
14
14
86
9
14
14
56
10
52
9
43
9
44
14
86
9
44
13
25
9
74
9
64
15
27
13
85
9
74
9
99
9
94
12
54
9
94
9
44
9
44
9
34
9
64
9
14
9
99
9
74
9
64
9
34
0
30
9
64
9
99
9
74
9
14
9
14
9
64
9
64
12
54
0
0
9
94
9
73
9
74
14
56
9
73
9
74
9
74
16
28
9
42
9
13
9
99
9
44
9
64
2
99
9
94
13
55
0
50
9
78
9
44
9
44
10
82
9
74
9
33
9
99
13
25
9
99
0
0
16
88
9
34
11
53
9
94
13
55
9
99
9
64
9
73
0
20
9
74
9
62
13
25
13
85
11
83
0
70
16
28
9
99
9
34
9
74
0
80
9
74
13
85
9
92
9
44
9
74
9
14
15
27
9
74
15
87
9
44
9
93
9
94
9
34
9
44
9
34
9
44
9
14
9
14
9
99
9
94
9
99
12
84
15
27
9
44
14
56
9
99
9
44
9
74
3
89
8
65
9
74
12
24
13
55
9
63
14
26
0
40
9
88
9
33
0
20
9
33
11
53
13
55
9
44
9
99
9
94
9
99
