9
14
12
54
9
34
17
59
9
43
14
86
9
14
9
64
9
94
9
64
9
34
9
94
9
64
13
85
12
24
15
57
9
34
13
25
9
14
9
44
9
14
9
94
9
33
9
94
9
14
9
64
13
85
9
74
9
34
14
26
13
85
9
99
0
50
13
25
9
44
9
74
9
14
9
64
9
98
9
94
9
14
13
55
0
30
11
23
9
64
14
26
9
94
9
64
9
44
14
56
9
74
9
34
16
88
0
40
9
34
9
14
13
55
14
56
17
89
9
44
15
87
12
54
9
34
9
64
9
14
9
74
0
20
9
34
9
14
9
99
9
14
9
14
9
64
16
28
9
74
9
34
14
86
16
88
9
94
9
94
9
64
9
34
17
29
9
34
14
86
13
85
9
99
9
14
16
58
9
94
9
94
9
99
9
34
14
26
12
24
12
24
13
55
9
99
9
99
9
99
9
99
9
99
9
44
9
44
9
74
9
99
9
99
9
34
17
29
9
74
9
94
9
74
9
99
13
85
9
44
9
74
9
44
13
85
9
34
12
84
9
99
9
34
9
14
13
25
14
86
9
74
9
44
9
94
9
44
15
87
13
25
9
74
9
43
9
13
9
44
9
74
9
73
9
34
9
64
9
14
14
56
9
33
9
73
9
74
9
74
9
34
14
56
16
88
9
94
9
94
9
74
9
74
9
64
9
64
9
99
14
26
9
99
17
89
9
94
9
94
9
14
0
20
14
56
14
56
9
64
9
14
9
33
17
59
9
99
9
44
13
25
9
74
9
74
9
74
9
94
12
84
9
99
9
93
9
34
9
34
9
44
9
74
9
94
9
94
9
14
15
87
14
86
14
56
14
26
9
44
13
25
9
73
14
26
9
14
9
74
11
23
9
14
9
99
9
44
9
94
16
88
0
0
16
28
17
29
13
85
9
94
14
26
15
27
9
44
12
84
9
34
14
56
9
33
9
99
16
28
9
34
9
94
9
44
9
34
9
34
9
14
9
94
9
99
9
14
13
25
9
99
9
14
13
85
9
64
9
44
15
27
9
99
9
14
9
44
9
93
14
86
13
55
9
64
11
23
9
64
9
34
9
14
9
64
9
64
9
74
16
28
9
14
9
64
16
58
12
84
9
99
9
33
13
55
9
3
9
94
9
64
9
44
9
94
9
34
9
34
9
14
12
24
14
26
9
94
16
88
9
74
9
64
9
64
0
50
14
86
9
74
17
29
9
14
1
59
9
34
11
23
9
99
9
34
2
9
14
86
9
34
9
34
9
64
9
74
9
68
9
44
9
44
13
25
9
99
16
28
13
55
3
9
11
53
11
23
14
56
9
99
15
57
9
94
9
74
9
34
9
34
9
99
9
94
9
99
15
57
9
14
13
85
16
88
14
26
9
94
9
94
16
28
9
99
15
87
12
84
9
99
9
99
9
44
9
99
9
33
12
24
9
64
17
29
9
99
9
64
9
74
9
64
13
55
9
44
2
28
13
25
9
99
9
99
1
9
9
99
9
44
11
23
17
89
9
94
16
58
9
44
9
74
9
44
13
25
9
63
0
60
9
64
9
31
15
87
9
14
9
14
9
34
9
44
15
27
9
44
9
44
9
34
11
23
9
34
17
89
9
14
13
25
12
54
9
14
13
55
9
64
14
86
11
53
9
74
16
88
11
23
9
44
9
99
9
64
9
94
9
14
9
74
9
33
9
94
9
94
15
27
9
99
9
33
12
84
13
55
16
58
9
34
9
94
11
53
9
64
11
53
9
14
9
14
13
85
9
99
9
74
9
99
9
44
9
1
9
99
9
94
14
86
9
63
9
44
9
99
9
64
12
54
9
94
16
88
9
34
13
25
9
64
9
14
9
34
9
44
15
27
9
44
0
30
9
34
9
44
9
64
9
34
9
34
9
74
9
99
9
43
9
74
9
94
9
14
17
59
9
14
9
64
14
26
9
99
9
34
9
94
15
87
11
83
14
86
9
74
9
34
9
99
9
34
9
91
15
27
9
14
9
74
12
84
9
44
15
27
9
94
9
64
9
63
9
99
9
14
9
44
9
44
13
85
9
64
9
34
9
44
9
74
9
94
9
99
17
29
9
34
9
74
9
94
9
6
9
14
9
74
17
29
15
57
15
57
9
64
9
14
9
64
17
89
12
24
15
27
9
99
9
74
9
99
9
64
9
64
16
28
9
64
11
23
13
55
9
63
9
94
9
14
9
44
12
24
14
56
9
34
9
74
9
64
11
83
9
34
13
55
14
26
12
54
14
86
9
64
9
94
9
94
9
44
9
14
9
99
9
94
9
99
9
63
14
86
9
14
14
26
9
74
14
26
9
99
9
29
9
99
9
99
9
74
13
85
9
64
9
14
17
59
9
94
9
99
0
80
15
87
14
86
9
34
9
94
9
99
17
59
9
93
9
99
9
99
9
94
9
8
9
34
11
23
11
53
11
53
9
74
9
74
9
94
4
89
16
88
14
56
9
99
9
94
14
86
9
99
15
27
9
94
9
74
9
99
14
86
9
44
9
43
9
17
9
99
15
57
16
58
9
94
9
64
9
34
9
94
9
94
9
34
9
94
13
55
9
34
13
55
9
14
15
27
14
26
9
64
9
14
9
33
14
26
16
58
11
23
9
64
9
74
0
90
0
0
9
93
9
34
9
74
15
87
9
74
9
94
16
28
9
74
0
40
9
14
9
44
9
14
9
99
9
14
15
27
9
94
9
14
9
94
9
64
9
44
9
94
9
74
9
99
14
26
8
45
9
94
15
27
15
87
0
90
9
14
9
93
17
89
9
94
9
64
13
25
9
14
9
99
9
74
9
94
15
87
13
25
14
56
0
80
9
74
9
64
9
34
9
34
9
99
9
57
9
14
9
74
9
59
9
34
15
87
9
34
9
13
13
25
9
64
17
59
9
44
16
28
9
14
13
85
9
74
9
64
9
44
13
85
9
99
9
34
11
83
9
93
9
14
9
44
12
84
9
14
9
34
15
27
9
14
12
84
9
8
9
34
9
64
9
74
14
86
9
44
9
64
9
74
9
44
12
54
9
99
9
64
9
93
9
64
9
32
9
73
9
94
9
14
9
14
14
26
9
94
9
43
9
99
9
64
9
64
17
29
15
87
9
74
9
14
9
44
15
87
9
74
9
34
16
58
9
94
12
24
9
94
17
59
9
64
9
94
9
94
9
74
9
34
9
99
9
64
9
14
9
14
9
74
9
99
9
94
12
24
9
63
9
64
9
34
11
23
9
14
16
88
9
74
9
14
9
99
9
94
9
34
9
74
17
59
16
58
9
14
13
85
13
85
9
64
9
94
9
94
8
65
9
14
13
25
9
99
9
14
14
56
9
63
15
57
9
93
0
0
15
57
9
34
13
85
13
25
9
44
14
56
17
59
9
74
13
55
11
53
9
94
9
74
9
74
9
64
9
64
9
64
9
94
9
94
17
59
15
27
9
99
9
44
14
26
9
94
9
44
9
34
9
94
9
44
9
34
13
85
9
99
9
44
16
88
9
13
16
88
9
99
14
26
9
99
9
74
9
99
0
53
13
25
9
34
9
94
9
94
0
50
9
99
9
14
9
34
9
64
9
94
9
13
8
55
9
33
9
14
13
85
9
99
9
99
9
64
9
34
9
94
12
54
13
85
15
27
9
44
9
64
9
74
9
94
9
34
9
74
9
14
9
93
9
64
9
99
9
99
9
99
9
94
9
94
9
34
9
14
9
34
13
25
14
26
14
56
9
44
9
94
13
25
9
44
9
74
15
87
9
9
14
56
9
14
14
56
9
34
9
94
11
53
9
74
9
34
9
14
9
14
9
14
16
23
16
88
9
34
9
27
9
14
15
27
9
99
15
87
1
68
9
99
9
94
1
19
9
74
9
94
9
64
9
99
12
84
13
25
9
14
15
87
9
14
15
57
11
53
9
44
9
44
15
87
9
44
14
26
9
74
9
64
16
28
14
86
9
74
9
99
9
94
13
55
9
94
9
44
9
44
9
34
9
64
9
14
9
99
9
74
9
64
9
34
0
30
9
64
9
99
9
74
9
14
9
14
9
64
9
64
13
55
0
0
9
94
9
74
9
74
15
57
9
74
9
74
9
74
17
29
9
43
9
13
9
99
9
44
9
64
2
99
9
94
14
56
0
50
9
78
9
44
9
44
11
83
9
74
9
34
9
99
14
26
9
99
0
0
17
89
9
34
12
54
9
94
14
56
9
99
9
64
9
74
0
20
9
74
9
63
14
26
14
86
12
84
0
70
17
29
9
99
9
34
9
74
0
80
9
74
14
86
9
93
9
44
9
74
9
14
16
28
9
74
16
88
9
44
9
94
9
94
9
34
9
44
9
34
9
44
9
14
9
14
9
99
9
94
9
99
13
85
16
28
9
44
15
57
9
99
9
44
9
74
3
89
8
65
9
74
13
25
14
56
9
63
15
27
0
40
9
88
9
34
0
20
9
34
12
54
14
56
9
44
9
99
9
94
9
99
