9
14
15
57
9
34
19
62
9
44
17
89
9
14
9
64
9
94
9
64
9
34
9
94
9
64
16
88
15
27
18
60
9
34
16
28
9
14
9
44
9
14
9
94
9
34
9
94
9
14
9
64
16
88
9
74
9
34
17
29
16
88
9
99
0
50
16
28
9
44
9
74
9
14
9
64
9
98
9
94
9
14
16
58
0
30
14
26
9
64
17
29
9
94
9
64
9
44
17
59
9
74
9
34
19
91
0
40
9
34
9
14
16
58
17
59
19
92
9
44
18
90
15
57
9
34
9
64
9
14
9
74
0
20
9
34
9
14
9
99
9
14
9
14
9
64
19
31
9
74
9
34
17
89
19
91
9
94
9
94
9
64
9
34
19
32
9
34
17
89
16
88
9
99
9
14
19
61
9
94
9
94
9
99
9
34
17
29
15
27
15
27
16
58
9
99
9
99
9
99
9
99
9
99
9
44
9
44
9
74
9
99
9
99
9
34
19
32
9
74
9
94
9
74
9
99
16
88
9
44
9
74
9
44
16
88
9
34
15
87
9
99
9
34
9
14
16
28
17
89
9
74
9
44
9
94
9
44
18
90
16
28
9
74
9
44
9
14
9
44
9
74
9
74
9
34
9
64
9
14
17
59
9
34
9
74
9
74
9
74
9
34
17
59
19
91
9
94
9
94
9
74
9
74
9
64
9
64
9
99
17
29
9
99
19
92
9
94
9
94
9
14
0
20
17
59
17
59
9
64
9
14
9
34
19
62
9
99
9
44
16
28
9
74
9
74
9
74
9
94
15
87
9
99
9
94
9
34
9
34
9
44
9
74
9
94
9
94
9
14
18
90
17
89
17
59
17
29
9
44
16
28
9
74
17
29
9
14
9
74
14
26
9
14
9
99
9
44
9
94
19
91
0
0
19
31
19
32
16
88
9
94
17
29
18
30
9
44
15
87
9
34
17
59
9
34
9
99
19
31
9
34
9
94
9
44
9
34
9
34
9
14
9
94
9
99
9
14
16
28
9
99
9
14
16
88
9
64
9
44
18
30
9
99
9
14
9
44
9
94
17
89
16
58
9
64
14
26
9
64
9
34
9
14
9
64
9
64
9
74
19
31
9
14
9
64
19
61
15
87
9
99
9
34
16
58
9
3
9
94
9
64
9
44
9
94
9
34
9
34
9
14
15
27
17
29
9
94
19
91
9
74
9
64
9
64
0
50
17
89
9
74
19
32
9
14
1
59
9
34
14
26
9
99
9
34
2
9
17
89
9
34
9
34
9
64
9
74
9
68
9
44
9
44
16
28
9
99
19
31
16
58
3
9
14
56
14
26
17
59
9
99
18
60
9
94
9
74
9
34
9
34
9
99
9
94
9
99
18
60
9
14
16
88
19
91
17
29
9
94
9
94
19
31
9
99
18
90
15
87
9
99
9
99
9
44
9
99
9
34
15
27
9
64
19
32
9
99
9
64
9
74
9
64
16
58
9
44
2
28
16
28
9
99
9
99
1
9
9
99
9
44
14
26
19
92
9
94
19
61
9
44
9
74
9
44
16
28
9
64
0
60
9
64
9
31
18
90
9
14
9
14
9
34
9
44
18
30
9
44
9
44
9
34
14
26
9
34
19
92
9
14
16
28
15
57
9
14
16
58
9
64
17
89
14
56
9
74
19
91
14
26
9
44
9
99
9
64
9
94
9
14
9
74
9
34
9
94
9
94
18
30
9
99
9
34
15
87
16
58
19
61
9
34
9
94
14
56
9
64
14
56
9
14
9
14
16
88
9
99
9
74
9
99
9
44
9
1
9
99
9
94
17
89
9
64
9
44
9
99
9
64
15
57
9
94
19
91
9
34
16
28
9
64
9
14
9
34
9
44
18
30
9
44
0
30
9
34
9
44
9
64
9
34
9
34
9
74
9
99
9
44
9
74
9
94
9
14
19
62
9
14
9
64
17
29
9
99
9
34
9
94
18
90
14
86
17
89
9
74
9
34
9
99
9
34
9
91
18
30
9
14
9
74
15
87
9
44
18
30
9
94
9
64
9
64
9
99
9
14
9
44
9
44
16
88
9
64
9
34
9
44
9
74
9
94
9
99
19
32
9
34
9
74
9
94
9
6
9
14
9
74
19
32
18
60
18
60
9
64
9
14
9
64
19
92
15
27
18
30
9
99
9
74
9
99
9
64
9
64
19
31
9
64
14
26
16
58
9
64
9
94
9
14
9
44
15
27
17
59
9
34
9
74
9
64
14
86
9
34
16
58
17
29
15
57
17
89
9
64
9
94
9
94
9
44
9
14
9
99
9
94
9
99
9
64
17
89
9
14
17
29
9
74
17
29
9
99
9
29
9
99
9
99
9
74
16
88
9
64
9
14
19
62
9
94
9
99
0
80
18
90
17
89
9
34
9
94
9
99
19
62
9
94
9
99
9
99
9
94
9
8
9
34
14
26
14
56
14
56
9
74
9
74
9
94
4
89
19
91
17
59
9
99
9
94
17
89
9
99
18
30
9
94
9
74
9
99
17
89
9
44
9
44
9
17
9
99
18
60
19
61
9
94
9
64
9
34
9
94
9
94
9
34
9
94
16
58
9
34
16
58
9
14
18
30
17
29
9
64
9
14
9
34
17
29
19
61
14
26
9
64
9
74
0
90
0
0
9
94
9
34
9
74
18
90
9
74
9
94
19
31
9
74
0
40
9
14
9
44
9
14
9
99
9
14
18
30
9
94
9
14
9
94
9
64
9
44
9
94
9
74
9
99
17
29
8
45
9
94
18
30
18
90
0
90
9
14
9
94
19
92
9
94
9
64
16
28
9
14
9
99
9
74
9
94
18
90
16
28
17
59
0
80
9
74
9
64
9
34
9
34
9
99
9
56
9
14
9
74
9
59
9
34
18
90
9
34
9
14
16
28
9
64
19
62
9
44
19
31
9
14
16
88
9
74
9
64
9
44
16
88
9
99
9
34
14
86
9
94
9
14
9
44
15
87
9
14
9
34
18
30
9
14
15
87
9
8
9
34
9
64
9
74
17
89
9
44
9
64
9
74
9
44
15
57
9
99
9
64
9
94
9
64
9
32
9
74
9
94
9
14
9
14
17
29
9
94
9
44
9
99
9
64
9
64
19
32
18
90
9
74
9
14
9
44
18
90
9
74
9
34
19
61
9
94
15
27
9
94
19
62
9
64
9
94
9
94
9
74
9
34
9
99
9
64
9
14
9
14
9
74
9
99
9
94
15
27
9
64
9
64
9
34
14
26
9
14
19
91
9
74
9
14
9
99
9
94
9
34
9
74
19
62
19
61
9
14
16
88
16
88
9
64
9
94
9
94
8
65
9
14
16
28
9
99
9
14
17
59
9
64
18
60
9
94
0
0
18
60
9
34
16
88
16
28
9
44
17
59
19
62
9
74
16
58
14
56
9
94
9
74
9
74
9
64
9
64
9
64
9
94
9
94
19
62
18
30
9
99
9
44
17
29
9
94
9
44
9
34
9
94
9
44
9
34
16
88
9
99
9
44
19
91
9
14
19
91
9
99
17
29
9
99
9
74
9
99
0
53
16
28
9
34
9
94
9
94
0
50
9
99
9
14
9
34
9
64
9
94
9
14
8
55
9
34
9
14
16
88
9
99
9
99
9
64
9
34
9
94
15
57
16
88
18
30
9
44
9
64
9
74
9
94
9
34
9
74
9
14
9
94
9
64
9
99
9
99
9
99
9
94
9
94
9
34
9
14
9
34
16
28
17
29
17
59
9
44
9
94
16
28
9
44
9
74
18
90
9
9
17
59
9
14
17
59
9
34
9
94
14
56
9
74
9
34
9
14
9
14
9
14
19
23
19
91
9
34
9
27
9
14
18
30
9
99
18
90
1
68
9
99
9
94
1
19
9
74
9
94
9
64
9
99
15
87
16
28
9
14
18
90
9
14
18
60
14
56
9
44
9
44
18
90
9
44
17
29
9
74
9
64
19
31
17
89
9
74
9
99
9
94
16
58
9
94
9
44
9
44
9
34
9
64
9
14
9
99
9
74
9
64
9
34
0
30
9
64
9
99
9
74
9
14
9
14
9
64
9
64
16
58
0
0
9
94
9
74
9
74
18
60
9
74
9
74
9
74
19
32
9
44
9
13
9
99
9
44
9
64
2
99
9
94
17
59
0
50
9
78
9
44
9
44
14
86
9
74
9
34
9
99
17
29
9
99
0
0
19
92
9
34
15
57
9
94
17
59
9
99
9
64
9
74
0
20
9
74
9
64
17
29
17
89
15
87
0
70
19
32
9
99
9
34
9
74
0
80
9
74
17
89
9
94
9
44
9
74
9
14
19
31
9
74
19
91
9
44
9
94
9
94
9
34
9
44
9
34
9
44
9
14
9
14
9
99
9
94
9
99
16
88
19
31
9
44
18
60
9
99
9
44
9
74
3
89
8
65
9
74
16
28
17
59
9
63
18
30
0
40
9
88
9
34
0
20
9
34
15
57
17
59
9
44
9
99
9
94
9
99
