9
14
19
64
9
34
19
64
9
44
19
94
9
14
9
64
9
94
9
64
9
34
9
94
9
64
19
94
19
34
19
64
9
34
19
34
9
14
9
44
9
14
9
94
9
34
9
94
9
14
9
64
19
94
9
74
9
34
19
34
19
94
9
99
0
50
19
34
9
44
9
74
9
14
9
64
9
98
9
94
9
14
19
64
0
30
19
33
9
64
19
34
9
94
9
64
9
44
19
64
9
74
9
34
19
94
0
40
9
34
9
14
19
64
19
64
19
94
9
44
19
94
19
64
9
34
9
64
9
14
9
74
0
20
9
34
9
14
9
99
9
14
9
14
9
64
19
34
9
74
9
34
19
94
19
94
9
94
9
94
9
64
9
34
19
34
9
34
19
94
19
94
9
99
9
14
19
64
9
94
9
94
9
99
9
34
19
34
19
34
19
34
19
64
9
99
9
99
9
99
9
99
9
99
9
44
9
44
9
74
9
99
9
99
9
34
19
34
9
74
9
94
9
74
9
99
19
94
9
44
9
74
9
44
19
94
9
34
19
94
9
99
9
34
9
14
19
34
19
94
9
74
9
44
9
94
9
44
19
94
19
34
9
74
9
44
9
14
9
44
9
74
9
74
9
34
9
64
9
14
19
64
9
34
9
74
9
74
9
74
9
34
19
64
19
94
9
94
9
94
9
74
9
74
9
64
9
64
9
99
19
34
9
99
19
94
9
94
9
94
9
14
0
20
19
64
19
64
9
64
9
14
9
34
19
64
9
99
9
44
19
34
9
74
9
74
9
74
9
94
19
94
9
99
9
94
9
34
9
34
9
44
9
74
9
94
9
94
9
14
19
94
19
94
19
64
19
34
9
44
19
34
9
74
19
34
9
14
9
74
19
33
9
14
9
99
9
44
9
94
19
94
0
0
19
34
19
34
19
94
9
94
19
34
19
34
9
44
19
94
9
34
19
64
9
34
9
99
19
34
9
34
9
94
9
44
9
34
9
34
9
14
9
94
9
99
9
14
19
34
9
99
9
14
19
94
9
64
9
44
19
34
9
99
9
14
9
44
9
94
19
94
19
64
9
64
19
33
9
64
9
34
9
14
9
64
9
64
9
74
19
34
9
14
9
64
19
64
19
94
9
99
9
34
19
64
9
3
9
94
9
64
9
44
9
94
9
34
9
34
9
14
19
34
19
34
9
94
19
94
9
74
9
64
9
64
0
50
19
94
9
74
19
34
9
14
1
59
9
34
19
33
9
99
9
34
2
9
19
94
9
34
9
34
9
64
9
74
9
68
9
44
9
44
19
34
9
99
19
34
19
64
3
9
19
63
19
33
19
64
9
99
19
64
9
94
9
74
9
34
9
34
9
99
9
94
9
99
19
64
9
14
19
94
19
94
19
34
9
94
9
94
19
34
9
99
19
94
19
94
9
99
9
99
9
44
9
99
9
34
19
34
9
64
19
34
9
99
9
64
9
74
9
64
19
64
9
44
2
28
19
34
9
99
9
99
1
9
9
99
9
44
19
33
19
94
9
94
19
64
9
44
9
74
9
44
19
34
9
64
0
60
9
64
9
31
19
94
9
14
9
14
9
34
9
44
19
34
9
44
9
44
9
34
19
33
9
34
19
94
9
14
19
34
19
64
9
14
19
64
9
64
19
94
19
63
9
74
19
94
19
33
9
44
9
99
9
64
9
94
9
14
9
74
9
34
9
94
9
94
19
34
9
99
9
34
19
94
19
64
19
64
9
34
9
94
19
63
9
64
19
63
9
14
9
14
19
94
9
99
9
74
9
99
9
44
9
1
9
99
9
94
19
94
9
64
9
44
9
99
9
64
19
64
9
94
19
94
9
34
19
34
9
64
9
14
9
34
9
44
19
34
9
44
0
30
9
34
9
44
9
64
9
34
9
34
9
74
9
99
9
44
9
74
9
94
9
14
19
64
9
14
9
64
19
34
9
99
9
34
9
94
19
94
19
93
19
94
9
74
9
34
9
99
9
34
9
91
19
34
9
14
9
74
19
94
9
44
19
34
9
94
9
64
9
64
9
99
9
14
9
44
9
44
19
94
9
64
9
34
9
44
9
74
9
94
9
99
19
34
9
34
9
74
9
94
9
6
9
14
9
74
19
34
19
64
19
64
9
64
9
14
9
64
19
94
19
34
19
34
9
99
9
74
9
99
9
64
9
64
19
34
9
64
19
33
19
64
9
64
9
94
9
14
9
44
19
34
19
64
9
34
9
74
9
64
19
93
9
34
19
64
19
34
19
64
19
94
9
64
9
94
9
94
9
44
9
14
9
99
9
94
9
99
9
64
19
94
9
14
19
34
9
74
19
34
9
99
9
29
9
99
9
99
9
74
19
94
9
64
9
14
19
64
9
94
9
99
0
80
19
94
19
94
9
34
9
94
9
99
19
64
9
94
9
99
9
99
9
94
9
8
9
34
19
33
19
63
19
63
9
74
9
74
9
94
4
89
19
94
19
64
9
99
9
94
19
94
9
99
19
34
9
94
9
74
9
99
19
94
9
44
9
44
9
17
9
99
19
64
19
64
9
94
9
64
9
34
9
94
9
94
9
34
9
94
19
64
9
34
19
64
9
14
19
34
19
34
9
64
9
14
9
34
19
34
19
64
19
33
9
64
9
74
0
90
0
0
9
94
9
34
9
74
19
94
9
74
9
94
19
34
9
74
0
40
9
14
9
44
9
14
9
99
9
14
19
34
9
94
9
14
9
94
9
64
9
44
9
94
9
74
9
99
19
34
8
45
9
94
19
34
19
94
0
90
9
14
9
94
19
94
9
94
9
64
19
34
9
14
9
99
9
74
9
94
19
94
19
34
19
64
0
80
9
74
9
64
9
34
9
34
9
99
9
56
9
14
9
74
9
59
9
34
19
94
9
34
9
14
19
34
9
64
19
64
9
44
19
34
9
14
19
94
9
74
9
64
9
44
19
94
9
99
9
34
19
93
9
94
9
14
9
44
19
94
9
14
9
34
19
34
9
14
19
94
9
8
9
34
9
64
9
74
19
94
9
44
9
64
9
74
9
44
19
64
9
99
9
64
9
94
9
64
9
32
9
74
9
94
9
14
9
14
19
34
9
94
9
44
9
99
9
64
9
64
19
34
19
94
9
74
9
14
9
44
19
94
9
74
9
34
19
64
9
94
19
34
9
94
19
64
9
64
9
94
9
94
9
74
9
34
9
99
9
64
9
14
9
14
9
74
9
99
9
94
19
34
9
64
9
64
9
34
19
33
9
14
19
94
9
74
9
14
9
99
9
94
9
34
9
74
19
64
19
64
9
14
19
94
19
94
9
64
9
94
9
94
8
65
9
14
19
34
9
99
9
14
19
64
9
64
19
64
9
94
0
0
19
64
9
34
19
94
19
34
9
44
19
64
19
64
9
74
19
64
19
63
9
94
9
74
9
74
9
64
9
64
9
64
9
94
9
94
19
64
19
34
9
99
9
44
19
34
9
94
9
44
9
34
9
94
9
44
9
34
19
94
9
99
9
44
19
94
9
14
19
94
9
99
19
34
9
99
9
74
9
99
0
53
19
34
9
34
9
94
9
94
0
50
9
99
9
14
9
34
9
64
9
94
9
14
8
55
9
34
9
14
19
94
9
99
9
99
9
64
9
34
9
94
19
64
19
94
19
34
9
44
9
64
9
74
9
94
9
34
9
74
9
14
9
94
9
64
9
99
9
99
9
99
9
94
9
94
9
34
9
14
9
34
19
34
19
34
19
64
9
44
9
94
19
34
9
44
9
74
19
94
9
9
19
64
9
14
19
64
9
34
9
94
19
63
9
74
9
34
9
14
9
14
9
14
19
23
19
94
9
34
9
27
9
14
19
34
9
99
19
94
1
68
9
99
9
94
1
19
9
74
9
94
9
64
9
99
19
94
19
34
9
14
19
94
9
14
19
64
19
63
9
44
9
44
19
94
9
44
19
34
9
74
9
64
19
34
19
94
9
74
9
99
9
94
19
64
9
94
9
44
9
44
9
34
9
64
9
14
9
99
9
74
9
64
9
34
0
30
9
64
9
99
9
74
9
14
9
14
9
64
9
64
19
64
0
0
9
94
9
74
9
74
19
64
9
74
9
74
9
74
19
34
9
44
9
13
9
99
9
44
9
64
2
99
9
94
19
64
0
50
9
78
9
44
9
44
19
93
9
74
9
34
9
99
19
34
9
99
0
0
19
94
9
34
19
64
9
94
19
64
9
99
9
64
9
74
0
20
9
74
9
64
19
34
19
94
19
94
0
70
19
34
9
99
9
34
9
74
0
80
9
74
19
94
9
94
9
44
9
74
9
14
19
34
9
74
19
94
9
44
9
94
9
94
9
34
9
44
9
34
9
44
9
14
9
14
9
99
9
94
9
99
19
94
19
34
9
44
19
64
9
99
9
44
9
74
3
89
8
65
9
74
19
34
19
64
9
63
19
34
0
40
9
88
9
34
0
20
9
34
19
64
19
64
9
44
9
99
9
94
9
99
