5
5
7
45
8
30
8
50
4
34
8
77
5
6
7
59
4
86
8
59
4
29
6
89
5
55
4
79
4
15
6
49
4
29
4
19
4
7
8
40
4
5
7
85
7
24
4
89
5
9
7
55
4
78
8
70
5
27
5
17
4
79
5
99
0
50
6
16
6
35
8
68
5
7
6
59
7
98
7
88
6
9
4
49
0
30
6
14
7
59
7
17
8
90
8
60
8
39
5
49
5
69
8
26
7
79
0
40
6
29
8
9
8
46
7
47
8
80
7
39
6
79
6
45
6
27
5
59
8
5
4
68
0
20
7
25
5
6
5
95
6
8
4
8
7
55
7
19
7
69
4
28
5
79
7
79
4
89
6
88
8
60
4
27
8
20
6
29
5
79
4
79
6
98
7
9
7
49
5
89
5
87
4
98
5
29
5
19
8
15
5
15
4
47
4
99
8
99
8
98
5
95
6
97
4
37
6
38
7
69
6
99
5
97
4
29
8
20
6
66
4
89
8
70
7
99
4
79
6
39
5
69
7
39
7
76
6
25
5
75
6
99
8
25
7
6
4
19
7
77
4
67
6
39
6
85
6
37
6
79
4
19
7
69
4
34
5
4
5
39
4
69
6
64
4
29
8
60
6
9
6
47
6
24
4
64
5
65
5
65
4
29
8
47
7
79
6
89
7
89
6
66
8
67
4
59
6
59
5
95
5
17
5
99
8
80
5
88
5
89
7
9
0
20
6
47
6
47
6
59
6
9
5
24
8
50
4
97
4
37
4
17
4
65
6
69
5
68
5
89
8
75
7
99
5
84
6
27
6
29
8
39
5
68
6
87
7
88
4
8
6
78
5
79
5
49
5
19
4
39
5
16
6
64
5
19
8
9
8
68
4
14
7
5
5
99
6
39
4
89
8
79
0
0
7
19
8
20
4
79
7
89
5
17
6
18
5
39
4
75
6
29
7
47
6
24
7
95
7
19
4
29
7
88
4
39
5
28
4
29
6
9
4
85
5
96
8
6
4
19
5
99
5
7
4
77
4
59
5
35
6
18
6
99
4
7
6
39
7
84
7
77
5
46
7
59
6
14
4
59
4
25
7
9
5
58
8
59
5
69
7
19
4
9
7
57
7
49
7
75
5
99
7
24
4
49
4
4
6
88
7
58
4
36
5
89
5
25
6
27
4
9
8
15
5
19
5
89
7
79
8
70
7
59
5
58
0
50
5
79
8
70
8
20
7
9
1
59
4
27
6
14
6
95
7
29
2
9
6
77
4
28
6
29
7
59
7
69
8
68
8
40
6
39
6
16
7
99
7
19
4
49
3
9
4
44
4
14
5
49
5
99
6
49
5
89
6
67
7
27
4
28
8
98
4
89
4
95
6
49
4
5
4
79
7
79
8
17
5
88
6
89
8
19
4
99
6
79
8
75
5
96
4
99
7
39
8
99
5
24
4
15
5
57
8
20
7
99
7
58
4
68
4
57
4
49
4
39
2
28
5
16
7
99
5
99
1
5
5
98
4
38
4
14
8
80
4
87
7
49
8
37
7
65
4
39
4
19
4
54
0
60
8
56
7
31
6
79
8
10
7
9
4
29
4
39
6
19
4
39
4
36
7
29
4
14
4
29
8
80
7
9
4
18
6
45
7
8
4
49
8
59
8
77
4
44
5
69
7
79
5
14
6
39
5
94
8
56
7
89
6
6
5
69
6
24
7
89
4
88
6
18
7
99
7
24
5
75
4
49
7
49
5
29
8
89
7
44
4
55
6
44
5
9
5
9
4
79
8
99
8
70
4
96
8
40
5
1
4
97
7
86
8
77
5
54
8
40
6
96
8
55
5
45
6
88
7
79
7
26
4
16
6
57
6
8
7
25
4
36
6
19
7
39
0
30
6
26
8
40
6
55
8
29
6
25
8
70
8
99
5
34
4
69
6
89
6
8
8
50
6
6
7
59
6
17
8
99
4
29
6
87
6
78
6
74
5
77
5
69
4
26
8
99
8
26
7
91
7
18
7
9
6
69
6
75
7
38
6
19
4
87
5
59
7
54
5
99
6
9
7
39
7
38
8
76
6
59
8
26
6
36
8
70
5
89
4
99
8
20
5
27
4
69
7
89
5
15
4
9
4
69
8
20
8
48
6
49
4
55
4
9
8
57
8
80
4
15
6
19
6
96
6
69
5
98
6
59
4
58
7
19
7
59
4
14
4
49
4
54
4
89
4
6
4
38
8
15
5
49
4
29
5
69
8
57
4
74
4
29
6
46
5
19
6
45
5
79
5
59
5
89
6
88
7
39
7
9
4
96
5
88
4
95
7
54
5
77
5
9
7
17
8
65
5
17
7
96
7
29
4
97
7
99
6
66
8
76
6
57
5
9
8
50
5
86
4
99
0
80
6
79
6
77
4
29
4
86
8
99
8
50
7
84
7
99
8
99
5
87
7
8
7
25
5
14
4
44
7
44
8
70
6
67
4
89
4
85
7
79
5
49
7
99
5
88
5
77
6
98
7
18
4
89
4
69
8
96
5
79
5
39
7
34
4
17
6
99
6
49
7
49
6
86
5
59
5
28
5
94
5
89
7
27
4
88
4
47
7
29
4
49
8
10
6
19
7
17
5
55
4
9
4
24
5
19
7
49
7
14
7
55
4
69
0
90
0
0
7
84
8
28
8
66
8
78
5
69
6
85
7
19
5
69
0
40
6
8
8
38
8
5
5
95
7
5
6
19
4
88
8
8
5
89
4
59
7
39
5
85
6
69
4
96
5
19
8
45
7
89
6
19
6
79
0
90
4
9
6
84
8
80
5
89
7
59
4
16
4
8
4
99
6
65
7
88
7
78
4
19
5
48
0
80
5
69
5
59
7
29
7
27
4
99
5
66
5
8
4
66
8
59
8
30
6
79
8
29
6
4
6
16
7
55
8
50
5
37
7
19
4
5
4
78
6
68
5
59
7
36
5
76
7
99
7
29
5
74
4
84
7
8
4
36
8
75
4
9
6
29
6
19
7
9
7
75
7
8
7
29
6
59
8
69
6
77
8
40
4
56
8
65
4
39
7
45
8
99
6
59
4
84
5
59
8
32
6
64
7
88
6
6
5
6
6
17
6
89
5
34
4
99
8
59
8
60
8
20
6
79
7
65
4
9
6
39
6
79
4
67
8
26
7
49
7
85
4
15
6
89
8
50
4
59
4
89
5
89
8
70
6
29
6
97
7
59
8
9
8
8
4
67
8
98
6
89
5
15
4
54
8
59
4
26
5
14
7
6
8
79
7
69
8
8
8
99
7
88
4
28
8
69
8
50
7
49
5
9
8
76
6
76
6
59
6
89
5
85
4
65
6
8
4
17
7
99
7
7
5
47
5
54
6
48
4
84
0
0
6
48
4
29
7
76
4
17
4
35
5
48
8
50
4
69
4
46
6
44
5
89
7
69
5
69
5
58
7
59
5
59
7
88
6
89
8
50
6
19
5
99
5
37
5
18
7
89
6
39
6
27
5
89
8
38
6
29
5
76
4
97
6
39
8
79
4
4
8
79
7
99
7
17
8
99
6
69
6
98
0
53
4
19
6
29
8
88
6
89
0
50
4
99
7
6
4
26
7
59
6
89
7
4
4
55
7
24
5
9
4
76
5
96
5
99
7
59
6
25
7
86
5
45
4
79
6
19
8
40
8
60
8
70
5
89
4
29
5
66
4
5
7
84
8
59
7
98
8
96
6
95
8
90
6
89
7
27
4
9
7
29
7
16
5
19
5
49
4
39
7
85
4
19
6
39
7
67
6
79
8
9
5
49
7
9
7
47
6
25
8
90
7
44
6
67
7
29
5
9
4
9
5
9
7
23
7
79
6
25
5
27
7
9
7
18
4
95
6
78
1
68
7
99
7
86
1
17
4
69
6
87
6
59
5
99
4
75
6
16
6
6
6
78
6
9
6
49
4
44
6
35
6
39
6
79
7
36
5
19
6
69
8
58
7
19
5
79
4
69
8
95
5
87
4
48
5
89
5
39
5
39
6
29
7
59
7
9
6
99
8
70
6
59
7
29
0
30
8
60
5
95
4
66
5
9
6
7
4
59
4
59
4
49
0
0
8
88
7
65
5
69
6
49
4
65
7
68
5
69
8
20
7
34
7
13
4
95
4
39
6
59
2
99
7
89
5
47
0
50
7
78
5
39
5
37
4
74
4
66
5
25
4
97
5
17
5
96
0
0
8
80
5
29
4
45
5
87
5
48
7
99
8
60
4
65
0
20
5
69
5
54
5
19
5
79
5
75
0
70
8
20
5
98
4
27
5
69
0
80
8
70
5
79
5
84
6
39
4
69
5
9
8
19
8
70
7
79
8
38
4
85
6
89
7
29
7
39
8
30
7
38
7
8
6
6
6
99
4
86
7
99
4
78
7
19
5
39
8
48
8
97
7
39
8
70
3
86
8
65
8
69
4
18
8
47
6
64
8
18
0
40
8
88
5
25
0
20
6
25
7
45
5
47
5
39
6
99
4
89
5
95
