9
9
9
49
9
34
12
54
8
38
9
81
9
10
9
63
8
90
9
63
8
30
9
92
9
59
8
80
8
19
10
52
8
30
8
20
8
10
9
44
8
9
9
89
9
28
8
90
9
11
9
59
8
80
9
74
9
31
9
21
8
80
9
99
0
50
9
20
9
39
9
72
9
11
9
62
9
98
9
92
9
12
8
50
0
30
9
18
9
63
9
21
9
94
9
64
9
43
9
51
9
71
9
30
11
83
0
40
9
32
9
13
9
50
9
51
12
84
9
43
10
82
9
49
9
31
9
61
9
9
8
70
0
20
9
29
9
10
9
99
9
12
8
10
9
59
11
23
9
73
8
30
9
81
11
83
8
90
9
92
9
64
8
30
12
24
9
32
9
81
8
80
9
99
9
13
11
53
9
91
9
91
8
99
9
31
9
21
9
19
9
19
8
50
8
99
9
99
9
99
9
99
9
99
8
40
9
42
9
73
9
99
9
99
8
30
12
24
9
70
8
90
9
74
9
99
8
80
9
42
9
71
9
43
9
80
9
29
9
79
9
99
9
29
9
10
8
20
9
81
8
70
9
42
9
89
9
41
10
82
8
20
9
73
8
38
9
8
9
41
8
70
9
68
8
30
9
64
9
12
9
51
9
28
8
68
9
69
9
69
8
30
9
51
11
83
9
92
9
93
9
70
9
71
8
60
9
62
9
99
9
21
9
99
12
84
9
91
9
91
9
13
0
20
9
51
9
51
9
62
9
12
9
28
12
54
8
99
8
40
8
20
8
69
9
72
9
71
9
91
9
79
9
99
9
88
9
31
9
32
9
43
9
71
9
91
9
92
8
10
10
82
9
81
9
51
9
21
8
40
9
20
9
68
9
21
9
13
9
72
8
18
9
9
9
99
9
42
8
90
11
83
0
0
11
23
12
24
8
80
9
93
9
21
10
22
9
41
8
79
9
32
9
51
9
28
9
99
11
23
8
30
9
92
8
40
9
31
8
30
9
12
8
89
9
99
9
10
8
20
9
99
9
11
8
80
8
60
9
39
10
22
9
99
8
10
9
42
9
88
9
81
9
50
9
63
9
18
8
60
8
29
9
13
9
61
9
63
9
71
11
23
8
10
9
61
11
53
9
79
9
99
9
28
8
50
8
4
9
92
9
62
8
40
9
91
9
29
9
31
8
10
9
19
9
21
9
91
11
83
9
74
9
63
9
61
0
50
9
81
9
74
12
24
9
13
1
59
8
30
9
18
9
99
9
33
2
9
9
81
8
30
9
32
9
63
9
73
9
68
9
44
9
42
9
20
9
99
11
23
8
50
3
9
8
48
8
18
9
51
9
99
10
52
9
91
9
71
9
31
8
30
9
99
8
90
8
99
10
52
8
9
8
80
11
83
9
21
9
91
9
92
11
23
8
99
10
82
9
79
9
99
8
99
9
43
9
99
9
28
8
19
9
61
12
24
9
99
9
62
8
70
8
60
8
50
8
40
2
28
9
20
9
99
9
99
1
9
9
99
8
40
8
18
12
84
8
90
11
53
9
41
9
69
8
40
8
20
8
58
0
60
9
60
9
31
10
82
9
14
9
13
8
30
8
40
10
22
8
40
8
40
9
33
8
18
8
30
12
84
9
13
8
20
9
49
9
12
8
50
9
63
9
81
8
48
9
71
11
83
9
18
9
42
9
98
9
60
9
93
9
10
9
71
9
28
9
93
8
90
10
22
9
99
9
28
9
79
8
50
11
53
9
31
9
93
9
48
8
59
9
48
9
11
9
11
8
80
9
99
9
74
8
99
9
44
9
1
8
99
9
90
9
81
9
58
9
44
9
99
9
59
9
49
9
92
11
83
9
30
8
20
9
61
9
12
9
29
8
40
10
22
9
43
0
30
9
30
9
44
9
59
9
33
9
29
9
74
9
99
9
38
8
70
9
92
9
12
12
54
9
10
9
63
9
21
9
99
8
30
9
91
10
82
9
78
9
81
9
71
8
30
9
99
9
30
9
91
10
22
9
13
9
72
9
79
9
42
10
22
8
90
9
61
9
58
9
99
9
12
9
43
9
42
9
80
9
62
9
30
9
40
9
74
9
91
8
99
12
24
9
31
8
70
9
93
9
11
8
10
8
70
12
24
10
52
10
52
8
59
8
10
9
61
12
84
8
19
10
22
9
99
9
72
9
99
9
62
8
60
11
23
9
63
8
18
8
50
8
58
8
90
8
10
8
40
9
19
9
51
8
30
9
71
9
61
8
78
8
30
9
50
9
21
9
49
9
81
9
61
9
91
9
92
9
43
9
13
8
99
9
91
8
99
9
58
9
81
9
11
9
21
9
69
9
21
9
99
9
29
8
99
9
99
9
70
9
80
9
61
9
11
12
54
9
90
8
99
0
80
10
82
9
81
8
30
8
90
9
99
12
54
9
88
9
99
9
99
9
91
9
8
9
29
9
18
8
48
9
48
9
74
9
71
8
90
4
89
11
83
9
51
9
99
9
91
9
81
9
99
10
22
8
90
8
70
9
99
9
81
9
41
9
38
8
17
9
99
10
52
11
53
9
90
9
61
9
31
9
94
9
91
9
31
8
90
8
50
9
33
8
50
9
14
10
22
9
21
9
59
8
10
8
28
9
21
11
53
9
18
9
59
8
70
0
90
0
0
9
88
9
32
9
70
10
82
9
71
9
89
11
23
9
71
0
40
9
12
9
42
9
9
9
99
9
9
10
22
8
90
9
12
9
91
8
60
9
43
9
89
9
72
8
99
9
21
8
45
9
93
10
22
10
82
0
90
8
10
9
88
12
84
9
91
9
63
8
20
8
10
8
99
9
69
9
92
10
82
8
20
9
51
0
80
9
71
9
61
9
33
9
31
8
99
9
62
9
11
8
70
9
59
9
34
10
82
9
33
9
8
9
20
9
59
12
54
9
41
11
23
8
9
8
80
9
72
9
61
9
40
9
80
9
99
9
33
9
78
8
88
9
12
8
40
9
79
8
10
9
32
10
22
9
13
9
79
9
8
9
33
9
62
9
73
9
81
9
44
8
60
9
69
8
40
9
49
9
99
9
62
8
88
9
61
9
32
9
68
9
92
9
10
9
10
9
21
9
92
9
38
8
99
9
63
9
64
12
24
10
82
9
69
8
10
9
42
10
82
8
70
9
30
11
53
9
89
8
19
9
92
12
54
8
60
8
90
9
91
9
74
9
32
9
99
9
63
9
13
9
12
8
70
9
99
9
92
9
19
8
58
9
63
8
30
9
18
9
10
11
83
9
73
9
12
9
99
9
92
8
30
9
73
12
54
11
53
9
11
9
80
9
80
9
62
9
92
9
89
8
65
9
12
8
20
9
99
9
11
9
51
9
58
10
52
8
88
0
0
10
52
8
30
9
80
8
20
8
39
9
51
12
54
8
70
8
50
9
48
9
91
9
73
9
71
9
61
9
63
9
61
9
92
9
92
12
54
10
22
9
99
9
41
9
21
9
93
9
42
9
31
9
91
9
42
9
32
9
80
8
99
9
42
11
83
8
8
11
83
9
99
9
21
9
99
9
72
9
99
0
53
8
20
9
32
9
92
9
92
0
50
8
99
9
10
8
30
9
63
9
92
9
8
8
55
9
28
9
11
8
80
9
99
9
99
9
63
9
29
9
90
9
49
8
80
10
22
9
44
9
64
9
74
9
91
8
30
9
70
8
9
9
88
9
63
9
99
9
99
9
99
9
94
9
92
9
31
8
10
9
33
9
20
9
21
9
51
8
40
9
89
8
20
9
42
9
71
10
82
9
9
9
51
9
13
9
51
9
29
9
94
9
48
9
71
9
33
9
11
8
10
9
11
11
23
11
83
9
29
9
27
9
13
10
22
8
99
10
82
1
68
9
99
9
90
1
19
8
70
9
91
9
62
9
99
8
79
9
20
9
10
10
82
9
12
10
52
8
48
9
39
9
42
10
82
9
40
9
21
9
72
9
62
11
23
9
81
8
70
9
99
9
91
8
50
9
91
9
41
9
41
9
32
9
63
9
13
9
99
9
74
9
62
9
33
0
30
9
64
9
99
8
70
9
11
9
11
8
60
8
60
8
50
0
0
9
92
9
69
9
71
10
52
8
69
9
72
9
71
12
24
9
38
9
13
8
99
8
40
9
62
2
99
9
93
9
51
0
50
9
78
9
41
9
41
8
78
8
70
9
29
8
99
9
21
9
99
0
0
12
84
9
31
8
49
9
91
9
51
9
99
9
64
8
69
0
20
9
71
9
58
9
21
9
81
9
79
0
70
12
24
9
99
8
30
9
71
0
80
9
74
9
81
9
88
9
42
8
70
9
11
11
23
9
74
11
83
9
42
8
89
9
92
9
33
9
43
9
34
9
42
9
12
9
10
9
99
8
90
9
99
8
80
11
23
9
41
10
52
9
99
9
43
9
74
3
89
8
65
9
73
8
20
9
51
9
63
10
22
0
40
9
88
9
29
0
20
9
29
9
49
9
51
9
41
9
99
8
90
9
99
