4
4
6
44
7
29
7
49
3
33
7
76
4
5
6
58
3
85
7
58
3
29
5
89
4
54
3
79
3
14
5
49
3
29
3
19
3
6
7
39
3
4
6
84
6
23
3
89
4
9
6
54
3
77
7
69
4
26
4
16
3
79
4
99
0
50
5
15
5
34
7
67
4
6
5
59
6
98
6
87
5
9
3
49
0
30
5
13
6
59
6
16
7
89
7
59
7
38
4
48
4
69
7
25
6
79
0
40
5
28
7
8
7
45
6
46
7
79
6
39
5
79
5
44
5
26
4
59
7
4
3
67
0
20
6
24
4
5
4
94
5
7
3
7
6
54
6
19
6
69
3
27
4
79
6
79
3
89
5
87
7
59
3
26
7
19
5
29
4
78
3
79
5
97
6
9
6
49
4
89
4
86
3
97
4
29
4
19
7
14
4
14
3
46
3
98
7
98
7
97
4
94
5
96
3
36
5
37
6
69
5
98
4
96
3
29
7
19
5
65
3
89
7
69
6
99
3
79
5
38
4
68
6
39
6
75
5
24
4
74
5
99
7
24
6
5
3
19
6
76
3
66
5
39
5
84
5
36
5
79
3
19
6
69
3
33
4
3
4
39
3
68
5
63
3
29
7
59
5
9
5
46
5
23
3
63
4
64
4
64
3
29
7
46
6
78
5
89
6
89
5
65
7
66
3
59
5
59
4
94
4
16
4
99
7
79
4
87
4
89
6
9
0
20
5
46
5
46
5
58
5
8
4
23
7
49
3
96
3
36
3
16
3
64
5
68
4
67
4
89
7
74
6
99
4
83
5
26
5
29
7
38
4
67
5
86
6
87
3
7
5
77
4
79
4
49
4
19
3
39
4
15
5
63
4
18
7
8
7
67
3
13
6
4
4
99
5
39
3
89
7
78
0
0
6
18
7
19
3
79
6
89
4
16
5
17
4
39
3
74
5
29
6
46
5
23
6
94
6
19
3
29
6
87
3
38
4
27
3
29
5
9
3
84
4
95
7
5
3
18
4
99
4
6
3
76
3
59
4
34
5
17
5
99
3
6
5
39
6
83
6
76
4
45
6
58
5
13
3
59
3
24
6
9
4
57
7
58
4
69
6
19
3
9
6
56
6
49
6
74
4
99
6
23
3
49
3
4
5
87
6
57
3
35
4
89
4
24
5
26
3
9
7
14
4
19
4
89
6
79
7
69
6
59
4
57
0
50
4
78
7
69
7
19
6
9
1
59
3
26
5
13
5
94
6
28
2
9
5
76
3
27
5
28
6
58
6
69
7
68
7
39
5
39
5
15
6
98
6
19
3
49
3
9
3
43
3
13
4
49
4
98
5
48
4
89
5
66
6
26
3
27
7
97
3
89
3
94
5
48
3
4
3
79
6
79
7
16
4
87
5
88
7
18
3
99
5
79
7
74
4
95
3
99
6
39
7
99
4
23
3
14
4
56
7
19
6
99
6
57
3
67
3
56
3
49
3
39
2
28
4
15
6
99
4
99
1
4
4
97
3
37
3
13
7
79
3
86
6
49
7
36
6
64
3
39
3
19
3
53
0
60
7
55
6
31
5
79
7
9
6
9
3
29
3
38
5
19
3
38
3
35
6
29
3
13
3
29
7
79
6
9
3
17
5
44
6
7
3
49
7
58
7
76
3
43
4
68
6
79
4
13
5
39
4
93
7
55
6
89
5
5
4
68
5
23
6
89
3
87
5
17
6
99
6
23
4
74
3
49
6
48
4
29
7
88
6
43
3
54
5
43
4
9
4
9
3
79
7
99
7
69
3
95
7
39
4
1
3
96
6
85
7
76
4
53
7
39
5
95
7
54
4
44
5
87
6
78
6
25
3
15
5
56
5
7
6
24
3
35
5
19
6
39
0
30
5
25
7
39
5
54
7
28
5
24
7
69
7
98
4
33
3
69
5
89
5
7
7
49
5
5
6
59
5
16
7
99
3
29
5
86
5
77
5
73
4
76
4
69
3
25
7
99
7
25
6
91
6
17
6
9
5
69
5
74
6
37
5
19
3
86
4
59
6
53
4
99
5
9
6
39
6
37
7
75
5
59
7
25
5
35
7
69
4
89
3
99
7
19
4
26
3
69
6
89
4
16
3
9
3
68
7
19
7
47
5
49
3
54
3
9
7
56
7
79
3
14
5
19
5
95
5
69
4
97
5
59
3
57
6
18
6
59
3
13
3
49
3
53
3
89
3
5
3
37
7
14
4
49
3
29
4
69
7
56
3
73
3
29
5
45
4
19
5
44
4
79
4
59
4
89
5
87
6
39
6
9
3
95
4
87
3
94
6
53
4
76
4
9
6
16
7
64
4
16
6
95
6
29
3
96
6
99
5
65
7
75
5
56
4
9
7
49
4
85
3
99
0
80
5
78
5
76
3
29
3
85
7
99
7
49
6
83
6
99
7
98
4
86
6
8
6
24
4
13
3
43
6
43
7
69
5
66
3
89
4
84
6
78
4
48
6
98
4
87
4
76
5
97
6
17
3
89
3
69
7
95
4
79
4
39
6
33
3
17
5
98
5
48
6
49
5
85
4
59
4
27
4
94
4
89
6
26
3
87
3
46
6
29
3
49
7
9
5
19
6
16
4
54
3
8
3
23
4
18
6
49
6
13
6
54
3
68
0
90
0
0
6
83
7
27
7
65
7
77
4
68
5
84
6
19
4
69
0
40
5
7
7
37
7
4
4
94
6
4
5
19
3
87
7
7
4
89
3
59
6
38
4
84
5
69
3
95
4
18
7
45
6
89
5
19
5
79
0
90
3
8
5
83
7
79
4
89
6
59
3
15
3
7
3
99
5
64
6
87
6
77
3
19
4
47
0
80
4
69
4
59
6
29
6
26
3
99
4
67
4
7
3
65
7
59
7
29
5
79
7
28
5
3
5
15
6
54
7
49
4
36
6
19
3
4
3
77
5
67
4
59
6
35
4
75
6
98
6
29
4
73
3
83
6
7
3
35
7
74
3
9
5
29
5
19
6
9
6
74
6
8
6
29
5
59
7
68
5
76
7
39
3
55
7
64
3
39
6
44
7
98
5
59
3
83
4
59
7
32
5
63
6
87
5
5
4
5
5
16
5
89
4
33
3
99
7
58
7
59
7
19
5
79
6
64
3
9
5
38
5
79
3
66
7
25
6
49
6
84
3
14
5
89
7
49
3
59
3
89
4
89
7
69
5
29
5
96
6
59
7
8
7
7
3
66
7
97
5
88
4
14
3
53
7
58
3
25
4
13
6
5
7
78
6
69
7
7
7
99
6
87
3
27
7
68
7
49
6
49
4
9
7
75
5
75
5
58
5
89
4
84
3
65
5
7
3
16
6
99
6
6
4
46
4
53
5
47
3
83
0
0
5
47
3
28
6
75
3
16
3
34
4
47
7
49
3
69
3
45
5
43
4
88
6
69
4
69
4
57
6
59
4
58
6
87
5
89
7
49
5
18
4
99
4
36
4
17
6
88
5
39
5
26
4
89
7
37
5
29
4
75
3
96
5
39
7
78
3
3
7
78
6
99
6
16
7
98
5
69
5
97
0
53
3
19
5
29
7
87
5
89
0
50
3
99
6
5
3
25
6
59
5
89
6
3
3
55
6
23
4
9
3
75
4
95
4
99
6
59
5
24
6
85
4
44
3
79
5
19
7
39
7
59
7
69
4
89
3
29
4
65
3
4
6
83
7
58
6
97
7
95
5
94
7
89
5
89
6
26
3
9
6
29
6
15
4
18
4
48
3
39
6
84
3
19
5
39
6
66
5
78
7
9
4
48
6
9
6
46
5
24
7
89
6
43
5
66
6
29
4
9
3
9
4
9
6
23
6
79
5
24
4
27
6
9
6
17
3
94
5
77
1
68
6
99
6
85
1
16
3
68
5
86
5
59
4
99
3
74
5
15
5
5
5
77
5
9
5
48
3
43
5
34
5
39
5
79
6
35
4
19
5
69
7
57
6
19
4
79
3
69
7
94
4
86
3
47
4
89
4
39
4
38
5
29
6
59
6
9
5
98
7
69
5
59
6
28
0
30
7
59
4
94
3
65
4
9
5
6
3
59
3
59
3
49
0
0
7
87
6
64
4
68
5
48
3
64
6
67
4
69
7
19
6
33
6
13
3
94
3
39
5
58
2
98
6
89
4
46
0
50
6
78
4
39
4
36
3
73
3
65
4
24
3
96
4
16
4
95
0
0
7
79
4
29
3
44
4
86
4
47
6
99
7
59
3
64
0
20
4
69
4
53
4
19
4
79
4
74
0
70
7
19
4
97
3
26
4
69
0
80
7
69
4
78
4
83
5
39
3
69
4
9
7
18
7
69
6
79
7
37
3
84
5
89
6
28
6
39
7
29
6
37
6
7
5
5
5
99
3
85
6
99
3
77
6
19
4
39
7
47
7
96
6
38
7
69
3
85
7
65
7
68
3
17
7
46
5
64
7
17
0
40
7
88
4
24
0
20
5
24
6
44
4
46
4
39
5
99
3
89
4
94
