9
14
14
56
9
34
19
61
9
44
16
88
9
14
9
64
9
94
9
64
9
34
9
94
9
64
15
87
14
26
17
59
9
34
15
27
9
14
9
44
9
14
9
94
9
34
9
94
9
14
9
64
15
87
9
74
9
34
16
28
15
87
9
99
0
50
15
27
9
44
9
74
9
14
9
64
9
98
9
94
9
14
15
57
0
30
13
25
9
64
16
28
9
94
9
64
9
44
16
58
9
74
9
34
18
90
0
40
9
34
9
14
15
57
16
58
19
91
9
44
17
89
14
56
9
34
9
64
9
14
9
74
0
20
9
34
9
14
9
99
9
14
9
14
9
64
18
30
9
74
9
34
16
88
18
90
9
94
9
94
9
64
9
34
19
31
9
34
16
88
15
87
9
99
9
14
18
60
9
94
9
94
9
99
9
34
16
28
14
26
14
26
15
57
9
99
9
99
9
99
9
99
9
99
9
44
9
44
9
74
9
99
9
99
9
34
19
31
9
74
9
94
9
74
9
99
15
87
9
44
9
74
9
44
15
87
9
34
14
86
9
99
9
34
9
14
15
27
16
88
9
74
9
44
9
94
9
44
17
89
15
27
9
74
9
44
9
14
9
44
9
74
9
74
9
34
9
64
9
14
16
58
9
34
9
74
9
74
9
74
9
34
16
58
18
90
9
94
9
94
9
74
9
74
9
64
9
64
9
99
16
28
9
99
19
91
9
94
9
94
9
14
0
20
16
58
16
58
9
64
9
14
9
34
19
61
9
99
9
44
15
27
9
74
9
74
9
74
9
94
14
86
9
99
9
94
9
34
9
34
9
44
9
74
9
94
9
94
9
14
17
89
16
88
16
58
16
28
9
44
15
27
9
74
16
28
9
14
9
74
13
25
9
14
9
99
9
44
9
94
18
90
0
0
18
30
19
31
15
87
9
94
16
28
17
29
9
44
14
86
9
34
16
58
9
34
9
99
18
30
9
34
9
94
9
44
9
34
9
34
9
14
9
94
9
99
9
14
15
27
9
99
9
14
15
87
9
64
9
44
17
29
9
99
9
14
9
44
9
94
16
88
15
57
9
64
13
25
9
64
9
34
9
14
9
64
9
64
9
74
18
30
9
14
9
64
18
60
14
86
9
99
9
34
15
57
9
3
9
94
9
64
9
44
9
94
9
34
9
34
9
14
14
26
16
28
9
94
18
90
9
74
9
64
9
64
0
50
16
88
9
74
19
31
9
14
1
59
9
34
13
25
9
99
9
34
2
9
16
88
9
34
9
34
9
64
9
74
9
68
9
44
9
44
15
27
9
99
18
30
15
57
3
9
13
55
13
25
16
58
9
99
17
59
9
94
9
74
9
34
9
34
9
99
9
94
9
99
17
59
9
14
15
87
18
90
16
28
9
94
9
94
18
30
9
99
17
89
14
86
9
99
9
99
9
44
9
99
9
34
14
26
9
64
19
31
9
99
9
64
9
74
9
64
15
57
9
44
2
28
15
27
9
99
9
99
1
9
9
99
9
44
13
25
19
91
9
94
18
60
9
44
9
74
9
44
15
27
9
64
0
60
9
64
9
31
17
89
9
14
9
14
9
34
9
44
17
29
9
44
9
44
9
34
13
25
9
34
19
91
9
14
15
27
14
56
9
14
15
57
9
64
16
88
13
55
9
74
18
90
13
25
9
44
9
99
9
64
9
94
9
14
9
74
9
34
9
94
9
94
17
29
9
99
9
34
14
86
15
57
18
60
9
34
9
94
13
55
9
64
13
55
9
14
9
14
15
87
9
99
9
74
9
99
9
44
9
1
9
99
9
94
16
88
9
64
9
44
9
99
9
64
14
56
9
94
18
90
9
34
15
27
9
64
9
14
9
34
9
44
17
29
9
44
0
30
9
34
9
44
9
64
9
34
9
34
9
74
9
99
9
44
9
74
9
94
9
14
19
61
9
14
9
64
16
28
9
99
9
34
9
94
17
89
13
85
16
88
9
74
9
34
9
99
9
34
9
91
17
29
9
14
9
74
14
86
9
44
17
29
9
94
9
64
9
64
9
99
9
14
9
44
9
44
15
87
9
64
9
34
9
44
9
74
9
94
9
99
19
31
9
34
9
74
9
94
9
6
9
14
9
74
19
31
17
59
17
59
9
64
9
14
9
64
19
91
14
26
17
29
9
99
9
74
9
99
9
64
9
64
18
30
9
64
13
25
15
57
9
64
9
94
9
14
9
44
14
26
16
58
9
34
9
74
9
64
13
85
9
34
15
57
16
28
14
56
16
88
9
64
9
94
9
94
9
44
9
14
9
99
9
94
9
99
9
64
16
88
9
14
16
28
9
74
16
28
9
99
9
29
9
99
9
99
9
74
15
87
9
64
9
14
19
61
9
94
9
99
0
80
17
89
16
88
9
34
9
94
9
99
19
61
9
94
9
99
9
99
9
94
9
8
9
34
13
25
13
55
13
55
9
74
9
74
9
94
4
89
18
90
16
58
9
99
9
94
16
88
9
99
17
29
9
94
9
74
9
99
16
88
9
44
9
44
9
17
9
99
17
59
18
60
9
94
9
64
9
34
9
94
9
94
9
34
9
94
15
57
9
34
15
57
9
14
17
29
16
28
9
64
9
14
9
34
16
28
18
60
13
25
9
64
9
74
0
90
0
0
9
94
9
34
9
74
17
89
9
74
9
94
18
30
9
74
0
40
9
14
9
44
9
14
9
99
9
14
17
29
9
94
9
14
9
94
9
64
9
44
9
94
9
74
9
99
16
28
8
45
9
94
17
29
17
89
0
90
9
14
9
94
19
91
9
94
9
64
15
27
9
14
9
99
9
74
9
94
17
89
15
27
16
58
0
80
9
74
9
64
9
34
9
34
9
99
9
56
9
14
9
74
9
59
9
34
17
89
9
34
9
14
15
27
9
64
19
61
9
44
18
30
9
14
15
87
9
74
9
64
9
44
15
87
9
99
9
34
13
85
9
94
9
14
9
44
14
86
9
14
9
34
17
29
9
14
14
86
9
8
9
34
9
64
9
74
16
88
9
44
9
64
9
74
9
44
14
56
9
99
9
64
9
94
9
64
9
32
9
74
9
94
9
14
9
14
16
28
9
94
9
44
9
99
9
64
9
64
19
31
17
89
9
74
9
14
9
44
17
89
9
74
9
34
18
60
9
94
14
26
9
94
19
61
9
64
9
94
9
94
9
74
9
34
9
99
9
64
9
14
9
14
9
74
9
99
9
94
14
26
9
64
9
64
9
34
13
25
9
14
18
90
9
74
9
14
9
99
9
94
9
34
9
74
19
61
18
60
9
14
15
87
15
87
9
64
9
94
9
94
8
65
9
14
15
27
9
99
9
14
16
58
9
64
17
59
9
94
0
0
17
59
9
34
15
87
15
27
9
44
16
58
19
61
9
74
15
57
13
55
9
94
9
74
9
74
9
64
9
64
9
64
9
94
9
94
19
61
17
29
9
99
9
44
16
28
9
94
9
44
9
34
9
94
9
44
9
34
15
87
9
99
9
44
18
90
9
14
18
90
9
99
16
28
9
99
9
74
9
99
0
53
15
27
9
34
9
94
9
94
0
50
9
99
9
14
9
34
9
64
9
94
9
14
8
55
9
34
9
14
15
87
9
99
9
99
9
64
9
34
9
94
14
56
15
87
17
29
9
44
9
64
9
74
9
94
9
34
9
74
9
14
9
94
9
64
9
99
9
99
9
99
9
94
9
94
9
34
9
14
9
34
15
27
16
28
16
58
9
44
9
94
15
27
9
44
9
74
17
89
9
9
16
58
9
14
16
58
9
34
9
94
13
55
9
74
9
34
9
14
9
14
9
14
18
23
18
90
9
34
9
27
9
14
17
29
9
99
17
89
1
68
9
99
9
94
1
19
9
74
9
94
9
64
9
99
14
86
15
27
9
14
17
89
9
14
17
59
13
55
9
44
9
44
17
89
9
44
16
28
9
74
9
64
18
30
16
88
9
74
9
99
9
94
15
57
9
94
9
44
9
44
9
34
9
64
9
14
9
99
9
74
9
64
9
34
0
30
9
64
9
99
9
74
9
14
9
14
9
64
9
64
15
57
0
0
9
94
9
74
9
74
17
59
9
74
9
74
9
74
19
31
9
44
9
13
9
99
9
44
9
64
2
99
9
94
16
58
0
50
9
78
9
44
9
44
13
85
9
74
9
34
9
99
16
28
9
99
0
0
19
91
9
34
14
56
9
94
16
58
9
99
9
64
9
74
0
20
9
74
9
64
16
28
16
88
14
86
0
70
19
31
9
99
9
34
9
74
0
80
9
74
16
88
9
94
9
44
9
74
9
14
18
30
9
74
18
90
9
44
9
94
9
94
9
34
9
44
9
34
9
44
9
14
9
14
9
99
9
94
9
99
15
87
18
30
9
44
17
59
9
99
9
44
9
74
3
89
8
65
9
74
15
27
16
58
9
63
17
29
0
40
9
88
9
34
0
20
9
34
14
56
16
58
9
44
9
99
9
94
9
99
