9
14
19
61
9
34
19
64
9
44
19
93
9
14
9
64
9
94
9
64
9
34
9
94
9
64
19
92
19
31
19
64
9
34
19
32
9
14
9
44
9
14
9
94
9
34
9
94
9
14
9
64
19
92
9
74
9
34
19
33
19
92
9
99
0
50
19
32
9
44
9
74
9
14
9
64
9
98
9
94
9
14
19
62
0
30
18
30
9
64
19
33
9
94
9
64
9
44
19
63
9
74
9
34
19
94
0
40
9
34
9
14
19
62
19
63
19
94
9
44
19
94
19
61
9
34
9
64
9
14
9
74
0
20
9
34
9
14
9
99
9
14
9
14
9
64
19
34
9
74
9
34
19
93
19
94
9
94
9
94
9
64
9
34
19
34
9
34
19
93
19
92
9
99
9
14
19
64
9
94
9
94
9
99
9
34
19
33
19
31
19
31
19
62
9
99
9
99
9
99
9
99
9
99
9
44
9
44
9
74
9
99
9
99
9
34
19
34
9
74
9
94
9
74
9
99
19
92
9
44
9
74
9
44
19
92
9
34
19
91
9
99
9
34
9
14
19
32
19
93
9
74
9
44
9
94
9
44
19
94
19
32
9
74
9
44
9
14
9
44
9
74
9
74
9
34
9
64
9
14
19
63
9
34
9
74
9
74
9
74
9
34
19
63
19
94
9
94
9
94
9
74
9
74
9
64
9
64
9
99
19
33
9
99
19
94
9
94
9
94
9
14
0
20
19
63
19
63
9
64
9
14
9
34
19
64
9
99
9
44
19
32
9
74
9
74
9
74
9
94
19
91
9
99
9
94
9
34
9
34
9
44
9
74
9
94
9
94
9
14
19
94
19
93
19
63
19
33
9
44
19
32
9
74
19
33
9
14
9
74
18
30
9
14
9
99
9
44
9
94
19
94
0
0
19
34
19
34
19
92
9
94
19
33
19
34
9
44
19
91
9
34
19
63
9
34
9
99
19
34
9
34
9
94
9
44
9
34
9
34
9
14
9
94
9
99
9
14
19
32
9
99
9
14
19
92
9
64
9
44
19
34
9
99
9
14
9
44
9
94
19
93
19
62
9
64
18
30
9
64
9
34
9
14
9
64
9
64
9
74
19
34
9
14
9
64
19
64
19
91
9
99
9
34
19
62
9
3
9
94
9
64
9
44
9
94
9
34
9
34
9
14
19
31
19
33
9
94
19
94
9
74
9
64
9
64
0
50
19
93
9
74
19
34
9
14
1
59
9
34
18
30
9
99
9
34
2
9
19
93
9
34
9
34
9
64
9
74
9
68
9
44
9
44
19
32
9
99
19
34
19
62
3
9
18
60
18
30
19
63
9
99
19
64
9
94
9
74
9
34
9
34
9
99
9
94
9
99
19
64
9
14
19
92
19
94
19
33
9
94
9
94
19
34
9
99
19
94
19
91
9
99
9
99
9
44
9
99
9
34
19
31
9
64
19
34
9
99
9
64
9
74
9
64
19
62
9
44
2
28
19
32
9
99
9
99
1
9
9
99
9
44
18
30
19
94
9
94
19
64
9
44
9
74
9
44
19
32
9
64
0
60
9
64
9
31
19
94
9
14
9
14
9
34
9
44
19
34
9
44
9
44
9
34
18
30
9
34
19
94
9
14
19
32
19
61
9
14
19
62
9
64
19
93
18
60
9
74
19
94
18
30
9
44
9
99
9
64
9
94
9
14
9
74
9
34
9
94
9
94
19
34
9
99
9
34
19
91
19
62
19
64
9
34
9
94
18
60
9
64
18
60
9
14
9
14
19
92
9
99
9
74
9
99
9
44
9
1
9
99
9
94
19
93
9
64
9
44
9
99
9
64
19
61
9
94
19
94
9
34
19
32
9
64
9
14
9
34
9
44
19
34
9
44
0
30
9
34
9
44
9
64
9
34
9
34
9
74
9
99
9
44
9
74
9
94
9
14
19
64
9
14
9
64
19
33
9
99
9
34
9
94
19
94
18
90
19
93
9
74
9
34
9
99
9
34
9
91
19
34
9
14
9
74
19
91
9
44
19
34
9
94
9
64
9
64
9
99
9
14
9
44
9
44
19
92
9
64
9
34
9
44
9
74
9
94
9
99
19
34
9
34
9
74
9
94
9
6
9
14
9
74
19
34
19
64
19
64
9
64
9
14
9
64
19
94
19
31
19
34
9
99
9
74
9
99
9
64
9
64
19
34
9
64
18
30
19
62
9
64
9
94
9
14
9
44
19
31
19
63
9
34
9
74
9
64
18
90
9
34
19
62
19
33
19
61
19
93
9
64
9
94
9
94
9
44
9
14
9
99
9
94
9
99
9
64
19
93
9
14
19
33
9
74
19
33
9
99
9
29
9
99
9
99
9
74
19
92
9
64
9
14
19
64
9
94
9
99
0
80
19
94
19
93
9
34
9
94
9
99
19
64
9
94
9
99
9
99
9
94
9
8
9
34
18
30
18
60
18
60
9
74
9
74
9
94
4
89
19
94
19
63
9
99
9
94
19
93
9
99
19
34
9
94
9
74
9
99
19
93
9
44
9
44
9
17
9
99
19
64
19
64
9
94
9
64
9
34
9
94
9
94
9
34
9
94
19
62
9
34
19
62
9
14
19
34
19
33
9
64
9
14
9
34
19
33
19
64
18
30
9
64
9
74
0
90
0
0
9
94
9
34
9
74
19
94
9
74
9
94
19
34
9
74
0
40
9
14
9
44
9
14
9
99
9
14
19
34
9
94
9
14
9
94
9
64
9
44
9
94
9
74
9
99
19
33
8
45
9
94
19
34
19
94
0
90
9
14
9
94
19
94
9
94
9
64
19
32
9
14
9
99
9
74
9
94
19
94
19
32
19
63
0
80
9
74
9
64
9
34
9
34
9
99
9
56
9
14
9
74
9
59
9
34
19
94
9
34
9
14
19
32
9
64
19
64
9
44
19
34
9
14
19
92
9
74
9
64
9
44
19
92
9
99
9
34
18
90
9
94
9
14
9
44
19
91
9
14
9
34
19
34
9
14
19
91
9
8
9
34
9
64
9
74
19
93
9
44
9
64
9
74
9
44
19
61
9
99
9
64
9
94
9
64
9
32
9
74
9
94
9
14
9
14
19
33
9
94
9
44
9
99
9
64
9
64
19
34
19
94
9
74
9
14
9
44
19
94
9
74
9
34
19
64
9
94
19
31
9
94
19
64
9
64
9
94
9
94
9
74
9
34
9
99
9
64
9
14
9
14
9
74
9
99
9
94
19
31
9
64
9
64
9
34
18
30
9
14
19
94
9
74
9
14
9
99
9
94
9
34
9
74
19
64
19
64
9
14
19
92
19
92
9
64
9
94
9
94
8
65
9
14
19
32
9
99
9
14
19
63
9
64
19
64
9
94
0
0
19
64
9
34
19
92
19
32
9
44
19
63
19
64
9
74
19
62
18
60
9
94
9
74
9
74
9
64
9
64
9
64
9
94
9
94
19
64
19
34
9
99
9
44
19
33
9
94
9
44
9
34
9
94
9
44
9
34
19
92
9
99
9
44
19
94
9
14
19
94
9
99
19
33
9
99
9
74
9
99
0
53
19
32
9
34
9
94
9
94
0
50
9
99
9
14
9
34
9
64
9
94
9
14
8
55
9
34
9
14
19
92
9
99
9
99
9
64
9
34
9
94
19
61
19
92
19
34
9
44
9
64
9
74
9
94
9
34
9
74
9
14
9
94
9
64
9
99
9
99
9
99
9
94
9
94
9
34
9
14
9
34
19
32
19
33
19
63
9
44
9
94
19
32
9
44
9
74
19
94
9
9
19
63
9
14
19
63
9
34
9
94
18
60
9
74
9
34
9
14
9
14
9
14
19
23
19
94
9
34
9
27
9
14
19
34
9
99
19
94
1
68
9
99
9
94
1
19
9
74
9
94
9
64
9
99
19
91
19
32
9
14
19
94
9
14
19
64
18
60
9
44
9
44
19
94
9
44
19
33
9
74
9
64
19
34
19
93
9
74
9
99
9
94
19
62
9
94
9
44
9
44
9
34
9
64
9
14
9
99
9
74
9
64
9
34
0
30
9
64
9
99
9
74
9
14
9
14
9
64
9
64
19
62
0
0
9
94
9
74
9
74
19
64
9
74
9
74
9
74
19
34
9
44
9
13
9
99
9
44
9
64
2
99
9
94
19
63
0
50
9
78
9
44
9
44
18
90
9
74
9
34
9
99
19
33
9
99
0
0
19
94
9
34
19
61
9
94
19
63
9
99
9
64
9
74
0
20
9
74
9
64
19
33
19
93
19
91
0
70
19
34
9
99
9
34
9
74
0
80
9
74
19
93
9
94
9
44
9
74
9
14
19
34
9
74
19
94
9
44
9
94
9
94
9
34
9
44
9
34
9
44
9
14
9
14
9
99
9
94
9
99
19
92
19
34
9
44
19
64
9
99
9
44
9
74
3
89
8
65
9
74
19
32
19
63
9
63
19
34
0
40
9
88
9
34
0
20
9
34
19
61
19
63
9
44
9
99
9
94
9
99
