3
3
5
43
6
29
6
49
2
32
6
75
3
4
5
57
2
84
6
57
2
29
4
89
3
53
2
79
2
13
4
48
2
29
2
19
2
5
6
39
2
3
5
83
5
22
2
88
3
9
5
53
2
76
6
69
3
25
3
15
2
79
3
99
0
50
4
14
4
33
6
66
3
5
4
58
5
98
5
86
4
9
2
49
0
30
4
12
5
59
5
15
6
89
6
59
6
37
3
47
3
69
6
24
5
79
0
40
4
27
6
7
6
44
5
45
6
79
5
39
4
79
4
43
4
25
3
59
6
3
2
66
0
20
5
23
3
4
3
93
4
6
2
6
5
53
5
18
5
68
2
26
3
79
5
79
2
89
4
86
6
59
2
25
6
19
4
29
3
77
2
79
4
96
5
9
5
49
3
89
3
85
2
96
3
28
3
19
6
13
3
13
2
45
2
97
6
97
6
96
3
93
4
95
2
35
4
36
5
69
4
97
3
95
2
28
6
18
4
64
2
89
6
69
5
99
2
79
4
37
3
67
5
39
5
74
4
23
3
73
4
99
6
23
5
4
2
19
5
75
2
65
4
39
4
83
4
35
4
79
2
19
5
69
2
32
3
2
3
38
2
67
4
62
2
29
6
58
4
9
4
45
4
22
2
62
3
63
3
63
2
29
6
45
5
77
4
88
5
89
4
64
6
65
2
59
4
58
3
93
3
15
3
99
6
79
3
86
3
89
5
9
0
20
4
45
4
45
4
57
4
7
3
22
6
49
2
95
2
35
2
15
2
63
4
67
3
66
3
89
6
73
5
98
3
82
4
25
4
29
6
37
3
66
4
85
5
86
2
6
4
76
3
79
3
49
3
19
2
39
3
14
4
62
3
17
6
7
6
66
2
12
5
3
3
99
4
38
2
89
6
77
0
0
5
17
6
19
2
79
5
89
3
15
4
16
3
39
2
73
4
29
5
45
4
22
5
93
5
19
2
29
5
86
2
37
3
26
2
29
4
9
2
83
3
94
6
4
2
17
3
99
3
5
2
75
2
59
3
33
4
16
4
99
2
5
4
39
5
82
5
75
3
44
5
57
4
12
2
59
2
23
5
9
3
56
6
57
3
68
5
18
2
9
5
55
5
49
5
73
3
98
5
22
2
48
2
4
4
86
5
56
2
34
3
89
3
23
4
25
2
9
6
13
3
19
3
89
5
79
6
68
5
59
3
56
0
50
3
77
6
69
6
19
5
9
1
59
2
25
4
12
4
93
5
27
2
9
4
75
2
26
4
27
5
57
5
69
6
68
6
39
4
39
4
14
5
97
5
19
2
49
3
9
2
42
2
12
3
49
3
97
4
47
3
89
4
65
5
25
2
26
6
96
2
88
2
93
4
47
2
3
2
78
5
79
6
15
3
86
4
87
6
17
2
99
4
79
6
73
3
94
2
98
5
39
6
99
3
22
2
13
3
55
6
19
5
99
5
56
2
66
2
55
2
49
2
38
2
28
3
14
5
99
3
98
1
3
3
96
2
36
2
12
6
79
2
85
5
48
6
35
5
63
2
38
2
19
2
52
0
60
6
54
5
31
4
78
6
8
5
9
2
28
2
37
4
18
2
37
2
34
5
28
2
12
2
29
6
78
5
9
2
16
4
43
5
6
2
48
6
57
6
75
2
42
3
67
5
79
3
12
4
39
3
92
6
54
5
89
4
4
3
67
4
22
5
89
2
86
4
16
5
99
5
22
3
73
2
49
5
47
3
28
6
87
5
42
2
53
4
42
3
9
3
9
2
79
6
99
6
69
2
94
6
39
3
1
2
95
5
84
6
75
3
52
6
38
4
94
6
53
3
43
4
86
5
77
5
24
2
14
4
55
4
6
5
23
2
34
4
19
5
39
0
30
4
24
6
39
4
53
6
27
4
23
6
68
6
97
3
32
2
69
4
89
4
6
6
48
4
4
5
59
4
15
6
98
2
28
4
85
4
76
4
72
3
75
3
69
2
24
6
99
6
24
5
91
5
16
5
9
4
69
4
73
5
36
4
19
2
85
3
59
5
52
3
98
4
9
5
39
5
36
6
74
4
58
6
24
4
34
6
68
3
89
2
99
6
19
3
25
2
69
5
89
3
17
2
9
2
67
6
18
6
46
4
49
2
53
2
9
6
55
6
79
2
13
4
19
4
94
4
68
3
96
4
59
2
56
5
17
5
59
2
12
2
49
2
52
2
89
2
4
2
36
6
13
3
49
2
29
3
69
6
55
2
72
2
29
4
44
3
19
4
43
3
79
3
59
3
89
4
86
5
39
5
8
2
94
3
86
2
93
5
52
3
75
3
9
5
15
6
63
3
15
5
94
5
29
2
95
5
98
4
64
6
74
4
55
3
9
6
49
3
84
2
99
0
80
4
77
4
75
2
29
2
84
6
99
6
49
5
82
5
99
6
97
3
85
5
8
5
23
3
12
2
42
5
42
6
69
4
65
2
89
4
83
5
77
3
47
5
97
3
86
3
75
4
96
5
16
2
89
2
69
6
94
3
79
3
39
5
32
2
17
4
97
4
47
5
48
4
84
3
58
3
26
3
94
3
89
5
25
2
86
2
45
5
29
2
49
6
9
4
18
5
15
3
53
2
7
2
22
3
17
5
48
5
12
5
53
2
67
0
90
0
0
5
82
6
26
6
64
6
76
3
67
4
83
5
19
3
69
0
40
4
6
6
36
6
3
3
93
5
3
4
19
2
86
6
6
3
89
2
58
5
37
3
83
4
69
2
94
3
17
6
45
5
88
4
19
4
78
0
90
2
7
4
82
6
79
3
89
5
59
2
14
2
6
2
99
4
63
5
86
5
76
2
18
3
46
0
80
3
68
3
58
5
29
5
25
2
99
3
68
3
6
2
64
6
59
6
29
4
79
6
27
4
2
4
14
5
53
6
48
3
35
5
19
2
3
2
76
4
66
3
58
5
34
3
74
5
97
5
28
3
72
2
82
5
6
2
34
6
73
2
9
4
28
4
19
5
9
5
73
5
8
5
29
4
59
6
67
4
75
6
39
2
54
6
63
2
38
5
43
6
97
4
59
2
82
3
59
6
32
4
62
5
86
4
4
3
4
4
15
4
89
3
32
2
99
6
57
6
59
6
19
4
79
5
63
2
9
4
37
4
78
2
65
6
24
5
49
5
83
2
13
4
89
6
48
2
59
2
89
3
89
6
69
4
28
4
95
5
58
6
7
6
6
2
65
6
96
4
87
3
13
2
52
6
57
2
24
3
12
5
4
6
77
5
69
6
6
6
99
5
86
2
26
6
67
6
49
5
49
3
9
6
74
4
74
4
57
4
89
3
83
2
65
4
6
2
15
5
99
5
5
3
45
3
52
4
46
2
82
0
0
4
46
2
27
5
74
2
15
2
33
3
46
6
48
2
68
2
44
4
42
3
87
5
69
3
69
3
56
5
59
3
57
5
86
4
88
6
49
4
17
3
98
3
35
3
16
5
87
4
39
4
25
3
89
6
36
4
29
3
74
2
95
4
39
6
77
2
2
6
77
5
98
5
15
6
97
4
69
4
96
0
53
2
19
4
28
6
86
4
89
0
50
2
99
5
4
2
24
5
59
4
89
5
2
2
55
5
22
3
9
2
74
3
94
3
99
5
58
4
23
5
84
3
43
2
79
4
18
6
39
6
59
6
69
3
89
2
29
3
64
2
3
5
82
6
57
5
96
6
94
4
93
6
89
4
89
5
25
2
8
5
29
5
14
3
17
3
47
2
39
5
83
2
18
4
38
5
65
4
77
6
9
3
47
5
9
5
45
4
23
6
89
5
42
4
65
5
29
3
8
2
9
3
9
5
23
5
79
4
23
3
27
5
9
5
16
2
93
4
76
1
68
5
99
5
84
1
15
2
67
4
85
4
59
3
99
2
73
4
14
4
4
4
76
4
9
4
47
2
42
4
33
4
39
4
79
5
34
3
18
4
69
6
56
5
18
3
79
2
69
6
93
3
85
2
46
3
88
3
38
3
37
4
28
5
59
5
8
4
97
6
69
4
58
5
27
0
30
6
59
3
93
2
64
3
8
4
5
2
59
2
59
2
49
0
0
6
86
5
63
3
67
4
47
2
63
5
66
3
68
6
18
5
32
5
13
2
93
2
38
4
57
2
97
5
88
3
45
0
50
5
78
3
39
3
35
2
72
2
64
3
23
2
95
3
15
3
94
0
0
6
79
3
28
2
43
3
85
3
46
5
99
6
59
2
63
0
20
3
69
3
52
3
18
3
79
3
73
0
70
6
19
3
96
2
25
3
69
0
80
6
69
3
77
3
82
4
39
2
69
3
9
6
17
6
69
5
78
6
36
2
83
4
89
5
27
5
38
6
28
5
36
5
6
4
4
4
99
2
84
5
99
2
76
5
19
3
38
6
46
6
95
5
37
6
68
3
84
6
65
6
67
2
16
6
45
4
64
6
16
0
40
6
88
3
23
0
20
4
23
5
43
3
45
3
39
4
98
2
88
3
93
