9
12
10
52
9
34
15
57
9
41
12
84
9
13
9
64
9
93
9
64
9
33
9
94
9
62
11
83
10
22
13
55
9
33
11
23
9
13
9
44
9
12
9
92
9
31
9
93
9
14
9
62
11
83
9
74
9
34
12
24
11
83
9
99
0
50
11
23
9
42
9
74
9
14
9
64
9
98
9
94
9
14
11
53
0
30
9
21
9
64
12
24
9
94
9
64
9
44
12
54
9
74
9
33
14
86
0
40
9
34
9
14
11
53
12
54
15
87
9
44
13
85
10
52
9
34
9
64
9
12
9
73
0
20
9
32
9
13
9
99
9
14
9
13
9
62
14
26
9
74
9
33
12
84
14
86
9
93
9
94
9
64
9
33
15
27
9
34
12
84
11
83
9
99
9
14
14
56
9
94
9
94
9
99
9
34
12
24
10
22
10
22
11
53
9
99
9
99
9
99
9
99
9
99
9
43
9
44
9
74
9
99
9
99
9
33
15
27
9
73
9
93
9
74
9
99
11
83
9
44
9
74
9
44
11
83
9
32
10
82
9
99
9
32
9
13
11
23
12
84
9
73
9
44
9
92
9
44
13
85
11
23
9
74
9
41
9
11
9
44
9
73
9
71
9
33
9
64
9
14
12
54
9
31
9
71
9
72
9
72
9
33
12
54
14
86
9
94
9
94
9
73
9
74
9
63
9
64
9
99
12
24
9
99
15
87
9
94
9
94
9
14
0
20
12
54
12
54
9
64
9
14
9
31
15
57
9
99
9
43
11
23
9
72
9
74
9
74
9
94
10
82
9
99
9
91
9
34
9
34
9
44
9
74
9
94
9
94
9
13
13
85
12
84
12
54
12
24
9
43
11
23
9
71
12
24
9
14
9
74
9
21
9
12
9
99
9
44
9
93
14
86
0
0
14
26
15
27
11
83
9
94
12
24
13
25
9
44
10
82
9
34
12
54
9
31
9
99
14
26
9
33
9
94
9
43
9
34
9
33
9
14
9
92
9
99
9
13
11
23
9
99
9
14
11
83
9
63
9
42
13
25
9
99
9
13
9
44
9
91
12
84
11
53
9
64
9
21
9
63
9
32
9
14
9
64
9
64
9
74
14
26
9
13
9
64
14
56
10
82
9
99
9
31
11
53
9
3
9
94
9
64
9
43
9
94
9
32
9
34
9
13
10
22
12
24
9
94
14
86
9
74
9
64
9
64
0
50
12
84
9
74
15
27
9
14
1
59
9
33
9
21
9
99
9
34
2
9
12
84
9
33
9
34
9
64
9
74
9
68
9
44
9
44
11
23
9
99
14
26
11
53
3
9
9
51
9
21
12
54
9
99
13
55
9
94
9
74
9
34
9
33
9
99
9
93
9
99
13
55
9
12
11
83
14
86
12
24
9
94
9
94
14
26
9
99
13
85
10
82
9
99
9
99
9
44
9
99
9
31
10
22
9
64
15
27
9
99
9
64
9
73
9
63
11
53
9
43
2
28
11
23
9
99
9
99
1
9
9
99
9
43
9
21
15
87
9
93
14
56
9
44
9
72
9
43
11
23
9
61
0
60
9
63
9
31
13
85
9
14
9
14
9
33
9
43
13
25
9
43
9
43
9
34
9
21
9
33
15
87
9
14
11
23
10
52
9
14
11
53
9
64
12
84
9
51
9
74
14
86
9
21
9
44
9
99
9
63
9
94
9
13
9
74
9
31
9
94
9
93
13
25
9
99
9
31
10
82
11
53
14
56
9
34
9
94
9
51
9
62
9
51
9
14
9
14
11
83
9
99
9
74
9
99
9
44
9
1
9
99
9
93
12
84
9
61
9
44
9
99
9
62
10
52
9
94
14
86
9
33
11
23
9
64
9
14
9
32
9
43
13
25
9
44
0
30
9
33
9
44
9
62
9
34
9
32
9
74
9
99
9
41
9
73
9
94
9
14
15
57
9
13
9
64
12
24
9
99
9
33
9
94
13
85
9
81
12
84
9
74
9
33
9
99
9
33
9
91
13
25
9
14
9
74
10
82
9
44
13
25
9
93
9
64
9
61
9
99
9
14
9
44
9
44
11
83
9
64
9
33
9
43
9
74
9
94
9
99
15
27
9
34
9
73
9
94
9
8
9
13
9
73
15
27
13
55
13
55
9
62
9
13
9
64
15
87
10
22
13
25
9
99
9
74
9
99
9
64
9
63
14
26
9
64
9
21
11
53
9
61
9
93
9
13
9
43
10
22
12
54
9
33
9
74
9
64
9
81
9
33
11
53
12
24
10
52
12
84
9
64
9
94
9
94
9
44
9
14
9
99
9
94
9
99
9
61
12
84
9
14
12
24
9
72
12
24
9
99
9
29
9
99
9
99
9
73
11
83
9
64
9
14
15
57
9
93
9
99
0
80
13
85
12
84
9
33
9
93
9
99
15
57
9
91
9
99
9
99
9
94
9
8
9
32
9
21
9
51
9
51
9
74
9
74
9
93
4
89
14
86
12
54
9
99
9
94
12
84
9
99
13
25
9
93
9
73
9
99
12
84
9
44
9
41
9
17
9
99
13
55
14
56
9
93
9
64
9
34
9
94
9
94
9
34
9
93
11
53
9
34
11
53
9
14
13
25
12
24
9
62
9
13
9
31
12
24
14
56
9
21
9
62
9
73
0
90
0
0
9
91
9
34
9
73
13
85
9
74
9
92
14
26
9
74
0
40
9
14
9
44
9
12
9
99
9
12
13
25
9
93
9
14
9
94
9
63
9
44
9
92
9
74
9
99
12
24
8
45
9
94
13
25
13
85
0
90
9
13
9
91
15
87
9
94
9
64
11
23
9
13
9
99
9
72
9
94
13
85
11
23
12
54
0
80
9
74
9
64
9
34
9
34
9
99
9
59
9
14
9
73
9
59
9
34
13
85
9
34
9
11
11
23
9
62
15
57
9
44
14
26
9
12
11
83
9
74
9
64
9
43
11
83
9
99
9
34
9
81
9
91
9
14
9
43
10
82
9
13
9
34
13
25
9
14
10
82
9
8
9
34
9
64
9
74
12
84
9
44
9
63
9
72
9
43
10
52
9
99
9
64
9
91
9
64
9
32
9
71
9
94
9
13
9
13
12
24
9
94
9
41
9
99
9
64
9
64
15
27
13
85
9
72
9
13
9
44
13
85
9
73
9
33
14
56
9
92
10
22
9
94
15
57
9
63
9
93
9
94
9
74
9
34
9
99
9
64
9
14
9
14
9
73
9
99
9
94
10
22
9
61
9
64
9
33
9
21
9
13
14
86
9
74
9
14
9
99
9
94
9
33
9
74
15
57
14
56
9
14
11
83
11
83
9
64
9
94
9
92
8
65
9
14
11
23
9
99
9
14
12
54
9
61
13
55
9
91
0
0
13
55
9
33
11
83
11
23
9
42
12
54
15
57
9
73
11
53
9
51
9
94
9
74
9
74
9
64
9
64
9
64
9
94
9
94
15
57
13
25
9
99
9
44
12
24
9
94
9
44
9
34
9
94
9
44
9
34
11
83
9
99
9
44
14
86
9
11
14
86
9
99
12
24
9
99
9
74
9
99
0
53
11
23
9
34
9
94
9
94
0
50
9
99
9
13
9
33
9
64
9
94
9
11
8
55
9
31
9
14
11
83
9
99
9
99
9
64
9
32
9
93
10
52
11
83
13
25
9
44
9
64
9
74
9
94
9
33
9
73
9
12
9
91
9
64
9
99
9
99
9
99
9
94
9
94
9
34
9
13
9
34
11
23
12
24
12
54
9
43
9
92
11
23
9
44
9
74
13
85
9
9
12
54
9
14
12
54
9
32
9
94
9
51
9
74
9
34
9
14
9
13
9
14
14
23
14
86
9
32
9
27
9
14
13
25
9
99
13
85
1
68
9
99
9
93
1
19
9
73
9
94
9
64
9
99
10
82
11
23
9
13
13
85
9
14
13
55
9
51
9
42
9
44
13
85
9
43
12
24
9
74
9
64
14
26
12
84
9
73
9
99
9
94
11
53
9
94
9
44
9
44
9
34
9
64
9
14
9
99
9
74
9
64
9
34
0
30
9
64
9
99
9
73
9
14
9
14
9
63
9
63
11
53
0
0
9
94
9
72
9
74
13
55
9
72
9
74
9
74
15
27
9
41
9
13
9
99
9
43
9
64
2
99
9
94
12
54
0
50
9
78
9
44
9
44
9
81
9
73
9
32
9
99
12
24
9
99
0
0
15
87
9
34
10
52
9
94
12
54
9
99
9
64
9
72
0
20
9
74
9
61
12
24
12
84
10
82
0
70
15
27
9
99
9
33
9
74
0
80
9
74
12
84
9
91
9
44
9
73
9
14
14
26
9
74
14
86
9
44
9
92
9
94
9
34
9
44
9
34
9
44
9
14
9
13
9
99
9
93
9
99
11
83
14
26
9
44
13
55
9
99
9
44
9
74
3
89
8
65
9
74
11
23
12
54
9
63
13
25
0
40
9
88
9
32
0
20
9
32
10
52
12
54
9
44
9
99
9
93
9
99
