8
8
9
48
9
33
11
53
7
37
9
80
8
9
9
62
7
89
9
62
7
29
9
91
8
58
7
79
7
18
9
51
7
29
7
19
7
9
9
43
7
8
9
88
9
27
7
89
8
10
9
58
7
79
9
73
8
30
8
20
7
79
8
99
0
50
9
19
9
38
9
71
8
10
9
61
9
98
9
91
9
11
7
49
0
30
9
17
9
62
9
20
9
93
9
63
9
42
8
50
8
70
9
29
10
82
0
40
9
31
9
12
9
49
9
50
11
83
9
42
9
81
9
48
9
30
8
60
9
8
7
69
0
20
9
28
8
9
8
98
9
11
7
9
9
58
10
22
9
72
7
29
8
80
10
82
7
89
9
91
9
63
7
29
11
23
9
31
8
80
7
79
9
99
9
12
10
52
8
90
8
90
7
99
8
30
8
20
9
18
8
18
7
49
7
99
9
99
9
99
8
98
9
99
7
39
9
41
9
72
9
99
8
99
7
29
11
23
9
69
7
89
9
73
9
99
7
79
9
41
8
70
9
42
9
79
9
28
8
78
9
99
9
28
9
9
7
19
9
80
7
69
9
41
9
88
9
40
9
81
7
19
9
72
7
37
8
7
8
40
7
69
9
67
7
29
9
63
9
11
9
50
9
27
7
67
8
68
8
68
7
29
9
50
10
82
9
91
9
92
9
69
9
70
7
59
9
61
8
98
8
20
8
99
11
83
8
90
8
90
9
12
0
20
9
50
9
50
9
61
9
11
8
27
11
53
7
99
7
39
7
19
7
68
9
71
8
70
8
90
9
78
9
99
8
87
9
30
9
31
9
42
8
70
9
90
9
91
7
9
9
81
8
80
8
50
8
20
7
39
8
19
9
67
8
20
9
12
9
71
7
17
9
8
8
99
9
41
7
89
10
82
0
0
10
22
11
23
7
79
9
92
8
20
9
21
8
40
7
78
9
31
9
50
9
27
9
98
10
22
7
29
9
91
7
39
8
30
7
29
9
11
7
88
8
99
9
9
7
19
8
99
8
10
7
79
7
59
8
38
9
21
9
99
7
9
9
41
9
87
9
80
8
49
9
62
9
17
7
59
7
28
9
12
8
60
9
62
8
70
10
22
7
9
9
60
10
52
9
78
8
99
9
27
7
49
7
4
9
91
9
61
7
39
8
90
8
28
9
30
7
9
9
18
8
20
8
90
10
82
9
73
9
62
8
60
0
50
8
80
9
73
11
23
9
12
1
59
7
29
9
17
9
98
9
32
2
9
9
80
7
29
9
31
9
62
9
72
9
68
9
43
9
41
9
19
9
99
10
22
7
49
3
9
7
47
7
17
8
50
8
99
9
51
8
90
9
70
9
30
7
29
9
99
7
89
7
98
9
51
7
8
7
79
10
82
9
20
8
90
9
91
10
22
7
99
9
81
9
78
8
99
7
99
9
42
9
99
8
27
7
18
8
60
11
23
9
99
9
61
7
69
7
59
7
49
7
39
2
28
8
19
9
99
8
99
1
8
8
99
7
39
7
17
11
83
7
89
10
52
9
40
9
68
7
39
7
19
7
57
0
60
9
59
9
31
9
81
9
13
9
12
7
29
7
39
9
21
7
39
7
39
9
32
7
17
7
29
11
83
9
12
7
19
9
48
9
11
7
49
9
62
9
80
7
47
8
70
10
82
8
17
9
41
8
97
9
59
9
92
9
9
8
70
9
27
9
92
7
89
9
21
9
99
9
27
8
78
7
49
10
52
8
30
9
92
9
47
7
58
9
47
8
10
8
10
7
79
9
99
9
73
7
99
9
43
8
1
7
99
9
89
9
80
8
57
9
43
9
99
9
58
8
48
9
91
10
82
9
29
7
19
9
60
9
11
9
28
7
39
9
21
9
42
0
30
9
29
9
43
9
58
9
32
9
28
9
73
9
99
8
37
7
69
9
91
9
11
11
53
9
9
9
62
9
20
9
99
7
29
9
90
9
81
9
77
8
80
8
70
7
29
9
99
9
29
9
91
9
21
9
12
9
71
9
78
9
41
9
21
7
89
8
60
9
57
8
99
9
11
9
42
9
41
9
79
9
61
9
29
9
39
9
73
8
90
7
99
11
23
8
30
7
69
9
92
8
12
7
9
7
69
11
23
9
51
9
51
7
58
7
9
9
60
11
83
7
18
9
21
9
99
9
71
8
99
9
61
7
59
10
22
9
62
7
17
7
49
7
57
7
89
7
9
7
39
9
18
8
50
7
29
8
70
9
60
7
77
7
29
9
49
8
20
9
48
8
80
8
60
8
90
9
91
9
42
9
12
7
99
8
90
7
98
9
57
8
80
8
10
9
20
9
68
8
20
9
99
9
29
7
99
9
99
9
69
9
79
9
60
8
10
11
53
8
89
7
99
0
80
9
81
9
80
7
29
7
89
9
99
11
53
9
87
9
99
9
99
8
90
9
8
9
28
8
17
7
47
9
47
9
73
9
70
7
89
4
88
10
82
8
50
9
99
8
90
8
80
9
99
9
21
7
89
7
69
9
99
8
80
8
40
9
37
7
17
9
99
9
51
10
52
9
89
8
60
8
30
8
94
8
90
9
30
7
89
7
49
9
32
7
49
9
13
9
21
9
20
8
58
7
9
7
27
8
20
10
52
9
17
9
58
7
69
0
90
0
0
9
87
9
31
9
69
9
81
8
70
9
88
10
22
8
70
0
40
9
11
9
41
9
8
8
98
9
8
9
21
7
89
9
11
8
90
7
59
9
42
8
88
9
71
7
99
8
20
8
45
9
92
9
21
9
81
0
90
7
9
9
87
11
83
8
90
9
62
7
19
7
9
7
99
9
68
9
91
9
81
7
19
8
50
0
80
8
70
8
60
9
32
9
30
7
99
8
63
8
10
7
69
9
59
9
33
9
81
9
32
9
7
9
19
9
58
11
53
8
40
10
22
7
8
7
79
9
71
8
60
9
39
8
79
9
99
9
32
8
77
7
87
9
11
7
39
9
78
7
9
9
31
9
21
9
12
9
78
9
8
9
32
9
61
9
72
9
80
9
43
7
59
9
68
7
39
9
48
9
99
9
61
7
87
8
60
9
32
9
67
9
91
9
9
8
9
9
20
9
91
8
37
7
99
9
62
9
63
11
23
9
81
9
68
7
9
9
41
9
81
7
69
9
29
10
52
9
88
7
18
9
91
11
53
7
59
7
89
8
90
9
73
9
31
9
99
9
62
9
12
9
11
7
69
9
99
9
91
8
18
7
57
9
62
7
29
8
17
9
9
10
82
9
72
9
11
9
99
9
91
7
29
9
72
11
53
10
52
8
10
9
79
9
79
9
61
9
91
8
88
7
65
9
11
7
19
9
99
9
10
8
50
8
57
9
51
7
87
0
0
9
51
7
29
9
79
7
19
7
38
8
50
11
53
7
69
7
49
9
47
8
90
9
72
8
70
8
60
9
62
8
60
9
91
9
91
11
53
9
21
8
99
8
40
8
20
9
92
9
41
9
30
8
90
9
41
9
31
8
79
7
99
9
41
10
82
7
7
10
82
9
99
9
20
9
99
9
71
9
99
0
53
7
19
9
31
9
91
9
91
0
50
7
99
9
9
7
29
9
62
9
91
9
7
7
55
9
27
8
10
7
79
8
99
8
99
9
62
9
28
9
89
8
48
7
79
9
21
9
43
9
63
9
73
8
90
7
29
8
69
7
8
9
87
9
62
9
99
9
99
9
98
9
93
9
91
9
30
7
9
9
32
9
19
8
20
8
50
7
39
9
88
7
19
9
41
9
70
9
81
9
9
8
50
9
12
9
50
9
28
9
93
9
47
9
70
9
32
8
10
7
9
8
10
10
23
10
82
9
28
8
27
9
12
9
21
7
98
9
81
1
68
9
99
9
89
1
19
7
69
9
90
9
61
8
99
7
78
9
19
9
9
9
81
9
11
9
51
7
47
9
38
9
41
9
81
9
39
8
20
9
71
9
61
10
22
8
80
7
69
9
98
8
90
7
49
8
90
8
40
8
40
9
31
9
62
9
12
9
99
9
73
9
61
9
32
0
30
9
63
8
98
7
69
8
10
9
10
7
59
7
59
7
49
0
0
9
91
9
68
8
70
9
51
7
68
9
71
8
70
11
23
9
37
9
13
7
98
7
39
9
61
2
99
9
92
8
50
0
50
9
78
8
40
8
40
7
77
7
69
8
28
7
99
8
20
8
99
0
0
11
83
8
30
7
48
8
90
8
50
9
99
9
63
7
68
0
20
8
70
8
57
8
20
8
80
8
78
0
70
11
23
8
99
7
29
8
70
0
80
9
73
8
80
8
87
9
41
7
69
8
10
10
22
9
73
10
82
9
41
7
88
9
91
9
32
9
42
9
33
9
41
9
11
9
9
9
99
7
89
9
99
7
79
10
22
8
40
9
51
9
99
9
42
9
73
3
89
8
65
9
72
7
19
9
50
9
63
9
21
0
40
9
88
8
28
0
20
9
28
9
48
8
50
8
40
9
99
7
89
8
98
