9
10
9
50
9
34
13
55
9
39
10
82
9
11
9
64
9
91
9
64
9
31
9
93
9
60
9
81
9
20
11
53
9
31
9
21
9
11
9
44
9
10
9
90
9
29
9
91
9
12
9
60
9
81
9
74
9
32
10
22
9
81
9
99
0
50
9
21
9
40
9
73
9
12
9
63
9
98
9
93
9
13
9
51
0
30
9
19
9
64
10
22
9
94
9
64
9
44
10
52
9
72
9
31
12
84
0
40
9
33
9
14
9
51
10
52
13
85
9
44
11
83
9
50
9
32
9
62
9
10
9
71
0
20
9
30
9
11
9
99
9
13
9
11
9
60
12
24
9
74
9
31
10
82
12
84
9
91
9
93
9
64
9
31
13
25
9
33
10
82
9
81
9
99
9
14
12
54
9
92
9
92
9
99
9
32
10
22
9
20
9
20
9
51
9
99
9
99
9
99
9
99
9
99
9
41
9
43
9
74
9
99
9
99
9
31
13
25
9
71
9
91
9
74
9
99
9
81
9
43
9
72
9
44
9
81
9
30
9
80
9
99
9
30
9
11
9
21
10
82
9
71
9
43
9
90
9
42
11
83
9
21
9
74
9
39
9
9
9
42
9
71
9
69
9
31
9
64
9
13
10
52
9
29
9
69
9
70
9
70
9
31
10
52
12
84
9
93
9
94
9
71
9
72
9
61
9
63
9
99
10
22
9
99
13
85
9
92
9
92
9
14
0
20
10
52
10
52
9
63
9
13
9
29
13
55
9
99
9
41
9
21
9
70
9
73
9
72
9
92
9
80
9
99
9
89
9
32
9
33
9
44
9
72
9
92
9
93
9
11
11
83
10
82
10
52
10
22
9
41
9
21
9
69
10
22
9
14
9
73
9
19
9
10
9
99
9
43
9
91
12
84
0
0
12
24
13
25
9
81
9
94
10
22
11
23
9
42
9
80
9
33
10
52
9
29
9
99
12
24
9
31
9
93
9
41
9
32
9
31
9
13
9
90
9
99
9
11
9
21
9
99
9
12
9
81
9
61
9
40
11
23
9
99
9
11
9
43
9
89
10
82
9
51
9
64
9
19
9
61
9
30
9
14
9
62
9
64
9
72
12
24
9
11
9
62
12
54
9
80
9
99
9
29
9
51
9
3
9
93
9
63
9
41
9
92
9
30
9
32
9
11
9
20
10
22
9
92
12
84
9
74
9
64
9
62
0
50
10
82
9
74
13
25
9
14
1
59
9
31
9
19
9
99
9
34
2
9
10
82
9
31
9
33
9
64
9
74
9
68
9
44
9
43
9
21
9
99
12
24
9
51
3
9
9
49
9
19
10
52
9
99
11
53
9
92
9
72
9
32
9
31
9
99
9
91
9
99
11
53
9
10
9
81
12
84
10
22
9
92
9
93
12
24
9
99
11
83
9
80
9
99
9
99
9
44
9
99
9
29
9
20
9
62
13
25
9
99
9
63
9
71
9
61
9
51
9
41
2
28
9
21
9
99
9
99
1
9
9
99
9
41
9
19
13
85
9
91
12
54
9
42
9
70
9
41
9
21
9
59
0
60
9
61
9
31
11
83
9
14
9
14
9
31
9
41
11
23
9
41
9
41
9
34
9
19
9
31
13
85
9
14
9
21
9
50
9
13
9
51
9
64
10
82
9
49
9
72
12
84
9
19
9
43
9
99
9
61
9
94
9
11
9
72
9
29
9
94
9
91
11
23
9
99
9
29
9
80
9
51
12
54
9
32
9
94
9
49
9
60
9
49
9
12
9
12
9
81
9
99
9
74
9
99
9
44
9
1
9
99
9
91
10
82
9
59
9
44
9
99
9
60
9
50
9
93
12
84
9
31
9
21
9
62
9
13
9
30
9
41
11
23
9
44
0
30
9
31
9
44
9
60
9
34
9
30
9
74
9
99
9
39
9
71
9
93
9
13
13
55
9
11
9
64
10
22
9
99
9
31
9
92
11
83
9
79
10
82
9
72
9
31
9
99
9
31
9
91
11
23
9
14
9
73
9
80
9
43
11
23
9
91
9
62
9
59
9
99
9
13
9
44
9
43
9
81
9
63
9
31
9
41
9
74
9
92
9
99
13
25
9
32
9
71
9
94
9
10
9
11
9
71
13
25
11
53
11
53
9
60
9
11
9
62
13
85
9
20
11
23
9
99
9
73
9
99
9
63
9
61
12
24
9
64
9
19
9
51
9
59
9
91
9
11
9
41
9
20
10
52
9
31
9
72
9
62
9
79
9
31
9
51
10
22
9
50
10
82
9
62
9
92
9
93
9
44
9
14
9
99
9
92
9
99
9
59
10
82
9
12
10
22
9
70
10
22
9
99
9
29
9
99
9
99
9
71
9
81
9
62
9
12
13
55
9
91
9
99
0
80
11
83
10
82
9
31
9
91
9
99
13
55
9
89
9
99
9
99
9
92
9
8
9
30
9
19
9
49
9
49
9
74
9
72
9
91
4
89
12
84
10
52
9
99
9
92
10
82
9
99
11
23
9
91
9
71
9
99
10
82
9
42
9
39
9
17
9
99
11
53
12
54
9
91
9
62
9
32
9
94
9
92
9
32
9
91
9
51
9
34
9
51
9
14
11
23
10
22
9
60
9
11
9
29
10
22
12
54
9
19
9
60
9
71
0
90
0
0
9
89
9
33
9
71
11
83
9
72
9
90
12
24
9
72
0
40
9
13
9
43
9
10
9
99
9
10
11
23
9
91
9
13
9
92
9
61
9
44
9
90
9
73
9
99
10
22
8
45
9
94
11
23
11
83
0
90
9
11
9
89
13
85
9
92
9
64
9
21
9
11
9
99
9
70
9
93
11
83
9
21
10
52
0
80
9
72
9
62
9
34
9
32
9
99
9
61
9
12
9
71
9
59
9
34
11
83
9
34
9
9
9
21
9
60
13
55
9
42
12
24
9
10
9
81
9
73
9
62
9
41
9
81
9
99
9
34
9
79
9
89
9
13
9
41
9
80
9
11
9
33
11
23
9
14
9
80
9
8
9
34
9
63
9
74
10
82
9
44
9
61
9
70
9
41
9
50
9
99
9
63
9
89
9
62
9
32
9
69
9
93
9
11
9
11
10
22
9
93
9
39
9
99
9
64
9
64
13
25
11
83
9
70
9
11
9
43
11
83
9
71
9
31
12
54
9
90
9
20
9
93
13
55
9
61
9
91
9
92
9
74
9
33
9
99
9
64
9
14
9
13
9
71
9
99
9
93
9
20
9
59
9
64
9
31
9
19
9
11
12
84
9
74
9
13
9
99
9
93
9
31
9
74
13
55
12
54
9
12
9
81
9
81
9
63
9
93
9
90
8
65
9
13
9
21
9
99
9
12
10
52
9
59
11
53
9
89
0
0
11
53
9
31
9
81
9
21
9
40
10
52
13
55
9
71
9
51
9
49
9
92
9
74
9
72
9
62
9
64
9
62
9
93
9
93
13
55
11
23
9
99
9
42
10
22
9
94
9
43
9
32
9
92
9
43
9
33
9
81
9
99
9
43
12
84
9
9
12
84
9
99
10
22
9
99
9
73
9
99
0
53
9
21
9
33
9
93
9
93
0
50
9
99
9
11
9
31
9
64
9
93
9
9
8
55
9
29
9
12
9
81
9
99
9
99
9
64
9
30
9
91
9
50
9
81
11
23
9
44
9
64
9
74
9
92
9
31
9
71
9
10
9
89
9
64
9
99
9
99
9
99
9
94
9
93
9
32
9
11
9
34
9
21
10
22
10
52
9
41
9
90
9
21
9
43
9
72
11
83
9
9
10
52
9
14
10
52
9
30
9
94
9
49
9
72
9
34
9
12
9
11
9
12
12
23
12
84
9
30
9
27
9
14
11
23
9
99
11
83
1
68
9
99
9
91
1
19
9
71
9
92
9
63
9
99
9
80
9
21
9
11
11
83
9
13
11
53
9
49
9
40
9
43
11
83
9
41
10
22
9
73
9
63
12
24
10
82
9
71
9
99
9
92
9
51
9
92
9
42
9
42
9
33
9
64
9
14
9
99
9
74
9
63
9
34
0
30
9
64
9
99
9
71
9
12
9
12
9
61
9
61
9
51
0
0
9
93
9
70
9
72
11
53
9
70
9
73
9
72
13
25
9
39
9
13
9
99
9
41
9
63
2
99
9
94
10
52
0
50
9
78
9
42
9
42
9
79
9
71
9
30
9
99
10
22
9
99
0
0
13
85
9
32
9
50
9
92
10
52
9
99
9
64
9
70
0
20
9
72
9
59
10
22
10
82
9
80
0
70
13
25
9
99
9
31
9
72
0
80
9
74
10
82
9
89
9
43
9
71
9
12
12
24
9
74
12
84
9
43
9
90
9
93
9
34
9
44
9
34
9
43
9
13
9
11
9
99
9
91
9
99
9
81
12
24
9
42
11
53
9
99
9
44
9
74
3
89
8
65
9
74
9
21
10
52
9
63
11
23
0
40
9
88
9
30
0
20
9
30
9
50
10
52
9
42
9
99
9
91
9
99
