9
14
16
58
9
34
19
63
9
44
18
90
9
14
9
64
9
94
9
64
9
34
9
94
9
64
17
89
16
28
19
61
9
34
17
29
9
14
9
44
9
14
9
94
9
34
9
94
9
14
9
64
17
89
9
74
9
34
18
30
17
89
9
99
0
50
17
29
9
44
9
74
9
14
9
64
9
98
9
94
9
14
17
59
0
30
15
27
9
64
18
30
9
94
9
64
9
44
18
60
9
74
9
34
19
92
0
40
9
34
9
14
17
59
18
60
19
93
9
44
19
91
16
58
9
34
9
64
9
14
9
74
0
20
9
34
9
14
9
99
9
14
9
14
9
64
19
32
9
74
9
34
18
90
19
92
9
94
9
94
9
64
9
34
19
33
9
34
18
90
17
89
9
99
9
14
19
62
9
94
9
94
9
99
9
34
18
30
16
28
16
28
17
59
9
99
9
99
9
99
9
99
9
99
9
44
9
44
9
74
9
99
9
99
9
34
19
33
9
74
9
94
9
74
9
99
17
89
9
44
9
74
9
44
17
89
9
34
16
88
9
99
9
34
9
14
17
29
18
90
9
74
9
44
9
94
9
44
19
91
17
29
9
74
9
44
9
14
9
44
9
74
9
74
9
34
9
64
9
14
18
60
9
34
9
74
9
74
9
74
9
34
18
60
19
92
9
94
9
94
9
74
9
74
9
64
9
64
9
99
18
30
9
99
19
93
9
94
9
94
9
14
0
20
18
60
18
60
9
64
9
14
9
34
19
63
9
99
9
44
17
29
9
74
9
74
9
74
9
94
16
88
9
99
9
94
9
34
9
34
9
44
9
74
9
94
9
94
9
14
19
91
18
90
18
60
18
30
9
44
17
29
9
74
18
30
9
14
9
74
15
27
9
14
9
99
9
44
9
94
19
92
0
0
19
32
19
33
17
89
9
94
18
30
19
31
9
44
16
88
9
34
18
60
9
34
9
99
19
32
9
34
9
94
9
44
9
34
9
34
9
14
9
94
9
99
9
14
17
29
9
99
9
14
17
89
9
64
9
44
19
31
9
99
9
14
9
44
9
94
18
90
17
59
9
64
15
27
9
64
9
34
9
14
9
64
9
64
9
74
19
32
9
14
9
64
19
62
16
88
9
99
9
34
17
59
9
3
9
94
9
64
9
44
9
94
9
34
9
34
9
14
16
28
18
30
9
94
19
92
9
74
9
64
9
64
0
50
18
90
9
74
19
33
9
14
1
59
9
34
15
27
9
99
9
34
2
9
18
90
9
34
9
34
9
64
9
74
9
68
9
44
9
44
17
29
9
99
19
32
17
59
3
9
15
57
15
27
18
60
9
99
19
61
9
94
9
74
9
34
9
34
9
99
9
94
9
99
19
61
9
14
17
89
19
92
18
30
9
94
9
94
19
32
9
99
19
91
16
88
9
99
9
99
9
44
9
99
9
34
16
28
9
64
19
33
9
99
9
64
9
74
9
64
17
59
9
44
2
28
17
29
9
99
9
99
1
9
9
99
9
44
15
27
19
93
9
94
19
62
9
44
9
74
9
44
17
29
9
64
0
60
9
64
9
31
19
91
9
14
9
14
9
34
9
44
19
31
9
44
9
44
9
34
15
27
9
34
19
93
9
14
17
29
16
58
9
14
17
59
9
64
18
90
15
57
9
74
19
92
15
27
9
44
9
99
9
64
9
94
9
14
9
74
9
34
9
94
9
94
19
31
9
99
9
34
16
88
17
59
19
62
9
34
9
94
15
57
9
64
15
57
9
14
9
14
17
89
9
99
9
74
9
99
9
44
9
1
9
99
9
94
18
90
9
64
9
44
9
99
9
64
16
58
9
94
19
92
9
34
17
29
9
64
9
14
9
34
9
44
19
31
9
44
0
30
9
34
9
44
9
64
9
34
9
34
9
74
9
99
9
44
9
74
9
94
9
14
19
63
9
14
9
64
18
30
9
99
9
34
9
94
19
91
15
87
18
90
9
74
9
34
9
99
9
34
9
91
19
31
9
14
9
74
16
88
9
44
19
31
9
94
9
64
9
64
9
99
9
14
9
44
9
44
17
89
9
64
9
34
9
44
9
74
9
94
9
99
19
33
9
34
9
74
9
94
9
6
9
14
9
74
19
33
19
61
19
61
9
64
9
14
9
64
19
93
16
28
19
31
9
99
9
74
9
99
9
64
9
64
19
32
9
64
15
27
17
59
9
64
9
94
9
14
9
44
16
28
18
60
9
34
9
74
9
64
15
87
9
34
17
59
18
30
16
58
18
90
9
64
9
94
9
94
9
44
9
14
9
99
9
94
9
99
9
64
18
90
9
14
18
30
9
74
18
30
9
99
9
29
9
99
9
99
9
74
17
89
9
64
9
14
19
63
9
94
9
99
0
80
19
91
18
90
9
34
9
94
9
99
19
63
9
94
9
99
9
99
9
94
9
8
9
34
15
27
15
57
15
57
9
74
9
74
9
94
4
89
19
92
18
60
9
99
9
94
18
90
9
99
19
31
9
94
9
74
9
99
18
90
9
44
9
44
9
17
9
99
19
61
19
62
9
94
9
64
9
34
9
94
9
94
9
34
9
94
17
59
9
34
17
59
9
14
19
31
18
30
9
64
9
14
9
34
18
30
19
62
15
27
9
64
9
74
0
90
0
0
9
94
9
34
9
74
19
91
9
74
9
94
19
32
9
74
0
40
9
14
9
44
9
14
9
99
9
14
19
31
9
94
9
14
9
94
9
64
9
44
9
94
9
74
9
99
18
30
8
45
9
94
19
31
19
91
0
90
9
14
9
94
19
93
9
94
9
64
17
29
9
14
9
99
9
74
9
94
19
91
17
29
18
60
0
80
9
74
9
64
9
34
9
34
9
99
9
56
9
14
9
74
9
59
9
34
19
91
9
34
9
14
17
29
9
64
19
63
9
44
19
32
9
14
17
89
9
74
9
64
9
44
17
89
9
99
9
34
15
87
9
94
9
14
9
44
16
88
9
14
9
34
19
31
9
14
16
88
9
8
9
34
9
64
9
74
18
90
9
44
9
64
9
74
9
44
16
58
9
99
9
64
9
94
9
64
9
32
9
74
9
94
9
14
9
14
18
30
9
94
9
44
9
99
9
64
9
64
19
33
19
91
9
74
9
14
9
44
19
91
9
74
9
34
19
62
9
94
16
28
9
94
19
63
9
64
9
94
9
94
9
74
9
34
9
99
9
64
9
14
9
14
9
74
9
99
9
94
16
28
9
64
9
64
9
34
15
27
9
14
19
92
9
74
9
14
9
99
9
94
9
34
9
74
19
63
19
62
9
14
17
89
17
89
9
64
9
94
9
94
8
65
9
14
17
29
9
99
9
14
18
60
9
64
19
61
9
94
0
0
19
61
9
34
17
89
17
29
9
44
18
60
19
63
9
74
17
59
15
57
9
94
9
74
9
74
9
64
9
64
9
64
9
94
9
94
19
63
19
31
9
99
9
44
18
30
9
94
9
44
9
34
9
94
9
44
9
34
17
89
9
99
9
44
19
92
9
14
19
92
9
99
18
30
9
99
9
74
9
99
0
53
17
29
9
34
9
94
9
94
0
50
9
99
9
14
9
34
9
64
9
94
9
14
8
55
9
34
9
14
17
89
9
99
9
99
9
64
9
34
9
94
16
58
17
89
19
31
9
44
9
64
9
74
9
94
9
34
9
74
9
14
9
94
9
64
9
99
9
99
9
99
9
94
9
94
9
34
9
14
9
34
17
29
18
30
18
60
9
44
9
94
17
29
9
44
9
74
19
91
9
9
18
60
9
14
18
60
9
34
9
94
15
57
9
74
9
34
9
14
9
14
9
14
19
23
19
92
9
34
9
27
9
14
19
31
9
99
19
91
1
68
9
99
9
94
1
19
9
74
9
94
9
64
9
99
16
88
17
29
9
14
19
91
9
14
19
61
15
57
9
44
9
44
19
91
9
44
18
30
9
74
9
64
19
32
18
90
9
74
9
99
9
94
17
59
9
94
9
44
9
44
9
34
9
64
9
14
9
99
9
74
9
64
9
34
0
30
9
64
9
99
9
74
9
14
9
14
9
64
9
64
17
59
0
0
9
94
9
74
9
74
19
61
9
74
9
74
9
74
19
33
9
44
9
13
9
99
9
44
9
64
2
99
9
94
18
60
0
50
9
78
9
44
9
44
15
87
9
74
9
34
9
99
18
30
9
99
0
0
19
93
9
34
16
58
9
94
18
60
9
99
9
64
9
74
0
20
9
74
9
64
18
30
18
90
16
88
0
70
19
33
9
99
9
34
9
74
0
80
9
74
18
90
9
94
9
44
9
74
9
14
19
32
9
74
19
92
9
44
9
94
9
94
9
34
9
44
9
34
9
44
9
14
9
14
9
99
9
94
9
99
17
89
19
32
9
44
19
61
9
99
9
44
9
74
3
89
8
65
9
74
17
29
18
60
9
63
19
31
0
40
9
88
9
34
0
20
9
34
16
58
18
60
9
44
9
99
9
94
9
99
