9
14
18
60
9
34
19
64
9
44
19
92
9
14
9
64
9
94
9
64
9
34
9
94
9
64
19
91
18
30
19
63
9
34
19
31
9
14
9
44
9
14
9
94
9
34
9
94
9
14
9
64
19
91
9
74
9
34
19
32
19
91
9
99
0
50
19
31
9
44
9
74
9
14
9
64
9
98
9
94
9
14
19
61
0
30
17
29
9
64
19
32
9
94
9
64
9
44
19
62
9
74
9
34
19
94
0
40
9
34
9
14
19
61
19
62
19
94
9
44
19
93
18
60
9
34
9
64
9
14
9
74
0
20
9
34
9
14
9
99
9
14
9
14
9
64
19
34
9
74
9
34
19
92
19
94
9
94
9
94
9
64
9
34
19
34
9
34
19
92
19
91
9
99
9
14
19
64
9
94
9
94
9
99
9
34
19
32
18
30
18
30
19
61
9
99
9
99
9
99
9
99
9
99
9
44
9
44
9
74
9
99
9
99
9
34
19
34
9
74
9
94
9
74
9
99
19
91
9
44
9
74
9
44
19
91
9
34
18
90
9
99
9
34
9
14
19
31
19
92
9
74
9
44
9
94
9
44
19
93
19
31
9
74
9
44
9
14
9
44
9
74
9
74
9
34
9
64
9
14
19
62
9
34
9
74
9
74
9
74
9
34
19
62
19
94
9
94
9
94
9
74
9
74
9
64
9
64
9
99
19
32
9
99
19
94
9
94
9
94
9
14
0
20
19
62
19
62
9
64
9
14
9
34
19
64
9
99
9
44
19
31
9
74
9
74
9
74
9
94
18
90
9
99
9
94
9
34
9
34
9
44
9
74
9
94
9
94
9
14
19
93
19
92
19
62
19
32
9
44
19
31
9
74
19
32
9
14
9
74
17
29
9
14
9
99
9
44
9
94
19
94
0
0
19
34
19
34
19
91
9
94
19
32
19
33
9
44
18
90
9
34
19
62
9
34
9
99
19
34
9
34
9
94
9
44
9
34
9
34
9
14
9
94
9
99
9
14
19
31
9
99
9
14
19
91
9
64
9
44
19
33
9
99
9
14
9
44
9
94
19
92
19
61
9
64
17
29
9
64
9
34
9
14
9
64
9
64
9
74
19
34
9
14
9
64
19
64
18
90
9
99
9
34
19
61
9
3
9
94
9
64
9
44
9
94
9
34
9
34
9
14
18
30
19
32
9
94
19
94
9
74
9
64
9
64
0
50
19
92
9
74
19
34
9
14
1
59
9
34
17
29
9
99
9
34
2
9
19
92
9
34
9
34
9
64
9
74
9
68
9
44
9
44
19
31
9
99
19
34
19
61
3
9
17
59
17
29
19
62
9
99
19
63
9
94
9
74
9
34
9
34
9
99
9
94
9
99
19
63
9
14
19
91
19
94
19
32
9
94
9
94
19
34
9
99
19
93
18
90
9
99
9
99
9
44
9
99
9
34
18
30
9
64
19
34
9
99
9
64
9
74
9
64
19
61
9
44
2
28
19
31
9
99
9
99
1
9
9
99
9
44
17
29
19
94
9
94
19
64
9
44
9
74
9
44
19
31
9
64
0
60
9
64
9
31
19
93
9
14
9
14
9
34
9
44
19
33
9
44
9
44
9
34
17
29
9
34
19
94
9
14
19
31
18
60
9
14
19
61
9
64
19
92
17
59
9
74
19
94
17
29
9
44
9
99
9
64
9
94
9
14
9
74
9
34
9
94
9
94
19
33
9
99
9
34
18
90
19
61
19
64
9
34
9
94
17
59
9
64
17
59
9
14
9
14
19
91
9
99
9
74
9
99
9
44
9
1
9
99
9
94
19
92
9
64
9
44
9
99
9
64
18
60
9
94
19
94
9
34
19
31
9
64
9
14
9
34
9
44
19
33
9
44
0
30
9
34
9
44
9
64
9
34
9
34
9
74
9
99
9
44
9
74
9
94
9
14
19
64
9
14
9
64
19
32
9
99
9
34
9
94
19
93
17
89
19
92
9
74
9
34
9
99
9
34
9
91
19
33
9
14
9
74
18
90
9
44
19
33
9
94
9
64
9
64
9
99
9
14
9
44
9
44
19
91
9
64
9
34
9
44
9
74
9
94
9
99
19
34
9
34
9
74
9
94
9
6
9
14
9
74
19
34
19
63
19
63
9
64
9
14
9
64
19
94
18
30
19
33
9
99
9
74
9
99
9
64
9
64
19
34
9
64
17
29
19
61
9
64
9
94
9
14
9
44
18
30
19
62
9
34
9
74
9
64
17
89
9
34
19
61
19
32
18
60
19
92
9
64
9
94
9
94
9
44
9
14
9
99
9
94
9
99
9
64
19
92
9
14
19
32
9
74
19
32
9
99
9
29
9
99
9
99
9
74
19
91
9
64
9
14
19
64
9
94
9
99
0
80
19
93
19
92
9
34
9
94
9
99
19
64
9
94
9
99
9
99
9
94
9
8
9
34
17
29
17
59
17
59
9
74
9
74
9
94
4
89
19
94
19
62
9
99
9
94
19
92
9
99
19
33
9
94
9
74
9
99
19
92
9
44
9
44
9
17
9
99
19
63
19
64
9
94
9
64
9
34
9
94
9
94
9
34
9
94
19
61
9
34
19
61
9
14
19
33
19
32
9
64
9
14
9
34
19
32
19
64
17
29
9
64
9
74
0
90
0
0
9
94
9
34
9
74
19
93
9
74
9
94
19
34
9
74
0
40
9
14
9
44
9
14
9
99
9
14
19
33
9
94
9
14
9
94
9
64
9
44
9
94
9
74
9
99
19
32
8
45
9
94
19
33
19
93
0
90
9
14
9
94
19
94
9
94
9
64
19
31
9
14
9
99
9
74
9
94
19
93
19
31
19
62
0
80
9
74
9
64
9
34
9
34
9
99
9
56
9
14
9
74
9
59
9
34
19
93
9
34
9
14
19
31
9
64
19
64
9
44
19
34
9
14
19
91
9
74
9
64
9
44
19
91
9
99
9
34
17
89
9
94
9
14
9
44
18
90
9
14
9
34
19
33
9
14
18
90
9
8
9
34
9
64
9
74
19
92
9
44
9
64
9
74
9
44
18
60
9
99
9
64
9
94
9
64
9
32
9
74
9
94
9
14
9
14
19
32
9
94
9
44
9
99
9
64
9
64
19
34
19
93
9
74
9
14
9
44
19
93
9
74
9
34
19
64
9
94
18
30
9
94
19
64
9
64
9
94
9
94
9
74
9
34
9
99
9
64
9
14
9
14
9
74
9
99
9
94
18
30
9
64
9
64
9
34
17
29
9
14
19
94
9
74
9
14
9
99
9
94
9
34
9
74
19
64
19
64
9
14
19
91
19
91
9
64
9
94
9
94
8
65
9
14
19
31
9
99
9
14
19
62
9
64
19
63
9
94
0
0
19
63
9
34
19
91
19
31
9
44
19
62
19
64
9
74
19
61
17
59
9
94
9
74
9
74
9
64
9
64
9
64
9
94
9
94
19
64
19
33
9
99
9
44
19
32
9
94
9
44
9
34
9
94
9
44
9
34
19
91
9
99
9
44
19
94
9
14
19
94
9
99
19
32
9
99
9
74
9
99
0
53
19
31
9
34
9
94
9
94
0
50
9
99
9
14
9
34
9
64
9
94
9
14
8
55
9
34
9
14
19
91
9
99
9
99
9
64
9
34
9
94
18
60
19
91
19
33
9
44
9
64
9
74
9
94
9
34
9
74
9
14
9
94
9
64
9
99
9
99
9
99
9
94
9
94
9
34
9
14
9
34
19
31
19
32
19
62
9
44
9
94
19
31
9
44
9
74
19
93
9
9
19
62
9
14
19
62
9
34
9
94
17
59
9
74
9
34
9
14
9
14
9
14
19
23
19
94
9
34
9
27
9
14
19
33
9
99
19
93
1
68
9
99
9
94
1
19
9
74
9
94
9
64
9
99
18
90
19
31
9
14
19
93
9
14
19
63
17
59
9
44
9
44
19
93
9
44
19
32
9
74
9
64
19
34
19
92
9
74
9
99
9
94
19
61
9
94
9
44
9
44
9
34
9
64
9
14
9
99
9
74
9
64
9
34
0
30
9
64
9
99
9
74
9
14
9
14
9
64
9
64
19
61
0
0
9
94
9
74
9
74
19
63
9
74
9
74
9
74
19
34
9
44
9
13
9
99
9
44
9
64
2
99
9
94
19
62
0
50
9
78
9
44
9
44
17
89
9
74
9
34
9
99
19
32
9
99
0
0
19
94
9
34
18
60
9
94
19
62
9
99
9
64
9
74
0
20
9
74
9
64
19
32
19
92
18
90
0
70
19
34
9
99
9
34
9
74
0
80
9
74
19
92
9
94
9
44
9
74
9
14
19
34
9
74
19
94
9
44
9
94
9
94
9
34
9
44
9
34
9
44
9
14
9
14
9
99
9
94
9
99
19
91
19
34
9
44
19
63
9
99
9
44
9
74
3
89
8
65
9
74
19
31
19
62
9
63
19
33
0
40
9
88
9
34
0
20
9
34
18
60
19
62
9
44
9
99
9
94
9
99
