0
40
9
32
9
14
12
84
13
85
9
14
9
34
9
14
13
85
9
33
9
31
9
99
10
82
9
31
9
61
9
94
15
57
12
54
9
64
9
93
9
99
9
44
9
93
9
81
12
54
9
94
9
44
9
74
9
93
9
99
9
99
9
74
9
34
12
24
9
63
9
64
9
73
9
14
13
25
11
83
14
56
9
64
9
94
9
14
9
44
9
99
13
85
15
57
9
99
9
33
11
23
9
94
9
43
11
23
15
57
9
32
0
60
9
44
9
92
9
34
9
34
9
94
9
14
9
12
9
12
9
63
9
73
9
64
15
27
9
81
10
82
9
73
9
74
9
74
9
93
14
86
12
84
9
94
9
34
14
26
9
94
9
14
9
99
9
13
9
94
9
99
9
94
9
44
10
82
10
82
12
54
11
53
9
73
9
73
14
86
9
44
9
64
15
57
9
94
9
99
9
94
13
55
9
43
9
73
9
64
9
13
9
72
9
99
0
0
9
64
9
73
9
43
0
60
9
94
9
74
9
64
9
73
9
13
9
93
9
92
9
34
9
63
9
44
9
64
9
21
9
81
12
84
9
63
9
14
9
99
9
99
11
22
14
56
9
11
15
57
9
34
9
74
13
85
9
94
14
86
10
52
13
25
9
64
11
83
9
34
9
44
9
99
9
44
13
85
9
94
10
82
9
99
9
94
9
13
9
99
9
99
9
94
9
99
9
99
11
53
9
44
9
74
13
25
12
54
9
99
15
87
9
43
9
12
9
14
9
31
9
64
9
44
9
73
9
14
11
23
11
83
9
94
9
99
9
72
9
72
11
83
9
94
9
81
9
91
9
14
9
34
9
94
9
41
9
14
9
11
11
23
15
87
10
22
13
55
9
73
9
34
9
43
9
44
11
53
9
44
9
43
9
94
9
64
9
12
0
0
9
44
9
99
13
85
15
27
14
56
9
94
14
26
9
64
9
73
9
73
9
14
9
99
9
64
9
42
9
94
11
53
9
99
9
94
9
74
12
54
9
93
9
64
9
34
12
84
9
44
9
43
0
30
13
25
9
33
11
83
11
53
9
34
9
44
9
34
9
34
9
94
9
44
10
52
9
73
9
34
11
23
9
74
9
93
9
64
9
43
9
71
12
24
9
12
9
74
14
56
9
99
11
83
14
56
9
74
8
85
11
53
12
84
9
74
9
93
14
56
9
74
9
64
9
63
9
11
9
63
9
92
12
84
12
24
9
99
9
64
9
99
9
73
9
99
14
56
9
13
11
83
9
94
11
53
9
12
9
14
9
64
9
63
15
57
13
25
2
39
13
25
8
25
9
14
9
34
9
44
9
13
9
94
9
34
9
72
9
99
9
14
9
64
3
39
14
26
9
14
9
99
13
85
12
54
9
74
0
10
9
44
9
74
13
55
12
24
9
74
9
71
9
99
9
63
9
13
9
63
9
11
9
74
9
43
11
51
9
42
9
99
11
23
9
14
9
32
13
25
9
63
9
94
13
55
9
32
9
14
9
71
9
94
9
62
9
63
11
53
15
27
9
91
9
44
9
44
13
55
9
94
9
64
11
53
9
74
9
74
9
99
9
44
9
34
9
99
15
57
9
13
9
34
13
25
9
64
15
87
9
34
9
64
9
81
11
23
10
52
1
29
9
34
9
44
9
44
9
94
9
99
11
82
9
73
9
13
9
94
9
31
9
99
9
43
13
55
9
14
9
21
9
93
0
50
9
14
15
82
9
14
9
64
3
6
12
84
9
64
9
44
1
49
9
14
9
74
9
21
11
53
9
99
9
43
9
44
15
27
9
41
9
44
9
63
15
87
10
82
9
94
9
14
9
14
9
13
13
25
14
26
9
74
9
74
9
99
15
57
9
14
9
21
9
14
9
44
15
87
9
63
0
10
9
74
9
73
9
74
0
40
9
99
11
83
9
44
9
33
9
63
14
56
9
74
9
33
9
44
10
82
14
26
9
93
11
23
14
56
0
50
14
26
9
99
10
82
9
99
9
44
9
44
9
31
9
91
9
34
9
93
9
99
9
99
11
83
9
32
9
13
9
31
9
74
9
44
11
53
9
93
9
13
11
23
9
71
9
63
9
43
9
64
9
63
9
14
9
99
9
34
9
99
9
12
9
64
13
25
9
99
9
64
12
24
11
53
9
63
9
74
9
44
9
63
9
34
9
14
9
99
9
33
9
14
9
34
9
72
9
67
9
71
9
93
9
94
9
99
9
99
9
71
9
99
9
44
0
90
9
64
9
51
9
73
9
73
13
85
9
44
13
85
9
94
9
12
13
25
9
13
9
34
9
34
12
24
13
55
11
83
14
26
9
99
9
14
9
42
9
14
15
87
9
34
9
94
9
14
9
93
9
13
12
24
9
34
11
53
9
63
9
64
9
14
9
64
10
82
11
83
9
74
9
13
11
53
9
92
9
64
9
81
11
23
9
14
9
13
9
64
3
49
9
64
9
99
1
29
9
14
9
44
13
55
9
74
9
44
12
84
9
43
9
64
9
51
9
94
9
94
9
94
9
34
9
34
9
64
9
73
9
14
12
54
12
24
9
99
9
34
9
64
1
29
12
54
9
93
2
39
3
9
9
78
15
87
9
26
9
51
9
32
12
24
9
62
9
64
14
56
9
44
9
32
9
44
9
44
9
99
0
20
9
99
9
99
9
51
15
57
13
85
9
74
13
85
13
85
9
94
9
34
9
99
9
64
9
72
9
74
9
74
12
54
9
64
11
53
9
74
9
74
14
26
3
59
8
25
9
29
12
54
9
34
9
99
9
14
11
53
9
62
9
44
9
12
9
31
9
94
9
99
9
44
9
74
9
92
12
84
9
64
9
94
9
64
9
99
10
22
14
56
9
44
9
21
2
29
9
64
9
99
9
44
9
44
9
42
9
14
9
51
3
9
9
94
9
34
9
94
9
14
12
24
8
65
9
74
9
74
9
43
12
54
9
72
12
54
9
94
9
34
14
86
13
55
9
44
9
43
12
24
9
33
10
52
9
99
12
54
9
14
9
63
9
72
4
24
14
56
9
14
14
86
9
43
9
33
9
93
9
99
9
63
9
44
9
99
9
12
15
87
9
71
9
64
9
11
9
99
9
14
9
43
9
14
9
21
9
64
9
59
9
14
9
74
9
33
9
99
9
74
9
44
9
64
9
42
9
64
9
44
0
40
9
14
14
26
9
34
9
89
9
94
9
63
14
26
15
27
9
12
9
72
9
74
9
64
12
24
9
99
9
44
9
94
9
44
10
22
9
34
9
42
9
72
9
94
9
93
11
23
9
64
9
14
13
85
2
79
12
24
9
73
9
99
9
64
9
63
13
55
9
63
15
87
9
43
9
12
9
94
9
44
13
55
9
94
9
73
14
86
9
43
9
64
9
64
9
44
9
33
9
14
9
44
14
26
13
25
15
27
9
99
2
99
9
44
9
34
9
94
9
71
9
91
9
34
9
14
9
14
13
85
9
62
9
13
9
34
9
63
9
99
9
64
13
85
12
84
9
32
9
93
9
33
15
27
9
93
9
12
10
52
9
94
9
74
11
83
9
73
1
24
12
24
9
99
9
33
9
13
0
30
9
99
9
14
10
82
9
34
15
27
9
14
9
14
11
23
9
93
10
82
11
23
9
74
9
93
9
34
9
43
9
41
9
12
12
54
9
32
9
94
9
34
10
52
9
93
9
33
4
79
13
85
12
54
13
85
9
74
9
44
14
56
9
99
13
25
9
94
9
73
9
99
13
55
9
93
9
74
9
99
9
63
3
99
9
12
9
32
15
27
11
23
11
23
9
44
1
20
9
62
15
87
9
74
9
93
11
53
11
83
9
43
9
34
13
85
9
43
9
44
11
23
9
13
9
11
12
54
9
99
9
61
14
86
9
94
9
94
9
88
9
74
9
13
9
34
9
63
10
82
13
25
0
2
9
74
11
53
9
63
9
34
1
39
9
34
9
34
9
73
9
44
2
58
9
31
0
60
9
63
9
99
13
85
9
93
9
99
11
53
9
13
9
74
9
44
13
85
9
64
9
92
9
51
9
64
1
89
9
14
9
64
12
84
9
13
15
27
9
94
9
14
9
99
12
81
15
87
11
53
9
28
9
94
13
25
9
74
9
14
9
74
9
14
9
99
9
92
1
98
11
83
9
81
11
83
9
44
9
44
9
92
9
34
9
64
9
93
9
99
9
14
12
84
9
34
9
64
9
99
14
86
11
23
11
53
9
63
11
53
9
74
9
14
9
94
9
14
9
99
9
64
9
14
0
90
9
41
9
94
2
79
9
21
12
84
13
55
10
22
10
22
9
14
9
34
2
49
9
64
9
44
11
23
9
34
11
23
9
93
9
44
14
86
9
31
9
42
14
86
9
63
9
92
9
44
11
53
11
83
9
74
4
89
10
82
1
29
11
53
13
82
9
94
9
56
11
83
9
44
2
9
11
83
9
44
12
24
9
14
9
34
9
63
9
14
11
83
9
99
15
57
9
81
