0
40
9
33
9
14
13
85
14
86
9
14
9
34
9
14
14
86
9
34
9
32
9
99
11
83
9
32
9
62
9
94
16
58
13
55
9
64
9
94
9
99
9
44
9
94
10
82
13
55
9
94
9
44
9
74
9
94
9
99
9
99
9
74
9
34
13
25
9
64
9
64
9
74
9
14
14
26
12
84
15
57
9
64
9
94
9
14
9
44
9
99
14
86
16
58
9
99
9
34
12
24
9
94
9
44
12
24
16
58
9
33
0
60
9
44
9
93
9
34
9
34
9
94
9
14
9
13
9
13
9
64
9
74
9
64
16
28
10
82
11
83
9
74
9
74
9
74
9
94
15
87
13
85
9
94
9
34
15
27
9
94
9
14
9
99
9
14
9
94
9
99
9
94
9
44
11
83
11
83
13
55
12
54
9
73
9
74
15
87
9
44
9
64
16
58
9
94
9
99
9
94
14
56
9
44
9
74
9
64
9
14
9
73
9
99
0
0
9
64
9
73
9
44
0
60
9
94
9
74
9
64
9
74
9
14
9
94
9
93
9
34
9
64
9
44
9
64
10
22
10
82
13
85
9
64
9
14
9
99
9
99
12
22
15
57
9
12
16
58
9
34
9
74
14
86
9
94
15
87
11
53
14
26
9
64
12
84
9
34
9
44
9
99
9
44
14
86
9
94
11
83
9
99
9
94
9
14
9
99
9
99
9
94
9
99
9
99
12
54
9
44
9
74
14
26
13
55
9
99
16
88
9
44
9
13
9
14
9
32
9
64
9
44
9
74
9
14
12
24
12
84
9
94
9
99
9
73
9
73
12
84
9
94
10
82
9
92
9
14
9
34
9
94
9
42
9
14
9
12
12
24
16
88
11
23
14
56
9
74
9
34
9
44
9
44
12
54
9
44
9
44
9
94
9
64
9
13
0
0
9
44
9
99
14
86
16
28
15
57
9
94
15
27
9
64
9
74
9
74
9
14
9
99
9
64
9
43
9
94
12
54
9
99
9
94
9
74
13
55
9
94
9
64
9
34
13
85
9
44
9
44
0
30
14
26
9
34
12
84
12
54
9
34
9
44
9
34
9
34
9
94
9
44
11
53
9
74
9
34
12
24
9
74
9
94
9
64
9
44
9
72
13
25
9
13
9
74
15
57
9
99
12
84
15
57
9
74
8
85
12
54
13
85
9
74
9
94
15
57
9
74
9
64
9
64
9
12
9
64
9
93
13
85
13
25
9
99
9
64
9
99
9
74
9
99
15
57
9
14
12
84
9
94
12
54
9
13
9
14
9
64
9
64
16
58
14
26
2
39
14
26
8
25
9
14
9
34
9
44
9
14
9
94
9
34
9
73
9
99
9
14
9
64
3
39
15
27
9
14
9
99
14
86
13
55
9
74
0
10
9
44
9
74
14
56
13
25
9
74
9
72
9
99
9
64
9
14
9
64
9
12
9
74
9
44
12
51
9
43
9
99
12
24
9
14
9
33
14
26
9
63
9
94
14
56
9
33
9
14
9
72
9
94
9
63
9
64
12
54
16
28
9
92
9
44
9
44
14
56
9
94
9
64
12
54
9
74
9
74
9
99
9
44
9
34
9
99
16
58
9
14
9
34
14
26
9
64
16
88
9
34
9
64
10
82
12
24
11
53
1
29
9
34
9
44
9
44
9
94
9
99
12
82
9
74
9
14
9
94
9
32
9
99
9
44
14
56
9
14
10
22
9
94
0
50
9
14
16
82
9
14
9
64
3
6
13
85
9
64
9
44
1
49
9
14
9
74
10
22
12
54
9
99
9
44
9
44
16
28
9
42
9
44
9
64
16
88
11
83
9
94
9
14
9
14
9
14
14
26
15
27
9
74
9
74
9
99
16
58
9
14
10
22
9
14
9
44
16
88
9
64
0
10
9
74
9
74
9
74
0
40
9
99
12
84
9
44
9
34
9
64
15
57
9
74
9
34
9
44
11
83
15
27
9
94
12
24
15
57
0
50
15
27
9
99
11
83
9
99
9
44
9
44
9
32
9
92
9
34
9
94
9
99
9
99
12
84
9
33
9
14
9
32
9
74
9
44
12
54
9
94
9
14
12
24
9
72
9
64
9
44
9
64
9
64
9
14
9
99
9
34
9
99
9
13
9
64
14
26
9
99
9
64
13
25
12
54
9
64
9
74
9
44
9
64
9
34
9
14
9
99
9
34
9
14
9
34
9
73
9
67
9
72
9
94
9
94
9
99
9
99
9
72
9
99
9
44
0
90
9
64
10
52
9
74
9
74
14
86
9
44
14
86
9
94
9
13
14
26
9
14
9
34
9
34
13
25
14
56
12
84
15
27
9
99
9
14
9
43
9
14
16
88
9
34
9
94
9
14
9
94
9
14
13
25
9
34
12
54
9
64
9
64
9
14
9
64
11
83
12
84
9
74
9
14
12
54
9
93
9
64
10
82
12
24
9
14
9
14
9
64
3
49
9
64
9
99
1
29
9
14
9
44
14
56
9
74
9
44
13
85
9
44
9
64
10
52
9
94
9
94
9
94
9
34
9
34
9
64
9
74
9
14
13
55
13
25
9
99
9
34
9
64
1
29
13
55
9
94
2
39
3
9
9
78
16
88
9
26
10
52
9
32
13
25
9
63
9
64
15
57
9
44
9
33
9
44
9
44
9
99
0
20
9
99
9
99
10
52
16
58
14
86
9
74
14
86
14
86
9
94
9
34
9
99
9
64
9
73
9
74
9
74
13
55
9
64
12
54
9
74
9
74
15
27
3
59
8
25
9
29
13
55
9
34
9
99
9
14
12
54
9
63
9
44
9
13
9
31
9
94
9
99
9
44
9
74
9
93
13
85
9
64
9
94
9
64
9
99
11
23
15
57
9
44
10
22
2
29
9
64
9
99
9
44
9
44
9
43
9
14
10
52
3
9
9
94
9
34
9
94
9
14
13
25
8
65
9
74
9
74
9
44
13
55
9
73
13
55
9
94
9
34
15
87
14
56
9
44
9
44
13
25
9
34
11
53
9
99
13
55
9
14
9
64
9
73
4
24
15
57
9
14
15
87
9
44
9
34
9
94
9
99
9
64
9
44
9
99
9
13
16
88
9
72
9
64
9
12
9
99
9
14
9
44
9
14
10
22
9
64
9
59
9
14
9
74
9
34
9
99
9
74
9
44
9
64
9
43
9
64
9
44
0
40
9
14
15
27
9
34
9
89
9
94
9
64
15
27
16
28
9
13
9
73
9
74
9
64
13
25
9
99
9
44
9
94
9
44
11
23
9
34
9
43
9
73
9
94
9
94
12
24
9
64
9
14
14
86
2
79
13
25
9
74
9
99
9
64
9
64
14
56
9
64
16
88
9
44
9
13
9
94
9
44
14
56
9
94
9
74
15
87
9
44
9
64
9
64
9
44
9
34
9
14
9
44
15
27
14
26
16
28
9
99
2
99
9
44
9
34
9
94
9
72
9
92
9
34
9
14
9
14
14
86
9
63
9
14
9
34
9
64
9
99
9
64
14
86
13
85
9
33
9
94
9
34
16
28
9
94
9
13
11
53
9
94
9
74
12
84
9
74
1
24
13
25
9
99
9
34
9
14
0
30
9
99
9
14
11
83
9
34
16
28
9
14
9
14
12
24
9
94
11
83
12
24
9
74
9
94
9
34
9
44
9
42
9
13
13
55
9
33
9
94
9
34
11
53
9
94
9
34
4
79
14
86
13
55
14
86
9
74
9
44
15
57
9
99
14
26
9
94
9
74
9
99
14
56
9
94
9
74
9
99
9
64
3
99
9
13
9
33
16
28
12
24
12
24
9
44
1
20
9
63
16
88
9
74
9
94
12
54
12
84
9
44
9
34
14
86
9
44
9
44
12
24
9
14
9
12
13
55
9
99
9
62
15
87
9
94
9
94
9
88
9
74
9
14
9
34
9
64
11
83
14
26
0
2
9
74
12
54
9
64
9
34
1
39
9
34
9
34
9
74
9
44
2
58
9
32
0
60
9
64
9
99
14
86
9
94
9
99
12
54
9
14
9
74
9
44
14
86
9
64
9
93
10
52
9
64
1
89
9
14
9
64
13
85
9
14
16
28
9
94
9
14
9
99
13
81
16
88
12
54
9
28
9
94
14
26
9
74
9
14
9
74
9
14
9
99
9
93
1
98
12
84
10
82
12
84
9
44
9
44
9
93
9
34
9
64
9
94
9
99
9
14
13
85
9
34
9
64
9
99
15
87
12
24
12
54
9
64
12
54
9
74
9
14
9
94
9
14
9
99
9
64
9
14
0
90
9
42
9
94
2
79
10
22
13
85
14
56
11
23
11
23
9
14
9
34
2
49
9
64
9
44
12
24
9
34
12
24
9
94
9
44
15
87
9
32
9
43
15
87
9
64
9
93
9
44
12
54
12
84
9
74
4
89
11
83
1
29
12
54
14
82
9
94
9
56
12
84
9
44
2
9
12
84
9
44
13
25
9
14
9
34
9
64
9
14
12
84
9
99
16
58
10
82
