0
40
9
28
8
10
9
80
9
81
9
13
9
32
8
10
9
81
9
29
9
27
9
99
9
78
9
27
8
57
9
90
11
53
8
50
9
61
9
89
8
99
9
42
9
89
9
77
8
50
9
93
9
41
9
73
7
89
9
99
9
99
8
70
9
30
8
20
7
59
8
60
8
69
9
13
9
21
7
79
10
52
8
60
9
91
9
12
9
40
8
99
9
81
11
53
7
99
7
29
7
19
9
92
7
39
7
19
11
53
8
28
0
60
8
40
7
88
9
31
9
31
9
92
9
11
7
8
7
8
9
59
7
69
8
60
11
23
9
77
9
78
7
69
9
73
8
70
9
89
10
82
8
80
9
92
8
30
10
22
8
90
8
10
7
99
7
9
9
90
8
99
9
91
9
41
8
78
9
78
8
50
7
49
7
74
7
69
10
82
9
41
9
62
11
53
8
90
8
99
9
92
9
51
7
39
9
69
9
63
7
9
7
68
8
99
0
0
9
62
8
73
7
39
0
60
8
90
8
70
9
61
9
69
9
9
8
89
9
88
8
30
9
59
8
40
9
61
7
17
7
77
8
80
7
59
9
10
9
99
9
99
7
22
10
52
7
7
11
53
8
30
9
70
9
81
9
91
10
82
9
48
9
21
9
62
8
79
9
32
9
43
7
99
9
41
9
81
8
90
7
78
9
99
8
90
9
9
8
98
9
99
9
92
9
99
9
99
9
49
9
41
9
71
9
21
9
50
8
99
11
83
7
39
8
8
9
10
8
27
9
61
8
40
7
69
9
13
7
19
9
79
8
90
7
97
9
68
9
68
7
79
9
90
7
77
9
87
8
10
9
32
9
92
9
37
8
10
9
7
9
19
11
83
9
18
9
51
7
69
9
30
7
39
9
41
9
49
9
42
7
39
9
91
9
62
9
8
0
0
9
42
8
99
9
81
11
23
10
52
8
90
10
22
9
60
9
69
9
69
9
11
9
97
9
62
9
38
9
90
9
49
9
99
9
91
9
71
8
50
7
89
9
61
9
33
8
80
9
42
7
39
0
30
9
21
7
29
7
79
7
49
9
30
9
40
9
31
9
32
9
91
9
43
8
48
8
69
9
32
7
19
9
70
7
89
9
61
8
39
7
67
8
20
7
8
8
70
10
52
9
99
7
79
10
52
9
72
8
85
7
49
9
80
9
73
7
89
10
52
9
73
8
60
7
59
7
7
7
59
9
88
9
80
8
20
8
99
9
62
7
98
7
69
9
99
10
52
7
9
7
79
9
90
9
49
8
8
8
10
9
61
8
59
11
53
9
21
2
39
9
21
8
25
9
12
9
33
9
43
7
9
9
92
8
30
7
68
9
98
9
13
9
63
3
39
10
22
9
12
9
97
9
81
8
50
9
72
0
10
9
41
9
73
9
51
9
20
9
72
8
67
7
99
9
59
7
9
7
59
9
7
9
71
7
39
7
51
8
38
9
97
9
19
8
10
9
28
9
21
9
63
8
90
9
51
9
28
9
11
9
67
8
90
7
58
9
59
7
49
11
23
7
87
8
40
9
41
9
51
9
91
9
62
7
49
8
70
9
73
8
99
9
41
9
31
9
98
11
53
7
9
9
32
9
21
9
62
11
83
9
32
8
60
9
77
7
19
8
48
1
29
9
31
9
42
9
41
8
90
9
99
7
82
7
69
7
9
8
90
8
27
9
99
7
39
9
51
9
13
9
17
7
89
0
50
9
11
11
82
8
10
8
60
3
6
8
80
9
60
8
40
1
47
9
10
8
70
9
17
7
49
9
99
7
39
9
43
11
23
7
37
9
43
9
59
11
83
9
78
8
90
9
13
8
10
7
9
9
21
10
22
9
72
9
71
9
99
11
53
8
10
9
17
8
10
9
42
11
83
7
59
0
10
8
70
9
69
9
71
0
40
9
99
7
79
9
42
9
29
7
59
10
52
8
70
7
29
8
40
9
78
10
22
7
89
9
19
10
52
0
50
10
22
9
99
9
78
7
99
9
43
9
40
7
27
9
87
9
31
9
89
9
99
9
99
7
79
9
28
7
9
9
27
9
72
9
41
7
49
7
89
7
9
9
19
8
67
7
59
9
39
9
61
7
59
8
10
8
98
9
32
7
99
9
8
9
61
9
21
7
99
9
62
9
20
9
49
9
59
9
71
9
41
8
59
9
32
9
11
9
99
7
29
9
12
9
30
9
68
9
67
7
67
9
89
9
91
9
99
7
99
9
67
9
99
8
40
0
90
9
60
9
47
9
69
7
69
9
81
9
40
9
81
9
90
9
8
9
21
9
9
9
31
9
30
9
20
9
51
9
79
10
22
7
97
9
13
9
38
9
13
11
83
9
30
9
91
9
12
7
89
9
9
9
20
9
33
8
49
7
59
9
60
9
12
9
61
9
78
7
79
8
70
7
9
7
49
9
88
8
60
9
77
9
19
9
11
7
9
9
61
3
48
9
62
9
98
1
29
9
12
9
41
9
51
9
71
8
40
9
80
7
39
8
60
9
47
8
90
9
93
8
90
9
30
8
30
9
62
8
69
9
13
8
50
8
20
9
99
9
30
9
61
1
27
8
50
9
89
2
39
3
9
9
78
11
83
9
26
9
47
9
32
8
20
9
58
9
60
10
52
9
42
9
28
9
41
9
41
8
97
0
20
9
99
9
99
9
47
11
53
9
81
8
70
9
81
9
81
9
90
9
31
9
99
9
61
9
68
9
72
9
71
8
50
9
63
7
49
9
70
9
70
10
22
3
59
7
25
9
29
8
50
8
30
7
99
9
10
8
49
9
58
8
40
9
8
7
31
8
90
9
97
9
42
9
71
9
88
8
80
9
61
9
90
8
60
9
99
9
18
10
52
9
42
9
17
2
29
9
62
9
99
9
42
9
41
8
38
8
10
7
47
3
9
8
90
9
33
9
90
8
10
8
20
8
65
9
72
9
73
7
39
8
50
7
68
8
50
9
92
9
32
10
82
9
51
8
40
7
39
8
20
7
29
9
48
7
99
8
50
9
11
7
59
8
68
4
24
10
52
9
10
10
82
9
39
7
29
9
89
9
99
8
59
8
40
9
97
9
8
11
83
9
67
9
61
9
7
9
99
9
10
9
39
8
10
9
17
8
60
8
59
9
11
8
70
7
29
9
99
9
71
9
43
9
63
9
38
9
61
9
41
0
40
9
11
10
22
9
33
9
89
9
91
7
59
10
22
11
23
9
8
8
68
8
70
9
63
8
20
9
99
8
40
9
90
8
40
8
18
9
31
7
38
7
68
9
93
7
89
9
19
9
60
9
13
9
81
2
79
8
20
7
69
8
98
9
63
9
59
9
51
9
59
11
83
7
39
9
8
8
90
8
40
9
51
8
90
7
69
10
82
7
39
9
61
9
62
9
41
7
29
9
10
8
40
10
22
9
21
11
23
9
99
2
99
9
43
9
32
8
90
9
67
8
87
9
31
8
10
9
11
9
81
9
58
7
9
9
32
7
59
8
99
9
63
9
81
8
80
9
28
7
89
9
29
11
23
7
89
9
8
8
48
9
91
9
71
7
79
9
69
1
24
9
20
7
99
9
29
7
9
0
30
7
98
9
13
9
78
9
33
11
23
8
10
9
10
7
19
7
89
9
78
7
19
8
70
7
89
9
30
9
39
9
37
7
8
8
50
8
28
9
92
8
30
7
48
9
89
7
29
4
79
9
81
8
50
9
81
8
70
9
42
10
52
9
99
9
21
9
92
7
69
9
98
9
51
7
89
9
72
9
99
9
59
3
99
9
8
9
28
11
23
7
19
7
19
9
41
1
20
9
58
11
83
8
70
7
89
7
49
7
79
8
39
9
32
9
81
9
39
9
42
7
19
9
9
8
7
9
50
8
99
9
57
10
82
9
91
9
90
9
88
8
70
9
9
9
32
7
59
9
78
9
21
0
2
8
70
7
49
9
59
9
31
1
38
9
31
9
32
7
69
9
41
2
58
9
27
0
60
7
59
7
99
9
81
7
89
9
99
7
49
9
9
8
70
9
43
9
81
9
62
9
88
7
47
9
63
1
89
9
11
9
62
8
80
9
9
11
23
9
90
9
12
8
99
8
81
11
83
9
49
6
28
9
92
9
21
9
73
9
13
9
71
9
11
7
99
7
88
1
98
9
79
8
77
7
79
8
40
9
41
9
88
8
30
9
60
7
89
9
99
9
11
8
80
9
32
9
62
9
99
10
82
7
19
7
49
9
59
7
49
9
73
9
11
9
92
9
12
8
99
8
60
9
11
0
90
9
37
9
91
2
79
7
17
8
80
9
51
9
18
9
18
9
12
9
32
2
48
8
60
9
41
7
19
9
30
7
19
7
89
9
41
10
82
7
27
9
38
10
82
7
59
9
88
9
42
9
49
7
79
9
70
4
89
9
78
1
29
7
49
9
83
9
91
8
56
7
79
8
40
2
9
7
79
9
42
9
20
9
12
9
31
7
59
8
10
7
79
8
99
11
53
8
77
