0
40
9
34
9
14
19
92
19
93
9
14
9
34
9
14
19
93
9
34
9
34
9
99
18
90
9
34
9
64
9
94
19
64
19
62
9
64
9
94
9
99
9
44
9
94
17
89
19
62
9
94
9
44
9
74
9
94
9
99
9
99
9
74
9
34
19
32
9
64
9
64
9
74
9
14
19
33
19
91
19
64
9
64
9
94
9
14
9
44
9
99
19
93
19
64
9
99
9
34
19
31
9
94
9
44
19
31
19
64
9
34
0
60
9
44
9
94
9
34
9
34
9
94
9
14
9
14
9
14
9
64
9
74
9
64
19
34
17
89
18
90
9
74
9
74
9
74
9
94
19
94
19
92
9
94
9
34
19
34
9
94
9
14
9
99
9
14
9
94
9
99
9
94
9
44
18
90
18
90
19
62
19
61
9
73
9
74
19
94
9
44
9
64
19
64
9
94
9
99
9
94
19
63
9
44
9
74
9
64
9
14
9
74
9
99
0
0
9
64
9
73
9
44
0
60
9
94
9
74
9
64
9
74
9
14
9
94
9
94
9
34
9
64
9
44
9
64
17
29
17
89
19
92
9
64
9
14
9
99
9
99
19
22
19
64
9
14
19
64
9
34
9
74
19
93
9
94
19
94
18
60
19
33
9
64
19
91
9
34
9
44
9
99
9
44
19
93
9
94
18
90
9
99
9
94
9
14
9
99
9
99
9
94
9
99
9
99
19
61
9
44
9
74
19
33
19
62
9
99
19
94
9
44
9
14
9
14
9
34
9
64
9
44
9
74
9
14
19
31
19
91
9
94
9
99
9
74
9
74
19
91
9
94
17
89
9
94
9
14
9
34
9
94
9
44
9
14
9
14
19
31
19
94
18
30
19
63
9
74
9
34
9
44
9
44
19
61
9
44
9
44
9
94
9
64
9
14
0
0
9
44
9
99
19
93
19
34
19
64
9
94
19
34
9
64
9
74
9
74
9
14
9
99
9
64
9
44
9
94
19
61
9
99
9
94
9
74
19
62
9
94
9
64
9
34
19
92
9
44
9
44
0
30
19
33
9
34
19
91
19
61
9
34
9
44
9
34
9
34
9
94
9
44
18
60
9
74
9
34
19
31
9
74
9
94
9
64
9
44
9
74
19
32
9
14
9
74
19
64
9
99
19
91
19
64
9
74
8
85
19
61
19
92
9
74
9
94
19
64
9
74
9
64
9
64
9
14
9
64
9
94
19
92
19
32
9
99
9
64
9
99
9
74
9
99
19
64
9
14
19
91
9
94
19
61
9
14
9
14
9
64
9
64
19
64
19
33
2
39
19
33
8
25
9
14
9
34
9
44
9
14
9
94
9
34
9
74
9
99
9
14
9
64
3
39
19
34
9
14
9
99
19
93
19
62
9
74
0
10
9
44
9
74
19
63
19
32
9
74
9
74
9
99
9
64
9
14
9
64
9
14
9
74
9
44
19
51
9
44
9
99
19
31
9
14
9
34
19
33
9
63
9
94
19
63
9
34
9
14
9
74
9
94
9
64
9
64
19
61
19
34
9
94
9
44
9
44
19
63
9
94
9
64
19
61
9
74
9
74
9
99
9
44
9
34
9
99
19
64
9
14
9
34
19
33
9
64
19
94
9
34
9
64
17
89
19
31
18
60
1
29
9
34
9
44
9
44
9
94
9
99
19
82
9
74
9
14
9
94
9
34
9
99
9
44
19
63
9
14
17
29
9
94
0
50
9
14
19
82
9
14
9
64
3
6
19
92
9
64
9
44
1
49
9
14
9
74
17
29
19
61
9
99
9
44
9
44
19
34
9
44
9
44
9
64
19
94
18
90
9
94
9
14
9
14
9
14
19
33
19
34
9
74
9
74
9
99
19
64
9
14
17
29
9
14
9
44
19
94
9
64
0
10
9
74
9
74
9
74
0
40
9
99
19
91
9
44
9
34
9
64
19
64
9
74
9
34
9
44
18
90
19
34
9
94
19
31
19
64
0
50
19
34
9
99
18
90
9
99
9
44
9
44
9
34
9
94
9
34
9
94
9
99
9
99
19
91
9
34
9
14
9
34
9
74
9
44
19
61
9
94
9
14
19
31
9
74
9
64
9
44
9
64
9
64
9
14
9
99
9
34
9
99
9
14
9
64
19
33
9
99
9
64
19
32
19
61
9
64
9
74
9
44
9
64
9
34
9
14
9
99
9
34
9
14
9
34
9
74
9
67
9
74
9
94
9
94
9
99
9
99
9
74
9
99
9
44
0
90
9
64
17
59
9
74
9
74
19
93
9
44
19
93
9
94
9
14
19
33
9
14
9
34
9
34
19
32
19
63
19
91
19
34
9
99
9
14
9
44
9
14
19
94
9
34
9
94
9
14
9
94
9
14
19
32
9
34
19
61
9
64
9
64
9
14
9
64
18
90
19
91
9
74
9
14
19
61
9
94
9
64
17
89
19
31
9
14
9
14
9
64
3
49
9
64
9
99
1
29
9
14
9
44
19
63
9
74
9
44
19
92
9
44
9
64
17
59
9
94
9
94
9
94
9
34
9
34
9
64
9
74
9
14
19
62
19
32
9
99
9
34
9
64
1
29
19
62
9
94
2
39
3
9
9
78
19
94
9
26
17
59
9
32
19
32
9
64
9
64
19
64
9
44
9
34
9
44
9
44
9
99
0
20
9
99
9
99
17
59
19
64
19
93
9
74
19
93
19
93
9
94
9
34
9
99
9
64
9
74
9
74
9
74
19
62
9
64
19
61
9
74
9
74
19
34
3
59
8
25
9
29
19
62
9
34
9
99
9
14
19
61
9
64
9
44
9
14
9
31
9
94
9
99
9
44
9
74
9
94
19
92
9
64
9
94
9
64
9
99
18
30
19
64
9
44
17
29
2
29
9
64
9
99
9
44
9
44
9
44
9
14
17
59
3
9
9
94
9
34
9
94
9
14
19
32
8
65
9
74
9
74
9
44
19
62
9
74
19
62
9
94
9
34
19
94
19
63
9
44
9
44
19
32
9
34
18
60
9
99
19
62
9
14
9
64
9
74
4
24
19
64
9
14
19
94
9
44
9
34
9
94
9
99
9
64
9
44
9
99
9
14
19
94
9
74
9
64
9
14
9
99
9
14
9
44
9
14
17
29
9
64
9
59
9
14
9
74
9
34
9
99
9
74
9
44
9
64
9
44
9
64
9
44
0
40
9
14
19
34
9
34
9
89
9
94
9
64
19
34
19
34
9
14
9
74
9
74
9
64
19
32
9
99
9
44
9
94
9
44
18
30
9
34
9
44
9
74
9
94
9
94
19
31
9
64
9
14
19
93
2
79
19
32
9
74
9
99
9
64
9
64
19
63
9
64
19
94
9
44
9
14
9
94
9
44
19
63
9
94
9
74
19
94
9
44
9
64
9
64
9
44
9
34
9
14
9
44
19
34
19
33
19
34
9
99
2
99
9
44
9
34
9
94
9
74
9
94
9
34
9
14
9
14
19
93
9
64
9
14
9
34
9
64
9
99
9
64
19
93
19
92
9
34
9
94
9
34
19
34
9
94
9
14
18
60
9
94
9
74
19
91
9
74
1
24
19
32
9
99
9
34
9
14
0
30
9
99
9
14
18
90
9
34
19
34
9
14
9
14
19
31
9
94
18
90
19
31
9
74
9
94
9
34
9
44
9
44
9
14
19
62
9
34
9
94
9
34
18
60
9
94
9
34
4
79
19
93
19
62
19
93
9
74
9
44
19
64
9
99
19
33
9
94
9
74
9
99
19
63
9
94
9
74
9
99
9
64
3
99
9
14
9
34
19
34
19
31
19
31
9
44
1
20
9
64
19
94
9
74
9
94
19
61
19
91
9
44
9
34
19
93
9
44
9
44
19
31
9
14
9
14
19
62
9
99
9
64
19
94
9
94
9
94
9
88
9
74
9
14
9
34
9
64
18
90
19
33
0
2
9
74
19
61
9
64
9
34
1
39
9
34
9
34
9
74
9
44
2
58
9
34
0
60
9
64
9
99
19
93
9
94
9
99
19
61
9
14
9
74
9
44
19
93
9
64
9
94
17
59
9
64
1
89
9
14
9
64
19
92
9
14
19
34
9
94
9
14
9
99
19
81
19
94
19
61
9
28
9
94
19
33
9
74
9
14
9
74
9
14
9
99
9
94
1
98
19
91
17
89
19
91
9
44
9
44
9
94
9
34
9
64
9
94
9
99
9
14
19
92
9
34
9
64
9
99
19
94
19
31
19
61
9
64
19
61
9
74
9
14
9
94
9
14
9
99
9
64
9
14
0
90
9
44
9
94
2
79
17
29
19
92
19
63
18
30
18
30
9
14
9
34
2
49
9
64
9
44
19
31
9
34
19
31
9
94
9
44
19
94
9
34
9
44
19
94
9
64
9
94
9
44
19
61
19
91
9
74
4
89
18
90
1
29
19
61
19
82
9
94
9
56
19
91
9
44
2
9
19
91
9
44
19
32
9
14
9
34
9
64
9
14
19
91
9
99
19
64
17
89
