0
40
9
29
9
11
9
81
10
82
9
14
9
33
9
11
10
82
9
30
9
28
9
99
9
79
9
28
9
58
9
91
12
54
9
51
9
62
9
90
9
99
9
43
9
90
9
78
9
51
9
94
9
42
9
74
8
90
9
99
9
99
9
71
9
31
9
21
8
60
9
61
9
70
9
14
10
22
8
80
11
53
9
61
9
92
9
13
9
41
9
99
10
82
12
54
8
99
8
30
8
20
9
93
8
40
8
20
12
54
9
29
0
60
9
41
8
89
9
32
9
32
9
93
9
12
8
9
8
9
9
60
8
70
9
61
12
24
9
78
9
79
8
70
9
74
9
71
9
90
11
83
9
81
9
93
9
31
11
23
9
91
9
11
8
99
8
10
9
91
9
99
9
92
9
42
9
79
9
79
9
51
8
50
8
74
8
70
11
83
9
42
9
63
12
54
9
91
9
99
9
93
10
52
8
40
9
70
9
64
8
10
8
69
9
99
0
0
9
63
9
73
8
40
0
60
9
91
9
71
9
62
9
70
9
10
9
90
9
89
9
31
9
60
9
41
9
62
8
18
8
78
9
81
8
60
9
11
9
99
9
99
8
22
11
53
8
8
12
54
9
31
9
71
10
82
9
92
11
83
9
49
10
22
9
63
9
80
9
33
9
44
8
99
9
42
10
82
9
91
8
79
9
99
9
91
9
10
9
99
9
99
9
93
9
99
9
99
9
50
9
42
9
72
10
22
9
51
9
99
12
84
8
40
9
9
9
11
9
28
9
62
9
41
8
70
9
14
8
20
9
80
9
91
8
98
9
69
9
69
8
80
9
91
8
78
9
88
9
11
9
33
9
93
9
38
9
11
9
8
9
20
12
84
9
19
10
52
8
70
9
31
8
40
9
42
9
50
9
43
8
40
9
92
9
63
9
9
0
0
9
43
9
99
10
82
12
24
11
53
9
91
11
23
9
61
9
70
9
70
9
12
9
98
9
63
9
39
9
91
9
50
9
99
9
92
9
72
9
51
8
90
9
62
9
34
9
81
9
43
8
40
0
30
10
22
8
30
8
80
8
50
9
31
9
41
9
32
9
33
9
92
9
44
9
49
9
70
9
33
8
20
9
71
8
90
9
62
9
40
8
68
9
21
8
9
9
71
11
53
9
99
8
80
11
53
9
73
8
85
8
50
9
81
9
74
8
90
11
53
9
74
9
61
8
60
8
8
8
60
9
89
9
81
9
21
9
99
9
63
8
99
8
70
9
99
11
53
8
10
8
80
9
91
9
50
9
9
9
11
9
62
9
60
12
54
10
22
2
39
10
22
8
25
9
13
9
34
9
44
8
10
9
93
9
31
8
69
9
99
9
14
9
64
3
39
11
23
9
13
9
98
10
82
9
51
9
73
0
10
9
42
9
74
10
52
9
21
9
73
9
68
8
99
9
60
8
10
8
60
9
8
9
72
8
40
8
51
9
39
9
98
9
20
9
11
9
29
10
22
9
63
9
91
10
52
9
29
9
12
9
68
9
91
8
59
9
60
8
50
12
24
8
88
9
41
9
42
10
52
9
92
9
63
8
50
9
71
9
74
9
99
9
42
9
32
9
99
12
54
8
10
9
33
10
22
9
63
12
84
9
33
9
61
9
78
8
20
9
49
1
29
9
32
9
43
9
42
9
91
9
99
8
82
8
70
8
10
9
91
9
28
9
99
8
40
10
52
9
14
9
18
8
90
0
50
9
12
12
82
9
11
9
61
3
6
9
81
9
61
9
41
1
48
9
11
9
71
9
18
8
50
9
99
8
40
9
44
12
24
8
38
9
44
9
60
12
84
9
79
9
91
9
14
9
11
8
10
10
22
11
23
9
73
9
72
9
99
12
54
9
11
9
18
9
11
9
43
12
84
8
60
0
10
9
71
9
70
9
72
0
40
9
99
8
80
9
43
9
30
8
60
11
53
9
71
8
30
9
41
9
79
11
23
8
90
9
20
11
53
0
50
11
23
9
99
9
79
8
99
9
44
9
41
8
28
9
88
9
32
9
90
9
99
9
99
8
80
9
29
8
10
9
28
9
73
9
42
8
50
8
90
8
10
9
20
9
68
8
60
9
40
9
62
8
60
9
11
9
99
9
33
8
99
9
9
9
62
10
22
8
99
9
63
9
21
9
50
9
60
9
72
9
42
9
60
9
33
9
12
9
99
8
30
9
13
9
31
9
69
9
67
8
68
9
90
9
92
9
99
8
99
9
68
9
99
9
41
0
90
9
61
9
48
9
70
8
70
10
82
9
41
10
82
9
91
9
9
10
22
9
10
9
32
9
31
9
21
10
52
9
80
11
23
8
98
9
14
9
39
9
14
12
84
9
31
9
92
9
13
8
90
9
10
9
21
9
34
9
50
8
60
9
61
9
13
9
62
9
79
8
80
9
71
8
10
8
50
9
89
9
61
9
78
9
20
9
12
8
10
9
62
3
49
9
63
9
99
1
29
9
13
9
42
10
52
9
72
9
41
9
81
8
40
9
61
9
48
9
91
9
94
9
91
9
31
9
31
9
63
9
70
9
14
9
51
9
21
9
99
9
31
9
62
1
28
9
51
9
90
2
39
3
9
9
78
12
84
9
26
9
48
9
32
9
21
9
59
9
61
11
53
9
43
9
29
9
42
9
42
9
98
0
20
9
99
9
99
9
48
12
54
10
82
9
71
10
82
10
82
9
91
9
32
9
99
9
62
9
69
9
73
9
72
9
51
9
64
8
50
9
71
9
71
11
23
3
59
8
25
9
29
9
51
9
31
8
99
9
11
9
50
9
59
9
41
9
9
8
31
9
91
9
98
9
43
9
72
9
89
9
81
9
62
9
91
9
61
9
99
9
19
11
53
9
43
9
18
2
29
9
63
9
99
9
43
9
42
9
39
9
11
8
48
3
9
9
91
9
34
9
91
9
11
9
21
8
65
9
73
9
74
8
40
9
51
8
69
9
51
9
93
9
33
11
83
10
52
9
41
8
40
9
21
8
30
9
49
8
99
9
51
9
12
8
60
9
69
4
24
11
53
9
11
11
83
9
40
8
30
9
90
9
99
9
60
9
41
9
98
9
9
12
84
9
68
9
62
9
8
9
99
9
11
9
40
9
11
9
18
9
61
9
59
9
12
9
71
8
30
9
99
9
72
9
44
9
64
9
39
9
62
9
42
0
40
9
12
11
23
9
34
9
89
9
92
8
60
11
23
12
24
9
9
9
69
9
71
9
64
9
21
9
99
9
41
9
91
9
41
9
19
9
32
8
39
8
69
9
94
8
90
9
20
9
61
9
14
10
82
2
79
9
21
8
70
9
99
9
64
9
60
10
52
9
60
12
84
8
40
9
9
9
91
9
41
10
52
9
91
8
70
11
83
8
40
9
62
9
63
9
42
8
30
9
11
9
41
11
23
10
22
12
24
9
99
2
99
9
44
9
33
9
91
9
68
9
88
9
32
9
11
9
12
10
82
9
59
8
10
9
33
8
60
9
99
9
64
10
82
9
81
9
29
8
90
9
30
12
24
8
90
9
9
9
49
9
92
9
72
8
80
9
70
1
24
9
21
8
99
9
30
8
10
0
30
8
99
9
14
9
79
9
34
12
24
9
11
9
11
8
20
8
90
9
79
8
20
9
71
8
90
9
31
9
40
9
38
8
9
9
51
9
29
9
93
9
31
8
49
9
90
8
30
4
79
10
82
9
51
10
82
9
71
9
43
11
53
9
99
10
22
9
93
8
70
9
99
10
52
8
90
9
73
9
99
9
60
3
99
9
9
9
29
12
24
8
20
8
20
9
42
1
20
9
59
12
84
9
71
8
90
8
50
8
80
9
40
9
33
10
82
9
40
9
43
8
20
9
10
9
8
9
51
9
99
9
58
11
83
9
92
9
91
9
88
9
71
9
10
9
33
8
60
9
79
10
22
0
2
9
71
8
50
9
60
9
32
1
39
9
32
9
33
8
70
9
42
2
58
9
28
0
60
8
60
8
99
10
82
8
90
9
99
8
50
9
10
9
71
9
44
10
82
9
63
9
89
8
48
9
64
1
89
9
12
9
63
9
81
9
10
12
24
9
91
9
13
9
99
9
81
12
84
9
50
7
28
9
93
10
22
9
74
9
14
9
72
9
12
8
99
8
89
1
98
9
80
9
78
8
80
9
41
9
42
9
89
9
31
9
61
8
90
9
99
9
12
9
81
9
33
9
63
9
99
11
83
8
20
8
50
9
60
8
50
9
74
9
12
9
93
9
13
9
99
9
61
9
12
0
90
9
38
9
92
2
79
8
18
9
81
10
52
9
19
9
19
9
13
9
33
2
49
9
61
9
42
8
20
9
31
8
20
8
90
9
42
11
83
8
28
9
39
11
83
8
60
9
89
9
43
9
50
8
80
9
71
4
89
9
79
1
29
8
50
10
82
9
92
9
56
8
80
9
41
2
9
8
80
9
43
9
21
9
13
9
32
8
60
9
11
8
80
9
99
12
54
9
78
