0
40
9
27
7
9
9
79
8
80
9
12
9
31
7
9
8
80
9
28
8
26
9
99
9
77
8
26
7
56
8
89
10
52
7
49
8
60
9
88
7
99
9
41
9
88
8
76
7
49
9
92
8
40
9
72
6
89
9
99
8
99
7
69
8
29
7
19
6
59
7
59
7
68
9
12
8
20
6
79
9
51
7
59
8
90
9
11
9
39
7
99
8
80
10
52
6
99
6
29
6
19
9
91
6
39
6
19
10
52
7
27
0
60
7
39
6
87
9
30
9
30
9
91
8
10
6
7
6
7
9
58
6
69
7
59
10
22
8
76
9
77
6
69
9
72
7
69
9
88
9
81
7
79
9
91
7
29
9
21
7
89
7
9
6
99
6
9
8
89
7
99
9
90
8
40
7
77
9
77
7
49
6
48
6
74
6
69
9
81
8
40
9
61
10
52
7
89
7
99
9
91
8
50
6
39
9
68
9
62
6
9
6
67
7
99
0
0
9
61
7
73
6
39
0
60
7
89
7
69
8
60
9
68
8
8
7
88
9
87
7
29
9
58
7
39
8
60
6
16
6
76
7
79
6
59
9
9
9
99
8
99
6
22
9
51
6
6
10
52
7
29
9
69
8
80
9
90
9
81
9
47
8
20
9
61
7
78
9
31
9
42
6
99
8
40
9
80
7
89
6
77
8
99
7
89
9
8
7
97
8
98
9
91
9
99
9
99
9
48
9
40
8
70
9
20
8
49
7
99
10
82
6
39
7
7
9
9
7
26
9
60
7
39
6
69
9
12
6
19
8
78
7
89
6
96
8
67
8
67
6
79
8
89
6
76
8
86
7
9
9
31
9
91
8
36
7
9
8
6
9
18
10
82
9
17
8
50
6
68
9
29
6
39
8
40
8
48
9
41
6
39
8
90
9
61
9
7
0
0
9
41
7
99
8
80
10
22
9
51
7
89
9
21
8
59
8
68
9
68
8
10
8
96
9
61
9
37
9
89
8
48
8
98
8
90
8
70
7
49
6
89
9
60
9
32
7
79
9
41
6
39
0
30
8
20
6
29
6
79
6
48
9
29
8
39
8
30
9
31
8
90
9
42
7
47
7
68
9
31
6
18
9
69
6
89
8
60
7
38
6
66
7
19
6
7
7
69
9
51
8
99
6
79
9
51
9
71
7
85
6
49
8
79
9
72
6
89
9
51
9
72
7
59
6
59
6
6
6
59
9
87
8
79
7
19
7
99
9
61
6
97
6
69
9
98
9
51
6
9
6
79
8
89
9
48
7
7
7
9
9
60
7
58
10
52
9
20
2
39
9
20
8
25
9
11
9
32
9
42
6
9
9
91
7
29
6
67
9
97
9
12
9
62
3
39
9
21
9
11
8
96
8
80
7
49
9
71
0
10
8
40
9
72
9
50
9
19
9
71
7
66
6
99
9
58
6
9
6
59
8
6
9
70
6
39
6
51
7
37
8
96
9
18
7
9
9
27
8
20
8
64
7
89
8
50
8
27
8
10
8
66
7
89
6
57
9
58
6
49
10
22
6
86
7
39
8
40
9
50
8
90
9
61
6
49
7
69
9
72
7
99
8
40
8
30
9
97
10
52
6
9
9
31
8
20
9
61
10
82
9
31
7
59
8
76
6
19
7
47
1
29
9
30
9
41
9
40
7
89
9
98
6
82
6
69
6
9
7
89
7
26
9
99
6
39
8
50
9
12
8
16
6
89
0
50
9
10
10
82
7
9
7
59
3
6
7
79
9
59
7
39
1
46
8
9
7
69
8
16
6
48
8
99
6
39
9
42
10
22
6
36
9
42
9
58
10
82
9
77
7
89
9
12
7
9
6
9
9
20
9
21
9
71
8
70
9
99
10
52
7
9
8
16
7
9
9
41
10
82
6
59
0
10
7
69
9
68
8
70
0
40
9
99
6
79
9
41
9
28
6
59
9
51
7
69
6
29
7
39
8
77
9
21
6
88
9
18
9
51
0
50
9
21
9
99
9
77
6
98
9
42
9
39
6
26
8
86
8
30
8
88
9
99
9
99
6
79
9
27
6
9
8
26
9
71
8
40
6
49
6
88
6
9
9
18
7
66
6
59
9
38
8
60
6
59
7
9
7
97
9
31
6
99
8
7
9
60
8
20
6
99
9
61
9
19
8
48
9
58
8
70
8
40
7
58
9
31
9
10
9
99
6
29
9
11
8
29
8
67
9
67
6
66
8
88
9
90
9
99
6
99
8
66
9
99
7
39
0
90
9
59
8
46
9
68
6
69
8
80
9
39
9
80
9
89
8
7
8
20
9
8
8
30
9
29
8
19
8
50
9
78
9
21
6
96
9
12
8
37
9
12
10
82
9
29
9
90
9
11
6
89
9
8
9
19
9
32
7
48
6
59
9
59
9
11
8
60
8
77
6
79
7
69
6
9
6
48
8
87
7
59
8
76
9
18
9
10
6
9
8
60
3
47
9
61
8
97
1
29
9
11
8
40
8
50
8
70
7
39
9
79
6
39
7
59
8
46
7
89
9
92
7
89
9
29
7
29
9
61
7
68
9
12
7
49
7
19
9
99
8
29
8
60
1
26
7
49
9
88
2
38
3
9
8
78
10
82
9
26
8
46
9
32
7
19
9
57
9
59
9
51
9
41
9
27
9
40
9
40
7
96
0
20
9
98
8
99
8
46
10
52
8
80
7
69
8
80
8
80
9
89
8
30
9
98
9
60
9
67
9
71
8
70
7
49
9
62
6
49
9
69
9
69
9
21
3
59
6
25
9
29
7
49
7
29
6
99
8
9
7
48
9
57
7
39
9
7
6
31
7
89
8
96
9
41
8
70
9
87
7
79
8
60
8
89
7
59
8
99
9
17
9
51
9
41
8
16
2
29
9
61
9
99
9
41
9
40
7
37
7
9
6
46
3
8
7
89
9
32
8
89
7
9
7
19
7
65
9
71
9
72
6
39
7
49
6
67
7
49
9
91
9
31
9
81
8
50
7
39
6
39
7
19
6
29
9
47
6
99
7
49
8
10
6
59
7
67
4
24
9
51
8
9
9
81
9
38
6
29
9
88
8
99
7
58
7
39
8
96
8
7
10
82
8
66
8
60
8
6
8
99
8
9
8
38
7
9
8
16
7
59
7
59
9
10
7
69
6
29
9
99
8
70
9
42
9
62
8
37
8
60
8
40
0
40
8
10
9
21
9
32
9
89
8
90
6
59
9
21
10
22
8
7
7
67
7
69
9
62
7
19
8
98
7
39
9
89
7
39
7
17
8
30
6
37
6
67
9
92
6
89
9
18
9
59
9
12
8
80
2
79
7
19
6
69
7
97
9
62
8
58
8
50
9
58
10
82
6
39
8
7
7
89
7
39
8
50
7
89
6
69
9
81
6
39
8
60
9
61
8
40
6
29
9
9
7
39
9
21
8
20
10
22
9
99
2
99
9
42
9
31
7
89
8
66
7
86
8
30
7
9
9
10
9
80
9
57
6
9
9
31
6
58
7
99
9
62
9
80
7
79
9
27
6
89
9
28
10
22
6
89
8
7
7
47
8
90
8
70
6
79
9
68
1
24
9
19
6
99
9
28
6
9
0
30
6
97
9
12
9
77
9
32
10
22
7
9
9
9
6
19
6
89
9
77
6
19
7
69
6
89
8
29
9
38
8
36
6
7
7
49
7
27
9
91
7
29
6
47
9
88
6
29
4
79
8
80
7
49
9
80
7
69
9
41
9
51
9
99
9
20
9
91
6
69
9
97
8
50
6
89
9
71
9
99
9
58
3
99
9
7
9
27
10
22
6
19
6
19
9
40
1
20
9
57
10
82
7
69
6
89
6
49
6
78
7
38
9
31
8
80
9
38
9
41
6
18
9
8
7
6
8
49
7
99
8
56
9
81
8
90
9
89
8
88
7
69
8
8
9
31
6
59
8
77
8
20
0
2
7
69
6
49
8
58
8
30
1
37
9
30
9
31
6
69
8
40
2
58
8
26
0
60
6
59
6
99
9
80
6
89
8
98
6
49
9
8
7
69
9
42
8
80
9
61
8
87
6
46
9
62
1
88
8
10
9
61
7
79
8
8
10
22
9
89
9
11
7
99
7
81
10
82
9
48
5
28
9
91
8
20
9
72
9
12
9
70
8
10
6
99
6
87
1
98
8
78
7
76
6
79
7
39
9
40
8
87
7
29
8
59
6
89
8
99
8
10
7
79
9
31
9
61
9
98
9
81
6
19
6
49
8
58
6
49
9
72
8
10
9
91
9
11
7
99
7
59
8
10
0
90
8
36
8
90
2
78
6
16
7
79
9
50
8
17
9
17
9
11
9
31
2
47
7
59
8
40
6
19
9
29
6
19
6
89
8
40
9
81
6
26
9
37
9
81
6
59
9
87
9
41
9
48
6
79
9
69
4
89
9
77
1
29
6
48
8
84
8
90
7
56
6
79
7
39
2
8
6
79
9
41
9
19
9
11
8
30
6
59
7
9
6
79
7
99
10
52
7
76
