0
40
5
23
3
7
6
75
4
79
6
9
5
28
3
9
4
76
6
24
5
22
5
95
6
73
5
22
3
52
4
85
6
49
3
49
4
59
5
84
3
99
5
38
6
84
4
72
3
45
6
88
4
37
6
69
2
85
5
98
4
96
3
66
4
25
3
18
2
59
3
59
3
64
6
9
4
19
2
77
5
47
3
59
4
88
5
7
5
35
3
98
4
79
6
48
2
99
2
29
2
15
5
87
2
39
2
15
6
49
3
23
0
60
3
39
2
83
6
26
5
26
5
89
4
9
2
3
2
3
6
54
2
69
3
58
6
19
4
72
6
73
2
69
6
69
3
67
6
84
5
77
3
79
5
88
3
29
5
19
3
89
3
9
2
96
2
7
4
85
3
95
5
86
4
39
3
73
6
73
3
47
2
44
2
74
2
69
5
78
4
38
5
59
6
49
3
85
3
99
6
87
4
49
2
37
6
64
6
59
2
9
2
63
3
97
0
0
6
57
3
73
2
36
0
60
3
85
3
69
4
59
5
64
4
4
3
84
5
83
3
29
5
54
3
35
4
59
2
12
2
72
3
76
2
56
6
5
6
99
4
96
2
22
6
47
2
2
6
48
3
29
5
65
4
76
6
86
5
78
6
43
4
19
5
59
3
74
6
27
6
38
2
99
4
38
5
76
3
89
2
73
4
99
3
89
6
4
3
93
4
94
5
89
6
96
5
96
6
44
6
36
4
69
6
16
4
45
3
95
6
78
2
36
3
3
5
5
3
22
5
56
3
39
2
65
6
8
2
16
4
74
3
86
2
92
4
63
4
63
2
77
4
85
2
72
4
82
3
5
5
28
5
87
4
32
3
6
5
2
6
14
6
79
5
13
4
49
2
64
6
25
2
39
4
39
4
44
5
39
2
36
4
89
5
59
5
3
0
0
6
37
3
98
4
79
6
19
6
47
3
88
5
18
4
55
4
64
6
64
4
6
5
92
6
57
6
33
6
85
4
44
4
94
4
89
4
67
3
49
2
89
5
56
6
29
3
79
5
37
2
39
0
30
4
19
2
29
2
79
2
44
5
25
4
35
4
27
5
28
4
89
6
39
3
43
3
64
6
27
2
14
5
65
2
85
4
59
3
34
2
62
3
18
2
3
3
67
5
49
4
98
2
75
5
48
5
68
3
85
2
49
4
75
6
68
2
85
5
49
6
69
3
57
2
59
2
2
2
56
5
83
4
75
3
18
3
99
6
57
2
93
2
68
5
94
5
48
2
9
2
75
4
85
5
44
3
3
3
5
5
56
3
54
6
48
5
16
2
39
5
16
5
25
5
9
6
29
6
38
2
5
5
89
3
29
2
63
5
93
6
9
6
59
3
36
5
18
5
7
4
92
4
79
3
45
5
69
0
10
4
37
6
69
5
46
5
15
5
68
3
62
2
99
5
54
2
9
2
55
4
2
5
66
2
35
2
51
3
33
4
92
6
14
3
8
5
23
4
18
4
64
3
87
4
49
4
23
4
7
5
62
3
88
2
53
6
54
2
49
6
19
2
82
3
35
4
39
5
46
4
87
5
58
2
46
3
69
6
69
3
98
4
39
4
29
5
93
6
49
2
9
5
29
4
19
5
59
6
79
5
29
3
59
5
72
2
15
3
43
1
25
6
26
5
39
6
36
3
85
5
94
2
82
2
68
2
9
3
85
3
22
6
99
2
39
4
49
6
8
5
12
2
89
0
50
5
6
6
83
3
6
3
59
3
6
3
78
6
55
3
39
1
42
4
5
3
68
4
12
2
44
4
98
2
39
6
39
6
19
2
32
6
39
6
54
6
79
6
73
3
89
6
9
3
7
2
9
5
16
5
17
5
67
4
66
5
98
6
49
3
9
4
12
3
9
5
37
6
79
2
55
0
10
3
69
6
64
4
69
0
40
5
99
2
79
5
39
6
24
2
58
6
47
3
69
2
26
3
38
4
73
6
17
2
84
6
14
5
47
0
50
5
19
5
99
5
73
2
94
6
39
5
35
2
22
5
82
4
29
4
84
5
99
6
98
2
78
5
23
2
8
5
22
5
69
4
36
2
48
2
84
2
6
6
14
3
62
2
55
6
34
4
57
2
59
3
5
3
93
5
27
2
98
4
3
5
56
4
18
2
99
5
57
5
15
4
44
6
54
4
69
4
39
3
54
6
27
6
6
5
99
2
29
5
8
4
25
4
63
5
67
2
62
4
84
5
86
5
99
2
96
5
62
5
99
3
37
0
90
5
55
4
42
6
64
2
68
4
79
5
35
5
76
6
85
4
3
4
19
6
4
4
26
6
25
4
15
4
47
5
74
5
17
2
92
6
9
4
33
6
9
6
79
6
25
5
86
6
7
2
86
6
4
6
15
6
29
3
44
2
59
5
55
5
7
4
59
4
73
2
78
3
69
2
5
2
44
4
83
3
58
5
72
6
14
5
6
2
6
4
59
3
43
5
59
4
93
1
25
5
7
4
39
4
49
4
69
3
39
6
75
2
38
3
59
4
42
3
85
6
89
3
85
5
25
3
27
5
59
3
64
6
9
3
47
3
19
5
96
4
25
4
58
1
22
3
49
6
84
2
34
3
7
4
78
6
79
5
26
5
42
6
32
3
19
6
53
5
55
5
49
5
39
5
23
6
36
6
36
3
92
0
20
6
94
4
99
4
42
6
49
4
79
3
67
4
79
4
76
5
85
4
27
5
94
6
56
5
63
5
69
4
67
3
46
6
59
2
49
6
65
6
65
5
19
3
59
2
25
6
29
3
49
3
25
2
99
4
5
3
44
5
53
3
39
6
3
2
31
3
88
5
92
5
38
4
69
6
83
3
78
4
58
4
85
3
55
4
97
6
13
5
48
5
38
5
12
2
29
5
59
5
99
5
38
6
36
3
33
3
9
2
42
3
4
3
89
6
29
4
85
3
9
3
15
3
65
6
67
6
69
2
37
3
49
2
63
3
47
6
87
5
27
5
77
4
46
3
36
2
39
3
18
2
25
5
43
2
96
3
49
4
9
2
59
3
63
4
24
5
49
4
5
5
78
6
34
2
26
6
84
4
99
3
54
3
39
5
92
4
3
6
79
5
62
4
59
4
2
4
98
4
5
4
34
3
9
4
12
3
55
3
59
6
6
3
69
2
25
5
96
4
69
6
39
6
58
4
33
4
57
4
38
0
40
4
9
5
19
6
29
6
89
4
86
2
57
5
17
6
18
4
3
3
63
3
69
6
59
3
19
4
94
3
37
5
85
3
39
3
13
4
29
2
33
2
63
6
89
2
89
6
14
5
55
6
9
4
79
2
76
3
18
2
69
3
93
6
59
4
54
4
49
6
54
6
79
2
36
4
3
3
89
3
38
4
49
3
88
2
66
5
79
2
36
4
59
6
57
4
36
2
26
5
5
3
39
5
19
4
19
6
19
6
99
2
98
6
38
5
29
3
89
4
62
3
82
4
29
3
7
5
6
6
76
6
53
2
9
5
27
2
54
3
99
6
58
6
76
3
79
6
23
2
85
5
24
6
18
2
89
4
3
3
43
4
89
4
68
2
79
6
64
1
24
6
15
2
99
5
24
2
7
0
30
2
93
6
9
6
73
6
29
6
18
3
9
5
5
2
19
2
87
5
73
2
19
3
65
2
85
4
25
6
34
5
32
2
3
3
47
3
23
5
89
3
29
2
43
6
84
2
29
4
79
4
79
3
49
6
76
3
67
5
37
6
47
6
98
6
16
6
87
2
67
5
93
4
47
2
88
5
68
5
98
5
54
3
99
5
3
6
23
6
18
2
19
2
18
5
36
1
20
5
53
6
78
3
69
2
85
2
47
2
74
3
34
5
29
4
77
6
34
5
38
2
14
6
4
3
2
4
45
3
99
4
52
5
79
4
89
5
85
4
88
3
69
4
4
5
29
2
58
4
73
4
19
0
2
3
68
2
48
4
54
4
29
1
33
6
26
5
29
2
68
4
39
2
58
5
22
0
60
2
57
2
95
5
76
2
87
4
94
2
49
5
4
3
66
6
39
4
78
5
59
4
83
2
42
6
59
1
84
4
8
5
59
3
75
4
4
6
19
5
85
5
7
3
96
3
81
6
78
5
44
1
28
5
88
4
19
6
69
6
9
6
66
4
9
2
99
2
83
1
98
4
74
3
72
2
75
3
36
5
36
4
83
3
28
4
55
2
85
4
99
4
9
3
78
5
29
5
58
6
94
5
77
2
19
2
47
4
54
2
49
6
69
4
6
5
89
5
9
3
99
3
58
4
8
0
90
4
32
4
87
2
74
2
12
3
79
5
46
4
13
5
13
5
9
6
27
2
43
3
58
4
39
2
15
6
25
2
17
2
87
4
39
5
78
2
22
5
33
6
77
2
56
5
83
5
38
5
44
2
79
5
65
4
87
6
73
1
29
2
44
4
84
4
89
3
56
2
75
3
39
2
4
2
79
5
39
6
15
5
8
4
28
2
59
3
8
2
75
3
96
6
49
3
72
