0
40
9
34
9
14
19
94
19
94
9
14
9
34
9
14
19
94
9
34
9
34
9
99
19
92
9
34
9
64
9
94
19
64
19
64
9
64
9
94
9
99
9
44
9
94
19
91
19
64
9
94
9
44
9
74
9
94
9
99
9
99
9
74
9
34
19
34
9
64
9
64
9
74
9
14
19
34
19
93
19
64
9
64
9
94
9
14
9
44
9
99
19
94
19
64
9
99
9
34
19
33
9
94
9
44
19
33
19
64
9
34
0
60
9
44
9
94
9
34
9
34
9
94
9
14
9
14
9
14
9
64
9
74
9
64
19
34
19
91
19
92
9
74
9
74
9
74
9
94
19
94
19
94
9
94
9
34
19
34
9
94
9
14
9
99
9
14
9
94
9
99
9
94
9
44
19
92
19
92
19
64
19
63
9
73
9
74
19
94
9
44
9
64
19
64
9
94
9
99
9
94
19
64
9
44
9
74
9
64
9
14
9
74
9
99
0
0
9
64
9
73
9
44
0
60
9
94
9
74
9
64
9
74
9
14
9
94
9
94
9
34
9
64
9
44
9
64
19
31
19
91
19
94
9
64
9
14
9
99
9
99
19
22
19
64
9
14
19
64
9
34
9
74
19
94
9
94
19
94
19
62
19
34
9
64
19
93
9
34
9
44
9
99
9
44
19
94
9
94
19
92
9
99
9
94
9
14
9
99
9
99
9
94
9
99
9
99
19
63
9
44
9
74
19
34
19
64
9
99
19
94
9
44
9
14
9
14
9
34
9
64
9
44
9
74
9
14
19
33
19
93
9
94
9
99
9
74
9
74
19
93
9
94
19
91
9
94
9
14
9
34
9
94
9
44
9
14
9
14
19
33
19
94
19
32
19
64
9
74
9
34
9
44
9
44
19
63
9
44
9
44
9
94
9
64
9
14
0
0
9
44
9
99
19
94
19
34
19
64
9
94
19
34
9
64
9
74
9
74
9
14
9
99
9
64
9
44
9
94
19
63
9
99
9
94
9
74
19
64
9
94
9
64
9
34
19
94
9
44
9
44
0
30
19
34
9
34
19
93
19
63
9
34
9
44
9
34
9
34
9
94
9
44
19
62
9
74
9
34
19
33
9
74
9
94
9
64
9
44
9
74
19
34
9
14
9
74
19
64
9
99
19
93
19
64
9
74
8
85
19
63
19
94
9
74
9
94
19
64
9
74
9
64
9
64
9
14
9
64
9
94
19
94
19
34
9
99
9
64
9
99
9
74
9
99
19
64
9
14
19
93
9
94
19
63
9
14
9
14
9
64
9
64
19
64
19
34
2
39
19
34
8
25
9
14
9
34
9
44
9
14
9
94
9
34
9
74
9
99
9
14
9
64
3
39
19
34
9
14
9
99
19
94
19
64
9
74
0
10
9
44
9
74
19
64
19
34
9
74
9
74
9
99
9
64
9
14
9
64
9
14
9
74
9
44
19
51
9
44
9
99
19
33
9
14
9
34
19
34
9
63
9
94
19
64
9
34
9
14
9
74
9
94
9
64
9
64
19
63
19
34
9
94
9
44
9
44
19
64
9
94
9
64
19
63
9
74
9
74
9
99
9
44
9
34
9
99
19
64
9
14
9
34
19
34
9
64
19
94
9
34
9
64
19
91
19
33
19
62
1
29
9
34
9
44
9
44
9
94
9
99
19
82
9
74
9
14
9
94
9
34
9
99
9
44
19
64
9
14
19
31
9
94
0
50
9
14
19
82
9
14
9
64
3
6
19
94
9
64
9
44
1
49
9
14
9
74
19
31
19
63
9
99
9
44
9
44
19
34
9
44
9
44
9
64
19
94
19
92
9
94
9
14
9
14
9
14
19
34
19
34
9
74
9
74
9
99
19
64
9
14
19
31
9
14
9
44
19
94
9
64
0
10
9
74
9
74
9
74
0
40
9
99
19
93
9
44
9
34
9
64
19
64
9
74
9
34
9
44
19
92
19
34
9
94
19
33
19
64
0
50
19
34
9
99
19
92
9
99
9
44
9
44
9
34
9
94
9
34
9
94
9
99
9
99
19
93
9
34
9
14
9
34
9
74
9
44
19
63
9
94
9
14
19
33
9
74
9
64
9
44
9
64
9
64
9
14
9
99
9
34
9
99
9
14
9
64
19
34
9
99
9
64
19
34
19
63
9
64
9
74
9
44
9
64
9
34
9
14
9
99
9
34
9
14
9
34
9
74
9
67
9
74
9
94
9
94
9
99
9
99
9
74
9
99
9
44
0
90
9
64
19
61
9
74
9
74
19
94
9
44
19
94
9
94
9
14
19
34
9
14
9
34
9
34
19
34
19
64
19
93
19
34
9
99
9
14
9
44
9
14
19
94
9
34
9
94
9
14
9
94
9
14
19
34
9
34
19
63
9
64
9
64
9
14
9
64
19
92
19
93
9
74
9
14
19
63
9
94
9
64
19
91
19
33
9
14
9
14
9
64
3
49
9
64
9
99
1
29
9
14
9
44
19
64
9
74
9
44
19
94
9
44
9
64
19
61
9
94
9
94
9
94
9
34
9
34
9
64
9
74
9
14
19
64
19
34
9
99
9
34
9
64
1
29
19
64
9
94
2
39
3
9
9
78
19
94
9
26
19
61
9
32
19
34
9
64
9
64
19
64
9
44
9
34
9
44
9
44
9
99
0
20
9
99
9
99
19
61
19
64
19
94
9
74
19
94
19
94
9
94
9
34
9
99
9
64
9
74
9
74
9
74
19
64
9
64
19
63
9
74
9
74
19
34
3
59
8
25
9
29
19
64
9
34
9
99
9
14
19
63
9
64
9
44
9
14
9
31
9
94
9
99
9
44
9
74
9
94
19
94
9
64
9
94
9
64
9
99
19
32
19
64
9
44
19
31
2
29
9
64
9
99
9
44
9
44
9
44
9
14
19
61
3
9
9
94
9
34
9
94
9
14
19
34
8
65
9
74
9
74
9
44
19
64
9
74
19
64
9
94
9
34
19
94
19
64
9
44
9
44
19
34
9
34
19
62
9
99
19
64
9
14
9
64
9
74
4
24
19
64
9
14
19
94
9
44
9
34
9
94
9
99
9
64
9
44
9
99
9
14
19
94
9
74
9
64
9
14
9
99
9
14
9
44
9
14
19
31
9
64
9
59
9
14
9
74
9
34
9
99
9
74
9
44
9
64
9
44
9
64
9
44
0
40
9
14
19
34
9
34
9
89
9
94
9
64
19
34
19
34
9
14
9
74
9
74
9
64
19
34
9
99
9
44
9
94
9
44
19
32
9
34
9
44
9
74
9
94
9
94
19
33
9
64
9
14
19
94
2
79
19
34
9
74
9
99
9
64
9
64
19
64
9
64
19
94
9
44
9
14
9
94
9
44
19
64
9
94
9
74
19
94
9
44
9
64
9
64
9
44
9
34
9
14
9
44
19
34
19
34
19
34
9
99
2
99
9
44
9
34
9
94
9
74
9
94
9
34
9
14
9
14
19
94
9
64
9
14
9
34
9
64
9
99
9
64
19
94
19
94
9
34
9
94
9
34
19
34
9
94
9
14
19
62
9
94
9
74
19
93
9
74
1
24
19
34
9
99
9
34
9
14
0
30
9
99
9
14
19
92
9
34
19
34
9
14
9
14
19
33
9
94
19
92
19
33
9
74
9
94
9
34
9
44
9
44
9
14
19
64
9
34
9
94
9
34
19
62
9
94
9
34
4
79
19
94
19
64
19
94
9
74
9
44
19
64
9
99
19
34
9
94
9
74
9
99
19
64
9
94
9
74
9
99
9
64
3
99
9
14
9
34
19
34
19
33
19
33
9
44
1
20
9
64
19
94
9
74
9
94
19
63
19
93
9
44
9
34
19
94
9
44
9
44
19
33
9
14
9
14
19
64
9
99
9
64
19
94
9
94
9
94
9
88
9
74
9
14
9
34
9
64
19
92
19
34
0
2
9
74
19
63
9
64
9
34
1
39
9
34
9
34
9
74
9
44
2
58
9
34
0
60
9
64
9
99
19
94
9
94
9
99
19
63
9
14
9
74
9
44
19
94
9
64
9
94
19
61
9
64
1
89
9
14
9
64
19
94
9
14
19
34
9
94
9
14
9
99
19
81
19
94
19
63
9
28
9
94
19
34
9
74
9
14
9
74
9
14
9
99
9
94
1
98
19
93
19
91
19
93
9
44
9
44
9
94
9
34
9
64
9
94
9
99
9
14
19
94
9
34
9
64
9
99
19
94
19
33
19
63
9
64
19
63
9
74
9
14
9
94
9
14
9
99
9
64
9
14
0
90
9
44
9
94
2
79
19
31
19
94
19
64
19
32
19
32
9
14
9
34
2
49
9
64
9
44
19
33
9
34
19
33
9
94
9
44
19
94
9
34
9
44
19
94
9
64
9
94
9
44
19
63
19
93
9
74
4
89
19
92
1
29
19
63
19
82
9
94
9
56
19
93
9
44
2
9
19
93
9
44
19
34
9
14
9
34
9
64
9
14
19
93
9
99
19
64
19
91
