0
40
3
21
1
5
4
73
2
77
4
9
3
26
1
9
2
74
4
22
4
20
3
93
4
71
4
20
2
50
2
83
4
48
1
47
2
59
3
82
1
97
3
36
4
82
3
70
1
43
4
86
2
35
4
67
0
83
3
96
2
94
1
64
2
23
1
16
0
58
1
58
1
62
4
9
2
18
0
75
3
45
1
58
2
86
3
5
3
33
1
96
2
77
4
46
0
98
0
27
0
13
3
85
0
37
0
13
4
47
1
21
0
60
1
37
0
81
4
24
3
24
3
88
2
9
0
1
0
1
4
52
0
67
1
56
4
19
3
70
4
71
0
69
4
69
1
65
4
82
3
75
1
79
3
86
1
28
3
17
1
88
1
7
0
94
0
5
2
83
1
93
3
84
2
37
1
71
4
71
1
45
0
42
0
74
0
69
3
76
2
36
3
59
4
48
1
83
1
97
4
85
2
47
0
35
4
62
4
58
0
9
0
61
1
95
0
0
4
55
1
73
0
34
0
60
1
83
1
69
2
57
3
62
2
2
1
82
3
81
1
29
3
52
1
33
2
57
1
10
1
70
1
74
0
54
4
3
4
97
2
94
0
22
4
45
1
0
4
46
1
27
3
63
2
74
4
84
3
76
4
41
2
19
3
59
1
72
4
25
4
36
0
99
2
36
3
74
1
87
0
71
2
98
1
87
4
2
1
91
2
92
3
89
4
94
3
94
4
42
4
34
2
68
4
14
2
43
1
93
4
76
0
34
1
1
3
3
2
20
3
54
1
37
0
63
4
6
0
14
2
72
1
84
1
90
2
61
2
61
0
75
2
83
1
70
3
80
1
3
3
26
3
85
3
30
1
4
4
0
4
12
4
79
3
11
2
49
0
62
4
23
0
39
2
37
2
42
3
39
0
34
2
88
3
58
3
1
0
0
4
35
1
96
2
78
4
18
4
45
1
86
3
16
2
53
2
62
4
62
2
4
4
90
4
55
4
31
4
83
2
42
2
92
2
87
2
65
1
47
0
87
3
54
4
28
1
77
3
35
0
38
0
30
2
18
0
27
0
79
0
42
3
23
2
33
2
25
3
26
2
88
4
37
1
41
1
62
4
25
0
12
3
63
0
83
2
57
1
32
1
60
1
16
0
1
1
65
3
48
2
96
0
73
3
46
3
66
1
85
0
47
2
73
4
66
0
83
3
48
4
69
1
55
0
59
1
0
0
54
3
81
2
73
1
16
1
98
4
55
0
91
0
66
3
92
3
46
0
9
0
73
2
83
3
42
1
1
1
3
3
54
1
52
4
46
3
14
2
39
3
14
3
25
3
7
4
29
4
36
0
3
3
88
1
29
0
61
3
91
4
9
4
57
3
34
3
16
3
5
3
90
2
78
1
43
3
67
0
10
2
35
4
68
3
44
3
13
3
66
2
60
0
97
3
52
0
8
0
53
3
0
3
64
0
33
0
51
1
31
3
90
4
12
1
6
3
21
2
16
2
64
1
85
2
49
2
21
2
5
4
60
1
86
0
51
4
52
0
47
4
19
1
80
1
33
2
39
3
44
2
85
3
56
0
44
1
67
4
68
1
96
2
38
2
27
3
91
4
48
0
7
3
27
2
17
3
58
4
77
3
28
1
57
4
70
0
13
1
41
0
23
4
24
3
38
4
34
1
83
3
92
0
82
0
66
0
8
1
83
2
20
4
97
0
37
2
48
4
6
4
10
0
87
0
50
3
4
4
83
1
4
1
58
3
6
1
76
4
53
1
39
1
40
2
3
1
66
3
10
0
42
2
96
0
38
4
39
4
19
1
30
4
38
4
52
4
77
4
71
1
89
4
7
1
5
0
8
3
14
3
15
3
65
2
64
3
96
4
48
1
8
3
10
1
7
3
35
4
78
0
53
0
10
1
68
4
62
2
68
0
40
3
99
0
79
3
38
4
22
0
56
4
45
1
68
0
24
1
36
2
71
4
15
0
82
4
12
3
45
0
50
3
18
3
99
3
71
0
92
4
38
3
33
1
20
4
80
2
28
2
82
3
97
4
96
0
76
3
21
0
6
4
20
3
68
2
34
0
46
0
82
0
4
4
12
2
60
0
53
4
32
2
55
0
59
1
3
1
91
3
25
0
96
2
1
3
54
2
16
0
97
3
55
3
13
2
42
4
52
2
69
2
39
1
52
4
25
4
4
3
99
0
27
3
6
2
23
2
61
3
67
1
60
2
82
3
84
3
99
0
94
4
60
3
99
1
35
0
90
3
53
3
40
4
62
0
66
2
78
3
33
3
74
4
83
2
1
2
17
4
2
2
24
4
23
2
13
2
45
3
72
3
15
1
90
4
8
2
31
4
8
4
77
4
23
3
84
4
5
0
84
4
2
4
13
4
27
1
42
0
58
3
53
3
5
2
59
2
71
0
76
1
68
0
3
0
42
2
81
1
56
4
70
4
12
3
4
0
4
2
57
3
41
3
57
2
91
1
23
3
5
2
37
2
47
2
69
1
38
4
73
0
36
1
57
3
40
1
83
4
89
1
83
3
23
1
25
3
59
1
62
4
7
1
45
1
18
3
94
2
23
2
56
2
20
1
48
4
82
2
32
3
5
2
78
4
78
3
26
4
40
4
32
1
19
4
51
3
53
3
49
3
38
3
21
4
34
4
34
2
90
0
20
4
92
2
97
3
40
4
47
2
77
1
65
2
79
2
74
3
83
2
25
3
92
4
54
3
61
3
69
2
65
1
44
4
57
0
48
4
63
4
63
3
17
3
58
0
25
4
29
1
49
1
23
0
97
2
3
1
42
3
51
1
38
4
1
0
31
1
86
4
90
3
36
2
69
4
81
1
76
2
56
2
83
1
53
2
95
4
11
3
46
3
36
4
10
2
28
3
58
3
99
3
36
4
34
1
31
1
9
1
40
3
2
1
88
4
28
2
83
1
9
1
13
1
65
4
65
4
68
0
35
1
49
0
61
1
45
4
85
3
25
3
75
2
44
1
34
0
39
1
16
0
23
3
41
0
94
1
47
2
8
0
57
1
61
4
24
3
48
2
3
3
76
4
32
0
24
4
82
2
99
1
52
1
37
4
90
2
1
4
79
4
60
2
57
3
0
2
96
2
3
2
32
1
7
3
10
1
53
1
59
4
4
1
68
0
23
3
94
2
68
4
37
4
56
2
31
2
55
2
36
0
40
2
7
3
18
4
27
4
89
2
84
0
55
3
15
4
16
2
1
1
61
1
67
4
59
1
17
2
92
1
35
3
83
1
39
1
11
2
29
0
31
0
61
4
88
0
89
4
12
3
53
4
7
2
78
2
74
1
16
0
69
1
91
4
58
2
52
2
49
4
52
4
78
0
34
2
1
1
88
1
36
2
49
1
86
0
64
3
78
0
34
2
59
4
55
2
34
0
24
3
3
1
38
3
19
2
18
4
17
4
97
2
96
4
36
3
29
1
89
3
60
2
80
2
27
1
5
3
4
4
74
4
51
0
8
3
25
0
52
1
99
4
56
4
74
1
77
4
21
0
83
3
22
4
16
0
88
2
1
1
41
2
88
2
66
0
78
4
62
1
24
4
13
0
99
3
22
0
5
0
30
0
91
4
9
4
71
4
28
4
16
1
7
3
3
0
19
0
85
3
71
0
17
1
63
0
83
2
23
4
32
4
30
0
1
1
45
1
21
3
88
1
27
0
41
4
82
0
29
4
77
2
79
1
49
4
74
1
65
3
35
4
45
4
96
4
14
4
85
0
65
3
91
2
45
0
86
3
66
3
96
3
52
3
97
3
1
4
21
4
16
0
19
0
16
3
34
1
20
3
51
4
76
1
68
0
83
0
45
0
72
1
32
3
28
2
75
4
32
3
36
0
12
4
2
2
0
2
43
1
98
3
50
3
77
2
88
3
83
2
88
1
68
2
2
3
28
0
56
2
71
2
17
0
2
1
66
0
46
2
52
2
29
0
31
4
24
3
28
0
66
2
39
2
58
4
20
0
60
0
55
0
93
3
74
0
85
2
92
0
47
3
2
1
64
4
38
2
76
3
58
2
81
1
40
4
59
1
82
2
6
3
58
1
73
2
2
4
18
3
83
3
5
1
94
1
81
4
76
3
42
0
30
3
86
2
17
4
69
4
9
4
64
2
7
0
99
0
81
1
99
2
72
2
70
0
73
1
34
3
34
2
81
1
26
2
53
0
83
2
97
2
7
1
76
3
29
3
56
4
92
3
75
0
18
0
45
2
52
0
49
4
67
2
4
3
89
3
7
1
98
1
56
2
6
0
90
3
30
2
85
2
72
1
10
1
78
3
44
2
11
3
11
3
7
4
25
2
41
1
56
2
39
0
13
4
23
0
15
0
85
2
37
3
76
1
20
3
31
4
75
0
54
3
81
3
36
3
42
0
77
3
63
4
85
4
71
1
29
0
42
2
84
2
88
1
56
0
73
1
37
2
2
0
79
3
38
4
13
3
6
2
26
0
57
1
6
0
73
1
94
4
47
2
70
