0
40
7
25
5
9
8
77
6
79
8
10
7
29
5
9
6
78
8
26
7
24
7
97
8
75
7
24
5
54
6
87
8
50
5
49
6
59
7
86
5
99
7
39
8
86
6
74
5
47
8
90
6
39
8
70
4
87
7
99
6
98
5
68
6
27
5
19
4
59
5
59
5
66
8
10
6
19
4
79
7
49
5
59
6
89
7
9
7
37
5
99
6
79
8
50
4
99
4
29
4
17
7
89
4
39
4
17
8
50
5
25
0
60
5
39
4
85
8
28
7
28
7
89
6
9
4
5
4
5
8
56
4
69
5
59
8
20
6
74
8
75
4
69
8
70
5
69
8
86
7
79
5
79
7
89
5
29
7
19
5
89
5
9
4
98
4
9
6
87
5
97
7
88
6
39
5
75
8
75
5
49
4
46
4
74
4
69
7
79
6
39
7
59
8
50
5
87
5
99
8
89
6
49
4
39
8
66
8
60
4
9
4
65
5
99
0
0
8
59
5
73
4
38
0
60
5
87
5
69
6
59
7
66
6
6
5
86
7
85
5
29
7
56
5
37
6
59
4
14
4
74
5
78
4
58
8
7
8
99
6
98
4
22
8
49
4
4
8
50
5
29
7
67
6
78
8
88
7
79
8
45
6
19
7
59
5
76
8
29
8
40
4
99
6
39
7
78
5
89
4
75
6
99
5
89
8
6
5
95
6
96
7
89
8
98
7
98
8
46
8
38
6
69
8
18
6
47
5
97
8
80
4
38
5
5
7
7
5
24
7
58
5
39
4
67
8
10
4
18
6
76
5
88
4
94
6
65
6
65
4
79
6
87
4
74
6
84
5
7
7
29
7
89
6
34
5
8
7
4
8
16
8
80
7
15
6
49
4
66
8
27
4
39
6
39
6
46
7
39
4
38
6
89
7
59
7
5
0
0
8
39
5
99
6
79
8
20
8
49
5
89
7
19
6
57
6
66
8
66
6
8
7
94
8
59
8
35
8
87
6
46
6
96
6
89
6
69
5
49
4
89
7
58
8
30
5
79
7
39
4
39
0
30
6
19
4
29
4
79
4
46
7
27
6
37
6
29
7
29
6
89
8
40
5
45
5
66
8
29
4
16
7
67
4
87
6
59
5
36
4
64
5
19
4
5
5
69
7
49
6
99
4
77
7
49
7
69
5
85
4
49
6
77
8
70
4
87
7
49
8
70
5
59
4
59
4
4
4
58
7
85
6
77
5
19
5
99
8
59
4
95
4
69
7
96
7
49
4
9
4
77
6
87
7
46
5
5
5
7
7
58
5
56
8
50
7
18
2
39
7
18
7
25
7
9
8
30
8
40
4
7
7
89
5
29
4
65
7
95
8
10
8
60
3
38
7
19
7
9
6
94
6
79
5
47
7
69
0
10
6
39
8
70
7
48
7
17
7
69
5
64
4
99
7
56
4
9
4
57
6
4
7
68
4
37
4
51
5
35
6
94
8
16
5
9
7
25
6
19
6
64
5
89
6
49
6
25
6
9
7
64
5
89
4
55
8
56
4
49
8
20
4
84
5
37
6
39
7
48
6
89
7
59
4
48
5
69
8
70
5
99
6
39
6
29
7
95
8
50
4
9
7
29
6
19
7
59
8
80
7
29
5
59
7
74
4
17
5
45
1
27
8
28
7
39
8
38
5
87
7
96
4
82
4
69
4
9
5
87
5
24
8
99
4
39
6
49
8
10
7
14
4
89
0
50
7
8
8
83
5
8
5
59
3
6
5
79
8
57
5
39
1
44
6
7
5
69
6
14
4
46
6
99
4
39
8
40
8
20
4
34
8
40
8
56
8
80
8
75
5
89
8
10
5
9
4
9
7
18
7
19
7
69
6
68
7
99
8
50
5
9
6
14
5
9
7
39
8
80
4
57
0
10
5
69
8
66
6
69
0
40
7
99
4
79
7
39
8
26
4
59
8
49
5
69
4
28
5
39
6
75
8
19
4
86
8
16
7
49
0
50
7
19
7
99
7
75
4
96
8
40
7
37
4
24
7
84
6
29
6
86
7
99
8
99
4
79
7
25
4
9
7
24
7
69
6
38
4
49
4
86
4
8
8
16
5
64
4
57
8
36
6
59
4
59
5
7
5
95
7
29
4
99
6
5
7
58
6
19
4
99
7
59
7
17
6
46
8
56
6
69
6
39
5
56
8
29
8
8
7
99
4
29
7
9
6
27
6
65
7
67
4
64
6
86
7
88
7
99
4
98
7
64
7
99
5
39
0
90
7
57
6
44
8
66
4
69
6
79
7
37
7
78
8
87
6
5
6
19
8
6
6
28
8
27
6
17
6
49
7
76
7
19
4
94
8
10
6
35
8
10
8
80
8
27
7
88
8
9
4
88
8
6
8
17
8
30
5
46
4
59
7
57
7
9
6
59
6
75
4
79
5
69
4
7
4
46
6
85
5
59
7
74
8
16
7
8
4
8
6
59
3
45
7
59
6
95
1
27
7
9
6
39
6
49
6
69
5
39
8
77
4
39
5
59
6
44
5
87
8
90
5
87
7
27
5
29
7
59
5
66
8
10
5
49
5
19
7
98
6
27
6
59
1
24
5
49
8
86
2
36
3
9
6
78
8
80
7
26
7
44
8
32
5
19
8
55
7
57
7
49
7
39
7
25
8
38
8
38
5
94
0
20
8
96
6
99
6
44
8
50
6
79
5
69
6
79
6
78
7
87
6
29
7
96
8
58
7
65
7
69
6
69
5
48
8
60
4
49
8
67
8
67
7
19
3
59
4
25
8
29
5
49
5
27
4
99
6
7
5
46
7
55
5
39
8
5
4
31
5
89
7
94
7
39
6
69
8
85
5
79
6
59
6
87
5
57
6
99
8
15
7
49
7
39
7
14
2
29
7
59
7
99
7
39
8
38
5
35
5
9
4
44
3
6
5
89
8
30
6
87
5
9
5
17
5
65
8
69
8
70
4
39
5
49
4
65
5
49
8
89
7
29
7
79
6
48
5
38
4
39
5
19
4
27
7
45
4
98
5
49
6
9
4
59
5
65
4
24
7
49
6
7
7
79
8
36
4
28
8
86
6
99
5
56
5
39
7
94
6
5
8
80
7
64
6
59
6
4
6
99
6
7
6
36
5
9
6
14
5
57
5
59
8
8
5
69
4
27
7
98
6
69
8
40
8
60
6
35
6
59
6
39
0
40
6
9
7
19
8
30
8
89
6
88
4
59
7
19
8
20
6
5
5
65
5
69
8
60
5
19
6
96
5
39
7
87
5
39
5
15
6
29
4
35
4
65
8
90
4
89
8
16
7
57
8
10
6
79
2
78
5
19
4
69
5
95
8
60
6
56
6
49
8
56
8
80
4
38
6
5
5
89
5
39
6
49
5
89
4
68
7
79
4
38
6
59
8
59
6
38
4
28
7
7
5
39
7
19
6
19
8
20
8
99
2
99
8
40
7
29
5
89
6
64
5
84
6
29
5
9
7
8
8
78
8
55
4
9
7
29
4
56
5
99
8
60
8
78
5
79
8
25
4
87
7
26
8
20
4
89
6
5
5
45
6
89
6
69
4
79
8
66
1
24
8
17
4
99
7
26
4
9
0
30
4
95
8
10
8
75
8
30
8
20
5
9
7
7
4
19
4
89
7
75
4
19
5
67
4
87
6
27
8
36
7
34
4
5
5
49
5
25
7
89
5
29
4
45
8
86
4
29
4
79
6
79
5
49
8
78
5
69
7
39
8
49
8
99
8
18
8
89
4
69
7
95
6
49
4
89
7
69
7
99
7
56
3
99
7
5
8
25
8
20
4
19
4
19
7
38
1
20
7
55
8
80
5
69
4
87
4
49
4
76
5
36
7
29
6
79
8
36
7
39
4
16
8
6
5
4
6
47
5
99
6
54
7
79
6
89
7
87
6
88
5
69
6
6
7
29
4
59
6
75
6
19
0
2
5
69
4
49
6
56
6
29
1
35
8
28
7
29
4
69
6
39
2
58
7
24
0
60
4
59
4
97
7
78
4
89
6
96
4
49
7
6
5
68
8
40
6
79
7
59
6
85
4
44
8
60
1
86
6
9
7
59
5
77
6
6
8
20
7
87
7
9
5
98
5
81
8
80
7
46
3
28
7
89
6
19
8
70
8
10
8
68
6
9
4
99
4
85
1
98
6
76
5
74
4
77
5
38
7
38
6
85
5
29
6
57
4
87
6
99
6
9
5
79
7
29
7
59
8
96
7
79
4
19
4
49
6
56
4
49
8
70
6
8
7
89
7
9
5
99
5
59
6
9
0
90
6
34
6
89
2
76
4
14
5
79
7
48
6
15
7
15
7
9
8
29
2
45
5
59
6
39
4
17
8
27
4
19
4
89
6
39
7
79
4
24
7
35
8
79
4
58
7
85
7
39
7
46
4
79
7
67
4
89
8
75
1
29
4
46
6
84
6
89
5
56
4
77
5
39
2
6
4
79
7
39
8
17
7
9
6
29
4
59
5
9
4
77
5
98
8
50
5
74
