0
40
9
34
9
14
15
87
16
88
9
14
9
34
9
14
16
88
9
34
9
34
9
99
13
85
9
34
9
64
9
94
18
60
15
57
9
64
9
94
9
99
9
44
9
94
12
84
15
57
9
94
9
44
9
74
9
94
9
99
9
99
9
74
9
34
15
27
9
64
9
64
9
74
9
14
16
28
14
86
17
59
9
64
9
94
9
14
9
44
9
99
16
88
18
60
9
99
9
34
14
26
9
94
9
44
14
26
18
60
9
34
0
60
9
44
9
94
9
34
9
34
9
94
9
14
9
14
9
14
9
64
9
74
9
64
18
30
12
84
13
85
9
74
9
74
9
74
9
94
17
89
15
87
9
94
9
34
17
29
9
94
9
14
9
99
9
14
9
94
9
99
9
94
9
44
13
85
13
85
15
57
14
56
9
73
9
74
17
89
9
44
9
64
18
60
9
94
9
99
9
94
16
58
9
44
9
74
9
64
9
14
9
74
9
99
0
0
9
64
9
73
9
44
0
60
9
94
9
74
9
64
9
74
9
14
9
94
9
94
9
34
9
64
9
44
9
64
12
24
12
84
15
87
9
64
9
14
9
99
9
99
14
22
17
59
9
14
18
60
9
34
9
74
16
88
9
94
17
89
13
55
16
28
9
64
14
86
9
34
9
44
9
99
9
44
16
88
9
94
13
85
9
99
9
94
9
14
9
99
9
99
9
94
9
99
9
99
14
56
9
44
9
74
16
28
15
57
9
99
18
90
9
44
9
14
9
14
9
34
9
64
9
44
9
74
9
14
14
26
14
86
9
94
9
99
9
74
9
74
14
86
9
94
12
84
9
94
9
14
9
34
9
94
9
44
9
14
9
14
14
26
18
90
13
25
16
58
9
74
9
34
9
44
9
44
14
56
9
44
9
44
9
94
9
64
9
14
0
0
9
44
9
99
16
88
18
30
17
59
9
94
17
29
9
64
9
74
9
74
9
14
9
99
9
64
9
44
9
94
14
56
9
99
9
94
9
74
15
57
9
94
9
64
9
34
15
87
9
44
9
44
0
30
16
28
9
34
14
86
14
56
9
34
9
44
9
34
9
34
9
94
9
44
13
55
9
74
9
34
14
26
9
74
9
94
9
64
9
44
9
74
15
27
9
14
9
74
17
59
9
99
14
86
17
59
9
74
8
85
14
56
15
87
9
74
9
94
17
59
9
74
9
64
9
64
9
14
9
64
9
94
15
87
15
27
9
99
9
64
9
99
9
74
9
99
17
59
9
14
14
86
9
94
14
56
9
14
9
14
9
64
9
64
18
60
16
28
2
39
16
28
8
25
9
14
9
34
9
44
9
14
9
94
9
34
9
74
9
99
9
14
9
64
3
39
17
29
9
14
9
99
16
88
15
57
9
74
0
10
9
44
9
74
16
58
15
27
9
74
9
74
9
99
9
64
9
14
9
64
9
14
9
74
9
44
14
51
9
44
9
99
14
26
9
14
9
34
16
28
9
63
9
94
16
58
9
34
9
14
9
74
9
94
9
64
9
64
14
56
18
30
9
94
9
44
9
44
16
58
9
94
9
64
14
56
9
74
9
74
9
99
9
44
9
34
9
99
18
60
9
14
9
34
16
28
9
64
18
90
9
34
9
64
12
84
14
26
13
55
1
29
9
34
9
44
9
44
9
94
9
99
14
82
9
74
9
14
9
94
9
34
9
99
9
44
16
58
9
14
12
24
9
94
0
50
9
14
18
82
9
14
9
64
3
6
15
87
9
64
9
44
1
49
9
14
9
74
12
24
14
56
9
99
9
44
9
44
18
30
9
44
9
44
9
64
18
90
13
85
9
94
9
14
9
14
9
14
16
28
17
29
9
74
9
74
9
99
18
60
9
14
12
24
9
14
9
44
18
90
9
64
0
10
9
74
9
74
9
74
0
40
9
99
14
86
9
44
9
34
9
64
17
59
9
74
9
34
9
44
13
85
17
29
9
94
14
26
17
59
0
50
17
29
9
99
13
85
9
99
9
44
9
44
9
34
9
94
9
34
9
94
9
99
9
99
14
86
9
34
9
14
9
34
9
74
9
44
14
56
9
94
9
14
14
26
9
74
9
64
9
44
9
64
9
64
9
14
9
99
9
34
9
99
9
14
9
64
16
28
9
99
9
64
15
27
14
56
9
64
9
74
9
44
9
64
9
34
9
14
9
99
9
34
9
14
9
34
9
74
9
67
9
74
9
94
9
94
9
99
9
99
9
74
9
99
9
44
0
90
9
64
12
54
9
74
9
74
16
88
9
44
16
88
9
94
9
14
16
28
9
14
9
34
9
34
15
27
16
58
14
86
17
29
9
99
9
14
9
44
9
14
18
90
9
34
9
94
9
14
9
94
9
14
15
27
9
34
14
56
9
64
9
64
9
14
9
64
13
85
14
86
9
74
9
14
14
56
9
94
9
64
12
84
14
26
9
14
9
14
9
64
3
49
9
64
9
99
1
29
9
14
9
44
16
58
9
74
9
44
15
87
9
44
9
64
12
54
9
94
9
94
9
94
9
34
9
34
9
64
9
74
9
14
15
57
15
27
9
99
9
34
9
64
1
29
15
57
9
94
2
39
3
9
9
78
18
90
9
26
12
54
9
32
15
27
9
64
9
64
17
59
9
44
9
34
9
44
9
44
9
99
0
20
9
99
9
99
12
54
18
60
16
88
9
74
16
88
16
88
9
94
9
34
9
99
9
64
9
74
9
74
9
74
15
57
9
64
14
56
9
74
9
74
17
29
3
59
8
25
9
29
15
57
9
34
9
99
9
14
14
56
9
64
9
44
9
14
9
31
9
94
9
99
9
44
9
74
9
94
15
87
9
64
9
94
9
64
9
99
13
25
17
59
9
44
12
24
2
29
9
64
9
99
9
44
9
44
9
44
9
14
12
54
3
9
9
94
9
34
9
94
9
14
15
27
8
65
9
74
9
74
9
44
15
57
9
74
15
57
9
94
9
34
17
89
16
58
9
44
9
44
15
27
9
34
13
55
9
99
15
57
9
14
9
64
9
74
4
24
17
59
9
14
17
89
9
44
9
34
9
94
9
99
9
64
9
44
9
99
9
14
18
90
9
74
9
64
9
14
9
99
9
14
9
44
9
14
12
24
9
64
9
59
9
14
9
74
9
34
9
99
9
74
9
44
9
64
9
44
9
64
9
44
0
40
9
14
17
29
9
34
9
89
9
94
9
64
17
29
18
30
9
14
9
74
9
74
9
64
15
27
9
99
9
44
9
94
9
44
13
25
9
34
9
44
9
74
9
94
9
94
14
26
9
64
9
14
16
88
2
79
15
27
9
74
9
99
9
64
9
64
16
58
9
64
18
90
9
44
9
14
9
94
9
44
16
58
9
94
9
74
17
89
9
44
9
64
9
64
9
44
9
34
9
14
9
44
17
29
16
28
18
30
9
99
2
99
9
44
9
34
9
94
9
74
9
94
9
34
9
14
9
14
16
88
9
64
9
14
9
34
9
64
9
99
9
64
16
88
15
87
9
34
9
94
9
34
18
30
9
94
9
14
13
55
9
94
9
74
14
86
9
74
1
24
15
27
9
99
9
34
9
14
0
30
9
99
9
14
13
85
9
34
18
30
9
14
9
14
14
26
9
94
13
85
14
26
9
74
9
94
9
34
9
44
9
44
9
14
15
57
9
34
9
94
9
34
13
55
9
94
9
34
4
79
16
88
15
57
16
88
9
74
9
44
17
59
9
99
16
28
9
94
9
74
9
99
16
58
9
94
9
74
9
99
9
64
3
99
9
14
9
34
18
30
14
26
14
26
9
44
1
20
9
64
18
90
9
74
9
94
14
56
14
86
9
44
9
34
16
88
9
44
9
44
14
26
9
14
9
14
15
57
9
99
9
64
17
89
9
94
9
94
9
88
9
74
9
14
9
34
9
64
13
85
16
28
0
2
9
74
14
56
9
64
9
34
1
39
9
34
9
34
9
74
9
44
2
58
9
34
0
60
9
64
9
99
16
88
9
94
9
99
14
56
9
14
9
74
9
44
16
88
9
64
9
94
12
54
9
64
1
89
9
14
9
64
15
87
9
14
18
30
9
94
9
14
9
99
15
81
18
90
14
56
9
28
9
94
16
28
9
74
9
14
9
74
9
14
9
99
9
94
1
98
14
86
12
84
14
86
9
44
9
44
9
94
9
34
9
64
9
94
9
99
9
14
15
87
9
34
9
64
9
99
17
89
14
26
14
56
9
64
14
56
9
74
9
14
9
94
9
14
9
99
9
64
9
14
0
90
9
44
9
94
2
79
12
24
15
87
16
58
13
25
13
25
9
14
9
34
2
49
9
64
9
44
14
26
9
34
14
26
9
94
9
44
17
89
9
34
9
44
17
89
9
64
9
94
9
44
14
56
14
86
9
74
4
89
13
85
1
29
14
56
16
82
9
94
9
56
14
86
9
44
2
9
14
86
9
44
15
27
9
14
9
34
9
64
9
14
14
86
9
99
18
60
12
84
