0
40
9
34
9
14
17
89
18
90
9
14
9
34
9
14
18
90
9
34
9
34
9
99
15
87
9
34
9
64
9
94
19
62
17
59
9
64
9
94
9
99
9
44
9
94
14
86
17
59
9
94
9
44
9
74
9
94
9
99
9
99
9
74
9
34
17
29
9
64
9
64
9
74
9
14
18
30
16
88
19
61
9
64
9
94
9
14
9
44
9
99
18
90
19
62
9
99
9
34
16
28
9
94
9
44
16
28
19
62
9
34
0
60
9
44
9
94
9
34
9
34
9
94
9
14
9
14
9
14
9
64
9
74
9
64
19
32
14
86
15
87
9
74
9
74
9
74
9
94
19
91
17
89
9
94
9
34
19
31
9
94
9
14
9
99
9
14
9
94
9
99
9
94
9
44
15
87
15
87
17
59
16
58
9
73
9
74
19
91
9
44
9
64
19
62
9
94
9
99
9
94
18
60
9
44
9
74
9
64
9
14
9
74
9
99
0
0
9
64
9
73
9
44
0
60
9
94
9
74
9
64
9
74
9
14
9
94
9
94
9
34
9
64
9
44
9
64
14
26
14
86
17
89
9
64
9
14
9
99
9
99
16
22
19
61
9
14
19
62
9
34
9
74
18
90
9
94
19
91
15
57
18
30
9
64
16
88
9
34
9
44
9
99
9
44
18
90
9
94
15
87
9
99
9
94
9
14
9
99
9
99
9
94
9
99
9
99
16
58
9
44
9
74
18
30
17
59
9
99
19
92
9
44
9
14
9
14
9
34
9
64
9
44
9
74
9
14
16
28
16
88
9
94
9
99
9
74
9
74
16
88
9
94
14
86
9
94
9
14
9
34
9
94
9
44
9
14
9
14
16
28
19
92
15
27
18
60
9
74
9
34
9
44
9
44
16
58
9
44
9
44
9
94
9
64
9
14
0
0
9
44
9
99
18
90
19
32
19
61
9
94
19
31
9
64
9
74
9
74
9
14
9
99
9
64
9
44
9
94
16
58
9
99
9
94
9
74
17
59
9
94
9
64
9
34
17
89
9
44
9
44
0
30
18
30
9
34
16
88
16
58
9
34
9
44
9
34
9
34
9
94
9
44
15
57
9
74
9
34
16
28
9
74
9
94
9
64
9
44
9
74
17
29
9
14
9
74
19
61
9
99
16
88
19
61
9
74
8
85
16
58
17
89
9
74
9
94
19
61
9
74
9
64
9
64
9
14
9
64
9
94
17
89
17
29
9
99
9
64
9
99
9
74
9
99
19
61
9
14
16
88
9
94
16
58
9
14
9
14
9
64
9
64
19
62
18
30
2
39
18
30
8
25
9
14
9
34
9
44
9
14
9
94
9
34
9
74
9
99
9
14
9
64
3
39
19
31
9
14
9
99
18
90
17
59
9
74
0
10
9
44
9
74
18
60
17
29
9
74
9
74
9
99
9
64
9
14
9
64
9
14
9
74
9
44
16
51
9
44
9
99
16
28
9
14
9
34
18
30
9
63
9
94
18
60
9
34
9
14
9
74
9
94
9
64
9
64
16
58
19
32
9
94
9
44
9
44
18
60
9
94
9
64
16
58
9
74
9
74
9
99
9
44
9
34
9
99
19
62
9
14
9
34
18
30
9
64
19
92
9
34
9
64
14
86
16
28
15
57
1
29
9
34
9
44
9
44
9
94
9
99
16
82
9
74
9
14
9
94
9
34
9
99
9
44
18
60
9
14
14
26
9
94
0
50
9
14
19
82
9
14
9
64
3
6
17
89
9
64
9
44
1
49
9
14
9
74
14
26
16
58
9
99
9
44
9
44
19
32
9
44
9
44
9
64
19
92
15
87
9
94
9
14
9
14
9
14
18
30
19
31
9
74
9
74
9
99
19
62
9
14
14
26
9
14
9
44
19
92
9
64
0
10
9
74
9
74
9
74
0
40
9
99
16
88
9
44
9
34
9
64
19
61
9
74
9
34
9
44
15
87
19
31
9
94
16
28
19
61
0
50
19
31
9
99
15
87
9
99
9
44
9
44
9
34
9
94
9
34
9
94
9
99
9
99
16
88
9
34
9
14
9
34
9
74
9
44
16
58
9
94
9
14
16
28
9
74
9
64
9
44
9
64
9
64
9
14
9
99
9
34
9
99
9
14
9
64
18
30
9
99
9
64
17
29
16
58
9
64
9
74
9
44
9
64
9
34
9
14
9
99
9
34
9
14
9
34
9
74
9
67
9
74
9
94
9
94
9
99
9
99
9
74
9
99
9
44
0
90
9
64
14
56
9
74
9
74
18
90
9
44
18
90
9
94
9
14
18
30
9
14
9
34
9
34
17
29
18
60
16
88
19
31
9
99
9
14
9
44
9
14
19
92
9
34
9
94
9
14
9
94
9
14
17
29
9
34
16
58
9
64
9
64
9
14
9
64
15
87
16
88
9
74
9
14
16
58
9
94
9
64
14
86
16
28
9
14
9
14
9
64
3
49
9
64
9
99
1
29
9
14
9
44
18
60
9
74
9
44
17
89
9
44
9
64
14
56
9
94
9
94
9
94
9
34
9
34
9
64
9
74
9
14
17
59
17
29
9
99
9
34
9
64
1
29
17
59
9
94
2
39
3
9
9
78
19
92
9
26
14
56
9
32
17
29
9
64
9
64
19
61
9
44
9
34
9
44
9
44
9
99
0
20
9
99
9
99
14
56
19
62
18
90
9
74
18
90
18
90
9
94
9
34
9
99
9
64
9
74
9
74
9
74
17
59
9
64
16
58
9
74
9
74
19
31
3
59
8
25
9
29
17
59
9
34
9
99
9
14
16
58
9
64
9
44
9
14
9
31
9
94
9
99
9
44
9
74
9
94
17
89
9
64
9
94
9
64
9
99
15
27
19
61
9
44
14
26
2
29
9
64
9
99
9
44
9
44
9
44
9
14
14
56
3
9
9
94
9
34
9
94
9
14
17
29
8
65
9
74
9
74
9
44
17
59
9
74
17
59
9
94
9
34
19
91
18
60
9
44
9
44
17
29
9
34
15
57
9
99
17
59
9
14
9
64
9
74
4
24
19
61
9
14
19
91
9
44
9
34
9
94
9
99
9
64
9
44
9
99
9
14
19
92
9
74
9
64
9
14
9
99
9
14
9
44
9
14
14
26
9
64
9
59
9
14
9
74
9
34
9
99
9
74
9
44
9
64
9
44
9
64
9
44
0
40
9
14
19
31
9
34
9
89
9
94
9
64
19
31
19
32
9
14
9
74
9
74
9
64
17
29
9
99
9
44
9
94
9
44
15
27
9
34
9
44
9
74
9
94
9
94
16
28
9
64
9
14
18
90
2
79
17
29
9
74
9
99
9
64
9
64
18
60
9
64
19
92
9
44
9
14
9
94
9
44
18
60
9
94
9
74
19
91
9
44
9
64
9
64
9
44
9
34
9
14
9
44
19
31
18
30
19
32
9
99
2
99
9
44
9
34
9
94
9
74
9
94
9
34
9
14
9
14
18
90
9
64
9
14
9
34
9
64
9
99
9
64
18
90
17
89
9
34
9
94
9
34
19
32
9
94
9
14
15
57
9
94
9
74
16
88
9
74
1
24
17
29
9
99
9
34
9
14
0
30
9
99
9
14
15
87
9
34
19
32
9
14
9
14
16
28
9
94
15
87
16
28
9
74
9
94
9
34
9
44
9
44
9
14
17
59
9
34
9
94
9
34
15
57
9
94
9
34
4
79
18
90
17
59
18
90
9
74
9
44
19
61
9
99
18
30
9
94
9
74
9
99
18
60
9
94
9
74
9
99
9
64
3
99
9
14
9
34
19
32
16
28
16
28
9
44
1
20
9
64
19
92
9
74
9
94
16
58
16
88
9
44
9
34
18
90
9
44
9
44
16
28
9
14
9
14
17
59
9
99
9
64
19
91
9
94
9
94
9
88
9
74
9
14
9
34
9
64
15
87
18
30
0
2
9
74
16
58
9
64
9
34
1
39
9
34
9
34
9
74
9
44
2
58
9
34
0
60
9
64
9
99
18
90
9
94
9
99
16
58
9
14
9
74
9
44
18
90
9
64
9
94
14
56
9
64
1
89
9
14
9
64
17
89
9
14
19
32
9
94
9
14
9
99
17
81
19
92
16
58
9
28
9
94
18
30
9
74
9
14
9
74
9
14
9
99
9
94
1
98
16
88
14
86
16
88
9
44
9
44
9
94
9
34
9
64
9
94
9
99
9
14
17
89
9
34
9
64
9
99
19
91
16
28
16
58
9
64
16
58
9
74
9
14
9
94
9
14
9
99
9
64
9
14
0
90
9
44
9
94
2
79
14
26
17
89
18
60
15
27
15
27
9
14
9
34
2
49
9
64
9
44
16
28
9
34
16
28
9
94
9
44
19
91
9
34
9
44
19
91
9
64
9
94
9
44
16
58
16
88
9
74
4
89
15
87
1
29
16
58
18
82
9
94
9
56
16
88
9
44
2
9
16
88
9
44
17
29
9
14
9
34
9
64
9
14
16
88
9
99
19
62
14
86
