0
40
9
34
9
14
16
88
17
89
9
14
9
34
9
14
17
89
9
34
9
34
9
99
14
86
9
34
9
64
9
94
19
61
16
58
9
64
9
94
9
99
9
44
9
94
13
85
16
58
9
94
9
44
9
74
9
94
9
99
9
99
9
74
9
34
16
28
9
64
9
64
9
74
9
14
17
29
15
87
18
60
9
64
9
94
9
14
9
44
9
99
17
89
19
61
9
99
9
34
15
27
9
94
9
44
15
27
19
61
9
34
0
60
9
44
9
94
9
34
9
34
9
94
9
14
9
14
9
14
9
64
9
74
9
64
19
31
13
85
14
86
9
74
9
74
9
74
9
94
18
90
16
88
9
94
9
34
18
30
9
94
9
14
9
99
9
14
9
94
9
99
9
94
9
44
14
86
14
86
16
58
15
57
9
73
9
74
18
90
9
44
9
64
19
61
9
94
9
99
9
94
17
59
9
44
9
74
9
64
9
14
9
74
9
99
0
0
9
64
9
73
9
44
0
60
9
94
9
74
9
64
9
74
9
14
9
94
9
94
9
34
9
64
9
44
9
64
13
25
13
85
16
88
9
64
9
14
9
99
9
99
15
22
18
60
9
14
19
61
9
34
9
74
17
89
9
94
18
90
14
56
17
29
9
64
15
87
9
34
9
44
9
99
9
44
17
89
9
94
14
86
9
99
9
94
9
14
9
99
9
99
9
94
9
99
9
99
15
57
9
44
9
74
17
29
16
58
9
99
19
91
9
44
9
14
9
14
9
34
9
64
9
44
9
74
9
14
15
27
15
87
9
94
9
99
9
74
9
74
15
87
9
94
13
85
9
94
9
14
9
34
9
94
9
44
9
14
9
14
15
27
19
91
14
26
17
59
9
74
9
34
9
44
9
44
15
57
9
44
9
44
9
94
9
64
9
14
0
0
9
44
9
99
17
89
19
31
18
60
9
94
18
30
9
64
9
74
9
74
9
14
9
99
9
64
9
44
9
94
15
57
9
99
9
94
9
74
16
58
9
94
9
64
9
34
16
88
9
44
9
44
0
30
17
29
9
34
15
87
15
57
9
34
9
44
9
34
9
34
9
94
9
44
14
56
9
74
9
34
15
27
9
74
9
94
9
64
9
44
9
74
16
28
9
14
9
74
18
60
9
99
15
87
18
60
9
74
8
85
15
57
16
88
9
74
9
94
18
60
9
74
9
64
9
64
9
14
9
64
9
94
16
88
16
28
9
99
9
64
9
99
9
74
9
99
18
60
9
14
15
87
9
94
15
57
9
14
9
14
9
64
9
64
19
61
17
29
2
39
17
29
8
25
9
14
9
34
9
44
9
14
9
94
9
34
9
74
9
99
9
14
9
64
3
39
18
30
9
14
9
99
17
89
16
58
9
74
0
10
9
44
9
74
17
59
16
28
9
74
9
74
9
99
9
64
9
14
9
64
9
14
9
74
9
44
15
51
9
44
9
99
15
27
9
14
9
34
17
29
9
63
9
94
17
59
9
34
9
14
9
74
9
94
9
64
9
64
15
57
19
31
9
94
9
44
9
44
17
59
9
94
9
64
15
57
9
74
9
74
9
99
9
44
9
34
9
99
19
61
9
14
9
34
17
29
9
64
19
91
9
34
9
64
13
85
15
27
14
56
1
29
9
34
9
44
9
44
9
94
9
99
15
82
9
74
9
14
9
94
9
34
9
99
9
44
17
59
9
14
13
25
9
94
0
50
9
14
19
82
9
14
9
64
3
6
16
88
9
64
9
44
1
49
9
14
9
74
13
25
15
57
9
99
9
44
9
44
19
31
9
44
9
44
9
64
19
91
14
86
9
94
9
14
9
14
9
14
17
29
18
30
9
74
9
74
9
99
19
61
9
14
13
25
9
14
9
44
19
91
9
64
0
10
9
74
9
74
9
74
0
40
9
99
15
87
9
44
9
34
9
64
18
60
9
74
9
34
9
44
14
86
18
30
9
94
15
27
18
60
0
50
18
30
9
99
14
86
9
99
9
44
9
44
9
34
9
94
9
34
9
94
9
99
9
99
15
87
9
34
9
14
9
34
9
74
9
44
15
57
9
94
9
14
15
27
9
74
9
64
9
44
9
64
9
64
9
14
9
99
9
34
9
99
9
14
9
64
17
29
9
99
9
64
16
28
15
57
9
64
9
74
9
44
9
64
9
34
9
14
9
99
9
34
9
14
9
34
9
74
9
67
9
74
9
94
9
94
9
99
9
99
9
74
9
99
9
44
0
90
9
64
13
55
9
74
9
74
17
89
9
44
17
89
9
94
9
14
17
29
9
14
9
34
9
34
16
28
17
59
15
87
18
30
9
99
9
14
9
44
9
14
19
91
9
34
9
94
9
14
9
94
9
14
16
28
9
34
15
57
9
64
9
64
9
14
9
64
14
86
15
87
9
74
9
14
15
57
9
94
9
64
13
85
15
27
9
14
9
14
9
64
3
49
9
64
9
99
1
29
9
14
9
44
17
59
9
74
9
44
16
88
9
44
9
64
13
55
9
94
9
94
9
94
9
34
9
34
9
64
9
74
9
14
16
58
16
28
9
99
9
34
9
64
1
29
16
58
9
94
2
39
3
9
9
78
19
91
9
26
13
55
9
32
16
28
9
64
9
64
18
60
9
44
9
34
9
44
9
44
9
99
0
20
9
99
9
99
13
55
19
61
17
89
9
74
17
89
17
89
9
94
9
34
9
99
9
64
9
74
9
74
9
74
16
58
9
64
15
57
9
74
9
74
18
30
3
59
8
25
9
29
16
58
9
34
9
99
9
14
15
57
9
64
9
44
9
14
9
31
9
94
9
99
9
44
9
74
9
94
16
88
9
64
9
94
9
64
9
99
14
26
18
60
9
44
13
25
2
29
9
64
9
99
9
44
9
44
9
44
9
14
13
55
3
9
9
94
9
34
9
94
9
14
16
28
8
65
9
74
9
74
9
44
16
58
9
74
16
58
9
94
9
34
18
90
17
59
9
44
9
44
16
28
9
34
14
56
9
99
16
58
9
14
9
64
9
74
4
24
18
60
9
14
18
90
9
44
9
34
9
94
9
99
9
64
9
44
9
99
9
14
19
91
9
74
9
64
9
14
9
99
9
14
9
44
9
14
13
25
9
64
9
59
9
14
9
74
9
34
9
99
9
74
9
44
9
64
9
44
9
64
9
44
0
40
9
14
18
30
9
34
9
89
9
94
9
64
18
30
19
31
9
14
9
74
9
74
9
64
16
28
9
99
9
44
9
94
9
44
14
26
9
34
9
44
9
74
9
94
9
94
15
27
9
64
9
14
17
89
2
79
16
28
9
74
9
99
9
64
9
64
17
59
9
64
19
91
9
44
9
14
9
94
9
44
17
59
9
94
9
74
18
90
9
44
9
64
9
64
9
44
9
34
9
14
9
44
18
30
17
29
19
31
9
99
2
99
9
44
9
34
9
94
9
74
9
94
9
34
9
14
9
14
17
89
9
64
9
14
9
34
9
64
9
99
9
64
17
89
16
88
9
34
9
94
9
34
19
31
9
94
9
14
14
56
9
94
9
74
15
87
9
74
1
24
16
28
9
99
9
34
9
14
0
30
9
99
9
14
14
86
9
34
19
31
9
14
9
14
15
27
9
94
14
86
15
27
9
74
9
94
9
34
9
44
9
44
9
14
16
58
9
34
9
94
9
34
14
56
9
94
9
34
4
79
17
89
16
58
17
89
9
74
9
44
18
60
9
99
17
29
9
94
9
74
9
99
17
59
9
94
9
74
9
99
9
64
3
99
9
14
9
34
19
31
15
27
15
27
9
44
1
20
9
64
19
91
9
74
9
94
15
57
15
87
9
44
9
34
17
89
9
44
9
44
15
27
9
14
9
14
16
58
9
99
9
64
18
90
9
94
9
94
9
88
9
74
9
14
9
34
9
64
14
86
17
29
0
2
9
74
15
57
9
64
9
34
1
39
9
34
9
34
9
74
9
44
2
58
9
34
0
60
9
64
9
99
17
89
9
94
9
99
15
57
9
14
9
74
9
44
17
89
9
64
9
94
13
55
9
64
1
89
9
14
9
64
16
88
9
14
19
31
9
94
9
14
9
99
16
81
19
91
15
57
9
28
9
94
17
29
9
74
9
14
9
74
9
14
9
99
9
94
1
98
15
87
13
85
15
87
9
44
9
44
9
94
9
34
9
64
9
94
9
99
9
14
16
88
9
34
9
64
9
99
18
90
15
27
15
57
9
64
15
57
9
74
9
14
9
94
9
14
9
99
9
64
9
14
0
90
9
44
9
94
2
79
13
25
16
88
17
59
14
26
14
26
9
14
9
34
2
49
9
64
9
44
15
27
9
34
15
27
9
94
9
44
18
90
9
34
9
44
18
90
9
64
9
94
9
44
15
57
15
87
9
74
4
89
14
86
1
29
15
57
17
82
9
94
9
56
15
87
9
44
2
9
15
87
9
44
16
28
9
14
9
34
9
64
9
14
15
87
9
99
19
61
13
85
